{
  "acoustic_entropy": 222.2320098876953,
  "bands": [
    {
      "high_freq": 148.1999969482422,
      "loudness": -20.05792808532715,
      "loudness_range": 16.00543212890625,
      "mid_mean": -16.537321090698242,
      "mid_to_side_loudness": -23.483810424804688,
      "mid_to_side_loudness_range": 27.616107940673828,
      "side_mean": -40.5113525390625
    },
    {
      "high_freq": 392.3793640136719,
      "loudness": -19.340126037597656,
      "loudness_range": 7.193673133850098,
      "low_freq": 148.1999969482422,
      "mid_mean": -16.00025177001953,
      "mid_to_side_loudness": -12.327240943908691,
      "mid_to_side_loudness_range": 12.87585163116455,
      "side_mean": -28.615995407104492
    },
    {
      "high_freq": 794.6976318359375,
      "loudness": -20.235158920288086,
      "loudness_range": 8.974555969238281,
      "low_freq": 392.3793640136719,
      "mid_mean": -17.115318298339844,
      "mid_to_side_loudness": -10.09814453125,
      "mid_to_side_loudness_range": 12.379351615905762,
      "side_mean": -27.30740737915039
    },
    {
      "high_freq": 1457.5709228515625,
      "loudness": -22.11785125732422,
      "loudness_range": 12.221923828125,
      "low_freq": 794.6976318359375,
      "mid_mean": -19.13936996459961,
      "mid_to_side_loudness": -9.106404304504395,
      "mid_to_side_loudness_range": 12.405471801757812,
      "side_mean": -28.1611328125
    },
    {
      "high_freq": 2549.74365234375,
      "loudness": -20.99273681640625,
      "loudness_range": 9.884821891784668,
      "low_freq": 1457.5709228515625,
      "mid_mean": -18.07815170288086,
      "mid_to_side_loudness": -8.630406379699707,
      "mid_to_side_loudness_range": 12.224006652832031,
      "side_mean": -26.806371688842773
    },
    {
      "high_freq": 4349.24462890625,
      "loudness": -23.027095794677734,
      "loudness_range": 8.051727294921875,
      "low_freq": 2549.74365234375,
      "mid_mean": -19.95785140991211,
      "mid_to_side_loudness": -9.878547668457031,
      "mid_to_side_loudness_range": 12.877159118652344,
      "side_mean": -29.966915130615234
    },
    {
      "high_freq": 7314.1640625,
      "loudness": -26.04361343383789,
      "loudness_range": 8.502735137939453,
      "low_freq": 4349.24462890625,
      "mid_mean": -22.861602783203125,
      "mid_to_side_loudness": -10.136499404907227,
      "mid_to_side_loudness_range": 10.301264762878418,
      "side_mean": -33.18416976928711
    },
    {
      "high_freq": 12199.2666015625,
      "loudness": -27.64259147644043,
      "loudness_range": 10.119478225708008,
      "low_freq": 7314.1640625,
      "mid_mean": -25.15522575378418,
      "mid_to_side_loudness": -5.595017433166504,
      "mid_to_side_loudness_range": 7.279797554016113,
      "side_mean": -30.765783309936523
    },
    {
      "loudness": -33.15412139892578,
      "loudness_range": 7.524360656738281,
      "low_freq": 12199.2666015625,
      "mid_mean": -31.183212280273438,
      "mid_to_side_loudness": -3.700178384780884,
      "mid_to_side_loudness_range": 6.835468769073486,
      "side_mean": -34.922454833984375
    }
  ],
  "bands_short": [
    {
      "high_freq": 148.1999969482422,
      "loudness": -27.320363998413086,
      "loudness_range": 31.368595123291016,
      "mid_mean": -23.782814025878906,
      "mid_to_side_loudness": -23.30779266357422,
      "mid_to_side_loudness_range": 31.71305274963379,
      "side_mean": -48.683555603027344
    },
    {
      "high_freq": 392.3793640136719,
      "loudness": -19.190908432006836,
      "loudness_range": 12.546236038208008,
      "low_freq": 148.1999969482422,
      "mid_mean": -15.973102569580078,
      "mid_to_side_loudness": -12.793211936950684,
      "mid_to_side_loudness_range": 18.680992126464844,
      "side_mean": -29.054073333740234
    },
    {
      "high_freq": 794.6976318359375,
      "loudness": -21.199790954589844,
      "loudness_range": 12.220220565795898,
      "low_freq": 392.3793640136719,
      "mid_mean": -18.22422218322754,
      "mid_to_side_loudness": -9.795538902282715,
      "mid_to_side_loudness_range": 15.57400894165039,
      "side_mean": -28.13729476928711
    },
    {
      "high_freq": 1457.5709228515625,
      "loudness": -22.39555549621582,
      "loudness_range": 15.020697593688965,
      "low_freq": 794.6976318359375,
      "mid_mean": -19.560569763183594,
      "mid_to_side_loudness": -8.785130500793457,
      "mid_to_side_loudness_range": 14.88910961151123,
      "side_mean": -28.33232307434082
    },
    {
      "high_freq": 2549.74365234375,
      "loudness": -21.90664291381836,
      "loudness_range": 13.546088218688965,
      "low_freq": 1457.5709228515625,
      "mid_mean": -19.18634033203125,
      "mid_to_side_loudness": -7.992483139038086,
      "mid_to_side_loudness_range": 14.571500778198242,
      "side_mean": -27.310083389282227
    },
    {
      "high_freq": 4349.24462890625,
      "loudness": -24.04338836669922,
      "loudness_range": 12.926959991455078,
      "low_freq": 2549.74365234375,
      "mid_mean": -21.1435604095459,
      "mid_to_side_loudness": -9.105955123901367,
      "mid_to_side_loudness_range": 14.925481796264648,
      "side_mean": -30.473052978515625
    },
    {
      "high_freq": 7314.1640625,
      "loudness": -27.6354923248291,
      "loudness_range": 14.486871719360352,
      "low_freq": 4349.24462890625,
      "mid_mean": -24.655517578125,
      "mid_to_side_loudness": -9.50723648071289,
      "mid_to_side_loudness_range": 14.55705451965332,
      "side_mean": -34.33237075805664
    },
    {
      "high_freq": 12199.2666015625,
      "loudness": -29.33612823486328,
      "loudness_range": 16.278182983398438,
      "low_freq": 7314.1640625,
      "mid_mean": -26.800182342529297,
      "mid_to_side_loudness": -6.946041584014893,
      "mid_to_side_loudness_range": 14.618800163269043,
      "side_mean": -33.80052947998047
    },
    {
      "loudness": -35.73128128051758,
      "loudness_range": 17.76771354675293,
      "low_freq": 12199.2666015625,
      "mid_mean": -33.52322006225586,
      "mid_to_side_loudness": -5.499970436096191,
      "mid_to_side_loudness_range": 13.591964721679688,
      "side_mean": -39.146244049072266
    }
  ],
  "bandwidth": 630.1116943359375,
  "channels": 2,
  "covariance": [
    [
      42.08707809448242,
      0.9093261361122131,
      8.999974250793457,
      6.374252796173096,
      4.349489688873291,
      7.556777000427246,
      5.280399322509766,
      7.173451900482178,
      4.773609161376953,
      6.624116897583008,
      3.539294719696045,
      5.8711981773376465,
      2.5602071285247803,
      5.250370502471924,
      4.937775611877441,
      7.9518938064575195,
      2.949235439300537,
      6.894189357757568
    ],
    [
      0.9093261361122131,
      38.99066162109375,
      4.94819450378418,
      8.623458862304688,
      2.5147767066955566,
      7.647672653198242,
      5.121903896331787,
      11.193143844604492,
      7.055779933929443,
      13.337703704833984,
      6.461228847503662,
      15.507054328918457,
      6.378419399261475,
      12.736907958984375,
      6.438125133514404,
      9.114527702331543,
      6.153548240661621,
      8.49288558959961
    ],
    [
      8.999974250793457,
      4.94819450378418,
      11.169233322143555,
      5.103814125061035,
      4.96533727645874,
      3.6978228092193604,
      4.438868522644043,
      4.244933128356934,
      5.301593780517578,
      4.1375837326049805,
      5.76000452041626,
      4.727881908416748,
      5.262582778930664,
      4.535496234893799,
      5.231598854064941,
      4.925365924835205,
      5.591494560241699,
      5.2826056480407715
    ],
    [
      6.374252796173096,
      8.623458862304688,
      5.103814125061035,
      25.46389389038086,
      4.651983737945557,
      13.684370040893555,
      3.961383581161499,
      12.120144844055176,
      7.721566677093506,
      16.162626266479492,
      6.188957214355469,
      12.880614280700684,
      4.681449890136719,
      9.618330001831055,
      5.403843402862549,
      9.054272651672363,
      3.665217638015747,
      5.595484256744385
    ],
    [
      4.349489688873291,
      2.5147767066955566,
      4.96533727645874,
      4.651983737945557,
      15.210586547851562,
      8.207759857177734,
      12.253768920898438,
      7.470119476318359,
      8.368037223815918,
      6.410913944244385,
      7.22715425491333,
      6.461682319641113,
      4.512460708618164,
      5.192525386810303,
      4.484436988830566,
      4.899570465087891,
      4.363130569458008,
      4.364297866821289
    ],
    [
      7.556777000427246,
      7.647672653198242,
      3.6978228092193604,
      13.684370040893555,
      8.207759857177734,
      25.402109146118164,
      8.649481773376465,
      19.056692123413086,
      8.962132453918457,
      18.953222274780273,
      6.276042461395264,
      16.82028579711914,
      4.6782402992248535,
      12.89889144897461,
      5.969063758850098,
      10.427094459533691,
      3.909440755844116,
      6.711755752563477
    ],
    [
      5.280399322509766,
      5.121903896331787,
      4.438868522644043,
      3.961383581161499,
      12.253768920898438,
      8.649481773376465,
      23.859254837036133,
      14.425050735473633,
      8.532546997070312,
      9.253633499145508,
      8.50605583190918,
      11.616398811340332,
      4.541779518127441,
      8.077971458435059,
      6.228601455688477,
      6.859988689422607,
      4.369450569152832,
      5.578608512878418
    ],
    [
      7.173451900482178,
      11.193143844604492,
      4.244933128356934,
      12.120144844055176,
      7.470119476318359,
      19.056692123413086,
      14.425050735473633,
      31.724775314331055,
      9.284908294677734,
      22.052614212036133,
      8.456461906433105,
      23.68094253540039,
      5.789986610412598,
      17.164430618286133,
      8.926342964172363,
      12.611059188842773,
      5.134375095367432,
      8.55972671508789
    ],
    [
      4.773609161376953,
      7.055779933929443,
      5.301593780517578,
      7.721566677093506,
      8.368037223815918,
      8.962132453918457,
      8.532546997070312,
      9.284908294677734,
      17.948307037353516,
      13.148151397705078,
      11.86268424987793,
      10.635653495788574,
      6.745259761810303,
      8.566731452941895,
      8.09970760345459,
      8.17360782623291,
      7.05802059173584,
      6.133073806762695
    ],
    [
      6.624116897583008,
      13.337703704833984,
      4.1375837326049805,
      16.162626266479492,
      6.410913944244385,
      18.953222274780273,
      9.253633499145508,
      22.052614212036133,
      13.148151397705078,
      31.15769386291504,
      9.03419017791748,
      25.255756378173828,
      5.850058555603027,
      17.84623908996582,
      8.339296340942383,
      12.973817825317383,
      5.24409294128418,
      8.066652297973633
    ],
    [
      3.539294719696045,
      6.461228847503662,
      5.76000452041626,
      6.188957214355469,
      7.22715425491333,
      6.276042461395264,
      8.50605583190918,
      8.456461906433105,
      11.86268424987793,
      9.03419017791748,
      13.728092193603516,
      10.165462493896484,
      8.225680351257324,
      8.015308380126953,
      8.782740592956543,
      7.132917404174805,
      6.893896579742432,
      5.678475379943848
    ],
    [
      5.8711981773376465,
      15.507054328918457,
      4.727881908416748,
      12.880614280700684,
      6.461682319641113,
      16.82028579711914,
      11.616398811340332,
      23.68094253540039,
      10.635653495788574,
      25.255756378173828,
      10.165462493896484,
      29.996732711791992,
      6.557619094848633,
      21.318603515625,
      9.011222839355469,
      13.284212112426758,
      5.80668830871582,
      9.615511894226074
    ],
    [
      2.5602071285247803,
      6.378419399261475,
      5.262582778930664,
      4.681449890136719,
      4.512460708618164,
      4.6782402992248535,
      4.541779518127441,
      5.789986610412598,
      6.745259761810303,
      5.850058555603027,
      8.225680351257324,
      6.557619094848633,
      11.358119010925293,
      8.233353614807129,
      10.355941772460938,
      6.255785942077637,
      7.777657985687256,
      5.186245441436768
    ],
    [
      5.250370502471924,
      12.736907958984375,
      4.535496234893799,
      9.618330001831055,
      5.192525386810303,
      12.89889144897461,
      8.077971458435059,
      17.164430618286133,
      8.566731452941895,
      17.84623908996582,
      8.015308380126953,
      21.318603515625,
      8.233353614807129,
      21.94677734375,
      10.721930503845215,
      14.30128288269043,
      7.7194390296936035,
      11.36256217956543
    ],
    [
      4.937775611877441,
      6.438125133514404,
      5.231598854064941,
      5.403843402862549,
      4.484436988830566,
      5.969063758850098,
      6.228601455688477,
      8.926342964172363,
      8.09970760345459,
      8.339296340942383,
      8.782740592956543,
      9.011222839355469,
      10.355941772460938,
      10.721930503845215,
      16.070030212402344,
      10.178081512451172,
      11.11178207397461,
      7.662228107452393
    ],
    [
      7.9518938064575195,
      9.114527702331543,
      4.925365924835205,
      9.054272651672363,
      4.899570465087891,
      10.427094459533691,
      6.859988689422607,
      12.611059188842773,
      8.17360782623291,
      12.973817825317383,
      7.132917404174805,
      13.284212112426758,
      6.255785942077637,
      14.30128288269043,
      10.178081512451172,
      16.52007293701172,
      7.757663249969482,
      11.914085388183594
    ],
    [
      2.949235439300537,
      6.153548240661621,
      5.591494560241699,
      3.665217638015747,
      4.363130569458008,
      3.909440755844116,
      4.369450569152832,
      5.134375095367432,
      7.05802059173584,
      5.24409294128418,
      6.893896579742432,
      5.80668830871582,
      7.777657985687256,
      7.7194390296936035,
      11.11178207397461,
      7.757663249969482,
      13.113163948059082,
      7.983890533447266
    ],
    [
      6.894189357757568,
      8.49288558959961,
      5.2826056480407715,
      5.595484256744385,
      4.364297866821289,
      6.711755752563477,
      5.578608512878418,
      8.55972671508789,
      6.133073806762695,
      8.066652297973633,
      5.678475379943848,
      9.615511894226074,
      5.186245441436768,
      11.36256217956543,
      7.662228107452393,
      11.914085388183594,
      7.983890533447266,
      13.41515064239502
    ]
  ],
  "covariance_short": [
    [
      115.52519989013672,
      27.891517639160156,
      24.41013526916504,
      2.2452478408813477,
      7.953825950622559,
      7.805008411407471,
      8.1206636428833,
      7.232062816619873,
      8.246406555175781,
      5.884457111358643,
      6.731873989105225,
      4.571742534637451,
      6.588719367980957,
      4.7448883056640625,
      9.865093231201172,
      16.24078369140625,
      8.830761909484863,
      18.94845962524414
    ],
    [
      27.891517639160156,
      45.89148712158203,
      15.230364799499512,
      13.50459098815918,
      10.17388916015625,
      11.600926399230957,
      10.379501342773438,
      12.68227767944336,
      12.350890159606934,
      15.167547225952148,
      12.685117721557617,
      16.94904136657715,
      12.989165306091309,
      16.055625915527344,
      12.990058898925781,
      21.35886573791504,
      13.357786178588867,
      22.398345947265625
    ],
    [
      24.41013526916504,
      15.230364799499512,
      26.48162078857422,
      4.985189437866211,
      7.804049491882324,
      5.0213189125061035,
      7.02848482131958,
      6.6915106773376465,
      8.745943069458008,
      5.823185443878174,
      10.224432945251465,
      7.4893622398376465,
      9.780278205871582,
      8.562613487243652,
      10.207380294799805,
      12.798463821411133,
      10.189253807067871,
      12.887564659118652
    ],
    [
      2.2452478408813477,
      13.50459098815918,
      4.985189437866211,
      32.523136138916016,
      6.783886432647705,
      15.109292030334473,
      5.198657512664795,
      11.942852973937988,
      8.32089614868164,
      16.210704803466797,
      6.7942214012146,
      14.18553638458252,
      6.456381797790527,
      12.913029670715332,
      7.075464248657227,
      15.290573120117188,
      6.922399044036865,
      12.563149452209473
    ],
    [
      7.953825950622559,
      10.17388916015625,
      7.804049491882324,
      6.783886432647705,
      25.30820655822754,
      10.63134479522705,
      15.384215354919434,
      8.846702575683594,
      13.393754959106445,
      8.361287117004395,
      13.120140075683594,
      8.397037506103516,
      9.354988098144531,
      8.730485916137695,
      8.59099292755127,
      11.048686981201172,
      9.467045783996582,
      10.640100479125977
    ],
    [
      7.805008411407471,
      11.600926399230957,
      5.0213189125061035,
      15.109292030334473,
      10.63134479522705,
      30.38121223449707,
      10.100948333740234,
      19.267070770263672,
      10.513677597045898,
      19.59538459777832,
      7.727510452270508,
      17.308324813842773,
      6.788387775421143,
      15.89582347869873,
      8.554598808288574,
      17.672815322875977,
      7.403629779815674,
      13.700791358947754
    ],
    [
      8.1206636428833,
      10.379501342773438,
      7.02848482131958,
      5.198657512664795,
      15.384215354919434,
      10.100948333740234,
      33.4380989074707,
      17.5341854095459,
      13.9156494140625,
      11.943099021911621,
      13.808643341064453,
      14.1654052734375,
      9.559209823608398,
      13.256011962890625,
      11.285927772521973,
      14.70466423034668,
      9.753186225891113,
      11.931883811950684
    ],
    [
      7.232062816619873,
      12.68227767944336,
      6.6915106773376465,
      11.942852973937988,
      8.846702575683594,
      19.267070770263672,
      17.5341854095459,
      36.57631301879883,
      11.910572052001953,
      22.54227638244629,
      10.811919212341309,
      24.224092483520508,
      9.091226577758789,
      21.761653900146484,
      12.779888153076172,
      22.404693603515625,
      9.415141105651855,
      16.37331199645996
    ],
    [
      8.246406555175781,
      12.350890159606934,
      8.745943069458008,
      8.32089614868164,
      13.393754959106445,
      10.513677597045898,
      13.9156494140625,
      11.910572052001953,
      30.14566993713379,
      17.252058029174805,
      21.191909790039062,
      14.578043937683105,
      15.235213279724121,
      14.877291679382324,
      15.005959510803223,
      18.353816986083984,
      15.237089157104492,
      16.930877685546875
    ],
    [
      5.884457111358643,
      15.167547225952148,
      5.823185443878174,
      16.210704803466797,
      8.361287117004395,
      19.59538459777832,
      11.943099021911621,
      22.54227638244629,
      17.252058029174805,
      36.5351676940918,
      12.251925468444824,
      27.515336990356445,
      9.943221092224121,
      23.94204330444336,
      12.05097770690918,
      22.929603576660156,
      10.338851928710938,
      17.233631134033203
    ],
    [
      6.731873989105225,
      12.685117721557617,
      10.224432945251465,
      6.7942214012146,
      13.120140075683594,
      7.727510452270508,
      13.808643341064453,
      10.811919212341309,
      21.191909790039062,
      12.251925468444824,
      28.044981002807617,
      14.968958854675293,
      20.83837890625,
      15.698615074157715,
      18.860326766967773,
      18.582265853881836,
      17.243484497070312,
      17.559711456298828
    ],
    [
      4.571742534637451,
      16.94904136657715,
      7.4893622398376465,
      14.18553638458252,
      8.397037506103516,
      17.308324813842773,
      14.1654052734375,
      24.224092483520508,
      14.578043937683105,
      27.515336990356445,
      14.968958854675293,
      35.94289779663086,
      13.077998161315918,
      29.69617462158203,
      14.37007999420166,
      25.430667877197266,
      12.118887901306152,
      20.257780075073242
    ],
    [
      6.588719367980957,
      12.989165306091309,
      9.780278205871582,
      6.456381797790527,
      9.354988098144531,
      6.788387775421143,
      9.559209823608398,
      9.091226577758789,
      15.235213279724121,
      9.943221092224121,
      20.83837890625,
      13.077998161315918,
      31.164342880249023,
      19.99744987487793,
      25.972789764404297,
      24.143178939819336,
      22.440786361694336,
      23.949460983276367
    ],
    [
      4.7448883056640625,
      16.055625915527344,
      8.562613487243652,
      12.913029670715332,
      8.730485916137695,
      15.89582347869873,
      13.256011962890625,
      21.761653900146484,
      14.877291679382324,
      23.94204330444336,
      15.698615074157715,
      29.69617462158203,
      19.99744987487793,
      41.170875549316406,
      20.992822647094727,
      36.881935119628906,
      18.69106674194336,
      30.410367965698242
    ],
    [
      9.865093231201172,
      12.990058898925781,
      10.207380294799805,
      7.075464248657227,
      8.59099292755127,
      8.554598808288574,
      11.285927772521973,
      12.779888153076172,
      15.005959510803223,
      12.05097770690918,
      18.860326766967773,
      14.37007999420166,
      25.972789764404297,
      20.992822647094727,
      36.557830810546875,
      32.90251922607422,
      30.7204647064209,
      30.637147903442383
    ],
    [
      16.24078369140625,
      21.35886573791504,
      12.798463821411133,
      15.290573120117188,
      11.048686981201172,
      17.672815322875977,
      14.70466423034668,
      22.404693603515625,
      18.353816986083984,
      22.929603576660156,
      18.582265853881836,
      25.430667877197266,
      24.143178939819336,
      36.881935119628906,
      32.90251922607422,
      62.09193420410156,
      30.906755447387695,
      52.3741340637207
    ],
    [
      8.830761909484863,
      13.357786178588867,
      10.189253807067871,
      6.922399044036865,
      9.467045783996582,
      7.403629779815674,
      9.753186225891113,
      9.415141105651855,
      15.237089157104492,
      10.338851928710938,
      17.243484497070312,
      12.118887901306152,
      22.440786361694336,
      18.69106674194336,
      30.7204647064209,
      30.906755447387695,
      42.49960708618164,
      39.517669677734375
    ],
    [
      18.94845962524414,
      22.398345947265625,
      12.887564659118652,
      12.563149452209473,
      10.640100479125977,
      13.700791358947754,
      11.931883811950684,
      16.37331199645996,
      16.930877685546875,
      17.233631134033203,
      17.559711456298828,
      20.257780075073242,
      23.949460983276367,
      30.410367965698242,
      30.637147903442383,
      52.3741340637207,
      39.517669677734375,
      64.58013153076172
    ]
  ],
  "damage": -4.049188137054443,
  "diff_bandwidth": 616.4154052734375,
  "dissonance": 9.846450519819621,
  "drr": 2.9851291179656982,
  "dynamics": 2.2001936435699463,
  "format": 1245190,
  "frames": 10285056,
  "loudness": -8.331506729125977,
  "loudness_range": 4.430905342102051,
  "loudness_range_short": 8.214118003845215,
  "lowpass_true_peak_15khz": 0.7463460564613342,
  "mastering3_acoustic_entropies": [
    {
      "acoustic_entropy": 7.131667613983154,
      "acoustic_entropy_mono": 6.754786968231201,
      "band_eliminated_acoustic_entropies": [
        {
          "acoustic_entropy": 7.430135250091553,
          "acoustic_entropy_side": 7.131657600402832,
          "hz": 129.47220167065723
        },
        {
          "acoustic_entropy": 5.624202251434326,
          "acoustic_entropy_side": 7.129497528076172,
          "hz": 202.92927478742237
        },
        {
          "acoustic_entropy": 7.462505340576172,
          "acoustic_entropy_side": 7.139318943023682,
          "hz": 282.89161906338205
        },
        {
          "acoustic_entropy": 7.162941932678223,
          "acoustic_entropy_side": 7.1642351150512695,
          "hz": 369.9353335868758
        },
        {
          "acoustic_entropy": 7.3037824630737305,
          "acoustic_entropy_side": 7.151881217956543,
          "hz": 464.6875360973435
        },
        {
          "acoustic_entropy": 8.057666778564453,
          "acoustic_entropy_side": 7.301283836364746,
          "hz": 567.8308811364784
        },
        {
          "acoustic_entropy": 7.435335159301758,
          "acoustic_entropy_side": 7.5195465087890625,
          "hz": 680.1084783214808
        },
        {
          "acoustic_entropy": 7.255799293518066,
          "acoustic_entropy_side": 7.156363487243652,
          "hz": 802.3292461747484
        },
        {
          "acoustic_entropy": 8.109166145324707,
          "acoustic_entropy_side": 7.194060802459717,
          "hz": 935.3737400823702
        },
        {
          "acoustic_entropy": 6.953973770141602,
          "acoustic_entropy_side": 6.926797866821289,
          "hz": 1080.2004963696966
        },
        {
          "acoustic_entropy": 7.557548522949219,
          "acoustic_entropy_side": 7.133321285247803,
          "hz": 1237.8529382007157
        },
        {
          "acoustic_entropy": 7.062640190124512,
          "acoustic_entropy_side": 7.322164535522461,
          "hz": 1409.4668930556702
        },
        {
          "acoustic_entropy": 7.364760398864746,
          "acoustic_entropy_side": 7.044093132019043,
          "hz": 1596.2787759475705
        },
        {
          "acoustic_entropy": 7.394541263580322,
          "acoustic_entropy_side": 6.959086894989014,
          "hz": 1799.6344973346393
        },
        {
          "acoustic_entropy": 7.717057704925537,
          "acoustic_entropy_side": 7.236921310424805,
          "hz": 2020.9991599069049
        },
        {
          "acoustic_entropy": 6.878602981567383,
          "acoustic_entropy_side": 7.173295974731445,
          "hz": 2261.9676141086993
        },
        {
          "acoustic_entropy": 7.05642032623291,
          "acoustic_entropy_side": 7.1545939445495605,
          "hz": 2524.2759484456974
        },
        {
          "acoustic_entropy": 7.016564846038818,
          "acoustic_entropy_side": 7.128912925720215,
          "hz": 2809.813997359896
        },
        {
          "acoustic_entropy": 6.919257640838623,
          "acoustic_entropy_side": 7.177002906799316,
          "hz": 3120.6389567871424
        },
        {
          "acoustic_entropy": 7.074415683746338,
          "acoustic_entropy_side": 7.129201412200928,
          "hz": 3458.990205492291
        },
        {
          "acoustic_entropy": 6.7745137214660645,
          "acoustic_entropy_side": 7.111448764801025,
          "hz": 3827.305438964164
        },
        {
          "acoustic_entropy": 6.993483543395996,
          "acoustic_entropy_side": 7.098773956298828,
          "hz": 4228.238232109126
        },
        {
          "acoustic_entropy": 7.2729692459106445,
          "acoustic_entropy_side": 7.126818656921387,
          "hz": 4664.6771572759235
        },
        {
          "acoustic_entropy": 7.212430477142334,
          "acoustic_entropy_side": 7.090839862823486,
          "hz": 5139.766595350093
        },
        {
          "acoustic_entropy": 7.3338942527771,
          "acoustic_entropy_side": 7.126642227172852,
          "hz": 5656.929389854203
        },
        {
          "acoustic_entropy": 7.265404224395752,
          "acoustic_entropy_side": 7.135553359985352,
          "hz": 6219.891507268283
        },
        {
          "acoustic_entropy": 7.201873302459717,
          "acoustic_entropy_side": 7.126433372497559,
          "hz": 6832.70888123896
        },
        {
          "acoustic_entropy": 7.176676273345947,
          "acoustic_entropy_side": 7.125729560852051,
          "hz": 7499.796634079867
        },
        {
          "acoustic_entropy": 7.148890018463135,
          "acoustic_entropy_side": 7.123568534851074,
          "hz": 8225.96088609342
        },
        {
          "acoustic_entropy": 7.184867858886719,
          "acoustic_entropy_side": 7.1134419441223145,
          "hz": 9016.43338188839
        },
        {
          "acoustic_entropy": 7.182410717010498,
          "acoustic_entropy_side": 7.090407848358154,
          "hz": 9876.909183162974
        },
        {
          "acoustic_entropy": 7.328144073486328,
          "acoustic_entropy_side": 7.061133861541748,
          "hz": 10813.587699516042
        },
        {
          "acoustic_entropy": 6.906917572021484,
          "acoustic_entropy_side": 7.081166744232178,
          "hz": 11833.21735289826
        },
        {
          "acoustic_entropy": 7.121030330657959,
          "acoustic_entropy_side": 7.102921009063721,
          "hz": 12943.144197493959
        },
        {
          "acoustic_entropy": 7.118813991546631,
          "acoustic_entropy_side": 7.102827548980713,
          "hz": 14151.364845322005
        },
        {
          "acoustic_entropy": 7.2094831466674805,
          "acoustic_entropy_side": 7.126167297363281,
          "hz": 15466.58407886509
        },
        {
          "acoustic_entropy": 7.199696063995361,
          "acoustic_entropy_side": 7.129029273986816,
          "hz": 16898.27756580493
        },
        {
          "acoustic_entropy": 7.20153284072876,
          "acoustic_entropy_side": 7.130435943603516,
          "hz": 18456.760127700032
        },
        {
          "acoustic_entropy": 7.155080795288086,
          "acoustic_entropy_side": 7.130079746246338,
          "hz": 20153.260054456492
        },
        {
          "acoustic_entropy": 7.133599758148193,
          "acoustic_entropy_side": 7.131495475769043,
          "hz": 22000.00000000001
        }
      ],
      "diff_acoustic_entropy": 7.079915523529053,
      "sn": 6
    },
    {
      "acoustic_entropy": 12.12989616394043,
      "acoustic_entropy_mono": 10.503157615661621,
      "band_eliminated_acoustic_entropies": [
        {
          "acoustic_entropy": 11.427190780639648,
          "acoustic_entropy_side": 12.129781723022461,
          "hz": 129.47220167065723
        },
        {
          "acoustic_entropy": 11.357047080993652,
          "acoustic_entropy_side": 12.134045600891113,
          "hz": 202.92927478742237
        },
        {
          "acoustic_entropy": 12.255647659301758,
          "acoustic_entropy_side": 12.09438419342041,
          "hz": 282.89161906338205
        },
        {
          "acoustic_entropy": 12.071221351623535,
          "acoustic_entropy_side": 12.211119651794434,
          "hz": 369.9353335868758
        },
        {
          "acoustic_entropy": 12.77969741821289,
          "acoustic_entropy_side": 12.180459976196289,
          "hz": 464.6875360973435
        },
        {
          "acoustic_entropy": 12.626276016235352,
          "acoustic_entropy_side": 12.19105052947998,
          "hz": 567.8308811364784
        },
        {
          "acoustic_entropy": 12.165104866027832,
          "acoustic_entropy_side": 12.109552383422852,
          "hz": 680.1084783214808
        },
        {
          "acoustic_entropy": 12.114604949951172,
          "acoustic_entropy_side": 12.143582344055176,
          "hz": 802.3292461747484
        },
        {
          "acoustic_entropy": 12.61703872680664,
          "acoustic_entropy_side": 12.210539817810059,
          "hz": 935.3737400823702
        },
        {
          "acoustic_entropy": 11.880353927612305,
          "acoustic_entropy_side": 12.17627239227295,
          "hz": 1080.2004963696966
        },
        {
          "acoustic_entropy": 11.968215942382812,
          "acoustic_entropy_side": 12.08980655670166,
          "hz": 1237.8529382007157
        },
        {
          "acoustic_entropy": 11.92955493927002,
          "acoustic_entropy_side": 12.21304988861084,
          "hz": 1409.4668930556702
        },
        {
          "acoustic_entropy": 11.853245735168457,
          "acoustic_entropy_side": 12.139655113220215,
          "hz": 1596.2787759475705
        },
        {
          "acoustic_entropy": 10.092741012573242,
          "acoustic_entropy_side": 11.5421142578125,
          "hz": 1799.6344973346393
        },
        {
          "acoustic_entropy": 11.524796485900879,
          "acoustic_entropy_side": 11.96086597442627,
          "hz": 2020.9991599069049
        },
        {
          "acoustic_entropy": 11.921796798706055,
          "acoustic_entropy_side": 12.047718048095703,
          "hz": 2261.9676141086993
        },
        {
          "acoustic_entropy": 11.460206985473633,
          "acoustic_entropy_side": 12.082385063171387,
          "hz": 2524.2759484456974
        },
        {
          "acoustic_entropy": 11.965524673461914,
          "acoustic_entropy_side": 12.09970474243164,
          "hz": 2809.813997359896
        },
        {
          "acoustic_entropy": 11.691433906555176,
          "acoustic_entropy_side": 12.085320472717285,
          "hz": 3120.6389567871424
        },
        {
          "acoustic_entropy": 12.129837989807129,
          "acoustic_entropy_side": 12.115644454956055,
          "hz": 3458.990205492291
        },
        {
          "acoustic_entropy": 12.021233558654785,
          "acoustic_entropy_side": 12.155130386352539,
          "hz": 3827.305438964164
        },
        {
          "acoustic_entropy": 12.01976490020752,
          "acoustic_entropy_side": 12.15896224975586,
          "hz": 4228.238232109126
        },
        {
          "acoustic_entropy": 12.14950942993164,
          "acoustic_entropy_side": 12.16690444946289,
          "hz": 4664.6771572759235
        },
        {
          "acoustic_entropy": 12.122730255126953,
          "acoustic_entropy_side": 12.141822814941406,
          "hz": 5139.766595350093
        },
        {
          "acoustic_entropy": 12.189241409301758,
          "acoustic_entropy_side": 12.18822193145752,
          "hz": 5656.929389854203
        },
        {
          "acoustic_entropy": 12.190913200378418,
          "acoustic_entropy_side": 12.209409713745117,
          "hz": 6219.891507268283
        },
        {
          "acoustic_entropy": 12.17276668548584,
          "acoustic_entropy_side": 12.12987232208252,
          "hz": 6832.70888123896
        },
        {
          "acoustic_entropy": 12.20022964477539,
          "acoustic_entropy_side": 12.164261817932129,
          "hz": 7499.796634079867
        },
        {
          "acoustic_entropy": 12.140883445739746,
          "acoustic_entropy_side": 12.136948585510254,
          "hz": 8225.96088609342
        },
        {
          "acoustic_entropy": 12.123528480529785,
          "acoustic_entropy_side": 12.07516860961914,
          "hz": 9016.43338188839
        },
        {
          "acoustic_entropy": 11.818791389465332,
          "acoustic_entropy_side": 11.902669906616211,
          "hz": 9876.909183162974
        },
        {
          "acoustic_entropy": 11.895992279052734,
          "acoustic_entropy_side": 11.961527824401855,
          "hz": 10813.587699516042
        },
        {
          "acoustic_entropy": 11.89043140411377,
          "acoustic_entropy_side": 11.932283401489258,
          "hz": 11833.21735289826
        },
        {
          "acoustic_entropy": 11.993206977844238,
          "acoustic_entropy_side": 12.034470558166504,
          "hz": 12943.144197493959
        },
        {
          "acoustic_entropy": 12.017746925354004,
          "acoustic_entropy_side": 12.07654857635498,
          "hz": 14151.364845322005
        },
        {
          "acoustic_entropy": 12.035588264465332,
          "acoustic_entropy_side": 12.13696575164795,
          "hz": 15466.58407886509
        },
        {
          "acoustic_entropy": 12.031004905700684,
          "acoustic_entropy_side": 12.134025573730469,
          "hz": 16898.27756580493
        },
        {
          "acoustic_entropy": 11.970219612121582,
          "acoustic_entropy_side": 12.117471694946289,
          "hz": 18456.760127700032
        },
        {
          "acoustic_entropy": 12.02871322631836,
          "acoustic_entropy_side": 12.124611854553223,
          "hz": 20153.260054456492
        },
        {
          "acoustic_entropy": 12.115843772888184,
          "acoustic_entropy_side": 12.129338264465332,
          "hz": 22000.00000000001
        }
      ],
      "diff_acoustic_entropy": 9.841572761535645,
      "sn": 12
    },
    {
      "acoustic_entropy": 16.809267044067383,
      "acoustic_entropy_mono": 13.544642448425293,
      "band_eliminated_acoustic_entropies": [
        {
          "acoustic_entropy": 16.75554847717285,
          "acoustic_entropy_side": 16.827037811279297,
          "hz": 129.47220167065723
        },
        {
          "acoustic_entropy": 17.664493560791016,
          "acoustic_entropy_side": 17.35311508178711,
          "hz": 202.92927478742237
        },
        {
          "acoustic_entropy": 18.10361099243164,
          "acoustic_entropy_side": 17.60834312438965,
          "hz": 282.89161906338205
        },
        {
          "acoustic_entropy": 17.132596969604492,
          "acoustic_entropy_side": 17.20591926574707,
          "hz": 369.9353335868758
        },
        {
          "acoustic_entropy": 16.963109970092773,
          "acoustic_entropy_side": 17.083297729492188,
          "hz": 464.6875360973435
        },
        {
          "acoustic_entropy": 17.490503311157227,
          "acoustic_entropy_side": 17.455289840698242,
          "hz": 567.8308811364784
        },
        {
          "acoustic_entropy": 17.67592430114746,
          "acoustic_entropy_side": 17.456470489501953,
          "hz": 680.1084783214808
        },
        {
          "acoustic_entropy": 16.974884033203125,
          "acoustic_entropy_side": 17.054412841796875,
          "hz": 802.3292461747484
        },
        {
          "acoustic_entropy": 18.087331771850586,
          "acoustic_entropy_side": 17.335201263427734,
          "hz": 935.3737400823702
        },
        {
          "acoustic_entropy": 17.715726852416992,
          "acoustic_entropy_side": 17.58258056640625,
          "hz": 1080.2004963696966
        },
        {
          "acoustic_entropy": 17.386627197265625,
          "acoustic_entropy_side": 16.90478515625,
          "hz": 1237.8529382007157
        },
        {
          "acoustic_entropy": 16.92252540588379,
          "acoustic_entropy_side": 16.829517364501953,
          "hz": 1409.4668930556702
        },
        {
          "acoustic_entropy": 17.154815673828125,
          "acoustic_entropy_side": 16.742353439331055,
          "hz": 1596.2787759475705
        },
        {
          "acoustic_entropy": 16.931245803833008,
          "acoustic_entropy_side": 17.301715850830078,
          "hz": 1799.6344973346393
        },
        {
          "acoustic_entropy": 16.77253532409668,
          "acoustic_entropy_side": 16.838123321533203,
          "hz": 2020.9991599069049
        },
        {
          "acoustic_entropy": 17.36216926574707,
          "acoustic_entropy_side": 17.14446449279785,
          "hz": 2261.9676141086993
        },
        {
          "acoustic_entropy": 17.21724510192871,
          "acoustic_entropy_side": 17.24523162841797,
          "hz": 2524.2759484456974
        },
        {
          "acoustic_entropy": 17.257064819335938,
          "acoustic_entropy_side": 17.22222137451172,
          "hz": 2809.813997359896
        },
        {
          "acoustic_entropy": 16.988445281982422,
          "acoustic_entropy_side": 16.78349494934082,
          "hz": 3120.6389567871424
        },
        {
