{
  "acoustic_entropy": 148.52078247070312,
  "bands": [
    {
      "high_freq": 148.1999969482422,
      "loudness": -24.017154693603516,
      "loudness_range": 25.09441375732422,
      "mid_mean": -20.499046325683594,
      "mid_to_side_loudness": -21.024946212768555,
      "mid_to_side_loudness_range": 24.61635398864746,
      "side_mean": -43.94521713256836
    },
    {
      "high_freq": 392.3793640136719,
      "loudness": -23.28510284423828,
      "loudness_range": 18.700143814086914,
      "low_freq": 148.1999969482422,
      "mid_mean": -20.099584579467773,
      "mid_to_side_loudness": -10.300093650817871,
      "mid_to_side_loudness_range": 11.825572967529297,
      "side_mean": -31.142433166503906
    },
    {
      "high_freq": 794.6976318359375,
      "loudness": -24.74077796936035,
      "loudness_range": 17.608463287353516,
      "low_freq": 392.3793640136719,
      "mid_mean": -22.23233985900879,
      "mid_to_side_loudness": -5.766709327697754,
      "mid_to_side_loudness_range": 10.227813720703125,
      "side_mean": -28.180910110473633
    },
    {
      "high_freq": 1457.5709228515625,
      "loudness": -32.104496002197266,
      "loudness_range": 18.718591690063477,
      "low_freq": 794.6976318359375,
      "mid_mean": -29.358203887939453,
      "mid_to_side_loudness": -7.037574768066406,
      "mid_to_side_loudness_range": 9.54276180267334,
      "side_mean": -36.49441146850586
    },
    {
      "high_freq": 2549.74365234375,
      "loudness": -34.393192291259766,
      "loudness_range": 20.140701293945312,
      "low_freq": 1457.5709228515625,
      "mid_mean": -31.26968002319336,
      "mid_to_side_loudness": -10.313653945922852,
      "mid_to_side_loudness_range": 14.090757369995117,
      "side_mean": -42.26494216918945
    },
    {
      "high_freq": 4349.24462890625,
      "loudness": -36.43767547607422,
      "loudness_range": 27.48007583618164,
      "low_freq": 2549.74365234375,
      "mid_mean": -33.911258697509766,
      "mid_to_side_loudness": -11.448002815246582,
      "mid_to_side_loudness_range": 18.704896926879883,
      "side_mean": -50.447811126708984
    },
    {
      "high_freq": 7314.1640625,
      "loudness": -36.35145568847656,
      "loudness_range": 13.976978302001953,
      "low_freq": 4349.24462890625,
      "mid_mean": -34.88886642456055,
      "mid_to_side_loudness": -11.547258377075195,
      "mid_to_side_loudness_range": 21.176891326904297,
      "side_mean": -55.99248123168945
    },
    {
      "high_freq": 12199.2666015625,
      "loudness": -36.11576843261719,
      "loudness_range": 9.033733367919922,
      "low_freq": 7314.1640625,
      "mid_mean": -33.74325942993164,
      "mid_to_side_loudness": -9.91024398803711,
      "mid_to_side_loudness_range": 18.737529754638672,
      "side_mean": -56.39321517944336
    },
    {
      "loudness": -44.67679214477539,
      "loudness_range": 12.014968872070312,
      "low_freq": 12199.2666015625,
      "mid_mean": -51.84414291381836,
      "mid_to_side_loudness": -9.90359115600586,
      "mid_to_side_loudness_range": 15.281757354736328,
      "side_mean": -61.02814483642578
    }
  ],
  "bands_short": [
    {
      "high_freq": 148.1999969482422,
      "loudness": -28.048131942749023,
      "loudness_range": 30.80696678161621,
      "mid_mean": -24.590404510498047,
      "mid_to_side_loudness": -21.27515411376953,
      "mid_to_side_loudness_range": 22.333587646484375,
      "side_mean": -48.44472122192383
    },
    {
      "high_freq": 392.3793640136719,
      "loudness": -23.495988845825195,
      "loudness_range": 21.90532875061035,
      "low_freq": 148.1999969482422,
      "mid_mean": -20.377567291259766,
      "mid_to_side_loudness": -10.310673713684082,
      "mid_to_side_loudness_range": 12.817935943603516,
      "side_mean": -31.286975860595703
    },
    {
      "high_freq": 794.6976318359375,
      "loudness": -25.254533767700195,
      "loudness_range": 18.329532623291016,
      "low_freq": 392.3793640136719,
      "mid_mean": -22.772668838500977,
      "mid_to_side_loudness": -5.873345375061035,
      "mid_to_side_loudness_range": 11.575130462646484,
      "side_mean": -28.783308029174805
    },
    {
      "high_freq": 1457.5709228515625,
      "loudness": -32.049781799316406,
      "loudness_range": 19.88167381286621,
      "low_freq": 794.6976318359375,
      "mid_mean": -29.45784568786621,
      "mid_to_side_loudness": -6.738467693328857,
      "mid_to_side_loudness_range": 10.712109565734863,
      "side_mean": -36.22608184814453
    },
    {
      "high_freq": 2549.74365234375,
      "loudness": -35.288841247558594,
      "loudness_range": 21.542112350463867,
      "low_freq": 1457.5709228515625,
      "mid_mean": -32.32883071899414,
      "mid_to_side_loudness": -9.885091781616211,
      "mid_to_side_loudness_range": 14.387228012084961,
      "side_mean": -42.733978271484375
    },
    {
      "high_freq": 4349.24462890625,
      "loudness": -38.43575668334961,
      "loudness_range": 29.74869728088379,
      "low_freq": 2549.74365234375,
      "mid_mean": -35.69473648071289,
      "mid_to_side_loudness": -10.771082878112793,
      "mid_to_side_loudness_range": 17.99747657775879,
      "side_mean": -50.76415252685547
    },
    {
      "high_freq": 7314.1640625,
      "loudness": -39.69308853149414,
      "loudness_range": 26.170961380004883,
      "low_freq": 4349.24462890625,
      "mid_mean": -39.02375411987305,
      "mid_to_side_loudness": -10.73543643951416,
      "mid_to_side_loudness_range": 20.511152267456055,
      "side_mean": -57.16826629638672
    },
    {
      "high_freq": 12199.2666015625,
      "loudness": -40.600589752197266,
      "loudness_range": 21.370195388793945,
      "low_freq": 7314.1640625,
      "mid_mean": -44.94083023071289,
      "mid_to_side_loudness": -9.513858795166016,
      "mid_to_side_loudness_range": 18.644058227539062,
      "side_mean": -58.596588134765625
    },
    {
      "loudness": -50.45747375488281,
      "loudness_range": 26.331947326660156,
      "low_freq": 12199.2666015625,
      "mid_mean": -55.355003356933594,
      "mid_to_side_loudness": -9.33505916595459,
      "mid_to_side_loudness_range": 16.01694679260254,
      "side_mean": -63.5281867980957
    }
  ],
  "bandwidth": 319.3135986328125,
  "channels": 2,
  "covariance": [
    [
      90.14601135253906,
      30.142976760864258,
      47.07835006713867,
      24.38996696472168,
      40.02028274536133,
      30.16690444946289,
      30.997825622558594,
      17.622785568237305,
      36.39113998413086,
      16.273284912109375,
      54.17775344848633,
      50.9549560546875,
      39.902374267578125,
      58.57251739501953,
      16.07498550415039,
      70.58650970458984,
      98.38697052001953,
      47.40217971801758
    ],
    [
      30.142976760864258,
      44.31270980834961,
      23.986392974853516,
      19.54324722290039,
      12.902153968811035,
      12.702573776245117,
      15.706327438354492,
      12.123003005981445,
      19.516691207885742,
      10.341065406799316,
      18.72794532775879,
      29.87236976623535,
      15.706382751464844,
      26.371471405029297,
      4.0955023765563965,
      29.701332092285156,
      40.07952880859375,
      19.713462829589844
    ],
    [
      47.07835006713867,
      23.986392974853516,
      48.7015266418457,
      28.103254318237305,
      35.164581298828125,
      26.864173889160156,
      29.74996566772461,
      19.307842254638672,
      34.935367584228516,
      17.148529052734375,
      43.2255744934082,
      45.84226608276367,
      36.833763122558594,
      49.694087982177734,
      16.9068660736084,
      58.26818084716797,
      80.00326538085938,
      39.991817474365234
    ],
    [
      24.38996696472168,
      19.54324722290039,
      28.103254318237305,
      31.486745834350586,
      22.069704055786133,
      20.758121490478516,
      16.385726928710938,
      13.789886474609375,
      20.569501876831055,
      13.691413879394531,
      17.3669490814209,
      30.66893196105957,
      14.654315948486328,
      30.05877113342285,
      10.865265846252441,
      34.223060607910156,
      45.8402099609375,
      23.641674041748047
    ],
    [
      40.02028274536133,
      12.902153968811035,
      35.164581298828125,
      22.069704055786133,
      49.87883758544922,
      37.03518295288086,
      39.0897216796875,
      26.528884887695312,
      41.17679977416992,
      28.132978439331055,
      48.68994903564453,
      56.445369720458984,
      23.44105339050293,
      58.6282844543457,
      10.746745109558105,
      62.36248779296875,
      81.20488739013672,
      41.06292724609375
    ],
    [
      30.16690444946289,
      12.702573776245117,
      26.864173889160156,
      20.758121490478516,
      37.03518295288086,
      37.32243728637695,
      31.163536071777344,
      24.52579116821289,
      30.594465255737305,
      22.616535186767578,
      33.29806137084961,
      45.60676956176758,
      14.948847770690918,
      45.788429260253906,
      5.909290313720703,
      48.30859375,
      62.49159240722656,
      32.368404388427734
    ],
    [
      30.997825622558594,
      15.706327438354492,
      29.74996566772461,
      16.385726928710938,
      39.0897216796875,
      31.163536071777344,
      46.08937072753906,
      32.81163787841797,
      38.46487045288086,
      29.16567039489746,
      39.93217086791992,
      55.03425216674805,
      17.56711769104004,
      51.39204406738281,
      6.87544584274292,
      51.58616638183594,
      65.75273895263672,
      33.41114807128906
    ],
    [
      17.622785568237305,
      12.123003005981445,
      19.307842254638672,
      13.789886474609375,
      26.528884887695312,
      24.52579116821289,
      32.81163787841797,
      31.860761642456055,
      25.88869285583496,
      25.34125518798828,
      19.731197357177734,
      41.499755859375,
      1.5120763778686523,
      34.903724670410156,
      0.6961031556129456,
      32.97836685180664,
      40.30112838745117,
      21.008277893066406
    ],
    [
      36.39113998413086,
      19.516691207885742,
      34.935367584228516,
      20.569501876831055,
      41.17679977416992,
      30.594465255737305,
      38.46487045288086,
      25.88869285583496,
      54.1665153503418,
      30.351398468017578,
      50.91691207885742,
      59.08403778076172,
      20.98676300048828,
      57.698768615722656,
      9.234262466430664,
      59.340576171875,
      78.1470718383789,
      39.42869186401367
    ],
    [
      16.273284912109375,
      10.341065406799316,
      17.148529052734375,
      13.691413879394531,
      28.132978439331055,
      22.616535186767578,
      29.16567039489746,
      25.34125518798828,
      30.351398468017578,
      37.20707321166992,
      13.394821166992188,
      44.27253341674805,
      -10.599367141723633,
      31.73733901977539,
      -3.2877774238586426,
      25.987106323242188,
      29.866117477416992,
      15.660971641540527
    ],
    [
      54.17775344848633,
      18.72794532775879,
      43.2255744934082,
      17.3669490814209,
      48.68994903564453,
      33.29806137084961,
      39.93217086791992,
      19.731197357177734,
      50.91691207885742,
      13.394821166992188,
      112.9771728515625,
      61.67113494873047,
      61.748497009277344,
      78.24325561523438,
      22.909669876098633,
      89.03861999511719,
      118.86012268066406,
      60.173988342285156
    ],
    [
      50.9549560546875,
      29.87236976623535,
      45.84226608276367,
      30.66893196105957,
      56.445369720458984,
      45.60676956176758,
      55.03425216674805,
      41.499755859375,
      59.08403778076172,
      44.27253341674805,
      61.67113494873047,
      96.94000244140625,
      22.315706253051758,
      84.2007827758789,
      9.661529541015625,
      84.51282501220703,
      107.15772247314453,
      54.87335968017578
    ],
    [
      39.902374267578125,
      15.706382751464844,
      36.833763122558594,
      14.654315948486328,
      23.44105339050293,
      14.948847770690918,
      17.56711769104004,
      1.5120763778686523,
      20.98676300048828,
      -10.599367141723633,
      61.748497009277344,
      22.315706253051758,
      100.63963317871094,
      44.23811721801758,
      38.581634521484375,
      65.82585906982422,
      94.27603912353516,
      49.17770004272461
    ],
    [
      58.57251739501953,
      26.371471405029297,
      49.694087982177734,
      30.05877113342285,
      58.6282844543457,
      45.788429260253906,
      51.39204406738281,
      34.903724670410156,
      57.698768615722656,
      31.73733901977539,
      78.24325561523438,
      84.2007827758789,
      44.23811721801758,
      91.05433654785156,
      18.959108352661133,
      95.81585693359375,
      125.27236938476562,
      64.29557800292969
    ],
    [
      16.07498550415039,
      4.0955023765563965,
      16.9068660736084,
      10.865265846252441,
      10.746745109558105,
      5.909290313720703,
      6.87544584274292,
      0.6961031556129456,
      9.234262466430664,
      -3.2877774238586426,
      22.909669876098633,
      9.661529541015625,
      38.581634521484375,
      18.959108352661133,
      50.768741607666016,
      28.953218460083008,
      43.84037780761719,
      26.020904541015625
    ],
    [
      70.58650970458984,
      29.701332092285156,
      58.26818084716797,
      34.223060607910156,
      62.36248779296875,
      48.30859375,
      51.58616638183594,
      32.97836685180664,
      59.340576171875,
      25.987106323242188,
      89.03861999511719,
      84.51282501220703,
      65.82585906982422,
      95.81585693359375,
      28.953218460083008,
      110.65857696533203,
      147.3114776611328,
      76.03816223144531
    ],
    [
      98.38697052001953,
      40.07952880859375,
      80.00326538085938,
      45.8402099609375,
      81.20488739013672,
      62.49159240722656,
      65.75273895263672,
      40.30112838745117,
      78.1470718383789,
      29.866117477416992,
      118.86012268066406,
      107.15772247314453,
      94.27603912353516,
      125.27236938476562,
      43.84037780761719,
      147.3114776611328,
      202.97047424316406,
      104.2730712890625
    ],
    [
      47.40217971801758,
      19.713462829589844,
      39.991817474365234,
      23.641674041748047,
      41.06292724609375,
      32.368404388427734,
      33.41114807128906,
      21.008277893066406,
      39.42869186401367,
      15.660971641540527,
      60.173988342285156,
      54.87335968017578,
      49.17770004272461,
      64.29557800292969,
      26.020904541015625,
      76.03816223144531,
      104.2730712890625,
      56.55277633666992
    ]
  ],
  "covariance_short": [
    [
      117.11749267578125,
      59.980201721191406,
      53.438636779785156,
      22.470577239990234,
      41.02058792114258,
      29.732120513916016,
      29.72153663635254,
      15.546675682067871,
      37.79887390136719,
      16.495853424072266,
      58.469268798828125,
      51.79118728637695,
      58.09345245361328,
      60.38189697265625,
      94.4239501953125,
      67.95904541015625,
      88.74602508544922,
      40.018898010253906
    ],
    [
      59.980201721191406,
      64.96566009521484,
      39.27888488769531,
      26.837018966674805,
      31.109743118286133,
      27.240814208984375,
      24.75303077697754,
      17.982425689697266,
      32.6125373840332,
      19.90291404724121,
      37.81344223022461,
      46.1334114074707,
      31.035011291503906,
      45.60490417480469,
      50.2974853515625,
      47.10908889770508,
      59.99858093261719,
      27.131820678710938
    ],
    [
      53.438636779785156,
      39.27888488769531,
      55.065940856933594,
      26.829071044921875,
      35.03194046020508,
      25.157978057861328,
      26.433568954467773,
      15.220362663269043,
      33.603431701660156,
      16.28887367248535,
      41.825782775878906,
      42.73656463623047,
      43.241050720214844,
      46.603214263916016,
      73.17212677001953,
      52.493953704833984,
      67.82052612304688,
      32.81616973876953
    ],
    [
      22.470577239990234,
      26.837018966674805,
      26.829071044921875,
      33.03861618041992,
      22.964027404785156,
      22.88490104675293,
      13.74185848236084,
      12.231188774108887,
      19.711454391479492,
      13.630285263061523,
      16.994155883789062,
      28.698652267456055,
      13.540216445922852,
      24.936784744262695,
      29.756874084472656,
      25.877103805541992,
      33.28486251831055,
      15.44550609588623
    ],
    [
      41.02058792114258,
      31.109743118286133,
      35.03194046020508,
      22.964027404785156,
      52.118194580078125,
      37.83757400512695,
      36.56806945800781,
      24.603473663330078,
      42.414306640625,
      27.702295303344727,
      46.7276611328125,
      53.34342956542969,
      33.56049728393555,
      52.47901153564453,
      65.22859191894531,
      52.22244644165039,
      65.12042236328125,
      30.171445846557617
    ],
    [
      29.732120513916016,
      27.240814208984375,
      25.157978057861328,
      22.88490104675293,
      37.83757400512695,
      42.76844787597656,
      27.969257354736328,
      23.304725646972656,
      32.022705078125,
      22.73127555847168,
      32.051876068115234,
      44.38584899902344,
      20.927820205688477,
      41.19234848022461,
      45.14134979248047,
      40.359622955322266,
      50.059051513671875,
      23.30061149597168
    ],
    [
      29.72153663635254,
      24.75303077697754,
      26.433568954467773,
      13.74185848236084,
      36.56806945800781,
      27.969257354736328,
      46.66126251220703,
      30.679895401000977,
      38.461795806884766,
      30.333839416503906,
      39.06537628173828,
      50.231319427490234,
      22.771018981933594,
      44.734073638916016,
      41.725704193115234,
      39.6302604675293,
      47.3564453125,
      22.87285804748535
    ],
    [
      15.546675682067871,
      17.982425689697266,
      15.220362663269043,
      12.231188774108887,
      24.603473663330078,
      23.304725646972656,
      30.679895401000977,
      32.60893249511719,
      26.283031463623047,
      26.434022903442383,
      18.91437339782715,
      38.084869384765625,
      2.2110698223114014,
      29.40533447265625,
      14.532851219177246,
      23.09364128112793,
      26.106748580932617,
      12.422128677368164
    ],
    [
      37.79887390136719,
      32.6125373840332,
      33.603431701660156,
      19.711454391479492,
      42.414306640625,
      32.022705078125,
      38.461795806884766,
      26.283031463623047,
      61.49875259399414,
      35.45463562011719,
      54.33226013183594,
      60.491065979003906,
      31.46758460998535,
      56.17544174194336,
      58.96494674682617,
      52.9461669921875,
      67.27832794189453,
      32.06462097167969
    ],
    [
      16.495853424072266,
      19.90291404724121,
      16.28887367248535,
      13.630285263061523,
      27.702295303344727,
      22.73127555847168,
      30.333839416503906,
      26.434022903442383,
      35.45463562011719,
      40.67121505737305,
      19.386096954345703,
      45.991661071777344,
      -5.0663676261901855,
      31.854515075683594,
      10.635599136352539,
      23.171953201293945,
      25.349889755249023,
      12.596369743347168
    ],
    [
      58.469268798828125,
      37.81344223022461,
      41.825782775878906,
      16.994155883789062,
      46.7276611328125,
      32.051876068115234,
      39.06537628173828,
      18.91437339782715,
      54.33226013183594,
      19.386096954345703,
      110.4706802368164,
      64.77589416503906,
      80.97980499267578,
      78.7161636352539,
      109.65887451171875,
      82.09022521972656,
      104.43062591552734,
      51.269840240478516
    ],
    [
      51.79118728637695,
      46.1334114074707,
      42.73656463623047,
      28.698652267456055,
      53.34342956542969,
      44.38584899902344,
      50.231319427490234,
      38.084869384765625,
      60.491065979003906,
      45.991661071777344,
      64.77589416503906,
      96.24752807617188,
      35.45527648925781,
      79.31087493896484,
      73.68147277832031,
      72.69744110107422,
      86.59161376953125,
      42.04301071166992
    ],
    [
      58.09345245361328,
      31.035011291503906,
      43.241050720214844,
      13.540216445922852,
      33.56049728393555,
      20.927820205688477,
      22.771018981933594,
      2.2110698223114014,
      31.46758460998535,
      -5.0663676261901855,
      80.97980499267578,
      35.45527648925781,
      138.36618041992188,
      69.93327331542969,
      143.1089630126953,
      88.5881576538086,
      118.01504516601562,
      60.61125946044922
    ],
    [
      60.38189697265625,
      45.60490417480469,
      46.603214263916016,
      24.936784744262695,
      52.47901153564453,
      41.19234848022461,
      44.734073638916016,
      29.40533447265625,
      56.17544174194336,
      31.854515075683594,
      78.7161636352539,
      79.31087493896484,
      69.93327331542969,
      88.01165008544922,
      107.47468566894531,
      86.29010009765625,
      106.49967193603516,
      53.67551803588867
    ],
    [
      94.4239501953125,
      50.2974853515625,
      73.17212677001953,
      29.756874084472656,
      65.22859191894531,
      45.14134979248047,
      41.725704193115234,
      14.532851219177246,
      58.96494674682617,
      10.635599136352539,
      109.65887451171875,
      73.68147277832031,
      143.1089630126953,
      107.47468566894531,
      231.72793579101562,
      134.7572021484375,
      176.2233428955078,
      88.85187530517578
    ],
    [
      67.95904541015625,
      47.10908889770508,
      52.493953704833984,
      25.877103805541992,
      52.22244644165039,
      40.359622955322266,
      39.6302604675293,
      23.09364128112793,
      52.9461669921875,
      23.171953201293945,
      82.09022521972656,
      72.69744110107422,
      88.5881576538086,
      86.29010009765625,
      134.7572021484375,
      99.13334655761719,
      123.50253295898438,
      64.94743347167969
    ],
    [
      88.74602508544922,
      59.99858093261719,
      67.82052612304688,
      33.28486251831055,
      65.12042236328125,
      50.059051513671875,
      47.3564453125,
      26.106748580932617,
      67.27832794189453,
      25.349889755249023,
      104.43062591552734,
      86.59161376953125,
      118.01504516601562,
      106.49967193603516,
      176.2233428955078,
      123.50253295898438,
      164.9716033935547,
      84.7874526977539
    ],
    [
      40.018898010253906,
      27.131820678710938,
      32.81616973876953,
      15.44550609588623,
      30.171445846557617,
      23.30061149597168,
      22.87285804748535,
      12.422128677368164,
      32.06462097167969,
      12.596369743347168,
      51.269840240478516,
      42.04301071166992,
      60.61125946044922,
      53.67551803588867,
      88.85187530517578,
      64.94743347167969,
      84.7874526977539,
      50.91960906982422
    ]
  ],
  "damage": -6.281026840209961,
  "diff_bandwidth": 319.6747741699219,
  "dissonance": 7.496598396589653,
  "drr": -0.22038933634757996,
  "dynamics": 5.2009501457214355,
  "format": 1245190,
  "frames": 4587520,
  "loudness": -13.310870170593262,
  "loudness_range": 16.775421142578125,
  "loudness_range_short": 20.157861709594727,
  "lowpass_true_peak_15khz": 0.5386954545974731,
  "mastering3_acoustic_entropies": [
    {
      "acoustic_entropy": 5.731268882751465,
      "acoustic_entropy_mono": 5.376626491546631,
      "band_eliminated_acoustic_entropies": [
        {
          "acoustic_entropy": 5.812311172485352,
          "acoustic_entropy_side": 5.7312726974487305,
          "hz": 129.47220167065723
        },
        {
          "acoustic_entropy": 5.505149841308594,
          "acoustic_entropy_side": 5.7318925857543945,
          "hz": 202.92927478742237
        },
        {
          "acoustic_entropy": 6.141599655151367,
          "acoustic_entropy_side": 5.7410888671875,
          "hz": 282.89161906338205
        },
        {
          "acoustic_entropy": 5.703295707702637,
          "acoustic_entropy_side": 5.704688549041748,
          "hz": 369.9353335868758
        },
        {
          "acoustic_entropy": 5.498474597930908,
          "acoustic_entropy_side": 5.570123195648193,
          "hz": 464.6875360973435
        },
        {
          "acoustic_entropy": 5.399874210357666,
          "acoustic_entropy_side": 5.6018266677856445,
          "hz": 567.8308811364784
        },
        {
          "acoustic_entropy": 5.8300676345825195,
          "acoustic_entropy_side": 5.629615783691406,
          "hz": 680.1084783214808
        },
        {
          "acoustic_entropy": 5.854368686676025,
          "acoustic_entropy_side": 5.762427806854248,
          "hz": 802.3292461747484
        },
        {
          "acoustic_entropy": 5.931850433349609,
          "acoustic_entropy_side": 5.74348783493042,
          "hz": 935.3737400823702
        },
        {
          "acoustic_entropy": 5.839986324310303,
          "acoustic_entropy_side": 5.7866082191467285,
          "hz": 1080.2004963696966
        },
        {
          "acoustic_entropy": 6.019261360168457,
          "acoustic_entropy_side": 5.77565336227417,
          "hz": 1237.8529382007157
        },
        {
          "acoustic_entropy": 5.807880401611328,
          "acoustic_entropy_side": 5.728768825531006,
          "hz": 1409.4668930556702
        },
        {
          "acoustic_entropy": 5.842672348022461,
          "acoustic_entropy_side": 5.770336627960205,
          "hz": 1596.2787759475705
        },
        {
          "acoustic_entropy": 5.777000427246094,
          "acoustic_entropy_side": 5.757901668548584,
          "hz": 1799.6344973346393
        },
        {
          "acoustic_entropy": 5.683037281036377,
          "acoustic_entropy_side": 5.753448486328125,
          "hz": 2020.9991599069049
        },
        {
          "acoustic_entropy": 5.808934688568115,
          "acoustic_entropy_side": 5.760596752166748,
          "hz": 2261.9676141086993
        },
        {
          "acoustic_entropy": 5.614550590515137,
          "acoustic_entropy_side": 5.731403350830078,
          "hz": 2524.2759484456974
        },
        {
          "acoustic_entropy": 5.647755146026611,
          "acoustic_entropy_side": 5.731984615325928,
          "hz": 2809.813997359896
        },
        {
          "acoustic_entropy": 5.641563415527344,
          "acoustic_entropy_side": 5.731966018676758,
          "hz": 3120.6389567871424
        },
        {
          "acoustic_entropy": 5.655822277069092,
          "acoustic_entropy_side": 5.7300004959106445,
          "hz": 3458.990205492291
        },
        {
          "acoustic_entropy": 5.662980556488037,
          "acoustic_entropy_side": 5.73057746887207,
          "hz": 3827.305438964164
        },
        {
          "acoustic_entropy": 5.714349269866943,
          "acoustic_entropy_side": 5.731568813323975,
          "hz": 4228.238232109126
        },
        {
          "acoustic_entropy": 5.844142913818359,
          "acoustic_entropy_side": 5.731532573699951,
          "hz": 4664.6771572759235
        },
        {
          "acoustic_entropy": 5.776674747467041,
          "acoustic_entropy_side": 5.731224536895752,
          "hz": 5139.766595350093
        },
        {
          "acoustic_entropy": 5.681577682495117,
          "acoustic_entropy_side": 5.7312421798706055,
          "hz": 5656.929389854203
        },
        {
          "acoustic_entropy": 5.677049160003662,
          "acoustic_entropy_side": 5.731259822845459,
          "hz": 6219.891507268283
        },
        {
          "acoustic_entropy": 5.657055854797363,
          "acoustic_entropy_side": 5.73127555847168,
          "hz": 6832.70888123896
        },
        {
          "acoustic_entropy": 5.665831089019775,
          "acoustic_entropy_side": 5.731252670288086,
          "hz": 7499.796634079867
        },
        {
          "acoustic_entropy": 5.672036647796631,
          "acoustic_entropy_side": 5.7312750816345215,
          "hz": 8225.96088609342
        },
        {
          "acoustic_entropy": 5.684872627258301,
          "acoustic_entropy_side": 5.731276512145996,
          "hz": 9016.43338188839
        },
        {
          "acoustic_entropy": 5.726172924041748,
          "acoustic_entropy_side": 5.731268405914307,
          "hz": 9876.909183162974
        },
        {
          "acoustic_entropy": 5.733495235443115,
          "acoustic_entropy_side": 5.7312235832214355,
          "hz": 10813.587699516042
        },
        {
          "acoustic_entropy": 5.745519638061523,
          "acoustic_entropy_side": 5.731233596801758,
          "hz": 11833.21735289826
        },
        {
          "acoustic_entropy": 5.6776323318481445,
          "acoustic_entropy_side": 5.731112480163574,
          "hz": 12943.144197493959
        },
        {
          "acoustic_entropy": 5.692526340484619,
          "acoustic_entropy_side": 5.7311906814575195,
          "hz": 14151.364845322005
        },
        {
          "acoustic_entropy": 5.718888282775879,
          "acoustic_entropy_side": 5.73124885559082,
          "hz": 15466.58407886509
        },
        {
          "acoustic_entropy": 5.733152389526367,
          "acoustic_entropy_side": 5.731268405914307,
          "hz": 16898.27756580493
        },
        {
          "acoustic_entropy": 5.731215000152588,
          "acoustic_entropy_side": 5.731266975402832,
          "hz": 18456.760127700032
        },
        {
          "acoustic_entropy": 5.730941295623779,
          "acoustic_entropy_side": 5.731267929077148,
          "hz": 20153.260054456492
        },
        {
          "acoustic_entropy": 5.731234073638916,
          "acoustic_entropy_side": 5.731268882751465,
          "hz": 22000.00000000001
        }
      ],
      "diff_acoustic_entropy": 5.272197246551514,
      "sn": 6
    },
    {
      "acoustic_entropy": 8.71327018737793,
      "acoustic_entropy_mono": 8.330548286437988,
      "band_eliminated_acoustic_entropies": [
        {
          "acoustic_entropy": 8.564661979675293,
          "acoustic_entropy_side": 8.711857795715332,
          "hz": 129.47220167065723
        },
        {
          "acoustic_entropy": 8.805127143859863,
          "acoustic_entropy_side": 8.67282485961914,
          "hz": 202.92927478742237
        },
        {
          "acoustic_entropy": 8.976378440856934,
          "acoustic_entropy_side": 8.63646411895752,
          "hz": 282.89161906338205
        },
        {
          "acoustic_entropy": 8.668710708618164,
          "acoustic_entropy_side": 8.501639366149902,
          "hz": 369.9353335868758
        },
        {
          "acoustic_entropy": 8.677755355834961,
          "acoustic_entropy_side": 8.502262115478516,
          "hz": 464.6875360973435
        },
        {
          "acoustic_entropy": 8.90048599243164,
          "acoustic_entropy_side": 8.346187591552734,
          "hz": 567.8308811364784
        },
        {
          "acoustic_entropy": 8.606825828552246,
          "acoustic_entropy_side": 8.579227447509766,
          "hz": 680.1084783214808
        },
        {
          "acoustic_entropy": 8.607670783996582,
          "acoustic_entropy_side": 8.722046852111816,
          "hz": 802.3292461747484
        },
        {
          "acoustic_entropy": 8.459880828857422,
          "acoustic_entropy_side": 8.80040168762207,
          "hz": 935.3737400823702
        },
        {
          "acoustic_entropy": 8.561756134033203,
          "acoustic_entropy_side": 8.711549758911133,
          "hz": 1080.2004963696966
        },
        {
          "acoustic_entropy": 8.76375961303711,
          "acoustic_entropy_side": 8.72529125213623,
          "hz": 1237.8529382007157
        },
        {
          "acoustic_entropy": 8.609599113464355,
          "acoustic_entropy_side": 8.755250930786133,
          "hz": 1409.4668930556702
        },
        {
          "acoustic_entropy": 8.647392272949219,
          "acoustic_entropy_side": 8.615399360656738,
          "hz": 1596.2787759475705
        },
        {
          "acoustic_entropy": 8.792640686035156,
          "acoustic_entropy_side": 8.730192184448242,
          "hz": 1799.6344973346393
        },
        {
          "acoustic_entropy": 8.42784309387207,
          "acoustic_entropy_side": 8.68184757232666,
          "hz": 2020.9991599069049
        },
        {
          "acoustic_entropy": 8.874547958374023,
          "acoustic_entropy_side": 8.737283706665039,
          "hz": 2261.9676141086993
        },
        {
          "acoustic_entropy": 8.84763240814209,
          "acoustic_entropy_side": 8.761320114135742,
          "hz": 2524.2759484456974
        },
        {
          "acoustic_entropy": 8.722516059875488,
          "acoustic_entropy_side": 8.738103866577148,
          "hz": 2809.813997359896
        },
        {
          "acoustic_entropy": 8.607190132141113,
          "acoustic_entropy_side": 8.740898132324219,
          "hz": 3120.6389567871424
        },
        {
          "acoustic_entropy": 8.736641883850098,
          "acoustic_entropy_side": 8.746158599853516,
          "hz": 3458.990205492291
        },
        {
          "acoustic_entropy": 8.755902290344238,
          "acoustic_entropy_side": 8.737089157104492,
          "hz": 3827.305438964164
        },
        {
          "acoustic_entropy": 8.608230590820312,
          "acoustic_entropy_side": 8.731492042541504,
          "hz": 4228.238232109126
        },
        {
          "acoustic_entropy": 8.544310569763184,
          "acoustic_entropy_side": 8.7152099609375,
          "hz": 4664.6771572759235
        },
        {
          "acoustic_entropy": 8.614235877990723,
          "acoustic_entropy_side": 8.712692260742188,
          "hz": 5139.766595350093
        },
        {
          "acoustic_entropy": 8.633962631225586,
          "acoustic_entropy_side": 8.712864875793457,
          "hz": 5656.929389854203
        },
        {
          "acoustic_entropy": 8.663265228271484,
          "acoustic_entropy_side": 8.713193893432617,
          "hz": 6219.891507268283
        },
        {
          "acoustic_entropy": 8.635403633117676,
          "acoustic_entropy_side": 8.713556289672852,
          "hz": 6832.70888123896
        },
        {
          "acoustic_entropy": 8.633930206298828,
          "acoustic_entropy_side": 8.714239120483398,
          "hz": 7499.796634079867
        },
        {
          "acoustic_entropy": 8.634581565856934,
          "acoustic_entropy_side": 8.714598655700684,
          "hz": 8225.96088609342
        },
        {
          "acoustic_entropy": 8.68179702758789,
          "acoustic_entropy_side": 8.713825225830078,
          "hz": 9016.43338188839
        },
        {
          "acoustic_entropy": 8.74016284942627,
          "acoustic_entropy_side": 8.714295387268066,
          "hz": 9876.909183162974
        },
        {
          "acoustic_entropy": 8.710168838500977,
          "acoustic_entropy_side": 8.714180946350098,
          "hz": 10813.587699516042
        },
        {
          "acoustic_entropy": 8.668831825256348,
          "acoustic_entropy_side": 8.71467399597168,
          "hz": 11833.21735289826
        },
        {
          "acoustic_entropy": 8.634490966796875,
          "acoustic_entropy_side": 8.71574878692627,
          "hz": 12943.144197493959
        },
        {
          "acoustic_entropy": 8.620903968811035,
          "acoustic_entropy_side": 8.71455192565918,
          "hz": 14151.364845322005
        },
        {
          "acoustic_entropy": 8.670903205871582,
          "acoustic_entropy_side": 8.713766098022461,
          "hz": 15466.58407886509
        },
        {
          "acoustic_entropy": 8.716559410095215,
          "acoustic_entropy_side": 8.713274955749512,
          "hz": 16898.27756580493
        },
        {
          "acoustic_entropy": 8.719611167907715,
          "acoustic_entropy_side": 8.71327018737793,
          "hz": 18456.760127700032
        },
        {
          "acoustic_entropy": 8.720159530639648,
          "acoustic_entropy_side": 8.71327018737793,
          "hz": 20153.260054456492
        },
        {
          "acoustic_entropy": 8.714116096496582,
          "acoustic_entropy_side": 8.713269233703613,
          "hz": 22000.00000000001
        }
      ],
      "diff_acoustic_entropy": 8.453524589538574,
      "sn": 12
    },
    {
      "acoustic_entropy": 15.129717826843262,
      "acoustic_entropy_mono": 13.480183601379395,
      "band_eliminated_acoustic_entropies": [
        {
          "acoustic_entropy": 14.27196979522705,
          "acoustic_entropy_side": 15.149333000183105,
          "hz": 129.47220167065723
        },
        {
          "acoustic_entropy": 15.850815773010254,
          "acoustic_entropy_side": 15.04213809967041,
          "hz": 202.92927478742237
        },
        {
          "acoustic_entropy": 14.15343189239502,
          "acoustic_entropy_side": 14.665230751037598,
          "hz": 282.89161906338205
        },
        {
          "acoustic_entropy": 14.812265396118164,
          "acoustic_entropy_side": 15.378857612609863,
          "hz": 369.9353335868758
        },
        {
          "acoustic_entropy": 14.416223526000977,
          "acoustic_entropy_side": 14.927739143371582,
          "hz": 464.6875360973435
        },
        {
          "acoustic_entropy": 14.48465347290039,
          "acoustic_entropy_side": 14.775300979614258,
          "hz": 567.8308811364784
        },
        {
          "acoustic_entropy": 15.524323463439941,
          "acoustic_entropy_side": 15.32801628112793,
          "hz": 680.1084783214808
        },
        {
          "acoustic_entropy": 15.378538131713867,
          "acoustic_entropy_side": 15.487601280212402,
          "hz": 802.3292461747484
        },
        {
          "acoustic_entropy": 14.320502281188965,
          "acoustic_entropy_side": 14.56334400177002,
          "hz": 935.3737400823702
        },
        {
          "acoustic_entropy": 14.944523811340332,
          "acoustic_entropy_side": 15.270153999328613,
          "hz": 1080.2004963696966
        },
        {
          "acoustic_entropy": 15.241068840026855,
          "acoustic_entropy_side": 15.108797073364258,
          "hz": 1237.8529382007157
        },
        {
          "acoustic_entropy": 14.839618682861328,
          "acoustic_entropy_side": 15.267132759094238,
          "hz": 1409.4668930556702
        },
        {
          "acoustic_entropy": 15.049155235290527,
          "acoustic_entropy_side": 15.106559753417969,
          "hz": 1596.2787759475705
        },
        {
          "acoustic_entropy": 15.132104873657227,
          "acoustic_entropy_side": 14.963336944580078,
          "hz": 1799.6344973346393
        },
        {
          "acoustic_entropy": 15.561166763305664,
          "acoustic_entropy_side": 15.120010375976562,
          "hz": 2020.9991599069049
        },
        {
          "acoustic_entropy": 14.339160919189453,
          "acoustic_entropy_side": 14.934837341308594,
          "hz": 2261.9676141086993
        },
        {
          "acoustic_entropy": 14.572492599487305,
          "acoustic_entropy_side": 15.014201164245605,
          "hz": 2524.2759484456974
        },
        {
          "acoustic_entropy": 14.739433288574219,
          "acoustic_entropy_side": 14.93704891204834,
          "hz": 2809.813997359896
        },
        {
          "acoustic_entropy": 15.250509262084961,
          "acoustic_entropy_side": 15.065038681030273,
          "hz": 3120.6389567871424
        },
        {
          "acoustic_entropy": 14.649857521057129,
