{
  "acoustic_entropy": 223.88633728027344,
  "bands": [
    {
      "high_freq": 148.1999969482422,
      "loudness": -45.98512268066406,
      "loudness_range": 23.98703384399414,
      "mid_mean": -44.43843460083008,
      "mid_to_side_loudness": -2.7439098358154297,
      "mid_to_side_loudness_range": 10.759054183959961,
      "side_mean": -47.00172805786133
    },
    {
      "high_freq": 392.3793640136719,
      "loudness": -38.19814682006836,
      "loudness_range": 16.92795753479004,
      "low_freq": 148.1999969482422,
      "mid_mean": -37.780738830566406,
      "mid_to_side_loudness": -0.062055788934230804,
      "mid_to_side_loudness_range": 9.572919845581055,
      "side_mean": -37.86296463012695
    },
    {
      "high_freq": 794.6976318359375,
      "loudness": -34.704368591308594,
      "loudness_range": 15.735162734985352,
      "low_freq": 392.3793640136719,
      "mid_mean": -33.38810729980469,
      "mid_to_side_loudness": -1.8005099296569824,
      "mid_to_side_loudness_range": 7.510037422180176,
      "side_mean": -35.206825256347656
    },
    {
      "high_freq": 1457.5709228515625,
      "loudness": -34.977149963378906,
      "loudness_range": 19.623117446899414,
      "low_freq": 794.6976318359375,
      "mid_mean": -33.00920867919922,
      "mid_to_side_loudness": -3.93599796295166,
      "mid_to_side_loudness_range": 10.139537811279297,
      "side_mean": -37.07245635986328
    },
    {
      "high_freq": 2549.74365234375,
      "loudness": -35.507347106933594,
      "loudness_range": 23.752099990844727,
      "low_freq": 1457.5709228515625,
      "mid_mean": -33.81247329711914,
      "mid_to_side_loudness": -3.381892204284668,
      "mid_to_side_loudness_range": 10.450174331665039,
      "side_mean": -37.34523391723633
    },
    {
      "high_freq": 4349.24462890625,
      "loudness": -40.68714141845703,
      "loudness_range": 32.2439079284668,
      "low_freq": 2549.74365234375,
      "mid_mean": -39.32351303100586,
      "mid_to_side_loudness": -3.351715564727783,
      "mid_to_side_loudness_range": 9.854476928710938,
      "side_mean": -42.34653854370117
    },
    {
      "high_freq": 7314.1640625,
      "loudness": -51.92169952392578,
      "loudness_range": 38.53264617919922,
      "low_freq": 4349.24462890625,
      "mid_mean": -50.369197845458984,
      "mid_to_side_loudness": -2.5801517963409424,
      "mid_to_side_loudness_range": 5.919322967529297,
      "side_mean": -52.47956466674805
    },
    {
      "high_freq": 12199.2666015625,
      "loudness": -58.16457748413086,
      "loudness_range": 34.67373275756836,
      "low_freq": 7314.1640625,
      "mid_mean": -56.06916809082031,
      "mid_to_side_loudness": -1.5820362567901611,
      "mid_to_side_loudness_range": 3.3922932147979736,
      "side_mean": -57.28207778930664
    },
    {
      "loudness": -66.52997589111328,
      "loudness_range": 20.46979522705078,
      "low_freq": 12199.2666015625,
      "mid_mean": -63.58882141113281,
      "mid_to_side_loudness": -0.33570969104766846,
      "mid_to_side_loudness_range": 0.8500715494155884,
      "side_mean": -63.76572799682617
    }
  ],
  "bands_short": [
    {
      "high_freq": 148.1999969482422,
      "loudness": -48.85980224609375,
      "loudness_range": 23.17531967163086,
      "mid_mean": -47.5649299621582,
      "mid_to_side_loudness": -2.9181063175201416,
      "mid_to_side_loudness_range": 15.921762466430664,
      "side_mean": -50.649314880371094
    },
    {
      "high_freq": 392.3793640136719,
      "loudness": -38.38990783691406,
      "loudness_range": 18.129961013793945,
      "low_freq": 148.1999969482422,
      "mid_mean": -38.05682373046875,
      "mid_to_side_loudness": -0.25126999616622925,
      "mid_to_side_loudness_range": 11.879596710205078,
      "side_mean": -38.24905014038086
    },
    {
      "high_freq": 794.6976318359375,
      "loudness": -35.32013702392578,
      "loudness_range": 17.358844757080078,
      "low_freq": 392.3793640136719,
      "mid_mean": -34.25978088378906,
      "mid_to_side_loudness": -1.6514842510223389,
      "mid_to_side_loudness_range": 11.274673461914062,
      "side_mean": -35.99895477294922
    },
    {
      "high_freq": 1457.5709228515625,
      "loudness": -35.42707443237305,
      "loudness_range": 20.974422454833984,
      "low_freq": 794.6976318359375,
      "mid_mean": -33.685245513916016,
      "mid_to_side_loudness": -3.628882884979248,
      "mid_to_side_loudness_range": 12.702043533325195,
      "side_mean": -37.50029754638672
    },
    {
      "high_freq": 2549.74365234375,
      "loudness": -36.409725189208984,
      "loudness_range": 25.356292724609375,
      "low_freq": 1457.5709228515625,
      "mid_mean": -34.87489318847656,
      "mid_to_side_loudness": -3.1807289123535156,
      "mid_to_side_loudness_range": 12.335988998413086,
      "side_mean": -38.251991271972656
    },
    {
      "high_freq": 4349.24462890625,
      "loudness": -41.090362548828125,
      "loudness_range": 32.546142578125,
      "low_freq": 2549.74365234375,
      "mid_mean": -39.93824005126953,
      "mid_to_side_loudness": -3.20974063873291,
      "mid_to_side_loudness_range": 11.003556251525879,
      "side_mean": -43.08247375488281
    },
    {
      "high_freq": 7314.1640625,
      "loudness": -53.05542755126953,
      "loudness_range": 39.77760314941406,
      "low_freq": 4349.24462890625,
      "mid_mean": -51.41245651245117,
      "mid_to_side_loudness": -2.5333995819091797,
      "mid_to_side_loudness_range": 6.922769069671631,
      "side_mean": -53.487125396728516
    },
    {
      "high_freq": 12199.2666015625,
      "loudness": -59.56193542480469,
      "loudness_range": 35.43210220336914,
      "low_freq": 7314.1640625,
      "mid_mean": -57.31989669799805,
      "mid_to_side_loudness": -1.6368660926818848,
      "mid_to_side_loudness_range": 3.992654800415039,
      "side_mean": -58.575927734375
    },
    {
      "loudness": -67.48607635498047,
      "loudness_range": 20.68942642211914,
      "low_freq": 12199.2666015625,
      "mid_mean": -64.3353500366211,
      "mid_to_side_loudness": -0.358935683965683,
      "mid_to_side_loudness_range": 1.5424151420593262,
      "side_mean": -64.53375244140625
    }
  ],
  "bandwidth": 1051.9024658203125,
  "channels": 2,
  "covariance": [
    [
      61.805545806884766,
      70.06293487548828,
      30.087434768676758,
      34.25000762939453,
      28.396474838256836,
      26.29769515991211,
      19.0089168548584,
      32.3536262512207,
      26.458145141601562,
      40.57041549682617,
      38.52294921875,
      48.844093322753906,
      45.97858428955078,
      49.626014709472656,
      34.06159973144531,
      35.14960861206055,
      15.552312850952148,
      15.567633628845215
    ],
    [
      70.06293487548828,
      90.37500762939453,
      37.33549118041992,
      42.100006103515625,
      34.758934020996094,
      32.64423751831055,
      24.183073043823242,
      40.64558792114258,
      34.529685974121094,
      52.07543182373047,
      49.53620529174805,
      62.431827545166016,
      58.34206008911133,
      62.67280960083008,
      43.56777572631836,
      44.588050842285156,
      19.9140682220459,
      19.915857315063477
    ],
    [
      30.087434768676758,
      37.33549118041992,
      35.55311584472656,
      32.6544189453125,
      25.115570068359375,
      24.87283706665039,
      21.61079216003418,
      29.436695098876953,
      24.481077194213867,
      33.136566162109375,
      36.163482666015625,
      42.529579162597656,
      43.29351806640625,
      45.90617370605469,
      35.8099250793457,
      36.364990234375,
      17.277999877929688,
      17.30813980102539
    ],
    [
      34.25000762939453,
      42.100006103515625,
      32.6544189453125,
      42.358821868896484,
      26.46502113342285,
      26.081933975219727,
      20.915849685668945,
      30.481523513793945,
      25.569194793701172,
      35.83983612060547,
      38.85979461669922,
      46.0179557800293,
      46.58757400512695,
      49.687923431396484,
      38.71185302734375,
      39.31376266479492,
      19.017318725585938,
      19.10536766052246
    ],
    [
      28.396474838256836,
      34.758934020996094,
      25.115570068359375,
      26.46502113342285,
      32.612728118896484,
      29.452346801757812,
      24.778575897216797,
      33.46980667114258,
      31.746490478515625,
      40.79436111450195,
      42.27224349975586,
      49.71063995361328,
      51.240081787109375,
      53.98348617553711,
      41.68895721435547,
      42.05573654174805,
      18.638532638549805,
      18.6339168548584
    ],
    [
      26.29769515991211,
      32.64423751831055,
      24.87283706665039,
      26.081933975219727,
      29.452346801757812,
      33.54309844970703,
      26.377124786376953,
      34.671539306640625,
      33.74359893798828,
      42.236534118652344,
      44.71460723876953,
      51.57910919189453,
      53.907203674316406,
      56.45623016357422,
      44.75430679321289,
      44.78691101074219,
      19.789831161499023,
      19.78693962097168
    ],
    [
      19.0089168548584,
      24.183073043823242,
      21.61079216003418,
      20.915849685668945,
      24.778575897216797,
      26.377124786376953,
      48.10483932495117,
      47.35151290893555,
      44.32160949707031,
      51.58186721801758,
      58.444332122802734,
      61.68663787841797,
      70.52597045898438,
      70.52133178710938,
      56.522369384765625,
      54.984413146972656,
      24.28955078125,
      24.25273323059082
    ],
    [
      32.3536262512207,
      40.64558792114258,
      29.436695098876953,
      30.481523513793945,
      33.46980667114258,
      34.671539306640625,
      47.35151290893555,
      61.83454132080078,
      53.638118743896484,
      68.46601104736328,
      72.79888153076172,
      82.21662139892578,
      87.15767669677734,
      90.79707336425781,
      70.52681732177734,
      70.44478607177734,
      30.866622924804688,
      30.953922271728516
    ],
    [
      26.458145141601562,
      34.529685974121094,
      24.481077194213867,
      25.569194793701172,
      31.746490478515625,
      33.74359893798828,
      44.32160949707031,
      53.638118743896484,
      68.90118408203125,
      76.48370361328125,
      76.69242095947266,
      85.14276123046875,
      91.86414337158203,
      95.01667022705078,
      75.54255676269531,
      74.92491912841797,
      32.58314895629883,
      32.60344696044922
    ],
    [
      40.57041549682617,
      52.07543182373047,
      33.136566162109375,
      35.83983612060547,
      40.79436111450195,
      42.236534118652344,
      51.58186721801758,
      68.46601104736328,
      76.48370361328125,
      101.08583068847656,
      95.91741180419922,
      112.47679901123047,
      112.70301818847656,
      119.82429504394531,
      91.98285675048828,
      92.56550598144531,
      39.71659851074219,
      39.900508880615234
    ],
    [
      38.52294921875,
      49.53620529174805,
      36.163482666015625,
      38.85979461669922,
      42.27224349975586,
      44.71460723876953,
      58.444332122802734,
      72.79888153076172,
      76.69242095947266,
      95.91741180419922,
      120.02080535888672,
      126.72831726074219,
      131.16339111328125,
      137.15074157714844,
      112.8848648071289,
      112.60803985595703,
      50.733604431152344,
      50.902015686035156
    ],
    [
      48.844093322753906,
      62.431827545166016,
      42.529579162597656,
      46.0179557800293,
      49.71063995361328,
      51.57910919189453,
      61.68663787841797,
      82.21662139892578,
      85.14276123046875,
      112.47679901123047,
      126.72831726074219,
      155.48428344726562,
      146.668701171875,
      156.4024200439453,
      125.32009887695312,
      126.4319839477539,
      56.58304214477539,
      56.85050964355469
    ],
    [
      45.97858428955078,
      58.34206008911133,
      43.29351806640625,
      46.58757400512695,
      51.240081787109375,
      53.907203674316406,
      70.52597045898438,
      87.15767669677734,
      91.86414337158203,
      112.70301818847656,
      131.16339111328125,
      146.668701171875,
      171.24139404296875,
      175.51353454589844,
      147.48976135253906,
      146.55892944335938,
      67.16593933105469,
      67.29793548583984
    ],
    [
      49.626014709472656,
      62.67280960083008,
      45.90617370605469,
      49.687923431396484,
      53.98348617553711,
      56.45623016357422,
      70.52133178710938,
      90.79707336425781,
      95.01667022705078,
      119.82429504394531,
      137.15074157714844,
      156.4024200439453,
      175.51353454589844,
      183.21144104003906,
      152.88754272460938,
      153.4346160888672,
      70.04324340820312,
      70.29879760742188
    ],
    [
      34.06159973144531,
      43.56777572631836,
      35.8099250793457,
      38.71185302734375,
      41.68895721435547,
      44.75430679321289,
      56.522369384765625,
      70.52681732177734,
      75.54255676269531,
      91.98285675048828,
      112.8848648071289,
      125.32009887695312,
      147.48976135253906,
      152.88754272460938,
      138.0930633544922,
      138.62942504882812,
      66.66104125976562,
      66.91844940185547
    ],
    [
      35.14960861206055,
      44.588050842285156,
      36.364990234375,
      39.31376266479492,
      42.05573654174805,
      44.78691101074219,
      54.984413146972656,
      70.44478607177734,
      74.92491912841797,
      92.56550598144531,
      112.60803985595703,
      126.4319839477539,
      146.55892944335938,
      153.4346160888672,
      138.62942504882812,
      140.7178955078125,
      67.7859878540039,
      68.16343688964844
    ],
    [
      15.552312850952148,
      19.9140682220459,
      17.277999877929688,
      19.017318725585938,
      18.638532638549805,
      19.789831161499023,
      24.28955078125,
      30.866622924804688,
      32.58314895629883,
      39.71659851074219,
      50.733604431152344,
      56.58304214477539,
      67.16593933105469,
      70.04324340820312,
      66.66104125976562,
      67.7859878540039,
      38.447086334228516,
      38.58498764038086
    ],
    [
      15.567633628845215,
      19.915857315063477,
      17.30813980102539,
      19.10536766052246,
      18.6339168548584,
      19.78693962097168,
      24.25273323059082,
      30.953922271728516,
      32.60344696044922,
      39.900508880615234,
      50.902015686035156,
      56.85050964355469,
      67.29793548583984,
      70.29879760742188,
      66.91844940185547,
      68.16343688964844,
      38.58498764038086,
      38.76957321166992
    ]
  ],
  "covariance_short": [
    [
      60.548500061035156,
      60.54923629760742,
      29.432701110839844,
      32.705841064453125,
      25.97160530090332,
      25.494930267333984,
      18.52022933959961,
      28.686546325683594,
      24.637666702270508,
      34.72920227050781,
      33.72897720336914,
      41.90500259399414,
      42.28610610961914,
      44.39228439331055,
      33.17866897583008,
      33.44070816040039,
      13.85176944732666,
      13.752317428588867
    ],
    [
      60.54923629760742,
      92.83927917480469,
      37.323951721191406,
      41.862342834472656,
      32.298851013183594,
      31.53366470336914,
      24.180885314941406,
      37.40957260131836,
      33.14543914794922,
      46.578346252441406,
      44.74957275390625,
      55.44611740112305,
      61.094730377197266,
      62.64911651611328,
      46.6092643737793,
      46.148162841796875,
      19.553739547729492,
      19.367788314819336
    ],
    [
      29.432701110839844,
      37.323951721191406,
      42.45781707763672,
      36.16740798950195,
      29.18351173400879,
      27.885011672973633,
      21.670625686645508,
      29.97249412536621,
      24.90407371520996,
      33.71393966674805,
      33.34292221069336,
      40.05508804321289,
      40.73615264892578,
      42.40682601928711,
      31.982439041137695,
      31.99048614501953,
      14.09184455871582,
      14.000035285949707
    ],
    [
      32.705841064453125,
      41.862342834472656,
      36.16740798950195,
      49.28184509277344,
      30.95503807067871,
      30.747451782226562,
      22.11902618408203,
      32.20376205444336,
      27.76656150817871,
      37.576454162597656,
      38.17526626586914,
      45.6076545715332,
      46.48253631591797,
      48.48023986816406,
      37.0568733215332,
      37.03274154663086,
      16.49344825744629,
      16.450407028198242
    ],
    [
      25.97160530090332,
      32.298851013183594,
      29.18351173400879,
      30.95503807067871,
      40.77446365356445,
      32.86862564086914,
      27.834148406982422,
      35.38990020751953,
      34.019779205322266,
      42.080833435058594,
      43.456783294677734,
      50.92506790161133,
      53.08207321166992,
      54.57101058959961,
      43.026588439941406,
      42.609413146972656,
      18.025821685791016,
      17.887046813964844
    ],
    [
      25.494930267333984,
      31.53366470336914,
      27.885011672973633,
      30.747451782226562,
      32.86862564086914,
      41.551143646240234,
      29.18175506591797,
      36.406803131103516,
      36.061553955078125,
      43.326534271240234,
      46.326568603515625,
      53.097129821777344,
      56.29146957397461,
      57.61623764038086,
      45.97916793823242,
      45.266319274902344,
      19.24199104309082,
      19.12236213684082
    ],
    [
      18.52022933959961,
      24.180885314941406,
      21.670625686645508,
      22.11902618408203,
      27.834148406982422,
      29.18175506591797,
      54.08645248413086,
      48.603515625,
      48.430076599121094,
      54.44932556152344,
      60.207977294921875,
      63.6998405456543,
      70.636474609375,
      69.50384521484375,
      54.82756042480469,
      52.73789596557617,
      22.382753372192383,
      22.199975967407227
    ],
    [
      28.686546325683594,
      37.40957260131836,
      29.97249412536621,
      32.20376205444336,
      35.38990020751953,
      36.406803131103516,
      48.603515625,
      65.507568359375,
      55.662841796875,
      70.14061737060547,
      71.69495391845703,
      82.36250305175781,
      85.05803680419922,
      87.79656219482422,
      66.16687774658203,
      65.38627624511719,
      27.176986694335938,
      27.094167709350586
    ],
    [
      24.637666702270508,
      33.14543914794922,
      24.90407371520996,
      27.76656150817871,
      34.019779205322266,
      36.061553955078125,
      48.430076599121094,
      55.662841796875,
      76.4128189086914,
      79.19471740722656,
      78.97835540771484,
      87.84666442871094,
      93.11589050292969,
      94.80522155761719,
      74.21916198730469,
      72.64100646972656,
      30.23884391784668,
      30.069801330566406
    ],
    [
      34.72920227050781,
      46.578346252441406,
      33.71393966674805,
      37.576454162597656,
      42.080833435058594,
      43.326534271240234,
      54.44932556152344,
      70.14061737060547,
      79.19471740722656,
      105.81947326660156,
      95.24860382080078,
      112.81620025634766,
      111.51832580566406,
      117.33536529541016,
      87.61872863769531,
      87.15581512451172,
      35.738006591796875,
      35.71305465698242
    ],
    [
      33.72897720336914,
      44.74957275390625,
      33.34292221069336,
      38.17526626586914,
      43.456783294677734,
      46.326568603515625,
      60.207977294921875,
      71.69495391845703,
      78.97835540771484,
      95.24860382080078,
      121.31973266601562,
      125.08921813964844,
      127.72938537597656,
      131.76519775390625,
      105.89568328857422,
      104.27073669433594,
      44.68973159790039,
      44.53451156616211
    ],
    [
      41.90500259399414,
      55.44611740112305,
      40.05508804321289,
      45.6076545715332,
      50.92506790161133,
      53.097129821777344,
      63.6998405456543,
      82.36250305175781,
      87.84666442871094,
      112.81620025634766,
      125.08921813964844,
      153.1066436767578,
      142.28558349609375,
      150.1178436279297,
      116.72187042236328,
      116.27648162841797,
      49.28687286376953,
      49.2481575012207
    ],
    [
      42.28610610961914,
      61.094730377197266,
      40.73615264892578,
      46.48253631591797,
      53.08207321166992,
      56.29146957397461,
      70.636474609375,
      85.05803680419922,
      93.11589050292969,
      111.51832580566406,
      127.72938537597656,
      142.28558349609375,
      164.98617553710938,
      166.89285278320312,
      137.15420532226562,
      134.6779022216797,
      58.931053161621094,
      58.715431213378906
    ],
    [
      44.39228439331055,
      62.64911651611328,
      42.40682601928711,
      48.48023986816406,
      54.57101058959961,
      57.61623764038086,
      69.50384521484375,
      87.79656219482422,
      94.80522155761719,
      117.33536529541016,
      131.76519775390625,
      150.1178436279297,
      166.89285278320312,
      173.58145141601562,
      140.8318328857422,
      139.94839477539062,
      61.04822540283203,
      60.957916259765625
    ],
    [
      33.17866897583008,
      46.6092643737793,
      31.982439041137695,
      37.0568733215332,
      43.026588439941406,
      45.97916793823242,
      54.82756042480469,
      66.16687774658203,
      74.21916198730469,
      87.61872863769531,
      105.89568328857422,
      116.72187042236328,
      137.15420532226562,
      140.8318328857422,
      126.47782135009766,
      125.3472671508789,
      58.43334197998047,
      58.36197280883789
    ],
    [
      33.44070816040039,
      46.148162841796875,
      31.99048614501953,
      37.03274154663086,
      42.609413146972656,
      45.266319274902344,
      52.73789596557617,
      65.38627624511719,
      72.64100646972656,
      87.15581512451172,
      104.27073669433594,
      116.27648162841797,
      134.6779022216797,
      139.94839477539062,
      125.3472671508789,
      126.20079803466797,
      59.11189651489258,
      59.18117904663086
    ],
    [
      13.85176944732666,
      19.553739547729492,
      14.09184455871582,
      16.49344825744629,
      18.025821685791016,
      19.24199104309082,
      22.382753372192383,
      27.176986694335938,
      30.23884391784668,
      35.738006591796875,
      44.68973159790039,
      49.28687286376953,
      58.931053161621094,
      61.04822540283203,
      58.43334197998047,
      59.11189651489258,
      33.48418045043945,
      33.49238967895508
    ],
    [
      13.752317428588867,
      19.367788314819336,
      14.000035285949707,
      16.450407028198242,
      17.887046813964844,
      19.12236213684082,
      22.199975967407227,
      27.094167709350586,
      30.069801330566406,
      35.71305465698242,
      44.53451156616211,
      49.2481575012207,
      58.715431213378906,
      60.957916259765625,
      58.36197280883789,
      59.18117904663086,
      33.49238967895508,
      33.650543212890625
    ]
  ],
  "damage": -18.435701370239258,
  "diff_bandwidth": 1133.902099609375,
  "dissonance": 8.430716404776632,
  "drr": 5.0421319007873535,
  "dynamics": 5.628903865814209,
  "format": 1245190,
  "frames": 10553344,
  "loudness": -24.268707275390625,
  "loudness_range": 17.020835876464844,
  "loudness_range_short": 18.195056915283203,
  "lowpass_true_peak_15khz": -4.515222072601318,
  "mastering3_acoustic_entropies": [
    {
      "acoustic_entropy": 6.7278733253479,
      "acoustic_entropy_mono": 6.644439220428467,
      "band_eliminated_acoustic_entropies": [
        {
          "acoustic_entropy": 6.727017879486084,
          "acoustic_entropy_side": 6.7273359298706055,
          "hz": 129.47220167065723
        },
        {
          "acoustic_entropy": 6.720874786376953,
          "acoustic_entropy_side": 6.726651668548584,
          "hz": 202.92927478742237
        },
        {
          "acoustic_entropy": 6.7437896728515625,
          "acoustic_entropy_side": 6.737363338470459,
          "hz": 282.89161906338205
        },
        {
          "acoustic_entropy": 6.875089645385742,
          "acoustic_entropy_side": 6.860233306884766,
          "hz": 369.9353335868758
        },
        {
          "acoustic_entropy": 6.799254417419434,
          "acoustic_entropy_side": 6.770812511444092,
          "hz": 464.6875360973435
        },
        {
          "acoustic_entropy": 6.696181297302246,
          "acoustic_entropy_side": 6.7371416091918945,
          "hz": 567.8308811364784
        },
        {
          "acoustic_entropy": 6.770246505737305,
          "acoustic_entropy_side": 6.8174357414245605,
          "hz": 680.1084783214808
        },
        {
          "acoustic_entropy": 7.186709403991699,
          "acoustic_entropy_side": 7.272506237030029,
          "hz": 802.3292461747484
        },
        {
          "acoustic_entropy": 6.907423973083496,
          "acoustic_entropy_side": 6.936000347137451,
          "hz": 935.3737400823702
        },
        {
          "acoustic_entropy": 6.6195807456970215,
          "acoustic_entropy_side": 6.837707996368408,
          "hz": 1080.2004963696966
        },
        {
          "acoustic_entropy": 6.752553462982178,
          "acoustic_entropy_side": 7.265478134155273,
          "hz": 1237.8529382007157
        },
        {
          "acoustic_entropy": 6.300108432769775,
          "acoustic_entropy_side": 6.467222213745117,
          "hz": 1409.4668930556702
        },
        {
          "acoustic_entropy": 7.504571914672852,
          "acoustic_entropy_side": 6.893582820892334,
          "hz": 1596.2787759475705
        },
        {
          "acoustic_entropy": 7.078035354614258,
          "acoustic_entropy_side": 7.5790910720825195,
          "hz": 1799.6344973346393
        },
        {
          "acoustic_entropy": 7.292850494384766,
          "acoustic_entropy_side": 6.7724289894104,
          "hz": 2020.9991599069049
        },
        {
          "acoustic_entropy": 6.760526657104492,
          "acoustic_entropy_side": 6.693802833557129,
          "hz": 2261.9676141086993
        },
        {
          "acoustic_entropy": 7.011728763580322,
          "acoustic_entropy_side": 6.853017330169678,
          "hz": 2524.2759484456974
        },
        {
          "acoustic_entropy": 6.262683391571045,
          "acoustic_entropy_side": 6.548900604248047,
          "hz": 2809.813997359896
        },
        {
          "acoustic_entropy": 7.063523292541504,
          "acoustic_entropy_side": 6.8196611404418945,
          "hz": 3120.6389567871424
        },
        {
          "acoustic_entropy": 6.49953556060791,
          "acoustic_entropy_side": 6.6478118896484375,
          "hz": 3458.990205492291
        },
        {
          "acoustic_entropy": 6.565218448638916,
          "acoustic_entropy_side": 6.644265174865723,
          "hz": 3827.305438964164
        },
        {
          "acoustic_entropy": 6.711501121520996,
          "acoustic_entropy_side": 6.71726131439209,
          "hz": 4228.238232109126
        },
        {
          "acoustic_entropy": 6.723754405975342,
          "acoustic_entropy_side": 6.724009990692139,
          "hz": 4664.6771572759235
        },
        {
          "acoustic_entropy": 6.723989963531494,
          "acoustic_entropy_side": 6.72688102722168,
          "hz": 5139.766595350093
        },
        {
          "acoustic_entropy": 6.774336814880371,
          "acoustic_entropy_side": 6.748044490814209,
          "hz": 5656.929389854203
        },
        {
          "acoustic_entropy": 6.736830234527588,
          "acoustic_entropy_side": 6.735264301300049,
          "hz": 6219.891507268283
        },
        {
          "acoustic_entropy": 6.7532734870910645,
          "acoustic_entropy_side": 6.754506587982178,
          "hz": 6832.70888123896
        },
        {
          "acoustic_entropy": 6.715256690979004,
          "acoustic_entropy_side": 6.7236199378967285,
          "hz": 7499.796634079867
        },
        {
          "acoustic_entropy": 6.709744453430176,
          "acoustic_entropy_side": 6.72258996963501,
          "hz": 8225.96088609342
        },
        {
          "acoustic_entropy": 6.719916343688965,
          "acoustic_entropy_side": 6.734193325042725,
          "hz": 9016.43338188839
        },
        {
          "acoustic_entropy": 6.728555679321289,
          "acoustic_entropy_side": 6.735581398010254,
          "hz": 9876.909183162974
        },
        {
          "acoustic_entropy": 6.703146457672119,
          "acoustic_entropy_side": 6.720270156860352,
          "hz": 10813.587699516042
        },
        {
          "acoustic_entropy": 6.694032192230225,
          "acoustic_entropy_side": 6.715092182159424,
          "hz": 11833.21735289826
        },
        {
          "acoustic_entropy": 6.701254367828369,
          "acoustic_entropy_side": 6.717921257019043,
          "hz": 12943.144197493959
        },
        {
          "acoustic_entropy": 6.702789783477783,
          "acoustic_entropy_side": 6.716193675994873,
          "hz": 14151.364845322005
        },
        {
          "acoustic_entropy": 6.70944881439209,
          "acoustic_entropy_side": 6.718640327453613,
          "hz": 15466.58407886509
        },
        {
          "acoustic_entropy": 6.718433856964111,
          "acoustic_entropy_side": 6.723425388336182,
          "hz": 16898.27756580493
        },
        {
          "acoustic_entropy": 6.726469039916992,
          "acoustic_entropy_side": 6.727217197418213,
          "hz": 18456.760127700032
        },
        {
          "acoustic_entropy": 6.727825164794922,
          "acoustic_entropy_side": 6.727849960327148,
          "hz": 20153.260054456492
        },
        {
          "acoustic_entropy": 6.727872848510742,
          "acoustic_entropy_side": 6.7278733253479,
          "hz": 22000.00000000001
        }
      ],
      "diff_acoustic_entropy": 3.032928943634033,
      "sn": 6
    },
    {
      "acoustic_entropy": 11.503353118896484,
      "acoustic_entropy_mono": 9.581950187683105,
      "band_eliminated_acoustic_entropies": [
        {
          "acoustic_entropy": 11.442305564880371,
          "acoustic_entropy_side": 11.474308013916016,
          "hz": 129.47220167065723
        },
        {
          "acoustic_entropy": 11.57052993774414,
          "acoustic_entropy_side": 11.53240966796875,
          "hz": 202.92927478742237
        },
        {
          "acoustic_entropy": 11.791765213012695,
          "acoustic_entropy_side": 11.682306289672852,
          "hz": 282.89161906338205
        },
        {
          "acoustic_entropy": 11.865153312683105,
          "acoustic_entropy_side": 11.767794609069824,
          "hz": 369.9353335868758
        },
        {
          "acoustic_entropy": 11.059916496276855,
          "acoustic_entropy_side": 11.50218677520752,
          "hz": 464.6875360973435
        },
        {
          "acoustic_entropy": 11.9647855758667,
          "acoustic_entropy_side": 11.45498275756836,
          "hz": 567.8308811364784
        },
        {
          "acoustic_entropy": 11.854323387145996,
          "acoustic_entropy_side": 11.785110473632812,
          "hz": 680.1084783214808
        },
        {
          "acoustic_entropy": 11.089388847351074,
          "acoustic_entropy_side": 11.608444213867188,
          "hz": 802.3292461747484
        },
        {
          "acoustic_entropy": 11.338637351989746,
          "acoustic_entropy_side": 11.389492988586426,
          "hz": 935.3737400823702
        },
        {
          "acoustic_entropy": 10.550722122192383,
          "acoustic_entropy_side": 11.568915367126465,
          "hz": 1080.2004963696966
        },
        {
          "acoustic_entropy": 10.194661140441895,
          "acoustic_entropy_side": 11.567541122436523,
          "hz": 1237.8529382007157
        },
        {
          "acoustic_entropy": 10.95615291595459,
          "acoustic_entropy_side": 10.718938827514648,
          "hz": 1409.4668930556702
        },
        {
          "acoustic_entropy": 11.18183422088623,
          "acoustic_entropy_side": 11.75816822052002,
          "hz": 1596.2787759475705
        },
        {
          "acoustic_entropy": 10.75699520111084,
          "acoustic_entropy_side": 10.339667320251465,
          "hz": 1799.6344973346393
        },
        {
          "acoustic_entropy": 11.512900352478027,
          "acoustic_entropy_side": 11.607967376708984,
          "hz": 2020.9991599069049
        },
        {
          "acoustic_entropy": 11.50086498260498,
          "acoustic_entropy_side": 11.683632850646973,
          "hz": 2261.9676141086993
        },
        {
          "acoustic_entropy": 11.367024421691895,
          "acoustic_entropy_side": 11.603591918945312,
          "hz": 2524.2759484456974
        },
        {
          "acoustic_entropy": 11.687658309936523,
          "acoustic_entropy_side": 11.64356517791748,
          "hz": 2809.813997359896
        },
        {
          "acoustic_entropy": 11.152107238769531,
          "acoustic_entropy_side": 11.305038452148438,
          "hz": 3120.6389567871424
        },
        {
          "acoustic_entropy": 11.320106506347656,
          "acoustic_entropy_side": 11.560251235961914,
          "hz": 3458.990205492291
        },
        {
          "acoustic_entropy": 10.734100341796875,
          "acoustic_entropy_side": 11.263836860656738,
          "hz": 3827.305438964164
        },
        {
          "acoustic_entropy": 11.464963912963867,
          "acoustic_entropy_side": 11.440653800964355,
          "hz": 4228.238232109126
        },
        {
          "acoustic_entropy": 11.454131126403809,
          "acoustic_entropy_side": 11.502856254577637,
          "hz": 4664.6771572759235
        },
        {
          "acoustic_entropy": 11.41671371459961,
          "acoustic_entropy_side": 11.475197792053223,
          "hz": 5139.766595350093
        },
        {
          "acoustic_entropy": 11.517585754394531,
          "acoustic_entropy_side": 11.52487564086914,
          "hz": 5656.929389854203
        },
        {
          "acoustic_entropy": 11.502300262451172,
          "acoustic_entropy_side": 11.513845443725586,
          "hz": 6219.891507268283
        },
        {
          "acoustic_entropy": 11.476018905639648,
          "acoustic_entropy_side": 11.509112358093262,
          "hz": 6832.70888123896
        },
        {
          "acoustic_entropy": 11.488539695739746,
          "acoustic_entropy_side": 11.503095626831055,
          "hz": 7499.796634079867
        },
        {
          "acoustic_entropy": 11.465452194213867,
          "acoustic_entropy_side": 11.487658500671387,
          "hz": 8225.96088609342
        },
        {
          "acoustic_entropy": 11.43050479888916,
          "acoustic_entropy_side": 11.46492862701416,
          "hz": 9016.43338188839
        },
        {
          "acoustic_entropy": 11.40766716003418,
          "acoustic_entropy_side": 11.458738327026367,
          "hz": 9876.909183162974
        },
        {
          "acoustic_entropy": 11.372733116149902,
          "acoustic_entropy_side": 11.440248489379883,
          "hz": 10813.587699516042
        },
        {
          "acoustic_entropy": 11.435900688171387,
          "acoustic_entropy_side": 11.47091293334961,
          "hz": 11833.21735289826
        },
        {
          "acoustic_entropy": 11.49409008026123,
          "acoustic_entropy_side": 11.507246971130371,
          "hz": 12943.144197493959
        },
        {
          "acoustic_entropy": 11.55782413482666,
          "acoustic_entropy_side": 11.552962303161621,
          "hz": 14151.364845322005
        },
        {
          "acoustic_entropy": 11.585189819335938,
          "acoustic_entropy_side": 11.575772285461426,
          "hz": 15466.58407886509
        },
        {
          "acoustic_entropy": 11.594000816345215,
          "acoustic_entropy_side": 11.562504768371582,
          "hz": 16898.27756580493
        },
        {
          "acoustic_entropy": 11.538007736206055,
          "acoustic_entropy_side": 11.51890754699707,
          "hz": 18456.760127700032
        },
        {
          "acoustic_entropy": 11.50533676147461,
          "acoustic_entropy_side": 11.504314422607422,
          "hz": 20153.260054456492
        },
        {
          "acoustic_entropy": 11.50336742401123,
          "acoustic_entropy_side": 11.503360748291016,
          "hz": 22000.00000000001
        }
      ],
      "diff_acoustic_entropy": 5.573481559753418,
      "sn": 12
    },
    {
      "acoustic_entropy": 20.813404083251953,
      "acoustic_entropy_mono": 17.921903610229492,
      "band_eliminated_acoustic_entropies": [
        {
          "acoustic_entropy": 20.996259689331055,
          "acoustic_entropy_side": 21.109529495239258,
          "hz": 129.47220167065723
        },
        {
          "acoustic_entropy": 18.910686492919922,
          "acoustic_entropy_side": 20.418258666992188,
          "hz": 202.92927478742237
        },
        {
          "acoustic_entropy": 20.051916122436523,
          "acoustic_entropy_side": 20.41627311706543,
          "hz": 282.89161906338205
        },
        {
          "acoustic_entropy": 20.04840660095215,
          "acoustic_entropy_side": 20.662982940673828,
          "hz": 369.9353335868758
        },
        {
          "acoustic_entropy": 20.179393768310547,
          "acoustic_entropy_side": 20.54619598388672,
          "hz": 464.6875360973435
        },
        {
          "acoustic_entropy": 20.26892852783203,
          "acoustic_entropy_side": 20.15113067626953,
          "hz": 567.8308811364784
        },
        {
          "acoustic_entropy": 18.887855529785156,
          "acoustic_entropy_side": 20.390031814575195,
          "hz": 680.1084783214808
        },
        {
          "acoustic_entropy": 20.77098274230957,
          "acoustic_entropy_side": 20.613683700561523,
          "hz": 802.3292461747484
        },
        {
          "acoustic_entropy": 20.882078170776367,
          "acoustic_entropy_side": 20.128799438476562,
          "hz": 935.3737400823702
        },
        {
          "acoustic_entropy": 19.504173278808594,
          "acoustic_entropy_side": 20.335006713867188,
          "hz": 1080.2004963696966
        },
        {
          "acoustic_entropy": 19.54905891418457,
          "acoustic_entropy_side": 21.316984176635742,
          "hz": 1237.8529382007157
        },
        {
          "acoustic_entropy": 19.058330535888672,
          "acoustic_entropy_side": 20.019378662109375,
          "hz": 1409.4668930556702
        },
        {
          "acoustic_entropy": 18.75704002380371,
          "acoustic_entropy_side": 21.45185089111328,
          "hz": 1596.2787759475705
        },
        {
          "acoustic_entropy": 19.683040618896484,
          "acoustic_entropy_side": 19.954008102416992,
          "hz": 1799.6344973346393
        },
        {
          "acoustic_entropy": 20.68410873413086,
          "acoustic_entropy_side": 21.678924560546875,
          "hz": 2020.9991599069049
        },
        {
          "acoustic_entropy": 20.309267044067383,
          "acoustic_entropy_side": 20.506309509277344,
          "hz": 2261.9676141086993
        },
        {
          "acoustic_entropy": 20.09084701538086,
          "acoustic_entropy_side": 20.80232048034668,
          "hz": 2524.2759484456974
        },
        {
          "acoustic_entropy": 19.840497970581055,
          "acoustic_entropy_side": 20.42751121520996,
          "hz": 2809.813997359896
        },
        {
          "acoustic_entropy": 19.957971572875977,
          "acoustic_entropy_side": 19.967138290405273,
          "hz": 3120.6389567871424
        },
        {
