{
  "acoustic_entropy": 156.6833953857422,
  "bands": [
    {
      "high_freq": 148.1999969482422,
      "loudness": -58.789039611816406,
      "loudness_range": 26.087753295898438,
      "mid_mean": -55.20901870727539,
      "mid_to_side_loudness": -23.999235153198242,
      "mid_to_side_loudness_range": 18.75116729736328,
      "side_mean": -68.48190307617188
    },
    {
      "high_freq": 392.3793640136719,
      "loudness": -46.95603942871094,
      "loudness_range": 21.583560943603516,
      "low_freq": 148.1999969482422,
      "mid_mean": -43.44837188720703,
      "mid_to_side_loudness": -16.938920974731445,
      "mid_to_side_loudness_range": 15.738606452941895,
      "side_mean": -60.011077880859375
    },
    {
      "high_freq": 794.6976318359375,
      "loudness": -53.87252426147461,
      "loudness_range": 26.08844757080078,
      "low_freq": 392.3793640136719,
      "mid_mean": -52.7985725402832,
      "mid_to_side_loudness": -15.438854217529297,
      "mid_to_side_loudness_range": 15.818347930908203,
      "side_mean": -64.46312713623047
    },
    {
      "high_freq": 1457.5709228515625,
      "loudness": -57.74992752075195,
      "loudness_range": 27.683456420898438,
      "low_freq": 794.6976318359375,
      "mid_mean": -56.43428039550781,
      "mid_to_side_loudness": -16.485177993774414,
      "mid_to_side_loudness_range": 14.887171745300293,
      "side_mean": -66.55472564697266
    },
    {
      "high_freq": 2549.74365234375,
      "loudness": -57.1851692199707,
      "loudness_range": 31.58993911743164,
      "low_freq": 1457.5709228515625,
      "mid_mean": -55.208988189697266,
      "mid_to_side_loudness": -14.648564338684082,
      "mid_to_side_loudness_range": 15.01648998260498,
      "side_mean": -65.30472564697266
    },
    {
      "high_freq": 4349.24462890625,
      "loudness": -51.90890884399414,
      "loudness_range": 34.62699890136719,
      "low_freq": 2549.74365234375,
      "mid_mean": -53.68090057373047,
      "mid_to_side_loudness": -18.366886138916016,
      "mid_to_side_loudness_range": 16.688629150390625,
      "side_mean": -65.52523803710938
    },
    {
      "high_freq": 7314.1640625,
      "loudness": -60.80827713012695,
      "loudness_range": 36.31446838378906,
      "low_freq": 4349.24462890625,
      "mid_mean": -61.92366027832031,
      "mid_to_side_loudness": -19.4466495513916,
      "mid_to_side_loudness_range": 16.92806053161621,
      "side_mean": -68.74828338623047
    },
    {
      "high_freq": 12199.2666015625,
      "loudness": -74.3165054321289,
      "loudness_range": 25.385540008544922,
      "low_freq": 7314.1640625,
      "mid_mean": -66.37205505371094,
      "mid_to_side_loudness": -17.603166580200195,
      "mid_to_side_loudness_range": 16.714336395263672,
      "side_mean": -69.89000701904297
    },
    {
      "loudness": -77.65927124023438,
      "loudness_range": 8.953422546386719,
      "low_freq": 12199.2666015625,
      "mid_mean": -68.39795684814453,
      "mid_to_side_loudness": -13.351840019226074,
      "mid_to_side_loudness_range": 6.598813056945801,
      "side_mean": -69.93106079101562
    }
  ],
  "bands_short": [
    {
      "high_freq": 148.1999969482422,
      "loudness": -64.90586853027344,
      "loudness_range": 15.850837707519531,
      "mid_mean": -60.63893508911133,
      "mid_to_side_loudness": -27.164588928222656,
      "mid_to_side_loudness_range": 16.60837173461914,
      "side_mean": -69.87654876708984
    },
    {
      "high_freq": 392.3793640136719,
      "loudness": -47.231998443603516,
      "loudness_range": 22.863243103027344,
      "low_freq": 148.1999969482422,
      "mid_mean": -43.82539749145508,
      "mid_to_side_loudness": -16.630638122558594,
      "mid_to_side_loudness_range": 18.077211380004883,
      "side_mean": -60.153167724609375
    },
    {
      "high_freq": 794.6976318359375,
      "loudness": -54.953670501708984,
      "loudness_range": 27.638145446777344,
      "low_freq": 392.3793640136719,
      "mid_mean": -53.828857421875,
      "mid_to_side_loudness": -14.092135429382324,
      "mid_to_side_loudness_range": 18.40827751159668,
      "side_mean": -64.4544448852539
    },
    {
      "high_freq": 1457.5709228515625,
      "loudness": -58.49183654785156,
      "loudness_range": 27.649005889892578,
      "low_freq": 794.6976318359375,
      "mid_mean": -57.1873779296875,
      "mid_to_side_loudness": -15.326687812805176,
      "mid_to_side_loudness_range": 16.852954864501953,
      "side_mean": -66.61027526855469
    },
    {
      "high_freq": 2549.74365234375,
      "loudness": -58.330562591552734,
      "loudness_range": 32.581783294677734,
      "low_freq": 1457.5709228515625,
      "mid_mean": -56.27199935913086,
      "mid_to_side_loudness": -13.633096694946289,
      "mid_to_side_loudness_range": 15.687091827392578,
      "side_mean": -65.54096984863281
    },
    {
      "high_freq": 4349.24462890625,
      "loudness": -52.63582229614258,
      "loudness_range": 35.027496337890625,
      "low_freq": 2549.74365234375,
      "mid_mean": -54.89888381958008,
      "mid_to_side_loudness": -17.03194808959961,
      "mid_to_side_loudness_range": 17.637977600097656,
      "side_mean": -65.74044799804688
    },
    {
      "high_freq": 7314.1640625,
      "loudness": -61.48377990722656,
      "loudness_range": 36.683162689208984,
      "low_freq": 4349.24462890625,
      "mid_mean": -62.79949951171875,
      "mid_to_side_loudness": -17.93211555480957,
      "mid_to_side_loudness_range": 17.51490592956543,
      "side_mean": -68.75172424316406
    },
    {
      "high_freq": 12199.2666015625,
      "loudness": -76.1606674194336,
      "loudness_range": 23.289661407470703,
      "low_freq": 7314.1640625,
      "mid_mean": -67.28671264648438,
      "mid_to_side_loudness": -15.784704208374023,
      "mid_to_side_loudness_range": 15.243891716003418,
      "side_mean": -69.89611053466797
    },
    {
      "loudness": -78.11518096923828,
      "loudness_range": 4.940643310546875,
      "low_freq": 12199.2666015625,
      "mid_mean": -68.59494018554688,
      "mid_to_side_loudness": -12.863754272460938,
      "mid_to_side_loudness_range": 5.785235404968262,
      "side_mean": -69.9307861328125
    }
  ],
  "bandwidth": 912.2801513671875,
  "channels": 2,
  "covariance": [
    [
      68.37545013427734,
      15.097846984863281,
      25.333251953125,
      18.557422637939453,
      30.594017028808594,
      10.732756614685059,
      21.98110580444336,
      6.820631980895996,
      26.99764633178711,
      10.043196678161621,
      32.73466491699219,
      11.402214050292969,
      14.890373229980469,
      1.4349875450134277,
      7.6935954093933105,
      0.12477067112922668,
      1.2730522155761719,
      0.005618893541395664
    ],
    [
      15.097846984863281,
      6.570832252502441,
      6.362990856170654,
      4.85469388961792,
      5.205840110778809,
      2.0750019550323486,
      4.609989166259766,
      1.377193808555603,
      4.697383880615234,
      2.0141844749450684,
      6.432413578033447,
      1.662348747253418,
      1.1802892684936523,
      -0.3744249641895294,
      1.2042675018310547,
      0.009345500729978085,
      0.09459389746189117,
      -0.000539935368578881
    ],
    [
      25.333251953125,
      6.362990856170654,
      58.273128509521484,
      30.21719741821289,
      59.171695709228516,
      23.532676696777344,
      47.44621276855469,
      16.329349517822266,
      39.42399215698242,
      15.43713092803955,
      42.61182403564453,
      15.7189302444458,
      25.23416519165039,
      4.761321544647217,
      11.809321403503418,
      0.15667599439620972,
      2.926954746246338,
      -0.01002749428153038
    ],
    [
      18.557422637939453,
      4.85469388961792,
      30.21719741821289,
      33.53797149658203,
      36.85255432128906,
      18.91299057006836,
      30.464420318603516,
      13.282424926757812,
      26.3590030670166,
      13.933858871459961,
      34.361602783203125,
      14.569875717163086,
      15.808568954467773,
      3.929974317550659,
      6.9972734451293945,
      0.281019389629364,
      1.9654000997543335,
      -0.0016735059907659888
    ],
    [
      30.594017028808594,
      5.205840110778809,
      59.171695709228516,
      36.85255432128906,
      100.81311798095703,
      40.447078704833984,
      78.07563018798828,
      28.634401321411133,
      65.46959686279297,
      26.86587905883789,
      71.43345642089844,
      25.415821075439453,
      45.862159729003906,
      9.343245506286621,
      21.535568237304688,
      0.4180513620376587,
      6.350501537322998,
      -0.0011383723467588425
    ],
    [
      10.732756614685059,
      2.0750019550323486,
      23.532676696777344,
      18.91299057006836,
      40.447078704833984,
      27.3197021484375,
      30.7409610748291,
      15.934453010559082,
      28.146852493286133,
      16.67461395263672,
      28.73944091796875,
      11.581242561340332,
      19.280282974243164,
      4.146224498748779,
      9.043510437011719,
      0.15886230766773224,
      3.0148134231567383,
      -0.005756715778261423
    ],
    [
      21.98110580444336,
      4.609989166259766,
      47.44621276855469,
      30.464420318603516,
      78.07563018798828,
      30.7409610748291,
      92.03168487548828,
      33.57948684692383,
      78.93678283691406,
      32.826377868652344,
      77.82096099853516,
      28.267704010009766,
      56.229896545410156,
      11.906027793884277,
      27.835453033447266,
      0.6687776446342468,
      7.71917200088501,
      -0.0005979846464470029
    ],
    [
      6.820631980895996,
      1.377193808555603,
      16.329349517822266,
      13.282424926757812,
      28.634401321411133,
      15.934453010559082,
      33.57948684692383,
      20.069828033447266,
      28.524574279785156,
      16.153135299682617,
      26.79654884338379,
      11.867795944213867,
      20.821521759033203,
      5.352260112762451,
      10.04900074005127,
      0.3628375828266144,
      2.9249236583709717,
      0.0007032627472653985
    ],
    [
      26.99764633178711,
      4.697383880615234,
      39.42399215698242,
      26.3590030670166,
      65.46959686279297,
      28.146852493286133,
      78.93678283691406,
      28.524574279785156,
      104.31070709228516,
      45.97624969482422,
      83.42985534667969,
      32.69234085083008,
      68.79084014892578,
      17.141935348510742,
      30.806846618652344,
      0.8632179498672485,
      8.394521713256836,
      -0.0016237427480518818
    ],
    [
      10.043196678161621,
      2.0141844749450684,
      15.43713092803955,
      13.933858871459961,
      26.86587905883789,
      16.67461395263672,
      32.826377868652344,
      16.153135299682617,
      45.97624969482422,
      28.826080322265625,
      33.018150329589844,
      16.319456100463867,
      27.792537689208984,
      8.498440742492676,
      11.672514915466309,
      0.40752357244491577,
      3.4767508506774902,
      0.0002839401422534138
    ],
    [
      32.73466491699219,
      6.432413578033447,
      42.61182403564453,
      34.361602783203125,
      71.43345642089844,
      28.73944091796875,
      77.82096099853516,
      26.79654884338379,
      83.42985534667969,
      33.018150329589844,
      172.1695098876953,
      68.30035400390625,
      92.5683822631836,
      23.159311294555664,
      41.89725875854492,
      1.5872976779937744,
      8.757984161376953,
      0.0008746464736759663
    ],
    [
      11.402214050292969,
      1.662348747253418,
      15.7189302444458,
      14.569875717163086,
      25.415821075439453,
      11.581242561340332,
      28.267704010009766,
      11.867795944213867,
      32.69234085083008,
      16.319456100463867,
      68.30035400390625,
      37.87462615966797,
      35.15111541748047,
      13.248040199279785,
      13.84947395324707,
      0.8773234486579895,
      2.9853439331054688,
      -0.0015104289632290602
    ],
    [
      14.890373229980469,
      1.1802892684936523,
      25.23416519165039,
      15.808568954467773,
      45.862159729003906,
      19.280282974243164,
      56.229896545410156,
      20.821521759033203,
      68.79084014892578,
      27.792537689208984,
      92.5683822631836,
      35.15111541748047,
      96.44715881347656,
      23.671079635620117,
      42.451690673828125,
      1.1893116235733032,
      9.341201782226562,
      -0.016112638637423515
    ],
    [
      1.4349875450134277,
      -0.3744249641895294,
      4.761321544647217,
      3.929974317550659,
      9.343245506286621,
      4.146224498748779,
      11.906027793884277,
      5.352260112762451,
      17.141935348510742,
      8.498440742492676,
      23.159311294555664,
      13.248040199279785,
      23.671079635620117,
      11.011078834533691,
      7.5878801345825195,
      0.35760587453842163,
      2.021881103515625,
      -0.0030132727697491646
    ],
    [
      7.6935954093933105,
      1.2042675018310547,
      11.809321403503418,
      6.9972734451293945,
      21.535568237304688,
      9.043510437011719,
      27.835453033447266,
      10.04900074005127,
      30.806846618652344,
      11.672514915466309,
      41.89725875854492,
      13.84947395324707,
      42.451690673828125,
      7.5878801345825195,
      29.80243682861328,
      0.9594933390617371,
      6.220035076141357,
      -0.014027940109372139
    ],
    [
      0.12477067112922668,
      0.009345500729978085,
      0.15667599439620972,
      0.281019389629364,
      0.4180513620376587,
      0.15886230766773224,
      0.6687776446342468,
      0.3628375828266144,
      0.8632179498672485,
      0.40752357244491577,
      1.5872976779937744,
      0.8773234486579895,
      1.1893116235733032,
      0.35760587453842163,
      0.9594933390617371,
      0.13832713663578033,
      0.14023399353027344,
      0.0004129317821934819
    ],
    [
      1.2730522155761719,
      0.09459389746189117,
      2.926954746246338,
      1.9654000997543335,
      6.350501537322998,
      3.0148134231567383,
      7.71917200088501,
      2.9249236583709717,
      8.394521713256836,
      3.4767508506774902,
      8.757984161376953,
      2.9853439331054688,
      9.341201782226562,
      2.021881103515625,
      6.220035076141357,
      0.14023399353027344,
      2.438889980316162,
      -0.0038718353025615215
    ],
    [
      0.005618893541395664,
      -0.000539935368578881,
      -0.01002749428153038,
      -0.0016735059907659888,
      -0.0011383723467588425,
      -0.005756715778261423,
      -0.0005979846464470029,
      0.0007032627472653985,
      -0.0016237427480518818,
      0.0002839401422534138,
      0.0008746464736759663,
      -0.0015104289632290602,
      -0.016112638637423515,
      -0.0030132727697491646,
      -0.014027940109372139,
      0.0004129317821934819,
      -0.0038718353025615215,
      0.00026624943711794913
    ]
  ],
  "covariance_short": [
    [
      23.753707885742188,
      0.39071279764175415,
      16.865041732788086,
      11.499235153198242,
      19.061870574951172,
      6.293271541595459,
      13.302138328552246,
      5.274814605712891,
      14.649940490722656,
      6.221894264221191,
      16.932180404663086,
      6.75398588180542,
      9.673701286315918,
      2.308209180831909,
      3.165886402130127,
      0.16630788147449493,
      0.662290096282959,
      0.006398037075996399
    ],
    [
      0.39071279764175415,
      0.04873252660036087,
      0.6188676953315735,
      0.5399250388145447,
      0.4490020275115967,
      0.20718277990818024,
      0.3317655026912689,
      0.13178205490112305,
      0.3240423798561096,
      0.15743911266326904,
      0.5889849066734314,
      0.1819313019514084,
      0.18580836057662964,
      0.011934357695281506,
      0.0625789687037468,
      2.0765222870977595e-05,
      0.009708920493721962,
      -4.3722706323023885e-05
    ],
    [
      16.865041732788086,
      0.6188676953315735,
      67.8465576171875,
      29.859342575073242,
      63.01713562011719,
      22.00590705871582,
      48.224159240722656,
      15.447182655334473,
      38.48097610473633,
      14.280743598937988,
      41.65123748779297,
      14.692532539367676,
      21.28105926513672,
      3.9030535221099854,
      7.557700157165527,
      0.15948013961315155,
      1.615514874458313,
      -0.012874729000031948
    ],
    [
      11.499235153198242,
      0.5399250388145447,
      29.859342575073242,
      34.2573356628418,
      37.24415588378906,
      19.165645599365234,
      28.8952579498291,
      12.416015625,
      24.334636688232422,
      13.0325345993042,
      32.4233283996582,
      13.676993370056152,
      13.44024658203125,
      3.642749309539795,
      4.472708702087402,
      0.25459012389183044,
      1.3093225955963135,
      -0.0025517428293824196
    ],
    [
      19.061870574951172,
      0.4490020275115967,
      63.01713562011719,
      37.24415588378906,
      107.81212615966797,
      41.06427764892578,
      80.25530242919922,
      28.276287078857422,
      67.88578796386719,
      27.819887161254883,
      66.7298583984375,
      23.940221786499023,
      42.612403869628906,
      9.649433135986328,
      15.389657020568848,
      0.4052083492279053,
      4.389036655426025,
      -0.009158028289675713
    ],
    [
      6.293271541595459,
      0.20718277990818024,
      22.00590705871582,
      19.165645599365234,
      41.06427764892578,
      28.620304107666016,
      30.311819076538086,
      16.055709838867188,
      28.122447967529297,
      17.114355087280273,
      26.87800407409668,
      10.984463691711426,
      17.88214874267578,
      4.098516941070557,
      6.454155445098877,
      0.1807122677564621,
      1.994898796081543,
      -0.0049212160520255566
    ],
    [
      13.302138328552246,
      0.3317655026912689,
      48.224159240722656,
      28.8952579498291,
      80.25530242919922,
      30.311819076538086,
      93.6626205444336,
      31.633031845092773,
      77.50553894042969,
      30.81195640563965,
      75.84492492675781,
      27.595638275146484,
      52.334957122802734,
      12.303581237792969,
      19.553808212280273,
      0.6285571455955505,
      5.250112056732178,
      -0.007787732873111963
    ],
    [
      5.274814605712891,
      0.13178205490112305,
      15.447182655334473,
      12.416015625,
      28.276287078857422,
      16.055709838867188,
      31.633031845092773,
      19.880075454711914,
      26.810579299926758,
      15.29245376586914,
      25.18986701965332,
      11.413958549499512,
      18.489397048950195,
      5.320423126220703,
      6.26239013671875,
      0.36089369654655457,
      1.6051394939422607,
      0.0019858733285218477
    ],
    [
      14.649940490722656,
      0.3240423798561096,
      38.48097610473633,
      24.334636688232422,
      67.88578796386719,
      28.122447967529297,
      77.50553894042969,
      26.810579299926758,
      104.58489990234375,
      43.53108596801758,
      82.7972640991211,
      32.377357482910156,
      67.96585083007812,
      18.130029678344727,
      22.8992862701416,
      0.7982342839241028,
      5.677973747253418,
      -0.008714765310287476
    ],
    [
      6.221894264221191,
      0.15743911266326904,
      14.280743598937988,
      13.0325345993042,
      27.819887161254883,
      17.114355087280273,
      30.81195640563965,
      15.29245376586914,
      43.53108596801758,
      27.908153533935547,
      31.895580291748047,
      16.469600677490234,
      26.42182731628418,
      8.887578010559082,
      7.31191349029541,
      0.3358570337295532,
      1.8724133968353271,
      0.0009664889075793326
    ],
    [
      16.932180404663086,
      0.5889849066734314,
      41.65123748779297,
      32.4233283996582,
      66.7298583984375,
      26.87800407409668,
      75.84492492675781,
      25.18986701965332,
      82.7972640991211,
      31.895580291748047,
      170.8385467529297,
      63.639591217041016,
      90.61280822753906,
      23.656269073486328,
      33.579254150390625,
      1.5458548069000244,
      6.635610103607178,
      -0.006469321437180042
    ],
    [
      6.75398588180542,
      0.1819313019514084,
      14.692532539367676,
      13.676993370056152,
      23.940221786499023,
      10.984463691711426,
      27.595638275146484,
      11.413958549499512,
      32.377357482910156,
      16.469600677490234,
      63.639591217041016,
      36.89201736450195,
      34.529685974121094,
      13.496264457702637,
      9.915958404541016,
      0.8671485185623169,
      1.8283175230026245,
      0.0018276168266311288
    ],
    [
      9.673701286315918,
      0.18580836057662964,
      21.28105926513672,
      13.44024658203125,
      42.612403869628906,
      17.88214874267578,
      52.334957122802734,
      18.489397048950195,
      67.96585083007812,
      26.42182731628418,
      90.61280822753906,
      34.529685974121094,
      94.60487365722656,
      24.259618759155273,
      34.85345458984375,
      1.0672117471694946,
      7.190420150756836,
      -0.026224173605442047
    ],
    [
      2.308209180831909,
      0.011934357695281506,
      3.9030535221099854,
      3.642749309539795,
      9.649433135986328,
      4.098516941070557,
      12.303581237792969,
      5.320423126220703,
      18.130029678344727,
      8.887578010559082,
      23.656269073486328,
      13.496264457702637,
      24.259618759155273,
      12.185318946838379,
      5.9759416580200195,
      0.3873489499092102,
      1.2060661315917969,
      -0.0006307376315817237
    ],
    [
      3.165886402130127,
      0.0625789687037468,
      7.557700157165527,
      4.472708702087402,
      15.389657020568848,
      6.454155445098877,
      19.553808212280273,
      6.26239013671875,
      22.8992862701416,
      7.31191349029541,
      33.579254150390625,
      9.915958404541016,
      34.85345458984375,
      5.9759416580200195,
      22.921615600585938,
      0.6655389666557312,
      4.7976155281066895,
      -0.024483438581228256
    ],
    [
      0.16630788147449493,
      2.0765222870977595e-05,
      0.15948013961315155,
      0.25459012389183044,
      0.4052083492279053,
      0.1807122677564621,
      0.6285571455955505,
      0.36089369654655457,
      0.7982342839241028,
      0.3358570337295532,
      1.5458548069000244,
      0.8671485185623169,
      1.0672117471694946,
      0.3873489499092102,
      0.6655389666557312,
      0.16403691470623016,
      0.07241048663854599,
      0.0009348699823021889
    ],
    [
      0.662290096282959,
      0.009708920493721962,
      1.615514874458313,
      1.3093225955963135,
      4.389036655426025,
      1.994898796081543,
      5.250112056732178,
      1.6051394939422607,
      5.677973747253418,
      1.8724133968353271,
      6.635610103607178,
      1.8283175230026245,
      7.190420150756836,
      1.2060661315917969,
      4.7976155281066895,
      0.07241048663854599,
      2.1525120735168457,
      -0.007802839390933514
    ],
    [
      0.006398037075996399,
      -4.3722706323023885e-05,
      -0.012874729000031948,
      -0.0025517428293824196,
      -0.009158028289675713,
      -0.0049212160520255566,
      -0.007787732873111963,
      0.0019858733285218477,
      -0.008714765310287476,
      0.0009664889075793326,
      -0.006469321437180042,
      0.0018276168266311288,
      -0.026224173605442047,
      -0.0006307376315817237,
      -0.024483438581228256,
      0.0009348699823021889,
      -0.007802839390933514,
      0.0006841015419922769
    ]
  ],
  "damage": -27.553621292114258,
  "diff_bandwidth": 941.2483520507812,
  "dissonance": 4.702424532441709,
  "drr": 4.102169036865234,
  "dynamics": 6.716498851776123,
  "format": 1245190,
  "frames": 4057024,
  "loudness": -36.80554962158203,
  "loudness_range": 23.8156681060791,
  "loudness_range_short": 25.35495948791504,
  "lowpass_true_peak_15khz": -12.522994995117188,
  "mastering3_acoustic_entropies": [
    {
      "acoustic_entropy": 9.174595832824707,
      "acoustic_entropy_mono": 9.321372032165527,
      "band_eliminated_acoustic_entropies": [
        {
          "acoustic_entropy": 9.177638053894043,
          "acoustic_entropy_side": 9.174595832824707,
          "hz": 129.47220167065723
        },
        {
          "acoustic_entropy": 9.146163940429688,
          "acoustic_entropy_side": 9.174501419067383,
          "hz": 202.92927478742237
        },
        {
          "acoustic_entropy": 9.332850456237793,
          "acoustic_entropy_side": 9.173893928527832,
          "hz": 282.89161906338205
        },
        {
          "acoustic_entropy": 9.968925476074219,
          "acoustic_entropy_side": 9.174453735351562,
          "hz": 369.9353335868758
        },
        {
          "acoustic_entropy": 9.16214656829834,
          "acoustic_entropy_side": 9.177631378173828,
          "hz": 464.6875360973435
        },
        {
          "acoustic_entropy": 8.907256126403809,
          "acoustic_entropy_side": 9.169824600219727,
          "hz": 567.8308811364784
        },
        {
          "acoustic_entropy": 8.910594940185547,
          "acoustic_entropy_side": 9.16618537902832,
          "hz": 680.1084783214808
        },
        {
          "acoustic_entropy": 9.171144485473633,
          "acoustic_entropy_side": 9.173685073852539,
          "hz": 802.3292461747484
        },
        {
          "acoustic_entropy": 9.206713676452637,
          "acoustic_entropy_side": 9.173506736755371,
          "hz": 935.3737400823702
        },
        {
          "acoustic_entropy": 9.158743858337402,
          "acoustic_entropy_side": 9.175756454467773,
          "hz": 1080.2004963696966
        },
        {
          "acoustic_entropy": 9.249273300170898,
          "acoustic_entropy_side": 9.184675216674805,
          "hz": 1237.8529382007157
        },
        {
          "acoustic_entropy": 8.807987213134766,
          "acoustic_entropy_side": 9.176567077636719,
          "hz": 1409.4668930556702
        },
        {
          "acoustic_entropy": 8.345325469970703,
          "acoustic_entropy_side": 9.170111656188965,
          "hz": 1596.2787759475705
        },
        {
          "acoustic_entropy": 9.073515892028809,
          "acoustic_entropy_side": 9.196493148803711,
          "hz": 1799.6344973346393
        },
        {
          "acoustic_entropy": 9.326253890991211,
          "acoustic_entropy_side": 9.177179336547852,
          "hz": 2020.9991599069049
        },
        {
          "acoustic_entropy": 9.239570617675781,
          "acoustic_entropy_side": 9.17801570892334,
          "hz": 2261.9676141086993
        },
        {
          "acoustic_entropy": 9.802495956420898,
          "acoustic_entropy_side": 9.196294784545898,
          "hz": 2524.2759484456974
        },
        {
          "acoustic_entropy": 8.977120399475098,
          "acoustic_entropy_side": 9.19073486328125,
          "hz": 2809.813997359896
        },
        {
          "acoustic_entropy": 8.93996524810791,
          "acoustic_entropy_side": 9.203600883483887,
          "hz": 3120.6389567871424
        },
        {
          "acoustic_entropy": 9.130633354187012,
          "acoustic_entropy_side": 9.217016220092773,
          "hz": 3458.990205492291
        },
        {
          "acoustic_entropy": 8.080788612365723,
          "acoustic_entropy_side": 9.211518287658691,
          "hz": 3827.305438964164
        },
        {
          "acoustic_entropy": 9.303360939025879,
          "acoustic_entropy_side": 9.26816177368164,
          "hz": 4228.238232109126
        },
        {
          "acoustic_entropy": 8.490227699279785,
          "acoustic_entropy_side": 9.253114700317383,
          "hz": 4664.6771572759235
        },
        {
          "acoustic_entropy": 9.189604759216309,
          "acoustic_entropy_side": 9.1921968460083,
          "hz": 5139.766595350093
        },
        {
          "acoustic_entropy": 9.734766960144043,
          "acoustic_entropy_side": 9.190701484680176,
          "hz": 5656.929389854203
        },
        {
          "acoustic_entropy": 9.475982666015625,
          "acoustic_entropy_side": 9.204275131225586,
          "hz": 6219.891507268283
        },
        {
          "acoustic_entropy": 8.872486114501953,
          "acoustic_entropy_side": 9.177133560180664,
          "hz": 6832.70888123896
        },
        {
          "acoustic_entropy": 9.262073516845703,
          "acoustic_entropy_side": 9.174918174743652,
          "hz": 7499.796634079867
        },
        {
          "acoustic_entropy": 9.230109214782715,
          "acoustic_entropy_side": 9.174602508544922,
          "hz": 8225.96088609342
        },
        {
          "acoustic_entropy": 9.238779067993164,
          "acoustic_entropy_side": 9.174591064453125,
          "hz": 9016.43338188839
        },
        {
          "acoustic_entropy": 9.273653984069824,
          "acoustic_entropy_side": 9.174598693847656,
          "hz": 9876.909183162974
        },
        {
          "acoustic_entropy": 9.199305534362793,
          "acoustic_entropy_side": 9.174595832824707,
          "hz": 10813.587699516042
        },
        {
          "acoustic_entropy": 9.20106315612793,
          "acoustic_entropy_side": 9.174595832824707,
          "hz": 11833.21735289826
        },
        {
          "acoustic_entropy": 9.213724136352539,
          "acoustic_entropy_side": 9.174595832824707,
          "hz": 12943.144197493959
        },
        {
          "acoustic_entropy": 9.176779747009277,
          "acoustic_entropy_side": 9.174595832824707,
          "hz": 14151.364845322005
        },
        {
          "acoustic_entropy": 9.174949645996094,
          "acoustic_entropy_side": 9.174595832824707,
          "hz": 15466.58407886509
        },
        {
          "acoustic_entropy": 9.17499828338623,
          "acoustic_entropy_side": 9.174595832824707,
          "hz": 16898.27756580493
        },
        {
          "acoustic_entropy": 9.174675941467285,
          "acoustic_entropy_side": 9.174595832824707,
          "hz": 18456.760127700032
        },
        {
          "acoustic_entropy": 9.174602508544922,
          "acoustic_entropy_side": 9.174595832824707,
          "hz": 20153.260054456492
        },
        {
          "acoustic_entropy": 9.174596786499023,
          "acoustic_entropy_side": 9.174595832824707,
          "hz": 22000.00000000001
        }
      ],
      "diff_acoustic_entropy": 5.135495662689209,
      "sn": 6
    },
    {
      "acoustic_entropy": 13.448661804199219,
      "acoustic_entropy_mono": 13.49525260925293,
      "band_eliminated_acoustic_entropies": [
        {
          "acoustic_entropy": 13.436380386352539,
          "acoustic_entropy_side": 13.448663711547852,
          "hz": 129.47220167065723
        },
        {
          "acoustic_entropy": 13.137798309326172,
          "acoustic_entropy_side": 13.452823638916016,
          "hz": 202.92927478742237
        },
        {
          "acoustic_entropy": 13.975785255432129,
          "acoustic_entropy_side": 13.44871711730957,
          "hz": 282.89161906338205
        },
        {
          "acoustic_entropy": 14.703371047973633,
          "acoustic_entropy_side": 13.244300842285156,
          "hz": 369.9353335868758
        },
        {
          "acoustic_entropy": 12.817190170288086,
          "acoustic_entropy_side": 13.630366325378418,
          "hz": 464.6875360973435
        },
        {
          "acoustic_entropy": 13.154884338378906,
          "acoustic_entropy_side": 13.477715492248535,
          "hz": 567.8308811364784
        },
        {
          "acoustic_entropy": 13.102909088134766,
          "acoustic_entropy_side": 13.735389709472656,
          "hz": 680.1084783214808
        },
        {
          "acoustic_entropy": 13.249144554138184,
          "acoustic_entropy_side": 13.312527656555176,
          "hz": 802.3292461747484
        },
        {
          "acoustic_entropy": 13.447599411010742,
          "acoustic_entropy_side": 13.257902145385742,
          "hz": 935.3737400823702
        },
        {
          "acoustic_entropy": 13.614270210266113,
          "acoustic_entropy_side": 13.41979694366455,
          "hz": 1080.2004963696966
        },
        {
          "acoustic_entropy": 13.273056983947754,
          "acoustic_entropy_side": 13.468911170959473,
          "hz": 1237.8529382007157
        },
        {
          "acoustic_entropy": 13.109928131103516,
          "acoustic_entropy_side": 13.388690948486328,
          "hz": 1409.4668930556702
        },
        {
          "acoustic_entropy": 13.007616996765137,
          "acoustic_entropy_side": 13.409631729125977,
          "hz": 1596.2787759475705
        },
        {
          "acoustic_entropy": 13.683682441711426,
          "acoustic_entropy_side": 13.306824684143066,
          "hz": 1799.6344973346393
        },
        {
          "acoustic_entropy": 13.3053617477417,
          "acoustic_entropy_side": 13.335803985595703,
          "hz": 2020.9991599069049
        },
        {
          "acoustic_entropy": 13.194682121276855,
          "acoustic_entropy_side": 13.47004508972168,
          "hz": 2261.9676141086993
        },
        {
          "acoustic_entropy": 13.231124877929688,
          "acoustic_entropy_side": 13.322041511535645,
          "hz": 2524.2759484456974
        },
        {
          "acoustic_entropy": 13.591672897338867,
          "acoustic_entropy_side": 13.63196086883545,
          "hz": 2809.813997359896
        },
        {
          "acoustic_entropy": 13.337958335876465,
          "acoustic_entropy_side": 13.715167999267578,
          "hz": 3120.6389567871424
        },
        {
          "acoustic_entropy": 13.431634902954102,
          "acoustic_entropy_side": 13.741439819335938,
          "hz": 3458.990205492291
        },
        {
          "acoustic_entropy": 12.403857231140137,
          "acoustic_entropy_side": 13.69717788696289,
          "hz": 3827.305438964164
        },
        {
          "acoustic_entropy": 13.726780891418457,
          "acoustic_entropy_side": 13.699148178100586,
          "hz": 4228.238232109126
        },
        {
          "acoustic_entropy": 12.675843238830566,
          "acoustic_entropy_side": 13.550835609436035,
          "hz": 4664.6771572759235
        },
        {
          "acoustic_entropy": 13.500870704650879,
          "acoustic_entropy_side": 13.597919464111328,
          "hz": 5139.766595350093
        },
        {
          "acoustic_entropy": 14.000850677490234,
          "acoustic_entropy_side": 13.7368803024292,
          "hz": 5656.929389854203
        },
        {
          "acoustic_entropy": 13.56946086883545,
          "acoustic_entropy_side": 13.7070951461792,
          "hz": 6219.891507268283
        },
        {
          "acoustic_entropy": 13.377562522888184,
          "acoustic_entropy_side": 13.644837379455566,
          "hz": 6832.70888123896
        },
        {
          "acoustic_entropy": 13.714223861694336,
          "acoustic_entropy_side": 13.504895210266113,
          "hz": 7499.796634079867
        },
        {
          "acoustic_entropy": 13.241084098815918,
          "acoustic_entropy_side": 13.450575828552246,
          "hz": 8225.96088609342
        },
        {
          "acoustic_entropy": 13.177043914794922,
          "acoustic_entropy_side": 13.448495864868164,
          "hz": 9016.43338188839
        },
        {
          "acoustic_entropy": 13.242013931274414,
          "acoustic_entropy_side": 13.449633598327637,
          "hz": 9876.909183162974
        },
        {
          "acoustic_entropy": 13.68189811706543,
          "acoustic_entropy_side": 13.448647499084473,
          "hz": 10813.587699516042
        },
        {
          "acoustic_entropy": 13.721877098083496,
          "acoustic_entropy_side": 13.448660850524902,
          "hz": 11833.21735289826
        },
        {
          "acoustic_entropy": 13.715021133422852,
          "acoustic_entropy_side": 13.448674201965332,
          "hz": 12943.144197493959
        },
        {
          "acoustic_entropy": 13.610640525817871,
          "acoustic_entropy_side": 13.448660850524902,
          "hz": 14151.364845322005
        },
        {
          "acoustic_entropy": 13.478662490844727,
          "acoustic_entropy_side": 13.448661804199219,
          "hz": 15466.58407886509
        },
        {
          "acoustic_entropy": 13.474884986877441,
          "acoustic_entropy_side": 13.448661804199219,
          "hz": 16898.27756580493
        },
        {
          "acoustic_entropy": 13.460042953491211,
          "acoustic_entropy_side": 13.448661804199219,
          "hz": 18456.760127700032
        },
        {
          "acoustic_entropy": 13.4490966796875,
          "acoustic_entropy_side": 13.448661804199219,
          "hz": 20153.260054456492
        },
        {
          "acoustic_entropy": 13.448593139648438,
          "acoustic_entropy_side": 13.448661804199219,
          "hz": 22000.00000000001
        }
      ],
      "diff_acoustic_entropy": 7.641867637634277,
      "sn": 12
    },
    {
      "acoustic_entropy": 19.710542678833008,
      "acoustic_entropy_mono": 19.959917068481445,
      "band_eliminated_acoustic_entropies": [
        {
          "acoustic_entropy": 19.940523147583008,
          "acoustic_entropy_side": 19.71058464050293,
          "hz": 129.47220167065723
        },
        {
          "acoustic_entropy": 20.250112533569336,
          "acoustic_entropy_side": 19.725658416748047,
          "hz": 202.92927478742237
        },
        {
          "acoustic_entropy": 21.847444534301758,
          "acoustic_entropy_side": 19.62519645690918,
          "hz": 282.89161906338205
        },
        {
          "acoustic_entropy": 21.926685333251953,
          "acoustic_entropy_side": 20.188743591308594,
          "hz": 369.9353335868758
        },
        {
          "acoustic_entropy": 20.528474807739258,
          "acoustic_entropy_side": 20.90639877319336,
          "hz": 464.6875360973435
        },
        {
          "acoustic_entropy": 20.615324020385742,
          "acoustic_entropy_side": 20.127574920654297,
          "hz": 567.8308811364784
        },
        {
          "acoustic_entropy": 20.282482147216797,
          "acoustic_entropy_side": 19.956941604614258,
          "hz": 680.1084783214808
        },
        {
          "acoustic_entropy": 20.694904327392578,
          "acoustic_entropy_side": 19.994237899780273,
          "hz": 802.3292461747484
        },
        {
          "acoustic_entropy": 19.157472610473633,
          "acoustic_entropy_side": 19.831363677978516,
          "hz": 935.3737400823702
        },
        {
          "acoustic_entropy": 20.179821014404297,
          "acoustic_entropy_side": 19.588619232177734,
          "hz": 1080.2004963696966
        },
        {
          "acoustic_entropy": 20.772377014160156,
          "acoustic_entropy_side": 19.636856079101562,
          "hz": 1237.8529382007157
        },
        {
          "acoustic_entropy": 21.180849075317383,
          "acoustic_entropy_side": 20.105426788330078,
          "hz": 1409.4668930556702
        },
        {
          "acoustic_entropy": 21.12820816040039,
          "acoustic_entropy_side": 20.023731231689453,
          "hz": 1596.2787759475705
        },
        {
          "acoustic_entropy": 20.333961486816406,
          "acoustic_entropy_side": 20.190364837646484,
          "hz": 1799.6344973346393
        },
        {
          "acoustic_entropy": 20.938419342041016,
          "acoustic_entropy_side": 19.793601989746094,
          "hz": 2020.9991599069049
        },
        {
          "acoustic_entropy": 19.698566436767578,
          "acoustic_entropy_side": 19.894737243652344,
          "hz": 2261.9676141086993
        },
        {
          "acoustic_entropy": 20.27276039123535,
