{
  "acoustic_entropy": 151.76763916015625,
  "bands": [
    {
      "high_freq": 148.1999969482422,
      "loudness": -30.259380340576172,
      "loudness_range": 9.74250602722168,
      "mid_mean": -27.948715209960938,
      "mid_to_side_loudness": -4.592489719390869,
      "mid_to_side_loudness_range": 5.05231237411499,
      "side_mean": -32.47954177856445
    },
    {
      "high_freq": 392.3793640136719,
      "loudness": -25.423107147216797,
      "loudness_range": 10.228317260742188,
      "low_freq": 148.1999969482422,
      "mid_mean": -22.642253875732422,
      "mid_to_side_loudness": -7.219674587249756,
      "mid_to_side_loudness_range": 10.062881469726562,
      "side_mean": -29.914024353027344
    },
    {
      "high_freq": 794.6976318359375,
      "loudness": -32.274932861328125,
      "loudness_range": 14.940156936645508,
      "low_freq": 392.3793640136719,
      "mid_mean": -29.682039260864258,
      "mid_to_side_loudness": -6.768085479736328,
      "mid_to_side_loudness_range": 11.74991226196289,
      "side_mean": -36.48350524902344
    },
    {
      "high_freq": 1457.5709228515625,
      "loudness": -39.65265655517578,
      "loudness_range": 23.123027801513672,
      "low_freq": 794.6976318359375,
      "mid_mean": -37.44227981567383,
      "mid_to_side_loudness": -5.2964582443237305,
      "mid_to_side_loudness_range": 12.1693696975708,
      "side_mean": -42.79628372192383
    },
    {
      "high_freq": 2549.74365234375,
      "loudness": -42.10052490234375,
      "loudness_range": 21.858890533447266,
      "low_freq": 1457.5709228515625,
      "mid_mean": -39.277015686035156,
      "mid_to_side_loudness": -8.697188377380371,
      "mid_to_side_loudness_range": 16.250173568725586,
      "side_mean": -48.17023849487305
    },
    {
      "high_freq": 4349.24462890625,
      "loudness": -45.073158264160156,
      "loudness_range": 18.90636444091797,
      "low_freq": 2549.74365234375,
      "mid_mean": -42.9239387512207,
      "mid_to_side_loudness": -5.409524917602539,
      "mid_to_side_loudness_range": 13.34549617767334,
      "side_mean": -48.41781234741211
    },
    {
      "high_freq": 7314.1640625,
      "loudness": -48.21242904663086,
      "loudness_range": 15.833534240722656,
      "low_freq": 4349.24462890625,
      "mid_mean": -45.95692825317383,
      "mid_to_side_loudness": -4.825683116912842,
      "mid_to_side_loudness_range": 8.387128829956055,
      "side_mean": -50.8665885925293
    },
    {
      "high_freq": 12199.2666015625,
      "loudness": -52.639461517333984,
      "loudness_range": 14.479103088378906,
      "low_freq": 7314.1640625,
      "mid_mean": -50.679222106933594,
      "mid_to_side_loudness": -3.8757433891296387,
      "mid_to_side_loudness_range": 7.368881702423096,
      "side_mean": -54.37797546386719
    },
    {
      "loudness": -52.5313606262207,
      "loudness_range": 11.687454223632812,
      "low_freq": 12199.2666015625,
      "mid_mean": -50.77943420410156,
      "mid_to_side_loudness": -2.8910045623779297,
      "mid_to_side_loudness_range": 6.209037780761719,
      "side_mean": -53.548309326171875
    }
  ],
  "bands_short": [
    {
      "high_freq": 148.1999969482422,
      "loudness": -33.44767761230469,
      "loudness_range": 16.972503662109375,
      "mid_mean": -31.12415885925293,
      "mid_to_side_loudness": -4.825281620025635,
      "mid_to_side_loudness_range": 7.065691947937012,
      "side_mean": -35.85971450805664
    },
    {
      "high_freq": 392.3793640136719,
      "loudness": -25.69512176513672,
      "loudness_range": 12.485879898071289,
      "low_freq": 148.1999969482422,
      "mid_mean": -22.907459259033203,
      "mid_to_side_loudness": -7.6256818771362305,
      "mid_to_side_loudness_range": 11.865716934204102,
      "side_mean": -30.588869094848633
    },
    {
      "high_freq": 794.6976318359375,
      "loudness": -32.61656188964844,
      "loudness_range": 16.419984817504883,
      "low_freq": 392.3793640136719,
      "mid_mean": -30.15164566040039,
      "mid_to_side_loudness": -6.543030738830566,
      "mid_to_side_loudness_range": 13.433185577392578,
      "side_mean": -36.70260238647461
    },
    {
      "high_freq": 1457.5709228515625,
      "loudness": -40.19438171386719,
      "loudness_range": 24.47319221496582,
      "low_freq": 794.6976318359375,
      "mid_mean": -38.077335357666016,
      "mid_to_side_loudness": -5.038208961486816,
      "mid_to_side_loudness_range": 12.245944023132324,
      "side_mean": -43.167362213134766
    },
    {
      "high_freq": 2549.74365234375,
      "loudness": -43.28186798095703,
      "loudness_range": 24.05115509033203,
      "low_freq": 1457.5709228515625,
      "mid_mean": -40.470680236816406,
      "mid_to_side_loudness": -8.987458229064941,
      "mid_to_side_loudness_range": 17.65654182434082,
      "side_mean": -49.84957504272461
    },
    {
      "high_freq": 4349.24462890625,
      "loudness": -46.532527923583984,
      "loudness_range": 23.04421615600586,
      "low_freq": 2549.74365234375,
      "mid_mean": -44.41696548461914,
      "mid_to_side_loudness": -6.352092266082764,
      "mid_to_side_loudness_range": 16.616920471191406,
      "side_mean": -51.072288513183594
    },
    {
      "high_freq": 7314.1640625,
      "loudness": -50.56850051879883,
      "loudness_range": 22.42470932006836,
      "low_freq": 4349.24462890625,
      "mid_mean": -48.048316955566406,
      "mid_to_side_loudness": -6.419621467590332,
      "mid_to_side_loudness_range": 13.518271446228027,
      "side_mean": -54.188106536865234
    },
    {
      "high_freq": 12199.2666015625,
      "loudness": -55.11605453491211,
      "loudness_range": 19.497379302978516,
      "low_freq": 7314.1640625,
      "mid_mean": -52.667572021484375,
      "mid_to_side_loudness": -5.8620476722717285,
      "mid_to_side_loudness_range": 12.66319465637207,
      "side_mean": -57.96551513671875
    },
    {
      "loudness": -54.66017532348633,
      "loudness_range": 14.043392181396484,
      "low_freq": 12199.2666015625,
      "mid_mean": -52.26940155029297,
      "mid_to_side_loudness": -5.178145408630371,
      "mid_to_side_loudness_range": 7.855011463165283,
      "side_mean": -57.14534378051758
    }
  ],
  "bandwidth": 384.65325927734375,
  "channels": 2,
  "covariance": [
    [
      13.55557632446289,
      13.9223051071167,
      6.412816524505615,
      6.11220645904541,
      9.055051803588867,
      8.889904975891113,
      8.271184921264648,
      7.912120819091797,
      7.94075870513916,
      7.077567100524902,
      7.605391979217529,
      6.644777774810791,
      5.763578414916992,
      5.437480926513672,
      5.974885940551758,
      6.8332624435424805,
      4.198296546936035,
      6.71359395980835
    ],
    [
      13.9223051071167,
      18.294099807739258,
      7.22105073928833,
      7.351776599884033,
      11.150267601013184,
      9.918676376342773,
      10.20351791381836,
      9.551115036010742,
      10.39780330657959,
      7.7857561111450195,
      10.262714385986328,
      7.3529052734375,
      7.267514705657959,
      6.5900187492370605,
      7.844542026519775,
      8.915213584899902,
      5.766204833984375,
      9.354108810424805
    ],
    [
      6.412816524505615,
      7.22105073928833,
      18.471940994262695,
      10.53049373626709,
      17.02115821838379,
      10.985176086425781,
      16.847190856933594,
      11.991022109985352,
      20.79986000061035,
      12.49010181427002,
      19.575956344604492,
      10.697543144226074,
      14.23557186126709,
      9.703417778015137,
      11.826945304870605,
      9.068968772888184,
      4.470961570739746,
      7.42822265625
    ],
    [
      6.11220645904541,
      7.351776599884033,
      10.53049373626709,
      15.63923168182373,
      11.338919639587402,
      10.389204025268555,
      9.427691459655762,
      10.030413627624512,
      11.692814826965332,
      12.623299598693848,
      13.526973724365234,
      13.853964805603027,
      11.774853706359863,
      13.025763511657715,
      9.514482498168945,
      10.749277114868164,
      5.287501335144043,
      8.339266777038574
    ],
    [
      9.055051803588867,
      11.150267601013184,
      17.02115821838379,
      11.338919639587402,
      33.99406814575195,
      23.34602928161621,
      23.730789184570312,
      13.530816078186035,
      32.51694107055664,
      17.923513412475586,
      31.885547637939453,
      16.88680076599121,
      22.58257484436035,
      15.34756088256836,
      18.65167236328125,
      13.570005416870117,
      7.006072521209717,
      10.972477912902832
    ],
    [
      8.889904975891113,
      9.918676376342773,
      10.985176086425781,
      10.389204025268555,
      23.34602928161621,
      31.582685470581055,
      11.25552749633789,
      9.319232940673828,
      15.306770324707031,
      14.607887268066406,
      18.325571060180664,
      16.7937068939209,
      15.056157112121582,
      14.919596672058105,
      11.12862491607666,
      11.714463233947754,
      5.404154300689697,
      8.5785551071167
    ],
    [
      8.271184921264648,
      10.20351791381836,
      16.847190856933594,
      9.427691459655762,
      23.730789184570312,
      11.25552749633789,
      56.72488021850586,
      46.149295806884766,
      32.90875244140625,
      22.318395614624023,
      29.98514747619629,
      15.496707916259766,
      19.363832473754883,
      12.69288444519043,
      16.951745986938477,
      12.019618034362793,
      6.875447750091553,
      10.551749229431152
    ],
    [
      7.912120819091797,
      9.551115036010742,
      11.991022109985352,
      10.030413627624512,
      13.530816078186035,
      9.319232940673828,
      46.149295806884766,
      58.891231536865234,
      19.748369216918945,
      24.371795654296875,
      19.481843948364258,
      17.510412216186523,
      13.937161445617676,
      15.031679153442383,
      11.706389427185059,
      12.613960266113281,
      7.2485032081604,
      10.926813125610352
    ],
    [
      7.94075870513916,
      10.39780330657959,
      20.79986000061035,
      11.692814826965332,
      32.51694107055664,
      15.306770324707031,
      32.90875244140625,
      19.748369216918945,
      57.40928268432617,
      30.042724609375,
      44.88166046142578,
      19.308765411376953,
      30.803730010986328,
      18.300504684448242,
      25.85520362854004,
      15.707770347595215,
      8.515162467956543,
      12.645234107971191
    ],
    [
      7.077567100524902,
      7.7857561111450195,
      12.49010181427002,
      12.623299598693848,
      17.923513412475586,
      14.607887268066406,
      22.318395614624023,
      24.371795654296875,
      30.042724609375,
      37.695865631103516,
      26.49920654296875,
      25.017473220825195,
      22.248388290405273,
      22.56777572631836,
      16.19151496887207,
      16.681856155395508,
      8.381707191467285,
      12.850549697875977
    ],
    [
      7.605391979217529,
      10.262714385986328,
      19.575956344604492,
      13.526973724365234,
      31.885547637939453,
      18.325571060180664,
      29.98514747619629,
      19.481843948364258,
      44.88166046142578,
      26.49920654296875,
      48.90174102783203,
      25.845277786254883,
      33.94550704956055,
      22.73488998413086,
      26.43037986755371,
      17.64404296875,
      9.51974868774414,
      13.707184791564941
    ],
    [
      6.644777774810791,
      7.3529052734375,
      10.697543144226074,
      13.853964805603027,
      16.88680076599121,
      16.7937068939209,
      15.496707916259766,
      17.510412216186523,
      19.308765411376953,
      25.017473220825195,
      25.845277786254883,
      31.016847610473633,
      22.738025665283203,
      25.59010887145996,
      15.993298530578613,
      17.692235946655273,
      8.579168319702148,
      13.130836486816406
    ],
    [
      5.763578414916992,
      7.267514705657959,
      14.23557186126709,
      11.774853706359863,
      22.58257484436035,
      15.056157112121582,
      19.363832473754883,
      13.937161445617676,
      30.803730010986328,
      22.248388290405273,
      33.94550704956055,
      22.738025665283203,
      33.9612922668457,
      25.925649642944336,
      24.696331024169922,
      18.30128288269043,
      9.724125862121582,
      13.08527660369873
    ],
    [
      5.437480926513672,
      6.5900187492370605,
      9.703417778015137,
      13.025763511657715,
      15.34756088256836,
      14.919596672058105,
      12.69288444519043,
      15.031679153442383,
      18.300504684448242,
      22.56777572631836,
      22.73488998413086,
      25.59010887145996,
      25.925649642944336,
      32.467464447021484,
      21.346200942993164,
      23.212800979614258,
      12.606886863708496,
      17.748228073120117
    ],
    [
      5.974885940551758,
      7.844542026519775,
      11.826945304870605,
      9.514482498168945,
      18.65167236328125,
      11.12862491607666,
      16.951745986938477,
      11.706389427185059,
      25.85520362854004,
      16.19151496887207,
      26.43037986755371,
      15.993298530578613,
      24.696331024169922,
      21.346200942993164,
      27.90800666809082,
      21.163549423217773,
      14.183690071105957,
      17.408695220947266
    ],
    [
      6.8332624435424805,
      8.915213584899902,
      9.068968772888184,
      10.749277114868164,
      13.570005416870117,
      11.714463233947754,
      12.019618034362793,
      12.613960266113281,
      15.707770347595215,
      16.681856155395508,
      17.64404296875,
      17.692235946655273,
      18.30128288269043,
      23.212800979614258,
      21.163549423217773,
      25.143232345581055,
      15.087971687316895,
      22.173629760742188
    ],
    [
      4.198296546936035,
      5.766204833984375,
      4.470961570739746,
      5.287501335144043,
      7.006072521209717,
      5.404154300689697,
      6.875447750091553,
      7.2485032081604,
      8.515162467956543,
      8.381707191467285,
      9.51974868774414,
      8.579168319702148,
      9.724125862121582,
      12.606886863708496,
      14.183690071105957,
      15.087971687316895,
      12.124190330505371,
      15.319865226745605
    ],
    [
      6.71359395980835,
      9.354108810424805,
      7.42822265625,
      8.339266777038574,
      10.972477912902832,
      8.5785551071167,
      10.551749229431152,
      10.926813125610352,
      12.645234107971191,
      12.850549697875977,
      13.707184791564941,
      13.130836486816406,
      13.08527660369873,
      17.748228073120117,
      17.408695220947266,
      22.173629760742188,
      15.319865226745605,
      23.180574417114258
    ]
  ],
  "covariance_short": [
    [
      33.464080810546875,
      34.43721008300781,
      8.773011207580566,
      10.591214179992676,
      12.124449729919434,
      11.966233253479004,
      10.462557792663574,
      10.642449378967285,
      10.934598922729492,
      11.675503730773926,
      11.556533813476562,
      12.791159629821777,
      10.013609886169434,
      12.368158340454102,
      9.418097496032715,
      13.537632942199707,
      6.452952861785889,
      11.415278434753418
    ],
    [
      34.43721008300781,
      42.25943374633789,
      9.537189483642578,
      12.373372077941895,
      13.977347373962402,
      12.648731231689453,
      12.14417552947998,
      11.736279487609863,
      13.109119415283203,
      12.577587127685547,
      14.020699501037598,
      13.975373268127441,
      12.027056694030762,
      14.232498168945312,
      11.655532836914062,
      15.991565704345703,
      8.074376106262207,
      14.245817184448242
    ],
    [
      8.773011207580566,
      9.537189483642578,
      22.65287971496582,
      14.22669792175293,
      18.01816177368164,
      11.55415153503418,
      18.524751663208008,
      12.540047645568848,
      23.455385208129883,
      15.955015182495117,
      23.656606674194336,
      15.17419719696045,
      19.23797607421875,
      14.375187873840332,
      14.737499237060547,
      11.903202056884766,
      4.770123481750488,
      8.205914497375488
    ],
    [
      10.591214179992676,
      12.373372077941895,
      14.22669792175293,
      23.20922088623047,
      13.618646621704102,
      13.044682502746582,
      11.680476188659668,
      12.24721622467041,
      14.715559959411621,
      17.370210647583008,
      17.389673233032227,
      20.97087860107422,
      16.754194259643555,
      21.111675262451172,
      13.515656471252441,
      17.31734275817871,
      7.957085609436035,
      13.080559730529785
    ],
    [
      12.124449729919434,
      13.977347373962402,
      18.01816177368164,
      13.618646621704102,
      39.166656494140625,
      26.038414001464844,
      25.430946350097656,
      14.820695877075195,
      35.34275436401367,
      23.38566017150879,
      36.69932556152344,
      23.510190963745117,
      28.10976219177246,
      21.08457374572754,
      21.046354293823242,
      15.78270435333252,
      6.029491424560547,
      9.971892356872559
    ],
    [
      11.966233253479004,
      12.648731231689453,
      11.55415153503418,
      13.044682502746582,
      26.038414001464844,
      37.80892562866211,
      10.735523223876953,
      8.967927932739258,
      16.691059112548828,
      18.34963035583496,
      19.732624053955078,
      21.786149978637695,
      17.563274383544922,
      20.14177703857422,
      12.297294616699219,
      15.741019248962402,
      6.2516584396362305,
      11.050448417663574
    ],
    [
      10.462557792663574,
      12.14417552947998,
      18.524751663208008,
      11.680476188659668,
      25.430946350097656,
      10.735523223876953,
      63.38693618774414,
      50.84952163696289,
      36.44917297363281,
      27.09906768798828,
      35.61319351196289,
      21.786937713623047,
      26.249773025512695,
      18.86842918395996,
      21.563507080078125,
      15.733585357666016,
      6.320496559143066,
      10.30505084991455
    ],
    [
      10.642449378967285,
      11.736279487609863,
      12.540047645568848,
      12.24721622467041,
      14.820695877075195,
      8.967927932739258,
      50.84952163696289,
      64.61646270751953,
      21.94746971130371,
      28.389572143554688,
      22.94116973876953,
      23.56344985961914,
      18.63934898376465,
      21.489242553710938,
      14.950448036193848,
      17.660945892333984,
      7.564882278442383,
      12.5303955078125
    ],
    [
      10.934598922729492,
      13.109119415283203,
      23.455385208129883,
      14.715559959411621,
      35.34275436401367,
      16.691059112548828,
      36.44917297363281,
      21.94746971130371,
      68.01907348632812,
      39.852691650390625,
      57.197776794433594,
      30.823755264282227,
      42.21587371826172,
      28.776111602783203,
      31.80875015258789,
      19.918119430541992,
      7.279109954833984,
      11.32833480834961
    ],
    [
      11.675503730773926,
      12.577587127685547,
      15.955015182495117,
      17.370210647583008,
      23.38566017150879,
      18.34963035583496,
      27.09906768798828,
      28.389572143554688,
      39.852691650390625,
      55.091064453125,
      37.93212127685547,
      43.8292121887207,
      35.6612663269043,
      40.529090881347656,
      25.03141975402832,
      28.36189079284668,
      11.717839241027832,
      18.82182502746582
    ],
    [
      11.556533813476562,
      14.020699501037598,
      23.656606674194336,
      17.389673233032227,
      36.69932556152344,
      19.732624053955078,
      35.61319351196289,
      22.94116973876953,
      57.197776794433594,
      37.93212127685547,
      67.8339614868164,
      42.043357849121094,
      51.1467399597168,
      39.28951644897461,
      36.93752670288086,
      26.471426010131836,
      10.333857536315918,
      15.11609172821045
    ],
    [
      12.791159629821777,
      13.975373268127441,
      15.17419719696045,
      20.97087860107422,
      23.510190963745117,
      21.786149978637695,
      21.786937713623047,
      23.56344985961914,
      30.823755264282227,
      43.8292121887207,
      42.043357849121094,
      61.18817901611328,
      40.792057037353516,
      53.90497970581055,
      29.479904174804688,
      36.909244537353516,
      15.87335205078125,
      24.899131774902344
    ],
    [
      10.013609886169434,
      12.027056694030762,
      19.23797607421875,
      16.754194259643555,
      28.10976219177246,
      17.563274383544922,
      26.249773025512695,
      18.63934898376465,
      42.21587371826172,
      35.6612663269043,
      51.1467399597168,
      40.792057037353516,
      54.379756927490234,
      47.1635627746582,
      38.39528274536133,
      32.693214416503906,
      14.378436088562012,
      19.841903686523438
    ],
    [
      12.368158340454102,
      14.232498168945312,
      14.375187873840332,
      21.111675262451172,
      21.08457374572754,
      20.14177703857422,
      18.86842918395996,
      21.489242553710938,
      28.776111602783203,
      40.529090881347656,
      39.28951644897461,
      53.90497970581055,
      47.1635627746582,
      63.60175704956055,
      35.990966796875,
      46.69676971435547,
      20.71217155456543,
      32.33699035644531
    ],
    [
      9.418097496032715,
      11.655532836914062,
      14.737499237060547,
      13.515656471252441,
      21.046354293823242,
      12.297294616699219,
      21.563507080078125,
      14.950448036193848,
      31.80875015258789,
      25.03141975402832,
      36.93752670288086,
      29.479904174804688,
      38.39528274536133,
      35.990966796875,
      40.867034912109375,
      35.147239685058594,
      19.397348403930664,
      25.076501846313477
    ],
    [
      13.537632942199707,
      15.991565704345703,
      11.903202056884766,
      17.31734275817871,
      15.78270435333252,
      15.741019248962402,
      15.733585357666016,
      17.660945892333984,
      19.918119430541992,
      28.36189079284668,
      26.471426010131836,
      36.909244537353516,
      32.693214416503906,
      46.69676971435547,
      35.147239685058594,
      49.759521484375,
      24.578718185424805,
      39.228816986083984
    ],
    [
      6.452952861785889,
      8.074376106262207,
      4.770123481750488,
      7.957085609436035,
      6.029491424560547,
      6.2516584396362305,
      6.320496559143066,
      7.564882278442383,
      7.279109954833984,
      11.717839241027832,
      10.333857536315918,
      15.87335205078125,
      14.378436088562012,
      20.71217155456543,
      19.397348403930664,
      24.578718185424805,
      17.45105743408203,
      23.498798370361328
    ],
    [
      11.415278434753418,
      14.245817184448242,
      8.205914497375488,
      13.080559730529785,
      9.971892356872559,
      11.050448417663574,
      10.30505084991455,
      12.5303955078125,
      11.32833480834961,
      18.82182502746582,
      15.11609172821045,
      24.899131774902344,
      19.841903686523438,
      32.33699035644531,
      25.076501846313477,
      39.228816986083984,
      23.498798370361328,
      38.395904541015625
    ]
  ],
  "damage": -10.629903793334961,
  "diff_bandwidth": 402.5638122558594,
  "dissonance": 6.134192924334596,
  "drr": 13.7197847366333,
  "dynamics": 3.2807583808898926,
  "format": 1245190,
  "frames": 10294208,
  "loudness": -19.231040954589844,
  "loudness_range": 8.705710411071777,
  "loudness_range_short": 10.910843849182129,
  "lowpass_true_peak_15khz": -2.184584140777588,
  "mastering3_acoustic_entropies": [
    {
      "acoustic_entropy": 6.025722980499268,
      "acoustic_entropy_mono": 6.191516876220703,
      "band_eliminated_acoustic_entropies": [
        {
          "acoustic_entropy": 6.036890506744385,
          "acoustic_entropy_side": 6.038660049438477,
          "hz": 129.47220167065723
        },
        {
          "acoustic_entropy": 6.368873596191406,
          "acoustic_entropy_side": 6.091314792633057,
          "hz": 202.92927478742237
        },
        {
          "acoustic_entropy": 7.137918472290039,
          "acoustic_entropy_side": 6.023167610168457,
          "hz": 282.89161906338205
        },
        {
          "acoustic_entropy": 6.655507564544678,
          "acoustic_entropy_side": 6.058565139770508,
          "hz": 369.9353335868758
        },
        {
          "acoustic_entropy": 6.563125133514404,
          "acoustic_entropy_side": 6.437005043029785,
          "hz": 464.6875360973435
        },
        {
          "acoustic_entropy": 5.8594794273376465,
          "acoustic_entropy_side": 5.807979583740234,
          "hz": 567.8308811364784
        },
        {
          "acoustic_entropy": 6.2892255783081055,
          "acoustic_entropy_side": 6.157358169555664,
          "hz": 680.1084783214808
        },
        {
          "acoustic_entropy": 6.228256702423096,
          "acoustic_entropy_side": 6.187288284301758,
          "hz": 802.3292461747484
        },
        {
          "acoustic_entropy": 6.023202896118164,
          "acoustic_entropy_side": 6.1085686683654785,
          "hz": 935.3737400823702
        },
        {
          "acoustic_entropy": 6.051541805267334,
          "acoustic_entropy_side": 6.20118522644043,
          "hz": 1080.2004963696966
        },
        {
          "acoustic_entropy": 6.52708101272583,
          "acoustic_entropy_side": 6.360053539276123,
          "hz": 1237.8529382007157
        },
        {
          "acoustic_entropy": 6.799355983734131,
          "acoustic_entropy_side": 6.240848064422607,
          "hz": 1409.4668930556702
        },
        {
          "acoustic_entropy": 6.439700126647949,
          "acoustic_entropy_side": 6.078517436981201,
          "hz": 1596.2787759475705
        },
        {
          "acoustic_entropy": 6.699018955230713,
          "acoustic_entropy_side": 6.229775428771973,
          "hz": 1799.6344973346393
        },
        {
          "acoustic_entropy": 6.21834659576416,
          "acoustic_entropy_side": 6.121312141418457,
          "hz": 2020.9991599069049
        },
        {
          "acoustic_entropy": 5.972006320953369,
          "acoustic_entropy_side": 6.03999662399292,
          "hz": 2261.9676141086993
        },
        {
          "acoustic_entropy": 6.215426921844482,
          "acoustic_entropy_side": 6.028437614440918,
          "hz": 2524.2759484456974
        },
        {
          "acoustic_entropy": 6.220265865325928,
          "acoustic_entropy_side": 6.026396751403809,
          "hz": 2809.813997359896
        },
        {
          "acoustic_entropy": 6.097008228302002,
          "acoustic_entropy_side": 6.025299549102783,
          "hz": 3120.6389567871424
        },
        {
          "acoustic_entropy": 6.043112277984619,
          "acoustic_entropy_side": 6.021782875061035,
          "hz": 3458.990205492291
        },
        {
          "acoustic_entropy": 5.951457500457764,
          "acoustic_entropy_side": 6.022878646850586,
          "hz": 3827.305438964164
        },
        {
          "acoustic_entropy": 5.96402645111084,
          "acoustic_entropy_side": 6.022234916687012,
          "hz": 4228.238232109126
        },
        {
          "acoustic_entropy": 6.012459754943848,
          "acoustic_entropy_side": 6.0216755867004395,
          "hz": 4664.6771572759235
        },
        {
          "acoustic_entropy": 6.001007080078125,
          "acoustic_entropy_side": 6.021655082702637,
          "hz": 5139.766595350093
        },
        {
          "acoustic_entropy": 5.9556427001953125,
          "acoustic_entropy_side": 6.019398212432861,
          "hz": 5656.929389854203
        },
        {
          "acoustic_entropy": 5.946478843688965,
          "acoustic_entropy_side": 6.021251678466797,
          "hz": 6219.891507268283
        },
        {
          "acoustic_entropy": 5.94872522354126,
          "acoustic_entropy_side": 6.022127628326416,
          "hz": 6832.70888123896
        },
        {
          "acoustic_entropy": 5.984219074249268,
          "acoustic_entropy_side": 6.023167610168457,
          "hz": 7499.796634079867
        },
        {
          "acoustic_entropy": 5.971805095672607,
          "acoustic_entropy_side": 6.023846626281738,
          "hz": 8225.96088609342
        },
        {
          "acoustic_entropy": 5.987649917602539,
          "acoustic_entropy_side": 6.023466110229492,
          "hz": 9016.43338188839
        },
        {
          "acoustic_entropy": 5.986178874969482,
          "acoustic_entropy_side": 6.023693084716797,
          "hz": 9876.909183162974
        },
        {
          "acoustic_entropy": 5.995380878448486,
          "acoustic_entropy_side": 6.023507595062256,
          "hz": 10813.587699516042
        },
        {
          "acoustic_entropy": 6.000707149505615,
          "acoustic_entropy_side": 6.022319316864014,
          "hz": 11833.21735289826
        },
        {
          "acoustic_entropy": 6.011122226715088,
          "acoustic_entropy_side": 6.0206074714660645,
          "hz": 12943.144197493959
        },
        {
          "acoustic_entropy": 6.018150806427002,
          "acoustic_entropy_side": 6.01840877532959,
          "hz": 14151.364845322005
        },
        {
          "acoustic_entropy": 6.024709224700928,
          "acoustic_entropy_side": 6.025050163269043,
          "hz": 15466.58407886509
        },
        {
          "acoustic_entropy": 6.026456356048584,
          "acoustic_entropy_side": 6.019683837890625,
          "hz": 16898.27756580493
        },
        {
          "acoustic_entropy": 6.019983768463135,
          "acoustic_entropy_side": 6.024213790893555,
          "hz": 18456.760127700032
        },
        {
          "acoustic_entropy": 6.02531623840332,
          "acoustic_entropy_side": 6.025623798370361,
          "hz": 20153.260054456492
        },
        {
          "acoustic_entropy": 6.025691032409668,
          "acoustic_entropy_side": 6.025712013244629,
          "hz": 22000.00000000001
        }
      ],
      "diff_acoustic_entropy": 3.0777735710144043,
      "sn": 6
    },
    {
      "acoustic_entropy": 10.649930000305176,
      "acoustic_entropy_mono": 10.351582527160645,
      "band_eliminated_acoustic_entropies": [
        {
          "acoustic_entropy": 10.9491605758667,
          "acoustic_entropy_side": 11.037308692932129,
          "hz": 129.47220167065723
        },
        {
          "acoustic_entropy": 11.256561279296875,
          "acoustic_entropy_side": 11.085376739501953,
          "hz": 202.92927478742237
        },
        {
          "acoustic_entropy": 11.511470794677734,
          "acoustic_entropy_side": 10.828527450561523,
          "hz": 282.89161906338205
        },
        {
          "acoustic_entropy": 11.19995403289795,
          "acoustic_entropy_side": 11.314590454101562,
          "hz": 369.9353335868758
        },
        {
          "acoustic_entropy": 10.897529602050781,
          "acoustic_entropy_side": 10.880986213684082,
          "hz": 464.6875360973435
        },
        {
          "acoustic_entropy": 11.35296630859375,
          "acoustic_entropy_side": 11.140129089355469,
          "hz": 567.8308811364784
        },
        {
          "acoustic_entropy": 10.240310668945312,
          "acoustic_entropy_side": 10.462518692016602,
          "hz": 680.1084783214808
        },
        {
          "acoustic_entropy": 10.429451942443848,
          "acoustic_entropy_side": 10.658205032348633,
          "hz": 802.3292461747484
        },
        {
          "acoustic_entropy": 10.34443187713623,
          "acoustic_entropy_side": 10.494893074035645,
          "hz": 935.3737400823702
        },
        {
          "acoustic_entropy": 10.87564468383789,
          "acoustic_entropy_side": 10.698127746582031,
          "hz": 1080.2004963696966
        },
        {
          "acoustic_entropy": 10.752928733825684,
          "acoustic_entropy_side": 10.768878936767578,
          "hz": 1237.8529382007157
        },
        {
          "acoustic_entropy": 10.903183937072754,
          "acoustic_entropy_side": 10.719877243041992,
          "hz": 1409.4668930556702
        },
        {
          "acoustic_entropy": 10.765378952026367,
          "acoustic_entropy_side": 10.716623306274414,
          "hz": 1596.2787759475705
        },
        {
          "acoustic_entropy": 11.086403846740723,
          "acoustic_entropy_side": 10.75558853149414,
          "hz": 1799.6344973346393
        },
        {
          "acoustic_entropy": 10.433317184448242,
          "acoustic_entropy_side": 10.900032043457031,
          "hz": 2020.9991599069049
        },
        {
          "acoustic_entropy": 10.41211223602295,
          "acoustic_entropy_side": 10.650540351867676,
          "hz": 2261.9676141086993
        },
        {
          "acoustic_entropy": 10.563634872436523,
          "acoustic_entropy_side": 10.676904678344727,
          "hz": 2524.2759484456974
        },
        {
          "acoustic_entropy": 10.802887916564941,
          "acoustic_entropy_side": 10.707243919372559,
          "hz": 2809.813997359896
        },
        {
          "acoustic_entropy": 10.79508113861084,
          "acoustic_entropy_side": 10.709601402282715,
          "hz": 3120.6389567871424
        },
        {
          "acoustic_entropy": 10.681513786315918,
          "acoustic_entropy_side": 10.73549747467041,
          "hz": 3458.990205492291
        },
        {
          "acoustic_entropy": 10.739086151123047,
          "acoustic_entropy_side": 10.730510711669922,
          "hz": 3827.305438964164
        },
        {
          "acoustic_entropy": 10.780206680297852,
          "acoustic_entropy_side": 10.725933074951172,
          "hz": 4228.238232109126
        },
        {
          "acoustic_entropy": 10.71536636352539,
          "acoustic_entropy_side": 10.707157135009766,
          "hz": 4664.6771572759235
        },
        {
          "acoustic_entropy": 10.769828796386719,
          "acoustic_entropy_side": 10.699339866638184,
          "hz": 5139.766595350093
        },
        {
          "acoustic_entropy": 10.797384262084961,
          "acoustic_entropy_side": 10.678624153137207,
          "hz": 5656.929389854203
        },
        {
          "acoustic_entropy": 10.773478507995605,
          "acoustic_entropy_side": 10.69758415222168,
          "hz": 6219.891507268283
        },
        {
          "acoustic_entropy": 10.772859573364258,
          "acoustic_entropy_side": 10.680673599243164,
          "hz": 6832.70888123896
        },
        {
          "acoustic_entropy": 10.677693367004395,
          "acoustic_entropy_side": 10.679286003112793,
          "hz": 7499.796634079867
        },
        {
          "acoustic_entropy": 10.673776626586914,
          "acoustic_entropy_side": 10.67258358001709,
          "hz": 8225.96088609342
        },
        {
          "acoustic_entropy": 10.71871280670166,
          "acoustic_entropy_side": 10.676220893859863,
          "hz": 9016.43338188839
        },
        {
          "acoustic_entropy": 10.740017890930176,
          "acoustic_entropy_side": 10.675017356872559,
          "hz": 9876.909183162974
        },
        {
          "acoustic_entropy": 10.731025695800781,
          "acoustic_entropy_side": 10.675317764282227,
          "hz": 10813.587699516042
        },
        {
          "acoustic_entropy": 10.766221046447754,
          "acoustic_entropy_side": 10.682757377624512,
          "hz": 11833.21735289826
        },
        {
          "acoustic_entropy": 10.781548500061035,
          "acoustic_entropy_side": 10.691206932067871,
          "hz": 12943.144197493959
        },
        {
          "acoustic_entropy": 10.755331039428711,
          "acoustic_entropy_side": 10.709797859191895,
          "hz": 14151.364845322005
        },
        {
          "acoustic_entropy": 10.739712715148926,
          "acoustic_entropy_side": 10.737717628479004,
          "hz": 15466.58407886509
        },
        {
          "acoustic_entropy": 10.736003875732422,
          "acoustic_entropy_side": 10.701318740844727,
          "hz": 16898.27756580493
        },
        {
          "acoustic_entropy": 10.700779914855957,
          "acoustic_entropy_side": 10.671147346496582,
          "hz": 18456.760127700032
        },
        {
          "acoustic_entropy": 10.654616355895996,
          "acoustic_entropy_side": 10.652252197265625,
          "hz": 20153.260054456492
        },
        {
          "acoustic_entropy": 10.650303840637207,
          "acoustic_entropy_side": 10.650123596191406,
          "hz": 22000.00000000001
        }
      ],
      "diff_acoustic_entropy": 7.206526756286621,
      "sn": 12
    },
    {
      "acoustic_entropy": 19.044658660888672,
      "acoustic_entropy_mono": 15.338993072509766,
      "band_eliminated_acoustic_entropies": [
        {
          "acoustic_entropy": 17.898820877075195,
          "acoustic_entropy_side": 18.023571014404297,
          "hz": 129.47220167065723
        },
        {
          "acoustic_entropy": 18.935955047607422,
          "acoustic_entropy_side": 19.12626075744629,
          "hz": 202.92927478742237
        },
        {
          "acoustic_entropy": 18.679763793945312,
          "acoustic_entropy_side": 18.883771896362305,
          "hz": 282.89161906338205
        },
        {
          "acoustic_entropy": 18.35724639892578,
          "acoustic_entropy_side": 18.957534790039062,
          "hz": 369.9353335868758
        },
        {
          "acoustic_entropy": 19.023271560668945,
          "acoustic_entropy_side": 19.267898559570312,
          "hz": 464.6875360973435
        },
        {
          "acoustic_entropy": 18.928049087524414,
          "acoustic_entropy_side": 19.549501419067383,
          "hz": 567.8308811364784
        },
        {
          "acoustic_entropy": 18.864757537841797,
          "acoustic_entropy_side": 18.086336135864258,
          "hz": 680.1084783214808
        },
        {
          "acoustic_entropy": 19.384702682495117,
          "acoustic_entropy_side": 20.119510650634766,
          "hz": 802.3292461747484
        },
        {
          "acoustic_entropy": 19.48345375061035,
          "acoustic_entropy_side": 19.35955238342285,
          "hz": 935.3737400823702
        },
        {
          "acoustic_entropy": 18.60003089904785,
          "acoustic_entropy_side": 19.06659698486328,
          "hz": 1080.2004963696966
        },
        {
          "acoustic_entropy": 19.802791595458984,
          "acoustic_entropy_side": 19.61031723022461,
          "hz": 1237.8529382007157
        },
        {
          "acoustic_entropy": 19.46312141418457,
          "acoustic_entropy_side": 19.552183151245117,
          "hz": 1409.4668930556702
        },
        {
          "acoustic_entropy": 19.06577491760254,
          "acoustic_entropy_side": 19.212600708007812,
          "hz": 1596.2787759475705
        },
        {
          "acoustic_entropy": 19.675636291503906,
          "acoustic_entropy_side": 19.491188049316406,
          "hz": 1799.6344973346393
        },
        {
          "acoustic_entropy": 19.46722984313965,
          "acoustic_entropy_side": 19.339107513427734,
          "hz": 2020.9991599069049
        },
        {
          "acoustic_entropy": 18.79644203186035,
          "acoustic_entropy_side": 19.09710121154785,
          "hz": 2261.9676141086993
        },
        {
          "acoustic_entropy": 19.322105407714844,
          "acoustic_entropy_side": 19.0229549407959,
          "hz": 2524.2759484456974
        },
        {
          "acoustic_entropy": 19.017841339111328,
          "acoustic_entropy_side": 18.959102630615234,
          "hz": 2809.813997359896
        },
        {
          "acoustic_entropy": 19.46181869506836,
