{
  "acoustic_entropy": 212.64572143554688,
  "bands": [
    {
      "high_freq": 148.1999969482422,
      "loudness": -39.70252990722656,
      "loudness_range": 34.12700653076172,
      "mid_mean": -36.60342788696289,
      "mid_to_side_loudness": -12.118680953979492,
      "mid_to_side_loudness_range": 16.771739959716797,
      "side_mean": -48.950355529785156
    },
    {
      "high_freq": 392.3793640136719,
      "loudness": -28.52189064025879,
      "loudness_range": 16.87837028503418,
      "low_freq": 148.1999969482422,
      "mid_mean": -25.488000869750977,
      "mid_to_side_loudness": -10.610264778137207,
      "mid_to_side_loudness_range": 16.76529884338379,
      "side_mean": -36.3737907409668
    },
    {
      "high_freq": 794.6976318359375,
      "loudness": -22.498416900634766,
      "loudness_range": 14.231498718261719,
      "low_freq": 392.3793640136719,
      "mid_mean": -19.452476501464844,
      "mid_to_side_loudness": -9.236340522766113,
      "mid_to_side_loudness_range": 9.147090911865234,
      "side_mean": -29.057647705078125
    },
    {
      "high_freq": 1457.5709228515625,
      "loudness": -26.558881759643555,
      "loudness_range": 20.377737045288086,
      "low_freq": 794.6976318359375,
      "mid_mean": -23.375686645507812,
      "mid_to_side_loudness": -10.776480674743652,
      "mid_to_side_loudness_range": 12.752934455871582,
      "side_mean": -34.350250244140625
    },
    {
      "high_freq": 2549.74365234375,
      "loudness": -27.225006103515625,
      "loudness_range": 20.642831802368164,
      "low_freq": 1457.5709228515625,
      "mid_mean": -23.992481231689453,
      "mid_to_side_loudness": -10.67172908782959,
      "mid_to_side_loudness_range": 7.015560626983643,
      "side_mean": -34.861507415771484
    },
    {
      "high_freq": 4349.24462890625,
      "loudness": -32.0245361328125,
      "loudness_range": 19.674560546875,
      "low_freq": 2549.74365234375,
      "mid_mean": -28.832233428955078,
      "mid_to_side_loudness": -10.046286582946777,
      "mid_to_side_loudness_range": 8.689046859741211,
      "side_mean": -39.032318115234375
    },
    {
      "high_freq": 7314.1640625,
      "loudness": -42.62519073486328,
      "loudness_range": 26.007064819335938,
      "low_freq": 4349.24462890625,
      "mid_mean": -39.673240661621094,
      "mid_to_side_loudness": -8.194067001342773,
      "mid_to_side_loudness_range": 10.210241317749023,
      "side_mean": -48.08113098144531
    },
    {
      "high_freq": 12199.2666015625,
      "loudness": -40.32112121582031,
      "loudness_range": 25.17786979675293,
      "low_freq": 7314.1640625,
      "mid_mean": -37.19713592529297,
      "mid_to_side_loudness": -10.185931205749512,
      "mid_to_side_loudness_range": 11.359758377075195,
      "side_mean": -47.597679138183594
    },
    {
      "loudness": -39.630271911621094,
      "loudness_range": 10.409481048583984,
      "low_freq": 12199.2666015625,
      "mid_mean": -36.60222244262695,
      "mid_to_side_loudness": -10.95234203338623,
      "mid_to_side_loudness_range": 9.517017364501953,
      "side_mean": -48.035240173339844
    }
  ],
  "bands_short": [
    {
      "high_freq": 148.1999969482422,
      "loudness": -46.950748443603516,
      "loudness_range": 33.86720657348633,
      "mid_mean": -43.834503173828125,
      "mid_to_side_loudness": -11.782629013061523,
      "mid_to_side_loudness_range": 19.34786605834961,
      "side_mean": -56.04878616333008
    },
    {
      "high_freq": 392.3793640136719,
      "loudness": -29.205373764038086,
      "loudness_range": 23.491260528564453,
      "low_freq": 148.1999969482422,
      "mid_mean": -26.48961639404297,
      "mid_to_side_loudness": -10.224629402160645,
      "mid_to_side_loudness_range": 19.963834762573242,
      "side_mean": -37.27154541015625
    },
    {
      "high_freq": 794.6976318359375,
      "loudness": -23.822158813476562,
      "loudness_range": 16.916412353515625,
      "low_freq": 392.3793640136719,
      "mid_mean": -20.860105514526367,
      "mid_to_side_loudness": -9.227286338806152,
      "mid_to_side_loudness_range": 11.779977798461914,
      "side_mean": -30.393009185791016
    },
    {
      "high_freq": 1457.5709228515625,
      "loudness": -25.966894149780273,
      "loudness_range": 22.08519172668457,
      "low_freq": 794.6976318359375,
      "mid_mean": -22.888715744018555,
      "mid_to_side_loudness": -10.622994422912598,
      "mid_to_side_loudness_range": 14.66561508178711,
      "side_mean": -33.90959548950195
    },
    {
      "high_freq": 2549.74365234375,
      "loudness": -28.033798217773438,
      "loudness_range": 22.8811092376709,
      "low_freq": 1457.5709228515625,
      "mid_mean": -24.892288208007812,
      "mid_to_side_loudness": -10.294575691223145,
      "mid_to_side_loudness_range": 10.821701049804688,
      "side_mean": -35.436614990234375
    },
    {
      "high_freq": 4349.24462890625,
      "loudness": -32.505157470703125,
      "loudness_range": 22.455129623413086,
      "low_freq": 2549.74365234375,
      "mid_mean": -29.446983337402344,
      "mid_to_side_loudness": -9.702648162841797,
      "mid_to_side_loudness_range": 11.033441543579102,
      "side_mean": -39.550018310546875
    },
    {
      "high_freq": 7314.1640625,
      "loudness": -43.58527755737305,
      "loudness_range": 27.591899871826172,
      "low_freq": 4349.24462890625,
      "mid_mean": -40.868961334228516,
      "mid_to_side_loudness": -7.716108322143555,
      "mid_to_side_loudness_range": 10.932572364807129,
      "side_mean": -48.784820556640625
    },
    {
      "high_freq": 12199.2666015625,
      "loudness": -40.93436050415039,
      "loudness_range": 26.881879806518555,
      "low_freq": 7314.1640625,
      "mid_mean": -37.862701416015625,
      "mid_to_side_loudness": -10.093976020812988,
      "mid_to_side_loudness_range": 12.690361022949219,
      "side_mean": -48.27702713012695
    },
    {
      "loudness": -40.040096282958984,
      "loudness_range": 12.508865356445312,
      "low_freq": 12199.2666015625,
      "mid_mean": -37.05048751831055,
      "mid_to_side_loudness": -10.985804557800293,
      "mid_to_side_loudness_range": 11.500070571899414,
      "side_mean": -48.940277099609375
    }
  ],
  "bandwidth": 855.5366821289062,
  "channels": 2,
  "covariance": [
    [
      160.62661743164062,
      111.13412475585938,
      58.53585433959961,
      21.8101863861084,
      -0.9215394854545593,
      6.513800621032715,
      54.2514533996582,
      55.768333435058594,
      72.84918975830078,
      68.97657775878906,
      74.36638641357422,
      60.96822738647461,
      76.05742645263672,
      63.68643569946289,
      95.0684585571289,
      72.02224731445312,
      29.807527542114258,
      34.66661834716797
    ],
    [
      111.13412475585938,
      98.7408218383789,
      46.561458587646484,
      29.930343627929688,
      -1.100153923034668,
      10.228179931640625,
      48.58999252319336,
      44.05661392211914,
      56.18586349487305,
      51.56432342529297,
      56.50474548339844,
      43.69442367553711,
      47.43461990356445,
      41.262184143066406,
      72.6004409790039,
      50.011322021484375,
      25.738527297973633,
      26.830190658569336
    ],
    [
      58.53585433959961,
      46.561458587646484,
      51.25813674926758,
      32.600467681884766,
      2.6768949031829834,
      4.627154350280762,
      27.08340072631836,
      21.041215896606445,
      31.054901123046875,
      25.498310089111328,
      29.36911392211914,
      21.158092498779297,
      23.492036819458008,
      16.063926696777344,
      38.77782440185547,
      22.82949447631836,
      17.863914489746094,
      13.289538383483887
    ],
    [
      21.8101863861084,
      29.930343627929688,
      32.600467681884766,
      45.11757278442383,
      0.2961021363735199,
      4.176129341125488,
      22.574270248413086,
      10.370914459228516,
      12.392038345336914,
      5.1829447746276855,
      9.951423645019531,
      -0.06359104067087173,
      -9.279605865478516,
      -13.583104133605957,
      13.832228660583496,
      -4.056463718414307,
      10.76917839050293,
      -0.19675464928150177
    ],
    [
      -0.9215394854545593,
      -1.100153923034668,
      2.6768949031829834,
      0.2961021363735199,
      32.66404342651367,
      25.45600700378418,
      -8.310823440551758,
      -4.8155694007873535,
      -4.407864093780518,
      -1.0357471704483032,
      0.6267499923706055,
      3.1243340969085693,
      4.907437801361084,
      10.636049270629883,
      -3.993168592453003,
      5.897296905517578,
      8.640058517456055,
      16.620899200439453
    ],
    [
      6.513800621032715,
      10.228179931640625,
      4.627154350280762,
      4.176129341125488,
      25.45600700378418,
      29.514511108398438,
      3.0371623039245605,
      4.785826206207275,
      5.527608871459961,
      7.20486307144165,
      9.418115615844727,
      10.02926254272461,
      9.219879150390625,
      13.571253776550293,
      7.422263145446777,
      12.509687423706055,
      13.189882278442383,
      21.24256134033203
    ],
    [
      54.2514533996582,
      48.58999252319336,
      27.08340072631836,
      22.574270248413086,
      -8.310823440551758,
      3.0371623039245605,
      60.15690231323242,
      45.747432708740234,
      36.23211669921875,
      34.05246353149414,
      39.59968185424805,
      30.73714256286621,
      23.631526947021484,
      20.191757202148438,
      49.73828887939453,
      32.98676681518555,
      23.52748680114746,
      19.755783081054688
    ],
    [
      55.768333435058594,
      44.05661392211914,
      21.041215896606445,
      10.370914459228516,
      -4.8155694007873535,
      4.785826206207275,
      45.747432708740234,
      45.95210266113281,
      38.00267791748047,
      36.90092468261719,
      41.243560791015625,
      34.618560791015625,
      37.61516189575195,
      32.34792709350586,
      50.83030700683594,
      39.71739196777344,
      21.719614028930664,
      25.14423942565918
    ],
    [
      72.84918975830078,
      56.18586349487305,
      31.054901123046875,
      12.392038345336914,
      -4.407864093780518,
      5.527608871459961,
      36.23211669921875,
      38.00267791748047,
      59.183162689208984,
      50.250553131103516,
      52.39729309082031,
      43.64375305175781,
      59.115299224853516,
      44.56565856933594,
      68.54843139648438,
      51.07223892211914,
      23.10022735595703,
      24.88874626159668
    ],
    [
      68.97657775878906,
      51.56432342529297,
      25.498310089111328,
      5.1829447746276855,
      -1.0357471704483032,
      7.20486307144165,
      34.05246353149414,
      36.90092468261719,
      50.250553131103516,
      50.46560287475586,
      49.085628509521484,
      44.95119857788086,
      55.2147331237793,
      49.26145553588867,
      61.73701095581055,
      53.85718536376953,
      20.428932189941406,
      27.478256225585938
    ],
    [
      74.36638641357422,
      56.50474548339844,
      29.36911392211914,
      9.951423645019531,
      0.6267499923706055,
      9.418115615844727,
      39.59968185424805,
      41.243560791015625,
      52.39729309082031,
      49.085628509521484,
      60.90150451660156,
      48.28360366821289,
      62.13642120361328,
      48.90137481689453,
      71.63134765625,
      55.388221740722656,
      24.034269332885742,
      30.324697494506836
    ],
    [
      60.96822738647461,
      43.69442367553711,
      21.158092498779297,
      -0.06359104067087173,
      3.1243340969085693,
      10.02926254272461,
      30.73714256286621,
      34.618560791015625,
      43.64375305175781,
      44.95119857788086,
      48.28360366821289,
      46.63334274291992,
      55.899288177490234,
      50.91860580444336,
      58.25760269165039,
      54.23919677734375,
      20.740230560302734,
      29.834564208984375
    ],
    [
      76.05742645263672,
      47.43461990356445,
      23.492036819458008,
      -9.279605865478516,
      4.907437801361084,
      9.219879150390625,
      23.631526947021484,
      37.61516189575195,
      59.115299224853516,
      55.2147331237793,
      62.13642120361328,
      55.899288177490234,
      95.14744567871094,
      73.91917419433594,
      77.01792907714844,
      69.23567962646484,
      25.743404388427734,
      37.356693267822266
    ],
    [
      63.68643569946289,
      41.262184143066406,
      16.063926696777344,
      -13.583104133605957,
      10.636049270629883,
      13.571253776550293,
      20.191757202148438,
      32.34792709350586,
      44.56565856933594,
      49.26145553588867,
      48.90137481689453,
      50.91860580444336,
      73.91917419433594,
      72.68704986572266,
      58.88288497924805,
      64.39175415039062,
      21.269451141357422,
      37.57540512084961
    ],
    [
      95.0684585571289,
      72.6004409790039,
      38.77782440185547,
      13.832228660583496,
      -3.993168592453003,
      7.422263145446777,
      49.73828887939453,
      50.83030700683594,
      68.54843139648438,
      61.73701095581055,
      71.63134765625,
      58.25760269165039,
      77.01792907714844,
      58.88288497924805,
      91.79096221923828,
      68.020263671875,
      31.379858016967773,
      34.76983642578125
    ],
    [
      72.02224731445312,
      50.011322021484375,
      22.82949447631836,
      -4.056463718414307,
      5.897296905517578,
      12.509687423706055,
      32.98676681518555,
      39.71739196777344,
      51.07223892211914,
      53.85718536376953,
      55.388221740722656,
      54.23919677734375,
      69.23567962646484,
      64.39175415039062,
      68.020263671875,
      66.5054702758789,
      24.244916915893555,
      36.92182540893555
    ],
    [
      29.807527542114258,
      25.738527297973633,
      17.863914489746094,
      10.76917839050293,
      8.640058517456055,
      13.189882278442383,
      23.52748680114746,
      21.719614028930664,
      23.10022735595703,
      20.428932189941406,
      24.034269332885742,
      20.740230560302734,
      25.743404388427734,
      21.269451141357422,
      31.379858016967773,
      24.244916915893555,
      27.6396427154541,
      23.128589630126953
    ],
    [
      34.66661834716797,
      26.830190658569336,
      13.289538383483887,
      -0.19675464928150177,
      16.620899200439453,
      21.24256134033203,
      19.755783081054688,
      25.14423942565918,
      24.88874626159668,
      27.478256225585938,
      30.324697494506836,
      29.834564208984375,
      37.356693267822266,
      37.57540512084961,
      34.76983642578125,
      36.92182540893555,
      23.128589630126953,
      36.130741119384766
    ]
  ],
  "covariance_short": [
    [
      140.731201171875,
      92.63710021972656,
      73.43880462646484,
      35.19182586669922,
      1.5675647258758545,
      0.10199024528265,
      39.137451171875,
      46.074317932128906,
      60.0137939453125,
      55.13657760620117,
      61.96578598022461,
      49.441619873046875,
      67.67463684082031,
      54.16567611694336,
      80.14393615722656,
      59.020992279052734,
      26.518762588500977,
      31.884002685546875
    ],
    [
      92.63710021972656,
      90.99101257324219,
      56.17313003540039,
      37.041709899902344,
      1.7206485271453857,
      6.096706390380859,
      38.65422439575195,
      39.93891525268555,
      50.94398498535156,
      45.06169509887695,
      50.98041915893555,
      38.37263870239258,
      47.13113784790039,
      39.7902946472168,
      64.81746673583984,
      45.691097259521484,
      24.217750549316406,
      28.96163558959961
    ],
    [
      73.43880462646484,
      56.17313003540039,
      85.10523986816406,
      46.36909484863281,
      9.553459167480469,
      7.919991493225098,
      37.9808235168457,
      34.438716888427734,
      46.68217468261719,
      39.78651809692383,
      46.20697784423828,
      35.18924331665039,
      40.88567352294922,
      30.869373321533203,
      58.5501708984375,
      39.42886734008789,
      23.66465950012207,
      23.549869537353516
    ],
    [
      35.19182586669922,
      37.041709899902344,
      46.36909484863281,
      58.21940994262695,
      4.480253219604492,
      8.021549224853516,
      27.1824893951416,
      16.981901168823242,
      24.447240829467773,
      16.302627563476562,
      22.186534881591797,
      10.00793743133545,
      2.763237476348877,
      -2.307453155517578,
      27.898962020874023,
      7.417421817779541,
      14.900046348571777,
      6.0363287925720215
    ],
    [
      1.5675647258758545,
      1.7206485271453857,
      9.553459167480469,
      4.480253219604492,
      43.20952606201172,
      31.313434600830078,
      -8.422743797302246,
      -5.699891090393066,
      -2.729825258255005,
      -2.4084808826446533,
      -0.21293915808200836,
      2.3721084594726562,
      1.9623663425445557,
      7.59274959564209,
      -4.343513488769531,
      3.7432003021240234,
      10.230161666870117,
      18.82048988342285
    ],
    [
      0.10199024528265,
      6.096706390380859,
      7.919991493225098,
      8.021549224853516,
      31.313434600830078,
      38.34113693237305,
      1.7894237041473389,
      3.133385181427002,
      5.24607515335083,
      4.270577907562256,
      7.029007434844971,
      7.963042736053467,
      4.932084083557129,
      8.351835250854492,
      4.95522403717041,
      8.587213516235352,
      13.931663513183594,
      22.893436431884766
    ],
    [
      39.137451171875,
      38.65422439575195,
      37.9808235168457,
      27.1824893951416,
      -8.422743797302246,
      1.7894237041473389,
      69.97608947753906,
      51.39834976196289,
      42.067867279052734,
      38.65592956542969,
      43.07901382446289,
      35.92649459838867,
      32.324256896972656,
      27.481969833374023,
      55.92292785644531,
      39.503204345703125,
      30.91106605529785,
      26.817310333251953
    ],
    [
      46.074317932128906,
      39.93891525268555,
      34.438716888427734,
      16.981901168823242,
      -5.699891090393066,
      3.133385181427002,
      51.39834976196289,
      56.4284782409668,
      44.39556121826172,
      42.716854095458984,
      44.50300598144531,
      40.35366439819336,
      47.604305267333984,
      39.98054122924805,
      57.4855842590332,
      47.096920013427734,
      26.70962905883789,
      32.855255126953125
    ],
    [
      60.0137939453125,
      50.94398498535156,
      46.68217468261719,
      24.447240829467773,
      -2.729825258255005,
      5.24607515335083,
      42.067867279052734,
      44.39556121826172,
      71.00952911376953,
      56.23436737060547,
      56.48503112792969,
      47.770633697509766,
      66.99337005615234,
      48.087135314941406,
      75.63883209228516,
      56.25933837890625,
      27.8228816986084,
      31.256940841674805
    ],
    [
      55.13657760620117,
      45.06169509887695,
      39.78651809692383,
      16.302627563476562,
      -2.4084808826446533,
      4.270577907562256,
      38.65592956542969,
      42.716854095458984,
      56.23436737060547,
      56.704715728759766,
      52.20279312133789,
      48.14161682128906,
      61.704994201660156,
      51.478153228759766,
      67.36946868896484,
      58.398555755615234,
      23.55255889892578,
      33.34180450439453
    ],
    [
      61.96578598022461,
      50.98041915893555,
      46.20697784423828,
      22.186534881591797,
      -0.21293915808200836,
      7.029007434844971,
      43.07901382446289,
      44.50300598144531,
      56.48503112792969,
      52.20279312133789,
      70.7675552368164,
      53.061683654785156,
      66.88946533203125,
      50.966339111328125,
      78.46543884277344,
      59.73333740234375,
      27.820579528808594,
      31.970355987548828
    ],
    [
      49.441619873046875,
      38.37263870239258,
      35.18924331665039,
      10.00793743133545,
      2.3721084594726562,
      7.963042736053467,
      35.92649459838867,
      40.35366439819336,
      47.770633697509766,
      48.14161682128906,
      53.061683654785156,
      53.203330993652344,
      61.391319274902344,
      53.386653900146484,
      64.30228424072266,
      59.017513275146484,
      23.497169494628906,
      35.04347610473633
    ],
    [
      67.67463684082031,
      47.13113784790039,
      40.88567352294922,
      2.763237476348877,
      1.9623663425445557,
      4.932084083557129,
      32.324256896972656,
      47.604305267333984,
      66.99337005615234,
      61.704994201660156,
      66.88946533203125,
      61.391319274902344,
      107.42569732666016,
      80.50077819824219,
      85.35517120361328,
      77.14212799072266,
      29.476123809814453,
      44.60877990722656
    ],
    [
      54.16567611694336,
      39.7902946472168,
      30.869373321533203,
      -2.307453155517578,
      7.59274959564209,
      8.351835250854492,
      27.481969833374023,
      39.98054122924805,
      48.087135314941406,
      51.478153228759766,
      50.966339111328125,
      53.386653900146484,
      80.50077819824219,
      76.3521499633789,
      63.70625305175781,
      69.55267333984375,
      23.21677017211914,
      46.41861343383789
    ],
    [
      80.14393615722656,
      64.81746673583984,
      58.5501708984375,
      27.898962020874023,
      -4.343513488769531,
      4.95522403717041,
      55.92292785644531,
      57.4855842590332,
      75.63883209228516,
      67.36946868896484,
      78.46543884277344,
      64.30228424072266,
      85.35517120361328,
      63.70625305175781,
      101.39905548095703,
      74.61202239990234,
      36.303382873535156,
      39.97634506225586
    ],
    [
      59.020992279052734,
      45.691097259521484,
      39.42886734008789,
      7.417421817779541,
      3.7432003021240234,
      8.587213516235352,
      39.503204345703125,
      47.096920013427734,
      56.25933837890625,
      58.398555755615234,
      59.73333740234375,
      59.017513275146484,
      77.14212799072266,
      69.55267333984375,
      74.61202239990234,
      74.4762191772461,
      26.916515350341797,
      45.46825408935547
    ],
    [
      26.518762588500977,
      24.217750549316406,
      23.66465950012207,
      14.900046348571777,
      10.230161666870117,
      13.931663513183594,
      30.91106605529785,
      26.70962905883789,
      27.8228816986084,
      23.55255889892578,
      27.820579528808594,
      23.497169494628906,
      29.476123809814453,
      23.21677017211914,
      36.303382873535156,
      26.916515350341797,
      35.369041442871094,
      27.826074600219727
    ],
    [
      31.884002685546875,
      28.96163558959961,
      23.549869537353516,
      6.0363287925720215,
      18.82048988342285,
      22.893436431884766,
      26.817310333251953,
      32.855255126953125,
      31.256940841674805,
      33.34180450439453,
      31.970355987548828,
      35.04347610473633,
      44.60877990722656,
      46.41861343383789,
      39.97634506225586,
      45.46825408935547,
      27.826074600219727,
      49.925323486328125
    ]
  ],
  "damage": -6.055570125579834,
  "diff_bandwidth": 862.9971923828125,
  "dissonance": 5.302783551012508,
  "drr": 0.7513588666915894,
  "dynamics": 3.160414934158325,
  "format": 1245190,
  "frames": 3348480,
  "loudness": -12.99618911743164,
  "loudness_range": 8.795461654663086,
  "loudness_range_short": 10.936543464660645,
  "lowpass_true_peak_15khz": 0.09724355489015579,
  "mastering3_acoustic_entropies": [
    {
      "acoustic_entropy": 10.837945938110352,
      "acoustic_entropy_mono": 11.154119491577148,
      "band_eliminated_acoustic_entropies": [
        {
          "acoustic_entropy": 10.848522186279297,
          "acoustic_entropy_side": 10.83795166015625,
          "hz": 129.47220167065723
        },
        {
          "acoustic_entropy": 10.853686332702637,
          "acoustic_entropy_side": 10.837871551513672,
          "hz": 202.92927478742237
        },
        {
          "acoustic_entropy": 10.954084396362305,
          "acoustic_entropy_side": 10.8364896774292,
          "hz": 282.89161906338205
        },
        {
          "acoustic_entropy": 11.041106224060059,
          "acoustic_entropy_side": 10.829381942749023,
          "hz": 369.9353335868758
        },
        {
          "acoustic_entropy": 10.881854057312012,
          "acoustic_entropy_side": 10.919756889343262,
          "hz": 464.6875360973435
        },
        {
          "acoustic_entropy": 11.043108940124512,
          "acoustic_entropy_side": 11.005197525024414,
          "hz": 567.8308811364784
        },
        {
          "acoustic_entropy": 11.078784942626953,
          "acoustic_entropy_side": 10.89415454864502,
          "hz": 680.1084783214808
        },
        {
          "acoustic_entropy": 11.533416748046875,
          "acoustic_entropy_side": 10.961384773254395,
          "hz": 802.3292461747484
        },
        {
          "acoustic_entropy": 11.257889747619629,
          "acoustic_entropy_side": 10.79426383972168,
          "hz": 935.3737400823702
        },
        {
          "acoustic_entropy": 10.794459342956543,
          "acoustic_entropy_side": 10.812629699707031,
          "hz": 1080.2004963696966
        },
        {
          "acoustic_entropy": 11.16592788696289,
          "acoustic_entropy_side": 10.894542694091797,
          "hz": 1237.8529382007157
        },
        {
          "acoustic_entropy": 11.198945045471191,
          "acoustic_entropy_side": 10.891690254211426,
          "hz": 1409.4668930556702
        },
        {
          "acoustic_entropy": 10.365228652954102,
          "acoustic_entropy_side": 10.787775039672852,
          "hz": 1596.2787759475705
        },
        {
          "acoustic_entropy": 10.695066452026367,
          "acoustic_entropy_side": 10.780421257019043,
          "hz": 1799.6344973346393
        },
        {
          "acoustic_entropy": 10.697333335876465,
          "acoustic_entropy_side": 10.82828140258789,
          "hz": 2020.9991599069049
        },
        {
          "acoustic_entropy": 10.355927467346191,
          "acoustic_entropy_side": 10.884708404541016,
          "hz": 2261.9676141086993
        },
        {
          "acoustic_entropy": 10.952627182006836,
          "acoustic_entropy_side": 10.85083293914795,
          "hz": 2524.2759484456974
        },
        {
          "acoustic_entropy": 10.3193359375,
          "acoustic_entropy_side": 10.860207557678223,
          "hz": 2809.813997359896
        },
        {
          "acoustic_entropy": 10.846034049987793,
          "acoustic_entropy_side": 10.846508026123047,
          "hz": 3120.6389567871424
        },
        {
          "acoustic_entropy": 10.40544319152832,
          "acoustic_entropy_side": 10.820960998535156,
          "hz": 3458.990205492291
        },
        {
          "acoustic_entropy": 11.028812408447266,
          "acoustic_entropy_side": 10.853389739990234,
          "hz": 3827.305438964164
        },
        {
          "acoustic_entropy": 10.766819953918457,
          "acoustic_entropy_side": 10.834860801696777,
          "hz": 4228.238232109126
        },
        {
          "acoustic_entropy": 10.816301345825195,
          "acoustic_entropy_side": 10.835898399353027,
          "hz": 4664.6771572759235
        },
        {
          "acoustic_entropy": 10.556459426879883,
          "acoustic_entropy_side": 10.829878807067871,
          "hz": 5139.766595350093
        },
        {
          "acoustic_entropy": 10.78378677368164,
          "acoustic_entropy_side": 10.836343765258789,
          "hz": 5656.929389854203
        },
        {
          "acoustic_entropy": 10.798602104187012,
          "acoustic_entropy_side": 10.839056015014648,
          "hz": 6219.891507268283
        },
        {
          "acoustic_entropy": 10.87409496307373,
          "acoustic_entropy_side": 10.84017562866211,
          "hz": 6832.70888123896
        },
        {
          "acoustic_entropy": 10.868380546569824,
          "acoustic_entropy_side": 10.839235305786133,
          "hz": 7499.796634079867
        },
        {
          "acoustic_entropy": 10.73583984375,
          "acoustic_entropy_side": 10.837188720703125,
          "hz": 8225.96088609342
        },
        {
          "acoustic_entropy": 10.82752799987793,
          "acoustic_entropy_side": 10.83790397644043,
          "hz": 9016.43338188839
        },
        {
          "acoustic_entropy": 10.8023042678833,
          "acoustic_entropy_side": 10.837759017944336,
          "hz": 9876.909183162974
        },
        {
          "acoustic_entropy": 10.859969139099121,
          "acoustic_entropy_side": 10.838377952575684,
          "hz": 10813.587699516042
        },
        {
          "acoustic_entropy": 10.857625961303711,
          "acoustic_entropy_side": 10.837715148925781,
          "hz": 11833.21735289826
        },
        {
          "acoustic_entropy": 10.795245170593262,
          "acoustic_entropy_side": 10.8388090133667,
          "hz": 12943.144197493959
        },
        {
          "acoustic_entropy": 10.875481605529785,
          "acoustic_entropy_side": 10.838852882385254,
          "hz": 14151.364845322005
        },
        {
          "acoustic_entropy": 10.8461332321167,
          "acoustic_entropy_side": 10.838038444519043,
          "hz": 15466.58407886509
        },
        {
          "acoustic_entropy": 10.835351943969727,
          "acoustic_entropy_side": 10.838064193725586,
          "hz": 16898.27756580493
        },
        {
          "acoustic_entropy": 10.838715553283691,
          "acoustic_entropy_side": 10.837971687316895,
          "hz": 18456.760127700032
        },
        {
          "acoustic_entropy": 10.837911605834961,
          "acoustic_entropy_side": 10.837949752807617,
          "hz": 20153.260054456492
        },
        {
          "acoustic_entropy": 10.837955474853516,
          "acoustic_entropy_side": 10.837946891784668,
          "hz": 22000.00000000001
        }
      ],
      "diff_acoustic_entropy": 6.125917434692383,
      "sn": 6
    },
    {
      "acoustic_entropy": 15.638033866882324,
      "acoustic_entropy_mono": 15.09969711303711,
      "band_eliminated_acoustic_entropies": [
        {
          "acoustic_entropy": 15.637325286865234,
          "acoustic_entropy_side": 15.638050079345703,
          "hz": 129.47220167065723
        },
        {
          "acoustic_entropy": 15.780023574829102,
          "acoustic_entropy_side": 15.639043807983398,
          "hz": 202.92927478742237
        },
        {
          "acoustic_entropy": 16.100976943969727,
          "acoustic_entropy_side": 15.666189193725586,
          "hz": 282.89161906338205
        },
        {
          "acoustic_entropy": 15.826889991760254,
          "acoustic_entropy_side": 15.622032165527344,
          "hz": 369.9353335868758
        },
        {
          "acoustic_entropy": 16.333354949951172,
          "acoustic_entropy_side": 15.75444221496582,
          "hz": 464.6875360973435
        },
        {
          "acoustic_entropy": 15.454997062683105,
          "acoustic_entropy_side": 15.626883506774902,
          "hz": 567.8308811364784
        },
        {
          "acoustic_entropy": 15.337531089782715,
          "acoustic_entropy_side": 15.246834754943848,
          "hz": 680.1084783214808
        },
        {
          "acoustic_entropy": 15.809364318847656,
          "acoustic_entropy_side": 15.418112754821777,
          "hz": 802.3292461747484
        },
        {
          "acoustic_entropy": 14.727621078491211,
          "acoustic_entropy_side": 15.857757568359375,
          "hz": 935.3737400823702
        },
        {
          "acoustic_entropy": 15.422932624816895,
          "acoustic_entropy_side": 15.49609088897705,
          "hz": 1080.2004963696966
        },
        {
          "acoustic_entropy": 15.954577445983887,
          "acoustic_entropy_side": 15.554848670959473,
          "hz": 1237.8529382007157
        },
        {
          "acoustic_entropy": 15.632662773132324,
          "acoustic_entropy_side": 15.696285247802734,
          "hz": 1409.4668930556702
        },
        {
          "acoustic_entropy": 15.232070922851562,
          "acoustic_entropy_side": 15.665301322937012,
          "hz": 1596.2787759475705
        },
        {
          "acoustic_entropy": 15.737284660339355,
          "acoustic_entropy_side": 15.587684631347656,
          "hz": 1799.6344973346393
        },
        {
          "acoustic_entropy": 15.127424240112305,
          "acoustic_entropy_side": 15.576132774353027,
          "hz": 2020.9991599069049
        },
        {
          "acoustic_entropy": 15.347590446472168,
          "acoustic_entropy_side": 15.55660343170166,
          "hz": 2261.9676141086993
        },
        {
          "acoustic_entropy": 15.078691482543945,
          "acoustic_entropy_side": 15.679436683654785,
          "hz": 2524.2759484456974
        },
        {
          "acoustic_entropy": 16.176753997802734,
          "acoustic_entropy_side": 15.59926986694336,
          "hz": 2809.813997359896
        },
        {
          "acoustic_entropy": 15.552574157714844,
          "acoustic_entropy_side": 15.628582000732422,
          "hz": 3120.6389567871424
        },
        {
          "acoustic_entropy": 15.07800006866455,
          "acoustic_entropy_side": 15.632881164550781,
          "hz": 3458.990205492291
        },
        {
          "acoustic_entropy": 15.821344375610352,
          "acoustic_entropy_side": 15.678778648376465,
          "hz": 3827.305438964164
        },
        {
          "acoustic_entropy": 15.704312324523926,
          "acoustic_entropy_side": 15.689266204833984,
          "hz": 4228.238232109126
        },
        {
          "acoustic_entropy": 15.508792877197266,
          "acoustic_entropy_side": 15.643523216247559,
          "hz": 4664.6771572759235
        },
        {
          "acoustic_entropy": 15.780351638793945,
          "acoustic_entropy_side": 15.645692825317383,
          "hz": 5139.766595350093
        },
        {
          "acoustic_entropy": 15.654335021972656,
          "acoustic_entropy_side": 15.651328086853027,
          "hz": 5656.929389854203
        },
        {
          "acoustic_entropy": 15.6341552734375,
          "acoustic_entropy_side": 15.657657623291016,
          "hz": 6219.891507268283
        },
        {
          "acoustic_entropy": 15.593290328979492,
          "acoustic_entropy_side": 15.654175758361816,
          "hz": 6832.70888123896
        },
        {
          "acoustic_entropy": 15.633537292480469,
          "acoustic_entropy_side": 15.663330078125,
          "hz": 7499.796634079867
        },
        {
          "acoustic_entropy": 15.888021469116211,
          "acoustic_entropy_side": 15.657812118530273,
          "hz": 8225.96088609342
        },
        {
          "acoustic_entropy": 15.6953763961792,
          "acoustic_entropy_side": 15.658855438232422,
          "hz": 9016.43338188839
        },
        {
          "acoustic_entropy": 15.66979694366455,
          "acoustic_entropy_side": 15.653529167175293,
          "hz": 9876.909183162974
        },
        {
          "acoustic_entropy": 15.565967559814453,
          "acoustic_entropy_side": 15.650627136230469,
          "hz": 10813.587699516042
        },
        {
          "acoustic_entropy": 15.673933029174805,
          "acoustic_entropy_side": 15.649471282958984,
          "hz": 11833.21735289826
        },
        {
          "acoustic_entropy": 15.61536979675293,
          "acoustic_entropy_side": 15.657815933227539,
          "hz": 12943.144197493959
        },
        {
          "acoustic_entropy": 15.621294975280762,
          "acoustic_entropy_side": 15.637537956237793,
          "hz": 14151.364845322005
        },
        {
          "acoustic_entropy": 15.648298263549805,
          "acoustic_entropy_side": 15.633862495422363,
          "hz": 15466.58407886509
        },
        {
          "acoustic_entropy": 15.607063293457031,
          "acoustic_entropy_side": 15.640934944152832,
          "hz": 16898.27756580493
        },
        {
          "acoustic_entropy": 15.636335372924805,
          "acoustic_entropy_side": 15.63937759399414,
          "hz": 18456.760127700032
        },
        {
          "acoustic_entropy": 15.638394355773926,
          "acoustic_entropy_side": 15.63823127746582,
          "hz": 20153.260054456492
        },
        {
          "acoustic_entropy": 15.638072967529297,
          "acoustic_entropy_side": 15.638056755065918,
          "hz": 22000.00000000001
        }
      ],
      "diff_acoustic_entropy": 9.255122184753418,
      "sn": 12
    },
    {
      "acoustic_entropy": 21.002429962158203,
      "acoustic_entropy_mono": 19.320159912109375,
      "band_eliminated_acoustic_entropies": [
        {
          "acoustic_entropy": 21.059307098388672,
          "acoustic_entropy_side": 20.99301528930664,
          "hz": 129.47220167065723
        },
        {
          "acoustic_entropy": 22.044015884399414,
          "acoustic_entropy_side": 21.07427406311035,
          "hz": 202.92927478742237
        },
        {
          "acoustic_entropy": 21.13556480407715,
          "acoustic_entropy_side": 21.850421905517578,
          "hz": 282.89161906338205
        },
        {
          "acoustic_entropy": 21.15291404724121,
          "acoustic_entropy_side": 21.215303421020508,
          "hz": 369.9353335868758
        },
        {
          "acoustic_entropy": 21.756282806396484,
          "acoustic_entropy_side": 21.475900650024414,
          "hz": 464.6875360973435
        },
        {
          "acoustic_entropy": 21.900850296020508,
          "acoustic_entropy_side": 21.048460006713867,
          "hz": 567.8308811364784
        },
        {
          "acoustic_entropy": 21.81890296936035,
          "acoustic_entropy_side": 22.148296356201172,
          "hz": 680.1084783214808
        },
        {
          "acoustic_entropy": 20.75107765197754,
          "acoustic_entropy_side": 21.041908264160156,
          "hz": 802.3292461747484
        },
        {
          "acoustic_entropy": 20.634872436523438,
          "acoustic_entropy_side": 21.469745635986328,
          "hz": 935.3737400823702
        },
        {
          "acoustic_entropy": 20.786535263061523,
          "acoustic_entropy_side": 21.208236694335938,
          "hz": 1080.2004963696966
        },
        {
          "acoustic_entropy": 22.784744262695312,
          "acoustic_entropy_side": 21.321592330932617,
          "hz": 1237.8529382007157
        },
        {
          "acoustic_entropy": 22.339468002319336,
          "acoustic_entropy_side": 20.644973754882812,
          "hz": 1409.4668930556702
        },
        {
          "acoustic_entropy": 21.168704986572266,
          "acoustic_entropy_side": 20.443527221679688,
          "hz": 1596.2787759475705
        },
        {
          "acoustic_entropy": 21.795513153076172,
          "acoustic_entropy_side": 21.256385803222656,
          "hz": 1799.6344973346393
        },
        {
          "acoustic_entropy": 21.535018920898438,
          "acoustic_entropy_side": 21.29665756225586,
          "hz": 2020.9991599069049
        },
        {
          "acoustic_entropy": 20.791852951049805,
          "acoustic_entropy_side": 21.29731559753418,
          "hz": 2261.9676141086993
        },
        {
          "acoustic_entropy": 21.66329574584961,
          "acoustic_entropy_side": 21.216569900512695,
          "hz": 2524.2759484456974
        },
        {
          "acoustic_entropy": 22.140045166015625,
          "acoustic_entropy_side": 21.243627548217773,
          "hz": 2809.813997359896
        },
        {
          "acoustic_entropy": 21.29254722595215,
