{
  "acoustic_entropy": 223.96385192871094,
  "bands": [
    {
      "high_freq": 148.1999969482422,
      "loudness": -22.180837631225586,
      "loudness_range": 13.201177597045898,
      "mid_mean": -18.790382385253906,
      "mid_to_side_loudness": -14.40611457824707,
      "mid_to_side_loudness_range": 16.36688804626465,
      "side_mean": -33.370941162109375
    },
    {
      "high_freq": 392.3793640136719,
      "loudness": -18.600326538085938,
      "loudness_range": 10.633654594421387,
      "low_freq": 148.1999969482422,
      "mid_mean": -15.438436508178711,
      "mid_to_side_loudness": -9.626543045043945,
      "mid_to_side_loudness_range": 8.011537551879883,
      "side_mean": -25.08851432800293
    },
    {
      "high_freq": 794.6976318359375,
      "loudness": -19.424686431884766,
      "loudness_range": 11.766251564025879,
      "low_freq": 392.3793640136719,
      "mid_mean": -16.535856246948242,
      "mid_to_side_loudness": -7.342137336730957,
      "mid_to_side_loudness_range": 8.488337516784668,
      "side_mean": -24.181442260742188
    },
    {
      "high_freq": 1457.5709228515625,
      "loudness": -26.31406021118164,
      "loudness_range": 15.574300765991211,
      "low_freq": 794.6976318359375,
      "mid_mean": -23.589303970336914,
      "mid_to_side_loudness": -6.696238040924072,
      "mid_to_side_loudness_range": 8.852655410766602,
      "side_mean": -30.496191024780273
    },
    {
      "high_freq": 2549.74365234375,
      "loudness": -28.898080825805664,
      "loudness_range": 14.956201553344727,
      "low_freq": 1457.5709228515625,
      "mid_mean": -26.60711097717285,
      "mid_to_side_loudness": -5.0867018699646,
      "mid_to_side_loudness_range": 9.702445030212402,
      "side_mean": -31.627458572387695
    },
    {
      "high_freq": 4349.24462890625,
      "loudness": -28.646791458129883,
      "loudness_range": 16.699600219726562,
      "low_freq": 2549.74365234375,
      "mid_mean": -25.974506378173828,
      "mid_to_side_loudness": -7.157934665679932,
      "mid_to_side_loudness_range": 12.611355781555176,
      "side_mean": -33.24021530151367
    },
    {
      "high_freq": 7314.1640625,
      "loudness": -31.964248657226562,
      "loudness_range": 14.645696640014648,
      "low_freq": 4349.24462890625,
      "mid_mean": -28.893901824951172,
      "mid_to_side_loudness": -9.155623435974121,
      "mid_to_side_loudness_range": 11.110764503479004,
      "side_mean": -38.28272247314453
    },
    {
      "high_freq": 12199.2666015625,
      "loudness": -30.57621955871582,
      "loudness_range": 13.872493743896484,
      "low_freq": 7314.1640625,
      "mid_mean": -27.362041473388672,
      "mid_to_side_loudness": -10.465420722961426,
      "mid_to_side_loudness_range": 12.131994247436523,
      "side_mean": -38.42097091674805
    },
    {
      "loudness": -35.243263244628906,
      "loudness_range": 14.488836288452148,
      "low_freq": 12199.2666015625,
      "mid_mean": -32.01161193847656,
      "mid_to_side_loudness": -10.454254150390625,
      "mid_to_side_loudness_range": 11.085807800292969,
      "side_mean": -42.89676284790039
    }
  ],
  "bands_short": [
    {
      "high_freq": 148.1999969482422,
      "loudness": -25.761938095092773,
      "loudness_range": 19.405420303344727,
      "mid_mean": -22.398334503173828,
      "mid_to_side_loudness": -15.585792541503906,
      "mid_to_side_loudness_range": 22.025039672851562,
      "side_mean": -38.308597564697266
    },
    {
      "high_freq": 392.3793640136719,
      "loudness": -18.561044692993164,
      "loudness_range": 11.637482643127441,
      "low_freq": 148.1999969482422,
      "mid_mean": -15.4265718460083,
      "mid_to_side_loudness": -9.655837059020996,
      "mid_to_side_loudness_range": 9.89736270904541,
      "side_mean": -25.173246383666992
    },
    {
      "high_freq": 794.6976318359375,
      "loudness": -19.98230743408203,
      "loudness_range": 13.85074234008789,
      "low_freq": 392.3793640136719,
      "mid_mean": -17.15180015563965,
      "mid_to_side_loudness": -7.528512954711914,
      "mid_to_side_loudness_range": 11.483963012695312,
      "side_mean": -24.99574851989746
    },
    {
      "high_freq": 1457.5709228515625,
      "loudness": -26.080366134643555,
      "loudness_range": 18.34351348876953,
      "low_freq": 794.6976318359375,
      "mid_mean": -23.554410934448242,
      "mid_to_side_loudness": -6.356112480163574,
      "mid_to_side_loudness_range": 11.729436874389648,
      "side_mean": -30.091360092163086
    },
    {
      "high_freq": 2549.74365234375,
      "loudness": -29.708602905273438,
      "loudness_range": 17.880321502685547,
      "low_freq": 1457.5709228515625,
      "mid_mean": -27.59493064880371,
      "mid_to_side_loudness": -4.7977728843688965,
      "mid_to_side_loudness_range": 11.579366683959961,
      "side_mean": -32.26327896118164
    },
    {
      "high_freq": 4349.24462890625,
      "loudness": -29.543684005737305,
      "loudness_range": 19.85198974609375,
      "low_freq": 2549.74365234375,
      "mid_mean": -27.01822853088379,
      "mid_to_side_loudness": -6.707388401031494,
      "mid_to_side_loudness_range": 13.739510536193848,
      "side_mean": -33.83183670043945
    },
    {
      "high_freq": 7314.1640625,
      "loudness": -33.47278594970703,
      "loudness_range": 17.994205474853516,
      "low_freq": 4349.24462890625,
      "mid_mean": -30.530677795410156,
      "mid_to_side_loudness": -8.713319778442383,
      "mid_to_side_loudness_range": 12.966964721679688,
      "side_mean": -39.55180740356445
    },
    {
      "high_freq": 12199.2666015625,
      "loudness": -32.91215133666992,
      "loudness_range": 20.110525131225586,
      "low_freq": 7314.1640625,
      "mid_mean": -29.769866943359375,
      "mid_to_side_loudness": -10.550073623657227,
      "mid_to_side_loudness_range": 16.36639404296875,
      "side_mean": -41.36924743652344
    },
    {
      "loudness": -39.084083557128906,
      "loudness_range": 24.15452003479004,
      "low_freq": 12199.2666015625,
      "mid_mean": -35.96157455444336,
      "mid_to_side_loudness": -10.405970573425293,
      "mid_to_side_loudness_range": 15.777542114257812,
      "side_mean": -48.4837532043457
    }
  ],
  "bandwidth": 546.0096435546875,
  "channels": 2,
  "covariance": [
    [
      28.928937911987305,
      13.92711067199707,
      8.005109786987305,
      8.608951568603516,
      6.067155361175537,
      10.08283519744873,
      6.720051288604736,
      10.336224555969238,
      9.827999114990234,
      12.646553993225098,
      8.038093566894531,
      11.600679397583008,
      1.027250051498413,
      4.930912017822266,
      5.612603187561035,
      8.56874942779541,
      6.013819694519043,
      8.08859920501709
    ],
    [
      13.92711067199707,
      28.558212280273438,
      2.6074748039245605,
      3.0064549446105957,
      2.2557337284088135,
      4.2592339515686035,
      0.8183956146240234,
      3.275693893432617,
      1.211313247680664,
      4.850179672241211,
      -0.12983234226703644,
      3.053311824798584,
      1.70639169216156,
      3.7065093517303467,
      -0.3619130551815033,
      3.389496088027954,
      -0.6204288005828857,
      1.8976858854293823
    ],
    [
      8.005109786987305,
      2.6074748039245605,
      17.609634399414062,
      13.303853988647461,
      6.009077548980713,
      7.318811416625977,
      6.112470626831055,
      7.613439083099365,
      10.249820709228516,
      9.999356269836426,
      10.762248039245605,
      9.435981750488281,
      2.1852848529815674,
      4.539949417114258,
      7.6195902824401855,
      9.069916725158691,
      7.469601154327393,
      8.175299644470215
    ],
    [
      8.608951568603516,
      3.0064549446105957,
      13.303853988647461,
      17.71700668334961,
      7.260172367095947,
      9.509064674377441,
      7.4226460456848145,
      9.753973960876465,
      11.429976463317871,
      12.687047004699707,
      11.010560035705566,
      12.362269401550293,
      2.179810047149658,
      7.253032207489014,
      7.31117057800293,
      10.169415473937988,
      7.157946586608887,
      8.059418678283691
    ],
    [
      6.067155361175537,
      2.2557337284088135,
      6.009077548980713,
      7.260172367095947,
      21.57421875,
      17.82773780822754,
      16.077938079833984,
      15.520108222961426,
      15.731216430664062,
      17.249624252319336,
      18.038625717163086,
      18.534521102905273,
      4.419116497039795,
      10.751355171203613,
      8.919425964355469,
      10.72333812713623,
      8.925151824951172,
      7.6480631828308105
    ],
    [
      10.08283519744873,
      4.2592339515686035,
      7.318811416625977,
      9.509064674377441,
      17.82773780822754,
      24.69977569580078,
      16.747848510742188,
      19.968963623046875,
      19.33650779724121,
      23.016204833984375,
      19.653175354003906,
      24.213642120361328,
      6.1244893074035645,
      15.168094635009766,
      9.421404838562012,
      14.647921562194824,
      9.34917163848877,
      10.238790512084961
    ],
    [
      6.720051288604736,
      0.8183956146240234,
      6.112470626831055,
      7.4226460456848145,
      16.077938079833984,
      16.747848510742188,
      30.46558380126953,
      23.214567184448242,
      21.52296257019043,
      18.426515579223633,
      19.22364616394043,
      18.111995697021484,
      3.395493507385254,
      8.386588096618652,
      10.838197708129883,
      12.05080509185791,
      11.012123107910156,
      9.000715255737305
    ],
    [
      10.336224555969238,
      3.275693893432617,
      7.613439083099365,
      9.753973960876465,
      15.520108222961426,
      19.968963623046875,
      23.214567184448242,
      27.640457153320312,
      22.993711471557617,
      24.79088592529297,
      21.366104125976562,
      25.39978790283203,
      5.75636100769043,
      14.403894424438477,
      11.456266403198242,
      15.083272933959961,
      11.271082878112793,
      11.150776863098145
    ],
    [
      9.827999114990234,
      1.211313247680664,
      10.249820709228516,
      11.429976463317871,
      15.731216430664062,
      19.33650779724121,
      21.52296257019043,
      22.993711471557617,
      32.660438537597656,
      27.630962371826172,
      25.769983291625977,
      26.797380447387695,
      8.01880931854248,
      14.9130859375,
      14.412647247314453,
      16.9636287689209,
      13.27290153503418,
      13.147303581237793
    ],
    [
      12.646553993225098,
      4.850179672241211,
      9.999356269836426,
      12.687047004699707,
      17.249624252319336,
      23.016204833984375,
      18.426515579223633,
      24.79088592529297,
      27.630962371826172,
      36.28908157348633,
      22.869184494018555,
      33.988670349121094,
      11.342477798461914,
      24.859594345092773,
      12.29668140411377,
      20.97015380859375,
      12.445891380310059,
      15.957602500915527
    ],
    [
      8.038093566894531,
      -0.12983234226703644,
      10.762248039245605,
      11.010560035705566,
      18.038625717163086,
      19.653175354003906,
      19.22364616394043,
      21.366104125976562,
      25.769983291625977,
      22.869184494018555,
      38.639530181884766,
      29.195592880249023,
      8.264744758605957,
      11.7177095413208,
      15.503722190856934,
      14.963972091674805,
      14.387847900390625,
      10.865440368652344
    ],
    [
      11.600679397583008,
      3.053311824798584,
      9.435981750488281,
      12.362269401550293,
      18.534521102905273,
      24.213642120361328,
      18.111995697021484,
      25.39978790283203,
      26.797380447387695,
      33.988670349121094,
      29.195592880249023,
      40.4239616394043,
      14.168966293334961,
      28.234539031982422,
      13.169903755187988,
      22.8631534576416,
      12.45370101928711,
      16.056217193603516
    ],
    [
      1.027250051498413,
      1.70639169216156,
      2.1852848529815674,
      2.179810047149658,
      4.419116497039795,
      6.1244893074035645,
      3.395493507385254,
      5.75636100769043,
      8.01880931854248,
      11.342477798461914,
      8.264744758605957,
      14.168966293334961,
      26.81891441345215,
      26.399898529052734,
      7.4787726402282715,
      14.630322456359863,
      6.8022661209106445,
      11.7352294921875
    ],
    [
      4.930912017822266,
      3.7065093517303467,
      4.539949417114258,
      7.253032207489014,
      10.751355171203613,
      15.168094635009766,
      8.386588096618652,
      14.403894424438477,
      14.9130859375,
      24.859594345092773,
      11.7177095413208,
      28.234539031982422,
      26.399898529052734,
      43.400428771972656,
      6.20250129699707,
      25.725465774536133,
      5.993879318237305,
      18.21619415283203
    ],
    [
      5.612603187561035,
      -0.3619130551815033,
      7.6195902824401855,
      7.31117057800293,
      8.919425964355469,
      9.421404838562012,
      10.838197708129883,
      11.456266403198242,
      14.412647247314453,
      12.29668140411377,
      15.503722190856934,
      13.169903755187988,
      7.4787726402282715,
      6.20250129699707,
      23.75518798828125,
      14.784695625305176,
      21.065927505493164,
      11.983003616333008
    ],
    [
      8.56874942779541,
      3.389496088027954,
      9.069916725158691,
      10.169415473937988,
      10.72333812713623,
      14.647921562194824,
      12.05080509185791,
      15.083272933959961,
      16.9636287689209,
      20.97015380859375,
      14.963972091674805,
      22.8631534576416,
      14.630322456359863,
      25.725465774536133,
      14.784695625305176,
      32.649051666259766,
      14.823700904846191,
      24.33275604248047
    ],
    [
      6.013819694519043,
      -0.6204288005828857,
      7.469601154327393,
      7.157946586608887,
      8.925151824951172,
      9.34917163848877,
      11.012123107910156,
      11.271082878112793,
      13.27290153503418,
      12.445891380310059,
      14.387847900390625,
      12.45370101928711,
      6.8022661209106445,
      5.993879318237305,
      21.065927505493164,
      14.823700904846191,
      25.62313461303711,
      15.31444263458252
    ],
    [
      8.08859920501709,
      1.8976858854293823,
      8.175299644470215,
      8.059418678283691,
      7.6480631828308105,
      10.238790512084961,
      9.000715255737305,
      11.150776863098145,
      13.147303581237793,
      15.957602500915527,
      10.865440368652344,
      16.056217193603516,
      11.7352294921875,
      18.21619415283203,
      11.983003616333008,
      24.33275604248047,
      15.31444263458252,
      26.984878540039062
    ]
  ],
  "covariance_short": [
    [
      50.61481857299805,
      19.65854835510254,
      11.426347732543945,
      9.59604263305664,
      6.147709369659424,
      9.340222358703613,
      7.005469799041748,
      9.819869995117188,
      9.929905891418457,
      12.481856346130371,
      7.115185737609863,
      10.995932579040527,
      2.7993829250335693,
      6.524420738220215,
      7.68048095703125,
      11.15555477142334,
      8.64822769165039,
      20.062732696533203
    ],
    [
      19.65854835510254,
      48.272117614746094,
      5.463181972503662,
      6.1531982421875,
      3.1398580074310303,
      3.993173360824585,
      3.0095343589782715,
      4.189436435699463,
      2.8220417499542236,
      5.8086347579956055,
      1.8440033197402954,
      4.089235305786133,
      4.1895904541015625,
      6.244378089904785,
      3.310361385345459,
      6.504064083099365,
      3.566488027572632,
      12.834037780761719
    ],
    [
      11.426347732543945,
      5.463181972503662,
      21.60830307006836,
      14.63043212890625,
      8.431633949279785,
      8.758957862854004,
      7.19516658782959,
      9.039359092712402,
      11.719813346862793,
      11.642037391662598,
      12.2445650100708,
      11.894742012023926,
      3.7511954307556152,
      8.002482414245605,
      8.609702110290527,
      11.464200019836426,
      9.307273864746094,
      15.18950366973877
    ],
    [
      9.59604263305664,
      6.1531982421875,
      14.63043212890625,
      20.895450592041016,
      8.49995231628418,
      10.606518745422363,
      8.576831817626953,
      11.248330116271973,
      12.59608268737793,
      13.844613075256348,
      12.379082679748535,
      14.028730392456055,
      3.7054598331451416,
      9.50831127166748,
      7.395390510559082,
      11.360483169555664,
      7.358770370483398,
      14.081558227539062
    ],
    [
      6.147709369659424,
      3.1398580074310303,
      8.431633949279785,
      8.49995231628418,
      27.96367645263672,
      20.394861221313477,
      20.279001235961914,
      18.398746490478516,
      19.848581314086914,
      19.966238021850586,
      22.770145416259766,
      21.763364791870117,
      9.003294944763184,
      14.873893737792969,
      11.805862426757812,
      15.425575256347656,
      12.873696327209473,
      16.25531578063965
    ],
    [
      9.340222358703613,
      3.993173360824585,
      8.758957862854004,
      10.606518745422363,
      20.394861221313477,
      30.24760627746582,
      18.97024154663086,
      21.17024040222168,
      22.2994384765625,
      25.010440826416016,
      22.120532989501953,
      26.38730239868164,
      9.00100040435791,
      18.39362907409668,
      11.389718055725098,
      18.14706039428711,
      11.23435115814209,
      20.55998992919922
    ],
    [
      7.005469799041748,
      3.0095343589782715,
      7.19516658782959,
      8.576831817626953,
      20.279001235961914,
      18.97024154663086,
      44.65920639038086,
      30.898090362548828,
      29.206201553344727,
      23.762451171875,
      26.363876342773438,
      23.845836639404297,
      10.043904304504395,
      15.049787521362305,
      18.518156051635742,
      20.030521392822266,
      19.673315048217773,
      23.107524871826172
    ],
    [
      9.819869995117188,
      4.189436435699463,
      9.039359092712402,
      11.248330116271973,
      18.398746490478516,
      21.17024040222168,
      30.898090362548828,
      35.44221878051758,
      27.407501220703125,
      28.248685836791992,
      25.705446243286133,
      28.895315170288086,
      9.195734024047852,
      19.067548751831055,
      15.575416564941406,
      20.76681900024414,
      15.733746528625488,
      24.05622673034668
    ],
    [
      9.929905891418457,
      2.8220417499542236,
      11.719813346862793,
      12.59608268737793,
      19.848581314086914,
      22.2994384765625,
      29.206201553344727,
      27.407501220703125,
      43.99005126953125,
      33.91917419433594,
      33.40364456176758,
      33.42107009887695,
      15.992717742919922,
      23.247785568237305,
      21.355226516723633,
      26.06930923461914,
      20.651142120361328,
      30.926687240600586
    ],
    [
      12.481856346130371,
      5.8086347579956055,
      11.642037391662598,
      13.844613075256348,
      19.966238021850586,
      25.010440826416016,
      23.762451171875,
      28.248685836791992,
      33.91917419433594,
      42.158905029296875,
      28.174579620361328,
      38.626495361328125,
      15.643086433410645,
      30.530925750732422,
      16.021827697753906,
      28.17908477783203,
      15.723567962646484,
      31.36031150817871
    ],
    [
      7.115185737609863,
      1.8440033197402954,
      12.2445650100708,
      12.379082679748535,
      22.770145416259766,
      22.120532989501953,
      26.363876342773438,
      25.705446243286133,
      33.40364456176758,
      28.174579620361328,
      51.272911071777344,
      37.952274322509766,
      19.156164169311523,
      22.655630111694336,
      25.563913345336914,
      26.521894454956055,
      25.5672664642334,
      29.818130493164062
    ],
    [
      10.995932579040527,
      4.089235305786133,
      11.894742012023926,
      14.028730392456055,
      21.763364791870117,
      26.38730239868164,
      23.845836639404297,
      28.895315170288086,
      33.42107009887695,
      38.626495361328125,
      37.952274322509766,
      49.07051467895508,
      20.57279396057129,
      36.11223220825195,
      19.414342880249023,
      33.603111267089844,
      18.089078903198242,
      35.26900100708008
    ],
    [
      2.7993829250335693,
      4.1895904541015625,
      3.7511954307556152,
      3.7054598331451416,
      9.003294944763184,
      9.00100040435791,
      10.043904304504395,
      9.195734024047852,
      15.992717742919922,
      15.643086433410645,
      19.156164169311523,
      20.57279396057129,
      41.887351989746094,
      37.03380584716797,
      23.340744018554688,
      30.733591079711914,
      22.662322998046875,
      28.862871170043945
    ],
    [
      6.524420738220215,
      6.244378089904785,
      8.002482414245605,
      9.50831127166748,
      14.873893737792969,
      18.39362907409668,
      15.049787521362305,
      19.067548751831055,
      23.247785568237305,
      30.530925750732422,
      22.655630111694336,
      36.11223220825195,
      37.03380584716797,
      57.87006378173828,
      16.866762161254883,
      44.396751403808594,
      16.176164627075195,
      40.84520721435547
    ],
    [
      7.68048095703125,
      3.310361385345459,
      8.609702110290527,
      7.395390510559082,
      11.805862426757812,
      11.389718055725098,
      18.518156051635742,
      15.575416564941406,
      21.355226516723633,
      16.021827697753906,
      25.563913345336914,
      19.414342880249023,
      23.340744018554688,
      16.866762161254883,
      50.52117156982422,
      34.8018798828125,
      49.075923919677734,
      37.03738784790039
    ],
    [
      11.15555477142334,
      6.504064083099365,
      11.464200019836426,
      11.360483169555664,
      15.425575256347656,
      18.14706039428711,
      20.030521392822266,
      20.76681900024414,
      26.06930923461914,
      28.17908477783203,
      26.521894454956055,
      33.603111267089844,
      30.733591079711914,
      44.396751403808594,
      34.8018798828125,
      68.45380401611328,
      37.89081573486328,
      63.417503356933594
    ],
    [
      8.64822769165039,
      3.566488027572632,
      9.307273864746094,
      7.358770370483398,
      12.873696327209473,
      11.23435115814209,
      19.673315048217773,
      15.733746528625488,
      20.651142120361328,
      15.723567962646484,
      25.5672664642334,
      18.089078903198242,
      22.662322998046875,
      16.176164627075195,
      49.075923919677734,
      37.89081573486328,
      68.047119140625,
      47.351341247558594
    ],
    [
      20.062732696533203,
      12.834037780761719,
      15.18950366973877,
      14.081558227539062,
      16.25531578063965,
      20.55998992919922,
      23.107524871826172,
      24.05622673034668,
      30.926687240600586,
      31.36031150817871,
      29.818130493164062,
      35.26900100708008,
      28.862871170043945,
      40.84520721435547,
      37.03738784790039,
      63.417503356933594,
      47.351341247558594,
      93.01741790771484
    ]
  ],
  "damage": -3.123958110809326,
  "diff_bandwidth": 574.992919921875,
  "dissonance": 7.2813335376223165,
  "drr": 12.549633979797363,
  "dynamics": 2.873898506164551,
  "format": 1245190,
  "frames": 13464512,
  "loudness": -9.8695707321167,
  "loudness_range": 7.327643394470215,
  "loudness_range_short": 9.283487319946289,
  "lowpass_true_peak_15khz": 0.23965880274772644,
  "mastering3_acoustic_entropies": [
    {
      "acoustic_entropy": 8.413342475891113,
      "acoustic_entropy_mono": 8.859345436096191,
      "band_eliminated_acoustic_entropies": [
        {
          "acoustic_entropy": 8.491671562194824,
          "acoustic_entropy_side": 8.413928985595703,
          "hz": 129.47220167065723
        },
        {
          "acoustic_entropy": 8.774023056030273,
          "acoustic_entropy_side": 8.44904899597168,
          "hz": 202.92927478742237
        },
        {
          "acoustic_entropy": 9.344889640808105,
          "acoustic_entropy_side": 8.489408493041992,
          "hz": 282.89161906338205
        },
        {
          "acoustic_entropy": 8.937819480895996,
          "acoustic_entropy_side": 8.403196334838867,
          "hz": 369.9353335868758
        },
        {
          "acoustic_entropy": 7.459085941314697,
          "acoustic_entropy_side": 8.420123100280762,
          "hz": 464.6875360973435
        },
        {
          "acoustic_entropy": 8.699960708618164,
          "acoustic_entropy_side": 8.27442741394043,
          "hz": 567.8308811364784
        },
        {
          "acoustic_entropy": 8.439888954162598,
          "acoustic_entropy_side": 8.840980529785156,
          "hz": 680.1084783214808
        },
        {
          "acoustic_entropy": 8.387694358825684,
          "acoustic_entropy_side": 8.387919425964355,
          "hz": 802.3292461747484
        },
        {
          "acoustic_entropy": 8.226323127746582,
          "acoustic_entropy_side": 8.400744438171387,
          "hz": 935.3737400823702
        },
        {
          "acoustic_entropy": 7.548629283905029,
          "acoustic_entropy_side": 8.350568771362305,
          "hz": 1080.2004963696966
        },
        {
          "acoustic_entropy": 8.309000968933105,
          "acoustic_entropy_side": 8.364644050598145,
          "hz": 1237.8529382007157
        },
        {
          "acoustic_entropy": 8.540249824523926,
          "acoustic_entropy_side": 8.40369987487793,
          "hz": 1409.4668930556702
        },
        {
          "acoustic_entropy": 8.435763359069824,
          "acoustic_entropy_side": 8.392142295837402,
          "hz": 1596.2787759475705
        },
        {
          "acoustic_entropy": 8.26852798461914,
          "acoustic_entropy_side": 8.413467407226562,
          "hz": 1799.6344973346393
        },
        {
          "acoustic_entropy": 8.309001922607422,
          "acoustic_entropy_side": 8.430931091308594,
          "hz": 2020.9991599069049
        },
        {
          "acoustic_entropy": 8.34016227722168,
          "acoustic_entropy_side": 8.460951805114746,
          "hz": 2261.9676141086993
        },
        {
          "acoustic_entropy": 8.1680326461792,
          "acoustic_entropy_side": 8.419594764709473,
          "hz": 2524.2759484456974
        },
        {
          "acoustic_entropy": 8.111641883850098,
          "acoustic_entropy_side": 8.423310279846191,
          "hz": 2809.813997359896
        },
        {
          "acoustic_entropy": 8.303074836730957,
          "acoustic_entropy_side": 8.396116256713867,
          "hz": 3120.6389567871424
        },
        {
          "acoustic_entropy": 8.309791564941406,
          "acoustic_entropy_side": 8.385753631591797,
          "hz": 3458.990205492291
        },
        {
          "acoustic_entropy": 8.289881706237793,
          "acoustic_entropy_side": 8.398792266845703,
          "hz": 3827.305438964164
        },
        {
          "acoustic_entropy": 8.32287311553955,
          "acoustic_entropy_side": 8.427569389343262,
          "hz": 4228.238232109126
        },
        {
          "acoustic_entropy": 8.408859252929688,
          "acoustic_entropy_side": 8.427385330200195,
          "hz": 4664.6771572759235
        },
        {
          "acoustic_entropy": 8.491122245788574,
          "acoustic_entropy_side": 8.424277305603027,
          "hz": 5139.766595350093
        },
        {
          "acoustic_entropy": 8.484545707702637,
          "acoustic_entropy_side": 8.424445152282715,
          "hz": 5656.929389854203
        },
        {
          "acoustic_entropy": 8.501140594482422,
          "acoustic_entropy_side": 8.419838905334473,
          "hz": 6219.891507268283
        },
        {
          "acoustic_entropy": 8.547086715698242,
          "acoustic_entropy_side": 8.422063827514648,
          "hz": 6832.70888123896
        },
        {
          "acoustic_entropy": 8.372432708740234,
          "acoustic_entropy_side": 8.439300537109375,
          "hz": 7499.796634079867
        },
        {
          "acoustic_entropy": 7.881587028503418,
          "acoustic_entropy_side": 8.433012962341309,
          "hz": 8225.96088609342
        },
        {
          "acoustic_entropy": 8.410123825073242,
          "acoustic_entropy_side": 8.427233695983887,
          "hz": 9016.43338188839
        },
        {
          "acoustic_entropy": 8.37137508392334,
          "acoustic_entropy_side": 8.420977592468262,
          "hz": 9876.909183162974
        },
        {
          "acoustic_entropy": 8.307364463806152,
          "acoustic_entropy_side": 8.422502517700195,
          "hz": 10813.587699516042
        },
        {
          "acoustic_entropy": 7.966545104980469,
          "acoustic_entropy_side": 8.423370361328125,
          "hz": 11833.21735289826
        },
        {
          "acoustic_entropy": 8.08084487915039,
          "acoustic_entropy_side": 8.41774845123291,
          "hz": 12943.144197493959
        },
        {
          "acoustic_entropy": 8.237933158874512,
          "acoustic_entropy_side": 8.419106483459473,
          "hz": 14151.364845322005
        },
        {
          "acoustic_entropy": 8.320740699768066,
          "acoustic_entropy_side": 8.417097091674805,
          "hz": 15466.58407886509
        },
        {
          "acoustic_entropy": 8.307503700256348,
          "acoustic_entropy_side": 8.414053916931152,
          "hz": 16898.27756580493
        },
        {
          "acoustic_entropy": 8.329896926879883,
          "acoustic_entropy_side": 8.413516998291016,
          "hz": 18456.760127700032
        },
        {
          "acoustic_entropy": 8.384424209594727,
          "acoustic_entropy_side": 8.413369178771973,
          "hz": 20153.260054456492
        },
        {
          "acoustic_entropy": 8.407419204711914,
          "acoustic_entropy_side": 8.413352966308594,
          "hz": 22000.00000000001
        }
      ],
      "diff_acoustic_entropy": 6.690011501312256,
      "sn": 6
    },
    {
      "acoustic_entropy": 12.713027954101562,
      "acoustic_entropy_mono": 13.23086166381836,
      "band_eliminated_acoustic_entropies": [
        {
          "acoustic_entropy": 13.045044898986816,
          "acoustic_entropy_side": 12.716097831726074,
          "hz": 129.47220167065723
        },
        {
          "acoustic_entropy": 13.404672622680664,
          "acoustic_entropy_side": 12.94727611541748,
          "hz": 202.92927478742237
        },
        {
          "acoustic_entropy": 13.278838157653809,
          "acoustic_entropy_side": 13.250147819519043,
          "hz": 282.89161906338205
        },
        {
          "acoustic_entropy": 13.162531852722168,
          "acoustic_entropy_side": 12.464431762695312,
          "hz": 369.9353335868758
        },
        {
          "acoustic_entropy": 12.54736042022705,
          "acoustic_entropy_side": 12.436662673950195,
          "hz": 464.6875360973435
        },
        {
          "acoustic_entropy": 12.7516450881958,
          "acoustic_entropy_side": 13.369234085083008,
          "hz": 567.8308811364784
        },
        {
          "acoustic_entropy": 12.623220443725586,
          "acoustic_entropy_side": 12.571037292480469,
          "hz": 680.1084783214808
        },
        {
          "acoustic_entropy": 12.604458808898926,
          "acoustic_entropy_side": 12.960760116577148,
          "hz": 802.3292461747484
        },
        {
          "acoustic_entropy": 13.01165771484375,
          "acoustic_entropy_side": 12.882577896118164,
          "hz": 935.3737400823702
        },
        {
          "acoustic_entropy": 12.81263542175293,
          "acoustic_entropy_side": 12.79334545135498,
          "hz": 1080.2004963696966
        },
        {
          "acoustic_entropy": 13.195172309875488,
          "acoustic_entropy_side": 12.881109237670898,
          "hz": 1237.8529382007157
        },
        {
          "acoustic_entropy": 12.126879692077637,
          "acoustic_entropy_side": 12.616971015930176,
          "hz": 1409.4668930556702
        },
        {
          "acoustic_entropy": 13.45881175994873,
          "acoustic_entropy_side": 12.786219596862793,
          "hz": 1596.2787759475705
        },
        {
          "acoustic_entropy": 13.092373847961426,
          "acoustic_entropy_side": 12.662989616394043,
          "hz": 1799.6344973346393
        },
        {
          "acoustic_entropy": 13.0316162109375,
          "acoustic_entropy_side": 12.593941688537598,
          "hz": 2020.9991599069049
        },
        {
          "acoustic_entropy": 12.634652137756348,
          "acoustic_entropy_side": 12.656333923339844,
          "hz": 2261.9676141086993
        },
        {
          "acoustic_entropy": 12.822229385375977,
          "acoustic_entropy_side": 12.737451553344727,
          "hz": 2524.2759484456974
        },
        {
          "acoustic_entropy": 12.811507225036621,
          "acoustic_entropy_side": 12.523210525512695,
          "hz": 2809.813997359896
        },
        {
          "acoustic_entropy": 12.768871307373047,
          "acoustic_entropy_side": 12.704460144042969,
          "hz": 3120.6389567871424
        },
        {
          "acoustic_entropy": 12.235434532165527,
          "acoustic_entropy_side": 12.406129837036133,
          "hz": 3458.990205492291
        },
        {
          "acoustic_entropy": 12.33158016204834,
          "acoustic_entropy_side": 12.585070610046387,
          "hz": 3827.305438964164
        },
        {
          "acoustic_entropy": 12.537007331848145,
          "acoustic_entropy_side": 12.62643814086914,
          "hz": 4228.238232109126
        },
        {
          "acoustic_entropy": 13.09089469909668,
          "acoustic_entropy_side": 12.721924781799316,
          "hz": 4664.6771572759235
        },
        {
          "acoustic_entropy": 13.20472240447998,
          "acoustic_entropy_side": 12.749234199523926,
          "hz": 5139.766595350093
        },
        {
          "acoustic_entropy": 13.08646297454834,
          "acoustic_entropy_side": 12.781907081604004,
          "hz": 5656.929389854203
        },
        {
          "acoustic_entropy": 13.005949974060059,
          "acoustic_entropy_side": 12.818840026855469,
          "hz": 6219.891507268283
        },
        {
          "acoustic_entropy": 13.270783424377441,
          "acoustic_entropy_side": 12.819957733154297,
          "hz": 6832.70888123896
        },
        {
          "acoustic_entropy": 12.709978103637695,
          "acoustic_entropy_side": 12.82612419128418,
          "hz": 7499.796634079867
        },
        {
          "acoustic_entropy": 12.681480407714844,
          "acoustic_entropy_side": 12.844910621643066,
          "hz": 8225.96088609342
        },
        {
          "acoustic_entropy": 12.730870246887207,
          "acoustic_entropy_side": 12.938094139099121,
          "hz": 9016.43338188839
        },
        {
          "acoustic_entropy": 12.962641716003418,
          "acoustic_entropy_side": 13.006414413452148,
          "hz": 9876.909183162974
        },
        {
          "acoustic_entropy": 12.718733787536621,
          "acoustic_entropy_side": 12.947505950927734,
          "hz": 10813.587699516042
        },
        {
          "acoustic_entropy": 12.450299263000488,
          "acoustic_entropy_side": 12.853341102600098,
          "hz": 11833.21735289826
        },
        {
          "acoustic_entropy": 12.456182479858398,
          "acoustic_entropy_side": 12.728880882263184,
          "hz": 12943.144197493959
        },
        {
          "acoustic_entropy": 12.526375770568848,
          "acoustic_entropy_side": 12.709270477294922,
          "hz": 14151.364845322005
        },
        {
          "acoustic_entropy": 12.520442008972168,
          "acoustic_entropy_side": 12.72240161895752,
          "hz": 15466.58407886509
        },
        {
          "acoustic_entropy": 12.363321304321289,
          "acoustic_entropy_side": 12.698513984680176,
          "hz": 16898.27756580493
        },
        {
          "acoustic_entropy": 12.513853073120117,
          "acoustic_entropy_side": 12.702518463134766,
          "hz": 18456.760127700032
        },
        {
          "acoustic_entropy": 12.663639068603516,
          "acoustic_entropy_side": 12.712004661560059,
          "hz": 20153.260054456492
        },
        {
          "acoustic_entropy": 12.672782897949219,
          "acoustic_entropy_side": 12.712991714477539,
          "hz": 22000.00000000001
        }
      ],
      "diff_acoustic_entropy": 9.994827270507812,
      "sn": 12
    },
    {
      "acoustic_entropy": 19.364192962646484,
      "acoustic_entropy_mono": 18.608070373535156,
      "band_eliminated_acoustic_entropies": [
        {
          "acoustic_entropy": 18.65247917175293,
          "acoustic_entropy_side": 19.305526733398438,
          "hz": 129.47220167065723
        },
        {
          "acoustic_entropy": 20.243051528930664,
          "acoustic_entropy_side": 18.95938491821289,
          "hz": 202.92927478742237
        },
        {
          "acoustic_entropy": 20.462875366210938,
          "acoustic_entropy_side": 20.062875747680664,
          "hz": 282.89161906338205
        },
        {
          "acoustic_entropy": 18.904712677001953,
          "acoustic_entropy_side": 19.47122573852539,
          "hz": 369.9353335868758
        },
        {
          "acoustic_entropy": 19.13667869567871,
          "acoustic_entropy_side": 18.469743728637695,
          "hz": 464.6875360973435
        },
        {
          "acoustic_entropy": 20.04601287841797,
          "acoustic_entropy_side": 19.155237197875977,
          "hz": 567.8308811364784
        },
        {
          "acoustic_entropy": 19.192258834838867,
          "acoustic_entropy_side": 19.4857177734375,
          "hz": 680.1084783214808
        },
        {
          "acoustic_entropy": 20.425485610961914,
          "acoustic_entropy_side": 19.91461944580078,
          "hz": 802.3292461747484
        },
        {
          "acoustic_entropy": 19.121379852294922,
          "acoustic_entropy_side": 19.018280029296875,
          "hz": 935.3737400823702
        },
        {
          "acoustic_entropy": 19.9027156829834,
          "acoustic_entropy_side": 19.049394607543945,
          "hz": 1080.2004963696966
        },
        {
          "acoustic_entropy": 18.822589874267578,
          "acoustic_entropy_side": 18.940099716186523,
          "hz": 1237.8529382007157
        },
        {
          "acoustic_entropy": 19.74472999572754,
          "acoustic_entropy_side": 19.20620346069336,
          "hz": 1409.4668930556702
        },
        {
          "acoustic_entropy": 18.77140998840332,
          "acoustic_entropy_side": 18.917402267456055,
          "hz": 1596.2787759475705
        },
        {
          "acoustic_entropy": 18.86824607849121,
          "acoustic_entropy_side": 19.453306198120117,
          "hz": 1799.6344973346393
        },
        {
          "acoustic_entropy": 19.25389289855957,
          "acoustic_entropy_side": 19.348539352416992,
          "hz": 2020.9991599069049
        },
        {
          "acoustic_entropy": 18.669034957885742,
          "acoustic_entropy_side": 19.378128051757812,
          "hz": 2261.9676141086993
        },
        {
          "acoustic_entropy": 19.813631057739258,
          "acoustic_entropy_side": 19.80122184753418,
          "hz": 2524.2759484456974
        },
        {
          "acoustic_entropy": 19.73578453063965,
          "acoustic_entropy_side": 19.594717025756836,
          "hz": 2809.813997359896
        },
        {
          "acoustic_entropy": 19.204153060913086,
