{
  "acoustic_entropy": 246.59063720703125,
  "bands": [
    {
      "high_freq": 148.1999969482422,
      "loudness": -21.68896484375,
      "loudness_range": 7.536855697631836,
      "mid_mean": -18.798419952392578,
      "mid_to_side_loudness": -8.201224327087402,
      "mid_to_side_loudness_range": 11.152584075927734,
      "side_mean": -27.219680786132812
    },
    {
      "high_freq": 392.3793640136719,
      "loudness": -20.10222816467285,
      "loudness_range": 9.856127738952637,
      "low_freq": 148.1999969482422,
      "mid_mean": -16.981679916381836,
      "mid_to_side_loudness": -10.5734224319458,
      "mid_to_side_loudness_range": 14.8643159866333,
      "side_mean": -27.702238082885742
    },
    {
      "high_freq": 794.6976318359375,
      "loudness": -24.195600509643555,
      "loudness_range": 11.104486465454102,
      "low_freq": 392.3793640136719,
      "mid_mean": -21.530994415283203,
      "mid_to_side_loudness": -7.236177444458008,
      "mid_to_side_loudness_range": 13.402633666992188,
      "side_mean": -28.87254524230957
    },
    {
      "high_freq": 1457.5709228515625,
      "loudness": -24.995586395263672,
      "loudness_range": 19.190696716308594,
      "low_freq": 794.6976318359375,
      "mid_mean": -22.49393081665039,
      "mid_to_side_loudness": -6.799172401428223,
      "mid_to_side_loudness_range": 14.551390647888184,
      "side_mean": -29.412824630737305
    },
    {
      "high_freq": 2549.74365234375,
      "loudness": -24.800691604614258,
      "loudness_range": 17.2578125,
      "low_freq": 1457.5709228515625,
      "mid_mean": -22.374324798583984,
      "mid_to_side_loudness": -5.55874490737915,
      "mid_to_side_loudness_range": 10.674395561218262,
      "side_mean": -28.158611297607422
    },
    {
      "high_freq": 4349.24462890625,
      "loudness": -25.54082489013672,
      "loudness_range": 14.847469329833984,
      "low_freq": 2549.74365234375,
      "mid_mean": -23.11235237121582,
      "mid_to_side_loudness": -5.242932319641113,
      "mid_to_side_loudness_range": 9.018508911132812,
      "side_mean": -28.627376556396484
    },
    {
      "high_freq": 7314.1640625,
      "loudness": -31.312753677368164,
      "loudness_range": 14.092418670654297,
      "low_freq": 4349.24462890625,
      "mid_mean": -29.301387786865234,
      "mid_to_side_loudness": -3.5687904357910156,
      "mid_to_side_loudness_range": 6.343446254730225,
      "side_mean": -32.91746520996094
    },
    {
      "high_freq": 12199.2666015625,
      "loudness": -33.95461654663086,
      "loudness_range": 17.256057739257812,
      "low_freq": 7314.1640625,
      "mid_mean": -32.337005615234375,
      "mid_to_side_loudness": -2.1593077182769775,
      "mid_to_side_loudness_range": 3.199082851409912,
      "side_mean": -34.555442810058594
    },
    {
      "loudness": -41.42542266845703,
      "loudness_range": 23.108278274536133,
      "low_freq": 12199.2666015625,
      "mid_mean": -41.45536422729492,
      "mid_to_side_loudness": 0.4134797751903534,
      "mid_to_side_loudness_range": 2.0599851608276367,
      "side_mean": -40.96868133544922
    }
  ],
  "bands_short": [
    {
      "high_freq": 148.1999969482422,
      "loudness": -26.300086975097656,
      "loudness_range": 17.204042434692383,
      "mid_mean": -23.68695640563965,
      "mid_to_side_loudness": -8.264617919921875,
      "mid_to_side_loudness_range": 18.634187698364258,
      "side_mean": -32.38743591308594
    },
    {
      "high_freq": 392.3793640136719,
      "loudness": -19.316486358642578,
      "loudness_range": 11.015937805175781,
      "low_freq": 148.1999969482422,
      "mid_mean": -16.363534927368164,
      "mid_to_side_loudness": -9.75582218170166,
      "mid_to_side_loudness_range": 16.13630485534668,
      "side_mean": -26.280916213989258
    },
    {
      "high_freq": 794.6976318359375,
      "loudness": -25.421588897705078,
      "loudness_range": 14.743919372558594,
      "low_freq": 392.3793640136719,
      "mid_mean": -22.961105346679688,
      "mid_to_side_loudness": -6.902966499328613,
      "mid_to_side_loudness_range": 15.146772384643555,
      "side_mean": -29.98542022705078
    },
    {
      "high_freq": 1457.5709228515625,
      "loudness": -25.47810935974121,
      "loudness_range": 20.93262481689453,
      "low_freq": 794.6976318359375,
      "mid_mean": -23.207313537597656,
      "mid_to_side_loudness": -6.136558532714844,
      "mid_to_side_loudness_range": 15.805849075317383,
      "side_mean": -29.598060607910156
    },
    {
      "high_freq": 2549.74365234375,
      "loudness": -25.748699188232422,
      "loudness_range": 19.830591201782227,
      "low_freq": 1457.5709228515625,
      "mid_mean": -23.523515701293945,
      "mid_to_side_loudness": -5.238226890563965,
      "mid_to_side_loudness_range": 11.925355911254883,
      "side_mean": -28.989213943481445
    },
    {
      "high_freq": 4349.24462890625,
      "loudness": -26.505470275878906,
      "loudness_range": 18.118820190429688,
      "low_freq": 2549.74365234375,
      "mid_mean": -24.244009017944336,
      "mid_to_side_loudness": -4.932825565338135,
      "mid_to_side_loudness_range": 10.157979011535645,
      "side_mean": -29.40607452392578
    },
    {
      "high_freq": 7314.1640625,
      "loudness": -32.70167541503906,
      "loudness_range": 19.06723403930664,
      "low_freq": 4349.24462890625,
      "mid_mean": -30.71400260925293,
      "mid_to_side_loudness": -3.5956156253814697,
      "mid_to_side_loudness_range": 7.599362373352051,
      "side_mean": -34.47904968261719
    },
    {
      "high_freq": 12199.2666015625,
      "loudness": -36.07267379760742,
      "loudness_range": 22.815935134887695,
      "low_freq": 7314.1640625,
      "mid_mean": -34.4742431640625,
      "mid_to_side_loudness": -2.19022798538208,
      "mid_to_side_loudness_range": 3.9018425941467285,
      "side_mean": -36.83628845214844
    },
    {
      "loudness": -46.58798599243164,
      "loudness_range": 32.725616455078125,
      "low_freq": 12199.2666015625,
      "mid_mean": -46.05415725708008,
      "mid_to_side_loudness": 0.49152615666389465,
      "mid_to_side_loudness_range": 2.756758689880371,
      "side_mean": -45.564971923828125
    }
  ],
  "bandwidth": 682.4652709960938,
  "channels": 2,
  "covariance": [
    [
      14.396854400634766,
      10.054278373718262,
      2.1002986431121826,
      -0.8530116081237793,
      1.2178053855895996,
      -1.100608468055725,
      -1.2490055561065674,
      -2.2937216758728027,
      0.8224045634269714,
      -0.3099871575832367,
      -2.879286289215088,
      -3.0439212322235107,
      -2.67465877532959,
      -3.5428810119628906,
      -0.7063283920288086,
      -0.8256993293762207,
      2.784579038619995,
      2.7220687866210938
    ],
    [
      10.054278373718262,
      24.063133239746094,
      3.1976077556610107,
      -1.0232425928115845,
      0.08445233851671219,
      -3.5435140132904053,
      -1.2351995706558228,
      -4.464626312255859,
      -1.727216362953186,
      -1.3602296113967896,
      -3.45475435256958,
      -2.4968504905700684,
      -2.513000011444092,
      -3.1343507766723633,
      -0.35129567980766296,
      -1.0363185405731201,
      7.401617527008057,
      7.449404716491699
    ],
    [
      2.1002986431121826,
      3.1976077556610107,
      14.239377975463867,
      0.13051390647888184,
      4.836174964904785,
      -2.885824680328369,
      2.230797290802002,
      -2.6409664154052734,
      2.315382719039917,
      -0.6374955773353577,
      1.3328367471694946,
      -1.0596773624420166,
      0.5693620443344116,
      -1.6000032424926758,
      1.8390401601791382,
      0.9858710169792175,
      3.246601104736328,
      3.2810142040252686
    ],
    [
      -0.8530116081237793,
      -1.0232425928115845,
      0.13051390647888184,
      9.13309097290039,
      0.6370715498924255,
      4.661492824554443,
      -1.9038490056991577,
      2.2413718700408936,
      1.304853081703186,
      3.0633482933044434,
      2.231356143951416,
      4.031367778778076,
      4.177896022796631,
      5.833834648132324,
      4.852058410644531,
      5.824897766113281,
      5.698327541351318,
      5.489287376403809
    ],
    [
      1.2178053855895996,
      0.08445233851671219,
      4.836174964904785,
      0.6370715498924255,
      18.942323684692383,
      9.180578231811523,
      20.073596954345703,
      10.186250686645508,
      16.083715438842773,
      10.219416618347168,
      11.135092735290527,
      7.963496208190918,
      3.47297739982605,
      2.3649959564208984,
      0.8022968173027039,
      0.5156622529029846,
      0.17456309497356415,
      0.3362923860549927
    ],
    [
      -1.100608468055725,
      -3.5435140132904053,
      -2.885824680328369,
      4.661492824554443,
      9.180578231811523,
      19.871028900146484,
      9.443512916564941,
      14.496996879577637,
      13.582159996032715,
      14.917562484741211,
      10.930826187133789,
      12.447800636291504,
      7.617295742034912,
      9.902158737182617,
      3.8999032974243164,
      5.348618030548096,
      2.632420063018799,
      2.5973060131073
    ],
    [
      -1.2490055561065674,
      -1.2351995706558228,
      2.230797290802002,
      -1.9038490056991577,
      20.073596954345703,
      9.443512916564941,
      53.773658752441406,
      26.57608413696289,
      32.01752853393555,
      22.412521362304688,
      18.4412841796875,
      16.021520614624023,
      3.665569305419922,
      3.1032402515411377,
      -5.489733695983887,
      -6.115106582641602,
      -9.274916648864746,
      -9.354933738708496
    ],
    [
      -2.2937216758728027,
      -4.464626312255859,
      -2.6409664154052734,
      2.2413718700408936,
      10.186250686645508,
      14.496996879577637,
      26.57608413696289,
      25.693546295166016,
      21.222850799560547,
      23.190387725830078,
      13.91970157623291,
      17.134241104125977,
      6.794172763824463,
      9.410612106323242,
      -0.9833881855010986,
      -0.10080187022686005,
      -4.710628986358643,
      -4.710296154022217
    ],
    [
      0.8224045634269714,
      -1.727216362953186,
      2.315382719039917,
      1.304853081703186,
      16.083715438842773,
      13.582159996032715,
      32.01752853393555,
      21.222850799560547,
      40.557743072509766,
      28.875167846679688,
      23.96247673034668,
      21.477771759033203,
      12.878518104553223,
      12.01215934753418,
      3.8126919269561768,
      4.805676460266113,
      2.9610817432403564,
      3.295240879058838
    ],
    [
      -0.3099871575832367,
      -1.3602296113967896,
      -0.6374955773353577,
      3.0633482933044434,
      10.219416618347168,
      14.917562484741211,
      22.412521362304688,
      23.190387725830078,
      28.875167846679688,
      33.48762893676758,
      19.080984115600586,
      24.559778213500977,
      12.682145118713379,
      15.96542739868164,
      3.884359359741211,
      5.727245807647705,
      4.665205955505371,
      4.343690872192383
    ],
    [
      -2.879286289215088,
      -3.45475435256958,
      1.3328367471694946,
      2.231356143951416,
      11.135092735290527,
      10.930826187133789,
      18.4412841796875,
      13.91970157623291,
      23.96247673034668,
      19.080984115600586,
      32.13109588623047,
      24.75379753112793,
      16.11485481262207,
      14.304251670837402,
      8.27436637878418,
      9.198189735412598,
      7.382197856903076,
      8.01241683959961
    ],
    [
      -3.0439212322235107,
      -2.4968504905700684,
      -1.0596773624420166,
      4.031367778778076,
      7.963496208190918,
      12.447800636291504,
      16.021520614624023,
      17.134241104125977,
      21.477771759033203,
      24.559778213500977,
      24.75379753112793,
      28.96071434020996,
      16.089235305786133,
      18.593969345092773,
      7.985699653625488,
      9.99374008178711,
      9.358355522155762,
      9.4241361618042
    ],
    [
      -2.67465877532959,
      -2.513000011444092,
      0.5693620443344116,
      4.177896022796631,
      3.47297739982605,
      7.617295742034912,
      3.665569305419922,
      6.794172763824463,
      12.878518104553223,
      12.682145118713379,
      16.11485481262207,
      16.089235305786133,
      28.096887588500977,
      26.67023468017578,
      23.136350631713867,
      24.492685317993164,
      23.827394485473633,
      23.752981185913086
    ],
    [
      -3.5428810119628906,
      -3.1343507766723633,
      -1.6000032424926758,
      5.833834648132324,
      2.3649959564208984,
      9.902158737182617,
      3.1032402515411377,
      9.410612106323242,
      12.01215934753418,
      15.96542739868164,
      14.304251670837402,
      18.593969345092773,
      26.67023468017578,
      30.233135223388672,
      22.662752151489258,
      25.215784072875977,
      24.810060501098633,
      24.256765365600586
    ],
    [
      -0.7063283920288086,
      -0.35129567980766296,
      1.8390401601791382,
      4.852058410644531,
      0.8022968173027039,
      3.8999032974243164,
      -5.489733695983887,
      -0.9833881855010986,
      3.8126919269561768,
      3.884359359741211,
      8.27436637878418,
      7.985699653625488,
      23.136350631713867,
      22.662752151489258,
      35.20538330078125,
      36.53129959106445,
      38.71744155883789,
      38.51433181762695
    ],
    [
      -0.8256993293762207,
      -1.0363185405731201,
      0.9858710169792175,
      5.824897766113281,
      0.5156622529029846,
      5.348618030548096,
      -6.115106582641602,
      -0.10080187022686005,
      4.805676460266113,
      5.727245807647705,
      9.198189735412598,
      9.99374008178711,
      24.492685317993164,
      25.215784072875977,
      36.53129959106445,
      39.045928955078125,
      42.18089294433594,
      41.94996643066406
    ],
    [
      2.784579038619995,
      7.401617527008057,
      3.246601104736328,
      5.698327541351318,
      0.17456309497356415,
      2.632420063018799,
      -9.274916648864746,
      -4.710628986358643,
      2.9610817432403564,
      4.665205955505371,
      7.382197856903076,
      9.358355522155762,
      23.827394485473633,
      24.810060501098633,
      38.71744155883789,
      42.18089294433594,
      72.56719970703125,
      70.3984146118164
    ],
    [
      2.7220687866210938,
      7.449404716491699,
      3.2810142040252686,
      5.489287376403809,
      0.3362923860549927,
      2.5973060131073,
      -9.354933738708496,
      -4.710296154022217,
      3.295240879058838,
      4.343690872192383,
      8.01241683959961,
      9.4241361618042,
      23.752981185913086,
      24.256765365600586,
      38.51433181762695,
      41.94996643066406,
      70.3984146118164,
      70.28196716308594
    ]
  ],
  "covariance_short": [
    [
      43.26777648925781,
      21.337345123291016,
      5.672808647155762,
      -2.281895875930786,
      3.2420098781585693,
      -1.7906296253204346,
      -1.2084969282150269,
      -2.582319498062134,
      -5.345479965209961,
      -3.8707385063171387,
      -4.7534613609313965,
      -4.995499610900879,
      -7.673853874206543,
      -9.04384994506836,
      -7.006958484649658,
      -8.06258487701416,
      -5.5769124031066895,
      -5.054219722747803
    ],
    [
      21.337345123291016,
      50.822269439697266,
      3.6268324851989746,
      -2.0054826736450195,
      -1.518724799156189,
      -7.559946060180664,
      -2.5357506275177,
      -6.948750972747803,
      -12.475420951843262,
      -10.534475326538086,
      -9.93565559387207,
      -10.4314603805542,
      -14.4612455368042,
      -17.02086639404297,
      -13.475020408630371,
      -16.4320068359375,
      -16.626502990722656,
      -16.038124084472656
    ],
    [
      5.672808647155762,
      3.6268324851989746,
      20.974170684814453,
      3.094996690750122,
      8.893964767456055,
      0.6314271092414856,
      1.5107736587524414,
      -2.358642101287842,
      2.8564624786376953,
      -0.7960138320922852,
      1.9810867309570312,
      -1.259701132774353,
      0.8235013484954834,
      -1.1092627048492432,
      2.373615264892578,
      1.8800603151321411,
      5.721732139587402,
      5.959719181060791
    ],
    [
      -2.281895875930786,
      -2.0054826736450195,
      3.094996690750122,
      15.408551216125488,
      1.61190927028656,
      7.151075839996338,
      0.12152699381113052,
      3.1282312870025635,
      2.1856234073638916,
      3.9282209873199463,
      3.206195116043091,
      4.931153297424316,
      5.703392028808594,
      7.375847816467285,
      6.937555313110352,
      8.061986923217773,
      11.537776947021484,
      11.153779983520508
    ],
    [
      3.2420098781585693,
      -1.518724799156189,
      8.893964767456055,
      1.61190927028656,
      34.84648895263672,
      17.671428680419922,
      27.809619903564453,
      15.782257080078125,
      24.577289581298828,
      16.415664672851562,
      19.512704849243164,
      13.74657154083252,
      9.098698616027832,
      7.4593939781188965,
      3.86651349067688,
      4.30078649520874,
      6.664450645446777,
      7.473739147186279
    ],
    [
      -1.7906296253204346,
      -7.559946060180664,
      0.6314271092414856,
      7.151075839996338,
      17.671428680419922,
      31.009052276611328,
      16.23740005493164,
      21.782703399658203,
      19.860340118408203,
      21.315155029296875,
      15.55073356628418,
      17.323575973510742,
      11.761164665222168,
      14.881203651428223,
      5.517402648925781,
      7.379242420196533,
      7.679225444793701,
      7.5305352210998535
    ],
    [
      -1.2084969282150269,
      -2.5357506275177,
      1.5107736587524414,
      0.12152699381113052,
      27.809619903564453,
      16.23740005493164,
      64.81200408935547,
      31.757658004760742,
      42.3380126953125,
      29.039823532104492,
      29.08951187133789,
      23.07124137878418,
      12.50699234008789,
      10.700765609741211,
      -0.026027563959360123,
      0.23116987943649292,
      1.1822360754013062,
      2.3172783851623535
    ],
    [
      -2.582319498062134,
      -6.948750972747803,
      -2.358642101287842,
      3.1282312870025635,
      15.782257080078125,
      21.782703399658203,
      31.757658004760742,
      33.81277847290039,
      27.811063766479492,
      29.00555992126465,
      18.935026168823242,
      21.73388671875,
      11.37147045135498,
      14.477511405944824,
      0.9977892637252808,
      2.361013889312744,
      2.07647705078125,
      2.4401514530181885
    ],
    [
      -5.345479965209961,
      -12.475420951843262,
      2.8564624786376953,
      2.1856234073638916,
      24.577289581298828,
      19.860340118408203,
      42.3380126953125,
      27.811063766479492,
      55.99946975708008,
      38.691043853759766,
      35.81617736816406,
      29.681720733642578,
      22.822742462158203,
      21.54890251159668,
      9.354637145996094,
      10.745292663574219,
      15.78554630279541,
      16.552501678466797
    ],
    [
      -3.8707385063171387,
      -10.534475326538086,
      -0.7960138320922852,
      3.9282209873199463,
      16.415664672851562,
      21.315155029296875,
      29.039823532104492,
      29.00555992126465,
      38.691043853759766,
      43.378910064697266,
      26.960205078125,
      31.738567352294922,
      20.468027114868164,
      24.884443283081055,
      8.57491397857666,
      10.728612899780273,
      17.87616729736328,
      18.291746139526367
    ],
    [
      -4.7534613609313965,
      -9.93565559387207,
      1.9810867309570312,
      3.206195116043091,
      19.512704849243164,
      15.55073356628418,
      29.08951187133789,
      18.935026168823242,
      35.81617736816406,
      26.960205078125,
      47.76780700683594,
      35.425010681152344,
      29.095867156982422,
      26.543542861938477,
      17.606117248535156,
      18.82516098022461,
      23.91638946533203,
      24.750558853149414
    ],
    [
      -4.995499610900879,
      -10.4314603805542,
      -1.259701132774353,
      4.931153297424316,
      13.74657154083252,
      17.323575973510742,
      23.07124137878418,
      21.73388671875,
      29.681720733642578,
      31.738567352294922,
      35.425010681152344,
      38.77506637573242,
      26.679553985595703,
      30.31003189086914,
      15.508434295654297,
      17.98128890991211,
      25.453510284423828,
      25.888126373291016
    ],
    [
      -7.673853874206543,
      -14.4612455368042,
      0.8235013484954834,
      5.703392028808594,
      9.098698616027832,
      11.761164665222168,
      12.50699234008789,
      11.37147045135498,
      22.822742462158203,
      20.468027114868164,
      29.095867156982422,
      26.679553985595703,
      47.63675308227539,
      44.77985382080078,
      38.1387939453125,
      40.403404235839844,
      50.655052185058594,
      50.43061447143555
    ],
    [
      -9.04384994506836,
      -17.02086639404297,
      -1.1092627048492432,
      7.375847816467285,
      7.4593939781188965,
      14.881203651428223,
      10.700765609741211,
      14.477511405944824,
      21.54890251159668,
      24.884443283081055,
      26.543542861938477,
      30.31003189086914,
      44.77985382080078,
      51.7469596862793,
      37.454498291015625,
      41.367286682128906,
      53.83082580566406,
      53.17837905883789
    ],
    [
      -7.006958484649658,
      -13.475020408630371,
      2.373615264892578,
      6.937555313110352,
      3.86651349067688,
      5.517402648925781,
      -0.026027563959360123,
      0.9977892637252808,
      9.354637145996094,
      8.57491397857666,
      17.606117248535156,
      15.508434295654297,
      38.1387939453125,
      37.454498291015625,
      60.5717887878418,
      60.475650787353516,
      69.99020385742188,
      69.49808502197266
    ],
    [
      -8.06258487701416,
      -16.4320068359375,
      1.8800603151321411,
      8.061986923217773,
      4.30078649520874,
      7.379242420196533,
      0.23116987943649292,
      2.361013889312744,
      10.745292663574219,
      10.728612899780273,
      18.82516098022461,
      17.98128890991211,
      40.403404235839844,
      41.367286682128906,
      60.475650787353516,
      65.19922637939453,
      74.68630981445312,
      74.20785522460938
    ],
    [
      -5.5769124031066895,
      -16.626502990722656,
      5.721732139587402,
      11.537776947021484,
      6.664450645446777,
      7.679225444793701,
      1.1822360754013062,
      2.07647705078125,
      15.78554630279541,
      17.87616729736328,
      23.91638946533203,
      25.453510284423828,
      50.655052185058594,
      53.83082580566406,
      69.99020385742188,
      74.68630981445312,
      121.76482391357422,
      120.2244873046875
    ],
    [
      -5.054219722747803,
      -16.038124084472656,
      5.959719181060791,
      11.153779983520508,
      7.473739147186279,
      7.5305352210998535,
      2.3172783851623535,
      2.4401514530181885,
      16.552501678466797,
      18.291746139526367,
      24.750558853149414,
      25.888126373291016,
      50.43061447143555,
      53.17837905883789,
      69.49808502197266,
      74.20785522460938,
      120.2244873046875,
      119.59630584716797
    ]
  ],
  "damage": -7.114511489868164,
  "diff_bandwidth": 720.0267333984375,
  "dissonance": 8.380286449454205,
  "drr": 2.053779363632202,
  "dynamics": 2.4353742599487305,
  "format": 1245190,
  "frames": 7649280,
  "loudness": -10.444334983825684,
  "loudness_range": 6.219958782196045,
  "loudness_range_short": 7.825581073760986,
  "lowpass_true_peak_15khz": 1.0970375537872314,
  "mastering3_acoustic_entropies": [
    {
      "acoustic_entropy": 8.48244571685791,
      "acoustic_entropy_mono": 7.618433475494385,
      "band_eliminated_acoustic_entropies": [
        {
          "acoustic_entropy": 8.502630233764648,
          "acoustic_entropy_side": 8.482270240783691,
          "hz": 129.47220167065723
        },
        {
          "acoustic_entropy": 8.28914737701416,
          "acoustic_entropy_side": 8.512059211730957,
          "hz": 202.92927478742237
        },
        {
          "acoustic_entropy": 8.878074645996094,
          "acoustic_entropy_side": 8.511333465576172,
          "hz": 282.89161906338205
        },
        {
          "acoustic_entropy": 7.954767227172852,
          "acoustic_entropy_side": 8.533116340637207,
          "hz": 369.9353335868758
        },
        {
          "acoustic_entropy": 8.91840934753418,
          "acoustic_entropy_side": 8.538081169128418,
          "hz": 464.6875360973435
        },
        {
          "acoustic_entropy": 8.815133094787598,
          "acoustic_entropy_side": 8.505789756774902,
          "hz": 567.8308811364784
        },
        {
          "acoustic_entropy": 9.095569610595703,
          "acoustic_entropy_side": 8.588736534118652,
          "hz": 680.1084783214808
        },
        {
          "acoustic_entropy": 8.753597259521484,
          "acoustic_entropy_side": 8.530255317687988,
          "hz": 802.3292461747484
        },
        {
          "acoustic_entropy": 8.33485221862793,
          "acoustic_entropy_side": 8.579374313354492,
          "hz": 935.3737400823702
        },
        {
          "acoustic_entropy": 8.620898246765137,
          "acoustic_entropy_side": 8.491641998291016,
          "hz": 1080.2004963696966
        },
        {
          "acoustic_entropy": 8.465249061584473,
          "acoustic_entropy_side": 8.324535369873047,
          "hz": 1237.8529382007157
        },
        {
          "acoustic_entropy": 8.17909049987793,
          "acoustic_entropy_side": 8.370580673217773,
          "hz": 1409.4668930556702
        },
        {
          "acoustic_entropy": 8.346707344055176,
          "acoustic_entropy_side": 8.519705772399902,
          "hz": 1596.2787759475705
        },
        {
          "acoustic_entropy": 9.15703296661377,
          "acoustic_entropy_side": 8.595149993896484,
          "hz": 1799.6344973346393
        },
        {
          "acoustic_entropy": 8.103689193725586,
          "acoustic_entropy_side": 8.755827903747559,
          "hz": 2020.9991599069049
        },
        {
          "acoustic_entropy": 8.422192573547363,
          "acoustic_entropy_side": 8.362048149108887,
          "hz": 2261.9676141086993
        },
        {
          "acoustic_entropy": 9.081721305847168,
          "acoustic_entropy_side": 8.512516975402832,
          "hz": 2524.2759484456974
        },
        {
          "acoustic_entropy": 8.67426586151123,
          "acoustic_entropy_side": 8.449904441833496,
          "hz": 2809.813997359896
        },
        {
          "acoustic_entropy": 8.637861251831055,
          "acoustic_entropy_side": 8.26427173614502,
          "hz": 3120.6389567871424
        },
        {
          "acoustic_entropy": 8.268776893615723,
          "acoustic_entropy_side": 8.792342185974121,
          "hz": 3458.990205492291
        },
        {
          "acoustic_entropy": 8.326151847839355,
          "acoustic_entropy_side": 8.7736234664917,
          "hz": 3827.305438964164
        },
        {
          "acoustic_entropy": 8.594970703125,
          "acoustic_entropy_side": 8.482998847961426,
          "hz": 4228.238232109126
        },
        {
          "acoustic_entropy": 8.335598945617676,
          "acoustic_entropy_side": 8.341343879699707,
          "hz": 4664.6771572759235
        },
        {
          "acoustic_entropy": 8.349603652954102,
          "acoustic_entropy_side": 8.3583345413208,
          "hz": 5139.766595350093
        },
        {
          "acoustic_entropy": 8.651111602783203,
          "acoustic_entropy_side": 8.54382038116455,
          "hz": 5656.929389854203
        },
        {
          "acoustic_entropy": 8.70691967010498,
          "acoustic_entropy_side": 8.345815658569336,
          "hz": 6219.891507268283
        },
        {
          "acoustic_entropy": 8.725342750549316,
          "acoustic_entropy_side": 8.317811012268066,
          "hz": 6832.70888123896
        },
        {
          "acoustic_entropy": 8.664237022399902,
          "acoustic_entropy_side": 8.454109191894531,
          "hz": 7499.796634079867
        },
        {
          "acoustic_entropy": 8.480243682861328,
          "acoustic_entropy_side": 8.533159255981445,
          "hz": 8225.96088609342
        },
        {
          "acoustic_entropy": 8.700970649719238,
          "acoustic_entropy_side": 8.545439720153809,
          "hz": 9016.43338188839
        },
        {
          "acoustic_entropy": 8.159577369689941,
          "acoustic_entropy_side": 8.26552677154541,
          "hz": 9876.909183162974
        },
        {
          "acoustic_entropy": 8.280047416687012,
          "acoustic_entropy_side": 8.250452041625977,
          "hz": 10813.587699516042
        },
        {
          "acoustic_entropy": 8.360929489135742,
          "acoustic_entropy_side": 8.255890846252441,
          "hz": 11833.21735289826
        },
        {
          "acoustic_entropy": 8.419954299926758,
          "acoustic_entropy_side": 8.280875205993652,
          "hz": 12943.144197493959
        },
        {
          "acoustic_entropy": 8.56922435760498,
          "acoustic_entropy_side": 8.294012069702148,
          "hz": 14151.364845322005
        },
        {
          "acoustic_entropy": 8.516838073730469,
          "acoustic_entropy_side": 8.281034469604492,
          "hz": 15466.58407886509
        },
        {
          "acoustic_entropy": 8.544018745422363,
          "acoustic_entropy_side": 8.30144214630127,
          "hz": 16898.27756580493
        },
        {
          "acoustic_entropy": 8.300308227539062,
          "acoustic_entropy_side": 8.363701820373535,
          "hz": 18456.760127700032
        },
        {
          "acoustic_entropy": 8.388875007629395,
          "acoustic_entropy_side": 8.433581352233887,
          "hz": 20153.260054456492
        },
        {
          "acoustic_entropy": 8.446843147277832,
          "acoustic_entropy_side": 8.464348793029785,
          "hz": 22000.00000000001
        }
      ],
      "diff_acoustic_entropy": 5.677012920379639,
      "sn": 6
    },
    {
      "acoustic_entropy": 13.697983741760254,
      "acoustic_entropy_mono": 12.390836715698242,
      "band_eliminated_acoustic_entropies": [
        {
          "acoustic_entropy": 13.578463554382324,
          "acoustic_entropy_side": 13.684832572937012,
          "hz": 129.47220167065723
        },
        {
          "acoustic_entropy": 13.631004333496094,
          "acoustic_entropy_side": 13.814106941223145,
          "hz": 202.92927478742237
        },
        {
          "acoustic_entropy": 13.718023300170898,
          "acoustic_entropy_side": 13.900910377502441,
          "hz": 282.89161906338205
        },
        {
          "acoustic_entropy": 13.06825065612793,
          "acoustic_entropy_side": 13.954561233520508,
          "hz": 369.9353335868758
        },
        {
          "acoustic_entropy": 14.319206237792969,
          "acoustic_entropy_side": 13.7557954788208,
          "hz": 464.6875360973435
        },
        {
          "acoustic_entropy": 14.185343742370605,
          "acoustic_entropy_side": 13.884618759155273,
          "hz": 567.8308811364784
        },
        {
          "acoustic_entropy": 14.324283599853516,
          "acoustic_entropy_side": 13.807601928710938,
          "hz": 680.1084783214808
        },
        {
          "acoustic_entropy": 13.950984954833984,
          "acoustic_entropy_side": 13.840267181396484,
          "hz": 802.3292461747484
        },
        {
          "acoustic_entropy": 13.908469200134277,
          "acoustic_entropy_side": 13.949254035949707,
          "hz": 935.3737400823702
        },
        {
          "acoustic_entropy": 12.784262657165527,
          "acoustic_entropy_side": 13.987773895263672,
          "hz": 1080.2004963696966
        },
        {
          "acoustic_entropy": 13.33293628692627,
          "acoustic_entropy_side": 13.7437744140625,
          "hz": 1237.8529382007157
        },
        {
          "acoustic_entropy": 13.526931762695312,
          "acoustic_entropy_side": 13.698885917663574,
          "hz": 1409.4668930556702
        },
        {
          "acoustic_entropy": 14.419412612915039,
          "acoustic_entropy_side": 14.045599937438965,
          "hz": 1596.2787759475705
        },
        {
          "acoustic_entropy": 13.646549224853516,
          "acoustic_entropy_side": 13.760150909423828,
          "hz": 1799.6344973346393
        },
        {
          "acoustic_entropy": 13.21581745147705,
          "acoustic_entropy_side": 13.693913459777832,
          "hz": 2020.9991599069049
        },
        {
          "acoustic_entropy": 14.208719253540039,
          "acoustic_entropy_side": 14.009504318237305,
          "hz": 2261.9676141086993
        },
        {
          "acoustic_entropy": 13.564519882202148,
          "acoustic_entropy_side": 13.667301177978516,
          "hz": 2524.2759484456974
        },
        {
          "acoustic_entropy": 13.555925369262695,
          "acoustic_entropy_side": 13.755772590637207,
          "hz": 2809.813997359896
        },
        {
          "acoustic_entropy": 13.47481632232666,
          "acoustic_entropy_side": 13.736644744873047,
          "hz": 3120.6389567871424
        },
        {
          "acoustic_entropy": 13.192728042602539,
          "acoustic_entropy_side": 13.824395179748535,
          "hz": 3458.990205492291
        },
        {
          "acoustic_entropy": 13.992388725280762,
          "acoustic_entropy_side": 13.926209449768066,
          "hz": 3827.305438964164
        },
        {
          "acoustic_entropy": 13.779964447021484,
          "acoustic_entropy_side": 13.714360237121582,
          "hz": 4228.238232109126
        },
        {
          "acoustic_entropy": 13.337759971618652,
          "acoustic_entropy_side": 13.427371978759766,
          "hz": 4664.6771572759235
        },
        {
          "acoustic_entropy": 13.736433029174805,
          "acoustic_entropy_side": 13.584877967834473,
          "hz": 5139.766595350093
        },
        {
          "acoustic_entropy": 13.646464347839355,
          "acoustic_entropy_side": 13.58273983001709,
          "hz": 5656.929389854203
        },
        {
          "acoustic_entropy": 13.594438552856445,
          "acoustic_entropy_side": 13.651609420776367,
          "hz": 6219.891507268283
        },
        {
          "acoustic_entropy": 13.653167724609375,
          "acoustic_entropy_side": 13.670207977294922,
          "hz": 6832.70888123896
        },
        {
          "acoustic_entropy": 13.567381858825684,
          "acoustic_entropy_side": 13.683856964111328,
          "hz": 7499.796634079867
        },
        {
          "acoustic_entropy": 13.299605369567871,
          "acoustic_entropy_side": 13.593578338623047,
          "hz": 8225.96088609342
        },
        {
          "acoustic_entropy": 13.470810890197754,
          "acoustic_entropy_side": 13.633321762084961,
          "hz": 9016.43338188839
        },
        {
          "acoustic_entropy": 13.53504467010498,
          "acoustic_entropy_side": 13.631957054138184,
          "hz": 9876.909183162974
        },
        {
          "acoustic_entropy": 13.613266944885254,
          "acoustic_entropy_side": 13.617124557495117,
          "hz": 10813.587699516042
        },
        {
          "acoustic_entropy": 13.465028762817383,
          "acoustic_entropy_side": 13.578067779541016,
          "hz": 11833.21735289826
        },
        {
          "acoustic_entropy": 13.428277969360352,
          "acoustic_entropy_side": 13.554425239562988,
          "hz": 12943.144197493959
        },
        {
          "acoustic_entropy": 13.486595153808594,
          "acoustic_entropy_side": 13.513805389404297,
          "hz": 14151.364845322005
        },
        {
          "acoustic_entropy": 13.483839988708496,
          "acoustic_entropy_side": 13.516846656799316,
          "hz": 15466.58407886509
        },
        {
          "acoustic_entropy": 13.489776611328125,
          "acoustic_entropy_side": 13.458626747131348,
          "hz": 16898.27756580493
        },
        {
          "acoustic_entropy": 13.524331092834473,
          "acoustic_entropy_side": 13.615312576293945,
          "hz": 18456.760127700032
        },
        {
          "acoustic_entropy": 13.60214900970459,
          "acoustic_entropy_side": 13.648127555847168,
          "hz": 20153.260054456492
        },
        {
          "acoustic_entropy": 13.664029121398926,
          "acoustic_entropy_side": 13.67989444732666,
          "hz": 22000.00000000001
        }
      ],
      "diff_acoustic_entropy": 9.430968284606934,
      "sn": 12
    },
    {
      "acoustic_entropy": 17.282880783081055,
      "acoustic_entropy_mono": 16.684513092041016,
      "band_eliminated_acoustic_entropies": [
        {
          "acoustic_entropy": 18.4958438873291,
          "acoustic_entropy_side": 18.26306915283203,
          "hz": 129.47220167065723
        },
        {
          "acoustic_entropy": 17.605146408081055,
          "acoustic_entropy_side": 17.588367462158203,
          "hz": 202.92927478742237
        },
        {
          "acoustic_entropy": 18.248323440551758,
          "acoustic_entropy_side": 17.462644577026367,
          "hz": 282.89161906338205
        },
        {
          "acoustic_entropy": 17.746395111083984,
          "acoustic_entropy_side": 17.586463928222656,
          "hz": 369.9353335868758
        },
        {
          "acoustic_entropy": 17.56463623046875,
          "acoustic_entropy_side": 17.292430877685547,
          "hz": 464.6875360973435
        },
        {
          "acoustic_entropy": 17.638816833496094,
          "acoustic_entropy_side": 17.072370529174805,
          "hz": 567.8308811364784
        },
        {
          "acoustic_entropy": 17.73058319091797,
          "acoustic_entropy_side": 17.348310470581055,
          "hz": 680.1084783214808
        },
        {
          "acoustic_entropy": 17.987218856811523,
          "acoustic_entropy_side": 17.163650512695312,
          "hz": 802.3292461747484
        },
        {
          "acoustic_entropy": 17.298431396484375,
          "acoustic_entropy_side": 17.618751525878906,
          "hz": 935.3737400823702
        },
        {
          "acoustic_entropy": 18.9932918548584,
          "acoustic_entropy_side": 17.87183380126953,
          "hz": 1080.2004963696966
        },
        {
          "acoustic_entropy": 17.18484878540039,
          "acoustic_entropy_side": 17.618152618408203,
          "hz": 1237.8529382007157
        },
        {
          "acoustic_entropy": 17.050424575805664,
          "acoustic_entropy_side": 17.648019790649414,
          "hz": 1409.4668930556702
        },
        {
          "acoustic_entropy": 18.012554168701172,
          "acoustic_entropy_side": 17.50078773498535,
          "hz": 1596.2787759475705
        },
        {
          "acoustic_entropy": 17.62507438659668,
          "acoustic_entropy_side": 17.330150604248047,
          "hz": 1799.6344973346393
        },
        {
          "acoustic_entropy": 17.491933822631836,
          "acoustic_entropy_side": 17.566579818725586,
          "hz": 2020.9991599069049
        },
        {
          "acoustic_entropy": 17.831838607788086,
          "acoustic_entropy_side": 17.655363082885742,
          "hz": 2261.9676141086993
        },
        {
          "acoustic_entropy": 16.896533966064453,
          "acoustic_entropy_side": 17.32896614074707,
          "hz": 2524.2759484456974
        },
        {
          "acoustic_entropy": 17.20882797241211,
          "acoustic_entropy_side": 17.333444595336914,
