{
  "acoustic_entropy": 218.30787658691406,
  "bands": [
    {
      "high_freq": 148.1999969482422,
      "loudness": -24.714111328125,
      "loudness_range": 10.667810440063477,
      "mid_mean": -21.073360443115234,
      "mid_to_side_loudness": -20.017236709594727,
      "mid_to_side_loudness_range": 15.22011947631836,
      "side_mean": -41.8400993347168
    },
    {
      "high_freq": 392.3793640136719,
      "loudness": -25.698904037475586,
      "loudness_range": 11.638483047485352,
      "low_freq": 148.1999969482422,
      "mid_mean": -23.05069923400879,
      "mid_to_side_loudness": -7.468953609466553,
      "mid_to_side_loudness_range": 13.711960792541504,
      "side_mean": -30.580341339111328
    },
    {
      "high_freq": 794.6976318359375,
      "loudness": -31.183351516723633,
      "loudness_range": 12.213220596313477,
      "low_freq": 392.3793640136719,
      "mid_mean": -28.53373908996582,
      "mid_to_side_loudness": -6.787703514099121,
      "mid_to_side_loudness_range": 11.562838554382324,
      "side_mean": -35.362548828125
    },
    {
      "high_freq": 1457.5709228515625,
      "loudness": -24.71187973022461,
      "loudness_range": 16.140235900878906,
      "low_freq": 794.6976318359375,
      "mid_mean": -21.963239669799805,
      "mid_to_side_loudness": -7.998500347137451,
      "mid_to_side_loudness_range": 13.649103164672852,
      "side_mean": -30.02619743347168
    },
    {
      "high_freq": 2549.74365234375,
      "loudness": -23.04245376586914,
      "loudness_range": 15.198160171508789,
      "low_freq": 1457.5709228515625,
      "mid_mean": -19.952983856201172,
      "mid_to_side_loudness": -9.324289321899414,
      "mid_to_side_loudness_range": 11.212259292602539,
      "side_mean": -29.416248321533203
    },
    {
      "high_freq": 4349.24462890625,
      "loudness": -25.98554801940918,
      "loudness_range": 15.423971176147461,
      "low_freq": 2549.74365234375,
      "mid_mean": -22.99613380432129,
      "mid_to_side_loudness": -8.452341079711914,
      "mid_to_side_loudness_range": 10.636143684387207,
      "side_mean": -31.551334381103516
    },
    {
      "high_freq": 7314.1640625,
      "loudness": -31.0501766204834,
      "loudness_range": 13.812662124633789,
      "low_freq": 4349.24462890625,
      "mid_mean": -28.250417709350586,
      "mid_to_side_loudness": -7.3750081062316895,
      "mid_to_side_loudness_range": 10.358305931091309,
      "side_mean": -35.719730377197266
    },
    {
      "high_freq": 12199.2666015625,
      "loudness": -36.05658721923828,
      "loudness_range": 8.976188659667969,
      "low_freq": 7314.1640625,
      "mid_mean": -33.99510192871094,
      "mid_to_side_loudness": -3.8555104732513428,
      "mid_to_side_loudness_range": 7.406764030456543,
      "side_mean": -37.924842834472656
    },
    {
      "loudness": -36.57305908203125,
      "loudness_range": 10.330530166625977,
      "low_freq": 12199.2666015625,
      "mid_mean": -34.834716796875,
      "mid_to_side_loudness": -2.4624898433685303,
      "mid_to_side_loudness_range": 4.319783687591553,
      "side_mean": -37.418548583984375
    }
  ],
  "bands_short": [
    {
      "high_freq": 148.1999969482422,
      "loudness": -30.239349365234375,
      "loudness_range": 27.29262924194336,
      "mid_mean": -26.73566436767578,
      "mid_to_side_loudness": -20.731563568115234,
      "mid_to_side_loudness_range": 27.792613983154297,
      "side_mean": -49.66704177856445
    },
    {
      "high_freq": 392.3793640136719,
      "loudness": -26.333850860595703,
      "loudness_range": 16.465723037719727,
      "low_freq": 148.1999969482422,
      "mid_mean": -23.37041664123535,
      "mid_to_side_loudness": -9.707354545593262,
      "mid_to_side_loudness_range": 16.898969650268555,
      "side_mean": -33.535640716552734
    },
    {
      "high_freq": 794.6976318359375,
      "loudness": -32.47600173950195,
      "loudness_range": 15.105182647705078,
      "low_freq": 392.3793640136719,
      "mid_mean": -29.736970901489258,
      "mid_to_side_loudness": -7.182776927947998,
      "mid_to_side_loudness_range": 12.863673210144043,
      "side_mean": -37.576236724853516
    },
    {
      "high_freq": 1457.5709228515625,
      "loudness": -27.142852783203125,
      "loudness_range": 21.139667510986328,
      "low_freq": 794.6976318359375,
      "mid_mean": -24.547883987426758,
      "mid_to_side_loudness": -7.275522232055664,
      "mid_to_side_loudness_range": 15.586812973022461,
      "side_mean": -32.08359909057617
    },
    {
      "high_freq": 2549.74365234375,
      "loudness": -24.8948974609375,
      "loudness_range": 20.701007843017578,
      "low_freq": 1457.5709228515625,
      "mid_mean": -21.997913360595703,
      "mid_to_side_loudness": -8.678628921508789,
      "mid_to_side_loudness_range": 14.070123672485352,
      "side_mean": -30.841123580932617
    },
    {
      "high_freq": 4349.24462890625,
      "loudness": -28.842796325683594,
      "loudness_range": 22.306995391845703,
      "low_freq": 2549.74365234375,
      "mid_mean": -26.19934844970703,
      "mid_to_side_loudness": -6.9991326332092285,
      "mid_to_side_loudness_range": 12.482625007629395,
      "side_mean": -33.29240798950195
    },
    {
      "high_freq": 7314.1640625,
      "loudness": -34.11390686035156,
      "loudness_range": 22.42538833618164,
      "low_freq": 4349.24462890625,
      "mid_mean": -31.53641700744629,
      "mid_to_side_loudness": -6.643872261047363,
      "mid_to_side_loudness_range": 12.2308988571167,
      "side_mean": -38.36771774291992
    },
    {
      "high_freq": 12199.2666015625,
      "loudness": -41.016944885253906,
      "loudness_range": 23.630294799804688,
      "low_freq": 7314.1640625,
      "mid_mean": -39.01267623901367,
      "mid_to_side_loudness": -3.868316650390625,
      "mid_to_side_loudness_range": 8.33560562133789,
      "side_mean": -43.050506591796875
    },
    {
      "loudness": -44.52936553955078,
      "loudness_range": 30.00349998474121,
      "low_freq": 12199.2666015625,
      "mid_mean": -43.1104850769043,
      "mid_to_side_loudness": -2.0879099369049072,
      "mid_to_side_loudness_range": 5.093165397644043,
      "side_mean": -45.45307159423828
    }
  ],
  "bandwidth": 872.9517211914062,
  "channels": 2,
  "covariance": [
    [
      19.53243064880371,
      11.061385154724121,
      11.029145240783691,
      12.579029083251953,
      1.3147977590560913,
      0.8789529800415039,
      -0.5274448990821838,
      0.11835992336273193,
      1.9310964345932007,
      0.614709198474884,
      1.9695136547088623,
      0.6945852041244507,
      1.8082025051116943,
      0.6706424355506897,
      1.528391718864441,
      1.180856466293335,
      -2.5286543369293213,
      -2.696791172027588
    ],
    [
      11.061385154724121,
      23.36569595336914,
      11.704954147338867,
      22.69297981262207,
      -3.1131784915924072,
      1.8263643980026245,
      -4.260246276855469,
      3.3986921310424805,
      1.454662561416626,
      4.771265506744385,
      0.9626494646072388,
      5.183914661407471,
      1.4102869033813477,
      5.754281044006348,
      6.076353073120117,
      9.541789054870605,
      0.5451168417930603,
      1.1344486474990845
    ],
    [
      11.029145240783691,
      11.704954147338867,
      19.96605682373047,
      17.351747512817383,
      6.745278835296631,
      3.607731342315674,
      1.0670149326324463,
      1.43982994556427,
      1.2850079536437988,
      0.8843122720718384,
      4.315502643585205,
      1.9894795417785645,
      5.799665451049805,
      3.0314106941223145,
      3.4754855632781982,
      1.5206105709075928,
      -0.26172611117362976,
      -1.5222598314285278
    ],
    [
      12.579029083251953,
      22.69297981262207,
      17.351747512817383,
      39.80498123168945,
      -1.850896954536438,
      4.897160530090332,
      -3.2590172290802,
      6.035094738006592,
      2.935065984725952,
      7.341885089874268,
      3.335081100463867,
      7.746013641357422,
      3.4773497581481934,
      8.613639831542969,
      8.41126537322998,
      13.173142433166504,
      -1.086240291595459,
      -0.017314083874225616
    ],
    [
      1.3147977590560913,
      -3.1131784915924072,
      6.745278835296631,
      -1.850896954536438,
      23.155012130737305,
      7.588717937469482,
      13.120830535888672,
      3.0447099208831787,
      3.057537794113159,
      -2.1306262016296387,
      10.718565940856934,
      2.9075944423675537,
      10.40048599243164,
      2.5814907550811768,
      1.2273485660552979,
      -4.232086181640625,
      -0.5018550753593445,
      -2.545369863510132
    ],
    [
      0.8789529800415039,
      1.8263643980026245,
      3.607731342315674,
      4.897160530090332,
      7.588717937469482,
      7.804131507873535,
      5.535739421844482,
      5.354449272155762,
      2.7149627208709717,
      3.0121021270751953,
      4.318413257598877,
      3.882302761077881,
      3.6722869873046875,
      3.6323111057281494,
      2.049306869506836,
      1.7589484453201294,
      0.2302471399307251,
      -0.39111799001693726
    ],
    [
      -0.5274448990821838,
      -4.260246276855469,
      1.0670149326324463,
      -3.2590172290802,
      13.120830535888672,
      5.535739421844482,
      36.701499938964844,
      12.09207534790039,
      17.640832901000977,
      7.240868091583252,
      16.247798919677734,
      7.8878397941589355,
      16.14044952392578,
      8.138859748840332,
      2.896862030029297,
      -0.6543838381767273,
      0.5070465803146362,
      -1.1932612657546997
    ],
    [
      0.11835992336273193,
      3.3986921310424805,
      1.43982994556427,
      6.035094738006592,
      3.0447099208831787,
      5.354449272155762,
      12.09207534790039,
      12.703008651733398,
      7.648717403411865,
      8.209870338439941,
      6.816103935241699,
      7.567240238189697,
      5.725414276123047,
      7.357923984527588,
      4.383502006530762,
      5.723376274108887,
      0.870924174785614,
      0.8183742761611938
    ],
    [
      1.9310964345932007,
      1.454662561416626,
      1.2850079536437988,
      2.935065984725952,
      3.057537794113159,
      2.7149627208709717,
      17.640832901000977,
      7.648717403411865,
      32.56410598754883,
      18.757980346679688,
      12.322898864746094,
      8.254043579101562,
      14.95060920715332,
      9.601093292236328,
      4.418784141540527,
      2.5273568630218506,
      1.1935572624206543,
      0.42577460408210754
    ],
    [
      0.614709198474884,
      4.771265506744385,
      0.8843122720718384,
      7.341885089874268,
      -2.1306262016296387,
      3.0121021270751953,
      7.240868091583252,
      8.209870338439941,
      18.757980346679688,
      18.822416305541992,
      4.744941711425781,
      7.155620098114014,
      6.1316819190979,
      8.038323402404785,
      4.644514083862305,
      6.617016792297363,
      1.2925342321395874,
      1.7338882684707642
    ],
    [
      1.9695136547088623,
      0.9626494646072388,
      4.315502643585205,
      3.335081100463867,
      10.718565940856934,
      4.318413257598877,
      16.247798919677734,
      6.816103935241699,
      12.322898864746094,
      4.744941711425781,
      30.730754852294922,
      16.761442184448242,
      22.111610412597656,
      12.099462509155273,
      7.798770904541016,
      2.740065097808838,
      3.584531545639038,
      1.435880184173584
    ],
    [
      0.6945852041244507,
      5.183914661407471,
      1.9894795417785645,
      7.746013641357422,
      2.9075944423675537,
      3.882302761077881,
      7.8878397941589355,
      7.567240238189697,
      8.254043579101562,
      7.155620098114014,
      16.761442184448242,
      14.521571159362793,
      11.046135902404785,
      10.925848960876465,
      6.991684436798096,
      7.594610214233398,
      2.3663361072540283,
      2.3695414066314697
    ],
    [
      1.8082025051116943,
      1.4102869033813477,
      5.799665451049805,
      3.4773497581481934,
      10.40048599243164,
      3.6722869873046875,
      16.14044952392578,
      5.725414276123047,
      14.95060920715332,
      6.1316819190979,
      22.111610412597656,
      11.046135902404785,
      26.268747329711914,
      14.288557052612305,
      9.707618713378906,
      3.194162368774414,
      5.068099021911621,
      2.580373525619507
    ],
    [
      0.6706424355506897,
      5.754281044006348,
      3.0314106941223145,
      8.613639831542969,
      2.5814907550811768,
      3.6323111057281494,
      8.138859748840332,
      7.357923984527588,
      9.601093292236328,
      8.038323402404785,
      12.099462509155273,
      10.925848960876465,
      14.288557052612305,
      14.569548606872559,
      9.096623420715332,
      9.758723258972168,
      3.5126428604125977,
      3.699751615524292
    ],
    [
      1.528391718864441,
      6.076353073120117,
      3.4754855632781982,
      8.41126537322998,
      1.2273485660552979,
      2.049306869506836,
      2.896862030029297,
      4.383502006530762,
      4.418784141540527,
      4.644514083862305,
      7.798770904541016,
      6.991684436798096,
      9.707618713378906,
      9.096623420715332,
      11.168042182922363,
      9.357436180114746,
      5.739236831665039,
      5.021529674530029
    ],
    [
      1.180856466293335,
      9.541789054870605,
      1.5206105709075928,
      13.173142433166504,
      -4.232086181640625,
      1.7589484453201294,
      -0.6543838381767273,
      5.723376274108887,
      2.5273568630218506,
      6.617016792297363,
      2.740065097808838,
      7.594610214233398,
      3.194162368774414,
      9.758723258972168,
      9.357436180114746,
      14.975151062011719,
      3.156043767929077,
      5.142867565155029
    ],
    [
      -2.5286543369293213,
      0.5451168417930603,
      -0.26172611117362976,
      -1.086240291595459,
      -0.5018550753593445,
      0.2302471399307251,
      0.5070465803146362,
      0.870924174785614,
      1.1935572624206543,
      1.2925342321395874,
      3.584531545639038,
      2.3663361072540283,
      5.068099021911621,
      3.5126428604125977,
      5.739236831665039,
      3.156043767929077,
      13.16071605682373,
      10.25484561920166
    ],
    [
      -2.696791172027588,
      1.1344486474990845,
      -1.5222598314285278,
      -0.017314083874225616,
      -2.545369863510132,
      -0.39111799001693726,
      -1.1932612657546997,
      0.8183742761611938,
      0.42577460408210754,
      1.7338882684707642,
      1.435880184173584,
      2.3695414066314697,
      2.580373525619507,
      3.699751615524292,
      5.021529674530029,
      5.142867565155029,
      10.25484561920166,
      9.55690860748291
    ]
  ],
  "covariance_short": [
    [
      91.21479034423828,
      32.005401611328125,
      30.853904724121094,
      26.963529586791992,
      4.633902549743652,
      3.4607832431793213,
      5.006211280822754,
      1.5878551006317139,
      5.374234199523926,
      1.1230579614639282,
      8.921111106872559,
      3.936159372329712,
      9.605623245239258,
      6.525767803192139,
      9.701127052307129,
      10.307120323181152,
      6.173337459564209,
      6.906143665313721
    ],
    [
      32.005401611328125,
      43.84400177001953,
      18.247949600219727,
      26.880990982055664,
      0.6226395964622498,
      7.721144199371338,
      2.0208747386932373,
      6.443751335144043,
      3.396219491958618,
      6.222568511962891,
      7.814929485321045,
      9.369416236877441,
      8.628661155700684,
      12.277392387390137,
      16.721986770629883,
      20.567211151123047,
      18.40166473388672,
      20.135910034179688
    ],
    [
      30.853904724121094,
      18.247949600219727,
      32.23527145385742,
      25.398515701293945,
      8.866647720336914,
      9.293095588684082,
      5.731200218200684,
      4.902235984802246,
      4.463082790374756,
      2.650970935821533,
      9.30986213684082,
      6.158288478851318,
      10.89062213897705,
      8.51624870300293,
      11.39399242401123,
      10.971796989440918,
      9.888616561889648,
      10.140658378601074
    ],
    [
      26.963529586791992,
      26.880990982055664,
      25.398515701293945,
      54.2360725402832,
      5.559820175170898,
      11.866695404052734,
      4.668276309967041,
      8.478286743164062,
      7.866841793060303,
      8.835439682006836,
      13.5330810546875,
      13.632868766784668,
      14.047118186950684,
      16.97579574584961,
      20.84255027770996,
      25.37830924987793,
      16.77254295349121,
      19.841468811035156
    ],
    [
      4.633902549743652,
      0.6226395964622498,
      8.866647720336914,
      5.559820175170898,
      34.59492874145508,
      19.74762725830078,
      19.534473419189453,
      13.089388847351074,
      8.760893821716309,
      4.714867115020752,
      19.40716552734375,
      12.265124320983887,
      19.431838989257812,
      13.122978210449219,
      13.844536781311035,
      8.726600646972656,
      11.94945240020752,
      9.679326057434082
    ],
    [
      3.4607832431793213,
      7.721144199371338,
      9.293095588684082,
      11.866695404052734,
      19.74762725830078,
      32.8046989440918,
      19.780853271484375,
      21.77090072631836,
      10.108396530151367,
      11.009516716003418,
      18.08920669555664,
      15.864700317382812,
      17.159574508666992,
      16.5927791595459,
      16.38478660583496,
      14.810832977294922,
      16.175891876220703,
      15.304420471191406
    ],
    [
      5.006211280822754,
      2.0208747386932373,
      5.731200218200684,
      4.668276309967041,
      19.534473419189453,
      19.780853271484375,
      59.85649108886719,
      30.084884643554688,
      33.27376174926758,
      18.584840774536133,
      36.86008071899414,
      22.149478912353516,
      36.582950592041016,
      25.280988693237305,
      22.205291748046875,
      17.337955474853516,
      17.709835052490234,
      15.069098472595215
    ],
    [
      1.5878551006317139,
      6.443751335144043,
      4.902235984802246,
      8.478286743164062,
      13.089388847351074,
      21.77090072631836,
      30.084884643554688,
      34.09428405761719,
      18.42668914794922,
      17.99068260192871,
      21.99921226501465,
      18.887691497802734,
      20.99294662475586,
      20.479673385620117,
      17.8096923828125,
      17.576068878173828,
      15.290451049804688,
      14.866247177124023
    ],
    [
      5.374234199523926,
      3.396219491958618,
      4.463082790374756,
      7.866841793060303,
      8.760893821716309,
      10.108396530151367,
      33.27376174926758,
      18.42668914794922,
      55.5208625793457,
      32.94621658325195,
      32.08209991455078,
      19.286590576171875,
      35.32373046875,
      23.754392623901367,
      22.954252243041992,
      19.03246307373047,
      17.44136619567871,
      15.820804595947266
    ],
    [
      1.1230579614639282,
      6.222568511962891,
      2.650970935821533,
      8.835439682006836,
      4.714867115020752,
      11.009516716003418,
      18.584840774536133,
      17.99068260192871,
      32.94621658325195,
      34.26421356201172,
      18.686193466186523,
      15.909185409545898,
      20.105754852294922,
      18.869657516479492,
      17.774578094482422,
      18.256132125854492,
      14.752964973449707,
      14.889698028564453
    ],
    [
      8.921111106872559,
      7.814929485321045,
      9.30986213684082,
      13.5330810546875,
      19.40716552734375,
      18.08920669555664,
      36.86008071899414,
      21.99921226501465,
      32.08209991455078,
      18.686193466186523,
      64.54515075683594,
      39.46095275878906,
      52.993141174316406,
      37.50919723510742,
      40.55002212524414,
      33.16647720336914,
      34.452762603759766,
      31.54909324645996
    ],
    [
      3.936159372329712,
      9.369416236877441,
      6.158288478851318,
      13.632868766784668,
      12.265124320983887,
      15.864700317382812,
      22.149478912353516,
      18.887691497802734,
      19.286590576171875,
      15.909185409545898,
      39.46095275878906,
      33.70341491699219,
      32.32174301147461,
      30.557992935180664,
      31.387020111083984,
      30.936254501342773,
      28.04489517211914,
      28.10594940185547
    ],
    [
      9.605623245239258,
      8.628661155700684,
      10.89062213897705,
      14.047118186950684,
      19.431838989257812,
      17.159574508666992,
      36.582950592041016,
      20.99294662475586,
      35.32373046875,
      20.105754852294922,
      52.993141174316406,
      32.32174301147461,
      66.34969329833984,
      44.6428108215332,
      49.94721603393555,
      39.352962493896484,
      47.61129379272461,
      43.55940628051758
    ],
    [
      6.525767803192139,
      12.277392387390137,
      8.51624870300293,
      16.97579574584961,
      13.122978210449219,
      16.5927791595459,
      25.280988693237305,
      20.479673385620117,
      23.754392623901367,
      18.869657516479492,
      37.50919723510742,
      30.557992935180664,
      44.6428108215332,
      42.96232986450195,
      43.635501861572266,
      43.285621643066406,
      41.50382995605469,
      42.152164459228516
    ],
    [
      9.701127052307129,
      16.721986770629883,
      11.39399242401123,
      20.84255027770996,
      13.844536781311035,
      16.38478660583496,
      22.205291748046875,
      17.8096923828125,
      22.954252243041992,
      17.774578094482422,
      40.55002212524414,
      31.387020111083984,
      49.94721603393555,
      43.635501861572266,
      67.56153869628906,
      61.50001907348633,
      69.04448699951172,
      67.75666046142578
    ],
    [
      10.307120323181152,
      20.567211151123047,
      10.971796989440918,
      25.37830924987793,
      8.726600646972656,
      14.810832977294922,
      17.337955474853516,
      17.576068878173828,
      19.03246307373047,
      18.256132125854492,
      33.16647720336914,
      30.936254501342773,
      39.352962493896484,
      43.285621643066406,
      61.50001907348633,
      67.67062377929688,
      63.04137420654297,
      67.7704849243164
    ],
    [
      6.173337459564209,
      18.40166473388672,
      9.888616561889648,
      16.77254295349121,
      11.94945240020752,
      16.175891876220703,
      17.709835052490234,
      15.290451049804688,
      17.44136619567871,
      14.752964973449707,
      34.452762603759766,
      28.04489517211914,
      47.61129379272461,
      41.50382995605469,
      69.04448699951172,
      63.04137420654297,
      103.39230346679688,
      97.59375762939453
    ],
    [
      6.906143665313721,
      20.135910034179688,
      10.140658378601074,
      19.841468811035156,
      9.679326057434082,
      15.304420471191406,
      15.069098472595215,
      14.866247177124023,
      15.820804595947266,
      14.889698028564453,
      31.54909324645996,
      28.10594940185547,
      43.55940628051758,
      42.152164459228516,
      67.75666046142578,
      67.7704849243164,
      97.59375762939453,
      99.08283233642578
    ]
  ],
  "damage": -6.888115882873535,
  "diff_bandwidth": 852.59619140625,
  "dissonance": 9.885960677984693,
  "drr": 13.95285415649414,
  "dynamics": 3.4620509147644043,
  "format": 1245190,
  "frames": 8581056,
  "loudness": -12.37553596496582,
  "loudness_range": 7.777163505554199,
  "loudness_range_short": 13.037212371826172,
  "lowpass_true_peak_15khz": 0.6577050089836121,
  "mastering3_acoustic_entropies": [
    {
      "acoustic_entropy": 9.059021949768066,
      "acoustic_entropy_mono": 9.225809097290039,
      "band_eliminated_acoustic_entropies": [
        {
          "acoustic_entropy": 8.936667442321777,
          "acoustic_entropy_side": 9.059097290039062,
          "hz": 129.47220167065723
        },
        {
          "acoustic_entropy": 9.331979751586914,
          "acoustic_entropy_side": 9.10147476196289,
          "hz": 202.92927478742237
        },
        {
          "acoustic_entropy": 9.713727951049805,
          "acoustic_entropy_side": 9.183889389038086,
          "hz": 282.89161906338205
        },
        {
          "acoustic_entropy": 9.121190071105957,
          "acoustic_entropy_side": 9.073697090148926,
          "hz": 369.9353335868758
        },
        {
          "acoustic_entropy": 9.055736541748047,
          "acoustic_entropy_side": 9.073386192321777,
          "hz": 464.6875360973435
        },
        {
          "acoustic_entropy": 9.048108100891113,
          "acoustic_entropy_side": 9.07174301147461,
          "hz": 567.8308811364784
        },
        {
          "acoustic_entropy": 8.887544631958008,
          "acoustic_entropy_side": 9.076172828674316,
          "hz": 680.1084783214808
        },
        {
          "acoustic_entropy": 9.449267387390137,
          "acoustic_entropy_side": 9.087038040161133,
          "hz": 802.3292461747484
        },
        {
          "acoustic_entropy": 9.584626197814941,
          "acoustic_entropy_side": 9.095895767211914,
          "hz": 935.3737400823702
        },
        {
          "acoustic_entropy": 8.733988761901855,
          "acoustic_entropy_side": 9.08817195892334,
          "hz": 1080.2004963696966
        },
        {
          "acoustic_entropy": 9.017483711242676,
          "acoustic_entropy_side": 9.036965370178223,
          "hz": 1237.8529382007157
        },
        {
          "acoustic_entropy": 9.377585411071777,
          "acoustic_entropy_side": 8.999841690063477,
          "hz": 1409.4668930556702
        },
        {
          "acoustic_entropy": 9.263443946838379,
          "acoustic_entropy_side": 9.224386215209961,
          "hz": 1596.2787759475705
        },
        {
          "acoustic_entropy": 9.624988555908203,
          "acoustic_entropy_side": 9.033573150634766,
          "hz": 1799.6344973346393
        },
        {
          "acoustic_entropy": 9.224747657775879,
          "acoustic_entropy_side": 8.986015319824219,
          "hz": 2020.9991599069049
        },
        {
          "acoustic_entropy": 10.037392616271973,
          "acoustic_entropy_side": 9.027223587036133,
          "hz": 2261.9676141086993
        },
        {
          "acoustic_entropy": 9.379447937011719,
          "acoustic_entropy_side": 9.045381546020508,
          "hz": 2524.2759484456974
        },
        {
          "acoustic_entropy": 9.348395347595215,
          "acoustic_entropy_side": 8.977167129516602,
          "hz": 2809.813997359896
        },
        {
          "acoustic_entropy": 9.375452041625977,
          "acoustic_entropy_side": 9.04964542388916,
          "hz": 3120.6389567871424
        },
        {
          "acoustic_entropy": 9.222857475280762,
          "acoustic_entropy_side": 9.124784469604492,
          "hz": 3458.990205492291
        },
        {
          "acoustic_entropy": 9.013991355895996,
          "acoustic_entropy_side": 9.071734428405762,
          "hz": 3827.305438964164
        },
        {
          "acoustic_entropy": 9.155130386352539,
          "acoustic_entropy_side": 9.024862289428711,
          "hz": 4228.238232109126
        },
        {
          "acoustic_entropy": 9.176227569580078,
          "acoustic_entropy_side": 8.957634925842285,
          "hz": 4664.6771572759235
        },
        {
          "acoustic_entropy": 9.268220901489258,
          "acoustic_entropy_side": 9.009127616882324,
          "hz": 5139.766595350093
        },
        {
          "acoustic_entropy": 8.822980880737305,
          "acoustic_entropy_side": 9.001138687133789,
          "hz": 5656.929389854203
        },
        {
          "acoustic_entropy": 8.861234664916992,
          "acoustic_entropy_side": 9.001541137695312,
          "hz": 6219.891507268283
        },
        {
          "acoustic_entropy": 9.011780738830566,
          "acoustic_entropy_side": 9.005102157592773,
          "hz": 6832.70888123896
        },
        {
          "acoustic_entropy": 8.934361457824707,
          "acoustic_entropy_side": 8.9779691696167,
          "hz": 7499.796634079867
        },
        {
          "acoustic_entropy": 8.767709732055664,
          "acoustic_entropy_side": 8.987318992614746,
          "hz": 8225.96088609342
        },
        {
          "acoustic_entropy": 8.974629402160645,
          "acoustic_entropy_side": 9.026534080505371,
          "hz": 9016.43338188839
        },
        {
          "acoustic_entropy": 8.992260932922363,
          "acoustic_entropy_side": 9.038372993469238,
          "hz": 9876.909183162974
        },
        {
          "acoustic_entropy": 9.00205135345459,
          "acoustic_entropy_side": 9.039152145385742,
          "hz": 10813.587699516042
        },
        {
          "acoustic_entropy": 9.00195598602295,
          "acoustic_entropy_side": 9.040911674499512,
          "hz": 11833.21735289826
        },
        {
          "acoustic_entropy": 8.989813804626465,
          "acoustic_entropy_side": 9.037017822265625,
          "hz": 12943.144197493959
        },
        {
          "acoustic_entropy": 8.61540412902832,
          "acoustic_entropy_side": 8.963004112243652,
          "hz": 14151.364845322005
        },
        {
          "acoustic_entropy": 8.615872383117676,
          "acoustic_entropy_side": 8.97724723815918,
          "hz": 15466.58407886509
        },
        {
          "acoustic_entropy": 8.531588554382324,
          "acoustic_entropy_side": 8.976263999938965,
          "hz": 16898.27756580493
        },
        {
          "acoustic_entropy": 8.77117919921875,
          "acoustic_entropy_side": 9.004677772521973,
          "hz": 18456.760127700032
        },
        {
          "acoustic_entropy": 9.027839660644531,
          "acoustic_entropy_side": 9.045282363891602,
          "hz": 20153.260054456492
        },
        {
          "acoustic_entropy": 9.04941177368164,
          "acoustic_entropy_side": 9.055052757263184,
          "hz": 22000.00000000001
        }
      ],
      "diff_acoustic_entropy": 9.687527656555176,
      "sn": 6
    },
    {
      "acoustic_entropy": 14.424825668334961,
      "acoustic_entropy_mono": 13.513152122497559,
      "band_eliminated_acoustic_entropies": [
        {
          "acoustic_entropy": 14.372063636779785,
          "acoustic_entropy_side": 14.424897193908691,
          "hz": 129.47220167065723
        },
        {
          "acoustic_entropy": 13.785928726196289,
          "acoustic_entropy_side": 14.432745933532715,
          "hz": 202.92927478742237
        },
        {
          "acoustic_entropy": 13.716865539550781,
          "acoustic_entropy_side": 14.077263832092285,
          "hz": 282.89161906338205
        },
        {
          "acoustic_entropy": 14.589956283569336,
          "acoustic_entropy_side": 14.40761661529541,
          "hz": 369.9353335868758
        },
        {
          "acoustic_entropy": 14.149408340454102,
          "acoustic_entropy_side": 14.38801383972168,
          "hz": 464.6875360973435
        },
        {
          "acoustic_entropy": 13.843145370483398,
          "acoustic_entropy_side": 14.443465232849121,
          "hz": 567.8308811364784
        },
        {
          "acoustic_entropy": 14.437891006469727,
          "acoustic_entropy_side": 14.45151138305664,
          "hz": 680.1084783214808
        },
        {
          "acoustic_entropy": 13.966750144958496,
          "acoustic_entropy_side": 14.38168716430664,
          "hz": 802.3292461747484
        },
        {
          "acoustic_entropy": 14.894009590148926,
          "acoustic_entropy_side": 14.438765525817871,
          "hz": 935.3737400823702
        },
        {
          "acoustic_entropy": 15.048623085021973,
          "acoustic_entropy_side": 14.394878387451172,
          "hz": 1080.2004963696966
        },
        {
          "acoustic_entropy": 13.660588264465332,
          "acoustic_entropy_side": 14.555103302001953,
          "hz": 1237.8529382007157
        },
        {
          "acoustic_entropy": 13.789689064025879,
          "acoustic_entropy_side": 14.05445671081543,
          "hz": 1409.4668930556702
        },
        {
          "acoustic_entropy": 14.682872772216797,
          "acoustic_entropy_side": 14.592301368713379,
          "hz": 1596.2787759475705
        },
        {
          "acoustic_entropy": 14.242170333862305,
          "acoustic_entropy_side": 14.218804359436035,
          "hz": 1799.6344973346393
        },
        {
          "acoustic_entropy": 14.033513069152832,
          "acoustic_entropy_side": 14.133007049560547,
          "hz": 2020.9991599069049
        },
        {
          "acoustic_entropy": 14.550572395324707,
          "acoustic_entropy_side": 14.19045352935791,
          "hz": 2261.9676141086993
        },
        {
          "acoustic_entropy": 13.718594551086426,
          "acoustic_entropy_side": 14.536025047302246,
          "hz": 2524.2759484456974
        },
        {
          "acoustic_entropy": 13.632305145263672,
          "acoustic_entropy_side": 14.104438781738281,
          "hz": 2809.813997359896
        },
        {
          "acoustic_entropy": 13.269704818725586,
          "acoustic_entropy_side": 14.032020568847656,
          "hz": 3120.6389567871424
        },
        {
          "acoustic_entropy": 14.653043746948242,
          "acoustic_entropy_side": 14.380960464477539,
          "hz": 3458.990205492291
        },
        {
          "acoustic_entropy": 14.494174003601074,
          "acoustic_entropy_side": 14.423718452453613,
          "hz": 3827.305438964164
        },
        {
          "acoustic_entropy": 13.985465049743652,
          "acoustic_entropy_side": 14.42020320892334,
          "hz": 4228.238232109126
        },
        {
          "acoustic_entropy": 13.775846481323242,
          "acoustic_entropy_side": 14.342635154724121,
          "hz": 4664.6771572759235
        },
        {
          "acoustic_entropy": 14.090434074401855,
          "acoustic_entropy_side": 14.386460304260254,
          "hz": 5139.766595350093
        },
        {
          "acoustic_entropy": 14.108986854553223,
          "acoustic_entropy_side": 14.312289237976074,
          "hz": 5656.929389854203
        },
        {
          "acoustic_entropy": 14.182657241821289,
          "acoustic_entropy_side": 14.287691116333008,
          "hz": 6219.891507268283
        },
        {
          "acoustic_entropy": 14.287729263305664,
          "acoustic_entropy_side": 14.377778053283691,
          "hz": 6832.70888123896
        },
        {
          "acoustic_entropy": 14.335533142089844,
          "acoustic_entropy_side": 14.463375091552734,
          "hz": 7499.796634079867
        },
        {
          "acoustic_entropy": 13.8885498046875,
          "acoustic_entropy_side": 14.483477592468262,
          "hz": 8225.96088609342
        },
        {
          "acoustic_entropy": 14.426563262939453,
          "acoustic_entropy_side": 14.425554275512695,
          "hz": 9016.43338188839
        },
        {
          "acoustic_entropy": 14.384942054748535,
          "acoustic_entropy_side": 14.415511131286621,
          "hz": 9876.909183162974
        },
        {
          "acoustic_entropy": 14.336273193359375,
          "acoustic_entropy_side": 14.386543273925781,
          "hz": 10813.587699516042
        },
        {
          "acoustic_entropy": 14.155632972717285,
          "acoustic_entropy_side": 14.359435081481934,
          "hz": 11833.21735289826
        },
        {
          "acoustic_entropy": 14.17530345916748,
          "acoustic_entropy_side": 14.370766639709473,
          "hz": 12943.144197493959
        },
        {
          "acoustic_entropy": 14.08928394317627,
          "acoustic_entropy_side": 14.31766128540039,
          "hz": 14151.364845322005
        },
        {
          "acoustic_entropy": 14.131532669067383,
          "acoustic_entropy_side": 14.352119445800781,
          "hz": 15466.58407886509
        },
        {
          "acoustic_entropy": 14.130755424499512,
          "acoustic_entropy_side": 14.337359428405762,
          "hz": 16898.27756580493
        },
        {
          "acoustic_entropy": 14.044172286987305,
          "acoustic_entropy_side": 14.333489418029785,
          "hz": 18456.760127700032
        },
        {
          "acoustic_entropy": 14.199732780456543,
          "acoustic_entropy_side": 14.375486373901367,
          "hz": 20153.260054456492
        },
        {
          "acoustic_entropy": 14.39085578918457,
          "acoustic_entropy_side": 14.411462783813477,
          "hz": 22000.00000000001
        }
      ],
      "diff_acoustic_entropy": 14.296578407287598,
      "sn": 12
    },
    {
      "acoustic_entropy": 18.6452693939209,
      "acoustic_entropy_mono": 17.959800720214844,
      "band_eliminated_acoustic_entropies": [
        {
          "acoustic_entropy": 18.03272819519043,
          "acoustic_entropy_side": 18.650115966796875,
          "hz": 129.47220167065723
        },
        {
          "acoustic_entropy": 19.175212860107422,
          "acoustic_entropy_side": 18.577125549316406,
          "hz": 202.92927478742237
        },
        {
          "acoustic_entropy": 18.924726486206055,
          "acoustic_entropy_side": 18.929685592651367,
          "hz": 282.89161906338205
        },
        {
          "acoustic_entropy": 18.736234664916992,
          "acoustic_entropy_side": 18.322294235229492,
          "hz": 369.9353335868758
        },
        {
          "acoustic_entropy": 18.907073974609375,
          "acoustic_entropy_side": 18.497570037841797,
          "hz": 464.6875360973435
        },
        {
          "acoustic_entropy": 18.85209846496582,
          "acoustic_entropy_side": 18.657032012939453,
          "hz": 567.8308811364784
        },
        {
          "acoustic_entropy": 19.317777633666992,
          "acoustic_entropy_side": 19.00270652770996,
          "hz": 680.1084783214808
        },
        {
          "acoustic_entropy": 18.961856842041016,
          "acoustic_entropy_side": 19.158048629760742,
          "hz": 802.3292461747484
        },
        {
          "acoustic_entropy": 19.46019172668457,
          "acoustic_entropy_side": 19.033998489379883,
          "hz": 935.3737400823702
        },
        {
          "acoustic_entropy": 18.992921829223633,
          "acoustic_entropy_side": 18.583492279052734,
          "hz": 1080.2004963696966
        },
        {
          "acoustic_entropy": 18.319278717041016,
          "acoustic_entropy_side": 18.795429229736328,
          "hz": 1237.8529382007157
        },
        {
          "acoustic_entropy": 19.74653434753418,
          "acoustic_entropy_side": 19.568681716918945,
          "hz": 1409.4668930556702
        },
        {
          "acoustic_entropy": 19.71245574951172,
          "acoustic_entropy_side": 19.330768585205078,
          "hz": 1596.2787759475705
        },
        {
          "acoustic_entropy": 18.918203353881836,
          "acoustic_entropy_side": 18.272632598876953,
          "hz": 1799.6344973346393
        },
        {
          "acoustic_entropy": 18.852415084838867,
          "acoustic_entropy_side": 18.839540481567383,
          "hz": 2020.9991599069049
        },
        {
          "acoustic_entropy": 18.83060073852539,
          "acoustic_entropy_side": 18.950763702392578,
          "hz": 2261.9676141086993
        },
        {
          "acoustic_entropy": 19.4713191986084,
          "acoustic_entropy_side": 18.834428787231445,
          "hz": 2524.2759484456974
        },
        {
          "acoustic_entropy": 18.887895584106445,
          "acoustic_entropy_side": 18.41590118408203,
          "hz": 2809.813997359896
        },
        {
          "acoustic_entropy": 19.251588821411133,
