{
  "acoustic_entropy": 223.95814514160156,
  "bands": [
    {
      "high_freq": 148.1999969482422,
      "loudness": -25.11581802368164,
      "loudness_range": 18.649734497070312,
      "mid_mean": -22.41267204284668,
      "mid_to_side_loudness": -11.226479530334473,
      "mid_to_side_loudness_range": 25.066713333129883,
      "side_mean": -34.37513732910156
    },
    {
      "high_freq": 392.3793640136719,
      "loudness": -24.082921981811523,
      "loudness_range": 10.112905502319336,
      "low_freq": 148.1999969482422,
      "mid_mean": -21.763830184936523,
      "mid_to_side_loudness": -7.778560638427734,
      "mid_to_side_loudness_range": 22.190031051635742,
      "side_mean": -29.687084197998047
    },
    {
      "high_freq": 794.6976318359375,
      "loudness": -22.951147079467773,
      "loudness_range": 11.165943145751953,
      "low_freq": 392.3793640136719,
      "mid_mean": -19.833419799804688,
      "mid_to_side_loudness": -10.710070610046387,
      "mid_to_side_loudness_range": 12.848921775817871,
      "side_mean": -30.545822143554688
    },
    {
      "high_freq": 1457.5709228515625,
      "loudness": -21.397762298583984,
      "loudness_range": 11.66039752960205,
      "low_freq": 794.6976318359375,
      "mid_mean": -18.068429946899414,
      "mid_to_side_loudness": -11.934422492980957,
      "mid_to_side_loudness_range": 9.482833862304688,
      "side_mean": -30.080909729003906
    },
    {
      "high_freq": 2549.74365234375,
      "loudness": -22.38114356994629,
      "loudness_range": 10.00792121887207,
      "low_freq": 1457.5709228515625,
      "mid_mean": -19.044898986816406,
      "mid_to_side_loudness": -11.827184677124023,
      "mid_to_side_loudness_range": 7.9221343994140625,
      "side_mean": -30.8820743560791
    },
    {
      "high_freq": 4349.24462890625,
      "loudness": -22.62279510498047,
      "loudness_range": 13.215217590332031,
      "low_freq": 2549.74365234375,
      "mid_mean": -19.143199920654297,
      "mid_to_side_loudness": -13.814769744873047,
      "mid_to_side_loudness_range": 8.016988754272461,
      "side_mean": -32.95685577392578
    },
    {
      "high_freq": 7314.1640625,
      "loudness": -26.030242919921875,
      "loudness_range": 13.94342041015625,
      "low_freq": 4349.24462890625,
      "mid_mean": -22.726675033569336,
      "mid_to_side_loudness": -11.677271842956543,
      "mid_to_side_loudness_range": 10.274831771850586,
      "side_mean": -34.42451095581055
    },
    {
      "high_freq": 12199.2666015625,
      "loudness": -28.622770309448242,
      "loudness_range": 18.716215133666992,
      "low_freq": 7314.1640625,
      "mid_mean": -26.096731185913086,
      "mid_to_side_loudness": -8.346885681152344,
      "mid_to_side_loudness_range": 15.785562515258789,
      "side_mean": -34.275115966796875
    },
    {
      "loudness": -36.96290969848633,
      "loudness_range": 16.09790802001953,
      "low_freq": 12199.2666015625,
      "mid_mean": -33.81371307373047,
      "mid_to_side_loudness": -10.918364524841309,
      "mid_to_side_loudness_range": 12.621849060058594,
      "side_mean": -44.77726364135742
    }
  ],
  "bands_short": [
    {
      "high_freq": 148.1999969482422,
      "loudness": -31.58079719543457,
      "loudness_range": 26.542762756347656,
      "mid_mean": -29.09561538696289,
      "mid_to_side_loudness": -10.130509376525879,
      "mid_to_side_loudness_range": 26.886066436767578,
      "side_mean": -40.718017578125
    },
    {
      "high_freq": 392.3793640136719,
      "loudness": -24.069374084472656,
      "loudness_range": 15.410272598266602,
      "low_freq": 148.1999969482422,
      "mid_mean": -22.330690383911133,
      "mid_to_side_loudness": -7.009470462799072,
      "mid_to_side_loudness_range": 25.686477661132812,
      "side_mean": -29.790613174438477
    },
    {
      "high_freq": 794.6976318359375,
      "loudness": -23.477407455444336,
      "loudness_range": 12.559818267822266,
      "low_freq": 392.3793640136719,
      "mid_mean": -20.665695190429688,
      "mid_to_side_loudness": -9.742681503295898,
      "mid_to_side_loudness_range": 16.803701400756836,
      "side_mean": -30.421598434448242
    },
    {
      "high_freq": 1457.5709228515625,
      "loudness": -22.183382034301758,
      "loudness_range": 14.62448501586914,
      "low_freq": 794.6976318359375,
      "mid_mean": -18.957239151000977,
      "mid_to_side_loudness": -11.587262153625488,
      "mid_to_side_loudness_range": 13.764568328857422,
      "side_mean": -30.636255264282227
    },
    {
      "high_freq": 2549.74365234375,
      "loudness": -23.567062377929688,
      "loudness_range": 14.47562026977539,
      "low_freq": 1457.5709228515625,
      "mid_mean": -20.305246353149414,
      "mid_to_side_loudness": -11.50340461730957,
      "mid_to_side_loudness_range": 12.201454162597656,
      "side_mean": -31.84148406982422
    },
    {
      "high_freq": 4349.24462890625,
      "loudness": -24.11284637451172,
      "loudness_range": 17.79254150390625,
      "low_freq": 2549.74365234375,
      "mid_mean": -20.704837799072266,
      "mid_to_side_loudness": -13.709507942199707,
      "mid_to_side_loudness_range": 12.581844329833984,
      "side_mean": -34.4310188293457
    },
    {
      "high_freq": 7314.1640625,
      "loudness": -27.187164306640625,
      "loudness_range": 16.45674705505371,
      "low_freq": 4349.24462890625,
      "mid_mean": -23.836076736450195,
      "mid_to_side_loudness": -13.364977836608887,
      "mid_to_side_loudness_range": 13.84864616394043,
      "side_mean": -37.1859245300293
    },
    {
      "high_freq": 12199.2666015625,
      "loudness": -31.379501342773438,
      "loudness_range": 24.373144149780273,
      "low_freq": 7314.1640625,
      "mid_mean": -28.343486785888672,
      "mid_to_side_loudness": -12.374711990356445,
      "mid_to_side_loudness_range": 18.683475494384766,
      "side_mean": -40.71345901489258
    },
    {
      "loudness": -38.84634780883789,
      "loudness_range": 20.747411727905273,
      "low_freq": 12199.2666015625,
      "mid_mean": -35.57188415527344,
      "mid_to_side_loudness": -13.592216491699219,
      "mid_to_side_loudness_range": 15.735570907592773,
      "side_mean": -49.2713508605957
    }
  ],
  "bandwidth": 853.4563598632812,
  "channels": 2,
  "covariance": [
    [
      55.36705780029297,
      15.688408851623535,
      16.42548179626465,
      16.537708282470703,
      10.411149024963379,
      8.826011657714844,
      15.129273414611816,
      10.249594688415527,
      13.202607154846191,
      12.981513023376465,
      17.86048698425293,
      16.759910583496094,
      18.479297637939453,
      19.543066024780273,
      22.275907516479492,
      24.07470703125,
      22.63528823852539,
      25.85898208618164
    ],
    [
      15.688408851623535,
      69.30293273925781,
      10.765280723571777,
      61.19615173339844,
      13.698297500610352,
      30.950969696044922,
      5.796481609344482,
      20.43953514099121,
      13.465263366699219,
      24.6910457611084,
      23.054882049560547,
      26.42255401611328,
      23.79966163635254,
      25.975614547729492,
      27.651809692382812,
      29.770112991333008,
      20.674776077270508,
      28.189462661743164
    ],
    [
      16.42548179626465,
      10.765280723571777,
      17.649703979492188,
      13.057334899902344,
      9.891571044921875,
      9.162321090698242,
      9.712844848632812,
      7.705246925354004,
      10.915597915649414,
      9.201349258422852,
      15.505997657775879,
      11.566110610961914,
      14.795194625854492,
      14.391079902648926,
      18.106847763061523,
      20.13852310180664,
      17.50518798828125,
      19.723642349243164
    ],
    [
      16.537708282470703,
      61.19615173339844,
      13.057334899902344,
      68.43692016601562,
      15.496980667114258,
      36.259376525878906,
      7.681230545043945,
      21.524721145629883,
      15.963311195373535,
      27.21773910522461,
      26.260826110839844,
      29.784574508666992,
      27.033607482910156,
      31.320646286010742,
      32.751712799072266,
      40.57366180419922,
      25.278610229492188,
      37.3581428527832
    ],
    [
      10.411149024963379,
      13.698297500610352,
      9.891571044921875,
      15.496980667114258,
      19.885543823242188,
      13.329968452453613,
      5.765195846557617,
      8.449262619018555,
      9.9705171585083,
      9.93972396850586,
      12.99459171295166,
      11.216437339782715,
      12.960803031921387,
      14.688881874084473,
      15.577385902404785,
      20.162546157836914,
      13.782931327819824,
      18.98610496520996
    ],
    [
      8.826011657714844,
      30.950969696044922,
      9.162321090698242,
      36.259376525878906,
      13.329968452453613,
      26.869537353515625,
      4.679446220397949,
      13.496978759765625,
      10.035430908203125,
      16.112689971923828,
      16.20074462890625,
      17.122217178344727,
      16.28761100769043,
      19.37551498413086,
      20.55853843688965,
      26.042781829833984,
      16.142053604125977,
      23.41611671447754
    ],
    [
      15.129273414611816,
      5.796481609344482,
      9.712844848632812,
      7.681230545043945,
      5.765195846557617,
      4.679446220397949,
      19.19363021850586,
      10.455353736877441,
      9.926521301269531,
      10.070791244506836,
      12.084095001220703,
      13.298759460449219,
      14.339369773864746,
      15.42916488647461,
      15.292970657348633,
      18.05781364440918,
      15.003491401672363,
      18.810867309570312
    ],
    [
      10.249594688415527,
      20.43953514099121,
      7.705246925354004,
      21.524721145629883,
      8.449262619018555,
      13.496978759765625,
      10.455353736877441,
      14.419000625610352,
      8.108718872070312,
      12.629753112792969,
      12.511234283447266,
      14.88282299041748,
      13.7673921585083,
      15.799361228942871,
      15.594090461730957,
      16.78876495361328,
      13.22648811340332,
      16.967432022094727
    ],
    [
      13.202607154846191,
      13.465263366699219,
      10.915597915649414,
      15.963311195373535,
      9.9705171585083,
      10.035430908203125,
      9.926521301269531,
      8.108718872070312,
      15.15295696258545,
      12.787690162658691,
      15.171417236328125,
      12.867496490478516,
      15.441122055053711,
      15.739768028259277,
      17.833585739135742,
      22.576274871826172,
      16.094383239746094,
      20.772388458251953
    ],
    [
      12.981513023376465,
      24.6910457611084,
      9.201349258422852,
      27.21773910522461,
      9.93972396850586,
      16.112689971923828,
      10.070791244506836,
      12.629753112792969,
      12.787690162658691,
      19.591800689697266,
      16.56981086730957,
      19.842138290405273,
      17.675416946411133,
      22.849422454833984,
      21.71780014038086,
      31.532102584838867,
      18.096820831298828,
      27.63252067565918
    ],
    [
      17.86048698425293,
      23.054882049560547,
      15.505997657775879,
      26.260826110839844,
      12.99459171295166,
      16.20074462890625,
      12.084095001220703,
      12.511234283447266,
      15.171417236328125,
      16.56981086730957,
      23.937091827392578,
      20.532007217407227,
      22.55121612548828,
      25.171689987182617,
      29.073678970336914,
      37.675865173339844,
      26.47100257873535,
      34.091644287109375
    ],
    [
      16.759910583496094,
      26.42255401611328,
      11.566110610961914,
      29.784574508666992,
      11.216437339782715,
      17.122217178344727,
      13.298759460449219,
      14.88282299041748,
      12.867496490478516,
      19.842138290405273,
      20.532007217407227,
      26.180700302124023,
      21.04654312133789,
      29.453811645507812,
      27.198753356933594,
      40.4575080871582,
      24.3277645111084,
      37.00007629394531
    ],
    [
      18.479297637939453,
      23.79966163635254,
      14.795194625854492,
      27.033607482910156,
      12.960803031921387,
      16.28761100769043,
      14.339369773864746,
      13.7673921585083,
      15.441122055053711,
      17.675416946411133,
      22.55121612548828,
      21.04654312133789,
      23.964426040649414,
      25.907180786132812,
      28.85367202758789,
      36.47808837890625,
      25.55316162109375,
      33.537601470947266
    ],
    [
      19.543066024780273,
      25.975614547729492,
      14.391079902648926,
      31.320646286010742,
      14.688881874084473,
      19.37551498413086,
      15.42916488647461,
      15.799361228942871,
      15.739768028259277,
      22.849422454833984,
      25.171689987182617,
      29.453811645507812,
      25.907180786132812,
      41.91355514526367,
      37.9690055847168,
      67.29499816894531,
      32.23138427734375,
      56.59844970703125
    ],
    [
      22.275907516479492,
      27.651809692382812,
      18.106847763061523,
      32.751712799072266,
      15.577385902404785,
      20.55853843688965,
      15.292970657348633,
      15.594090461730957,
      17.833585739135742,
      21.71780014038086,
      29.073678970336914,
      27.198753356933594,
      28.85367202758789,
      37.9690055847168,
      42.39634704589844,
      61.83357620239258,
      37.084346771240234,
      53.857337951660156
    ],
    [
      24.07470703125,
      29.770112991333008,
      20.13852310180664,
      40.57366180419922,
      20.162546157836914,
      26.042781829833984,
      18.05781364440918,
      16.78876495361328,
      22.576274871826172,
      31.532102584838867,
      37.675865173339844,
      40.4575080871582,
      36.47808837890625,
      67.29499816894531,
      61.83357620239258,
      132.0511016845703,
      50.76749801635742,
      102.1871566772461
    ],
    [
      22.63528823852539,
      20.674776077270508,
      17.50518798828125,
      25.278610229492188,
      13.782931327819824,
      16.142053604125977,
      15.003491401672363,
      13.22648811340332,
      16.094383239746094,
      18.096820831298828,
      26.47100257873535,
      24.3277645111084,
      25.55316162109375,
      32.23138427734375,
      37.084346771240234,
      50.76749801635742,
      36.314212799072266,
      46.474273681640625
    ],
    [
      25.85898208618164,
      28.189462661743164,
      19.723642349243164,
      37.3581428527832,
      18.98610496520996,
      23.41611671447754,
      18.810867309570312,
      16.967432022094727,
      20.772388458251953,
      27.63252067565918,
      34.091644287109375,
      37.00007629394531,
      33.537601470947266,
      56.59844970703125,
      53.857337951660156,
      102.1871566772461,
      46.474273681640625,
      85.27347564697266
    ]
  ],
  "covariance_short": [
    [
      74.02032470703125,
      19.408004760742188,
      29.050996780395508,
      6.653945446014404,
      7.943665981292725,
      3.780931234359741,
      14.045103073120117,
      10.181084632873535,
      11.609567642211914,
      11.24771785736084,
      14.437273025512695,
      17.197187423706055,
      14.105666160583496,
      21.762178421020508,
      19.852649688720703,
      31.92416763305664,
      18.973886489868164,
      29.690311431884766
    ],
    [
      19.408004760742188,
      75.44065856933594,
      9.045330047607422,
      51.34484100341797,
      7.352517127990723,
      23.33440589904785,
      6.134169101715088,
      16.038705825805664,
      10.474405288696289,
      17.247356414794922,
      18.254751205444336,
      22.143943786621094,
      17.633012771606445,
      22.24116325378418,
      21.49043846130371,
      29.380699157714844,
      16.87929916381836,
      24.935100555419922
    ],
    [
      29.050996780395508,
      9.045330047607422,
      31.18133544921875,
      7.959050178527832,
      11.030694961547852,
      9.118491172790527,
      13.397335052490234,
      9.516582489013672,
      15.491662979125977,
      11.733651161193848,
      20.27663230895996,
      16.52521514892578,
      18.564725875854492,
      20.397624969482422,
      23.662208557128906,
      29.514989852905273,
      23.477848052978516,
      27.394886016845703
    ],
    [
      6.653945446014404,
      51.34484100341797,
      7.959050178527832,
      75.32752227783203,
      12.373035430908203,
      40.150638580322266,
      7.406717777252197,
      21.407907485961914,
      15.560344696044922,
      25.855287551879883,
      25.84955406188965,
      29.27397918701172,
      24.95452117919922,
      27.829099655151367,
      28.944793701171875,
      35.50305938720703,
      22.595972061157227,
      30.89400291442871
    ],
    [
      7.943665981292725,
      7.352517127990723,
      11.030694961547852,
      12.373035430908203,
      26.729507446289062,
      13.213179588317871,
      5.950274467468262,
      7.748272895812988,
      12.296717643737793,
      10.480180740356445,
      15.340057373046875,
      11.15288257598877,
      14.78469467163086,
      13.8019380569458,
      15.67185115814209,
      16.883085250854492,
      14.96406078338623,
      17.17252540588379
    ],
    [
      3.780931234359741,
      23.33440589904785,
      9.118491172790527,
      40.150638580322266,
      13.213179588317871,
      35.0317268371582,
      6.131108283996582,
      15.616242408752441,
      12.144021987915039,
      18.61981773376465,
      18.814674377441406,
      19.988996505737305,
      17.9960880279541,
      20.047536849975586,
      20.772686004638672,
      24.26654624938965,
      17.32623863220215,
      21.57193946838379
    ],
    [
      14.045103073120117,
      6.134169101715088,
      13.397335052490234,
      7.406717777252197,
      5.950274467468262,
      6.131108283996582,
      30.036983489990234,
      14.737874984741211,
      13.216643333435059,
      13.6126708984375,
      18.938974380493164,
      18.806453704833984,
      20.758094787597656,
      24.13617515563965,
      24.134376525878906,
      33.85348129272461,
      23.196500778198242,
      32.62306594848633
    ],
    [
      10.181084632873535,
      16.038705825805664,
      9.516582489013672,
      21.407907485961914,
      7.748272895812988,
      15.616242408752441,
      14.737874984741211,
      22.204023361206055,
      10.00982666015625,
      16.202213287353516,
      16.08364486694336,
      20.266620635986328,
      16.459796905517578,
      22.52711296081543,
      19.80558204650879,
      28.312854766845703,
      17.79977035522461,
      26.038591384887695
    ],
    [
      11.609567642211914,
      10.474405288696289,
      15.491662979125977,
      15.560344696044922,
      12.296717643737793,
      12.144021987915039,
      13.216643333435059,
      10.00982666015625,
      27.435205459594727,
      18.81350326538086,
      24.402706146240234,
      18.69231605529785,
      23.52145767211914,
      22.568151473999023,
      27.226139068603516,
      32.7843132019043,
      24.91591453552246,
      30.49017333984375
    ],
    [
      11.24771785736084,
      17.247356414794922,
      11.733651161193848,
      25.855287551879883,
      10.480180740356445,
      18.61981773376465,
      13.6126708984375,
      16.202213287353516,
      18.81350326538086,
      29.331823348999023,
      21.770343780517578,
      26.087366104125977,
      22.278064727783203,
      30.329261779785156,
      27.94594955444336,
      42.729820251464844,
      24.49951934814453,
      37.97990036010742
    ],
    [
      14.437273025512695,
      18.254751205444336,
      20.27663230895996,
      25.84955406188965,
      15.340057373046875,
      18.814674377441406,
      18.938974380493164,
      16.08364486694336,
      24.402706146240234,
      21.770343780517578,
      37.590457916259766,
      28.262958526611328,
      32.35139465332031,
      33.1134033203125,
      40.285579681396484,
      48.96092224121094,
      37.04203414916992,
      43.72216796875
    ],
    [
      17.197187423706055,
      22.143943786621094,
      16.52521514892578,
      29.27397918701172,
      11.15288257598877,
      19.988996505737305,
      18.806453704833984,
      20.266620635986328,
      18.69231605529785,
      26.087366104125977,
      28.262958526611328,
      39.027305603027344,
      27.532686233520508,
      41.68324661254883,
      36.69171142578125,
      59.91584777832031,
      32.86328887939453,
      52.65507888793945
    ],
    [
      14.105666160583496,
      17.633012771606445,
      18.564725875854492,
      24.95452117919922,
      14.78469467163086,
      17.9960880279541,
      20.758094787597656,
      16.459796905517578,
      23.52145767211914,
      22.278064727783203,
      32.35139465332031,
      27.532686233520508,
      33.92780303955078,
      34.16556930541992,
      39.40001678466797,
      48.68357467651367,
      35.302833557128906,
      43.97416305541992
    ],
    [
      21.762178421020508,
      22.24116325378418,
      20.397624969482422,
      27.829099655151367,
      13.8019380569458,
      20.047536849975586,
      24.13617515563965,
      22.52711296081543,
      22.568151473999023,
      30.329261779785156,
      33.1134033203125,
      41.68324661254883,
      34.16556930541992,
      57.961795806884766,
      48.36756896972656,
      84.27775573730469,
      42.497623443603516,
      71.48094177246094
    ],
    [
      19.852649688720703,
      21.49043846130371,
      23.662208557128906,
      28.944793701171875,
      15.67185115814209,
      20.772686004638672,
      24.134376525878906,
      19.80558204650879,
      27.226139068603516,
      27.94594955444336,
      40.285579681396484,
      36.69171142578125,
      39.40001678466797,
      48.36756896972656,
      56.39448547363281,
      75.78170013427734,
      50.27328872680664,
      65.76090240478516
    ],
    [
      31.92416763305664,
      29.380699157714844,
      29.514989852905273,
      35.50305938720703,
      16.883085250854492,
      24.26654624938965,
      33.85348129272461,
      28.312854766845703,
      32.7843132019043,
      42.729820251464844,
      48.96092224121094,
      59.91584777832031,
      48.68357467651367,
      84.27775573730469,
      75.78170013427734,
      145.3232879638672,
      65.55657958984375,
      119.02803802490234
    ],
    [
      18.973886489868164,
      16.87929916381836,
      23.477848052978516,
      22.595972061157227,
      14.96406078338623,
      17.32623863220215,
      23.196500778198242,
      17.79977035522461,
      24.91591453552246,
      24.49951934814453,
      37.04203414916992,
      32.86328887939453,
      35.302833557128906,
      42.497623443603516,
      50.27328872680664,
      65.55657958984375,
      51.059959411621094,
      59.88284683227539
    ],
    [
      29.690311431884766,
      24.935100555419922,
      27.394886016845703,
      30.89400291442871,
      17.17252540588379,
      21.57193946838379,
      32.62306594848633,
      26.038591384887695,
      30.49017333984375,
      37.97990036010742,
      43.72216796875,
      52.65507888793945,
      43.97416305541992,
      71.48094177246094,
      65.76090240478516,
      119.02803802490234,
      59.88284683227539,
      106.83979797363281
    ]
  ],
  "damage": -6.0730180740356445,
  "diff_bandwidth": 796.5454711914062,
  "dissonance": 9.984644665237418,
  "drr": 7.50453519821167,
  "dynamics": 3.282987594604492,
  "format": 1245190,
  "frames": 11282432,
  "loudness": -10.441675186157227,
  "loudness_range": 9.411247253417969,
  "loudness_range_short": 11.52627944946289,
  "lowpass_true_peak_15khz": 2.7806222438812256,
  "mastering3_acoustic_entropies": [
    {
      "acoustic_entropy": 9.409933090209961,
      "acoustic_entropy_mono": 9.244423866271973,
      "band_eliminated_acoustic_entropies": [
        {
          "acoustic_entropy": 9.386673927307129,
          "acoustic_entropy_side": 9.41055679321289,
          "hz": 129.47220167065723
        },
        {
          "acoustic_entropy": 8.777688026428223,
          "acoustic_entropy_side": 9.425217628479004,
          "hz": 202.92927478742237
        },
        {
          "acoustic_entropy": 9.604134559631348,
          "acoustic_entropy_side": 9.440075874328613,
          "hz": 282.89161906338205
        },
        {
          "acoustic_entropy": 9.468988418579102,
          "acoustic_entropy_side": 9.43576431274414,
          "hz": 369.9353335868758
        },
        {
          "acoustic_entropy": 9.411351203918457,
          "acoustic_entropy_side": 9.430887222290039,
          "hz": 464.6875360973435
        },
        {
          "acoustic_entropy": 8.866966247558594,
          "acoustic_entropy_side": 9.424829483032227,
          "hz": 567.8308811364784
        },
        {
          "acoustic_entropy": 8.793710708618164,
          "acoustic_entropy_side": 9.431475639343262,
          "hz": 680.1084783214808
        },
        {
          "acoustic_entropy": 9.070960998535156,
          "acoustic_entropy_side": 9.362935066223145,
          "hz": 802.3292461747484
        },
        {
          "acoustic_entropy": 8.49659538269043,
          "acoustic_entropy_side": 9.421191215515137,
          "hz": 935.3737400823702
        },
        {
          "acoustic_entropy": 9.564894676208496,
          "acoustic_entropy_side": 9.391290664672852,
          "hz": 1080.2004963696966
        },
        {
          "acoustic_entropy": 8.706123352050781,
          "acoustic_entropy_side": 9.386615753173828,
          "hz": 1237.8529382007157
        },
        {
          "acoustic_entropy": 8.344408988952637,
          "acoustic_entropy_side": 9.402023315429688,
          "hz": 1409.4668930556702
        },
        {
          "acoustic_entropy": 9.367833137512207,
          "acoustic_entropy_side": 9.43885612487793,
          "hz": 1596.2787759475705
        },
        {
          "acoustic_entropy": 9.139512062072754,
          "acoustic_entropy_side": 9.462833404541016,
          "hz": 1799.6344973346393
        },
        {
          "acoustic_entropy": 9.043051719665527,
          "acoustic_entropy_side": 9.44115924835205,
          "hz": 2020.9991599069049
        },
        {
          "acoustic_entropy": 9.671395301818848,
          "acoustic_entropy_side": 9.391402244567871,
          "hz": 2261.9676141086993
        },
        {
          "acoustic_entropy": 9.561524391174316,
          "acoustic_entropy_side": 9.416560173034668,
          "hz": 2524.2759484456974
        },
        {
          "acoustic_entropy": 9.752848625183105,
          "acoustic_entropy_side": 9.42761516571045,
          "hz": 2809.813997359896
        },
        {
          "acoustic_entropy": 9.058632850646973,
          "acoustic_entropy_side": 9.430168151855469,
          "hz": 3120.6389567871424
        },
        {
          "acoustic_entropy": 9.60312271118164,
          "acoustic_entropy_side": 9.427652359008789,
          "hz": 3458.990205492291
        },
        {
          "acoustic_entropy": 9.33895206451416,
          "acoustic_entropy_side": 9.428349494934082,
          "hz": 3827.305438964164
        },
        {
          "acoustic_entropy": 9.674979209899902,
          "acoustic_entropy_side": 9.386115074157715,
          "hz": 4228.238232109126
        },
        {
          "acoustic_entropy": 9.545226097106934,
          "acoustic_entropy_side": 9.402548789978027,
          "hz": 4664.6771572759235
        },
        {
          "acoustic_entropy": 9.45512866973877,
          "acoustic_entropy_side": 9.404535293579102,
          "hz": 5139.766595350093
        },
        {
          "acoustic_entropy": 9.399003982543945,
          "acoustic_entropy_side": 9.405935287475586,
          "hz": 5656.929389854203
        },
        {
          "acoustic_entropy": 9.38410472869873,
          "acoustic_entropy_side": 9.427774429321289,
          "hz": 6219.891507268283
        },
        {
          "acoustic_entropy": 9.438665390014648,
          "acoustic_entropy_side": 9.45644474029541,
          "hz": 6832.70888123896
        },
        {
          "acoustic_entropy": 9.541130065917969,
          "acoustic_entropy_side": 9.549206733703613,
          "hz": 7499.796634079867
        },
        {
          "acoustic_entropy": 9.510292053222656,
          "acoustic_entropy_side": 9.56936264038086,
          "hz": 8225.96088609342
        },
        {
          "acoustic_entropy": 9.353800773620605,
          "acoustic_entropy_side": 9.363670349121094,
          "hz": 9016.43338188839
        },
        {
          "acoustic_entropy": 9.341513633728027,
          "acoustic_entropy_side": 9.339692115783691,
          "hz": 9876.909183162974
        },
        {
          "acoustic_entropy": 9.41057300567627,
          "acoustic_entropy_side": 9.474283218383789,
          "hz": 10813.587699516042
        },
        {
          "acoustic_entropy": 9.515620231628418,
          "acoustic_entropy_side": 9.547566413879395,
          "hz": 11833.21735289826
        },
        {
          "acoustic_entropy": 9.46953296661377,
          "acoustic_entropy_side": 9.480584144592285,
          "hz": 12943.144197493959
        },
        {
          "acoustic_entropy": 9.407800674438477,
          "acoustic_entropy_side": 9.424091339111328,
          "hz": 14151.364845322005
        },
        {
          "acoustic_entropy": 9.399283409118652,
          "acoustic_entropy_side": 9.415943145751953,
          "hz": 15466.58407886509
        },
        {
          "acoustic_entropy": 9.394075393676758,
          "acoustic_entropy_side": 9.411745071411133,
          "hz": 16898.27756580493
        },
        {
          "acoustic_entropy": 9.387106895446777,
          "acoustic_entropy_side": 9.412580490112305,
          "hz": 18456.760127700032
        },
        {
          "acoustic_entropy": 9.383962631225586,
          "acoustic_entropy_side": 9.417343139648438,
          "hz": 20153.260054456492
        },
        {
          "acoustic_entropy": 9.400581359863281,
          "acoustic_entropy_side": 9.412299156188965,
          "hz": 22000.00000000001
        }
      ],
      "diff_acoustic_entropy": 6.121563911437988,
      "sn": 6
    },
    {
      "acoustic_entropy": 13.790096282958984,
      "acoustic_entropy_mono": 12.669608116149902,
      "band_eliminated_acoustic_entropies": [
        {
          "acoustic_entropy": 13.296143531799316,
          "acoustic_entropy_side": 13.79893684387207,
          "hz": 129.47220167065723
        },
        {
          "acoustic_entropy": 13.336838722229004,
          "acoustic_entropy_side": 13.754136085510254,
          "hz": 202.92927478742237
        },
        {
          "acoustic_entropy": 13.566542625427246,
          "acoustic_entropy_side": 13.745919227600098,
          "hz": 282.89161906338205
        },
        {
          "acoustic_entropy": 13.866132736206055,
          "acoustic_entropy_side": 13.919034004211426,
          "hz": 369.9353335868758
        },
        {
          "acoustic_entropy": 13.64182186126709,
          "acoustic_entropy_side": 13.605993270874023,
          "hz": 464.6875360973435
        },
        {
          "acoustic_entropy": 13.767597198486328,
          "acoustic_entropy_side": 13.842223167419434,
          "hz": 567.8308811364784
        },
        {
          "acoustic_entropy": 13.636672973632812,
          "acoustic_entropy_side": 13.758512496948242,
          "hz": 680.1084783214808
        },
        {
          "acoustic_entropy": 13.052989959716797,
          "acoustic_entropy_side": 13.682170867919922,
          "hz": 802.3292461747484
        },
        {
          "acoustic_entropy": 13.59043025970459,
          "acoustic_entropy_side": 13.708072662353516,
          "hz": 935.3737400823702
        },
        {
          "acoustic_entropy": 13.521921157836914,
          "acoustic_entropy_side": 13.832747459411621,
          "hz": 1080.2004963696966
        },
        {
          "acoustic_entropy": 13.796656608581543,
          "acoustic_entropy_side": 13.794931411743164,
          "hz": 1237.8529382007157
        },
        {
          "acoustic_entropy": 13.852375030517578,
          "acoustic_entropy_side": 13.710511207580566,
          "hz": 1409.4668930556702
        },
        {
          "acoustic_entropy": 13.609981536865234,
          "acoustic_entropy_side": 13.800729751586914,
          "hz": 1596.2787759475705
        },
        {
          "acoustic_entropy": 13.552226066589355,
          "acoustic_entropy_side": 13.781862258911133,
          "hz": 1799.6344973346393
        },
        {
          "acoustic_entropy": 14.200329780578613,
          "acoustic_entropy_side": 13.992290496826172,
          "hz": 2020.9991599069049
        },
        {
          "acoustic_entropy": 13.80013656616211,
          "acoustic_entropy_side": 13.767568588256836,
          "hz": 2261.9676141086993
        },
        {
          "acoustic_entropy": 14.295711517333984,
          "acoustic_entropy_side": 13.873018264770508,
          "hz": 2524.2759484456974
        },
        {
          "acoustic_entropy": 13.699166297912598,
          "acoustic_entropy_side": 13.829041481018066,
          "hz": 2809.813997359896
        },
        {
          "acoustic_entropy": 13.969414710998535,
          "acoustic_entropy_side": 13.901896476745605,
          "hz": 3120.6389567871424
        },
        {
          "acoustic_entropy": 13.666500091552734,
          "acoustic_entropy_side": 13.834929466247559,
          "hz": 3458.990205492291
        },
        {
          "acoustic_entropy": 13.658150672912598,
          "acoustic_entropy_side": 13.734128952026367,
          "hz": 3827.305438964164
        },
        {
          "acoustic_entropy": 13.803326606750488,
          "acoustic_entropy_side": 13.711918830871582,
          "hz": 4228.238232109126
        },
        {
          "acoustic_entropy": 13.796305656433105,
          "acoustic_entropy_side": 13.822745323181152,
          "hz": 4664.6771572759235
        },
        {
          "acoustic_entropy": 13.590046882629395,
          "acoustic_entropy_side": 13.785579681396484,
          "hz": 5139.766595350093
        },
        {
          "acoustic_entropy": 13.75586223602295,
          "acoustic_entropy_side": 13.80048942565918,
          "hz": 5656.929389854203
        },
        {
          "acoustic_entropy": 13.866205215454102,
          "acoustic_entropy_side": 13.829660415649414,
          "hz": 6219.891507268283
        },
        {
          "acoustic_entropy": 13.817826271057129,
          "acoustic_entropy_side": 13.821008682250977,
          "hz": 6832.70888123896
        },
        {
          "acoustic_entropy": 13.759481430053711,
          "acoustic_entropy_side": 13.805567741394043,
          "hz": 7499.796634079867
        },
        {
          "acoustic_entropy": 13.743382453918457,
          "acoustic_entropy_side": 13.74937915802002,
          "hz": 8225.96088609342
        },
        {
          "acoustic_entropy": 13.799215316772461,
          "acoustic_entropy_side": 13.73436164855957,
          "hz": 9016.43338188839
        },
        {
          "acoustic_entropy": 13.805845260620117,
          "acoustic_entropy_side": 13.711629867553711,
          "hz": 9876.909183162974
        },
        {
          "acoustic_entropy": 13.902949333190918,
          "acoustic_entropy_side": 13.738451957702637,
          "hz": 10813.587699516042
        },
        {
          "acoustic_entropy": 13.90557861328125,
          "acoustic_entropy_side": 13.77435302734375,
          "hz": 11833.21735289826
        },
        {
          "acoustic_entropy": 13.865103721618652,
          "acoustic_entropy_side": 13.77186393737793,
          "hz": 12943.144197493959
        },
        {
          "acoustic_entropy": 13.819372177124023,
          "acoustic_entropy_side": 13.730660438537598,
          "hz": 14151.364845322005
        },
        {
          "acoustic_entropy": 13.79830551147461,
          "acoustic_entropy_side": 13.727736473083496,
          "hz": 15466.58407886509
        },
        {
          "acoustic_entropy": 13.819486618041992,
          "acoustic_entropy_side": 13.747145652770996,
          "hz": 16898.27756580493
        },
        {
          "acoustic_entropy": 13.815722465515137,
          "acoustic_entropy_side": 13.772782325744629,
          "hz": 18456.760127700032
        },
        {
          "acoustic_entropy": 13.864176750183105,
          "acoustic_entropy_side": 13.774202346801758,
          "hz": 20153.260054456492
        },
        {
          "acoustic_entropy": 13.830810546875,
          "acoustic_entropy_side": 13.786032676696777,
          "hz": 22000.00000000001
        }
      ],
      "diff_acoustic_entropy": 10.68154525756836,
      "sn": 12
    },
    {
      "acoustic_entropy": 19.121421813964844,
      "acoustic_entropy_mono": 15.100615501403809,
      "band_eliminated_acoustic_entropies": [
        {
          "acoustic_entropy": 20.202373504638672,
          "acoustic_entropy_side": 19.14045524597168,
          "hz": 129.47220167065723
        },
        {
          "acoustic_entropy": 19.572214126586914,
          "acoustic_entropy_side": 19.04556655883789,
          "hz": 202.92927478742237
        },
        {
          "acoustic_entropy": 17.67051124572754,
          "acoustic_entropy_side": 18.483522415161133,
          "hz": 282.89161906338205
        },
        {
          "acoustic_entropy": 19.655256271362305,
          "acoustic_entropy_side": 19.526721954345703,
          "hz": 369.9353335868758
        },
        {
          "acoustic_entropy": 19.694684982299805,
          "acoustic_entropy_side": 19.4149112701416,
          "hz": 464.6875360973435
        },
        {
          "acoustic_entropy": 17.82884979248047,
          "acoustic_entropy_side": 18.43486213684082,
          "hz": 567.8308811364784
        },
        {
          "acoustic_entropy": 20.537166595458984,
          "acoustic_entropy_side": 19.53867530822754,
          "hz": 680.1084783214808
        },
        {
          "acoustic_entropy": 18.993789672851562,
          "acoustic_entropy_side": 19.242225646972656,
          "hz": 802.3292461747484
        },
        {
          "acoustic_entropy": 19.37961196899414,
          "acoustic_entropy_side": 19.72443962097168,
          "hz": 935.3737400823702
        },
        {
          "acoustic_entropy": 20.22854995727539,
          "acoustic_entropy_side": 19.43735122680664,
          "hz": 1080.2004963696966
        },
        {
          "acoustic_entropy": 18.691390991210938,
          "acoustic_entropy_side": 18.208599090576172,
          "hz": 1237.8529382007157
        },
        {
          "acoustic_entropy": 19.595388412475586,
          "acoustic_entropy_side": 19.200361251831055,
          "hz": 1409.4668930556702
        },
        {
          "acoustic_entropy": 19.090679168701172,
          "acoustic_entropy_side": 19.531200408935547,
          "hz": 1596.2787759475705
        },
        {
          "acoustic_entropy": 18.72111701965332,
          "acoustic_entropy_side": 18.846277236938477,
          "hz": 1799.6344973346393
        },
        {
          "acoustic_entropy": 18.963830947875977,
          "acoustic_entropy_side": 19.123340606689453,
          "hz": 2020.9991599069049
        },
        {
          "acoustic_entropy": 19.152578353881836,
          "acoustic_entropy_side": 19.2647762298584,
          "hz": 2261.9676141086993
        },
        {
          "acoustic_entropy": 19.081981658935547,
          "acoustic_entropy_side": 19.296653747558594,
          "hz": 2524.2759484456974
        },
        {
          "acoustic_entropy": 18.852773666381836,
          "acoustic_entropy_side": 18.7917537689209,
          "hz": 2809.813997359896
        },
        {
          "acoustic_entropy": 19.437097549438477,
