{
  "acoustic_entropy": 139.1090545654297,
  "bands": [
    {
      "high_freq": 148.1999969482422,
      "loudness": -22.53864860534668,
      "loudness_range": 15.098321914672852,
      "mid_mean": -21.170772552490234,
      "mid_to_side_loudness": -1.6991815567016602,
      "mid_to_side_loudness_range": 2.7668232917785645,
      "side_mean": -22.652090072631836
    },
    {
      "high_freq": 392.3793640136719,
      "loudness": -24.973979949951172,
      "loudness_range": 14.329839706420898,
      "low_freq": 148.1999969482422,
      "mid_mean": -22.61090660095215,
      "mid_to_side_loudness": -5.763585567474365,
      "mid_to_side_loudness_range": 11.51089096069336,
      "side_mean": -28.39822006225586
    },
    {
      "high_freq": 794.6976318359375,
      "loudness": -27.5538330078125,
      "loudness_range": 22.212648391723633,
      "low_freq": 392.3793640136719,
      "mid_mean": -25.17380142211914,
      "mid_to_side_loudness": -6.402609348297119,
      "mid_to_side_loudness_range": 13.142670631408691,
      "side_mean": -31.815000534057617
    },
    {
      "high_freq": 1457.5709228515625,
      "loudness": -34.687686920166016,
      "loudness_range": 28.365745544433594,
      "low_freq": 794.6976318359375,
      "mid_mean": -31.7185115814209,
      "mid_to_side_loudness": -10.269757270812988,
      "mid_to_side_loudness_range": 16.841238021850586,
      "side_mean": -42.62009811401367
    },
    {
      "high_freq": 2549.74365234375,
      "loudness": -41.090919494628906,
      "loudness_range": 22.463973999023438,
      "low_freq": 1457.5709228515625,
      "mid_mean": -38.359169006347656,
      "mid_to_side_loudness": -7.686675071716309,
      "mid_to_side_loudness_range": 11.970682144165039,
      "side_mean": -46.12614059448242
    },
    {
      "high_freq": 4349.24462890625,
      "loudness": -42.738956451416016,
      "loudness_range": 16.29388427734375,
      "low_freq": 2549.74365234375,
      "mid_mean": -40.64841079711914,
      "mid_to_side_loudness": -4.132724285125732,
      "mid_to_side_loudness_range": 8.369200706481934,
      "side_mean": -44.81126022338867
    },
    {
      "high_freq": 7314.1640625,
      "loudness": -43.19845962524414,
      "loudness_range": 12.723003387451172,
      "low_freq": 4349.24462890625,
      "mid_mean": -41.59431076049805,
      "mid_to_side_loudness": -2.197355031967163,
      "mid_to_side_loudness_range": 2.1488962173461914,
      "side_mean": -43.78925323486328
    },
    {
      "high_freq": 12199.2666015625,
      "loudness": -48.36782455444336,
      "loudness_range": 12.655101776123047,
      "low_freq": 7314.1640625,
      "mid_mean": -47.086090087890625,
      "mid_to_side_loudness": -1.2750608921051025,
      "mid_to_side_loudness_range": 1.5597203969955444,
      "side_mean": -48.380645751953125
    },
    {
      "loudness": -58.3435173034668,
      "loudness_range": 10.026283264160156,
      "low_freq": 12199.2666015625,
      "mid_mean": -57.2387809753418,
      "mid_to_side_loudness": -0.6494178771972656,
      "mid_to_side_loudness_range": 1.1907092332839966,
      "side_mean": -57.83223342895508
    }
  ],
  "bands_short": [
    {
      "high_freq": 148.1999969482422,
      "loudness": -27.1144962310791,
      "loudness_range": 23.22945785522461,
      "mid_mean": -25.74245262145996,
      "mid_to_side_loudness": -1.971105933189392,
      "mid_to_side_loudness_range": 7.785759925842285,
      "side_mean": -27.421037673950195
    },
    {
      "high_freq": 392.3793640136719,
      "loudness": -23.646093368530273,
      "loudness_range": 16.005657196044922,
      "low_freq": 148.1999969482422,
      "mid_mean": -21.64897346496582,
      "mid_to_side_loudness": -4.2735066413879395,
      "mid_to_side_loudness_range": 10.917320251464844,
      "side_mean": -25.99254035949707
    },
    {
      "high_freq": 794.6976318359375,
      "loudness": -28.732215881347656,
      "loudness_range": 24.86244773864746,
      "low_freq": 392.3793640136719,
      "mid_mean": -26.544580459594727,
      "mid_to_side_loudness": -5.558607578277588,
      "mid_to_side_loudness_range": 13.939544677734375,
      "side_mean": -32.442405700683594
    },
    {
      "high_freq": 1457.5709228515625,
      "loudness": -35.62665939331055,
      "loudness_range": 31.82260513305664,
      "low_freq": 794.6976318359375,
      "mid_mean": -32.71352767944336,
      "mid_to_side_loudness": -9.598631858825684,
      "mid_to_side_loudness_range": 17.144479751586914,
      "side_mean": -43.60274124145508
    },
    {
      "high_freq": 2549.74365234375,
      "loudness": -43.059539794921875,
      "loudness_range": 25.886621475219727,
      "low_freq": 1457.5709228515625,
      "mid_mean": -40.352535247802734,
      "mid_to_side_loudness": -7.628490447998047,
      "mid_to_side_loudness_range": 13.168534278869629,
      "side_mean": -48.03756332397461
    },
    {
      "high_freq": 4349.24462890625,
      "loudness": -44.75930404663086,
      "loudness_range": 19.036441802978516,
      "low_freq": 2549.74365234375,
      "mid_mean": -42.637168884277344,
      "mid_to_side_loudness": -4.252218723297119,
      "mid_to_side_loudness_range": 8.802494049072266,
      "side_mean": -46.93057632446289
    },
    {
      "high_freq": 7314.1640625,
      "loudness": -45.36671447753906,
      "loudness_range": 16.93419647216797,
      "low_freq": 4349.24462890625,
      "mid_mean": -43.659706115722656,
      "mid_to_side_loudness": -2.5162506103515625,
      "mid_to_side_loudness_range": 3.5204567909240723,
      "side_mean": -46.18660354614258
    },
    {
      "high_freq": 12199.2666015625,
      "loudness": -50.715728759765625,
      "loudness_range": 17.145912170410156,
      "low_freq": 7314.1640625,
      "mid_mean": -49.33849334716797,
      "mid_to_side_loudness": -1.594834327697754,
      "mid_to_side_loudness_range": 2.6577229499816895,
      "side_mean": -51.184139251708984
    },
    {
      "loudness": -59.53116989135742,
      "loudness_range": 11.935150146484375,
      "low_freq": 12199.2666015625,
      "mid_mean": -58.28676986694336,
      "mid_to_side_loudness": -0.7222483158111572,
      "mid_to_side_loudness_range": 1.9002177715301514,
      "side_mean": -58.9368782043457
    }
  ],
  "bandwidth": 374.5909729003906,
  "channels": 2,
  "covariance": [
    [
      30.6186580657959,
      29.40168571472168,
      4.3615031242370605,
      3.2977631092071533,
      6.399395942687988,
      5.0598344802856445,
      7.414399147033691,
      6.494165897369385,
      9.485333442687988,
      5.914132595062256,
      7.618633270263672,
      5.683115482330322,
      5.870631694793701,
      5.347708702087402,
      6.4203267097473145,
      6.257566928863525,
      5.2241668701171875,
      4.802748680114746
    ],
    [
      29.40168571472168,
      31.922807693481445,
      3.100625991821289,
      2.1560280323028564,
      5.238682746887207,
      4.447486877441406,
      5.738354682922363,
      4.735684871673584,
      7.734320640563965,
      4.891358852386475,
      6.39931058883667,
      5.017063617706299,
      5.198763847351074,
      4.8738932609558105,
      5.954385757446289,
      5.8563551902771,
      4.979077339172363,
      4.647292613983154
    ],
    [
      4.3615031242370605,
      3.100625991821289,
      33.02410125732422,
      16.172481536865234,
      30.294450759887695,
      19.10841941833496,
      28.689796447753906,
      18.097810745239258,
      27.250791549682617,
      14.784395217895508,
      11.707287788391113,
      7.548295021057129,
      7.601441860198975,
      6.74273681640625,
      7.855224132537842,
      7.465139389038086,
      6.50739860534668,
      5.345458507537842
    ],
    [
      3.2977631092071533,
      2.1560280323028564,
      16.172481536865234,
      19.940954208374023,
      10.617009162902832,
      12.659476280212402,
      9.081428527832031,
      13.489217758178711,
      11.032269477844238,
      8.602898597717285,
      5.842642784118652,
      4.480609893798828,
      3.685176372528076,
      3.2573816776275635,
      3.5912024974823,
      3.460695505142212,
      2.986280679702759,
      2.5795533657073975
    ],
    [
      6.399395942687988,
      5.238682746887207,
      30.294450759887695,
      10.617009162902832,
      69.66448211669922,
      39.63686752319336,
      69.2849349975586,
      33.32099533081055,
      58.241783142089844,
      29.64617156982422,
      31.56230926513672,
      15.242923736572266,
      16.433074951171875,
      11.995975494384766,
      15.064104080200195,
      13.512771606445312,
      12.908451080322266,
      10.786370277404785
    ],
    [
      5.0598344802856445,
      4.447486877441406,
      19.10841941833496,
      12.659476280212402,
      39.63686752319336,
      38.76858901977539,
      45.20806884765625,
      28.31625747680664,
      37.98333740234375,
      20.94783592224121,
      21.687278747558594,
      10.476162910461426,
      10.034272193908691,
      7.4152350425720215,
      9.321386337280273,
      8.323615074157715,
      8.025599479675293,
      6.80687141418457
    ],
    [
      7.414399147033691,
      5.738354682922363,
      28.689796447753906,
      9.081428527832031,
      69.2849349975586,
      45.20806884765625,
      104.96866607666016,
      50.13457489013672,
      76.4509048461914,
      39.16243362426758,
      45.6135368347168,
      20.540313720703125,
      21.419754028320312,
      14.923111915588379,
      18.898303985595703,
      16.246999740600586,
      15.60181999206543,
      13.070964813232422
    ],
    [
      6.494165897369385,
      4.735684871673584,
      18.097810745239258,
      13.489217758178711,
      33.32099533081055,
      28.31625747680664,
      50.13457489013672,
      39.27640151977539,
      40.64230728149414,
      24.8316707611084,
      25.932636260986328,
      13.012798309326172,
      12.036575317382812,
      8.532544136047363,
      10.42936897277832,
      9.036006927490234,
      8.814659118652344,
      7.499805450439453
    ],
    [
      9.485333442687988,
      7.734320640563965,
      27.250791549682617,
      11.032269477844238,
      58.241783142089844,
      37.98333740234375,
      76.4509048461914,
      40.64230728149414,
      70.02142333984375,
      37.270606994628906,
      41.56612014770508,
      21.373620986938477,
      22.09734344482422,
      17.103317260742188,
      20.527803421020508,
      18.47641372680664,
      16.107324600219727,
      13.931286811828613
    ],
    [
      5.914132595062256,
      4.891358852386475,
      14.784395217895508,
      8.602898597717285,
      29.64617156982422,
      20.94783592224121,
      39.16243362426758,
      24.8316707611084,
      37.270606994628906,
      25.71518325805664,
      27.058046340942383,
      16.757198333740234,
      16.657453536987305,
      13.787901878356934,
      15.367205619812012,
      14.250317573547363,
      11.556289672851562,
      10.524467468261719
    ],
    [
      7.618633270263672,
      6.39931058883667,
      11.707287788391113,
      5.842642784118652,
      31.56230926513672,
      21.687278747558594,
      45.6135368347168,
      25.932636260986328,
      41.56612014770508,
      27.058046340942383,
      35.407920837402344,
      20.475263595581055,
      21.252830505371094,
      16.905460357666016,
      19.24287223815918,
      17.678848266601562,
      14.238200187683105,
      13.158858299255371
    ],
    [
      5.683115482330322,
      5.017063617706299,
      7.548295021057129,
      4.480609893798828,
      15.242923736572266,
      10.476162910461426,
      20.540313720703125,
      13.012798309326172,
      21.373620986938477,
      16.757198333740234,
      20.475263595581055,
      16.12847900390625,
      16.56751823425293,
      15.079435348510742,
      16.13077735900879,
      15.538900375366211,
      11.152798652648926,
      10.804546356201172
    ],
    [
      5.870631694793701,
      5.198763847351074,
      7.601441860198975,
      3.685176372528076,
      16.433074951171875,
      10.034272193908691,
      21.419754028320312,
      12.036575317382812,
      22.09734344482422,
      16.657453536987305,
      21.252830505371094,
      16.56751823425293,
      19.658113479614258,
      17.68523597717285,
      18.79136085510254,
      18.07480239868164,
      12.86512565612793,
      12.489503860473633
    ],
    [
      5.347708702087402,
      4.8738932609558105,
      6.74273681640625,
      3.2573816776275635,
      11.995975494384766,
      7.4152350425720215,
      14.923111915588379,
      8.532544136047363,
      17.103317260742188,
      13.787901878356934,
      16.905460357666016,
      15.079435348510742,
      17.68523597717285,
      17.299781799316406,
      17.928451538085938,
      17.701507568359375,
      12.102638244628906,
      11.982812881469727
    ],
    [
      6.4203267097473145,
      5.954385757446289,
      7.855224132537842,
      3.5912024974823,
      15.064104080200195,
      9.321386337280273,
      18.898303985595703,
      10.42936897277832,
      20.527803421020508,
      15.367205619812012,
      19.24287223815918,
      16.13077735900879,
      18.79136085510254,
      17.928451538085938,
      19.775386810302734,
      19.273574829101562,
      13.784631729125977,
      13.50082015991211
    ],
    [
      6.257566928863525,
      5.8563551902771,
      7.465139389038086,
      3.460695505142212,
      13.512771606445312,
      8.323615074157715,
      16.246999740600586,
      9.036006927490234,
      18.47641372680664,
      14.250317573547363,
      17.678848266601562,
      15.538900375366211,
      18.07480239868164,
      17.701507568359375,
      19.273574829101562,
      19.72227668762207,
      13.725890159606934,
      13.592643737792969
    ],
    [
      5.2241668701171875,
      4.979077339172363,
      6.50739860534668,
      2.986280679702759,
      12.908451080322266,
      8.025599479675293,
      15.60181999206543,
      8.814659118652344,
      16.107324600219727,
      11.556289672851562,
      14.238200187683105,
      11.152798652648926,
      12.86512565612793,
      12.102638244628906,
      13.784631729125977,
      13.725890159606934,
      13.39790153503418,
      12.869495391845703
    ],
    [
      4.802748680114746,
      4.647292613983154,
      5.345458507537842,
      2.5795533657073975,
      10.786370277404785,
      6.80687141418457,
      13.070964813232422,
      7.499805450439453,
      13.931286811828613,
      10.524467468261719,
      13.158858299255371,
      10.804546356201172,
      12.489503860473633,
      11.982812881469727,
      13.50082015991211,
      13.592643737792969,
      12.869495391845703,
      12.601835250854492
    ]
  ],
  "covariance_short": [
    [
      64.60440063476562,
      62.56169128417969,
      14.085330963134766,
      15.206028938293457,
      8.48697280883789,
      7.541952610015869,
      9.573294639587402,
      9.993216514587402,
      11.948975563049316,
      9.33667278289795,
      10.13624095916748,
      7.621871471405029,
      8.079178810119629,
      6.965034008026123,
      8.219976425170898,
      7.220695495605469,
      5.797904014587402,
      5.135295867919922
    ],
    [
      62.56169128417969,
      70.77672576904297,
      14.25552749633789,
      16.64568328857422,
      7.498678684234619,
      7.501046180725098,
      7.921135902404785,
      10.003165245056152,
      10.971452713012695,
      9.087984085083008,
      9.633341789245605,
      7.615211486816406,
      8.049731254577637,
      7.111302375793457,
      8.453640937805176,
      7.502580165863037,
      5.984673500061035,
      5.37054443359375
    ],
    [
      14.085330963134766,
      14.25552749633789,
      37.32849884033203,
      25.912607192993164,
      29.744930267333984,
      21.27391815185547,
      25.721031188964844,
      22.540374755859375,
      25.552440643310547,
      15.815890312194824,
      10.901347160339355,
      7.058329105377197,
      6.775317192077637,
      5.67243766784668,
      7.2656965255737305,
      5.990504264831543,
      5.997384071350098,
      4.662026882171631
    ],
    [
      15.206028938293457,
      16.64568328857422,
      25.912607192993164,
      34.17643737792969,
      11.516280174255371,
      15.073846817016602,
      8.365060806274414,
      16.252954483032227,
      10.210134506225586,
      8.936494827270508,
      5.6198272705078125,
      4.614701271057129,
      4.060155391693115,
      3.693741798400879,
      4.742578029632568,
      4.04951286315918,
      3.8889760971069336,
      3.3581783771514893
    ],
    [
      8.48697280883789,
      7.498678684234619,
      29.744930267333984,
      11.516280174255371,
      85.8946762084961,
      53.86650848388672,
      80.220947265625,
      49.50592041015625,
      68.39014434814453,
      37.947139739990234,
      34.76134490966797,
      18.23575210571289,
      17.326759338378906,
      12.49320125579834,
      16.136167526245117,
      13.383256912231445,
      13.261542320251465,
      10.430777549743652
    ],
    [
      7.541952610015869,
      7.501046180725098,
      21.27391815185547,
      15.073846817016602,
      53.86650848388672,
      54.560916900634766,
      54.86884689331055,
      42.26537322998047,
      46.42982482910156,
      28.315380096435547,
      25.170757293701172,
      13.671895980834961,
      11.956480979919434,
      9.080753326416016,
      11.410390853881836,
      9.79041862487793,
      9.316829681396484,
      7.611891269683838
    ],
    [
      9.573294639587402,
      7.921135902404785,
      25.721031188964844,
      8.365060806274414,
      80.220947265625,
      54.86884689331055,
      125.30976867675781,
      67.52151489257812,
      89.78372955322266,
      51.45334243774414,
      50.83584213256836,
      24.95937156677246,
      23.429208755493164,
      15.485342979431152,
      20.437618255615234,
      16.379514694213867,
      16.714405059814453,
      13.165358543395996
    ],
    [
      9.993216514587402,
      10.003165245056152,
      22.540374755859375,
      16.252954483032227,
      49.50592041015625,
      42.26537322998047,
      67.52151489257812,
      64.40155029296875,
      58.36749267578125,
      39.6143798828125,
      35.77821350097656,
      20.844562530517578,
      18.666425704956055,
      13.951786994934082,
      16.58424949645996,
      14.134546279907227,
      13.131532669067383,
      10.985434532165527
    ],
    [
      11.948975563049316,
      10.971452713012695,
      25.552440643310547,
      10.210134506225586,
      68.39014434814453,
      46.42982482910156,
      89.78372955322266,
      58.36749267578125,
      86.08487701416016,
      51.361209869384766,
      49.3968620300293,
      28.44705581665039,
      27.239208221435547,
      20.954118728637695,
      24.64332389831543,
      21.24238395690918,
      18.135622024536133,
      15.105117797851562
    ],
    [
      9.33667278289795,
      9.087984085083008,
      15.815890312194824,
      8.936494827270508,
      37.947139739990234,
      28.315380096435547,
      51.45334243774414,
      39.6143798828125,
      51.361209869384766,
      40.96189498901367,
      37.202571868896484,
      26.703475952148438,
      24.617557525634766,
      21.355730056762695,
      22.81668472290039,
      20.940229415893555,
      15.8345308303833,
      14.202392578125
    ],
    [
      10.13624095916748,
      9.633341789245605,
      10.901347160339355,
      5.6198272705078125,
      34.76134490966797,
      25.170757293701172,
      50.83584213256836,
      35.77821350097656,
      49.3968620300293,
      37.202571868896484,
      44.99202346801758,
      30.320192337036133,
      29.575939178466797,
      24.449020385742188,
      26.26535415649414,
      23.811397552490234,
      17.540380477905273,
      15.997583389282227
    ],
    [
      7.621871471405029,
      7.615211486816406,
      7.058329105377197,
      4.614701271057129,
      18.23575210571289,
      13.671895980834961,
      24.95937156677246,
      20.844562530517578,
      28.44705581665039,
      26.703475952148438,
      30.320192337036133,
      27.350927352905273,
      26.14109992980957,
      24.76549530029297,
      25.11117172241211,
      24.204200744628906,
      15.916592597961426,
      15.335994720458984
    ],
    [
      8.079178810119629,
      8.049731254577637,
      6.775317192077637,
      4.060155391693115,
      17.326759338378906,
      11.956480979919434,
      23.429208755493164,
      18.666425704956055,
      27.239208221435547,
      24.617557525634766,
      29.575939178466797,
      26.14109992980957,
      29.555177688598633,
      27.185638427734375,
      27.6662654876709,
      26.53685760498047,
      17.402408599853516,
      16.83277130126953
    ],
    [
      6.965034008026123,
      7.111302375793457,
      5.67243766784668,
      3.693741798400879,
      12.49320125579834,
      9.080753326416016,
      15.485342979431152,
      13.951786994934082,
      20.954118728637695,
      21.355730056762695,
      24.449020385742188,
      24.76549530029297,
      27.185638427734375,
      27.889461517333984,
      27.54169464111328,
      27.43097496032715,
      17.162853240966797,
      17.019454956054688
    ],
    [
      8.219976425170898,
      8.453640937805176,
      7.2656965255737305,
      4.742578029632568,
      16.136167526245117,
      11.410390853881836,
      20.437618255615234,
      16.58424949645996,
      24.64332389831543,
      22.81668472290039,
      26.26535415649414,
      25.11117172241211,
      27.6662654876709,
      27.54169464111328,
      30.12950897216797,
      29.464994430541992,
      19.196090698242188,
      18.74102020263672
    ],
    [
      7.220695495605469,
      7.502580165863037,
      5.990504264831543,
      4.04951286315918,
      13.383256912231445,
      9.79041862487793,
      16.379514694213867,
      14.134546279907227,
      21.24238395690918,
      20.940229415893555,
      23.811397552490234,
      24.204200744628906,
      26.53685760498047,
      27.43097496032715,
      29.464994430541992,
      34.698917388916016,
      21.892467498779297,
      21.610504150390625
    ],
    [
      5.797904014587402,
      5.984673500061035,
      5.997384071350098,
      3.8889760971069336,
      13.261542320251465,
      9.316829681396484,
      16.714405059814453,
      13.131532669067383,
      18.135622024536133,
      15.8345308303833,
      17.540380477905273,
      15.916592597961426,
      17.402408599853516,
      17.162853240966797,
      19.196090698242188,
      21.892467498779297,
      16.09882926940918,
      15.371492385864258
    ],
    [
      5.135295867919922,
      5.37054443359375,
      4.662026882171631,
      3.3581783771514893,
      10.430777549743652,
      7.611891269683838,
      13.165358543395996,
      10.985434532165527,
      15.105117797851562,
      14.202392578125,
      15.997583389282227,
      15.335994720458984,
      16.83277130126953,
      17.019454956054688,
      18.74102020263672,
      21.610504150390625,
      15.371492385864258,
      15.149599075317383
    ]
  ],
  "damage": -6.749105453491211,
  "diff_bandwidth": 389.9259338378906,
  "dissonance": 5.025358691126696,
  "drr": 10.129865646362305,
  "dynamics": 3.726250648498535,
  "format": 1245190,
  "frames": 12090304,
  "loudness": -14.30465316772461,
  "loudness_range": 9.99547004699707,
  "loudness_range_short": 14.182703018188477,
  "lowpass_true_peak_15khz": -0.3415743410587311,
  "mastering3_acoustic_entropies": [
    {
      "acoustic_entropy": 8.276251792907715,
      "acoustic_entropy_mono": 8.822039604187012,
      "band_eliminated_acoustic_entropies": [
        {
          "acoustic_entropy": 8.261608123779297,
          "acoustic_entropy_side": 8.222268104553223,
          "hz": 129.47220167065723
        },
        {
          "acoustic_entropy": 7.594006538391113,
          "acoustic_entropy_side": 8.806995391845703,
          "hz": 202.92927478742237
        },
        {
          "acoustic_entropy": 8.701628684997559,
          "acoustic_entropy_side": 8.353829383850098,
          "hz": 282.89161906338205
        },
        {
          "acoustic_entropy": 8.5920991897583,
          "acoustic_entropy_side": 8.36563491821289,
          "hz": 369.9353335868758
        },
        {
          "acoustic_entropy": 7.708159923553467,
          "acoustic_entropy_side": 8.51606273651123,
          "hz": 464.6875360973435
        },
        {
          "acoustic_entropy": 8.744664192199707,
          "acoustic_entropy_side": 8.651095390319824,
          "hz": 567.8308811364784
        },
        {
          "acoustic_entropy": 7.889143466949463,
          "acoustic_entropy_side": 8.287309646606445,
          "hz": 680.1084783214808
        },
        {
          "acoustic_entropy": 8.786206245422363,
          "acoustic_entropy_side": 8.508875846862793,
          "hz": 802.3292461747484
        },
        {
          "acoustic_entropy": 7.986288070678711,
          "acoustic_entropy_side": 8.309514045715332,
          "hz": 935.3737400823702
        },
        {
          "acoustic_entropy": 8.390776634216309,
          "acoustic_entropy_side": 8.251274108886719,
          "hz": 1080.2004963696966
        },
        {
          "acoustic_entropy": 8.494345664978027,
          "acoustic_entropy_side": 8.271994590759277,
          "hz": 1237.8529382007157
        },
        {
          "acoustic_entropy": 8.139203071594238,
          "acoustic_entropy_side": 8.238951683044434,
          "hz": 1409.4668930556702
        },
        {
          "acoustic_entropy": 8.239612579345703,
          "acoustic_entropy_side": 8.266846656799316,
          "hz": 1596.2787759475705
        },
        {
          "acoustic_entropy": 8.251885414123535,
          "acoustic_entropy_side": 8.278289794921875,
          "hz": 1799.6344973346393
        },
        {
          "acoustic_entropy": 8.27347183227539,
          "acoustic_entropy_side": 8.27517032623291,
          "hz": 2020.9991599069049
        },
        {
          "acoustic_entropy": 8.255969047546387,
          "acoustic_entropy_side": 8.275092124938965,
          "hz": 2261.9676141086993
        },
        {
          "acoustic_entropy": 8.254570007324219,
          "acoustic_entropy_side": 8.274919509887695,
          "hz": 2524.2759484456974
        },
        {
          "acoustic_entropy": 8.266818046569824,
          "acoustic_entropy_side": 8.273763656616211,
          "hz": 2809.813997359896
        },
        {
          "acoustic_entropy": 8.249906539916992,
          "acoustic_entropy_side": 8.271544456481934,
          "hz": 3120.6389567871424
        },
        {
          "acoustic_entropy": 8.286419868469238,
          "acoustic_entropy_side": 8.272561073303223,
          "hz": 3458.990205492291
        },
        {
          "acoustic_entropy": 8.264274597167969,
          "acoustic_entropy_side": 8.271865844726562,
          "hz": 3827.305438964164
        },
        {
          "acoustic_entropy": 8.272644996643066,
          "acoustic_entropy_side": 8.270406723022461,
          "hz": 4228.238232109126
        },
        {
          "acoustic_entropy": 8.261691093444824,
          "acoustic_entropy_side": 8.26710319519043,
          "hz": 4664.6771572759235
        },
        {
          "acoustic_entropy": 8.246718406677246,
          "acoustic_entropy_side": 8.263749122619629,
          "hz": 5139.766595350093
        },
        {
          "acoustic_entropy": 8.252311706542969,
          "acoustic_entropy_side": 8.265172004699707,
          "hz": 5656.929389854203
        },
        {
          "acoustic_entropy": 8.257494926452637,
          "acoustic_entropy_side": 8.267256736755371,
          "hz": 6219.891507268283
        },
        {
          "acoustic_entropy": 8.25442886352539,
          "acoustic_entropy_side": 8.26496696472168,
          "hz": 6832.70888123896
        },
        {
          "acoustic_entropy": 8.259166717529297,
          "acoustic_entropy_side": 8.267748832702637,
          "hz": 7499.796634079867
        },
        {
          "acoustic_entropy": 8.261621475219727,
          "acoustic_entropy_side": 8.269051551818848,
          "hz": 8225.96088609342
        },
        {
          "acoustic_entropy": 8.262761116027832,
          "acoustic_entropy_side": 8.269848823547363,
          "hz": 9016.43338188839
        },
        {
          "acoustic_entropy": 8.26688003540039,
          "acoustic_entropy_side": 8.272087097167969,
          "hz": 9876.909183162974
        },
        {
          "acoustic_entropy": 8.268661499023438,
          "acoustic_entropy_side": 8.272618293762207,
          "hz": 10813.587699516042
        },
        {
          "acoustic_entropy": 8.272919654846191,
          "acoustic_entropy_side": 8.274751663208008,
          "hz": 11833.21735289826
        },
        {
          "acoustic_entropy": 8.275181770324707,
          "acoustic_entropy_side": 8.275812149047852,
          "hz": 12943.144197493959
        },
        {
          "acoustic_entropy": 8.27575397491455,
          "acoustic_entropy_side": 8.276037216186523,
          "hz": 14151.364845322005
        },
        {
          "acoustic_entropy": 8.276041984558105,
          "acoustic_entropy_side": 8.276153564453125,
          "hz": 15466.58407886509
        },
        {
          "acoustic_entropy": 8.276172637939453,
          "acoustic_entropy_side": 8.276213645935059,
          "hz": 16898.27756580493
        },
        {
          "acoustic_entropy": 8.276225090026855,
          "acoustic_entropy_side": 8.276239395141602,
          "hz": 18456.760127700032
        },
        {
          "acoustic_entropy": 8.27624797821045,
          "acoustic_entropy_side": 8.276249885559082,
          "hz": 20153.260054456492
        },
        {
          "acoustic_entropy": 8.276251792907715,
          "acoustic_entropy_side": 8.276251792907715,
          "hz": 22000.00000000001
        }
      ],
      "diff_acoustic_entropy": 6.931669235229492,
      "sn": 6
    },
    {
      "acoustic_entropy": 11.507993698120117,
      "acoustic_entropy_mono": 11.263784408569336,
      "band_eliminated_acoustic_entropies": [
        {
          "acoustic_entropy": 11.709209442138672,
          "acoustic_entropy_side": 12.171162605285645,
          "hz": 129.47220167065723
        },
        {
          "acoustic_entropy": 11.774923324584961,
          "acoustic_entropy_side": 11.579398155212402,
          "hz": 202.92927478742237
        },
        {
          "acoustic_entropy": 12.131750106811523,
          "acoustic_entropy_side": 12.142019271850586,
          "hz": 282.89161906338205
        },
        {
          "acoustic_entropy": 11.928373336791992,
          "acoustic_entropy_side": 11.870762825012207,
          "hz": 369.9353335868758
        },
        {
          "acoustic_entropy": 10.62196159362793,
          "acoustic_entropy_side": 12.271049499511719,
          "hz": 464.6875360973435
        },
        {
          "acoustic_entropy": 11.338550567626953,
          "acoustic_entropy_side": 11.717242240905762,
          "hz": 567.8308811364784
        },
        {
          "acoustic_entropy": 11.467227935791016,
          "acoustic_entropy_side": 11.90410327911377,
          "hz": 680.1084783214808
        },
        {
          "acoustic_entropy": 12.195677757263184,
          "acoustic_entropy_side": 11.661252975463867,
          "hz": 802.3292461747484
        },
        {
          "acoustic_entropy": 11.516707420349121,
          "acoustic_entropy_side": 12.12413501739502,
          "hz": 935.3737400823702
        },
        {
          "acoustic_entropy": 11.992561340332031,
          "acoustic_entropy_side": 11.549854278564453,
          "hz": 1080.2004963696966
        },
        {
          "acoustic_entropy": 11.80886459350586,
          "acoustic_entropy_side": 11.409002304077148,
          "hz": 1237.8529382007157
        },
        {
          "acoustic_entropy": 12.17455005645752,
          "acoustic_entropy_side": 11.5071439743042,
          "hz": 1409.4668930556702
        },
        {
          "acoustic_entropy": 11.955785751342773,
          "acoustic_entropy_side": 11.5459566116333,
          "hz": 1596.2787759475705
        },
        {
          "acoustic_entropy": 11.212279319763184,
          "acoustic_entropy_side": 11.5648832321167,
          "hz": 1799.6344973346393
        },
        {
          "acoustic_entropy": 11.390262603759766,
          "acoustic_entropy_side": 11.476919174194336,
          "hz": 2020.9991599069049
        },
        {
          "acoustic_entropy": 11.672747611999512,
          "acoustic_entropy_side": 11.402655601501465,
          "hz": 2261.9676141086993
        },
        {
          "acoustic_entropy": 11.742895126342773,
          "acoustic_entropy_side": 11.393580436706543,
          "hz": 2524.2759484456974
        },
        {
          "acoustic_entropy": 11.57834529876709,
          "acoustic_entropy_side": 11.458847999572754,
          "hz": 2809.813997359896
        },
        {
          "acoustic_entropy": 11.565771102905273,
          "acoustic_entropy_side": 11.521140098571777,
          "hz": 3120.6389567871424
        },
        {
          "acoustic_entropy": 11.811177253723145,
          "acoustic_entropy_side": 11.507660865783691,
          "hz": 3458.990205492291
        },
        {
          "acoustic_entropy": 11.458858489990234,
          "acoustic_entropy_side": 11.518533706665039,
          "hz": 3827.305438964164
        },
        {
          "acoustic_entropy": 11.5349702835083,
          "acoustic_entropy_side": 11.473885536193848,
          "hz": 4228.238232109126
        },
        {
          "acoustic_entropy": 11.4130277633667,
          "acoustic_entropy_side": 11.495027542114258,
          "hz": 4664.6771572759235
        },
        {
          "acoustic_entropy": 11.501480102539062,
          "acoustic_entropy_side": 11.560771942138672,
          "hz": 5139.766595350093
        },
        {
          "acoustic_entropy": 11.558697700500488,
          "acoustic_entropy_side": 11.531867027282715,
          "hz": 5656.929389854203
        },
        {
          "acoustic_entropy": 11.575081825256348,
          "acoustic_entropy_side": 11.518783569335938,
          "hz": 6219.891507268283
        },
        {
          "acoustic_entropy": 11.602696418762207,
          "acoustic_entropy_side": 11.563674926757812,
          "hz": 6832.70888123896
        },
        {
          "acoustic_entropy": 11.592879295349121,
          "acoustic_entropy_side": 11.534676551818848,
          "hz": 7499.796634079867
        },
        {
          "acoustic_entropy": 11.585947036743164,
          "acoustic_entropy_side": 11.509085655212402,
          "hz": 8225.96088609342
        },
        {
          "acoustic_entropy": 11.568158149719238,
          "acoustic_entropy_side": 11.489730834960938,
          "hz": 9016.43338188839
        },
        {
          "acoustic_entropy": 11.525527954101562,
          "acoustic_entropy_side": 11.402170181274414,
          "hz": 9876.909183162974
        },
        {
          "acoustic_entropy": 11.438658714294434,
          "acoustic_entropy_side": 11.441574096679688,
          "hz": 10813.587699516042
        },
        {
          "acoustic_entropy": 11.42667293548584,
          "acoustic_entropy_side": 11.484371185302734,
          "hz": 11833.21735289826
        },
        {
          "acoustic_entropy": 11.500423431396484,
          "acoustic_entropy_side": 11.504680633544922,
          "hz": 12943.144197493959
        },
        {
          "acoustic_entropy": 11.509299278259277,
          "acoustic_entropy_side": 11.508151054382324,
          "hz": 14151.364845322005
        },
        {
          "acoustic_entropy": 11.509249687194824,
          "acoustic_entropy_side": 11.508373260498047,
          "hz": 15466.58407886509
        },
        {
          "acoustic_entropy": 11.508567810058594,
          "acoustic_entropy_side": 11.508194923400879,
          "hz": 16898.27756580493
        },
        {
          "acoustic_entropy": 11.508062362670898,
          "acoustic_entropy_side": 11.507984161376953,
          "hz": 18456.760127700032
        },
        {
          "acoustic_entropy": 11.508002281188965,
          "acoustic_entropy_side": 11.507988929748535,
          "hz": 20153.260054456492
        },
        {
          "acoustic_entropy": 11.507994651794434,
          "acoustic_entropy_side": 11.507994651794434,
          "hz": 22000.00000000001
        }
      ],
      "diff_acoustic_entropy": 10.645511627197266,
      "sn": 12
    },
    {
      "acoustic_entropy": 18.273265838623047,
      "acoustic_entropy_mono": 16.98819923400879,
      "band_eliminated_acoustic_entropies": [
        {
          "acoustic_entropy": 18.200735092163086,
          "acoustic_entropy_side": 18.587472915649414,
          "hz": 129.47220167065723
        },
        {
          "acoustic_entropy": 18.414648056030273,
          "acoustic_entropy_side": 19.309833526611328,
          "hz": 202.92927478742237
        },
        {
          "acoustic_entropy": 18.217119216918945,
          "acoustic_entropy_side": 18.58694839477539,
          "hz": 282.89161906338205
        },
        {
          "acoustic_entropy": 18.81045913696289,
          "acoustic_entropy_side": 17.576383590698242,
          "hz": 369.9353335868758
        },
        {
          "acoustic_entropy": 19.061311721801758,
          "acoustic_entropy_side": 18.362136840820312,
          "hz": 464.6875360973435
        },
        {
          "acoustic_entropy": 17.538774490356445,
          "acoustic_entropy_side": 17.2691650390625,
          "hz": 567.8308811364784
        },
        {
          "acoustic_entropy": 17.270977020263672,
          "acoustic_entropy_side": 18.192075729370117,
          "hz": 680.1084783214808
        },
        {
          "acoustic_entropy": 19.158958435058594,
          "acoustic_entropy_side": 18.379667282104492,
          "hz": 802.3292461747484
        },
        {
          "acoustic_entropy": 18.238780975341797,
          "acoustic_entropy_side": 17.879838943481445,
          "hz": 935.3737400823702
        },
        {
          "acoustic_entropy": 18.224584579467773,
          "acoustic_entropy_side": 17.899646759033203,
          "hz": 1080.2004963696966
        },
        {
          "acoustic_entropy": 17.938217163085938,
          "acoustic_entropy_side": 18.666528701782227,
          "hz": 1237.8529382007157
        },
        {
          "acoustic_entropy": 18.423810958862305,
          "acoustic_entropy_side": 17.930465698242188,
          "hz": 1409.4668930556702
        },
        {
          "acoustic_entropy": 17.909774780273438,
          "acoustic_entropy_side": 17.82566261291504,
          "hz": 1596.2787759475705
        },
        {
          "acoustic_entropy": 18.53544807434082,
          "acoustic_entropy_side": 18.21947479248047,
          "hz": 1799.6344973346393
        },
        {
          "acoustic_entropy": 18.04155731201172,
          "acoustic_entropy_side": 18.14997673034668,
          "hz": 2020.9991599069049
        },
        {
          "acoustic_entropy": 18.8673152923584,
          "acoustic_entropy_side": 18.267183303833008,
          "hz": 2261.9676141086993
        },
        {
          "acoustic_entropy": 17.814023971557617,
          "acoustic_entropy_side": 18.273839950561523,
          "hz": 2524.2759484456974
        },
        {
          "acoustic_entropy": 18.228469848632812,
          "acoustic_entropy_side": 18.186260223388672,
          "hz": 2809.813997359896
        },
        {
          "acoustic_entropy": 18.079906463623047,
          "acoustic_entropy_side": 18.2956600189209,
