{
  "acoustic_entropy": 200.53184509277344,
  "bands": [
    {
      "high_freq": 148.1999969482422,
      "loudness": -46.53179168701172,
      "loudness_range": 29.983564376831055,
      "mid_mean": -45.0383186340332,
      "mid_to_side_loudness": -2.4981205463409424,
      "mid_to_side_loudness_range": 9.464151382446289,
      "side_mean": -47.420936584472656
    },
    {
      "high_freq": 392.3793640136719,
      "loudness": -39.58190155029297,
      "loudness_range": 25.143630981445312,
      "low_freq": 148.1999969482422,
      "mid_mean": -38.03376007080078,
      "mid_to_side_loudness": -2.2345147132873535,
      "mid_to_side_loudness_range": 7.97603178024292,
      "side_mean": -40.40633773803711
    },
    {
      "high_freq": 794.6976318359375,
      "loudness": -38.902748107910156,
      "loudness_range": 23.511375427246094,
      "low_freq": 392.3793640136719,
      "mid_mean": -37.01696014404297,
      "mid_to_side_loudness": -3.3590993881225586,
      "mid_to_side_loudness_range": 7.183231830596924,
      "side_mean": -40.372703552246094
    },
    {
      "high_freq": 1457.5709228515625,
      "loudness": -40.707576751708984,
      "loudness_range": 28.623558044433594,
      "low_freq": 794.6976318359375,
      "mid_mean": -39.05575180053711,
      "mid_to_side_loudness": -2.990041494369507,
      "mid_to_side_loudness_range": 7.87442684173584,
      "side_mean": -42.130210876464844
    },
    {
      "high_freq": 2549.74365234375,
      "loudness": -42.35917663574219,
      "loudness_range": 31.775440216064453,
      "low_freq": 1457.5709228515625,
      "mid_mean": -40.848731994628906,
      "mid_to_side_loudness": -3.202280282974243,
      "mid_to_side_loudness_range": 6.545611381530762,
      "side_mean": -44.294288635253906
    },
    {
      "high_freq": 4349.24462890625,
      "loudness": -50.92609405517578,
      "loudness_range": 36.25333023071289,
      "low_freq": 2549.74365234375,
      "mid_mean": -51.38272476196289,
      "mid_to_side_loudness": -3.2990126609802246,
      "mid_to_side_loudness_range": 5.357522487640381,
      "side_mean": -54.08793640136719
    },
    {
      "high_freq": 7314.1640625,
      "loudness": -58.84276580810547,
      "loudness_range": 38.2623405456543,
      "low_freq": 4349.24462890625,
      "mid_mean": -59.25019073486328,
      "mid_to_side_loudness": -3.018418550491333,
      "mid_to_side_loudness_range": 4.095539093017578,
      "side_mean": -61.07388687133789
    },
    {
      "high_freq": 12199.2666015625,
      "loudness": -62.474708557128906,
      "loudness_range": 34.228187561035156,
      "low_freq": 7314.1640625,
      "mid_mean": -64.09627532958984,
      "mid_to_side_loudness": -3.106511354446411,
      "mid_to_side_loudness_range": 4.121676445007324,
      "side_mean": -65.43370056152344
    },
    {
      "loudness": -66.60396575927734,
      "loudness_range": 30.057819366455078,
      "low_freq": 12199.2666015625,
      "mid_mean": -67.13798522949219,
      "mid_to_side_loudness": -2.9561569690704346,
      "mid_to_side_loudness_range": 4.192678451538086,
      "side_mean": -67.83910369873047
    }
  ],
  "bands_short": [
    {
      "high_freq": 148.1999969482422,
      "loudness": -49.0091667175293,
      "loudness_range": 30.023635864257812,
      "mid_mean": -47.655792236328125,
      "mid_to_side_loudness": -2.7042572498321533,
      "mid_to_side_loudness_range": 14.509990692138672,
      "side_mean": -50.22902297973633
    },
    {
      "high_freq": 392.3793640136719,
      "loudness": -39.98988342285156,
      "loudness_range": 25.4141902923584,
      "low_freq": 148.1999969482422,
      "mid_mean": -38.53948974609375,
      "mid_to_side_loudness": -2.145965814590454,
      "mid_to_side_loudness_range": 10.573997497558594,
      "side_mean": -40.875755310058594
    },
    {
      "high_freq": 794.6976318359375,
      "loudness": -38.875572204589844,
      "loudness_range": 24.310331344604492,
      "low_freq": 392.3793640136719,
      "mid_mean": -37.110679626464844,
      "mid_to_side_loudness": -3.2411892414093018,
      "mid_to_side_loudness_range": 9.896587371826172,
      "side_mean": -40.4498176574707
    },
    {
      "high_freq": 1457.5709228515625,
      "loudness": -40.747955322265625,
      "loudness_range": 28.37000274658203,
      "low_freq": 794.6976318359375,
      "mid_mean": -39.293052673339844,
      "mid_to_side_loudness": -2.8505947589874268,
      "mid_to_side_loudness_range": 10.795835494995117,
      "side_mean": -42.22976303100586
    },
    {
      "high_freq": 2549.74365234375,
      "loudness": -42.89999008178711,
      "loudness_range": 32.408538818359375,
      "low_freq": 1457.5709228515625,
      "mid_mean": -41.5564079284668,
      "mid_to_side_loudness": -3.1224722862243652,
      "mid_to_side_loudness_range": 9.66673469543457,
      "side_mean": -44.91224670410156
    },
    {
      "high_freq": 4349.24462890625,
      "loudness": -51.06571960449219,
      "loudness_range": 36.529048919677734,
      "low_freq": 2549.74365234375,
      "mid_mean": -51.68876647949219,
      "mid_to_side_loudness": -3.214608669281006,
      "mid_to_side_loudness_range": 7.555995464324951,
      "side_mean": -54.29939270019531
    },
    {
      "high_freq": 7314.1640625,
      "loudness": -59.127967834472656,
      "loudness_range": 38.1466178894043,
      "low_freq": 4349.24462890625,
      "mid_mean": -59.654502868652344,
      "mid_to_side_loudness": -2.9082698822021484,
      "mid_to_side_loudness_range": 5.800073623657227,
      "side_mean": -61.36335372924805
    },
    {
      "high_freq": 12199.2666015625,
      "loudness": -62.892913818359375,
      "loudness_range": 34.513092041015625,
      "low_freq": 7314.1640625,
      "mid_mean": -64.48977661132812,
      "mid_to_side_loudness": -2.914320468902588,
      "mid_to_side_loudness_range": 4.685105323791504,
      "side_mean": -65.66922760009766
    },
    {
      "loudness": -66.80758666992188,
      "loudness_range": 29.488086700439453,
      "low_freq": 12199.2666015625,
      "mid_mean": -67.36741638183594,
      "mid_to_side_loudness": -2.8334670066833496,
      "mid_to_side_loudness_range": 4.586318016052246,
      "side_mean": -67.98133087158203
    }
  ],
  "bandwidth": 753.7100219726562,
  "channels": 2,
  "covariance": [
    [
      93.24129486083984,
      89.79615783691406,
      61.33871078491211,
      56.673133850097656,
      50.28944778442383,
      51.13032531738281,
      51.43173599243164,
      50.41655731201172,
      58.59092712402344,
      58.969112396240234,
      78.53437042236328,
      76.76529693603516,
      72.22154998779297,
      67.26438903808594,
      54.70256805419922,
      45.73440170288086,
      31.20619010925293,
      25.165857315063477
    ],
    [
      89.79615783691406,
      96.96810913085938,
      62.18029022216797,
      57.861446380615234,
      50.932472229003906,
      51.720035552978516,
      50.3401985168457,
      49.969818115234375,
      57.19801712036133,
      57.91665267944336,
      78.97150421142578,
      77.55056762695312,
      72.09077453613281,
      67.16475677490234,
      54.44686508178711,
      45.57664108276367,
      31.031051635742188,
      25.00055503845215
    ],
    [
      61.33871078491211,
      62.18029022216797,
      80.89019775390625,
      71.5348892211914,
      58.30648422241211,
      58.343231201171875,
      56.24817657470703,
      56.041969299316406,
      64.64983367919922,
      66.24981689453125,
      87.98811340332031,
      86.02490997314453,
      79.16541290283203,
      73.89147186279297,
      59.119232177734375,
      49.76158905029297,
      34.18793487548828,
      27.62456703186035
    ],
    [
      56.673133850097656,
      57.861446380615234,
      71.5348892211914,
      71.29690551757812,
      55.368186950683594,
      54.87459182739258,
      53.15523147583008,
      53.503746032714844,
      61.05015563964844,
      62.27415466308594,
      84.09011840820312,
      82.07914733886719,
      74.51069641113281,
      69.40425109863281,
      54.80131149291992,
      46.14039993286133,
      31.442983627319336,
      25.377042770385742
    ],
    [
      50.28944778442383,
      50.932472229003906,
      58.30648422241211,
      55.368186950683594,
      65.91651916503906,
      60.43513488769531,
      58.643680572509766,
      57.3353157043457,
      65.24700927734375,
      65.71700286865234,
      84.42755126953125,
      80.91128540039062,
      74.94325256347656,
      68.82980346679688,
      54.38168716430664,
      45.466793060302734,
      31.03470230102539,
      24.949853897094727
    ],
    [
      51.13032531738281,
      51.720035552978516,
      58.343231201171875,
      54.87459182739258,
      60.43513488769531,
      63.88977813720703,
      57.10529327392578,
      56.325382232666016,
      63.36723327636719,
      64.44491577148438,
      83.64208221435547,
      80.468017578125,
      73.3480453491211,
      67.67693328857422,
      52.970428466796875,
      44.31045913696289,
      30.07394790649414,
      24.176219940185547
    ],
    [
      51.43173599243164,
      50.3401985168457,
      56.24817657470703,
      53.15523147583008,
      58.643680572509766,
      57.10529327392578,
      92.14491271972656,
      83.2445297241211,
      84.32952117919922,
      84.13695526123047,
      102.71465301513672,
      96.08878326416016,
      89.50670623779297,
      81.0791015625,
      64.48424530029297,
      53.7118034362793,
      36.82054138183594,
      29.631906509399414
    ],
    [
      50.41655731201172,
      49.969818115234375,
      56.041969299316406,
      53.503746032714844,
      57.3353157043457,
      56.325382232666016,
      83.2445297241211,
      84.58988952636719,
      81.14385223388672,
      81.41962432861328,
      99.5492935180664,
      93.93414306640625,
      86.34568786621094,
      78.5447998046875,
      61.817867279052734,
      51.65789794921875,
      35.0650520324707,
      28.292964935302734
    ],
    [
      58.59092712402344,
      57.19801712036133,
      64.64983367919922,
      61.05015563964844,
      65.24700927734375,
      63.36723327636719,
      84.32952117919922,
      81.14385223388672,
      113.30521392822266,
      107.16740417480469,
      116.734619140625,
      110.66009521484375,
      105.39092254638672,
      95.80628204345703,
      75.72392272949219,
      63.0601921081543,
      43.11984634399414,
      34.58995056152344
    ],
    [
      58.969112396240234,
      57.91665267944336,
      66.24981689453125,
      62.27415466308594,
      65.71700286865234,
      64.44491577148438,
      84.13695526123047,
      81.41962432861328,
      107.16740417480469,
      112.23616027832031,
      118.72411346435547,
      112.89312744140625,
      104.8611831665039,
      95.42539978027344,
      74.47955322265625,
      62.1157112121582,
      42.27292251586914,
      33.99351501464844
    ],
    [
      78.53437042236328,
      78.97150421142578,
      87.98811340332031,
      84.09011840820312,
      84.42755126953125,
      83.64208221435547,
      102.71465301513672,
      99.5492935180664,
      116.734619140625,
      118.72411346435547,
      160.5742645263672,
      151.21487426757812,
      135.05177307128906,
      122.66925048828125,
      96.17704010009766,
      80.07411193847656,
      54.72093963623047,
      43.943538665771484
    ],
    [
      76.76529693603516,
      77.55056762695312,
      86.02490997314453,
      82.07914733886719,
      80.91128540039062,
      80.468017578125,
      96.08878326416016,
      93.93414306640625,
      110.66009521484375,
      112.89312744140625,
      151.21487426757812,
      145.8303680419922,
      129.23146057128906,
      118.16556549072266,
      92.59494018554688,
      77.4854736328125,
      52.71177291870117,
      42.562530517578125
    ],
    [
      72.22154998779297,
      72.09077453613281,
      79.16541290283203,
      74.51069641113281,
      74.94325256347656,
      73.3480453491211,
      89.50670623779297,
      86.34568786621094,
      105.39092254638672,
      104.8611831665039,
      135.05177307128906,
      129.23146057128906,
      128.73538208007812,
      117.5887451171875,
      97.74581146240234,
      81.45975494384766,
      57.666053771972656,
      46.21919250488281
    ],
    [
      67.26438903808594,
      67.16475677490234,
      73.89147186279297,
      69.40425109863281,
      68.82980346679688,
      67.67693328857422,
      81.0791015625,
      78.5447998046875,
      95.80628204345703,
      95.42539978027344,
      122.66925048828125,
      118.16556549072266,
      117.5887451171875,
      108.78341674804688,
      90.27882385253906,
      75.80042266845703,
      53.5709228515625,
      43.28929901123047
    ],
    [
      54.70256805419922,
      54.44686508178711,
      59.119232177734375,
      54.80131149291992,
      54.38168716430664,
      52.970428466796875,
      64.48424530029297,
      61.817867279052734,
      75.72392272949219,
      74.47955322265625,
      96.17704010009766,
      92.59494018554688,
      97.74581146240234,
      90.27882385253906,
      82.20364379882812,
      68.61260223388672,
      51.53423309326172,
      41.17770004272461
    ],
    [
      45.73440170288086,
      45.57664108276367,
      49.76158905029297,
      46.14039993286133,
      45.466793060302734,
      44.31045913696289,
      53.7118034362793,
      51.65789794921875,
      63.0601921081543,
      62.1157112121582,
      80.07411193847656,
      77.4854736328125,
      81.45975494384766,
      75.80042266845703,
      68.61260223388672,
      58.26447296142578,
      43.72135925292969,
      35.537757873535156
    ],
    [
      31.20619010925293,
      31.031051635742188,
      34.18793487548828,
      31.442983627319336,
      31.03470230102539,
      30.07394790649414,
      36.82054138183594,
      35.0650520324707,
      43.11984634399414,
      42.27292251586914,
      54.72093963623047,
      52.71177291870117,
      57.666053771972656,
      53.5709228515625,
      51.53423309326172,
      43.72135925292969,
      36.4116325378418,
      29.547269821166992
    ],
    [
      25.165857315063477,
      25.00055503845215,
      27.62456703186035,
      25.377042770385742,
      24.949853897094727,
      24.176219940185547,
      29.631906509399414,
      28.292964935302734,
      34.58995056152344,
      33.99351501464844,
      43.943538665771484,
      42.562530517578125,
      46.21919250488281,
      43.28929901123047,
      41.17770004272461,
      35.537757873535156,
      29.547269821166992,
      24.66583824157715
    ]
  ],
  "covariance_short": [
    [
      96.33448791503906,
      87.38251495361328,
      57.819820404052734,
      53.3351936340332,
      47.14836502075195,
      48.21541976928711,
      47.1898078918457,
      45.69126892089844,
      54.59117126464844,
      55.19717788696289,
      71.56394958496094,
      70.42289733886719,
      64.8479232788086,
      60.29087448120117,
      47.60201644897461,
      40.14442443847656,
      26.286178588867188,
      21.39943504333496
    ],
    [
      87.38251495361328,
      102.37112426757812,
      58.714019775390625,
      55.19139099121094,
      47.9412956237793,
      49.209835052490234,
      45.97835922241211,
      45.16067123413086,
      52.95121765136719,
      53.92385482788086,
      72.55174255371094,
      71.6447525024414,
      65.34359741210938,
      60.73598098754883,
      47.7807502746582,
      40.28961944580078,
      26.330974578857422,
      21.39978790283203
    ],
    [
      57.819820404052734,
      58.714019775390625,
      81.26659393310547,
      68.97323608398438,
      58.142181396484375,
      58.140464782714844,
      54.520469665527344,
      54.70765686035156,
      64.16268157958984,
      65.8210220336914,
      85.0025863647461,
      83.16041564941406,
      76.16754150390625,
      70.96507263183594,
      55.6288948059082,
      47.23356628417969,
      31.428298950195312,
      25.694795608520508
    ],
    [
      53.3351936340332,
      55.19139099121094,
      68.97323608398438,
      71.29156494140625,
      55.041873931884766,
      55.62349319458008,
      51.1959228515625,
      51.9700927734375,
      59.83112335205078,
      61.32892990112305,
      80.66638946533203,
      78.98760986328125,
      71.19967651367188,
      66.34418487548828,
      51.23210144042969,
      43.54094696044922,
      28.669540405273438,
      23.45353126525879
    ],
    [
      47.14836502075195,
      47.9412956237793,
      58.142181396484375,
      55.041873931884766,
      69.85903930664062,
      62.5113410949707,
      58.16141128540039,
      56.911529541015625,
      65.40438079833984,
      66.20977020263672,
      84.31181335449219,
      81.15531158447266,
      73.87750244140625,
      67.901611328125,
      52.573997497558594,
      44.40567398071289,
      29.251842498779297,
      23.81318473815918
    ],
    [
      48.21541976928711,
      49.209835052490234,
      58.140464782714844,
      55.62349319458008,
      62.5113410949707,
      69.05680847167969,
      57.13050842285156,
      56.4698371887207,
      63.93889617919922,
      65.30950927734375,
      84.86412048339844,
      81.84374237060547,
      73.16533660888672,
      67.55060577392578,
      51.52399444580078,
      43.578514099121094,
      28.432456970214844,
      23.194698333740234
    ],
    [
      47.1898078918457,
      45.97835922241211,
      54.520469665527344,
      51.1959228515625,
      58.16141128540039,
      57.13050842285156,
      92.57299041748047,
      79.97544860839844,
      83.99269104003906,
      83.93093872070312,
      100.50953674316406,
      94.17271423339844,
      86.19276428222656,
      78.11239624023438,
      60.9539909362793,
      51.173858642578125,
      33.97260284423828,
      27.614044189453125
    ],
    [
      45.69126892089844,
      45.16067123413086,
      54.70765686035156,
      51.9700927734375,
      56.911529541015625,
      56.4698371887207,
      79.97544860839844,
      85.033203125,
      80.80626678466797,
      81.53429412841797,
      97.30718231201172,
      92.07972717285156,
      83.19795989990234,
      75.79784393310547,
      58.43714141845703,
      49.276973724365234,
      32.40657043457031,
      26.455041885375977
    ],
    [
      54.59117126464844,
      52.95121765136719,
      64.16268157958984,
      59.83112335205078,
      65.40438079833984,
      63.93889617919922,
      83.99269104003906,
      80.80626678466797,
      117.80531311035156,
      108.6968002319336,
      116.77782440185547,
      110.8125991821289,
      103.99657440185547,
      94.46430206298828,
      73.12017822265625,
      61.40235900878906,
      40.6806526184082,
      32.97307586669922
    ],
    [
      55.19717788696289,
      53.92385482788086,
      65.8210220336914,
      61.32892990112305,
      66.20977020263672,
      65.30950927734375,
      83.93093872070312,
      81.53429412841797,
      108.6968002319336,
      117.07632446289062,
      119.0876693725586,
      113.52354431152344,
      103.84000396728516,
      94.52263641357422,
      72.16098022460938,
      60.7114372253418,
      39.979103088378906,
      32.50231170654297
    ],
    [
      71.56394958496094,
      72.55174255371094,
      85.0025863647461,
      80.66638946533203,
      84.31181335449219,
      84.86412048339844,
      100.50953674316406,
      97.30718231201172,
      116.77782440185547,
      119.0876693725586,
      160.2993927001953,
      149.8500518798828,
      131.55953979492188,
      119.42156982421875,
      91.77420806884766,
      77.10840606689453,
      50.91421890258789,
      41.34335708618164
    ],
    [
      70.42289733886719,
      71.6447525024414,
      83.16041564941406,
      78.98760986328125,
      81.15531158447266,
      81.84374237060547,
      94.17271423339844,
      92.07972717285156,
      110.8125991821289,
      113.52354431152344,
      149.8500518798828,
      146.1004638671875,
      126.27224731445312,
      115.5066146850586,
      88.60474395751953,
      74.84369659423828,
      49.138118743896484,
      40.14509201049805
    ],
    [
      64.8479232788086,
      65.34359741210938,
      76.16754150390625,
      71.19967651367188,
      73.87750244140625,
      73.16533660888672,
      86.19276428222656,
      83.19795989990234,
      103.99657440185547,
      103.84000396728516,
      131.55953979492188,
      126.27224731445312,
      125.56448364257812,
      114.16947937011719,
      93.2005844116211,
      78.41281127929688,
      53.827056884765625,
      43.595096588134766
    ],
    [
      60.29087448120117,
      60.73598098754883,
      70.96507263183594,
      66.34418487548828,
      67.901611328125,
      67.55060577392578,
      78.11239624023438,
      75.79784393310547,
      94.46430206298828,
      94.52263641357422,
      119.42156982421875,
      115.5066146850586,
      114.16947937011719,
      106.2688217163086,
      86.04922485351562,
      73.00667572021484,
      49.926918029785156,
      40.7984733581543
    ],
    [
      47.60201644897461,
      47.7807502746582,
      55.6288948059082,
      51.23210144042969,
      52.573997497558594,
      51.52399444580078,
      60.9539909362793,
      58.43714141845703,
      73.12017822265625,
      72.16098022460938,
      91.77420806884766,
      88.60474395751953,
      93.2005844116211,
      86.04922485351562,
      78.14849090576172,
      65.64164733886719,
      47.998016357421875,
      38.66835403442383
    ],
    [
      40.14442443847656,
      40.28961944580078,
      47.23356628417969,
      43.54094696044922,
      44.40567398071289,
      43.578514099121094,
      51.173858642578125,
      49.276973724365234,
      61.40235900878906,
      60.7114372253418,
      77.10840606689453,
      74.84369659423828,
      78.41281127929688,
      73.00667572021484,
      65.64164733886719,
      56.37370300292969,
      40.909568786621094,
      33.538299560546875
    ],
    [
      26.286178588867188,
      26.330974578857422,
      31.428298950195312,
      28.669540405273438,
      29.251842498779297,
      28.432456970214844,
      33.97260284423828,
      32.40657043457031,
      40.6806526184082,
      39.979103088378906,
      50.91421890258789,
      49.138118743896484,
      53.827056884765625,
      49.926918029785156,
      47.998016357421875,
      40.909568786621094,
      33.40782928466797,
      27.203462600708008
    ],
    [
      21.39943504333496,
      21.39978790283203,
      25.694795608520508,
      23.45353126525879,
      23.81318473815918,
      23.194698333740234,
      27.614044189453125,
      26.455041885375977,
      32.97307586669922,
      32.50231170654297,
      41.34335708618164,
      40.14509201049805,
      43.595096588134766,
      40.7984733581543,
      38.66835403442383,
      33.538299560546875,
      27.203462600708008,
      22.85561752319336
    ]
  ],
  "damage": -19.675100326538086,
  "diff_bandwidth": 818.2227783203125,
  "dissonance": 7.890688999315359,
  "drr": 13.019131660461426,
  "dynamics": 7.231294631958008,
  "format": 1245190,
  "frames": 41150400,
  "loudness": -28.545618057250977,
  "loudness_range": 23.66545867919922,
  "loudness_range_short": 24.429485321044922,
  "lowpass_true_peak_15khz": -0.33402860164642334,
  "mastering3_acoustic_entropies": [
    {
      "acoustic_entropy": 4.409963607788086,
      "acoustic_entropy_mono": 4.501509666442871,
      "band_eliminated_acoustic_entropies": [
        {
          "acoustic_entropy": 4.409336090087891,
          "acoustic_entropy_side": 4.411869049072266,
          "hz": 129.47220167065723
        },
        {
          "acoustic_entropy": 4.395778179168701,
          "acoustic_entropy_side": 4.418554782867432,
          "hz": 202.92927478742237
        },
        {
          "acoustic_entropy": 4.235199928283691,
          "acoustic_entropy_side": 4.348348140716553,
          "hz": 282.89161906338205
        },
        {
          "acoustic_entropy": 4.3088603019714355,
          "acoustic_entropy_side": 4.346695899963379,
          "hz": 369.9353335868758
        },
        {
          "acoustic_entropy": 4.10835075378418,
          "acoustic_entropy_side": 4.371686935424805,
          "hz": 464.6875360973435
        },
        {
          "acoustic_entropy": 4.271817684173584,
          "acoustic_entropy_side": 4.451447010040283,
          "hz": 567.8308811364784
        },
        {
          "acoustic_entropy": 4.417372703552246,
          "acoustic_entropy_side": 4.336304664611816,
          "hz": 680.1084783214808
        },
        {
          "acoustic_entropy": 4.441206932067871,
          "acoustic_entropy_side": 4.384966850280762,
          "hz": 802.3292461747484
        },
        {
          "acoustic_entropy": 4.277323246002197,
          "acoustic_entropy_side": 4.438204288482666,
          "hz": 935.3737400823702
        },
        {
          "acoustic_entropy": 4.6123809814453125,
          "acoustic_entropy_side": 4.415700912475586,
          "hz": 1080.2004963696966
        },
        {
          "acoustic_entropy": 4.440366268157959,
          "acoustic_entropy_side": 4.37430477142334,
          "hz": 1237.8529382007157
        },
        {
          "acoustic_entropy": 3.968068838119507,
          "acoustic_entropy_side": 4.443681240081787,
          "hz": 1409.4668930556702
        },
        {
          "acoustic_entropy": 4.243688583374023,
          "acoustic_entropy_side": 4.523386478424072,
          "hz": 1596.2787759475705
        },
        {
          "acoustic_entropy": 4.429678916931152,
          "acoustic_entropy_side": 4.294336318969727,
          "hz": 1799.6344973346393
        },
        {
          "acoustic_entropy": 4.633050441741943,
          "acoustic_entropy_side": 4.443637371063232,
          "hz": 2020.9991599069049
        },
        {
          "acoustic_entropy": 4.491901874542236,
          "acoustic_entropy_side": 4.443217754364014,
          "hz": 2261.9676141086993
        },
        {
          "acoustic_entropy": 4.382784843444824,
          "acoustic_entropy_side": 4.363454818725586,
          "hz": 2524.2759484456974
        },
        {
          "acoustic_entropy": 4.3248491287231445,
          "acoustic_entropy_side": 4.358215808868408,
          "hz": 2809.813997359896
        },
        {
          "acoustic_entropy": 4.393527030944824,
          "acoustic_entropy_side": 4.408027648925781,
          "hz": 3120.6389567871424
        },
        {
          "acoustic_entropy": 4.332935810089111,
          "acoustic_entropy_side": 4.343176364898682,
          "hz": 3458.990205492291
        },
        {
          "acoustic_entropy": 4.445592880249023,
          "acoustic_entropy_side": 4.429846286773682,
          "hz": 3827.305438964164
        },
        {
          "acoustic_entropy": 4.478541374206543,
          "acoustic_entropy_side": 4.4476494789123535,
          "hz": 4228.238232109126
        },
        {
          "acoustic_entropy": 4.423396110534668,
          "acoustic_entropy_side": 4.425208568572998,
          "hz": 4664.6771572759235
        },
        {
          "acoustic_entropy": 4.366734981536865,
          "acoustic_entropy_side": 4.394434452056885,
          "hz": 5139.766595350093
        },
        {
          "acoustic_entropy": 4.41809606552124,
          "acoustic_entropy_side": 4.414541721343994,
          "hz": 5656.929389854203
        },
        {
          "acoustic_entropy": 4.423569202423096,
          "acoustic_entropy_side": 4.41761589050293,
          "hz": 6219.891507268283
        },
        {
          "acoustic_entropy": 4.421390533447266,
          "acoustic_entropy_side": 4.414626121520996,
          "hz": 6832.70888123896
        },
        {
          "acoustic_entropy": 4.417232036590576,
          "acoustic_entropy_side": 4.412374973297119,
          "hz": 7499.796634079867
        },
        {
          "acoustic_entropy": 4.424126148223877,
          "acoustic_entropy_side": 4.415015697479248,
          "hz": 8225.96088609342
        },
        {
          "acoustic_entropy": 4.411493301391602,
          "acoustic_entropy_side": 4.412425518035889,
          "hz": 9016.43338188839
        },
        {
          "acoustic_entropy": 4.418633937835693,
          "acoustic_entropy_side": 4.413361072540283,
          "hz": 9876.909183162974
        },
        {
          "acoustic_entropy": 4.423344135284424,
          "acoustic_entropy_side": 4.41627836227417,
          "hz": 10813.587699516042
        },
        {
          "acoustic_entropy": 4.443500995635986,
          "acoustic_entropy_side": 4.420337200164795,
          "hz": 11833.21735289826
        },
        {
          "acoustic_entropy": 4.435051441192627,
          "acoustic_entropy_side": 4.418642520904541,
          "hz": 12943.144197493959
        },
        {
          "acoustic_entropy": 4.432370662689209,
          "acoustic_entropy_side": 4.419251441955566,
          "hz": 14151.364845322005
        },
        {
          "acoustic_entropy": 4.4298930168151855,
          "acoustic_entropy_side": 4.41944694519043,
          "hz": 15466.58407886509
        },
        {
          "acoustic_entropy": 4.427857398986816,
          "acoustic_entropy_side": 4.41671895980835,
          "hz": 16898.27756580493
        },
        {
          "acoustic_entropy": 4.425703525543213,
          "acoustic_entropy_side": 4.414989471435547,
          "hz": 18456.760127700032
        },
        {
          "acoustic_entropy": 4.420557498931885,
          "acoustic_entropy_side": 4.413357257843018,
          "hz": 20153.260054456492
        },
        {
          "acoustic_entropy": 4.414416790008545,
          "acoustic_entropy_side": 4.411318302154541,
          "hz": 22000.00000000001
        }
      ],
      "diff_acoustic_entropy": 1.213082194328308,
      "sn": 6
    },
    {
      "acoustic_entropy": 7.953553199768066,
      "acoustic_entropy_mono": 8.415480613708496,
      "band_eliminated_acoustic_entropies": [
        {
          "acoustic_entropy": 7.976369380950928,
          "acoustic_entropy_side": 7.960727214813232,
          "hz": 129.47220167065723
        },
        {
          "acoustic_entropy": 8.251120567321777,
          "acoustic_entropy_side": 7.9566731452941895,
          "hz": 202.92927478742237
        },
        {
          "acoustic_entropy": 7.945224761962891,
          "acoustic_entropy_side": 8.16409969329834,
          "hz": 282.89161906338205
        },
        {
          "acoustic_entropy": 8.123093605041504,
          "acoustic_entropy_side": 7.97971248626709,
          "hz": 369.9353335868758
        },
        {
          "acoustic_entropy": 7.705225944519043,
          "acoustic_entropy_side": 7.533215045928955,
          "hz": 464.6875360973435
        },
        {
          "acoustic_entropy": 8.001372337341309,
          "acoustic_entropy_side": 8.019827842712402,
          "hz": 567.8308811364784
        },
        {
          "acoustic_entropy": 8.022457122802734,
          "acoustic_entropy_side": 8.200427055358887,
          "hz": 680.1084783214808
        },
        {
          "acoustic_entropy": 7.927346706390381,
          "acoustic_entropy_side": 7.986176013946533,
          "hz": 802.3292461747484
        },
        {
          "acoustic_entropy": 8.780233383178711,
          "acoustic_entropy_side": 8.652058601379395,
          "hz": 935.3737400823702
        },
        {
          "acoustic_entropy": 8.337047576904297,
          "acoustic_entropy_side": 7.92002010345459,
          "hz": 1080.2004963696966
        },
        {
          "acoustic_entropy": 8.030158042907715,
          "acoustic_entropy_side": 7.939263820648193,
          "hz": 1237.8529382007157
        },
        {
          "acoustic_entropy": 8.034485816955566,
          "acoustic_entropy_side": 7.936830043792725,
          "hz": 1409.4668930556702
        },
        {
          "acoustic_entropy": 8.447806358337402,
          "acoustic_entropy_side": 8.297399520874023,
          "hz": 1596.2787759475705
        },
        {
          "acoustic_entropy": 7.668879985809326,
          "acoustic_entropy_side": 7.941393852233887,
          "hz": 1799.6344973346393
        },
        {
          "acoustic_entropy": 8.112013816833496,
          "acoustic_entropy_side": 8.33796501159668,
          "hz": 2020.9991599069049
        },
        {
          "acoustic_entropy": 7.804361343383789,
          "acoustic_entropy_side": 8.047306060791016,
          "hz": 2261.9676141086993
        },
        {
          "acoustic_entropy": 8.112951278686523,
          "acoustic_entropy_side": 7.924850940704346,
          "hz": 2524.2759484456974
        },
        {
          "acoustic_entropy": 8.044713973999023,
          "acoustic_entropy_side": 8.025045394897461,
          "hz": 2809.813997359896
        },
        {
          "acoustic_entropy": 8.077564239501953,
          "acoustic_entropy_side": 8.030719757080078,
          "hz": 3120.6389567871424
        },
        {
          "acoustic_entropy": 8.090421676635742,
          "acoustic_entropy_side": 8.002008438110352,
          "hz": 3458.990205492291
        },
        {
          "acoustic_entropy": 7.929623603820801,
          "acoustic_entropy_side": 7.950699806213379,
          "hz": 3827.305438964164
        },
        {
          "acoustic_entropy": 7.95803165435791,
          "acoustic_entropy_side": 7.964806079864502,
          "hz": 4228.238232109126
        },
        {
          "acoustic_entropy": 7.970610618591309,
          "acoustic_entropy_side": 7.9636149406433105,
          "hz": 4664.6771572759235
        },
        {
          "acoustic_entropy": 8.001226425170898,
          "acoustic_entropy_side": 7.9920477867126465,
          "hz": 5139.766595350093
        },
        {
          "acoustic_entropy": 7.961225986480713,
          "acoustic_entropy_side": 7.96577787399292,
          "hz": 5656.929389854203
        },
        {
          "acoustic_entropy": 7.9329023361206055,
          "acoustic_entropy_side": 7.958266258239746,
          "hz": 6219.891507268283
        },
        {
          "acoustic_entropy": 7.935272216796875,
          "acoustic_entropy_side": 7.960061073303223,
          "hz": 6832.70888123896
        },
        {
          "acoustic_entropy": 7.984743118286133,
          "acoustic_entropy_side": 7.967938423156738,
          "hz": 7499.796634079867
        },
        {
          "acoustic_entropy": 7.960724830627441,
          "acoustic_entropy_side": 7.955270767211914,
          "hz": 8225.96088609342
        },
        {
          "acoustic_entropy": 7.953605651855469,
          "acoustic_entropy_side": 7.950714588165283,
          "hz": 9016.43338188839
        },
        {
          "acoustic_entropy": 7.944511890411377,
          "acoustic_entropy_side": 7.949029445648193,
          "hz": 9876.909183162974
        },
        {
          "acoustic_entropy": 7.915615081787109,
          "acoustic_entropy_side": 7.942300796508789,
          "hz": 10813.587699516042
        },
        {
          "acoustic_entropy": 7.907186985015869,
          "acoustic_entropy_side": 7.938478469848633,
          "hz": 11833.21735289826
        },
        {
          "acoustic_entropy": 7.907726764678955,
          "acoustic_entropy_side": 7.944753646850586,
          "hz": 12943.144197493959
        },
        {
          "acoustic_entropy": 7.934852600097656,
          "acoustic_entropy_side": 7.954578399658203,
          "hz": 14151.364845322005
        },
        {
          "acoustic_entropy": 7.939141750335693,
          "acoustic_entropy_side": 7.955029487609863,
          "hz": 15466.58407886509
        },
        {
          "acoustic_entropy": 7.948980331420898,
          "acoustic_entropy_side": 7.9563446044921875,
          "hz": 16898.27756580493
        },
        {
          "acoustic_entropy": 7.9467854499816895,
          "acoustic_entropy_side": 7.955227851867676,
          "hz": 18456.760127700032
        },
        {
          "acoustic_entropy": 7.950379371643066,
          "acoustic_entropy_side": 7.955410480499268,
          "hz": 20153.260054456492
        },
        {
          "acoustic_entropy": 7.955580711364746,
          "acoustic_entropy_side": 7.955328464508057,
          "hz": 22000.00000000001
        }
      ],
      "diff_acoustic_entropy": 2.8366212844848633,
      "sn": 12
    },
    {
      "acoustic_entropy": 15.072966575622559,
      "acoustic_entropy_mono": 15.8156156539917,
      "band_eliminated_acoustic_entropies": [
        {
          "acoustic_entropy": 14.61898136138916,
          "acoustic_entropy_side": 15.017189979553223,
          "hz": 129.47220167065723
        },
        {
          "acoustic_entropy": 15.383102416992188,
          "acoustic_entropy_side": 14.9092378616333,
          "hz": 202.92927478742237
        },
        {
          "acoustic_entropy": 15.57629108428955,
          "acoustic_entropy_side": 15.436084747314453,
          "hz": 282.89161906338205
        },
        {
          "acoustic_entropy": 15.516268730163574,
          "acoustic_entropy_side": 15.147993087768555,
          "hz": 369.9353335868758
        },
        {
          "acoustic_entropy": 14.689692497253418,
          "acoustic_entropy_side": 15.814560890197754,
          "hz": 464.6875360973435
        },
        {
          "acoustic_entropy": 14.985441207885742,
          "acoustic_entropy_side": 15.357665061950684,
          "hz": 567.8308811364784
        },
        {
          "acoustic_entropy": 14.64330768585205,
          "acoustic_entropy_side": 15.718087196350098,
          "hz": 680.1084783214808
        },
        {
          "acoustic_entropy": 15.552909851074219,
          "acoustic_entropy_side": 15.184643745422363,
          "hz": 802.3292461747484
        },
        {
          "acoustic_entropy": 16.11511993408203,
          "acoustic_entropy_side": 16.251800537109375,
          "hz": 935.3737400823702
        },
        {
          "acoustic_entropy": 16.028018951416016,
          "acoustic_entropy_side": 16.695140838623047,
          "hz": 1080.2004963696966
        },
        {
          "acoustic_entropy": 14.975101470947266,
          "acoustic_entropy_side": 15.364459037780762,
          "hz": 1237.8529382007157
        },
        {
          "acoustic_entropy": 15.336167335510254,
          "acoustic_entropy_side": 15.01829719543457,
          "hz": 1409.4668930556702
        },
        {
          "acoustic_entropy": 16.515871047973633,
          "acoustic_entropy_side": 15.942056655883789,
          "hz": 1596.2787759475705
        },
        {
          "acoustic_entropy": 15.209312438964844,
          "acoustic_entropy_side": 15.801066398620605,
          "hz": 1799.6344973346393
        },
        {
          "acoustic_entropy": 15.288681983947754,
          "acoustic_entropy_side": 16.073593139648438,
          "hz": 2020.9991599069049
        },
        {
          "acoustic_entropy": 15.597158432006836,
          "acoustic_entropy_side": 15.79207706451416,
          "hz": 2261.9676141086993
        },
        {
          "acoustic_entropy": 15.026389122009277,
          "acoustic_entropy_side": 15.122056007385254,
          "hz": 2524.2759484456974
        },
        {
          "acoustic_entropy": 16.03739356994629,
          "acoustic_entropy_side": 15.602907180786133,
          "hz": 2809.813997359896
        },
        {
          "acoustic_entropy": 15.017486572265625,
          "acoustic_entropy_side": 14.952898979187012,
          "hz": 3120.6389567871424
        },
        {
          "acoustic_entropy": 15.257582664489746,
          "acoustic_entropy_side": 15.253575325012207,
          "hz": 3458.990205492291
        },
        {
