{
  "acoustic_entropy": 236.19712829589844,
  "bands": [
    {
      "high_freq": 148.1999969482422,
      "loudness": -49.31102752685547,
      "loudness_range": 31.61697769165039,
      "mid_mean": -48.16994094848633,
      "mid_to_side_loudness": -1.760543942451477,
      "mid_to_side_loudness_range": 10.760886192321777,
      "side_mean": -49.4289436340332
    },
    {
      "high_freq": 392.3793640136719,
      "loudness": -35.55926513671875,
      "loudness_range": 18.915977478027344,
      "low_freq": 148.1999969482422,
      "mid_mean": -35.622840881347656,
      "mid_to_side_loudness": 0.7407997846603394,
      "mid_to_side_loudness_range": 8.07420539855957,
      "side_mean": -35.00973129272461
    },
    {
      "high_freq": 794.6976318359375,
      "loudness": -36.18266677856445,
      "loudness_range": 20.21749496459961,
      "low_freq": 392.3793640136719,
      "mid_mean": -36.001121520996094,
      "mid_to_side_loudness": 0.3335590958595276,
      "mid_to_side_loudness_range": 7.283963680267334,
      "side_mean": -35.50872039794922
    },
    {
      "high_freq": 1457.5709228515625,
      "loudness": -38.20109176635742,
      "loudness_range": 19.428430557250977,
      "low_freq": 794.6976318359375,
      "mid_mean": -37.78767395019531,
      "mid_to_side_loudness": 0.20855078101158142,
      "mid_to_side_loudness_range": 6.327803611755371,
      "side_mean": -37.59917449951172
    },
    {
      "high_freq": 2549.74365234375,
      "loudness": -38.60564422607422,
      "loudness_range": 21.460695266723633,
      "low_freq": 1457.5709228515625,
      "mid_mean": -38.515907287597656,
      "mid_to_side_loudness": 0.6232658624649048,
      "mid_to_side_loudness_range": 4.910835266113281,
      "side_mean": -37.804412841796875
    },
    {
      "high_freq": 4349.24462890625,
      "loudness": -41.66225814819336,
      "loudness_range": 26.20595932006836,
      "low_freq": 2549.74365234375,
      "mid_mean": -41.434417724609375,
      "mid_to_side_loudness": 0.29399093985557556,
      "mid_to_side_loudness_range": 3.464165687561035,
      "side_mean": -41.040775299072266
    },
    {
      "high_freq": 7314.1640625,
      "loudness": -54.50725173950195,
      "loudness_range": 29.407245635986328,
      "low_freq": 4349.24462890625,
      "mid_mean": -54.848114013671875,
      "mid_to_side_loudness": -0.14931175112724304,
      "mid_to_side_loudness_range": 3.19114351272583,
      "side_mean": -54.98725509643555
    },
    {
      "high_freq": 12199.2666015625,
      "loudness": -62.24024200439453,
      "loudness_range": 28.178688049316406,
      "low_freq": 7314.1640625,
      "mid_mean": -61.49345779418945,
      "mid_to_side_loudness": -0.022835692390799522,
      "mid_to_side_loudness_range": 1.5252227783203125,
      "side_mean": -61.508670806884766
    },
    {
      "loudness": -67.39667510986328,
      "loudness_range": 26.792747497558594,
      "low_freq": 12199.2666015625,
      "mid_mean": -65.3471908569336,
      "mid_to_side_loudness": -0.029159745201468468,
      "mid_to_side_loudness_range": 0.7500457763671875,
      "side_mean": -65.34857177734375
    }
  ],
  "bands_short": [
    {
      "high_freq": 148.1999969482422,
      "loudness": -53.32815170288086,
      "loudness_range": 32.21559143066406,
      "mid_mean": -51.66629409790039,
      "mid_to_side_loudness": -2.7292428016662598,
      "mid_to_side_loudness_range": 12.082650184631348,
      "side_mean": -53.68296432495117
    },
    {
      "high_freq": 392.3793640136719,
      "loudness": -35.59324645996094,
      "loudness_range": 18.71368408203125,
      "low_freq": 148.1999969482422,
      "mid_mean": -35.5638313293457,
      "mid_to_side_loudness": 0.38897594809532166,
      "mid_to_side_loudness_range": 9.6510009765625,
      "side_mean": -35.26433181762695
    },
    {
      "high_freq": 794.6976318359375,
      "loudness": -36.402488708496094,
      "loudness_range": 20.316484451293945,
      "low_freq": 392.3793640136719,
      "mid_mean": -36.5348014831543,
      "mid_to_side_loudness": 0.5997005105018616,
      "mid_to_side_loudness_range": 10.242613792419434,
      "side_mean": -35.796138763427734
    },
    {
      "high_freq": 1457.5709228515625,
      "loudness": -38.2508430480957,
      "loudness_range": 20.277320861816406,
      "low_freq": 794.6976318359375,
      "mid_mean": -38.00737380981445,
      "mid_to_side_loudness": 0.21037720143795013,
      "mid_to_side_loudness_range": 8.598501205444336,
      "side_mean": -37.78232955932617
    },
    {
      "high_freq": 2549.74365234375,
      "loudness": -39.050907135009766,
      "loudness_range": 22.179080963134766,
      "low_freq": 1457.5709228515625,
      "mid_mean": -39.050270080566406,
      "mid_to_side_loudness": 0.6660418510437012,
      "mid_to_side_loudness_range": 6.998932838439941,
      "side_mean": -38.31263732910156
    },
    {
      "high_freq": 4349.24462890625,
      "loudness": -42.09328079223633,
      "loudness_range": 26.532638549804688,
      "low_freq": 2549.74365234375,
      "mid_mean": -41.88037109375,
      "mid_to_side_loudness": 0.24639128148555756,
      "mid_to_side_loudness_range": 4.915753364562988,
      "side_mean": -41.5653076171875
    },
    {
      "high_freq": 7314.1640625,
      "loudness": -54.8797607421875,
      "loudness_range": 29.58753204345703,
      "low_freq": 4349.24462890625,
      "mid_mean": -55.248817443847656,
      "mid_to_side_loudness": -0.11427942663431168,
      "mid_to_side_loudness_range": 4.778827667236328,
      "side_mean": -55.352394104003906
    },
    {
      "high_freq": 12199.2666015625,
      "loudness": -62.606117248535156,
      "loudness_range": 28.352256774902344,
      "low_freq": 7314.1640625,
      "mid_mean": -61.83658981323242,
      "mid_to_side_loudness": -0.021947212517261505,
      "mid_to_side_loudness_range": 2.6910858154296875,
      "side_mean": -61.8516731262207
    },
    {
      "loudness": -67.55960083007812,
      "loudness_range": 26.656356811523438,
      "low_freq": 12199.2666015625,
      "mid_mean": -65.57303619384766,
      "mid_to_side_loudness": 0.040965236723423004,
      "mid_to_side_loudness_range": 1.8420220613479614,
      "side_mean": -65.57215118408203
    }
  ],
  "bandwidth": 729.1265258789062,
  "channels": 2,
  "covariance": [
    [
      106.60445404052734,
      118.63404846191406,
      24.34479331970215,
      18.70674705505371,
      11.980842590332031,
      17.131494522094727,
      10.861762046813965,
      10.312507629394531,
      7.0919599533081055,
      7.160134315490723,
      0.6208624839782715,
      1.4608978033065796,
      13.958990097045898,
      14.037636756896973,
      4.8713507652282715,
      4.740982532501221,
      2.8281168937683105,
      2.8828043937683105
    ],
    [
      118.63404846191406,
      139.33065795898438,
      26.851842880249023,
      19.725614547729492,
      13.056733131408691,
      19.471891403198242,
      12.215401649475098,
      11.646980285644531,
      8.392118453979492,
      8.451112747192383,
      0.08033063262701035,
      1.1205649375915527,
      15.328839302062988,
      15.324871063232422,
      4.770970821380615,
      4.6892991065979,
      1.9828944206237793,
      2.0777618885040283
    ],
    [
      24.34479331970215,
      26.851842880249023,
      53.882476806640625,
      43.176334381103516,
      35.5085334777832,
      37.17533874511719,
      35.81625747680664,
      36.0279426574707,
      37.78143310546875,
      37.625797271728516,
      38.654056549072266,
      38.60062789916992,
      42.1259765625,
      42.538265228271484,
      31.961570739746094,
      32.076168060302734,
      23.063859939575195,
      23.14980125427246
    ],
    [
      18.70674705505371,
      19.725614547729492,
      43.176334381103516,
      44.236366271972656,
      31.036489486694336,
      31.349010467529297,
      29.948274612426758,
      31.04962158203125,
      31.171907424926758,
      30.32645034790039,
      31.19523048400879,
      31.111621856689453,
      33.685882568359375,
      34.04775619506836,
      24.848369598388672,
      24.91010284423828,
      18.29562759399414,
      18.34255599975586
    ],
    [
      11.980842590332031,
      13.056733131408691,
      35.5085334777832,
      31.036489486694336,
      53.49888229370117,
      46.643699645996094,
      37.41599655151367,
      38.17163848876953,
      40.61024475097656,
      40.06422424316406,
      43.72573471069336,
      43.282196044921875,
      43.03068923950195,
      43.15478515625,
      32.30582046508789,
      32.435604095458984,
      20.737417221069336,
      20.75567626953125
    ],
    [
      17.131494522094727,
      19.471891403198242,
      37.17533874511719,
      31.349010467529297,
      46.643699645996094,
      49.54484558105469,
      36.973350524902344,
      37.62525177001953,
      39.84016036987305,
      40.05886459350586,
      42.75684356689453,
      42.214725494384766,
      42.8266487121582,
      43.05856704711914,
      32.604915618896484,
      32.70850372314453,
      21.4805965423584,
      21.52811050415039
    ],
    [
      10.861762046813965,
      12.215401649475098,
      35.81625747680664,
      29.948274612426758,
      37.41599655151367,
      36.973350524902344,
      50.22147750854492,
      45.967838287353516,
      47.48421859741211,
      47.45698928833008,
      52.19070816040039,
      51.17696762084961,
      53.49186325073242,
      53.55743408203125,
      40.58025360107422,
      40.79103088378906,
      28.68914222717285,
      28.764062881469727
    ],
    [
      10.312507629394531,
      11.646980285644531,
      36.0279426574707,
      31.04962158203125,
      38.17163848876953,
      37.62525177001953,
      45.967838287353516,
      47.97213363647461,
      46.293792724609375,
      45.943294525146484,
      49.101661682128906,
      47.9112548828125,
      50.580963134765625,
      50.61317825317383,
      38.84165573120117,
      39.00475311279297,
      27.06133460998535,
      27.140073776245117
    ],
    [
      7.0919599533081055,
      8.392118453979492,
      37.78143310546875,
      31.171907424926758,
      40.61024475097656,
      39.84016036987305,
      47.48421859741211,
      46.293792724609375,
      62.812843322753906,
      59.79441833496094,
      59.649288177490234,
      57.919677734375,
      61.104820251464844,
      60.90911102294922,
      47.08287811279297,
      47.30876541137695,
      32.21343231201172,
      32.271976470947266
    ],
    [
      7.160134315490723,
      8.451112747192383,
      37.625797271728516,
      30.32645034790039,
      40.06422424316406,
      40.05886459350586,
      47.45698928833008,
      45.943294525146484,
      59.79441833496094,
      61.52738571166992,
      59.823429107666016,
      58.57455825805664,
      61.38443374633789,
      61.2364616394043,
      47.32806396484375,
      47.56814193725586,
      32.50359344482422,
      32.564945220947266
    ],
    [
      0.6208624839782715,
      0.08033063262701035,
      38.654056549072266,
      31.19523048400879,
      43.72573471069336,
      42.75684356689453,
      52.19070816040039,
      49.101661682128906,
      59.649288177490234,
      59.823429107666016,
      81.20448303222656,
      78.84298706054688,
      78.00345611572266,
      77.76669311523438,
      63.49577713012695,
      63.737789154052734,
      44.33998489379883,
      44.350215911865234
    ],
    [
      1.4608978033065796,
      1.1205649375915527,
      38.60062789916992,
      31.111621856689453,
      43.282196044921875,
      42.214725494384766,
      51.17696762084961,
      47.9112548828125,
      57.919677734375,
      58.57455825805664,
      78.84298706054688,
      79.9419174194336,
      77.07742309570312,
      76.79291534423828,
      63.0521354675293,
      63.27812576293945,
      44.21065139770508,
      44.21105194091797
    ],
    [
      13.958990097045898,
      15.328839302062988,
      42.1259765625,
      33.685882568359375,
      43.03068923950195,
      42.8266487121582,
      53.49186325073242,
      50.580963134765625,
      61.104820251464844,
      61.38443374633789,
      78.00345611572266,
      77.07742309570312,
      93.22799682617188,
      92.31702423095703,
      71.73192596435547,
      71.968017578125,
      50.88301086425781,
      50.90817642211914
    ],
    [
      14.037636756896973,
      15.324871063232422,
      42.538265228271484,
      34.04775619506836,
      43.15478515625,
      43.05856704711914,
      53.55743408203125,
      50.61317825317383,
      60.90911102294922,
      61.2364616394043,
      77.76669311523438,
      76.79291534423828,
      92.31702423095703,
      92.40983581542969,
      71.43156433105469,
      71.66122436523438,
      50.72312545776367,
      50.74544906616211
    ],
    [
      4.8713507652282715,
      4.770970821380615,
      31.961570739746094,
      24.848369598388672,
      32.30582046508789,
      32.604915618896484,
      40.58025360107422,
      38.84165573120117,
      47.08287811279297,
      47.32806396484375,
      63.49577713012695,
      63.0521354675293,
      71.73192596435547,
      71.43156433105469,
      61.87042236328125,
      62.00480651855469,
      44.73243713378906,
      44.74781036376953
    ],
    [
      4.740982532501221,
      4.6892991065979,
      32.076168060302734,
      24.91010284423828,
      32.435604095458984,
      32.70850372314453,
      40.79103088378906,
      39.00475311279297,
      47.30876541137695,
      47.56814193725586,
      63.737789154052734,
      63.27812576293945,
      71.968017578125,
      71.66122436523438,
      62.00480651855469,
      62.34174728393555,
      45.0234375,
      45.03596878051758
    ],
    [
      2.8281168937683105,
      1.9828944206237793,
      23.063859939575195,
      18.29562759399414,
      20.737417221069336,
      21.4805965423584,
      28.68914222717285,
      27.06133460998535,
      32.21343231201172,
      32.50359344482422,
      44.33998489379883,
      44.21065139770508,
      50.88301086425781,
      50.72312545776367,
      44.73243713378906,
      45.0234375,
      35.82257843017578,
      35.83137130737305
    ],
    [
      2.8828043937683105,
      2.0777618885040283,
      23.14980125427246,
      18.34255599975586,
      20.75567626953125,
      21.52811050415039,
      28.764062881469727,
      27.140073776245117,
      32.271976470947266,
      32.564945220947266,
      44.350215911865234,
      44.21105194091797,
      50.90817642211914,
      50.74544906616211,
      44.74781036376953,
      45.03596878051758,
      35.83137130737305,
      35.86343765258789
    ]
  ],
  "covariance_short": [
    [
      103.59835815429688,
      110.6492919921875,
      28.859312057495117,
      22.363561630249023,
      14.049947738647461,
      17.369253158569336,
      12.18269157409668,
      10.895726203918457,
      8.904695510864258,
      8.945181846618652,
      4.546089172363281,
      5.183790683746338,
      15.179920196533203,
      15.441763877868652,
      7.216399669647217,
      7.073240756988525,
      5.280422210693359,
      5.3347954750061035
    ],
    [
      110.6492919921875,
      129.39785766601562,
      31.115705490112305,
      23.785680770874023,
      13.916967391967773,
      18.348995208740234,
      12.280135154724121,
      11.09906005859375,
      8.000447273254395,
      8.12722110748291,
      2.3265321254730225,
      3.1897122859954834,
      14.569175720214844,
      14.718905448913574,
      5.800748825073242,
      5.673852920532227,
      4.148096561431885,
      4.226941108703613
    ],
    [
      28.859312057495117,
      31.115705490112305,
      52.62968444824219,
      42.26972961425781,
      31.924488067626953,
      33.770172119140625,
      33.94520568847656,
      33.5229606628418,
      34.463138580322266,
      34.989234924316406,
      35.6188850402832,
      35.73967361450195,
      38.26180648803711,
      38.77650833129883,
      28.904563903808594,
      28.93329620361328,
      21.04158592224121,
      21.108341217041016
    ],
    [
      22.363561630249023,
      23.785680770874023,
      42.26972961425781,
      46.16228485107422,
      29.58332633972168,
      30.839027404785156,
      28.984485626220703,
      29.663679122924805,
      29.057357788085938,
      29.1208553314209,
      29.285789489746094,
      29.37944984436035,
      31.610801696777344,
      32.0087776184082,
      23.461923599243164,
      23.498584747314453,
      17.371477127075195,
      17.405960083007812
    ],
    [
      14.049947738647461,
      13.916967391967773,
      31.924488067626953,
      29.58332633972168,
      56.34034729003906,
      46.14847946166992,
      36.674320220947266,
      37.76935577392578,
      38.90862274169922,
      38.51123809814453,
      41.54151916503906,
      41.518619537353516,
      40.87081527709961,
      40.862144470214844,
      30.11125373840332,
      30.175947189331055,
      18.673812866210938,
      18.69776153564453
    ],
    [
      17.369253158569336,
      18.348995208740234,
      33.770172119140625,
      30.839027404785156,
      46.14847946166992,
      51.81917953491211,
      36.16077423095703,
      36.97865676879883,
      37.995094299316406,
      38.0689582824707,
      40.19586181640625,
      39.98670196533203,
      40.032623291015625,
      40.21803665161133,
      29.7308349609375,
      29.759326934814453,
      18.85004234313965,
      18.89472770690918
    ],
    [
      12.18269157409668,
      12.280135154724121,
      33.94520568847656,
      28.984485626220703,
      36.674320220947266,
      36.16077423095703,
      54.57117462158203,
      47.415565490722656,
      48.28041076660156,
      48.6767578125,
      53.7150993347168,
      53.0703239440918,
      53.980735778808594,
      54.073516845703125,
      40.48733139038086,
      40.652915954589844,
      28.226186752319336,
      28.287797927856445
    ],
    [
      10.895726203918457,
      11.09906005859375,
      33.5229606628418,
      29.663679122924805,
      37.76935577392578,
      36.97865676879883,
      47.415565490722656,
      51.84425354003906,
      46.92372512817383,
      46.969505310058594,
      50.20334243774414,
      49.40864562988281,
      50.76011657714844,
      50.814483642578125,
      38.65431594848633,
      38.795692443847656,
      26.824983596801758,
      26.89960289001465
    ],
    [
      8.904695510864258,
      8.000447273254395,
      34.463138580322266,
      29.057357788085938,
      38.90862274169922,
      37.995094299316406,
      48.28041076660156,
      46.92372512817383,
      65.08106231689453,
      60.606170654296875,
      59.862457275390625,
      58.75509262084961,
      60.386287689208984,
      60.14959716796875,
      45.876651763916016,
      46.07545471191406,
      31.14090347290039,
      31.205078125
    ],
    [
      8.945181846618652,
      8.12722110748291,
      34.989234924316406,
      29.1208553314209,
      38.51123809814453,
      38.0689582824707,
      48.6767578125,
      46.969505310058594,
      60.606170654296875,
      64.470947265625,
      59.83771896362305,
      58.82514953613281,
      60.42787551879883,
      60.32322692871094,
      45.72079849243164,
      45.974491119384766,
      31.124866485595703,
      31.193635940551758
    ],
    [
      4.546089172363281,
      2.3265321254730225,
      35.6188850402832,
      29.285789489746094,
      41.54151916503906,
      40.19586181640625,
      53.7150993347168,
      50.20334243774414,
      59.862457275390625,
      59.83771896362305,
      83.23992919921875,
      80.3643569946289,
      77.54875946044922,
      77.44041442871094,
      62.12294006347656,
      62.28701400756836,
      42.77092742919922,
      42.80141067504883
    ],
    [
      5.183790683746338,
      3.1897122859954834,
      35.73967361450195,
      29.37944984436035,
      41.518619537353516,
      39.98670196533203,
      53.0703239440918,
      49.40864562988281,
      58.75509262084961,
      58.82514953613281,
      80.3643569946289,
      82.72096252441406,
      77.03870391845703,
      76.82479858398438,
      62.040706634521484,
      62.19069290161133,
      42.85710906982422,
      42.87733459472656
    ],
    [
      15.179920196533203,
      14.569175720214844,
      38.26180648803711,
      31.610801696777344,
      40.87081527709961,
      40.032623291015625,
      53.980735778808594,
      50.76011657714844,
      60.386287689208984,
      60.42787551879883,
      77.54875946044922,
      77.03870391845703,
      93.76969146728516,
      92.27289581298828,
      70.13159942626953,
      70.28641510009766,
      49.14838790893555,
      49.18865966796875
    ],
    [
      15.441763877868652,
      14.718905448913574,
      38.77650833129883,
      32.0087776184082,
      40.862144470214844,
      40.21803665161133,
      54.073516845703125,
      50.814483642578125,
      60.14959716796875,
      60.32322692871094,
      77.44041442871094,
      76.82479858398438,
      92.27289581298828,
      93.15142059326172,
      70.0020523071289,
      70.16148376464844,
      49.08079147338867,
      49.114200592041016
    ],
    [
      7.216399669647217,
      5.800748825073242,
      28.904563903808594,
      23.461923599243164,
      30.11125373840332,
      29.7308349609375,
      40.48733139038086,
      38.65431594848633,
      45.876651763916016,
      45.72079849243164,
      62.12294006347656,
      62.040706634521484,
      70.13159942626953,
      70.0020523071289,
      61.47309112548828,
      61.32978057861328,
      43.36087417602539,
      43.39934158325195
    ],
    [
      7.073240756988525,
      5.673852920532227,
      28.93329620361328,
      23.498584747314453,
      30.175947189331055,
      29.759326934814453,
      40.652915954589844,
      38.795692443847656,
      46.07545471191406,
      45.974491119384766,
      62.28701400756836,
      62.19069290161133,
      70.28641510009766,
      70.16148376464844,
      61.32978057861328,
      61.83040237426758,
      43.56891632080078,
      43.608428955078125
    ],
    [
      5.280422210693359,
      4.148096561431885,
      21.04158592224121,
      17.371477127075195,
      18.673812866210938,
      18.85004234313965,
      28.226186752319336,
      26.824983596801758,
      31.14090347290039,
      31.124866485595703,
      42.77092742919922,
      42.85710906982422,
      49.14838790893555,
      49.08079147338867,
      43.36087417602539,
      43.56891632080078,
      34.96730422973633,
      34.948631286621094
    ],
    [
      5.3347954750061035,
      4.226941108703613,
      21.108341217041016,
      17.405960083007812,
      18.69776153564453,
      18.89472770690918,
      28.287797927856445,
      26.89960289001465,
      31.205078125,
      31.193635940551758,
      42.80141067504883,
      42.87733459472656,
      49.18865966796875,
      49.114200592041016,
      43.39934158325195,
      43.608428955078125,
      34.948631286621094,
      35.033260345458984
    ]
  ],
  "damage": -18.882896423339844,
  "diff_bandwidth": 797.7977905273438,
  "dissonance": 6.313217462234125,
  "drr": -1.869580864906311,
  "dynamics": 5.520030498504639,
  "format": 1245190,
  "frames": 10474432,
  "loudness": -25.653606414794922,
  "loudness_range": 17.152359008789062,
  "loudness_range_short": 18.036170959472656,
  "lowpass_true_peak_15khz": -4.800493240356445,
  "mastering3_acoustic_entropies": [
    {
      "acoustic_entropy": 6.098007678985596,
      "acoustic_entropy_mono": 6.300926208496094,
      "band_eliminated_acoustic_entropies": [
        {
          "acoustic_entropy": 6.097989559173584,
          "acoustic_entropy_side": 6.099064826965332,
          "hz": 129.47220167065723
        },
        {
          "acoustic_entropy": 5.926289081573486,
          "acoustic_entropy_side": 6.092874526977539,
          "hz": 202.92927478742237
        },
        {
          "acoustic_entropy": 5.8915696144104,
          "acoustic_entropy_side": 6.133039951324463,
          "hz": 282.89161906338205
        },
        {
          "acoustic_entropy": 6.1175456047058105,
          "acoustic_entropy_side": 6.152209281921387,
          "hz": 369.9353335868758
        },
        {
          "acoustic_entropy": 6.236551284790039,
          "acoustic_entropy_side": 6.32798433303833,
          "hz": 464.6875360973435
        },
        {
          "acoustic_entropy": 6.492220401763916,
          "acoustic_entropy_side": 6.491764545440674,
          "hz": 567.8308811364784
        },
        {
          "acoustic_entropy": 5.65903902053833,
          "acoustic_entropy_side": 6.333723545074463,
          "hz": 680.1084783214808
        },
        {
          "acoustic_entropy": 6.194035053253174,
          "acoustic_entropy_side": 6.239530563354492,
          "hz": 802.3292461747484
        },
        {
          "acoustic_entropy": 5.913154602050781,
          "acoustic_entropy_side": 5.923980712890625,
          "hz": 935.3737400823702
        },
        {
          "acoustic_entropy": 6.2083964347839355,
          "acoustic_entropy_side": 6.392261505126953,
          "hz": 1080.2004963696966
        },
        {
          "acoustic_entropy": 5.942012786865234,
          "acoustic_entropy_side": 6.2346882820129395,
          "hz": 1237.8529382007157
        },
        {
          "acoustic_entropy": 5.9483489990234375,
          "acoustic_entropy_side": 6.084017276763916,
          "hz": 1409.4668930556702
        },
        {
          "acoustic_entropy": 5.861667633056641,
          "acoustic_entropy_side": 5.771551609039307,
          "hz": 1596.2787759475705
        },
        {
          "acoustic_entropy": 6.20350456237793,
          "acoustic_entropy_side": 6.13819694519043,
          "hz": 1799.6344973346393
        },
        {
          "acoustic_entropy": 5.520209789276123,
          "acoustic_entropy_side": 5.711300849914551,
          "hz": 2020.9991599069049
        },
        {
          "acoustic_entropy": 6.534965991973877,
          "acoustic_entropy_side": 6.388715744018555,
          "hz": 2261.9676141086993
        },
        {
          "acoustic_entropy": 5.859010219573975,
          "acoustic_entropy_side": 6.23493766784668,
          "hz": 2524.2759484456974
        },
        {
          "acoustic_entropy": 6.240303993225098,
          "acoustic_entropy_side": 6.253577709197998,
          "hz": 2809.813997359896
        },
        {
          "acoustic_entropy": 6.000514984130859,
          "acoustic_entropy_side": 6.032435894012451,
          "hz": 3120.6389567871424
        },
        {
          "acoustic_entropy": 5.933500289916992,
          "acoustic_entropy_side": 6.009557247161865,
          "hz": 3458.990205492291
        },
        {
          "acoustic_entropy": 6.100761413574219,
          "acoustic_entropy_side": 6.323444366455078,
          "hz": 3827.305438964164
        },
        {
          "acoustic_entropy": 6.224343776702881,
          "acoustic_entropy_side": 6.337841033935547,
          "hz": 4228.238232109126
        },
        {
          "acoustic_entropy": 5.904576778411865,
          "acoustic_entropy_side": 6.078482627868652,
          "hz": 4664.6771572759235
        },
        {
          "acoustic_entropy": 6.166598796844482,
          "acoustic_entropy_side": 6.135379791259766,
          "hz": 5139.766595350093
        },
        {
          "acoustic_entropy": 6.13430118560791,
          "acoustic_entropy_side": 6.121395111083984,
          "hz": 5656.929389854203
        },
        {
          "acoustic_entropy": 6.118881702423096,
          "acoustic_entropy_side": 6.1095075607299805,
          "hz": 6219.891507268283
        },
        {
          "acoustic_entropy": 6.135688781738281,
          "acoustic_entropy_side": 6.11561918258667,
          "hz": 6832.70888123896
        },
        {
          "acoustic_entropy": 6.105607032775879,
          "acoustic_entropy_side": 6.101025104522705,
          "hz": 7499.796634079867
        },
        {
          "acoustic_entropy": 6.108247756958008,
          "acoustic_entropy_side": 6.102686405181885,
          "hz": 8225.96088609342
        },
        {
          "acoustic_entropy": 6.100696086883545,
          "acoustic_entropy_side": 6.098979949951172,
          "hz": 9016.43338188839
        },
        {
          "acoustic_entropy": 6.101522922515869,
          "acoustic_entropy_side": 6.099676132202148,
          "hz": 9876.909183162974
        },
        {
          "acoustic_entropy": 6.101062774658203,
          "acoustic_entropy_side": 6.099654674530029,
          "hz": 10813.587699516042
        },
        {
          "acoustic_entropy": 6.099680423736572,
          "acoustic_entropy_side": 6.098842144012451,
          "hz": 11833.21735289826
        },
        {
          "acoustic_entropy": 6.099879741668701,
          "acoustic_entropy_side": 6.098957061767578,
          "hz": 12943.144197493959
        },
        {
          "acoustic_entropy": 6.099289894104004,
          "acoustic_entropy_side": 6.098635673522949,
          "hz": 14151.364845322005
        },
        {
          "acoustic_entropy": 6.098653316497803,
          "acoustic_entropy_side": 6.098331928253174,
          "hz": 15466.58407886509
        },
        {
          "acoustic_entropy": 6.098569393157959,
          "acoustic_entropy_side": 6.098278522491455,
          "hz": 16898.27756580493
        },
        {
          "acoustic_entropy": 6.098806381225586,
          "acoustic_entropy_side": 6.098392486572266,
          "hz": 18456.760127700032
        },
        {
          "acoustic_entropy": 6.098526477813721,
          "acoustic_entropy_side": 6.09826135635376,
          "hz": 20153.260054456492
        },
        {
          "acoustic_entropy": 6.098014831542969,
          "acoustic_entropy_side": 6.098011016845703,
          "hz": 22000.00000000001
        }
      ],
      "diff_acoustic_entropy": 2.321476459503174,
      "sn": 6
    },
    {
      "acoustic_entropy": 9.956381797790527,
      "acoustic_entropy_mono": 10.485686302185059,
      "band_eliminated_acoustic_entropies": [
        {
          "acoustic_entropy": 10.13064193725586,
          "acoustic_entropy_side": 10.100351333618164,
          "hz": 129.47220167065723
        },
        {
          "acoustic_entropy": 9.90713882446289,
          "acoustic_entropy_side": 10.216971397399902,
          "hz": 202.92927478742237
        },
        {
          "acoustic_entropy": 9.701976776123047,
          "acoustic_entropy_side": 10.409826278686523,
          "hz": 282.89161906338205
        },
        {
          "acoustic_entropy": 10.202353477478027,
          "acoustic_entropy_side": 10.405949592590332,
          "hz": 369.9353335868758
        },
        {
          "acoustic_entropy": 10.590782165527344,
          "acoustic_entropy_side": 10.892901420593262,
          "hz": 464.6875360973435
        },
        {
          "acoustic_entropy": 10.372851371765137,
          "acoustic_entropy_side": 10.627540588378906,
          "hz": 567.8308811364784
        },
        {
          "acoustic_entropy": 9.893997192382812,
          "acoustic_entropy_side": 10.71768856048584,
          "hz": 680.1084783214808
        },
        {
          "acoustic_entropy": 10.598254203796387,
          "acoustic_entropy_side": 10.13883113861084,
          "hz": 802.3292461747484
        },
        {
          "acoustic_entropy": 10.349790573120117,
          "acoustic_entropy_side": 10.113870620727539,
          "hz": 935.3737400823702
        },
        {
          "acoustic_entropy": 10.360689163208008,
          "acoustic_entropy_side": 10.204219818115234,
          "hz": 1080.2004963696966
        },
        {
          "acoustic_entropy": 10.912005424499512,
          "acoustic_entropy_side": 10.987557411193848,
          "hz": 1237.8529382007157
        },
        {
          "acoustic_entropy": 11.325723648071289,
          "acoustic_entropy_side": 11.063376426696777,
          "hz": 1409.4668930556702
        },
        {
          "acoustic_entropy": 10.733390808105469,
          "acoustic_entropy_side": 10.178338050842285,
          "hz": 1596.2787759475705
        },
        {
          "acoustic_entropy": 9.991881370544434,
          "acoustic_entropy_side": 10.06169605255127,
          "hz": 1799.6344973346393
        },
        {
          "acoustic_entropy": 9.467607498168945,
          "acoustic_entropy_side": 10.206262588500977,
          "hz": 2020.9991599069049
        },
        {
          "acoustic_entropy": 10.707716941833496,
          "acoustic_entropy_side": 10.062400817871094,
          "hz": 2261.9676141086993
        },
        {
          "acoustic_entropy": 9.96711254119873,
          "acoustic_entropy_side": 10.39326286315918,
          "hz": 2524.2759484456974
        },
        {
          "acoustic_entropy": 10.622334480285645,
          "acoustic_entropy_side": 9.945086479187012,
          "hz": 2809.813997359896
        },
        {
          "acoustic_entropy": 10.289079666137695,
          "acoustic_entropy_side": 9.823844909667969,
          "hz": 3120.6389567871424
        },
        {
          "acoustic_entropy": 9.83659839630127,
          "acoustic_entropy_side": 9.94568920135498,
          "hz": 3458.990205492291
        },
        {
          "acoustic_entropy": 10.319221496582031,
          "acoustic_entropy_side": 10.554544448852539,
          "hz": 3827.305438964164
        },
        {
          "acoustic_entropy": 10.394148826599121,
          "acoustic_entropy_side": 10.057333946228027,
          "hz": 4228.238232109126
        },
        {
          "acoustic_entropy": 10.183796882629395,
          "acoustic_entropy_side": 10.262648582458496,
          "hz": 4664.6771572759235
        },
        {
          "acoustic_entropy": 10.015030860900879,
          "acoustic_entropy_side": 9.963099479675293,
          "hz": 5139.766595350093
        },
        {
          "acoustic_entropy": 9.853355407714844,
          "acoustic_entropy_side": 9.952506065368652,
          "hz": 5656.929389854203
        },
        {
          "acoustic_entropy": 10.014579772949219,
          "acoustic_entropy_side": 9.85420036315918,
          "hz": 6219.891507268283
        },
        {
          "acoustic_entropy": 9.806419372558594,
          "acoustic_entropy_side": 9.859976768493652,
          "hz": 6832.70888123896
        },
        {
          "acoustic_entropy": 9.863332748413086,
          "acoustic_entropy_side": 9.866848945617676,
          "hz": 7499.796634079867
        },
        {
          "acoustic_entropy": 9.844725608825684,
          "acoustic_entropy_side": 9.881505966186523,
          "hz": 8225.96088609342
        },
        {
          "acoustic_entropy": 10.008110046386719,
          "acoustic_entropy_side": 9.955708503723145,
          "hz": 9016.43338188839
        },
        {
          "acoustic_entropy": 9.898118019104004,
          "acoustic_entropy_side": 9.920699119567871,
          "hz": 9876.909183162974
        },
        {
          "acoustic_entropy": 9.89298152923584,
          "acoustic_entropy_side": 9.914648056030273,
          "hz": 10813.587699516042
        },
        {
          "acoustic_entropy": 9.918254852294922,
          "acoustic_entropy_side": 9.93032455444336,
          "hz": 11833.21735289826
        },
        {
          "acoustic_entropy": 9.916489601135254,
          "acoustic_entropy_side": 9.92960262298584,
          "hz": 12943.144197493959
        },
        {
          "acoustic_entropy": 9.910136222839355,
          "acoustic_entropy_side": 9.928094863891602,
          "hz": 14151.364845322005
        },
        {
          "acoustic_entropy": 9.906280517578125,
          "acoustic_entropy_side": 9.92255973815918,
          "hz": 15466.58407886509
        },
        {
          "acoustic_entropy": 9.918258666992188,
          "acoustic_entropy_side": 9.936850547790527,
          "hz": 16898.27756580493
        },
        {
          "acoustic_entropy": 9.933370590209961,
          "acoustic_entropy_side": 9.944278717041016,
          "hz": 18456.760127700032
        },
        {
          "acoustic_entropy": 9.929276466369629,
          "acoustic_entropy_side": 9.938788414001465,
          "hz": 20153.260054456492
        },
        {
          "acoustic_entropy": 9.952920913696289,
          "acoustic_entropy_side": 9.95466423034668,
          "hz": 22000.00000000001
        }
      ],
      "diff_acoustic_entropy": 4.501674175262451,
      "sn": 12
    },
    {
      "acoustic_entropy": 18.802793502807617,
      "acoustic_entropy_mono": 18.694683074951172,
      "band_eliminated_acoustic_entropies": [
        {
          "acoustic_entropy": 18.827762603759766,
          "acoustic_entropy_side": 18.872745513916016,
          "hz": 129.47220167065723
        },
        {
          "acoustic_entropy": 18.73918914794922,
          "acoustic_entropy_side": 18.540462493896484,
          "hz": 202.92927478742237
        },
        {
          "acoustic_entropy": 19.79546356201172,
          "acoustic_entropy_side": 19.3524227142334,
          "hz": 282.89161906338205
        },
        {
          "acoustic_entropy": 19.647891998291016,
          "acoustic_entropy_side": 18.95378303527832,
          "hz": 369.9353335868758
        },
        {
          "acoustic_entropy": 18.77696418762207,
          "acoustic_entropy_side": 19.362764358520508,
          "hz": 464.6875360973435
        },
        {
          "acoustic_entropy": 18.301788330078125,
          "acoustic_entropy_side": 19.10319709777832,
          "hz": 567.8308811364784
        },
        {
          "acoustic_entropy": 18.62019157409668,
          "acoustic_entropy_side": 18.95050048828125,
          "hz": 680.1084783214808
        },
        {
          "acoustic_entropy": 19.39458656311035,
          "acoustic_entropy_side": 19.004356384277344,
          "hz": 802.3292461747484
        },
        {
          "acoustic_entropy": 18.56783103942871,
          "acoustic_entropy_side": 18.35190773010254,
          "hz": 935.3737400823702
        },
        {
          "acoustic_entropy": 19.17378044128418,
          "acoustic_entropy_side": 18.697139739990234,
          "hz": 1080.2004963696966
        },
        {
          "acoustic_entropy": 17.73365592956543,
          "acoustic_entropy_side": 18.63591766357422,
          "hz": 1237.8529382007157
        },
        {
          "acoustic_entropy": 18.43246078491211,
          "acoustic_entropy_side": 18.950374603271484,
          "hz": 1409.4668930556702
        },
        {
          "acoustic_entropy": 18.35733413696289,
          "acoustic_entropy_side": 18.982555389404297,
          "hz": 1596.2787759475705
        },
        {
          "acoustic_entropy": 18.90467643737793,
          "acoustic_entropy_side": 19.077625274658203,
          "hz": 1799.6344973346393
        },
        {
          "acoustic_entropy": 18.716276168823242,
          "acoustic_entropy_side": 19.040254592895508,
          "hz": 2020.9991599069049
        },
        {
          "acoustic_entropy": 18.410938262939453,
          "acoustic_entropy_side": 19.27247428894043,
          "hz": 2261.9676141086993
        },
        {
          "acoustic_entropy": 18.130582809448242,
          "acoustic_entropy_side": 19.338300704956055,
          "hz": 2524.2759484456974
        },
        {
          "acoustic_entropy": 18.79010581970215,
          "acoustic_entropy_side": 19.426313400268555,
          "hz": 2809.813997359896
        },
        {
          "acoustic_entropy": 17.65599250793457,
          "acoustic_entropy_side": 18.3485164642334,
          "hz": 3120.6389567871424
        },
        {
          "acoustic_entropy": 18.1334285736084,
          "acoustic_entropy_side": 18.899747848510742,
