{
  "acoustic_entropy": 188.37173461914062,
  "bands": [
    {
      "high_freq": 148.1999969482422,
      "loudness": -62.94504928588867,
      "loudness_range": 3.6541175842285156,
      "mid_mean": -63.18425750732422,
      "mid_to_side_loudness": 2.645256280899048,
      "mid_to_side_loudness_range": 7.350536346435547,
      "side_mean": -60.98579788208008
    },
    {
      "high_freq": 392.3793640136719,
      "loudness": -36.301971435546875,
      "loudness_range": 10.07144546508789,
      "low_freq": 148.1999969482422,
      "mid_mean": -33.86339569091797,
      "mid_to_side_loudness": -13.41319751739502,
      "mid_to_side_loudness_range": 22.78226089477539,
      "side_mean": -54.920860290527344
    },
    {
      "high_freq": 794.6976318359375,
      "loudness": -32.877445220947266,
      "loudness_range": 18.747835159301758,
      "low_freq": 392.3793640136719,
      "mid_mean": -30.4516658782959,
      "mid_to_side_loudness": -7.66809606552124,
      "mid_to_side_loudness_range": 19.488929748535156,
      "side_mean": -38.47066116333008
    },
    {
      "high_freq": 1457.5709228515625,
      "loudness": -35.21738052368164,
      "loudness_range": 30.010135650634766,
      "low_freq": 794.6976318359375,
      "mid_mean": -32.638099670410156,
      "mid_to_side_loudness": -8.13888931274414,
      "mid_to_side_loudness_range": 17.861675262451172,
      "side_mean": -41.560455322265625
    },
    {
      "high_freq": 2549.74365234375,
      "loudness": -38.94192886352539,
      "loudness_range": 26.05649757385254,
      "low_freq": 1457.5709228515625,
      "mid_mean": -36.357120513916016,
      "mid_to_side_loudness": -8.381135940551758,
      "mid_to_side_loudness_range": 17.119140625,
      "side_mean": -45.5483283996582
    },
    {
      "high_freq": 4349.24462890625,
      "loudness": -40.20582962036133,
      "loudness_range": 26.873416900634766,
      "low_freq": 2549.74365234375,
      "mid_mean": -37.57185745239258,
      "mid_to_side_loudness": -7.841142177581787,
      "mid_to_side_loudness_range": 14.963324546813965,
      "side_mean": -45.99292755126953
    },
    {
      "high_freq": 7314.1640625,
      "loudness": -43.777793884277344,
      "loudness_range": 27.11115074157715,
      "low_freq": 4349.24462890625,
      "mid_mean": -41.07976150512695,
      "mid_to_side_loudness": -7.57473611831665,
      "mid_to_side_loudness_range": 14.060944557189941,
      "side_mean": -49.28905487060547
    },
    {
      "high_freq": 12199.2666015625,
      "loudness": -49.65575408935547,
      "loudness_range": 24.61614990234375,
      "low_freq": 7314.1640625,
      "mid_mean": -47.79708480834961,
      "mid_to_side_loudness": -4.323373794555664,
      "mid_to_side_loudness_range": 10.084589958190918,
      "side_mean": -52.64282989501953
    },
    {
      "loudness": -55.91006088256836,
      "loudness_range": 24.99114990234375,
      "low_freq": 12199.2666015625,
      "mid_mean": -54.50912857055664,
      "mid_to_side_loudness": -1.965248465538025,
      "mid_to_side_loudness_range": 9.035618782043457,
      "side_mean": -56.367027282714844
    }
  ],
  "bands_short": [
    {
      "high_freq": 148.1999969482422,
      "loudness": -63.37397766113281,
      "loudness_range": 3.9701576232910156,
      "mid_mean": -63.88397979736328,
      "mid_to_side_loudness": 3.5594661235809326,
      "mid_to_side_loudness_range": 9.62369155883789,
      "side_mean": -61.105716705322266
    },
    {
      "high_freq": 392.3793640136719,
      "loudness": -41.50325393676758,
      "loudness_range": 27.94745635986328,
      "low_freq": 148.1999969482422,
      "mid_mean": -41.68158721923828,
      "mid_to_side_loudness": -12.631538391113281,
      "mid_to_side_loudness_range": 25.10774040222168,
      "side_mean": -58.39826583862305
    },
    {
      "high_freq": 794.6976318359375,
      "loudness": -33.79154968261719,
      "loudness_range": 19.840803146362305,
      "low_freq": 392.3793640136719,
      "mid_mean": -31.567216873168945,
      "mid_to_side_loudness": -7.638427734375,
      "mid_to_side_loudness_range": 22.19961166381836,
      "side_mean": -39.7703742980957
    },
    {
      "high_freq": 1457.5709228515625,
      "loudness": -35.140384674072266,
      "loudness_range": 30.08751106262207,
      "low_freq": 794.6976318359375,
      "mid_mean": -32.77839660644531,
      "mid_to_side_loudness": -7.605353832244873,
      "mid_to_side_loudness_range": 19.35199546813965,
      "side_mean": -40.96908950805664
    },
    {
      "high_freq": 2549.74365234375,
      "loudness": -40.37477111816406,
      "loudness_range": 27.530155181884766,
      "low_freq": 1457.5709228515625,
      "mid_mean": -37.90531539916992,
      "mid_to_side_loudness": -7.872126579284668,
      "mid_to_side_loudness_range": 18.672067642211914,
      "side_mean": -46.56510925292969
    },
    {
      "high_freq": 4349.24462890625,
      "loudness": -41.26201629638672,
      "loudness_range": 28.46353530883789,
      "low_freq": 2549.74365234375,
      "mid_mean": -38.73293685913086,
      "mid_to_side_loudness": -7.374568462371826,
      "mid_to_side_loudness_range": 15.659695625305176,
      "side_mean": -46.82148361206055
    },
    {
      "high_freq": 7314.1640625,
      "loudness": -44.907371520996094,
      "loudness_range": 29.31902313232422,
      "low_freq": 4349.24462890625,
      "mid_mean": -42.36185836791992,
      "mid_to_side_loudness": -7.117175102233887,
      "mid_to_side_loudness_range": 14.639007568359375,
      "side_mean": -50.67743682861328
    },
    {
      "high_freq": 12199.2666015625,
      "loudness": -50.82902145385742,
      "loudness_range": 26.44418716430664,
      "low_freq": 7314.1640625,
      "mid_mean": -49.242950439453125,
      "mid_to_side_loudness": -4.1835408210754395,
      "mid_to_side_loudness_range": 11.070343017578125,
      "side_mean": -53.800174713134766
    },
    {
      "loudness": -57.116703033447266,
      "loudness_range": 27.11343002319336,
      "low_freq": 12199.2666015625,
      "mid_mean": -55.59344482421875,
      "mid_to_side_loudness": -1.6718368530273438,
      "mid_to_side_loudness_range": 11.833349227905273,
      "side_mean": -57.37165069580078
    }
  ],
  "bandwidth": 1038.1593017578125,
  "channels": 2,
  "covariance": [
    [
      11.937840461730957,
      2.814391851425171,
      -1.1512372493743896,
      5.252158164978027,
      0.04383671283721924,
      -2.204974889755249,
      4.116631031036377,
      2.174565553665161,
      -0.10751829296350479,
      -0.7884465456008911,
      -0.6214329600334167,
      -2.4728410243988037,
      -2.162827253341675,
      -2.446965456008911,
      -2.821439266204834,
      -0.9468836188316345,
      -0.8873148560523987,
      -1.772720217704773
    ],
    [
      2.814391851425171,
      2.9334521293640137,
      -0.8863743543624878,
      3.022017002105713,
      -2.033480405807495,
      -0.6200125217437744,
      -1.659019947052002,
      -0.5902930498123169,
      -0.9148772954940796,
      -0.21212410926818848,
      -1.196342945098877,
      -0.5926871299743652,
      -2.257485866546631,
      -0.5519801378250122,
      -1.7304655313491821,
      3.254681348800659,
      2.889085054397583,
      2.480207681655884
    ],
    [
      -1.1512372493743896,
      -0.8863743543624878,
      58.86457061767578,
      24.22358512878418,
      10.76704216003418,
      2.012754440307617,
      -14.667778968811035,
      -21.319015502929688,
      2.7344679832458496,
      -4.03463077545166,
      4.658227920532227,
      -3.7596898078918457,
      19.364351272583008,
      7.135126113891602,
      11.125103950500488,
      5.05380392074585,
      10.244841575622559,
      4.464091777801514
    ],
    [
      5.252158164978027,
      3.022017002105713,
      24.22358512878418,
      76.78033447265625,
      10.585097312927246,
      -10.87345027923584,
      -9.873539924621582,
      -20.31068229675293,
      4.939714431762695,
      -12.979377746582031,
      12.474937438964844,
      -3.659421443939209,
      28.098100662231445,
      10.775720596313477,
      17.671133041381836,
      13.084460258483887,
      20.526517868041992,
      12.508663177490234
    ],
    [
      0.04383671283721924,
      -2.033480405807495,
      10.76704216003418,
      10.585097312927246,
      50.68901824951172,
      15.555633544921875,
      41.70981216430664,
      16.673540115356445,
      14.996941566467285,
      9.682936668395996,
      23.955400466918945,
      15.1585111618042,
      39.16091537475586,
      24.93854331970215,
      34.915679931640625,
      25.614789962768555,
      22.225313186645508,
      18.634092330932617
    ],
    [
      -2.204974889755249,
      -0.6200125217437744,
      2.012754440307617,
      -10.87345027923584,
      15.555633544921875,
      28.51361083984375,
      7.302095890045166,
      5.889163494110107,
      -5.589271068572998,
      6.099600791931152,
      -4.861849784851074,
      2.529538631439209,
      -1.5022966861724854,
      5.502336502075195,
      2.082470178604126,
      5.2881693840026855,
      0.2953174412250519,
      1.6417169570922852
    ],
    [
      4.116631031036377,
      -1.659019947052002,
      -14.667778968811035,
      -9.873539924621582,
      41.70981216430664,
      7.302095890045166,
      112.83711242675781,
      71.4361801147461,
      24.266508102416992,
      15.086751937866211,
      41.62181854248047,
      28.384214401245117,
      38.568973541259766,
      23.45962142944336,
      36.327938079833984,
      23.688312530517578,
      16.429473876953125,
      14.32187271118164
    ],
    [
      2.174565553665161,
      -0.5902930498123169,
      -21.319015502929688,
      -20.31068229675293,
      16.673540115356445,
      5.889163494110107,
      71.4361801147461,
      78.89417266845703,
      16.357446670532227,
      21.350370407104492,
      23.192636489868164,
      24.785804748535156,
      13.770505905151367,
      14.910859107971191,
      17.05980682373047,
      14.348414421081543,
      8.09029769897461,
      9.003320693969727
    ],
    [
      -0.10751829296350479,
      -0.9148772954940796,
      2.7344679832458496,
      4.939714431762695,
      14.996941566467285,
      -5.589271068572998,
      24.266508102416992,
      16.357446670532227,
      92.43907928466797,
      43.89106750488281,
      69.94218444824219,
      44.325042724609375,
      59.66019821166992,
      34.75899124145508,
      51.07331085205078,
      36.299137115478516,
      36.217567443847656,
      30.796768188476562
    ],
    [
      -0.7884465456008911,
      -0.21212410926818848,
      -4.03463077545166,
      -12.979377746582031,
      9.682936668395996,
      6.099600791931152,
      15.086751937866211,
      21.350370407104492,
      43.89106750488281,
      43.76046371459961,
      35.04637145996094,
      38.52450942993164,
      21.333959579467773,
      22.16370964050293,
      28.096111297607422,
      27.802406311035156,
      22.681535720825195,
      24.56791877746582
    ],
    [
      -0.6214329600334167,
      -1.196342945098877,
      4.658227920532227,
      12.474937438964844,
      23.955400466918945,
      -4.861849784851074,
      41.62181854248047,
      23.192636489868164,
      69.94218444824219,
      35.04637145996094,
      97.21104431152344,
      68.22142791748047,
      76.97664642333984,
      47.73904800415039,
      71.72034454345703,
      54.75705337524414,
      55.091033935546875,
      48.33222961425781
    ],
    [
      -2.4728410243988037,
      -0.5926871299743652,
      -3.7596898078918457,
      -3.659421443939209,
      15.1585111618042,
      2.529538631439209,
      28.384214401245117,
      24.785804748535156,
      44.325042724609375,
      38.52450942993164,
      68.22142791748047,
      73.43974304199219,
      46.291561126708984,
      41.15846252441406,
      56.07484817504883,
      54.128047943115234,
      49.74471664428711,
      50.93912124633789
    ],
    [
      -2.162827253341675,
      -2.257485866546631,
      19.364351272583008,
      28.098100662231445,
      39.16091537475586,
      -1.5022966861724854,
      38.568973541259766,
      13.770505905151367,
      59.66019821166992,
      21.333959579467773,
      76.97664642333984,
      46.291561126708984,
      97.03773498535156,
      55.965457916259766,
      78.27466583251953,
      55.51362228393555,
      57.102996826171875,
      46.04850769042969
    ],
    [
      -2.446965456008911,
      -0.5519801378250122,
      7.135126113891602,
      10.775720596313477,
      24.93854331970215,
      5.502336502075195,
      23.45962142944336,
      14.910859107971191,
      34.75899124145508,
      22.16370964050293,
      47.73904800415039,
      41.15846252441406,
      55.965457916259766,
      47.477867126464844,
      54.39821243286133,
      48.473758697509766,
      42.11820602416992,
      40.149959564208984
    ],
    [
      -2.821439266204834,
      -1.7304655313491821,
      11.125103950500488,
      17.671133041381836,
      34.915679931640625,
      2.082470178604126,
      36.327938079833984,
      17.05980682373047,
      51.07331085205078,
      28.096111297607422,
      71.72034454345703,
      56.07484817504883,
      78.27466583251953,
      54.39821243286133,
      83.28517150878906,
      65.23404693603516,
      64.75698852539062,
      55.80223083496094
    ],
    [
      -0.9468836188316345,
      3.254681348800659,
      5.05380392074585,
      13.084460258483887,
      25.614789962768555,
      5.2881693840026855,
      23.688312530517578,
      14.348414421081543,
      36.299137115478516,
      27.802406311035156,
      54.75705337524414,
      54.128047943115234,
      55.51362228393555,
      48.473758697509766,
      65.23404693603516,
      68.222900390625,
      59.92413330078125,
      59.22848892211914
    ],
    [
      -0.8873148560523987,
      2.889085054397583,
      10.244841575622559,
      20.526517868041992,
      22.225313186645508,
      0.2953174412250519,
      16.429473876953125,
      8.09029769897461,
      36.217567443847656,
      22.681535720825195,
      55.091033935546875,
      49.74471664428711,
      57.102996826171875,
      42.11820602416992,
      64.75698852539062,
      59.92413330078125,
      70.19060516357422,
      60.62588119506836
    ],
    [
      -1.772720217704773,
      2.480207681655884,
      4.464091777801514,
      12.508663177490234,
      18.634092330932617,
      1.6417169570922852,
      14.32187271118164,
      9.003320693969727,
      30.796768188476562,
      24.56791877746582,
      48.33222961425781,
      50.93912124633789,
      46.04850769042969,
      40.149959564208984,
      55.80223083496094,
      59.22848892211914,
      60.62588119506836,
      59.98515319824219
    ]
  ],
  "covariance_short": [
    [
      7.243597507476807,
      1.8598610162734985,
      2.1741464138031006,
      3.551445722579956,
      0.03428390622138977,
      0.0790276899933815,
      1.922322154045105,
      0.6873242855072021,
      0.5894920825958252,
      0.2795208990573883,
      0.6305720210075378,
      -0.22422029078006744,
      -0.8025844693183899,
      2.513777732849121,
      0.1913604885339737,
      1.6753861904144287,
      1.7350363731384277,
      0.765945553779602
    ],
    [
      1.8598610162734985,
      3.315162420272827,
      -2.270827054977417,
      1.7634388208389282,
      -2.18473482131958,
      -0.43101102113723755,
      -2.741074800491333,
      -1.0545506477355957,
      -1.238223671913147,
      -0.3677426278591156,
      -1.5614733695983887,
      -0.764987587928772,
      -2.495675802230835,
      3.802358627319336,
      -1.2903441190719604,
      2.983358383178711,
      2.7872731685638428,
      2.4029853343963623
    ],
    [
      2.1741464138031006,
      -2.270827054977417,
      172.9012451171875,
      71.80752563476562,
      16.03380584716797,
      -0.808214008808136,
      -5.2468342781066895,
      -34.12199401855469,
      -1.9308258295059204,
      -23.11221694946289,
      7.601193904876709,
      -14.085403442382812,
      27.16717529296875,
      2.4844281673431396,
      11.598152160644531,
      -2.2274723052978516,
      6.782083511352539,
      -2.630359649658203
    ],
    [
      3.551445722579956,
      1.7634388208389282,
      71.80752563476562,
      61.728492736816406,
      7.846256256103516,
      -2.792835235595703,
      -6.174346446990967,
      -19.05192756652832,
      0.3879837095737457,
      -12.476005554199219,
      4.847060203552246,
      -7.331970691680908,
      16.708858489990234,
      9.72384262084961,
      7.892125129699707,
      3.3338122367858887,
      8.444097518920898,
      2.6987085342407227
    ],
    [
      0.03428390622138977,
      -2.18473482131958,
      16.03380584716797,
      7.846256256103516,
      57.13328170776367,
      14.909700393676758,
      44.62393569946289,
      19.18849754333496,
      21.907512664794922,
      9.571745872497559,
      28.64723777770996,
      16.622692108154297,
      44.8656120300293,
      27.435653686523438,
      38.48451232910156,
      27.31995964050293,
      24.754085540771484,
      20.0958251953125
    ],
    [
      0.0790276899933815,
      -0.43101102113723755,
      -0.808214008808136,
      -2.792835235595703,
      14.909700393676758,
      39.213531494140625,
      8.470297813415527,
      6.3349432945251465,
      -6.601134300231934,
      4.557939529418945,
      -4.621577262878418,
      1.5473957061767578,
      -2.416968822479248,
      4.370241641998291,
      0.660560667514801,
      3.8196334838867188,
      -1.1842738389968872,
      0.184153214097023
    ],
    [
      1.922322154045105,
      -2.741074800491333,
      -5.2468342781066895,
      -6.174346446990967,
      44.62393569946289,
      8.470297813415527,
      114.81336975097656,
      66.07675170898438,
      33.12322998046875,
      18.736083984375,
      48.17754364013672,
      32.3653564453125,
      50.318641662597656,
      31.573823928833008,
      46.5150146484375,
      31.8178768157959,
      23.917383193969727,
      20.228240966796875
    ],
    [
      0.6873242855072021,
      -1.0545506477355957,
      -34.12199401855469,
      -19.05192756652832,
      19.18849754333496,
      6.3349432945251465,
      66.07675170898438,
      71.92994689941406,
      24.956253051757812,
      24.914751052856445,
      28.20132064819336,
      28.88226890563965,
      22.3433837890625,
      20.826738357543945,
      25.01749038696289,
      21.097667694091797,
      14.481335639953613,
      14.853171348571777
    ],
    [
      0.5894920825958252,
      -1.238223671913147,
      -1.9308258295059204,
      0.3879837095737457,
      21.907512664794922,
      -6.601134300231934,
      33.12322998046875,
      24.956253051757812,
      102.88174438476562,
      48.71308135986328,
      76.8286361694336,
      48.53800964355469,
      65.77025604248047,
      40.30000686645508,
      55.04277038574219,
      39.017921447753906,
      38.80705261230469,
      32.626609802246094
    ],
    [
      0.2795208990573883,
      -0.3677426278591156,
      -23.11221694946289,
      -12.476005554199219,
      9.571745872497559,
      4.557939529418945,
      18.736083984375,
      24.914751052856445,
      48.71308135986328,
      48.11667251586914,
      37.03413772583008,
      39.31765365600586,
      23.38735008239746,
      24.29743194580078,
      28.37240982055664,
      27.457839965820312,
      22.273067474365234,
      23.887983322143555
    ],
    [
      0.6305720210075378,
      -1.5614733695983887,
      7.601193904876709,
      4.847060203552246,
      28.64723777770996,
      -4.621577262878418,
      48.17754364013672,
      28.20132064819336,
      76.8286361694336,
      37.03413772583008,
      108.56729888916016,
      74.69380950927734,
      84.80357360839844,
      55.06268310546875,
      77.96961212158203,
      59.718299865722656,
      59.79633331298828,
      52.34221649169922
    ],
    [
      -0.22422029078006744,
      -0.764987587928772,
      -14.085403442382812,
      -7.331970691680908,
      16.622692108154297,
      1.5473957061767578,
      32.3653564453125,
      28.88226890563965,
      48.53800964355469,
      39.31765365600586,
      74.69380950927734,
      78.80432891845703,
      51.901607513427734,
      46.74904251098633,
      60.28179168701172,
      57.308685302734375,
      52.578975677490234,
      53.41354751586914
    ],
    [
      -0.8025844693183899,
      -2.495675802230835,
      27.16717529296875,
      16.708858489990234,
      44.8656120300293,
      -2.416968822479248,
      50.318641662597656,
      22.3433837890625,
      65.77025604248047,
      23.38735008239746,
      84.80357360839844,
      51.901607513427734,
      110.77413940429688,
      65.37592315673828,
      87.30199432373047,
      62.206539154052734,
      63.161102294921875,
      50.867923736572266
    ],
    [
      2.513777732849121,
      3.802358627319336,
      2.4844281673431396,
      9.72384262084961,
      27.435653686523438,
      4.370241641998291,
      31.573823928833008,
      20.826738357543945,
      40.30000686645508,
      24.29743194580078,
      55.06268310546875,
      46.74904251098633,
      65.37592315673828,
      64.30892944335938,
      62.06346893310547,
      60.882564544677734,
      51.535404205322266,
      49.380126953125
    ],
    [
      0.1913604885339737,
      -1.2903441190719604,
      11.598152160644531,
      7.892125129699707,
      38.48451232910156,
      0.660560667514801,
      46.5150146484375,
      25.01749038696289,
      55.04277038574219,
      28.37240982055664,
      77.96961212158203,
      60.28179168701172,
      87.30199432373047,
      62.06346893310547,
      95.64549255371094,
      74.24768829345703,
      72.78351593017578,
      61.82613754272461
    ],
    [
      1.6753861904144287,
      2.983358383178711,
      -2.2274723052978516,
      3.3338122367858887,
      27.31995964050293,
      3.8196334838867188,
      31.8178768157959,
      21.097667694091797,
      39.017921447753906,
      27.457839965820312,
      59.718299865722656,
      57.308685302734375,
      62.206539154052734,
      60.882564544677734,
      74.24768829345703,
      75.06886291503906,
      63.16294479370117,
      63.81437683105469
    ],
    [
      1.7350363731384277,
      2.7872731685638428,
      6.782083511352539,
      8.444097518920898,
      24.754085540771484,
      -1.1842738389968872,
      23.917383193969727,
      14.481335639953613,
      38.80705261230469,
      22.273067474365234,
      59.79633331298828,
      52.578975677490234,
      63.161102294921875,
      51.535404205322266,
      72.78351593017578,
      63.16294479370117,
      76.51145935058594,
      64.45689392089844
    ],
    [
      0.765945553779602,
      2.4029853343963623,
      -2.630359649658203,
      2.6987085342407227,
      20.0958251953125,
      0.184153214097023,
      20.228240966796875,
      14.853171348571777,
      32.626609802246094,
      23.887983322143555,
      52.34221649169922,
      53.41354751586914,
      50.867923736572266,
      49.380126953125,
      61.82613754272461,
      63.81437683105469,
      64.45689392089844,
      65.30753326416016
    ]
  ],
  "damage": -12.3417387008667,
  "diff_bandwidth": 1055.7891845703125,
  "dissonance": 9.336954321075442,
  "drr": 3.7117974758148193,
  "dynamics": 5.701684951782227,
  "format": 1245190,
  "frames": 7559104,
  "loudness": -22.306982040405273,
  "loudness_range": 17.379375457763672,
  "loudness_range_short": 19.536266326904297,
  "lowpass_true_peak_15khz": -2.5776093006134033,
  "mastering3_acoustic_entropies": [
    {
      "acoustic_entropy": 9.028158187866211,
      "acoustic_entropy_mono": 9.215325355529785,
      "band_eliminated_acoustic_entropies": [
        {
          "acoustic_entropy": 9.02818489074707,
          "acoustic_entropy_side": 9.028158187866211,
          "hz": 129.47220167065723
        },
        {
          "acoustic_entropy": 9.028353691101074,
          "acoustic_entropy_side": 9.028158187866211,
          "hz": 202.92927478742237
        },
        {
          "acoustic_entropy": 8.989803314208984,
          "acoustic_entropy_side": 9.02816390991211,
          "hz": 282.89161906338205
        },
        {
          "acoustic_entropy": 8.960853576660156,
          "acoustic_entropy_side": 9.026625633239746,
          "hz": 369.9353335868758
        },
        {
          "acoustic_entropy": 8.655057907104492,
          "acoustic_entropy_side": 9.040360450744629,
          "hz": 464.6875360973435
        },
        {
          "acoustic_entropy": 8.954344749450684,
          "acoustic_entropy_side": 9.186454772949219,
          "hz": 567.8308811364784
        },
        {
          "acoustic_entropy": 9.01794719696045,
          "acoustic_entropy_side": 9.225744247436523,
          "hz": 680.1084783214808
        },
        {
          "acoustic_entropy": 9.27745246887207,
          "acoustic_entropy_side": 9.027722358703613,
          "hz": 802.3292461747484
        },
        {
          "acoustic_entropy": 9.771476745605469,
          "acoustic_entropy_side": 8.995759010314941,
          "hz": 935.3737400823702
        },
        {
          "acoustic_entropy": 9.485648155212402,
          "acoustic_entropy_side": 8.107784271240234,
          "hz": 1080.2004963696966
        },
        {
          "acoustic_entropy": 9.262807846069336,
          "acoustic_entropy_side": 9.024560928344727,
          "hz": 1237.8529382007157
        },
        {
          "acoustic_entropy": 8.953919410705566,
          "acoustic_entropy_side": 9.057025909423828,
          "hz": 1409.4668930556702
        },
        {
          "acoustic_entropy": 9.149088859558105,
          "acoustic_entropy_side": 9.274408340454102,
          "hz": 1596.2787759475705
        },
        {
          "acoustic_entropy": 9.388869285583496,
          "acoustic_entropy_side": 9.13239860534668,
          "hz": 1799.6344973346393
        },
        {
          "acoustic_entropy": 8.723223686218262,
          "acoustic_entropy_side": 9.028755187988281,
          "hz": 2020.9991599069049
        },
        {
          "acoustic_entropy": 9.151276588439941,
          "acoustic_entropy_side": 9.041570663452148,
          "hz": 2261.9676141086993
        },
        {
          "acoustic_entropy": 9.13502025604248,
          "acoustic_entropy_side": 9.039654731750488,
          "hz": 2524.2759484456974
        },
        {
          "acoustic_entropy": 9.061297416687012,
          "acoustic_entropy_side": 9.268715858459473,
          "hz": 2809.813997359896
        },
        {
          "acoustic_entropy": 8.506362915039062,
          "acoustic_entropy_side": 9.226062774658203,
          "hz": 3120.6389567871424
        },
        {
          "acoustic_entropy": 9.325705528259277,
          "acoustic_entropy_side": 9.145059585571289,
          "hz": 3458.990205492291
        },
        {
          "acoustic_entropy": 9.104639053344727,
          "acoustic_entropy_side": 9.037927627563477,
          "hz": 3827.305438964164
        },
        {
          "acoustic_entropy": 9.066722869873047,
          "acoustic_entropy_side": 9.03174877166748,
          "hz": 4228.238232109126
        },
        {
          "acoustic_entropy": 8.831053733825684,
          "acoustic_entropy_side": 9.025914192199707,
          "hz": 4664.6771572759235
        },
        {
          "acoustic_entropy": 9.084260940551758,
          "acoustic_entropy_side": 9.0288724899292,
          "hz": 5139.766595350093
        },
        {
          "acoustic_entropy": 8.936267852783203,
          "acoustic_entropy_side": 9.031442642211914,
          "hz": 5656.929389854203
        },
        {
          "acoustic_entropy": 8.813676834106445,
          "acoustic_entropy_side": 9.042837142944336,
          "hz": 6219.891507268283
        },
        {
          "acoustic_entropy": 8.95844841003418,
          "acoustic_entropy_side": 9.050432205200195,
          "hz": 6832.70888123896
        },
        {
          "acoustic_entropy": 9.028401374816895,
          "acoustic_entropy_side": 9.0431489944458,
          "hz": 7499.796634079867
        },
        {
          "acoustic_entropy": 9.009688377380371,
          "acoustic_entropy_side": 9.035616874694824,
          "hz": 8225.96088609342
        },
        {
          "acoustic_entropy": 8.999794006347656,
          "acoustic_entropy_side": 9.03041934967041,
          "hz": 9016.43338188839
        },
        {
          "acoustic_entropy": 8.95866584777832,
          "acoustic_entropy_side": 9.028106689453125,
          "hz": 9876.909183162974
        },
        {
          "acoustic_entropy": 8.929061889648438,
          "acoustic_entropy_side": 9.036402702331543,
          "hz": 10813.587699516042
        },
        {
          "acoustic_entropy": 8.864006042480469,
          "acoustic_entropy_side": 9.050235748291016,
          "hz": 11833.21735289826
        },
        {
          "acoustic_entropy": 9.04704475402832,
          "acoustic_entropy_side": 9.02868938446045,
          "hz": 12943.144197493959
        },
        {
          "acoustic_entropy": 9.002677917480469,
          "acoustic_entropy_side": 9.018501281738281,
          "hz": 14151.364845322005
        },
        {
          "acoustic_entropy": 9.018775939941406,
          "acoustic_entropy_side": 9.031190872192383,
          "hz": 15466.58407886509
        },
        {
          "acoustic_entropy": 9.024582862854004,
          "acoustic_entropy_side": 9.034513473510742,
          "hz": 16898.27756580493
        },
        {
          "acoustic_entropy": 9.028481483459473,
          "acoustic_entropy_side": 9.028554916381836,
          "hz": 18456.760127700032
        },
        {
          "acoustic_entropy": 9.028157234191895,
          "acoustic_entropy_side": 9.028186798095703,
          "hz": 20153.260054456492
        },
        {
          "acoustic_entropy": 9.028159141540527,
          "acoustic_entropy_side": 9.028159141540527,
          "hz": 22000.00000000001
        }
      ],
      "diff_acoustic_entropy": 5.32462739944458,
      "sn": 6
    },
    {
      "acoustic_entropy": 15.646757125854492,
      "acoustic_entropy_mono": 14.26567554473877,
      "band_eliminated_acoustic_entropies": [
        {
          "acoustic_entropy": 15.646211624145508,
          "acoustic_entropy_side": 15.646757125854492,
          "hz": 129.47220167065723
        },
        {
          "acoustic_entropy": 15.646953582763672,
          "acoustic_entropy_side": 15.646757125854492,
          "hz": 202.92927478742237
        },
        {
          "acoustic_entropy": 15.21813678741455,
          "acoustic_entropy_side": 15.646692276000977,
          "hz": 282.89161906338205
        },
        {
          "acoustic_entropy": 15.229143142700195,
          "acoustic_entropy_side": 15.640597343444824,
          "hz": 369.9353335868758
        },
        {
          "acoustic_entropy": 15.360580444335938,
          "acoustic_entropy_side": 15.739694595336914,
          "hz": 464.6875360973435
        },
        {
          "acoustic_entropy": 15.884852409362793,
          "acoustic_entropy_side": 15.902445793151855,
          "hz": 567.8308811364784
        },
        {
          "acoustic_entropy": 15.685538291931152,
          "acoustic_entropy_side": 15.629758834838867,
          "hz": 680.1084783214808
        },
        {
          "acoustic_entropy": 15.83061408996582,
          "acoustic_entropy_side": 15.457992553710938,
          "hz": 802.3292461747484
        },
        {
          "acoustic_entropy": 15.322237014770508,
          "acoustic_entropy_side": 15.726166725158691,
          "hz": 935.3737400823702
        },
        {
          "acoustic_entropy": 15.12436580657959,
          "acoustic_entropy_side": 15.203144073486328,
          "hz": 1080.2004963696966
        },
        {
          "acoustic_entropy": 15.009344100952148,
          "acoustic_entropy_side": 15.31221866607666,
          "hz": 1237.8529382007157
        },
        {
          "acoustic_entropy": 14.831618309020996,
          "acoustic_entropy_side": 15.492278099060059,
          "hz": 1409.4668930556702
        },
        {
          "acoustic_entropy": 15.686789512634277,
          "acoustic_entropy_side": 15.649786949157715,
          "hz": 1596.2787759475705
        },
        {
          "acoustic_entropy": 15.511985778808594,
          "acoustic_entropy_side": 15.198205947875977,
          "hz": 1799.6344973346393
        },
        {
          "acoustic_entropy": 15.698458671569824,
          "acoustic_entropy_side": 15.584525108337402,
          "hz": 2020.9991599069049
        },
        {
          "acoustic_entropy": 15.165379524230957,
          "acoustic_entropy_side": 15.516887664794922,
          "hz": 2261.9676141086993
        },
        {
          "acoustic_entropy": 15.525712966918945,
          "acoustic_entropy_side": 15.667698860168457,
          "hz": 2524.2759484456974
        },
        {
          "acoustic_entropy": 15.022717475891113,
          "acoustic_entropy_side": 15.50570011138916,
          "hz": 2809.813997359896
        },
        {
          "acoustic_entropy": 14.465676307678223,
          "acoustic_entropy_side": 14.842000007629395,
          "hz": 3120.6389567871424
        },
        {
          "acoustic_entropy": 15.134124755859375,
          "acoustic_entropy_side": 15.533507347106934,
          "hz": 3458.990205492291
        },
        {
          "acoustic_entropy": 15.482684135437012,
          "acoustic_entropy_side": 15.63743782043457,
          "hz": 3827.305438964164
        },
        {
          "acoustic_entropy": 15.48222827911377,
          "acoustic_entropy_side": 15.644220352172852,
          "hz": 4228.238232109126
        },
        {
          "acoustic_entropy": 15.349743843078613,
          "acoustic_entropy_side": 15.584416389465332,
          "hz": 4664.6771572759235
        },
        {
          "acoustic_entropy": 15.565529823303223,
          "acoustic_entropy_side": 15.601781845092773,
          "hz": 5139.766595350093
        },
        {
          "acoustic_entropy": 15.629486083984375,
          "acoustic_entropy_side": 15.653154373168945,
          "hz": 5656.929389854203
        },
        {
          "acoustic_entropy": 15.524511337280273,
          "acoustic_entropy_side": 15.58813190460205,
          "hz": 6219.891507268283
        },
        {
          "acoustic_entropy": 15.56115436553955,
          "acoustic_entropy_side": 15.637721061706543,
          "hz": 6832.70888123896
        },
        {
          "acoustic_entropy": 15.488739013671875,
          "acoustic_entropy_side": 15.618518829345703,
          "hz": 7499.796634079867
        },
        {
          "acoustic_entropy": 15.547533988952637,
          "acoustic_entropy_side": 15.60358715057373,
          "hz": 8225.96088609342
        },
        {
          "acoustic_entropy": 15.45566463470459,
          "acoustic_entropy_side": 15.568964958190918,
          "hz": 9016.43338188839
        },
        {
          "acoustic_entropy": 15.54337215423584,
          "acoustic_entropy_side": 15.575922966003418,
          "hz": 9876.909183162974
        },
        {
          "acoustic_entropy": 15.403026580810547,
          "acoustic_entropy_side": 15.528457641601562,
          "hz": 10813.587699516042
        },
        {
          "acoustic_entropy": 15.694690704345703,
          "acoustic_entropy_side": 15.596705436706543,
          "hz": 11833.21735289826
        },
        {
          "acoustic_entropy": 15.626150131225586,
          "acoustic_entropy_side": 15.571202278137207,
          "hz": 12943.144197493959
        },
        {
          "acoustic_entropy": 15.660569190979004,
          "acoustic_entropy_side": 15.620830535888672,
          "hz": 14151.364845322005
        },
        {
          "acoustic_entropy": 15.656508445739746,
          "acoustic_entropy_side": 15.658304214477539,
          "hz": 15466.58407886509
        },
        {
          "acoustic_entropy": 15.606918334960938,
          "acoustic_entropy_side": 15.639643669128418,
          "hz": 16898.27756580493
        },
        {
          "acoustic_entropy": 15.645081520080566,
          "acoustic_entropy_side": 15.64653205871582,
          "hz": 18456.760127700032
        },
        {
          "acoustic_entropy": 15.646353721618652,
          "acoustic_entropy_side": 15.646525382995605,
          "hz": 20153.260054456492
        },
        {
          "acoustic_entropy": 15.646743774414062,
          "acoustic_entropy_side": 15.646744728088379,
          "hz": 22000.00000000001
        }
      ],
      "diff_acoustic_entropy": 9.764180183410645,
      "sn": 12
    },
    {
      "acoustic_entropy": 27.24433135986328,
      "acoustic_entropy_mono": 22.76856803894043,
      "band_eliminated_acoustic_entropies": [
        {
          "acoustic_entropy": 27.238313674926758,
          "acoustic_entropy_side": 27.24435043334961,
          "hz": 129.47220167065723
        },
        {
          "acoustic_entropy": 27.236814498901367,
          "acoustic_entropy_side": 27.244321823120117,
          "hz": 202.92927478742237
        },
        {
          "acoustic_entropy": 27.08797264099121,
          "acoustic_entropy_side": 27.239608764648438,
          "hz": 282.89161906338205
        },
        {
          "acoustic_entropy": 26.57396697998047,
          "acoustic_entropy_side": 27.142656326293945,
          "hz": 369.9353335868758
        },
        {
          "acoustic_entropy": 25.765077590942383,
          "acoustic_entropy_side": 27.337026596069336,
          "hz": 464.6875360973435
        },
        {
          "acoustic_entropy": 25.62958526611328,
          "acoustic_entropy_side": 26.357213973999023,
          "hz": 567.8308811364784
        },
        {
          "acoustic_entropy": 25.730144500732422,
          "acoustic_entropy_side": 26.438570022583008,
          "hz": 680.1084783214808
        },
        {
          "acoustic_entropy": 26.701385498046875,
          "acoustic_entropy_side": 26.59040641784668,
          "hz": 802.3292461747484
        },
        {
          "acoustic_entropy": 26.27555274963379,
          "acoustic_entropy_side": 27.679059982299805,
          "hz": 935.3737400823702
        },
        {
          "acoustic_entropy": 26.17778968811035,
          "acoustic_entropy_side": 25.985939025878906,
          "hz": 1080.2004963696966
        },
        {
          "acoustic_entropy": 25.363643646240234,
          "acoustic_entropy_side": 26.19943618774414,
          "hz": 1237.8529382007157
        },
        {
          "acoustic_entropy": 26.41497039794922,
          "acoustic_entropy_side": 27.21014404296875,
          "hz": 1409.4668930556702
        },
        {
          "acoustic_entropy": 25.9967098236084,
          "acoustic_entropy_side": 26.257190704345703,
          "hz": 1596.2787759475705
        },
        {
          "acoustic_entropy": 26.319190979003906,
          "acoustic_entropy_side": 26.51677131652832,
          "hz": 1799.6344973346393
        },
        {
          "acoustic_entropy": 26.718685150146484,
          "acoustic_entropy_side": 27.55759620666504,
          "hz": 2020.9991599069049
        },
        {
          "acoustic_entropy": 25.932161331176758,
          "acoustic_entropy_side": 26.55061912536621,
          "hz": 2261.9676141086993
        },
        {
          "acoustic_entropy": 27.133926391601562,
          "acoustic_entropy_side": 27.460437774658203,
          "hz": 2524.2759484456974
        },
        {
          "acoustic_entropy": 26.46578598022461,
          "acoustic_entropy_side": 27.28729248046875,
          "hz": 2809.813997359896
        },
        {
