{
  "acoustic_entropy": 229.904052734375,
  "bands": [
    {
      "high_freq": 148.1999969482422,
      "loudness": -22.746440887451172,
      "loudness_range": 5.604299545288086,
      "mid_mean": -19.272315979003906,
      "mid_to_side_loudness": -14.851000785827637,
      "mid_to_side_loudness_range": 14.532081604003906,
      "side_mean": -34.268680572509766
    },
    {
      "high_freq": 392.3793640136719,
      "loudness": -27.62677001953125,
      "loudness_range": 8.71392822265625,
      "low_freq": 148.1999969482422,
      "mid_mean": -25.20213508605957,
      "mid_to_side_loudness": -5.52534818649292,
      "mid_to_side_loudness_range": 9.738290786743164,
      "side_mean": -30.73193359375
    },
    {
      "high_freq": 794.6976318359375,
      "loudness": -26.81205177307129,
      "loudness_range": 10.14040756225586,
      "low_freq": 392.3793640136719,
      "mid_mean": -24.23177719116211,
      "mid_to_side_loudness": -6.332856178283691,
      "mid_to_side_loudness_range": 10.03260612487793,
      "side_mean": -30.61300277709961
    },
    {
      "high_freq": 1457.5709228515625,
      "loudness": -24.509218215942383,
      "loudness_range": 14.201845169067383,
      "low_freq": 794.6976318359375,
      "mid_mean": -21.6369571685791,
      "mid_to_side_loudness": -8.630276679992676,
      "mid_to_side_loudness_range": 14.5165433883667,
      "side_mean": -30.47296905517578
    },
    {
      "high_freq": 2549.74365234375,
      "loudness": -24.541616439819336,
      "loudness_range": 14.608997344970703,
      "low_freq": 1457.5709228515625,
      "mid_mean": -21.57517433166504,
      "mid_to_side_loudness": -9.07668685913086,
      "mid_to_side_loudness_range": 13.786575317382812,
      "side_mean": -30.831052780151367
    },
    {
      "high_freq": 4349.24462890625,
      "loudness": -26.7628116607666,
      "loudness_range": 11.530590057373047,
      "low_freq": 2549.74365234375,
      "mid_mean": -23.86185073852539,
      "mid_to_side_loudness": -8.025727272033691,
      "mid_to_side_loudness_range": 10.901178359985352,
      "side_mean": -32.06113052368164
    },
    {
      "high_freq": 7314.1640625,
      "loudness": -30.53400421142578,
      "loudness_range": 8.569425582885742,
      "low_freq": 4349.24462890625,
      "mid_mean": -27.520830154418945,
      "mid_to_side_loudness": -8.658004760742188,
      "mid_to_side_loudness_range": 10.713215827941895,
      "side_mean": -36.357295989990234
    },
    {
      "high_freq": 12199.2666015625,
      "loudness": -34.98707962036133,
      "loudness_range": 10.758089065551758,
      "low_freq": 7314.1640625,
      "mid_mean": -31.96784019470215,
      "mid_to_side_loudness": -9.882511138916016,
      "mid_to_side_loudness_range": 15.71410083770752,
      "side_mean": -42.082801818847656
    },
    {
      "loudness": -44.84165573120117,
      "loudness_range": 14.765609741210938,
      "low_freq": 12199.2666015625,
      "mid_mean": -42.00596618652344,
      "mid_to_side_loudness": -10.00540828704834,
      "mid_to_side_loudness_range": 20.76740264892578,
      "side_mean": -53.011695861816406
    }
  ],
  "bands_short": [
    {
      "high_freq": 148.1999969482422,
      "loudness": -25.054662704467773,
      "loudness_range": 14.257457733154297,
      "mid_mean": -21.80744743347168,
      "mid_to_side_loudness": -14.764020919799805,
      "mid_to_side_loudness_range": 23.476665496826172,
      "side_mean": -36.6100959777832
    },
    {
      "high_freq": 392.3793640136719,
      "loudness": -28.094322204589844,
      "loudness_range": 12.744230270385742,
      "low_freq": 148.1999969482422,
      "mid_mean": -25.76613998413086,
      "mid_to_side_loudness": -5.999005317687988,
      "mid_to_side_loudness_range": 13.729766845703125,
      "side_mean": -31.74005699157715
    },
    {
      "high_freq": 794.6976318359375,
      "loudness": -27.576374053955078,
      "loudness_range": 13.20846176147461,
      "low_freq": 392.3793640136719,
      "mid_mean": -25.203750610351562,
      "mid_to_side_loudness": -6.052036762237549,
      "mid_to_side_loudness_range": 13.106602668762207,
      "side_mean": -31.341154098510742
    },
    {
      "high_freq": 1457.5709228515625,
      "loudness": -25.45838737487793,
      "loudness_range": 17.54888916015625,
      "low_freq": 794.6976318359375,
      "mid_mean": -22.8128719329834,
      "mid_to_side_loudness": -7.898705959320068,
      "mid_to_side_loudness_range": 17.06608009338379,
      "side_mean": -31.040416717529297
    },
    {
      "high_freq": 2549.74365234375,
      "loudness": -25.703468322753906,
      "loudness_range": 17.931411743164062,
      "low_freq": 1457.5709228515625,
      "mid_mean": -22.940292358398438,
      "mid_to_side_loudness": -8.439108848571777,
      "mid_to_side_loudness_range": 16.249317169189453,
      "side_mean": -31.61343002319336
    },
    {
      "high_freq": 4349.24462890625,
      "loudness": -27.743419647216797,
      "loudness_range": 15.469352722167969,
      "low_freq": 2549.74365234375,
      "mid_mean": -24.978666305541992,
      "mid_to_side_loudness": -7.778055191040039,
      "mid_to_side_loudness_range": 13.27151107788086,
      "side_mean": -32.98143005371094
    },
    {
      "high_freq": 7314.1640625,
      "loudness": -32.0306510925293,
      "loudness_range": 14.684246063232422,
      "low_freq": 4349.24462890625,
      "mid_mean": -29.22503089904785,
      "mid_to_side_loudness": -7.918326377868652,
      "mid_to_side_loudness_range": 13.42745590209961,
      "side_mean": -37.479278564453125
    },
    {
      "high_freq": 12199.2666015625,
      "loudness": -36.71487045288086,
      "loudness_range": 17.199691772460938,
      "low_freq": 7314.1640625,
      "mid_mean": -33.806053161621094,
      "mid_to_side_loudness": -9.345376014709473,
      "mid_to_side_loudness_range": 17.30104637145996,
      "side_mean": -43.96843719482422
    },
    {
      "loudness": -47.7847785949707,
      "loudness_range": 22.571514129638672,
      "low_freq": 12199.2666015625,
      "mid_mean": -44.94496536254883,
      "mid_to_side_loudness": -9.53569221496582,
      "mid_to_side_loudness_range": 20.739866256713867,
      "side_mean": -56.977638244628906
    }
  ],
  "bandwidth": 696.1375732421875,
  "channels": 2,
  "covariance": [
    [
      5.5813069343566895,
      3.618945598602295,
      3.147717237472534,
      3.0352401733398438,
      2.524298906326294,
      2.3380820751190186,
      3.3564488887786865,
      1.6850613355636597,
      3.5723607540130615,
      1.8374437093734741,
      2.912210702896118,
      1.9699195623397827,
      3.4749386310577393,
      1.2335822582244873,
      3.563354969024658,
      1.3488332033157349,
      4.773434162139893,
      3.29408860206604
    ],
    [
      3.618945598602295,
      26.886545181274414,
      -0.08822000026702881,
      3.1895077228546143,
      -0.060761019587516785,
      2.185847520828247,
      2.2978317737579346,
      2.205902576446533,
      2.2867228984832764,
      4.031156063079834,
      2.099048614501953,
      5.254286289215088,
      -0.5853787064552307,
      2.4033615589141846,
      -1.8253445625305176,
      2.999662399291992,
      0.38298314809799194,
      9.144998550415039
    ],
    [
      3.147717237472534,
      -0.08822000026702881,
      13.383011817932129,
      6.194308280944824,
      4.409491062164307,
      1.7991634607315063,
      0.8843699097633362,
      -0.930653989315033,
      1.2069774866104126,
      -0.23518028855323792,
      0.5455276370048523,
      -0.6311334371566772,
      2.7394137382507324,
      -0.3962247669696808,
      3.6447296142578125,
      -0.857185423374176,
      7.062778472900391,
      1.0639081001281738
    ],
    [
      3.0352401733398438,
      3.1895077228546143,
      6.194308280944824,
      12.086719512939453,
      3.8373045921325684,
      6.06760311126709,
      4.627968788146973,
      3.1757864952087402,
      5.6060333251953125,
      4.559051036834717,
      3.7461183071136475,
      3.637725353240967,
      3.6292290687561035,
      4.068937301635742,
      4.404810905456543,
      4.93576192855835,
      6.537609100341797,
      6.816789150238037
    ],
    [
      2.524298906326294,
      -0.060761019587516785,
      4.409491062164307,
      3.8373045921325684,
      15.721772193908691,
      6.921932697296143,
      9.192402839660645,
      7.251440048217773,
      8.444645881652832,
      5.195257663726807,
      6.931057453155518,
      3.9250338077545166,
      5.706488132476807,
      4.324577331542969,
      7.362380027770996,
      3.811551094055176,
      9.45276165008545,
      5.654988765716553
    ],
    [
      2.3380820751190186,
      2.185847520828247,
      1.7991634607315063,
      6.06760311126709,
      6.921932697296143,
      12.249773025512695,
      7.00034761428833,
      9.836953163146973,
      6.760585784912109,
      7.769022464752197,
      5.120352745056152,
      6.2201972007751465,
      4.409538269042969,
      6.359243392944336,
      5.2299323081970215,
      5.88275671005249,
      6.206466197967529,
      6.391428470611572
    ],
    [
      3.3564488887786865,
      2.2978317737579346,
      0.8843699097633362,
      4.627968788146973,
      9.192402839660645,
      7.00034761428833,
      28.51285743713379,
      10.207623481750488,
      20.308557510375977,
      7.824955463409424,
      12.232914924621582,
      5.140699863433838,
      8.488298416137695,
      4.665012359619141,
      10.787518501281738,
      4.023787021636963,
      11.2004976272583,
      5.508409023284912
    ],
    [
      1.6850613355636597,
      2.205902576446533,
      -0.930653989315033,
      3.1757864952087402,
      7.251440048217773,
      9.836953163146973,
      10.207623481750488,
      18.356081008911133,
      9.135658264160156,
      11.669957160949707,
      8.009695053100586,
      9.007224082946777,
      4.768947601318359,
      8.488180160522461,
      5.2399396896362305,
      8.450851440429688,
      5.383004665374756,
      9.170032501220703
    ],
    [
      3.5723607540130615,
      2.2867228984832764,
      1.2069774866104126,
      5.6060333251953125,
      8.444645881652832,
      6.760585784912109,
      20.308557510375977,
      9.135658264160156,
      28.27330780029297,
      9.1261568069458,
      17.281404495239258,
      7.244523525238037,
      10.634422302246094,
      7.048752307891846,
      14.564955711364746,
      7.166624546051025,
      13.82256031036377,
      9.954191207885742
    ],
    [
      1.8374437093734741,
      4.031156063079834,
      -0.23518028855323792,
      4.559051036834717,
      5.195257663726807,
      7.769022464752197,
      7.824955463409424,
      11.669957160949707,
      9.1261568069458,
      14.772565841674805,
      8.092608451843262,
      11.68659782409668,
      5.506892204284668,
      11.13341999053955,
      5.705999374389648,
      11.137358665466309,
      6.266112327575684,
      14.203877449035645
    ],
    [
      2.912210702896118,
      2.099048614501953,
      0.5455276370048523,
      3.7461183071136475,
      6.931057453155518,
      5.120352745056152,
      12.232914924621582,
      8.009695053100586,
      17.281404495239258,
      8.092608451843262,
      18.737464904785156,
      8.36631965637207,
      9.838611602783203,
      7.9507246017456055,
      10.859410285949707,
      7.512151718139648,
      10.382771492004395,
      10.477068901062012
    ],
    [
      1.9699195623397827,
      5.254286289215088,
      -0.6311334371566772,
      3.637725353240967,
      3.9250338077545166,
      6.2201972007751465,
      5.140699863433838,
      9.007224082946777,
      7.244523525238037,
      11.68659782409668,
      8.36631965637207,
      15.009519577026367,
      6.100517749786377,
      14.281279563903809,
      5.326416492462158,
      15.331707000732422,
      6.363503456115723,
      22.35990333557129
    ],
    [
      3.4749386310577393,
      -0.5853787064552307,
      2.7394137382507324,
      3.6292290687561035,
      5.706488132476807,
      4.409538269042969,
      8.488298416137695,
      4.768947601318359,
      10.634422302246094,
      5.506892204284668,
      9.838611602783203,
      6.100517749786377,
      11.075149536132812,
      7.717067241668701,
      11.415153503417969,
      8.049087524414062,
      12.634455680847168,
      10.767354011535645
    ],
    [
      1.2335822582244873,
      2.4033615589141846,
      -0.3962247669696808,
      4.068937301635742,
      4.324577331542969,
      6.359243392944336,
      4.665012359619141,
      8.488180160522461,
      7.048752307891846,
      11.13341999053955,
      7.9507246017456055,
      14.281279563903809,
      7.717067241668701,
      19.963851928710938,
      7.399993896484375,
      23.251953125,
      9.159208297729492,
      31.481895446777344
    ],
    [
      3.563354969024658,
      -1.8253445625305176,
      3.6447296142578125,
      4.404810905456543,
      7.362380027770996,
      5.2299323081970215,
      10.787518501281738,
      5.2399396896362305,
      14.564955711364746,
      5.705999374389648,
      10.859410285949707,
      5.326416492462158,
      11.415153503417969,
      7.399993896484375,
      18.248485565185547,
      9.442105293273926,
      19.577312469482422,
      11.975839614868164
    ],
    [
      1.3488332033157349,
      2.999662399291992,
      -0.857185423374176,
      4.93576192855835,
      3.811551094055176,
      5.88275671005249,
      4.023787021636963,
      8.450851440429688,
      7.166624546051025,
      11.137358665466309,
      7.512151718139648,
      15.331707000732422,
      8.049087524414062,
      23.251953125,
      9.442105293273926,
      37.374053955078125,
      12.235034942626953,
      47.34665298461914
    ],
    [
      4.773434162139893,
      0.38298314809799194,
      7.062778472900391,
      6.537609100341797,
      9.45276165008545,
      6.206466197967529,
      11.2004976272583,
      5.383004665374756,
      13.82256031036377,
      6.266112327575684,
      10.382771492004395,
      6.363503456115723,
      12.634455680847168,
      9.159208297729492,
      19.577312469482422,
      12.235034942626953,
      29.380115509033203,
      20.489593505859375
    ],
    [
      3.29408860206604,
      9.144998550415039,
      1.0639081001281738,
      6.816789150238037,
      5.654988765716553,
      6.391428470611572,
      5.508409023284912,
      9.170032501220703,
      9.954191207885742,
      14.203877449035645,
      10.477068901062012,
      22.35990333557129,
      10.767354011535645,
      31.481895446777344,
      11.975839614868164,
      47.34665298461914,
      20.489593505859375,
      83.22978210449219
    ]
  ],
  "covariance_short": [
    [
      28.2132511138916,
      7.9158430099487305,
      12.630514144897461,
      9.762734413146973,
      9.240108489990234,
      8.597278594970703,
      9.951828956604004,
      5.439987659454346,
      11.12428092956543,
      6.438776016235352,
      10.091501235961914,
      7.8061203956604,
      11.600032806396484,
      7.147684097290039,
      13.636960983276367,
      10.06186580657959,
      15.93824291229248,
      13.121519088745117
    ],
    [
      7.9158430099487305,
      50.7409782409668,
      2.0407791137695312,
      6.970761299133301,
      2.264300584793091,
      4.97954797744751,
      6.119128227233887,
      4.196353435516357,
      6.014923572540283,
      6.601029396057129,
      5.1214518547058105,
      8.421296119689941,
      1.0330203771591187,
      5.958810329437256,
      1.8901584148406982,
      7.932967662811279,
      5.024861812591553,
      14.072711944580078
    ],
    [
      12.630514144897461,
      2.0407791137695312,
      26.846519470214844,
      11.308767318725586,
      8.797260284423828,
      6.194886207580566,
      3.5404605865478516,
      1.684888482093811,
      5.2769999504089355,
      2.7758212089538574,
      4.898927211761475,
      3.3499648571014404,
      8.866944313049316,
      3.250671863555908,
      8.970982551574707,
      4.822932243347168,
      13.155689239501953,
      7.909402847290039
    ],
    [
      9.762734413146973,
      6.970761299133301,
      11.308767318725586,
      22.017948150634766,
      7.486332416534424,
      11.210867881774902,
      7.5377607345581055,
      6.739500045776367,
      9.025246620178223,
      7.883331775665283,
      6.898181915283203,
      7.522639751434326,
      6.982720375061035,
      8.528528213500977,
      9.08096981048584,
      11.230805397033691,
      11.341761589050293,
      12.351217269897461
    ],
    [
      9.240108489990234,
      2.264300584793091,
      8.797260284423828,
      7.486332416534424,
      27.102352142333984,
      12.506848335266113,
      15.180122375488281,
      11.087959289550781,
      15.84225845336914,
      9.06815242767334,
      13.783019065856934,
      8.897378921508789,
      13.162940979003906,
      9.568134307861328,
      15.930514335632324,
      10.267522811889648,
      18.6840763092041,
      12.230929374694824
    ],
    [
      8.597278594970703,
      4.97954797744751,
      6.194886207580566,
      11.210867881774902,
      12.506848335266113,
      21.639345169067383,
      11.700129508972168,
      14.126053810119629,
      11.988694190979004,
      11.889036178588867,
      9.668499946594238,
      11.15893268585205,
      9.464858055114746,
      11.4318208694458,
      11.487284660339355,
      13.010761260986328,
      12.955354690551758,
      14.34426498413086
    ],
    [
      9.951828956604004,
      6.119128227233887,
      3.5404605865478516,
      7.5377607345581055,
      15.180122375488281,
      11.700129508972168,
      43.763431549072266,
      15.403532028198242,
      30.44548797607422,
      12.456864356994629,
      21.674339294433594,
      11.288118362426758,
      18.51140022277832,
      11.236783981323242,
      21.31283187866211,
      13.696697235107422,
      22.920812606811523,
      13.316030502319336
    ],
    [
      5.439987659454346,
      4.196353435516357,
      1.684888482093811,
      6.739500045776367,
      11.087959289550781,
      14.126053810119629,
      15.403532028198242,
      26.10553550720215,
      13.841472625732422,
      16.019912719726562,
      12.29275894165039,
      14.306309700012207,
      9.297181129455566,
      13.68347454071045,
      9.803196907043457,
      14.632516860961914,
      10.947661399841309,
      17.103282928466797
    ],
    [
      11.12428092956543,
      6.014923572540283,
      5.2769999504089355,
      9.025246620178223,
      15.84225845336914,
      11.988694190979004,
      30.44548797607422,
      13.841472625732422,
      43.84593963623047,
      15.419633865356445,
      28.659088134765625,
      14.666150093078613,
      22.45305633544922,
      14.37918472290039,
      27.014848709106445,
      17.292736053466797,
      26.484085083007812,
      17.86650848388672
    ],
    [
      6.438776016235352,
      6.601029396057129,
      2.7758212089538574,
      7.883331775665283,
      9.06815242767334,
      11.889036178588867,
      12.456864356994629,
      16.019912719726562,
      15.419633865356445,
      22.31256675720215,
      13.595754623413086,
      18.016796112060547,
      11.268989562988281,
      17.88608169555664,
      11.461395263671875,
      19.115699768066406,
      12.505598068237305,
      23.613441467285156
    ],
    [
      10.091501235961914,
      5.1214518547058105,
      4.898927211761475,
      6.898181915283203,
      13.783019065856934,
      9.668499946594238,
      21.674339294433594,
      12.29275894165039,
      28.659088134765625,
      13.595754623413086,
      33.599605560302734,
      16.54047393798828,
      23.212594985961914,
      15.959052085876465,
      22.968475341796875,
      17.67009162902832,
      22.55765724182129,
      19.88018226623535
    ],
    [
      7.8061203956604,
      8.421296119689941,
      3.3499648571014404,
      7.522639751434326,
      8.897378921508789,
      11.15893268585205,
      11.288118362426758,
      14.306309700012207,
      14.666150093078613,
      18.016796112060547,
      16.54047393798828,
      25.138774871826172,
      14.712682723999023,
      23.450769424438477,
      13.144747734069824,
      24.883068084716797,
      14.957801818847656,
      33.055965423583984
    ],
    [
      11.600032806396484,
      1.0330203771591187,
      8.866944313049316,
      6.982720375061035,
      13.162940979003906,
      9.464858055114746,
      18.51140022277832,
      9.297181129455566,
      22.45305633544922,
      11.268989562988281,
      23.212594985961914,
      14.712682723999023,
      31.00293731689453,
      18.0490779876709,
      28.105667114257812,
      21.407228469848633,
      30.17753028869629,
      23.508808135986328
    ],
    [
      7.147684097290039,
      5.958810329437256,
      3.250671863555908,
      8.528528213500977,
      9.568134307861328,
      11.4318208694458,
      11.236783981323242,
      13.68347454071045,
      14.37918472290039,
      17.88608169555664,
      15.959052085876465,
      23.450769424438477,
      18.0490779876709,
      34.4603385925293,
      16.643991470336914,
      36.605743408203125,
      18.687944412231445,
      45.75028991699219
    ],
    [
      13.636960983276367,
      1.8901584148406982,
      8.970982551574707,
      9.08096981048584,
      15.930514335632324,
      11.487284660339355,
      21.31283187866211,
      9.803196907043457,
      27.014848709106445,
      11.461395263671875,
      22.968475341796875,
      13.144747734069824,
      28.105667114257812,
      16.643991470336914,
      41.382747650146484,
      24.713031768798828,
      42.476680755615234,
      23.93076515197754
    ],
    [
      10.06186580657959,
      7.932967662811279,
      4.822932243347168,
      11.230805397033691,
      10.267522811889648,
      13.010761260986328,
      13.696697235107422,
      14.632516860961914,
      17.292736053466797,
      19.115699768066406,
      17.67009162902832,
      24.883068084716797,
      21.407228469848633,
      36.605743408203125,
      24.713031768798828,
      60.83549499511719,
      27.91667366027832,
      65.15731048583984
    ],
    [
      15.93824291229248,
      5.024861812591553,
      13.155689239501953,
      11.341761589050293,
      18.6840763092041,
      12.955354690551758,
      22.920812606811523,
      10.947661399841309,
      26.484085083007812,
      12.505598068237305,
      22.55765724182129,
      14.957801818847656,
      30.17753028869629,
      18.687944412231445,
      42.476680755615234,
      27.91667366027832,
      60.08384704589844,
      31.244218826293945
    ],
    [
      13.121519088745117,
      14.072711944580078,
      7.909402847290039,
      12.351217269897461,
      12.230929374694824,
      14.34426498413086,
      13.316030502319336,
      17.103282928466797,
      17.86650848388672,
      23.613441467285156,
      19.88018226623535,
      33.055965423583984,
      23.508808135986328,
      45.75028991699219,
      23.93076515197754,
      65.15731048583984,
      31.244218826293945,
      97.639892578125
    ]
  ],
  "damage": -8.029915809631348,
  "diff_bandwidth": 720.6378784179688,
  "dissonance": 9.484188947909097,
  "drr": 11.467060089111328,
  "dynamics": 2.8020179271698,
  "format": 1245190,
  "frames": 11047872,
  "loudness": -13.011346817016602,
  "loudness_range": 6.565487861633301,
  "loudness_range_short": 10.444008827209473,
  "lowpass_true_peak_15khz": 0.32720330357551575,
  "mastering3_acoustic_entropies": [
    {
      "acoustic_entropy": 6.589908599853516,
      "acoustic_entropy_mono": 6.68669319152832,
      "band_eliminated_acoustic_entropies": [
        {
          "acoustic_entropy": 6.609514236450195,
          "acoustic_entropy_side": 6.590231895446777,
          "hz": 129.47220167065723
        },
        {
          "acoustic_entropy": 6.663390636444092,
          "acoustic_entropy_side": 6.5899457931518555,
          "hz": 202.92927478742237
        },
        {
          "acoustic_entropy": 6.643115997314453,
          "acoustic_entropy_side": 6.5891594886779785,
          "hz": 282.89161906338205
        },
        {
          "acoustic_entropy": 6.529664039611816,
          "acoustic_entropy_side": 6.588801383972168,
          "hz": 369.9353335868758
        },
        {
          "acoustic_entropy": 6.803309917449951,
          "acoustic_entropy_side": 6.6088995933532715,
          "hz": 464.6875360973435
        },
        {
          "acoustic_entropy": 6.252706050872803,
          "acoustic_entropy_side": 6.627971649169922,
          "hz": 567.8308811364784
        },
        {
          "acoustic_entropy": 6.6968536376953125,
          "acoustic_entropy_side": 6.652320384979248,
          "hz": 680.1084783214808
        },
        {
          "acoustic_entropy": 6.771537780761719,
          "acoustic_entropy_side": 6.585890293121338,
          "hz": 802.3292461747484
        },
        {
          "acoustic_entropy": 6.464824676513672,
          "acoustic_entropy_side": 6.6605119705200195,
          "hz": 935.3737400823702
        },
        {
          "acoustic_entropy": 6.650836944580078,
          "acoustic_entropy_side": 6.757269859313965,
          "hz": 1080.2004963696966
        },
        {
          "acoustic_entropy": 6.134943008422852,
          "acoustic_entropy_side": 6.718353271484375,
          "hz": 1237.8529382007157
        },
        {
          "acoustic_entropy": 6.7712626457214355,
          "acoustic_entropy_side": 6.670731067657471,
          "hz": 1409.4668930556702
        },
        {
          "acoustic_entropy": 6.502260684967041,
          "acoustic_entropy_side": 6.615449905395508,
          "hz": 1596.2787759475705
        },
        {
          "acoustic_entropy": 6.379162788391113,
          "acoustic_entropy_side": 6.624345302581787,
          "hz": 1799.6344973346393
        },
        {
          "acoustic_entropy": 6.328124046325684,
          "acoustic_entropy_side": 6.612814426422119,
          "hz": 2020.9991599069049
        },
        {
          "acoustic_entropy": 6.121026039123535,
          "acoustic_entropy_side": 6.5960774421691895,
          "hz": 2261.9676141086993
        },
        {
          "acoustic_entropy": 6.182857036590576,
          "acoustic_entropy_side": 6.600025177001953,
          "hz": 2524.2759484456974
        },
        {
          "acoustic_entropy": 6.329214096069336,
          "acoustic_entropy_side": 6.6020731925964355,
          "hz": 2809.813997359896
        },
        {
          "acoustic_entropy": 6.013777732849121,
          "acoustic_entropy_side": 6.611839294433594,
          "hz": 3120.6389567871424
        },
        {
          "acoustic_entropy": 6.56085205078125,
          "acoustic_entropy_side": 6.617933750152588,
          "hz": 3458.990205492291
        },
        {
          "acoustic_entropy": 6.689113140106201,
          "acoustic_entropy_side": 6.6387248039245605,
          "hz": 3827.305438964164
        },
        {
          "acoustic_entropy": 6.609476089477539,
          "acoustic_entropy_side": 6.612220764160156,
          "hz": 4228.238232109126
        },
        {
          "acoustic_entropy": 6.588637351989746,
          "acoustic_entropy_side": 6.616076946258545,
          "hz": 4664.6771572759235
        },
        {
          "acoustic_entropy": 6.47125768661499,
          "acoustic_entropy_side": 6.611370086669922,
          "hz": 5139.766595350093
        },
        {
          "acoustic_entropy": 6.597564697265625,
          "acoustic_entropy_side": 6.614245414733887,
          "hz": 5656.929389854203
        },
        {
          "acoustic_entropy": 6.555135250091553,
          "acoustic_entropy_side": 6.6042327880859375,
          "hz": 6219.891507268283
        },
        {
          "acoustic_entropy": 6.556460857391357,
          "acoustic_entropy_side": 6.602065563201904,
          "hz": 6832.70888123896
        },
        {
          "acoustic_entropy": 6.63210391998291,
          "acoustic_entropy_side": 6.598232746124268,
          "hz": 7499.796634079867
        },
        {
          "acoustic_entropy": 6.738713264465332,
          "acoustic_entropy_side": 6.595452785491943,
          "hz": 8225.96088609342
        },
        {
          "acoustic_entropy": 6.660862445831299,
          "acoustic_entropy_side": 6.593867301940918,
          "hz": 9016.43338188839
        },
        {
          "acoustic_entropy": 6.591559886932373,
          "acoustic_entropy_side": 6.590741157531738,
          "hz": 9876.909183162974
        },
        {
          "acoustic_entropy": 6.740530014038086,
          "acoustic_entropy_side": 6.5910820960998535,
          "hz": 10813.587699516042
        },
        {
          "acoustic_entropy": 6.783054351806641,
          "acoustic_entropy_side": 6.590992450714111,
          "hz": 11833.21735289826
        },
        {
          "acoustic_entropy": 6.737806797027588,
          "acoustic_entropy_side": 6.589732646942139,
          "hz": 12943.144197493959
        },
        {
          "acoustic_entropy": 6.66975212097168,
          "acoustic_entropy_side": 6.589223861694336,
          "hz": 14151.364845322005
        },
        {
          "acoustic_entropy": 6.627841472625732,
          "acoustic_entropy_side": 6.589778423309326,
          "hz": 15466.58407886509
        },
        {
          "acoustic_entropy": 6.611197471618652,
          "acoustic_entropy_side": 6.590137481689453,
          "hz": 16898.27756580493
        },
        {
          "acoustic_entropy": 6.5978569984436035,
          "acoustic_entropy_side": 6.590086936950684,
          "hz": 18456.760127700032
        },
        {
          "acoustic_entropy": 6.592679500579834,
          "acoustic_entropy_side": 6.589992046356201,
          "hz": 20153.260054456492
        },
        {
          "acoustic_entropy": 6.590305328369141,
          "acoustic_entropy_side": 6.589912414550781,
          "hz": 22000.00000000001
        }
      ],
      "diff_acoustic_entropy": 4.725837707519531,
      "sn": 6
    },
    {
      "acoustic_entropy": 9.903331756591797,
      "acoustic_entropy_mono": 9.368258476257324,
      "band_eliminated_acoustic_entropies": [
        {
          "acoustic_entropy": 9.723936080932617,
          "acoustic_entropy_side": 9.980534553527832,
          "hz": 129.47220167065723
        },
        {
          "acoustic_entropy": 9.732796669006348,
          "acoustic_entropy_side": 9.796676635742188,
          "hz": 202.92927478742237
        },
        {
          "acoustic_entropy": 9.78541088104248,
          "acoustic_entropy_side": 9.866677284240723,
          "hz": 282.89161906338205
        },
        {
          "acoustic_entropy": 9.732710838317871,
          "acoustic_entropy_side": 9.979684829711914,
          "hz": 369.9353335868758
        },
        {
          "acoustic_entropy": 10.525825500488281,
          "acoustic_entropy_side": 9.814118385314941,
          "hz": 464.6875360973435
        },
        {
          "acoustic_entropy": 9.65631103515625,
          "acoustic_entropy_side": 9.652008056640625,
          "hz": 567.8308811364784
        },
        {
          "acoustic_entropy": 10.31861686706543,
          "acoustic_entropy_side": 9.780937194824219,
          "hz": 680.1084783214808
        },
        {
          "acoustic_entropy": 10.197189331054688,
          "acoustic_entropy_side": 9.69837760925293,
          "hz": 802.3292461747484
        },
        {
          "acoustic_entropy": 10.493392944335938,
          "acoustic_entropy_side": 9.981534004211426,
          "hz": 935.3737400823702
        },
        {
          "acoustic_entropy": 10.194620132446289,
          "acoustic_entropy_side": 10.115550994873047,
          "hz": 1080.2004963696966
        },
        {
          "acoustic_entropy": 9.983675956726074,
          "acoustic_entropy_side": 10.12434196472168,
          "hz": 1237.8529382007157
        },
        {
          "acoustic_entropy": 10.09815788269043,
          "acoustic_entropy_side": 10.116485595703125,
          "hz": 1409.4668930556702
        },
        {
          "acoustic_entropy": 10.423700332641602,
          "acoustic_entropy_side": 10.075149536132812,
          "hz": 1596.2787759475705
        },
        {
          "acoustic_entropy": 10.051280975341797,
          "acoustic_entropy_side": 10.247880935668945,
          "hz": 1799.6344973346393
        },
        {
          "acoustic_entropy": 10.365673065185547,
          "acoustic_entropy_side": 10.310955047607422,
          "hz": 2020.9991599069049
        },
        {
          "acoustic_entropy": 10.235090255737305,
          "acoustic_entropy_side": 9.850358009338379,
          "hz": 2261.9676141086993
        },
        {
          "acoustic_entropy": 10.721707344055176,
          "acoustic_entropy_side": 9.807988166809082,
          "hz": 2524.2759484456974
        },
        {
          "acoustic_entropy": 10.267138481140137,
          "acoustic_entropy_side": 9.874841690063477,
          "hz": 2809.813997359896
        },
        {
          "acoustic_entropy": 10.448869705200195,
          "acoustic_entropy_side": 9.790984153747559,
          "hz": 3120.6389567871424
        },
        {
          "acoustic_entropy": 9.914363861083984,
          "acoustic_entropy_side": 9.75681209564209,
          "hz": 3458.990205492291
        },
        {
          "acoustic_entropy": 9.8809175491333,
          "acoustic_entropy_side": 9.961928367614746,
          "hz": 3827.305438964164
        },
        {
          "acoustic_entropy": 9.871766090393066,
          "acoustic_entropy_side": 9.798565864562988,
          "hz": 4228.238232109126
        },
        {
          "acoustic_entropy": 10.066195487976074,
          "acoustic_entropy_side": 9.831991195678711,
          "hz": 4664.6771572759235
        },
        {
          "acoustic_entropy": 10.194019317626953,
          "acoustic_entropy_side": 9.726329803466797,
          "hz": 5139.766595350093
        },
        {
          "acoustic_entropy": 9.974056243896484,
          "acoustic_entropy_side": 9.871626853942871,
          "hz": 5656.929389854203
        },
        {
          "acoustic_entropy": 10.166543960571289,
          "acoustic_entropy_side": 9.864287376403809,
          "hz": 6219.891507268283
        },
        {
          "acoustic_entropy": 10.298505783081055,
          "acoustic_entropy_side": 9.891300201416016,
          "hz": 6832.70888123896
        },
        {
          "acoustic_entropy": 10.095094680786133,
          "acoustic_entropy_side": 9.974634170532227,
          "hz": 7499.796634079867
        },
        {
          "acoustic_entropy": 10.147452354431152,
          "acoustic_entropy_side": 9.98482894897461,
          "hz": 8225.96088609342
        },
        {
          "acoustic_entropy": 10.111368179321289,
          "acoustic_entropy_side": 9.938669204711914,
          "hz": 9016.43338188839
        },
        {
          "acoustic_entropy": 10.082818984985352,
          "acoustic_entropy_side": 9.926633834838867,
          "hz": 9876.909183162974
        },
        {
          "acoustic_entropy": 9.969977378845215,
          "acoustic_entropy_side": 9.883115768432617,
          "hz": 10813.587699516042
        },
        {
          "acoustic_entropy": 10.127481460571289,
          "acoustic_entropy_side": 9.868704795837402,
          "hz": 11833.21735289826
        },
        {
          "acoustic_entropy": 10.1710205078125,
          "acoustic_entropy_side": 9.8289155960083,
          "hz": 12943.144197493959
        },
        {
          "acoustic_entropy": 10.199691772460938,
          "acoustic_entropy_side": 9.800678253173828,
          "hz": 14151.364845322005
        },
        {
          "acoustic_entropy": 9.9881010055542,
          "acoustic_entropy_side": 9.779189109802246,
          "hz": 15466.58407886509
        },
        {
          "acoustic_entropy": 9.810301780700684,
          "acoustic_entropy_side": 9.847745895385742,
          "hz": 16898.27756580493
        },
        {
          "acoustic_entropy": 9.985069274902344,
          "acoustic_entropy_side": 9.81403923034668,
          "hz": 18456.760127700032
        },
        {
          "acoustic_entropy": 9.876456260681152,
          "acoustic_entropy_side": 9.830181121826172,
          "hz": 20153.260054456492
        },
        {
          "acoustic_entropy": 9.866554260253906,
          "acoustic_entropy_side": 9.887126922607422,
          "hz": 22000.00000000001
        }
      ],
      "diff_acoustic_entropy": 8.743069648742676,
      "sn": 12
    },
    {
      "acoustic_entropy": 15.89396858215332,
      "acoustic_entropy_mono": 12.705756187438965,
      "band_eliminated_acoustic_entropies": [
        {
          "acoustic_entropy": 16.056941986083984,
          "acoustic_entropy_side": 15.591958999633789,
          "hz": 129.47220167065723
        },
        {
          "acoustic_entropy": 16.277372360229492,
          "acoustic_entropy_side": 15.880558967590332,
          "hz": 202.92927478742237
        },
        {
          "acoustic_entropy": 15.937045097351074,
          "acoustic_entropy_side": 15.797497749328613,
          "hz": 282.89161906338205
        },
        {
          "acoustic_entropy": 15.567004203796387,
          "acoustic_entropy_side": 15.593781471252441,
          "hz": 369.9353335868758
        },
        {
          "acoustic_entropy": 16.41501808166504,
          "acoustic_entropy_side": 15.553204536437988,
          "hz": 464.6875360973435
        },
        {
          "acoustic_entropy": 15.537096977233887,
          "acoustic_entropy_side": 16.040300369262695,
          "hz": 567.8308811364784
        },
        {
          "acoustic_entropy": 15.524853706359863,
          "acoustic_entropy_side": 15.89794921875,
          "hz": 680.1084783214808
        },
        {
          "acoustic_entropy": 15.900888442993164,
          "acoustic_entropy_side": 15.62330150604248,
          "hz": 802.3292461747484
        },
        {
          "acoustic_entropy": 16.129846572875977,
          "acoustic_entropy_side": 15.907686233520508,
          "hz": 935.3737400823702
        },
        {
          "acoustic_entropy": 16.52825927734375,
          "acoustic_entropy_side": 15.640209197998047,
          "hz": 1080.2004963696966
        },
        {
          "acoustic_entropy": 14.901092529296875,
          "acoustic_entropy_side": 15.925697326660156,
          "hz": 1237.8529382007157
        },
        {
          "acoustic_entropy": 15.996315956115723,
          "acoustic_entropy_side": 16.1807804107666,
          "hz": 1409.4668930556702
        },
        {
          "acoustic_entropy": 15.909711837768555,
          "acoustic_entropy_side": 15.940727233886719,
          "hz": 1596.2787759475705
        },
        {
          "acoustic_entropy": 15.96898365020752,
          "acoustic_entropy_side": 15.821507453918457,
          "hz": 1799.6344973346393
        },
        {
          "acoustic_entropy": 15.244038581848145,
          "acoustic_entropy_side": 15.878552436828613,
          "hz": 2020.9991599069049
        },
        {
          "acoustic_entropy": 16.016483306884766,
          "acoustic_entropy_side": 15.837937355041504,
          "hz": 2261.9676141086993
        },
        {
          "acoustic_entropy": 16.02335548400879,
          "acoustic_entropy_side": 15.896146774291992,
          "hz": 2524.2759484456974
        },
        {
          "acoustic_entropy": 15.594255447387695,
          "acoustic_entropy_side": 15.700155258178711,
          "hz": 2809.813997359896
        },
        {
          "acoustic_entropy": 15.566059112548828,
          "acoustic_entropy_side": 15.899170875549316,
          "hz": 3120.6389567871424
