{
  "acoustic_entropy": 62.71958541870117,
  "bands": [
    {
      "high_freq": 148.1999969482422,
      "loudness": -51.05156707763672,
      "loudness_range": 31.544353485107422,
      "mid_mean": -51.10646438598633,
      "mid_to_side_loudness": -15.206626892089844,
      "mid_to_side_loudness_range": 14.763696670532227,
      "side_mean": -62.7755126953125
    },
    {
      "high_freq": 392.3793640136719,
      "loudness": -36.83756637573242,
      "loudness_range": 28.858177185058594,
      "low_freq": 148.1999969482422,
      "mid_mean": -33.99650573730469,
      "mid_to_side_loudness": -8.707524299621582,
      "mid_to_side_loudness_range": 19.761730194091797,
      "side_mean": -44.75555419921875
    },
    {
      "high_freq": 794.6976318359375,
      "loudness": -35.4909782409668,
      "loudness_range": 27.60711097717285,
      "low_freq": 392.3793640136719,
      "mid_mean": -32.64099884033203,
      "mid_to_side_loudness": -8.287178039550781,
      "mid_to_side_loudness_range": 13.50015926361084,
      "side_mean": -41.9149284362793
    },
    {
      "high_freq": 1457.5709228515625,
      "loudness": -43.65635299682617,
      "loudness_range": 27.17962074279785,
      "low_freq": 794.6976318359375,
      "mid_mean": -41.01211929321289,
      "mid_to_side_loudness": -6.889110565185547,
      "mid_to_side_loudness_range": 7.539412975311279,
      "side_mean": -51.86581039428711
    },
    {
      "high_freq": 2549.74365234375,
      "loudness": -50.599483489990234,
      "loudness_range": 30.055484771728516,
      "low_freq": 1457.5709228515625,
      "mid_mean": -52.03571319580078,
      "mid_to_side_loudness": -5.520039081573486,
      "mid_to_side_loudness_range": 8.639501571655273,
      "side_mean": -56.85015106201172
    },
    {
      "high_freq": 4349.24462890625,
      "loudness": -63.44364929199219,
      "loudness_range": 29.866252899169922,
      "low_freq": 2549.74365234375,
      "mid_mean": -63.25044250488281,
      "mid_to_side_loudness": -4.018047332763672,
      "mid_to_side_loudness_range": 7.24100399017334,
      "side_mean": -65.44317626953125
    },
    {
      "high_freq": 7314.1640625,
      "loudness": -80.2049560546875,
      "loudness_range": 17.359588623046875,
      "low_freq": 4349.24462890625,
      "mid_mean": -68.84835815429688,
      "mid_to_side_loudness": -1.6330405473709106,
      "mid_to_side_loudness_range": 4.918674945831299,
      "side_mean": -69.37838745117188
    },
    {
      "high_freq": 12199.2666015625,
      "loudness": 0,
      "loudness_range": 0,
      "low_freq": 7314.1640625,
      "mid_mean": -69.6394271850586,
      "mid_to_side_loudness": -0.4289994537830353,
      "mid_to_side_loudness_range": 0.755596399307251,
      "side_mean": -69.67293548583984
    },
    {
      "loudness": 0,
      "loudness_range": 0,
      "low_freq": 12199.2666015625,
      "mid_mean": -69.52352142333984,
      "mid_to_side_loudness": -0.23732495307922363,
      "mid_to_side_loudness_range": 0.507360577583313,
      "side_mean": -69.54639434814453
    }
  ],
  "bands_short": [
    {
      "high_freq": 148.1999969482422,
      "loudness": -54.81956481933594,
      "loudness_range": 31.175949096679688,
      "mid_mean": -54.732357025146484,
      "mid_to_side_loudness": -17.205684661865234,
      "mid_to_side_loudness_range": 18.343656539916992,
      "side_mean": -66.02835083007812
    },
    {
      "high_freq": 392.3793640136719,
      "loudness": -37.26355743408203,
      "loudness_range": 26.768342971801758,
      "low_freq": 148.1999969482422,
      "mid_mean": -34.93590545654297,
      "mid_to_side_loudness": -8.545439720153809,
      "mid_to_side_loudness_range": 20.976003646850586,
      "side_mean": -50.196285247802734
    },
    {
      "high_freq": 794.6976318359375,
      "loudness": -35.226715087890625,
      "loudness_range": 27.766597747802734,
      "low_freq": 392.3793640136719,
      "mid_mean": -32.47212600708008,
      "mid_to_side_loudness": -8.399433135986328,
      "mid_to_side_loudness_range": 15.393747329711914,
      "side_mean": -42.601165771484375
    },
    {
      "high_freq": 1457.5709228515625,
      "loudness": -43.00690841674805,
      "loudness_range": 26.28432273864746,
      "low_freq": 794.6976318359375,
      "mid_mean": -41.092926025390625,
      "mid_to_side_loudness": -5.044787883758545,
      "mid_to_side_loudness_range": 9.172440528869629,
      "side_mean": -51.009521484375
    },
    {
      "high_freq": 2549.74365234375,
      "loudness": -50.867881774902344,
      "loudness_range": 30.279808044433594,
      "low_freq": 1457.5709228515625,
      "mid_mean": -52.84270095825195,
      "mid_to_side_loudness": -5.167181015014648,
      "mid_to_side_loudness_range": 9.197778701782227,
      "side_mean": -57.40635681152344
    },
    {
      "high_freq": 4349.24462890625,
      "loudness": -63.63773727416992,
      "loudness_range": 29.348804473876953,
      "low_freq": 2549.74365234375,
      "mid_mean": -63.652645111083984,
      "mid_to_side_loudness": -3.215459108352661,
      "mid_to_side_loudness_range": 7.7713141441345215,
      "side_mean": -65.4288330078125
    },
    {
      "high_freq": 7314.1640625,
      "loudness": -80.67733001708984,
      "loudness_range": 13.926132202148438,
      "low_freq": 4349.24462890625,
      "mid_mean": -69.04813385009766,
      "mid_to_side_loudness": -1.3739856481552124,
      "mid_to_side_loudness_range": 5.057336807250977,
      "side_mean": -69.43494415283203
    },
    {
      "high_freq": 12199.2666015625,
      "loudness": 0,
      "loudness_range": 0,
      "low_freq": 7314.1640625,
      "mid_mean": -69.63961791992188,
      "mid_to_side_loudness": -0.385475754737854,
      "mid_to_side_loudness_range": 1.7657190561294556,
      "side_mean": -69.67300415039062
    },
    {
      "loudness": 0,
      "loudness_range": 0,
      "low_freq": 12199.2666015625,
      "mid_mean": -69.52178192138672,
      "mid_to_side_loudness": -0.20307081937789917,
      "mid_to_side_loudness_range": 1.343641757965088,
      "side_mean": -69.54478454589844
    }
  ],
  "bandwidth": 582.8138427734375,
  "channels": 2,
  "covariance": [
    [
      159.9178466796875,
      89.83670043945312,
      84.4173812866211,
      105.40748596191406,
      68.71935272216797,
      77.2169189453125,
      80.08985900878906,
      131.49830627441406,
      131.3453826904297,
      107.1760025024414,
      72.40977478027344,
      52.95962142944336,
      12.553915023803711,
      5.960060119628906,
      0.4291568994522095,
      0.21605892479419708,
      0.26075121760368347,
      0.22472132742404938
    ],
    [
      89.83670043945312,
      62.59944534301758,
      60.6765022277832,
      72.30096435546875,
      54.26284408569336,
      58.13487243652344,
      59.482215881347656,
      74.5188217163086,
      74.69357299804688,
      61.43864059448242,
      44.39079666137695,
      32.42985916137695,
      8.175223350524902,
      3.930356740951538,
      0.19539110362529755,
      0.05986885353922844,
      0.044688738882541656,
      0.02447228506207466
    ],
    [
      84.4173812866211,
      60.6765022277832,
      101.51441192626953,
      108.63980865478516,
      85.55768585205078,
      87.136962890625,
      91.87849426269531,
      89.04370880126953,
      97.76669311523438,
      88.65013885498047,
      69.43437957763672,
      52.93069076538086,
      13.389059066772461,
      6.2212018966674805,
      0.1239214763045311,
      -0.05984122306108475,
      -0.19041582942008972,
      -0.2117040902376175
    ],
    [
      105.40748596191406,
      72.30096435546875,
      108.63980865478516,
      130.1915283203125,
      91.81756591796875,
      95.3587417602539,
      99.59456634521484,
      104.47579956054688,
      110.9494400024414,
      99.8553695678711,
      76.85371398925781,
      57.84911346435547,
      13.951018333435059,
      6.468871116638184,
      0.1344946324825287,
      -0.06557904928922653,
      -0.20365941524505615,
      -0.22199073433876038
    ],
    [
      68.71935272216797,
      54.26284408569336,
      85.55768585205078,
      91.81756591796875,
      97.93325805664062,
      84.53913879394531,
      82.58926391601562,
      82.38006591796875,
      93.01625061035156,
      83.80020141601562,
      70.28379821777344,
      56.79693603515625,
      16.094449996948242,
      7.505497455596924,
      0.15644019842147827,
      -0.054992835968732834,
      -0.21803461015224457,
      -0.23948626220226288
    ],
    [
      77.2169189453125,
      58.13487243652344,
      87.136962890625,
      95.3587417602539,
      84.53913879394531,
      91.39602661132812,
      83.59929656982422,
      85.37458038330078,
      91.76020050048828,
      80.4266128540039,
      63.170406341552734,
      49.50654220581055,
      13.190515518188477,
      6.06046199798584,
      0.1261003613471985,
      -0.05531712993979454,
      -0.19273531436920166,
      -0.21057403087615967
    ],
    [
      80.08985900878906,
      59.482215881347656,
      91.87849426269531,
      99.59456634521484,
      82.58926391601562,
      83.59929656982422,
      92.23233795166016,
      88.37165069580078,
      94.45853424072266,
      86.03125,
      69.61742401123047,
      54.220035552978516,
      14.333843231201172,
      6.5744242668151855,
      0.15689077973365784,
      -0.04949275776743889,
      -0.19271047413349152,
      -0.21512943506240845
    ],
    [
      131.49830627441406,
      74.5188217163086,
      89.04370880126953,
      104.47579956054688,
      82.38006591796875,
      85.37458038330078,
      88.37165069580078,
      137.22532653808594,
      138.62892150878906,
      114.88002014160156,
      78.70840454101562,
      59.395816802978516,
      15.048827171325684,
      6.91439962387085,
      0.44428664445877075,
      0.2092461735010147,
      0.2272208333015442,
      0.1891321837902069
    ],
    [
      131.3453826904297,
      74.69357299804688,
      97.76669311523438,
      110.9494400024414,
      93.01625061035156,
      91.76020050048828,
      94.45853424072266,
      138.62892150878906,
      149.56008911132812,
      124.19054412841797,
      85.77629089355469,
      64.8885726928711,
      17.229320526123047,
      8.036758422851562,
      0.4649900197982788,
      0.2046201229095459,
      0.1980563998222351,
      0.1636900156736374
    ],
    [
      107.1760025024414,
      61.43864059448242,
      88.65013885498047,
      99.8553695678711,
      83.80020141601562,
      80.4266128540039,
      86.03125,
      114.88002014160156,
      124.19054412841797,
      108.55728912353516,
      77.34838104248047,
      59.01594161987305,
      15.248109817504883,
      7.138278961181641,
      0.3808753490447998,
      0.1456798017024994,
      0.11190773546695709,
      0.08609066158533096
    ],
    [
      72.40977478027344,
      44.39079666137695,
      69.43437957763672,
      76.85371398925781,
      70.28379821777344,
      63.170406341552734,
      69.61742401123047,
      78.70840454101562,
      85.77629089355469,
      77.34838104248047,
      64.73014068603516,
      51.35623550415039,
      14.176137924194336,
      6.54142427444458,
      0.28577274084091187,
      0.07196854054927826,
      -0.007208268623799086,
      -0.033887092024087906
    ],
    [
      52.95962142944336,
      32.42985916137695,
      52.93069076538086,
      57.84911346435547,
      56.79693603515625,
      49.50654220581055,
      54.220035552978516,
      59.395816802978516,
      64.8885726928711,
      59.01594161987305,
      51.35623550415039,
      43.251800537109375,
      12.889001846313477,
      6.032882213592529,
      0.2405693531036377,
      0.051549285650253296,
      -0.03873308748006821,
      -0.062423400580883026
    ],
    [
      12.553915023803711,
      8.175223350524902,
      13.389059066772461,
      13.951018333435059,
      16.094449996948242,
      13.190515518188477,
      14.333843231201172,
      15.048827171325684,
      17.229320526123047,
      15.248109817504883,
      14.176137924194336,
      12.889001846313477,
      5.517573356628418,
      2.6391818523406982,
      0.08580490201711655,
      0.017115693539381027,
      -0.024730073288083076,
      -0.03291500732302666
    ],
    [
      5.960060119628906,
      3.930356740951538,
      6.2212018966674805,
      6.468871116638184,
      7.505497455596924,
      6.06046199798584,
      6.5744242668151855,
      6.91439962387085,
      8.036758422851562,
      7.138278961181641,
      6.54142427444458,
      6.032882213592529,
      2.6391818523406982,
      1.3274534940719604,
      0.04254252836108208,
      0.00900542363524437,
      -0.011648202314972878,
      -0.015449835918843746
    ],
    [
      0.4291568994522095,
      0.19539110362529755,
      0.1239214763045311,
      0.1344946324825287,
      0.15644019842147827,
      0.1261003613471985,
      0.15689077973365784,
      0.44428664445877075,
      0.4649900197982788,
      0.3808753490447998,
      0.28577274084091187,
      0.2405693531036377,
      0.08580490201711655,
      0.04254252836108208,
      0.006279994733631611,
      0.004356054123491049,
      0.0054542021825909615,
      0.0050133406184613705
    ],
    [
      0.21605892479419708,
      0.05986885353922844,
      -0.05984122306108475,
      -0.06557904928922653,
      -0.054992835968732834,
      -0.05531712993979454,
      -0.04949275776743889,
      0.2092461735010147,
      0.2046201229095459,
      0.1456798017024994,
      0.07196854054927826,
      0.051549285650253296,
      0.017115693539381027,
      0.00900542363524437,
      0.004356054123491049,
      0.0038508528377860785,
      0.0054031917825341225,
      0.005107791628688574
    ],
    [
      0.26075121760368347,
      0.044688738882541656,
      -0.19041582942008972,
      -0.20365941524505615,
      -0.21803461015224457,
      -0.19273531436920166,
      -0.19271047413349152,
      0.2272208333015442,
      0.1980563998222351,
      0.11190773546695709,
      -0.007208268623799086,
      -0.03873308748006821,
      -0.024730073288083076,
      -0.011648202314972878,
      0.0054542021825909615,
      0.0054031917825341225,
      0.008631844073534012,
      0.008169105276465416
    ],
    [
      0.22472132742404938,
      0.02447228506207466,
      -0.2117040902376175,
      -0.22199073433876038,
      -0.23948626220226288,
      -0.21057403087615967,
      -0.21512943506240845,
      0.1891321837902069,
      0.1636900156736374,
      0.08609066158533096,
      -0.033887092024087906,
      -0.062423400580883026,
      -0.03291500732302666,
      -0.015449835918843746,
      0.0050133406184613705,
      0.005107791628688574,
      0.008169105276465416,
      0.008020417764782906
    ]
  ],
  "covariance_short": [
    [
      139.86480712890625,
      57.22524642944336,
      73.11882019042969,
      143.03366088867188,
      50.37629318237305,
      66.24500274658203,
      68.57411193847656,
      118.04872131347656,
      113.70806884765625,
      93.6972885131836,
      60.92764663696289,
      44.790130615234375,
      9.023406028747559,
      4.731907367706299,
      0.4044402241706848,
      0.1914701759815216,
      0.21788989007472992,
      0.1927495002746582
    ],
    [
      57.22524642944336,
      30.398555755615234,
      39.26557540893555,
      57.862266540527344,
      28.852508544921875,
      35.61381149291992,
      37.826141357421875,
      45.672542572021484,
      44.76653289794922,
      38.94413757324219,
      28.150543212890625,
      20.926836013793945,
      4.219316005706787,
      2.22824764251709,
      0.13999241590499878,
      0.03883026912808418,
      0.018294598907232285,
      0.006982560269534588
    ],
    [
      73.11882019042969,
      39.26557540893555,
      102.28694915771484,
      111.09890747070312,
      80.82484436035156,
      88.23445892333984,
      90.1796646118164,
      88.11089324951172,
      94.58434295654297,
      84.90074157714844,
      64.23028564453125,
      50.18465042114258,
      9.82896900177002,
      5.057392120361328,
      0.12660031020641327,
      -0.05813132971525192,
      -0.18816514313220978,
      -0.20557858049869537
    ],
    [
      143.03366088867188,
      57.862266540527344,
      111.09890747070312,
      197.04232788085938,
      91.63156127929688,
      107.48912048339844,
      102.80790710449219,
      164.4348907470703,
      163.0694580078125,
      134.41015625,
      87.89094543457031,
      66.1998062133789,
      12.272311210632324,
      6.307424545288086,
      0.47015368938446045,
      0.21741904318332672,
      0.2615753412246704,
      0.22600340843200684
    ],
    [
      50.37629318237305,
      28.852508544921875,
      80.82484436035156,
      91.63156127929688,
      101.99826049804688,
      90.70147705078125,
      83.73383331298828,
      81.43778228759766,
      92.84046936035156,
      82.3754653930664,
      70.32345581054688,
      60.04291534423828,
      14.356825828552246,
      7.382789611816406,
      0.18432466685771942,
      -0.05435507744550705,
      -0.24476157128810883,
      -0.2682666480541229
    ],
    [
      66.24500274658203,
      35.61381149291992,
      88.23445892333984,
      107.48912048339844,
      90.70147705078125,
      103.22711181640625,
      87.86983489990234,
      90.43817901611328,
      97.9676513671875,
      84.81400299072266,
      66.28816223144531,
      53.86723327636719,
      12.271123886108398,
      6.197451114654541,
      0.15945318341255188,
      -0.05629340931773186,
      -0.21997252106666565,
      -0.2401222139596939
    ],
    [
      68.57411193847656,
      37.826141357421875,
      90.1796646118164,
      102.80790710449219,
      83.73383331298828,
      87.86983489990234,
      95.60995483398438,
      87.30616760253906,
      94.53150177001953,
      84.90111541748047,
      68.24949645996094,
      54.684505462646484,
      12.23871898651123,
      6.243810653686523,
      0.18451239168643951,
      -0.04648665711283684,
      -0.2080117017030716,
      -0.22991633415222168
    ],
    [
      118.04872131347656,
      45.672542572021484,
      88.11089324951172,
      164.4348907470703,
      81.43778228759766,
      90.43817901611328,
      87.30616760253906,
      155.03903198242188,
      147.4484405517578,
      118.99483489990234,
      77.43671417236328,
      60.250221252441406,
      12.509249687194824,
      6.399103164672852,
      0.4867790937423706,
      0.22696448862552643,
      0.25910353660583496,
      0.21885859966278076
    ],
    [
      113.70806884765625,
      44.76653289794922,
      94.58434295654297,
      163.0694580078125,
      92.84046936035156,
      97.9676513671875,
      94.53150177001953,
      147.4484405517578,
      152.87205505371094,
      124.7308349609375,
      83.95372772216797,
      66.09172821044922,
      14.584228515625,
      7.53495979309082,
      0.49042657017707825,
      0.20082344114780426,
      0.1861373633146286,
      0.15323489904403687
    ],
    [
      93.6972885131836,
      38.94413757324219,
      84.90074157714844,
      134.41015625,
      82.3754653930664,
      84.81400299072266,
      84.90111541748047,
      118.99483489990234,
      124.7308349609375,
      107.41429138183594,
      74.47531127929688,
      59.46900177001953,
      12.768872261047363,
      6.6412739753723145,
      0.4033622741699219,
      0.14472705125808716,
      0.103069968521595,
      0.07786265015602112
    ],
    [
      60.92764663696289,
      28.150543212890625,
      64.23028564453125,
      87.89094543457031,
      70.32345581054688,
      66.28816223144531,
      68.24949645996094,
      77.43671417236328,
      83.95372772216797,
      74.47531127929688,
      61.77777862548828,
      50.238128662109375,
      11.8582181930542,
      6.142948627471924,
      0.31161606311798096,
      0.07248368859291077,
      -0.017615318298339844,
      -0.0406392365694046
    ],
    [
      44.790130615234375,
      20.926836013793945,
      50.18465042114258,
      66.1998062133789,
      60.04291534423828,
      53.86723327636719,
      54.684505462646484,
      60.250221252441406,
      66.09172821044922,
      59.46900177001953,
      50.238128662109375,
      43.845333099365234,
      10.96953010559082,
      5.862667083740234,
      0.266441285610199,
      0.05535692721605301,
      -0.04706190153956413,
      -0.06638278067111969
    ],
    [
      9.023406028747559,
      4.219316005706787,
      9.82896900177002,
      12.272311210632324,
      14.356825828552246,
      12.271123886108398,
      12.23871898651123,
      12.509249687194824,
      14.584228515625,
      12.768872261047363,
      11.8582181930542,
      10.96953010559082,
      4.752675533294678,
      2.500945568084717,
      0.10376859456300735,
      0.020024754106998444,
      -0.029491936787962914,
      -0.035456590354442596
    ],
    [
      4.731907367706299,
      2.22824764251709,
      5.057392120361328,
      6.307424545288086,
      7.382789611816406,
      6.197451114654541,
      6.243810653686523,
      6.399103164672852,
      7.53495979309082,
      6.6412739753723145,
      6.142948627471924,
      5.862667083740234,
      2.500945568084717,
      1.4511350393295288,
      0.05672752857208252,
      0.011499670334160328,
      -0.01580631732940674,
      -0.018524598330259323
    ],
    [
      0.4044402241706848,
      0.13999241590499878,
      0.12660031020641327,
      0.47015368938446045,
      0.18432466685771942,
      0.15945318341255188,
      0.18451239168643951,
      0.4867790937423706,
      0.49042657017707825,
      0.4033622741699219,
      0.31161606311798096,
      0.266441285610199,
      0.10376859456300735,
      0.05672752857208252,
      0.009279093705117702,
      0.004929301328957081,
      0.005219186190515757,
      0.004807035438716412
    ],
    [
      0.1914701759815216,
      0.03883026912808418,
      -0.05813132971525192,
      0.21741904318332672,
      -0.05435507744550705,
      -0.05629340931773186,
      -0.04648665711283684,
      0.22696448862552643,
      0.20082344114780426,
      0.14472705125808716,
      0.07248368859291077,
      0.05535692721605301,
      0.020024754106998444,
      0.011499670334160328,
      0.004929301328957081,
      0.00476702069863677,
      0.0054380521178245544,
      0.005123928654938936
    ],
    [
      0.21788989007472992,
      0.018294598907232285,
      -0.18816514313220978,
      0.2615753412246704,
      -0.24476157128810883,
      -0.21997252106666565,
      -0.2080117017030716,
      0.25910353660583496,
      0.1861373633146286,
      0.103069968521595,
      -0.017615318298339844,
      -0.04706190153956413,
      -0.029491936787962914,
      -0.01580631732940674,
      0.005219186190515757,
      0.0054380521178245544,
      0.01003002654761076,
      0.008559800684452057
    ],
    [
      0.1927495002746582,
      0.006982560269534588,
      -0.20557858049869537,
      0.22600340843200684,
      -0.2682666480541229,
      -0.2401222139596939,
      -0.22991633415222168,
      0.21885859966278076,
      0.15323489904403687,
      0.07786265015602112,
      -0.0406392365694046,
      -0.06638278067111969,
      -0.035456590354442596,
      -0.018524598330259323,
      0.004807035438716412,
      0.005123928654938936,
      0.008559800684452057,
      0.009303963743150234
    ]
  ],
  "damage": -11.442752838134766,
  "diff_bandwidth": 605.6185913085938,
  "dissonance": 2.7822424557497643,
  "drr": -7.864484786987305,
  "dynamics": 8.353232383728027,
  "format": 1245190,
  "frames": 2535424,
  "loudness": -26.699007034301758,
  "loudness_range": 26.978580474853516,
  "loudness_range_short": 26.959699630737305,
  "lowpass_true_peak_15khz": -1.7078883647918701,
  "mastering3_acoustic_entropies": [
    {
      "acoustic_entropy": 4.851456165313721,
      "acoustic_entropy_mono": 4.607975006103516,
      "band_eliminated_acoustic_entropies": [
        {
          "acoustic_entropy": 4.866801738739014,
          "acoustic_entropy_side": 4.851477146148682,
          "hz": 129.47220167065723
        },
        {
          "acoustic_entropy": 4.996554851531982,
          "acoustic_entropy_side": 4.861617088317871,
          "hz": 202.92927478742237
        },
        {
          "acoustic_entropy": 5.418879508972168,
          "acoustic_entropy_side": 4.92788028717041,
          "hz": 282.89161906338205
        },
        {
          "acoustic_entropy": 4.905453681945801,
          "acoustic_entropy_side": 4.782491207122803,
          "hz": 369.9353335868758
        },
        {
          "acoustic_entropy": 5.06245756149292,
          "acoustic_entropy_side": 5.079852104187012,
          "hz": 464.6875360973435
        },
        {
          "acoustic_entropy": 4.751605987548828,
          "acoustic_entropy_side": 4.74561882019043,
          "hz": 567.8308811364784
        },
        {
          "acoustic_entropy": 4.21732234954834,
          "acoustic_entropy_side": 4.972938060760498,
          "hz": 680.1084783214808
        },
        {
          "acoustic_entropy": 4.79293155670166,
          "acoustic_entropy_side": 4.831264019012451,
          "hz": 802.3292461747484
        },
        {
          "acoustic_entropy": 4.976256847381592,
          "acoustic_entropy_side": 4.826165199279785,
          "hz": 935.3737400823702
        },
        {
          "acoustic_entropy": 4.605494499206543,
          "acoustic_entropy_side": 4.663426399230957,
          "hz": 1080.2004963696966
        },
        {
          "acoustic_entropy": 4.886979103088379,
          "acoustic_entropy_side": 4.828124523162842,
          "hz": 1237.8529382007157
        },
        {
          "acoustic_entropy": 5.053160190582275,
          "acoustic_entropy_side": 4.866624355316162,
          "hz": 1409.4668930556702
        },
        {
          "acoustic_entropy": 4.981616020202637,
          "acoustic_entropy_side": 4.72631311416626,
          "hz": 1596.2787759475705
        },
        {
          "acoustic_entropy": 4.912213325500488,
          "acoustic_entropy_side": 4.859220504760742,
          "hz": 1799.6344973346393
        },
        {
          "acoustic_entropy": 4.790162086486816,
          "acoustic_entropy_side": 4.844293594360352,
          "hz": 2020.9991599069049
        },
        {
          "acoustic_entropy": 4.864613056182861,
          "acoustic_entropy_side": 4.848478317260742,
          "hz": 2261.9676141086993
        },
        {
          "acoustic_entropy": 4.849917411804199,
          "acoustic_entropy_side": 4.842728614807129,
          "hz": 2524.2759484456974
        },
        {
          "acoustic_entropy": 4.852137088775635,
          "acoustic_entropy_side": 4.850783348083496,
          "hz": 2809.813997359896
        },
        {
          "acoustic_entropy": 4.835049152374268,
          "acoustic_entropy_side": 4.847798824310303,
          "hz": 3120.6389567871424
        },
        {
          "acoustic_entropy": 4.845800876617432,
          "acoustic_entropy_side": 4.851627349853516,
          "hz": 3458.990205492291
        },
        {
          "acoustic_entropy": 4.847647666931152,
          "acoustic_entropy_side": 4.851339340209961,
          "hz": 3827.305438964164
        },
        {
          "acoustic_entropy": 4.850234031677246,
          "acoustic_entropy_side": 4.851409912109375,
          "hz": 4228.238232109126
        },
        {
          "acoustic_entropy": 4.8513970375061035,
          "acoustic_entropy_side": 4.851452827453613,
          "hz": 4664.6771572759235
        },
        {
          "acoustic_entropy": 4.8514533042907715,
          "acoustic_entropy_side": 4.851457118988037,
          "hz": 5139.766595350093
        },
        {
          "acoustic_entropy": 4.851454257965088,
          "acoustic_entropy_side": 4.8514556884765625,
          "hz": 5656.929389854203
        },
        {
          "acoustic_entropy": 4.8514556884765625,
          "acoustic_entropy_side": 4.851456165313721,
          "hz": 6219.891507268283
        },
        {
          "acoustic_entropy": 4.8514556884765625,
          "acoustic_entropy_side": 4.851456165313721,
          "hz": 6832.70888123896
        },
        {
          "acoustic_entropy": 4.851456165313721,
          "acoustic_entropy_side": 4.851456165313721,
          "hz": 7499.796634079867
        },
        {
          "acoustic_entropy": 4.851456165313721,
          "acoustic_entropy_side": 4.851456165313721,
          "hz": 8225.96088609342
        },
        {
          "acoustic_entropy": 4.851456165313721,
          "acoustic_entropy_side": 4.851456165313721,
          "hz": 9016.43338188839
        },
        {
          "acoustic_entropy": 4.851456165313721,
          "acoustic_entropy_side": 4.851456165313721,
          "hz": 9876.909183162974
        },
        {
          "acoustic_entropy": 4.851456165313721,
          "acoustic_entropy_side": 4.851456165313721,
          "hz": 10813.587699516042
        },
        {
          "acoustic_entropy": 4.851456165313721,
          "acoustic_entropy_side": 4.851456165313721,
          "hz": 11833.21735289826
        },
        {
          "acoustic_entropy": 4.851456165313721,
          "acoustic_entropy_side": 4.851456165313721,
          "hz": 12943.144197493959
        },
        {
          "acoustic_entropy": 4.851456165313721,
          "acoustic_entropy_side": 4.851456165313721,
          "hz": 14151.364845322005
        },
        {
          "acoustic_entropy": 4.851456165313721,
          "acoustic_entropy_side": 4.851456165313721,
          "hz": 15466.58407886509
        },
        {
          "acoustic_entropy": 4.851456165313721,
          "acoustic_entropy_side": 4.851456165313721,
          "hz": 16898.27756580493
        },
        {
          "acoustic_entropy": 4.851456165313721,
          "acoustic_entropy_side": 4.851456165313721,
          "hz": 18456.760127700032
        },
        {
          "acoustic_entropy": 4.851456165313721,
          "acoustic_entropy_side": 4.851456165313721,
          "hz": 20153.260054456492
        },
        {
          "acoustic_entropy": 4.851456165313721,
          "acoustic_entropy_side": 4.851456165313721,
          "hz": 22000.00000000001
        }
      ],
      "diff_acoustic_entropy": 2.559929132461548,
      "sn": 6
    },
    {
      "acoustic_entropy": 7.020520210266113,
      "acoustic_entropy_mono": 7.022869110107422,
      "band_eliminated_acoustic_entropies": [
        {
          "acoustic_entropy": 7.012037754058838,
          "acoustic_entropy_side": 7.020523548126221,
          "hz": 129.47220167065723
        },
        {
          "acoustic_entropy": 6.965506553649902,
          "acoustic_entropy_side": 7.03144645690918,
          "hz": 202.92927478742237
        },
        {
          "acoustic_entropy": 6.453832149505615,
          "acoustic_entropy_side": 7.105759143829346,
          "hz": 282.89161906338205
        },
        {
          "acoustic_entropy": 7.339405059814453,
          "acoustic_entropy_side": 6.982689380645752,
          "hz": 369.9353335868758
        },
        {
          "acoustic_entropy": 6.838089466094971,
          "acoustic_entropy_side": 7.2497382164001465,
          "hz": 464.6875360973435
        },
        {
          "acoustic_entropy": 7.3006157875061035,
          "acoustic_entropy_side": 7.1275410652160645,
          "hz": 567.8308811364784
        },
        {
          "acoustic_entropy": 5.902101039886475,
          "acoustic_entropy_side": 7.19464111328125,
          "hz": 680.1084783214808
        },
        {
          "acoustic_entropy": 6.707425117492676,
          "acoustic_entropy_side": 6.982621192932129,
          "hz": 802.3292461747484
        },
        {
          "acoustic_entropy": 6.948703765869141,
          "acoustic_entropy_side": 6.98564338684082,
          "hz": 935.3737400823702
        },
        {
          "acoustic_entropy": 6.811229228973389,
          "acoustic_entropy_side": 6.942831993103027,
          "hz": 1080.2004963696966
        },
        {
          "acoustic_entropy": 7.133718013763428,
          "acoustic_entropy_side": 6.975821018218994,
          "hz": 1237.8529382007157
        },
        {
          "acoustic_entropy": 7.064228057861328,
          "acoustic_entropy_side": 7.035594940185547,
          "hz": 1409.4668930556702
        },
        {
          "acoustic_entropy": 6.331085681915283,
          "acoustic_entropy_side": 7.100969314575195,
          "hz": 1596.2787759475705
        },
        {
          "acoustic_entropy": 7.026760578155518,
          "acoustic_entropy_side": 7.03818416595459,
          "hz": 1799.6344973346393
        },
        {
          "acoustic_entropy": 7.089511394500732,
          "acoustic_entropy_side": 7.0478515625,
          "hz": 2020.9991599069049
        },
        {
          "acoustic_entropy": 7.019889831542969,
          "acoustic_entropy_side": 7.040689468383789,
          "hz": 2261.9676141086993
        },
        {
          "acoustic_entropy": 7.022508144378662,
          "acoustic_entropy_side": 7.0280256271362305,
          "hz": 2524.2759484456974
        },
        {
          "acoustic_entropy": 6.998653411865234,
          "acoustic_entropy_side": 7.018797397613525,
          "hz": 2809.813997359896
        },
        {
          "acoustic_entropy": 7.009720325469971,
          "acoustic_entropy_side": 7.011155128479004,
          "hz": 3120.6389567871424
        },
        {
          "acoustic_entropy": 7.007408142089844,
          "acoustic_entropy_side": 7.018095016479492,
          "hz": 3458.990205492291
        },
        {
          "acoustic_entropy": 7.009922981262207,
          "acoustic_entropy_side": 7.018907070159912,
          "hz": 3827.305438964164
        },
        {
          "acoustic_entropy": 7.012797832489014,
          "acoustic_entropy_side": 7.02022123336792,
          "hz": 4228.238232109126
        },
        {
          "acoustic_entropy": 7.020594596862793,
          "acoustic_entropy_side": 7.020504474639893,
          "hz": 4664.6771572759235
        },
        {
          "acoustic_entropy": 7.020622730255127,
          "acoustic_entropy_side": 7.0205254554748535,
          "hz": 5139.766595350093
        },
        {
          "acoustic_entropy": 7.020542621612549,
          "acoustic_entropy_side": 7.020522117614746,
          "hz": 5656.929389854203
        },
        {
          "acoustic_entropy": 7.02052116394043,
          "acoustic_entropy_side": 7.020519733428955,
          "hz": 6219.891507268283
        },
        {
          "acoustic_entropy": 7.020520210266113,
          "acoustic_entropy_side": 7.020520210266113,
          "hz": 6832.70888123896
        },
        {
          "acoustic_entropy": 7.020520210266113,
          "acoustic_entropy_side": 7.020520210266113,
          "hz": 7499.796634079867
        },
        {
          "acoustic_entropy": 7.020520210266113,
          "acoustic_entropy_side": 7.020520210266113,
          "hz": 8225.96088609342
        },
        {
          "acoustic_entropy": 7.020520210266113,
          "acoustic_entropy_side": 7.020520210266113,
          "hz": 9016.43338188839
        },
        {
          "acoustic_entropy": 7.020520210266113,
          "acoustic_entropy_side": 7.020520210266113,
          "hz": 9876.909183162974
        },
        {
          "acoustic_entropy": 7.020520210266113,
          "acoustic_entropy_side": 7.020520210266113,
          "hz": 10813.587699516042
        },
        {
          "acoustic_entropy": 7.020520210266113,
          "acoustic_entropy_side": 7.020520210266113,
          "hz": 11833.21735289826
        },
        {
          "acoustic_entropy": 7.020520210266113,
          "acoustic_entropy_side": 7.020520210266113,
          "hz": 12943.144197493959
        },
        {
          "acoustic_entropy": 7.020520210266113,
          "acoustic_entropy_side": 7.020520210266113,
          "hz": 14151.364845322005
        },
        {
          "acoustic_entropy": 7.020520210266113,
          "acoustic_entropy_side": 7.020520210266113,
          "hz": 15466.58407886509
        },
        {
          "acoustic_entropy": 7.020520210266113,
          "acoustic_entropy_side": 7.020520210266113,
          "hz": 16898.27756580493
        },
        {
          "acoustic_entropy": 7.020520210266113,
          "acoustic_entropy_side": 7.020520210266113,
          "hz": 18456.760127700032
        },
        {
          "acoustic_entropy": 7.020520210266113,
          "acoustic_entropy_side": 7.020520210266113,
          "hz": 20153.260054456492
        },
        {
          "acoustic_entropy": 7.020520210266113,
          "acoustic_entropy_side": 7.020520210266113,
          "hz": 22000.00000000001
        }
      ],
      "diff_acoustic_entropy": 3.597675323486328,
      "sn": 12
    },
    {
      "acoustic_entropy": 11.392312049865723,
      "acoustic_entropy_mono": 10.185757637023926,
      "band_eliminated_acoustic_entropies": [
        {
          "acoustic_entropy": 11.482192993164062,
          "acoustic_entropy_side": 11.397147178649902,
          "hz": 129.47220167065723
        },
        {
          "acoustic_entropy": 10.892685890197754,
          "acoustic_entropy_side": 11.389832496643066,
          "hz": 202.92927478742237
        },
        {
          "acoustic_entropy": 11.28958797454834,
          "acoustic_entropy_side": 11.181821823120117,
          "hz": 282.89161906338205
        },
        {
          "acoustic_entropy": 10.862275123596191,
          "acoustic_entropy_side": 11.467758178710938,
          "hz": 369.9353335868758
        },
        {
          "acoustic_entropy": 10.771639823913574,
          "acoustic_entropy_side": 11.21760368347168,
          "hz": 464.6875360973435
        },
        {
          "acoustic_entropy": 10.424454689025879,
          "acoustic_entropy_side": 11.227378845214844,
          "hz": 567.8308811364784
        },
        {
          "acoustic_entropy": 11.102578163146973,
          "acoustic_entropy_side": 11.590278625488281,
          "hz": 680.1084783214808
        },
        {
          "acoustic_entropy": 11.083649635314941,
          "acoustic_entropy_side": 11.622271537780762,
          "hz": 802.3292461747484
        },
        {
          "acoustic_entropy": 11.397936820983887,
          "acoustic_entropy_side": 11.133980751037598,
          "hz": 935.3737400823702
        },
        {
          "acoustic_entropy": 11.392216682434082,
          "acoustic_entropy_side": 11.433318138122559,
          "hz": 1080.2004963696966
        },
        {
          "acoustic_entropy": 11.213314056396484,
          "acoustic_entropy_side": 11.320716857910156,
          "hz": 1237.8529382007157
        },
        {
          "acoustic_entropy": 11.280418395996094,
          "acoustic_entropy_side": 11.652984619140625,
          "hz": 1409.4668930556702
        },
        {
          "acoustic_entropy": 11.088665008544922,
          "acoustic_entropy_side": 11.78324031829834,
          "hz": 1596.2787759475705
        },
        {
          "acoustic_entropy": 10.688806533813477,
          "acoustic_entropy_side": 11.086820602416992,
          "hz": 1799.6344973346393
        },
        {
          "acoustic_entropy": 11.68175220489502,
          "acoustic_entropy_side": 11.736894607543945,
          "hz": 2020.9991599069049
        },
        {
          "acoustic_entropy": 10.758551597595215,
          "acoustic_entropy_side": 11.101347923278809,
          "hz": 2261.9676141086993
        },
        {
          "acoustic_entropy": 11.349666595458984,
          "acoustic_entropy_side": 11.424768447875977,
          "hz": 2524.2759484456974
        },
        {
          "acoustic_entropy": 11.255304336547852,
