{
  "acoustic_entropy": 149.0132598876953,
  "bands": [
    {
      "high_freq": 148.1999969482422,
      "loudness": -64.1092758178711,
      "loudness_range": 23.42314910888672,
      "mid_mean": -63.606178283691406,
      "mid_to_side_loudness": -6.998569011688232,
      "mid_to_side_loudness_range": 14.066814422607422,
      "side_mean": -67.05416107177734
    },
    {
      "high_freq": 392.3793640136719,
      "loudness": -45.57443618774414,
      "loudness_range": 16.944232940673828,
      "low_freq": 148.1999969482422,
      "mid_mean": -43.65098190307617,
      "mid_to_side_loudness": -3.9404296875,
      "mid_to_side_loudness_range": 8.616913795471191,
      "side_mean": -47.60987854003906
    },
    {
      "high_freq": 794.6976318359375,
      "loudness": -43.467647552490234,
      "loudness_range": 21.06778907775879,
      "low_freq": 392.3793640136719,
      "mid_mean": -41.6983642578125,
      "mid_to_side_loudness": -3.081552743911743,
      "mid_to_side_loudness_range": 8.21690559387207,
      "side_mean": -44.88096237182617
    },
    {
      "high_freq": 1457.5709228515625,
      "loudness": -44.75770568847656,
      "loudness_range": 22.13496208190918,
      "low_freq": 794.6976318359375,
      "mid_mean": -44.290225982666016,
      "mid_to_side_loudness": -0.3710629642009735,
      "mid_to_side_loudness_range": 10.913597106933594,
      "side_mean": -44.6345329284668
    },
    {
      "high_freq": 2549.74365234375,
      "loudness": -51.40149688720703,
      "loudness_range": 33.46472930908203,
      "low_freq": 1457.5709228515625,
      "mid_mean": -51.781036376953125,
      "mid_to_side_loudness": -0.6105246543884277,
      "mid_to_side_loudness_range": 9.560534477233887,
      "side_mean": -52.37721633911133
    },
    {
      "high_freq": 4349.24462890625,
      "loudness": -65.94441223144531,
      "loudness_range": 37.5930290222168,
      "low_freq": 2549.74365234375,
      "mid_mean": -65.31522369384766,
      "mid_to_side_loudness": -0.04483368992805481,
      "mid_to_side_loudness_range": 7.759543418884277,
      "side_mean": -65.33235168457031
    },
    {
      "high_freq": 7314.1640625,
      "loudness": -58.38045883178711,
      "loudness_range": 27.336849212646484,
      "low_freq": 4349.24462890625,
      "mid_mean": -68.59625244140625,
      "mid_to_side_loudness": -1.2293177843093872,
      "mid_to_side_loudness_range": 4.314316272735596,
      "side_mean": -68.79145812988281
    },
    {
      "high_freq": 12199.2666015625,
      "loudness": -71.25318145751953,
      "loudness_range": 24.015865325927734,
      "low_freq": 7314.1640625,
      "mid_mean": -69.60330963134766,
      "mid_to_side_loudness": -1.3175437450408936,
      "mid_to_side_loudness_range": 2.579238176345825,
      "side_mean": -69.67761993408203
    },
    {
      "loudness": 0,
      "loudness_range": 0,
      "low_freq": 12199.2666015625,
      "mid_mean": -69.97247314453125,
      "mid_to_side_loudness": -3.526609420776367,
      "mid_to_side_loudness_range": 6.899810314178467,
      "side_mean": -69.9859848022461
    }
  ],
  "bands_short": [
    {
      "high_freq": 148.1999969482422,
      "loudness": -72.68492889404297,
      "loudness_range": 24.332386016845703,
      "mid_mean": -66.86256408691406,
      "mid_to_side_loudness": -7.205000877380371,
      "mid_to_side_loudness_range": 16.526750564575195,
      "side_mean": -69.15653228759766
    },
    {
      "high_freq": 392.3793640136719,
      "loudness": -46.444664001464844,
      "loudness_range": 17.22612762451172,
      "low_freq": 148.1999969482422,
      "mid_mean": -44.54405975341797,
      "mid_to_side_loudness": -4.113099098205566,
      "mid_to_side_loudness_range": 10.761643409729004,
      "side_mean": -50.02566146850586
    },
    {
      "high_freq": 794.6976318359375,
      "loudness": -43.15444564819336,
      "loudness_range": 19.84575843811035,
      "low_freq": 392.3793640136719,
      "mid_mean": -41.47767639160156,
      "mid_to_side_loudness": -3.127269983291626,
      "mid_to_side_loudness_range": 10.064281463623047,
      "side_mean": -44.68482971191406
    },
    {
      "high_freq": 1457.5709228515625,
      "loudness": -44.860107421875,
      "loudness_range": 22.421247482299805,
      "low_freq": 794.6976318359375,
      "mid_mean": -44.53146743774414,
      "mid_to_side_loudness": -0.47103583812713623,
      "mid_to_side_loudness_range": 14.21381950378418,
      "side_mean": -44.995201110839844
    },
    {
      "high_freq": 2549.74365234375,
      "loudness": -51.55355453491211,
      "loudness_range": 32.4957389831543,
      "low_freq": 1457.5709228515625,
      "mid_mean": -52.236366271972656,
      "mid_to_side_loudness": -0.6171759963035583,
      "mid_to_side_loudness_range": 13.040409088134766,
      "side_mean": -52.838890075683594
    },
    {
      "high_freq": 4349.24462890625,
      "loudness": -66.19123077392578,
      "loudness_range": 37.77186584472656,
      "low_freq": 2549.74365234375,
      "mid_mean": -65.40591430664062,
      "mid_to_side_loudness": 0.007869507186114788,
      "mid_to_side_loudness_range": 10.254866600036621,
      "side_mean": -65.38731384277344
    },
    {
      "high_freq": 7314.1640625,
      "loudness": -59.53359603881836,
      "loudness_range": 28.216609954833984,
      "low_freq": 4349.24462890625,
      "mid_mean": -68.64988708496094,
      "mid_to_side_loudness": -1.2336958646774292,
      "mid_to_side_loudness_range": 5.8470001220703125,
      "side_mean": -68.83296966552734
    },
    {
      "high_freq": 12199.2666015625,
      "loudness": -71.46045684814453,
      "loudness_range": 23.961463928222656,
      "low_freq": 7314.1640625,
      "mid_mean": -69.64635467529297,
      "mid_to_side_loudness": -1.2973583936691284,
      "mid_to_side_loudness_range": 3.351292371749878,
      "side_mean": -69.7009506225586
    },
    {
      "loudness": -83.49256134033203,
      "loudness_range": 16.041976928710938,
      "low_freq": 12199.2666015625,
      "mid_mean": -69.9744644165039,
      "mid_to_side_loudness": -4.002919673919678,
      "mid_to_side_loudness_range": 13.377408981323242,
      "side_mean": -69.98633575439453
    }
  ],
  "bandwidth": 817.1058959960938,
  "channels": 2,
  "covariance": [
    [
      52.610496520996094,
      21.034221649169922,
      18.516698837280273,
      19.698558807373047,
      7.628990650177002,
      6.260891437530518,
      -1.6819275617599487,
      -2.191509962081909,
      5.282764434814453,
      4.8027663230896,
      17.454612731933594,
      19.880464553833008,
      12.99415397644043,
      11.72591781616211,
      4.547735214233398,
      3.631404161453247,
      0.3229382336139679,
      0.15237616002559662
    ],
    [
      21.034221649169922,
      12.594588279724121,
      8.768406867980957,
      9.412094116210938,
      6.785395622253418,
      5.965652942657471,
      3.1614232063293457,
      3.3597800731658936,
      5.199997901916504,
      6.051380157470703,
      11.941706657409668,
      13.055976867675781,
      8.19774055480957,
      7.362250328063965,
      2.639028787612915,
      2.2916038036346436,
      0.1560225635766983,
      0.07799182087182999
    ],
    [
      18.516698837280273,
      8.768406867980957,
      39.94643020629883,
      32.63809585571289,
      25.876811981201172,
      26.321313858032227,
      21.75087547302246,
      22.783479690551758,
      36.810123443603516,
      37.004817962646484,
      34.965179443359375,
      35.61104965209961,
      18.9392032623291,
      16.348474502563477,
      5.915687561035156,
      4.56174373626709,
      0.4183374047279358,
      0.19186106324195862
    ],
    [
      19.698558807373047,
      9.412094116210938,
      32.63809585571289,
      36.044227600097656,
      20.281400680541992,
      20.036996841430664,
      14.788662910461426,
      15.754727363586426,
      28.72608184814453,
      27.7556209564209,
      28.070011138916016,
      29.17275047302246,
      16.492103576660156,
      14.42289924621582,
      5.471076011657715,
      4.24729585647583,
      0.4124629497528076,
      0.19738516211509705
    ],
    [
      7.628990650177002,
      6.785395622253418,
      25.876811981201172,
      20.281400680541992,
      38.76411437988281,
      34.72087097167969,
      34.10308074951172,
      36.05104064941406,
      48.23667526245117,
      51.6153450012207,
      41.45927429199219,
      41.473384857177734,
      21.507553100585938,
      18.792251586914062,
      6.6210408210754395,
      5.340001583099365,
      0.4397508502006531,
      0.21066877245903015
    ],
    [
      6.260891437530518,
      5.965652942657471,
      26.321313858032227,
      20.036996841430664,
      34.72087097167969,
      40.403892517089844,
      34.68673324584961,
      36.3618049621582,
      52.262351989746094,
      53.60273361206055,
      42.4716911315918,
      42.306617736816406,
      21.444927215576172,
      18.702577590942383,
      6.521388530731201,
      5.265794277191162,
      0.4353165030479431,
      0.20643143355846405
    ],
    [
      -1.6819275617599487,
      3.1614232063293457,
      21.75087547302246,
      14.788662910461426,
      34.10308074951172,
      34.68673324584961,
      50.57786560058594,
      43.325172424316406,
      50.97536087036133,
      54.801475524902344,
      42.982872009277344,
      42.6176872253418,
      21.614730834960938,
      18.792646408081055,
      6.566929817199707,
      5.231454372406006,
      0.4481191039085388,
      0.21732711791992188
    ],
    [
      -2.191509962081909,
      3.3597800731658936,
      22.783479690551758,
      15.754727363586426,
      36.05104064941406,
      36.3618049621582,
      43.325172424316406,
      51.42329406738281,
      55.79283142089844,
      59.535221099853516,
      44.02693176269531,
      43.72865676879883,
      21.88355827331543,
      19.04114532470703,
      6.5280327796936035,
      5.2613749504089355,
      0.43333643674850464,
      0.21143390238285065
    ],
    [
      5.282764434814453,
      5.199997901916504,
      36.810123443603516,
      28.72608184814453,
      48.23667526245117,
      52.262351989746094,
      50.97536087036133,
      55.79283142089844,
      105.76693725585938,
      103.20537567138672,
      61.16904067993164,
      60.14692687988281,
      28.727148056030273,
      24.981061935424805,
      8.458348274230957,
      6.930388450622559,
      0.5335624814033508,
      0.2564757764339447
    ],
    [
      4.8027663230896,
      6.051380157470703,
      37.004817962646484,
      27.7556209564209,
      51.6153450012207,
      53.60273361206055,
      54.801475524902344,
      59.535221099853516,
      103.20537567138672,
      109.93987274169922,
      63.55894088745117,
      62.37135314941406,
      29.87498664855957,
      26.00996971130371,
      8.823902130126953,
      7.225818157196045,
      0.5610817670822144,
      0.2711043953895569
    ],
    [
      17.454612731933594,
      11.941706657409668,
      34.965179443359375,
      28.070011138916016,
      41.45927429199219,
      42.4716911315918,
      42.982872009277344,
      44.02693176269531,
      61.16904067993164,
      63.55894088745117,
      62.60888671875,
      61.77324676513672,
      33.226985931396484,
      29.078563690185547,
      10.219513893127441,
      8.381616592407227,
      0.6564520001411438,
      0.3250659108161926
    ],
    [
      19.880464553833008,
      13.055976867675781,
      35.61104965209961,
      29.17275047302246,
      41.473384857177734,
      42.306617736816406,
      42.6176872253418,
      43.72865676879883,
      60.14692687988281,
      62.37135314941406,
      61.77324676513672,
      63.87847137451172,
      33.777549743652344,
      29.569108963012695,
      10.283262252807617,
      8.600525856018066,
      0.632713258266449,
      0.31944170594215393
    ],
    [
      12.99415397644043,
      8.19774055480957,
      18.9392032623291,
      16.492103576660156,
      21.507553100585938,
      21.444927215576172,
      21.614730834960938,
      21.88355827331543,
      28.727148056030273,
      29.87498664855957,
      33.226985931396484,
      33.777549743652344,
      23.015518188476562,
      20.31468963623047,
      7.509892463684082,
      6.263486862182617,
      0.47931644320487976,
      0.23757314682006836
    ],
    [
      11.72591781616211,
      7.362250328063965,
      16.348474502563477,
      14.42289924621582,
      18.792251586914062,
      18.702577590942383,
      18.792646408081055,
      19.04114532470703,
      24.981061935424805,
      26.00996971130371,
      29.078563690185547,
      29.569108963012695,
      20.31468963623047,
      18.155574798583984,
      6.6657915115356445,
      5.612063884735107,
      0.42385178804397583,
      0.2139950543642044
    ],
    [
      4.547735214233398,
      2.639028787612915,
      5.915687561035156,
      5.471076011657715,
      6.6210408210754395,
      6.521388530731201,
      6.566929817199707,
      6.5280327796936035,
      8.458348274230957,
      8.823902130126953,
      10.219513893127441,
      10.283262252807617,
      7.509892463684082,
      6.6657915115356445,
      3.0656113624572754,
      2.31703782081604,
      0.2541467845439911,
      0.11491060256958008
    ],
    [
      3.631404161453247,
      2.2916038036346436,
      4.56174373626709,
      4.24729585647583,
      5.340001583099365,
      5.265794277191162,
      5.231454372406006,
      5.2613749504089355,
      6.930388450622559,
      7.225818157196045,
      8.381616592407227,
      8.600525856018066,
      6.263486862182617,
      5.612063884735107,
      2.31703782081604,
      1.953057885169983,
      0.157218798995018,
      0.07822305709123611
    ],
    [
      0.3229382336139679,
      0.1560225635766983,
      0.4183374047279358,
      0.4124629497528076,
      0.4397508502006531,
      0.4353165030479431,
      0.4481191039085388,
      0.43333643674850464,
      0.5335624814033508,
      0.5610817670822144,
      0.6564520001411438,
      0.632713258266449,
      0.47931644320487976,
      0.42385178804397583,
      0.2541467845439911,
      0.157218798995018,
      0.03536778688430786,
      0.014948219060897827
    ],
    [
      0.15237616002559662,
      0.07799182087182999,
      0.19186106324195862,
      0.19738516211509705,
      0.21066877245903015,
      0.20643143355846405,
      0.21732711791992188,
      0.21143390238285065,
      0.2564757764339447,
      0.2711043953895569,
      0.3250659108161926,
      0.31944170594215393,
      0.23757314682006836,
      0.2139950543642044,
      0.11491060256958008,
      0.07822305709123611,
      0.014948219060897827,
      0.007134434767067432
    ]
  ],
  "covariance_short": [
    [
      19.818330764770508,
      5.41513204574585,
      12.133622169494629,
      14.929527282714844,
      6.369471549987793,
      4.814995288848877,
      -0.9193853735923767,
      -0.5691150426864624,
      2.27411150932312,
      2.3064167499542236,
      9.95279312133789,
      11.235845565795898,
      6.87311315536499,
      6.177457809448242,
      2.4262447357177734,
      1.8666728734970093,
      0.20586809515953064,
      0.0995321199297905
    ],
    [
      5.41513204574585,
      2.8881587982177734,
      3.8339321613311768,
      5.111593723297119,
      2.5548744201660156,
      2.0108954906463623,
      1.4228826761245728,
      1.6966263055801392,
      1.684273362159729,
      2.157166004180908,
      4.563930034637451,
      4.743625164031982,
      2.5009820461273193,
      2.2229092121124268,
      0.8389381766319275,
      0.6624590754508972,
      0.06662449985742569,
      0.03349238634109497
    ],
    [
      12.133622169494629,
      3.8339321613311768,
      41.921817779541016,
      31.7512149810791,
      26.198923110961914,
      24.131559371948242,
      21.981273651123047,
      22.885831832885742,
      33.037418365478516,
      34.18824768066406,
      32.730979919433594,
      33.61873245239258,
      17.75038719177246,
      15.308026313781738,
      5.063526630401611,
      4.097559928894043,
      0.3722165822982788,
      0.17711885273456573
    ],
    [
      14.929527282714844,
      5.111593723297119,
      31.7512149810791,
      59.98834228515625,
      22.033519744873047,
      20.774904251098633,
      17.194509506225586,
      17.671693801879883,
      41.00994110107422,
      40.681705474853516,
      30.59996223449707,
      31.684778213500977,
      16.155441284179688,
      14.143136024475098,
      4.777307033538818,
      3.9487154483795166,
      0.35266202688217163,
      0.17393870651721954
    ],
    [
      6.369471549987793,
      2.5548744201660156,
      26.198923110961914,
      22.033519744873047,
      37.61603927612305,
      32.36722946166992,
      29.370342254638672,
      31.891359329223633,
      46.41062927246094,
      47.96358871459961,
      38.24597930908203,
      38.5400505065918,
      19.775501251220703,
      17.3403377532959,
      5.786888599395752,
      4.8153300285339355,
      0.4012603163719177,
      0.20020568370819092
    ],
    [
      4.814995288848877,
      2.0108954906463623,
      24.131559371948242,
      20.774904251098633,
      32.36722946166992,
      40.35146713256836,
      30.389184951782227,
      32.350555419921875,
      50.17060852050781,
      49.56247329711914,
      39.24056625366211,
      39.35552978515625,
      19.72915267944336,
      17.276580810546875,
      5.74514102935791,
      4.767467498779297,
      0.41746142506599426,
      0.21042083203792572
    ],
    [
      -0.9193853735923767,
      1.4228826761245728,
      21.981273651123047,
      17.194509506225586,
      29.370342254638672,
      30.389184951782227,
      54.62118148803711,
      43.062461853027344,
      50.36806106567383,
      53.7043342590332,
      42.484615325927734,
      42.196224212646484,
      21.182231903076172,
      18.466785430908203,
      5.9716620445251465,
      4.972183704376221,
      0.4308873116970062,
      0.21796496212482452
    ],
    [
      -0.5691150426864624,
      1.6966263055801392,
      22.885831832885742,
      17.671693801879883,
      31.891359329223633,
      32.350555419921875,
      43.062461853027344,
      55.33984375,
      55.09468460083008,
      58.6128044128418,
      43.06503677368164,
      43.001808166503906,
      21.35567283630371,
      18.61674690246582,
      5.899891376495361,
      4.969967842102051,
      0.3935692608356476,
      0.19912295043468475
    ],
    [
      2.27411150932312,
      1.684273362159729,
      33.037418365478516,
      41.00994110107422,
      46.41062927246094,
      50.17060852050781,
      50.36806106567383,
      55.09468460083008,
      107.76655578613281,
      101.04548645019531,
      59.53156280517578,
      59.0594482421875,
      27.587705612182617,
      24.0693302154541,
      7.564013481140137,
      6.440943241119385,
      0.4981916546821594,
      0.25052207708358765
    ],
    [
      2.3064167499542236,
      2.157166004180908,
      34.18824768066406,
      40.681705474853516,
      47.96358871459961,
      49.56247329711914,
      53.7043342590332,
      58.6128044128418,
      101.04548645019531,
      111.42023468017578,
      61.60975646972656,
      60.99784851074219,
      28.5364990234375,
      24.957536697387695,
      7.8501152992248535,
      6.708690166473389,
      0.515632152557373,
      0.2620498836040497
    ],
    [
      9.95279312133789,
      4.563930034637451,
      32.730979919433594,
      30.59996223449707,
      38.24597930908203,
      39.24056625366211,
      42.484615325927734,
      43.06503677368164,
      59.53156280517578,
      61.60975646972656,
      61.06877136230469,
      59.77631378173828,
      31.758010864257812,
      27.857425689697266,
      9.183409690856934,
      7.831258296966553,
      0.6143383383750916,
      0.31995001435279846
    ],
    [
      11.235845565795898,
      4.743625164031982,
      33.61873245239258,
      31.684778213500977,
      38.5400505065918,
      39.35552978515625,
      42.196224212646484,
      43.001808166503906,
      59.0594482421875,
      60.99784851074219,
      59.77631378173828,
      62.76979446411133,
      32.38493728637695,
      28.436534881591797,
      9.245040893554688,
      8.050655364990234,
      0.5955255031585693,
      0.3165389597415924
    ],
    [
      6.87311315536499,
      2.5009820461273193,
      17.75038719177246,
      16.155441284179688,
      19.775501251220703,
      19.72915267944336,
      21.182231903076172,
      21.35567283630371,
      27.587705612182617,
      28.5364990234375,
      31.758010864257812,
      32.38493728637695,
      22.002714157104492,
      19.31449317932129,
      6.829049587249756,
      5.888521671295166,
      0.46067842841148376,
      0.23460452258586884
    ],
    [
      6.177457809448242,
      2.2229092121124268,
      15.308026313781738,
      14.143136024475098,
      17.3403377532959,
      17.276580810546875,
      18.466785430908203,
      18.61674690246582,
      24.0693302154541,
      24.957536697387695,
      27.857425689697266,
      28.436534881591797,
      19.31449317932129,
      17.393421173095703,
      6.038793563842773,
      5.272378444671631,
      0.40766507387161255,
      0.21332067251205444
    ],
    [
      2.4262447357177734,
      0.8389381766319275,
      5.063526630401611,
      4.777307033538818,
      5.786888599395752,
      5.74514102935791,
      5.9716620445251465,
      5.899891376495361,
      7.564013481140137,
      7.8501152992248535,
      9.183409690856934,
      9.245040893554688,
      6.829049587249756,
      6.038793563842773,
      2.821104049682617,
      2.175621747970581,
      0.2573533356189728,
      0.11900322884321213
    ],
    [
      1.8666728734970093,
      0.6624590754508972,
      4.097559928894043,
      3.9487154483795166,
      4.8153300285339355,
      4.767467498779297,
      4.972183704376221,
      4.969967842102051,
      6.440943241119385,
      6.708690166473389,
      7.831258296966553,
      8.050655364990234,
      5.888521671295166,
      5.272378444671631,
      2.175621747970581,
      1.9283572435379028,
      0.167046457529068,
      0.08490096777677536
    ],
    [
      0.20586809515953064,
      0.06662449985742569,
      0.3722165822982788,
      0.35266202688217163,
      0.4012603163719177,
      0.41746142506599426,
      0.4308873116970062,
      0.3935692608356476,
      0.4981916546821594,
      0.515632152557373,
      0.6143383383750916,
      0.5955255031585693,
      0.46067842841148376,
      0.40766507387161255,
      0.2573533356189728,
      0.167046457529068,
      0.04659445956349373,
      0.02048950269818306
    ],
    [
      0.0995321199297905,
      0.03349238634109497,
      0.17711885273456573,
      0.17393870651721954,
      0.20020568370819092,
      0.21042083203792572,
      0.21796496212482452,
      0.19912295043468475,
      0.25052207708358765,
      0.2620498836040497,
      0.31995001435279846,
      0.3165389597415924,
      0.23460452258586884,
      0.21332067251205444,
      0.11900322884321213,
      0.08490096777677536,
      0.02048950269818306,
      0.01064484566450119
    ]
  ],
  "damage": -24.530685424804688,
  "diff_bandwidth": 861.8023681640625,
  "dissonance": 3.4064209098368354,
  "drr": 5.308436870574951,
  "dynamics": 5.525808334350586,
  "format": 1245190,
  "frames": 6056896,
  "loudness": -35.2607421875,
  "loudness_range": 20.85472297668457,
  "loudness_range_short": 20.213459014892578,
  "lowpass_true_peak_15khz": -7.84952974319458,
  "mastering3_acoustic_entropies": [
    {
      "acoustic_entropy": 4.8266801834106445,
      "acoustic_entropy_mono": 4.474692344665527,
      "band_eliminated_acoustic_entropies": [
        {
          "acoustic_entropy": 4.8267645835876465,
          "acoustic_entropy_side": 4.8266801834106445,
          "hz": 129.47220167065723
        },
        {
          "acoustic_entropy": 4.848063945770264,
          "acoustic_entropy_side": 4.826813697814941,
          "hz": 202.92927478742237
        },
        {
          "acoustic_entropy": 4.835705280303955,
          "acoustic_entropy_side": 4.8281941413879395,
          "hz": 282.89161906338205
        },
        {
          "acoustic_entropy": 4.915864944458008,
          "acoustic_entropy_side": 4.873612403869629,
          "hz": 369.9353335868758
        },
        {
          "acoustic_entropy": 4.788032531738281,
          "acoustic_entropy_side": 4.942919731140137,
          "hz": 464.6875360973435
        },
        {
          "acoustic_entropy": 4.453588962554932,
          "acoustic_entropy_side": 4.8149566650390625,
          "hz": 567.8308811364784
        },
        {
          "acoustic_entropy": 5.051626682281494,
          "acoustic_entropy_side": 4.805652141571045,
          "hz": 680.1084783214808
        },
        {
          "acoustic_entropy": 5.320731163024902,
          "acoustic_entropy_side": 4.945923805236816,
          "hz": 802.3292461747484
        },
        {
          "acoustic_entropy": 5.0639424324035645,
          "acoustic_entropy_side": 4.5852861404418945,
          "hz": 935.3737400823702
        },
        {
          "acoustic_entropy": 4.53569221496582,
          "acoustic_entropy_side": 4.975106239318848,
          "hz": 1080.2004963696966
        },
        {
          "acoustic_entropy": 4.928452491760254,
          "acoustic_entropy_side": 4.961294651031494,
          "hz": 1237.8529382007157
        },
        {
          "acoustic_entropy": 4.590762138366699,
          "acoustic_entropy_side": 4.699949741363525,
          "hz": 1409.4668930556702
        },
        {
          "acoustic_entropy": 4.961879253387451,
          "acoustic_entropy_side": 5.050031661987305,
          "hz": 1596.2787759475705
        },
        {
          "acoustic_entropy": 4.508289337158203,
          "acoustic_entropy_side": 5.174983024597168,
          "hz": 1799.6344973346393
        },
        {
          "acoustic_entropy": 4.744430065155029,
          "acoustic_entropy_side": 4.703298568725586,
          "hz": 2020.9991599069049
        },
        {
          "acoustic_entropy": 4.501466751098633,
          "acoustic_entropy_side": 4.6194281578063965,
          "hz": 2261.9676141086993
        },
        {
          "acoustic_entropy": 4.807783126831055,
          "acoustic_entropy_side": 4.870304584503174,
          "hz": 2524.2759484456974
        },
        {
          "acoustic_entropy": 4.6736674308776855,
          "acoustic_entropy_side": 4.762914657592773,
          "hz": 2809.813997359896
        },
        {
          "acoustic_entropy": 4.6831440925598145,
          "acoustic_entropy_side": 4.757325172424316,
          "hz": 3120.6389567871424
        },
        {
          "acoustic_entropy": 4.755535125732422,
          "acoustic_entropy_side": 4.729830265045166,
          "hz": 3458.990205492291
        },
        {
          "acoustic_entropy": 4.7967376708984375,
          "acoustic_entropy_side": 4.794014930725098,
          "hz": 3827.305438964164
        },
        {
          "acoustic_entropy": 4.756748199462891,
          "acoustic_entropy_side": 4.8249430656433105,
          "hz": 4228.238232109126
        },
        {
          "acoustic_entropy": 4.775083065032959,
          "acoustic_entropy_side": 4.817073822021484,
          "hz": 4664.6771572759235
        },
        {
          "acoustic_entropy": 4.8174943923950195,
          "acoustic_entropy_side": 4.823155403137207,
          "hz": 5139.766595350093
        },
        {
          "acoustic_entropy": 4.819597244262695,
          "acoustic_entropy_side": 4.826151371002197,
          "hz": 5656.929389854203
        },
        {
          "acoustic_entropy": 4.823727130889893,
          "acoustic_entropy_side": 4.826410293579102,
          "hz": 6219.891507268283
        },
        {
          "acoustic_entropy": 4.824741363525391,
          "acoustic_entropy_side": 4.826375961303711,
          "hz": 6832.70888123896
        },
        {
          "acoustic_entropy": 4.826310157775879,
          "acoustic_entropy_side": 4.8266921043396,
          "hz": 7499.796634079867
        },
        {
          "acoustic_entropy": 4.826593399047852,
          "acoustic_entropy_side": 4.826643466949463,
          "hz": 8225.96088609342
        },
        {
          "acoustic_entropy": 4.826634407043457,
          "acoustic_entropy_side": 4.8266472816467285,
          "hz": 9016.43338188839
        },
        {
          "acoustic_entropy": 4.826671123504639,
          "acoustic_entropy_side": 4.8266730308532715,
          "hz": 9876.909183162974
        },
        {
          "acoustic_entropy": 4.826682090759277,
          "acoustic_entropy_side": 4.826679706573486,
          "hz": 10813.587699516042
        },
        {
          "acoustic_entropy": 4.826683044433594,
          "acoustic_entropy_side": 4.826679706573486,
          "hz": 11833.21735289826
        },
        {
          "acoustic_entropy": 4.826681137084961,
          "acoustic_entropy_side": 4.8266801834106445,
          "hz": 12943.144197493959
        },
        {
          "acoustic_entropy": 4.826681137084961,
          "acoustic_entropy_side": 4.8266801834106445,
          "hz": 14151.364845322005
        },
        {
          "acoustic_entropy": 4.8266801834106445,
          "acoustic_entropy_side": 4.8266801834106445,
          "hz": 15466.58407886509
        },
        {
          "acoustic_entropy": 4.8266801834106445,
          "acoustic_entropy_side": 4.8266801834106445,
          "hz": 16898.27756580493
        },
        {
          "acoustic_entropy": 4.8266801834106445,
          "acoustic_entropy_side": 4.8266801834106445,
          "hz": 18456.760127700032
        },
        {
          "acoustic_entropy": 4.8266801834106445,
          "acoustic_entropy_side": 4.8266801834106445,
          "hz": 20153.260054456492
        },
        {
          "acoustic_entropy": 4.8266801834106445,
          "acoustic_entropy_side": 4.8266801834106445,
          "hz": 22000.00000000001
        }
      ],
      "diff_acoustic_entropy": 1.2172467708587646,
      "sn": 6
    },
    {
      "acoustic_entropy": 9.486748695373535,
      "acoustic_entropy_mono": 7.519495487213135,
      "band_eliminated_acoustic_entropies": [
        {
          "acoustic_entropy": 9.486815452575684,
          "acoustic_entropy_side": 9.486747741699219,
          "hz": 129.47220167065723
        },
        {
          "acoustic_entropy": 9.490792274475098,
          "acoustic_entropy_side": 9.489218711853027,
          "hz": 202.92927478742237
        },
        {
          "acoustic_entropy": 9.833386421203613,
          "acoustic_entropy_side": 9.557311058044434,
          "hz": 282.89161906338205
        },
        {
          "acoustic_entropy": 9.410332679748535,
          "acoustic_entropy_side": 9.440855979919434,
          "hz": 369.9353335868758
        },
        {
          "acoustic_entropy": 9.05090618133545,
          "acoustic_entropy_side": 9.153682708740234,
          "hz": 464.6875360973435
        },
        {
          "acoustic_entropy": 8.970013618469238,
          "acoustic_entropy_side": 9.673720359802246,
          "hz": 567.8308811364784
        },
        {
          "acoustic_entropy": 9.479299545288086,
          "acoustic_entropy_side": 9.366368293762207,
          "hz": 680.1084783214808
        },
        {
          "acoustic_entropy": 9.80929946899414,
          "acoustic_entropy_side": 9.550894737243652,
          "hz": 802.3292461747484
        },
        {
          "acoustic_entropy": 9.099150657653809,
          "acoustic_entropy_side": 9.849679946899414,
          "hz": 935.3737400823702
        },
        {
          "acoustic_entropy": 8.602776527404785,
          "acoustic_entropy_side": 9.20394229888916,
          "hz": 1080.2004963696966
        },
        {
          "acoustic_entropy": 8.956387519836426,
          "acoustic_entropy_side": 9.571089744567871,
          "hz": 1237.8529382007157
        },
        {
          "acoustic_entropy": 8.585283279418945,
          "acoustic_entropy_side": 8.609370231628418,
          "hz": 1409.4668930556702
        },
        {
          "acoustic_entropy": 9.303592681884766,
          "acoustic_entropy_side": 9.372851371765137,
          "hz": 1596.2787759475705
        },
        {
          "acoustic_entropy": 9.274579048156738,
          "acoustic_entropy_side": 9.719197273254395,
          "hz": 1799.6344973346393
        },
        {
          "acoustic_entropy": 10.341054916381836,
          "acoustic_entropy_side": 10.05565357208252,
          "hz": 2020.9991599069049
        },
        {
          "acoustic_entropy": 9.606222152709961,
          "acoustic_entropy_side": 9.45411205291748,
          "hz": 2261.9676141086993
        },
        {
          "acoustic_entropy": 9.685342788696289,
          "acoustic_entropy_side": 9.641526222229004,
          "hz": 2524.2759484456974
        },
        {
          "acoustic_entropy": 9.007831573486328,
          "acoustic_entropy_side": 9.211225509643555,
          "hz": 2809.813997359896
        },
        {
          "acoustic_entropy": 9.109403610229492,
          "acoustic_entropy_side": 9.30012321472168,
          "hz": 3120.6389567871424
        },
        {
          "acoustic_entropy": 9.3696870803833,
          "acoustic_entropy_side": 9.560728073120117,
          "hz": 3458.990205492291
        },
        {
          "acoustic_entropy": 9.42360782623291,
          "acoustic_entropy_side": 9.425729751586914,
          "hz": 3827.305438964164
        },
        {
          "acoustic_entropy": 9.427367210388184,
          "acoustic_entropy_side": 9.456332206726074,
          "hz": 4228.238232109126
        },
        {
          "acoustic_entropy": 9.548901557922363,
          "acoustic_entropy_side": 9.530385971069336,
          "hz": 4664.6771572759235
        },
        {
          "acoustic_entropy": 9.456920623779297,
          "acoustic_entropy_side": 9.478568077087402,
          "hz": 5139.766595350093
        },
        {
          "acoustic_entropy": 9.499127388000488,
          "acoustic_entropy_side": 9.496184349060059,
          "hz": 5656.929389854203
        },
        {
          "acoustic_entropy": 9.5073823928833,
          "acoustic_entropy_side": 9.493843078613281,
          "hz": 6219.891507268283
        },
        {
          "acoustic_entropy": 9.489263534545898,
          "acoustic_entropy_side": 9.487339973449707,
          "hz": 6832.70888123896
        },
        {
          "acoustic_entropy": 9.486778259277344,
          "acoustic_entropy_side": 9.486322402954102,
          "hz": 7499.796634079867
        },
        {
          "acoustic_entropy": 9.487173080444336,
          "acoustic_entropy_side": 9.486285209655762,
          "hz": 8225.96088609342
        },
        {
          "acoustic_entropy": 9.48718547821045,
          "acoustic_entropy_side": 9.486620903015137,
          "hz": 9016.43338188839
        },
        {
          "acoustic_entropy": 9.486908912658691,
          "acoustic_entropy_side": 9.486738204956055,
          "hz": 9876.909183162974
        },
        {
          "acoustic_entropy": 9.486833572387695,
          "acoustic_entropy_side": 9.486760139465332,
          "hz": 10813.587699516042
        },
        {
          "acoustic_entropy": 9.486780166625977,
          "acoustic_entropy_side": 9.486753463745117,
          "hz": 11833.21735289826
        },
        {
          "acoustic_entropy": 9.486766815185547,
          "acoustic_entropy_side": 9.486748695373535,
          "hz": 12943.144197493959
        },
        {
          "acoustic_entropy": 9.486754417419434,
          "acoustic_entropy_side": 9.486749649047852,
          "hz": 14151.364845322005
        },
        {
          "acoustic_entropy": 9.486750602722168,
          "acoustic_entropy_side": 9.486749649047852,
          "hz": 15466.58407886509
        },
        {
          "acoustic_entropy": 9.486749649047852,
          "acoustic_entropy_side": 9.486748695373535,
          "hz": 16898.27756580493
        },
        {
          "acoustic_entropy": 9.486749649047852,
          "acoustic_entropy_side": 9.486748695373535,
          "hz": 18456.760127700032
        },
        {
          "acoustic_entropy": 9.486748695373535,
          "acoustic_entropy_side": 9.486748695373535,
          "hz": 20153.260054456492
        },
        {
          "acoustic_entropy": 9.486748695373535,
          "acoustic_entropy_side": 9.486748695373535,
          "hz": 22000.00000000001
        }
      ],
      "diff_acoustic_entropy": 2.995575428009033,
      "sn": 12
    },
    {
      "acoustic_entropy": 17.974517822265625,
      "acoustic_entropy_mono": 13.581989288330078,
      "band_eliminated_acoustic_entropies": [
        {
          "acoustic_entropy": 17.98453712463379,
          "acoustic_entropy_side": 17.97319984436035,
          "hz": 129.47220167065723
        },
        {
          "acoustic_entropy": 18.344205856323242,
          "acoustic_entropy_side": 18.20883560180664,
          "hz": 202.92927478742237
        },
        {
          "acoustic_entropy": 18.672948837280273,
          "acoustic_entropy_side": 17.919269561767578,
          "hz": 282.89161906338205
        },
        {
          "acoustic_entropy": 18.14690589904785,
          "acoustic_entropy_side": 17.73067855834961,
          "hz": 369.9353335868758
        },
        {
          "acoustic_entropy": 18.082626342773438,
          "acoustic_entropy_side": 17.90928840637207,
          "hz": 464.6875360973435
        },
        {
          "acoustic_entropy": 17.88174819946289,
          "acoustic_entropy_side": 18.560880661010742,
          "hz": 567.8308811364784
        },
        {
          "acoustic_entropy": 16.884990692138672,
          "acoustic_entropy_side": 17.876874923706055,
          "hz": 680.1084783214808
        },
        {
          "acoustic_entropy": 18.593881607055664,
          "acoustic_entropy_side": 17.966358184814453,
          "hz": 802.3292461747484
        },
        {
          "acoustic_entropy": 17.35462760925293,
          "acoustic_entropy_side": 17.452756881713867,
          "hz": 935.3737400823702
        },
        {
          "acoustic_entropy": 16.737144470214844,
          "acoustic_entropy_side": 18.057601928710938,
          "hz": 1080.2004963696966
        },
        {
          "acoustic_entropy": 17.224388122558594,
          "acoustic_entropy_side": 16.52330780029297,
          "hz": 1237.8529382007157
        },
        {
          "acoustic_entropy": 17.670392990112305,
          "acoustic_entropy_side": 16.918684005737305,
          "hz": 1409.4668930556702
        },
        {
          "acoustic_entropy": 16.883882522583008,
          "acoustic_entropy_side": 18.321138381958008,
          "hz": 1596.2787759475705
        },
        {
          "acoustic_entropy": 16.611940383911133,
          "acoustic_entropy_side": 17.84208869934082,
          "hz": 1799.6344973346393
        },
        {
          "acoustic_entropy": 17.405101776123047,
          "acoustic_entropy_side": 18.76479148864746,
          "hz": 2020.9991599069049
        },
        {
          "acoustic_entropy": 17.598974227905273,
          "acoustic_entropy_side": 18.203369140625,
          "hz": 2261.9676141086993
        },
        {
          "acoustic_entropy": 18.079858779907227,
          "acoustic_entropy_side": 18.468448638916016,
          "hz": 2524.2759484456974
        },
        {
          "acoustic_entropy": 17.60768699645996,
          "acoustic_entropy_side": 17.951801300048828,
          "hz": 2809.813997359896
        },
        {
          "acoustic_entropy": 18.755224227905273,
          "acoustic_entropy_side": 18.674285888671875,
