{
  "acoustic_entropy": 193.73794555664062,
  "bands": [
    {
      "high_freq": 148.1999969482422,
      "loudness": -23.025165557861328,
      "loudness_range": 14.394647598266602,
      "mid_mean": -19.46842384338379,
      "mid_to_side_loudness": -16.57914924621582,
      "mid_to_side_loudness_range": 12.846315383911133,
      "side_mean": -36.691341400146484
    },
    {
      "high_freq": 392.3793640136719,
      "loudness": -22.94835662841797,
      "loudness_range": 10.372804641723633,
      "low_freq": 148.1999969482422,
      "mid_mean": -19.99371910095215,
      "mid_to_side_loudness": -8.137676239013672,
      "mid_to_side_loudness_range": 9.478418350219727,
      "side_mean": -28.234418869018555
    },
    {
      "high_freq": 794.6976318359375,
      "loudness": -22.58252716064453,
      "loudness_range": 13.114398956298828,
      "low_freq": 392.3793640136719,
      "mid_mean": -20.333019256591797,
      "mid_to_side_loudness": -4.828362464904785,
      "mid_to_side_loudness_range": 8.930566787719727,
      "side_mean": -25.120967864990234
    },
    {
      "high_freq": 1457.5709228515625,
      "loudness": -27.59868621826172,
      "loudness_range": 19.754732131958008,
      "low_freq": 794.6976318359375,
      "mid_mean": -25.487241744995117,
      "mid_to_side_loudness": -3.9596455097198486,
      "mid_to_side_loudness_range": 6.885447978973389,
      "side_mean": -29.510128021240234
    },
    {
      "high_freq": 2549.74365234375,
      "loudness": -30.013601303100586,
      "loudness_range": 19.411413192749023,
      "low_freq": 1457.5709228515625,
      "mid_mean": -28.184967041015625,
      "mid_to_side_loudness": -2.8952476978302,
      "mid_to_side_loudness_range": 5.562136173248291,
      "side_mean": -31.135986328125
    },
    {
      "high_freq": 4349.24462890625,
      "loudness": -32.85358428955078,
      "loudness_range": 20.687454223632812,
      "low_freq": 2549.74365234375,
      "mid_mean": -30.978483200073242,
      "mid_to_side_loudness": -3.1525983810424805,
      "mid_to_side_loudness_range": 7.0492658615112305,
      "side_mean": -34.35511779785156
    },
    {
      "high_freq": 7314.1640625,
      "loudness": -35.94316482543945,
      "loudness_range": 19.88990592956543,
      "low_freq": 4349.24462890625,
      "mid_mean": -33.66191864013672,
      "mid_to_side_loudness": -4.558435916900635,
      "mid_to_side_loudness_range": 8.353543281555176,
      "side_mean": -38.3007698059082
    },
    {
      "high_freq": 12199.2666015625,
      "loudness": -40.77219009399414,
      "loudness_range": 20.26386833190918,
      "low_freq": 7314.1640625,
      "mid_mean": -38.85896682739258,
      "mid_to_side_loudness": -3.5314950942993164,
      "mid_to_side_loudness_range": 6.573827266693115,
      "side_mean": -42.438629150390625
    },
    {
      "loudness": -46.47393035888672,
      "loudness_range": 23.990245819091797,
      "low_freq": 12199.2666015625,
      "mid_mean": -44.776668548583984,
      "mid_to_side_loudness": -3.7317745685577393,
      "mid_to_side_loudness_range": 4.7241411209106445,
      "side_mean": -50.064002990722656
    }
  ],
  "bands_short": [
    {
      "high_freq": 148.1999969482422,
      "loudness": -25.82062339782715,
      "loudness_range": 19.615402221679688,
      "mid_mean": -22.395227432250977,
      "mid_to_side_loudness": -16.288909912109375,
      "mid_to_side_loudness_range": 14.122049331665039,
      "side_mean": -39.63271713256836
    },
    {
      "high_freq": 392.3793640136719,
      "loudness": -22.599376678466797,
      "loudness_range": 12.198287963867188,
      "low_freq": 148.1999969482422,
      "mid_mean": -19.615034103393555,
      "mid_to_side_loudness": -9.117939949035645,
      "mid_to_side_loudness_range": 12.844966888427734,
      "side_mean": -28.925920486450195
    },
    {
      "high_freq": 794.6976318359375,
      "loudness": -23.23516273498535,
      "loudness_range": 15.332620620727539,
      "low_freq": 392.3793640136719,
      "mid_mean": -21.11922836303711,
      "mid_to_side_loudness": -4.925349712371826,
      "mid_to_side_loudness_range": 11.321581840515137,
      "side_mean": -25.95724868774414
    },
    {
      "high_freq": 1457.5709228515625,
      "loudness": -27.999004364013672,
      "loudness_range": 21.712913513183594,
      "low_freq": 794.6976318359375,
      "mid_mean": -26.115060806274414,
      "mid_to_side_loudness": -3.6843597888946533,
      "mid_to_side_loudness_range": 9.164650917053223,
      "side_mean": -29.8022518157959
    },
    {
      "high_freq": 2549.74365234375,
      "loudness": -30.916410446166992,
      "loudness_range": 21.793336868286133,
      "low_freq": 1457.5709228515625,
      "mid_mean": -29.277347564697266,
      "mid_to_side_loudness": -2.608168125152588,
      "mid_to_side_loudness_range": 7.167320728302002,
      "side_mean": -31.920106887817383
    },
    {
      "high_freq": 4349.24462890625,
      "loudness": -33.83037567138672,
      "loudness_range": 23.58409881591797,
      "low_freq": 2549.74365234375,
      "mid_mean": -32.14246368408203,
      "mid_to_side_loudness": -2.8406922817230225,
      "mid_to_side_loudness_range": 7.692808151245117,
      "side_mean": -35.13554763793945
    },
    {
      "high_freq": 7314.1640625,
      "loudness": -36.99294662475586,
      "loudness_range": 23.773488998413086,
      "low_freq": 4349.24462890625,
      "mid_mean": -34.9290657043457,
      "mid_to_side_loudness": -4.252338886260986,
      "mid_to_side_loudness_range": 8.935812950134277,
      "side_mean": -39.25644302368164
    },
    {
      "high_freq": 12199.2666015625,
      "loudness": -42.14179992675781,
      "loudness_range": 24.374887466430664,
      "low_freq": 7314.1640625,
      "mid_mean": -40.659820556640625,
      "mid_to_side_loudness": -3.472799777984619,
      "mid_to_side_loudness_range": 8.007391929626465,
      "side_mean": -44.188377380371094
    },
    {
      "loudness": -49.862545013427734,
      "loudness_range": 29.796504974365234,
      "low_freq": 12199.2666015625,
      "mid_mean": -50.84756088256836,
      "mid_to_side_loudness": -3.4565131664276123,
      "mid_to_side_loudness_range": 5.80175256729126,
      "side_mean": -53.83657455444336
    }
  ],
  "bandwidth": 529.2100219726562,
  "channels": 2,
  "covariance": [
    [
      30.819141387939453,
      24.397066116333008,
      8.469843864440918,
      5.377604961395264,
      5.590944766998291,
      3.397228240966797,
      5.378744602203369,
      3.486497163772583,
      8.549904823303223,
      7.7351765632629395,
      8.880216598510742,
      7.622496128082275,
      9.544495582580566,
      9.331625938415527,
      9.652563095092773,
      9.685079574584961,
      6.544726371765137,
      10.5103759765625
    ],
    [
      24.397066116333008,
      27.570066452026367,
      8.577930450439453,
      6.9684343338012695,
      5.027451992034912,
      2.9254255294799805,
      4.641778945922852,
      3.154099225997925,
      8.062124252319336,
      7.876663684844971,
      9.219393730163574,
      8.93763256072998,
      9.680703163146973,
      10.231768608093262,
      9.430561065673828,
      10.14897632598877,
      5.276391983032227,
      8.231983184814453
    ],
    [
      8.469843864440918,
      8.577930450439453,
      17.315364837646484,
      13.382346153259277,
      12.384398460388184,
      10.934260368347168,
      11.833563804626465,
      11.419587135314941,
      14.378860473632812,
      14.645098686218262,
      17.13780403137207,
      16.972246170043945,
      14.660978317260742,
      14.776732444763184,
      11.443618774414062,
      11.55446720123291,
      6.826308250427246,
      9.30252742767334
    ],
    [
      5.377604961395264,
      6.9684343338012695,
      13.382346153259277,
      20.670801162719727,
      14.920648574829102,
      13.369808197021484,
      11.15524959564209,
      12.448898315429688,
      14.85581111907959,
      16.303529739379883,
      14.242076873779297,
      15.552861213684082,
      10.625354766845703,
      11.822595596313477,
      7.296028137207031,
      8.414772033691406,
      2.8335256576538086,
      3.1370601654052734
    ],
    [
      5.590944766998291,
      5.027451992034912,
      12.384398460388184,
      14.920648574829102,
      25.5048770904541,
      24.208332061767578,
      18.519561767578125,
      20.592819213867188,
      20.86113739013672,
      22.57719612121582,
      19.789382934570312,
      22.135066986083984,
      14.624031066894531,
      16.778629302978516,
      11.485490798950195,
      13.21779727935791,
      5.879544258117676,
      9.372188568115234
    ],
    [
      3.397228240966797,
      2.9254255294799805,
      10.934260368347168,
      13.369808197021484,
      24.208332061767578,
      33.2344856262207,
      25.204513549804688,
      30.255739212036133,
      24.345304489135742,
      27.276268005371094,
      23.660140991210938,
      28.885231018066406,
      16.07347869873047,
      20.424461364746094,
      12.196999549865723,
      15.758718490600586,
      5.480506896972656,
      10.282705307006836
    ],
    [
      5.378744602203369,
      4.641778945922852,
      11.833563804626465,
      11.15524959564209,
      18.519561767578125,
      25.204513549804688,
      41.07766342163086,
      42.96489334106445,
      31.574081420898438,
      34.05864334106445,
      30.891342163085938,
      34.260047912597656,
      22.948984146118164,
      25.35434913635254,
      19.376955032348633,
      21.480133056640625,
      11.739964485168457,
      19.26343536376953
    ],
    [
      3.486497163772583,
      3.154099225997925,
      11.419587135314941,
      12.448898315429688,
      20.592819213867188,
      30.255739212036133,
      42.96489334106445,
      50.71251678466797,
      33.75032043457031,
      37.97352600097656,
      32.31028747558594,
      37.961971282958984,
      22.237709045410156,
      26.36750602722168,
      18.394779205322266,
      22.152706146240234,
      10.1228666305542,
      17.08589744567871
    ],
    [
      8.549904823303223,
      8.062124252319336,
      14.378860473632812,
      14.85581111907959,
      20.86113739013672,
      24.345304489135742,
      31.574081420898438,
      33.75032043457031,
      46.476688385009766,
      45.43574523925781,
      43.124420166015625,
      44.796669006347656,
      33.87880325317383,
      34.37651443481445,
      26.13689613342285,
      27.41110610961914,
      14.955232620239258,
      23.392898559570312
    ],
    [
      7.7351765632629395,
      7.876663684844971,
      14.645098686218262,
      16.303529739379883,
      22.57719612121582,
      27.276268005371094,
      34.05864334106445,
      37.97352600097656,
      45.43574523925781,
      50.70773696899414,
      42.488006591796875,
      48.080772399902344,
      32.15054702758789,
      35.42009353637695,
      25.39885902404785,
      30.044273376464844,
      15.324875831604004,
      22.79729461669922
    ],
    [
      8.880216598510742,
      9.219393730163574,
      17.13780403137207,
      14.242076873779297,
      19.789382934570312,
      23.660140991210938,
      30.891342163085938,
      32.31028747558594,
      43.124420166015625,
      42.488006591796875,
      55.33041763305664,
      55.190067291259766,
      44.88791275024414,
      46.39708709716797,
      34.99388122558594,
      36.56949996948242,
      17.954978942871094,
      31.54288673400879
    ],
    [
      7.622496128082275,
      8.93763256072998,
      16.972246170043945,
      15.552861213684082,
      22.135066986083984,
      28.885231018066406,
      34.260047912597656,
      37.961971282958984,
      44.796669006347656,
      48.080772399902344,
      55.190067291259766,
      64.14778900146484,
      44.39901351928711,
      51.13801193237305,
      37.32820510864258,
      44.074005126953125,
      19.527196884155273,
      31.94900131225586
    ],
    [
      9.544495582580566,
      9.680703163146973,
      14.660978317260742,
      10.625354766845703,
      14.624031066894531,
      16.07347869873047,
      22.948984146118164,
      22.237709045410156,
      33.87880325317383,
      32.15054702758789,
      44.88791275024414,
      44.39901351928711,
      50.74592208862305,
      49.413570404052734,
      40.198604583740234,
      40.51342010498047,
      26.675949096679688,
      37.94157791137695
    ],
    [
      9.331625938415527,
      10.231768608093262,
      14.776732444763184,
      11.822595596313477,
      16.778629302978516,
      20.424461364746094,
      25.35434913635254,
      26.36750602722168,
      34.37651443481445,
      35.42009353637695,
      46.39708709716797,
      51.13801193237305,
      49.413570404052734,
      59.541080474853516,
      42.946556091308594,
      48.40423583984375,
      28.934955596923828,
      41.66427230834961
    ],
    [
      9.652563095092773,
      9.430561065673828,
      11.443618774414062,
      7.296028137207031,
      11.485490798950195,
      12.196999549865723,
      19.376955032348633,
      18.394779205322266,
      26.13689613342285,
      25.39885902404785,
      34.99388122558594,
      37.32820510864258,
      40.198604583740234,
      42.946556091308594,
      49.43675994873047,
      48.58904266357422,
      39.628875732421875,
      48.11730194091797
    ],
    [
      9.685079574584961,
      10.14897632598877,
      11.55446720123291,
      8.414772033691406,
      13.21779727935791,
      15.758718490600586,
      21.480133056640625,
      22.152706146240234,
      27.41110610961914,
      30.044273376464844,
      36.56949996948242,
      44.074005126953125,
      40.51342010498047,
      48.40423583984375,
      48.58904266357422,
      60.690093994140625,
      42.2980842590332,
      49.58074188232422
    ],
    [
      6.544726371765137,
      5.276391983032227,
      6.826308250427246,
      2.8335256576538086,
      5.879544258117676,
      5.480506896972656,
      11.739964485168457,
      10.1228666305542,
      14.955232620239258,
      15.324875831604004,
      17.954978942871094,
      19.527196884155273,
      26.675949096679688,
      28.934955596923828,
      39.628875732421875,
      42.2980842590332,
      73.31709289550781,
      70.0855484008789
    ],
    [
      10.5103759765625,
      8.231983184814453,
      9.30252742767334,
      3.1370601654052734,
      9.372188568115234,
      10.282705307006836,
      19.26343536376953,
      17.08589744567871,
      23.392898559570312,
      22.79729461669922,
      31.54288673400879,
      31.94900131225586,
      37.94157791137695,
      41.66427230834961,
      48.11730194091797,
      49.58074188232422,
      70.0855484008789,
      93.71843719482422
    ]
  ],
  "covariance_short": [
    [
      49.224891662597656,
      37.38393783569336,
      16.818191528320312,
      9.100955963134766,
      8.339851379394531,
      5.75330924987793,
      7.892313003540039,
      5.666103839874268,
      10.707324028015137,
      9.447296142578125,
      10.335803985595703,
      9.484726905822754,
      11.41000747680664,
      10.616800308227539,
      11.018899917602539,
      10.838743209838867,
      14.716898918151855,
      13.006189346313477
    ],
    [
      37.38393783569336,
      41.77159118652344,
      16.262327194213867,
      11.293198585510254,
      8.168402671813965,
      4.979936122894287,
      6.983133316040039,
      4.620491027832031,
      10.178985595703125,
      9.60223388671875,
      10.634306907653809,
      10.22658920288086,
      12.059666633605957,
      11.579610824584961,
      11.303621292114258,
      11.684471130371094,
      11.326292037963867,
      10.352827072143555
    ],
    [
      16.818191528320312,
      16.262327194213867,
      24.4365177154541,
      16.229782104492188,
      15.148263931274414,
      12.063790321350098,
      14.06010627746582,
      12.137033462524414,
      16.046924591064453,
      15.49181079864502,
      18.731311798095703,
      17.93426513671875,
      16.955217361450195,
      16.02169418334961,
      14.467211723327637,
      14.794806480407715,
      17.75713348388672,
      15.854256629943848
    ],
    [
      9.100955963134766,
      11.293198585510254,
      16.229782104492188,
      28.002668380737305,
      18.453229904174805,
      16.414703369140625,
      15.86945915222168,
      15.684704780578613,
      19.03496551513672,
      20.010026931762695,
      18.453073501586914,
      18.77089500427246,
      14.509795188903809,
      14.681312561035156,
      11.676778793334961,
      12.752256393432617,
      10.979646682739258,
      10.111784934997559
    ],
    [
      8.339851379394531,
      8.168402671813965,
      15.148263931274414,
      18.453229904174805,
      35.34127426147461,
      29.717710494995117,
      24.981895446777344,
      24.897130966186523,
      27.407934188842773,
      28.047466278076172,
      26.107633590698242,
      27.893068313598633,
      19.43023681640625,
      20.915143966674805,
      15.80774211883545,
      17.700193405151367,
      17.529003143310547,
      16.33818817138672
    ],
    [
      5.75330924987793,
      4.979936122894287,
      12.063790321350098,
      16.414703369140625,
      29.717710494995117,
      40.92999267578125,
      30.039663314819336,
      32.846805572509766,
      29.762243270874023,
      31.847957611083984,
      28.820362091064453,
      32.964202880859375,
      19.188047409057617,
      22.682445526123047,
      15.262863159179688,
      19.341154098510742,
      16.66933250427246,
      16.19318389892578
    ],
    [
      7.892313003540039,
      6.983133316040039,
      14.06010627746582,
      15.86945915222168,
      24.981895446777344,
      30.039663314819336,
      53.41349792480469,
      51.13165283203125,
      40.934234619140625,
      42.16288375854492,
      39.755611419677734,
      42.144405364990234,
      29.91240692138672,
      32.03813171386719,
      25.740985870361328,
      29.023862838745117,
      30.028411865234375,
      27.904699325561523
    ],
    [
      5.666103839874268,
      4.620491027832031,
      12.137033462524414,
      15.684704780578613,
      24.897130966186523,
      32.846805572509766,
      51.13165283203125,
      59.86033248901367,
      40.70743179321289,
      43.33053970336914,
      39.243804931640625,
      43.8230094909668,
      27.34515380859375,
      31.397239685058594,
      23.220001220703125,
      28.256895065307617,
      25.26495361328125,
      24.100282669067383
    ],
    [
      10.707324028015137,
      10.178985595703125,
      16.046924591064453,
      19.03496551513672,
      27.407934188842773,
      29.762243270874023,
      40.934234619140625,
      40.70743179321289,
      60.17714309692383,
      56.10910415649414,
      54.82576370239258,
      55.12028121948242,
      43.468814849853516,
      43.462005615234375,
      35.56350326538086,
      37.545677185058594,
      38.13657760620117,
      34.401695251464844
    ],
    [
      9.447296142578125,
      9.60223388671875,
      15.49181079864502,
      20.010026931762695,
      28.047466278076172,
      31.847957611083984,
      42.16288375854492,
      43.33053970336914,
      56.10910415649414,
      61.12887954711914,
      51.96113586425781,
      55.79021453857422,
      39.84164047241211,
      42.595130920410156,
      33.71564483642578,
      38.31581115722656,
      34.850982666015625,
      32.35932922363281
    ],
    [
      10.335803985595703,
      10.634306907653809,
      18.731311798095703,
      18.453073501586914,
      26.107633590698242,
      28.820362091064453,
      39.755611419677734,
      39.243804931640625,
      54.82576370239258,
      51.96113586425781,
      72.85255432128906,
      69.84597778320312,
      59.96765899658203,
      60.79594421386719,
      50.771949768066406,
      53.035377502441406,
      52.48040771484375,
      48.13817596435547
    ],
    [
      9.484726905822754,
      10.22658920288086,
      17.93426513671875,
      18.77089500427246,
      27.893068313598633,
      32.964202880859375,
      42.144405364990234,
      43.8230094909668,
      55.12028121948242,
      55.79021453857422,
      69.84597778320312,
      78.5960922241211,
      57.36912536621094,
      64.07632446289062,
      51.15525817871094,
      58.81538009643555,
      51.416465759277344,
      49.069366455078125
    ],
    [
      11.41000747680664,
      12.059666633605957,
      16.955217361450195,
      14.509795188903809,
      19.43023681640625,
      19.188047409057617,
      29.91240692138672,
      27.34515380859375,
      43.468814849853516,
      39.84164047241211,
      59.96765899658203,
      57.36912536621094,
      71.9339599609375,
      67.45140075683594,
      59.57816696166992,
      59.845191955566406,
      63.421016693115234,
      58.48065948486328
    ],
    [
      10.616800308227539,
      11.579610824584961,
      16.02169418334961,
      14.681312561035156,
      20.915143966674805,
      22.682445526123047,
      32.03813171386719,
      31.397239685058594,
      43.462005615234375,
      42.595130920410156,
      60.79594421386719,
      64.07632446289062,
      67.45140075683594,
      79.25872802734375,
      60.72481918334961,
      68.81865692138672,
      64.53022003173828,
      62.779605865478516
    ],
    [
      11.018899917602539,
      11.303621292114258,
      14.467211723327637,
      11.676778793334961,
      15.80774211883545,
      15.262863159179688,
      25.740985870361328,
      23.220001220703125,
      35.56350326538086,
      33.71564483642578,
      50.771949768066406,
      51.15525817871094,
      59.57816696166992,
      60.72481918334961,
      74.97908020019531,
      73.9272232055664,
      76.27854919433594,
      72.80255126953125
    ],
    [
      10.838743209838867,
      11.684471130371094,
      14.794806480407715,
      12.752256393432617,
      17.700193405151367,
      19.341154098510742,
      29.023862838745117,
      28.256895065307617,
      37.545677185058594,
      38.31581115722656,
      53.035377502441406,
      58.81538009643555,
      59.845191955566406,
      68.81865692138672,
      73.9272232055664,
      87.64847564697266,
      77.04576110839844,
      76.44500732421875
    ],
    [
      14.716898918151855,
      11.326292037963867,
      17.75713348388672,
      10.979646682739258,
      17.529003143310547,
      16.66933250427246,
      30.028411865234375,
      25.26495361328125,
      38.13657760620117,
      34.850982666015625,
      52.48040771484375,
      51.416465759277344,
      63.421016693115234,
      64.53022003173828,
      76.27854919433594,
      77.04576110839844,
      135.89154052734375,
      124.72499084472656
    ],
    [
      13.006189346313477,
      10.352827072143555,
      15.854256629943848,
      10.111784934997559,
      16.33818817138672,
      16.19318389892578,
      27.904699325561523,
      24.100282669067383,
      34.401695251464844,
      32.35932922363281,
      48.13817596435547,
      49.069366455078125,
      58.48065948486328,
      62.779605865478516,
      72.80255126953125,
      76.44500732421875,
      124.72499084472656,
      117.54714965820312
    ]
  ],
  "damage": -7.037863731384277,
  "diff_bandwidth": 525.890625,
  "dissonance": 7.245067462246709,
  "drr": 11.222272872924805,
  "dynamics": 3.553015947341919,
  "format": 1245190,
  "frames": 7983040,
  "loudness": -12.455217361450195,
  "loudness_range": 9.09372615814209,
  "loudness_range_short": 11.603679656982422,
  "lowpass_true_peak_15khz": -0.309774249792099,
  "mastering3_acoustic_entropies": [
    {
      "acoustic_entropy": 7.212713241577148,
      "acoustic_entropy_mono": 7.0583720207214355,
      "band_eliminated_acoustic_entropies": [
        {
          "acoustic_entropy": 6.992809772491455,
          "acoustic_entropy_side": 7.211650371551514,
          "hz": 129.47220167065723
        },
        {
          "acoustic_entropy": 6.4701247215271,
          "acoustic_entropy_side": 7.2024993896484375,
          "hz": 202.92927478742237
        },
        {
          "acoustic_entropy": 7.380167007446289,
          "acoustic_entropy_side": 7.225890159606934,
          "hz": 282.89161906338205
        },
        {
          "acoustic_entropy": 7.824923038482666,
          "acoustic_entropy_side": 7.2606072425842285,
          "hz": 369.9353335868758
        },
        {
          "acoustic_entropy": 6.7990617752075195,
          "acoustic_entropy_side": 6.944774627685547,
          "hz": 464.6875360973435
        },
        {
          "acoustic_entropy": 7.8013529777526855,
          "acoustic_entropy_side": 7.237001419067383,
          "hz": 567.8308811364784
        },
        {
          "acoustic_entropy": 6.955367088317871,
          "acoustic_entropy_side": 7.209343910217285,
          "hz": 680.1084783214808
        },
        {
          "acoustic_entropy": 7.0723652839660645,
          "acoustic_entropy_side": 7.410532474517822,
          "hz": 802.3292461747484
        },
        {
          "acoustic_entropy": 7.129793167114258,
          "acoustic_entropy_side": 7.920914649963379,
          "hz": 935.3737400823702
        },
        {
          "acoustic_entropy": 6.914130687713623,
          "acoustic_entropy_side": 6.713525772094727,
          "hz": 1080.2004963696966
        },
        {
          "acoustic_entropy": 7.798023223876953,
          "acoustic_entropy_side": 7.931972980499268,
          "hz": 1237.8529382007157
        },
        {
          "acoustic_entropy": 7.198400020599365,
          "acoustic_entropy_side": 7.2955241203308105,
          "hz": 1409.4668930556702
        },
        {
          "acoustic_entropy": 7.2048797607421875,
          "acoustic_entropy_side": 7.196988582611084,
          "hz": 1596.2787759475705
        },
        {
          "acoustic_entropy": 7.11214542388916,
          "acoustic_entropy_side": 7.059856414794922,
          "hz": 1799.6344973346393
        },
        {
          "acoustic_entropy": 7.367382049560547,
          "acoustic_entropy_side": 7.18912935256958,
          "hz": 2020.9991599069049
        },
        {
          "acoustic_entropy": 6.7102179527282715,
          "acoustic_entropy_side": 6.971559047698975,
          "hz": 2261.9676141086993
        },
        {
          "acoustic_entropy": 6.9658355712890625,
          "acoustic_entropy_side": 6.89695930480957,
          "hz": 2524.2759484456974
        },
        {
          "acoustic_entropy": 6.904959201812744,
          "acoustic_entropy_side": 7.038829803466797,
          "hz": 2809.813997359896
        },
        {
          "acoustic_entropy": 7.039780139923096,
          "acoustic_entropy_side": 7.117829322814941,
          "hz": 3120.6389567871424
        },
        {
          "acoustic_entropy": 7.136068344116211,
          "acoustic_entropy_side": 7.166495323181152,
          "hz": 3458.990205492291
        },
        {
          "acoustic_entropy": 7.09536600112915,
          "acoustic_entropy_side": 7.172853469848633,
          "hz": 3827.305438964164
        },
        {
          "acoustic_entropy": 7.065176486968994,
          "acoustic_entropy_side": 7.184364318847656,
          "hz": 4228.238232109126
        },
        {
          "acoustic_entropy": 7.064962387084961,
          "acoustic_entropy_side": 7.184172630310059,
          "hz": 4664.6771572759235
        },
        {
          "acoustic_entropy": 6.991632461547852,
          "acoustic_entropy_side": 7.1701555252075195,
          "hz": 5139.766595350093
        },
        {
          "acoustic_entropy": 6.907735347747803,
          "acoustic_entropy_side": 7.131596088409424,
          "hz": 5656.929389854203
        },
        {
          "acoustic_entropy": 6.900747299194336,
          "acoustic_entropy_side": 7.122061729431152,
          "hz": 6219.891507268283
        },
        {
          "acoustic_entropy": 7.013443946838379,
          "acoustic_entropy_side": 7.142805576324463,
          "hz": 6832.70888123896
        },
        {
          "acoustic_entropy": 7.071342945098877,
          "acoustic_entropy_side": 7.177647590637207,
          "hz": 7499.796634079867
        },
        {
          "acoustic_entropy": 7.049065589904785,
          "acoustic_entropy_side": 7.139474391937256,
          "hz": 8225.96088609342
        },
        {
          "acoustic_entropy": 7.142050743103027,
          "acoustic_entropy_side": 7.196611404418945,
          "hz": 9016.43338188839
        },
        {
          "acoustic_entropy": 7.167713165283203,
          "acoustic_entropy_side": 7.201990127563477,
          "hz": 9876.909183162974
        },
        {
          "acoustic_entropy": 7.162246227264404,
          "acoustic_entropy_side": 7.204798221588135,
          "hz": 10813.587699516042
        },
        {
          "acoustic_entropy": 7.113036155700684,
          "acoustic_entropy_side": 7.199404716491699,
          "hz": 11833.21735289826
        },
        {
          "acoustic_entropy": 7.035528659820557,
          "acoustic_entropy_side": 7.187439918518066,
          "hz": 12943.144197493959
        },
        {
          "acoustic_entropy": 7.0507354736328125,
          "acoustic_entropy_side": 7.191481590270996,
          "hz": 14151.364845322005
        },
        {
          "acoustic_entropy": 7.126865863800049,
          "acoustic_entropy_side": 7.198490619659424,
          "hz": 15466.58407886509
        },
        {
          "acoustic_entropy": 7.139571189880371,
          "acoustic_entropy_side": 7.20131254196167,
          "hz": 16898.27756580493
        },
        {
          "acoustic_entropy": 7.148286819458008,
          "acoustic_entropy_side": 7.201931476593018,
          "hz": 18456.760127700032
        },
        {
          "acoustic_entropy": 7.192379474639893,
          "acoustic_entropy_side": 7.2087721824646,
          "hz": 20153.260054456492
        },
        {
          "acoustic_entropy": 7.211809158325195,
          "acoustic_entropy_side": 7.2125325202941895,
          "hz": 22000.00000000001
        }
      ],
      "diff_acoustic_entropy": 4.205082893371582,
      "sn": 6
    },
    {
      "acoustic_entropy": 11.894695281982422,
      "acoustic_entropy_mono": 10.920767784118652,
      "band_eliminated_acoustic_entropies": [
        {
          "acoustic_entropy": 12.145849227905273,
          "acoustic_entropy_side": 11.89649772644043,
          "hz": 129.47220167065723
        },
        {
          "acoustic_entropy": 12.252518653869629,
          "acoustic_entropy_side": 11.912623405456543,
          "hz": 202.92927478742237
        },
        {
          "acoustic_entropy": 11.601841926574707,
          "acoustic_entropy_side": 11.910301208496094,
          "hz": 282.89161906338205
        },
        {
          "acoustic_entropy": 11.9107027053833,
          "acoustic_entropy_side": 11.928716659545898,
          "hz": 369.9353335868758
        },
        {
          "acoustic_entropy": 11.558504104614258,
          "acoustic_entropy_side": 11.663179397583008,
          "hz": 464.6875360973435
        },
        {
          "acoustic_entropy": 11.906612396240234,
          "acoustic_entropy_side": 12.26701545715332,
          "hz": 567.8308811364784
        },
        {
          "acoustic_entropy": 11.527840614318848,
          "acoustic_entropy_side": 11.612602233886719,
          "hz": 680.1084783214808
        },
        {
          "acoustic_entropy": 11.832778930664062,
          "acoustic_entropy_side": 12.17879867553711,
          "hz": 802.3292461747484
        },
        {
          "acoustic_entropy": 11.67889404296875,
          "acoustic_entropy_side": 12.361085891723633,
          "hz": 935.3737400823702
        },
        {
          "acoustic_entropy": 11.29110050201416,
          "acoustic_entropy_side": 11.790682792663574,
          "hz": 1080.2004963696966
        },
        {
          "acoustic_entropy": 11.947418212890625,
          "acoustic_entropy_side": 11.937667846679688,
          "hz": 1237.8529382007157
        },
        {
          "acoustic_entropy": 11.862540245056152,
          "acoustic_entropy_side": 11.85593318939209,
          "hz": 1409.4668930556702
        },
        {
          "acoustic_entropy": 11.98613452911377,
          "acoustic_entropy_side": 11.989577293395996,
          "hz": 1596.2787759475705
        },
        {
          "acoustic_entropy": 12.112347602844238,
          "acoustic_entropy_side": 12.03544807434082,
          "hz": 1799.6344973346393
        },
        {
          "acoustic_entropy": 12.045343399047852,
          "acoustic_entropy_side": 12.018153190612793,
          "hz": 2020.9991599069049
        },
        {
          "acoustic_entropy": 11.863527297973633,
          "acoustic_entropy_side": 11.93532943725586,
          "hz": 2261.9676141086993
        },
        {
          "acoustic_entropy": 11.72260856628418,
          "acoustic_entropy_side": 11.8462495803833,
          "hz": 2524.2759484456974
        },
        {
          "acoustic_entropy": 11.911060333251953,
          "acoustic_entropy_side": 11.905750274658203,
          "hz": 2809.813997359896
        },
        {
          "acoustic_entropy": 11.948311805725098,
          "acoustic_entropy_side": 11.925578117370605,
          "hz": 3120.6389567871424
        },
        {
          "acoustic_entropy": 11.924453735351562,
          "acoustic_entropy_side": 11.873863220214844,
          "hz": 3458.990205492291
        },
        {
          "acoustic_entropy": 11.82769775390625,
          "acoustic_entropy_side": 11.83387565612793,
          "hz": 3827.305438964164
        },
        {
          "acoustic_entropy": 11.813448905944824,
          "acoustic_entropy_side": 11.900179862976074,
          "hz": 4228.238232109126
        },
        {
          "acoustic_entropy": 11.876690864562988,
          "acoustic_entropy_side": 11.956207275390625,
          "hz": 4664.6771572759235
        },
        {
          "acoustic_entropy": 11.880881309509277,
          "acoustic_entropy_side": 11.954538345336914,
          "hz": 5139.766595350093
        },
        {
          "acoustic_entropy": 11.898272514343262,
          "acoustic_entropy_side": 11.935089111328125,
          "hz": 5656.929389854203
        },
        {
          "acoustic_entropy": 11.913187026977539,
          "acoustic_entropy_side": 11.886895179748535,
          "hz": 6219.891507268283
        },
        {
          "acoustic_entropy": 11.940985679626465,
          "acoustic_entropy_side": 11.887574195861816,
          "hz": 6832.70888123896
        },
        {
          "acoustic_entropy": 11.961158752441406,
          "acoustic_entropy_side": 11.899861335754395,
          "hz": 7499.796634079867
        },
        {
          "acoustic_entropy": 11.975872039794922,
          "acoustic_entropy_side": 11.895825386047363,
          "hz": 8225.96088609342
        },
        {
          "acoustic_entropy": 11.909244537353516,
          "acoustic_entropy_side": 11.89594554901123,
          "hz": 9016.43338188839
        },
        {
          "acoustic_entropy": 11.877166748046875,
          "acoustic_entropy_side": 11.88646125793457,
          "hz": 9876.909183162974
        },
        {
          "acoustic_entropy": 11.828927040100098,
          "acoustic_entropy_side": 11.876083374023438,
          "hz": 10813.587699516042
        },
        {
          "acoustic_entropy": 11.642675399780273,
          "acoustic_entropy_side": 11.846762657165527,
          "hz": 11833.21735289826
        },
        {
          "acoustic_entropy": 11.334285736083984,
          "acoustic_entropy_side": 11.80562686920166,
          "hz": 12943.144197493959
        },
        {
          "acoustic_entropy": 11.377786636352539,
          "acoustic_entropy_side": 11.826896667480469,
          "hz": 14151.364845322005
        },
        {
          "acoustic_entropy": 11.639494895935059,
          "acoustic_entropy_side": 11.85236930847168,
          "hz": 15466.58407886509
        },
        {
          "acoustic_entropy": 11.673386573791504,
          "acoustic_entropy_side": 11.86025333404541,
          "hz": 16898.27756580493
        },
        {
          "acoustic_entropy": 11.693267822265625,
          "acoustic_entropy_side": 11.863402366638184,
          "hz": 18456.760127700032
        },
        {
          "acoustic_entropy": 11.836661338806152,
          "acoustic_entropy_side": 11.883097648620605,
          "hz": 20153.260054456492
        },
        {
          "acoustic_entropy": 11.891544342041016,
          "acoustic_entropy_side": 11.894007682800293,
          "hz": 22000.00000000001
        }
      ],
      "diff_acoustic_entropy": 6.9966278076171875,
      "sn": 12
    },
    {
      "acoustic_entropy": 17.522554397583008,
      "acoustic_entropy_mono": 14.69605541229248,
      "band_eliminated_acoustic_entropies": [
        {
          "acoustic_entropy": 17.260482788085938,
          "acoustic_entropy_side": 17.506011962890625,
          "hz": 129.47220167065723
        },
        {
          "acoustic_entropy": 18.456674575805664,
          "acoustic_entropy_side": 17.240657806396484,
          "hz": 202.92927478742237
        },
        {
          "acoustic_entropy": 17.395296096801758,
          "acoustic_entropy_side": 17.21837615966797,
          "hz": 282.89161906338205
        },
        {
          "acoustic_entropy": 17.53189468383789,
          "acoustic_entropy_side": 17.52033805847168,
          "hz": 369.9353335868758
        },
        {
          "acoustic_entropy": 17.167322158813477,
          "acoustic_entropy_side": 17.501752853393555,
          "hz": 464.6875360973435
        },
        {
          "acoustic_entropy": 16.560197830200195,
          "acoustic_entropy_side": 17.090389251708984,
          "hz": 567.8308811364784
        },
        {
          "acoustic_entropy": 17.419031143188477,
          "acoustic_entropy_side": 17.68454933166504,
          "hz": 680.1084783214808
        },
        {
          "acoustic_entropy": 17.91963768005371,
          "acoustic_entropy_side": 17.730396270751953,
          "hz": 802.3292461747484
        },
        {
          "acoustic_entropy": 17.862768173217773,
          "acoustic_entropy_side": 17.544300079345703,
          "hz": 935.3737400823702
        },
        {
          "acoustic_entropy": 16.93437957763672,
          "acoustic_entropy_side": 17.14018440246582,
          "hz": 1080.2004963696966
        },
        {
          "acoustic_entropy": 17.35382843017578,
          "acoustic_entropy_side": 17.933061599731445,
          "hz": 1237.8529382007157
        },
        {
          "acoustic_entropy": 17.40065574645996,
          "acoustic_entropy_side": 17.29477310180664,
          "hz": 1409.4668930556702
        },
        {
          "acoustic_entropy": 17.006263732910156,
          "acoustic_entropy_side": 17.252403259277344,
          "hz": 1596.2787759475705
        },
        {
          "acoustic_entropy": 17.525070190429688,
          "acoustic_entropy_side": 17.509960174560547,
          "hz": 1799.6344973346393
        },
        {
          "acoustic_entropy": 17.5036678314209,
          "acoustic_entropy_side": 17.425626754760742,
          "hz": 2020.9991599069049
        },
        {
          "acoustic_entropy": 17.669017791748047,
          "acoustic_entropy_side": 17.746883392333984,
          "hz": 2261.9676141086993
        },
        {
          "acoustic_entropy": 16.97773551940918,
          "acoustic_entropy_side": 17.243057250976562,
          "hz": 2524.2759484456974
        },
        {
          "acoustic_entropy": 17.852062225341797,
          "acoustic_entropy_side": 17.72350311279297,
          "hz": 2809.813997359896
        },
        {
          "acoustic_entropy": 17.079721450805664,
