{
  "acoustic_entropy": 214.64697265625,
  "bands": [
    {
      "high_freq": 148.1999969482422,
      "loudness": -27.863012313842773,
      "loudness_range": 17.212648391723633,
      "mid_mean": -24.50678062438965,
      "mid_to_side_loudness": -13.56494426727295,
      "mid_to_side_loudness_range": 22.70198631286621,
      "side_mean": -39.503448486328125
    },
    {
      "high_freq": 392.3793640136719,
      "loudness": -23.56936264038086,
      "loudness_range": 11.891855239868164,
      "low_freq": 148.1999969482422,
      "mid_mean": -21.105934143066406,
      "mid_to_side_loudness": -5.693637371063232,
      "mid_to_side_loudness_range": 9.021026611328125,
      "side_mean": -26.85159683227539
    },
    {
      "high_freq": 794.6976318359375,
      "loudness": -23.207420349121094,
      "loudness_range": 12.99191665649414,
      "low_freq": 392.3793640136719,
      "mid_mean": -20.910734176635742,
      "mid_to_side_loudness": -5.5149993896484375,
      "mid_to_side_loudness_range": 11.498089790344238,
      "side_mean": -26.45337677001953
    },
    {
      "high_freq": 1457.5709228515625,
      "loudness": -26.302400588989258,
      "loudness_range": 20.177841186523438,
      "low_freq": 794.6976318359375,
      "mid_mean": -24.03663444519043,
      "mid_to_side_loudness": -5.813328742980957,
      "mid_to_side_loudness_range": 14.90653133392334,
      "side_mean": -29.93914222717285
    },
    {
      "high_freq": 2549.74365234375,
      "loudness": -30.29303550720215,
      "loudness_range": 19.846755981445312,
      "low_freq": 1457.5709228515625,
      "mid_mean": -27.661439895629883,
      "mid_to_side_loudness": -7.0533976554870605,
      "mid_to_side_loudness_range": 11.355401992797852,
      "side_mean": -34.80913162231445
    },
    {
      "high_freq": 4349.24462890625,
      "loudness": -34.79512023925781,
      "loudness_range": 19.063615798950195,
      "low_freq": 2549.74365234375,
      "mid_mean": -31.830020904541016,
      "mid_to_side_loudness": -8.740057945251465,
      "mid_to_side_loudness_range": 12.535378456115723,
      "side_mean": -40.76643753051758
    },
    {
      "high_freq": 7314.1640625,
      "loudness": -40.921573638916016,
      "loudness_range": 23.207523345947266,
      "low_freq": 4349.24462890625,
      "mid_mean": -37.861942291259766,
      "mid_to_side_loudness": -9.670467376708984,
      "mid_to_side_loudness_range": 13.462547302246094,
      "side_mean": -47.936466217041016
    },
    {
      "high_freq": 12199.2666015625,
      "loudness": -41.722068786621094,
      "loudness_range": 22.02073097229004,
      "low_freq": 7314.1640625,
      "mid_mean": -38.47944641113281,
      "mid_to_side_loudness": -12.646910667419434,
      "mid_to_side_loudness_range": 15.573211669921875,
      "side_mean": -52.42320251464844
    },
    {
      "loudness": -55.05337905883789,
      "loudness_range": 22.825641632080078,
      "low_freq": 12199.2666015625,
      "mid_mean": -52.00639724731445,
      "mid_to_side_loudness": -12.5360689163208,
      "mid_to_side_loudness_range": 18.562671661376953,
      "side_mean": -62.818031311035156
    }
  ],
  "bands_short": [
    {
      "high_freq": 148.1999969482422,
      "loudness": -29.99895668029785,
      "loudness_range": 20.439361572265625,
      "mid_mean": -26.563039779663086,
      "mid_to_side_loudness": -15.374002456665039,
      "mid_to_side_loudness_range": 25.46921157836914,
      "side_mean": -44.98072052001953
    },
    {
      "high_freq": 392.3793640136719,
      "loudness": -24.028564453125,
      "loudness_range": 12.83091926574707,
      "low_freq": 148.1999969482422,
      "mid_mean": -21.55522346496582,
      "mid_to_side_loudness": -6.132325649261475,
      "mid_to_side_loudness_range": 11.581555366516113,
      "side_mean": -27.749418258666992
    },
    {
      "high_freq": 794.6976318359375,
      "loudness": -23.418222427368164,
      "loudness_range": 14.72938060760498,
      "low_freq": 392.3793640136719,
      "mid_mean": -21.27049446105957,
      "mid_to_side_loudness": -5.382708549499512,
      "mid_to_side_loudness_range": 13.738086700439453,
      "side_mean": -26.674880981445312
    },
    {
      "high_freq": 1457.5709228515625,
      "loudness": -26.68483543395996,
      "loudness_range": 21.685909271240234,
      "low_freq": 794.6976318359375,
      "mid_mean": -24.577919006347656,
      "mid_to_side_loudness": -5.716182708740234,
      "mid_to_side_loudness_range": 16.3797664642334,
      "side_mean": -30.398147583007812
    },
    {
      "high_freq": 2549.74365234375,
      "loudness": -31.022056579589844,
      "loudness_range": 21.66178321838379,
      "low_freq": 1457.5709228515625,
      "mid_mean": -28.52010154724121,
      "mid_to_side_loudness": -6.704486846923828,
      "mid_to_side_loudness_range": 13.178531646728516,
      "side_mean": -35.349891662597656
    },
    {
      "high_freq": 4349.24462890625,
      "loudness": -35.449317932128906,
      "loudness_range": 20.76498031616211,
      "low_freq": 2549.74365234375,
      "mid_mean": -32.63380813598633,
      "mid_to_side_loudness": -8.121123313903809,
      "mid_to_side_loudness_range": 13.955465316772461,
      "side_mean": -40.9926872253418
    },
    {
      "high_freq": 7314.1640625,
      "loudness": -41.95211410522461,
      "loudness_range": 24.208723068237305,
      "low_freq": 4349.24462890625,
      "mid_mean": -39.064964294433594,
      "mid_to_side_loudness": -8.902853012084961,
      "mid_to_side_loudness_range": 14.605060577392578,
      "side_mean": -48.365413665771484
    },
    {
      "high_freq": 12199.2666015625,
      "loudness": -43.15799331665039,
      "loudness_range": 21.13237762451172,
      "low_freq": 7314.1640625,
      "mid_mean": -40.1118049621582,
      "mid_to_side_loudness": -11.61862564086914,
      "mid_to_side_loudness_range": 18.233972549438477,
      "side_mean": -52.92623519897461
    },
    {
      "loudness": -57.05490493774414,
      "loudness_range": 23.893753051757812,
      "low_freq": 12199.2666015625,
      "mid_mean": -53.9013786315918,
      "mid_to_side_loudness": -11.694406509399414,
      "mid_to_side_loudness_range": 18.593128204345703,
      "side_mean": -63.86252975463867
    }
  ],
  "bandwidth": 625.3777465820312,
  "channels": 2,
  "covariance": [
    [
      48.160667419433594,
      16.107778549194336,
      14.394556045532227,
      13.625123023986816,
      9.944134712219238,
      13.177739143371582,
      13.7691011428833,
      13.487428665161133,
      21.522621154785156,
      22.850252151489258,
      21.238162994384766,
      23.694616317749023,
      20.14093017578125,
      26.823097229003906,
      10.587204933166504,
      21.67313003540039,
      18.139816284179688,
      16.96540641784668
    ],
    [
      16.107778549194336,
      43.7462043762207,
      7.529242515563965,
      8.684836387634277,
      4.120016098022461,
      7.7216386795043945,
      6.419161796569824,
      9.028996467590332,
      14.215036392211914,
      16.051502227783203,
      12.65406608581543,
      18.897523880004883,
      6.840075492858887,
      16.55949592590332,
      0.9687111973762512,
      11.702329635620117,
      8.010802268981934,
      10.119467735290527
    ],
    [
      14.394556045532227,
      7.529242515563965,
      21.923656463623047,
      16.20871353149414,
      12.43695068359375,
      14.094987869262695,
      9.492841720581055,
      10.756071090698242,
      14.2061185836792,
      14.894390106201172,
      15.806665420532227,
      16.411781311035156,
      16.57822036743164,
      20.334575653076172,
      13.238335609436035,
      18.995580673217773,
      16.91974639892578,
      10.919121742248535
    ],
    [
      13.625123023986816,
      8.684836387634277,
      16.20871353149414,
      21.318466186523438,
      13.325620651245117,
      16.009397506713867,
      14.068597793579102,
      13.759757995605469,
      16.594165802001953,
      17.439489364624023,
      16.64576530456543,
      18.258535385131836,
      16.36399269104004,
      21.56398582458496,
      10.634490013122559,
      19.106653213500977,
      15.721244812011719,
      11.683345794677734
    ],
    [
      9.944134712219238,
      4.120016098022461,
      12.43695068359375,
      13.325620651245117,
      26.451488494873047,
      17.16671371459961,
      20.191328048706055,
      15.357831001281738,
      20.353412628173828,
      18.26715850830078,
      19.766357421875,
      17.578641891479492,
      16.394210815429688,
      19.151586532592773,
      12.583245277404785,
      17.772329330444336,
      17.05900764465332,
      9.981051445007324
    ],
    [
      13.177739143371582,
      7.7216386795043945,
      14.094987869262695,
      16.009397506713867,
      17.16671371459961,
      25.056608200073242,
      15.53678035736084,
      18.189847946166992,
      17.27350616455078,
      21.040573120117188,
      16.2939510345459,
      20.521385192871094,
      13.75736141204834,
      21.98440170288086,
      6.682616233825684,
      16.914785385131836,
      13.022977828979492,
      13.062857627868652
    ],
    [
      13.7691011428833,
      6.419161796569824,
      9.492841720581055,
      14.068597793579102,
      20.191328048706055,
      15.53678035736084,
      50.98070526123047,
      33.336421966552734,
      34.89598846435547,
      28.896303176879883,
      28.710796356201172,
      24.460227966308594,
      25.63828468322754,
      25.52910804748535,
      12.601797103881836,
      17.599763870239258,
      14.255349159240723,
      13.679184913635254
    ],
    [
      13.487428665161133,
      9.028996467590332,
      10.756071090698242,
      13.759757995605469,
      15.357831001281738,
      18.189847946166992,
      33.336421966552734,
      41.673553466796875,
      23.847734451293945,
      30.07726287841797,
      17.318899154663086,
      24.891603469848633,
      14.842263221740723,
      24.027610778808594,
      5.2439422607421875,
      13.95807933807373,
      10.844828605651855,
      15.844216346740723
    ],
    [
      21.522621154785156,
      14.215036392211914,
      14.2061185836792,
      16.594165802001953,
      20.353412628173828,
      17.27350616455078,
      34.89598846435547,
      23.847734451293945,
      54.34170913696289,
      42.05403137207031,
      41.6237678527832,
      36.483375549316406,
      39.272212982177734,
      39.29329299926758,
      18.792953491210938,
      29.27220344543457,
      27.458017349243164,
      21.8226318359375
    ],
    [
      22.850252151489258,
      16.051502227783203,
      14.894390106201172,
      17.439489364624023,
      18.26715850830078,
      21.040573120117188,
      28.896303176879883,
      30.07726287841797,
      42.05403137207031,
      47.960140228271484,
      30.471052169799805,
      38.344303131103516,
      28.481176376342773,
      39.012821197509766,
      10.433874130249023,
      26.1409854888916,
      22.48540496826172,
      24.6710205078125
    ],
    [
      21.238162994384766,
      12.65406608581543,
      15.806665420532227,
      16.64576530456543,
      19.766357421875,
      16.2939510345459,
      28.710796356201172,
      17.318899154663086,
      41.6237678527832,
      30.471052169799805,
      49.33695983886719,
      36.187015533447266,
      42.124637603759766,
      38.486507415771484,
      24.40260124206543,
      31.992509841918945,
      31.85890769958496,
      20.57792854309082
    ],
    [
      23.694616317749023,
      18.897523880004883,
      16.411781311035156,
      18.258535385131836,
      17.578641891479492,
      20.521385192871094,
      24.460227966308594,
      24.891603469848633,
      36.483375549316406,
      38.344303131103516,
      36.187015533447266,
      43.474517822265625,
      28.778121948242188,
      40.87493133544922,
      12.963766098022461,
      29.82537841796875,
      26.16244888305664,
      25.33404541015625
    ],
    [
      20.14093017578125,
      6.840075492858887,
      16.57822036743164,
      16.36399269104004,
      16.394210815429688,
      13.75736141204834,
      25.63828468322754,
      14.842263221740723,
      39.272212982177734,
      28.481176376342773,
      42.124637603759766,
      28.778121948242188,
      63.422569274902344,
      46.225772857666016,
      42.94472122192383,
      45.58667755126953,
      46.097564697265625,
      23.727230072021484
    ],
    [
      26.823097229003906,
      16.55949592590332,
      20.334575653076172,
      21.56398582458496,
      19.151586532592773,
      21.98440170288086,
      25.52910804748535,
      24.027610778808594,
      39.29329299926758,
      39.012821197509766,
      38.486507415771484,
      40.87493133544922,
      46.225772857666016,
      56.21607971191406,
      28.980329513549805,
      47.108558654785156,
      39.90946960449219,
      31.70975685119629
    ],
    [
      10.587204933166504,
      0.9687111973762512,
      13.238335609436035,
      10.634490013122559,
      12.583245277404785,
      6.682616233825684,
      12.601797103881836,
      5.2439422607421875,
      18.792953491210938,
      10.433874130249023,
      24.40260124206543,
      12.963766098022461,
      42.94472122192383,
      28.980329513549805,
      60.641929626464844,
      39.902610778808594,
      45.6959228515625,
      13.604898452758789
    ],
    [
      21.67313003540039,
      11.702329635620117,
      18.995580673217773,
      19.106653213500977,
      17.772329330444336,
      16.914785385131836,
      17.599763870239258,
      13.95807933807373,
      29.27220344543457,
      26.1409854888916,
      31.992509841918945,
      29.82537841796875,
      45.58667755126953,
      47.108558654785156,
      39.902610778808594,
      58.18494415283203,
      51.43568420410156,
      29.094329833984375
    ],
    [
      18.139816284179688,
      8.010802268981934,
      16.91974639892578,
      15.721244812011719,
      17.05900764465332,
      13.022977828979492,
      14.255349159240723,
      10.844828605651855,
      27.458017349243164,
      22.48540496826172,
      31.85890769958496,
      26.16244888305664,
      46.097564697265625,
      39.90946960449219,
      45.6959228515625,
      51.43568420410156,
      62.39788055419922,
      25.832473754882812
    ],
    [
      16.96540641784668,
      10.119467735290527,
      10.919121742248535,
      11.683345794677734,
      9.981051445007324,
      13.062857627868652,
      13.679184913635254,
      15.844216346740723,
      21.8226318359375,
      24.6710205078125,
      20.57792854309082,
      25.33404541015625,
      23.727230072021484,
      31.70975685119629,
      13.604898452758789,
      29.094329833984375,
      25.832473754882812,
      26.42441177368164
    ]
  ],
  "covariance_short": [
    [
      60.74946212768555,
      26.06657600402832,
      14.611356735229492,
      11.395215034484863,
      10.417985916137695,
      12.785345077514648,
      14.79481315612793,
      13.218415260314941,
      20.709232330322266,
      20.588775634765625,
      20.346580505371094,
      20.53000259399414,
      20.58550453186035,
      24.981130599975586,
      11.748197555541992,
      20.052913665771484,
      15.770025253295898,
      14.005595207214355
    ],
    [
      26.06657600402832,
      69.23223876953125,
      16.388153076171875,
      15.669858932495117,
      7.534731864929199,
      14.593213081359863,
      12.104660034179688,
      15.329267501831055,
      23.157686233520508,
      26.909765243530273,
      21.269052505493164,
      28.358381271362305,
      14.771956443786621,
      26.12189292907715,
      1.4794824123382568,
      16.491737365722656,
      11.697345733642578,
      13.863088607788086
    ],
    [
      14.611356735229492,
      16.388153076171875,
      25.053327560424805,
      15.806951522827148,
      12.402841567993164,
      14.651646614074707,
      10.70788288116455,
      11.987794876098633,
      14.928119659423828,
      16.090652465820312,
      15.775338172912598,
      17.799959182739258,
      16.342620849609375,
      21.251266479492188,
      12.644911766052246,
      18.814178466796875,
      14.313817977905273,
      10.228675842285156
    ],
    [
      11.395215034484863,
      15.669858932495117,
      15.806951522827148,
      23.87053680419922,
      12.98311996459961,
      16.78790283203125,
      14.234074592590332,
      14.664458274841309,
      16.66474151611328,
      17.953405380249023,
      16.294198989868164,
      18.646631240844727,
      15.830199241638184,
      21.752016067504883,
      10.099102973937988,
      18.005544662475586,
      12.825753211975098,
      10.20638656616211
    ],
    [
      10.417985916137695,
      7.534731864929199,
      12.402841567993164,
      12.98311996459961,
      32.44960021972656,
      19.210744857788086,
      20.125965118408203,
      15.935857772827148,
      21.169803619384766,
      18.939130783081055,
      20.38690185546875,
      18.12377166748047,
      17.640886306762695,
      20.043323516845703,
      13.861588478088379,
      18.069379806518555,
      15.475417137145996,
      8.726217269897461
    ],
    [
      12.785345077514648,
      14.593213081359863,
      14.651646614074707,
      16.78790283203125,
      19.210744857788086,
      31.286914825439453,
      16.653249740600586,
      18.9588565826416,
      19.439939498901367,
      22.481632232666016,
      17.73774528503418,
      21.752376556396484,
      16.32244300842285,
      23.766714096069336,
      8.451139450073242,
      18.71434211730957,
      12.930405616760254,
      11.6766996383667
    ],
    [
      14.79481315612793,
      12.104660034179688,
      10.70788288116455,
      14.234074592590332,
      20.125965118408203,
      16.653249740600586,
      58.527122497558594,
      35.65752410888672,
      38.766815185546875,
      31.502962112426758,
      32.17289352416992,
      27.377948760986328,
      28.96820831298828,
      27.94147300720215,
      13.10398006439209,
      18.527036666870117,
      12.54409122467041,
      12.51114273071289
    ],
    [
      13.218415260314941,
      15.329267501831055,
      11.987794876098633,
      14.664458274841309,
      15.935857772827148,
      18.9588565826416,
      35.65752410888672,
      46.75442123413086,
      27.404953002929688,
      32.58124542236328,
      20.184894561767578,
      27.9711856842041,
      18.88545036315918,
      26.80974578857422,
      5.915018558502197,
      15.776131629943848,
      10.529745101928711,
      14.614818572998047
    ],
    [
      20.709232330322266,
      23.157686233520508,
      14.928119659423828,
      16.66474151611328,
      21.169803619384766,
      19.439939498901367,
      38.766815185546875,
      27.404953002929688,
      62.14727783203125,
      44.86330032348633,
      45.645076751708984,
      39.44901657104492,
      42.28921890258789,
      41.67801284790039,
      19.33725357055664,
      29.91303825378418,
      24.141664505004883,
      19.51735496520996
    ],
    [
      20.588775634765625,
      26.909765243530273,
      16.090652465820312,
      17.953405380249023,
      18.939130783081055,
      22.481632232666016,
      31.502962112426758,
      32.58124542236328,
      44.86330032348633,
      53.00732421875,
      33.37086868286133,
      41.43666076660156,
      31.247159957885742,
      41.99941635131836,
      10.431796073913574,
      27.38020133972168,
      19.99439811706543,
      22.03038787841797
    ],
    [
      20.346580505371094,
      21.269052505493164,
      15.775338172912598,
      16.294198989868164,
      20.38690185546875,
      17.73774528503418,
      32.17289352416992,
      20.184894561767578,
      45.645076751708984,
      33.37086868286133,
      56.59580612182617,
      39.431156158447266,
      46.60185241699219,
      41.00617218017578,
      27.582338333129883,
      32.67423629760742,
      29.66923713684082,
      18.939546585083008
    ],
    [
      20.53000259399414,
      28.358381271362305,
      17.799959182739258,
      18.646631240844727,
      18.12377166748047,
      21.752376556396484,
      27.377948760986328,
      27.9711856842041,
      39.44901657104492,
      41.43666076660156,
      39.431156158447266,
      48.65467834472656,
      32.294158935546875,
      44.355873107910156,
      13.453197479248047,
      31.292604446411133,
      23.634899139404297,
      22.713335037231445
    ],
    [
      20.58550453186035,
      14.771956443786621,
      16.342620849609375,
      15.830199241638184,
      17.640886306762695,
      16.32244300842285,
      28.96820831298828,
      18.88545036315918,
      42.28921890258789,
      31.247159957885742,
      46.60185241699219,
      32.294158935546875,
      68.73594665527344,
      48.88044357299805,
      46.61819076538086,
      45.71171569824219,
      43.8504753112793,
      21.248592376708984
    ],
    [
      24.981130599975586,
      26.12189292907715,
      21.251266479492188,
      21.752016067504883,
      20.043323516845703,
      23.766714096069336,
      27.94147300720215,
      26.80974578857422,
      41.67801284790039,
      41.99941635131836,
      41.00617218017578,
      44.355873107910156,
      48.88044357299805,
      60.938053131103516,
      28.553329467773438,
      49.085296630859375,
      35.74877166748047,
      28.205429077148438
    ],
    [
      11.748197555541992,
      1.4794824123382568,
      12.644911766052246,
      10.099102973937988,
      13.861588478088379,
      8.451139450073242,
      13.10398006439209,
      5.915018558502197,
      19.33725357055664,
      10.431796073913574,
      27.582338333129883,
      13.453197479248047,
      46.61819076538086,
      28.553329467773438,
      67.62311553955078,
      39.79373550415039,
      48.01185607910156,
      11.752184867858887
    ],
    [
      20.052913665771484,
      16.491737365722656,
      18.814178466796875,
      18.005544662475586,
      18.069379806518555,
      18.71434211730957,
      18.527036666870117,
      15.776131629943848,
      29.91303825378418,
      27.38020133972168,
      32.67423629760742,
      31.292604446411133,
      45.71171569824219,
      49.085296630859375,
      39.79373550415039,
      59.66870880126953,
      45.92767333984375,
      25.27367401123047
    ],
    [
      15.770025253295898,
      11.697345733642578,
      14.313817977905273,
      12.825753211975098,
      15.475417137145996,
      12.930405616760254,
      12.54409122467041,
      10.529745101928711,
      24.141664505004883,
      19.99439811706543,
      29.66923713684082,
      23.634899139404297,
      43.8504753112793,
      35.74877166748047,
      48.01185607910156,
      45.92767333984375,
      62.673763275146484,
      22.69227409362793
    ],
    [
      14.005595207214355,
      13.863088607788086,
      10.228675842285156,
      10.20638656616211,
      8.726217269897461,
      11.6766996383667,
      12.51114273071289,
      14.614818572998047,
      19.51735496520996,
      22.03038787841797,
      18.939546585083008,
      22.713335037231445,
      21.248592376708984,
      28.205429077148438,
      11.752184867858887,
      25.27367401123047,
      22.69227409362793,
      26.881175994873047
    ]
  ],
  "damage": -7.488653182983398,
  "diff_bandwidth": 674.7809448242188,
  "dissonance": 7.535886893056172,
  "drr": -0.41018420457839966,
  "dynamics": 3.57582688331604,
  "format": 1245190,
  "frames": 10748864,
  "loudness": -13.635648727416992,
  "loudness_range": 10.7636079788208,
  "loudness_range_short": 11.964707374572754,
  "lowpass_true_peak_15khz": 0.11119541525840759,
  "mastering3_acoustic_entropies": [
    {
      "acoustic_entropy": 8.605627059936523,
      "acoustic_entropy_mono": 7.585072994232178,
      "band_eliminated_acoustic_entropies": [
        {
          "acoustic_entropy": 8.710450172424316,
          "acoustic_entropy_side": 8.6056547164917,
          "hz": 129.47220167065723
        },
        {
          "acoustic_entropy": 8.926429748535156,
          "acoustic_entropy_side": 8.604334831237793,
          "hz": 202.92927478742237
        },
        {
          "acoustic_entropy": 9.172080039978027,
          "acoustic_entropy_side": 8.646173477172852,
          "hz": 282.89161906338205
        },
        {
          "acoustic_entropy": 9.045631408691406,
          "acoustic_entropy_side": 8.851283073425293,
          "hz": 369.9353335868758
        },
        {
          "acoustic_entropy": 9.01246452331543,
          "acoustic_entropy_side": 9.290021896362305,
          "hz": 464.6875360973435
        },
        {
          "acoustic_entropy": 8.774246215820312,
          "acoustic_entropy_side": 8.562371253967285,
          "hz": 567.8308811364784
        },
        {
          "acoustic_entropy": 8.376457214355469,
          "acoustic_entropy_side": 8.592968940734863,
          "hz": 680.1084783214808
        },
        {
          "acoustic_entropy": 9.210868835449219,
          "acoustic_entropy_side": 8.897452354431152,
          "hz": 802.3292461747484
        },
        {
          "acoustic_entropy": 9.309840202331543,
          "acoustic_entropy_side": 9.136054039001465,
          "hz": 935.3737400823702
        },
        {
          "acoustic_entropy": 8.51950740814209,
          "acoustic_entropy_side": 8.755764961242676,
          "hz": 1080.2004963696966
        },
        {
          "acoustic_entropy": 9.125264167785645,
          "acoustic_entropy_side": 8.606932640075684,
          "hz": 1237.8529382007157
        },
        {
          "acoustic_entropy": 9.07727336883545,
          "acoustic_entropy_side": 8.591094970703125,
          "hz": 1409.4668930556702
        },
        {
          "acoustic_entropy": 8.773757934570312,
          "acoustic_entropy_side": 8.483970642089844,
          "hz": 1596.2787759475705
        },
        {
          "acoustic_entropy": 8.711580276489258,
          "acoustic_entropy_side": 8.5115385055542,
          "hz": 1799.6344973346393
        },
        {
          "acoustic_entropy": 9.01685905456543,
          "acoustic_entropy_side": 8.416935920715332,
          "hz": 2020.9991599069049
        },
        {
          "acoustic_entropy": 9.013815879821777,
          "acoustic_entropy_side": 8.499335289001465,
          "hz": 2261.9676141086993
        },
        {
          "acoustic_entropy": 9.58216667175293,
          "acoustic_entropy_side": 8.521373748779297,
          "hz": 2524.2759484456974
        },
        {
          "acoustic_entropy": 8.74797248840332,
          "acoustic_entropy_side": 8.59188461303711,
          "hz": 2809.813997359896
        },
        {
          "acoustic_entropy": 8.590513229370117,
          "acoustic_entropy_side": 8.576711654663086,
          "hz": 3120.6389567871424
        },
        {
          "acoustic_entropy": 8.833427429199219,
          "acoustic_entropy_side": 8.586690902709961,
          "hz": 3458.990205492291
        },
        {
          "acoustic_entropy": 8.963173866271973,
          "acoustic_entropy_side": 8.59903335571289,
          "hz": 3827.305438964164
        },
        {
          "acoustic_entropy": 8.708504676818848,
          "acoustic_entropy_side": 8.598505020141602,
          "hz": 4228.238232109126
        },
        {
          "acoustic_entropy": 8.718976974487305,
          "acoustic_entropy_side": 8.60293197631836,
          "hz": 4664.6771572759235
        },
        {
          "acoustic_entropy": 8.671820640563965,
          "acoustic_entropy_side": 8.603979110717773,
          "hz": 5139.766595350093
        },
        {
          "acoustic_entropy": 8.610304832458496,
          "acoustic_entropy_side": 8.603811264038086,
          "hz": 5656.929389854203
        },
        {
          "acoustic_entropy": 8.652825355529785,
          "acoustic_entropy_side": 8.603946685791016,
          "hz": 6219.891507268283
        },
        {
          "acoustic_entropy": 8.675535202026367,
          "acoustic_entropy_side": 8.605589866638184,
          "hz": 6832.70888123896
        },
        {
          "acoustic_entropy": 8.72988224029541,
          "acoustic_entropy_side": 8.60799789428711,
          "hz": 7499.796634079867
        },
        {
          "acoustic_entropy": 8.724085807800293,
          "acoustic_entropy_side": 8.609136581420898,
          "hz": 8225.96088609342
        },
        {
          "acoustic_entropy": 8.60538387298584,
          "acoustic_entropy_side": 8.610255241394043,
          "hz": 9016.43338188839
        },
        {
          "acoustic_entropy": 8.67854118347168,
          "acoustic_entropy_side": 8.610082626342773,
          "hz": 9876.909183162974
        },
        {
          "acoustic_entropy": 8.748315811157227,
          "acoustic_entropy_side": 8.607110023498535,
          "hz": 10813.587699516042
        },
        {
          "acoustic_entropy": 8.727080345153809,
          "acoustic_entropy_side": 8.606024742126465,
          "hz": 11833.21735289826
        },
        {
          "acoustic_entropy": 8.659079551696777,
          "acoustic_entropy_side": 8.605724334716797,
          "hz": 12943.144197493959
        },
        {
          "acoustic_entropy": 8.636872291564941,
          "acoustic_entropy_side": 8.60565185546875,
          "hz": 14151.364845322005
        },
        {
          "acoustic_entropy": 8.61685562133789,
          "acoustic_entropy_side": 8.605627059936523,
          "hz": 15466.58407886509
        },
        {
          "acoustic_entropy": 8.608955383300781,
          "acoustic_entropy_side": 8.605628967285156,
          "hz": 16898.27756580493
        },
        {
          "acoustic_entropy": 8.606438636779785,
          "acoustic_entropy_side": 8.605626106262207,
          "hz": 18456.760127700032
        },
        {
          "acoustic_entropy": 8.605733871459961,
          "acoustic_entropy_side": 8.605627059936523,
          "hz": 20153.260054456492
        },
        {
          "acoustic_entropy": 8.605633735656738,
          "acoustic_entropy_side": 8.605627059936523,
          "hz": 22000.00000000001
        }
      ],
      "diff_acoustic_entropy": 5.4630937576293945,
      "sn": 6
    },
    {
      "acoustic_entropy": 13.898046493530273,
      "acoustic_entropy_mono": 13.190895080566406,
      "band_eliminated_acoustic_entropies": [
        {
          "acoustic_entropy": 14.329192161560059,
          "acoustic_entropy_side": 13.897478103637695,
          "hz": 129.47220167065723
        },
        {
          "acoustic_entropy": 14.030295372009277,
          "acoustic_entropy_side": 13.864945411682129,
          "hz": 202.92927478742237
        },
        {
          "acoustic_entropy": 14.942551612854004,
          "acoustic_entropy_side": 13.991714477539062,
          "hz": 282.89161906338205
        },
        {
          "acoustic_entropy": 14.652605056762695,
          "acoustic_entropy_side": 14.117798805236816,
          "hz": 369.9353335868758
        },
        {
          "acoustic_entropy": 14.520116806030273,
          "acoustic_entropy_side": 14.032594680786133,
          "hz": 464.6875360973435
        },
        {
          "acoustic_entropy": 13.772655487060547,
          "acoustic_entropy_side": 13.728191375732422,
          "hz": 567.8308811364784
        },
        {
          "acoustic_entropy": 14.00996208190918,
          "acoustic_entropy_side": 14.618310928344727,
          "hz": 680.1084783214808
        },
        {
          "acoustic_entropy": 13.75761604309082,
          "acoustic_entropy_side": 14.153087615966797,
          "hz": 802.3292461747484
        },
        {
          "acoustic_entropy": 14.899532318115234,
          "acoustic_entropy_side": 14.319808959960938,
          "hz": 935.3737400823702
        },
        {
          "acoustic_entropy": 13.678467750549316,
          "acoustic_entropy_side": 13.570038795471191,
          "hz": 1080.2004963696966
        },
        {
          "acoustic_entropy": 13.673576354980469,
          "acoustic_entropy_side": 14.473150253295898,
          "hz": 1237.8529382007157
        },
        {
          "acoustic_entropy": 13.850549697875977,
          "acoustic_entropy_side": 13.759096145629883,
          "hz": 1409.4668930556702
        },
        {
          "acoustic_entropy": 12.873943328857422,
          "acoustic_entropy_side": 13.526375770568848,
          "hz": 1596.2787759475705
        },
        {
          "acoustic_entropy": 13.94520378112793,
          "acoustic_entropy_side": 13.980816841125488,
          "hz": 1799.6344973346393
        },
        {
          "acoustic_entropy": 13.36666488647461,
          "acoustic_entropy_side": 13.924211502075195,
          "hz": 2020.9991599069049
        },
        {
          "acoustic_entropy": 13.825765609741211,
          "acoustic_entropy_side": 13.785116195678711,
          "hz": 2261.9676141086993
        },
        {
          "acoustic_entropy": 13.589359283447266,
          "acoustic_entropy_side": 13.790299415588379,
          "hz": 2524.2759484456974
        },
        {
          "acoustic_entropy": 13.570029258728027,
          "acoustic_entropy_side": 13.810270309448242,
          "hz": 2809.813997359896
        },
        {
          "acoustic_entropy": 13.887663841247559,
          "acoustic_entropy_side": 13.823650360107422,
          "hz": 3120.6389567871424
        },
        {
          "acoustic_entropy": 13.797602653503418,
          "acoustic_entropy_side": 13.877046585083008,
          "hz": 3458.990205492291
        },
        {
          "acoustic_entropy": 14.168830871582031,
          "acoustic_entropy_side": 13.900630950927734,
          "hz": 3827.305438964164
        },
        {
          "acoustic_entropy": 13.75856876373291,
          "acoustic_entropy_side": 13.873732566833496,
          "hz": 4228.238232109126
        },
        {
          "acoustic_entropy": 13.769009590148926,
          "acoustic_entropy_side": 13.875510215759277,
          "hz": 4664.6771572759235
        },
        {
          "acoustic_entropy": 13.543280601501465,
          "acoustic_entropy_side": 13.876651763916016,
          "hz": 5139.766595350093
        },
        {
          "acoustic_entropy": 13.861676216125488,
          "acoustic_entropy_side": 13.882418632507324,
          "hz": 5656.929389854203
        },
        {
          "acoustic_entropy": 13.82141399383545,
          "acoustic_entropy_side": 13.881744384765625,
          "hz": 6219.891507268283
        },
        {
          "acoustic_entropy": 13.811399459838867,
          "acoustic_entropy_side": 13.852783203125,
          "hz": 6832.70888123896
        },
        {
          "acoustic_entropy": 13.774442672729492,
          "acoustic_entropy_side": 13.86970329284668,
          "hz": 7499.796634079867
        },
        {
          "acoustic_entropy": 13.741110801696777,
          "acoustic_entropy_side": 13.865413665771484,
          "hz": 8225.96088609342
        },
        {
          "acoustic_entropy": 13.560036659240723,
          "acoustic_entropy_side": 13.862532615661621,
          "hz": 9016.43338188839
        },
        {
          "acoustic_entropy": 13.563302993774414,
          "acoustic_entropy_side": 13.882331848144531,
          "hz": 9876.909183162974
        },
        {
          "acoustic_entropy": 13.717103958129883,
          "acoustic_entropy_side": 13.904932022094727,
          "hz": 10813.587699516042
        },
        {
          "acoustic_entropy": 13.829977989196777,
          "acoustic_entropy_side": 13.90224552154541,
          "hz": 11833.21735289826
        },
        {
          "acoustic_entropy": 13.866796493530273,
          "acoustic_entropy_side": 13.901643753051758,
          "hz": 12943.144197493959
        },
        {
          "acoustic_entropy": 13.865168571472168,
          "acoustic_entropy_side": 13.900202751159668,
          "hz": 14151.364845322005
        },
        {
          "acoustic_entropy": 13.876239776611328,
          "acoustic_entropy_side": 13.898589134216309,
          "hz": 15466.58407886509
        },
        {
          "acoustic_entropy": 13.887982368469238,
          "acoustic_entropy_side": 13.898114204406738,
          "hz": 16898.27756580493
        },
        {
          "acoustic_entropy": 13.895256042480469,
          "acoustic_entropy_side": 13.898056983947754,
          "hz": 18456.760127700032
        },
        {
          "acoustic_entropy": 13.897562026977539,
          "acoustic_entropy_side": 13.898049354553223,
          "hz": 20153.260054456492
        },
        {
          "acoustic_entropy": 13.898031234741211,
          "acoustic_entropy_side": 13.89804744720459,
          "hz": 22000.00000000001
        }
      ],
      "diff_acoustic_entropy": 9.353126525878906,
      "sn": 12
    },
    {
      "acoustic_entropy": 20.719409942626953,
      "acoustic_entropy_mono": 19.266613006591797,
      "band_eliminated_acoustic_entropies": [
        {
          "acoustic_entropy": 21.264394760131836,
          "acoustic_entropy_side": 20.70000457763672,
          "hz": 129.47220167065723
        },
        {
          "acoustic_entropy": 21.104001998901367,
          "acoustic_entropy_side": 20.74073600769043,
          "hz": 202.92927478742237
        },
        {
          "acoustic_entropy": 21.632299423217773,
          "acoustic_entropy_side": 21.335681915283203,
          "hz": 282.89161906338205
        },
        {
          "acoustic_entropy": 20.9067325592041,
          "acoustic_entropy_side": 20.946889877319336,
          "hz": 369.9353335868758
        },
        {
          "acoustic_entropy": 20.266069412231445,
          "acoustic_entropy_side": 20.675275802612305,
          "hz": 464.6875360973435
        },
        {
          "acoustic_entropy": 20.07349395751953,
          "acoustic_entropy_side": 20.219493865966797,
          "hz": 567.8308811364784
        },
        {
          "acoustic_entropy": 21.011322021484375,
          "acoustic_entropy_side": 21.565357208251953,
          "hz": 680.1084783214808
        },
        {
          "acoustic_entropy": 20.7841854095459,
          "acoustic_entropy_side": 19.998003005981445,
          "hz": 802.3292461747484
        },
        {
          "acoustic_entropy": 20.484268188476562,
          "acoustic_entropy_side": 21.381025314331055,
          "hz": 935.3737400823702
        },
        {
          "acoustic_entropy": 20.848770141601562,
          "acoustic_entropy_side": 20.29998779296875,
          "hz": 1080.2004963696966
        },
        {
          "acoustic_entropy": 19.87533187866211,
          "acoustic_entropy_side": 20.33693504333496,
          "hz": 1237.8529382007157
        },
        {
          "acoustic_entropy": 20.729761123657227,
          "acoustic_entropy_side": 20.710674285888672,
          "hz": 1409.4668930556702
        },
        {
          "acoustic_entropy": 20.530792236328125,
          "acoustic_entropy_side": 20.720125198364258,
          "hz": 1596.2787759475705
        },
        {
          "acoustic_entropy": 20.480674743652344,
          "acoustic_entropy_side": 20.48905372619629,
          "hz": 1799.6344973346393
        },
        {
          "acoustic_entropy": 19.89280891418457,
          "acoustic_entropy_side": 20.260513305664062,
          "hz": 2020.9991599069049
        },
        {
          "acoustic_entropy": 20.770078659057617,
          "acoustic_entropy_side": 20.738313674926758,
          "hz": 2261.9676141086993
        },
        {
          "acoustic_entropy": 20.873689651489258,
          "acoustic_entropy_side": 20.792339324951172,
          "hz": 2524.2759484456974
        },
        {
          "acoustic_entropy": 21.04090690612793,
          "acoustic_entropy_side": 20.603424072265625,
          "hz": 2809.813997359896
        },
        {
