{
  "acoustic_entropy": 194.11805725097656,
  "bands": [
    {
      "high_freq": 148.1999969482422,
      "loudness": -32.142921447753906,
      "loudness_range": 25.89354133605957,
      "mid_mean": -29.749242782592773,
      "mid_to_side_loudness": -7.059701442718506,
      "mid_to_side_loudness_range": 14.598904609680176,
      "side_mean": -37.275062561035156
    },
    {
      "high_freq": 392.3793640136719,
      "loudness": -27.696195602416992,
      "loudness_range": 11.738914489746094,
      "low_freq": 148.1999969482422,
      "mid_mean": -25.990583419799805,
      "mid_to_side_loudness": -2.8550238609313965,
      "mid_to_side_loudness_range": 8.012227058410645,
      "side_mean": -28.8636417388916
    },
    {
      "high_freq": 794.6976318359375,
      "loudness": -28.478927612304688,
      "loudness_range": 13.666419982910156,
      "low_freq": 392.3793640136719,
      "mid_mean": -26.868864059448242,
      "mid_to_side_loudness": -2.830580711364746,
      "mid_to_side_loudness_range": 9.42379379272461,
      "side_mean": -29.72260856628418
    },
    {
      "high_freq": 1457.5709228515625,
      "loudness": -32.59492111206055,
      "loudness_range": 13.83905029296875,
      "low_freq": 794.6976318359375,
      "mid_mean": -30.63787078857422,
      "mid_to_side_loudness": -3.499201774597168,
      "mid_to_side_loudness_range": 7.327670574188232,
      "side_mean": -34.18368911743164
    },
    {
      "high_freq": 2549.74365234375,
      "loudness": -34.78573989868164,
      "loudness_range": 15.228828430175781,
      "low_freq": 1457.5709228515625,
      "mid_mean": -33.58481216430664,
      "mid_to_side_loudness": -1.5181045532226562,
      "mid_to_side_loudness_range": 5.872945785522461,
      "side_mean": -35.04940414428711
    },
    {
      "high_freq": 4349.24462890625,
      "loudness": -41.49325942993164,
      "loudness_range": 18.78238296508789,
      "low_freq": 2549.74365234375,
      "mid_mean": -40.396976470947266,
      "mid_to_side_loudness": -1.0464918613433838,
      "mid_to_side_loudness_range": 6.232892990112305,
      "side_mean": -41.620849609375
    },
    {
      "high_freq": 7314.1640625,
      "loudness": -51.597007751464844,
      "loudness_range": 24.781604766845703,
      "low_freq": 4349.24462890625,
      "mid_mean": -51.377384185791016,
      "mid_to_side_loudness": -1.0530521869659424,
      "mid_to_side_loudness_range": 4.578227519989014,
      "side_mean": -52.28816223144531
    },
    {
      "high_freq": 12199.2666015625,
      "loudness": -59.144874572753906,
      "loudness_range": 23.746047973632812,
      "low_freq": 7314.1640625,
      "mid_mean": -59.8919677734375,
      "mid_to_side_loudness": -0.48399850726127625,
      "mid_to_side_loudness_range": 3.298187255859375,
      "side_mean": -60.28009796142578
    },
    {
      "loudness": -73.62786865234375,
      "loudness_range": 13.606643676757812,
      "low_freq": 12199.2666015625,
      "mid_mean": -67.35357666015625,
      "mid_to_side_loudness": -1.9159013032913208,
      "mid_to_side_loudness_range": 3.57671856880188,
      "side_mean": -68.13623809814453
    }
  ],
  "bands_short": [
    {
      "high_freq": 148.1999969482422,
      "loudness": -34.09845733642578,
      "loudness_range": 25.292997360229492,
      "mid_mean": -31.529319763183594,
      "mid_to_side_loudness": -7.779269218444824,
      "mid_to_side_loudness_range": 17.62139129638672,
      "side_mean": -41.0091552734375
    },
    {
      "high_freq": 392.3793640136719,
      "loudness": -27.737483978271484,
      "loudness_range": 13.655025482177734,
      "low_freq": 148.1999969482422,
      "mid_mean": -26.11807632446289,
      "mid_to_side_loudness": -2.952483654022217,
      "mid_to_side_loudness_range": 10.174285888671875,
      "side_mean": -29.02936363220215
    },
    {
      "high_freq": 794.6976318359375,
      "loudness": -28.4747257232666,
      "loudness_range": 14.483278274536133,
      "low_freq": 392.3793640136719,
      "mid_mean": -27.0065860748291,
      "mid_to_side_loudness": -2.7243282794952393,
      "mid_to_side_loudness_range": 11.508075714111328,
      "side_mean": -29.76907730102539
    },
    {
      "high_freq": 1457.5709228515625,
      "loudness": -33.08020782470703,
      "loudness_range": 15.511539459228516,
      "low_freq": 794.6976318359375,
      "mid_mean": -31.28241729736328,
      "mid_to_side_loudness": -3.4333739280700684,
      "mid_to_side_loudness_range": 10.104397773742676,
      "side_mean": -34.75206756591797
    },
    {
      "high_freq": 2549.74365234375,
      "loudness": -35.65719223022461,
      "loudness_range": 17.27875518798828,
      "low_freq": 1457.5709228515625,
      "mid_mean": -34.52645492553711,
      "mid_to_side_loudness": -1.6202709674835205,
      "mid_to_side_loudness_range": 8.37401294708252,
      "side_mean": -36.09012222290039
    },
    {
      "high_freq": 4349.24462890625,
      "loudness": -41.26332092285156,
      "loudness_range": 20.075035095214844,
      "low_freq": 2549.74365234375,
      "mid_mean": -40.43791198730469,
      "mid_to_side_loudness": -0.7477094531059265,
      "mid_to_side_loudness_range": 8.747435569763184,
      "side_mean": -41.33354949951172
    },
    {
      "high_freq": 7314.1640625,
      "loudness": -52.079498291015625,
      "loudness_range": 26.21648406982422,
      "low_freq": 4349.24462890625,
      "mid_mean": -52.13203430175781,
      "mid_to_side_loudness": -1.0460060834884644,
      "mid_to_side_loudness_range": 6.482527732849121,
      "side_mean": -53.020042419433594
    },
    {
      "high_freq": 12199.2666015625,
      "loudness": -58.766658782958984,
      "loudness_range": 24.355667114257812,
      "low_freq": 7314.1640625,
      "mid_mean": -60.21998977661133,
      "mid_to_side_loudness": -0.5487020611763,
      "mid_to_side_loudness_range": 4.669365882873535,
      "side_mean": -60.64643096923828
    },
    {
      "loudness": -73.78008270263672,
      "loudness_range": 14.305976867675781,
      "low_freq": 12199.2666015625,
      "mid_mean": -67.39435577392578,
      "mid_to_side_loudness": -1.8585619926452637,
      "mid_to_side_loudness_range": 3.9655165672302246,
      "side_mean": -68.13799285888672
    }
  ],
  "bandwidth": 482.6712951660156,
  "channels": 2,
  "covariance": [
    [
      76.79332733154297,
      71.35166931152344,
      18.985204696655273,
      18.23284339904785,
      12.621908187866211,
      15.959588050842285,
      16.58195686340332,
      18.632568359375,
      20.46900749206543,
      24.992525100708008,
      28.775314331054688,
      29.902299880981445,
      34.22749710083008,
      37.318607330322266,
      26.062702178955078,
      28.574901580810547,
      -0.513267993927002,
      3.4626526832580566
    ],
    [
      71.35166931152344,
      99.56070709228516,
      20.162212371826172,
      21.264644622802734,
      15.676462173461914,
      18.586288452148438,
      20.004077911376953,
      21.7822265625,
      24.765796661376953,
      30.1602725982666,
      34.59444046020508,
      35.981239318847656,
      40.0985221862793,
      43.923309326171875,
      33.52351379394531,
      35.754093170166016,
      1.2664750814437866,
      4.932207107543945
    ],
    [
      18.985204696655273,
      20.162212371826172,
      20.390457153320312,
      15.936331748962402,
      6.6165385246276855,
      6.349987983703613,
      11.513357162475586,
      11.430774688720703,
      14.671666145324707,
      14.06617546081543,
      15.270508766174316,
      15.272729873657227,
      19.003448486328125,
      19.420576095581055,
      13.004385948181152,
      13.044013023376465,
      1.9028631448745728,
      2.165229558944702
    ],
    [
      18.23284339904785,
      21.264644622802734,
      15.936331748962402,
      20.460538864135742,
      6.045170783996582,
      6.560669898986816,
      9.643183708190918,
      10.856099128723145,
      14.53707218170166,
      14.573473930358887,
      15.338541984558105,
      16.728477478027344,
      21.67694664001465,
      22.683095932006836,
      16.84662437438965,
      17.186416625976562,
      2.2058589458465576,
      2.975874423980713
    ],
    [
      12.621908187866211,
      15.676462173461914,
      6.6165385246276855,
      6.045170783996582,
      23.927051544189453,
      16.740510940551758,
      10.331290245056152,
      9.72213363647461,
      10.63375473022461,
      12.300248146057129,
      10.8104248046875,
      13.458524703979492,
      11.167113304138184,
      12.940910339355469,
      5.21714973449707,
      7.505817890167236,
      -1.7758452892303467,
      0.7268082499504089
    ],
    [
      15.959588050842285,
      18.586288452148438,
      6.349987983703613,
      6.560669898986816,
      16.740510940551758,
      21.038511276245117,
      10.95947265625,
      11.282522201538086,
      12.320743560791016,
      15.042201042175293,
      15.625727653503418,
      16.30977439880371,
      16.59744644165039,
      18.654647827148438,
      11.031673431396484,
      13.416313171386719,
      -0.8298013806343079,
      1.4480544328689575
    ],
    [
      16.58195686340332,
      20.004077911376953,
      11.513357162475586,
      9.643183708190918,
      10.331290245056152,
      10.95947265625,
      26.5401668548584,
      20.828168869018555,
      19.527326583862305,
      18.38949966430664,
      21.276458740234375,
      20.262327194213867,
      24.73553466796875,
      23.489139556884766,
      14.730368614196777,
      14.264586448669434,
      2.389387845993042,
      1.9010649919509888
    ],
    [
      18.632568359375,
      21.7822265625,
      11.430774688720703,
      10.856099128723145,
      9.72213363647461,
      11.282522201538086,
      20.828168869018555,
      21.973649978637695,
      20.67713737487793,
      20.01776885986328,
      22.3467960357666,
      22.735645294189453,
      28.747028350830078,
      28.567747116088867,
      20.101516723632812,
      19.684892654418945,
      3.3327813148498535,
      2.7455086708068848
    ],
    [
      20.46900749206543,
      24.765796661376953,
      14.671666145324707,
      14.53707218170166,
      10.63375473022461,
      12.320743560791016,
      19.527326583862305,
      20.67713737487793,
      31.211380004882812,
      27.07085609436035,
      27.211139678955078,
      28.109209060668945,
      37.0574836730957,
      36.98326873779297,
      27.580677032470703,
      26.87895393371582,
      5.261058807373047,
      4.42059850692749
    ],
    [
      24.992525100708008,
      30.1602725982666,
      14.06617546081543,
      14.573473930358887,
      12.300248146057129,
      15.042201042175293,
      18.38949966430664,
      20.01776885986328,
      27.07085609436035,
      29.54873275756836,
      29.499942779541016,
      30.972402572631836,
      38.635772705078125,
      39.61415481567383,
      29.2486515045166,
      29.769649505615234,
      4.015108585357666,
      4.447092056274414
    ],
    [
      28.775314331054688,
      34.59444046020508,
      15.270508766174316,
      15.338541984558105,
      10.8104248046875,
      15.625727653503418,
      21.276458740234375,
      22.3467960357666,
      27.211139678955078,
      29.499942779541016,
      43.77873611450195,
      41.18111801147461,
      48.55079650878906,
      50.13799285888672,
      39.25410842895508,
      39.26642990112305,
      6.562979221343994,
      6.011724472045898
    ],
    [
      29.902299880981445,
      35.981239318847656,
      15.272729873657227,
      16.728477478027344,
      13.458524703979492,
      16.30977439880371,
      20.262327194213867,
      22.735645294189453,
      28.109209060668945,
      30.972402572631836,
      41.18111801147461,
      46.165855407714844,
      51.016414642333984,
      53.817283630371094,
      41.73530960083008,
      42.048892974853516,
      6.497424125671387,
      6.483432292938232
    ],
    [
      34.22749710083008,
      40.0985221862793,
      19.003448486328125,
      21.67694664001465,
      11.167113304138184,
      16.59744644165039,
      24.73553466796875,
      28.747028350830078,
      37.0574836730957,
      38.635772705078125,
      48.55079650878906,
      51.016414642333984,
      77.58605194091797,
      77.76223754882812,
      61.384742736816406,
      60.90626525878906,
      10.545297622680664,
      9.680244445800781
    ],
    [
      37.318607330322266,
      43.923309326171875,
      19.420576095581055,
      22.683095932006836,
      12.940910339355469,
      18.654647827148438,
      23.489139556884766,
      28.567747116088867,
      36.98326873779297,
      39.61415481567383,
      50.13799285888672,
      53.817283630371094,
      77.76223754882812,
      80.4826431274414,
      63.60398483276367,
      63.8298454284668,
      10.42872142791748,
      10.09453010559082
    ],
    [
      26.062702178955078,
      33.52351379394531,
      13.004385948181152,
      16.84662437438965,
      5.21714973449707,
      11.031673431396484,
      14.730368614196777,
      20.101516723632812,
      27.580677032470703,
      29.2486515045166,
      39.25410842895508,
      41.73530960083008,
      61.384742736816406,
      63.60398483276367,
      59.31822967529297,
      57.92938232421875,
      12.278292655944824,
      10.3121919631958
    ],
    [
      28.574901580810547,
      35.754093170166016,
      13.044013023376465,
      17.186416625976562,
      7.505817890167236,
      13.416313171386719,
      14.264586448669434,
      19.684892654418945,
      26.87895393371582,
      29.769649505615234,
      39.26642990112305,
      42.048892974853516,
      60.90626525878906,
      63.8298454284668,
      57.92938232421875,
      58.343196868896484,
      10.480896949768066,
      10.235803604125977
    ],
    [
      -0.513267993927002,
      1.2664750814437866,
      1.9028631448745728,
      2.2058589458465576,
      -1.7758452892303467,
      -0.8298013806343079,
      2.389387845993042,
      3.3327813148498535,
      5.261058807373047,
      4.015108585357666,
      6.562979221343994,
      6.497424125671387,
      10.545297622680664,
      10.42872142791748,
      12.278292655944824,
      10.480896949768066,
      6.474402904510498,
      3.4741387367248535
    ],
    [
      3.4626526832580566,
      4.932207107543945,
      2.165229558944702,
      2.975874423980713,
      0.7268082499504089,
      1.4480544328689575,
      1.9010649919509888,
      2.7455086708068848,
      4.42059850692749,
      4.447092056274414,
      6.011724472045898,
      6.483432292938232,
      9.680244445800781,
      10.09453010559082,
      10.3121919631958,
      10.235803604125977,
      3.4741387367248535,
      3.3265130519866943
    ]
  ],
  "covariance_short": [
    [
      77.79849243164062,
      68.10648345947266,
      21.29584503173828,
      19.764036178588867,
      11.606067657470703,
      13.494577407836914,
      15.319602012634277,
      17.04528045654297,
      20.29207992553711,
      23.56416893005371,
      27.460716247558594,
      27.728113174438477,
      33.372005462646484,
      36.02421569824219,
      26.156259536743164,
      27.522018432617188,
      0.5617484450340271,
      3.5776736736297607
    ],
    [
      68.10648345947266,
      111.99127197265625,
      26.092344284057617,
      29.233787536621094,
      16.007984161376953,
      17.729997634887695,
      17.55500602722168,
      20.602256774902344,
      24.824548721313477,
      30.21916961669922,
      33.987762451171875,
      36.083831787109375,
      41.112884521484375,
      45.54493713378906,
      34.37237548828125,
      36.820980072021484,
      0.32543516159057617,
      5.164658069610596
    ],
    [
      21.29584503173828,
      26.092344284057617,
      26.977767944335938,
      20.182466506958008,
      9.824975967407227,
      9.62574577331543,
      14.092059135437012,
      14.27734088897705,
      17.456584930419922,
      17.531110763549805,
      18.752391815185547,
      18.6532039642334,
      22.07155418395996,
      23.10015296936035,
      15.260635375976562,
      15.419734001159668,
      1.8849455118179321,
      2.3754799365997314
    ],
    [
      19.764036178588867,
      29.233787536621094,
      20.182466506958008,
      27.709440231323242,
      8.754246711730957,
      9.846378326416016,
      11.924835205078125,
      13.909106254577637,
      17.398487091064453,
      18.000694274902344,
      18.483741760253906,
      19.658552169799805,
      24.869577407836914,
      26.493610382080078,
      19.135116577148438,
      19.662294387817383,
      2.2224206924438477,
      3.280086040496826
    ],
    [
      11.606067657470703,
      16.007984161376953,
      9.824975967407227,
      8.754246711730957,
      28.206411361694336,
      17.9595947265625,
      13.845006942749023,
      12.80107593536377,
      14.83891487121582,
      15.486663818359375,
      12.44084644317627,
      16.056241989135742,
      14.205365180969238,
      15.858587265014648,
      6.8602752685546875,
      8.848546981811523,
      -0.9397770762443542,
      1.17011296749115
    ],
    [
      13.494577407836914,
      17.729997634887695,
      9.62574577331543,
      9.846378326416016,
      17.9595947265625,
      23.96737289428711,
      13.019633293151855,
      13.252218246459961,
      14.946792602539062,
      16.944372177124023,
      16.338720321655273,
      17.789133071899414,
      17.91413116455078,
      19.960432052612305,
      11.325095176696777,
      13.50063419342041,
      -0.46758678555488586,
      1.682517647743225
    ],
    [
      15.319602012634277,
      17.55500602722168,
      14.092059135437012,
      11.924835205078125,
      13.845006942749023,
      13.019633293151855,
      33.24998092651367,
      24.367788314819336,
      23.93955421447754,
      22.167922973632812,
      25.464385986328125,
      23.70539665222168,
      29.175710678100586,
      27.680429458618164,
      17.155353546142578,
      16.494182586669922,
      3.2102720737457275,
      2.393369436264038
    ],
    [
      17.04528045654297,
      20.602256774902344,
      14.27734088897705,
      13.909106254577637,
      12.80107593536377,
      13.252218246459961,
      24.367788314819336,
      28.358285903930664,
      24.47022819519043,
      23.576658248901367,
      26.272926330566406,
      26.203500747680664,
      33.034629821777344,
      33.00185775756836,
      22.320070266723633,
      22.01959991455078,
      3.6758711338043213,
      3.1687123775482178
    ],
    [
      20.29207992553711,
      24.824548721313477,
      17.456584930419922,
      17.398487091064453,
      14.83891487121582,
      14.946792602539062,
      23.93955421447754,
      24.47022819519043,
      39.18266677856445,
      32.18967056274414,
      33.28889846801758,
      31.940662384033203,
      42.4578742980957,
      42.09040832519531,
      29.9696044921875,
      29.29781723022461,
      5.997153282165527,
      5.027414321899414
    ],
    [
      23.56416893005371,
      30.21916961669922,
      17.531110763549805,
      18.000694274902344,
      15.486663818359375,
      16.944372177124023,
      22.167922973632812,
      23.576658248901367,
      32.18967056274414,
      36.42757797241211,
      35.05782699584961,
      35.470882415771484,
      43.53015899658203,
      44.8924446105957,
      32.044883728027344,
      32.40127944946289,
      4.828817844390869,
      5.103446006774902
    ],
    [
      27.460716247558594,
      33.987762451171875,
      18.752391815185547,
      18.483741760253906,
      12.44084644317627,
      16.338720321655273,
      25.464385986328125,
      26.272926330566406,
      33.28889846801758,
      35.05782699584961,
      51.7734260559082,
      45.827919006347656,
      55.129913330078125,
      56.33280944824219,
      43.260894775390625,
      42.48725891113281,
      7.963055610656738,
      6.550494194030762
    ],
    [
      27.728113174438477,
      36.083831787109375,
      18.6532039642334,
      19.658552169799805,
      16.056241989135742,
      17.789133071899414,
      23.70539665222168,
      26.203500747680664,
      31.940662384033203,
      35.470882415771484,
      45.827919006347656,
      51.917503356933594,
      55.38887405395508,
      57.75689697265625,
      43.46391296386719,
      43.760704040527344,
      6.816898345947266,
      6.680992126464844
    ],
    [
      33.372005462646484,
      41.112884521484375,
      22.07155418395996,
      24.869577407836914,
      14.205365180969238,
      17.91413116455078,
      29.175710678100586,
      33.034629821777344,
      42.4578742980957,
      43.53015899658203,
      55.129913330078125,
      55.38887405395508,
      86.61514282226562,
      85.5831069946289,
      65.82026672363281,
      65.05854797363281,
      11.747754096984863,
      10.596671104431152
    ],
    [
      36.02421569824219,
      45.54493713378906,
      23.10015296936035,
      26.493610382080078,
      15.858587265014648,
      19.960432052612305,
      27.680429458618164,
      33.00185775756836,
      42.09040832519531,
      44.8924446105957,
      56.33280944824219,
      57.75689697265625,
      85.5831069946289,
      89.59296417236328,
      68.0858154296875,
      68.20928192138672,
      11.394607543945312,
      10.983141899108887
    ],
    [
      26.156259536743164,
      34.37237548828125,
      15.260635375976562,
      19.135116577148438,
      6.8602752685546875,
      11.325095176696777,
      17.155353546142578,
      22.320070266723633,
      29.9696044921875,
      32.044883728027344,
      43.260894775390625,
      43.46391296386719,
      65.82026672363281,
      68.0858154296875,
      61.979679107666016,
      59.93710708618164,
      12.919449806213379,
      10.823432922363281
    ],
    [
      27.522018432617188,
      36.820980072021484,
      15.419734001159668,
      19.662294387817383,
      8.848546981811523,
      13.50063419342041,
      16.494182586669922,
      22.01959991455078,
      29.29781723022461,
      32.40127944946289,
      42.48725891113281,
      43.760704040527344,
      65.05854797363281,
      68.20928192138672,
      59.93710708618164,
      60.68750762939453,
      11.063689231872559,
      10.744769096374512
    ],
    [
      0.5617484450340271,
      0.32543516159057617,
      1.8849455118179321,
      2.2224206924438477,
      -0.9397770762443542,
      -0.46758678555488586,
      3.2102720737457275,
      3.6758711338043213,
      5.997153282165527,
      4.828817844390869,
      7.963055610656738,
      6.816898345947266,
      11.747754096984863,
      11.394607543945312,
      12.919449806213379,
      11.063689231872559,
      6.78225564956665,
      3.7198069095611572
    ],
    [
      3.5776736736297607,
      5.164658069610596,
      2.3754799365997314,
      3.280086040496826,
      1.17011296749115,
      1.682517647743225,
      2.393369436264038,
      3.1687123775482178,
      5.027414321899414,
      5.103446006774902,
      6.550494194030762,
      6.680992126464844,
      10.596671104431152,
      10.983141899108887,
      10.823432922363281,
      10.744769096374512,
      3.7198069095611572,
      3.6082446575164795
    ]
  ],
  "damage": -12.480891227722168,
  "diff_bandwidth": 535.2074584960938,
  "dissonance": 4.955961553516931,
  "drr": 14.8587064743042,
  "dynamics": 3.606098175048828,
  "format": 1245190,
  "frames": 11490240,
  "loudness": -18.891550064086914,
  "loudness_range": 9.985699653625488,
  "loudness_range_short": 11.835071563720703,
  "lowpass_true_peak_15khz": -0.16747954487800598,
  "mastering3_acoustic_entropies": [
    {
      "acoustic_entropy": 7.309125900268555,
      "acoustic_entropy_mono": 6.536468029022217,
      "band_eliminated_acoustic_entropies": [
        {
          "acoustic_entropy": 7.076476573944092,
          "acoustic_entropy_side": 7.362768173217773,
          "hz": 129.47220167065723
        },
        {
          "acoustic_entropy": 6.522634029388428,
          "acoustic_entropy_side": 7.060971260070801,
          "hz": 202.92927478742237
        },
        {
          "acoustic_entropy": 6.851391315460205,
          "acoustic_entropy_side": 7.029201984405518,
          "hz": 282.89161906338205
        },
        {
          "acoustic_entropy": 7.315357208251953,
          "acoustic_entropy_side": 6.611917495727539,
          "hz": 369.9353335868758
        },
        {
          "acoustic_entropy": 7.3636698722839355,
          "acoustic_entropy_side": 6.9614715576171875,
          "hz": 464.6875360973435
        },
        {
          "acoustic_entropy": 6.056100845336914,
          "acoustic_entropy_side": 7.123528003692627,
          "hz": 567.8308811364784
        },
        {
          "acoustic_entropy": 7.18479061126709,
          "acoustic_entropy_side": 7.862528324127197,
          "hz": 680.1084783214808
        },
        {
          "acoustic_entropy": 7.494102954864502,
          "acoustic_entropy_side": 7.290760040283203,
          "hz": 802.3292461747484
        },
        {
          "acoustic_entropy": 7.1050705909729,
          "acoustic_entropy_side": 7.312211513519287,
          "hz": 935.3737400823702
        },
        {
          "acoustic_entropy": 6.359714508056641,
          "acoustic_entropy_side": 7.25541353225708,
          "hz": 1080.2004963696966
        },
        {
          "acoustic_entropy": 6.99528694152832,
          "acoustic_entropy_side": 7.228002071380615,
          "hz": 1237.8529382007157
        },
        {
          "acoustic_entropy": 7.238161087036133,
          "acoustic_entropy_side": 7.244926929473877,
          "hz": 1409.4668930556702
        },
        {
          "acoustic_entropy": 7.347686290740967,
          "acoustic_entropy_side": 7.16953182220459,
          "hz": 1596.2787759475705
        },
        {
          "acoustic_entropy": 7.15164041519165,
          "acoustic_entropy_side": 7.316464424133301,
          "hz": 1799.6344973346393
        },
        {
          "acoustic_entropy": 7.198944568634033,
          "acoustic_entropy_side": 7.240030288696289,
          "hz": 2020.9991599069049
        },
        {
          "acoustic_entropy": 6.987215518951416,
          "acoustic_entropy_side": 7.230800151824951,
          "hz": 2261.9676141086993
        },
        {
          "acoustic_entropy": 7.528648376464844,
          "acoustic_entropy_side": 7.641400337219238,
          "hz": 2524.2759484456974
        },
        {
          "acoustic_entropy": 7.174344062805176,
          "acoustic_entropy_side": 7.10037088394165,
          "hz": 2809.813997359896
        },
        {
          "acoustic_entropy": 7.684032917022705,
          "acoustic_entropy_side": 7.5318217277526855,
          "hz": 3120.6389567871424
        },
        {
          "acoustic_entropy": 7.577828884124756,
          "acoustic_entropy_side": 7.4731364250183105,
          "hz": 3458.990205492291
        },
        {
          "acoustic_entropy": 7.420984268188477,
          "acoustic_entropy_side": 7.369335651397705,
          "hz": 3827.305438964164
        },
        {
          "acoustic_entropy": 7.4736762046813965,
          "acoustic_entropy_side": 7.377395153045654,
          "hz": 4228.238232109126
        },
        {
          "acoustic_entropy": 7.34244441986084,
          "acoustic_entropy_side": 7.331293106079102,
          "hz": 4664.6771572759235
        },
        {
          "acoustic_entropy": 7.366462230682373,
          "acoustic_entropy_side": 7.34325647354126,
          "hz": 5139.766595350093
        },
        {
          "acoustic_entropy": 7.33942985534668,
          "acoustic_entropy_side": 7.326542854309082,
          "hz": 5656.929389854203
        },
        {
          "acoustic_entropy": 7.323305130004883,
          "acoustic_entropy_side": 7.315948963165283,
          "hz": 6219.891507268283
        },
        {
          "acoustic_entropy": 7.321065425872803,
          "acoustic_entropy_side": 7.315333843231201,
          "hz": 6832.70888123896
        },
        {
          "acoustic_entropy": 7.312618255615234,
          "acoustic_entropy_side": 7.310811996459961,
          "hz": 7499.796634079867
        },
        {
          "acoustic_entropy": 7.316641807556152,
          "acoustic_entropy_side": 7.312556743621826,
          "hz": 8225.96088609342
        },
        {
          "acoustic_entropy": 7.309840679168701,
          "acoustic_entropy_side": 7.3094916343688965,
          "hz": 9016.43338188839
        },
        {
          "acoustic_entropy": 7.3103108406066895,
          "acoustic_entropy_side": 7.309744358062744,
          "hz": 9876.909183162974
        },
        {
          "acoustic_entropy": 7.309345245361328,
          "acoustic_entropy_side": 7.309245586395264,
          "hz": 10813.587699516042
        },
        {
          "acoustic_entropy": 7.309184551239014,
          "acoustic_entropy_side": 7.30916166305542,
          "hz": 11833.21735289826
        },
        {
          "acoustic_entropy": 7.3090996742248535,
          "acoustic_entropy_side": 7.3091206550598145,
          "hz": 12943.144197493959
        },
        {
          "acoustic_entropy": 7.309116363525391,
          "acoustic_entropy_side": 7.309123992919922,
          "hz": 14151.364845322005
        },
        {
          "acoustic_entropy": 7.309122562408447,
          "acoustic_entropy_side": 7.309125900268555,
          "hz": 15466.58407886509
        },
        {
          "acoustic_entropy": 7.3091254234313965,
          "acoustic_entropy_side": 7.309125900268555,
          "hz": 16898.27756580493
        },
        {
          "acoustic_entropy": 7.3091254234313965,
          "acoustic_entropy_side": 7.309125900268555,
          "hz": 18456.760127700032
        },
        {
          "acoustic_entropy": 7.309125900268555,
          "acoustic_entropy_side": 7.309125900268555,
          "hz": 20153.260054456492
        },
        {
          "acoustic_entropy": 7.309125900268555,
          "acoustic_entropy_side": 7.309125900268555,
          "hz": 22000.00000000001
        }
      ],
      "diff_acoustic_entropy": 4.6291728019714355,
      "sn": 6
    },
    {
      "acoustic_entropy": 11.045714378356934,
      "acoustic_entropy_mono": 10.670927047729492,
      "band_eliminated_acoustic_entropies": [
        {
          "acoustic_entropy": 10.971556663513184,
          "acoustic_entropy_side": 10.939611434936523,
          "hz": 129.47220167065723
        },
        {
          "acoustic_entropy": 11.495104789733887,
          "acoustic_entropy_side": 11.390673637390137,
          "hz": 202.92927478742237
        },
        {
          "acoustic_entropy": 11.464557647705078,
          "acoustic_entropy_side": 11.146963119506836,
          "hz": 282.89161906338205
        },
        {
          "acoustic_entropy": 11.264967918395996,
          "acoustic_entropy_side": 11.295413970947266,
          "hz": 369.9353335868758
        },
        {
          "acoustic_entropy": 12.555201530456543,
          "acoustic_entropy_side": 11.481276512145996,
          "hz": 464.6875360973435
        },
        {
          "acoustic_entropy": 11.262978553771973,
          "acoustic_entropy_side": 11.467884063720703,
          "hz": 567.8308811364784
        },
        {
          "acoustic_entropy": 11.8674955368042,
          "acoustic_entropy_side": 11.680170059204102,
          "hz": 680.1084783214808
        },
        {
          "acoustic_entropy": 11.186753273010254,
          "acoustic_entropy_side": 11.116774559020996,
          "hz": 802.3292461747484
        },
        {
          "acoustic_entropy": 11.006120681762695,
          "acoustic_entropy_side": 11.321306228637695,
          "hz": 935.3737400823702
        },
        {
          "acoustic_entropy": 11.830402374267578,
          "acoustic_entropy_side": 10.774507522583008,
          "hz": 1080.2004963696966
        },
        {
          "acoustic_entropy": 12.225090980529785,
          "acoustic_entropy_side": 11.421611785888672,
          "hz": 1237.8529382007157
        },
        {
          "acoustic_entropy": 11.433941841125488,
          "acoustic_entropy_side": 11.425528526306152,
          "hz": 1409.4668930556702
        },
        {
          "acoustic_entropy": 11.155730247497559,
          "acoustic_entropy_side": 11.388288497924805,
          "hz": 1596.2787759475705
        },
        {
          "acoustic_entropy": 11.747124671936035,
          "acoustic_entropy_side": 11.487735748291016,
          "hz": 1799.6344973346393
        },
        {
          "acoustic_entropy": 11.603023529052734,
          "acoustic_entropy_side": 11.190973281860352,
          "hz": 2020.9991599069049
        },
        {
          "acoustic_entropy": 11.319747924804688,
          "acoustic_entropy_side": 11.075004577636719,
          "hz": 2261.9676141086993
        },
        {
          "acoustic_entropy": 11.919633865356445,
          "acoustic_entropy_side": 11.707347869873047,
          "hz": 2524.2759484456974
        },
        {
          "acoustic_entropy": 10.577367782592773,
          "acoustic_entropy_side": 10.981083869934082,
          "hz": 2809.813997359896
        },
        {
          "acoustic_entropy": 11.462410926818848,
          "acoustic_entropy_side": 11.304494857788086,
          "hz": 3120.6389567871424
        },
        {
          "acoustic_entropy": 11.598591804504395,
          "acoustic_entropy_side": 11.44525146484375,
          "hz": 3458.990205492291
        },
        {
          "acoustic_entropy": 11.707523345947266,
          "acoustic_entropy_side": 11.483670234680176,
          "hz": 3827.305438964164
        },
        {
          "acoustic_entropy": 11.533689498901367,
          "acoustic_entropy_side": 11.388711929321289,
          "hz": 4228.238232109126
        },
        {
          "acoustic_entropy": 11.046075820922852,
          "acoustic_entropy_side": 11.050718307495117,
          "hz": 4664.6771572759235
        },
        {
          "acoustic_entropy": 11.023125648498535,
          "acoustic_entropy_side": 11.034164428710938,
          "hz": 5139.766595350093
        },
        {
          "acoustic_entropy": 11.139236450195312,
          "acoustic_entropy_side": 11.096177101135254,
          "hz": 5656.929389854203
        },
        {
          "acoustic_entropy": 11.083686828613281,
          "acoustic_entropy_side": 11.053653717041016,
          "hz": 6219.891507268283
        },
        {
          "acoustic_entropy": 11.050058364868164,
          "acoustic_entropy_side": 11.042290687561035,
          "hz": 6832.70888123896
        },
        {
          "acoustic_entropy": 11.061518669128418,
          "acoustic_entropy_side": 11.053736686706543,
          "hz": 7499.796634079867
        },
        {
          "acoustic_entropy": 11.032204627990723,
          "acoustic_entropy_side": 11.039443016052246,
          "hz": 8225.96088609342
        },
        {
          "acoustic_entropy": 11.050355911254883,
          "acoustic_entropy_side": 11.047739028930664,
          "hz": 9016.43338188839
        },
        {
          "acoustic_entropy": 11.041844367980957,
          "acoustic_entropy_side": 11.043333053588867,
          "hz": 9876.909183162974
        },
        {
          "acoustic_entropy": 11.046294212341309,
          "acoustic_entropy_side": 11.045928001403809,
          "hz": 10813.587699516042
        },
        {
          "acoustic_entropy": 11.045430183410645,
          "acoustic_entropy_side": 11.045531272888184,
          "hz": 11833.21735289826
        },
        {
          "acoustic_entropy": 11.045690536499023,
          "acoustic_entropy_side": 11.045676231384277,
          "hz": 12943.144197493959
        },
        {
          "acoustic_entropy": 11.045761108398438,
          "acoustic_entropy_side": 11.045719146728516,
          "hz": 14151.364845322005
        },
        {
          "acoustic_entropy": 11.045738220214844,
          "acoustic_entropy_side": 11.045722007751465,
          "hz": 15466.58407886509
        },
        {
          "acoustic_entropy": 11.045732498168945,
          "acoustic_entropy_side": 11.0457181930542,
          "hz": 16898.27756580493
        },
        {
          "acoustic_entropy": 11.045717239379883,
          "acoustic_entropy_side": 11.04571533203125,
          "hz": 18456.760127700032
        },
        {
          "acoustic_entropy": 11.045717239379883,
          "acoustic_entropy_side": 11.04571533203125,
          "hz": 20153.260054456492
        },
        {
          "acoustic_entropy": 11.04571533203125,
          "acoustic_entropy_side": 11.045714378356934,
          "hz": 22000.00000000001
        }
      ],
      "diff_acoustic_entropy": 7.5491838455200195,
      "sn": 12
    },
    {
      "acoustic_entropy": 17.01280403137207,
      "acoustic_entropy_mono": 16.625532150268555,
      "band_eliminated_acoustic_entropies": [
        {
          "acoustic_entropy": 16.908445358276367,
          "acoustic_entropy_side": 17.169471740722656,
          "hz": 129.47220167065723
        },
        {
          "acoustic_entropy": 17.722501754760742,
          "acoustic_entropy_side": 16.86644744873047,
          "hz": 202.92927478742237
        },
        {
          "acoustic_entropy": 17.5723934173584,
          "acoustic_entropy_side": 17.50006866455078,
          "hz": 282.89161906338205
        },
        {
          "acoustic_entropy": 16.584999084472656,
          "acoustic_entropy_side": 17.229415893554688,
          "hz": 369.9353335868758
        },
        {
          "acoustic_entropy": 17.270090103149414,
          "acoustic_entropy_side": 17.48692512512207,
          "hz": 464.6875360973435
        },
        {
          "acoustic_entropy": 17.79021453857422,
          "acoustic_entropy_side": 17.570688247680664,
          "hz": 567.8308811364784
        },
        {
          "acoustic_entropy": 17.85047149658203,
          "acoustic_entropy_side": 17.870994567871094,
          "hz": 680.1084783214808
        },
        {
          "acoustic_entropy": 16.894515991210938,
          "acoustic_entropy_side": 16.678016662597656,
          "hz": 802.3292461747484
        },
        {
          "acoustic_entropy": 17.148984909057617,
          "acoustic_entropy_side": 17.794546127319336,
          "hz": 935.3737400823702
        },
        {
          "acoustic_entropy": 17.59446144104004,
          "acoustic_entropy_side": 17.302846908569336,
          "hz": 1080.2004963696966
        },
        {
          "acoustic_entropy": 16.58450698852539,
          "acoustic_entropy_side": 16.948816299438477,
          "hz": 1237.8529382007157
        },
        {
          "acoustic_entropy": 17.52430534362793,
          "acoustic_entropy_side": 16.730985641479492,
          "hz": 1409.4668930556702
        },
        {
          "acoustic_entropy": 17.197481155395508,
          "acoustic_entropy_side": 16.700828552246094,
          "hz": 1596.2787759475705
        },
        {
          "acoustic_entropy": 17.83228302001953,
          "acoustic_entropy_side": 17.411231994628906,
          "hz": 1799.6344973346393
        },
        {
          "acoustic_entropy": 16.475299835205078,
          "acoustic_entropy_side": 17.143352508544922,
          "hz": 2020.9991599069049
        },
        {
          "acoustic_entropy": 17.13377571105957,
          "acoustic_entropy_side": 16.382688522338867,
          "hz": 2261.9676141086993
        },
        {
          "acoustic_entropy": 16.571081161499023,
          "acoustic_entropy_side": 16.970561981201172,
          "hz": 2524.2759484456974
        },
        {
          "acoustic_entropy": 17.28656768798828,
          "acoustic_entropy_side": 17.155614852905273,
          "hz": 2809.813997359896
        },
        {
          "acoustic_entropy": 17.009441375732422,
