{
  "acoustic_entropy": 122.11005401611328,
  "bands": [
    {
      "high_freq": 148.1999969482422,
      "loudness": -55.53445053100586,
      "loudness_range": 21.101600646972656,
      "mid_mean": -54.275665283203125,
      "mid_to_side_loudness": -5.1242194175720215,
      "mid_to_side_loudness_range": 14.194933891296387,
      "side_mean": -58.43966293334961
    },
    {
      "high_freq": 392.3793640136719,
      "loudness": -39.22358322143555,
      "loudness_range": 17.335268020629883,
      "low_freq": 148.1999969482422,
      "mid_mean": -37.23409652709961,
      "mid_to_side_loudness": -4.241067886352539,
      "mid_to_side_loudness_range": 9.669477462768555,
      "side_mean": -41.527626037597656
    },
    {
      "high_freq": 794.6976318359375,
      "loudness": -37.57489776611328,
      "loudness_range": 16.781246185302734,
      "low_freq": 392.3793640136719,
      "mid_mean": -35.785614013671875,
      "mid_to_side_loudness": -3.9515252113342285,
      "mid_to_side_loudness_range": 9.688461303710938,
      "side_mean": -40.288719177246094
    },
    {
      "high_freq": 1457.5709228515625,
      "loudness": -48.124664306640625,
      "loudness_range": 19.30779266357422,
      "low_freq": 794.6976318359375,
      "mid_mean": -47.74354553222656,
      "mid_to_side_loudness": -1.257986307144165,
      "mid_to_side_loudness_range": 8.369579315185547,
      "side_mean": -50.546730041503906
    },
    {
      "high_freq": 2549.74365234375,
      "loudness": -54.038333892822266,
      "loudness_range": 19.142902374267578,
      "low_freq": 1457.5709228515625,
      "mid_mean": -55.20213317871094,
      "mid_to_side_loudness": -0.44299206137657166,
      "mid_to_side_loudness_range": 7.9480204582214355,
      "side_mean": -55.53912353515625
    },
    {
      "high_freq": 4349.24462890625,
      "loudness": -67.65602111816406,
      "loudness_range": 23.769817352294922,
      "low_freq": 2549.74365234375,
      "mid_mean": -64.87509155273438,
      "mid_to_side_loudness": -1.7017433643341064,
      "mid_to_side_loudness_range": 9.260174751281738,
      "side_mean": -65.83990478515625
    },
    {
      "high_freq": 7314.1640625,
      "loudness": -79.47574615478516,
      "loudness_range": 18.529869079589844,
      "low_freq": 4349.24462890625,
      "mid_mean": -69.38379669189453,
      "mid_to_side_loudness": -1.9750415086746216,
      "mid_to_side_loudness_range": 4.446465015411377,
      "side_mean": -69.63085174560547
    },
    {
      "high_freq": 12199.2666015625,
      "loudness": 0,
      "loudness_range": 0,
      "low_freq": 7314.1640625,
      "mid_mean": -69.95597839355469,
      "mid_to_side_loudness": -0.9879432320594788,
      "mid_to_side_loudness_range": 1.2697631120681763,
      "side_mean": -69.96637725830078
    },
    {
      "loudness": 0,
      "loudness_range": 0,
      "low_freq": 12199.2666015625,
      "mid_mean": -69.97480010986328,
      "mid_to_side_loudness": -2.6254544258117676,
      "mid_to_side_loudness_range": 1.3350577354431152,
      "side_mean": -69.98623657226562
    }
  ],
  "bands_short": [
    {
      "high_freq": 148.1999969482422,
      "loudness": -60.50868606567383,
      "loudness_range": 22.63214874267578,
      "mid_mean": -58.12494659423828,
      "mid_to_side_loudness": -7.009470462799072,
      "mid_to_side_loudness_range": 17.270038604736328,
      "side_mean": -63.277191162109375
    },
    {
      "high_freq": 392.3793640136719,
      "loudness": -39.6806755065918,
      "loudness_range": 18.16801643371582,
      "low_freq": 148.1999969482422,
      "mid_mean": -37.98087692260742,
      "mid_to_side_loudness": -3.768385648727417,
      "mid_to_side_loudness_range": 11.690553665161133,
      "side_mean": -41.78981399536133
    },
    {
      "high_freq": 794.6976318359375,
      "loudness": -37.96965408325195,
      "loudness_range": 17.792646408081055,
      "low_freq": 392.3793640136719,
      "mid_mean": -36.192134857177734,
      "mid_to_side_loudness": -4.117058277130127,
      "mid_to_side_loudness_range": 11.689324378967285,
      "side_mean": -40.86798095703125
    },
    {
      "high_freq": 1457.5709228515625,
      "loudness": -47.30496597290039,
      "loudness_range": 18.345401763916016,
      "low_freq": 794.6976318359375,
      "mid_mean": -46.64015197753906,
      "mid_to_side_loudness": -1.8686829805374146,
      "mid_to_side_loudness_range": 10.291790962219238,
      "side_mean": -50.281558990478516
    },
    {
      "high_freq": 2549.74365234375,
      "loudness": -54.813941955566406,
      "loudness_range": 20.58377456665039,
      "low_freq": 1457.5709228515625,
      "mid_mean": -55.94049072265625,
      "mid_to_side_loudness": -0.48744314908981323,
      "mid_to_side_loudness_range": 9.83145523071289,
      "side_mean": -56.29179000854492
    },
    {
      "high_freq": 4349.24462890625,
      "loudness": -68.44021606445312,
      "loudness_range": 24.531429290771484,
      "low_freq": 2549.74365234375,
      "mid_mean": -65.31329345703125,
      "mid_to_side_loudness": -1.8562195301055908,
      "mid_to_side_loudness_range": 10.637831687927246,
      "side_mean": -66.23753356933594
    },
    {
      "high_freq": 7314.1640625,
      "loudness": -78.96874237060547,
      "loudness_range": 18.258575439453125,
      "low_freq": 4349.24462890625,
      "mid_mean": -69.4106674194336,
      "mid_to_side_loudness": -1.8711802959442139,
      "mid_to_side_loudness_range": 5.819786548614502,
      "side_mean": -69.64064025878906
    },
    {
      "high_freq": 12199.2666015625,
      "loudness": 0,
      "loudness_range": 0,
      "low_freq": 7314.1640625,
      "mid_mean": -69.95581817626953,
      "mid_to_side_loudness": -0.9199719429016113,
      "mid_to_side_loudness_range": 2.175189971923828,
      "side_mean": -69.96632385253906
    },
    {
      "loudness": 0,
      "loudness_range": 0,
      "low_freq": 12199.2666015625,
      "mid_mean": -69.97456359863281,
      "mid_to_side_loudness": -2.6388139724731445,
      "mid_to_side_loudness_range": 3.334613084793091,
      "side_mean": -69.98605346679688
    }
  ],
  "bandwidth": 564.2032470703125,
  "channels": 2,
  "covariance": [
    [
      62.941688537597656,
      56.18015670776367,
      18.4848575592041,
      16.3521671295166,
      1.261501669883728,
      -0.3560250699520111,
      6.848476886749268,
      29.940237045288086,
      26.385637283325195,
      24.737815856933594,
      8.647607803344727,
      7.333889007568359,
      2.508512258529663,
      1.4954240322113037,
      0.06378167867660522,
      0.04679429531097412,
      0.02610865794122219,
      0.012783386744558811
    ],
    [
      56.18015670776367,
      68.54833221435547,
      13.751946449279785,
      12.41172981262207,
      -8.173521995544434,
      -12.149714469909668,
      0.24598489701747894,
      16.966968536376953,
      13.765368461608887,
      10.812782287597656,
      0.7545368075370789,
      1.627048373222351,
      1.7437705993652344,
      1.1216325759887695,
      0.03735532984137535,
      0.028098925948143005,
      0.017511537298560143,
      0.008221729658544064
    ],
    [
      18.4848575592041,
      13.751946449279785,
      45.758705139160156,
      37.67321014404297,
      18.919118881225586,
      25.477359771728516,
      35.30531311035156,
      33.89803695678711,
      35.95210647583008,
      35.1868896484375,
      16.596742630004883,
      14.235566139221191,
      3.6578688621520996,
      2.2314608097076416,
      0.05453423783183098,
      0.0390457883477211,
      0.01035273913294077,
      0.005779892671853304
    ],
    [
      16.3521671295166,
      12.41172981262207,
      37.67321014404297,
      40.784828186035156,
      15.141008377075195,
      21.128231048583984,
      30.05473518371582,
      29.459928512573242,
      30.12544059753418,
      29.58218002319336,
      13.267560005187988,
      11.924128532409668,
      3.1747782230377197,
      2.0240426063537598,
      0.04357345402240753,
      0.03139527142047882,
      0.008493686094880104,
      0.004841281566768885
    ],
    [
      1.261501669883728,
      -8.173521995544434,
      18.919118881225586,
      15.141008377075195,
      41.89183044433594,
      38.2201042175293,
      30.3101863861084,
      28.544389724731445,
      35.24311065673828,
      36.89565658569336,
      26.724151611328125,
      20.446876525878906,
      4.413523197174072,
      2.585996150970459,
      0.09201893955469131,
      0.0523674339056015,
      0.01279170997440815,
      0.007252398878335953
    ],
    [
      -0.3560250699520111,
      -12.149714469909668,
      25.477359771728516,
      21.128231048583984,
      38.2201042175293,
      52.051544189453125,
      41.589454650878906,
      38.964935302734375,
      40.522830963134766,
      44.018516540527344,
      30.614778518676758,
      24.192113876342773,
      4.350865364074707,
      2.6846365928649902,
      0.1008644625544548,
      0.058159396052360535,
      0.015429878607392311,
      0.008488910272717476
    ],
    [
      6.848476886749268,
      0.24598489701747894,
      35.30531311035156,
      30.05473518371582,
      30.3101863861084,
      41.589454650878906,
      61.73103713989258,
      53.72332000732422,
      47.93701171875,
      48.70849609375,
      31.814598083496094,
      25.664976119995117,
      5.327955722808838,
      3.516960859298706,
      0.13488106429576874,
      0.08452752232551575,
      0.018616966903209686,
      0.010196803137660027
    ],
    [
      29.940237045288086,
      16.966968536376953,
      33.89803695678711,
      29.459928512573242,
      28.544389724731445,
      38.964935302734375,
      53.72332000732422,
      80.71724700927734,
      66.09423828125,
      66.05007934570312,
      34.91511917114258,
      28.70697021484375,
      5.16915225982666,
      3.3248064517974854,
      0.17067258059978485,
      0.11475113034248352,
      0.04301558434963226,
      0.022036483511328697
    ],
    [
      26.385637283325195,
      13.765368461608887,
      35.95210647583008,
      30.12544059753418,
      35.24311065673828,
      40.522830963134766,
      47.93701171875,
      66.09423828125,
      67.26102447509766,
      65.54930877685547,
      35.98644256591797,
      29.861894607543945,
      6.178447246551514,
      3.7861108779907227,
      0.15968839824199677,
      0.10258106142282486,
      0.03676479309797287,
      0.01901957206428051
    ],
    [
      24.737815856933594,
      10.812782287597656,
      35.1868896484375,
      29.58218002319336,
      36.89565658569336,
      44.018516540527344,
      48.70849609375,
      66.05007934570312,
      65.54930877685547,
      70.05972290039062,
      38.181034088134766,
      30.67609405517578,
      6.166097640991211,
      3.6716721057891846,
      0.1645277589559555,
      0.10156450420618057,
      0.03637481480836868,
      0.018798092380166054
    ],
    [
      8.647607803344727,
      0.7545368075370789,
      16.596742630004883,
      13.267560005187988,
      26.724151611328125,
      30.614778518676758,
      31.814598083496094,
      34.91511917114258,
      35.98644256591797,
      38.181034088134766,
      33.383392333984375,
      24.312557220458984,
      5.053325653076172,
      3.1858739852905273,
      0.1183161661028862,
      0.06937245279550552,
      0.01855260692536831,
      0.009518342092633247
    ],
    [
      7.333889007568359,
      1.627048373222351,
      14.235566139221191,
      11.924128532409668,
      20.446876525878906,
      24.192113876342773,
      25.664976119995117,
      28.70697021484375,
      29.861894607543945,
      30.67609405517578,
      24.312557220458984,
      20.900066375732422,
      4.0524725914001465,
      2.6911301612854004,
      0.09922961890697479,
      0.05891403928399086,
      0.015251078642904758,
      0.007721936795860529
    ],
    [
      2.508512258529663,
      1.7437705993652344,
      3.6578688621520996,
      3.1747782230377197,
      4.413523197174072,
      4.350865364074707,
      5.327955722808838,
      5.16915225982666,
      6.178447246551514,
      6.166097640991211,
      5.053325653076172,
      4.0524725914001465,
      1.8477628231048584,
      1.1194112300872803,
      0.031287360936403275,
      0.019870398566126823,
      0.003571457928046584,
      0.0019268504111096263
    ],
    [
      1.4954240322113037,
      1.1216325759887695,
      2.2314608097076416,
      2.0240426063537598,
      2.585996150970459,
      2.6846365928649902,
      3.516960859298706,
      3.3248064517974854,
      3.7861108779907227,
      3.6716721057891846,
      3.1858739852905273,
      2.6911301612854004,
      1.1194112300872803,
      0.7965717315673828,
      0.022819550707936287,
      0.01455539558082819,
      0.0023133743088692427,
      0.0012385001173242927
    ],
    [
      0.06378167867660522,
      0.03735532984137535,
      0.05453423783183098,
      0.04357345402240753,
      0.09201893955469131,
      0.1008644625544548,
      0.13488106429576874,
      0.17067258059978485,
      0.15968839824199677,
      0.1645277589559555,
      0.1183161661028862,
      0.09922961890697479,
      0.031287360936403275,
      0.022819550707936287,
      0.0014874263433739543,
      0.000778541318140924,
      0.0001538099313620478,
      8.024515409488231e-05
    ],
    [
      0.04679429531097412,
      0.028098925948143005,
      0.0390457883477211,
      0.03139527142047882,
      0.0523674339056015,
      0.058159396052360535,
      0.08452752232551575,
      0.11475113034248352,
      0.10258106142282486,
      0.10156450420618057,
      0.06937245279550552,
      0.05891403928399086,
      0.019870398566126823,
      0.01455539558082819,
      0.000778541318140924,
      0.0005881143733859062,
      0.00011310110858175904,
      6.179141200846061e-05
    ],
    [
      0.02610865794122219,
      0.017511537298560143,
      0.01035273913294077,
      0.008493686094880104,
      0.01279170997440815,
      0.015429878607392311,
      0.018616966903209686,
      0.04301558434963226,
      0.03676479309797287,
      0.03637481480836868,
      0.01855260692536831,
      0.015251078642904758,
      0.003571457928046584,
      0.0023133743088692427,
      0.0001538099313620478,
      0.00011310110858175904,
      5.459571912069805e-05,
      2.8572854716912843e-05
    ],
    [
      0.012783386744558811,
      0.008221729658544064,
      0.005779892671853304,
      0.004841281566768885,
      0.007252398878335953,
      0.008488910272717476,
      0.010196803137660027,
      0.022036483511328697,
      0.01901957206428051,
      0.018798092380166054,
      0.009518342092633247,
      0.007721936795860529,
      0.0019268504111096263,
      0.0012385001173242927,
      8.024515409488231e-05,
      6.179141200846061e-05,
      2.8572854716912843e-05,
      1.702358349575661e-05
    ]
  ],
  "covariance_short": [
    [
      53.253665924072266,
      29.28731346130371,
      20.10446548461914,
      17.037994384765625,
      6.5874481201171875,
      7.838278770446777,
      10.066438674926758,
      28.981674194335938,
      25.52259063720703,
      24.689847946166992,
      10.080411911010742,
      8.457634925842285,
      2.160029172897339,
      1.3770474195480347,
      0.06799731403589249,
      0.04712890833616257,
      0.020518241450190544,
      0.010117636062204838
    ],
    [
      29.28731346130371,
      33.109535217285156,
      13.610939025878906,
      13.71157169342041,
      -1.3176113367080688,
      -2.669806718826294,
      0.5853864550590515,
      12.02871036529541,
      10.499197959899902,
      9.128066062927246,
      2.0278310775756836,
      1.8573839664459229,
      0.9557254910469055,
      0.6425943374633789,
      0.026465987786650658,
      0.01884552836418152,
      0.010456434451043606,
      0.004903838969767094
    ],
    [
      20.10446548461914,
      13.610939025878906,
      49.429786682128906,
      36.74983596801758,
      20.361995697021484,
      24.543277740478516,
      27.140338897705078,
      29.357149124145508,
      33.82322311401367,
      33.367218017578125,
      15.670711517333984,
      13.444134712219238,
      3.59591007232666,
      2.2568306922912598,
      0.0505472831428051,
      0.036800697445869446,
      0.008756001479923725,
      0.004861123859882355
    ],
    [
      17.037994384765625,
      13.71157169342041,
      36.74983596801758,
      42.05027389526367,
      14.526851654052734,
      18.299924850463867,
      19.685842514038086,
      22.571857452392578,
      25.840938568115234,
      25.501291275024414,
      10.917880058288574,
      9.875625610351562,
      2.8431200981140137,
      1.8835281133651733,
      0.029830563813447952,
      0.022835876792669296,
      0.005412928760051727,
      0.0031035449355840683
    ],
    [
      6.5874481201171875,
      -1.3176113367080688,
      20.361995697021484,
      14.526851654052734,
      46.03675842285156,
      39.355140686035156,
      35.06096649169922,
      31.837200164794922,
      37.21084213256836,
      38.17351531982422,
      26.338361740112305,
      20.056516647338867,
      4.793846130371094,
      2.859029531478882,
      0.10012596100568771,
      0.05725214630365372,
      0.012105531990528107,
      0.006556836422532797
    ],
    [
      7.838278770446777,
      -2.669806718826294,
      24.543277740478516,
      18.299924850463867,
      39.355140686035156,
      54.985870361328125,
      41.81330490112305,
      40.616207122802734,
      40.98074722290039,
      44.80533981323242,
      29.996612548828125,
      23.460283279418945,
      4.711146831512451,
      2.9369239807128906,
      0.10622546821832657,
      0.060218095779418945,
      0.013946103863418102,
      0.007675324101001024
    ],
    [
      10.066438674926758,
      0.5853864550590515,
      27.140338897705078,
      19.685842514038086,
      35.06096649169922,
      41.81330490112305,
      58.27718734741211,
      48.33313751220703,
      45.885494232177734,
      47.662742614746094,
      29.443828582763672,
      23.7104549407959,
      5.796504020690918,
      3.662489175796509,
      0.13556498289108276,
      0.08505374193191528,
      0.015848131850361824,
      0.00864779856055975
    ],
    [
      28.981674194335938,
      12.02871036529541,
      29.357149124145508,
      22.571857452392578,
      31.837200164794922,
      40.616207122802734,
      48.33313751220703,
      82.5744400024414,
      65.84300231933594,
      66.78150177001953,
      33.23903274536133,
      27.292619705200195,
      5.392450332641602,
      3.4877452850341797,
      0.1777030974626541,
      0.12044569104909897,
      0.04182892292737961,
      0.02139963023364544
    ],
    [
      25.52259063720703,
      10.499197959899902,
      33.82322311401367,
      25.840938568115234,
      37.21084213256836,
      40.98074722290039,
      45.885494232177734,
      65.84300231933594,
      68.09207153320312,
      65.02734375,
      35.09372329711914,
      29.1031551361084,
      6.50818395614624,
      4.062136650085449,
      0.17639552056789398,
      0.11194073408842087,
      0.035183850675821304,
      0.01790951006114483
    ],
    [
      24.689847946166992,
      9.128066062927246,
      33.367218017578125,
      25.501291275024414,
      38.17351531982422,
      44.80533981323242,
      47.662742614746094,
      66.78150177001953,
      65.02734375,
      71.64653015136719,
      37.25896072387695,
      29.793928146362305,
      6.468991279602051,
      3.916663646697998,
      0.17576025426387787,
      0.10768403857946396,
      0.034256741404533386,
      0.017372796311974525
    ],
    [
      10.080411911010742,
      2.0278310775756836,
      15.670711517333984,
      10.917880058288574,
      26.338361740112305,
      29.996612548828125,
      29.443828582763672,
      33.23903274536133,
      35.09372329711914,
      37.25896072387695,
      32.275352478027344,
      23.381790161132812,
      5.376723289489746,
      3.4394350051879883,
      0.13852877914905548,
      0.08114618808031082,
      0.018362946808338165,
      0.009306536056101322
    ],
    [
      8.457634925842285,
      1.8573839664459229,
      13.444134712219238,
      9.875625610351562,
      20.056516647338867,
      23.460283279418945,
      23.7104549407959,
      27.292619705200195,
      29.1031551361084,
      29.793928146362305,
      23.381790161132812,
      21.010608673095703,
      4.439910411834717,
      2.9972872734069824,
      0.11733946949243546,
      0.06944070756435394,
      0.014742321334779263,
      0.007294005248695612
    ],
    [
      2.160029172897339,
      0.9557254910469055,
      3.59591007232666,
      2.8431200981140137,
      4.793846130371094,
      4.711146831512451,
      5.796504020690918,
      5.392450332641602,
      6.50818395614624,
      6.468991279602051,
      5.376723289489746,
      4.439910411834717,
      2.193331480026245,
      1.3759187459945679,
      0.04419103264808655,
      0.028083793818950653,
      0.003913798835128546,
      0.002046548994258046
    ],
    [
      1.3770474195480347,
      0.6425943374633789,
      2.2568306922912598,
      1.8835281133651733,
      2.859029531478882,
      2.9369239807128906,
      3.662489175796509,
      3.4877452850341797,
      4.062136650085449,
      3.916663646697998,
      3.4394350051879883,
      2.9972872734069824,
      1.3759187459945679,
      1.0506021976470947,
      0.03457791358232498,
      0.022166086360812187,
      0.0028345289174467325,
      0.001473336247727275
    ],
    [
      0.06799731403589249,
      0.026465987786650658,
      0.0505472831428051,
      0.029830563813447952,
      0.10012596100568771,
      0.10622546821832657,
      0.13556498289108276,
      0.1777030974626541,
      0.17639552056789398,
      0.17576025426387787,
      0.13852877914905548,
      0.11733946949243546,
      0.04419103264808655,
      0.03457791358232498,
      0.003493929049000144,
      0.0016999038634821773,
      0.0002971909416373819,
      0.00014905787247698754
    ],
    [
      0.04712890833616257,
      0.01884552836418152,
      0.036800697445869446,
      0.022835876792669296,
      0.05725214630365372,
      0.060218095779418945,
      0.08505374193191528,
      0.12044569104909897,
      0.11194073408842087,
      0.10768403857946396,
      0.08114618808031082,
      0.06944070756435394,
      0.028083793818950653,
      0.022166086360812187,
      0.0016999038634821773,
      0.0014821500517427921,
      0.00019152007007505745,
      0.00010294148523826152
    ],
    [
      0.020518241450190544,
      0.010456434451043606,
      0.008756001479923725,
      0.005412928760051727,
      0.012105531990528107,
      0.013946103863418102,
      0.015848131850361824,
      0.04182892292737961,
      0.035183850675821304,
      0.034256741404533386,
      0.018362946808338165,
      0.014742321334779263,
      0.003913798835128546,
      0.0028345289174467325,
      0.0002971909416373819,
      0.00019152007007505745,
      0.00010186207509832457,
      4.524837640929036e-05
    ],
    [
      0.010117636062204838,
      0.004903838969767094,
      0.004861123859882355,
      0.0031035449355840683,
      0.006556836422532797,
      0.007675324101001024,
      0.00864779856055975,
      0.02139963023364544,
      0.01790951006114483,
      0.017372796311974525,
      0.009306536056101322,
      0.007294005248695612,
      0.002046548994258046,
      0.001473336247727275,
      0.00014905787247698754,
      0.00010294148523826152,
      4.524837640929036e-05,
      3.2605039450572804e-05
    ]
  ],
  "damage": -20.970169067382812,
  "diff_bandwidth": 589.5248413085938,
  "dissonance": 4.103494247405312,
  "drr": 6.94428014755249,
  "dynamics": 4.048247337341309,
  "format": 1245190,
  "frames": 5590976,
  "loudness": -29.911582946777344,
  "loudness_range": 12.822383880615234,
  "loudness_range_short": 14.74372673034668,
  "lowpass_true_peak_15khz": -9.916011810302734,
  "mastering3_acoustic_entropies": [
    {
      "acoustic_entropy": 6.733617305755615,
      "acoustic_entropy_mono": 6.475951671600342,
      "band_eliminated_acoustic_entropies": [
        {
          "acoustic_entropy": 6.733360290527344,
          "acoustic_entropy_side": 6.733595371246338,
          "hz": 129.47220167065723
        },
        {
          "acoustic_entropy": 6.737112045288086,
          "acoustic_entropy_side": 6.746445178985596,
          "hz": 202.92927478742237
        },
        {
          "acoustic_entropy": 6.7038726806640625,
          "acoustic_entropy_side": 6.860020637512207,
          "hz": 282.89161906338205
        },
        {
          "acoustic_entropy": 6.551607608795166,
          "acoustic_entropy_side": 6.793136119842529,
          "hz": 369.9353335868758
        },
        {
          "acoustic_entropy": 6.108924388885498,
          "acoustic_entropy_side": 6.879888534545898,
          "hz": 464.6875360973435
        },
        {
          "acoustic_entropy": 6.297175884246826,
          "acoustic_entropy_side": 6.055506229400635,
          "hz": 567.8308811364784
        },
        {
          "acoustic_entropy": 6.743809223175049,
          "acoustic_entropy_side": 7.482940196990967,
          "hz": 680.1084783214808
        },
        {
          "acoustic_entropy": 6.304445743560791,
          "acoustic_entropy_side": 6.148193836212158,
          "hz": 802.3292461747484
        },
        {
          "acoustic_entropy": 6.048345565795898,
          "acoustic_entropy_side": 6.565164566040039,
          "hz": 935.3737400823702
        },
        {
          "acoustic_entropy": 6.785949230194092,
          "acoustic_entropy_side": 6.8308587074279785,
          "hz": 1080.2004963696966
        },
        {
          "acoustic_entropy": 6.482625961303711,
          "acoustic_entropy_side": 6.864692211151123,
          "hz": 1237.8529382007157
        },
        {
          "acoustic_entropy": 6.69499397277832,
          "acoustic_entropy_side": 6.812288284301758,
          "hz": 1409.4668930556702
        },
        {
          "acoustic_entropy": 6.525150299072266,
          "acoustic_entropy_side": 6.755354881286621,
          "hz": 1596.2787759475705
        },
        {
          "acoustic_entropy": 6.77349328994751,
          "acoustic_entropy_side": 6.735414505004883,
          "hz": 1799.6344973346393
        },
        {
          "acoustic_entropy": 6.769018173217773,
          "acoustic_entropy_side": 6.739380359649658,
          "hz": 2020.9991599069049
        },
        {
          "acoustic_entropy": 6.758981704711914,
          "acoustic_entropy_side": 6.7367963790893555,
          "hz": 2261.9676141086993
        },
        {
          "acoustic_entropy": 6.735750675201416,
          "acoustic_entropy_side": 6.7351460456848145,
          "hz": 2524.2759484456974
        },
        {
          "acoustic_entropy": 6.740565299987793,
          "acoustic_entropy_side": 6.7351884841918945,
          "hz": 2809.813997359896
        },
        {
          "acoustic_entropy": 6.734705448150635,
          "acoustic_entropy_side": 6.73411750793457,
          "hz": 3120.6389567871424
        },
        {
          "acoustic_entropy": 6.734180927276611,
          "acoustic_entropy_side": 6.733704566955566,
          "hz": 3458.990205492291
        },
        {
          "acoustic_entropy": 6.734184741973877,
          "acoustic_entropy_side": 6.733663558959961,
          "hz": 3827.305438964164
        },
        {
          "acoustic_entropy": 6.733691215515137,
          "acoustic_entropy_side": 6.733612537384033,
          "hz": 4228.238232109126
        },
        {
          "acoustic_entropy": 6.733623027801514,
          "acoustic_entropy_side": 6.733609199523926,
          "hz": 4664.6771572759235
        },
        {
          "acoustic_entropy": 6.733621597290039,
          "acoustic_entropy_side": 6.73361873626709,
          "hz": 5139.766595350093
        },
        {
          "acoustic_entropy": 6.733624458312988,
          "acoustic_entropy_side": 6.73361873626709,
          "hz": 5656.929389854203
        },
        {
          "acoustic_entropy": 6.733619213104248,
          "acoustic_entropy_side": 6.733617782592773,
          "hz": 6219.891507268283
        },
        {
          "acoustic_entropy": 6.733617305755615,
          "acoustic_entropy_side": 6.733617305755615,
          "hz": 6832.70888123896
        },
        {
          "acoustic_entropy": 6.733617305755615,
          "acoustic_entropy_side": 6.733617305755615,
          "hz": 7499.796634079867
        },
        {
          "acoustic_entropy": 6.733617305755615,
          "acoustic_entropy_side": 6.733617305755615,
          "hz": 8225.96088609342
        },
        {
          "acoustic_entropy": 6.733617305755615,
          "acoustic_entropy_side": 6.733617305755615,
          "hz": 9016.43338188839
        },
        {
          "acoustic_entropy": 6.733617305755615,
          "acoustic_entropy_side": 6.733617305755615,
          "hz": 9876.909183162974
        },
        {
          "acoustic_entropy": 6.733617305755615,
          "acoustic_entropy_side": 6.733617305755615,
          "hz": 10813.587699516042
        },
        {
          "acoustic_entropy": 6.733617305755615,
          "acoustic_entropy_side": 6.733617305755615,
          "hz": 11833.21735289826
        },
        {
          "acoustic_entropy": 6.733617305755615,
          "acoustic_entropy_side": 6.733617305755615,
          "hz": 12943.144197493959
        },
        {
          "acoustic_entropy": 6.733617305755615,
          "acoustic_entropy_side": 6.733617305755615,
          "hz": 14151.364845322005
        },
        {
          "acoustic_entropy": 6.733617305755615,
          "acoustic_entropy_side": 6.733617305755615,
          "hz": 15466.58407886509
        },
        {
          "acoustic_entropy": 6.733617305755615,
          "acoustic_entropy_side": 6.733617305755615,
          "hz": 16898.27756580493
        },
        {
          "acoustic_entropy": 6.733617305755615,
          "acoustic_entropy_side": 6.733617305755615,
          "hz": 18456.760127700032
        },
        {
          "acoustic_entropy": 6.733617305755615,
          "acoustic_entropy_side": 6.733617305755615,
          "hz": 20153.260054456492
        },
        {
          "acoustic_entropy": 6.733617305755615,
          "acoustic_entropy_side": 6.733617305755615,
          "hz": 22000.00000000001
        }
      ],
      "diff_acoustic_entropy": 3.7188308238983154,
      "sn": 6
    },
    {
      "acoustic_entropy": 9.61402702331543,
      "acoustic_entropy_mono": 8.652238845825195,
      "band_eliminated_acoustic_entropies": [
        {
          "acoustic_entropy": 9.614333152770996,
          "acoustic_entropy_side": 9.61298942565918,
          "hz": 129.47220167065723
        },
        {
          "acoustic_entropy": 9.687909126281738,
          "acoustic_entropy_side": 9.716225624084473,
          "hz": 202.92927478742237
        },
        {
          "acoustic_entropy": 9.911706924438477,
          "acoustic_entropy_side": 9.674704551696777,
          "hz": 282.89161906338205
        },
        {
          "acoustic_entropy": 10.015195846557617,
          "acoustic_entropy_side": 9.66903018951416,
          "hz": 369.9353335868758
        },
        {
          "acoustic_entropy": 9.486246109008789,
          "acoustic_entropy_side": 9.620967864990234,
          "hz": 464.6875360973435
        },
        {
          "acoustic_entropy": 10.579719543457031,
          "acoustic_entropy_side": 10.44689655303955,
          "hz": 567.8308811364784
        },
        {
          "acoustic_entropy": 9.611128807067871,
          "acoustic_entropy_side": 10.372152328491211,
          "hz": 680.1084783214808
        },
        {
          "acoustic_entropy": 9.851273536682129,
          "acoustic_entropy_side": 9.292590141296387,
          "hz": 802.3292461747484
        },
        {
          "acoustic_entropy": 9.691292762756348,
          "acoustic_entropy_side": 9.940645217895508,
          "hz": 935.3737400823702
        },
        {
          "acoustic_entropy": 9.373414039611816,
          "acoustic_entropy_side": 9.75624942779541,
          "hz": 1080.2004963696966
        },
        {
          "acoustic_entropy": 8.655681610107422,
          "acoustic_entropy_side": 9.755355834960938,
          "hz": 1237.8529382007157
        },
        {
          "acoustic_entropy": 9.629779815673828,
          "acoustic_entropy_side": 9.725318908691406,
          "hz": 1409.4668930556702
        },
        {
          "acoustic_entropy": 9.739914894104004,
          "acoustic_entropy_side": 9.711240768432617,
          "hz": 1596.2787759475705
        },
        {
          "acoustic_entropy": 10.007454872131348,
          "acoustic_entropy_side": 9.773453712463379,
          "hz": 1799.6344973346393
        },
        {
          "acoustic_entropy": 9.613824844360352,
          "acoustic_entropy_side": 9.672657012939453,
          "hz": 2020.9991599069049
        },
        {
          "acoustic_entropy": 9.458422660827637,
          "acoustic_entropy_side": 9.570372581481934,
          "hz": 2261.9676141086993
        },
        {
          "acoustic_entropy": 9.468182563781738,
          "acoustic_entropy_side": 9.593973159790039,
          "hz": 2524.2759484456974
        },
        {
          "acoustic_entropy": 9.510153770446777,
          "acoustic_entropy_side": 9.605568885803223,
          "hz": 2809.813997359896
        },
        {
          "acoustic_entropy": 9.542289733886719,
          "acoustic_entropy_side": 9.603192329406738,
          "hz": 3120.6389567871424
        },
        {
          "acoustic_entropy": 9.604735374450684,
          "acoustic_entropy_side": 9.612756729125977,
          "hz": 3458.990205492291
        },
        {
          "acoustic_entropy": 9.602108001708984,
          "acoustic_entropy_side": 9.611879348754883,
          "hz": 3827.305438964164
        },
        {
          "acoustic_entropy": 9.60648250579834,
          "acoustic_entropy_side": 9.612939834594727,
          "hz": 4228.238232109126
        },
        {
          "acoustic_entropy": 9.612325668334961,
          "acoustic_entropy_side": 9.613616943359375,
          "hz": 4664.6771572759235
        },
        {
          "acoustic_entropy": 9.613720893859863,
          "acoustic_entropy_side": 9.613948822021484,
          "hz": 5139.766595350093
        },
        {
          "acoustic_entropy": 9.613712310791016,
          "acoustic_entropy_side": 9.613960266113281,
          "hz": 5656.929389854203
        },
        {
          "acoustic_entropy": 9.613988876342773,
          "acoustic_entropy_side": 9.614014625549316,
          "hz": 6219.891507268283
        },
        {
          "acoustic_entropy": 9.614014625549316,
          "acoustic_entropy_side": 9.614025115966797,
          "hz": 6832.70888123896
        },
        {
          "acoustic_entropy": 9.614020347595215,
          "acoustic_entropy_side": 9.614026069641113,
          "hz": 7499.796634079867
        },
        {
          "acoustic_entropy": 9.61402702331543,
          "acoustic_entropy_side": 9.61402702331543,
          "hz": 8225.96088609342
        },
        {
          "acoustic_entropy": 9.61402702331543,
          "acoustic_entropy_side": 9.61402702331543,
          "hz": 9016.43338188839
        },
        {
          "acoustic_entropy": 9.61402702331543,
          "acoustic_entropy_side": 9.61402702331543,
          "hz": 9876.909183162974
        },
        {
          "acoustic_entropy": 9.61402702331543,
          "acoustic_entropy_side": 9.61402702331543,
          "hz": 10813.587699516042
        },
        {
          "acoustic_entropy": 9.61402702331543,
          "acoustic_entropy_side": 9.61402702331543,
          "hz": 11833.21735289826
        },
        {
          "acoustic_entropy": 9.61402702331543,
          "acoustic_entropy_side": 9.61402702331543,
          "hz": 12943.144197493959
        },
        {
          "acoustic_entropy": 9.61402702331543,
          "acoustic_entropy_side": 9.61402702331543,
          "hz": 14151.364845322005
        },
        {
          "acoustic_entropy": 9.61402702331543,
          "acoustic_entropy_side": 9.61402702331543,
          "hz": 15466.58407886509
        },
        {
          "acoustic_entropy": 9.61402702331543,
          "acoustic_entropy_side": 9.61402702331543,
          "hz": 16898.27756580493
        },
        {
          "acoustic_entropy": 9.61402702331543,
          "acoustic_entropy_side": 9.61402702331543,
          "hz": 18456.760127700032
        },
        {
          "acoustic_entropy": 9.61402702331543,
          "acoustic_entropy_side": 9.61402702331543,
          "hz": 20153.260054456492
        },
        {
          "acoustic_entropy": 9.61402702331543,
          "acoustic_entropy_side": 9.61402702331543,
          "hz": 22000.00000000001
        }
      ],
      "diff_acoustic_entropy": 6.219566822052002,
      "sn": 12
    },
    {
      "acoustic_entropy": 16.765911102294922,
      "acoustic_entropy_mono": 14.279895782470703,
      "band_eliminated_acoustic_entropies": [
        {
          "acoustic_entropy": 16.8333797454834,
          "acoustic_entropy_side": 16.78622817993164,
          "hz": 129.47220167065723
        },
        {
          "acoustic_entropy": 16.823881149291992,
          "acoustic_entropy_side": 16.63567352294922,
          "hz": 202.92927478742237
        },
        {
          "acoustic_entropy": 17.063077926635742,
          "acoustic_entropy_side": 17.311189651489258,
          "hz": 282.89161906338205
        },
        {
          "acoustic_entropy": 17.334829330444336,
          "acoustic_entropy_side": 16.898910522460938,
          "hz": 369.9353335868758
        },
        {
          "acoustic_entropy": 16.941625595092773,
          "acoustic_entropy_side": 17.173656463623047,
          "hz": 464.6875360973435
        },
        {
          "acoustic_entropy": 15.618598937988281,
          "acoustic_entropy_side": 16.569629669189453,
          "hz": 567.8308811364784
        },
        {
          "acoustic_entropy": 16.872732162475586,
          "acoustic_entropy_side": 16.819868087768555,
          "hz": 680.1084783214808
        },
        {
          "acoustic_entropy": 16.76275634765625,
          "acoustic_entropy_side": 16.774768829345703,
          "hz": 802.3292461747484
        },
        {
          "acoustic_entropy": 16.14837646484375,
          "acoustic_entropy_side": 16.426864624023438,
          "hz": 935.3737400823702
        },
        {
          "acoustic_entropy": 17.334867477416992,
          "acoustic_entropy_side": 16.928987503051758,
          "hz": 1080.2004963696966
        },
        {
          "acoustic_entropy": 16.83273696899414,
          "acoustic_entropy_side": 17.889387130737305,
          "hz": 1237.8529382007157
        },
        {
          "acoustic_entropy": 16.20726776123047,
          "acoustic_entropy_side": 16.146583557128906,
          "hz": 1409.4668930556702
        },
        {
          "acoustic_entropy": 16.50682830810547,
          "acoustic_entropy_side": 16.774093627929688,
          "hz": 1596.2787759475705
        },
        {
          "acoustic_entropy": 16.401355743408203,
          "acoustic_entropy_side": 16.327953338623047,
          "hz": 1799.6344973346393
        },
        {
          "acoustic_entropy": 16.378124237060547,
          "acoustic_entropy_side": 16.442461013793945,
          "hz": 2020.9991599069049
        },
        {
          "acoustic_entropy": 16.486515045166016,
          "acoustic_entropy_side": 16.610401153564453,
          "hz": 2261.9676141086993
        },
        {
          "acoustic_entropy": 17.073270797729492,
