{
  "acoustic_entropy": 204.7440185546875,
  "bands": [
    {
      "high_freq": 148.1999969482422,
      "loudness": -19.4660587310791,
      "loudness_range": 17.495071411132812,
      "mid_mean": -16.499126434326172,
      "mid_to_side_loudness": -12.15659236907959,
      "mid_to_side_loudness_range": 25.7213191986084,
      "side_mean": -30.9221134185791
    },
    {
      "high_freq": 392.3793640136719,
      "loudness": -21.561626434326172,
      "loudness_range": 9.508052825927734,
      "low_freq": 148.1999969482422,
      "mid_mean": -19.78855323791504,
      "mid_to_side_loudness": -4.076648235321045,
      "mid_to_side_loudness_range": 13.290180206298828,
      "side_mean": -24.00577163696289
    },
    {
      "high_freq": 794.6976318359375,
      "loudness": -22.971872329711914,
      "loudness_range": 11.705146789550781,
      "low_freq": 392.3793640136719,
      "mid_mean": -21.514244079589844,
      "mid_to_side_loudness": -2.291710138320923,
      "mid_to_side_loudness_range": 9.552846908569336,
      "side_mean": -23.96367645263672
    },
    {
      "high_freq": 1457.5709228515625,
      "loudness": -23.82976531982422,
      "loudness_range": 11.440263748168945,
      "low_freq": 794.6976318359375,
      "mid_mean": -22.836816787719727,
      "mid_to_side_loudness": -1.195313572883606,
      "mid_to_side_loudness_range": 8.757104873657227,
      "side_mean": -24.186878204345703
    },
    {
      "high_freq": 2549.74365234375,
      "loudness": -25.298397064208984,
      "loudness_range": 14.346992492675781,
      "low_freq": 1457.5709228515625,
      "mid_mean": -24.212739944458008,
      "mid_to_side_loudness": -1.1667777299880981,
      "mid_to_side_loudness_range": 7.095516204833984,
      "side_mean": -25.483020782470703
    },
    {
      "high_freq": 4349.24462890625,
      "loudness": -28.653322219848633,
      "loudness_range": 14.38180160522461,
      "low_freq": 2549.74365234375,
      "mid_mean": -27.510944366455078,
      "mid_to_side_loudness": -1.3568439483642578,
      "mid_to_side_loudness_range": 8.209212303161621,
      "side_mean": -28.870267868041992
    },
    {
      "high_freq": 7314.1640625,
      "loudness": -30.195884704589844,
      "loudness_range": 17.28915023803711,
      "low_freq": 4349.24462890625,
      "mid_mean": -28.325361251831055,
      "mid_to_side_loudness": -3.302255868911743,
      "mid_to_side_loudness_range": 11.01537799835205,
      "side_mean": -32.11514663696289
    },
    {
      "high_freq": 12199.2666015625,
      "loudness": -28.92862319946289,
      "loudness_range": 22.691499710083008,
      "low_freq": 7314.1640625,
      "mid_mean": -27.192903518676758,
      "mid_to_side_loudness": -4.198827743530273,
      "mid_to_side_loudness_range": 14.991068840026855,
      "side_mean": -32.49521255493164
    },
    {
      "loudness": -32.8830680847168,
      "loudness_range": 23.370698928833008,
      "low_freq": 12199.2666015625,
      "mid_mean": -31.76230239868164,
      "mid_to_side_loudness": -3.775179386138916,
      "mid_to_side_loudness_range": 13.799522399902344,
      "side_mean": -36.90959930419922
    }
  ],
  "bands_short": [
    {
      "high_freq": 148.1999969482422,
      "loudness": -22.286895751953125,
      "loudness_range": 23.66697120666504,
      "mid_mean": -19.201406478881836,
      "mid_to_side_loudness": -14.068354606628418,
      "mid_to_side_loudness_range": 31.638105392456055,
      "side_mean": -36.53655242919922
    },
    {
      "high_freq": 392.3793640136719,
      "loudness": -21.206111907958984,
      "loudness_range": 14.50438117980957,
      "low_freq": 148.1999969482422,
      "mid_mean": -19.556976318359375,
      "mid_to_side_loudness": -4.6926727294921875,
      "mid_to_side_loudness_range": 18.580867767333984,
      "side_mean": -24.50973129272461
    },
    {
      "high_freq": 794.6976318359375,
      "loudness": -24.075056076049805,
      "loudness_range": 16.132610321044922,
      "low_freq": 392.3793640136719,
      "mid_mean": -22.728233337402344,
      "mid_to_side_loudness": -2.488896608352661,
      "mid_to_side_loudness_range": 12.532078742980957,
      "side_mean": -25.379959106445312
    },
    {
      "high_freq": 1457.5709228515625,
      "loudness": -24.69268798828125,
      "loudness_range": 17.261615753173828,
      "low_freq": 794.6976318359375,
      "mid_mean": -23.997657775878906,
      "mid_to_side_loudness": -1.0794730186462402,
      "mid_to_side_loudness_range": 12.50981616973877,
      "side_mean": -25.12804412841797
    },
    {
      "high_freq": 2549.74365234375,
      "loudness": -26.90087890625,
      "loudness_range": 18.99689292907715,
      "low_freq": 1457.5709228515625,
      "mid_mean": -25.926904678344727,
      "mid_to_side_loudness": -1.4160665273666382,
      "mid_to_side_loudness_range": 10.622821807861328,
      "side_mean": -27.398639678955078
    },
    {
      "high_freq": 4349.24462890625,
      "loudness": -29.93531036376953,
      "loudness_range": 18.542755126953125,
      "low_freq": 2549.74365234375,
      "mid_mean": -28.96609115600586,
      "mid_to_side_loudness": -1.3073278665542603,
      "mid_to_side_loudness_range": 10.2167329788208,
      "side_mean": -30.331296920776367
    },
    {
      "high_freq": 7314.1640625,
      "loudness": -32.16978454589844,
      "loudness_range": 22.68362808227539,
      "low_freq": 4349.24462890625,
      "mid_mean": -30.518693923950195,
      "mid_to_side_loudness": -3.009949207305908,
      "mid_to_side_loudness_range": 11.631261825561523,
      "side_mean": -34.087913513183594
    },
    {
      "high_freq": 12199.2666015625,
      "loudness": -31.723312377929688,
      "loudness_range": 29.856884002685547,
      "low_freq": 7314.1640625,
      "mid_mean": -30.212413787841797,
      "mid_to_side_loudness": -4.176686763763428,
      "mid_to_side_loudness_range": 15.6074857711792,
      "side_mean": -35.374176025390625
    },
    {
      "loudness": -36.58881759643555,
      "loudness_range": 33.18742370605469,
      "low_freq": 12199.2666015625,
      "mid_mean": -36.34395217895508,
      "mid_to_side_loudness": -3.5558953285217285,
      "mid_to_side_loudness_range": 14.38779067993164,
      "side_mean": -40.735107421875
    }
  ],
  "bandwidth": 465.3203125,
  "channels": 2,
  "covariance": [
    [
      61.393917083740234,
      9.855863571166992,
      17.303699493408203,
      -2.59010648727417,
      8.103184700012207,
      1.3839960098266602,
      5.161346912384033,
      0.065986268222332,
      15.85685920715332,
      12.656538009643555,
      19.514713287353516,
      12.838987350463867,
      20.02081871032715,
      16.978673934936523,
      22.60869026184082,
      28.195993423461914,
      23.173059463500977,
      31.878589630126953
    ],
    [
      9.855863571166992,
      36.18914031982422,
      10.084085464477539,
      13.11616039276123,
      10.023242950439453,
      15.19556713104248,
      5.379205703735352,
      11.378069877624512,
      8.212421417236328,
      8.604188919067383,
      9.4794340133667,
      7.799393177032471,
      12.582549095153809,
      11.120502471923828,
      16.952781677246094,
      19.33458709716797,
      14.810112953186035,
      23.67749786376953
    ],
    [
      17.303699493408203,
      10.084085464477539,
      23.226194381713867,
      12.664125442504883,
      12.377970695495605,
      9.163766860961914,
      9.960040092468262,
      10.35196304321289,
      11.129253387451172,
      11.098974227905273,
      11.003926277160645,
      8.431317329406738,
      13.780820846557617,
      11.594109535217285,
      18.577411651611328,
      21.554365158081055,
      12.397994995117188,
      22.164722442626953
    ],
    [
      -2.59010648727417,
      13.11616039276123,
      12.664125442504883,
      24.903593063354492,
      11.769204139709473,
      16.28249168395996,
      10.216340065002441,
      17.140743255615234,
      9.097152709960938,
      11.846457481384277,
      8.692806243896484,
      9.52255916595459,
      10.986486434936523,
      12.081621170043945,
      16.250240325927734,
      21.50962257385254,
      12.629575729370117,
      24.790279388427734
    ],
    [
      8.103184700012207,
      10.023242950439453,
      12.377970695495605,
      11.769204139709473,
      24.396709442138672,
      20.82353973388672,
      14.87399959564209,
      15.636009216308594,
      14.787240982055664,
      14.434479713439941,
      14.694270133972168,
      13.08678150177002,
      16.98040008544922,
      16.38345718383789,
      16.60513687133789,
      21.529802322387695,
      10.719830513000488,
      22.333524703979492
    ],
    [
      1.3839960098266602,
      15.19556713104248,
      9.163766860961914,
      16.28249168395996,
      20.82353973388672,
      29.851852416992188,
      15.49326229095459,
      21.638078689575195,
      15.34363842010498,
      16.183361053466797,
      14.176158905029297,
      14.021843910217285,
      17.194576263427734,
      18.2447509765625,
      19.904722213745117,
      24.81047248840332,
      14.512627601623535,
      28.239959716796875
    ],
    [
      5.161346912384033,
      5.379205703735352,
      9.960040092468262,
      10.216340065002441,
      14.87399959564209,
      15.49326229095459,
      23.811613082885742,
      21.63209342956543,
      16.287744522094727,
      15.778371810913086,
      17.666492462158203,
      16.252216339111328,
      18.547632217407227,
      18.49986457824707,
      17.093904495239258,
      23.187332153320312,
      8.984309196472168,
      22.961149215698242
    ],
    [
      0.065986268222332,
      11.378069877624512,
      10.35196304321289,
      17.140743255615234,
      15.636009216308594,
      21.638078689575195,
      21.63209342956543,
      32.70106887817383,
      16.86096954345703,
      18.537677764892578,
      16.013111114501953,
      17.15337371826172,
      18.801027297973633,
      21.032411575317383,
      20.14046287536621,
      27.905113220214844,
      13.217131614685059,
      30.108617782592773
    ],
    [
      15.85685920715332,
      8.212421417236328,
      11.129253387451172,
      9.097152709960938,
      14.787240982055664,
      15.34363842010498,
      16.287744522094727,
      16.86096954345703,
      30.264511108398438,
      27.288694381713867,
      26.367267608642578,
      22.497840881347656,
      24.96414566040039,
      25.71883201599121,
      21.78993797302246,
      28.863561630249023,
      15.371463775634766,
      30.95075035095215
    ],
    [
      12.656538009643555,
      8.604188919067383,
      11.098974227905273,
      11.846457481384277,
      14.434479713439941,
      16.183361053466797,
      15.778371810913086,
      18.537677764892578,
      27.288694381713867,
      33.71183395385742,
      24.800941467285156,
      26.089662551879883,
      22.839651107788086,
      29.717510223388672,
      21.437288284301758,
      35.060935974121094,
      18.166658401489258,
      37.62784194946289
    ],
    [
      19.514713287353516,
      9.4794340133667,
      11.003926277160645,
      8.692806243896484,
      14.694270133972168,
      14.176158905029297,
      17.666492462158203,
      16.013111114501953,
      26.367267608642578,
      24.800941467285156,
      36.639286041259766,
      29.915851593017578,
      30.382404327392578,
      30.474164962768555,
      25.09105682373047,
      35.73292922973633,
      20.529438018798828,
      37.718631744384766
    ],
    [
      12.838987350463867,
      7.799393177032471,
      8.431317329406738,
      9.52255916595459,
      13.08678150177002,
      14.021843910217285,
      16.252216339111328,
      17.15337371826172,
      22.497840881347656,
      26.089662551879883,
      29.915851593017578,
      33.202003479003906,
      25.25276756286621,
      31.95781707763672,
      21.2293701171875,
      37.2360725402832,
      19.605592727661133,
      39.29077911376953
    ],
    [
      20.02081871032715,
      12.582549095153809,
      13.780820846557617,
      10.986486434936523,
      16.98040008544922,
      17.194576263427734,
      18.547632217407227,
      18.801027297973633,
      24.96414566040039,
      22.839651107788086,
      30.382404327392578,
      25.25276756286621,
      44.42811965942383,
      36.79194259643555,
      38.62602615356445,
      49.13534927368164,
      27.3812255859375,
      49.083404541015625
    ],
    [
      16.978673934936523,
      11.120502471923828,
      11.594109535217285,
      12.081621170043945,
      16.38345718383789,
      18.2447509765625,
      18.49986457824707,
      21.032411575317383,
      25.71883201599121,
      29.717510223388672,
      30.474164962768555,
      31.95781707763672,
      36.79194259643555,
      49.21175765991211,
      34.0334358215332,
      60.01558303833008,
      32.6464958190918,
      63.287662506103516
    ],
    [
      22.60869026184082,
      16.952781677246094,
      18.577411651611328,
      16.250240325927734,
      16.60513687133789,
      19.904722213745117,
      17.093904495239258,
      20.14046287536621,
      21.78993797302246,
      21.437288284301758,
      25.09105682373047,
      21.2293701171875,
      38.62602615356445,
      34.0334358215332,
      67.30480194091797,
      67.3480224609375,
      51.193302154541016,
      74.60286712646484
    ],
    [
      28.195993423461914,
      19.33458709716797,
      21.554365158081055,
      21.50962257385254,
      21.529802322387695,
      24.81047248840332,
      23.187332153320312,
      27.905113220214844,
      28.863561630249023,
      35.060935974121094,
      35.73292922973633,
      37.2360725402832,
      49.13534927368164,
      60.01558303833008,
      67.3480224609375,
      106.96669006347656,
      65.88270568847656,
      111.28181457519531
    ],
    [
      23.173059463500977,
      14.810112953186035,
      12.397994995117188,
      12.629575729370117,
      10.719830513000488,
      14.512627601623535,
      8.984309196472168,
      13.217131614685059,
      15.371463775634766,
      18.166658401489258,
      20.529438018798828,
      19.605592727661133,
      27.3812255859375,
      32.6464958190918,
      51.193302154541016,
      65.88270568847656,
      78.0053482055664,
      86.9808578491211
    ],
    [
      31.878589630126953,
      23.67749786376953,
      22.164722442626953,
      24.790279388427734,
      22.333524703979492,
      28.239959716796875,
      22.961149215698242,
      30.108617782592773,
      30.95075035095215,
      37.62784194946289,
      37.718631744384766,
      39.29077911376953,
      49.083404541015625,
      63.287662506103516,
      74.60286712646484,
      111.28181457519531,
      86.9808578491211,
      152.0986328125
    ]
  ],
  "covariance_short": [
    [
      84.92989349365234,
      13.092538833618164,
      19.63530921936035,
      -4.279330253601074,
      1.637694239616394,
      -1.689141869544983,
      0.6946225166320801,
      -3.2963666915893555,
      7.351195335388184,
      6.51555871963501,
      12.19981861114502,
      8.368209838867188,
      11.675040245056152,
      13.224883079528809,
      14.300336837768555,
      24.126670837402344,
      20.01584243774414,
      32.32268142700195
    ],
    [
      13.092538833618164,
      45.66904830932617,
      11.294366836547852,
      16.524431228637695,
      9.711544036865234,
      14.530943870544434,
      6.975712776184082,
      13.193753242492676,
      10.097514152526855,
      12.147311210632324,
      12.052372932434082,
      11.702462196350098,
      14.918286323547363,
      14.595544815063477,
      20.83848762512207,
      24.241886138916016,
      25.70457649230957,
      29.916288375854492
    ],
    [
      19.63530921936035,
      11.294366836547852,
      41.0636100769043,
      16.820178985595703,
      18.43885040283203,
      13.238373756408691,
      13.872162818908691,
      11.590991973876953,
      16.404102325439453,
      15.790771484375,
      15.91091537475586,
      12.730307579040527,
      20.07756233215332,
      16.976089477539062,
      26.940288543701172,
      29.008066177368164,
      31.503889083862305,
      33.424346923828125
    ],
    [
      -4.279330253601074,
      16.524431228637695,
      16.820178985595703,
      36.98861312866211,
      18.391271591186523,
      23.924680709838867,
      16.88710594177246,
      24.13254737854004,
      15.790657043457031,
      19.25259780883789,
      15.362089157104492,
      15.911144256591797,
      20.9246768951416,
      18.995731353759766,
      28.33926010131836,
      30.853967666625977,
      33.10997772216797,
      34.66325759887695
    ],
    [
      1.637694239616394,
      9.711544036865234,
      18.43885040283203,
      18.391271591186523,
      39.774539947509766,
      30.72081184387207,
      25.135217666625977,
      25.281871795654297,
      24.71562957763672,
      24.516559600830078,
      23.475088119506836,
      21.44036865234375,
      28.28647804260254,
      25.2012996673584,
      30.214860916137695,
      31.113197326660156,
      32.74982452392578,
      34.29708480834961
    ],
    [
      -1.689141869544983,
      14.530943870544434,
      13.238373756408691,
      23.924680709838867,
      30.72081184387207,
      44.107845306396484,
      26.056554794311523,
      33.1638298034668,
      25.40625762939453,
      28.48555564880371,
      24.46196746826172,
      24.49646759033203,
      30.266916275024414,
      29.162261962890625,
      34.89087677001953,
      37.75996017456055,
      39.55140686035156,
      43.23015594482422
    ],
    [
      0.6946225166320801,
      6.975712776184082,
      13.872162818908691,
      16.88710594177246,
      25.135217666625977,
      26.056554794311523,
      43.518768310546875,
      36.804561614990234,
      30.23160743713379,
      29.97886085510254,
      30.280580520629883,
      27.65796661376953,
      33.93704605102539,
      30.357440948486328,
      34.11808776855469,
      36.544960021972656,
      35.10157012939453,
      39.17954635620117
    ],
    [
      -3.2963666915893555,
      13.193753242492676,
      11.590991973876953,
      24.13254737854004,
      25.281871795654297,
      33.1638298034668,
      36.804561614990234,
      53.245792388916016,
      30.966394424438477,
      35.49618911743164,
      28.40838623046875,
      30.19667625427246,
      34.56612014770508,
      34.18833923339844,
      37.163848876953125,
      43.00471878051758,
      40.63902282714844,
      47.198036193847656
    ],
    [
      7.351195335388184,
      10.097514152526855,
      16.404102325439453,
      15.790657043457031,
      24.71562957763672,
      25.40625762939453,
      30.23160743713379,
      30.966394424438477,
      49.7780876159668,
      43.18638610839844,
      40.54075241088867,
      35.09915542602539,
      41.904083251953125,
      38.887115478515625,
      39.18716049194336,
      43.180850982666016,
      40.194644927978516,
      46.29160690307617
    ],
    [
      6.51555871963501,
      12.147311210632324,
      15.790771484375,
      19.25259780883789,
      24.516559600830078,
      28.48555564880371,
      29.97886085510254,
      35.49618911743164,
      43.18638610839844,
      55.359798431396484,
      38.1387825012207,
      40.04206466674805,
      38.47176742553711,
      41.76120376586914,
      38.0102424621582,
      47.9415397644043,
      40.9394416809082,
      51.34479904174805
    ],
    [
      12.19981861114502,
      12.052372932434082,
      15.91091537475586,
      15.362089157104492,
      23.475088119506836,
      24.46196746826172,
      30.280580520629883,
      28.40838623046875,
      40.54075241088867,
      38.1387825012207,
      54.119483947753906,
      43.44742202758789,
      48.494773864746094,
      43.909698486328125,
      44.9949836730957,
      48.778961181640625,
      44.182212829589844,
      50.952781677246094
    ],
    [
      8.368209838867188,
      11.702462196350098,
      12.730307579040527,
      15.911144256591797,
      21.44036865234375,
      24.49646759033203,
      27.65796661376953,
      30.19667625427246,
      35.09915542602539,
      40.04206466674805,
      43.44742202758789,
      49.23767852783203,
      39.93357849121094,
      43.37738800048828,
      37.64864730834961,
      48.262428283691406,
      39.13661193847656,
      49.99250030517578
    ],
    [
      11.675040245056152,
      14.918286323547363,
      20.07756233215332,
      20.9246768951416,
      28.28647804260254,
      30.266916275024414,
      33.93704605102539,
      34.56612014770508,
      41.904083251953125,
      38.47176742553711,
      48.494773864746094,
      39.93357849121094,
      71.3066635131836,
      56.640140533447266,
      70.47100067138672,
      71.9168701171875,
      68.27396392822266,
      75.67909240722656
    ],
    [
      13.224883079528809,
      14.595544815063477,
      16.976089477539062,
      18.995731353759766,
      25.2012996673584,
      29.162261962890625,
      30.357440948486328,
      34.18833923339844,
      38.887115478515625,
      41.76120376586914,
      43.909698486328125,
      43.37738800048828,
      56.640140533447266,
      66.87858581542969,
      57.423824310302734,
      76.70025634765625,
      62.88382339477539,
      81.70262908935547
    ],
    [
      14.300336837768555,
      20.83848762512207,
      26.940288543701172,
      28.33926010131836,
      30.214860916137695,
      34.89087677001953,
      34.11808776855469,
      37.163848876953125,
      39.18716049194336,
      38.0102424621582,
      44.9949836730957,
      37.64864730834961,
      70.47100067138672,
      57.423824310302734,
      109.56521606445312,
      97.56350708007812,
      107.99205017089844,
      111.63135528564453
    ],
    [
      24.126670837402344,
      24.241886138916016,
      29.008066177368164,
      30.853967666625977,
      31.113197326660156,
      37.75996017456055,
      36.544960021972656,
      43.00471878051758,
      43.180850982666016,
      47.9415397644043,
      48.778961181640625,
      48.262428283691406,
      71.9168701171875,
      76.70025634765625,
      97.56350708007812,
      132.1290740966797,
      110.49271392822266,
      139.2423095703125
    ],
    [
      20.01584243774414,
      25.70457649230957,
      31.503889083862305,
      33.10997772216797,
      32.74982452392578,
      39.55140686035156,
      35.10157012939453,
      40.63902282714844,
      40.194644927978516,
      40.9394416809082,
      44.182212829589844,
      39.13661193847656,
      68.27396392822266,
      62.88382339477539,
      107.99205017089844,
      110.49271392822266,
      145.3190460205078,
      141.65989685058594
    ],
    [
      32.32268142700195,
      29.916288375854492,
      33.424346923828125,
      34.66325759887695,
      34.29708480834961,
      43.23015594482422,
      39.17954635620117,
      47.198036193847656,
      46.29160690307617,
      51.34479904174805,
      50.952781677246094,
      49.99250030517578,
      75.67909240722656,
      81.70262908935547,
      111.63135528564453,
      139.2423095703125,
      141.65989685058594,
      186.2369842529297
    ]
  ],
  "damage": -4.270445346832275,
  "diff_bandwidth": 423.4095153808594,
  "dissonance": 9.448000216899064,
  "drr": 14.3699369430542,
  "dynamics": 3.0713820457458496,
  "format": 1245190,
  "frames": 19170240,
  "loudness": -9.961509704589844,
  "loudness_range": 9.57628345489502,
  "loudness_range_short": 12.409557342529297,
  "lowpass_true_peak_15khz": 1.3740465641021729,
  "mastering3_acoustic_entropies": [
    {
      "acoustic_entropy": 6.786624908447266,
      "acoustic_entropy_mono": 6.884446620941162,
      "band_eliminated_acoustic_entropies": [
        {
          "acoustic_entropy": 6.621169090270996,
          "acoustic_entropy_side": 6.785999298095703,
          "hz": 129.47220167065723
        },
        {
          "acoustic_entropy": 6.304764270782471,
          "acoustic_entropy_side": 6.781692981719971,
          "hz": 202.92927478742237
        },
        {
          "acoustic_entropy": 6.933725357055664,
          "acoustic_entropy_side": 6.831743240356445,
          "hz": 282.89161906338205
        },
        {
          "acoustic_entropy": 6.992471694946289,
          "acoustic_entropy_side": 6.761668682098389,
          "hz": 369.9353335868758
        },
        {
          "acoustic_entropy": 6.643093109130859,
          "acoustic_entropy_side": 6.937050819396973,
          "hz": 464.6875360973435
        },
        {
          "acoustic_entropy": 6.652945041656494,
          "acoustic_entropy_side": 7.013545989990234,
          "hz": 567.8308811364784
        },
        {
          "acoustic_entropy": 6.592770576477051,
          "acoustic_entropy_side": 6.652599811553955,
          "hz": 680.1084783214808
        },
        {
          "acoustic_entropy": 6.782762050628662,
          "acoustic_entropy_side": 6.860285758972168,
          "hz": 802.3292461747484
        },
        {
          "acoustic_entropy": 7.143410682678223,
          "acoustic_entropy_side": 6.888621807098389,
          "hz": 935.3737400823702
        },
        {
          "acoustic_entropy": 7.238222599029541,
          "acoustic_entropy_side": 7.2630934715271,
          "hz": 1080.2004963696966
        },
        {
          "acoustic_entropy": 6.564145565032959,
          "acoustic_entropy_side": 6.924419403076172,
          "hz": 1237.8529382007157
        },
        {
          "acoustic_entropy": 6.589738845825195,
          "acoustic_entropy_side": 6.503706455230713,
          "hz": 1409.4668930556702
        },
        {
          "acoustic_entropy": 6.312777996063232,
          "acoustic_entropy_side": 6.474122047424316,
          "hz": 1596.2787759475705
        },
        {
          "acoustic_entropy": 6.523106575012207,
          "acoustic_entropy_side": 6.793498516082764,
          "hz": 1799.6344973346393
        },
        {
          "acoustic_entropy": 6.8174357414245605,
          "acoustic_entropy_side": 6.856495380401611,
          "hz": 2020.9991599069049
        },
        {
          "acoustic_entropy": 6.859183311462402,
          "acoustic_entropy_side": 6.875085830688477,
          "hz": 2261.9676141086993
        },
        {
          "acoustic_entropy": 6.745806694030762,
          "acoustic_entropy_side": 6.777969837188721,
          "hz": 2524.2759484456974
        },
        {
          "acoustic_entropy": 6.782818794250488,
          "acoustic_entropy_side": 6.769796848297119,
          "hz": 2809.813997359896
        },
        {
          "acoustic_entropy": 6.799148082733154,
          "acoustic_entropy_side": 6.787533760070801,
          "hz": 3120.6389567871424
        },
        {
          "acoustic_entropy": 6.751978397369385,
          "acoustic_entropy_side": 6.774581432342529,
          "hz": 3458.990205492291
        },
        {
          "acoustic_entropy": 6.791260242462158,
          "acoustic_entropy_side": 6.810601711273193,
          "hz": 3827.305438964164
        },
        {
          "acoustic_entropy": 6.774943828582764,
          "acoustic_entropy_side": 6.77714204788208,
          "hz": 4228.238232109126
        },
        {
          "acoustic_entropy": 6.79439640045166,
          "acoustic_entropy_side": 6.773563861846924,
          "hz": 4664.6771572759235
        },
        {
          "acoustic_entropy": 6.680922031402588,
          "acoustic_entropy_side": 6.762368202209473,
          "hz": 5139.766595350093
        },
        {
          "acoustic_entropy": 6.8111186027526855,
          "acoustic_entropy_side": 6.795993328094482,
          "hz": 5656.929389854203
        },
        {
          "acoustic_entropy": 6.849544525146484,
          "acoustic_entropy_side": 6.809713840484619,
          "hz": 6219.891507268283
        },
        {
          "acoustic_entropy": 6.832404613494873,
          "acoustic_entropy_side": 6.81235933303833,
          "hz": 6832.70888123896
        },
        {
          "acoustic_entropy": 6.849581241607666,
          "acoustic_entropy_side": 6.832535266876221,
          "hz": 7499.796634079867
        },
        {
          "acoustic_entropy": 6.824450969696045,
          "acoustic_entropy_side": 6.835193157196045,
          "hz": 8225.96088609342
        },
        {
          "acoustic_entropy": 6.862651348114014,
          "acoustic_entropy_side": 6.818665981292725,
          "hz": 9016.43338188839
        },
        {
          "acoustic_entropy": 6.845526218414307,
          "acoustic_entropy_side": 6.792611122131348,
          "hz": 9876.909183162974
        },
        {
          "acoustic_entropy": 6.822423934936523,
          "acoustic_entropy_side": 6.770159721374512,
          "hz": 10813.587699516042
        },
        {
          "acoustic_entropy": 6.915345668792725,
          "acoustic_entropy_side": 6.759183883666992,
          "hz": 11833.21735289826
        },
        {
          "acoustic_entropy": 6.9500813484191895,
          "acoustic_entropy_side": 6.772110939025879,
          "hz": 12943.144197493959
        },
        {
          "acoustic_entropy": 6.90332555770874,
          "acoustic_entropy_side": 6.796382904052734,
          "hz": 14151.364845322005
        },
        {
          "acoustic_entropy": 6.837770462036133,
          "acoustic_entropy_side": 6.78461217880249,
          "hz": 15466.58407886509
        },
        {
          "acoustic_entropy": 6.786374092102051,
          "acoustic_entropy_side": 6.7844557762146,
          "hz": 16898.27756580493
        },
        {
          "acoustic_entropy": 6.7663140296936035,
          "acoustic_entropy_side": 6.781486511230469,
          "hz": 18456.760127700032
        },
        {
          "acoustic_entropy": 6.752946376800537,
          "acoustic_entropy_side": 6.772586822509766,
          "hz": 20153.260054456492
        },
        {
          "acoustic_entropy": 6.805649280548096,
          "acoustic_entropy_side": 6.801670074462891,
          "hz": 22000.00000000001
        }
      ],
      "diff_acoustic_entropy": 4.6703290939331055,
      "sn": 6
    },
    {
      "acoustic_entropy": 11.802104949951172,
      "acoustic_entropy_mono": 10.71809196472168,
      "band_eliminated_acoustic_entropies": [
        {
          "acoustic_entropy": 11.843619346618652,
          "acoustic_entropy_side": 11.810247421264648,
          "hz": 129.47220167065723
        },
        {
          "acoustic_entropy": 11.865398406982422,
          "acoustic_entropy_side": 11.70472526550293,
          "hz": 202.92927478742237
        },
        {
          "acoustic_entropy": 11.692041397094727,
          "acoustic_entropy_side": 11.758947372436523,
          "hz": 282.89161906338205
        },
        {
          "acoustic_entropy": 11.785572052001953,
          "acoustic_entropy_side": 11.878707885742188,
          "hz": 369.9353335868758
        },
        {
          "acoustic_entropy": 11.802528381347656,
          "acoustic_entropy_side": 11.932754516601562,
          "hz": 464.6875360973435
        },
        {
          "acoustic_entropy": 11.632901191711426,
          "acoustic_entropy_side": 11.783958435058594,
          "hz": 567.8308811364784
        },
        {
          "acoustic_entropy": 11.585672378540039,
          "acoustic_entropy_side": 11.689867973327637,
          "hz": 680.1084783214808
        },
        {
          "acoustic_entropy": 12.197789192199707,
          "acoustic_entropy_side": 12.15610408782959,
          "hz": 802.3292461747484
        },
        {
          "acoustic_entropy": 11.39222240447998,
          "acoustic_entropy_side": 11.235030174255371,
          "hz": 935.3737400823702
        },
        {
          "acoustic_entropy": 11.494719505310059,
          "acoustic_entropy_side": 11.891867637634277,
          "hz": 1080.2004963696966
        },
        {
          "acoustic_entropy": 11.555514335632324,
          "acoustic_entropy_side": 11.933328628540039,
          "hz": 1237.8529382007157
        },
        {
          "acoustic_entropy": 11.680453300476074,
          "acoustic_entropy_side": 11.461905479431152,
          "hz": 1409.4668930556702
        },
        {
          "acoustic_entropy": 11.612140655517578,
          "acoustic_entropy_side": 11.45962142944336,
          "hz": 1596.2787759475705
        },
        {
          "acoustic_entropy": 11.4320650100708,
          "acoustic_entropy_side": 11.668976783752441,
          "hz": 1799.6344973346393
        },
        {
          "acoustic_entropy": 11.953251838684082,
          "acoustic_entropy_side": 11.809919357299805,
          "hz": 2020.9991599069049
        },
        {
          "acoustic_entropy": 11.47118091583252,
          "acoustic_entropy_side": 11.537942886352539,
          "hz": 2261.9676141086993
        },
        {
          "acoustic_entropy": 11.700511932373047,
          "acoustic_entropy_side": 11.657384872436523,
          "hz": 2524.2759484456974
        },
        {
          "acoustic_entropy": 11.813413619995117,
          "acoustic_entropy_side": 11.735274314880371,
          "hz": 2809.813997359896
        },
        {
          "acoustic_entropy": 11.936590194702148,
          "acoustic_entropy_side": 11.776834487915039,
          "hz": 3120.6389567871424
        },
        {
          "acoustic_entropy": 11.999398231506348,
          "acoustic_entropy_side": 11.8928804397583,
          "hz": 3458.990205492291
        },
        {
          "acoustic_entropy": 11.874320030212402,
          "acoustic_entropy_side": 11.89869213104248,
          "hz": 3827.305438964164
        },
        {
          "acoustic_entropy": 11.754875183105469,
          "acoustic_entropy_side": 11.833600997924805,
          "hz": 4228.238232109126
        },
        {
          "acoustic_entropy": 11.797892570495605,
          "acoustic_entropy_side": 11.869189262390137,
          "hz": 4664.6771572759235
        },
        {
          "acoustic_entropy": 11.76416301727295,
          "acoustic_entropy_side": 11.8658447265625,
          "hz": 5139.766595350093
        },
        {
          "acoustic_entropy": 11.613550186157227,
          "acoustic_entropy_side": 11.819560050964355,
          "hz": 5656.929389854203
        },
        {
          "acoustic_entropy": 11.651751518249512,
          "acoustic_entropy_side": 11.758331298828125,
          "hz": 6219.891507268283
        },
        {
          "acoustic_entropy": 11.655881881713867,
          "acoustic_entropy_side": 11.753263473510742,
          "hz": 6832.70888123896
        },
        {
          "acoustic_entropy": 11.421483993530273,
          "acoustic_entropy_side": 11.69904899597168,
          "hz": 7499.796634079867
        },
        {
          "acoustic_entropy": 11.30297565460205,
          "acoustic_entropy_side": 11.692719459533691,
          "hz": 8225.96088609342
        },
        {
          "acoustic_entropy": 11.434061050415039,
          "acoustic_entropy_side": 11.728767395019531,
          "hz": 9016.43338188839
        },
        {
          "acoustic_entropy": 11.558293342590332,
          "acoustic_entropy_side": 11.749750137329102,
          "hz": 9876.909183162974
        },
        {
          "acoustic_entropy": 11.576192855834961,
          "acoustic_entropy_side": 11.753437995910645,
          "hz": 10813.587699516042
        },
        {
          "acoustic_entropy": 11.502596855163574,
          "acoustic_entropy_side": 11.732759475708008,
          "hz": 11833.21735289826
        },
        {
          "acoustic_entropy": 11.367179870605469,
          "acoustic_entropy_side": 11.755975723266602,
          "hz": 12943.144197493959
        },
        {
          "acoustic_entropy": 11.453977584838867,
          "acoustic_entropy_side": 11.782981872558594,
          "hz": 14151.364845322005
        },
        {
          "acoustic_entropy": 11.46825885772705,
          "acoustic_entropy_side": 11.760774612426758,
          "hz": 15466.58407886509
        },
        {
          "acoustic_entropy": 11.620237350463867,
          "acoustic_entropy_side": 11.76633071899414,
          "hz": 16898.27756580493
        },
        {
          "acoustic_entropy": 11.697186470031738,
          "acoustic_entropy_side": 11.761127471923828,
          "hz": 18456.760127700032
        },
        {
          "acoustic_entropy": 11.764420509338379,
          "acoustic_entropy_side": 11.755897521972656,
          "hz": 20153.260054456492
        },
        {
          "acoustic_entropy": 11.78276538848877,
          "acoustic_entropy_side": 11.80125904083252,
          "hz": 22000.00000000001
        }
      ],
      "diff_acoustic_entropy": 8.661670684814453,
      "sn": 12
    },
    {
      "acoustic_entropy": 19.921775817871094,
      "acoustic_entropy_mono": 16.904260635375977,
      "band_eliminated_acoustic_entropies": [
        {
          "acoustic_entropy": 19.19303321838379,
          "acoustic_entropy_side": 19.8268985748291,
          "hz": 129.47220167065723
        },
        {
          "acoustic_entropy": 19.506710052490234,
          "acoustic_entropy_side": 19.902177810668945,
          "hz": 202.92927478742237
        },
        {
          "acoustic_entropy": 20.14438247680664,
          "acoustic_entropy_side": 19.864715576171875,
          "hz": 282.89161906338205
        },
        {
          "acoustic_entropy": 20.387380599975586,
          "acoustic_entropy_side": 20.53777503967285,
          "hz": 369.9353335868758
        },
        {
          "acoustic_entropy": 20.58216667175293,
          "acoustic_entropy_side": 20.68603515625,
          "hz": 464.6875360973435
        },
        {
          "acoustic_entropy": 20.24848747253418,
          "acoustic_entropy_side": 20.285436630249023,
          "hz": 567.8308811364784
        },
        {
          "acoustic_entropy": 19.58070945739746,
          "acoustic_entropy_side": 19.9818115234375,
          "hz": 680.1084783214808
        },
        {
          "acoustic_entropy": 20.152280807495117,
          "acoustic_entropy_side": 20.352188110351562,
          "hz": 802.3292461747484
        },
        {
          "acoustic_entropy": 19.407167434692383,
          "acoustic_entropy_side": 19.437267303466797,
          "hz": 935.3737400823702
        },
        {
          "acoustic_entropy": 20.228851318359375,
          "acoustic_entropy_side": 21.06569480895996,
          "hz": 1080.2004963696966
        },
        {
          "acoustic_entropy": 19.37751579284668,
          "acoustic_entropy_side": 19.92523193359375,
          "hz": 1237.8529382007157
        },
        {
          "acoustic_entropy": 19.817800521850586,
          "acoustic_entropy_side": 19.81641387939453,
          "hz": 1409.4668930556702
        },
        {
          "acoustic_entropy": 19.356613159179688,
          "acoustic_entropy_side": 19.988004684448242,
          "hz": 1596.2787759475705
        },
        {
          "acoustic_entropy": 19.469205856323242,
          "acoustic_entropy_side": 19.351076126098633,
          "hz": 1799.6344973346393
        },
        {
          "acoustic_entropy": 20.0465087890625,
          "acoustic_entropy_side": 20.371601104736328,
          "hz": 2020.9991599069049
        },
        {
          "acoustic_entropy": 19.393295288085938,
          "acoustic_entropy_side": 19.456937789916992,
          "hz": 2261.9676141086993
        },
        {
          "acoustic_entropy": 19.919092178344727,
          "acoustic_entropy_side": 20.03719711303711,
          "hz": 2524.2759484456974
        },
        {
          "acoustic_entropy": 20.194108963012695,
          "acoustic_entropy_side": 20.022825241088867,
          "hz": 2809.813997359896
        },
        {
          "acoustic_entropy": 19.908302307128906,
          "acoustic_entropy_side": 19.962055206298828,
