{
  "acoustic_entropy": 164.81101989746094,
  "bands": [
    {
      "high_freq": 148.1999969482422,
      "loudness": -31.727792739868164,
      "loudness_range": 13.220375061035156,
      "mid_mean": -28.296646118164062,
      "mid_to_side_loudness": -12.410154342651367,
      "mid_to_side_loudness_range": 6.913286209106445,
      "side_mean": -40.866634368896484
    },
    {
      "high_freq": 392.3793640136719,
      "loudness": -29.0660457611084,
      "loudness_range": 10.610130310058594,
      "low_freq": 148.1999969482422,
      "mid_mean": -26.508010864257812,
      "mid_to_side_loudness": -5.659656047821045,
      "mid_to_side_loudness_range": 6.722898006439209,
      "side_mean": -32.240394592285156
    },
    {
      "high_freq": 794.6976318359375,
      "loudness": -27.70311164855957,
      "loudness_range": 19.019851684570312,
      "low_freq": 392.3793640136719,
      "mid_mean": -26.118412017822266,
      "mid_to_side_loudness": -2.7830729484558105,
      "mid_to_side_loudness_range": 9.544095993041992,
      "side_mean": -28.866029739379883
    },
    {
      "high_freq": 1457.5709228515625,
      "loudness": -32.49970626831055,
      "loudness_range": 19.907928466796875,
      "low_freq": 794.6976318359375,
      "mid_mean": -30.37611198425293,
      "mid_to_side_loudness": -4.0715107917785645,
      "mid_to_side_loudness_range": 7.3830180168151855,
      "side_mean": -34.45973205566406
    },
    {
      "high_freq": 2549.74365234375,
      "loudness": -35.871089935302734,
      "loudness_range": 12.18221664428711,
      "low_freq": 1457.5709228515625,
      "mid_mean": -34.04490661621094,
      "mid_to_side_loudness": -2.9416468143463135,
      "mid_to_side_loudness_range": 5.316195487976074,
      "side_mean": -36.989803314208984
    },
    {
      "high_freq": 4349.24462890625,
      "loudness": -38.998504638671875,
      "loudness_range": 12.42880630493164,
      "low_freq": 2549.74365234375,
      "mid_mean": -37.511966705322266,
      "mid_to_side_loudness": -1.8533366918563843,
      "mid_to_side_loudness_range": 3.1454529762268066,
      "side_mean": -39.3593635559082
    },
    {
      "high_freq": 7314.1640625,
      "loudness": -42.50754165649414,
      "loudness_range": 12.040630340576172,
      "low_freq": 4349.24462890625,
      "mid_mean": -41.063873291015625,
      "mid_to_side_loudness": -1.719233512878418,
      "mid_to_side_loudness_range": 2.2266945838928223,
      "side_mean": -42.76017379760742
    },
    {
      "high_freq": 12199.2666015625,
      "loudness": -42.40451431274414,
      "loudness_range": 11.496147155761719,
      "low_freq": 7314.1640625,
      "mid_mean": -40.98871612548828,
      "mid_to_side_loudness": -1.656183123588562,
      "mid_to_side_loudness_range": 1.7506436109542847,
      "side_mean": -42.621116638183594
    },
    {
      "loudness": -43.831642150878906,
      "loudness_range": 15.466354370117188,
      "low_freq": 12199.2666015625,
      "mid_mean": -42.616512298583984,
      "mid_to_side_loudness": -1.2356467247009277,
      "mid_to_side_loudness_range": 1.4502060413360596,
      "side_mean": -43.82907485961914
    }
  ],
  "bands_short": [
    {
      "high_freq": 148.1999969482422,
      "loudness": -34.98042297363281,
      "loudness_range": 18.732254028320312,
      "mid_mean": -31.711977005004883,
      "mid_to_side_loudness": -12.493764877319336,
      "mid_to_side_loudness_range": 15.230859756469727,
      "side_mean": -44.39503479003906
    },
    {
      "high_freq": 392.3793640136719,
      "loudness": -29.347776412963867,
      "loudness_range": 13.739337921142578,
      "low_freq": 148.1999969482422,
      "mid_mean": -26.673738479614258,
      "mid_to_side_loudness": -6.836302280426025,
      "mid_to_side_loudness_range": 10.629417419433594,
      "side_mean": -33.672821044921875
    },
    {
      "high_freq": 794.6976318359375,
      "loudness": -29.18108367919922,
      "loudness_range": 22.016239166259766,
      "low_freq": 392.3793640136719,
      "mid_mean": -27.565778732299805,
      "mid_to_side_loudness": -3.0634334087371826,
      "mid_to_side_loudness_range": 10.974267959594727,
      "side_mean": -30.619918823242188
    },
    {
      "high_freq": 1457.5709228515625,
      "loudness": -33.12091064453125,
      "loudness_range": 20.89086151123047,
      "low_freq": 794.6976318359375,
      "mid_mean": -31.356788635253906,
      "mid_to_side_loudness": -3.5001378059387207,
      "mid_to_side_loudness_range": 10.430362701416016,
      "side_mean": -34.860137939453125
    },
    {
      "high_freq": 2549.74365234375,
      "loudness": -36.90195083618164,
      "loudness_range": 14.286449432373047,
      "low_freq": 1457.5709228515625,
      "mid_mean": -35.1054801940918,
      "mid_to_side_loudness": -3.013267755508423,
      "mid_to_side_loudness_range": 6.673447608947754,
      "side_mean": -38.12155532836914
    },
    {
      "high_freq": 4349.24462890625,
      "loudness": -39.34658432006836,
      "loudness_range": 14.554193496704102,
      "low_freq": 2549.74365234375,
      "mid_mean": -37.99717712402344,
      "mid_to_side_loudness": -1.645662546157837,
      "mid_to_side_loudness_range": 5.296692848205566,
      "side_mean": -39.636993408203125
    },
    {
      "high_freq": 7314.1640625,
      "loudness": -43.5737419128418,
      "loudness_range": 15.650115966796875,
      "low_freq": 4349.24462890625,
      "mid_mean": -42.10857009887695,
      "mid_to_side_loudness": -1.8306547403335571,
      "mid_to_side_loudness_range": 3.3851568698883057,
      "side_mean": -43.92216110229492
    },
    {
      "high_freq": 12199.2666015625,
      "loudness": -44.72605895996094,
      "loudness_range": 17.92523193359375,
      "low_freq": 7314.1640625,
      "mid_mean": -43.32554244995117,
      "mid_to_side_loudness": -1.6622560024261475,
      "mid_to_side_loudness_range": 2.6275198459625244,
      "side_mean": -44.97861862182617
    },
    {
      "loudness": -48.69074249267578,
      "loudness_range": 25.069438934326172,
      "low_freq": 12199.2666015625,
      "mid_mean": -47.6621208190918,
      "mid_to_side_loudness": -1.1251035928726196,
      "mid_to_side_loudness_range": 2.6711299419403076,
      "side_mean": -48.763755798339844
    }
  ],
  "bandwidth": 649.8867797851562,
  "channels": 2,
  "covariance": [
    [
      25.73493003845215,
      22.948810577392578,
      5.256282806396484,
      5.159806728363037,
      5.914106369018555,
      6.494835376739502,
      6.553012371063232,
      6.68182897567749,
      4.122030258178711,
      4.708439826965332,
      3.6066083908081055,
      4.534303665161133,
      3.9426443576812744,
      4.245707988739014,
      3.5511929988861084,
      3.8245205879211426,
      4.644370079040527,
      4.748603343963623
    ],
    [
      22.948810577392578,
      26.343517303466797,
      5.7079997062683105,
      5.27042293548584,
      7.544814586639404,
      8.292914390563965,
      8.446788787841797,
      8.714570045471191,
      5.3876423835754395,
      6.080673694610596,
      4.955459117889404,
      5.962752819061279,
      5.005135536193848,
      5.377894401550293,
      4.469888687133789,
      4.689706325531006,
      5.873721599578857,
      5.920812606811523
    ],
    [
      5.256282806396484,
      5.7079997062683105,
      20.85417366027832,
      19.893402099609375,
      12.603554725646973,
      12.874049186706543,
      8.128873825073242,
      7.676060199737549,
      2.484760284423828,
      2.710601806640625,
      0.5104454159736633,
      1.3709421157836914,
      0.9518747925758362,
      1.4014618396759033,
      1.9918931722640991,
      2.53832745552063,
      4.511721134185791,
      5.361820697784424
    ],
    [
      5.159806728363037,
      5.27042293548584,
      19.893402099609375,
      26.395973205566406,
      11.830060958862305,
      11.265342712402344,
      7.345548629760742,
      6.994110107421875,
      1.955234169960022,
      2.0984482765197754,
      -0.06313662976026535,
      0.988739550113678,
      1.2808468341827393,
      1.729711890220642,
      2.3534231185913086,
      2.95892596244812,
      5.102211952209473,
      6.038561820983887
    ],
    [
      5.914106369018555,
      7.544814586639404,
      12.603554725646973,
      11.830060958862305,
      42.529502868652344,
      38.01469039916992,
      15.691692352294922,
      14.956557273864746,
      10.382855415344238,
      10.414347648620605,
      9.55687141418457,
      10.070724487304688,
      6.253889560699463,
      6.744456768035889,
      7.165107727050781,
      7.795356273651123,
      12.031999588012695,
      12.911870002746582
    ],
    [
      6.494835376739502,
      8.292914390563965,
      12.874049186706543,
      11.265342712402344,
      38.01469039916992,
      44.386898040771484,
      20.0679874420166,
      19.03285789489746,
      11.576774597167969,
      12.262577056884766,
      9.966686248779297,
      10.977896690368652,
      6.110164642333984,
      6.624017715454102,
      7.045253753662109,
      7.657395362854004,
      11.858399391174316,
      12.78572940826416
    ],
    [
      6.553012371063232,
      8.446788787841797,
      8.128873825073242,
      7.345548629760742,
      15.691692352294922,
      20.0679874420166,
      37.10188293457031,
      35.0201530456543,
      16.879793167114258,
      18.358789443969727,
      12.764949798583984,
      13.686144828796387,
      9.63803482055664,
      9.5996732711792,
      8.355158805847168,
      8.256267547607422,
      9.982396125793457,
      9.96488094329834
    ],
    [
      6.68182897567749,
      8.714570045471191,
      7.676060199737549,
      6.994110107421875,
      14.956557273864746,
      19.03285789489746,
      35.0201530456543,
      39.643898010253906,
      18.955223083496094,
      18.773643493652344,
      14.852705955505371,
      15.980875968933105,
      11.907267570495605,
      11.8128080368042,
      10.03038215637207,
      9.736934661865234,
      11.255559921264648,
      11.13847541809082
    ],
    [
      4.122030258178711,
      5.3876423835754395,
      2.484760284423828,
      1.955234169960022,
      10.382855415344238,
      11.576774597167969,
      16.879793167114258,
      18.955223083496094,
      19.54600715637207,
      16.907611846923828,
      14.784053802490234,
      14.523494720458984,
      11.190611839294434,
      10.626964569091797,
      7.633134841918945,
      7.0813307762146,
      6.780111312866211,
      6.1801981925964355
    ],
    [
      4.708439826965332,
      6.080673694610596,
      2.710601806640625,
      2.0984482765197754,
      10.414347648620605,
      12.262577056884766,
      18.358789443969727,
      18.773643493652344,
      16.907611846923828,
      18.09129524230957,
      14.214102745056152,
      14.116447448730469,
      10.535115242004395,
      9.967818260192871,
      7.05121374130249,
      6.527227401733398,
      6.128254413604736,
      5.593226909637451
    ],
    [
      3.6066083908081055,
      4.955459117889404,
      0.5104454159736633,
      -0.06313662976026535,
      9.55687141418457,
      9.966686248779297,
      12.764949798583984,
      14.852705955505371,
      14.784053802490234,
      14.214102745056152,
      20.277992248535156,
      19.192495346069336,
      17.450307846069336,
      16.895923614501953,
      12.458236694335938,
      12.004012107849121,
      12.602056503295898,
      11.939096450805664
    ],
    [
      4.534303665161133,
      5.962752819061279,
      1.3709421157836914,
      0.988739550113678,
      10.070724487304688,
      10.977896690368652,
      13.686144828796387,
      15.980875968933105,
      14.523494720458984,
      14.116447448730469,
      19.192495346069336,
      19.42716407775879,
      16.94189453125,
      16.60940933227539,
      12.517160415649414,
      12.186758995056152,
      13.222556114196777,
      12.69321060180664
    ],
    [
      3.9426443576812744,
      5.005135536193848,
      0.9518747925758362,
      1.2808468341827393,
      6.253889560699463,
      6.110164642333984,
      9.63803482055664,
      11.907267570495605,
      11.190611839294434,
      10.535115242004395,
      17.450307846069336,
      16.94189453125,
      20.260173797607422,
      19.84150505065918,
      15.409163475036621,
      15.111939430236816,
      16.253856658935547,
      15.88175106048584
    ],
    [
      4.245707988739014,
      5.377894401550293,
      1.4014618396759033,
      1.729711890220642,
      6.744456768035889,
      6.624017715454102,
      9.5996732711792,
      11.8128080368042,
      10.626964569091797,
      9.967818260192871,
      16.895923614501953,
      16.60940933227539,
      19.84150505065918,
      20.256202697753906,
      15.777901649475098,
      15.675005912780762,
      17.38923454284668,
      17.153921127319336
    ],
    [
      3.5511929988861084,
      4.469888687133789,
      1.9918931722640991,
      2.3534231185913086,
      7.165107727050781,
      7.045253753662109,
      8.355158805847168,
      10.03038215637207,
      7.633134841918945,
      7.05121374130249,
      12.458236694335938,
      12.517160415649414,
      15.409163475036621,
      15.777901649475098,
      18.95259666442871,
      18.3873291015625,
      22.350343704223633,
      22.34591293334961
    ],
    [
      3.8245205879211426,
      4.689706325531006,
      2.53832745552063,
      2.95892596244812,
      7.795356273651123,
      7.657395362854004,
      8.256267547607422,
      9.736934661865234,
      7.0813307762146,
      6.527227401733398,
      12.004012107849121,
      12.186758995056152,
      15.111939430236816,
      15.675005912780762,
      18.3873291015625,
      18.73661231994629,
      22.452350616455078,
      22.66187858581543
    ],
    [
      4.644370079040527,
      5.873721599578857,
      4.511721134185791,
      5.102211952209473,
      12.031999588012695,
      11.858399391174316,
      9.982396125793457,
      11.255559921264648,
      6.780111312866211,
      6.128254413604736,
      12.602056503295898,
      13.222556114196777,
      16.253856658935547,
      17.38923454284668,
      22.350343704223633,
      22.452350616455078,
      32.539451599121094,
      32.50275421142578
    ],
    [
      4.748603343963623,
      5.920812606811523,
      5.361820697784424,
      6.038561820983887,
      12.911870002746582,
      12.78572940826416,
      9.96488094329834,
      11.13847541809082,
      6.1801981925964355,
      5.593226909637451,
      11.939096450805664,
      12.69321060180664,
      15.88175106048584,
      17.153921127319336,
      22.34591293334961,
      22.66187858581543,
      32.50275421142578,
      33.24945068359375
    ]
  ],
  "covariance_short": [
    [
      48.291927337646484,
      33.5880012512207,
      9.744596481323242,
      7.57990837097168,
      7.65588903427124,
      8.15324592590332,
      6.518435955047607,
      6.418036460876465,
      4.030572891235352,
      5.039045333862305,
      3.3193740844726562,
      4.380389213562012,
      4.493439674377441,
      5.184669494628906,
      6.885080814361572,
      7.363648891448975,
      10.750866889953613,
      11.051042556762695
    ],
    [
      33.5880012512207,
      48.94219970703125,
      9.69090747833252,
      7.989435195922852,
      9.194878578186035,
      9.800219535827637,
      8.44823169708252,
      8.540477752685547,
      5.2740325927734375,
      6.380806922912598,
      4.869636058807373,
      6.1273322105407715,
      5.897149562835693,
      6.60075044631958,
      8.680867195129395,
      9.101520538330078,
      13.047831535339355,
      13.207014083862305
    ],
    [
      9.744596481323242,
      9.69090747833252,
      29.068904876708984,
      24.884273529052734,
      17.58631706237793,
      17.488311767578125,
      12.049007415771484,
      12.356476783752441,
      6.186731338500977,
      6.314802169799805,
      2.9230289459228516,
      3.6973888874053955,
      4.233656883239746,
      4.720443248748779,
      6.936922550201416,
      7.4488525390625,
      12.173571586608887,
      12.902709007263184
    ],
    [
      7.57990837097168,
      7.989435195922852,
      24.884273529052734,
      38.52333068847656,
      18.726444244384766,
      17.778940200805664,
      11.455660820007324,
      12.241157531738281,
      5.498448848724365,
      5.776446342468262,
      1.4487566947937012,
      2.3964953422546387,
      3.984924077987671,
      4.658296585083008,
      7.312779426574707,
      7.969574451446533,
      12.97605037689209,
      13.867203712463379
    ],
    [
      7.65588903427124,
      9.194878578186035,
      17.58631706237793,
      18.726444244384766,
      53.53784942626953,
      47.203060150146484,
      19.75641441345215,
      20.259672164916992,
      14.501008033752441,
      15.191926002502441,
      12.508443832397461,
      12.992141723632812,
      8.276679992675781,
      8.557125091552734,
      8.785751342773438,
      9.651741981506348,
      13.699851989746094,
      14.602622032165527
    ],
    [
      8.15324592590332,
      9.800219535827637,
      17.488311767578125,
      17.778940200805664,
      47.203060150146484,
      55.4240837097168,
      22.945541381835938,
      22.164316177368164,
      14.171868324279785,
      15.595545768737793,
      12.124269485473633,
      14.021385192871094,
      7.565370082855225,
      7.996057510375977,
      8.190112113952637,
      9.035569190979004,
      12.875517845153809,
      13.763960838317871
    ],
    [
      6.518435955047607,
      8.44823169708252,
      12.049007415771484,
      11.455660820007324,
      19.75641441345215,
      22.945541381835938,
      41.79144287109375,
      37.994144439697266,
      20.17331886291504,
      20.916492462158203,
      15.979934692382812,
      18.31703758239746,
      12.16417121887207,
      11.815779685974121,
      10.589889526367188,
      10.700583457946777,
      12.716967582702637,
      12.858625411987305
    ],
    [
      6.418036460876465,
      8.540477752685547,
      12.356476783752441,
      12.241157531738281,
      20.259672164916992,
      22.164316177368164,
      37.994144439697266,
      48.56414794921875,
      23.552011489868164,
      21.718338012695312,
      17.68941879272461,
      19.916013717651367,
      14.150213241577148,
      13.683575630187988,
      11.923283576965332,
      11.929256439208984,
      13.701127052307129,
      13.74179458618164
    ],
    [
      4.030572891235352,
      5.2740325927734375,
      6.186731338500977,
      5.498448848724365,
      14.501008033752441,
      14.171868324279785,
      20.17331886291504,
      23.552011489868164,
      26.348297119140625,
      21.96537208557129,
      18.984378814697266,
      19.010873794555664,
      15.225542068481445,
      14.476934432983398,
      11.51884937286377,
      11.137941360473633,
      11.849010467529297,
      11.318964004516602
    ],
    [
      5.039045333862305,
      6.380806922912598,
      6.314802169799805,
      5.776446342468262,
      15.191926002502441,
      15.595545768737793,
      20.916492462158203,
      21.718338012695312,
      21.96537208557129,
      23.756057739257812,
      18.183645248413086,
      18.463260650634766,
      14.672537803649902,
      13.97199821472168,
      10.893710136413574,
      10.591690063476562,
      11.131587028503418,
      10.649439811706543
    ],
    [
      3.3193740844726562,
      4.869636058807373,
      2.9230289459228516,
      1.4487566947937012,
      12.508443832397461,
      12.124269485473633,
      15.979934692382812,
      17.68941879272461,
      18.984378814697266,
      18.183645248413086,
      26.516368865966797,
      25.088134765625,
      23.648836135864258,
      22.94387435913086,
      18.41653060913086,
      18.312829971313477,
      19.666053771972656,
      19.1776180267334
    ],
    [
      4.380389213562012,
      6.1273322105407715,
      3.6973888874053955,
      2.3964953422546387,
      12.992141723632812,
      14.021385192871094,
      18.31703758239746,
      19.916013717651367,
      19.010873794555664,
      18.463260650634766,
      25.088134765625,
      27.22800064086914,
      22.96520233154297,
      22.6212100982666,
      18.15350914001465,
      18.228986740112305,
      19.61967658996582,
      19.3377685546875
    ],
    [
      4.493439674377441,
      5.897149562835693,
      4.233656883239746,
      3.984924077987671,
      8.276679992675781,
      7.565370082855225,
      12.16417121887207,
      14.150213241577148,
      15.225542068481445,
      14.672537803649902,
      23.648836135864258,
      22.96520233154297,
      31.243289947509766,
      30.260854721069336,
      27.99456024169922,
      28.163461685180664,
      32.69368362426758,
      32.486515045166016
    ],
    [
      5.184669494628906,
      6.60075044631958,
      4.720443248748779,
      4.658296585083008,
      8.557125091552734,
      7.996057510375977,
      11.815779685974121,
      13.683575630187988,
      14.476934432983398,
      13.97199821472168,
      22.94387435913086,
      22.6212100982666,
      30.260854721069336,
      31.201993942260742,
      28.283647537231445,
      28.733505249023438,
      33.61827850341797,
      33.61467742919922
    ],
    [
      6.885080814361572,
      8.680867195129395,
      6.936922550201416,
      7.312779426574707,
      8.785751342773438,
      8.190112113952637,
      10.589889526367188,
      11.923283576965332,
      11.51884937286377,
      10.893710136413574,
      18.41653060913086,
      18.15350914001465,
      27.99456024169922,
      28.283647537231445,
      38.74614334106445,
      38.19413757324219,
      49.335105895996094,
      48.703433990478516
    ],
    [
      7.363648891448975,
      9.101520538330078,
      7.4488525390625,
      7.969574451446533,
      9.651741981506348,
      9.035569190979004,
      10.700583457946777,
      11.929256439208984,
      11.137941360473633,
      10.591690063476562,
      18.312829971313477,
      18.228986740112305,
      28.163461685180664,
      28.733505249023438,
      38.19413757324219,
      39.1387825012207,
      49.844696044921875,
      49.44646453857422
    ],
    [
      10.750866889953613,
      13.047831535339355,
      12.173571586608887,
      12.97605037689209,
      13.699851989746094,
      12.875517845153809,
      12.716967582702637,
      13.701127052307129,
      11.849010467529297,
      11.131587028503418,
      19.666053771972656,
      19.61967658996582,
      32.69368362426758,
      33.61827850341797,
      49.335105895996094,
      49.844696044921875,
      71.55596923828125,
      70.3955078125
    ],
    [
      11.051042556762695,
      13.207014083862305,
      12.902709007263184,
      13.867203712463379,
      14.602622032165527,
      13.763960838317871,
      12.858625411987305,
      13.74179458618164,
      11.318964004516602,
      10.649439811706543,
      19.1776180267334,
      19.3377685546875,
      32.486515045166016,
      33.61467742919922,
      48.703433990478516,
      49.44646453857422,
      70.3955078125,
      70.91014099121094
    ]
  ],
  "damage": -8.377763748168945,
  "diff_bandwidth": 670.2457885742188,
  "dissonance": 7.2857063970452725,
  "drr": 11.572381973266602,
  "dynamics": 3.9766619205474854,
  "format": 1245190,
  "frames": 21551040,
  "loudness": -18.401084899902344,
  "loudness_range": 10.906946182250977,
  "loudness_range_short": 13.796051025390625,
  "lowpass_true_peak_15khz": -1.16744065284729,
  "mastering3_acoustic_entropies": [
    {
      "acoustic_entropy": 7.748987197875977,
      "acoustic_entropy_mono": 6.6980414390563965,
      "band_eliminated_acoustic_entropies": [
        {
          "acoustic_entropy": 7.722904205322266,
          "acoustic_entropy_side": 7.748745918273926,
          "hz": 129.47220167065723
        },
        {
          "acoustic_entropy": 7.654233932495117,
          "acoustic_entropy_side": 7.746808052062988,
          "hz": 202.92927478742237
        },
        {
          "acoustic_entropy": 8.115843772888184,
          "acoustic_entropy_side": 7.810945510864258,
          "hz": 282.89161906338205
        },
        {
          "acoustic_entropy": 7.0254387855529785,
          "acoustic_entropy_side": 7.883962631225586,
          "hz": 369.9353335868758
        },
        {
          "acoustic_entropy": 7.987375736236572,
          "acoustic_entropy_side": 7.757571697235107,
          "hz": 464.6875360973435
        },
        {
          "acoustic_entropy": 7.1682353019714355,
          "acoustic_entropy_side": 7.263692855834961,
          "hz": 567.8308811364784
        },
        {
          "acoustic_entropy": 7.270709991455078,
          "acoustic_entropy_side": 7.69765043258667,
          "hz": 680.1084783214808
        },
        {
          "acoustic_entropy": 7.391048908233643,
          "acoustic_entropy_side": 7.449219226837158,
          "hz": 802.3292461747484
        },
        {
          "acoustic_entropy": 7.346711158752441,
          "acoustic_entropy_side": 6.794925689697266,
          "hz": 935.3737400823702
        },
        {
          "acoustic_entropy": 7.129705905914307,
          "acoustic_entropy_side": 7.699761390686035,
          "hz": 1080.2004963696966
        },
        {
          "acoustic_entropy": 7.667623043060303,
          "acoustic_entropy_side": 7.541843414306641,
          "hz": 1237.8529382007157
        },
        {
          "acoustic_entropy": 7.730868339538574,
          "acoustic_entropy_side": 7.342661380767822,
          "hz": 1409.4668930556702
        },
        {
          "acoustic_entropy": 7.871426105499268,
          "acoustic_entropy_side": 7.421103477478027,
          "hz": 1596.2787759475705
        },
        {
          "acoustic_entropy": 7.707649230957031,
          "acoustic_entropy_side": 7.792162895202637,
          "hz": 1799.6344973346393
        },
        {
          "acoustic_entropy": 7.736037254333496,
          "acoustic_entropy_side": 7.767761707305908,
          "hz": 2020.9991599069049
        },
        {
          "acoustic_entropy": 7.805976390838623,
          "acoustic_entropy_side": 7.7778544425964355,
          "hz": 2261.9676141086993
        },
        {
          "acoustic_entropy": 7.72863245010376,
          "acoustic_entropy_side": 7.745861053466797,
          "hz": 2524.2759484456974
        },
        {
          "acoustic_entropy": 7.778359889984131,
          "acoustic_entropy_side": 7.802501678466797,
          "hz": 2809.813997359896
        },
        {
          "acoustic_entropy": 7.792924404144287,
          "acoustic_entropy_side": 7.757360935211182,
          "hz": 3120.6389567871424
        },
        {
          "acoustic_entropy": 7.78004789352417,
          "acoustic_entropy_side": 7.748211860656738,
          "hz": 3458.990205492291
        },
        {
          "acoustic_entropy": 7.791454315185547,
          "acoustic_entropy_side": 7.771007537841797,
          "hz": 3827.305438964164
        },
        {
          "acoustic_entropy": 7.734945774078369,
          "acoustic_entropy_side": 7.748418807983398,
          "hz": 4228.238232109126
        },
        {
          "acoustic_entropy": 7.738417148590088,
          "acoustic_entropy_side": 7.746464729309082,
          "hz": 4664.6771572759235
        },
        {
          "acoustic_entropy": 7.733645915985107,
          "acoustic_entropy_side": 7.745160102844238,
          "hz": 5139.766595350093
        },
        {
          "acoustic_entropy": 7.7241129875183105,
          "acoustic_entropy_side": 7.739209175109863,
          "hz": 5656.929389854203
        },
        {
          "acoustic_entropy": 7.732165336608887,
          "acoustic_entropy_side": 7.742980480194092,
          "hz": 6219.891507268283
        },
        {
          "acoustic_entropy": 7.737249374389648,
          "acoustic_entropy_side": 7.745371341705322,
          "hz": 6832.70888123896
        },
        {
          "acoustic_entropy": 7.727303504943848,
          "acoustic_entropy_side": 7.741117000579834,
          "hz": 7499.796634079867
        },
        {
          "acoustic_entropy": 7.726862907409668,
          "acoustic_entropy_side": 7.741579532623291,
          "hz": 8225.96088609342
        },
        {
          "acoustic_entropy": 7.712492942810059,
          "acoustic_entropy_side": 7.737551689147949,
          "hz": 9016.43338188839
        },
        {
          "acoustic_entropy": 7.672844409942627,
          "acoustic_entropy_side": 7.729470252990723,
          "hz": 9876.909183162974
        },
        {
          "acoustic_entropy": 7.593434810638428,
          "acoustic_entropy_side": 7.713591575622559,
          "hz": 10813.587699516042
        },
        {
          "acoustic_entropy": 7.516067981719971,
          "acoustic_entropy_side": 7.688121795654297,
          "hz": 11833.21735289826
        },
        {
          "acoustic_entropy": 7.502859115600586,
          "acoustic_entropy_side": 7.6723246574401855,
          "hz": 12943.144197493959
        },
        {
          "acoustic_entropy": 7.523224830627441,
          "acoustic_entropy_side": 7.680456161499023,
          "hz": 14151.364845322005
        },
        {
          "acoustic_entropy": 7.537900447845459,
          "acoustic_entropy_side": 7.68184232711792,
          "hz": 15466.58407886509
        },
        {
          "acoustic_entropy": 7.413233280181885,
          "acoustic_entropy_side": 7.630034923553467,
          "hz": 16898.27756580493
        },
        {
          "acoustic_entropy": 7.406949996948242,
          "acoustic_entropy_side": 7.628344535827637,
          "hz": 18456.760127700032
        },
        {
          "acoustic_entropy": 7.579875469207764,
          "acoustic_entropy_side": 7.694585800170898,
          "hz": 20153.260054456492
        },
        {
          "acoustic_entropy": 7.709036827087402,
          "acoustic_entropy_side": 7.735150337219238,
          "hz": 22000.00000000001
        }
      ],
      "diff_acoustic_entropy": 8.679765701293945,
      "sn": 6
    },
    {
      "acoustic_entropy": 12.809014320373535,
      "acoustic_entropy_mono": 12.169533729553223,
      "band_eliminated_acoustic_entropies": [
        {
          "acoustic_entropy": 12.762772560119629,
          "acoustic_entropy_side": 12.811752319335938,
          "hz": 129.47220167065723
        },
        {
          "acoustic_entropy": 12.23238754272461,
          "acoustic_entropy_side": 12.887141227722168,
          "hz": 202.92927478742237
        },
        {
          "acoustic_entropy": 13.421860694885254,
          "acoustic_entropy_side": 12.904391288757324,
          "hz": 282.89161906338205
        },
        {
          "acoustic_entropy": 11.74746036529541,
          "acoustic_entropy_side": 13.117084503173828,
          "hz": 369.9353335868758
        },
        {
          "acoustic_entropy": 13.072234153747559,
          "acoustic_entropy_side": 13.280416488647461,
          "hz": 464.6875360973435
        },
        {
          "acoustic_entropy": 13.42336654663086,
          "acoustic_entropy_side": 12.944035530090332,
          "hz": 567.8308811364784
        },
        {
          "acoustic_entropy": 12.655322074890137,
          "acoustic_entropy_side": 13.483844757080078,
          "hz": 680.1084783214808
        },
        {
          "acoustic_entropy": 12.868762969970703,
          "acoustic_entropy_side": 12.993335723876953,
          "hz": 802.3292461747484
        },
        {
          "acoustic_entropy": 13.010589599609375,
          "acoustic_entropy_side": 13.189778327941895,
          "hz": 935.3737400823702
        },
        {
          "acoustic_entropy": 12.323546409606934,
          "acoustic_entropy_side": 13.545928955078125,
          "hz": 1080.2004963696966
        },
        {
          "acoustic_entropy": 13.066754341125488,
          "acoustic_entropy_side": 13.299372673034668,
          "hz": 1237.8529382007157
        },
        {
          "acoustic_entropy": 12.60554027557373,
          "acoustic_entropy_side": 12.744218826293945,
          "hz": 1409.4668930556702
        },
        {
          "acoustic_entropy": 12.504796981811523,
          "acoustic_entropy_side": 13.154179573059082,
          "hz": 1596.2787759475705
        },
        {
          "acoustic_entropy": 12.756881713867188,
          "acoustic_entropy_side": 12.899372100830078,
          "hz": 1799.6344973346393
        },
        {
          "acoustic_entropy": 12.313162803649902,
          "acoustic_entropy_side": 12.47889232635498,
          "hz": 2020.9991599069049
        },
        {
          "acoustic_entropy": 12.431109428405762,
          "acoustic_entropy_side": 12.718255043029785,
          "hz": 2261.9676141086993
        },
        {
          "acoustic_entropy": 12.87140941619873,
          "acoustic_entropy_side": 12.79493236541748,
          "hz": 2524.2759484456974
        },
        {
          "acoustic_entropy": 12.44115161895752,
          "acoustic_entropy_side": 12.740743637084961,
          "hz": 2809.813997359896
        },
        {
          "acoustic_entropy": 12.585392951965332,
          "acoustic_entropy_side": 12.69290828704834,
          "hz": 3120.6389567871424
        },
        {
          "acoustic_entropy": 12.556744575500488,
          "acoustic_entropy_side": 12.738765716552734,
          "hz": 3458.990205492291
        },
        {
          "acoustic_entropy": 12.593178749084473,
          "acoustic_entropy_side": 12.7636079788208,
          "hz": 3827.305438964164
        },
        {
          "acoustic_entropy": 12.566168785095215,
          "acoustic_entropy_side": 12.729167938232422,
          "hz": 4228.238232109126
        },
        {
          "acoustic_entropy": 12.58135986328125,
          "acoustic_entropy_side": 12.749358177185059,
          "hz": 4664.6771572759235
        },
        {
          "acoustic_entropy": 12.58409309387207,
          "acoustic_entropy_side": 12.728163719177246,
          "hz": 5139.766595350093
        },
        {
          "acoustic_entropy": 12.619240760803223,
          "acoustic_entropy_side": 12.729728698730469,
          "hz": 5656.929389854203
        },
        {
          "acoustic_entropy": 12.690254211425781,
          "acoustic_entropy_side": 12.765932083129883,
          "hz": 6219.891507268283
        },
        {
          "acoustic_entropy": 12.73852825164795,
          "acoustic_entropy_side": 12.781268119812012,
          "hz": 6832.70888123896
        },
        {
          "acoustic_entropy": 12.758119583129883,
          "acoustic_entropy_side": 12.783393859863281,
          "hz": 7499.796634079867
        },
        {
          "acoustic_entropy": 12.764799118041992,
          "acoustic_entropy_side": 12.787822723388672,
          "hz": 8225.96088609342
        },
        {
          "acoustic_entropy": 12.762587547302246,
          "acoustic_entropy_side": 12.786431312561035,
          "hz": 9016.43338188839
        },
        {
          "acoustic_entropy": 12.751842498779297,
          "acoustic_entropy_side": 12.785828590393066,
          "hz": 9876.909183162974
        },
        {
          "acoustic_entropy": 12.731710433959961,
          "acoustic_entropy_side": 12.771793365478516,
          "hz": 10813.587699516042
        },
        {
          "acoustic_entropy": 12.702369689941406,
          "acoustic_entropy_side": 12.766606330871582,
          "hz": 11833.21735289826
        },
        {
          "acoustic_entropy": 12.688702583312988,
          "acoustic_entropy_side": 12.75495719909668,
          "hz": 12943.144197493959
        },
        {
          "acoustic_entropy": 12.696897506713867,
          "acoustic_entropy_side": 12.762116432189941,
          "hz": 14151.364845322005
        },
        {
          "acoustic_entropy": 12.697275161743164,
          "acoustic_entropy_side": 12.758692741394043,
          "hz": 15466.58407886509
        },
        {
          "acoustic_entropy": 12.608997344970703,
          "acoustic_entropy_side": 12.721633911132812,
          "hz": 16898.27756580493
        },
        {
          "acoustic_entropy": 12.577035903930664,
          "acoustic_entropy_side": 12.701326370239258,
          "hz": 18456.760127700032
        },
        {
          "acoustic_entropy": 12.669061660766602,
          "acoustic_entropy_side": 12.740548133850098,
          "hz": 20153.260054456492
        },
        {
          "acoustic_entropy": 12.743474006652832,
          "acoustic_entropy_side": 12.773696899414062,
          "hz": 22000.00000000001
        }
      ],
      "diff_acoustic_entropy": 12.7083101272583,
      "sn": 12
    },
    {
      "acoustic_entropy": 17.870473861694336,
      "acoustic_entropy_mono": 14.741978645324707,
      "band_eliminated_acoustic_entropies": [
        {
          "acoustic_entropy": 18.086111068725586,
          "acoustic_entropy_side": 17.871726989746094,
          "hz": 129.47220167065723
        },
        {
          "acoustic_entropy": 19.687936782836914,
          "acoustic_entropy_side": 17.916818618774414,
          "hz": 202.92927478742237
        },
        {
          "acoustic_entropy": 18.127086639404297,
          "acoustic_entropy_side": 17.46199607849121,
          "hz": 282.89161906338205
        },
        {
          "acoustic_entropy": 17.505300521850586,
          "acoustic_entropy_side": 18.03044891357422,
          "hz": 369.9353335868758
        },
        {
          "acoustic_entropy": 18.307056427001953,
          "acoustic_entropy_side": 17.86908531188965,
          "hz": 464.6875360973435
        },
        {
          "acoustic_entropy": 17.786096572875977,
          "acoustic_entropy_side": 17.113866806030273,
          "hz": 567.8308811364784
        },
        {
          "acoustic_entropy": 18.13983726501465,
          "acoustic_entropy_side": 18.951324462890625,
          "hz": 680.1084783214808
        },
        {
          "acoustic_entropy": 17.43667984008789,
          "acoustic_entropy_side": 18.089950561523438,
          "hz": 802.3292461747484
        },
        {
          "acoustic_entropy": 17.21533203125,
          "acoustic_entropy_side": 17.696962356567383,
          "hz": 935.3737400823702
        },
        {
          "acoustic_entropy": 17.24274253845215,
          "acoustic_entropy_side": 18.323368072509766,
          "hz": 1080.2004963696966
        },
        {
          "acoustic_entropy": 16.723649978637695,
          "acoustic_entropy_side": 17.313087463378906,
          "hz": 1237.8529382007157
        },
        {
          "acoustic_entropy": 17.546506881713867,
          "acoustic_entropy_side": 17.12091636657715,
          "hz": 1409.4668930556702
        },
        {
          "acoustic_entropy": 17.290334701538086,
          "acoustic_entropy_side": 17.630062103271484,
          "hz": 1596.2787759475705
        },
        {
          "acoustic_entropy": 17.893369674682617,
          "acoustic_entropy_side": 18.28242301940918,
          "hz": 1799.6344973346393
        },
        {
          "acoustic_entropy": 17.651947021484375,
          "acoustic_entropy_side": 17.36821937561035,
          "hz": 2020.9991599069049
        },
        {
          "acoustic_entropy": 17.968345642089844,
          "acoustic_entropy_side": 18.03207778930664,
          "hz": 2261.9676141086993
        },
        {
          "acoustic_entropy": 18.053747177124023,
          "acoustic_entropy_side": 18.02419662475586,
          "hz": 2524.2759484456974
        },
        {
          "acoustic_entropy": 17.805404663085938,
          "acoustic_entropy_side": 17.568418502807617,
          "hz": 2809.813997359896
        },
        {
          "acoustic_entropy": 18.255277633666992,
          "acoustic_entropy_side": 18.189701080322266,
