{
  "acoustic_entropy": 168.87913513183594,
  "bands": [
    {
      "high_freq": 148.1999969482422,
      "loudness": -39.33385467529297,
      "loudness_range": 25.59714126586914,
      "mid_mean": -37.18825912475586,
      "mid_to_side_loudness": -6.306682109832764,
      "mid_to_side_loudness_range": 17.66519546508789,
      "side_mean": -44.23353576660156
    },
    {
      "high_freq": 392.3793640136719,
      "loudness": -31.0914249420166,
      "loudness_range": 19.369600296020508,
      "low_freq": 148.1999969482422,
      "mid_mean": -29.98796844482422,
      "mid_to_side_loudness": -1.3146215677261353,
      "mid_to_side_loudness_range": 6.901392459869385,
      "side_mean": -31.290376663208008
    },
    {
      "high_freq": 794.6976318359375,
      "loudness": -32.919368743896484,
      "loudness_range": 20.74761390686035,
      "low_freq": 392.3793640136719,
      "mid_mean": -31.654287338256836,
      "mid_to_side_loudness": -1.4403201341629028,
      "mid_to_side_loudness_range": 7.901833534240723,
      "side_mean": -33.31735610961914
    },
    {
      "high_freq": 1457.5709228515625,
      "loudness": -35.23109436035156,
      "loudness_range": 23.379077911376953,
      "low_freq": 794.6976318359375,
      "mid_mean": -35.19062042236328,
      "mid_to_side_loudness": 0.6887924075126648,
      "mid_to_side_loudness_range": 6.639115333557129,
      "side_mean": -34.395164489746094
    },
    {
      "high_freq": 2549.74365234375,
      "loudness": -42.10071563720703,
      "loudness_range": 23.7122859954834,
      "low_freq": 1457.5709228515625,
      "mid_mean": -42.14151382446289,
      "mid_to_side_loudness": 0.20621168613433838,
      "mid_to_side_loudness_range": 7.738030433654785,
      "side_mean": -41.72012710571289
    },
    {
      "high_freq": 4349.24462890625,
      "loudness": -50.38563919067383,
      "loudness_range": 24.48309326171875,
      "low_freq": 2549.74365234375,
      "mid_mean": -51.17210388183594,
      "mid_to_side_loudness": -0.19508935511112213,
      "mid_to_side_loudness_range": 4.172567367553711,
      "side_mean": -51.34829330444336
    },
    {
      "high_freq": 7314.1640625,
      "loudness": -57.35649490356445,
      "loudness_range": 23.522186279296875,
      "low_freq": 4349.24462890625,
      "mid_mean": -56.30855941772461,
      "mid_to_side_loudness": 0.05553308501839638,
      "mid_to_side_loudness_range": 2.3206276893615723,
      "side_mean": -56.226600646972656
    },
    {
      "high_freq": 12199.2666015625,
      "loudness": -62.11845779418945,
      "loudness_range": 13.28497314453125,
      "low_freq": 7314.1640625,
      "mid_mean": -60.80682373046875,
      "mid_to_side_loudness": 0.1326093226671219,
      "mid_to_side_loudness_range": 0.7075651288032532,
      "side_mean": -60.6778564453125
    },
    {
      "loudness": -64.34210205078125,
      "loudness_range": 3.4880599975585938,
      "low_freq": 12199.2666015625,
      "mid_mean": -62.72475814819336,
      "mid_to_side_loudness": 0.09888788312673569,
      "mid_to_side_loudness_range": 0.4670497179031372,
      "side_mean": -62.639312744140625
    }
  ],
  "bands_short": [
    {
      "high_freq": 148.1999969482422,
      "loudness": -44.22893524169922,
      "loudness_range": 26.54941749572754,
      "mid_mean": -41.95821762084961,
      "mid_to_side_loudness": -8.394390106201172,
      "mid_to_side_loudness_range": 21.905729293823242,
      "side_mean": -51.39987564086914
    },
    {
      "high_freq": 392.3793640136719,
      "loudness": -31.14396095275879,
      "loudness_range": 21.190404891967773,
      "low_freq": 148.1999969482422,
      "mid_mean": -29.825876235961914,
      "mid_to_side_loudness": -2.047473907470703,
      "mid_to_side_loudness_range": 9.86070728302002,
      "side_mean": -31.926103591918945
    },
    {
      "high_freq": 794.6976318359375,
      "loudness": -33.2502326965332,
      "loudness_range": 22.551836013793945,
      "low_freq": 392.3793640136719,
      "mid_mean": -32.24479675292969,
      "mid_to_side_loudness": -1.0874913930892944,
      "mid_to_side_loudness_range": 9.228972434997559,
      "side_mean": -33.539215087890625
    },
    {
      "high_freq": 1457.5709228515625,
      "loudness": -36.316680908203125,
      "loudness_range": 24.643756866455078,
      "low_freq": 794.6976318359375,
      "mid_mean": -36.403079986572266,
      "mid_to_side_loudness": 0.5737144351005554,
      "mid_to_side_loudness_range": 8.49730110168457,
      "side_mean": -35.648292541503906
    },
    {
      "high_freq": 2549.74365234375,
      "loudness": -43.288360595703125,
      "loudness_range": 25.079492568969727,
      "low_freq": 1457.5709228515625,
      "mid_mean": -43.537845611572266,
      "mid_to_side_loudness": 0.21153517067432404,
      "mid_to_side_loudness_range": 8.736236572265625,
      "side_mean": -43.04838180541992
    },
    {
      "high_freq": 4349.24462890625,
      "loudness": -52.643951416015625,
      "loudness_range": 29.708850860595703,
      "low_freq": 2549.74365234375,
      "mid_mean": -52.14845275878906,
      "mid_to_side_loudness": -0.36308321356773376,
      "mid_to_side_loudness_range": 5.583789825439453,
      "side_mean": -52.464717864990234
    },
    {
      "high_freq": 7314.1640625,
      "loudness": -58.444488525390625,
      "loudness_range": 23.17279052734375,
      "low_freq": 4349.24462890625,
      "mid_mean": -57.31527328491211,
      "mid_to_side_loudness": 0.02508445642888546,
      "mid_to_side_loudness_range": 3.2912304401397705,
      "side_mean": -57.26271057128906
    },
    {
      "high_freq": 12199.2666015625,
      "loudness": -62.765663146972656,
      "loudness_range": 12.841384887695312,
      "low_freq": 7314.1640625,
      "mid_mean": -61.38327407836914,
      "mid_to_side_loudness": 0.12582606077194214,
      "mid_to_side_loudness_range": 1.747596263885498,
      "side_mean": -61.261898040771484
    },
    {
      "loudness": -64.41659545898438,
      "loudness_range": 3.6664390563964844,
      "low_freq": 12199.2666015625,
      "mid_mean": -62.78245162963867,
      "mid_to_side_loudness": 0.09188046306371689,
      "mid_to_side_loudness_range": 1.287922739982605,
      "side_mean": -62.703006744384766
    }
  ],
  "bandwidth": 566.7860717773438,
  "channels": 2,
  "covariance": [
    [
      88.60122680664062,
      55.376708984375,
      31.840646743774414,
      29.15237808227539,
      28.129594802856445,
      26.962085723876953,
      33.544395446777344,
      31.852977752685547,
      30.723434448242188,
      29.876893997192383,
      41.55762481689453,
      41.9079475402832,
      39.43198013305664,
      39.68020248413086,
      21.940906524658203,
      21.934846878051758,
      4.507658004760742,
      4.60968542098999
    ],
    [
      55.376708984375,
      68.2992172241211,
      41.00936508178711,
      40.286006927490234,
      34.846702575683594,
      37.500343322753906,
      37.306129455566406,
      36.1387939453125,
      33.975833892822266,
      31.42645835876465,
      44.95143127441406,
      45.234107971191406,
      30.3743953704834,
      30.434595108032227,
      12.123199462890625,
      12.056604385375977,
      2.7238540649414062,
      2.7995429039001465
    ],
    [
      31.840646743774414,
      41.00936508178711,
      54.008365631103516,
      49.78840255737305,
      38.68790817260742,
      42.820716857910156,
      39.96315002441406,
      39.30691909790039,
      37.16802978515625,
      33.49983596801758,
      45.22911071777344,
      45.127559661865234,
      30.3885440826416,
      30.349857330322266,
      11.096519470214844,
      11.055309295654297,
      2.385206937789917,
      2.446376323699951
    ],
    [
      29.15237808227539,
      40.286006927490234,
      49.78840255737305,
      54.925315856933594,
      41.268043518066406,
      44.69790267944336,
      39.38591766357422,
      39.68918991088867,
      37.543663024902344,
      32.78927993774414,
      45.099029541015625,
      45.1076774597168,
      28.529399871826172,
      28.377073287963867,
      9.155696868896484,
      9.08167839050293,
      2.111896276473999,
      2.1462342739105225
    ],
    [
      28.129594802856445,
      34.846702575683594,
      38.68790817260742,
      41.268043518066406,
      55.70540237426758,
      50.60976791381836,
      43.104644775390625,
      43.52185821533203,
      39.2143440246582,
      36.649959564208984,
      46.289676666259766,
      46.43649673461914,
      30.086881637573242,
      30.240596771240234,
      9.369135856628418,
      9.21835708618164,
      2.3357009887695312,
      2.352553129196167
    ],
    [
      26.962085723876953,
      37.500343322753906,
      42.820716857910156,
      44.69790267944336,
      50.60976791381836,
      57.98427200317383,
      45.960289001464844,
      45.30453872680664,
      41.773189544677734,
      38.266212463378906,
      49.005592346191406,
      48.82340621948242,
      30.318918228149414,
      30.548824310302734,
      8.910773277282715,
      8.804019927978516,
      2.2696120738983154,
      2.3018715381622314
    ],
    [
      33.544395446777344,
      37.306129455566406,
      39.96315002441406,
      39.38591766357422,
      43.104644775390625,
      45.960289001464844,
      65.62580871582031,
      60.626102447509766,
      54.205806732177734,
      52.457672119140625,
      57.09467315673828,
      57.49472427368164,
      37.820953369140625,
      38.25772476196289,
      13.316290855407715,
      13.173038482666016,
      3.0665812492370605,
      3.1850931644439697
    ],
    [
      31.852977752685547,
      36.1387939453125,
      39.30691909790039,
      39.68918991088867,
      43.52185821533203,
      45.30453872680664,
      60.626102447509766,
      65.8505630493164,
      53.466732025146484,
      50.828853607177734,
      57.550323486328125,
      57.90586471557617,
      37.23298263549805,
      37.75029373168945,
      13.14470386505127,
      12.998581886291504,
      3.102057933807373,
      3.221588373184204
    ],
    [
      30.723434448242188,
      33.975833892822266,
      37.16802978515625,
      37.543663024902344,
      39.2143440246582,
      41.773189544677734,
      54.205806732177734,
      53.466732025146484,
      74.38546752929688,
      70.08203125,
      63.015960693359375,
      63.28382873535156,
      43.211387634277344,
      43.0312385559082,
      15.460848808288574,
      15.377605438232422,
      3.5257346630096436,
      3.627305746078491
    ],
    [
      29.876893997192383,
      31.42645835876465,
      33.49983596801758,
      32.78927993774414,
      36.649959564208984,
      38.266212463378906,
      52.457672119140625,
      50.828853607177734,
      70.08203125,
      76.0802230834961,
      61.799102783203125,
      62.36857604980469,
      42.81645584106445,
      42.944664001464844,
      16.05097007751465,
      15.971421241760254,
      3.6674487590789795,
      3.775566816329956
    ],
    [
      41.55762481689453,
      44.95143127441406,
      45.22911071777344,
      45.099029541015625,
      46.289676666259766,
      49.005592346191406,
      57.09467315673828,
      57.550323486328125,
      63.015960693359375,
      61.799102783203125,
      89.3984146118164,
      87.70339965820312,
      59.79043960571289,
      60.198638916015625,
      24.210559844970703,
      24.11699104309082,
      6.1893205642700195,
      6.442137718200684
    ],
    [
      41.9079475402832,
      45.234107971191406,
      45.127559661865234,
      45.1076774597168,
      46.43649673461914,
      48.82340621948242,
      57.49472427368164,
      57.90586471557617,
      63.28382873535156,
      62.36857604980469,
      87.70339965820312,
      87.96666717529297,
      59.15091323852539,
      59.439109802246094,
      24.269603729248047,
      24.147462844848633,
      6.184163570404053,
      6.435898780822754
    ],
    [
      39.43198013305664,
      30.3743953704834,
      30.3885440826416,
      28.529399871826172,
      30.086881637573242,
      30.318918228149414,
      37.820953369140625,
      37.23298263549805,
      43.211387634277344,
      42.81645584106445,
      59.79043960571289,
      59.15091323852539,
      54.63670349121094,
      54.650733947753906,
      27.073928833007812,
      27.066242218017578,
      6.495999813079834,
      6.735487461090088
    ],
    [
      39.68020248413086,
      30.434595108032227,
      30.349857330322266,
      28.377073287963867,
      30.240596771240234,
      30.548824310302734,
      38.25772476196289,
      37.75029373168945,
      43.0312385559082,
      42.944664001464844,
      60.198638916015625,
      59.439109802246094,
      54.650733947753906,
      55.38074493408203,
      27.2896728515625,
      27.271432876586914,
      6.542483806610107,
      6.78724479675293
    ],
    [
      21.940906524658203,
      12.123199462890625,
      11.096519470214844,
      9.155696868896484,
      9.369135856628418,
      8.910773277282715,
      13.316290855407715,
      13.14470386505127,
      15.460848808288574,
      16.05097007751465,
      24.210559844970703,
      24.269603729248047,
      27.073928833007812,
      27.2896728515625,
      18.944820404052734,
      18.982507705688477,
      4.801931858062744,
      4.960626125335693
    ],
    [
      21.934846878051758,
      12.056604385375977,
      11.055309295654297,
      9.08167839050293,
      9.21835708618164,
      8.804019927978516,
      13.173038482666016,
      12.998581886291504,
      15.377605438232422,
      15.971421241760254,
      24.11699104309082,
      24.147462844848633,
      27.066242218017578,
      27.271432876586914,
      18.982507705688477,
      19.0761661529541,
      4.829106330871582,
      4.988302707672119
    ],
    [
      4.507658004760742,
      2.7238540649414062,
      2.385206937789917,
      2.111896276473999,
      2.3357009887695312,
      2.2696120738983154,
      3.0665812492370605,
      3.102057933807373,
      3.5257346630096436,
      3.6674487590789795,
      6.1893205642700195,
      6.184163570404053,
      6.495999813079834,
      6.542483806610107,
      4.801931858062744,
      4.829106330871582,
      1.74730384349823,
      1.7921744585037231
    ],
    [
      4.60968542098999,
      2.7995429039001465,
      2.446376323699951,
      2.1462342739105225,
      2.352553129196167,
      2.3018715381622314,
      3.1850931644439697,
      3.221588373184204,
      3.627305746078491,
      3.775566816329956,
      6.442137718200684,
      6.435898780822754,
      6.735487461090088,
      6.78724479675293,
      4.960626125335693,
      4.988302707672119,
      1.7921744585037231,
      1.8545918464660645
    ]
  ],
  "covariance_short": [
    [
      97.02915954589844,
      53.93227005004883,
      33.356666564941406,
      25.93688201904297,
      23.250255584716797,
      21.827394485473633,
      27.9116153717041,
      26.251705169677734,
      28.660533905029297,
      27.6121826171875,
      35.68716812133789,
      35.9254035949707,
      32.487281799316406,
      32.54833221435547,
      16.40945053100586,
      16.34257698059082,
      3.7018094062805176,
      3.7381410598754883
    ],
    [
      53.93227005004883,
      75.12066650390625,
      37.72705841064453,
      36.677093505859375,
      31.83787727355957,
      33.011653900146484,
      34.28107833862305,
      32.617828369140625,
      35.32278823852539,
      33.00361251831055,
      43.0959587097168,
      43.26788330078125,
      27.813365936279297,
      27.62354278564453,
      11.75049114227295,
      11.69086742401123,
      4.326396942138672,
      4.422921180725098
    ],
    [
      33.356666564941406,
      37.72705841064453,
      60.50300598144531,
      51.92474365234375,
      41.64219284057617,
      44.31819152832031,
      42.5138053894043,
      40.55894088745117,
      41.11042022705078,
      37.95494079589844,
      45.47174072265625,
      45.22035217285156,
      29.710573196411133,
      29.528751373291016,
      10.995959281921387,
      10.926969528198242,
      2.535410165786743,
      2.5723776817321777
    ],
    [
      25.93688201904297,
      36.677093505859375,
      51.92474365234375,
      59.18983459472656,
      44.2755126953125,
      48.252960205078125,
      42.630226135253906,
      43.006832122802734,
      41.72410583496094,
      37.76626968383789,
      45.170875549316406,
      44.865169525146484,
      26.024169921875,
      25.696619033813477,
      7.8542399406433105,
      7.759762287139893,
      2.0315117835998535,
      2.039924144744873
    ],
    [
      23.250255584716797,
      31.83787727355957,
      41.64219284057617,
      44.2755126953125,
      65.2044906616211,
      57.93745422363281,
      50.45336151123047,
      50.767677307128906,
      47.827064514160156,
      44.30529022216797,
      49.73689651489258,
      50.0307731628418,
      29.55812644958496,
      29.48814582824707,
      8.337313652038574,
      8.202754974365234,
      2.3069136142730713,
      2.292665958404541
    ],
    [
      21.827394485473633,
      33.011653900146484,
      44.31819152832031,
      48.252960205078125,
      57.93745422363281,
      66.5457763671875,
      51.99436950683594,
      51.33692932128906,
      49.585166931152344,
      45.538726806640625,
      51.3298225402832,
      51.17338180541992,
      28.633451461791992,
      28.64303207397461,
      7.5347137451171875,
      7.433722019195557,
      2.183485746383667,
      2.191819667816162
    ],
    [
      27.9116153717041,
      34.28107833862305,
      42.5138053894043,
      42.630226135253906,
      50.45336151123047,
      51.99436950683594,
      74.30404663085938,
      65.98743438720703,
      61.583152770996094,
      60.49946975708008,
      59.924110412597656,
      60.314857482910156,
      36.344970703125,
      36.6829719543457,
      11.195789337158203,
      11.057402610778809,
      2.9518322944641113,
      3.0291266441345215
    ],
    [
      26.251705169677734,
      32.617828369140625,
      40.55894088745117,
      43.006832122802734,
      50.767677307128906,
      51.33692932128906,
      65.98743438720703,
      74.23250579833984,
      61.18400573730469,
      58.60554885864258,
      59.49003219604492,
      59.77348709106445,
      34.65593338012695,
      35.08034133911133,
      10.533699035644531,
      10.409256935119629,
      2.8652584552764893,
      2.951270341873169
    ],
    [
      28.660533905029297,
      35.32278823852539,
      41.11042022705078,
      41.72410583496094,
      47.827064514160156,
      49.585166931152344,
      61.583152770996094,
      61.18400573730469,
      84.49690246582031,
      77.87992095947266,
      66.96236419677734,
      66.76431274414062,
      42.42983627319336,
      42.277103424072266,
      13.747537612915039,
      13.630332946777344,
      3.5369670391082764,
      3.595040798187256
    ],
    [
      27.6121826171875,
      33.00361251831055,
      37.95494079589844,
      37.76626968383789,
      44.30529022216797,
      45.538726806640625,
      60.49946975708008,
      58.60554885864258,
      77.87992095947266,
      85.7865219116211,
      65.1146240234375,
      65.37895202636719,
      41.625972747802734,
      41.78306579589844,
      13.994969367980957,
      13.89987850189209,
      3.607084035873413,
      3.6920552253723145
    ],
    [
      35.68716812133789,
      43.0959587097168,
      45.47174072265625,
      45.170875549316406,
      49.73689651489258,
      51.3298225402832,
      59.924110412597656,
      59.49003219604492,
      66.96236419677734,
      65.1146240234375,
      87.1326675415039,
      84.65554809570312,
      55.298683166503906,
      55.611995697021484,
      20.929943084716797,
      20.863624572753906,
      5.9378581047058105,
      6.143263816833496
    ],
    [
      35.9254035949707,
      43.26788330078125,
      45.22035217285156,
      44.865169525146484,
      50.0307731628418,
      51.17338180541992,
      60.314857482910156,
      59.77348709106445,
      66.76431274414062,
      65.37895202636719,
      84.65554809570312,
      85.69320678710938,
      54.853816986083984,
      55.11872482299805,
      21.169832229614258,
      21.081907272338867,
      5.977284908294678,
      6.178768634796143
    ],
    [
      32.487281799316406,
      27.813365936279297,
      29.710573196411133,
      26.024169921875,
      29.55812644958496,
      28.633451461791992,
      36.344970703125,
      34.65593338012695,
      42.42983627319336,
      41.625972747802734,
      55.298683166503906,
      54.853816986083984,
      51.753753662109375,
      51.28631591796875,
      24.521249771118164,
      24.49745750427246,
      6.52191686630249,
      6.711645603179932
    ],
    [
      32.54833221435547,
      27.62354278564453,
      29.528751373291016,
      25.696619033813477,
      29.48814582824707,
      28.64303207397461,
      36.6829719543457,
      35.08034133911133,
      42.277103424072266,
      41.78306579589844,
      55.611995697021484,
      55.11872482299805,
      51.28631591796875,
      52.105098724365234,
      24.625131607055664,
      24.602394104003906,
      6.540743827819824,
      6.738057613372803
    ],
    [
      16.40945053100586,
      11.75049114227295,
      10.995959281921387,
      7.8542399406433105,
      8.337313652038574,
      7.5347137451171875,
      11.195789337158203,
      10.533699035644531,
      13.747537612915039,
      13.994969367980957,
      20.929943084716797,
      21.169832229614258,
      24.521249771118164,
      24.625131607055664,
      17.327960968017578,
      17.247814178466797,
      4.961408615112305,
      5.091177463531494
    ],
    [
      16.34257698059082,
      11.69086742401123,
      10.926969528198242,
      7.759762287139893,
      8.202754974365234,
      7.433722019195557,
      11.057402610778809,
      10.409256935119629,
      13.630332946777344,
      13.89987850189209,
      20.863624572753906,
      21.081907272338867,
      24.49745750427246,
      24.602394104003906,
      17.247814178466797,
      17.419055938720703,
      4.9854936599731445,
      5.115882873535156
    ],
    [
      3.7018094062805176,
      4.326396942138672,
      2.535410165786743,
      2.0315117835998535,
      2.3069136142730713,
      2.183485746383667,
      2.9518322944641113,
      2.8652584552764893,
      3.5369670391082764,
      3.607084035873413,
      5.9378581047058105,
      5.977284908294678,
      6.52191686630249,
      6.540743827819824,
      4.961408615112305,
      4.9854936599731445,
      2.0732948780059814,
      2.0626161098480225
    ],
    [
      3.7381410598754883,
      4.422921180725098,
      2.5723776817321777,
      2.039924144744873,
      2.292665958404541,
      2.191819667816162,
      3.0291266441345215,
      2.951270341873169,
      3.595040798187256,
      3.6920552253723145,
      6.143263816833496,
      6.178768634796143,
      6.711645603179932,
      6.738057613372803,
      5.091177463531494,
      5.115882873535156,
      2.0626161098480225,
      2.1787610054016113
    ]
  ],
  "damage": -15.208503723144531,
  "diff_bandwidth": 601.5726928710938,
  "dissonance": 5.578408108451618,
  "drr": 0.9699718356132507,
  "dynamics": 4.792672634124756,
  "format": 1245190,
  "frames": 12027904,
  "loudness": -21.647178649902344,
  "loudness_range": 18.68931007385254,
  "loudness_range_short": 20.25772476196289,
  "lowpass_true_peak_15khz": -1.6461617946624756,
  "mastering3_acoustic_entropies": [
    {
      "acoustic_entropy": 6.925656318664551,
      "acoustic_entropy_mono": 5.732467174530029,
      "band_eliminated_acoustic_entropies": [
        {
          "acoustic_entropy": 6.810772895812988,
          "acoustic_entropy_side": 6.924478530883789,
          "hz": 129.47220167065723
        },
        {
          "acoustic_entropy": 6.347756385803223,
          "acoustic_entropy_side": 6.859970569610596,
          "hz": 202.92927478742237
        },
        {
          "acoustic_entropy": 7.239195823669434,
          "acoustic_entropy_side": 6.950206279754639,
          "hz": 282.89161906338205
        },
        {
          "acoustic_entropy": 7.150036334991455,
          "acoustic_entropy_side": 6.689174175262451,
          "hz": 369.9353335868758
        },
        {
          "acoustic_entropy": 6.510850429534912,
          "acoustic_entropy_side": 6.629978179931641,
          "hz": 464.6875360973435
        },
        {
          "acoustic_entropy": 7.044805526733398,
          "acoustic_entropy_side": 7.320654392242432,
          "hz": 567.8308811364784
        },
        {
          "acoustic_entropy": 8.123241424560547,
          "acoustic_entropy_side": 7.041117191314697,
          "hz": 680.1084783214808
        },
        {
          "acoustic_entropy": 6.327694892883301,
          "acoustic_entropy_side": 7.120603084564209,
          "hz": 802.3292461747484
        },
        {
          "acoustic_entropy": 7.013949394226074,
          "acoustic_entropy_side": 7.338638782501221,
          "hz": 935.3737400823702
        },
        {
          "acoustic_entropy": 6.720311164855957,
          "acoustic_entropy_side": 6.264158248901367,
          "hz": 1080.2004963696966
        },
        {
          "acoustic_entropy": 6.9600725173950195,
          "acoustic_entropy_side": 6.997651100158691,
          "hz": 1237.8529382007157
        },
        {
          "acoustic_entropy": 7.303925514221191,
          "acoustic_entropy_side": 7.334987163543701,
          "hz": 1409.4668930556702
        },
        {
          "acoustic_entropy": 7.010441780090332,
          "acoustic_entropy_side": 6.73402738571167,
          "hz": 1596.2787759475705
        },
        {
          "acoustic_entropy": 6.046188831329346,
          "acoustic_entropy_side": 6.308603286743164,
          "hz": 1799.6344973346393
        },
        {
          "acoustic_entropy": 7.250321388244629,
          "acoustic_entropy_side": 7.185336589813232,
          "hz": 2020.9991599069049
        },
        {
          "acoustic_entropy": 7.039057731628418,
          "acoustic_entropy_side": 6.94285774230957,
          "hz": 2261.9676141086993
        },
        {
          "acoustic_entropy": 7.088572978973389,
          "acoustic_entropy_side": 7.092109680175781,
          "hz": 2524.2759484456974
        },
        {
          "acoustic_entropy": 6.9885735511779785,
          "acoustic_entropy_side": 7.05869722366333,
          "hz": 2809.813997359896
        },
        {
          "acoustic_entropy": 7.0969319343566895,
          "acoustic_entropy_side": 7.0544209480285645,
          "hz": 3120.6389567871424
        },
        {
          "acoustic_entropy": 6.987459659576416,
          "acoustic_entropy_side": 6.982434272766113,
          "hz": 3458.990205492291
        },
        {
          "acoustic_entropy": 6.978810787200928,
          "acoustic_entropy_side": 6.95699405670166,
          "hz": 3827.305438964164
        },
        {
          "acoustic_entropy": 6.962413787841797,
          "acoustic_entropy_side": 6.944852828979492,
          "hz": 4228.238232109126
        },
        {
          "acoustic_entropy": 6.9394025802612305,
          "acoustic_entropy_side": 6.9310302734375,
          "hz": 4664.6771572759235
        },
        {
          "acoustic_entropy": 6.939504623413086,
          "acoustic_entropy_side": 6.931797027587891,
          "hz": 5139.766595350093
        },
        {
          "acoustic_entropy": 6.950054168701172,
          "acoustic_entropy_side": 6.936316013336182,
          "hz": 5656.929389854203
        },
        {
          "acoustic_entropy": 6.945387363433838,
          "acoustic_entropy_side": 6.934911727905273,
          "hz": 6219.891507268283
        },
        {
          "acoustic_entropy": 6.932324409484863,
          "acoustic_entropy_side": 6.926807880401611,
          "hz": 6832.70888123896
        },
        {
          "acoustic_entropy": 6.925731658935547,
          "acoustic_entropy_side": 6.925618648529053,
          "hz": 7499.796634079867
        },
        {
          "acoustic_entropy": 6.925724506378174,
          "acoustic_entropy_side": 6.925265789031982,
          "hz": 8225.96088609342
        },
        {
          "acoustic_entropy": 6.92520809173584,
          "acoustic_entropy_side": 6.92539119720459,
          "hz": 9016.43338188839
        },
        {
          "acoustic_entropy": 6.925290107727051,
          "acoustic_entropy_side": 6.925472259521484,
          "hz": 9876.909183162974
        },
        {
          "acoustic_entropy": 6.925302505493164,
          "acoustic_entropy_side": 6.925458908081055,
          "hz": 10813.587699516042
        },
        {
          "acoustic_entropy": 6.925386905670166,
          "acoustic_entropy_side": 6.925503730773926,
          "hz": 11833.21735289826
        },
        {
          "acoustic_entropy": 6.92556619644165,
          "acoustic_entropy_side": 6.925607681274414,
          "hz": 12943.144197493959
        },
        {
          "acoustic_entropy": 6.925622940063477,
          "acoustic_entropy_side": 6.925638198852539,
          "hz": 14151.364845322005
        },
        {
          "acoustic_entropy": 6.9256415367126465,
          "acoustic_entropy_side": 6.9256486892700195,
          "hz": 15466.58407886509
        },
        {
          "acoustic_entropy": 6.9256486892700195,
          "acoustic_entropy_side": 6.925652980804443,
          "hz": 16898.27756580493
        },
        {
          "acoustic_entropy": 6.925654888153076,
          "acoustic_entropy_side": 6.925656318664551,
          "hz": 18456.760127700032
        },
        {
          "acoustic_entropy": 6.925656318664551,
          "acoustic_entropy_side": 6.925656318664551,
          "hz": 20153.260054456492
        },
        {
          "acoustic_entropy": 6.925656318664551,
          "acoustic_entropy_side": 6.925656318664551,
          "hz": 22000.00000000001
        }
      ],
      "diff_acoustic_entropy": 4.623499870300293,
      "sn": 6
    },
    {
      "acoustic_entropy": 10.88003158569336,
      "acoustic_entropy_mono": 9.753920555114746,
      "band_eliminated_acoustic_entropies": [
        {
          "acoustic_entropy": 10.793596267700195,
          "acoustic_entropy_side": 10.881831169128418,
          "hz": 129.47220167065723
        },
        {
          "acoustic_entropy": 9.635040283203125,
          "acoustic_entropy_side": 10.901386260986328,
          "hz": 202.92927478742237
        },
        {
          "acoustic_entropy": 11.06410026550293,
          "acoustic_entropy_side": 10.970934867858887,
          "hz": 282.89161906338205
        },
        {
          "acoustic_entropy": 11.021700859069824,
          "acoustic_entropy_side": 10.824325561523438,
          "hz": 369.9353335868758
        },
        {
          "acoustic_entropy": 10.214653015136719,
          "acoustic_entropy_side": 10.753458023071289,
          "hz": 464.6875360973435
        },
        {
          "acoustic_entropy": 9.942390441894531,
          "acoustic_entropy_side": 10.433683395385742,
          "hz": 567.8308811364784
        },
        {
          "acoustic_entropy": 11.124961853027344,
          "acoustic_entropy_side": 10.476814270019531,
          "hz": 680.1084783214808
        },
        {
          "acoustic_entropy": 9.946008682250977,
          "acoustic_entropy_side": 10.43106746673584,
          "hz": 802.3292461747484
        },
        {
          "acoustic_entropy": 10.557680130004883,
          "acoustic_entropy_side": 11.427597045898438,
          "hz": 935.3737400823702
        },
        {
          "acoustic_entropy": 9.842362403869629,
          "acoustic_entropy_side": 10.113290786743164,
          "hz": 1080.2004963696966
        },
        {
          "acoustic_entropy": 10.853758811950684,
          "acoustic_entropy_side": 11.340692520141602,
          "hz": 1237.8529382007157
        },
        {
          "acoustic_entropy": 10.342844009399414,
          "acoustic_entropy_side": 10.524052619934082,
          "hz": 1409.4668930556702
        },
        {
          "acoustic_entropy": 10.507040977478027,
          "acoustic_entropy_side": 10.651432037353516,
          "hz": 1596.2787759475705
        },
        {
          "acoustic_entropy": 9.698630332946777,
          "acoustic_entropy_side": 9.64798355102539,
          "hz": 1799.6344973346393
        },
        {
          "acoustic_entropy": 10.273255348205566,
          "acoustic_entropy_side": 10.320915222167969,
          "hz": 2020.9991599069049
        },
        {
          "acoustic_entropy": 10.690643310546875,
          "acoustic_entropy_side": 10.952862739562988,
          "hz": 2261.9676141086993
        },
        {
          "acoustic_entropy": 10.21406078338623,
          "acoustic_entropy_side": 10.314911842346191,
          "hz": 2524.2759484456974
        },
        {
          "acoustic_entropy": 11.07697582244873,
          "acoustic_entropy_side": 10.723898887634277,
          "hz": 2809.813997359896
        },
        {
          "acoustic_entropy": 10.874265670776367,
          "acoustic_entropy_side": 10.71661376953125,
          "hz": 3120.6389567871424
        },
        {
          "acoustic_entropy": 10.384223937988281,
          "acoustic_entropy_side": 10.667998313903809,
          "hz": 3458.990205492291
        },
        {
          "acoustic_entropy": 11.01162338256836,
          "acoustic_entropy_side": 11.010297775268555,
          "hz": 3827.305438964164
        },
        {
          "acoustic_entropy": 10.540458679199219,
          "acoustic_entropy_side": 10.498249053955078,
          "hz": 4228.238232109126
        },
        {
          "acoustic_entropy": 10.449234962463379,
          "acoustic_entropy_side": 10.536161422729492,
          "hz": 4664.6771572759235
        },
        {
          "acoustic_entropy": 10.51600456237793,
          "acoustic_entropy_side": 10.64305305480957,
          "hz": 5139.766595350093
        },
        {
          "acoustic_entropy": 10.33071231842041,
          "acoustic_entropy_side": 10.379776000976562,
          "hz": 5656.929389854203
        },
        {
          "acoustic_entropy": 10.466691970825195,
          "acoustic_entropy_side": 10.563669204711914,
          "hz": 6219.891507268283
        },
        {
          "acoustic_entropy": 10.599968910217285,
          "acoustic_entropy_side": 10.731330871582031,
          "hz": 6832.70888123896
        },
        {
          "acoustic_entropy": 10.74622631072998,
          "acoustic_entropy_side": 10.817834854125977,
          "hz": 7499.796634079867
        },
        {
          "acoustic_entropy": 10.815960884094238,
          "acoustic_entropy_side": 10.848716735839844,
          "hz": 8225.96088609342
        },
        {
          "acoustic_entropy": 10.86363697052002,
          "acoustic_entropy_side": 10.869318962097168,
          "hz": 9016.43338188839
        },
        {
          "acoustic_entropy": 10.879719734191895,
          "acoustic_entropy_side": 10.879334449768066,
          "hz": 9876.909183162974
        },
        {
          "acoustic_entropy": 10.877110481262207,
          "acoustic_entropy_side": 10.878351211547852,
          "hz": 10813.587699516042
        },
        {
          "acoustic_entropy": 10.878266334533691,
          "acoustic_entropy_side": 10.878915786743164,
          "hz": 11833.21735289826
        },
        {
          "acoustic_entropy": 10.879341125488281,
          "acoustic_entropy_side": 10.879680633544922,
          "hz": 12943.144197493959
        },
        {
          "acoustic_entropy": 10.87996768951416,
          "acoustic_entropy_side": 10.8800687789917,
          "hz": 14151.364845322005
        },
        {
          "acoustic_entropy": 10.880082130432129,
          "acoustic_entropy_side": 10.8800630569458,
          "hz": 15466.58407886509
        },
        {
          "acoustic_entropy": 10.88009262084961,
          "acoustic_entropy_side": 10.880064964294434,
          "hz": 16898.27756580493
        },
        {
          "acoustic_entropy": 10.880046844482422,
          "acoustic_entropy_side": 10.880038261413574,
          "hz": 18456.760127700032
        },
        {
          "acoustic_entropy": 10.88003158569336,
          "acoustic_entropy_side": 10.880033493041992,
          "hz": 20153.260054456492
        },
        {
          "acoustic_entropy": 10.88003158569336,
          "acoustic_entropy_side": 10.880032539367676,
          "hz": 22000.00000000001
        }
      ],
      "diff_acoustic_entropy": 7.844425201416016,
      "sn": 12
    },
    {
      "acoustic_entropy": 15.361842155456543,
      "acoustic_entropy_mono": 14.292588233947754,
      "band_eliminated_acoustic_entropies": [
        {
          "acoustic_entropy": 14.802326202392578,
          "acoustic_entropy_side": 15.4273681640625,
          "hz": 129.47220167065723
        },
        {
          "acoustic_entropy": 16.00284767150879,
          "acoustic_entropy_side": 15.616511344909668,
          "hz": 202.92927478742237
        },
        {
          "acoustic_entropy": 15.776046752929688,
          "acoustic_entropy_side": 15.663769721984863,
          "hz": 282.89161906338205
        },
        {
          "acoustic_entropy": 15.655871391296387,
          "acoustic_entropy_side": 15.725913047790527,
          "hz": 369.9353335868758
        },
        {
          "acoustic_entropy": 15.595527648925781,
          "acoustic_entropy_side": 15.56255054473877,
          "hz": 464.6875360973435
        },
        {
          "acoustic_entropy": 14.81514835357666,
          "acoustic_entropy_side": 15.292150497436523,
          "hz": 567.8308811364784
        },
        {
          "acoustic_entropy": 16.253620147705078,
          "acoustic_entropy_side": 14.944406509399414,
          "hz": 680.1084783214808
        },
        {
          "acoustic_entropy": 14.621891975402832,
          "acoustic_entropy_side": 14.779187202453613,
          "hz": 802.3292461747484
        },
        {
          "acoustic_entropy": 15.318337440490723,
          "acoustic_entropy_side": 15.89960765838623,
          "hz": 935.3737400823702
        },
        {
          "acoustic_entropy": 14.981891632080078,
          "acoustic_entropy_side": 15.296027183532715,
          "hz": 1080.2004963696966
        },
        {
          "acoustic_entropy": 15.059915542602539,
          "acoustic_entropy_side": 15.277902603149414,
          "hz": 1237.8529382007157
        },
        {
          "acoustic_entropy": 15.420974731445312,
          "acoustic_entropy_side": 15.67475414276123,
          "hz": 1409.4668930556702
        },
        {
          "acoustic_entropy": 15.52779483795166,
          "acoustic_entropy_side": 16.114011764526367,
          "hz": 1596.2787759475705
        },
        {
          "acoustic_entropy": 14.394744873046875,
          "acoustic_entropy_side": 14.887089729309082,
          "hz": 1799.6344973346393
        },
        {
          "acoustic_entropy": 15.450371742248535,
          "acoustic_entropy_side": 16.034053802490234,
          "hz": 2020.9991599069049
        },
        {
          "acoustic_entropy": 16.096433639526367,
          "acoustic_entropy_side": 15.89521598815918,
          "hz": 2261.9676141086993
        },
        {
          "acoustic_entropy": 15.37940788269043,
          "acoustic_entropy_side": 15.78191089630127,
          "hz": 2524.2759484456974
        },
        {
          "acoustic_entropy": 16.00493621826172,
          "acoustic_entropy_side": 15.906866073608398,
          "hz": 2809.813997359896
        },
        {
          "acoustic_entropy": 15.18975830078125,
          "acoustic_entropy_side": 14.779656410217285,
          "hz": 3120.6389567871424
        },
        {
