{
  "acoustic_entropy": 111.33834075927734,
  "bands": [
    {
      "high_freq": 148.1999969482422,
      "loudness": -37.0539665222168,
      "loudness_range": 24.466196060180664,
      "mid_mean": -35.166175842285156,
      "mid_to_side_loudness": -3.5237178802490234,
      "mid_to_side_loudness_range": 9.402860641479492,
      "side_mean": -38.76744842529297
    },
    {
      "high_freq": 392.3793640136719,
      "loudness": -28.256818771362305,
      "loudness_range": 22.82762908935547,
      "low_freq": 148.1999969482422,
      "mid_mean": -27.165658950805664,
      "mid_to_side_loudness": -1.8031848669052124,
      "mid_to_side_loudness_range": 7.738088607788086,
      "side_mean": -28.942703247070312
    },
    {
      "high_freq": 794.6976318359375,
      "loudness": -32.0869026184082,
      "loudness_range": 25.465469360351562,
      "low_freq": 392.3793640136719,
      "mid_mean": -31.61361312866211,
      "mid_to_side_loudness": -0.63274747133255,
      "mid_to_side_loudness_range": 6.6721673011779785,
      "side_mean": -32.38229751586914
    },
    {
      "high_freq": 1457.5709228515625,
      "loudness": -41.19746017456055,
      "loudness_range": 26.15198516845703,
      "low_freq": 794.6976318359375,
      "mid_mean": -40.536128997802734,
      "mid_to_side_loudness": -1.0936094522476196,
      "mid_to_side_loudness_range": 5.124524116516113,
      "side_mean": -41.64039993286133
    },
    {
      "high_freq": 2549.74365234375,
      "loudness": -44.97023010253906,
      "loudness_range": 26.695045471191406,
      "low_freq": 1457.5709228515625,
      "mid_mean": -44.35308837890625,
      "mid_to_side_loudness": -1.9288125038146973,
      "mid_to_side_loudness_range": 3.060760736465454,
      "side_mean": -46.713897705078125
    },
    {
      "high_freq": 4349.24462890625,
      "loudness": -49.1539192199707,
      "loudness_range": 28.98702621459961,
      "low_freq": 2549.74365234375,
      "mid_mean": -50.56244659423828,
      "mid_to_side_loudness": -1.9729031324386597,
      "mid_to_side_loudness_range": 2.3377437591552734,
      "side_mean": -52.2411003112793
    },
    {
      "high_freq": 7314.1640625,
      "loudness": -60.17527770996094,
      "loudness_range": 29.924575805664062,
      "low_freq": 4349.24462890625,
      "mid_mean": -58.07940673828125,
      "mid_to_side_loudness": -1.675306797027588,
      "mid_to_side_loudness_range": 1.5876832008361816,
      "side_mean": -59.333675384521484
    },
    {
      "high_freq": 12199.2666015625,
      "loudness": -66.89469146728516,
      "loudness_range": 20.319965362548828,
      "low_freq": 7314.1640625,
      "mid_mean": -63.5859260559082,
      "mid_to_side_loudness": -1.545061469078064,
      "mid_to_side_loudness_range": 1.531822919845581,
      "side_mean": -64.47449493408203
    },
    {
      "loudness": -66.52508544921875,
      "loudness_range": 5.588348388671875,
      "low_freq": 12199.2666015625,
      "mid_mean": -63.43803024291992,
      "mid_to_side_loudness": -4.228222370147705,
      "mid_to_side_loudness_range": 8.622519493103027,
      "side_mean": -66.06619262695312
    }
  ],
  "bands_short": [
    {
      "high_freq": 148.1999969482422,
      "loudness": -38.73276138305664,
      "loudness_range": 23.458850860595703,
      "mid_mean": -37.0553092956543,
      "mid_to_side_loudness": -3.5394253730773926,
      "mid_to_side_loudness_range": 13.803655624389648,
      "side_mean": -40.699134826660156
    },
    {
      "high_freq": 392.3793640136719,
      "loudness": -28.349180221557617,
      "loudness_range": 22.932552337646484,
      "low_freq": 148.1999969482422,
      "mid_mean": -27.299274444580078,
      "mid_to_side_loudness": -2.029994010925293,
      "mid_to_side_loudness_range": 9.656122207641602,
      "side_mean": -29.23651695251465
    },
    {
      "high_freq": 794.6976318359375,
      "loudness": -31.744131088256836,
      "loudness_range": 25.432931900024414,
      "low_freq": 392.3793640136719,
      "mid_mean": -31.238290786743164,
      "mid_to_side_loudness": -0.8164293766021729,
      "mid_to_side_loudness_range": 9.779495239257812,
      "side_mean": -32.204715728759766
    },
    {
      "high_freq": 1457.5709228515625,
      "loudness": -40.30872344970703,
      "loudness_range": 26.352703094482422,
      "low_freq": 794.6976318359375,
      "mid_mean": -39.955284118652344,
      "mid_to_side_loudness": -1.0224047899246216,
      "mid_to_side_loudness_range": 8.364319801330566,
      "side_mean": -40.949710845947266
    },
    {
      "high_freq": 2549.74365234375,
      "loudness": -44.926795959472656,
      "loudness_range": 26.190595626831055,
      "low_freq": 1457.5709228515625,
      "mid_mean": -44.42177200317383,
      "mid_to_side_loudness": -1.9020732641220093,
      "mid_to_side_loudness_range": 5.636715412139893,
      "side_mean": -46.85059356689453
    },
    {
      "high_freq": 4349.24462890625,
      "loudness": -49.06874084472656,
      "loudness_range": 28.288795471191406,
      "low_freq": 2549.74365234375,
      "mid_mean": -50.579402923583984,
      "mid_to_side_loudness": -2.001640558242798,
      "mid_to_side_loudness_range": 4.208861351013184,
      "side_mean": -52.27910232543945
    },
    {
      "high_freq": 7314.1640625,
      "loudness": -60.15582275390625,
      "loudness_range": 29.87569808959961,
      "low_freq": 4349.24462890625,
      "mid_mean": -58.1023063659668,
      "mid_to_side_loudness": -1.6876178979873657,
      "mid_to_side_loudness_range": 3.2542314529418945,
      "side_mean": -59.36150360107422
    },
    {
      "high_freq": 12199.2666015625,
      "loudness": -67.0263671875,
      "loudness_range": 20.43407440185547,
      "low_freq": 7314.1640625,
      "mid_mean": -63.66803741455078,
      "mid_to_side_loudness": -1.5589470863342285,
      "mid_to_side_loudness_range": 2.5077595710754395,
      "side_mean": -64.55866241455078
    },
    {
      "loudness": -66.56303405761719,
      "loudness_range": 5.594276428222656,
      "low_freq": 12199.2666015625,
      "mid_mean": -63.46430969238281,
      "mid_to_side_loudness": -4.218723773956299,
      "mid_to_side_loudness_range": 9.074441909790039,
      "side_mean": -66.08975982666016
    }
  ],
  "bandwidth": 434.300048828125,
  "channels": 2,
  "covariance": [
    [
      74.42333984375,
      67.62039947509766,
      41.97809982299805,
      43.4717903137207,
      56.41789627075195,
      56.89096450805664,
      55.90081024169922,
      54.02962875366211,
      56.12835693359375,
      59.47504425048828,
      70.82742309570312,
      67.5936050415039,
      51.87834930419922,
      48.78447341918945,
      29.168476104736328,
      27.063486099243164,
      5.78226375579834,
      7.450556755065918
    ],
    [
      67.62039947509766,
      70.82136535644531,
      43.753509521484375,
      44.267635345458984,
      54.76042556762695,
      55.549591064453125,
      55.437255859375,
      53.89801788330078,
      55.26768112182617,
      58.3276252746582,
      68.78181457519531,
      65.68341064453125,
      50.119895935058594,
      47.08390426635742,
      27.77837371826172,
      25.735872268676758,
      5.852281093597412,
      6.866086006164551
    ],
    [
      41.97809982299805,
      43.753509521484375,
      69.56519317626953,
      62.129371643066406,
      61.58334732055664,
      61.426822662353516,
      65.0420913696289,
      64.12975311279297,
      66.08677673339844,
      67.47777557373047,
      67.10269927978516,
      64.22142791748047,
      48.71875,
      46.15109634399414,
      25.862815856933594,
      24.310148239135742,
      2.9858250617980957,
      6.161063194274902
    ],
    [
      43.4717903137207,
      44.267635345458984,
      62.129371643066406,
      66.9031982421875,
      61.60977554321289,
      61.506744384765625,
      64.50186920166016,
      64.44282531738281,
      64.2569351196289,
      65.69578552246094,
      65.63417053222656,
      62.891517639160156,
      47.41815948486328,
      44.80240249633789,
      24.86038589477539,
      23.29582977294922,
      3.213060140609741,
      5.838922500610352
    ],
    [
      56.41789627075195,
      54.76042556762695,
      61.58334732055664,
      61.60977554321289,
      89.18914794921875,
      83.53565216064453,
      81.45081329345703,
      80.04676055908203,
      81.69068145751953,
      81.22669219970703,
      82.35889434814453,
      79.18514251708984,
      61.93206024169922,
      58.71969223022461,
      34.068389892578125,
      31.923812866210938,
      5.379177093505859,
      8.005247116088867
    ],
    [
      56.89096450805664,
      55.549591064453125,
      61.426822662353516,
      61.506744384765625,
      83.53565216064453,
      88.61768341064453,
      80.45292663574219,
      79.32247161865234,
      80.86701965332031,
      81.77108764648438,
      82.39078521728516,
      79.27220916748047,
      62.21177673339844,
      58.974693298339844,
      34.55955505371094,
      32.37174987792969,
      5.354057788848877,
      8.04625129699707
    ],
    [
      55.90081024169922,
      55.437255859375,
      65.0420913696289,
      64.50186920166016,
      81.45081329345703,
      80.45292663574219,
      91.0347900390625,
      86.39712524414062,
      86.7918930053711,
      85.56778717041016,
      87.05203247070312,
      83.55248260498047,
      66.25837707519531,
      62.8958740234375,
      36.2877311706543,
      34.07991027832031,
      5.2964701652526855,
      8.864583015441895
    ],
    [
      54.02962875366211,
      53.89801788330078,
      64.12975311279297,
      64.44282531738281,
      80.04676055908203,
      79.32247161865234,
      86.39712524414062,
      89.24368286132812,
      86.858154296875,
      85.96649932861328,
      88.22742462158203,
      84.75315856933594,
      67.32449340820312,
      63.85760498046875,
      37.060245513916016,
      34.785926818847656,
      5.378287315368652,
      8.758353233337402
    ],
    [
      56.12835693359375,
      55.26768112182617,
      66.08677673339844,
      64.2569351196289,
      81.69068145751953,
      80.86701965332031,
      86.7918930053711,
      86.858154296875,
      95.44265747070312,
      91.20451354980469,
      93.44013214111328,
      89.84791564941406,
      71.45338439941406,
      67.87385559082031,
      40.055320739746094,
      37.543338775634766,
      5.833456039428711,
      9.559979438781738
    ],
    [
      59.47504425048828,
      58.3276252746582,
      67.47777557373047,
      65.69578552246094,
      81.22669219970703,
      81.77108764648438,
      85.56778717041016,
      85.96649932861328,
      91.20451354980469,
      96.46784973144531,
      97.21064758300781,
      93.47339630126953,
      73.17333984375,
      69.43064880371094,
      40.8252067565918,
      38.26694107055664,
      6.083364963531494,
      9.72531795501709
    ],
    [
      70.82742309570312,
      68.78181457519531,
      67.10269927978516,
      65.63417053222656,
      82.35889434814453,
      82.39078521728516,
      87.05203247070312,
      88.22742462158203,
      93.44013214111328,
      97.21064758300781,
      122.94483184814453,
      116.88270568847656,
      89.38753509521484,
      84.1687240600586,
      49.826839447021484,
      46.242401123046875,
      11.763222694396973,
      13.962081909179688
    ],
    [
      67.5936050415039,
      65.68341064453125,
      64.22142791748047,
      62.891517639160156,
      79.18514251708984,
      79.27220916748047,
      83.55248260498047,
      84.75315856933594,
      89.84791564941406,
      93.47339630126953,
      116.88270568847656,
      111.66824340820312,
      85.47503662109375,
      80.51958465576172,
      47.878211975097656,
      44.50236892700195,
      11.21667766571045,
      13.28364086151123
    ],
    [
      51.87834930419922,
      50.119895935058594,
      48.71875,
      47.41815948486328,
      61.93206024169922,
      62.21177673339844,
      66.25837707519531,
      67.32449340820312,
      71.45338439941406,
      73.17333984375,
      89.38753509521484,
      85.47503662109375,
      69.77659606933594,
      65.75312042236328,
      40.48805618286133,
      37.65746307373047,
      9.564983367919922,
      11.176509857177734
    ],
    [
      48.78447341918945,
      47.08390426635742,
      46.15109634399414,
      44.80240249633789,
      58.71969223022461,
      58.974693298339844,
      62.8958740234375,
      63.85760498046875,
      67.87385559082031,
      69.43064880371094,
      84.1687240600586,
      80.51958465576172,
      65.75312042236328,
      62.26544189453125,
      38.27714920043945,
      35.61192321777344,
      8.944503784179688,
      10.53730583190918
    ],
    [
      29.168476104736328,
      27.77837371826172,
      25.862815856933594,
      24.86038589477539,
      34.068389892578125,
      34.55955505371094,
      36.2877311706543,
      37.060245513916016,
      40.055320739746094,
      40.8252067565918,
      49.826839447021484,
      47.878211975097656,
      40.48805618286133,
      38.27714920043945,
      25.878517150878906,
      24.032066345214844,
      6.457544803619385,
      7.363440990447998
    ],
    [
      27.063486099243164,
      25.735872268676758,
      24.310148239135742,
      23.29582977294922,
      31.923812866210938,
      32.37174987792969,
      34.07991027832031,
      34.785926818847656,
      37.543338775634766,
      38.26694107055664,
      46.242401123046875,
      44.50236892700195,
      37.65746307373047,
      35.61192321777344,
      24.032066345214844,
      22.509103775024414,
      5.969902515411377,
      6.861748695373535
    ],
    [
      5.78226375579834,
      5.852281093597412,
      2.9858250617980957,
      3.213060140609741,
      5.379177093505859,
      5.354057788848877,
      5.2964701652526855,
      5.378287315368652,
      5.833456039428711,
      6.083364963531494,
      11.763222694396973,
      11.21667766571045,
      9.564983367919922,
      8.944503784179688,
      6.457544803619385,
      5.969902515411377,
      3.9767956733703613,
      2.2347939014434814
    ],
    [
      7.450556755065918,
      6.866086006164551,
      6.161063194274902,
      5.838922500610352,
      8.005247116088867,
      8.04625129699707,
      8.864583015441895,
      8.758353233337402,
      9.559979438781738,
      9.72531795501709,
      13.962081909179688,
      13.28364086151123,
      11.176509857177734,
      10.53730583190918,
      7.363440990447998,
      6.861748695373535,
      2.2347939014434814,
      3.8180923461914062
    ]
  ],
  "covariance_short": [
    [
      72.73931884765625,
      58.753013610839844,
      40.330039978027344,
      40.63705825805664,
      49.177711486816406,
      50.31717300415039,
      52.64801025390625,
      50.41341018676758,
      51.46066665649414,
      55.28397750854492,
      65.54259490966797,
      62.73658752441406,
      48.31855010986328,
      45.493255615234375,
      26.884811401367188,
      24.970619201660156,
      4.996353626251221,
      7.1835126876831055
    ],
    [
      58.753013610839844,
      66.7072982788086,
      40.709285736083984,
      40.568214416503906,
      47.6004753112793,
      48.68215560913086,
      50.898963928222656,
      49.37873077392578,
      49.61029052734375,
      53.33139419555664,
      62.95307922363281,
      60.261409759521484,
      45.63710403442383,
      42.83005905151367,
      24.509197235107422,
      22.705703735351562,
      4.430558681488037,
      6.205699443817139
    ],
    [
      40.330039978027344,
      40.709285736083984,
      71.2206802368164,
      61.45293426513672,
      63.233070373535156,
      61.18805694580078,
      64.17914581298828,
      62.98601531982422,
      64.70262908935547,
      68.19881439208984,
      67.76785278320312,
      65.01600646972656,
      49.38422393798828,
      46.71509552001953,
      26.091083526611328,
      24.41864013671875,
      3.083155393600464,
      6.157588958740234
    ],
    [
      40.63705825805664,
      40.568214416503906,
      61.45293426513672,
      68.43507385253906,
      61.832435607910156,
      61.549903869628906,
      63.548667907714844,
      62.5073127746582,
      63.0275764465332,
      65.28431701660156,
      65.49141693115234,
      62.89552688598633,
      47.705440521240234,
      45.02363967895508,
      24.8935489654541,
      23.25128936767578,
      3.294728994369507,
      5.808290481567383
    ],
    [
      49.177711486816406,
      47.6004753112793,
      63.233070373535156,
      61.832435607910156,
      86.9344482421875,
      77.42364501953125,
      80.4281234741211,
      77.94227600097656,
      77.98499298095703,
      78.90641784667969,
      78.83213806152344,
      76.05516815185547,
      58.823116302490234,
      55.85468673706055,
      31.736480712890625,
      29.710500717163086,
      4.914710521697998,
      7.406689643859863
    ],
    [
      50.31717300415039,
      48.68215560913086,
      61.18805694580078,
      61.549903869628906,
      77.42364501953125,
      86.77337646484375,
      80.08589935302734,
      77.99513244628906,
      77.22115325927734,
      79.0034408569336,
      79.52416229248047,
      76.794677734375,
      59.76942443847656,
      56.73746109008789,
      32.60068893432617,
      30.543275833129883,
      5.175957679748535,
      7.594596862792969
    ],
    [
      52.64801025390625,
      50.898963928222656,
      64.17914581298828,
      63.548667907714844,
      80.4281234741211,
      80.08589935302734,
      96.05989837646484,
      87.92691040039062,
      86.56501770019531,
      86.2407455444336,
      87.23441314697266,
      84.11703491210938,
      66.97943115234375,
      63.64883041381836,
      36.452110290527344,
      34.14680862426758,
      5.434861660003662,
      9.086321830749512
    ],
    [
      50.41341018676758,
      49.37873077392578,
      62.98601531982422,
      62.5073127746582,
      77.94227600097656,
      77.99513244628906,
      87.92691040039062,
      93.49662780761719,
      86.23925018310547,
      85.50083923339844,
      87.31266784667969,
      84.29924774169922,
      67.17261505126953,
      63.78761672973633,
      36.717796325683594,
      34.409889221191406,
      5.255559921264648,
      8.961210250854492
    ],
    [
      51.46066665649414,
      49.61029052734375,
      64.70262908935547,
      63.0275764465332,
      77.98499298095703,
      77.22115325927734,
      86.56501770019531,
      86.23925018310547,
      95.66841125488281,
      89.84342956542969,
      91.8218765258789,
      88.55667877197266,
      70.69367218017578,
      67.15949249267578,
      39.17190933227539,
      36.73268508911133,
      5.619840145111084,
      9.475166320800781
    ],
    [
      55.28397750854492,
      53.33139419555664,
      68.19881439208984,
      65.28431701660156,
      78.90641784667969,
      79.0034408569336,
      86.2407455444336,
      85.50083923339844,
      89.84342956542969,
      97.92365264892578,
      96.80012512207031,
      93.35873413085938,
      72.99647521972656,
      69.27307891845703,
      40.19228744506836,
      37.66498565673828,
      5.841811656951904,
      9.559431076049805
    ],
    [
      65.54259490966797,
      62.95307922363281,
      67.76785278320312,
      65.49141693115234,
      78.83213806152344,
      79.52416229248047,
      87.23441314697266,
      87.31266784667969,
      91.8218765258789,
      96.80012512207031,
      123.4109878540039,
      116.88990020751953,
      89.05670928955078,
      83.87492370605469,
      48.940067291259766,
      45.40628433227539,
      11.551170349121094,
      13.730883598327637
    ],
    [
      62.73658752441406,
      60.261409759521484,
      65.01600646972656,
      62.89552688598633,
      76.05516815185547,
      76.794677734375,
      84.11703491210938,
      84.29924774169922,
      88.55667877197266,
      93.35873413085938,
      116.88990020751953,
      112.5511245727539,
      85.3447494506836,
      80.44403839111328,
      47.14324951171875,
      43.8039665222168,
      11.034263610839844,
      13.066873550415039
    ],
    [
      48.31855010986328,
      45.63710403442383,
      49.38422393798828,
      47.705440521240234,
      58.823116302490234,
      59.76942443847656,
      66.97943115234375,
      67.17261505126953,
      70.69367218017578,
      72.99647521972656,
      89.05670928955078,
      85.3447494506836,
      70.15013122558594,
      65.71695709228516,
      39.824134826660156,
      37.06262969970703,
      9.414599418640137,
      11.008447647094727
    ],
    [
      45.493255615234375,
      42.83005905151367,
      46.71509552001953,
      45.02363967895508,
      55.85468673706055,
      56.73746109008789,
      63.64883041381836,
      63.78761672973633,
      67.15949249267578,
      69.27307891845703,
      83.87492370605469,
      80.44403839111328,
      65.71695709228516,
      62.6766471862793,
      37.73073959350586,
      35.09719467163086,
      8.80794620513916,
      10.397189140319824
    ],
    [
      26.884811401367188,
      24.509197235107422,
      26.091083526611328,
      24.8935489654541,
      31.736480712890625,
      32.60068893432617,
      36.452110290527344,
      36.717796325683594,
      39.17190933227539,
      40.19228744506836,
      48.940067291259766,
      47.14324951171875,
      39.824134826660156,
      37.73073959350586,
      25.4267635345459,
      23.44780158996582,
      6.319619655609131,
      7.152106285095215
    ],
    [
      24.970619201660156,
      22.705703735351562,
      24.41864013671875,
      23.25128936767578,
      29.710500717163086,
      30.543275833129883,
      34.14680862426758,
      34.409889221191406,
      36.73268508911133,
      37.66498565673828,
      45.40628433227539,
      43.8039665222168,
      37.06262969970703,
      35.09719467163086,
      23.44780158996582,
      22.151592254638672,
      5.849488258361816,
      6.681967735290527
    ],
    [
      4.996353626251221,
      4.430558681488037,
      3.083155393600464,
      3.294728994369507,
      4.914710521697998,
      5.175957679748535,
      5.434861660003662,
      5.255559921264648,
      5.619840145111084,
      5.841811656951904,
      11.551170349121094,
      11.034263610839844,
      9.414599418640137,
      8.80794620513916,
      6.319619655609131,
      5.849488258361816,
      4.179195404052734,
      2.220170736312866
    ],
    [
      7.1835126876831055,
      6.205699443817139,
      6.157588958740234,
      5.808290481567383,
      7.406689643859863,
      7.594596862792969,
      9.086321830749512,
      8.961210250854492,
      9.475166320800781,
      9.559431076049805,
      13.730883598327637,
      13.066873550415039,
      11.008447647094727,
      10.397189140319824,
      7.152106285095215,
      6.681967735290527,
      2.220170736312866,
      3.9502923488616943
    ]
  ],
  "damage": -9.796893119812012,
  "diff_bandwidth": 457.2354736328125,
  "dissonance": 3.7003691117803816,
  "drr": 10.195577621459961,
  "dynamics": 5.942080020904541,
  "format": 1245190,
  "frames": 5931968,
  "loudness": -20.48769760131836,
  "loudness_range": 22.88848876953125,
  "loudness_range_short": 23.823503494262695,
  "lowpass_true_peak_15khz": -0.037572313100099564,
  "mastering3_acoustic_entropies": [
    {
      "acoustic_entropy": 5.29472541809082,
      "acoustic_entropy_mono": 4.9921441078186035,
      "band_eliminated_acoustic_entropies": [
        {
          "acoustic_entropy": 5.307127952575684,
          "acoustic_entropy_side": 5.303699016571045,
          "hz": 129.47220167065723
        },
        {
          "acoustic_entropy": 5.316887855529785,
          "acoustic_entropy_side": 5.298861503601074,
          "hz": 202.92927478742237
        },
        {
          "acoustic_entropy": 4.723414897918701,
          "acoustic_entropy_side": 4.851112365722656,
          "hz": 282.89161906338205
        },
        {
          "acoustic_entropy": 5.335329532623291,
          "acoustic_entropy_side": 5.251733779907227,
          "hz": 369.9353335868758
        },
        {
          "acoustic_entropy": 3.5960805416107178,
          "acoustic_entropy_side": 5.263481140136719,
          "hz": 464.6875360973435
        },
        {
          "acoustic_entropy": 5.0514020919799805,
          "acoustic_entropy_side": 5.022406578063965,
          "hz": 567.8308811364784
        },
        {
          "acoustic_entropy": 5.128592014312744,
          "acoustic_entropy_side": 5.23938512802124,
          "hz": 680.1084783214808
        },
        {
          "acoustic_entropy": 5.290428638458252,
          "acoustic_entropy_side": 5.2816948890686035,
          "hz": 802.3292461747484
        },
        {
          "acoustic_entropy": 5.166694641113281,
          "acoustic_entropy_side": 5.213588714599609,
          "hz": 935.3737400823702
        },
        {
          "acoustic_entropy": 5.313413619995117,
          "acoustic_entropy_side": 5.309998512268066,
          "hz": 1080.2004963696966
        },
        {
          "acoustic_entropy": 5.249558448791504,
          "acoustic_entropy_side": 5.2805376052856445,
          "hz": 1237.8529382007157
        },
        {
          "acoustic_entropy": 5.265366554260254,
          "acoustic_entropy_side": 5.268454551696777,
          "hz": 1409.4668930556702
        },
        {
          "acoustic_entropy": 5.238044738769531,
          "acoustic_entropy_side": 5.292425155639648,
          "hz": 1596.2787759475705
        },
        {
          "acoustic_entropy": 5.259748935699463,
          "acoustic_entropy_side": 5.278400897979736,
          "hz": 1799.6344973346393
        },
        {
          "acoustic_entropy": 5.2656941413879395,
          "acoustic_entropy_side": 5.281155586242676,
          "hz": 2020.9991599069049
        },
        {
          "acoustic_entropy": 5.259365081787109,
          "acoustic_entropy_side": 5.280714511871338,
          "hz": 2261.9676141086993
        },
        {
          "acoustic_entropy": 5.2782464027404785,
          "acoustic_entropy_side": 5.289616584777832,
          "hz": 2524.2759484456974
        },
        {
          "acoustic_entropy": 5.287450313568115,
          "acoustic_entropy_side": 5.292325496673584,
          "hz": 2809.813997359896
        },
        {
          "acoustic_entropy": 5.280005931854248,
          "acoustic_entropy_side": 5.292059421539307,
          "hz": 3120.6389567871424
        },
        {
          "acoustic_entropy": 5.321779251098633,
          "acoustic_entropy_side": 5.296080112457275,
          "hz": 3458.990205492291
        },
        {
          "acoustic_entropy": 5.286038398742676,
          "acoustic_entropy_side": 5.292538642883301,
          "hz": 3827.305438964164
        },
        {
          "acoustic_entropy": 5.295559883117676,
          "acoustic_entropy_side": 5.296884059906006,
          "hz": 4228.238232109126
        },
        {
          "acoustic_entropy": 5.313215255737305,
          "acoustic_entropy_side": 5.29677152633667,
          "hz": 4664.6771572759235
        },
        {
          "acoustic_entropy": 5.2986016273498535,
          "acoustic_entropy_side": 5.296249866485596,
          "hz": 5139.766595350093
        },
        {
          "acoustic_entropy": 5.293007850646973,
          "acoustic_entropy_side": 5.294999122619629,
          "hz": 5656.929389854203
        },
        {
          "acoustic_entropy": 5.296217918395996,
          "acoustic_entropy_side": 5.295044898986816,
          "hz": 6219.891507268283
        },
        {
          "acoustic_entropy": 5.290491580963135,
          "acoustic_entropy_side": 5.294812202453613,
          "hz": 6832.70888123896
        },
        {
          "acoustic_entropy": 5.294764518737793,
          "acoustic_entropy_side": 5.295021057128906,
          "hz": 7499.796634079867
        },
        {
          "acoustic_entropy": 5.294315814971924,
          "acoustic_entropy_side": 5.294735431671143,
          "hz": 8225.96088609342
        },
        {
          "acoustic_entropy": 5.294768333435059,
          "acoustic_entropy_side": 5.2947611808776855,
          "hz": 9016.43338188839
        },
        {
          "acoustic_entropy": 5.294695854187012,
          "acoustic_entropy_side": 5.294731616973877,
          "hz": 9876.909183162974
        },
        {
          "acoustic_entropy": 5.294691562652588,
          "acoustic_entropy_side": 5.294724941253662,
          "hz": 10813.587699516042
        },
        {
          "acoustic_entropy": 5.294730186462402,
          "acoustic_entropy_side": 5.29472541809082,
          "hz": 11833.21735289826
        },
        {
          "acoustic_entropy": 5.294724464416504,
          "acoustic_entropy_side": 5.2947258949279785,
          "hz": 12943.144197493959
        },
        {
          "acoustic_entropy": 5.29472541809082,
          "acoustic_entropy_side": 5.29472541809082,
          "hz": 14151.364845322005
        },
        {
          "acoustic_entropy": 5.294727325439453,
          "acoustic_entropy_side": 5.294724941253662,
          "hz": 15466.58407886509
        },
        {
          "acoustic_entropy": 5.294724941253662,
          "acoustic_entropy_side": 5.294724941253662,
          "hz": 16898.27756580493
        },
        {
          "acoustic_entropy": 5.2947258949279785,
          "acoustic_entropy_side": 5.2947258949279785,
          "hz": 18456.760127700032
        },
        {
          "acoustic_entropy": 5.29472541809082,
          "acoustic_entropy_side": 5.29472541809082,
          "hz": 20153.260054456492
        },
        {
          "acoustic_entropy": 5.29472541809082,
          "acoustic_entropy_side": 5.29472541809082,
          "hz": 22000.00000000001
        }
      ],
      "diff_acoustic_entropy": 1.6634726524353027,
      "sn": 6
    },
    {
      "acoustic_entropy": 7.003106117248535,
      "acoustic_entropy_mono": 6.764553070068359,
      "band_eliminated_acoustic_entropies": [
        {
          "acoustic_entropy": 7.018726348876953,
          "acoustic_entropy_side": 6.9922285079956055,
          "hz": 129.47220167065723
        },
        {
          "acoustic_entropy": 7.154144763946533,
          "acoustic_entropy_side": 6.924433708190918,
          "hz": 202.92927478742237
        },
        {
          "acoustic_entropy": 6.4728498458862305,
          "acoustic_entropy_side": 6.6630024909973145,
          "hz": 282.89161906338205
        },
        {
          "acoustic_entropy": 7.499094486236572,
          "acoustic_entropy_side": 6.947599411010742,
          "hz": 369.9353335868758
        },
        {
          "acoustic_entropy": 6.344669342041016,
          "acoustic_entropy_side": 6.963815689086914,
          "hz": 464.6875360973435
        },
        {
          "acoustic_entropy": 7.311115741729736,
          "acoustic_entropy_side": 7.249063491821289,
          "hz": 567.8308811364784
        },
        {
          "acoustic_entropy": 6.81398344039917,
          "acoustic_entropy_side": 7.001650333404541,
          "hz": 680.1084783214808
        },
        {
          "acoustic_entropy": 7.0304131507873535,
          "acoustic_entropy_side": 7.120663166046143,
          "hz": 802.3292461747484
        },
        {
          "acoustic_entropy": 6.956370830535889,
          "acoustic_entropy_side": 7.0094895362854,
          "hz": 935.3737400823702
        },
        {
          "acoustic_entropy": 7.268360614776611,
          "acoustic_entropy_side": 6.988964080810547,
          "hz": 1080.2004963696966
        },
        {
          "acoustic_entropy": 6.902963638305664,
          "acoustic_entropy_side": 6.851313591003418,
          "hz": 1237.8529382007157
        },
        {
          "acoustic_entropy": 6.896897315979004,
          "acoustic_entropy_side": 7.062540054321289,
          "hz": 1409.4668930556702
        },
        {
          "acoustic_entropy": 7.0070929527282715,
          "acoustic_entropy_side": 7.017316818237305,
          "hz": 1596.2787759475705
        },
        {
          "acoustic_entropy": 6.924345016479492,
          "acoustic_entropy_side": 6.9777021408081055,
          "hz": 1799.6344973346393
        },
        {
          "acoustic_entropy": 7.033047199249268,
          "acoustic_entropy_side": 7.0162577629089355,
          "hz": 2020.9991599069049
        },
        {
          "acoustic_entropy": 7.000372886657715,
          "acoustic_entropy_side": 7.0149760246276855,
          "hz": 2261.9676141086993
        },
        {
          "acoustic_entropy": 7.021692276000977,
          "acoustic_entropy_side": 7.0188822746276855,
          "hz": 2524.2759484456974
        },
        {
          "acoustic_entropy": 6.980007648468018,
          "acoustic_entropy_side": 7.000463485717773,
          "hz": 2809.813997359896
        },
        {
          "acoustic_entropy": 6.927448272705078,
          "acoustic_entropy_side": 6.980109691619873,
          "hz": 3120.6389567871424
        },
        {
          "acoustic_entropy": 7.102747917175293,
          "acoustic_entropy_side": 7.057003021240234,
          "hz": 3458.990205492291
        },
        {
          "acoustic_entropy": 6.966596603393555,
          "acoustic_entropy_side": 6.9966936111450195,
          "hz": 3827.305438964164
        },
        {
          "acoustic_entropy": 6.997154235839844,
          "acoustic_entropy_side": 7.008085250854492,
          "hz": 4228.238232109126
        },
        {
          "acoustic_entropy": 7.086555480957031,
          "acoustic_entropy_side": 7.0486907958984375,
          "hz": 4664.6771572759235
        },
        {
          "acoustic_entropy": 7.048117637634277,
          "acoustic_entropy_side": 7.021800518035889,
          "hz": 5139.766595350093
        },
        {
          "acoustic_entropy": 7.044044017791748,
          "acoustic_entropy_side": 7.017254829406738,
          "hz": 5656.929389854203
        },
        {
          "acoustic_entropy": 7.028830528259277,
          "acoustic_entropy_side": 7.009268760681152,
          "hz": 6219.891507268283
        },
        {
          "acoustic_entropy": 7.025998115539551,
          "acoustic_entropy_side": 7.010313034057617,
          "hz": 6832.70888123896
        },
        {
          "acoustic_entropy": 7.022113800048828,
          "acoustic_entropy_side": 7.009426116943359,
          "hz": 7499.796634079867
        },
        {
          "acoustic_entropy": 7.021198749542236,
          "acoustic_entropy_side": 7.010545253753662,
          "hz": 8225.96088609342
        },
        {
          "acoustic_entropy": 7.008933067321777,
          "acoustic_entropy_side": 7.004701614379883,
          "hz": 9016.43338188839
        },
        {
          "acoustic_entropy": 7.00698184967041,
          "acoustic_entropy_side": 7.003995418548584,
          "hz": 9876.909183162974
        },
        {
          "acoustic_entropy": 7.005465507507324,
          "acoustic_entropy_side": 7.003498554229736,
          "hz": 10813.587699516042
        },
        {
          "acoustic_entropy": 7.003819942474365,
          "acoustic_entropy_side": 7.003300666809082,
          "hz": 11833.21735289826
        },
        {
          "acoustic_entropy": 7.003363132476807,
          "acoustic_entropy_side": 7.003151893615723,
          "hz": 12943.144197493959
        },
        {
          "acoustic_entropy": 7.003241062164307,
          "acoustic_entropy_side": 7.003147602081299,
          "hz": 14151.364845322005
        },
        {
          "acoustic_entropy": 7.003207206726074,
          "acoustic_entropy_side": 7.003139972686768,
          "hz": 15466.58407886509
        },
        {
          "acoustic_entropy": 7.003079891204834,
          "acoustic_entropy_side": 7.003106117248535,
          "hz": 16898.27756580493
        },
        {
          "acoustic_entropy": 7.003100872039795,
          "acoustic_entropy_side": 7.003105640411377,
          "hz": 18456.760127700032
        },
        {
          "acoustic_entropy": 7.003105640411377,
          "acoustic_entropy_side": 7.003106117248535,
          "hz": 20153.260054456492
        },
        {
          "acoustic_entropy": 7.003106594085693,
          "acoustic_entropy_side": 7.003106117248535,
          "hz": 22000.00000000001
        }
      ],
      "diff_acoustic_entropy": 2.552149772644043,
      "sn": 12
    },
    {
      "acoustic_entropy": 10.248367309570312,
      "acoustic_entropy_mono": 10.984506607055664,
      "band_eliminated_acoustic_entropies": [
        {
          "acoustic_entropy": 9.476304054260254,
          "acoustic_entropy_side": 10.332317352294922,
          "hz": 129.47220167065723
        },
        {
          "acoustic_entropy": 10.919793128967285,
          "acoustic_entropy_side": 10.313281059265137,
          "hz": 202.92927478742237
        },
        {
          "acoustic_entropy": 10.067875862121582,
          "acoustic_entropy_side": 10.309967041015625,
          "hz": 282.89161906338205
        },
        {
          "acoustic_entropy": 10.634952545166016,
          "acoustic_entropy_side": 10.347541809082031,
          "hz": 369.9353335868758
        },
        {
          "acoustic_entropy": 10.14310073852539,
          "acoustic_entropy_side": 10.760224342346191,
          "hz": 464.6875360973435
        },
        {
          "acoustic_entropy": 9.583617210388184,
          "acoustic_entropy_side": 10.353612899780273,
          "hz": 567.8308811364784
        },
        {
          "acoustic_entropy": 10.905982971191406,
          "acoustic_entropy_side": 10.503782272338867,
          "hz": 680.1084783214808
        },
        {
          "acoustic_entropy": 10.57483196258545,
          "acoustic_entropy_side": 10.27288818359375,
          "hz": 802.3292461747484
        },
        {
          "acoustic_entropy": 9.967460632324219,
          "acoustic_entropy_side": 10.059438705444336,
          "hz": 935.3737400823702
        },
        {
          "acoustic_entropy": 11.090015411376953,
          "acoustic_entropy_side": 10.728854179382324,
          "hz": 1080.2004963696966
        },
        {
          "acoustic_entropy": 10.651846885681152,
          "acoustic_entropy_side": 10.590594291687012,
          "hz": 1237.8529382007157
        },
        {
          "acoustic_entropy": 10.17967700958252,
          "acoustic_entropy_side": 10.413792610168457,
          "hz": 1409.4668930556702
        },
        {
          "acoustic_entropy": 10.116374015808105,
          "acoustic_entropy_side": 10.055575370788574,
          "hz": 1596.2787759475705
        },
        {
          "acoustic_entropy": 10.011553764343262,
          "acoustic_entropy_side": 10.212905883789062,
          "hz": 1799.6344973346393
        },
        {
          "acoustic_entropy": 10.220726013183594,
          "acoustic_entropy_side": 10.248644828796387,
          "hz": 2020.9991599069049
        },
        {
          "acoustic_entropy": 10.114778518676758,
          "acoustic_entropy_side": 10.138952255249023,
          "hz": 2261.9676141086993
        },
        {
          "acoustic_entropy": 9.989444732666016,
          "acoustic_entropy_side": 10.130755424499512,
          "hz": 2524.2759484456974
        },
        {
          "acoustic_entropy": 10.332385063171387,
          "acoustic_entropy_side": 10.304863929748535,
          "hz": 2809.813997359896
        },
        {
          "acoustic_entropy": 10.411925315856934,
          "acoustic_entropy_side": 10.331737518310547,
          "hz": 3120.6389567871424
        },
        {
          "acoustic_entropy": 10.015094757080078,
          "acoustic_entropy_side": 10.129790306091309,
          "hz": 3458.990205492291
        },
        {
          "acoustic_entropy": 10.19632339477539,
