{
  "acoustic_entropy": 152.56578063964844,
  "bands": [
    {
      "high_freq": 148.1999969482422,
      "loudness": -32.528072357177734,
      "loudness_range": 21.955970764160156,
      "mid_mean": -28.826250076293945,
      "mid_to_side_loudness": -40.0462532043457,
      "mid_to_side_loudness_range": 11.89291000366211,
      "side_mean": -64.40642547607422
    },
    {
      "high_freq": 392.3793640136719,
      "loudness": -26.02255630493164,
      "loudness_range": 20.143835067749023,
      "low_freq": 148.1999969482422,
      "mid_mean": -22.36273765563965,
      "mid_to_side_loudness": -38.54264831542969,
      "mid_to_side_loudness_range": 3.9507217407226562,
      "side_mean": -59.56465530395508
    },
    {
      "high_freq": 794.6976318359375,
      "loudness": -25.998497009277344,
      "loudness_range": 14.489564895629883,
      "low_freq": 392.3793640136719,
      "mid_mean": -22.3288516998291,
      "mid_to_side_loudness": -38.01734924316406,
      "mid_to_side_loudness_range": 2.8647193908691406,
      "side_mean": -59.73028564453125
    },
    {
      "high_freq": 1457.5709228515625,
      "loudness": -28.595333099365234,
      "loudness_range": 17.94231414794922,
      "low_freq": 794.6976318359375,
      "mid_mean": -24.926176071166992,
      "mid_to_side_loudness": -38.00336456298828,
      "mid_to_side_loudness_range": 3.692455291748047,
      "side_mean": -61.58047103881836
    },
    {
      "high_freq": 2549.74365234375,
      "loudness": -38.17877960205078,
      "loudness_range": 22.12526512145996,
      "low_freq": 1457.5709228515625,
      "mid_mean": -34.49391174316406,
      "mid_to_side_loudness": -46.572933197021484,
      "mid_to_side_loudness_range": 29.530235290527344,
      "side_mean": -68.8224105834961
    },
    {
      "high_freq": 4349.24462890625,
      "loudness": -39.81739807128906,
      "loudness_range": 22.805295944213867,
      "low_freq": 2549.74365234375,
      "mid_mean": -36.13945770263672,
      "mid_to_side_loudness": -42.97439956665039,
      "mid_to_side_loudness_range": 19.091365814208984,
      "side_mean": -69.0871353149414
    },
    {
      "high_freq": 7314.1640625,
      "loudness": -44.895206451416016,
      "loudness_range": 20.67654037475586,
      "low_freq": 4349.24462890625,
      "mid_mean": -41.1803092956543,
      "mid_to_side_loudness": -43.93096160888672,
      "mid_to_side_loudness_range": 17.688430786132812,
      "side_mean": -69.88070678710938
    },
    {
      "high_freq": 12199.2666015625,
      "loudness": -47.67692565917969,
      "loudness_range": 13.25522232055664,
      "low_freq": 7314.1640625,
      "mid_mean": -43.960201263427734,
      "mid_to_side_loudness": -34.31660461425781,
      "mid_to_side_loudness_range": 44.908851623535156,
      "side_mean": -69.9997787475586
    },
    {
      "loudness": -43.553035736083984,
      "loudness_range": 7.661247253417969,
      "low_freq": 12199.2666015625,
      "mid_mean": -39.8469352722168,
      "mid_to_side_loudness": -43.114925384521484,
      "mid_to_side_loudness_range": 21.29219627380371,
      "side_mean": -69.84902954101562
    }
  ],
  "bands_short": [
    {
      "high_freq": 148.1999969482422,
      "loudness": -36.35144805908203,
      "loudness_range": 27.10067367553711,
      "mid_mean": -32.652000427246094,
      "mid_to_side_loudness": -42.820865631103516,
      "mid_to_side_loudness_range": 25.332443237304688,
      "side_mean": -65.98448944091797
    },
    {
      "high_freq": 392.3793640136719,
      "loudness": -27.21392059326172,
      "loudness_range": 22.70250701904297,
      "low_freq": 148.1999969482422,
      "mid_mean": -23.563411712646484,
      "mid_to_side_loudness": -39.77320098876953,
      "mid_to_side_loudness_range": 14.048805236816406,
      "side_mean": -60.57016372680664
    },
    {
      "high_freq": 794.6976318359375,
      "loudness": -26.041885375976562,
      "loudness_range": 16.18414878845215,
      "low_freq": 392.3793640136719,
      "mid_mean": -22.358293533325195,
      "mid_to_side_loudness": -38.46786880493164,
      "mid_to_side_loudness_range": 6.686058044433594,
      "side_mean": -60.16122817993164
    },
    {
      "high_freq": 1457.5709228515625,
      "loudness": -28.930763244628906,
      "loudness_range": 19.696800231933594,
      "low_freq": 794.6976318359375,
      "mid_mean": -25.277612686157227,
      "mid_to_side_loudness": -38.313350677490234,
      "mid_to_side_loudness_range": 7.288337707519531,
      "side_mean": -62.15274429321289
    },
    {
      "high_freq": 2549.74365234375,
      "loudness": -39.03230285644531,
      "loudness_range": 23.490467071533203,
      "low_freq": 1457.5709228515625,
      "mid_mean": -35.37712860107422,
      "mid_to_side_loudness": -50.12808609008789,
      "mid_to_side_loudness_range": 36.059471130371094,
      "side_mean": -69.19239044189453
    },
    {
      "high_freq": 4349.24462890625,
      "loudness": -40.75078582763672,
      "loudness_range": 25.288856506347656,
      "low_freq": 2549.74365234375,
      "mid_mean": -37.09339141845703,
      "mid_to_side_loudness": -40.341976165771484,
      "mid_to_side_loudness_range": 21.720458984375,
      "side_mean": -69.38268280029297
    },
    {
      "high_freq": 7314.1640625,
      "loudness": -45.71574401855469,
      "loudness_range": 21.874408721923828,
      "low_freq": 4349.24462890625,
      "mid_mean": -42.00333786010742,
      "mid_to_side_loudness": -43.83669662475586,
      "mid_to_side_loudness_range": 34.75774383544922,
      "side_mean": -69.92694091796875
    },
    {
      "high_freq": 12199.2666015625,
      "loudness": -48.04142379760742,
      "loudness_range": 13.436824798583984,
      "low_freq": 7314.1640625,
      "mid_mean": -44.333560943603516,
      "mid_to_side_loudness": -29.637468338012695,
      "mid_to_side_loudness_range": 27.67031478881836,
      "side_mean": -69.99979400634766
    },
    {
      "loudness": -43.832950592041016,
      "loudness_range": 8.686424255371094,
      "low_freq": 12199.2666015625,
      "mid_mean": -40.12741470336914,
      "mid_to_side_loudness": -38.66835403442383,
      "mid_to_side_loudness_range": 20.992835998535156,
      "side_mean": -69.85437774658203
    }
  ],
  "bandwidth": 555.0298461914062,
  "channels": 2,
  "covariance": [
    [
      52.9916877746582,
      35.21895980834961,
      18.09855842590332,
      13.664591789245605,
      2.434920072555542,
      1.958720326423645,
      1.7512907981872559,
      1.299484133720398,
      4.01631498336792,
      -0.6277554631233215,
      8.65785026550293,
      -0.12951450049877167,
      7.372954368591309,
      -0.3042498826980591,
      1.296088695526123,
      0.0009890181245282292,
      -1.107825756072998,
      -0.348294734954834
    ],
    [
      35.21895980834961,
      26.730913162231445,
      11.550695419311523,
      10.01560115814209,
      0.4170330762863159,
      1.419070839881897,
      -0.6159918308258057,
      0.2604987621307373,
      -0.1327669322490692,
      -0.6771010756492615,
      2.302866220474243,
      -0.9647507667541504,
      1.2010141611099243,
      -0.3913888931274414,
      -1.3723618984222412,
      0.0005375372711569071,
      -1.8844612836837769,
      -0.1342475414276123
    ],
    [
      18.09855842590332,
      11.550695419311523,
      54.03126907348633,
      44.059059143066406,
      3.0825016498565674,
      2.344132423400879,
      -1.326869249343872,
      -2.887314796447754,
      3.31925106048584,
      -3.927462339401245,
      8.12637996673584,
      -1.969201683998108,
      5.186485767364502,
      -0.36702439188957214,
      0.2954445779323578,
      -0.0013367123901844025,
      -2.51802396774292,
      -0.4888991415500641
    ],
    [
      13.664591789245605,
      10.01560115814209,
      44.059059143066406,
      41.03479766845703,
      2.1683337688446045,
      3.956681728363037,
      -2.8572325706481934,
      -2.204770088195801,
      -0.1384367048740387,
      -4.018981456756592,
      4.26556396484375,
      -2.5339596271514893,
      1.557472825050354,
      -0.4551645815372467,
      -1.6270098686218262,
      -0.0007675242377445102,
      -3.155449628829956,
      -0.37210944294929504
    ],
    [
      2.434920072555542,
      0.4170330762863159,
      3.0825016498565674,
      2.1683337688446045,
      28.924726486206055,
      23.505258560180664,
      21.0822696685791,
      16.375757217407227,
      20.578475952148438,
      1.3506592512130737,
      21.99043083190918,
      2.5003185272216797,
      18.633447647094727,
      0.1984557956457138,
      12.149267196655273,
      -0.0010688162874430418,
      5.255389213562012,
      -0.7768438458442688
    ],
    [
      1.958720326423645,
      1.419070839881897,
      2.344132423400879,
      3.956681728363037,
      23.505258560180664,
      22.914112091064453,
      17.47516632080078,
      15.379037857055664,
      16.120933532714844,
      1.4820964336395264,
      17.77471160888672,
      1.7068157196044922,
      15.087221145629883,
      0.01998346857726574,
      10.21219253540039,
      -0.0014699340099468827,
      4.4146728515625,
      -0.6144042611122131
    ],
    [
      1.7512907981872559,
      -0.6159918308258057,
      -1.326869249343872,
      -2.8572325706481934,
      21.0822696685791,
      17.47516632080078,
      40.10502243041992,
      30.030982971191406,
      25.951967239379883,
      2.6720967292785645,
      29.138381958007812,
      3.791969060897827,
      26.44692039489746,
      0.5121119022369385,
      16.843826293945312,
      -0.001205711392685771,
      8.091621398925781,
      -0.8390136957168579
    ],
    [
      1.299484133720398,
      0.2604987621307373,
      -2.887314796447754,
      -2.204770088195801,
      16.375757217407227,
      15.379037857055664,
      30.030982971191406,
      26.370716094970703,
      19.309688568115234,
      2.5512843132019043,
      22.329185485839844,
      3.262036085128784,
      20.66501235961914,
      0.430224746465683,
      13.716901779174805,
      -0.0016009211540222168,
      6.860263824462891,
      -0.6904247403144836
    ],
    [
      4.01631498336792,
      -0.1327669322490692,
      3.31925106048584,
      -0.1384367048740387,
      20.578475952148438,
      16.120933532714844,
      25.951967239379883,
      19.309688568115234,
      52.08168411254883,
      12.735335350036621,
      46.8841438293457,
      8.191152572631836,
      40.7445068359375,
      1.6430593729019165,
      24.296173095703125,
      -0.0006699299556203187,
      11.916901588439941,
      -1.0757092237472534
    ],
    [
      -0.6277554631233215,
      -0.6771010756492615,
      -3.927462339401245,
      -4.018981456756592,
      1.3506592512130737,
      1.4820964336395264,
      2.6720967292785645,
      2.5512843132019043,
      12.735335350036621,
      9.499122619628906,
      8.413501739501953,
      2.6069324016571045,
      8.030750274658203,
      0.8207811713218689,
      5.012805461883545,
      -0.00017412324086762965,
      2.427501916885376,
      -0.1242780014872551
    ],
    [
      8.65785026550293,
      2.302866220474243,
      8.12637996673584,
      4.26556396484375,
      21.99043083190918,
      17.77471160888672,
      29.138381958007812,
      22.329185485839844,
      46.8841438293457,
      8.413501739501953,
      56.421409606933594,
      10.469433784484863,
      47.180843353271484,
      1.5932453870773315,
      26.20237922668457,
      -0.0016649434110149741,
      12.72509479522705,
      -1.3214201927185059
    ],
    [
      -0.12951450049877167,
      -0.9647507667541504,
      -1.969201683998108,
      -2.5339596271514893,
      2.5003185272216797,
      1.7068157196044922,
      3.791969060897827,
      3.262036085128784,
      8.191152572631836,
      2.6069324016571045,
      10.469433784484863,
      6.465982913970947,
      9.375870704650879,
      0.7446964979171753,
      5.566277027130127,
      -0.00015954954142216593,
      3.0333151817321777,
      -0.11433430016040802
    ],
    [
      7.372954368591309,
      1.2010141611099243,
      5.186485767364502,
      1.557472825050354,
      18.633447647094727,
      15.087221145629883,
      26.44692039489746,
      20.66501235961914,
      40.7445068359375,
      8.030750274658203,
      47.180843353271484,
      9.375870704650879,
      44.83483123779297,
      1.8557517528533936,
      25.735445022583008,
      -0.001396138803102076,
      12.819405555725098,
      -1.0714540481567383
    ],
    [
      -0.3042498826980591,
      -0.3913888931274414,
      -0.36702439188957214,
      -0.4551645815372467,
      0.1984557956457138,
      0.01998346857726574,
      0.5121119022369385,
      0.430224746465683,
      1.6430593729019165,
      0.8207811713218689,
      1.5932453870773315,
      0.7446964979171753,
      1.8557517528533936,
      0.6256020665168762,
      1.1078077554702759,
      2.826479658324388e-06,
      0.5974283218383789,
      -0.016519973054528236
    ],
    [
      1.296088695526123,
      -1.3723618984222412,
      0.2954445779323578,
      -1.6270098686218262,
      12.149267196655273,
      10.21219253540039,
      16.843826293945312,
      13.716901779174805,
      24.296173095703125,
      5.012805461883545,
      26.20237922668457,
      5.566277027130127,
      25.735445022583008,
      1.1078077554702759,
      17.69357681274414,
      -0.000807439093478024,
      9.84440803527832,
      -0.5956363081932068
    ],
    [
      0.0009890181245282292,
      0.0005375372711569071,
      -0.0013367123901844025,
      -0.0007675242377445102,
      -0.0010688162874430418,
      -0.0014699340099468827,
      -0.001205711392685771,
      -0.0016009211540222168,
      -0.0006699299556203187,
      -0.00017412324086762965,
      -0.0016649434110149741,
      -0.00015954954142216593,
      -0.001396138803102076,
      2.826479658324388e-06,
      -0.000807439093478024,
      3.505494532873854e-05,
      -0.00012705352855846286,
      0.0003550644323695451
    ],
    [
      -1.107825756072998,
      -1.8844612836837769,
      -2.51802396774292,
      -3.155449628829956,
      5.255389213562012,
      4.4146728515625,
      8.091621398925781,
      6.860263824462891,
      11.916901588439941,
      2.427501916885376,
      12.72509479522705,
      3.0333151817321777,
      12.819405555725098,
      0.5974283218383789,
      9.84440803527832,
      -0.00012705352855846286,
      7.38985013961792,
      -0.3227444887161255
    ],
    [
      -0.348294734954834,
      -0.1342475414276123,
      -0.4888991415500641,
      -0.37210944294929504,
      -0.7768438458442688,
      -0.6144042611122131,
      -0.8390136957168579,
      -0.6904247403144836,
      -1.0757092237472534,
      -0.1242780014872551,
      -1.3214201927185059,
      -0.11433430016040802,
      -1.0714540481567383,
      -0.016519973054528236,
      -0.5956363081932068,
      0.0003550644323695451,
      -0.3227444887161255,
      0.09168045967817307
    ]
  ],
  "covariance_short": [
    [
      82.197509765625,
      41.21019744873047,
      24.874610900878906,
      15.961552619934082,
      5.326409816741943,
      3.6515543460845947,
      2.803304433822632,
      1.5117617845535278,
      7.318736553192139,
      0.1338258534669876,
      11.180604934692383,
      0.055052317678928375,
      9.232019424438477,
      -0.18701565265655518,
      2.8179330825805664,
      0.0014682934852316976,
      -0.18953481316566467,
      -0.4729008972644806
    ],
    [
      41.21019744873047,
      27.69237518310547,
      11.851154327392578,
      8.911436080932617,
      1.5229460000991821,
      1.690351128578186,
      -0.6766843199729919,
      0.013792192563414574,
      0.5750715136528015,
      -0.03332678973674774,
      2.0032942295074463,
      -0.6629121899604797,
      0.9935283660888672,
      -0.20084311068058014,
      -0.9160292148590088,
      0.0005095680826343596,
      -1.5738868713378906,
      -0.12380968034267426
    ],
    [
      24.874610900878906,
      11.851154327392578,
      66.70756530761719,
      51.29969787597656,
      8.507317543029785,
      7.223405361175537,
      1.2307296991348267,
      -0.47936591506004333,
      6.692307949066162,
      -3.4712178707122803,
      14.033292770385742,
      -1.6077960729599,
      9.014585494995117,
      -0.22091546654701233,
      2.4613633155822754,
      -0.002402373356744647,
      -1.4119902849197388,
      -0.7345314025878906
    ],
    [
      15.961552619934082,
      8.911436080932617,
      51.29969787597656,
      47.62923049926758,
      5.007564067840576,
      6.352604389190674,
      -1.6865947246551514,
      -1.1084578037261963,
      0.7688705325126648,
      -3.3342971801757812,
      6.526809215545654,
      -2.1937947273254395,
      2.658480644226074,
      -0.2541102468967438,
      -0.9071062207221985,
      -0.0015417657559737563,
      -2.7566630840301514,
      -0.4595586359500885
    ],
    [
      5.326409816741943,
      1.5229460000991821,
      8.507317543029785,
      5.007564067840576,
      34.02290344238281,
      26.79158592224121,
      21.76993179321289,
      15.388711929321289,
      23.016916275024414,
      0.802453875541687,
      24.120357513427734,
      1.4838184118270874,
      19.83574104309082,
      0.010939463041722775,
      12.385978698730469,
      -1.3265586176203215e-06,
      5.469062805175781,
      -0.6757121086120605
    ],
    [
      3.6515543460845947,
      1.690351128578186,
      7.223405361175537,
      6.352604389190674,
      26.79158592224121,
      30.022537231445312,
      17.091188430786133,
      15.014801979064941,
      17.263874053955078,
      0.8610860705375671,
      19.026866912841797,
      1.0036289691925049,
      14.981188774108887,
      -0.1079946979880333,
      9.560019493103027,
      -0.001992199569940567,
      4.018721103668213,
      -0.6598383188247681
    ],
    [
      2.803304433822632,
      -0.6766843199729919,
      1.2307296991348267,
      -1.6865947246551514,
      21.76993179321289,
      17.091188430786133,
      46.073997497558594,
      32.321533203125,
      29.77442741394043,
      1.45077383518219,
      34.26860046386719,
      2.964116096496582,
      29.86883544921875,
      0.23142734169960022,
      18.49365234375,
      -2.230639211120433e-06,
      8.921774864196777,
      -0.8194413781166077
    ],
    [
      1.5117617845535278,
      0.013792192563414574,
      -0.47936591506004333,
      -1.1084578037261963,
      15.388711929321289,
      15.014801979064941,
      32.321533203125,
      31.15147590637207,
      20.418479919433594,
      1.5189762115478516,
      24.044235229492188,
      2.502338171005249,
      20.706634521484375,
      0.21933992207050323,
      13.309659957885742,
      -0.0016185176791623235,
      6.455543041229248,
      -0.7167102098464966
    ],
    [
      7.318736553192139,
      0.5750715136528015,
      6.692307949066162,
      0.7688705325126648,
      23.016916275024414,
      17.263874053955078,
      29.77442741394043,
      20.418479919433594,
      61.86737060546875,
      9.516788482666016,
      56.14084243774414,
      5.816793441772461,
      46.961124420166016,
      1.0126285552978516,
      26.78896141052246,
      -0.00084122852422297,
      13.051419258117676,
      -1.212575912475586
    ],
    [
      0.1338258534669876,
      -0.03332678973674774,
      -3.4712178707122803,
      -3.3342971801757812,
      0.802453875541687,
      0.8610860705375671,
      1.45077383518219,
      1.5189762115478516,
      9.516788482666016,
      8.273120880126953,
      5.930558681488037,
      1.4642302989959717,
      5.270388603210449,
      0.45781317353248596,
      2.9279229640960693,
      -0.00013454760483000427,
      1.3647050857543945,
      -0.09763812273740768
    ],
    [
      11.180604934692383,
      2.0032942295074463,
      14.033292770385742,
      6.526809215545654,
      24.120357513427734,
      19.026866912841797,
      34.26860046386719,
      24.044235229492188,
      56.14084243774414,
      5.930558681488037,
      70.21692657470703,
      7.9531941413879395,
      55.9996452331543,
      0.9826769232749939,
      30.08498191833496,
      -0.0025220743846148252,
      14.672829627990723,
      -1.598197340965271
    ],
    [
      0.055052317678928375,
      -0.6629121899604797,
      -1.6077960729599,
      -2.1937947273254395,
      1.4838184118270874,
      1.0036289691925049,
      2.964116096496582,
      2.502338171005249,
      5.816793441772461,
      1.4642302989959717,
      7.9531941413879395,
      5.9235453605651855,
      6.722921371459961,
      0.3578779995441437,
      3.74287748336792,
      -7.019119948381558e-05,
      1.996798038482666,
      -0.08535732328891754
    ],
    [
      9.232019424438477,
      0.9935283660888672,
      9.014585494995117,
      2.658480644226074,
      19.83574104309082,
      14.981188774108887,
      29.86883544921875,
      20.706634521484375,
      46.961124420166016,
      5.270388603210449,
      55.9996452331543,
      6.722921371459961,
      52.34555435180664,
      1.153869390487671,
      29.05976104736328,
      -0.0026635760441422462,
      14.662006378173828,
      -1.2675275802612305
    ],
    [
      -0.18701565265655518,
      -0.20084311068058014,
      -0.22091546654701233,
      -0.2541102468967438,
      0.010939463041722775,
      -0.1079946979880333,
      0.23142734169960022,
      0.21933992207050323,
      1.0126285552978516,
      0.45781317353248596,
      0.9826769232749939,
      0.3578779995441437,
      1.153869390487671,
      0.5863445401191711,
      0.6067788600921631,
      8.69097129907459e-05,
      0.2999056875705719,
      -0.009724780917167664
    ],
    [
      2.8179330825805664,
      -0.9160292148590088,
      2.4613633155822754,
      -0.9071062207221985,
      12.385978698730469,
      9.560019493103027,
      18.49365234375,
      13.309659957885742,
      26.78896141052246,
      2.9279229640960693,
      30.08498191833496,
      3.74287748336792,
      29.05976104736328,
      0.6067788600921631,
      20.060869216918945,
      -0.0011116138193756342,
      11.442092895507812,
      -0.7097280621528625
    ],
    [
      0.0014682934852316976,
      0.0005095680826343596,
      -0.002402373356744647,
      -0.0015417657559737563,
      -1.3265586176203215e-06,
      -0.001992199569940567,
      -2.230639211120433e-06,
      -0.0016185176791623235,
      -0.00084122852422297,
      -0.00013454760483000427,
      -0.0025220743846148252,
      -7.019119948381558e-05,
      -0.0026635760441422462,
      8.69097129907459e-05,
      -0.0011116138193756342,
      0.00012563665222842246,
      -0.0001280191063415259,
      0.0006458972929976881
    ],
    [
      -0.18953481316566467,
      -1.5738868713378906,
      -1.4119902849197388,
      -2.7566630840301514,
      5.469062805175781,
      4.018721103668213,
      8.921774864196777,
      6.455543041229248,
      13.051419258117676,
      1.3647050857543945,
      14.672829627990723,
      1.996798038482666,
      14.662006378173828,
      0.2999056875705719,
      11.442092895507812,
      -0.0001280191063415259,
      9.2576322555542,
      -0.4325326085090637
    ],
    [
      -0.4729008972644806,
      -0.12380968034267426,
      -0.7345314025878906,
      -0.4595586359500885,
      -0.6757121086120605,
      -0.6598383188247681,
      -0.8194413781166077,
      -0.7167102098464966,
      -1.212575912475586,
      -0.09763812273740768,
      -1.598197340965271,
      -0.08535732328891754,
      -1.2675275802612305,
      -0.009724780917167664,
      -0.7097280621528625,
      0.0006458972929976881,
      -0.4325326085090637,
      0.13194356858730316
    ]
  ],
  "damage": -9.485014915466309,
  "diff_bandwidth": 588.720458984375,
  "dissonance": 4.932231120608728,
  "drr": 5.036984443664551,
  "dynamics": 3.620736837387085,
  "format": 1245190,
  "frames": 8996864,
  "loudness": -15.670778274536133,
  "loudness_range": 9.829710960388184,
  "loudness_range_short": 12.06914234161377,
  "lowpass_true_peak_15khz": -0.35989511013031006,
  "mastering3_acoustic_entropies": [
    {
      "acoustic_entropy": 10.43216609954834,
      "acoustic_entropy_mono": 10.43214225769043,
      "band_eliminated_acoustic_entropies": [
        {
          "acoustic_entropy": 10.356992721557617,
          "acoustic_entropy_side": 10.43216609954834,
          "hz": 129.47220167065723
        },
        {
          "acoustic_entropy": 9.991795539855957,
          "acoustic_entropy_side": 10.43216609954834,
          "hz": 202.92927478742237
        },
        {
          "acoustic_entropy": 10.594747543334961,
          "acoustic_entropy_side": 10.432167053222656,
          "hz": 282.89161906338205
        },
        {
          "acoustic_entropy": 9.538931846618652,
          "acoustic_entropy_side": 10.432167053222656,
          "hz": 369.9353335868758
        },
        {
          "acoustic_entropy": 10.79287052154541,
          "acoustic_entropy_side": 10.432169914245605,
          "hz": 464.6875360973435
        },
        {
          "acoustic_entropy": 9.259995460510254,
          "acoustic_entropy_side": 10.43216609954834,
          "hz": 567.8308811364784
        },
        {
          "acoustic_entropy": 10.233292579650879,
          "acoustic_entropy_side": 10.43216609954834,
          "hz": 680.1084783214808
        },
        {
          "acoustic_entropy": 10.809528350830078,
          "acoustic_entropy_side": 10.432172775268555,
          "hz": 802.3292461747484
        },
        {
          "acoustic_entropy": 11.023555755615234,
          "acoustic_entropy_side": 10.432145118713379,
          "hz": 935.3737400823702
        },
        {
          "acoustic_entropy": 9.743437767028809,
          "acoustic_entropy_side": 10.432167053222656,
          "hz": 1080.2004963696966
        },
        {
          "acoustic_entropy": 9.737485885620117,
          "acoustic_entropy_side": 10.432164192199707,
          "hz": 1237.8529382007157
        },
        {
          "acoustic_entropy": 10.071080207824707,
          "acoustic_entropy_side": 10.432146072387695,
          "hz": 1409.4668930556702
        },
        {
          "acoustic_entropy": 10.3591947555542,
          "acoustic_entropy_side": 10.432169914245605,
          "hz": 1596.2787759475705
        },
        {
          "acoustic_entropy": 10.451796531677246,
          "acoustic_entropy_side": 10.432168006896973,
          "hz": 1799.6344973346393
        },
        {
          "acoustic_entropy": 10.715582847595215,
          "acoustic_entropy_side": 10.432167053222656,
          "hz": 2020.9991599069049
        },
        {
          "acoustic_entropy": 10.388855934143066,
          "acoustic_entropy_side": 10.43216609954834,
          "hz": 2261.9676141086993
        },
        {
          "acoustic_entropy": 10.378474235534668,
          "acoustic_entropy_side": 10.43216609954834,
          "hz": 2524.2759484456974
        },
        {
          "acoustic_entropy": 10.433060646057129,
          "acoustic_entropy_side": 10.432168006896973,
          "hz": 2809.813997359896
        },
        {
          "acoustic_entropy": 10.184477806091309,
          "acoustic_entropy_side": 10.43216323852539,
          "hz": 3120.6389567871424
        },
        {
          "acoustic_entropy": 10.48343276977539,
          "acoustic_entropy_side": 10.43216609954834,
          "hz": 3458.990205492291
        },
        {
          "acoustic_entropy": 10.453371047973633,
          "acoustic_entropy_side": 10.43216609954834,
          "hz": 3827.305438964164
        },
        {
          "acoustic_entropy": 10.432710647583008,
          "acoustic_entropy_side": 10.43216609954834,
          "hz": 4228.238232109126
        },
        {
          "acoustic_entropy": 10.484521865844727,
          "acoustic_entropy_side": 10.43216609954834,
          "hz": 4664.6771572759235
        },
        {
          "acoustic_entropy": 10.45734977722168,
          "acoustic_entropy_side": 10.432167053222656,
          "hz": 5139.766595350093
        },
        {
          "acoustic_entropy": 10.443970680236816,
          "acoustic_entropy_side": 10.43216609954834,
          "hz": 5656.929389854203
        },
        {
          "acoustic_entropy": 10.454901695251465,
          "acoustic_entropy_side": 10.43216609954834,
          "hz": 6219.891507268283
        },
        {
          "acoustic_entropy": 10.45089340209961,
          "acoustic_entropy_side": 10.43216609954834,
          "hz": 6832.70888123896
        },
        {
          "acoustic_entropy": 10.435696601867676,
          "acoustic_entropy_side": 10.43216609954834,
          "hz": 7499.796634079867
        },
        {
          "acoustic_entropy": 10.438265800476074,
          "acoustic_entropy_side": 10.43216609954834,
          "hz": 8225.96088609342
        },
        {
          "acoustic_entropy": 10.438732147216797,
          "acoustic_entropy_side": 10.43216609954834,
          "hz": 9016.43338188839
        },
        {
          "acoustic_entropy": 10.440742492675781,
          "acoustic_entropy_side": 10.43216609954834,
          "hz": 9876.909183162974
        },
        {
          "acoustic_entropy": 10.445509910583496,
          "acoustic_entropy_side": 10.43216609954834,
          "hz": 10813.587699516042
        },
        {
          "acoustic_entropy": 10.44347095489502,
          "acoustic_entropy_side": 10.43216609954834,
          "hz": 11833.21735289826
        },
        {
          "acoustic_entropy": 10.439949989318848,
          "acoustic_entropy_side": 10.43216609954834,
          "hz": 12943.144197493959
        },
        {
          "acoustic_entropy": 10.44205093383789,
          "acoustic_entropy_side": 10.43216609954834,
          "hz": 14151.364845322005
        },
        {
          "acoustic_entropy": 10.439530372619629,
          "acoustic_entropy_side": 10.43216609954834,
          "hz": 15466.58407886509
        },
        {
          "acoustic_entropy": 10.436973571777344,
          "acoustic_entropy_side": 10.43216609954834,
          "hz": 16898.27756580493
        },
        {
          "acoustic_entropy": 10.434758186340332,
          "acoustic_entropy_side": 10.43216609954834,
          "hz": 18456.760127700032
        },
        {
          "acoustic_entropy": 10.415484428405762,
          "acoustic_entropy_side": 10.43216609954834,
          "hz": 20153.260054456492
        },
        {
          "acoustic_entropy": 10.433276176452637,
          "acoustic_entropy_side": 10.43216609954834,
          "hz": 22000.00000000001
        }
      ],
      "diff_acoustic_entropy": 5.391245365142822,
      "sn": 6
    },
    {
      "acoustic_entropy": 14.742380142211914,
      "acoustic_entropy_mono": 14.742263793945312,
      "band_eliminated_acoustic_entropies": [
        {
          "acoustic_entropy": 14.785255432128906,
          "acoustic_entropy_side": 14.742380142211914,
          "hz": 129.47220167065723
        },
        {
          "acoustic_entropy": 14.331563949584961,
          "acoustic_entropy_side": 14.742378234863281,
          "hz": 202.92927478742237
        },
        {
          "acoustic_entropy": 13.9684419631958,
          "acoustic_entropy_side": 14.742363929748535,
          "hz": 282.89161906338205
        },
        {
          "acoustic_entropy": 13.850326538085938,
          "acoustic_entropy_side": 14.742350578308105,
          "hz": 369.9353335868758
        },
        {
          "acoustic_entropy": 14.417654991149902,
          "acoustic_entropy_side": 14.742392539978027,
          "hz": 464.6875360973435
        },
        {
          "acoustic_entropy": 13.666173934936523,
          "acoustic_entropy_side": 14.742486000061035,
          "hz": 567.8308811364784
        },
        {
          "acoustic_entropy": 13.545666694641113,
          "acoustic_entropy_side": 14.742324829101562,
          "hz": 680.1084783214808
        },
        {
          "acoustic_entropy": 14.075157165527344,
          "acoustic_entropy_side": 14.742488861083984,
          "hz": 802.3292461747484
        },
        {
          "acoustic_entropy": 15.062978744506836,
          "acoustic_entropy_side": 14.742311477661133,
          "hz": 935.3737400823702
        },
        {
          "acoustic_entropy": 13.43543815612793,
          "acoustic_entropy_side": 14.742289543151855,
          "hz": 1080.2004963696966
        },
        {
          "acoustic_entropy": 14.529739379882812,
          "acoustic_entropy_side": 14.742393493652344,
          "hz": 1237.8529382007157
        },
        {
          "acoustic_entropy": 14.957048416137695,
          "acoustic_entropy_side": 14.742189407348633,
          "hz": 1409.4668930556702
        },
        {
          "acoustic_entropy": 15.383589744567871,
          "acoustic_entropy_side": 14.742438316345215,
          "hz": 1596.2787759475705
        },
        {
          "acoustic_entropy": 14.596619606018066,
          "acoustic_entropy_side": 14.742383003234863,
          "hz": 1799.6344973346393
        },
        {
          "acoustic_entropy": 14.936507225036621,
          "acoustic_entropy_side": 14.742391586303711,
          "hz": 2020.9991599069049
        },
        {
          "acoustic_entropy": 14.936437606811523,
          "acoustic_entropy_side": 14.742379188537598,
          "hz": 2261.9676141086993
        },
        {
          "acoustic_entropy": 14.799444198608398,
          "acoustic_entropy_side": 14.742379188537598,
          "hz": 2524.2759484456974
        },
        {
          "acoustic_entropy": 14.60893440246582,
          "acoustic_entropy_side": 14.742378234863281,
          "hz": 2809.813997359896
        },
        {
          "acoustic_entropy": 14.60206413269043,
          "acoustic_entropy_side": 14.742372512817383,
          "hz": 3120.6389567871424
        },
        {
          "acoustic_entropy": 14.761415481567383,
          "acoustic_entropy_side": 14.74238109588623,
          "hz": 3458.990205492291
        },
        {
          "acoustic_entropy": 14.574317932128906,
          "acoustic_entropy_side": 14.742380142211914,
          "hz": 3827.305438964164
        },
        {
          "acoustic_entropy": 14.576414108276367,
          "acoustic_entropy_side": 14.742380142211914,
          "hz": 4228.238232109126
        },
        {
          "acoustic_entropy": 14.673171997070312,
          "acoustic_entropy_side": 14.742380142211914,
          "hz": 4664.6771572759235
        },
        {
          "acoustic_entropy": 14.72402286529541,
          "acoustic_entropy_side": 14.74238109588623,
          "hz": 5139.766595350093
        },
        {
          "acoustic_entropy": 14.72675609588623,
          "acoustic_entropy_side": 14.742380142211914,
          "hz": 5656.929389854203
        },
        {
          "acoustic_entropy": 14.689802169799805,
          "acoustic_entropy_side": 14.742380142211914,
          "hz": 6219.891507268283
        },
        {
          "acoustic_entropy": 14.684135437011719,
          "acoustic_entropy_side": 14.742380142211914,
          "hz": 6832.70888123896
        },
        {
          "acoustic_entropy": 14.7001953125,
          "acoustic_entropy_side": 14.742380142211914,
          "hz": 7499.796634079867
        },
        {
          "acoustic_entropy": 14.694180488586426,
          "acoustic_entropy_side": 14.742380142211914,
          "hz": 8225.96088609342
        },
        {
          "acoustic_entropy": 14.690436363220215,
          "acoustic_entropy_side": 14.742380142211914,
          "hz": 9016.43338188839
        },
        {
          "acoustic_entropy": 14.693061828613281,
          "acoustic_entropy_side": 14.742380142211914,
          "hz": 9876.909183162974
        },
        {
          "acoustic_entropy": 14.688002586364746,
          "acoustic_entropy_side": 14.742380142211914,
          "hz": 10813.587699516042
        },
        {
          "acoustic_entropy": 14.692272186279297,
          "acoustic_entropy_side": 14.742380142211914,
          "hz": 11833.21735289826
        },
        {
          "acoustic_entropy": 14.696037292480469,
          "acoustic_entropy_side": 14.742380142211914,
          "hz": 12943.144197493959
        },
        {
          "acoustic_entropy": 14.686720848083496,
          "acoustic_entropy_side": 14.742380142211914,
          "hz": 14151.364845322005
        },
        {
          "acoustic_entropy": 14.675719261169434,
          "acoustic_entropy_side": 14.742380142211914,
          "hz": 15466.58407886509
        },
        {
          "acoustic_entropy": 14.662819862365723,
          "acoustic_entropy_side": 14.742380142211914,
          "hz": 16898.27756580493
        },
        {
          "acoustic_entropy": 14.64450740814209,
          "acoustic_entropy_side": 14.742380142211914,
          "hz": 18456.760127700032
        },
        {
          "acoustic_entropy": 14.63456916809082,
          "acoustic_entropy_side": 14.742380142211914,
          "hz": 20153.260054456492
        },
        {
          "acoustic_entropy": 14.674652099609375,
          "acoustic_entropy_side": 14.742380142211914,
          "hz": 22000.00000000001
        }
      ],
      "diff_acoustic_entropy": 7.304116249084473,
      "sn": 12
    },
    {
      "acoustic_entropy": 17.81748390197754,
      "acoustic_entropy_mono": 17.80297088623047,
      "band_eliminated_acoustic_entropies": [
        {
          "acoustic_entropy": 18.38224220275879,
          "acoustic_entropy_side": 17.817501068115234,
          "hz": 129.47220167065723
        },
        {
          "acoustic_entropy": 19.486003875732422,
          "acoustic_entropy_side": 17.817508697509766,
          "hz": 202.92927478742237
        },
        {
          "acoustic_entropy": 17.793651580810547,
          "acoustic_entropy_side": 17.81764030456543,
          "hz": 282.89161906338205
        },
        {
          "acoustic_entropy": 19.13462257385254,
          "acoustic_entropy_side": 17.81770896911621,
          "hz": 369.9353335868758
        },
        {
          "acoustic_entropy": 18.963642120361328,
          "acoustic_entropy_side": 17.820903778076172,
          "hz": 464.6875360973435
        },
        {
          "acoustic_entropy": 18.616689682006836,
          "acoustic_entropy_side": 17.813325881958008,
          "hz": 567.8308811364784
        },
        {
          "acoustic_entropy": 16.7033748626709,
          "acoustic_entropy_side": 17.826126098632812,
          "hz": 680.1084783214808
        },
        {
          "acoustic_entropy": 19.091690063476562,
          "acoustic_entropy_side": 17.81928825378418,
          "hz": 802.3292461747484
        },
        {
          "acoustic_entropy": 20.33211326599121,
          "acoustic_entropy_side": 17.8179931640625,
          "hz": 935.3737400823702
        },
        {
          "acoustic_entropy": 18.594154357910156,
          "acoustic_entropy_side": 17.81231117248535,
          "hz": 1080.2004963696966
        },
        {
          "acoustic_entropy": 18.81045150756836,
          "acoustic_entropy_side": 17.823612213134766,
          "hz": 1237.8529382007157
        },
        {
          "acoustic_entropy": 18.50333023071289,
          "acoustic_entropy_side": 17.801389694213867,
          "hz": 1409.4668930556702
        },
        {
          "acoustic_entropy": 18.996726989746094,
          "acoustic_entropy_side": 17.81803321838379,
          "hz": 1596.2787759475705
        },
        {
          "acoustic_entropy": 19.104433059692383,
          "acoustic_entropy_side": 17.817262649536133,
          "hz": 1799.6344973346393
        },
        {
          "acoustic_entropy": 18.72397804260254,
          "acoustic_entropy_side": 17.81564712524414,
          "hz": 2020.9991599069049
        },
