{
  "acoustic_entropy": 224.50770568847656,
  "bands": [
    {
      "high_freq": 148.1999969482422,
      "loudness": -29.731643676757812,
      "loudness_range": 17.278512954711914,
      "mid_mean": -26.179105758666992,
      "mid_to_side_loudness": -17.57990837097168,
      "mid_to_side_loudness_range": 10.466483116149902,
      "side_mean": -43.829200744628906
    },
    {
      "high_freq": 392.3793640136719,
      "loudness": -28.81288719177246,
      "loudness_range": 11.330705642700195,
      "low_freq": 148.1999969482422,
      "mid_mean": -25.96479606628418,
      "mid_to_side_loudness": -7.9913153648376465,
      "mid_to_side_loudness_range": 10.648674011230469,
      "side_mean": -33.892391204833984
    },
    {
      "high_freq": 794.6976318359375,
      "loudness": -30.108001708984375,
      "loudness_range": 14.02553939819336,
      "low_freq": 392.3793640136719,
      "mid_mean": -27.27777671813965,
      "mid_to_side_loudness": -7.94541597366333,
      "mid_to_side_loudness_range": 10.381916999816895,
      "side_mean": -35.35652160644531
    },
    {
      "high_freq": 1457.5709228515625,
      "loudness": -27.898632049560547,
      "loudness_range": 17.75411605834961,
      "low_freq": 794.6976318359375,
      "mid_mean": -24.922611236572266,
      "mid_to_side_loudness": -8.885085105895996,
      "mid_to_side_loudness_range": 11.198949813842773,
      "side_mean": -34.108436584472656
    },
    {
      "high_freq": 2549.74365234375,
      "loudness": -25.936094284057617,
      "loudness_range": 15.261552810668945,
      "low_freq": 1457.5709228515625,
      "mid_mean": -23.031654357910156,
      "mid_to_side_loudness": -8.126877784729004,
      "mid_to_side_loudness_range": 10.391946792602539,
      "side_mean": -31.2689208984375
    },
    {
      "high_freq": 4349.24462890625,
      "loudness": -26.479782104492188,
      "loudness_range": 15.255685806274414,
      "low_freq": 2549.74365234375,
      "mid_mean": -23.580509185791016,
      "mid_to_side_loudness": -7.883374214172363,
      "mid_to_side_loudness_range": 9.322043418884277,
      "side_mean": -31.519338607788086
    },
    {
      "high_freq": 7314.1640625,
      "loudness": -30.03736686706543,
      "loudness_range": 14.854324340820312,
      "low_freq": 4349.24462890625,
      "mid_mean": -27.116514205932617,
      "mid_to_side_loudness": -8.123513221740723,
      "mid_to_side_loudness_range": 9.279133796691895,
      "side_mean": -35.409000396728516
    },
    {
      "high_freq": 12199.2666015625,
      "loudness": -33.55655288696289,
      "loudness_range": 16.29610824584961,
      "low_freq": 7314.1640625,
      "mid_mean": -30.276302337646484,
      "mid_to_side_loudness": -10.890119552612305,
      "mid_to_side_loudness_range": 9.755193710327148,
      "side_mean": -41.532981872558594
    },
    {
      "loudness": -41.119422912597656,
      "loudness_range": 17.900712966918945,
      "low_freq": 12199.2666015625,
      "mid_mean": -37.74612808227539,
      "mid_to_side_loudness": -12.827210426330566,
      "mid_to_side_loudness_range": 12.947793960571289,
      "side_mean": -51.669227600097656
    }
  ],
  "bands_short": [
    {
      "high_freq": 148.1999969482422,
      "loudness": -38.31370544433594,
      "loudness_range": 33.29481887817383,
      "mid_mean": -35.14413833618164,
      "mid_to_side_loudness": -12.94575309753418,
      "mid_to_side_loudness_range": 19.3216552734375,
      "side_mean": -50.06434631347656
    },
    {
      "high_freq": 392.3793640136719,
      "loudness": -29.952796936035156,
      "loudness_range": 18.137977600097656,
      "low_freq": 148.1999969482422,
      "mid_mean": -27.09847640991211,
      "mid_to_side_loudness": -9.205665588378906,
      "mid_to_side_loudness_range": 15.408956527709961,
      "side_mean": -36.5723991394043
    },
    {
      "high_freq": 794.6976318359375,
      "loudness": -30.7711181640625,
      "loudness_range": 16.782989501953125,
      "low_freq": 392.3793640136719,
      "mid_mean": -28.227317810058594,
      "mid_to_side_loudness": -6.906400203704834,
      "mid_to_side_loudness_range": 13.05403995513916,
      "side_mean": -35.26737594604492
    },
    {
      "high_freq": 1457.5709228515625,
      "loudness": -29.707300186157227,
      "loudness_range": 22.40837860107422,
      "low_freq": 794.6976318359375,
      "mid_mean": -27.077455520629883,
      "mid_to_side_loudness": -7.764202117919922,
      "mid_to_side_loudness_range": 14.181506156921387,
      "side_mean": -35.09994125366211
    },
    {
      "high_freq": 2549.74365234375,
      "loudness": -27.704126358032227,
      "loudness_range": 20.63973045349121,
      "low_freq": 1457.5709228515625,
      "mid_mean": -25.104019165039062,
      "mid_to_side_loudness": -7.089521408081055,
      "mid_to_side_loudness_range": 13.89909839630127,
      "side_mean": -32.45785903930664
    },
    {
      "high_freq": 4349.24462890625,
      "loudness": -28.50840950012207,
      "loudness_range": 21.86156463623047,
      "low_freq": 2549.74365234375,
      "mid_mean": -25.931697845458984,
      "mid_to_side_loudness": -6.981553554534912,
      "mid_to_side_loudness_range": 13.23544692993164,
      "side_mean": -33.131744384765625
    },
    {
      "high_freq": 7314.1640625,
      "loudness": -32.597171783447266,
      "loudness_range": 23.449373245239258,
      "low_freq": 4349.24462890625,
      "mid_mean": -29.93004608154297,
      "mid_to_side_loudness": -7.222382545471191,
      "mid_to_side_loudness_range": 13.113909721374512,
      "side_mean": -37.597412109375
    },
    {
      "high_freq": 12199.2666015625,
      "loudness": -36.72146224975586,
      "loudness_range": 25.17372703552246,
      "low_freq": 7314.1640625,
      "mid_mean": -33.80537796020508,
      "mid_to_side_loudness": -9.399849891662598,
      "mid_to_side_loudness_range": 13.55105972290039,
      "side_mean": -44.07438278198242
    },
    {
      "loudness": -46.214656829833984,
      "loudness_range": 28.534137725830078,
      "low_freq": 12199.2666015625,
      "mid_mean": -42.969581604003906,
      "mid_to_side_loudness": -11.410558700561523,
      "mid_to_side_loudness_range": 15.712516784667969,
      "side_mean": -55.656986236572266
    }
  ],
  "bandwidth": 1047.0301513671875,
  "channels": 2,
  "covariance": [
    [
      41.83975601196289,
      28.1599063873291,
      11.42713451385498,
      10.479327201843262,
      10.612716674804688,
      10.908343315124512,
      11.496784210205078,
      11.26745891571045,
      11.682000160217285,
      10.792946815490723,
      11.933101654052734,
      10.406662940979004,
      14.384708404541016,
      13.04996109008789,
      10.922245979309082,
      9.990270614624023,
      16.087238311767578,
      14.072792053222656
    ],
    [
      28.1599063873291,
      27.158546447753906,
      10.012614250183105,
      12.138834953308105,
      9.674899101257324,
      10.414999961853027,
      10.499320030212402,
      11.372113227844238,
      9.715264320373535,
      9.682608604431152,
      9.110553741455078,
      8.868452072143555,
      10.569772720336914,
      10.607128143310547,
      8.440352439880371,
      9.293867111206055,
      12.229714393615723,
      10.909818649291992
    ],
    [
      11.42713451385498,
      10.012614250183105,
      24.439573287963867,
      15.03735065460205,
      16.134654998779297,
      11.648615837097168,
      12.344062805175781,
      11.120062828063965,
      10.014897346496582,
      9.710453033447266,
      12.044325828552246,
      10.629676818847656,
      15.920722961425781,
      13.649812698364258,
      12.091519355773926,
      11.130105018615723,
      11.791138648986816,
      11.822872161865234
    ],
    [
      10.479327201843262,
      12.138834953308105,
      15.03735065460205,
      24.09528923034668,
      10.957505226135254,
      11.41799259185791,
      10.534320831298828,
      11.816651344299316,
      10.473663330078125,
      11.211105346679688,
      10.478694915771484,
      11.002737045288086,
      11.590723991394043,
      12.22418212890625,
      8.15166187286377,
      10.361948013305664,
      9.846635818481445,
      11.291882514953613
    ],
    [
      10.612716674804688,
      9.674899101257324,
      16.134654998779297,
      10.957505226135254,
      30.925085067749023,
      16.9703369140625,
      18.07746124267578,
      13.405134201049805,
      17.01335334777832,
      12.26209545135498,
      15.99545669555664,
      11.174026489257812,
      18.49944305419922,
      13.832290649414062,
      16.1783390045166,
      12.438782691955566,
      14.878456115722656,
      9.896648406982422
    ],
    [
      10.908343315124512,
      10.414999961853027,
      11.648615837097168,
      11.41799259185791,
      16.9703369140625,
      19.05916976928711,
      13.30830192565918,
      16.11904525756836,
      12.056474685668945,
      13.939291954040527,
      10.984031677246094,
      12.0630464553833,
      12.821931838989258,
      13.091902732849121,
      11.78791618347168,
      13.727177619934082,
      11.553915023803711,
      11.91970157623291
    ],
    [
      11.496784210205078,
      10.499320030212402,
      12.344062805175781,
      10.534320831298828,
      18.07746124267578,
      13.30830192565918,
      43.7821159362793,
      26.829713821411133,
      30.820262908935547,
      18.14014434814453,
      25.31427764892578,
      16.0418758392334,
      28.14484977722168,
      18.918994903564453,
      21.163095474243164,
      17.38690948486328,
      20.27423095703125,
      14.531964302062988
    ],
    [
      11.26745891571045,
      11.372113227844238,
      11.120062828063965,
      11.816651344299316,
      13.405134201049805,
      16.11904525756836,
      26.829713821411133,
      27.93233871459961,
      20.30744743347168,
      19.548337936401367,
      17.849035263061523,
      16.941043853759766,
      20.012474060058594,
      18.10940170288086,
      16.604711532592773,
      18.945003509521484,
      16.90012550354004,
      16.546096801757812
    ],
    [
      11.682000160217285,
      9.715264320373535,
      10.014897346496582,
      10.473663330078125,
      17.01335334777832,
      12.056474685668945,
      30.820262908935547,
      20.30744743347168,
      35.50895690917969,
      20.88789176940918,
      30.624059677124023,
      19.89212989807129,
      28.46324348449707,
      19.8668155670166,
      18.649892807006836,
      16.022798538208008,
      19.94728660583496,
      14.35280704498291
    ],
    [
      10.792946815490723,
      9.682608604431152,
      9.710453033447266,
      11.211105346679688,
      12.26209545135498,
      13.939291954040527,
      18.14014434814453,
      19.548337936401367,
      20.88789176940918,
      21.174175262451172,
      19.25345230102539,
      18.45734214782715,
      18.322050094604492,
      17.88078498840332,
      13.946654319763184,
      16.747684478759766,
      15.304678916931152,
      14.930595397949219
    ],
    [
      11.933101654052734,
      9.110553741455078,
      12.044325828552246,
      10.478694915771484,
      15.99545669555664,
      10.984031677246094,
      25.31427764892578,
      17.849035263061523,
      30.624059677124023,
      19.25345230102539,
      36.82576370239258,
      23.83367919921875,
      30.999025344848633,
      22.434064865112305,
      18.85014533996582,
      17.67200469970703,
      21.141590118408203,
      17.306079864501953
    ],
    [
      10.406662940979004,
      8.868452072143555,
      10.629676818847656,
      11.002737045288086,
      11.174026489257812,
      12.0630464553833,
      16.0418758392334,
      16.941043853759766,
      19.89212989807129,
      18.45734214782715,
      23.83367919921875,
      22.813758850097656,
      20.779436111450195,
      20.457698822021484,
      13.564311981201172,
      17.50339698791504,
      15.690637588500977,
      17.02532386779785
    ],
    [
      14.384708404541016,
      10.569772720336914,
      15.920722961425781,
      11.590723991394043,
      18.49944305419922,
      12.821931838989258,
      28.14484977722168,
      20.012474060058594,
      28.46324348449707,
      18.322050094604492,
      30.999025344848633,
      20.779436111450195,
      38.60910415649414,
      26.378759384155273,
      26.87221908569336,
      24.118572235107422,
      27.254413604736328,
      21.98247528076172
    ],
    [
      13.04996109008789,
      10.607128143310547,
      13.649812698364258,
      12.22418212890625,
      13.832290649414062,
      13.091902732849121,
      18.918994903564453,
      18.10940170288086,
      19.8668155670166,
      17.88078498840332,
      22.434064865112305,
      20.457698822021484,
      26.378759384155273,
      25.48810386657715,
      19.093791961669922,
      22.518266677856445,
      20.47080421447754,
      21.09383773803711
    ],
    [
      10.922245979309082,
      8.440352439880371,
      12.091519355773926,
      8.15166187286377,
      16.1783390045166,
      11.78791618347168,
      21.163095474243164,
      16.604711532592773,
      18.649892807006836,
      13.946654319763184,
      18.85014533996582,
      13.564311981201172,
      26.87221908569336,
      19.093791961669922,
      38.79330062866211,
      32.384132385253906,
      35.02045822143555,
      25.653743743896484
    ],
    [
      9.990270614624023,
      9.293867111206055,
      11.130105018615723,
      10.361948013305664,
      12.438782691955566,
      13.727177619934082,
      17.38690948486328,
      18.945003509521484,
      16.022798538208008,
      16.747684478759766,
      17.67200469970703,
      17.50339698791504,
      24.118572235107422,
      22.518266677856445,
      32.384132385253906,
      38.75196075439453,
      30.693605422973633,
      30.147747039794922
    ],
    [
      16.087238311767578,
      12.229714393615723,
      11.791138648986816,
      9.846635818481445,
      14.878456115722656,
      11.553915023803711,
      20.27423095703125,
      16.90012550354004,
      19.94728660583496,
      15.304678916931152,
      21.141590118408203,
      15.690637588500977,
      27.254413604736328,
      20.47080421447754,
      35.02045822143555,
      30.693605422973633,
      41.5666618347168,
      28.222000122070312
    ],
    [
      14.072792053222656,
      10.909818649291992,
      11.822872161865234,
      11.291882514953613,
      9.896648406982422,
      11.91970157623291,
      14.531964302062988,
      16.546096801757812,
      14.35280704498291,
      14.930595397949219,
      17.306079864501953,
      17.02532386779785,
      21.98247528076172,
      21.09383773803711,
      25.653743743896484,
      30.147747039794922,
      28.222000122070312,
      44.97262191772461
    ]
  ],
  "covariance_short": [
    [
      124.85397338867188,
      74.25363159179688,
      36.73762893676758,
      23.171133041381836,
      19.666032791137695,
      19.01380729675293,
      28.261363983154297,
      21.176069259643555,
      27.64021873474121,
      21.47797966003418,
      27.884611129760742,
      22.30129623413086,
      30.049413681030273,
      26.61756706237793,
      24.628206253051758,
      21.743183135986328,
      33.71133804321289,
      24.961862564086914
    ],
    [
      74.25363159179688,
      82.09911346435547,
      30.26674461364746,
      27.089176177978516,
      20.414405822753906,
      20.47372055053711,
      26.87200927734375,
      22.735719680786133,
      25.095680236816406,
      21.63492202758789,
      25.09221839904785,
      22.536182403564453,
      25.74211311340332,
      25.593524932861328,
      19.791908264160156,
      21.103105545043945,
      27.867361068725586,
      30.223644256591797
    ],
    [
      36.73762893676758,
      30.26674461364746,
      45.812530517578125,
      26.086360931396484,
      23.995506286621094,
      17.396093368530273,
      23.367368698120117,
      17.29948616027832,
      21.421138763427734,
      16.615144729614258,
      24.252473831176758,
      18.25370979309082,
      28.359153747558594,
      23.811676025390625,
      25.340980529785156,
      22.153278350830078,
      29.18992042541504,
      19.97603416442871
    ],
    [
      23.171133041381836,
      27.089176177978516,
      26.086360931396484,
      39.96415710449219,
      18.67139434814453,
      19.399110794067383,
      18.800018310546875,
      17.51862907409668,
      17.590322494506836,
      18.059064865112305,
      17.845355987548828,
      18.965713500976562,
      19.243698120117188,
      22.27718734741211,
      15.29393196105957,
      19.737546920776367,
      20.658166885375977,
      19.259523391723633
    ],
    [
      19.666032791137695,
      20.414405822753906,
      23.995506286621094,
      18.67139434814453,
      42.31993865966797,
      22.314435958862305,
      29.120595932006836,
      19.98436737060547,
      26.653888702392578,
      19.75137710571289,
      26.702972412109375,
      19.68463134765625,
      28.1938419342041,
      22.816781997680664,
      27.303421020507812,
      23.120494842529297,
      27.771203994750977,
      15.350346565246582
    ],
    [
      19.01380729675293,
      20.47372055053711,
      17.396093368530273,
      19.399110794067383,
      22.314435958862305,
      27.30912971496582,
      20.04509925842285,
      19.9898624420166,
      17.71453094482422,
      18.994144439697266,
      16.506193161010742,
      17.80629539489746,
      17.787242889404297,
      19.480878829956055,
      16.658409118652344,
      19.664785385131836,
      18.935754776000977,
      15.25503158569336
    ],
    [
      28.261363983154297,
      26.87200927734375,
      23.367368698120117,
      18.800018310546875,
      29.120595932006836,
      20.04509925842285,
      66.43439483642578,
      38.39072799682617,
      49.487060546875,
      30.74001693725586,
      45.067138671875,
      30.239957809448242,
      47.95399856567383,
      35.949241638183594,
      38.39766311645508,
      32.36558151245117,
      39.09549331665039,
      21.423948287963867
    ],
    [
      21.176069259643555,
      22.735719680786133,
      17.29948616027832,
      17.51862907409668,
      19.98436737060547,
      19.9898624420166,
      38.39072799682617,
      39.657859802246094,
      30.29973602294922,
      28.140323638916016,
      27.54477882385254,
      26.07704734802246,
      29.06380844116211,
      28.900915145874023,
      24.039920806884766,
      27.468578338623047,
      26.226560592651367,
      19.867921829223633
    ],
    [
      27.64021873474121,
      25.095680236816406,
      21.421138763427734,
      17.590322494506836,
      26.653888702392578,
      17.71453094482422,
      49.487060546875,
      30.29973602294922,
      59.66108703613281,
      33.587608337402344,
      52.67497634887695,
      35.01795196533203,
      49.785621643066406,
      37.488746643066406,
      37.4162712097168,
      32.33099365234375,
      40.35376739501953,
      22.32578468322754
    ],
    [
      21.47797966003418,
      21.63492202758789,
      16.615144729614258,
      18.059064865112305,
      19.75137710571289,
      18.994144439697266,
      30.74001693725586,
      28.140323638916016,
      33.587608337402344,
      35.11602783203125,
      31.908283233642578,
      31.06612777709961,
      29.821470260620117,
      31.262821197509766,
      22.746896743774414,
      27.572614669799805,
      26.580116271972656,
      20.00159454345703
    ],
    [
      27.884611129760742,
      25.09221839904785,
      24.252473831176758,
      17.845355987548828,
      26.702972412109375,
      16.506193161010742,
      45.067138671875,
      27.54477882385254,
      52.67497634887695,
      31.908283233642578,
      67.93399810791016,
      42.481040954589844,
      58.37297058105469,
      43.751495361328125,
      41.68246078491211,
      37.193294525146484,
      45.35808181762695,
      27.369327545166016
    ],
    [
      22.30129623413086,
      22.536182403564453,
      18.25370979309082,
      18.965713500976562,
      19.68463134765625,
      17.80629539489746,
      30.239957809448242,
      26.07704734802246,
      35.01795196533203,
      31.06612777709961,
      42.481040954589844,
      42.891197204589844,
      36.681705474853516,
      39.7338752746582,
      24.795610427856445,
      32.366878509521484,
      30.202373504638672,
      25.06284523010254
    ],
    [
      30.049413681030273,
      25.74211311340332,
      28.359153747558594,
      19.243698120117188,
      28.1938419342041,
      17.787242889404297,
      47.95399856567383,
      29.06380844116211,
      49.785621643066406,
      29.821470260620117,
      58.37297058105469,
      36.681705474853516,
      73.65938568115234,
      50.059059143066406,
      58.65483856201172,
      48.6380615234375,
      59.5552978515625,
      35.934486389160156
    ],
    [
      26.61756706237793,
      25.593524932861328,
      23.811676025390625,
      22.27718734741211,
      22.816781997680664,
      19.480878829956055,
      35.949241638183594,
      28.900915145874023,
      37.488746643066406,
      31.262821197509766,
      43.751495361328125,
      39.7338752746582,
      50.059059143066406,
      52.459537506103516,
      38.67646789550781,
      44.768272399902344,
      42.77619171142578,
      33.62660217285156
    ],
    [
      24.628206253051758,
      19.791908264160156,
      25.340980529785156,
      15.29393196105957,
      27.303421020507812,
      16.658409118652344,
      38.39766311645508,
      24.039920806884766,
      37.4162712097168,
      22.746896743774414,
      41.68246078491211,
      24.795610427856445,
      58.65483856201172,
      38.67646789550781,
      86.53553009033203,
      61.7995719909668,
      78.60552978515625,
      45.0645866394043
    ],
    [
      21.743183135986328,
      21.103105545043945,
      22.153278350830078,
      19.737546920776367,
      23.120494842529297,
      19.664785385131836,
      32.36558151245117,
      27.468578338623047,
      32.33099365234375,
      27.572614669799805,
      37.193294525146484,
      32.366878509521484,
      48.6380615234375,
      44.768272399902344,
      61.7995719909668,
      66.14170837402344,
      62.55342483520508,
      46.556068420410156
    ],
    [
      33.71133804321289,
      27.867361068725586,
      29.18992042541504,
      20.658166885375977,
      27.771203994750977,
      18.935754776000977,
      39.09549331665039,
      26.226560592651367,
      40.35376739501953,
      26.580116271972656,
      45.35808181762695,
      30.202373504638672,
      59.5552978515625,
      42.77619171142578,
      78.60552978515625,
      62.55342483520508,
      95.07855987548828,
      53.957496643066406
    ],
    [
      24.961862564086914,
      30.223644256591797,
      19.97603416442871,
      19.259523391723633,
      15.350346565246582,
      15.25503158569336,
      21.423948287963867,
      19.867921829223633,
      22.32578468322754,
      20.00159454345703,
      27.369327545166016,
      25.06284523010254,
      35.934486389160156,
      33.62660217285156,
      45.0645866394043,
      46.556068420410156,
      53.957496643066406,
      64.44007873535156
    ]
  ],
  "damage": -11.37264347076416,
  "diff_bandwidth": 1030.519287109375,
  "dissonance": 11.55866732409756,
  "drr": 12.603067398071289,
  "dynamics": 3.914809226989746,
  "format": 1245190,
  "frames": 11283392,
  "loudness": -14.35995101928711,
  "loudness_range": 8.665432929992676,
  "loudness_range_short": 15.796416282653809,
  "lowpass_true_peak_15khz": 0.027053186669945717,
  "mastering3_acoustic_entropies": [
    {
      "acoustic_entropy": 7.807950496673584,
      "acoustic_entropy_mono": 8.263069152832031,
      "band_eliminated_acoustic_entropies": [
        {
          "acoustic_entropy": 7.683841228485107,
          "acoustic_entropy_side": 7.808003902435303,
          "hz": 129.47220167065723
        },
        {
          "acoustic_entropy": 7.709780216217041,
          "acoustic_entropy_side": 7.8084893226623535,
          "hz": 202.92927478742237
        },
        {
          "acoustic_entropy": 7.8594970703125,
          "acoustic_entropy_side": 7.810858726501465,
          "hz": 282.89161906338205
        },
        {
          "acoustic_entropy": 8.291081428527832,
          "acoustic_entropy_side": 7.829597473144531,
          "hz": 369.9353335868758
        },
        {
          "acoustic_entropy": 8.039732933044434,
          "acoustic_entropy_side": 7.848616600036621,
          "hz": 464.6875360973435
        },
        {
          "acoustic_entropy": 8.054533004760742,
          "acoustic_entropy_side": 7.800914764404297,
          "hz": 567.8308811364784
        },
        {
          "acoustic_entropy": 8.362363815307617,
          "acoustic_entropy_side": 7.816175937652588,
          "hz": 680.1084783214808
        },
        {
          "acoustic_entropy": 7.489405155181885,
          "acoustic_entropy_side": 7.774261951446533,
          "hz": 802.3292461747484
        },
        {
          "acoustic_entropy": 8.176755905151367,
          "acoustic_entropy_side": 7.820578575134277,
          "hz": 935.3737400823702
        },
        {
          "acoustic_entropy": 7.704184532165527,
          "acoustic_entropy_side": 7.890750408172607,
          "hz": 1080.2004963696966
        },
        {
          "acoustic_entropy": 7.718624114990234,
          "acoustic_entropy_side": 7.8445305824279785,
          "hz": 1237.8529382007157
        },
        {
          "acoustic_entropy": 7.7909135818481445,
          "acoustic_entropy_side": 7.837526321411133,
          "hz": 1409.4668930556702
        },
        {
          "acoustic_entropy": 7.959747314453125,
          "acoustic_entropy_side": 7.771702766418457,
          "hz": 1596.2787759475705
        },
        {
          "acoustic_entropy": 8.15196418762207,
          "acoustic_entropy_side": 7.819930553436279,
          "hz": 1799.6344973346393
        },
        {
          "acoustic_entropy": 8.227163314819336,
          "acoustic_entropy_side": 7.775777816772461,
          "hz": 2020.9991599069049
        },
        {
          "acoustic_entropy": 7.867010593414307,
          "acoustic_entropy_side": 7.810689926147461,
          "hz": 2261.9676141086993
        },
        {
          "acoustic_entropy": 7.7553629875183105,
          "acoustic_entropy_side": 7.7719926834106445,
          "hz": 2524.2759484456974
        },
        {
          "acoustic_entropy": 7.995787620544434,
          "acoustic_entropy_side": 7.789819717407227,
          "hz": 2809.813997359896
        },
        {
          "acoustic_entropy": 7.347177505493164,
          "acoustic_entropy_side": 7.730984687805176,
          "hz": 3120.6389567871424
        },
        {
          "acoustic_entropy": 7.640352249145508,
          "acoustic_entropy_side": 7.757055759429932,
          "hz": 3458.990205492291
        },
        {
          "acoustic_entropy": 7.663505554199219,
          "acoustic_entropy_side": 7.823266983032227,
          "hz": 3827.305438964164
        },
        {
          "acoustic_entropy": 7.54950475692749,
          "acoustic_entropy_side": 7.753825664520264,
          "hz": 4228.238232109126
        },
        {
          "acoustic_entropy": 7.735945224761963,
          "acoustic_entropy_side": 7.798420429229736,
          "hz": 4664.6771572759235
        },
        {
          "acoustic_entropy": 7.878361701965332,
          "acoustic_entropy_side": 7.807071208953857,
          "hz": 5139.766595350093
        },
        {
          "acoustic_entropy": 7.792975902557373,
          "acoustic_entropy_side": 7.832077503204346,
          "hz": 5656.929389854203
        },
        {
          "acoustic_entropy": 7.895830154418945,
          "acoustic_entropy_side": 7.8349199295043945,
          "hz": 6219.891507268283
        },
        {
          "acoustic_entropy": 8.15830135345459,
          "acoustic_entropy_side": 7.825804710388184,
          "hz": 6832.70888123896
        },
        {
          "acoustic_entropy": 8.004581451416016,
          "acoustic_entropy_side": 7.818117141723633,
          "hz": 7499.796634079867
        },
        {
          "acoustic_entropy": 7.860692024230957,
          "acoustic_entropy_side": 7.815657615661621,
          "hz": 8225.96088609342
        },
        {
          "acoustic_entropy": 7.75355339050293,
          "acoustic_entropy_side": 7.831608295440674,
          "hz": 9016.43338188839
        },
        {
          "acoustic_entropy": 7.659527778625488,
          "acoustic_entropy_side": 7.833498954772949,
          "hz": 9876.909183162974
        },
        {
          "acoustic_entropy": 7.560423851013184,
          "acoustic_entropy_side": 7.836978912353516,
          "hz": 10813.587699516042
        },
        {
          "acoustic_entropy": 7.464588642120361,
          "acoustic_entropy_side": 7.88172721862793,
          "hz": 11833.21735289826
        },
        {
          "acoustic_entropy": 7.536324977874756,
          "acoustic_entropy_side": 7.8270158767700195,
          "hz": 12943.144197493959
        },
        {
          "acoustic_entropy": 7.605226516723633,
          "acoustic_entropy_side": 7.810683250427246,
          "hz": 14151.364845322005
        },
        {
          "acoustic_entropy": 7.685710906982422,
          "acoustic_entropy_side": 7.802982330322266,
          "hz": 15466.58407886509
        },
        {
          "acoustic_entropy": 7.7682600021362305,
          "acoustic_entropy_side": 7.805659770965576,
          "hz": 16898.27756580493
        },
        {
          "acoustic_entropy": 7.798430442810059,
          "acoustic_entropy_side": 7.807372093200684,
          "hz": 18456.760127700032
        },
        {
          "acoustic_entropy": 7.805141925811768,
          "acoustic_entropy_side": 7.8079142570495605,
          "hz": 20153.260054456492
        },
        {
          "acoustic_entropy": 7.807383060455322,
          "acoustic_entropy_side": 7.807953834533691,
          "hz": 22000.00000000001
        }
      ],
      "diff_acoustic_entropy": 7.5369157791137695,
      "sn": 6
    },
    {
      "acoustic_entropy": 12.451788902282715,
      "acoustic_entropy_mono": 12.844926834106445,
      "band_eliminated_acoustic_entropies": [
        {
          "acoustic_entropy": 13.140958786010742,
          "acoustic_entropy_side": 12.453374862670898,
          "hz": 129.47220167065723
        },
        {
          "acoustic_entropy": 12.14625358581543,
          "acoustic_entropy_side": 12.460662841796875,
          "hz": 202.92927478742237
        },
        {
          "acoustic_entropy": 12.903913497924805,
          "acoustic_entropy_side": 12.537121772766113,
          "hz": 282.89161906338205
        },
        {
          "acoustic_entropy": 12.477307319641113,
          "acoustic_entropy_side": 12.575101852416992,
          "hz": 369.9353335868758
        },
        {
          "acoustic_entropy": 13.507513046264648,
          "acoustic_entropy_side": 12.530216217041016,
          "hz": 464.6875360973435
        },
        {
          "acoustic_entropy": 12.31242847442627,
          "acoustic_entropy_side": 12.480700492858887,
          "hz": 567.8308811364784
        },
        {
          "acoustic_entropy": 13.490341186523438,
          "acoustic_entropy_side": 12.50064754486084,
          "hz": 680.1084783214808
        },
        {
          "acoustic_entropy": 12.985603332519531,
          "acoustic_entropy_side": 12.489128112792969,
          "hz": 802.3292461747484
        },
        {
          "acoustic_entropy": 12.321818351745605,
          "acoustic_entropy_side": 12.487303733825684,
          "hz": 935.3737400823702
        },
        {
          "acoustic_entropy": 12.523571968078613,
          "acoustic_entropy_side": 12.866296768188477,
          "hz": 1080.2004963696966
        },
        {
          "acoustic_entropy": 12.775626182556152,
          "acoustic_entropy_side": 12.32059097290039,
          "hz": 1237.8529382007157
        },
        {
          "acoustic_entropy": 13.012418746948242,
          "acoustic_entropy_side": 12.493311882019043,
          "hz": 1409.4668930556702
        },
        {
          "acoustic_entropy": 12.858290672302246,
          "acoustic_entropy_side": 12.554929733276367,
          "hz": 1596.2787759475705
        },
        {
          "acoustic_entropy": 12.50816535949707,
          "acoustic_entropy_side": 12.484821319580078,
          "hz": 1799.6344973346393
        },
        {
          "acoustic_entropy": 12.19786548614502,
          "acoustic_entropy_side": 12.56397819519043,
          "hz": 2020.9991599069049
        },
        {
          "acoustic_entropy": 12.63495922088623,
          "acoustic_entropy_side": 12.445569038391113,
          "hz": 2261.9676141086993
        },
        {
          "acoustic_entropy": 12.227019309997559,
          "acoustic_entropy_side": 12.419220924377441,
          "hz": 2524.2759484456974
        },
        {
          "acoustic_entropy": 12.439197540283203,
          "acoustic_entropy_side": 12.49235725402832,
          "hz": 2809.813997359896
        },
        {
          "acoustic_entropy": 12.06144905090332,
          "acoustic_entropy_side": 12.241485595703125,
          "hz": 3120.6389567871424
        },
        {
          "acoustic_entropy": 12.248387336730957,
          "acoustic_entropy_side": 12.288145065307617,
          "hz": 3458.990205492291
        },
        {
          "acoustic_entropy": 12.785289764404297,
          "acoustic_entropy_side": 12.502463340759277,
          "hz": 3827.305438964164
        },
        {
          "acoustic_entropy": 12.286959648132324,
          "acoustic_entropy_side": 12.109703063964844,
          "hz": 4228.238232109126
        },
        {
          "acoustic_entropy": 12.584352493286133,
          "acoustic_entropy_side": 12.411980628967285,
          "hz": 4664.6771572759235
        },
        {
          "acoustic_entropy": 12.53984260559082,
          "acoustic_entropy_side": 12.485815048217773,
          "hz": 5139.766595350093
        },
        {
          "acoustic_entropy": 12.06528377532959,
          "acoustic_entropy_side": 12.430338859558105,
          "hz": 5656.929389854203
        },
        {
          "acoustic_entropy": 12.371403694152832,
          "acoustic_entropy_side": 12.405782699584961,
          "hz": 6219.891507268283
        },
        {
          "acoustic_entropy": 12.399202346801758,
          "acoustic_entropy_side": 12.38797378540039,
          "hz": 6832.70888123896
        },
        {
          "acoustic_entropy": 12.576187133789062,
          "acoustic_entropy_side": 12.400028228759766,
          "hz": 7499.796634079867
        },
        {
          "acoustic_entropy": 12.797380447387695,
          "acoustic_entropy_side": 12.485855102539062,
          "hz": 8225.96088609342
        },
        {
          "acoustic_entropy": 12.559419631958008,
          "acoustic_entropy_side": 12.48784351348877,
          "hz": 9016.43338188839
        },
        {
          "acoustic_entropy": 12.45298957824707,
          "acoustic_entropy_side": 12.505367279052734,
          "hz": 9876.909183162974
        },
        {
          "acoustic_entropy": 12.452519416809082,
          "acoustic_entropy_side": 12.532119750976562,
          "hz": 10813.587699516042
        },
        {
          "acoustic_entropy": 12.508920669555664,
          "acoustic_entropy_side": 12.597654342651367,
          "hz": 11833.21735289826
        },
        {
          "acoustic_entropy": 12.529499053955078,
          "acoustic_entropy_side": 12.594968795776367,
          "hz": 12943.144197493959
        },
        {
          "acoustic_entropy": 12.322697639465332,
          "acoustic_entropy_side": 12.559734344482422,
          "hz": 14151.364845322005
        },
        {
          "acoustic_entropy": 12.32314682006836,
          "acoustic_entropy_side": 12.523109436035156,
          "hz": 15466.58407886509
        },
        {
          "acoustic_entropy": 12.483970642089844,
          "acoustic_entropy_side": 12.495288848876953,
          "hz": 16898.27756580493
        },
        {
          "acoustic_entropy": 12.505653381347656,
          "acoustic_entropy_side": 12.469221115112305,
          "hz": 18456.760127700032
        },
        {
          "acoustic_entropy": 12.470725059509277,
          "acoustic_entropy_side": 12.45573616027832,
          "hz": 20153.260054456492
        },
        {
          "acoustic_entropy": 12.458964347839355,
          "acoustic_entropy_side": 12.452055931091309,
          "hz": 22000.00000000001
        }
      ],
      "diff_acoustic_entropy": 13.100090026855469,
      "sn": 12
    },
    {
      "acoustic_entropy": 18.889389038085938,
      "acoustic_entropy_mono": 16.795026779174805,
      "band_eliminated_acoustic_entropies": [
        {
          "acoustic_entropy": 18.372737884521484,
          "acoustic_entropy_side": 18.958236694335938,
          "hz": 129.47220167065723
        },
        {
          "acoustic_entropy": 18.1263484954834,
          "acoustic_entropy_side": 18.92314910888672,
          "hz": 202.92927478742237
        },
        {
          "acoustic_entropy": 18.248994827270508,
          "acoustic_entropy_side": 17.89284324645996,
          "hz": 282.89161906338205
        },
        {
          "acoustic_entropy": 19.28829574584961,
          "acoustic_entropy_side": 19.016136169433594,
          "hz": 369.9353335868758
        },
        {
          "acoustic_entropy": 19.32990837097168,
          "acoustic_entropy_side": 18.914011001586914,
          "hz": 464.6875360973435
        },
        {
          "acoustic_entropy": 18.26467514038086,
          "acoustic_entropy_side": 18.09702491760254,
          "hz": 567.8308811364784
        },
        {
          "acoustic_entropy": 19.109716415405273,
          "acoustic_entropy_side": 18.963743209838867,
          "hz": 680.1084783214808
        },
        {
          "acoustic_entropy": 18.348478317260742,
          "acoustic_entropy_side": 18.108407974243164,
          "hz": 802.3292461747484
        },
        {
          "acoustic_entropy": 19.089624404907227,
          "acoustic_entropy_side": 18.772968292236328,
          "hz": 935.3737400823702
        },
        {
          "acoustic_entropy": 17.932226181030273,
          "acoustic_entropy_side": 17.610828399658203,
          "hz": 1080.2004963696966
        },
        {
          "acoustic_entropy": 19.643226623535156,
          "acoustic_entropy_side": 19.1425838470459,
          "hz": 1237.8529382007157
        },
        {
          "acoustic_entropy": 18.6350154876709,
          "acoustic_entropy_side": 19.316373825073242,
          "hz": 1409.4668930556702
        },
        {
          "acoustic_entropy": 18.547372817993164,
          "acoustic_entropy_side": 18.606306076049805,
          "hz": 1596.2787759475705
        },
        {
          "acoustic_entropy": 19.121055603027344,
          "acoustic_entropy_side": 18.743972778320312,
          "hz": 1799.6344973346393
        },
        {
          "acoustic_entropy": 19.35547637939453,
          "acoustic_entropy_side": 18.497289657592773,
          "hz": 2020.9991599069049
        },
        {
          "acoustic_entropy": 18.53331756591797,
          "acoustic_entropy_side": 18.76694679260254,
          "hz": 2261.9676141086993
        },
        {
          "acoustic_entropy": 18.89487075805664,
          "acoustic_entropy_side": 18.87540626525879,
          "hz": 2524.2759484456974
        },
        {
          "acoustic_entropy": 18.483320236206055,
          "acoustic_entropy_side": 18.353490829467773,
          "hz": 2809.813997359896
        },
        {
