{
  "acoustic_entropy": 61.63507843017578,
  "bands": [
    {
      "high_freq": 148.1999969482422,
      "loudness": -74.23370361328125,
      "loudness_range": 11.653694152832031,
      "mid_mean": -67.98140716552734,
      "mid_to_side_loudness": -1.8542110919952393,
      "mid_to_side_loudness_range": 5.366640090942383,
      "side_mean": -68.52742004394531
    },
    {
      "high_freq": 392.3793640136719,
      "loudness": -63.35087585449219,
      "loudness_range": 16.612686157226562,
      "low_freq": 148.1999969482422,
      "mid_mean": -61.297630310058594,
      "mid_to_side_loudness": -1.693783164024353,
      "mid_to_side_loudness_range": 4.645672798156738,
      "side_mean": -62.560054779052734
    },
    {
      "high_freq": 794.6976318359375,
      "loudness": -60.48515701293945,
      "loudness_range": 28.069271087646484,
      "low_freq": 392.3793640136719,
      "mid_mean": -60.21512985229492,
      "mid_to_side_loudness": -1.9033554792404175,
      "mid_to_side_loudness_range": 5.788166046142578,
      "side_mean": -61.67142868041992
    },
    {
      "high_freq": 1457.5709228515625,
      "loudness": -59.76398849487305,
      "loudness_range": 29.113906860351562,
      "low_freq": 794.6976318359375,
      "mid_mean": -57.96580123901367,
      "mid_to_side_loudness": -2.6787614822387695,
      "mid_to_side_loudness_range": 4.153622150421143,
      "side_mean": -60.351959228515625
    },
    {
      "high_freq": 2549.74365234375,
      "loudness": -51.06787109375,
      "loudness_range": 29.4810791015625,
      "low_freq": 1457.5709228515625,
      "mid_mean": -50.87754440307617,
      "mid_to_side_loudness": -2.592941999435425,
      "mid_to_side_loudness_range": 5.090724468231201,
      "side_mean": -53.928157806396484
    },
    {
      "high_freq": 4349.24462890625,
      "loudness": -40.50996780395508,
      "loudness_range": 27.281946182250977,
      "low_freq": 2549.74365234375,
      "mid_mean": -39.47283172607422,
      "mid_to_side_loudness": -2.023143768310547,
      "mid_to_side_loudness_range": 4.981509208679199,
      "side_mean": -43.75565719604492
    },
    {
      "high_freq": 7314.1640625,
      "loudness": -42.02330017089844,
      "loudness_range": 31.915605545043945,
      "low_freq": 4349.24462890625,
      "mid_mean": -40.78793716430664,
      "mid_to_side_loudness": -2.619065523147583,
      "mid_to_side_loudness_range": 3.8316915035247803,
      "side_mean": -46.74260711669922
    },
    {
      "high_freq": 12199.2666015625,
      "loudness": -44.155189514160156,
      "loudness_range": 36.780845642089844,
      "low_freq": 7314.1640625,
      "mid_mean": -43.28586959838867,
      "mid_to_side_loudness": -2.782243251800537,
      "mid_to_side_loudness_range": 5.003647327423096,
      "side_mean": -52.38310623168945
    },
    {
      "loudness": -47.334842681884766,
      "loudness_range": 36.7694091796875,
      "low_freq": 12199.2666015625,
      "mid_mean": -56.68052291870117,
      "mid_to_side_loudness": -2.098177433013916,
      "mid_to_side_loudness_range": 5.120544910430908,
      "side_mean": -59.09070587158203
    }
  ],
  "bands_short": [
    {
      "high_freq": 148.1999969482422,
      "loudness": -76.10585021972656,
      "loudness_range": 13.496292114257812,
      "mid_mean": -68.49980926513672,
      "mid_to_side_loudness": -1.5897407531738281,
      "mid_to_side_loudness_range": 8.49063491821289,
      "side_mean": -68.83960723876953
    },
    {
      "high_freq": 392.3793640136719,
      "loudness": -64.46399688720703,
      "loudness_range": 17.476818084716797,
      "low_freq": 148.1999969482422,
      "mid_mean": -62.298789978027344,
      "mid_to_side_loudness": -1.5515061616897583,
      "mid_to_side_loudness_range": 4.880185604095459,
      "side_mean": -63.47776794433594
    },
    {
      "high_freq": 794.6976318359375,
      "loudness": -61.91471862792969,
      "loudness_range": 29.28607177734375,
      "low_freq": 392.3793640136719,
      "mid_mean": -61.5726318359375,
      "mid_to_side_loudness": -1.4404793977737427,
      "mid_to_side_loudness_range": 6.161513328552246,
      "side_mean": -62.742462158203125
    },
    {
      "high_freq": 1457.5709228515625,
      "loudness": -61.47480773925781,
      "loudness_range": 29.699604034423828,
      "low_freq": 794.6976318359375,
      "mid_mean": -59.35948944091797,
      "mid_to_side_loudness": -2.733940601348877,
      "mid_to_side_loudness_range": 4.256343841552734,
      "side_mean": -61.7340202331543
    },
    {
      "high_freq": 2549.74365234375,
      "loudness": -52.98857116699219,
      "loudness_range": 32.61122131347656,
      "low_freq": 1457.5709228515625,
      "mid_mean": -53.165435791015625,
      "mid_to_side_loudness": -1.4968894720077515,
      "mid_to_side_loudness_range": 6.326700210571289,
      "side_mean": -55.18272399902344
    },
    {
      "high_freq": 4349.24462890625,
      "loudness": -42.17495346069336,
      "loudness_range": 31.271570205688477,
      "low_freq": 2549.74365234375,
      "mid_mean": -41.967628479003906,
      "mid_to_side_loudness": -1.4948554039001465,
      "mid_to_side_loudness_range": 4.892065048217773,
      "side_mean": -44.728641510009766
    },
    {
      "high_freq": 7314.1640625,
      "loudness": -43.984493255615234,
      "loudness_range": 34.21947479248047,
      "low_freq": 4349.24462890625,
      "mid_mean": -43.629188537597656,
      "mid_to_side_loudness": -2.5055925846099854,
      "mid_to_side_loudness_range": 3.688521385192871,
      "side_mean": -51.12826919555664
    },
    {
      "high_freq": 12199.2666015625,
      "loudness": -47.12559127807617,
      "loudness_range": 37.39021301269531,
      "low_freq": 7314.1640625,
      "mid_mean": -51.58829116821289,
      "mid_to_side_loudness": -2.218315839767456,
      "mid_to_side_loudness_range": 5.080904483795166,
      "side_mean": -54.62096405029297
    },
    {
      "loudness": -51.1418571472168,
      "loudness_range": 40.01579284667969,
      "low_freq": 12199.2666015625,
      "mid_mean": -59.83100509643555,
      "mid_to_side_loudness": -1.7963371276855469,
      "mid_to_side_loudness_range": 5.06084680557251,
      "side_mean": -61.637107849121094
    }
  ],
  "bandwidth": 2450.742431640625,
  "channels": 2,
  "covariance": [
    [
      2.3478498458862305,
      1.977481722831726,
      5.303250312805176,
      5.048553943634033,
      5.1194376945495605,
      5.301334857940674,
      4.661715507507324,
      4.4245171546936035,
      4.986041069030762,
      5.32456111907959,
      3.8754284381866455,
      4.538784503936768,
      6.127178192138672,
      7.804339408874512,
      9.532733917236328,
      12.77151870727539,
      12.56832504272461,
      12.384161949157715
    ],
    [
      1.977481722831726,
      1.904789686203003,
      4.373238563537598,
      4.585641384124756,
      2.9302642345428467,
      3.639699935913086,
      2.5402069091796875,
      2.8499433994293213,
      2.972773551940918,
      3.8918678760528564,
      1.6557981967926025,
      3.3580522537231445,
      2.8895955085754395,
      5.86342191696167,
      5.832253456115723,
      10.449555397033691,
      8.701248168945312,
      9.255472183227539
    ],
    [
      5.303250312805176,
      4.373238563537598,
      25.978469848632812,
      22.411630630493164,
      35.17226791381836,
      32.27313232421875,
      32.04048156738281,
      28.829938888549805,
      37.9527702331543,
      36.180686950683594,
      29.370872497558594,
      36.310272216796875,
      31.340076446533203,
      42.638023376464844,
      38.329166412353516,
      62.10127639770508,
      50.96573257446289,
      47.26295852661133
    ],
    [
      5.048553943634033,
      4.585641384124756,
      22.411630630493164,
      21.5900821685791,
      23.30980682373047,
      24.14824104309082,
      20.605039596557617,
      21.048831939697266,
      25.729124069213867,
      28.543712615966797,
      16.782955169677734,
      28.06904411315918,
      17.04608154296875,
      34.143089294433594,
      23.480937957763672,
      52.923343658447266,
      34.30955123901367,
      35.524818420410156
    ],
    [
      5.1194376945495605,
      2.9302642345428467,
      35.17226791381836,
      23.30980682373047,
      76.24964904785156,
      61.411128997802734,
      70.02505493164062,
      56.508541107177734,
      78.8230209350586,
      64.64261627197266,
      76.118408203125,
      71.90947723388672,
      79.13277435302734,
      79.56097412109375,
      83.39344024658203,
      93.65560913085938,
      105.24561309814453,
      87.79713439941406
    ],
    [
      5.301334857940674,
      3.639699935913086,
      32.27313232421875,
      24.14824104309082,
      61.411128997802734,
      53.5634765625,
      54.73834991455078,
      48.63117218017578,
      60.99516677856445,
      57.24955749511719,
      58.50532531738281,
      64.17255401611328,
      59.8676872253418,
      73.95753479003906,
      64.10533142089844,
      87.39146423339844,
      86.17858123779297,
      79.12812042236328
    ],
    [
      4.661715507507324,
      2.5402069091796875,
      32.04048156738281,
      20.605039596557617,
      70.02505493164062,
      54.73834991455078,
      67.5820541381836,
      51.858463287353516,
      79.23937225341797,
      60.52228546142578,
      70.29681396484375,
      62.873931884765625,
      74.09877014160156,
      67.15728759765625,
      78.21025085449219,
      84.53101348876953,
      99.72772979736328,
      79.49272155761719
    ],
    [
      4.4245171546936035,
      2.8499433994293213,
      28.829938888549805,
      21.048831939697266,
      56.508541107177734,
      48.63117218017578,
      51.858463287353516,
      45.98609924316406,
      59.26847839355469,
      55.545509338378906,
      52.34447479248047,
      58.4748420715332,
      51.178138732910156,
      64.93986511230469,
      51.26781463623047,
      77.3194351196289,
      76.67237091064453,
      70.2681884765625
    ],
    [
      4.986041069030762,
      2.972773551940918,
      37.9527702331543,
      25.729124069213867,
      78.8230209350586,
      60.99516677856445,
      79.23937225341797,
      59.26847839355469,
      102.16341400146484,
      75.7228012084961,
      77.85672760009766,
      71.81407165527344,
      78.02877807617188,
      69.54641723632812,
      80.57234954833984,
      99.22518920898438,
      108.7113037109375,
      83.07352447509766
    ],
    [
      5.32456111907959,
      3.8918678760528564,
      36.180686950683594,
      28.543712615966797,
      64.64261627197266,
      57.24955749511719,
      60.52228546142578,
      55.545509338378906,
      75.7228012084961,
      74.19361877441406,
      54.43735122680664,
      71.29927062988281,
      46.68653869628906,
      73.69970703125,
      42.62417221069336,
      96.4338607788086,
      82.18045806884766,
      78.06963348388672
    ],
    [
      3.8754284381866455,
      1.6557981967926025,
      29.370872497558594,
      16.782955169677734,
      76.118408203125,
      58.50532531738281,
      70.29681396484375,
      52.34447479248047,
      77.85672760009766,
      54.43735122680664,
      96.19393157958984,
      72.71290588378906,
      94.4030990600586,
      85.76058197021484,
      101.14149475097656,
      86.71988677978516,
      111.94183349609375,
      87.56655883789062
    ],
    [
      4.538784503936768,
      3.3580522537231445,
      36.310272216796875,
      28.06904411315918,
      71.90947723388672,
      64.17255401611328,
      62.873931884765625,
      58.4748420715332,
      71.81407165527344,
      71.29927062988281,
      72.71290588378906,
      97.21207427978516,
      61.740806579589844,
      98.16181182861328,
      60.442440032958984,
      105.43766021728516,
      94.59574890136719,
      91.12876892089844
    ],
    [
      6.127178192138672,
      2.8895955085754395,
      31.340076446533203,
      17.04608154296875,
      79.13277435302734,
      59.8676872253418,
      74.09877014160156,
      51.178138732910156,
      78.02877807617188,
      46.68653869628906,
      94.4030990600586,
      61.740806579589844,
      123.91766357421875,
      81.74003601074219,
      142.35997009277344,
      95.94977569580078,
      142.47520446777344,
      110.42462921142578
    ],
    [
      7.804339408874512,
      5.86342191696167,
      42.638023376464844,
      34.143089294433594,
      79.56097412109375,
      73.95753479003906,
      67.15728759765625,
      64.93986511230469,
      69.54641723632812,
      73.69970703125,
      85.76058197021484,
      98.16181182861328,
      81.74003601074219,
      127.06511688232422,
      89.09751892089844,
      132.62815856933594,
      127.43133544921875,
      126.46246337890625
    ],
    [
      9.532733917236328,
      5.832253456115723,
      38.329166412353516,
      23.480937957763672,
      83.39344024658203,
      64.10533142089844,
      78.21025085449219,
      51.26781463623047,
      80.57234954833984,
      42.62417221069336,
      101.14149475097656,
      60.442440032958984,
      142.35997009277344,
      89.09751892089844,
      184.79202270507812,
      117.76499938964844,
      173.77879333496094,
      135.20599365234375
    ],
    [
      12.77151870727539,
      10.449555397033691,
      62.10127639770508,
      52.923343658447266,
      93.65560913085938,
      87.39146423339844,
      84.53101348876953,
      77.3194351196289,
      99.22518920898438,
      96.4338607788086,
      86.71988677978516,
      105.43766021728516,
      95.94977569580078,
      132.62815856933594,
      117.76499938964844,
      177.48228454589844,
      159.68753051757812,
      151.87916564941406
    ],
    [
      12.56832504272461,
      8.701248168945312,
      50.96573257446289,
      34.30955123901367,
      105.24561309814453,
      86.17858123779297,
      99.72772979736328,
      76.67237091064453,
      108.7113037109375,
      82.18045806884766,
      111.94183349609375,
      94.59574890136719,
      142.47520446777344,
      127.43133544921875,
      173.77879333496094,
      159.68753051757812,
      213.4730987548828,
      183.1996612548828
    ],
    [
      12.384161949157715,
      9.255472183227539,
      47.26295852661133,
      35.524818420410156,
      87.79713439941406,
      79.12812042236328,
      79.49272155761719,
      70.2681884765625,
      83.07352447509766,
      78.06963348388672,
      87.56655883789062,
      91.12876892089844,
      110.42462921142578,
      126.46246337890625,
      135.20599365234375,
      151.87916564941406,
      183.1996612548828,
      173.16546630859375
    ]
  ],
  "covariance_short": [
    [
      2.534529447555542,
      2.1712570190429688,
      4.7040486335754395,
      4.492448329925537,
      4.216177940368652,
      4.383082389831543,
      4.141549110412598,
      3.6570465564727783,
      5.194738864898682,
      4.891271114349365,
      4.335094451904297,
      4.409545421600342,
      6.094043254852295,
      8.715553283691406,
      11.437617301940918,
      10.961281776428223,
      9.47184944152832,
      8.782018661499023
    ],
    [
      2.1712570190429688,
      2.202397108078003,
      3.8702666759490967,
      3.99069881439209,
      2.6757445335388184,
      3.2376174926757812,
      2.557149887084961,
      2.469468116760254,
      3.6598849296569824,
      3.913649797439575,
      2.983504056930542,
      3.6453447341918945,
      3.730133295059204,
      7.290492534637451,
      9.011322021484375,
      9.355186462402344,
      6.48215389251709,
      6.4077229499816895
    ],
    [
      4.7040486335754395,
      3.8702666759490967,
      25.960481643676758,
      22.702470779418945,
      30.46620750427246,
      27.5664119720459,
      29.59842872619629,
      25.066482543945312,
      38.10391616821289,
      32.93028259277344,
      35.21879959106445,
      34.24638366699219,
      36.47114562988281,
      52.751888275146484,
      63.066043853759766,
      56.2299690246582,
      42.22549819946289,
      35.831050872802734
    ],
    [
      4.492448329925537,
      3.99069881439209,
      22.702470779418945,
      22.96428871154785,
      20.826051712036133,
      21.44551658630371,
      20.15899658203125,
      18.915267944335938,
      27.449474334716797,
      26.826160430908203,
      24.788761138916016,
      27.827341079711914,
      24.620880126953125,
      44.6742057800293,
      49.77676773071289,
      49.02602005004883,
      28.481536865234375,
      27.019174575805664
    ],
    [
      4.216177940368652,
      2.6757445335388184,
      30.46620750427246,
      20.826051712036133,
      71.14948272705078,
      57.027862548828125,
      66.9276351928711,
      53.78636932373047,
      80.52409362792969,
      62.90208435058594,
      85.65835571289062,
      73.57691192626953,
      89.93948364257812,
      94.57452392578125,
      115.12145233154297,
      93.45960998535156,
      101.51142883300781,
      81.98544311523438
    ],
    [
      4.383082389831543,
      3.2376174926757812,
      27.5664119720459,
      21.44551658630371,
      57.027862548828125,
      51.23261642456055,
      53.00221252441406,
      46.97496795654297,
      64.80461883544922,
      56.35257339477539,
      69.59439086914062,
      64.87940979003906,
      72.66326141357422,
      85.69711303710938,
      96.42253875732422,
      86.7839126586914,
      82.80110168457031,
      72.61766052246094
    ],
    [
      4.141549110412598,
      2.557149887084961,
      29.59842872619629,
      20.15899658203125,
      66.9276351928711,
      53.00221252441406,
      67.24282836914062,
      52.33977127075195,
      81.23080444335938,
      62.35070037841797,
      81.9658203125,
      69.84494018554688,
      84.34632873535156,
      92.317138671875,
      113.58663177490234,
      88.77459716796875,
      97.97096252441406,
      77.6332015991211
    ],
    [
      3.6570465564727783,
      2.469468116760254,
      25.066482543945312,
      18.915267944335938,
      53.78636932373047,
      46.97496795654297,
      52.33977127075195,
      46.50823974609375,
      63.69404602050781,
      55.70747375488281,
      65.6519546508789,
      61.28271484375,
      66.80264282226562,
      82.56129455566406,
      89.57258605957031,
      80.16500091552734,
      79.06128692626953,
      69.36360931396484
    ],
    [
      5.194738864898682,
      3.6598849296569824,
      38.10391616821289,
      27.449474334716797,
      80.52409362792969,
      64.80461883544922,
      81.23080444335938,
      63.69404602050781,
      107.06071472167969,
      82.61639404296875,
      100.9603271484375,
      88.95309448242188,
      96.59248352050781,
      120.91592407226562,
      146.0446014404297,
      113.3475112915039,
      113.8461685180664,
      90.10369110107422
    ],
    [
      4.891271114349365,
      3.913649797439575,
      32.93028259277344,
      26.826160430908203,
      62.90208435058594,
      56.35257339477539,
      62.35070037841797,
      55.70747375488281,
      82.61639404296875,
      77.18629455566406,
      76.61380767822266,
      77.79542541503906,
      67.3083267211914,
      110.42517852783203,
      110.7477798461914,
      103.01573944091797,
      86.87564086914062,
      78.74639129638672
    ],
    [
      4.335094451904297,
      2.983504056930542,
      35.21879959106445,
      24.788761138916016,
      85.65835571289062,
      69.59439086914062,
      81.9658203125,
      65.6519546508789,
      100.9603271484375,
      76.61380767822266,
      124.87296295166016,
      104.9444351196289,
      113.33277893066406,
      120.0120620727539,
      151.06710815429688,
      118.99850463867188,
      125.69493103027344,
      101.24724578857422
    ],
    [
      4.409545421600342,
      3.6453447341918945,
      34.24638366699219,
      27.827341079711914,
      73.57691192626953,
      64.87940979003906,
      69.84494018554688,
      61.28271484375,
      88.95309448242188,
      77.79542541503906,
      104.9444351196289,
      106.08548736572266,
      90.25387573242188,
      121.0638656616211,
      132.00350952148438,
      118.07034301757812,
      103.87765502929688,
      92.2155990600586
    ],
    [
      6.094043254852295,
      3.730133295059204,
      36.47114562988281,
      24.620880126953125,
      89.93948364257812,
      72.66326141357422,
      84.34632873535156,
      66.80264282226562,
      96.59248352050781,
      67.3083267211914,
      113.33277893066406,
      90.25387573242188,
      143.71923828125,
      112.5504379272461,
      163.56790161132812,
      125.00511932373047,
      149.19056701660156,
      120.2367935180664
    ],
    [
      8.715553283691406,
      7.290492534637451,
      52.751888275146484,
      44.6742057800293,
      94.57452392578125,
      85.69711303710938,
      92.317138671875,
      82.56129455566406,
      120.91592407226562,
      110.42517852783203,
      120.0120620727539,
      121.0638656616211,
      112.5504379272461,
      170.6724395751953,
      178.38514709472656,
      166.46377563476562,
      138.0784149169922,
      125.55799102783203
    ],
    [
      11.437617301940918,
      9.011322021484375,
      63.066043853759766,
      49.77676773071289,
      115.12145233154297,
      96.42253875732422,
      113.58663177490234,
      89.57258605957031,
      146.0446014404297,
      110.7477798461914,
      151.06710815429688,
      132.00350952148438,
      163.56790161132812,
      178.38514709472656,
      237.78334045410156,
      187.28530883789062,
      180.40489196777344,
      145.82516479492188
    ],
    [
      10.961281776428223,
      9.355186462402344,
      56.2299690246582,
      49.02602005004883,
      93.45960998535156,
      86.7839126586914,
      88.77459716796875,
      80.16500091552734,
      113.3475112915039,
      103.01573944091797,
      118.99850463867188,
      118.07034301757812,
      125.00511932373047,
      166.46377563476562,
      187.28530883789062,
      176.91944885253906,
      146.11221313476562,
      133.3535919189453
    ],
    [
      9.47184944152832,
      6.48215389251709,
      42.22549819946289,
      28.481536865234375,
      101.51142883300781,
      82.80110168457031,
      97.97096252441406,
      79.06128692626953,
      113.8461685180664,
      86.87564086914062,
      125.69493103027344,
      103.87765502929688,
      149.19056701660156,
      138.0784149169922,
      180.40489196777344,
      146.11221313476562,
      185.39285278320312,
      155.3982696533203
    ],
    [
      8.782018661499023,
      6.4077229499816895,
      35.831050872802734,
      27.019174575805664,
      81.98544311523438,
      72.61766052246094,
      77.6332015991211,
      69.36360931396484,
      90.10369110107422,
      78.74639129638672,
      101.24724578857422,
      92.2155990600586,
      120.2367935180664,
      125.55799102783203,
      145.82516479492188,
      133.3535919189453,
      155.3982696533203,
      141.32838439941406
    ]
  ],
  "damage": -19.135507583618164,
  "diff_bandwidth": 2500.7841796875,
  "dissonance": 16.494655773394733,
  "drr": 6.692636489868164,
  "dynamics": 9.363938331604004,
  "format": 1245190,
  "frames": 1503168,
  "loudness": -31.712684631347656,
  "loudness_range": 28.835697174072266,
  "loudness_range_short": 33.477317810058594,
  "lowpass_true_peak_15khz": -2.1585237979888916,
  "mastering3_acoustic_entropies": [
    {
      "acoustic_entropy": 5.9856438636779785,
      "acoustic_entropy_mono": 5.74458122253418,
      "band_eliminated_acoustic_entropies": [
        {
          "acoustic_entropy": 5.9856438636779785,
          "acoustic_entropy_side": 5.9856438636779785,
          "hz": 129.47220167065723
        },
        {
          "acoustic_entropy": 5.9856438636779785,
          "acoustic_entropy_side": 5.9856438636779785,
          "hz": 202.92927478742237
        },
        {
          "acoustic_entropy": 5.9856414794921875,
          "acoustic_entropy_side": 5.985642910003662,
          "hz": 282.89161906338205
        },
        {
          "acoustic_entropy": 5.985615253448486,
          "acoustic_entropy_side": 5.98561954498291,
          "hz": 369.9353335868758
        },
        {
          "acoustic_entropy": 5.985476970672607,
          "acoustic_entropy_side": 5.985600471496582,
          "hz": 464.6875360973435
        },
        {
          "acoustic_entropy": 5.984529495239258,
          "acoustic_entropy_side": 5.985401153564453,
          "hz": 567.8308811364784
        },
        {
          "acoustic_entropy": 5.986352443695068,
          "acoustic_entropy_side": 5.985222339630127,
          "hz": 680.1084783214808
        },
        {
          "acoustic_entropy": 5.986363887786865,
          "acoustic_entropy_side": 5.985159397125244,
          "hz": 802.3292461747484
        },
        {
          "acoustic_entropy": 5.985558986663818,
          "acoustic_entropy_side": 5.985314846038818,
          "hz": 935.3737400823702
        },
        {
          "acoustic_entropy": 5.985372066497803,
          "acoustic_entropy_side": 5.985228538513184,
          "hz": 1080.2004963696966
        },
        {
          "acoustic_entropy": 5.984642505645752,
          "acoustic_entropy_side": 5.985123157501221,
          "hz": 1237.8529382007157
        },
        {
          "acoustic_entropy": 5.9822187423706055,
          "acoustic_entropy_side": 5.984401226043701,
          "hz": 1409.4668930556702
        },
        {
          "acoustic_entropy": 5.981835842132568,
          "acoustic_entropy_side": 5.984569072723389,
          "hz": 1596.2787759475705
        },
        {
          "acoustic_entropy": 5.979178428649902,
          "acoustic_entropy_side": 5.982687473297119,
          "hz": 1799.6344973346393
        },
        {
          "acoustic_entropy": 5.975953102111816,
          "acoustic_entropy_side": 5.9810028076171875,
          "hz": 2020.9991599069049
        },
        {
          "acoustic_entropy": 5.974184989929199,
          "acoustic_entropy_side": 5.981640815734863,
          "hz": 2261.9676141086993
        },
        {
          "acoustic_entropy": 5.965507507324219,
          "acoustic_entropy_side": 5.978969573974609,
          "hz": 2524.2759484456974
        },
        {
          "acoustic_entropy": 5.9713263511657715,
          "acoustic_entropy_side": 5.9786858558654785,
          "hz": 2809.813997359896
        },
        {
          "acoustic_entropy": 5.9644060134887695,
          "acoustic_entropy_side": 5.970390796661377,
          "hz": 3120.6389567871424
        },
        {
          "acoustic_entropy": 5.991589069366455,
          "acoustic_entropy_side": 5.987237453460693,
          "hz": 3458.990205492291
        },
        {
          "acoustic_entropy": 5.9517412185668945,
          "acoustic_entropy_side": 5.992722034454346,
          "hz": 3827.305438964164
        },
        {
          "acoustic_entropy": 5.9694437980651855,
          "acoustic_entropy_side": 5.973225116729736,
          "hz": 4228.238232109126
        },
        {
          "acoustic_entropy": 5.983144283294678,
          "acoustic_entropy_side": 5.992745876312256,
          "hz": 4664.6771572759235
        },
        {
          "acoustic_entropy": 5.954339504241943,
          "acoustic_entropy_side": 5.9488091468811035,
          "hz": 5139.766595350093
        },
        {
          "acoustic_entropy": 5.976703643798828,
          "acoustic_entropy_side": 5.976434707641602,
          "hz": 5656.929389854203
        },
        {
          "acoustic_entropy": 5.986065864562988,
          "acoustic_entropy_side": 5.976727485656738,
          "hz": 6219.891507268283
        },
        {
          "acoustic_entropy": 5.998381614685059,
          "acoustic_entropy_side": 5.978119373321533,
          "hz": 6832.70888123896
        },
        {
          "acoustic_entropy": 6.006196975708008,
          "acoustic_entropy_side": 5.965938091278076,
          "hz": 7499.796634079867
        },
        {
          "acoustic_entropy": 5.988434791564941,
          "acoustic_entropy_side": 5.9613800048828125,
          "hz": 8225.96088609342
        },
        {
          "acoustic_entropy": 5.798433303833008,
          "acoustic_entropy_side": 5.954063415527344,
          "hz": 9016.43338188839
        },
        {
          "acoustic_entropy": 5.973330974578857,
          "acoustic_entropy_side": 5.926494598388672,
          "hz": 9876.909183162974
        },
        {
          "acoustic_entropy": 5.970800876617432,
          "acoustic_entropy_side": 5.940664291381836,
          "hz": 10813.587699516042
        },
        {
          "acoustic_entropy": 6.012950897216797,
          "acoustic_entropy_side": 5.964597702026367,
          "hz": 11833.21735289826
        },
        {
          "acoustic_entropy": 6.045143127441406,
          "acoustic_entropy_side": 5.980706214904785,
          "hz": 12943.144197493959
        },
        {
          "acoustic_entropy": 6.050980567932129,
          "acoustic_entropy_side": 6.000549793243408,
          "hz": 14151.364845322005
        },
        {
          "acoustic_entropy": 6.054412364959717,
          "acoustic_entropy_side": 6.016701698303223,
          "hz": 15466.58407886509
        },
        {
          "acoustic_entropy": 6.071352005004883,
          "acoustic_entropy_side": 6.025895118713379,
          "hz": 16898.27756580493
        },
        {
          "acoustic_entropy": 6.044844150543213,
          "acoustic_entropy_side": 6.038376808166504,
          "hz": 18456.760127700032
        },
        {
          "acoustic_entropy": 6.01588249206543,
          "acoustic_entropy_side": 6.0088372230529785,
          "hz": 20153.260054456492
        },
        {
          "acoustic_entropy": 5.989901065826416,
          "acoustic_entropy_side": 5.992674827575684,
          "hz": 22000.00000000001
        }
      ],
      "diff_acoustic_entropy": 5.559187412261963,
      "sn": 6
    },
    {
      "acoustic_entropy": 7.755092144012451,
      "acoustic_entropy_mono": 7.105566501617432,
      "band_eliminated_acoustic_entropies": [
        {
          "acoustic_entropy": 7.755092620849609,
          "acoustic_entropy_side": 7.755092144012451,
          "hz": 129.47220167065723
        },
        {
          "acoustic_entropy": 7.755091667175293,
          "acoustic_entropy_side": 7.755092620849609,
          "hz": 202.92927478742237
        },
        {
          "acoustic_entropy": 7.755093574523926,
          "acoustic_entropy_side": 7.755100727081299,
          "hz": 282.89161906338205
        },
        {
          "acoustic_entropy": 7.7549285888671875,
          "acoustic_entropy_side": 7.755030632019043,
          "hz": 369.9353335868758
        },
        {
          "acoustic_entropy": 7.757905006408691,
          "acoustic_entropy_side": 7.755161762237549,
          "hz": 464.6875360973435
        },
        {
          "acoustic_entropy": 7.7703423500061035,
          "acoustic_entropy_side": 7.759063243865967,
          "hz": 567.8308811364784
        },
        {
          "acoustic_entropy": 7.720175266265869,
          "acoustic_entropy_side": 7.757172584533691,
          "hz": 680.1084783214808
        },
        {
          "acoustic_entropy": 7.766436576843262,
          "acoustic_entropy_side": 7.763246059417725,
          "hz": 802.3292461747484
        },
        {
          "acoustic_entropy": 7.770557880401611,
          "acoustic_entropy_side": 7.760648727416992,
          "hz": 935.3737400823702
        },
        {
          "acoustic_entropy": 7.77356481552124,
          "acoustic_entropy_side": 7.763649940490723,
          "hz": 1080.2004963696966
        },
        {
          "acoustic_entropy": 7.7669291496276855,
          "acoustic_entropy_side": 7.761111736297607,
          "hz": 1237.8529382007157
        },
        {
          "acoustic_entropy": 7.785181045532227,
          "acoustic_entropy_side": 7.774348735809326,
          "hz": 1409.4668930556702
        },
        {
          "acoustic_entropy": 7.755378723144531,
          "acoustic_entropy_side": 7.755286693572998,
          "hz": 1596.2787759475705
        },
        {
          "acoustic_entropy": 7.764983654022217,
          "acoustic_entropy_side": 7.758707046508789,
          "hz": 1799.6344973346393
        },
        {
          "acoustic_entropy": 7.7463226318359375,
          "acoustic_entropy_side": 7.789535999298096,
          "hz": 2020.9991599069049
        },
        {
          "acoustic_entropy": 7.771387100219727,
          "acoustic_entropy_side": 7.811230182647705,
          "hz": 2261.9676141086993
        },
        {
          "acoustic_entropy": 7.941653728485107,
          "acoustic_entropy_side": 7.907315731048584,
          "hz": 2524.2759484456974
        },
        {
          "acoustic_entropy": 7.871199607849121,
          "acoustic_entropy_side": 7.871575832366943,
          "hz": 2809.813997359896
        },
        {
          "acoustic_entropy": 8.054302215576172,
          "acoustic_entropy_side": 8.055407524108887,
          "hz": 3120.6389567871424
        },
        {
          "acoustic_entropy": 7.697006702423096,
          "acoustic_entropy_side": 7.757470607757568,
          "hz": 3458.990205492291
        },
        {
          "acoustic_entropy": 7.85488748550415,
          "acoustic_entropy_side": 8.162920951843262,
          "hz": 3827.305438964164
        },
        {
          "acoustic_entropy": 7.739071369171143,
          "acoustic_entropy_side": 7.96316385269165,
          "hz": 4228.238232109126
        },
        {
          "acoustic_entropy": 7.768120765686035,
          "acoustic_entropy_side": 7.753055572509766,
          "hz": 4664.6771572759235
        },
        {
          "acoustic_entropy": 7.686114311218262,
          "acoustic_entropy_side": 8.081374168395996,
          "hz": 5139.766595350093
        },
        {
          "acoustic_entropy": 7.772650718688965,
          "acoustic_entropy_side": 7.774489879608154,
          "hz": 5656.929389854203
        },
        {
          "acoustic_entropy": 7.693515300750732,
          "acoustic_entropy_side": 7.677324295043945,
          "hz": 6219.891507268283
        },
        {
          "acoustic_entropy": 7.76185417175293,
          "acoustic_entropy_side": 7.651808738708496,
          "hz": 6832.70888123896
        },
        {
          "acoustic_entropy": 8.20831298828125,
          "acoustic_entropy_side": 7.948276519775391,
          "hz": 7499.796634079867
        },
        {
          "acoustic_entropy": 8.080307960510254,
          "acoustic_entropy_side": 7.811610698699951,
          "hz": 8225.96088609342
        },
        {
          "acoustic_entropy": 8.116151809692383,
          "acoustic_entropy_side": 8.049944877624512,
          "hz": 9016.43338188839
        },
        {
          "acoustic_entropy": 7.9095540046691895,
          "acoustic_entropy_side": 7.782407760620117,
          "hz": 9876.909183162974
        },
        {
          "acoustic_entropy": 7.830190181732178,
          "acoustic_entropy_side": 7.945836544036865,
          "hz": 10813.587699516042
        },
        {
          "acoustic_entropy": 8.05514144897461,
          "acoustic_entropy_side": 7.859147548675537,
          "hz": 11833.21735289826
        },
        {
          "acoustic_entropy": 8.04967975616455,
          "acoustic_entropy_side": 7.83831262588501,
          "hz": 12943.144197493959
        },
        {
          "acoustic_entropy": 7.93665885925293,
          "acoustic_entropy_side": 7.7210187911987305,
          "hz": 14151.364845322005
        },
        {
          "acoustic_entropy": 7.9092631340026855,
          "acoustic_entropy_side": 7.829017162322998,
          "hz": 15466.58407886509
        },
        {
          "acoustic_entropy": 8.150696754455566,
          "acoustic_entropy_side": 7.998253345489502,
          "hz": 16898.27756580493
        },
        {
          "acoustic_entropy": 8.138124465942383,
          "acoustic_entropy_side": 7.987847328186035,
          "hz": 18456.760127700032
        },
        {
          "acoustic_entropy": 7.535202503204346,
          "acoustic_entropy_side": 7.76369047164917,
          "hz": 20153.260054456492
        },
        {
          "acoustic_entropy": 8.011748313903809,
          "acoustic_entropy_side": 7.844311714172363,
          "hz": 22000.00000000001
        }
      ],
      "diff_acoustic_entropy": 7.821489334106445,
      "sn": 12
    },
    {
      "acoustic_entropy": 12.031940460205078,
      "acoustic_entropy_mono": 9.577261924743652,
      "band_eliminated_acoustic_entropies": [
        {
          "acoustic_entropy": 12.031960487365723,
          "acoustic_entropy_side": 12.031947135925293,
          "hz": 129.47220167065723
        },
        {
          "acoustic_entropy": 12.031878471374512,
          "acoustic_entropy_side": 12.031946182250977,
          "hz": 202.92927478742237
        },
        {
          "acoustic_entropy": 12.028517723083496,
          "acoustic_entropy_side": 12.031523704528809,
          "hz": 282.89161906338205
        },
        {
          "acoustic_entropy": 12.029881477355957,
          "acoustic_entropy_side": 12.034167289733887,
          "hz": 369.9353335868758
        },
        {
          "acoustic_entropy": 12.024091720581055,
          "acoustic_entropy_side": 12.02796745300293,
          "hz": 464.6875360973435
        },
        {
          "acoustic_entropy": 12.031028747558594,
          "acoustic_entropy_side": 12.022300720214844,
          "hz": 567.8308811364784
        },
        {
          "acoustic_entropy": 11.895100593566895,
          "acoustic_entropy_side": 12.01570987701416,
          "hz": 680.1084783214808
        },
        {
          "acoustic_entropy": 12.02450180053711,
          "acoustic_entropy_side": 12.033164978027344,
          "hz": 802.3292461747484
        },
        {
          "acoustic_entropy": 12.017242431640625,
          "acoustic_entropy_side": 12.01907730102539,
          "hz": 935.3737400823702
        },
        {
          "acoustic_entropy": 11.992606163024902,
          "acoustic_entropy_side": 12.011821746826172,
          "hz": 1080.2004963696966
        },
        {
          "acoustic_entropy": 11.974382400512695,
          "acoustic_entropy_side": 12.01531982421875,
          "hz": 1237.8529382007157
        },
        {
          "acoustic_entropy": 12.06069564819336,
          "acoustic_entropy_side": 12.036299705505371,
          "hz": 1409.4668930556702
        },
        {
          "acoustic_entropy": 12.036834716796875,
          "acoustic_entropy_side": 12.043416976928711,
          "hz": 1596.2787759475705
        },
        {
          "acoustic_entropy": 11.99757194519043,
          "acoustic_entropy_side": 12.014010429382324,
          "hz": 1799.6344973346393
        },
        {
          "acoustic_entropy": 12.014885902404785,
          "acoustic_entropy_side": 12.011039733886719,
          "hz": 2020.9991599069049
        },
        {
          "acoustic_entropy": 11.91532039642334,
          "acoustic_entropy_side": 11.98991584777832,
          "hz": 2261.9676141086993
        },
        {
          "acoustic_entropy": 11.947691917419434,
          "acoustic_entropy_side": 11.976186752319336,
          "hz": 2524.2759484456974
        },
        {
          "acoustic_entropy": 11.982577323913574,
          "acoustic_entropy_side": 12.031600952148438,
          "hz": 2809.813997359896
        },
        {
          "acoustic_entropy": 12.131572723388672,
          "acoustic_entropy_side": 12.117156982421875,
          "hz": 3120.6389567871424
        },
        {
          "acoustic_entropy": 11.997209548950195,
          "acoustic_entropy_side": 12.115995407104492,
          "hz": 3458.990205492291
