{
  "acoustic_entropy": 70.6287612915039,
  "bands": [
    {
      "high_freq": 148.1999969482422,
      "loudness": -64.25483703613281,
      "loudness_range": 20.96878433227539,
      "mid_mean": -59.987770080566406,
      "mid_to_side_loudness": -8.69491195678711,
      "mid_to_side_loudness_range": 4.826831340789795,
      "side_mean": -65.39881134033203
    },
    {
      "high_freq": 392.3793640136719,
      "loudness": -45.684898376464844,
      "loudness_range": 26.277841567993164,
      "low_freq": 148.1999969482422,
      "mid_mean": -42.75741958618164,
      "mid_to_side_loudness": -7.660233020782471,
      "mid_to_side_loudness_range": 8.361602783203125,
      "side_mean": -51.24276351928711
    },
    {
      "high_freq": 794.6976318359375,
      "loudness": -47.461891174316406,
      "loudness_range": 30.977827072143555,
      "low_freq": 392.3793640136719,
      "mid_mean": -45.18874740600586,
      "mid_to_side_loudness": -4.369945049285889,
      "mid_to_side_loudness_range": 6.869160175323486,
      "side_mean": -50.44447708129883
    },
    {
      "high_freq": 1457.5709228515625,
      "loudness": -55.45789337158203,
      "loudness_range": 32.084720611572266,
      "low_freq": 794.6976318359375,
      "mid_mean": -55.04755783081055,
      "mid_to_side_loudness": -1.8814581632614136,
      "mid_to_side_loudness_range": 5.746679782867432,
      "side_mean": -56.51542282104492
    },
    {
      "high_freq": 2549.74365234375,
      "loudness": -57.67524337768555,
      "loudness_range": 29.958145141601562,
      "low_freq": 1457.5709228515625,
      "mid_mean": -59.91497039794922,
      "mid_to_side_loudness": -0.7385634183883667,
      "mid_to_side_loudness_range": 6.325767993927002,
      "side_mean": -60.15674591064453
    },
    {
      "high_freq": 4349.24462890625,
      "loudness": -64.49372100830078,
      "loudness_range": 25.150760650634766,
      "low_freq": 2549.74365234375,
      "mid_mean": -65.39643859863281,
      "mid_to_side_loudness": -2.473736047744751,
      "mid_to_side_loudness_range": 7.2080230712890625,
      "side_mean": -66.4808578491211
    },
    {
      "high_freq": 7314.1640625,
      "loudness": -77.8336181640625,
      "loudness_range": 19.46862030029297,
      "low_freq": 4349.24462890625,
      "mid_mean": -69.6094970703125,
      "mid_to_side_loudness": -0.8391603231430054,
      "mid_to_side_loudness_range": 4.245195388793945,
      "side_mean": -69.64657592773438
    },
    {
      "high_freq": 12199.2666015625,
      "loudness": 0,
      "loudness_range": 0,
      "low_freq": 7314.1640625,
      "mid_mean": -69.96105194091797,
      "mid_to_side_loudness": -0.9488739371299744,
      "mid_to_side_loudness_range": 2.4491000175476074,
      "side_mean": -69.97412872314453
    },
    {
      "loudness": 0,
      "loudness_range": 0,
      "low_freq": 12199.2666015625,
      "mid_mean": -69.98345947265625,
      "mid_to_side_loudness": -1.1263583898544312,
      "mid_to_side_loudness_range": 2.5502734184265137,
      "side_mean": -69.98725128173828
    }
  ],
  "bands_short": [
    {
      "high_freq": 148.1999969482422,
      "loudness": -67.71955108642578,
      "loudness_range": 18.661117553710938,
      "mid_mean": -62.776737213134766,
      "mid_to_side_loudness": -10.221113204956055,
      "mid_to_side_loudness_range": 10.856285095214844,
      "side_mean": -67.68090057373047
    },
    {
      "high_freq": 392.3793640136719,
      "loudness": -46.83059310913086,
      "loudness_range": 23.968097686767578,
      "low_freq": 148.1999969482422,
      "mid_mean": -44.008121490478516,
      "mid_to_side_loudness": -7.536189556121826,
      "mid_to_side_loudness_range": 10.280948638916016,
      "side_mean": -52.3849983215332
    },
    {
      "high_freq": 794.6976318359375,
      "loudness": -47.41267776489258,
      "loudness_range": 32.2293701171875,
      "low_freq": 392.3793640136719,
      "mid_mean": -44.950103759765625,
      "mid_to_side_loudness": -5.157814025878906,
      "mid_to_side_loudness_range": 7.688028812408447,
      "side_mean": -51.0889778137207
    },
    {
      "high_freq": 1457.5709228515625,
      "loudness": -55.73500061035156,
      "loudness_range": 32.537628173828125,
      "low_freq": 794.6976318359375,
      "mid_mean": -55.25834655761719,
      "mid_to_side_loudness": -1.5811408758163452,
      "mid_to_side_loudness_range": 7.328005313873291,
      "side_mean": -56.576332092285156
    },
    {
      "high_freq": 2549.74365234375,
      "loudness": -58.33387756347656,
      "loudness_range": 30.642799377441406,
      "low_freq": 1457.5709228515625,
      "mid_mean": -60.7365837097168,
      "mid_to_side_loudness": -0.5900620222091675,
      "mid_to_side_loudness_range": 8.384870529174805,
      "side_mean": -60.87069320678711
    },
    {
      "high_freq": 4349.24462890625,
      "loudness": -65.42818450927734,
      "loudness_range": 26.744102478027344,
      "low_freq": 2549.74365234375,
      "mid_mean": -65.9803695678711,
      "mid_to_side_loudness": -2.371697425842285,
      "mid_to_side_loudness_range": 9.616166114807129,
      "side_mean": -66.78238677978516
    },
    {
      "high_freq": 7314.1640625,
      "loudness": -77.04618835449219,
      "loudness_range": 19.85979461669922,
      "low_freq": 4349.24462890625,
      "mid_mean": -69.6728286743164,
      "mid_to_side_loudness": -0.8434591293334961,
      "mid_to_side_loudness_range": 6.9662885665893555,
      "side_mean": -69.66389465332031
    },
    {
      "high_freq": 12199.2666015625,
      "loudness": -84.0771255493164,
      "loudness_range": 13.1065673828125,
      "low_freq": 7314.1640625,
      "mid_mean": -69.96302795410156,
      "mid_to_side_loudness": -0.9673565626144409,
      "mid_to_side_loudness_range": 3.593424081802368,
      "side_mean": -69.97474670410156
    },
    {
      "loudness": 0,
      "loudness_range": 0,
      "low_freq": 12199.2666015625,
      "mid_mean": -69.98332977294922,
      "mid_to_side_loudness": -1.1862221956253052,
      "mid_to_side_loudness_range": 3.8527112007141113,
      "side_mean": -69.98714447021484
    }
  ],
  "bandwidth": 558.9561157226562,
  "channels": 2,
  "covariance": [
    [
      36.897987365722656,
      24.735742568969727,
      -5.614255905151367,
      5.561034679412842,
      -8.463430404663086,
      0.8764871954917908,
      -9.044464111328125,
      -8.448020935058594,
      -12.326160430908203,
      -12.440260887145996,
      -3.3284177780151367,
      -2.244271755218506,
      0.5762254595756531,
      0.44666868448257446,
      0.07835130393505096,
      0.04302338883280754,
      0.003266970394179225,
      0.0019505232339724898
    ],
    [
      24.735742568969727,
      17.82762336730957,
      -5.669946670532227,
      1.7554612159729004,
      -8.896568298339844,
      -2.7116198539733887,
      -9.558134078979492,
      -8.96375560760498,
      -11.821331024169922,
      -11.464725494384766,
      -5.194798469543457,
      -3.6346182823181152,
      0.04419694468379021,
      0.01797456480562687,
      0.03667449951171875,
      0.019729649648070335,
      0.0013224022695794702,
      0.0013272720389068127
    ],
    [
      -5.614255905151367,
      -5.669946670532227,
      78.35192108154297,
      67.35862731933594,
      86.19319152832031,
      83.65110778808594,
      85.89834594726562,
      80.66751098632812,
      77.24378967285156,
      74.4572525024414,
      49.02531814575195,
      38.60163879394531,
      5.1901092529296875,
      4.724801063537598,
      0.3603646457195282,
      0.1991763561964035,
      0.015244316309690475,
      0.007650068495422602
    ],
    [
      5.561034679412842,
      1.7554612159729004,
      67.35862731933594,
      78.15171813964844,
      75.34451293945312,
      87.26486206054688,
      84.8704605102539,
      79.84986877441406,
      73.79487609863281,
      72.11353302001953,
      45.914886474609375,
      36.03257751464844,
      4.80021858215332,
      4.421902656555176,
      0.336245059967041,
      0.18848887085914612,
      0.016717327758669853,
      0.012689382769167423
    ],
    [
      -8.463430404663086,
      -8.896568298339844,
      86.19319152832031,
      75.34451293945312,
      113.64157104492188,
      104.50413513183594,
      106.32210540771484,
      100.09933471679688,
      96.219970703125,
      92.64879608154297,
      60.04366683959961,
      47.11135482788086,
      6.9182891845703125,
      6.329908847808838,
      0.478222519159317,
      0.25698670744895935,
      0.024711599573493004,
      0.012278319336473942
    ],
    [
      0.8764871954917908,
      -2.7116198539733887,
      83.65110778808594,
      87.26486206054688,
      104.50413513183594,
      114.24991607666016,
      109.89625549316406,
      102.5732650756836,
      95.463623046875,
      92.30720520019531,
      58.446624755859375,
      45.72605895996094,
      6.293370723724365,
      5.766480445861816,
      0.45117640495300293,
      0.2510589361190796,
      0.025019967928528786,
      0.016346845775842667
    ],
    [
      -9.044464111328125,
      -9.558134078979492,
      85.89834594726562,
      84.8704605102539,
      106.32210540771484,
      109.89625549316406,
      121.1895523071289,
      113.01568603515625,
      105.76705169677734,
      102.14641571044922,
      62.92149353027344,
      49.214019775390625,
      6.5870795249938965,
      6.033250331878662,
      0.46068626642227173,
      0.25674691796302795,
      0.02462209388613701,
      0.01643262803554535
    ],
    [
      -8.448020935058594,
      -8.96375560760498,
      80.66751098632812,
      79.84986877441406,
      100.09933471679688,
      102.5732650756836,
      113.01568603515625,
      107.3835678100586,
      100.27703857421875,
      97.1817398071289,
      60.099849700927734,
      47.14512634277344,
      6.394157409667969,
      5.828625202178955,
      0.43476516008377075,
      0.24219006299972534,
      0.022880271077156067,
      0.015385721810162067
    ],
    [
      -12.326160430908203,
      -11.821331024169922,
      77.24378967285156,
      73.79487609863281,
      96.219970703125,
      95.463623046875,
      105.76705169677734,
      100.27703857421875,
      102.86725616455078,
      98.59837341308594,
      62.9960823059082,
      49.49969482421875,
      7.220054626464844,
      6.636559009552002,
      0.5086814761161804,
      0.2740211486816406,
      0.021607812494039536,
      0.014182948507368565
    ],
    [
      -12.440260887145996,
      -11.464725494384766,
      74.4572525024414,
      72.11353302001953,
      92.64879608154297,
      92.30720520019531,
      102.14641571044922,
      97.1817398071289,
      98.59837341308594,
      96.5998764038086,
      59.82415008544922,
      47.43859100341797,
      6.914659023284912,
      6.36676549911499,
      0.48647555708885193,
      0.26128995418548584,
      0.020964836701750755,
      0.014056428335607052
    ],
    [
      -3.3284177780151367,
      -5.194798469543457,
      49.02531814575195,
      45.914886474609375,
      60.04366683959961,
      58.446624755859375,
      62.92149353027344,
      60.099849700927734,
      62.9960823059082,
      59.82415008544922,
      44.745338439941406,
      35.15925979614258,
      5.936171531677246,
      5.401599407196045,
      0.4292917251586914,
      0.22892165184020996,
      0.014072413556277752,
      0.008733291178941727
    ],
    [
      -2.244271755218506,
      -3.6346182823181152,
      38.60163879394531,
      36.03257751464844,
      47.11135482788086,
      45.72605895996094,
      49.214019775390625,
      47.14512634277344,
      49.49969482421875,
      47.43859100341797,
      35.15925979614258,
      28.58192253112793,
      4.993474006652832,
      4.5403218269348145,
      0.36039796471595764,
      0.19156983494758606,
      0.011590557172894478,
      0.007287327665835619
    ],
    [
      0.5762254595756531,
      0.04419694468379021,
      5.1901092529296875,
      4.80021858215332,
      6.9182891845703125,
      6.293370723724365,
      6.5870795249938965,
      6.394157409667969,
      7.220054626464844,
      6.914659023284912,
      5.936171531677246,
      4.993474006652832,
      1.6025840044021606,
      1.4691296815872192,
      0.14683260023593903,
      0.07382194697856903,
      0.002552886726334691,
      0.0016797618009150028
    ],
    [
      0.44666868448257446,
      0.01797456480562687,
      4.724801063537598,
      4.421902656555176,
      6.329908847808838,
      5.766480445861816,
      6.033250331878662,
      5.828625202178955,
      6.636559009552002,
      6.36676549911499,
      5.401599407196045,
      4.5403218269348145,
      1.4691296815872192,
      1.4197547435760498,
      0.14507126808166504,
      0.07071366161108017,
      0.0023597765248268843,
      0.0015756943030282855
    ],
    [
      0.07835130393505096,
      0.03667449951171875,
      0.3603646457195282,
      0.336245059967041,
      0.478222519159317,
      0.45117640495300293,
      0.46068626642227173,
      0.43476516008377075,
      0.5086814761161804,
      0.48647555708885193,
      0.4292917251586914,
      0.36039796471595764,
      0.14683260023593903,
      0.14507126808166504,
      0.022064343094825745,
      0.010621301829814911,
      0.00026174416416324675,
      0.00020539297838695347
    ],
    [
      0.04302338883280754,
      0.019729649648070335,
      0.1991763561964035,
      0.18848887085914612,
      0.25698670744895935,
      0.2510589361190796,
      0.25674691796302795,
      0.24219006299972534,
      0.2740211486816406,
      0.26128995418548584,
      0.22892165184020996,
      0.19156983494758606,
      0.07382194697856903,
      0.07071366161108017,
      0.010621301829814911,
      0.0053463587537407875,
      0.00015959146548993886,
      0.0001317625428782776
    ],
    [
      0.003266970394179225,
      0.0013224022695794702,
      0.015244316309690475,
      0.016717327758669853,
      0.024711599573493004,
      0.025019967928528786,
      0.02462209388613701,
      0.022880271077156067,
      0.021607812494039536,
      0.020964836701750755,
      0.014072413556277752,
      0.011590557172894478,
      0.002552886726334691,
      0.0023597765248268843,
      0.00026174416416324675,
      0.00015959146548993886,
      5.198092549107969e-05,
      3.362184725119732e-05
    ],
    [
      0.0019505232339724898,
      0.0013272720389068127,
      0.007650068495422602,
      0.012689382769167423,
      0.012278319336473942,
      0.016346845775842667,
      0.01643262803554535,
      0.015385721810162067,
      0.014182948507368565,
      0.014056428335607052,
      0.008733291178941727,
      0.007287327665835619,
      0.0016797618009150028,
      0.0015756943030282855,
      0.00020539297838695347,
      0.0001317625428782776,
      3.362184725119732e-05,
      2.8996882974752225e-05
    ]
  ],
  "covariance_short": [
    [
      24.733844757080078,
      12.230833053588867,
      3.1338977813720703,
      9.28088665008545,
      -1.5894596576690674,
      4.701779365539551,
      -1.4537780284881592,
      -1.0585628747940063,
      -5.243781089782715,
      -5.499771595001221,
      0.17603832483291626,
      0.34256917238235474,
      0.994289755821228,
      0.9050658345222473,
      0.12502175569534302,
      0.07295455783605576,
      0.005217419937252998,
      0.0030289138667285442
    ],
    [
      12.230833053588867,
      8.25595760345459,
      0.32630160450935364,
      3.7953474521636963,
      -3.2315032482147217,
      -0.06751731038093567,
      -3.338529586791992,
      -2.9564309120178223,
      -5.798834800720215,
      -5.634744167327881,
      -2.3728363513946533,
      -1.8165309429168701,
      0.15939071774482727,
      0.13680237531661987,
      0.035320937633514404,
      0.020293351262807846,
      0.001621091621927917,
      0.001198020065203309
    ],
    [
      3.1338977813720703,
      0.32630160450935364,
      63.632816314697266,
      51.07778549194336,
      79.77838897705078,
      75.28926086425781,
      74.3531494140625,
      69.33196258544922,
      65.20372009277344,
      63.88207244873047,
      40.60085678100586,
      33.4532585144043,
      4.4742584228515625,
      4.6882171630859375,
      0.3356131911277771,
      0.18726184964179993,
      0.013843615539371967,
      0.0059995027258992195
    ],
    [
      9.28088665008545,
      3.7953474521636963,
      51.07778549194336,
      64.40847778320312,
      67.5351791381836,
      78.10032653808594,
      72.4248275756836,
      67.86569213867188,
      60.59543228149414,
      60.38544464111328,
      36.75421142578125,
      30.128177642822266,
      3.8698513507843018,
      4.117875576019287,
      0.28967681527137756,
      0.1630070060491562,
      0.014436114579439163,
      0.011081280186772346
    ],
    [
      -1.5894596576690674,
      -3.2315032482147217,
      79.77838897705078,
      67.5351791381836,
      119.11891174316406,
      108.68790435791016,
      110.18991088867188,
      101.67730712890625,
      97.37832641601562,
      95.42475128173828,
      58.507469177246094,
      48.019893646240234,
      6.36636209487915,
      6.4973344802856445,
      0.4742749333381653,
      0.267275869846344,
      0.023344188928604126,
      0.011630568653345108
    ],
    [
      4.701779365539551,
      -0.06751731038093567,
      75.28926086425781,
      78.10032653808594,
      108.68790435791016,
      117.87532806396484,
      111.62110137939453,
      102.43589782714844,
      94.08050537109375,
      92.46157836914062,
      55.345890045166016,
      45.30126190185547,
      5.833967685699463,
      5.9704155921936035,
      0.4536067843437195,
      0.26139405369758606,
      0.023349283263087273,
      0.015451126731932163
    ],
    [
      -1.4537780284881592,
      -3.338529586791992,
      74.3531494140625,
      72.4248275756836,
      110.18991088867188,
      111.62110137939453,
      122.84272003173828,
      112.35746002197266,
      101.90193939208984,
      99.6519546508789,
      58.56494903564453,
      47.92611312866211,
      6.0518879890441895,
      6.2180304527282715,
      0.465137779712677,
      0.27179986238479614,
      0.024529781192541122,
      0.016235703602433205
    ],
    [
      -1.0585628747940063,
      -2.9564309120178223,
      69.33196258544922,
      67.86569213867188,
      101.67730712890625,
      102.43589782714844,
      112.35746002197266,
      105.96849060058594,
      95.10859680175781,
      93.38417053222656,
      55.24305725097656,
      45.34916305541992,
      5.792160987854004,
      5.950468063354492,
      0.43563246726989746,
      0.25528857111930847,
      0.02246100828051567,
      0.015237431973218918
    ],
    [
      -5.243781089782715,
      -5.798834800720215,
      65.20372009277344,
      60.59543228149414,
      97.37832641601562,
      94.08050537109375,
      101.90193939208984,
      95.10859680175781,
      97.9658432006836,
      94.46576690673828,
      58.060882568359375,
      47.64237594604492,
      6.611469745635986,
      6.7862935066223145,
      0.5176815390586853,
      0.2917036712169647,
      0.02087278850376606,
      0.013433181680738926
    ],
    [
      -5.499771595001221,
      -5.634744167327881,
      63.88207244873047,
      60.38544464111328,
      95.42475128173828,
      92.46157836914062,
      99.6519546508789,
      93.38417053222656,
      94.46576690673828,
      94.26094818115234,
      55.833255767822266,
      46.163963317871094,
      6.330251216888428,
      6.499693870544434,
      0.4932410717010498,
      0.27722078561782837,
      0.020199613645672798,
      0.013312718831002712
    ],
    [
      0.17603832483291626,
      -2.3728363513946533,
      40.60085678100586,
      36.75421142578125,
      58.507469177246094,
      55.345890045166016,
      58.56494903564453,
      55.24305725097656,
      58.060882568359375,
      55.833255767822266,
      40.931251525878906,
      33.32667922973633,
      5.499220848083496,
      5.5832133293151855,
      0.45259565114974976,
      0.252769410610199,
      0.013647329993546009,
      0.008312814868986607
    ],
    [
      0.34256917238235474,
      -1.8165309429168701,
      33.4532585144043,
      30.128177642822266,
      48.019893646240234,
      45.30126190185547,
      47.92611312866211,
      45.34916305541992,
      47.64237594604492,
      46.163963317871094,
      33.32667922973633,
      28.19784164428711,
      4.718245029449463,
      4.7779927253723145,
      0.38596051931381226,
      0.21668244898319244,
      0.011587475426495075,
      0.0071622589603066444
    ],
    [
      0.994289755821228,
      0.15939071774482727,
      4.4742584228515625,
      3.8698513507843018,
      6.36636209487915,
      5.833967685699463,
      6.0518879890441895,
      5.792160987854004,
      6.611469745635986,
      6.330251216888428,
      5.499220848083496,
      4.718245029449463,
      1.577742576599121,
      1.5209681987762451,
      0.17084002494812012,
      0.09304244816303253,
      0.0028257775120437145,
      0.0017776141176000237
    ],
    [
      0.9050658345222473,
      0.13680237531661987,
      4.6882171630859375,
      4.117875576019287,
      6.4973344802856445,
      5.9704155921936035,
      6.2180304527282715,
      5.950468063354492,
      6.7862935066223145,
      6.499693870544434,
      5.5832133293151855,
      4.7779927253723145,
      1.5209681987762451,
      1.5906676054000854,
      0.1699080616235733,
      0.09008665382862091,
      0.0028406642377376556,
      0.0017922529950737953
    ],
    [
      0.12502175569534302,
      0.035320937633514404,
      0.3356131911277771,
      0.28967681527137756,
      0.4742749333381653,
      0.4536067843437195,
      0.465137779712677,
      0.43563246726989746,
      0.5176815390586853,
      0.4932410717010498,
      0.45259565114974976,
      0.38596051931381226,
      0.17084002494812012,
      0.1699080616235733,
      0.0337909497320652,
      0.01794157363474369,
      0.00034932722337543964,
      0.0002614662516862154
    ],
    [
      0.07295455783605576,
      0.020293351262807846,
      0.18726184964179993,
      0.1630070060491562,
      0.267275869846344,
      0.26139405369758606,
      0.27179986238479614,
      0.25528857111930847,
      0.2917036712169647,
      0.27722078561782837,
      0.252769410610199,
      0.21668244898319244,
      0.09304244816303253,
      0.09008665382862091,
      0.01794157363474369,
      0.01019240915775299,
      0.00022722900030203164,
      0.00018880364950746298
    ],
    [
      0.005217419937252998,
      0.001621091621927917,
      0.013843615539371967,
      0.014436114579439163,
      0.023344188928604126,
      0.023349283263087273,
      0.024529781192541122,
      0.02246100828051567,
      0.02087278850376606,
      0.020199613645672798,
      0.013647329993546009,
      0.011587475426495075,
      0.0028257775120437145,
      0.0028406642377376556,
      0.00034932722337543964,
      0.00022722900030203164,
      9.524276538286358e-05,
      5.560009230975993e-05
    ],
    [
      0.0030289138667285442,
      0.001198020065203309,
      0.0059995027258992195,
      0.011081280186772346,
      0.011630568653345108,
      0.015451126731932163,
      0.016235703602433205,
      0.015237431973218918,
      0.013433181680738926,
      0.013312718831002712,
      0.008312814868986607,
      0.0071622589603066444,
      0.0017776141176000237,
      0.0017922529950737953,
      0.0002614662516862154,
      0.00018880364950746298,
      5.560009230975993e-05,
      5.427920041256584e-05
    ]
  ],
  "damage": -22.071805953979492,
  "diff_bandwidth": 576.3521118164062,
  "dissonance": 4.41286963803708,
  "drr": -1.2053189277648926,
  "dynamics": 8.246089935302734,
  "format": 1245190,
  "frames": 8443904,
  "loudness": -37.051910400390625,
  "loudness_range": 26.115196228027344,
  "loudness_range_short": 27.8550968170166,
  "lowpass_true_peak_15khz": -9.830286979675293,
  "mastering3_acoustic_entropies": [
    {
      "acoustic_entropy": 4.085092544555664,
      "acoustic_entropy_mono": 4.155574798583984,
      "band_eliminated_acoustic_entropies": [
        {
          "acoustic_entropy": 4.08540678024292,
          "acoustic_entropy_side": 4.085113525390625,
          "hz": 129.47220167065723
        },
        {
          "acoustic_entropy": 4.081643104553223,
          "acoustic_entropy_side": 4.084819316864014,
          "hz": 202.92927478742237
        },
        {
          "acoustic_entropy": 4.0583295822143555,
          "acoustic_entropy_side": 4.081263065338135,
          "hz": 282.89161906338205
        },
        {
          "acoustic_entropy": 4.022816181182861,
          "acoustic_entropy_side": 4.042543411254883,
          "hz": 369.9353335868758
        },
        {
          "acoustic_entropy": 4.130929946899414,
          "acoustic_entropy_side": 4.144703388214111,
          "hz": 464.6875360973435
        },
        {
          "acoustic_entropy": 4.293363094329834,
          "acoustic_entropy_side": 4.040903091430664,
          "hz": 567.8308811364784
        },
        {
          "acoustic_entropy": 4.41603946685791,
          "acoustic_entropy_side": 4.112987518310547,
          "hz": 680.1084783214808
        },
        {
          "acoustic_entropy": 4.3040008544921875,
          "acoustic_entropy_side": 4.167202472686768,
          "hz": 802.3292461747484
        },
        {
          "acoustic_entropy": 3.4952728748321533,
          "acoustic_entropy_side": 4.088724136352539,
          "hz": 935.3737400823702
        },
        {
          "acoustic_entropy": 4.196803569793701,
          "acoustic_entropy_side": 4.070295333862305,
          "hz": 1080.2004963696966
        },
        {
          "acoustic_entropy": 4.157042026519775,
          "acoustic_entropy_side": 4.118926048278809,
          "hz": 1237.8529382007157
        },
        {
          "acoustic_entropy": 4.02631950378418,
          "acoustic_entropy_side": 4.049389362335205,
          "hz": 1409.4668930556702
        },
        {
          "acoustic_entropy": 4.120750427246094,
          "acoustic_entropy_side": 4.1312384605407715,
          "hz": 1596.2787759475705
        },
        {
          "acoustic_entropy": 4.026404857635498,
          "acoustic_entropy_side": 4.051805019378662,
          "hz": 1799.6344973346393
        },
        {
          "acoustic_entropy": 4.055242538452148,
          "acoustic_entropy_side": 4.062143802642822,
          "hz": 2020.9991599069049
        },
        {
          "acoustic_entropy": 3.99298095703125,
          "acoustic_entropy_side": 4.02691650390625,
          "hz": 2261.9676141086993
        },
        {
          "acoustic_entropy": 4.111451148986816,
          "acoustic_entropy_side": 4.030703067779541,
          "hz": 2524.2759484456974
        },
        {
          "acoustic_entropy": 4.0683698654174805,
          "acoustic_entropy_side": 4.087421894073486,
          "hz": 2809.813997359896
        },
        {
          "acoustic_entropy": 4.036383628845215,
          "acoustic_entropy_side": 4.07988977432251,
          "hz": 3120.6389567871424
        },
        {
          "acoustic_entropy": 4.0798540115356445,
          "acoustic_entropy_side": 4.08086633682251,
          "hz": 3458.990205492291
        },
        {
          "acoustic_entropy": 4.07429313659668,
          "acoustic_entropy_side": 4.080044269561768,
          "hz": 3827.305438964164
        },
        {
          "acoustic_entropy": 4.083532333374023,
          "acoustic_entropy_side": 4.0843000411987305,
          "hz": 4228.238232109126
        },
        {
          "acoustic_entropy": 4.084543228149414,
          "acoustic_entropy_side": 4.084775447845459,
          "hz": 4664.6771572759235
        },
        {
          "acoustic_entropy": 4.08494234085083,
          "acoustic_entropy_side": 4.085028648376465,
          "hz": 5139.766595350093
        },
        {
          "acoustic_entropy": 4.085009574890137,
          "acoustic_entropy_side": 4.085033893585205,
          "hz": 5656.929389854203
        },
        {
          "acoustic_entropy": 4.085057735443115,
          "acoustic_entropy_side": 4.08507776260376,
          "hz": 6219.891507268283
        },
        {
          "acoustic_entropy": 4.085085391998291,
          "acoustic_entropy_side": 4.085089206695557,
          "hz": 6832.70888123896
        },
        {
          "acoustic_entropy": 4.085091590881348,
          "acoustic_entropy_side": 4.085092067718506,
          "hz": 7499.796634079867
        },
        {
          "acoustic_entropy": 4.085092067718506,
          "acoustic_entropy_side": 4.085092067718506,
          "hz": 8225.96088609342
        },
        {
          "acoustic_entropy": 4.085092067718506,
          "acoustic_entropy_side": 4.085092544555664,
          "hz": 9016.43338188839
        },
        {
          "acoustic_entropy": 4.085092544555664,
          "acoustic_entropy_side": 4.085092544555664,
          "hz": 9876.909183162974
        },
        {
          "acoustic_entropy": 4.085092544555664,
          "acoustic_entropy_side": 4.085092544555664,
          "hz": 10813.587699516042
        },
        {
          "acoustic_entropy": 4.085092544555664,
          "acoustic_entropy_side": 4.085092544555664,
          "hz": 11833.21735289826
        },
        {
          "acoustic_entropy": 4.085092544555664,
          "acoustic_entropy_side": 4.085092544555664,
          "hz": 12943.144197493959
        },
        {
          "acoustic_entropy": 4.085092544555664,
          "acoustic_entropy_side": 4.085092544555664,
          "hz": 14151.364845322005
        },
        {
          "acoustic_entropy": 4.085092544555664,
          "acoustic_entropy_side": 4.085092544555664,
          "hz": 15466.58407886509
        },
        {
          "acoustic_entropy": 4.085092544555664,
          "acoustic_entropy_side": 4.085092544555664,
          "hz": 16898.27756580493
        },
        {
          "acoustic_entropy": 4.085092544555664,
          "acoustic_entropy_side": 4.085092544555664,
          "hz": 18456.760127700032
        },
        {
          "acoustic_entropy": 4.085092544555664,
          "acoustic_entropy_side": 4.085092544555664,
          "hz": 20153.260054456492
        },
        {
          "acoustic_entropy": 4.085092544555664,
          "acoustic_entropy_side": 4.085092544555664,
          "hz": 22000.00000000001
        }
      ],
      "diff_acoustic_entropy": 2.4478113651275635,
      "sn": 6
    },
    {
      "acoustic_entropy": 5.474996089935303,
      "acoustic_entropy_mono": 5.287502288818359,
      "band_eliminated_acoustic_entropies": [
        {
          "acoustic_entropy": 5.476820468902588,
          "acoustic_entropy_side": 5.475213527679443,
          "hz": 129.47220167065723
        },
        {
          "acoustic_entropy": 5.3948445320129395,
          "acoustic_entropy_side": 5.468964099884033,
          "hz": 202.92927478742237
        },
        {
          "acoustic_entropy": 5.444184303283691,
          "acoustic_entropy_side": 5.417555332183838,
          "hz": 282.89161906338205
        },
        {
          "acoustic_entropy": 5.334125995635986,
          "acoustic_entropy_side": 5.368995189666748,
          "hz": 369.9353335868758
        },
        {
          "acoustic_entropy": 5.507417678833008,
          "acoustic_entropy_side": 5.225792407989502,
          "hz": 464.6875360973435
        },
        {
          "acoustic_entropy": 5.64445686340332,
          "acoustic_entropy_side": 6.0079665184021,
          "hz": 567.8308811364784
        },
        {
          "acoustic_entropy": 5.3127827644348145,
          "acoustic_entropy_side": 5.236969947814941,
          "hz": 680.1084783214808
        },
        {
          "acoustic_entropy": 5.450712203979492,
          "acoustic_entropy_side": 5.804901123046875,
          "hz": 802.3292461747484
        },
        {
          "acoustic_entropy": 5.462663650512695,
          "acoustic_entropy_side": 5.697967529296875,
          "hz": 935.3737400823702
        },
        {
          "acoustic_entropy": 5.169211387634277,
          "acoustic_entropy_side": 5.194475173950195,
          "hz": 1080.2004963696966
        },
        {
          "acoustic_entropy": 5.453144550323486,
          "acoustic_entropy_side": 5.440793514251709,
          "hz": 1237.8529382007157
        },
        {
          "acoustic_entropy": 5.1901116371154785,
          "acoustic_entropy_side": 5.283740997314453,
          "hz": 1409.4668930556702
        },
        {
          "acoustic_entropy": 5.686412334442139,
          "acoustic_entropy_side": 5.593222618103027,
          "hz": 1596.2787759475705
        },
        {
          "acoustic_entropy": 5.507164478302002,
          "acoustic_entropy_side": 5.218116760253906,
          "hz": 1799.6344973346393
        },
        {
          "acoustic_entropy": 5.3429083824157715,
          "acoustic_entropy_side": 5.22623348236084,
          "hz": 2020.9991599069049
        },
        {
          "acoustic_entropy": 5.182905197143555,
          "acoustic_entropy_side": 5.3016791343688965,
          "hz": 2261.9676141086993
        },
        {
          "acoustic_entropy": 5.342141628265381,
          "acoustic_entropy_side": 5.230583667755127,
          "hz": 2524.2759484456974
        },
        {
          "acoustic_entropy": 5.191694736480713,
          "acoustic_entropy_side": 5.312434196472168,
          "hz": 2809.813997359896
        },
        {
          "acoustic_entropy": 5.2674736976623535,
          "acoustic_entropy_side": 5.381808757781982,
          "hz": 3120.6389567871424
        },
        {
          "acoustic_entropy": 5.270491600036621,
          "acoustic_entropy_side": 5.394300937652588,
          "hz": 3458.990205492291
        },
        {
          "acoustic_entropy": 5.325764179229736,
          "acoustic_entropy_side": 5.402617931365967,
          "hz": 3827.305438964164
        },
        {
          "acoustic_entropy": 5.43797492980957,
          "acoustic_entropy_side": 5.45902156829834,
          "hz": 4228.238232109126
        },
        {
          "acoustic_entropy": 5.460826396942139,
          "acoustic_entropy_side": 5.469821929931641,
          "hz": 4664.6771572759235
        },
        {
          "acoustic_entropy": 5.472433567047119,
          "acoustic_entropy_side": 5.473997592926025,
          "hz": 5139.766595350093
        },
        {
          "acoustic_entropy": 5.473245143890381,
          "acoustic_entropy_side": 5.474008083343506,
          "hz": 5656.929389854203
        },
        {
          "acoustic_entropy": 5.474356651306152,
          "acoustic_entropy_side": 5.474726676940918,
          "hz": 6219.891507268283
        },
        {
          "acoustic_entropy": 5.474824905395508,
          "acoustic_entropy_side": 5.474915504455566,
          "hz": 6832.70888123896
        },
        {
          "acoustic_entropy": 5.4749555587768555,
          "acoustic_entropy_side": 5.474976062774658,
          "hz": 7499.796634079867
        },
        {
          "acoustic_entropy": 5.474981784820557,
          "acoustic_entropy_side": 5.4749908447265625,
          "hz": 8225.96088609342
        },
        {
          "acoustic_entropy": 5.474992275238037,
          "acoustic_entropy_side": 5.474995136260986,
          "hz": 9016.43338188839
        },
        {
          "acoustic_entropy": 5.474995136260986,
          "acoustic_entropy_side": 5.4749956130981445,
          "hz": 9876.909183162974
        },
        {
          "acoustic_entropy": 5.4749956130981445,
          "acoustic_entropy_side": 5.474996089935303,
          "hz": 10813.587699516042
        },
        {
          "acoustic_entropy": 5.474996089935303,
          "acoustic_entropy_side": 5.474996089935303,
          "hz": 11833.21735289826
        },
        {
          "acoustic_entropy": 5.474996089935303,
          "acoustic_entropy_side": 5.474996089935303,
          "hz": 12943.144197493959
        },
        {
          "acoustic_entropy": 5.474996089935303,
          "acoustic_entropy_side": 5.474996089935303,
          "hz": 14151.364845322005
        },
        {
          "acoustic_entropy": 5.474996089935303,
          "acoustic_entropy_side": 5.474996089935303,
          "hz": 15466.58407886509
        },
        {
          "acoustic_entropy": 5.474996089935303,
          "acoustic_entropy_side": 5.474996089935303,
          "hz": 16898.27756580493
        },
        {
          "acoustic_entropy": 5.474996089935303,
          "acoustic_entropy_side": 5.474996089935303,
          "hz": 18456.760127700032
        },
        {
          "acoustic_entropy": 5.474996089935303,
          "acoustic_entropy_side": 5.474996089935303,
          "hz": 20153.260054456492
        },
        {
          "acoustic_entropy": 5.474996089935303,
          "acoustic_entropy_side": 5.474996089935303,
          "hz": 22000.00000000001
        }
      ],
      "diff_acoustic_entropy": 3.296295166015625,
      "sn": 12
    },
    {
      "acoustic_entropy": 9.093952178955078,
      "acoustic_entropy_mono": 8.828117370605469,
      "band_eliminated_acoustic_entropies": [
        {
          "acoustic_entropy": 9.322660446166992,
          "acoustic_entropy_side": 9.165057182312012,
          "hz": 129.47220167065723
        },
        {
          "acoustic_entropy": 8.936116218566895,
          "acoustic_entropy_side": 9.12418270111084,
          "hz": 202.92927478742237
        },
        {
          "acoustic_entropy": 9.41872501373291,
          "acoustic_entropy_side": 9.433484077453613,
          "hz": 282.89161906338205
        },
        {
          "acoustic_entropy": 9.705622673034668,
          "acoustic_entropy_side": 9.484403610229492,
          "hz": 369.9353335868758
        },
        {
          "acoustic_entropy": 9.94819450378418,
          "acoustic_entropy_side": 8.994500160217285,
          "hz": 464.6875360973435
        },
        {
          "acoustic_entropy": 8.808428764343262,
          "acoustic_entropy_side": 9.446060180664062,
          "hz": 567.8308811364784
        },
        {
          "acoustic_entropy": 9.093823432922363,
          "acoustic_entropy_side": 9.158793449401855,
          "hz": 680.1084783214808
        },
        {
          "acoustic_entropy": 8.733111381530762,
          "acoustic_entropy_side": 9.288237571716309,
          "hz": 802.3292461747484
        },
        {
          "acoustic_entropy": 8.414209365844727,
          "acoustic_entropy_side": 9.283598899841309,
          "hz": 935.3737400823702
        },
        {
          "acoustic_entropy": 9.542914390563965,
          "acoustic_entropy_side": 9.114245414733887,
          "hz": 1080.2004963696966
        },
        {
          "acoustic_entropy": 9.22936725616455,
          "acoustic_entropy_side": 8.985762596130371,
          "hz": 1237.8529382007157
        },
        {
          "acoustic_entropy": 9.078363418579102,
          "acoustic_entropy_side": 9.045833587646484,
          "hz": 1409.4668930556702
        },
        {
          "acoustic_entropy": 9.123738288879395,
          "acoustic_entropy_side": 9.156335830688477,
          "hz": 1596.2787759475705
        },
        {
          "acoustic_entropy": 9.318347930908203,
          "acoustic_entropy_side": 9.10383129119873,
          "hz": 1799.6344973346393
        },
        {
          "acoustic_entropy": 9.427078247070312,
          "acoustic_entropy_side": 9.41075611114502,
          "hz": 2020.9991599069049
        },
        {
          "acoustic_entropy": 8.698119163513184,
          "acoustic_entropy_side": 8.780593872070312,
          "hz": 2261.9676141086993
        },
        {
