{
  "acoustic_entropy": 160.8272247314453,
  "bands": [
    {
      "high_freq": 148.1999969482422,
      "loudness": -18.762901306152344,
      "loudness_range": 8.292591094970703,
      "mid_mean": -15.138086318969727,
      "mid_to_side_loudness": -26.09984016418457,
      "mid_to_side_loudness_range": 20.994220733642578,
      "side_mean": -41.470794677734375
    },
    {
      "high_freq": 392.3793640136719,
      "loudness": -23.13129997253418,
      "loudness_range": 11.40837287902832,
      "low_freq": 148.1999969482422,
      "mid_mean": -20.034021377563477,
      "mid_to_side_loudness": -10.24267292022705,
      "mid_to_side_loudness_range": 13.678657531738281,
      "side_mean": -29.237407684326172
    },
    {
      "high_freq": 794.6976318359375,
      "loudness": -23.54085922241211,
      "loudness_range": 17.50311279296875,
      "low_freq": 392.3793640136719,
      "mid_mean": -22.285242080688477,
      "mid_to_side_loudness": -4.311229705810547,
      "mid_to_side_loudness_range": 12.48405647277832,
      "side_mean": -24.5229549407959
    },
    {
      "high_freq": 1457.5709228515625,
      "loudness": -31.16835594177246,
      "loudness_range": 22.730846405029297,
      "low_freq": 794.6976318359375,
      "mid_mean": -29.38422203063965,
      "mid_to_side_loudness": -3.933072328567505,
      "mid_to_side_loudness_range": 13.597931861877441,
      "side_mean": -31.568801879882812
    },
    {
      "high_freq": 2549.74365234375,
      "loudness": -31.88726234436035,
      "loudness_range": 19.63210678100586,
      "low_freq": 1457.5709228515625,
      "mid_mean": -30.071182250976562,
      "mid_to_side_loudness": -5.734199523925781,
      "mid_to_side_loudness_range": 13.697216033935547,
      "side_mean": -33.98991394042969
    },
    {
      "high_freq": 4349.24462890625,
      "loudness": -35.16316604614258,
      "loudness_range": 17.554302215576172,
      "low_freq": 2549.74365234375,
      "mid_mean": -33.581668853759766,
      "mid_to_side_loudness": -2.863412618637085,
      "mid_to_side_loudness_range": 9.05945110321045,
      "side_mean": -36.39511489868164
    },
    {
      "high_freq": 7314.1640625,
      "loudness": -38.735931396484375,
      "loudness_range": 15.172399520874023,
      "low_freq": 4349.24462890625,
      "mid_mean": -37.356876373291016,
      "mid_to_side_loudness": -2.1525251865386963,
      "mid_to_side_loudness_range": 8.945055961608887,
      "side_mean": -39.51417922973633
    },
    {
      "high_freq": 12199.2666015625,
      "loudness": -38.05131912231445,
      "loudness_range": 7.077053070068359,
      "low_freq": 7314.1640625,
      "mid_mean": -36.893775939941406,
      "mid_to_side_loudness": -1.7314752340316772,
      "mid_to_side_loudness_range": 7.262366771697998,
      "side_mean": -38.33010482788086
    },
    {
      "loudness": -44.23392868041992,
      "loudness_range": 4.845344543457031,
      "low_freq": 12199.2666015625,
      "mid_mean": -43.216331481933594,
      "mid_to_side_loudness": -1.2582520246505737,
      "mid_to_side_loudness_range": 5.313284873962402,
      "side_mean": -44.123783111572266
    }
  ],
  "bands_short": [
    {
      "high_freq": 148.1999969482422,
      "loudness": -21.699905395507812,
      "loudness_range": 18.91413688659668,
      "mid_mean": -18.113693237304688,
      "mid_to_side_loudness": -26.295991897583008,
      "mid_to_side_loudness_range": 26.558956146240234,
      "side_mean": -45.030948638916016
    },
    {
      "high_freq": 392.3793640136719,
      "loudness": -22.73775291442871,
      "loudness_range": 13.910552978515625,
      "low_freq": 148.1999969482422,
      "mid_mean": -19.62808609008789,
      "mid_to_side_loudness": -11.263528823852539,
      "mid_to_side_loudness_range": 16.74108123779297,
      "side_mean": -30.04640007019043
    },
    {
      "high_freq": 794.6976318359375,
      "loudness": -24.85655975341797,
      "loudness_range": 20.833364486694336,
      "low_freq": 392.3793640136719,
      "mid_mean": -23.691082000732422,
      "mid_to_side_loudness": -4.4719696044921875,
      "mid_to_side_loudness_range": 14.75879955291748,
      "side_mean": -26.25260353088379
    },
    {
      "high_freq": 1457.5709228515625,
      "loudness": -29.844253540039062,
      "loudness_range": 22.59213638305664,
      "low_freq": 794.6976318359375,
      "mid_mean": -28.43393325805664,
      "mid_to_side_loudness": -4.325916767120361,
      "mid_to_side_loudness_range": 16.678739547729492,
      "side_mean": -31.36655616760254
    },
    {
      "high_freq": 2549.74365234375,
      "loudness": -32.71503448486328,
      "loudness_range": 22.058368682861328,
      "low_freq": 1457.5709228515625,
      "mid_mean": -30.802614212036133,
      "mid_to_side_loudness": -5.307953357696533,
      "mid_to_side_loudness_range": 14.211701393127441,
      "side_mean": -35.53876876831055
    },
    {
      "high_freq": 4349.24462890625,
      "loudness": -36.36603546142578,
      "loudness_range": 19.059246063232422,
      "low_freq": 2549.74365234375,
      "mid_mean": -34.92986297607422,
      "mid_to_side_loudness": -2.9332258701324463,
      "mid_to_side_loudness_range": 11.569588661193848,
      "side_mean": -37.714656829833984
    },
    {
      "high_freq": 7314.1640625,
      "loudness": -40.450523376464844,
      "loudness_range": 18.3328914642334,
      "low_freq": 4349.24462890625,
      "mid_mean": -39.48247146606445,
      "mid_to_side_loudness": -1.4225465059280396,
      "mid_to_side_loudness_range": 8.95923137664795,
      "side_mean": -40.82390213012695
    },
    {
      "high_freq": 12199.2666015625,
      "loudness": -40.349971771240234,
      "loudness_range": 16.610414505004883,
      "low_freq": 7314.1640625,
      "mid_mean": -39.64997863769531,
      "mid_to_side_loudness": -1.0842636823654175,
      "mid_to_side_loudness_range": 8.838380813598633,
      "side_mean": -40.29077911376953
    },
    {
      "loudness": -48.540283203125,
      "loudness_range": 21.26940155029297,
      "low_freq": 12199.2666015625,
      "mid_mean": -48.12455368041992,
      "mid_to_side_loudness": -0.6491628885269165,
      "mid_to_side_loudness_range": 8.288119316101074,
      "side_mean": -48.48196029663086
    }
  ],
  "bandwidth": 342.99005126953125,
  "channels": 2,
  "covariance": [
    [
      17.529693603515625,
      8.852761268615723,
      3.390049695968628,
      3.3910648822784424,
      -2.983703374862671,
      -3.1464731693267822,
      0.2755846381187439,
      -0.14659325778484344,
      -0.7498377561569214,
      0.7312856912612915,
      1.8605400323867798,
      5.365180969238281,
      2.4429802894592285,
      7.451375484466553,
      2.9873037338256836,
      7.088268280029297,
      4.462592601776123,
      5.39619779586792
    ],
    [
      8.852761268615723,
      42.97749328613281,
      13.843523025512695,
      20.645000457763672,
      19.95893669128418,
      10.680713653564453,
      22.19548225402832,
      17.622961044311523,
      22.38449478149414,
      18.990917205810547,
      26.09944725036621,
      27.93205451965332,
      15.462368965148926,
      17.059398651123047,
      5.538415908813477,
      7.3477091789245605,
      3.730739116668701,
      4.59049654006958
    ],
    [
      3.390049695968628,
      13.843523025512695,
      18.038684844970703,
      14.102460861206055,
      16.326766967773438,
      12.158275604248047,
      17.548965454101562,
      13.173264503479004,
      18.833999633789062,
      14.130276679992676,
      17.145374298095703,
      17.493135452270508,
      8.56296443939209,
      6.676912784576416,
      2.8655989170074463,
      2.684899091720581,
      1.9606050252914429,
      2.6545681953430176
    ],
    [
      3.3910648822784424,
      20.645000457763672,
      14.102460861206055,
      42.18268966674805,
      27.17974853515625,
      19.31402587890625,
      22.568090438842773,
      27.824621200561523,
      23.984466552734375,
      31.94254493713379,
      17.37795639038086,
      19.688541412353516,
      7.613349914550781,
      8.49390697479248,
      2.8135218620300293,
      6.659939289093018,
      3.443589925765991,
      5.948657035827637
    ],
    [
      -2.983703374862671,
      19.95893669128418,
      16.326766967773438,
      27.17974853515625,
      57.81096649169922,
      32.219181060791016,
      39.61119842529297,
      32.5091552734375,
      47.092384338378906,
      38.951961517333984,
      35.71072769165039,
      29.717872619628906,
      16.55864715576172,
      10.363035202026367,
      4.226361274719238,
      1.3550982475280762,
      0.8939341306686401,
      1.2267825603485107
    ],
    [
      -3.1464731693267822,
      10.680713653564453,
      12.158275604248047,
      19.31402587890625,
      32.219181060791016,
      50.37403106689453,
      22.739837646484375,
      36.247032165527344,
      27.467374801635742,
      34.90102767944336,
      14.995584487915039,
      15.446737289428711,
      3.138047456741333,
      0.10135257244110107,
      -0.9307714104652405,
      -2.064539909362793,
      -1.7522271871566772,
      -0.5557276606559753
    ],
    [
      0.2755846381187439,
      22.19548225402832,
      17.548965454101562,
      22.568090438842773,
      39.61119842529297,
      22.739837646484375,
      48.41230010986328,
      37.734092712402344,
      44.64248275756836,
      38.14188003540039,
      34.22395324707031,
      31.248998641967773,
      16.68408203125,
      11.189065933227539,
      4.551816940307617,
      2.1345555782318115,
      1.5452625751495361,
      1.9942829608917236
    ],
    [
      -0.14659325778484344,
      17.622961044311523,
      13.173264503479004,
      27.824621200561523,
      32.5091552734375,
      36.247032165527344,
      37.734092712402344,
      60.66455078125,
      32.893253326416016,
      49.20673751831055,
      20.968904495239258,
      25.367050170898438,
      7.1787004470825195,
      6.305626392364502,
      0.7072285413742065,
      1.9962369203567505,
      0.30509430170059204,
      2.6801135540008545
    ],
    [
      -0.7498377561569214,
      22.38449478149414,
      18.833999633789062,
      23.984466552734375,
      47.092384338378906,
      27.467374801635742,
      44.64248275756836,
      32.893253326416016,
      59.657447814941406,
      44.739906311035156,
      40.07121276855469,
      33.14472198486328,
      19.243513107299805,
      11.46987247467041,
      5.261135578155518,
      0.5152090191841125,
      0.7640407085418701,
      0.4143170714378357
    ],
    [
      0.7312856912612915,
      18.990917205810547,
      14.130276679992676,
      31.94254493713379,
      38.951961517333984,
      34.90102767944336,
      38.14188003540039,
      49.20673751831055,
      44.739906311035156,
      62.21135711669922,
      26.10832977294922,
      26.849451065063477,
      9.737868309020996,
      6.957543849945068,
      1.284369707107544,
      1.1401946544647217,
      -0.13235092163085938,
      1.4067612886428833
    ],
    [
      1.8605400323867798,
      26.09944725036621,
      17.145374298095703,
      17.37795639038086,
      35.71072769165039,
      14.995584487915039,
      34.22395324707031,
      20.968904495239258,
      40.07121276855469,
      26.10832977294922,
      46.21529006958008,
      38.753196716308594,
      27.81178855895996,
      20.312118530273438,
      10.12714958190918,
      4.903285503387451,
      3.5981125831604004,
      1.9439682960510254
    ],
    [
      5.365180969238281,
      27.93205451965332,
      17.493135452270508,
      19.688541412353516,
      29.717872619628906,
      15.446737289428711,
      31.248998641967773,
      25.367050170898438,
      33.14472198486328,
      26.849451065063477,
      38.753196716308594,
      43.5601806640625,
      21.4216251373291,
      21.49660873413086,
      7.015517234802246,
      8.419215202331543,
      4.1907525062561035,
      5.41550350189209
    ],
    [
      2.4429802894592285,
      15.462368965148926,
      8.56296443939209,
      7.613349914550781,
      16.55864715576172,
      3.138047456741333,
      16.68408203125,
      7.1787004470825195,
      19.243513107299805,
      9.737868309020996,
      27.81178855895996,
      21.4216251373291,
      25.780420303344727,
      19.03178596496582,
      13.235726356506348,
      8.004310607910156,
      6.231524467468262,
      4.1459431648254395
    ],
    [
      7.451375484466553,
      17.059398651123047,
      6.676912784576416,
      8.49390697479248,
      10.363035202026367,
      0.10135257244110107,
      11.189065933227539,
      6.305626392364502,
      11.46987247467041,
      6.957543849945068,
      20.312118530273438,
      21.49660873413086,
      19.03178596496582,
      23.632755279541016,
      12.64706802368164,
      16.2560977935791,
      9.996963500976562,
      11.682978630065918
    ],
    [
      2.9873037338256836,
      5.538415908813477,
      2.8655989170074463,
      2.8135218620300293,
      4.226361274719238,
      -0.9307714104652405,
      4.551816940307617,
      0.7072285413742065,
      5.261135578155518,
      1.284369707107544,
      10.12714958190918,
      7.015517234802246,
      13.235726356506348,
      12.64706802368164,
      12.402100563049316,
      11.704497337341309,
      8.780779838562012,
      8.434688568115234
    ],
    [
      7.088268280029297,
      7.3477091789245605,
      2.684899091720581,
      6.659939289093018,
      1.3550982475280762,
      -2.064539909362793,
      2.1345555782318115,
      1.9962369203567505,
      0.5152090191841125,
      1.1401946544647217,
      4.903285503387451,
      8.419215202331543,
      8.004310607910156,
      16.2560977935791,
      11.704497337341309,
      23.867542266845703,
      12.453953742980957,
      17.342981338500977
    ],
    [
      4.462592601776123,
      3.730739116668701,
      1.9606050252914429,
      3.443589925765991,
      0.8939341306686401,
      -1.7522271871566772,
      1.5452625751495361,
      0.30509430170059204,
      0.7640407085418701,
      -0.13235092163085938,
      3.5981125831604004,
      4.1907525062561035,
      6.231524467468262,
      9.996963500976562,
      8.780779838562012,
      12.453953742980957,
      11.47669506072998,
      11.363048553466797
    ],
    [
      5.39619779586792,
      4.59049654006958,
      2.6545681953430176,
      5.948657035827637,
      1.2267825603485107,
      -0.5557276606559753,
      1.9942829608917236,
      2.6801135540008545,
      0.4143170714378357,
      1.4067612886428833,
      1.9439682960510254,
      5.41550350189209,
      4.1459431648254395,
      11.682978630065918,
      8.434688568115234,
      17.342981338500977,
      11.363048553466797,
      18.284687042236328
    ]
  ],
  "covariance_short": [
    [
      49.8218879699707,
      18.424633026123047,
      10.640478134155273,
      6.095252990722656,
      -4.575115203857422,
      -4.3874831199646,
      -2.82952618598938,
      -4.177770137786865,
      -0.9922401309013367,
      1.001502275466919,
      5.674264430999756,
      9.510544776916504,
      6.229443550109863,
      11.156179428100586,
      5.206506729125977,
      8.812679290771484,
      6.726425647735596,
      9.861135482788086
    ],
    [
      18.424633026123047,
      59.59162902832031,
      14.778359413146973,
      20.006380081176758,
      19.10784912109375,
      11.305122375488281,
      17.79071617126465,
      15.91677188873291,
      17.083023071289062,
      20.992265701293945,
      23.83663558959961,
      24.82489585876465,
      19.69451141357422,
      21.35091781616211,
      10.57402229309082,
      11.800025939941406,
      6.835014820098877,
      8.161096572875977
    ],
    [
      10.640478134155273,
      14.778359413146973,
      28.81500244140625,
      15.633444786071777,
      16.729209899902344,
      14.98041820526123,
      15.6271333694458,
      14.377229690551758,
      17.762964248657227,
      17.578889846801758,
      16.48443031311035,
      16.470680236816406,
      10.558588027954102,
      9.044886589050293,
      7.73298978805542,
      7.516236782073975,
      8.607514381408691,
      9.137248992919922
    ],
    [
      6.095252990722656,
      20.006380081176758,
      15.633444786071777,
      47.09037399291992,
      26.663846969604492,
      25.72936248779297,
      19.22224998474121,
      23.44190788269043,
      22.55980110168457,
      29.46794319152832,
      18.735353469848633,
      20.18568992614746,
      9.997475624084473,
      10.946858406066895,
      5.831264019012451,
      8.015791893005371,
      6.715867042541504,
      9.048705101013184
    ],
    [
      -4.575115203857422,
      19.10784912109375,
      16.729209899902344,
      26.663846969604492,
      69.39153289794922,
      43.23699188232422,
      45.345184326171875,
      40.2951545715332,
      47.30378341674805,
      45.00459671020508,
      36.615028381347656,
      29.2044677734375,
      22.08427619934082,
      16.48365020751953,
      11.634529113769531,
      9.521346092224121,
      8.74740219116211,
      8.086051940917969
    ],
    [
      -4.3874831199646,
      11.305122375488281,
      14.98041820526123,
      25.72936248779297,
      43.23699188232422,
      64.15486145019531,
      31.939489364624023,
      44.981388092041016,
      39.139034271240234,
      44.987728118896484,
      23.60079574584961,
      22.724971771240234,
      7.76369571685791,
      3.857344388961792,
      2.1518750190734863,
      1.2447158098220825,
      2.1165707111358643,
      1.5076267719268799
    ],
    [
      -2.82952618598938,
      17.79071617126465,
      15.6271333694458,
      19.22224998474121,
      45.345184326171875,
      31.939489364624023,
      56.98000717163086,
      44.67207336425781,
      46.551815032958984,
      43.50617980957031,
      33.21379470825195,
      27.103389739990234,
      19.10367774963379,
      13.531167984008789,
      9.558782577514648,
      6.980444431304932,
      7.890470027923584,
      6.5889668464660645
    ],
    [
      -4.177770137786865,
      15.91677188873291,
      14.377229690551758,
      23.44190788269043,
      40.2951545715332,
      44.981388092041016,
      44.67207336425781,
      77.17951202392578,
      44.998783111572266,
      58.529762268066406,
      30.9182186126709,
      31.358692169189453,
      13.728501319885254,
      10.279329299926758,
      5.560252666473389,
      5.698741912841797,
      6.670241832733154,
      6.65947151184082
    ],
    [
      -0.9922401309013367,
      17.083023071289062,
      17.762964248657227,
      22.55980110168457,
      47.30378341674805,
      39.139034271240234,
      46.551815032958984,
      44.998783111572266,
      65.12432098388672,
      53.96262741088867,
      38.29618835449219,
      29.704435348510742,
      20.61465072631836,
      12.77883529663086,
      10.061014175415039,
      6.1363091468811035,
      8.968060493469238,
      6.548303604125977
    ],
    [
      1.001502275466919,
      20.992265701293945,
      17.578889846801758,
      29.46794319152832,
      45.00459671020508,
      44.987728118896484,
      43.50617980957031,
      58.529762268066406,
      53.96262741088867,
      77.30752563476562,
      38.92005157470703,
      37.8420524597168,
      18.836889266967773,
      13.592055320739746,
      8.32680892944336,
      6.611385345458984,
      9.029057502746582,
      8.098576545715332
    ],
    [
      5.674264430999756,
      23.83663558959961,
      16.48443031311035,
      18.735353469848633,
      36.615028381347656,
      23.60079574584961,
      33.21379470825195,
      30.9182186126709,
      38.29618835449219,
      38.92005157470703,
      53.87470245361328,
      40.84700393676758,
      36.49147415161133,
      26.973594665527344,
      19.793832778930664,
      12.880683898925781,
      15.744534492492676,
      12.564665794372559
    ],
    [
      9.510544776916504,
      24.82489585876465,
      16.470680236816406,
      20.18568992614746,
      29.2044677734375,
      22.724971771240234,
      27.103389739990234,
      31.358692169189453,
      29.704435348510742,
      37.8420524597168,
      40.84700393676758,
      50.167137145996094,
      30.116403579711914,
      29.190710067749023,
      14.954385757446289,
      14.82693862915039,
      11.141057014465332,
      12.568689346313477
    ],
    [
      6.229443550109863,
      19.69451141357422,
      10.558588027954102,
      9.997475624084473,
      22.08427619934082,
      7.76369571685791,
      19.10367774963379,
      13.728501319885254,
      20.61465072631836,
      18.836889266967773,
      36.49147415161133,
      30.116403579711914,
      49.46718215942383,
      38.332275390625,
      34.802268981933594,
      25.46839714050293,
      30.54815673828125,
      26.0203857421875
    ],
    [
      11.156179428100586,
      21.35091781616211,
      9.044886589050293,
      10.946858406066895,
      16.48365020751953,
      3.857344388961792,
      13.531167984008789,
      10.279329299926758,
      12.77883529663086,
      13.592055320739746,
      26.973594665527344,
      29.190710067749023,
      38.332275390625,
      42.4249382019043,
      30.659130096435547,
      31.033308029174805,
      27.302074432373047,
      29.76722526550293
    ],
    [
      5.206506729125977,
      10.57402229309082,
      7.73298978805542,
      5.831264019012451,
      11.634529113769531,
      2.1518750190734863,
      9.558782577514648,
      5.560252666473389,
      10.061014175415039,
      8.32680892944336,
      19.793832778930664,
      14.954385757446289,
      34.802268981933594,
      30.659130096435547,
      43.070777893066406,
      35.33061981201172,
      46.07341003417969,
      43.306724548339844
    ],
    [
      8.812679290771484,
      11.800025939941406,
      7.516236782073975,
      8.015791893005371,
      9.521346092224121,
      1.2447158098220825,
      6.980444431304932,
      5.698741912841797,
      6.1363091468811035,
      6.611385345458984,
      12.880683898925781,
      14.82693862915039,
      25.46839714050293,
      31.033308029174805,
      35.33061981201172,
      44.228759765625,
      39.77285385131836,
      45.91006851196289
    ],
    [
      6.726425647735596,
      6.835014820098877,
      8.607514381408691,
      6.715867042541504,
      8.74740219116211,
      2.1165707111358643,
      7.890470027923584,
      6.670241832733154,
      8.968060493469238,
      9.029057502746582,
      15.744534492492676,
      11.141057014465332,
      30.54815673828125,
      27.302074432373047,
      46.07341003417969,
      39.77285385131836,
      65.2431869506836,
      60.659420013427734
    ],
    [
      9.861135482788086,
      8.161096572875977,
      9.137248992919922,
      9.048705101013184,
      8.086051940917969,
      1.5076267719268799,
      6.5889668464660645,
      6.65947151184082,
      6.548303604125977,
      8.098576545715332,
      12.564665794372559,
      12.568689346313477,
      26.0203857421875,
      29.76722526550293,
      43.306724548339844,
      45.91006851196289,
      60.659420013427734,
      65.68988037109375
    ]
  ],
  "damage": -3.9615638256073,
  "diff_bandwidth": 335.4300537109375,
  "dissonance": 6.753172402380283,
  "drr": 2.4162752628326416,
  "dynamics": 2.6302688121795654,
  "format": 1245190,
  "frames": 8022016,
  "loudness": -11.575916290283203,
  "loudness_range": 5.634498596191406,
  "loudness_range_short": 10.324594497680664,
  "lowpass_true_peak_15khz": 0.24264179170131683,
  "mastering3_acoustic_entropies": [
    {
      "acoustic_entropy": 8.032706260681152,
      "acoustic_entropy_mono": 6.859745502471924,
      "band_eliminated_acoustic_entropies": [
        {
          "acoustic_entropy": 8.096989631652832,
          "acoustic_entropy_side": 8.032753944396973,
          "hz": 129.47220167065723
        },
        {
          "acoustic_entropy": 7.863251686096191,
          "acoustic_entropy_side": 8.035286903381348,
          "hz": 202.92927478742237
        },
        {
          "acoustic_entropy": 8.265377044677734,
          "acoustic_entropy_side": 8.096124649047852,
          "hz": 282.89161906338205
        },
        {
          "acoustic_entropy": 8.243080139160156,
          "acoustic_entropy_side": 8.277597427368164,
          "hz": 369.9353335868758
        },
        {
          "acoustic_entropy": 6.623819351196289,
          "acoustic_entropy_side": 8.032925605773926,
          "hz": 464.6875360973435
        },
        {
          "acoustic_entropy": 8.326260566711426,
          "acoustic_entropy_side": 7.835522174835205,
          "hz": 567.8308811364784
        },
        {
          "acoustic_entropy": 7.222048759460449,
          "acoustic_entropy_side": 8.06618881225586,
          "hz": 680.1084783214808
        },
        {
          "acoustic_entropy": 8.080763816833496,
          "acoustic_entropy_side": 8.290802001953125,
          "hz": 802.3292461747484
        },
        {
          "acoustic_entropy": 6.929444313049316,
          "acoustic_entropy_side": 7.7778000831604,
          "hz": 935.3737400823702
        },
        {
          "acoustic_entropy": 8.22052001953125,
          "acoustic_entropy_side": 8.1768217086792,
          "hz": 1080.2004963696966
        },
        {
          "acoustic_entropy": 7.428934574127197,
          "acoustic_entropy_side": 7.989495277404785,
          "hz": 1237.8529382007157
        },
        {
          "acoustic_entropy": 7.238865852355957,
          "acoustic_entropy_side": 7.323197364807129,
          "hz": 1409.4668930556702
        },
        {
          "acoustic_entropy": 7.885081768035889,
          "acoustic_entropy_side": 8.048616409301758,
          "hz": 1596.2787759475705
        },
        {
          "acoustic_entropy": 7.938465118408203,
          "acoustic_entropy_side": 8.108190536499023,
          "hz": 1799.6344973346393
        },
        {
          "acoustic_entropy": 7.899037837982178,
          "acoustic_entropy_side": 7.754134178161621,
          "hz": 2020.9991599069049
        },
        {
          "acoustic_entropy": 8.320590019226074,
          "acoustic_entropy_side": 8.396077156066895,
          "hz": 2261.9676141086993
        },
        {
          "acoustic_entropy": 8.16993236541748,
          "acoustic_entropy_side": 8.027206420898438,
          "hz": 2524.2759484456974
        },
        {
          "acoustic_entropy": 8.068615913391113,
          "acoustic_entropy_side": 8.035050392150879,
          "hz": 2809.813997359896
        },
        {
          "acoustic_entropy": 7.954899311065674,
          "acoustic_entropy_side": 8.033534049987793,
          "hz": 3120.6389567871424
        },
        {
          "acoustic_entropy": 8.023247718811035,
          "acoustic_entropy_side": 8.04026985168457,
          "hz": 3458.990205492291
        },
        {
          "acoustic_entropy": 7.953958988189697,
          "acoustic_entropy_side": 8.04917049407959,
          "hz": 3827.305438964164
        },
        {
          "acoustic_entropy": 7.991733551025391,
          "acoustic_entropy_side": 8.062995910644531,
          "hz": 4228.238232109126
        },
        {
          "acoustic_entropy": 7.953983306884766,
          "acoustic_entropy_side": 8.054977416992188,
          "hz": 4664.6771572759235
        },
        {
          "acoustic_entropy": 7.921408653259277,
          "acoustic_entropy_side": 8.034448623657227,
          "hz": 5139.766595350093
        },
        {
          "acoustic_entropy": 7.945661544799805,
          "acoustic_entropy_side": 8.034927368164062,
          "hz": 5656.929389854203
        },
        {
          "acoustic_entropy": 7.9598493576049805,
          "acoustic_entropy_side": 8.027042388916016,
          "hz": 6219.891507268283
        },
        {
          "acoustic_entropy": 7.985661029815674,
          "acoustic_entropy_side": 8.032376289367676,
          "hz": 6832.70888123896
        },
        {
          "acoustic_entropy": 7.9675984382629395,
          "acoustic_entropy_side": 8.028175354003906,
          "hz": 7499.796634079867
        },
        {
          "acoustic_entropy": 7.987616539001465,
          "acoustic_entropy_side": 8.037444114685059,
          "hz": 8225.96088609342
        },
        {
          "acoustic_entropy": 7.987568378448486,
          "acoustic_entropy_side": 8.040366172790527,
          "hz": 9016.43338188839
        },
        {
          "acoustic_entropy": 8.001107215881348,
          "acoustic_entropy_side": 8.042952537536621,
          "hz": 9876.909183162974
        },
        {
          "acoustic_entropy": 8.022579193115234,
          "acoustic_entropy_side": 8.042963027954102,
          "hz": 10813.587699516042
        },
        {
          "acoustic_entropy": 8.046452522277832,
          "acoustic_entropy_side": 8.047036170959473,
          "hz": 11833.21735289826
        },
        {
          "acoustic_entropy": 8.050675392150879,
          "acoustic_entropy_side": 8.042959213256836,
          "hz": 12943.144197493959
        },
        {
          "acoustic_entropy": 8.042773246765137,
          "acoustic_entropy_side": 8.038077354431152,
          "hz": 14151.364845322005
        },
        {
          "acoustic_entropy": 8.036711692810059,
          "acoustic_entropy_side": 8.035000801086426,
          "hz": 15466.58407886509
        },
        {
          "acoustic_entropy": 8.033782005310059,
          "acoustic_entropy_side": 8.033369064331055,
          "hz": 16898.27756580493
        },
        {
          "acoustic_entropy": 8.03305435180664,
          "acoustic_entropy_side": 8.032906532287598,
          "hz": 18456.760127700032
        },
        {
          "acoustic_entropy": 8.032781600952148,
          "acoustic_entropy_side": 8.032736778259277,
          "hz": 20153.260054456492
        },
        {
          "acoustic_entropy": 8.032713890075684,
          "acoustic_entropy_side": 8.032709121704102,
          "hz": 22000.00000000001
        }
      ],
      "diff_acoustic_entropy": 6.962875843048096,
      "sn": 6
    },
    {
      "acoustic_entropy": 11.34012508392334,
      "acoustic_entropy_mono": 10.860342979431152,
      "band_eliminated_acoustic_entropies": [
        {
          "acoustic_entropy": 11.660935401916504,
          "acoustic_entropy_side": 11.34127426147461,
          "hz": 129.47220167065723
        },
        {
          "acoustic_entropy": 11.631032943725586,
          "acoustic_entropy_side": 11.368454933166504,
          "hz": 202.92927478742237
        },
        {
          "acoustic_entropy": 12.021947860717773,
          "acoustic_entropy_side": 11.564146041870117,
          "hz": 282.89161906338205
        },
        {
          "acoustic_entropy": 12.007649421691895,
          "acoustic_entropy_side": 11.595991134643555,
          "hz": 369.9353335868758
        },
        {
          "acoustic_entropy": 11.208151817321777,
          "acoustic_entropy_side": 11.843522071838379,
          "hz": 464.6875360973435
        },
        {
          "acoustic_entropy": 11.906306266784668,
          "acoustic_entropy_side": 11.820496559143066,
          "hz": 567.8308811364784
        },
        {
          "acoustic_entropy": 12.055939674377441,
          "acoustic_entropy_side": 11.907341003417969,
          "hz": 680.1084783214808
        },
        {
          "acoustic_entropy": 11.065814971923828,
          "acoustic_entropy_side": 11.099864959716797,
          "hz": 802.3292461747484
        },
        {
          "acoustic_entropy": 10.844060897827148,
          "acoustic_entropy_side": 11.85712718963623,
          "hz": 935.3737400823702
        },
        {
          "acoustic_entropy": 11.31035327911377,
          "acoustic_entropy_side": 11.461343765258789,
          "hz": 1080.2004963696966
        },
        {
          "acoustic_entropy": 11.106687545776367,
          "acoustic_entropy_side": 10.969026565551758,
          "hz": 1237.8529382007157
        },
        {
          "acoustic_entropy": 12.03950023651123,
          "acoustic_entropy_side": 11.98447036743164,
          "hz": 1409.4668930556702
        },
        {
          "acoustic_entropy": 11.405991554260254,
          "acoustic_entropy_side": 11.254095077514648,
          "hz": 1596.2787759475705
        },
        {
          "acoustic_entropy": 11.698144912719727,
          "acoustic_entropy_side": 11.779261589050293,
          "hz": 1799.6344973346393
        },
        {
          "acoustic_entropy": 12.010985374450684,
          "acoustic_entropy_side": 12.121443748474121,
          "hz": 2020.9991599069049
        },
        {
          "acoustic_entropy": 11.114412307739258,
          "acoustic_entropy_side": 11.339969635009766,
          "hz": 2261.9676141086993
        },
        {
          "acoustic_entropy": 11.527079582214355,
          "acoustic_entropy_side": 11.498298645019531,
          "hz": 2524.2759484456974
        },
        {
          "acoustic_entropy": 11.468741416931152,
          "acoustic_entropy_side": 11.487115859985352,
          "hz": 2809.813997359896
        },
        {
          "acoustic_entropy": 11.443623542785645,
          "acoustic_entropy_side": 11.431718826293945,
          "hz": 3120.6389567871424
        },
        {
          "acoustic_entropy": 11.067048072814941,
          "acoustic_entropy_side": 11.239413261413574,
          "hz": 3458.990205492291
        },
        {
          "acoustic_entropy": 11.239710807800293,
          "acoustic_entropy_side": 11.318923950195312,
          "hz": 3827.305438964164
        },
        {
          "acoustic_entropy": 11.211453437805176,
          "acoustic_entropy_side": 11.279458999633789,
          "hz": 4228.238232109126
        },
        {
          "acoustic_entropy": 11.121726989746094,
          "acoustic_entropy_side": 11.252869606018066,
          "hz": 4664.6771572759235
        },
        {
          "acoustic_entropy": 10.992844581604004,
          "acoustic_entropy_side": 11.241609573364258,
          "hz": 5139.766595350093
        },
        {
          "acoustic_entropy": 11.061793327331543,
          "acoustic_entropy_side": 11.275257110595703,
          "hz": 5656.929389854203
        },
        {
          "acoustic_entropy": 11.131475448608398,
          "acoustic_entropy_side": 11.291230201721191,
          "hz": 6219.891507268283
        },
        {
          "acoustic_entropy": 11.227428436279297,
          "acoustic_entropy_side": 11.308515548706055,
          "hz": 6832.70888123896
        },
        {
          "acoustic_entropy": 11.2139892578125,
          "acoustic_entropy_side": 11.32163143157959,
          "hz": 7499.796634079867
        },
        {
          "acoustic_entropy": 11.250968933105469,
          "acoustic_entropy_side": 11.34231185913086,
          "hz": 8225.96088609342
        },
        {
          "acoustic_entropy": 11.26171875,
          "acoustic_entropy_side": 11.351682662963867,
          "hz": 9016.43338188839
        },
        {
          "acoustic_entropy": 11.282782554626465,
          "acoustic_entropy_side": 11.356468200683594,
          "hz": 9876.909183162974
        },
        {
          "acoustic_entropy": 11.332845687866211,
          "acoustic_entropy_side": 11.372419357299805,
          "hz": 10813.587699516042
        },
        {
          "acoustic_entropy": 11.362099647521973,
          "acoustic_entropy_side": 11.363731384277344,
          "hz": 11833.21735289826
        },
        {
          "acoustic_entropy": 11.370981216430664,
          "acoustic_entropy_side": 11.365130424499512,
          "hz": 12943.144197493959
        },
        {
          "acoustic_entropy": 11.381041526794434,
          "acoustic_entropy_side": 11.369677543640137,
          "hz": 14151.364845322005
        },
        {
          "acoustic_entropy": 11.372810363769531,
          "acoustic_entropy_side": 11.35706615447998,
          "hz": 15466.58407886509
        },
        {
          "acoustic_entropy": 11.351804733276367,
          "acoustic_entropy_side": 11.345776557922363,
          "hz": 16898.27756580493
        },
        {
          "acoustic_entropy": 11.342900276184082,
          "acoustic_entropy_side": 11.341240882873535,
          "hz": 18456.760127700032
        },
        {
          "acoustic_entropy": 11.340757369995117,
          "acoustic_entropy_side": 11.340359687805176,
          "hz": 20153.260054456492
        },
        {
          "acoustic_entropy": 11.340154647827148,
          "acoustic_entropy_side": 11.340132713317871,
          "hz": 22000.00000000001
        }
      ],
      "diff_acoustic_entropy": 10.629049301147461,
      "sn": 12
    },
    {
      "acoustic_entropy": 18.86051368713379,
      "acoustic_entropy_mono": 14.976696014404297,
      "band_eliminated_acoustic_entropies": [
        {
          "acoustic_entropy": 18.854188919067383,
          "acoustic_entropy_side": 19.12782096862793,
          "hz": 129.47220167065723
        },
        {
          "acoustic_entropy": 19.096012115478516,
          "acoustic_entropy_side": 18.61265754699707,
          "hz": 202.92927478742237
        },
        {
          "acoustic_entropy": 19.744922637939453,
          "acoustic_entropy_side": 19.651195526123047,
          "hz": 282.89161906338205
        },
        {
          "acoustic_entropy": 18.099443435668945,
          "acoustic_entropy_side": 17.995361328125,
          "hz": 369.9353335868758
        },
        {
          "acoustic_entropy": 18.380537033081055,
          "acoustic_entropy_side": 18.575048446655273,
          "hz": 464.6875360973435
        },
        {
          "acoustic_entropy": 18.951950073242188,
          "acoustic_entropy_side": 19.363258361816406,
          "hz": 567.8308811364784
        },
        {
          "acoustic_entropy": 18.812875747680664,
          "acoustic_entropy_side": 19.2768611907959,
          "hz": 680.1084783214808
        },
        {
          "acoustic_entropy": 18.608469009399414,
          "acoustic_entropy_side": 18.552934646606445,
          "hz": 802.3292461747484
        },
        {
          "acoustic_entropy": 18.14295768737793,
          "acoustic_entropy_side": 17.52866554260254,
          "hz": 935.3737400823702
        },
        {
          "acoustic_entropy": 18.78904914855957,
          "acoustic_entropy_side": 19.34600830078125,
          "hz": 1080.2004963696966
        },
        {
          "acoustic_entropy": 18.740293502807617,
          "acoustic_entropy_side": 19.184263229370117,
          "hz": 1237.8529382007157
        },
        {
          "acoustic_entropy": 17.990951538085938,
          "acoustic_entropy_side": 17.9766788482666,
          "hz": 1409.4668930556702
        },
        {
          "acoustic_entropy": 18.219881057739258,
          "acoustic_entropy_side": 18.488679885864258,
          "hz": 1596.2787759475705
        },
        {
          "acoustic_entropy": 18.33820343017578,
          "acoustic_entropy_side": 18.403894424438477,
          "hz": 1799.6344973346393
        },
        {
          "acoustic_entropy": 19.056888580322266,
          "acoustic_entropy_side": 18.732051849365234,
          "hz": 2020.9991599069049
        },
        {
          "acoustic_entropy": 18.675405502319336,
          "acoustic_entropy_side": 18.42962646484375,
          "hz": 2261.9676141086993
        },
        {
          "acoustic_entropy": 18.727266311645508,
          "acoustic_entropy_side": 18.83371925354004,
          "hz": 2524.2759484456974
        },
        {
          "acoustic_entropy": 19.09423065185547,
          "acoustic_entropy_side": 18.829330444335938,
          "hz": 2809.813997359896
        },
        {
          "acoustic_entropy": 18.982242584228516,
          "acoustic_entropy_side": 19.152936935424805,
