{
  "acoustic_entropy": 151.9483184814453,
  "bands": [
    {
      "high_freq": 148.1999969482422,
      "loudness": -40.96126937866211,
      "loudness_range": 19.66598892211914,
      "mid_mean": -37.784732818603516,
      "mid_to_side_loudness": -11.341938018798828,
      "mid_to_side_loudness_range": 12.31907844543457,
      "side_mean": -50.0035514831543
    },
    {
      "high_freq": 392.3793640136719,
      "loudness": -37.68837356567383,
      "loudness_range": 23.557994842529297,
      "low_freq": 148.1999969482422,
      "mid_mean": -36.19063186645508,
      "mid_to_side_loudness": -2.7124392986297607,
      "mid_to_side_loudness_range": 10.74394702911377,
      "side_mean": -39.01508331298828
    },
    {
      "high_freq": 794.6976318359375,
      "loudness": -37.12484359741211,
      "loudness_range": 30.80034828186035,
      "low_freq": 392.3793640136719,
      "mid_mean": -36.92716598510742,
      "mid_to_side_loudness": -0.09669004380702972,
      "mid_to_side_loudness_range": 9.686208724975586,
      "side_mean": -36.845733642578125
    },
    {
      "high_freq": 1457.5709228515625,
      "loudness": -43.06605529785156,
      "loudness_range": 36.74458312988281,
      "low_freq": 794.6976318359375,
      "mid_mean": -42.204010009765625,
      "mid_to_side_loudness": -2.113734722137451,
      "mid_to_side_loudness_range": 9.650131225585938,
      "side_mean": -44.25260925292969
    },
    {
      "high_freq": 2549.74365234375,
      "loudness": -49.191802978515625,
      "loudness_range": 33.46971893310547,
      "low_freq": 1457.5709228515625,
      "mid_mean": -47.877593994140625,
      "mid_to_side_loudness": -2.00016713142395,
      "mid_to_side_loudness_range": 6.681506156921387,
      "side_mean": -50.474063873291016
    },
    {
      "high_freq": 4349.24462890625,
      "loudness": -54.345970153808594,
      "loudness_range": 25.052356719970703,
      "low_freq": 2549.74365234375,
      "mid_mean": -53.95975112915039,
      "mid_to_side_loudness": -1.7335407733917236,
      "mid_to_side_loudness_range": 5.0507965087890625,
      "side_mean": -55.548553466796875
    },
    {
      "high_freq": 7314.1640625,
      "loudness": -58.63740158081055,
      "loudness_range": 14.422279357910156,
      "low_freq": 4349.24462890625,
      "mid_mean": -57.847862243652344,
      "mid_to_side_loudness": -1.785938024520874,
      "mid_to_side_loudness_range": 2.870434522628784,
      "side_mean": -59.442466735839844
    },
    {
      "high_freq": 12199.2666015625,
      "loudness": -61.97612380981445,
      "loudness_range": 10.104290008544922,
      "low_freq": 7314.1640625,
      "mid_mean": -61.02298355102539,
      "mid_to_side_loudness": -0.7901338934898376,
      "mid_to_side_loudness_range": 1.2655316591262817,
      "side_mean": -61.69220733642578
    },
    {
      "loudness": -63.75550842285156,
      "loudness_range": 14.765731811523438,
      "low_freq": 12199.2666015625,
      "mid_mean": -61.621246337890625,
      "mid_to_side_loudness": -0.5444312691688538,
      "mid_to_side_loudness_range": 1.035995364189148,
      "side_mean": -62.07521057128906
    }
  ],
  "bands_short": [
    {
      "high_freq": 148.1999969482422,
      "loudness": -43.09257888793945,
      "loudness_range": 24.235858917236328,
      "mid_mean": -39.9155387878418,
      "mid_to_side_loudness": -12.15947437286377,
      "mid_to_side_loudness_range": 14.9772367477417,
      "side_mean": -52.67050552368164
    },
    {
      "high_freq": 392.3793640136719,
      "loudness": -38.284664154052734,
      "loudness_range": 23.381011962890625,
      "low_freq": 148.1999969482422,
      "mid_mean": -36.57438278198242,
      "mid_to_side_loudness": -3.4538145065307617,
      "mid_to_side_loudness_range": 11.870111465454102,
      "side_mean": -40.148128509521484
    },
    {
      "high_freq": 794.6976318359375,
      "loudness": -37.168304443359375,
      "loudness_range": 31.03353500366211,
      "low_freq": 392.3793640136719,
      "mid_mean": -36.929664611816406,
      "mid_to_side_loudness": -0.23252879083156586,
      "mid_to_side_loudness_range": 10.620386123657227,
      "side_mean": -36.969757080078125
    },
    {
      "high_freq": 1457.5709228515625,
      "loudness": -43.63063430786133,
      "loudness_range": 36.79133605957031,
      "low_freq": 794.6976318359375,
      "mid_mean": -42.92299270629883,
      "mid_to_side_loudness": -2.118405342102051,
      "mid_to_side_loudness_range": 10.50329875946045,
      "side_mean": -44.96514892578125
    },
    {
      "high_freq": 2549.74365234375,
      "loudness": -50.03217315673828,
      "loudness_range": 33.95902633666992,
      "low_freq": 1457.5709228515625,
      "mid_mean": -48.78614044189453,
      "mid_to_side_loudness": -2.130296230316162,
      "mid_to_side_loudness_range": 8.08569622039795,
      "side_mean": -51.36015319824219
    },
    {
      "high_freq": 4349.24462890625,
      "loudness": -54.85063552856445,
      "loudness_range": 25.830299377441406,
      "low_freq": 2549.74365234375,
      "mid_mean": -54.376121520996094,
      "mid_to_side_loudness": -1.8466435670852661,
      "mid_to_side_loudness_range": 6.614212512969971,
      "side_mean": -56.04922103881836
    },
    {
      "high_freq": 7314.1640625,
      "loudness": -58.996585845947266,
      "loudness_range": 14.775192260742188,
      "low_freq": 4349.24462890625,
      "mid_mean": -58.2215690612793,
      "mid_to_side_loudness": -1.7755074501037598,
      "mid_to_side_loudness_range": 3.9768362045288086,
      "side_mean": -59.78938674926758
    },
    {
      "high_freq": 12199.2666015625,
      "loudness": -62.345672607421875,
      "loudness_range": 10.561988830566406,
      "low_freq": 7314.1640625,
      "mid_mean": -61.346065521240234,
      "mid_to_side_loudness": -0.7629282474517822,
      "mid_to_side_loudness_range": 1.9611356258392334,
      "side_mean": -61.97273635864258
    },
    {
      "loudness": -64.2413101196289,
      "loudness_range": 14.544185638427734,
      "low_freq": 12199.2666015625,
      "mid_mean": -62.021034240722656,
      "mid_to_side_loudness": -0.5064226984977722,
      "mid_to_side_loudness_range": 1.6281954050064087,
      "side_mean": -62.43315124511719
    }
  ],
  "bandwidth": 661.2202758789062,
  "channels": 2,
  "covariance": [
    [
      50.242523193359375,
      41.62651443481445,
      29.580482482910156,
      32.84267807006836,
      34.506011962890625,
      36.343109130859375,
      39.804847717285156,
      40.005733489990234,
      35.857181549072266,
      40.23501205444336,
      27.193864822387695,
      29.474618911743164,
      16.25383758544922,
      16.543550491333008,
      11.504318237304688,
      10.989968299865723,
      12.018243789672852,
      11.653599739074707
    ],
    [
      41.62651443481445,
      61.987579345703125,
      27.911579132080078,
      32.168880462646484,
      30.409584045410156,
      33.33946990966797,
      34.7065315246582,
      35.46196746826172,
      33.26325225830078,
      47.37712478637695,
      34.762699127197266,
      35.7450065612793,
      21.796520233154297,
      21.459516525268555,
      15.552098274230957,
      14.758780479431152,
      14.509099006652832,
      14.000504493713379
    ],
    [
      29.580482482910156,
      27.911579132080078,
      62.36224365234375,
      60.66661071777344,
      59.575767517089844,
      57.75750732421875,
      67.58995819091797,
      68.8231201171875,
      68.02484130859375,
      74.7125244140625,
      46.77525329589844,
      50.22517776489258,
      24.484493255615234,
      24.885414123535156,
      15.47651481628418,
      14.623053550720215,
      15.587438583374023,
      15.064743995666504
    ],
    [
      32.84267807006836,
      32.168880462646484,
      60.66661071777344,
      76.47185516357422,
      69.36897277832031,
      68.91500854492188,
      79.55513000488281,
      81.55899047851562,
      79.41853332519531,
      86.92529296875,
      53.96519470214844,
      57.322689056396484,
      27.382274627685547,
      28.130596160888672,
      17.29661750793457,
      16.318809509277344,
      17.572824478149414,
      16.935728073120117
    ],
    [
      34.506011962890625,
      30.409584045410156,
      59.575767517089844,
      69.36897277832031,
      111.90009307861328,
      106.82610321044922,
      114.33483123779297,
      111.38148498535156,
      105.86058044433594,
      115.9586410522461,
      74.39600372314453,
      79.90032958984375,
      37.31142044067383,
      38.256919860839844,
      22.357927322387695,
      20.904170989990234,
      21.023672103881836,
      20.304691314697266
    ],
    [
      36.343109130859375,
      33.33946990966797,
      57.75750732421875,
      68.91500854492188,
      106.82610321044922,
      121.24644470214844,
      115.77769470214844,
      114.39927673339844,
      108.39973449707031,
      118.02811431884766,
      77.72232055664062,
      83.24056243896484,
      39.045623779296875,
      39.80131149291992,
      22.865093231201172,
      21.42593765258789,
      21.321849822998047,
      20.554508209228516
    ],
    [
      39.804847717285156,
      34.7065315246582,
      67.58995819091797,
      79.55513000488281,
      114.33483123779297,
      115.77769470214844,
      160.00057983398438,
      152.42686462402344,
      131.25233459472656,
      145.01397705078125,
      92.89852142333984,
      100.24987030029297,
      46.00202178955078,
      47.313148498535156,
      27.64068031311035,
      26.100704193115234,
      26.092723846435547,
      25.237314224243164
    ],
    [
      40.005733489990234,
      35.46196746826172,
      68.8231201171875,
      81.55899047851562,
      111.38148498535156,
      114.39927673339844,
      152.42686462402344,
      158.71841430664062,
      130.09046936035156,
      143.96791076660156,
      91.86255645751953,
      99.17462158203125,
      45.96529006958008,
      46.89418029785156,
      27.886343002319336,
      26.15350914001465,
      26.741491317749023,
      25.820541381835938
    ],
    [
      35.857181549072266,
      33.26325225830078,
      68.02484130859375,
      79.41853332519531,
      105.86058044433594,
      108.39973449707031,
      131.25233459472656,
      130.09046936035156,
      135.9921112060547,
      144.75479125976562,
      91.33319091796875,
      98.12850189208984,
      44.73029708862305,
      45.62266540527344,
      26.515230178833008,
      24.768287658691406,
      24.600704193115234,
      23.598224639892578
    ],
    [
      40.23501205444336,
      47.37712478637695,
      74.7125244140625,
      86.92529296875,
      115.9586410522461,
      118.02811431884766,
      145.01397705078125,
      143.96791076660156,
      144.75479125976562,
      167.97183227539062,
      105.88096618652344,
      112.22180938720703,
      54.76736831665039,
      54.341575622558594,
      33.662803649902344,
      31.41834831237793,
      30.041154861450195,
      28.71442222595215
    ],
    [
      27.193864822387695,
      34.762699127197266,
      46.77525329589844,
      53.96519470214844,
      74.39600372314453,
      77.72232055664062,
      92.89852142333984,
      91.86255645751953,
      91.33319091796875,
      105.88096618652344,
      83.60166931152344,
      85.4346923828125,
      46.11798858642578,
      44.954315185546875,
      28.26467514038086,
      26.21140480041504,
      23.732580184936523,
      22.467350006103516
    ],
    [
      29.474618911743164,
      35.7450065612793,
      50.22517776489258,
      57.322689056396484,
      79.90032958984375,
      83.24056243896484,
      100.24987030029297,
      99.17462158203125,
      98.12850189208984,
      112.22180938720703,
      85.4346923828125,
      89.83334350585938,
      46.22700500488281,
      45.561798095703125,
      28.0560245513916,
      26.065895080566406,
      24.14457893371582,
      22.97994613647461
    ],
    [
      16.25383758544922,
      21.796520233154297,
      24.484493255615234,
      27.382274627685547,
      37.31142044067383,
      39.045623779296875,
      46.00202178955078,
      45.96529006958008,
      44.73029708862305,
      54.76736831665039,
      46.11798858642578,
      46.22700500488281,
      30.7637882232666,
      29.291440963745117,
      20.531116485595703,
      19.080875396728516,
      17.78980255126953,
      16.875364303588867
    ],
    [
      16.543550491333008,
      21.459516525268555,
      24.885414123535156,
      28.130596160888672,
      38.256919860839844,
      39.80131149291992,
      47.313148498535156,
      46.89418029785156,
      45.62266540527344,
      54.341575622558594,
      44.954315185546875,
      45.561798095703125,
      29.291440963745117,
      28.795982360839844,
      19.5174560546875,
      18.288705825805664,
      17.28571128845215,
      16.48296356201172
    ],
    [
      11.504318237304688,
      15.552098274230957,
      15.47651481628418,
      17.29661750793457,
      22.357927322387695,
      22.865093231201172,
      27.64068031311035,
      27.886343002319336,
      26.515230178833008,
      33.662803649902344,
      28.26467514038086,
      28.0560245513916,
      20.531116485595703,
      19.5174560546875,
      16.102413177490234,
      15.111331939697266,
      14.689501762390137,
      13.992269515991211
    ],
    [
      10.989968299865723,
      14.758780479431152,
      14.623053550720215,
      16.318809509277344,
      20.904170989990234,
      21.42593765258789,
      26.100704193115234,
      26.15350914001465,
      24.768287658691406,
      31.41834831237793,
      26.21140480041504,
      26.065895080566406,
      19.080875396728516,
      18.288705825805664,
      15.111331939697266,
      14.41360092163086,
      13.98283576965332,
      13.376293182373047
    ],
    [
      12.018243789672852,
      14.509099006652832,
      15.587438583374023,
      17.572824478149414,
      21.023672103881836,
      21.321849822998047,
      26.092723846435547,
      26.741491317749023,
      24.600704193115234,
      30.041154861450195,
      23.732580184936523,
      24.14457893371582,
      17.78980255126953,
      17.28571128845215,
      14.689501762390137,
      13.98283576965332,
      15.802464485168457,
      15.158368110656738
    ],
    [
      11.653599739074707,
      14.000504493713379,
      15.064743995666504,
      16.935728073120117,
      20.304691314697266,
      20.554508209228516,
      25.237314224243164,
      25.820541381835938,
      23.598224639892578,
      28.71442222595215,
      22.467350006103516,
      22.97994613647461,
      16.875364303588867,
      16.48296356201172,
      13.992269515991211,
      13.376293182373047,
      15.158368110656738,
      14.664473533630371
    ]
  ],
  "covariance_short": [
    [
      70.42847442626953,
      52.037322998046875,
      35.01872634887695,
      39.677154541015625,
      40.870262145996094,
      42.57211685180664,
      47.40840530395508,
      48.64029312133789,
      43.14689254760742,
      47.45396423339844,
      30.832706451416016,
      32.8179817199707,
      18.367952346801758,
      18.76123046875,
      13.1858491897583,
      12.715672492980957,
      13.342695236206055,
      12.96330451965332
    ],
    [
      52.037322998046875,
      67.28109741210938,
      30.134061813354492,
      34.986385345458984,
      31.9974422454834,
      34.22406005859375,
      35.66012191772461,
      37.50920104980469,
      34.586769104003906,
      46.14231872558594,
      32.89399719238281,
      33.40718460083008,
      20.858186721801758,
      20.506908416748047,
      15.076559066772461,
      14.385342597961426,
      13.844626426696777,
      13.397811889648438
    ],
    [
      35.01872634887695,
      30.134061813354492,
      62.6989860534668,
      57.23328399658203,
      57.20127868652344,
      54.68369674682617,
      64.19126892089844,
      65.3138198852539,
      64.33259582519531,
      69.09171295166016,
      42.79255294799805,
      45.85370635986328,
      21.53274154663086,
      21.96636962890625,
      13.491074562072754,
      12.900032043457031,
      13.447576522827148,
      13.110461235046387
    ],
    [
      39.677154541015625,
      34.986385345458984,
      57.23328399658203,
      71.65017700195312,
      65.19735717773438,
      66.57347106933594,
      75.44514465332031,
      77.69107055664062,
      74.72819519042969,
      81.20634460449219,
      49.234642028808594,
      52.51564407348633,
      24.362577438354492,
      25.18169403076172,
      15.514906883239746,
      14.816802024841309,
      15.673433303833008,
      15.26651382446289
    ],
    [
      40.870262145996094,
      31.9974422454834,
      57.20127868652344,
      65.19735717773438,
      108.6637191772461,
      104.86097717285156,
      112.21402740478516,
      110.39371490478516,
      104.40799713134766,
      112.97527313232422,
      72.6904067993164,
      77.00127410888672,
      35.6594123840332,
      36.91166305541992,
      21.492765426635742,
      20.38193702697754,
      19.77903175354004,
      19.151824951171875
    ],
    [
      42.57211685180664,
      34.22406005859375,
      54.68369674682617,
      66.57347106933594,
      104.86097717285156,
      121.88858032226562,
      115.79020690917969,
      115.03756713867188,
      109.03508758544922,
      116.58850860595703,
      76.66617584228516,
      80.9077377319336,
      37.166194915771484,
      38.349830627441406,
      21.571712493896484,
      20.509052276611328,
      19.843162536621094,
      19.185213088989258
    ],
    [
      47.40840530395508,
      35.66012191772461,
      64.19126892089844,
      75.44514465332031,
      112.21402740478516,
      115.79020690917969,
      160.8751678466797,
      152.76422119140625,
      130.48507690429688,
      142.7839813232422,
      91.0523681640625,
      97.1956787109375,
      43.551204681396484,
      45.18238830566406,
      25.848731994628906,
      24.672161102294922,
      23.854429244995117,
      23.16639518737793
    ],
    [
      48.64029312133789,
      37.50920104980469,
      65.3138198852539,
      77.69107055664062,
      110.39371490478516,
      115.03756713867188,
      152.76422119140625,
      160.59075927734375,
      130.33096313476562,
      142.5620574951172,
      90.49163818359375,
      96.81123352050781,
      43.90169906616211,
      45.114845275878906,
      26.418195724487305,
      25.11735725402832,
      24.854000091552734,
      24.147855758666992
    ],
    [
      43.14689254760742,
      34.586769104003906,
      64.33259582519531,
      74.72819519042969,
      104.40799713134766,
      109.03508758544922,
      130.48507690429688,
      130.33096313476562,
      137.02845764160156,
      143.68203735351562,
      91.5947494506836,
      96.94552612304688,
      43.681396484375,
      44.489906311035156,
      25.939607620239258,
      24.548831939697266,
      23.436695098876953,
      22.614643096923828
    ],
    [
      47.45396423339844,
      46.14231872558594,
      69.09171295166016,
      81.20634460449219,
      112.97527313232422,
      116.58850860595703,
      142.7839813232422,
      142.5620574951172,
      143.68203735351562,
      164.7366180419922,
      102.91387176513672,
      108.08906555175781,
      51.59823226928711,
      51.48670959472656,
      31.491636276245117,
      29.714645385742188,
      27.481300354003906,
      26.437240600585938
    ],
    [
      30.832706451416016,
      32.89399719238281,
      42.79255294799805,
      49.234642028808594,
      72.6904067993164,
      76.66617584228516,
      91.0523681640625,
      90.49163818359375,
      91.5947494506836,
      102.91387176513672,
      83.03286743164062,
      83.21880340576172,
      44.72446060180664,
      43.883880615234375,
      27.291715621948242,
      25.621078491210938,
      22.251062393188477,
      21.20849609375
    ],
    [
      32.8179817199707,
      33.40718460083008,
      45.85370635986328,
      52.51564407348633,
      77.00127410888672,
      80.9077377319336,
      97.1956787109375,
      96.81123352050781,
      96.94552612304688,
      108.08906555175781,
      83.21880340576172,
      87.57826232910156,
      44.140106201171875,
      43.9271240234375,
      26.74741554260254,
      25.143693923950195,
      22.36084747314453,
      21.45301055908203
    ],
    [
      18.367952346801758,
      20.858186721801758,
      21.53274154663086,
      24.362577438354492,
      35.6594123840332,
      37.166194915771484,
      43.551204681396484,
      43.90169906616211,
      43.681396484375,
      51.59823226928711,
      44.72446060180664,
      44.140106201171875,
      31.0871524810791,
      29.22355842590332,
      20.612560272216797,
      19.32362937927246,
      17.41530418395996,
      16.619909286499023
    ],
    [
      18.76123046875,
      20.506908416748047,
      21.96636962890625,
      25.18169403076172,
      36.91166305541992,
      38.349830627441406,
      45.18238830566406,
      45.114845275878906,
      44.489906311035156,
      51.48670959472656,
      43.883880615234375,
      43.9271240234375,
      29.22355842590332,
      29.199413299560547,
      19.495161056518555,
      18.38361167907715,
      16.81296157836914,
      16.127443313598633
    ],
    [
      13.1858491897583,
      15.076559066772461,
      13.491074562072754,
      15.514906883239746,
      21.492765426635742,
      21.571712493896484,
      25.848731994628906,
      26.418195724487305,
      25.939607620239258,
      31.491636276245117,
      27.291715621948242,
      26.74741554260254,
      20.612560272216797,
      19.495161056518555,
      16.746829986572266,
      15.693812370300293,
      14.803345680236816,
      14.168471336364746
    ],
    [
      12.715672492980957,
      14.385342597961426,
      12.900032043457031,
      14.816802024841309,
      20.38193702697754,
      20.509052276611328,
      24.672161102294922,
      25.11735725402832,
      24.548831939697266,
      29.714645385742188,
      25.621078491210938,
      25.143693923950195,
      19.32362937927246,
      18.38361167907715,
      15.693812370300293,
      15.151683807373047,
      14.207859992980957,
      13.648653984069824
    ],
    [
      13.342695236206055,
      13.844626426696777,
      13.447576522827148,
      15.673433303833008,
      19.77903175354004,
      19.843162536621094,
      23.854429244995117,
      24.854000091552734,
      23.436695098876953,
      27.481300354003906,
      22.251062393188477,
      22.36084747314453,
      17.41530418395996,
      16.81296157836914,
      14.803345680236816,
      14.207859992980957,
      15.987123489379883,
      15.375669479370117
    ],
    [
      12.96330451965332,
      13.397811889648438,
      13.110461235046387,
      15.26651382446289,
      19.151824951171875,
      19.185213088989258,
      23.16639518737793,
      24.147855758666992,
      22.614643096923828,
      26.437240600585938,
      21.20849609375,
      21.45301055908203,
      16.619909286499023,
      16.127443313598633,
      14.168471336364746,
      13.648653984069824,
      15.375669479370117,
      15.012884140014648
    ]
  ],
  "damage": -15.377102851867676,
  "diff_bandwidth": 713.4736328125,
  "dissonance": 4.441709253251206,
  "drr": 8.623730659484863,
  "dynamics": 7.461079120635986,
  "format": 1245190,
  "frames": 13267904,
  "loudness": -26.197622299194336,
  "loudness_range": 23.483768463134766,
  "loudness_range_short": 24.96147346496582,
  "lowpass_true_peak_15khz": -0.4025043547153473,
  "mastering3_acoustic_entropies": [
    {
      "acoustic_entropy": 6.313471794128418,
      "acoustic_entropy_mono": 5.6812238693237305,
      "band_eliminated_acoustic_entropies": [
        {
          "acoustic_entropy": 6.3327789306640625,
          "acoustic_entropy_side": 6.3142523765563965,
          "hz": 129.47220167065723
        },
        {
          "acoustic_entropy": 6.337113380432129,
          "acoustic_entropy_side": 6.323669910430908,
          "hz": 202.92927478742237
        },
        {
          "acoustic_entropy": 6.334341526031494,
          "acoustic_entropy_side": 6.31740665435791,
          "hz": 282.89161906338205
        },
        {
          "acoustic_entropy": 6.371139049530029,
          "acoustic_entropy_side": 6.27335262298584,
          "hz": 369.9353335868758
        },
        {
          "acoustic_entropy": 6.256494045257568,
          "acoustic_entropy_side": 6.4345245361328125,
          "hz": 464.6875360973435
        },
        {
          "acoustic_entropy": 6.087014198303223,
          "acoustic_entropy_side": 6.639224529266357,
          "hz": 567.8308811364784
        },
        {
          "acoustic_entropy": 6.501920223236084,
          "acoustic_entropy_side": 7.09769868850708,
          "hz": 680.1084783214808
        },
        {
          "acoustic_entropy": 5.739719867706299,
          "acoustic_entropy_side": 5.782077789306641,
          "hz": 802.3292461747484
        },
        {
          "acoustic_entropy": 6.445157051086426,
          "acoustic_entropy_side": 6.473858833312988,
          "hz": 935.3737400823702
        },
        {
          "acoustic_entropy": 5.5876336097717285,
          "acoustic_entropy_side": 6.346768379211426,
          "hz": 1080.2004963696966
        },
        {
          "acoustic_entropy": 6.551648139953613,
          "acoustic_entropy_side": 6.412898063659668,
          "hz": 1237.8529382007157
        },
        {
          "acoustic_entropy": 6.291018486022949,
          "acoustic_entropy_side": 6.263206481933594,
          "hz": 1409.4668930556702
        },
        {
          "acoustic_entropy": 6.51295280456543,
          "acoustic_entropy_side": 6.081126689910889,
          "hz": 1596.2787759475705
        },
        {
          "acoustic_entropy": 6.535036087036133,
          "acoustic_entropy_side": 6.40629768371582,
          "hz": 1799.6344973346393
        },
        {
          "acoustic_entropy": 6.193813323974609,
          "acoustic_entropy_side": 6.18911075592041,
          "hz": 2020.9991599069049
        },
        {
          "acoustic_entropy": 6.304633617401123,
          "acoustic_entropy_side": 6.290379524230957,
          "hz": 2261.9676141086993
        },
        {
          "acoustic_entropy": 6.359667778015137,
          "acoustic_entropy_side": 6.3316850662231445,
          "hz": 2524.2759484456974
        },
        {
          "acoustic_entropy": 6.342395782470703,
          "acoustic_entropy_side": 6.340045928955078,
          "hz": 2809.813997359896
        },
        {
          "acoustic_entropy": 6.286558628082275,
          "acoustic_entropy_side": 6.301761150360107,
          "hz": 3120.6389567871424
        },
        {
          "acoustic_entropy": 6.265171527862549,
          "acoustic_entropy_side": 6.281297206878662,
          "hz": 3458.990205492291
        },
        {
          "acoustic_entropy": 6.309179782867432,
          "acoustic_entropy_side": 6.3107523918151855,
          "hz": 3827.305438964164
        },
        {
          "acoustic_entropy": 6.310113906860352,
          "acoustic_entropy_side": 6.3108625411987305,
          "hz": 4228.238232109126
        },
        {
          "acoustic_entropy": 6.309031963348389,
          "acoustic_entropy_side": 6.310610294342041,
          "hz": 4664.6771572759235
        },
        {
          "acoustic_entropy": 6.312816143035889,
          "acoustic_entropy_side": 6.3134236335754395,
          "hz": 5139.766595350093
        },
        {
          "acoustic_entropy": 6.313352108001709,
          "acoustic_entropy_side": 6.313347339630127,
          "hz": 5656.929389854203
        },
        {
          "acoustic_entropy": 6.313462734222412,
          "acoustic_entropy_side": 6.3134589195251465,
          "hz": 6219.891507268283
        },
        {
          "acoustic_entropy": 6.313356876373291,
          "acoustic_entropy_side": 6.31343936920166,
          "hz": 6832.70888123896
        },
        {
          "acoustic_entropy": 6.313500881195068,
          "acoustic_entropy_side": 6.313473701477051,
          "hz": 7499.796634079867
        },
        {
          "acoustic_entropy": 6.313482284545898,
          "acoustic_entropy_side": 6.313472270965576,
          "hz": 8225.96088609342
        },
        {
          "acoustic_entropy": 6.313447952270508,
          "acoustic_entropy_side": 6.313456058502197,
          "hz": 9016.43338188839
        },
        {
          "acoustic_entropy": 6.3134565353393555,
          "acoustic_entropy_side": 6.3134636878967285,
          "hz": 9876.909183162974
        },
        {
          "acoustic_entropy": 6.3134589195251465,
          "acoustic_entropy_side": 6.3134660720825195,
          "hz": 10813.587699516042
        },
        {
          "acoustic_entropy": 6.313449859619141,
          "acoustic_entropy_side": 6.313461780548096,
          "hz": 11833.21735289826
        },
        {
          "acoustic_entropy": 6.3134565353393555,
          "acoustic_entropy_side": 6.3134636878967285,
          "hz": 12943.144197493959
        },
        {
          "acoustic_entropy": 6.313464164733887,
          "acoustic_entropy_side": 6.313467025756836,
          "hz": 14151.364845322005
        },
        {
          "acoustic_entropy": 6.313467025756836,
          "acoustic_entropy_side": 6.3134660720825195,
          "hz": 15466.58407886509
        },
        {
          "acoustic_entropy": 6.313477039337158,
          "acoustic_entropy_side": 6.313470840454102,
          "hz": 16898.27756580493
        },
        {
          "acoustic_entropy": 6.313486099243164,
          "acoustic_entropy_side": 6.313469886779785,
          "hz": 18456.760127700032
        },
        {
          "acoustic_entropy": 6.313528537750244,
          "acoustic_entropy_side": 6.313486099243164,
          "hz": 20153.260054456492
        },
        {
          "acoustic_entropy": 6.313531875610352,
          "acoustic_entropy_side": 6.313497543334961,
          "hz": 22000.00000000001
        }
      ],
      "diff_acoustic_entropy": 2.703287363052368,
      "sn": 6
    },
    {
      "acoustic_entropy": 10.000115394592285,
      "acoustic_entropy_mono": 9.164886474609375,
      "band_eliminated_acoustic_entropies": [
        {
          "acoustic_entropy": 10.09416389465332,
          "acoustic_entropy_side": 10.000594139099121,
          "hz": 129.47220167065723
        },
        {
          "acoustic_entropy": 9.768416404724121,
          "acoustic_entropy_side": 10.20657730102539,
          "hz": 202.92927478742237
        },
        {
          "acoustic_entropy": 9.889349937438965,
          "acoustic_entropy_side": 9.97752571105957,
          "hz": 282.89161906338205
        },
        {
          "acoustic_entropy": 9.926966667175293,
          "acoustic_entropy_side": 10.060836791992188,
          "hz": 369.9353335868758
        },
        {
          "acoustic_entropy": 9.815755844116211,
          "acoustic_entropy_side": 10.086043357849121,
          "hz": 464.6875360973435
        },
        {
          "acoustic_entropy": 9.302915573120117,
          "acoustic_entropy_side": 10.260029792785645,
          "hz": 567.8308811364784
        },
        {
          "acoustic_entropy": 8.959972381591797,
          "acoustic_entropy_side": 10.807076454162598,
          "hz": 680.1084783214808
        },
        {
          "acoustic_entropy": 10.214556694030762,
          "acoustic_entropy_side": 10.347095489501953,
          "hz": 802.3292461747484
        },
        {
          "acoustic_entropy": 9.664713859558105,
          "acoustic_entropy_side": 10.006377220153809,
          "hz": 935.3737400823702
        },
        {
          "acoustic_entropy": 9.951605796813965,
          "acoustic_entropy_side": 9.94074821472168,
          "hz": 1080.2004963696966
        },
        {
          "acoustic_entropy": 9.936753273010254,
          "acoustic_entropy_side": 10.089836120605469,
          "hz": 1237.8529382007157
        },
        {
          "acoustic_entropy": 9.804987907409668,
          "acoustic_entropy_side": 9.947760581970215,
          "hz": 1409.4668930556702
        },
        {
          "acoustic_entropy": 10.006315231323242,
          "acoustic_entropy_side": 10.152426719665527,
          "hz": 1596.2787759475705
        },
        {
          "acoustic_entropy": 9.826992988586426,
          "acoustic_entropy_side": 9.905523300170898,
          "hz": 1799.6344973346393
        },
        {
          "acoustic_entropy": 10.060626029968262,
          "acoustic_entropy_side": 10.019604682922363,
          "hz": 2020.9991599069049
        },
        {
          "acoustic_entropy": 9.925504684448242,
          "acoustic_entropy_side": 9.991833686828613,
          "hz": 2261.9676141086993
        },
        {
          "acoustic_entropy": 10.114198684692383,
          "acoustic_entropy_side": 10.031867027282715,
          "hz": 2524.2759484456974
        },
        {
          "acoustic_entropy": 9.86678409576416,
          "acoustic_entropy_side": 9.936387062072754,
          "hz": 2809.813997359896
        },
        {
          "acoustic_entropy": 9.91812801361084,
          "acoustic_entropy_side": 9.922896385192871,
          "hz": 3120.6389567871424
        },
        {
          "acoustic_entropy": 9.878907203674316,
          "acoustic_entropy_side": 9.865799903869629,
          "hz": 3458.990205492291
        },
        {
          "acoustic_entropy": 9.992168426513672,
          "acoustic_entropy_side": 9.9928617477417,
          "hz": 3827.305438964164
        },
        {
          "acoustic_entropy": 9.988668441772461,
          "acoustic_entropy_side": 9.992741584777832,
          "hz": 4228.238232109126
        },
        {
          "acoustic_entropy": 10.003503799438477,
          "acoustic_entropy_side": 10.019088745117188,
          "hz": 4664.6771572759235
        },
        {
          "acoustic_entropy": 10.02867603302002,
          "acoustic_entropy_side": 10.015400886535645,
          "hz": 5139.766595350093
        },
        {
          "acoustic_entropy": 10.001660346984863,
          "acoustic_entropy_side": 9.999711990356445,
          "hz": 5656.929389854203
        },
        {
          "acoustic_entropy": 10.00638198852539,
          "acoustic_entropy_side": 9.999368667602539,
          "hz": 6219.891507268283
        },
        {
          "acoustic_entropy": 10.003371238708496,
          "acoustic_entropy_side": 9.999862670898438,
          "hz": 6832.70888123896
        },
        {
          "acoustic_entropy": 9.99955940246582,
          "acoustic_entropy_side": 10.000140190124512,
          "hz": 7499.796634079867
        },
        {
          "acoustic_entropy": 10.000102043151855,
          "acoustic_entropy_side": 10.000055313110352,
          "hz": 8225.96088609342
        },
        {
          "acoustic_entropy": 9.997634887695312,
          "acoustic_entropy_side": 9.99849796295166,
          "hz": 9016.43338188839
        },
        {
          "acoustic_entropy": 9.99944019317627,
          "acoustic_entropy_side": 9.999759674072266,
          "hz": 9876.909183162974
        },
        {
          "acoustic_entropy": 9.999834060668945,
          "acoustic_entropy_side": 10.00002384185791,
          "hz": 10813.587699516042
        },
        {
          "acoustic_entropy": 9.999850273132324,
          "acoustic_entropy_side": 10.00002384185791,
          "hz": 11833.21735289826
        },
        {
          "acoustic_entropy": 9.999946594238281,
          "acoustic_entropy_side": 10.000081062316895,
          "hz": 12943.144197493959
        },
        {
          "acoustic_entropy": 9.99980354309082,
          "acoustic_entropy_side": 9.999929428100586,
          "hz": 14151.364845322005
        },
        {
          "acoustic_entropy": 9.999503135681152,
          "acoustic_entropy_side": 9.999863624572754,
          "hz": 15466.58407886509
        },
        {
          "acoustic_entropy": 9.999242782592773,
          "acoustic_entropy_side": 9.999799728393555,
          "hz": 16898.27756580493
        },
        {
          "acoustic_entropy": 9.999229431152344,
          "acoustic_entropy_side": 9.999713897705078,
          "hz": 18456.760127700032
        },
        {
          "acoustic_entropy": 9.998836517333984,
          "acoustic_entropy_side": 9.999593734741211,
          "hz": 20153.260054456492
        },
        {
          "acoustic_entropy": 9.99882698059082,
          "acoustic_entropy_side": 9.999549865722656,
          "hz": 22000.00000000001
        }
      ],
      "diff_acoustic_entropy": 5.528860569000244,
      "sn": 12
    },
    {
      "acoustic_entropy": 17.735015869140625,
      "acoustic_entropy_mono": 14.876956939697266,
      "band_eliminated_acoustic_entropies": [
        {
          "acoustic_entropy": 17.4019718170166,
          "acoustic_entropy_side": 17.881423950195312,
          "hz": 129.47220167065723
        },
        {
          "acoustic_entropy": 17.30751609802246,
          "acoustic_entropy_side": 17.088787078857422,
          "hz": 202.92927478742237
        },
        {
          "acoustic_entropy": 18.14354705810547,
          "acoustic_entropy_side": 16.291650772094727,
          "hz": 282.89161906338205
        },
        {
          "acoustic_entropy": 17.128524780273438,
          "acoustic_entropy_side": 16.41225814819336,
          "hz": 369.9353335868758
        },
        {
          "acoustic_entropy": 16.401081085205078,
          "acoustic_entropy_side": 17.237462997436523,
          "hz": 464.6875360973435
        },
        {
          "acoustic_entropy": 17.27869987487793,
          "acoustic_entropy_side": 16.63758659362793,
          "hz": 567.8308811364784
        },
        {
          "acoustic_entropy": 16.776552200317383,
          "acoustic_entropy_side": 18.665557861328125,
          "hz": 680.1084783214808
        },
        {
          "acoustic_entropy": 17.345531463623047,
          "acoustic_entropy_side": 17.321998596191406,
          "hz": 802.3292461747484
        },
        {
          "acoustic_entropy": 16.114015579223633,
          "acoustic_entropy_side": 17.05409049987793,
          "hz": 935.3737400823702
        },
        {
          "acoustic_entropy": 16.347187042236328,
          "acoustic_entropy_side": 16.741863250732422,
          "hz": 1080.2004963696966
        },
        {
          "acoustic_entropy": 17.985197067260742,
          "acoustic_entropy_side": 18.14622688293457,
          "hz": 1237.8529382007157
        },
        {
          "acoustic_entropy": 18.055286407470703,
          "acoustic_entropy_side": 17.761594772338867,
          "hz": 1409.4668930556702
        },
        {
          "acoustic_entropy": 17.05048370361328,
          "acoustic_entropy_side": 18.394380569458008,
          "hz": 1596.2787759475705
        },
        {
          "acoustic_entropy": 16.95764923095703,
          "acoustic_entropy_side": 17.35460090637207,
          "hz": 1799.6344973346393
        },
        {
          "acoustic_entropy": 17.234966278076172,
          "acoustic_entropy_side": 18.05205726623535,
          "hz": 2020.9991599069049
        },
        {
          "acoustic_entropy": 17.299638748168945,
          "acoustic_entropy_side": 17.48480224609375,
          "hz": 2261.9676141086993
        },
        {
          "acoustic_entropy": 16.978557586669922,
          "acoustic_entropy_side": 17.375381469726562,
          "hz": 2524.2759484456974
        },
        {
          "acoustic_entropy": 17.295021057128906,
          "acoustic_entropy_side": 17.701812744140625,
          "hz": 2809.813997359896
        },
        {
          "acoustic_entropy": 17.547279357910156,
          "acoustic_entropy_side": 17.58926773071289,
