{
  "acoustic_entropy": 213.33596801757812,
  "bands": [
    {
      "high_freq": 148.1999969482422,
      "loudness": -20.543161392211914,
      "loudness_range": 5.4365997314453125,
      "mid_mean": -17.166738510131836,
      "mid_to_side_loudness": -12.96307373046875,
      "mid_to_side_loudness_range": 14.776788711547852,
      "side_mean": -30.73633575439453
    },
    {
      "high_freq": 392.3793640136719,
      "loudness": -19.669158935546875,
      "loudness_range": 5.579652786254883,
      "low_freq": 148.1999969482422,
      "mid_mean": -16.698884963989258,
      "mid_to_side_loudness": -8.738374710083008,
      "mid_to_side_loudness_range": 11.321590423583984,
      "side_mean": -25.484590530395508
    },
    {
      "high_freq": 794.6976318359375,
      "loudness": -20.67220115661621,
      "loudness_range": 7.276477813720703,
      "low_freq": 392.3793640136719,
      "mid_mean": -18.63395118713379,
      "mid_to_side_loudness": -4.384303569793701,
      "mid_to_side_loudness_range": 11.709041595458984,
      "side_mean": -23.05161476135254
    },
    {
      "high_freq": 1457.5709228515625,
      "loudness": -17.423582077026367,
      "loudness_range": 10.21169662475586,
      "low_freq": 794.6976318359375,
      "mid_mean": -14.650206565856934,
      "mid_to_side_loudness": -7.332289218902588,
      "mid_to_side_loudness_range": 10.5042724609375,
      "side_mean": -22.019264221191406
    },
    {
      "high_freq": 2549.74365234375,
      "loudness": -17.175519943237305,
      "loudness_range": 7.630206108093262,
      "low_freq": 1457.5709228515625,
      "mid_mean": -14.272908210754395,
      "mid_to_side_loudness": -7.629928112030029,
      "mid_to_side_loudness_range": 8.106199264526367,
      "side_mean": -21.913848876953125
    },
    {
      "high_freq": 4349.24462890625,
      "loudness": -19.52545166015625,
      "loudness_range": 9.809056282043457,
      "low_freq": 2549.74365234375,
      "mid_mean": -16.551828384399414,
      "mid_to_side_loudness": -8.233311653137207,
      "mid_to_side_loudness_range": 8.93105697631836,
      "side_mean": -24.82647132873535
    },
    {
      "high_freq": 7314.1640625,
      "loudness": -23.93073844909668,
      "loudness_range": 7.1418304443359375,
      "low_freq": 4349.24462890625,
      "mid_mean": -21.081279754638672,
      "mid_to_side_loudness": -7.149684429168701,
      "mid_to_side_loudness_range": 6.44842529296875,
      "side_mean": -28.274089813232422
    },
    {
      "high_freq": 12199.2666015625,
      "loudness": -25.04945182800293,
      "loudness_range": 8.00326156616211,
      "low_freq": 7314.1640625,
      "mid_mean": -22.43572235107422,
      "mid_to_side_loudness": -6.03670072555542,
      "mid_to_side_loudness_range": 6.354902267456055,
      "side_mean": -28.498491287231445
    },
    {
      "loudness": -31.53142547607422,
      "loudness_range": 9.936683654785156,
      "low_freq": 12199.2666015625,
      "mid_mean": -29.024564743041992,
      "mid_to_side_loudness": -5.295443534851074,
      "mid_to_side_loudness_range": 4.079805374145508,
      "side_mean": -34.27581024169922
    }
  ],
  "bands_short": [
    {
      "high_freq": 148.1999969482422,
      "loudness": -23.323482513427734,
      "loudness_range": 12.873409271240234,
      "mid_mean": -20.027860641479492,
      "mid_to_side_loudness": -13.548001289367676,
      "mid_to_side_loudness_range": 20.84848976135254,
      "side_mean": -34.52796173095703
    },
    {
      "high_freq": 392.3793640136719,
      "loudness": -19.306507110595703,
      "loudness_range": 9.204133987426758,
      "low_freq": 148.1999969482422,
      "mid_mean": -16.371797561645508,
      "mid_to_side_loudness": -9.45691967010498,
      "mid_to_side_loudness_range": 14.751194953918457,
      "side_mean": -25.88735580444336
    },
    {
      "high_freq": 794.6976318359375,
      "loudness": -21.68239974975586,
      "loudness_range": 10.406780242919922,
      "low_freq": 392.3793640136719,
      "mid_mean": -20.097814559936523,
      "mid_to_side_loudness": -3.5835742950439453,
      "mid_to_side_loudness_range": 14.299539566040039,
      "side_mean": -23.7054500579834
    },
    {
      "high_freq": 1457.5709228515625,
      "loudness": -17.953292846679688,
      "loudness_range": 12.367905616760254,
      "low_freq": 794.6976318359375,
      "mid_mean": -15.455217361450195,
      "mid_to_side_loudness": -6.7076802253723145,
      "mid_to_side_loudness_range": 13.845085144042969,
      "side_mean": -22.229429244995117
    },
    {
      "high_freq": 2549.74365234375,
      "loudness": -17.736574172973633,
      "loudness_range": 10.144989013671875,
      "low_freq": 1457.5709228515625,
      "mid_mean": -14.985895156860352,
      "mid_to_side_loudness": -7.260842800140381,
      "mid_to_side_loudness_range": 10.892558097839355,
      "side_mean": -22.276487350463867
    },
    {
      "high_freq": 4349.24462890625,
      "loudness": -20.236038208007812,
      "loudness_range": 12.476644515991211,
      "low_freq": 2549.74365234375,
      "mid_mean": -17.408456802368164,
      "mid_to_side_loudness": -7.688170433044434,
      "mid_to_side_loudness_range": 11.072341918945312,
      "side_mean": -25.16082000732422
    },
    {
      "high_freq": 7314.1640625,
      "loudness": -24.4714412689209,
      "loudness_range": 9.586322784423828,
      "low_freq": 4349.24462890625,
      "mid_mean": -21.677770614624023,
      "mid_to_side_loudness": -7.120814323425293,
      "mid_to_side_loudness_range": 8.969730377197266,
      "side_mean": -28.88336753845215
    },
    {
      "high_freq": 12199.2666015625,
      "loudness": -26.02515411376953,
      "loudness_range": 11.339637756347656,
      "low_freq": 7314.1640625,
      "mid_mean": -23.38162612915039,
      "mid_to_side_loudness": -6.393519401550293,
      "mid_to_side_loudness_range": 8.889891624450684,
      "side_mean": -29.867359161376953
    },
    {
      "loudness": -33.32878112792969,
      "loudness_range": 16.473594665527344,
      "low_freq": 12199.2666015625,
      "mid_mean": -30.848405838012695,
      "mid_to_side_loudness": -5.4394402503967285,
      "mid_to_side_loudness_range": 7.223299980163574,
      "side_mean": -36.32560729980469
    }
  ],
  "bandwidth": 914.8092651367188,
  "channels": 2,
  "covariance": [
    [
      17.009990692138672,
      8.697916984558105,
      6.283364295959473,
      1.1894429922103882,
      0.10652007907629013,
      1.3699495792388916,
      0.4646540582180023,
      1.4443318843841553,
      -0.06109100580215454,
      0.9905405640602112,
      1.941533088684082,
      2.9931893348693848,
      2.5340662002563477,
      3.874654769897461,
      2.105666399002075,
      3.932586908340454,
      3.5096120834350586,
      5.38112211227417
    ],
    [
      8.697916984558105,
      28.651334762573242,
      6.223031520843506,
      2.003903865814209,
      0.3158085346221924,
      2.367577314376831,
      0.055829007178545,
      1.5629093647003174,
      -1.1555763483047485,
      1.7301427125930786,
      1.138176679611206,
      4.0483479499816895,
      1.8970361948013306,
      5.020661354064941,
      1.7061805725097656,
      4.6869001388549805,
      3.4603612422943115,
      6.162109375
    ],
    [
      6.283364295959473,
      6.223031520843506,
      7.367053985595703,
      1.8354990482330322,
      1.56317937374115,
      1.341973066329956,
      -0.9964793920516968,
      0.6317377090454102,
      -1.2749749422073364,
      0.6299524307250977,
      1.150499939918518,
      2.0085442066192627,
      1.5437805652618408,
      2.7206640243530273,
      2.529742479324341,
      2.7546348571777344,
      2.571338415145874,
      3.2043325901031494
    ],
    [
      1.1894429922103882,
      2.003903865814209,
      1.8354990482330322,
      9.966763496398926,
      1.3845772743225098,
      4.940205097198486,
      1.5046125650405884,
      3.2394192218780518,
      1.03180992603302,
      2.534763813018799,
      2.503584384918213,
      3.092923164367676,
      2.25252103805542,
      1.8934465646743774,
      1.826025366783142,
      1.3766562938690186,
      1.5610333681106567,
      1.0668878555297852
    ],
    [
      0.10652007907629013,
      0.3158085346221924,
      1.56317937374115,
      1.3845772743225098,
      8.545453071594238,
      3.0683913230895996,
      3.3685760498046875,
      1.7642147541046143,
      0.806138277053833,
      0.3101206421852112,
      1.4456051588058472,
      0.18184347450733185,
      1.8725612163543701,
      0.8259443044662476,
      3.6078948974609375,
      1.3816572427749634,
      3.2001569271087646,
      2.2404751777648926
    ],
    [
      1.3699495792388916,
      2.367577314376831,
      1.341973066329956,
      4.940205097198486,
      3.0683913230895996,
      13.08001708984375,
      4.205113887786865,
      6.847667217254639,
      3.267500400543213,
      4.710671901702881,
      2.6275851726531982,
      4.544360637664795,
      2.743438959121704,
      3.752720355987549,
      2.757890462875366,
      4.222902774810791,
      4.3585638999938965,
      4.947783470153809
    ],
    [
      0.4646540582180023,
      0.055829007178545,
      -0.9964793920516968,
      1.5046125650405884,
      3.3685760498046875,
      4.205113887786865,
      17.79309844970703,
      7.252187728881836,
      9.487794876098633,
      4.51255989074707,
      -0.39995723962783813,
      1.904653549194336,
      4.540665626525879,
      3.361680746078491,
      2.3158957958221436,
      4.318850517272949,
      3.6806247234344482,
      5.365504741668701
    ],
    [
      1.4443318843841553,
      1.5629093647003174,
      0.6317377090454102,
      3.2394192218780518,
      1.7642147541046143,
      6.847667217254639,
      7.252187728881836,
      9.513972282409668,
      5.137964725494385,
      6.00559139251709,
      2.3940505981445312,
      5.0476603507995605,
      2.9076287746429443,
      4.361850261688232,
      2.0630345344543457,
      5.112532615661621,
      4.077205181121826,
      5.800355434417725
    ],
    [
      -0.06109100580215454,
      -1.1555763483047485,
      -1.2749749422073364,
      1.03180992603302,
      0.806138277053833,
      3.267500400543213,
      9.487794876098633,
      5.137964725494385,
      10.143610954284668,
      5.403690814971924,
      1.55133855342865,
      3.1263556480407715,
      2.8156447410583496,
      2.9643137454986572,
      0.8802459239959717,
      3.1749391555786133,
      2.043168306350708,
      3.191586494445801
    ],
    [
      0.9905405640602112,
      1.7301427125930786,
      0.6299524307250977,
      2.534763813018799,
      0.3101206421852112,
      4.710671901702881,
      4.51255989074707,
      6.00559139251709,
      5.403690814971924,
      8.752835273742676,
      2.235823631286621,
      6.580090045928955,
      2.3453574180603027,
      5.489376068115234,
      1.3951046466827393,
      4.957159519195557,
      2.452655792236328,
      4.472679615020752
    ],
    [
      1.941533088684082,
      1.138176679611206,
      1.150499939918518,
      2.503584384918213,
      1.4456051588058472,
      2.6275851726531982,
      -0.39995723962783813,
      2.3940505981445312,
      1.55133855342865,
      2.235823631286621,
      10.84864616394043,
      4.606324672698975,
      3.3430299758911133,
      2.4881365299224854,
      2.59773850440979,
      2.0482280254364014,
      2.0367212295532227,
      1.9157664775848389
    ],
    [
      2.9931893348693848,
      4.0483479499816895,
      2.0085442066192627,
      3.092923164367676,
      0.18184347450733185,
      4.544360637664795,
      1.904653549194336,
      5.0476603507995605,
      3.1263556480407715,
      6.580090045928955,
      4.606324672698975,
      8.981955528259277,
      2.498891830444336,
      6.154256820678711,
      1.724973440170288,
      4.989652633666992,
      2.60486102104187,
      4.374997138977051
    ],
    [
      2.5340662002563477,
      1.8970361948013306,
      1.5437805652618408,
      2.25252103805542,
      1.8725612163543701,
      2.743438959121704,
      4.540665626525879,
      2.9076287746429443,
      2.8156447410583496,
      2.3453574180603027,
      3.3430299758911133,
      2.498891830444336,
      7.129355430603027,
      4.256000518798828,
      4.918168544769287,
      4.096744537353516,
      3.43039608001709,
      3.868485450744629
    ],
    [
      3.874654769897461,
      5.020661354064941,
      2.7206640243530273,
      1.8934465646743774,
      0.8259443044662476,
      3.752720355987549,
      3.361680746078491,
      4.361850261688232,
      2.9643137454986572,
      5.489376068115234,
      2.4881365299224854,
      6.154256820678711,
      4.256000518798828,
      8.449402809143066,
      3.9297494888305664,
      8.056419372558594,
      5.849735260009766,
      8.538603782653809
    ],
    [
      2.105666399002075,
      1.7061805725097656,
      2.529742479324341,
      1.826025366783142,
      3.6078948974609375,
      2.757890462875366,
      2.3158957958221436,
      2.0630345344543457,
      0.8802459239959717,
      1.3951046466827393,
      2.59773850440979,
      1.724973440170288,
      4.918168544769287,
      3.9297494888305664,
      9.372407913208008,
      5.722434043884277,
      7.666179656982422,
      6.097074508666992
    ],
    [
      3.932586908340454,
      4.6869001388549805,
      2.7546348571777344,
      1.3766562938690186,
      1.3816572427749634,
      4.222902774810791,
      4.318850517272949,
      5.112532615661621,
      3.1749391555786133,
      4.957159519195557,
      2.0482280254364014,
      4.989652633666992,
      4.096744537353516,
      8.056419372558594,
      5.722434043884277,
      11.397905349731445,
      8.97907543182373,
      12.43604564666748
    ],
    [
      3.5096120834350586,
      3.4603612422943115,
      2.571338415145874,
      1.5610333681106567,
      3.2001569271087646,
      4.3585638999938965,
      3.6806247234344482,
      4.077205181121826,
      2.043168306350708,
      2.452655792236328,
      2.0367212295532227,
      2.60486102104187,
      3.43039608001709,
      5.849735260009766,
      7.666179656982422,
      8.97907543182373,
      14.262394905090332,
      14.902327537536621
    ],
    [
      5.38112211227417,
      6.162109375,
      3.2043325901031494,
      1.0668878555297852,
      2.2404751777648926,
      4.947783470153809,
      5.365504741668701,
      5.800355434417725,
      3.191586494445801,
      4.472679615020752,
      1.9157664775848389,
      4.374997138977051,
      3.868485450744629,
      8.538603782653809,
      6.097074508666992,
      12.43604564666748,
      14.902327537536621,
      20.644550323486328
    ]
  ],
  "covariance_short": [
    [
      27.658077239990234,
      13.568238258361816,
      9.265397071838379,
      2.485703945159912,
      1.1560641527175903,
      1.2273937463760376,
      2.5746233463287354,
      2.38999080657959,
      1.485882043838501,
      1.4008398056030273,
      3.208385705947876,
      3.087846279144287,
      3.606074571609497,
      4.578424453735352,
      3.480851888656616,
      5.912604808807373,
      4.150668144226074,
      6.599686145782471
    ],
    [
      13.568238258361816,
      52.87210464477539,
      10.011248588562012,
      3.1589035987854004,
      2.7890045642852783,
      3.2608134746551514,
      1.7248934507369995,
      2.2010765075683594,
      0.603596568107605,
      2.966341733932495,
      2.8767848014831543,
      5.074008464813232,
      4.052917003631592,
      8.10253620147705,
      5.50440788269043,
      10.515204429626465,
      7.521392822265625,
      11.505725860595703
    ],
    [
      9.265397071838379,
      10.011248588562012,
      15.614275932312012,
      3.259791135787964,
      3.714468479156494,
      2.1883983612060547,
      0.37426936626434326,
      1.7346614599227905,
      0.36812570691108704,
      1.9544293880462646,
      3.120598077774048,
      3.8971774578094482,
      3.9530396461486816,
      5.672861576080322,
      4.767025470733643,
      6.858500003814697,
      5.630014896392822,
      7.5893235206604
    ],
    [
      2.485703945159912,
      3.1589035987854004,
      3.259791135787964,
      14.621110916137695,
      2.497042417526245,
      6.147811412811279,
      2.446192979812622,
      4.351779937744141,
      2.057344436645508,
      3.5645172595977783,
      3.4683170318603516,
      4.480332851409912,
      3.712953567504883,
      3.993945837020874,
      3.449014663696289,
      3.6728851795196533,
      3.6363167762756348,
      3.5611658096313477
    ],
    [
      1.1560641527175903,
      2.7890045642852783,
      3.714468479156494,
      2.497042417526245,
      17.32844352722168,
      5.056251525878906,
      5.694149494171143,
      3.0922274589538574,
      3.7454142570495605,
      2.280690908432007,
      5.4592742919921875,
      2.6415951251983643,
      4.342400550842285,
      3.365468740463257,
      5.2442498207092285,
      4.093011379241943,
      4.299507141113281,
      4.406195640563965
    ],
    [
      1.2273937463760376,
      3.2608134746551514,
      2.1883983612060547,
      6.147811412811279,
      5.056251525878906,
      17.99903678894043,
      5.178709983825684,
      7.958203315734863,
      4.323437690734863,
      5.737192630767822,
      4.135313987731934,
      5.690999507904053,
      4.129761695861816,
      5.385362148284912,
      4.134698390960693,
      6.032753944396973,
      5.416069507598877,
      6.72895622253418
    ],
    [
      2.5746233463287354,
      1.7248934507369995,
      0.37426936626434326,
      2.446192979812622,
      5.694149494171143,
      5.178709983825684,
      28.937999725341797,
      10.094647407531738,
      16.092981338500977,
      7.146480560302734,
      5.784055709838867,
      4.779501438140869,
      8.943236351013184,
      6.079514980316162,
      5.299350261688232,
      7.018827438354492,
      5.374680519104004,
      7.644008159637451
    ],
    [
      2.38999080657959,
      2.2010765075683594,
      1.7346614599227905,
      4.351779937744141,
      3.0922274589538574,
      7.958203315734863,
      10.094647407531738,
      14.253473281860352,
      7.704134941101074,
      7.5292816162109375,
      4.9251580238342285,
      6.819129943847656,
      4.751745223999023,
      6.095643043518066,
      3.816645383834839,
      6.938118934631348,
      5.0764384269714355,
      7.191650867462158
    ],
    [
      1.485882043838501,
      0.603596568107605,
      0.36812570691108704,
      2.057344436645508,
      3.7454142570495605,
      4.323437690734863,
      16.092981338500977,
      7.704134941101074,
      19.07271957397461,
      8.553606986999512,
      7.698542594909668,
      6.110749244689941,
      7.209578037261963,
      6.089140892028809,
      4.0160112380981445,
      6.429291725158691,
      4.5043253898620605,
      6.495723724365234
    ],
    [
      1.4008398056030273,
      2.966341733932495,
      1.9544293880462646,
      3.5645172595977783,
      2.280690908432007,
      5.737192630767822,
      7.146480560302734,
      7.5292816162109375,
      8.553606986999512,
      12.393796920776367,
      5.229279041290283,
      8.740100860595703,
      4.473352909088135,
      7.915742874145508,
      3.3778843879699707,
      7.506392002105713,
      4.284933567047119,
      7.112899303436279
    ],
    [
      3.208385705947876,
      2.8767848014831543,
      3.120598077774048,
      3.4683170318603516,
      5.4592742919921875,
      4.135313987731934,
      5.784055709838867,
      4.9251580238342285,
      7.698542594909668,
      5.229279041290283,
      19.808929443359375,
      8.785999298095703,
      8.726388931274414,
      6.643434047698975,
      6.651255130767822,
      6.620358467102051,
      5.686581134796143,
      6.464847564697266
    ],
    [
      3.087846279144287,
      5.074008464813232,
      3.8971774578094482,
      4.480332851409912,
      2.6415951251983643,
      5.690999507904053,
      4.779501438140869,
      6.819129943847656,
      6.110749244689941,
      8.740100860595703,
      8.785999298095703,
      13.480895042419434,
      5.299096584320068,
      9.730076789855957,
      4.45298433303833,
      8.960063934326172,
      5.370630741119385,
      8.3591890335083
    ],
    [
      3.606074571609497,
      4.052917003631592,
      3.9530396461486816,
      3.712953567504883,
      4.342400550842285,
      4.129761695861816,
      8.943236351013184,
      4.751745223999023,
      7.209578037261963,
      4.473352909088135,
      8.726388931274414,
      5.299096584320068,
      15.366543769836426,
      9.827306747436523,
      11.96383285522461,
      11.11251163482666,
      11.075115203857422,
      11.213395118713379
    ],
    [
      4.578424453735352,
      8.10253620147705,
      5.672861576080322,
      3.993945837020874,
      3.365468740463257,
      5.385362148284912,
      6.079514980316162,
      6.095643043518066,
      6.089140892028809,
      7.915742874145508,
      6.643434047698975,
      9.730076789855957,
      9.827306747436523,
      16.093154907226562,
      9.964804649353027,
      16.80725860595703,
      13.483147621154785,
      17.87345314025879
    ],
    [
      3.480851888656616,
      5.50440788269043,
      4.767025470733643,
      3.449014663696289,
      5.2442498207092285,
      4.134698390960693,
      5.299350261688232,
      3.816645383834839,
      4.0160112380981445,
      3.3778843879699707,
      6.651255130767822,
      4.45298433303833,
      11.96383285522461,
      9.964804649353027,
      18.893964767456055,
      14.853636741638184,
      18.47718048095703,
      15.82720947265625
    ],
    [
      5.912604808807373,
      10.515204429626465,
      6.858500003814697,
      3.6728851795196533,
      4.093011379241943,
      6.032753944396973,
      7.018827438354492,
      6.938118934631348,
      6.429291725158691,
      7.506392002105713,
      6.620358467102051,
      8.960063934326172,
      11.11251163482666,
      16.80725860595703,
      14.853636741638184,
      24.689950942993164,
      20.809579849243164,
      26.692445755004883
    ],
    [
      4.150668144226074,
      7.521392822265625,
      5.630014896392822,
      3.6363167762756348,
      4.299507141113281,
      5.416069507598877,
      5.374680519104004,
      5.0764384269714355,
      4.5043253898620605,
      4.284933567047119,
      5.686581134796143,
      5.370630741119385,
      11.075115203857422,
      13.483147621154785,
      18.47718048095703,
      20.809579849243164,
      31.17619514465332,
      30.104188919067383
    ],
    [
      6.599686145782471,
      11.505725860595703,
      7.5893235206604,
      3.5611658096313477,
      4.406195640563965,
      6.72895622253418,
      7.644008159637451,
      7.191650867462158,
      6.495723724365234,
      7.112899303436279,
      6.464847564697266,
      8.3591890335083,
      11.213395118713379,
      17.87345314025879,
      15.82720947265625,
      26.692445755004883,
      30.104188919067383,
      38.74445343017578
    ]
  ],
  "damage": -2.5927371978759766,
  "diff_bandwidth": 953.4006958007812,
  "dissonance": 10.81010528823515,
  "drr": 1.4894651174545288,
  "dynamics": 1.6947617530822754,
  "format": 1245190,
  "frames": 11503616,
  "loudness": -6.975266933441162,
  "loudness_range": 3.8024826049804688,
  "loudness_range_short": 5.659480094909668,
  "lowpass_true_peak_15khz": 0.8566449880599976,
  "mastering3_acoustic_entropies": [
    {
      "acoustic_entropy": 6.105570316314697,
      "acoustic_entropy_mono": 6.165004253387451,
      "band_eliminated_acoustic_entropies": [
        {
          "acoustic_entropy": 6.109413146972656,
          "acoustic_entropy_side": 6.10561990737915,
          "hz": 129.47220167065723
        },
        {
          "acoustic_entropy": 6.032557964324951,
          "acoustic_entropy_side": 6.106784343719482,
          "hz": 202.92927478742237
        },
        {
          "acoustic_entropy": 6.0354204177856445,
          "acoustic_entropy_side": 6.106939792633057,
          "hz": 282.89161906338205
        },
        {
          "acoustic_entropy": 6.101168632507324,
          "acoustic_entropy_side": 6.117251873016357,
          "hz": 369.9353335868758
        },
        {
          "acoustic_entropy": 6.085267066955566,
          "acoustic_entropy_side": 6.101381778717041,
          "hz": 464.6875360973435
        },
        {
          "acoustic_entropy": 6.087838172912598,
          "acoustic_entropy_side": 6.177115440368652,
          "hz": 567.8308811364784
        },
        {
          "acoustic_entropy": 5.882051944732666,
          "acoustic_entropy_side": 6.124367713928223,
          "hz": 680.1084783214808
        },
        {
          "acoustic_entropy": 5.303833961486816,
          "acoustic_entropy_side": 5.975944995880127,
          "hz": 802.3292461747484
        },
        {
          "acoustic_entropy": 5.794409275054932,
          "acoustic_entropy_side": 6.066593647003174,
          "hz": 935.3737400823702
        },
        {
          "acoustic_entropy": 6.498124122619629,
          "acoustic_entropy_side": 6.087302207946777,
          "hz": 1080.2004963696966
        },
        {
          "acoustic_entropy": 5.719422340393066,
          "acoustic_entropy_side": 6.10638427734375,
          "hz": 1237.8529382007157
        },
        {
          "acoustic_entropy": 6.314352989196777,
          "acoustic_entropy_side": 6.110198020935059,
          "hz": 1409.4668930556702
        },
        {
          "acoustic_entropy": 6.164657115936279,
          "acoustic_entropy_side": 6.083158016204834,
          "hz": 1596.2787759475705
        },
        {
          "acoustic_entropy": 6.136788845062256,
          "acoustic_entropy_side": 6.132423400878906,
          "hz": 1799.6344973346393
        },
        {
          "acoustic_entropy": 6.058307647705078,
          "acoustic_entropy_side": 6.14580774307251,
          "hz": 2020.9991599069049
        },
        {
          "acoustic_entropy": 6.2220025062561035,
          "acoustic_entropy_side": 6.162825584411621,
          "hz": 2261.9676141086993
        },
        {
          "acoustic_entropy": 6.19779634475708,
          "acoustic_entropy_side": 6.144268989562988,
          "hz": 2524.2759484456974
        },
        {
          "acoustic_entropy": 5.948776721954346,
          "acoustic_entropy_side": 6.114574432373047,
          "hz": 2809.813997359896
        },
        {
          "acoustic_entropy": 6.1761980056762695,
          "acoustic_entropy_side": 6.107290267944336,
          "hz": 3120.6389567871424
        },
        {
          "acoustic_entropy": 5.644836902618408,
          "acoustic_entropy_side": 6.09213399887085,
          "hz": 3458.990205492291
        },
        {
          "acoustic_entropy": 5.964115142822266,
          "acoustic_entropy_side": 6.122622489929199,
          "hz": 3827.305438964164
        },
        {
          "acoustic_entropy": 6.199166774749756,
          "acoustic_entropy_side": 6.113147735595703,
          "hz": 4228.238232109126
        },
        {
          "acoustic_entropy": 6.143491744995117,
          "acoustic_entropy_side": 6.108444690704346,
          "hz": 4664.6771572759235
        },
        {
          "acoustic_entropy": 6.06781005859375,
          "acoustic_entropy_side": 6.102169990539551,
          "hz": 5139.766595350093
        },
        {
          "acoustic_entropy": 6.159987449645996,
          "acoustic_entropy_side": 6.102726936340332,
          "hz": 5656.929389854203
        },
        {
          "acoustic_entropy": 6.169848442077637,
          "acoustic_entropy_side": 6.101078510284424,
          "hz": 6219.891507268283
        },
        {
          "acoustic_entropy": 6.127409934997559,
          "acoustic_entropy_side": 6.0814971923828125,
          "hz": 6832.70888123896
        },
        {
          "acoustic_entropy": 6.15683650970459,
          "acoustic_entropy_side": 6.093688011169434,
          "hz": 7499.796634079867
        },
        {
          "acoustic_entropy": 6.189921855926514,
          "acoustic_entropy_side": 6.100691318511963,
          "hz": 8225.96088609342
        },
        {
          "acoustic_entropy": 6.245676517486572,
          "acoustic_entropy_side": 6.100086688995361,
          "hz": 9016.43338188839
        },
        {
          "acoustic_entropy": 6.171051502227783,
          "acoustic_entropy_side": 6.094815254211426,
          "hz": 9876.909183162974
        },
        {
          "acoustic_entropy": 6.060918807983398,
          "acoustic_entropy_side": 6.103733062744141,
          "hz": 10813.587699516042
        },
        {
          "acoustic_entropy": 5.970445156097412,
          "acoustic_entropy_side": 6.105614185333252,
          "hz": 11833.21735289826
        },
        {
          "acoustic_entropy": 6.147092819213867,
          "acoustic_entropy_side": 6.1167731285095215,
          "hz": 12943.144197493959
        },
        {
          "acoustic_entropy": 6.205715179443359,
          "acoustic_entropy_side": 6.125093460083008,
          "hz": 14151.364845322005
        },
        {
          "acoustic_entropy": 6.244911193847656,
          "acoustic_entropy_side": 6.127503871917725,
          "hz": 15466.58407886509
        },
        {
          "acoustic_entropy": 6.214173793792725,
          "acoustic_entropy_side": 6.124490261077881,
          "hz": 16898.27756580493
        },
        {
          "acoustic_entropy": 6.14967155456543,
          "acoustic_entropy_side": 6.116786956787109,
          "hz": 18456.760127700032
        },
        {
          "acoustic_entropy": 6.126356601715088,
          "acoustic_entropy_side": 6.109929084777832,
          "hz": 20153.260054456492
        },
        {
          "acoustic_entropy": 6.10706901550293,
          "acoustic_entropy_side": 6.105879783630371,
          "hz": 22000.00000000001
        }
      ],
      "diff_acoustic_entropy": 5.673354148864746,
      "sn": 6
    },
    {
      "acoustic_entropy": 8.287644386291504,
      "acoustic_entropy_mono": 9.01927375793457,
      "band_eliminated_acoustic_entropies": [
        {
          "acoustic_entropy": 8.727644920349121,
          "acoustic_entropy_side": 8.279850006103516,
          "hz": 129.47220167065723
        },
        {
          "acoustic_entropy": 8.884086608886719,
          "acoustic_entropy_side": 8.272431373596191,
          "hz": 202.92927478742237
        },
        {
          "acoustic_entropy": 8.9257230758667,
          "acoustic_entropy_side": 8.289802551269531,
          "hz": 282.89161906338205
        },
        {
          "acoustic_entropy": 8.717833518981934,
          "acoustic_entropy_side": 8.16622257232666,
          "hz": 369.9353335868758
        },
        {
          "acoustic_entropy": 8.78160572052002,
          "acoustic_entropy_side": 8.094913482666016,
          "hz": 464.6875360973435
        },
        {
          "acoustic_entropy": 9.364317893981934,
          "acoustic_entropy_side": 9.33238410949707,
          "hz": 567.8308811364784
        },
        {
          "acoustic_entropy": 9.3921537399292,
          "acoustic_entropy_side": 8.858854293823242,
          "hz": 680.1084783214808
        },
        {
          "acoustic_entropy": 8.080833435058594,
          "acoustic_entropy_side": 8.569109916687012,
          "hz": 802.3292461747484
        },
        {
          "acoustic_entropy": 9.584543228149414,
          "acoustic_entropy_side": 8.711711883544922,
          "hz": 935.3737400823702
        },
        {
          "acoustic_entropy": 9.037653923034668,
          "acoustic_entropy_side": 8.462885856628418,
          "hz": 1080.2004963696966
        },
        {
          "acoustic_entropy": 8.41317081451416,
          "acoustic_entropy_side": 8.502473831176758,
          "hz": 1237.8529382007157
        },
        {
          "acoustic_entropy": 8.42575454711914,
          "acoustic_entropy_side": 8.514091491699219,
          "hz": 1409.4668930556702
        },
        {
          "acoustic_entropy": 8.465787887573242,
          "acoustic_entropy_side": 8.345416069030762,
          "hz": 1596.2787759475705
        },
        {
          "acoustic_entropy": 8.462628364562988,
          "acoustic_entropy_side": 8.471966743469238,
          "hz": 1799.6344973346393
        },
        {
          "acoustic_entropy": 8.760335922241211,
          "acoustic_entropy_side": 8.887232780456543,
          "hz": 2020.9991599069049
        },
        {
          "acoustic_entropy": 8.73398208618164,
          "acoustic_entropy_side": 8.775330543518066,
          "hz": 2261.9676141086993
        },
        {
          "acoustic_entropy": 9.059833526611328,
          "acoustic_entropy_side": 8.993045806884766,
          "hz": 2524.2759484456974
        },
        {
          "acoustic_entropy": 8.429214477539062,
          "acoustic_entropy_side": 8.473122596740723,
          "hz": 2809.813997359896
        },
        {
          "acoustic_entropy": 8.309350967407227,
          "acoustic_entropy_side": 8.607918739318848,
          "hz": 3120.6389567871424
        },
        {
          "acoustic_entropy": 8.564229965209961,
          "acoustic_entropy_side": 8.832554817199707,
          "hz": 3458.990205492291
        },
        {
          "acoustic_entropy": 8.962358474731445,
          "acoustic_entropy_side": 8.420063018798828,
          "hz": 3827.305438964164
        },
        {
          "acoustic_entropy": 8.868160247802734,
          "acoustic_entropy_side": 8.396305084228516,
          "hz": 4228.238232109126
        },
        {
          "acoustic_entropy": 8.630145072937012,
          "acoustic_entropy_side": 8.386300086975098,
          "hz": 4664.6771572759235
        },
        {
          "acoustic_entropy": 8.599127769470215,
          "acoustic_entropy_side": 8.406067848205566,
          "hz": 5139.766595350093
        },
        {
          "acoustic_entropy": 8.362244606018066,
          "acoustic_entropy_side": 8.469964027404785,
          "hz": 5656.929389854203
        },
        {
          "acoustic_entropy": 8.666884422302246,
          "acoustic_entropy_side": 8.460732460021973,
          "hz": 6219.891507268283
        },
        {
          "acoustic_entropy": 8.706326484680176,
          "acoustic_entropy_side": 8.452722549438477,
          "hz": 6832.70888123896
        },
        {
          "acoustic_entropy": 8.397258758544922,
          "acoustic_entropy_side": 8.397022247314453,
          "hz": 7499.796634079867
        },
        {
          "acoustic_entropy": 8.375635147094727,
          "acoustic_entropy_side": 8.398910522460938,
          "hz": 8225.96088609342
        },
        {
          "acoustic_entropy": 8.583703994750977,
          "acoustic_entropy_side": 8.40727424621582,
          "hz": 9016.43338188839
        },
        {
          "acoustic_entropy": 8.635045051574707,
          "acoustic_entropy_side": 8.417643547058105,
          "hz": 9876.909183162974
        },
        {
          "acoustic_entropy": 8.582128524780273,
          "acoustic_entropy_side": 8.41865348815918,
          "hz": 10813.587699516042
        },
        {
          "acoustic_entropy": 8.436317443847656,
          "acoustic_entropy_side": 8.294843673706055,
          "hz": 11833.21735289826
        },
        {
          "acoustic_entropy": 8.809897422790527,
          "acoustic_entropy_side": 8.323699951171875,
          "hz": 12943.144197493959
        },
        {
          "acoustic_entropy": 8.374262809753418,
          "acoustic_entropy_side": 8.44141960144043,
          "hz": 14151.364845322005
        },
        {
          "acoustic_entropy": 8.663741111755371,
          "acoustic_entropy_side": 8.583894729614258,
          "hz": 15466.58407886509
        },
        {
          "acoustic_entropy": 8.831154823303223,
          "acoustic_entropy_side": 8.586366653442383,
          "hz": 16898.27756580493
        },
        {
          "acoustic_entropy": 8.73714542388916,
          "acoustic_entropy_side": 8.429255485534668,
          "hz": 18456.760127700032
        },
        {
          "acoustic_entropy": 8.591055870056152,
          "acoustic_entropy_side": 8.318561553955078,
          "hz": 20153.260054456492
        },
        {
          "acoustic_entropy": 8.289911270141602,
          "acoustic_entropy_side": 8.283467292785645,
          "hz": 22000.00000000001
        }
      ],
      "diff_acoustic_entropy": 9.454410552978516,
      "sn": 12
    },
    {
      "acoustic_entropy": 14.890361785888672,
      "acoustic_entropy_mono": 12.571257591247559,
      "band_eliminated_acoustic_entropies": [
        {
          "acoustic_entropy": 14.352191925048828,
          "acoustic_entropy_side": 14.471817016601562,
          "hz": 129.47220167065723
        },
        {
          "acoustic_entropy": 14.25754451751709,
          "acoustic_entropy_side": 15.070882797241211,
          "hz": 202.92927478742237
        },
        {
          "acoustic_entropy": 15.153164863586426,
          "acoustic_entropy_side": 15.262948036193848,
          "hz": 282.89161906338205
        },
        {
          "acoustic_entropy": 15.435905456542969,
          "acoustic_entropy_side": 15.412984848022461,
          "hz": 369.9353335868758
        },
        {
          "acoustic_entropy": 15.512075424194336,
          "acoustic_entropy_side": 15.89169692993164,
          "hz": 464.6875360973435
        },
        {
          "acoustic_entropy": 13.956729888916016,
          "acoustic_entropy_side": 15.213763236999512,
          "hz": 567.8308811364784
        },
        {
          "acoustic_entropy": 14.987533569335938,
          "acoustic_entropy_side": 15.074563026428223,
          "hz": 680.1084783214808
        },
        {
          "acoustic_entropy": 14.819343566894531,
          "acoustic_entropy_side": 15.933632850646973,
          "hz": 802.3292461747484
        },
        {
          "acoustic_entropy": 15.271578788757324,
          "acoustic_entropy_side": 15.415632247924805,
          "hz": 935.3737400823702
        },
        {
          "acoustic_entropy": 14.771159172058105,
          "acoustic_entropy_side": 14.958826065063477,
          "hz": 1080.2004963696966
        },
        {
          "acoustic_entropy": 14.400662422180176,
          "acoustic_entropy_side": 14.598337173461914,
          "hz": 1237.8529382007157
        },
        {
          "acoustic_entropy": 15.160179138183594,
          "acoustic_entropy_side": 14.817809104919434,
          "hz": 1409.4668930556702
        },
        {
          "acoustic_entropy": 15.33764934539795,
          "acoustic_entropy_side": 15.224287986755371,
          "hz": 1596.2787759475705
        },
        {
          "acoustic_entropy": 14.740341186523438,
          "acoustic_entropy_side": 14.857828140258789,
          "hz": 1799.6344973346393
        },
        {
          "acoustic_entropy": 15.31491470336914,
          "acoustic_entropy_side": 14.812268257141113,
          "hz": 2020.9991599069049
        },
        {
          "acoustic_entropy": 14.512710571289062,
          "acoustic_entropy_side": 14.911645889282227,
          "hz": 2261.9676141086993
        },
        {
          "acoustic_entropy": 14.644156455993652,
          "acoustic_entropy_side": 14.999117851257324,
          "hz": 2524.2759484456974
        },
        {
          "acoustic_entropy": 14.748798370361328,
          "acoustic_entropy_side": 14.883827209472656,
          "hz": 2809.813997359896
        },
        {
          "acoustic_entropy": 14.849319458007812,
          "acoustic_entropy_side": 15.036215782165527,
          "hz": 3120.6389567871424
        },
        {
          "acoustic_entropy": 14.06102180480957,
