{
  "acoustic_entropy": 182.3839111328125,
  "bands": [
    {
      "high_freq": 148.1999969482422,
      "loudness": -19.40280532836914,
      "loudness_range": 23.119020462036133,
      "mid_mean": -19.885093688964844,
      "mid_to_side_loudness": -45.27703857421875,
      "mid_to_side_loudness_range": 46.425628662109375,
      "side_mean": -67.9875259399414
    },
    {
      "high_freq": 392.3793640136719,
      "loudness": -28.77313232421875,
      "loudness_range": 21.322338104248047,
      "low_freq": 148.1999969482422,
      "mid_mean": -25.312007904052734,
      "mid_to_side_loudness": -20.533893585205078,
      "mid_to_side_loudness_range": 31.989049911499023,
      "side_mean": -48.51673889160156
    },
    {
      "high_freq": 794.6976318359375,
      "loudness": -30.23884391784668,
      "loudness_range": 14.921308517456055,
      "low_freq": 392.3793640136719,
      "mid_mean": -27.659191131591797,
      "mid_to_side_loudness": -6.588109016418457,
      "mid_to_side_loudness_range": 12.864399909973145,
      "side_mean": -34.53443908691406
    },
    {
      "high_freq": 1457.5709228515625,
      "loudness": -26.687519073486328,
      "loudness_range": 11.880697250366211,
      "low_freq": 794.6976318359375,
      "mid_mean": -25.078353881835938,
      "mid_to_side_loudness": -2.7293813228607178,
      "mid_to_side_loudness_range": 8.90186882019043,
      "side_mean": -27.838773727416992
    },
    {
      "high_freq": 2549.74365234375,
      "loudness": -22.788267135620117,
      "loudness_range": 9.264041900634766,
      "low_freq": 1457.5709228515625,
      "mid_mean": -21.58089256286621,
      "mid_to_side_loudness": -1.479555606842041,
      "mid_to_side_loudness_range": 7.066232681274414,
      "side_mean": -23.08522605895996
    },
    {
      "high_freq": 4349.24462890625,
      "loudness": -19.403026580810547,
      "loudness_range": 7.113990783691406,
      "low_freq": 2549.74365234375,
      "mid_mean": -18.568832397460938,
      "mid_to_side_loudness": -0.5849831700325012,
      "mid_to_side_loudness_range": 6.747370719909668,
      "side_mean": -19.177576065063477
    },
    {
      "high_freq": 7314.1640625,
      "loudness": -19.41569709777832,
      "loudness_range": 9.055386543273926,
      "low_freq": 4349.24462890625,
      "mid_mean": -18.607894897460938,
      "mid_to_side_loudness": -0.4657002389431,
      "mid_to_side_loudness_range": 5.617976188659668,
      "side_mean": -19.09040641784668
    },
    {
      "high_freq": 12199.2666015625,
      "loudness": -21.001041412353516,
      "loudness_range": 10.361198425292969,
      "low_freq": 7314.1640625,
      "mid_mean": -20.197458267211914,
      "mid_to_side_loudness": -0.49289074540138245,
      "mid_to_side_loudness_range": 5.69940710067749,
      "side_mean": -20.695850372314453
    },
    {
      "loudness": -26.637311935424805,
      "loudness_range": 11.323177337646484,
      "low_freq": 12199.2666015625,
      "mid_mean": -25.52275276184082,
      "mid_to_side_loudness": -1.1889592409133911,
      "mid_to_side_loudness_range": 6.590749740600586,
      "side_mean": -26.74927520751953
    }
  ],
  "bands_short": [
    {
      "high_freq": 148.1999969482422,
      "loudness": -20.5873966217041,
      "loudness_range": 32.13328552246094,
      "mid_mean": -21.875608444213867,
      "mid_to_side_loudness": -27.90460968017578,
      "mid_to_side_loudness_range": 43.21134948730469,
      "side_mean": -68.96704864501953
    },
    {
      "high_freq": 392.3793640136719,
      "loudness": -31.6750545501709,
      "loudness_range": 29.15467643737793,
      "low_freq": 148.1999969482422,
      "mid_mean": -28.376535415649414,
      "mid_to_side_loudness": -18.560335159301758,
      "mid_to_side_loudness_range": 31.686851501464844,
      "side_mean": -53.33955001831055
    },
    {
      "high_freq": 794.6976318359375,
      "loudness": -31.95477867126465,
      "loudness_range": 21.277938842773438,
      "low_freq": 392.3793640136719,
      "mid_mean": -29.42262840270996,
      "mid_to_side_loudness": -6.383662223815918,
      "mid_to_side_loudness_range": 17.387176513671875,
      "side_mean": -36.69972229003906
    },
    {
      "high_freq": 1457.5709228515625,
      "loudness": -27.781766891479492,
      "loudness_range": 15.685169219970703,
      "low_freq": 794.6976318359375,
      "mid_mean": -26.366655349731445,
      "mid_to_side_loudness": -2.7268893718719482,
      "mid_to_side_loudness_range": 12.740973472595215,
      "side_mean": -29.03898048400879
    },
    {
      "high_freq": 2549.74365234375,
      "loudness": -23.885793685913086,
      "loudness_range": 12.572975158691406,
      "low_freq": 1457.5709228515625,
      "mid_mean": -23.05353355407715,
      "mid_to_side_loudness": -0.973303496837616,
      "mid_to_side_loudness_range": 9.780664443969727,
      "side_mean": -23.97572135925293
    },
    {
      "high_freq": 4349.24462890625,
      "loudness": -19.9207820892334,
      "loudness_range": 10.075541496276855,
      "low_freq": 2549.74365234375,
      "mid_mean": -19.33389663696289,
      "mid_to_side_loudness": -0.3141948878765106,
      "mid_to_side_loudness_range": 9.348533630371094,
      "side_mean": -19.66836166381836
    },
    {
      "high_freq": 7314.1640625,
      "loudness": -20.35341453552246,
      "loudness_range": 12.899151802062988,
      "low_freq": 4349.24462890625,
      "mid_mean": -19.94290542602539,
      "mid_to_side_loudness": 0.11646373569965363,
      "mid_to_side_loudness_range": 8.513956069946289,
      "side_mean": -19.84524917602539
    },
    {
      "high_freq": 12199.2666015625,
      "loudness": -22.56783676147461,
      "loudness_range": 16.842952728271484,
      "low_freq": 7314.1640625,
      "mid_mean": -21.960529327392578,
      "mid_to_side_loudness": -0.009531786665320396,
      "mid_to_side_loudness_range": 8.419979095458984,
      "side_mean": -22.170068740844727
    },
    {
      "loudness": -29.23895263671875,
      "loudness_range": 20.59058952331543,
      "low_freq": 12199.2666015625,
      "mid_mean": -28.27279281616211,
      "mid_to_side_loudness": -0.4623754322528839,
      "mid_to_side_loudness_range": 10.205780029296875,
      "side_mean": -29.19629669189453
    }
  ],
  "bandwidth": 833.833251953125,
  "channels": 2,
  "covariance": [
    [
      170.7410430908203,
      3.716898202896118,
      20.631868362426758,
      -24.769559860229492,
      21.550683975219727,
      -10.016450881958008,
      11.25413990020752,
      -9.613576889038086,
      11.568462371826172,
      -4.410060882568359,
      9.77629280090332,
      -5.21592903137207,
      1.867567539215088,
      4.709815979003906,
      4.481991291046143,
      10.9802885055542,
      21.644107818603516,
      7.828761100769043
    ],
    [
      3.716898202896118,
      3.847179412841797,
      5.403796195983887,
      3.9793825149536133,
      3.0498275756835938,
      2.2798047065734863,
      2.725584030151367,
      1.8966152667999268,
      2.470182180404663,
      1.5940479040145874,
      2.313941478729248,
      1.2605679035186768,
      2.527482271194458,
      2.2424843311309814,
      2.9835894107818604,
      3.2372183799743652,
      3.371342420578003,
      3.3480992317199707
    ],
    [
      20.631868362426758,
      5.403796195983887,
      73.8084945678711,
      0.35493096709251404,
      14.766040802001953,
      0.697902262210846,
      11.6840181350708,
      3.219102382659912,
      16.13475227355957,
      5.455921649932861,
      13.178523063659668,
      4.83834171295166,
      13.987707138061523,
      6.730737686157227,
      16.122282028198242,
      9.997218132019043,
      4.222055912017822,
      -0.4739823341369629
    ],
    [
      -24.769559860229492,
      3.9793825149536133,
      0.35493096709251404,
      51.81074523925781,
      13.764997482299805,
      27.22797203063965,
      13.591104507446289,
      18.456750869750977,
      5.523955345153809,
      5.385896682739258,
      4.55759859085083,
      5.353724479675293,
      7.137904167175293,
      5.539172172546387,
      6.223608493804932,
      6.228780746459961,
      2.2843098640441895,
      6.207796096801758
    ],
    [
      21.550683975219727,
      3.0498275756835938,
      14.766040802001953,
      13.764997482299805,
      38.004085540771484,
      20.123104095458984,
      14.081718444824219,
      6.096160888671875,
      11.885110855102539,
      5.72387170791626,
      13.725542068481445,
      5.1650543212890625,
      13.023781776428223,
      7.676526069641113,
      14.0891695022583,
      10.206815719604492,
      11.422910690307617,
      6.131054401397705
    ],
    [
      -10.016450881958008,
      2.2798047065734863,
      0.697902262210846,
      27.22797203063965,
      20.123104095458984,
      28.586894989013672,
      14.002683639526367,
      16.771398544311523,
      7.755650520324707,
      8.29882526397705,
      8.650243759155273,
      7.5167999267578125,
      9.156286239624023,
      6.083483695983887,
      9.078219413757324,
      6.630950450897217,
      3.9851226806640625,
      4.354925632476807
    ],
    [
      11.25413990020752,
      2.725584030151367,
      11.6840181350708,
      13.591104507446289,
      14.081718444824219,
      14.002683639526367,
      18.24396324157715,
      13.805254936218262,
      9.64018726348877,
      6.757418155670166,
      9.073195457458496,
      5.201624870300293,
      8.510015487670898,
      5.746388912200928,
      9.383978843688965,
      7.485601425170898,
      5.959073543548584,
      4.627525806427002
    ],
    [
      -9.613576889038086,
      1.8966152667999268,
      3.219102382659912,
      18.456750869750977,
      6.096160888671875,
      16.771398544311523,
      13.805254936218262,
      20.198476791381836,
      5.989337921142578,
      8.742053985595703,
      5.999170303344727,
      6.787868499755859,
      5.283937931060791,
      3.590615749359131,
      5.161118030548096,
      3.7297706604003906,
      0.06273020803928375,
      1.3965481519699097
    ],
    [
      11.568462371826172,
      2.470182180404663,
      16.13475227355957,
      5.523955345153809,
      11.885110855102539,
      7.755650520324707,
      9.64018726348877,
      5.989337921142578,
      12.81676959991455,
      7.810035705566406,
      8.905893325805664,
      4.296982288360596,
      9.685713768005371,
      6.290561199188232,
      10.7623291015625,
      8.594761848449707,
      7.288702011108398,
      5.241699695587158
    ],
    [
      -4.410060882568359,
      1.5940479040145874,
      5.455921649932861,
      5.385896682739258,
      5.72387170791626,
      8.29882526397705,
      6.757418155670166,
      8.742053985595703,
      7.810035705566406,
      9.507832527160645,
      6.102481365203857,
      5.672235012054443,
      6.443465232849121,
      5.116272926330566,
      7.095310211181641,
      5.924560070037842,
      2.817722797393799,
      3.251174211502075
    ],
    [
      9.77629280090332,
      2.313941478729248,
      13.178523063659668,
      4.55759859085083,
      13.725542068481445,
      8.650243759155273,
      9.073195457458496,
      5.999170303344727,
      8.905893325805664,
      6.102481365203857,
      11.258232116699219,
      6.126956462860107,
      10.694535255432129,
      6.818757057189941,
      11.066667556762695,
      7.917133331298828,
      7.65883207321167,
      4.3789286613464355
    ],
    [
      -5.21592903137207,
      1.2605679035186768,
      4.83834171295166,
      5.353724479675293,
      5.1650543212890625,
      7.5167999267578125,
      5.201624870300293,
      6.787868499755859,
      4.296982288360596,
      5.672235012054443,
      6.126956462860107,
      6.392441272735596,
      6.212907791137695,
      5.255422115325928,
      6.137520790100098,
      4.74562406539917,
      2.268686532974243,
      2.01041579246521
    ],
    [
      1.867567539215088,
      2.527482271194458,
      13.987707138061523,
      7.137904167175293,
      13.023781776428223,
      9.156286239624023,
      8.510015487670898,
      5.283937931060791,
      9.685713768005371,
      6.443465232849121,
      10.694535255432129,
      6.212907791137695,
      13.880425453186035,
      9.528120040893555,
      14.865984916687012,
      11.256829261779785,
      10.694351196289062,
      7.503452777862549
    ],
    [
      4.709815979003906,
      2.2424843311309814,
      6.730737686157227,
      5.539172172546387,
      7.676526069641113,
      6.083483695983887,
      5.746388912200928,
      3.590615749359131,
      6.290561199188232,
      5.116272926330566,
      6.818757057189941,
      5.255422115325928,
      9.528120040893555,
      9.417718887329102,
      10.399103164672852,
      10.55305290222168,
      8.739968299865723,
      7.765610694885254
    ],
    [
      4.481991291046143,
      2.9835894107818604,
      16.122282028198242,
      6.223608493804932,
      14.0891695022583,
      9.078219413757324,
      9.383978843688965,
      5.161118030548096,
      10.7623291015625,
      7.095310211181641,
      11.066667556762695,
      6.137520790100098,
      14.865984916687012,
      10.399103164672852,
      17.908964157104492,
      13.946043968200684,
      13.853107452392578,
      10.073041915893555
    ],
    [
      10.9802885055542,
      3.2372183799743652,
      9.997218132019043,
      6.228780746459961,
      10.206815719604492,
      6.630950450897217,
      7.485601425170898,
      3.7297706604003906,
      8.594761848449707,
      5.924560070037842,
      7.917133331298828,
      4.74562406539917,
      11.256829261779785,
      10.55305290222168,
      13.946043968200684,
      15.210470199584961,
      13.2675199508667,
      12.229637145996094
    ],
    [
      21.644107818603516,
      3.371342420578003,
      4.222055912017822,
      2.2843098640441895,
      11.422910690307617,
      3.9851226806640625,
      5.959073543548584,
      0.06273020803928375,
      7.288702011108398,
      2.817722797393799,
      7.65883207321167,
      2.268686532974243,
      10.694351196289062,
      8.739968299865723,
      13.853107452392578,
      13.2675199508667,
      23.39287567138672,
      17.6093807220459
    ],
    [
      7.828761100769043,
      3.3480992317199707,
      -0.4739823341369629,
      6.207796096801758,
      6.131054401397705,
      4.354925632476807,
      4.627525806427002,
      1.3965481519699097,
      5.241699695587158,
      3.251174211502075,
      4.3789286613464355,
      2.01041579246521,
      7.503452777862549,
      7.765610694885254,
      10.073041915893555,
      12.229637145996094,
      17.6093807220459,
      17.523035049438477
    ]
  ],
  "covariance_short": [
    [
      248.72186279296875,
      0.7074154615402222,
      15.892181396484375,
      -37.6818962097168,
      12.336779594421387,
      -15.259085655212402,
      3.210756540298462,
      -15.838912963867188,
      -4.382062911987305,
      -10.580300331115723,
      -1.5624467134475708,
      -12.099199295043945,
      -11.067270278930664,
      -4.253673076629639,
      -6.227792263031006,
      4.051272869110107,
      14.539992332458496,
      6.04203462600708
    ],
    [
      0.7074154615402222,
      3.6493422985076904,
      5.618250370025635,
      5.743751049041748,
      4.2729291915893555,
      3.4191176891326904,
      3.427431344985962,
      2.3221371173858643,
      3.2556843757629395,
      1.9999083280563354,
      2.968339681625366,
      1.820033311843872,
      3.537113666534424,
      2.611781597137451,
      4.301159381866455,
      4.146798610687256,
      5.465218544006348,
      5.350265026092529
    ],
    [
      15.892181396484375,
      5.618250370025635,
      97.51052856445312,
      3.185175657272339,
      21.19131851196289,
      3.7209360599517822,
      11.300883293151855,
      2.798219919204712,
      19.26182746887207,
      8.786842346191406,
      15.809425354003906,
      6.015686988830566,
      21.05962562561035,
      10.953507423400879,
      27.119949340820312,
      20.911643981933594,
      19.62664794921875,
      17.760000228881836
    ],
    [
      -37.6818962097168,
      5.743751049041748,
      3.185175657272339,
      84.34408569335938,
      29.404632568359375,
      41.17184829711914,
      24.18691635131836,
      25.06732940673828,
      18.394634246826172,
      13.44261646270752,
      15.605422973632812,
      12.929160118103027,
      20.933629989624023,
      15.466068267822266,
      20.758682250976562,
      18.72580337524414,
      17.395788192749023,
      19.249303817749023
    ],
    [
      12.336779594421387,
      4.2729291915893555,
      21.19131851196289,
      29.404632568359375,
      64.41716766357422,
      34.552032470703125,
      22.235671997070312,
      11.889714241027832,
      20.826805114746094,
      12.262426376342773,
      21.296579360961914,
      9.560300827026367,
      22.713197708129883,
      12.617247581481934,
      26.03984832763672,
      19.708837509155273,
      25.327495574951172,
      18.968109130859375
    ],
    [
      -15.259085655212402,
      3.4191176891326904,
      3.7209360599517822,
      41.17184829711914,
      34.552032470703125,
      49.234222412109375,
      22.940290451049805,
      22.956119537353516,
      16.47498893737793,
      14.473420143127441,
      16.156097412109375,
      11.60055923461914,
      18.657386779785156,
      12.086688041687012,
      19.927431106567383,
      16.309141159057617,
      17.00687599182129,
      15.994264602661133
    ],
    [
      3.210756540298462,
      3.427431344985962,
      11.300883293151855,
      24.18691635131836,
      22.235671997070312,
      22.940290451049805,
      35.19266128540039,
      22.481203079223633,
      19.851388931274414,
      13.628910064697266,
      16.942270278930664,
      9.942087173461914,
      17.73665428161621,
      11.198497772216797,
      20.085834503173828,
      16.79164695739746,
      16.906932830810547,
      16.218610763549805
    ],
    [
      -15.838912963867188,
      2.3221371173858643,
      2.798219919204712,
      25.06732940673828,
      11.889714241027832,
      22.956119537353516,
      22.481203079223633,
      30.812658309936523,
      13.192331314086914,
      14.690681457519531,
      11.618790626525879,
      10.67541790008545,
      11.62437915802002,
      7.896554470062256,
      12.76339054107666,
      9.636086463928223,
      8.274853706359863,
      8.553101539611816
    ],
    [
      -4.382062911987305,
      3.2556843757629395,
      19.26182746887207,
      18.394634246826172,
      20.826805114746094,
      16.47498893737793,
      19.851388931274414,
      13.192331314086914,
      26.0849552154541,
      15.960880279541016,
      17.46235466003418,
      9.799461364746094,
      20.515182495117188,
      12.826675415039062,
      23.484874725341797,
      19.033876419067383,
      20.248186111450195,
      18.076812744140625
    ],
    [
      -10.580300331115723,
      1.9999083280563354,
      8.786842346191406,
      13.44261646270752,
      12.262426376342773,
      14.473420143127441,
      13.628910064697266,
      14.690681457519531,
      15.960880279541016,
      18.502552032470703,
      12.026252746582031,
      10.296943664550781,
      13.546364784240723,
      10.132906913757324,
      15.979811668395996,
      13.438372611999512,
      12.269120216369629,
      12.076254844665527
    ],
    [
      -1.5624467134475708,
      2.968339681625366,
      15.809425354003906,
      15.605422973632812,
      21.296579360961914,
      16.156097412109375,
      16.942270278930664,
      11.618790626525879,
      17.46235466003418,
      12.026252746582031,
      20.61114501953125,
      11.375016212463379,
      21.192041397094727,
      13.166504859924316,
      23.711627960205078,
      18.107694625854492,
      20.412498474121094,
      16.015731811523438
    ],
    [
      -12.099199295043945,
      1.820033311843872,
      6.015686988830566,
      12.929160118103027,
      9.560300827026367,
      11.60055923461914,
      9.942087173461914,
      10.67541790008545,
      9.799461364746094,
      10.296943664550781,
      11.375016212463379,
      12.053425788879395,
      12.742984771728516,
      10.376816749572754,
      13.915852546691895,
      11.863639831542969,
      10.476580619812012,
      9.235416412353516
    ],
    [
      -11.067270278930664,
      3.537113666534424,
      21.05962562561035,
      20.933629989624023,
      22.713197708129883,
      18.657386779785156,
      17.73665428161621,
      11.62437915802002,
      20.515182495117188,
      13.546364784240723,
      21.192041397094727,
      12.742984771728516,
      31.372188568115234,
      20.478900909423828,
      34.59876251220703,
      28.44016456604004,
      29.650039672851562,
      26.00965690612793
    ],
    [
      -4.253673076629639,
      2.611781597137451,
      10.953507423400879,
      15.466068267822266,
      12.617247581481934,
      12.086688041687012,
      11.198497772216797,
      7.896554470062256,
      12.826675415039062,
      10.132906913757324,
      13.166504859924316,
      10.376816749572754,
      20.478900909423828,
      18.414812088012695,
      23.270618438720703,
      23.28119659423828,
      20.140382766723633,
      20.350496292114258
    ],
    [
      -6.227792263031006,
      4.301159381866455,
      27.119949340820312,
      20.758682250976562,
      26.03984832763672,
      19.927431106567383,
      20.085834503173828,
      12.76339054107666,
      23.484874725341797,
      15.979811668395996,
      23.711627960205078,
      13.915852546691895,
      34.59876251220703,
      23.270618438720703,
      46.167049407958984,
      36.0185546875,
      39.67229080200195,
      33.74021530151367
    ],
    [
      4.051272869110107,
      4.146798610687256,
      20.911643981933594,
      18.72580337524414,
      19.708837509155273,
      16.309141159057617,
      16.79164695739746,
      9.636086463928223,
      19.033876419067383,
      13.438372611999512,
      18.107694625854492,
      11.863639831542969,
      28.44016456604004,
      23.28119659423828,
      36.0185546875,
      37.83990478515625,
      32.78102493286133,
      34.58953094482422
    ],
    [
      14.539992332458496,
      5.465218544006348,
      19.62664794921875,
      17.395788192749023,
      25.327495574951172,
      17.00687599182129,
      16.906932830810547,
      8.274853706359863,
      20.248186111450195,
      12.269120216369629,
      20.412498474121094,
      10.476580619812012,
      29.650039672851562,
      20.140382766723633,
      39.67229080200195,
      32.78102493286133,
      54.88620376586914,
      40.404136657714844
    ],
    [
      6.04203462600708,
      5.350265026092529,
      17.760000228881836,
      19.249303817749023,
      18.968109130859375,
      15.994264602661133,
      16.218610763549805,
      8.553101539611816,
      18.076812744140625,
      12.076254844665527,
      16.015731811523438,
      9.235416412353516,
      26.00965690612793,
      20.350496292114258,
      33.74021530151367,
      34.58953094482422,
      40.404136657714844,
      44.42397689819336
    ]
  ],
  "damage": -3.12309193611145,
  "diff_bandwidth": 750.7322998046875,
  "dissonance": 12.276616583453311,
  "drr": 14.402588844299316,
  "dynamics": 3.242166757583618,
  "format": 1245190,
  "frames": 12096448,
  "loudness": -8.983085632324219,
  "loudness_range": 7.5210795402526855,
  "loudness_range_short": 11.301956176757812,
  "lowpass_true_peak_15khz": 2.0545153617858887,
  "mastering3_acoustic_entropies": [
    {
      "acoustic_entropy": 7.41187858581543,
      "acoustic_entropy_mono": 6.932391166687012,
      "band_eliminated_acoustic_entropies": [
        {
          "acoustic_entropy": 7.057316780090332,
          "acoustic_entropy_side": 7.41187858581543,
          "hz": 129.47220167065723
        },
        {
          "acoustic_entropy": 7.130606651306152,
          "acoustic_entropy_side": 7.41187858581543,
          "hz": 202.92927478742237
        },
        {
          "acoustic_entropy": 7.035236358642578,
          "acoustic_entropy_side": 7.411872386932373,
          "hz": 282.89161906338205
        },
        {
          "acoustic_entropy": 7.3325042724609375,
          "acoustic_entropy_side": 7.411664009094238,
          "hz": 369.9353335868758
        },
        {
          "acoustic_entropy": 7.430629730224609,
          "acoustic_entropy_side": 7.409623146057129,
          "hz": 464.6875360973435
        },
        {
          "acoustic_entropy": 7.7273969650268555,
          "acoustic_entropy_side": 7.392833709716797,
          "hz": 567.8308811364784
        },
        {
          "acoustic_entropy": 7.678426742553711,
          "acoustic_entropy_side": 7.351332664489746,
          "hz": 680.1084783214808
        },
        {
          "acoustic_entropy": 7.704929828643799,
          "acoustic_entropy_side": 7.399588584899902,
          "hz": 802.3292461747484
        },
        {
          "acoustic_entropy": 7.676933765411377,
          "acoustic_entropy_side": 7.408726215362549,
          "hz": 935.3737400823702
        },
        {
          "acoustic_entropy": 7.7330780029296875,
          "acoustic_entropy_side": 7.623772621154785,
          "hz": 1080.2004963696966
        },
        {
          "acoustic_entropy": 7.309019565582275,
          "acoustic_entropy_side": 7.340076923370361,
          "hz": 1237.8529382007157
        },
        {
          "acoustic_entropy": 7.417151927947998,
          "acoustic_entropy_side": 7.4625654220581055,
          "hz": 1409.4668930556702
        },
        {
          "acoustic_entropy": 7.691155433654785,
          "acoustic_entropy_side": 7.733245849609375,
          "hz": 1596.2787759475705
        },
        {
          "acoustic_entropy": 7.277912616729736,
          "acoustic_entropy_side": 7.415849208831787,
          "hz": 1799.6344973346393
        },
        {
          "acoustic_entropy": 7.630268096923828,
          "acoustic_entropy_side": 7.465304851531982,
          "hz": 2020.9991599069049
        },
        {
          "acoustic_entropy": 7.6175150871276855,
          "acoustic_entropy_side": 7.386836051940918,
          "hz": 2261.9676141086993
        },
        {
          "acoustic_entropy": 7.633674621582031,
          "acoustic_entropy_side": 7.322887897491455,
          "hz": 2524.2759484456974
        },
        {
          "acoustic_entropy": 8.256672859191895,
          "acoustic_entropy_side": 7.467912197113037,
          "hz": 2809.813997359896
        },
        {
          "acoustic_entropy": 7.964206218719482,
          "acoustic_entropy_side": 7.620362758636475,
          "hz": 3120.6389567871424
        },
        {
          "acoustic_entropy": 7.18160343170166,
          "acoustic_entropy_side": 7.31661319732666,
          "hz": 3458.990205492291
        },
        {
          "acoustic_entropy": 7.763965606689453,
          "acoustic_entropy_side": 7.514901161193848,
          "hz": 3827.305438964164
        },
        {
          "acoustic_entropy": 7.4687418937683105,
          "acoustic_entropy_side": 7.43153190612793,
          "hz": 4228.238232109126
        },
        {
          "acoustic_entropy": 7.778519630432129,
          "acoustic_entropy_side": 7.368019104003906,
          "hz": 4664.6771572759235
        },
        {
          "acoustic_entropy": 7.440945625305176,
          "acoustic_entropy_side": 7.372905731201172,
          "hz": 5139.766595350093
        },
        {
          "acoustic_entropy": 7.498504638671875,
          "acoustic_entropy_side": 7.384389400482178,
          "hz": 5656.929389854203
        },
        {
          "acoustic_entropy": 7.343145847320557,
          "acoustic_entropy_side": 7.4126458168029785,
          "hz": 6219.891507268283
        },
        {
          "acoustic_entropy": 7.3547749519348145,
          "acoustic_entropy_side": 7.392566680908203,
          "hz": 6832.70888123896
        },
        {
          "acoustic_entropy": 7.519044399261475,
          "acoustic_entropy_side": 7.449159622192383,
          "hz": 7499.796634079867
        },
        {
          "acoustic_entropy": 7.509044647216797,
          "acoustic_entropy_side": 7.500702857971191,
          "hz": 8225.96088609342
        },
        {
          "acoustic_entropy": 7.4582085609436035,
          "acoustic_entropy_side": 7.5025954246521,
          "hz": 9016.43338188839
        },
        {
          "acoustic_entropy": 7.4999470710754395,
          "acoustic_entropy_side": 7.505526065826416,
          "hz": 9876.909183162974
        },
        {
          "acoustic_entropy": 7.57806921005249,
          "acoustic_entropy_side": 7.59881591796875,
          "hz": 10813.587699516042
        },
        {
          "acoustic_entropy": 7.546065807342529,
          "acoustic_entropy_side": 7.592685222625732,
          "hz": 11833.21735289826
        },
        {
          "acoustic_entropy": 7.542055130004883,
          "acoustic_entropy_side": 7.52436637878418,
          "hz": 12943.144197493959
        },
        {
          "acoustic_entropy": 7.421233654022217,
          "acoustic_entropy_side": 7.450690269470215,
          "hz": 14151.364845322005
        },
        {
          "acoustic_entropy": 7.190114974975586,
          "acoustic_entropy_side": 7.363165855407715,
          "hz": 15466.58407886509
        },
        {
          "acoustic_entropy": 7.310100555419922,
          "acoustic_entropy_side": 7.454930305480957,
          "hz": 16898.27756580493
        },
        {
          "acoustic_entropy": 7.2859673500061035,
          "acoustic_entropy_side": 7.408401012420654,
          "hz": 18456.760127700032
        },
        {
          "acoustic_entropy": 7.615933418273926,
          "acoustic_entropy_side": 7.67169713973999,
          "hz": 20153.260054456492
        },
        {
          "acoustic_entropy": 7.696257591247559,
          "acoustic_entropy_side": 7.675282955169678,
          "hz": 22000.00000000001
        }
      ],
      "diff_acoustic_entropy": 7.908144950866699,
      "sn": 6
    },
    {
      "acoustic_entropy": 12.881752014160156,
      "acoustic_entropy_mono": 11.216670036315918,
      "band_eliminated_acoustic_entropies": [
        {
          "acoustic_entropy": 12.232876777648926,
          "acoustic_entropy_side": 12.881752014160156,
          "hz": 129.47220167065723
        },
        {
          "acoustic_entropy": 13.02899169921875,
          "acoustic_entropy_side": 12.881752014160156,
          "hz": 202.92927478742237
        },
        {
          "acoustic_entropy": 12.95339584350586,
          "acoustic_entropy_side": 12.881760597229004,
          "hz": 282.89161906338205
        },
        {
          "acoustic_entropy": 12.898785591125488,
          "acoustic_entropy_side": 12.88132381439209,
          "hz": 369.9353335868758
        },
        {
          "acoustic_entropy": 12.922307968139648,
          "acoustic_entropy_side": 12.881717681884766,
          "hz": 464.6875360973435
        },
        {
          "acoustic_entropy": 12.608951568603516,
          "acoustic_entropy_side": 12.908951759338379,
          "hz": 567.8308811364784
        },
        {
          "acoustic_entropy": 11.817264556884766,
          "acoustic_entropy_side": 12.910110473632812,
          "hz": 680.1084783214808
        },
        {
          "acoustic_entropy": 12.992683410644531,
          "acoustic_entropy_side": 12.89228343963623,
          "hz": 802.3292461747484
        },
        {
          "acoustic_entropy": 13.123663902282715,
          "acoustic_entropy_side": 12.971335411071777,
          "hz": 935.3737400823702
        },
        {
          "acoustic_entropy": 12.60106086730957,
          "acoustic_entropy_side": 12.864940643310547,
          "hz": 1080.2004963696966
        },
        {
          "acoustic_entropy": 11.839269638061523,
          "acoustic_entropy_side": 11.871723175048828,
          "hz": 1237.8529382007157
        },
        {
          "acoustic_entropy": 12.605113983154297,
          "acoustic_entropy_side": 12.841865539550781,
          "hz": 1409.4668930556702
        },
        {
          "acoustic_entropy": 12.004521369934082,
          "acoustic_entropy_side": 13.05820369720459,
          "hz": 1596.2787759475705
        },
        {
          "acoustic_entropy": 13.040948867797852,
          "acoustic_entropy_side": 13.009624481201172,
          "hz": 1799.6344973346393
        },
        {
          "acoustic_entropy": 12.379491806030273,
          "acoustic_entropy_side": 12.721524238586426,
          "hz": 2020.9991599069049
        },
        {
          "acoustic_entropy": 13.201133728027344,
          "acoustic_entropy_side": 13.059122085571289,
          "hz": 2261.9676141086993
        },
        {
          "acoustic_entropy": 12.914468765258789,
          "acoustic_entropy_side": 12.904425621032715,
          "hz": 2524.2759484456974
        },
        {
          "acoustic_entropy": 12.405709266662598,
          "acoustic_entropy_side": 12.760019302368164,
          "hz": 2809.813997359896
        },
        {
          "acoustic_entropy": 13.139033317565918,
          "acoustic_entropy_side": 13.024189949035645,
          "hz": 3120.6389567871424
        },
        {
          "acoustic_entropy": 12.687252044677734,
          "acoustic_entropy_side": 12.787671089172363,
          "hz": 3458.990205492291
        },
        {
          "acoustic_entropy": 13.045035362243652,
          "acoustic_entropy_side": 12.94704532623291,
          "hz": 3827.305438964164
        },
        {
          "acoustic_entropy": 12.910009384155273,
          "acoustic_entropy_side": 12.988006591796875,
          "hz": 4228.238232109126
        },
        {
          "acoustic_entropy": 12.50772476196289,
          "acoustic_entropy_side": 12.581502914428711,
          "hz": 4664.6771572759235
        },
        {
          "acoustic_entropy": 12.947002410888672,
          "acoustic_entropy_side": 13.023625373840332,
          "hz": 5139.766595350093
        },
        {
          "acoustic_entropy": 12.726605415344238,
          "acoustic_entropy_side": 12.780851364135742,
          "hz": 5656.929389854203
        },
        {
          "acoustic_entropy": 12.903528213500977,
          "acoustic_entropy_side": 12.918127059936523,
          "hz": 6219.891507268283
        },
        {
          "acoustic_entropy": 12.864768981933594,
          "acoustic_entropy_side": 12.862176895141602,
          "hz": 6832.70888123896
        },
        {
          "acoustic_entropy": 12.912229537963867,
          "acoustic_entropy_side": 12.860703468322754,
          "hz": 7499.796634079867
        },
        {
          "acoustic_entropy": 12.767210006713867,
          "acoustic_entropy_side": 12.78962516784668,
          "hz": 8225.96088609342
        },
        {
          "acoustic_entropy": 12.906572341918945,
          "acoustic_entropy_side": 12.894329071044922,
          "hz": 9016.43338188839
        },
        {
          "acoustic_entropy": 12.95224666595459,
          "acoustic_entropy_side": 12.913556098937988,
          "hz": 9876.909183162974
        },
        {
          "acoustic_entropy": 12.795513153076172,
          "acoustic_entropy_side": 12.830129623413086,
          "hz": 10813.587699516042
        },
        {
          "acoustic_entropy": 12.892887115478516,
          "acoustic_entropy_side": 12.903716087341309,
          "hz": 11833.21735289826
        },
        {
          "acoustic_entropy": 12.9410982131958,
          "acoustic_entropy_side": 12.942895889282227,
          "hz": 12943.144197493959
        },
        {
          "acoustic_entropy": 12.850296020507812,
          "acoustic_entropy_side": 12.877172470092773,
          "hz": 14151.364845322005
        },
        {
          "acoustic_entropy": 12.67845630645752,
          "acoustic_entropy_side": 12.783607482910156,
          "hz": 15466.58407886509
        },
        {
          "acoustic_entropy": 12.792718887329102,
          "acoustic_entropy_side": 12.833791732788086,
          "hz": 16898.27756580493
        },
        {
          "acoustic_entropy": 12.635047912597656,
          "acoustic_entropy_side": 12.792655944824219,
          "hz": 18456.760127700032
        },
        {
          "acoustic_entropy": 12.713055610656738,
          "acoustic_entropy_side": 12.851459503173828,
          "hz": 20153.260054456492
        },
        {
          "acoustic_entropy": 12.84586238861084,
          "acoustic_entropy_side": 12.810565948486328,
          "hz": 22000.00000000001
        }
      ],
      "diff_acoustic_entropy": 12.506709098815918,
      "sn": 12
    },
    {
      "acoustic_entropy": 17.279348373413086,
      "acoustic_entropy_mono": 15.73189640045166,
      "band_eliminated_acoustic_entropies": [
        {
          "acoustic_entropy": 16.596712112426758,
          "acoustic_entropy_side": 17.279348373413086,
          "hz": 129.47220167065723
        },
        {
          "acoustic_entropy": 17.834659576416016,
          "acoustic_entropy_side": 17.279251098632812,
          "hz": 202.92927478742237
        },
        {
          "acoustic_entropy": 17.11993408203125,
          "acoustic_entropy_side": 17.266403198242188,
          "hz": 282.89161906338205
        },
        {
          "acoustic_entropy": 17.210262298583984,
          "acoustic_entropy_side": 17.242101669311523,
          "hz": 369.9353335868758
        },
        {
          "acoustic_entropy": 16.87672996520996,
          "acoustic_entropy_side": 16.818603515625,
          "hz": 464.6875360973435
        },
        {
          "acoustic_entropy": 17.593971252441406,
          "acoustic_entropy_side": 16.844694137573242,
          "hz": 567.8308811364784
        },
        {
          "acoustic_entropy": 17.5783634185791,
          "acoustic_entropy_side": 17.19873809814453,
          "hz": 680.1084783214808
        },
        {
          "acoustic_entropy": 17.751314163208008,
          "acoustic_entropy_side": 17.407442092895508,
          "hz": 802.3292461747484
        },
        {
          "acoustic_entropy": 17.349506378173828,
          "acoustic_entropy_side": 17.07103157043457,
          "hz": 935.3737400823702
        },
        {
          "acoustic_entropy": 17.32271957397461,
          "acoustic_entropy_side": 17.719554901123047,
          "hz": 1080.2004963696966
        },
        {
          "acoustic_entropy": 17.572473526000977,
          "acoustic_entropy_side": 17.295007705688477,
          "hz": 1237.8529382007157
        },
        {
          "acoustic_entropy": 17.029102325439453,
          "acoustic_entropy_side": 16.874759674072266,
          "hz": 1409.4668930556702
        },
        {
          "acoustic_entropy": 16.51219940185547,
          "acoustic_entropy_side": 17.56302833557129,
          "hz": 1596.2787759475705
        },
        {
          "acoustic_entropy": 16.842864990234375,
          "acoustic_entropy_side": 16.91876220703125,
          "hz": 1799.6344973346393
        },
        {
          "acoustic_entropy": 17.221755981445312,
          "acoustic_entropy_side": 17.46561050415039,
          "hz": 2020.9991599069049
        },
        {
          "acoustic_entropy": 16.96380043029785,
          "acoustic_entropy_side": 17.11506462097168,
          "hz": 2261.9676141086993
        },
        {
          "acoustic_entropy": 16.781768798828125,
          "acoustic_entropy_side": 17.329790115356445,
          "hz": 2524.2759484456974
        },
        {
          "acoustic_entropy": 17.270374298095703,
          "acoustic_entropy_side": 17.409591674804688,
          "hz": 2809.813997359896
        },
        {
          "acoustic_entropy": 16.80804443359375,
