{
  "acoustic_entropy": 129.16587829589844,
  "bands": [
    {
      "high_freq": 148.1999969482422,
      "loudness": -35.515228271484375,
      "loudness_range": 13.419538497924805,
      "mid_mean": -35.33631134033203,
      "mid_to_side_loudness": -14.399876594543457,
      "mid_to_side_loudness_range": 11.768217086791992,
      "side_mean": -57.42435836791992
    },
    {
      "high_freq": 392.3793640136719,
      "loudness": -31.68154525756836,
      "loudness_range": 9.407861709594727,
      "low_freq": 148.1999969482422,
      "mid_mean": -33.97795104980469,
      "mid_to_side_loudness": -2.295045852661133,
      "mid_to_side_loudness_range": 4.651998996734619,
      "side_mean": -36.519142150878906
    },
    {
      "high_freq": 794.6976318359375,
      "loudness": -27.622127532958984,
      "loudness_range": 9.522600173950195,
      "low_freq": 392.3793640136719,
      "mid_mean": -29.929519653320312,
      "mid_to_side_loudness": -3.9148383140563965,
      "mid_to_side_loudness_range": 6.7202324867248535,
      "side_mean": -33.1163330078125
    },
    {
      "high_freq": 1457.5709228515625,
      "loudness": -29.200536727905273,
      "loudness_range": 10.654682159423828,
      "low_freq": 794.6976318359375,
      "mid_mean": -27.351247787475586,
      "mid_to_side_loudness": -4.100164413452148,
      "mid_to_side_loudness_range": 3.7540056705474854,
      "side_mean": -31.483049392700195
    },
    {
      "high_freq": 2549.74365234375,
      "loudness": -28.509550094604492,
      "loudness_range": 10.71052360534668,
      "low_freq": 1457.5709228515625,
      "mid_mean": -25.70713996887207,
      "mid_to_side_loudness": -5.732385635375977,
      "mid_to_side_loudness_range": 7.06681489944458,
      "side_mean": -35.19645690917969
    },
    {
      "high_freq": 4349.24462890625,
      "loudness": -29.844223022460938,
      "loudness_range": 11.44533920288086,
      "low_freq": 2549.74365234375,
      "mid_mean": -28.69253158569336,
      "mid_to_side_loudness": -2.8945388793945312,
      "mid_to_side_loudness_range": 8.33047866821289,
      "side_mean": -36.16902160644531
    },
    {
      "high_freq": 7314.1640625,
      "loudness": -36.135040283203125,
      "loudness_range": 11.260189056396484,
      "low_freq": 4349.24462890625,
      "mid_mean": -50.0803337097168,
      "mid_to_side_loudness": -3.560018301010132,
      "mid_to_side_loudness_range": 5.4234538078308105,
      "side_mean": -52.22392272949219
    },
    {
      "high_freq": 12199.2666015625,
      "loudness": -42.397090911865234,
      "loudness_range": 12.437423706054688,
      "low_freq": 7314.1640625,
      "mid_mean": -53.92646789550781,
      "mid_to_side_loudness": -2.551058769226074,
      "mid_to_side_loudness_range": 5.204320430755615,
      "side_mean": -55.31236267089844
    },
    {
      "loudness": -51.64461898803711,
      "loudness_range": 12.893997192382812,
      "low_freq": 12199.2666015625,
      "mid_mean": -59.0689811706543,
      "mid_to_side_loudness": -1.690200924873352,
      "mid_to_side_loudness_range": 3.02848482131958,
      "side_mean": -60.051944732666016
    }
  ],
  "bands_short": [
    {
      "high_freq": 148.1999969482422,
      "loudness": -38.65824508666992,
      "loudness_range": 19.371156692504883,
      "mid_mean": -50.78310775756836,
      "mid_to_side_loudness": -15.144230842590332,
      "mid_to_side_loudness_range": 17.451522827148438,
      "side_mean": -59.66858673095703
    },
    {
      "high_freq": 392.3793640136719,
      "loudness": -32.936065673828125,
      "loudness_range": 14.961051940917969,
      "low_freq": 148.1999969482422,
      "mid_mean": -35.15538787841797,
      "mid_to_side_loudness": -4.119797706604004,
      "mid_to_side_loudness_range": 11.227645874023438,
      "side_mean": -50.15473556518555
    },
    {
      "high_freq": 794.6976318359375,
      "loudness": -30.131528854370117,
      "loudness_range": 19.653348922729492,
      "low_freq": 392.3793640136719,
      "mid_mean": -32.07558059692383,
      "mid_to_side_loudness": -3.8931398391723633,
      "mid_to_side_loudness_range": 8.374825477600098,
      "side_mean": -35.607810974121094
    },
    {
      "high_freq": 1457.5709228515625,
      "loudness": -30.97382354736328,
      "loudness_range": 25.8720760345459,
      "low_freq": 794.6976318359375,
      "mid_mean": -32.21831130981445,
      "mid_to_side_loudness": -4.094196796417236,
      "mid_to_side_loudness_range": 7.605225086212158,
      "side_mean": -50.307716369628906
    },
    {
      "high_freq": 2549.74365234375,
      "loudness": -32.49176025390625,
      "loudness_range": 29.72134780883789,
      "low_freq": 1457.5709228515625,
      "mid_mean": -33.02212142944336,
      "mid_to_side_loudness": -4.840673446655273,
      "mid_to_side_loudness_range": 8.926774024963379,
      "side_mean": -50.98948669433594
    },
    {
      "high_freq": 4349.24462890625,
      "loudness": -33.43340301513672,
      "loudness_range": 25.517004013061523,
      "low_freq": 2549.74365234375,
      "mid_mean": -36.54916763305664,
      "mid_to_side_loudness": -2.1776232719421387,
      "mid_to_side_loudness_range": 9.337624549865723,
      "side_mean": -50.3562126159668
    },
    {
      "high_freq": 7314.1640625,
      "loudness": -39.04978561401367,
      "loudness_range": 21.467586517333984,
      "low_freq": 4349.24462890625,
      "mid_mean": -52.10189437866211,
      "mid_to_side_loudness": -2.5232112407684326,
      "mid_to_side_loudness_range": 6.5571675300598145,
      "side_mean": -53.58540725708008
    },
    {
      "high_freq": 12199.2666015625,
      "loudness": -44.1434440612793,
      "loudness_range": 17.754627227783203,
      "low_freq": 7314.1640625,
      "mid_mean": -55.27478790283203,
      "mid_to_side_loudness": -1.769041895866394,
      "mid_to_side_loudness_range": 6.374325752258301,
      "side_mean": -56.132110595703125
    },
    {
      "loudness": -55.166072845458984,
      "loudness_range": 22.89764404296875,
      "low_freq": 12199.2666015625,
      "mid_mean": -60.93233108520508,
      "mid_to_side_loudness": -1.7841464281082153,
      "mid_to_side_loudness_range": 4.220784664154053,
      "side_mean": -61.941551208496094
    }
  ],
  "bandwidth": 940.9215087890625,
  "channels": 2,
  "covariance": [
    [
      122.5191650390625,
      84.3559341430664,
      98.61376190185547,
      95.67178344726562,
      95.49363708496094,
      100.6106185913086,
      17.065288543701172,
      14.05651569366455,
      11.606880187988281,
      90.59776306152344,
      32.94576644897461,
      106.5302734375,
      104.672119140625,
      95.9481201171875,
      90.49186706542969,
      84.56184387207031,
      66.47674560546875,
      61.480560302734375
    ],
    [
      84.3559341430664,
      144.21371459960938,
      91.11925506591797,
      96.24525451660156,
      95.68588256835938,
      93.44364166259766,
      17.102031707763672,
      14.969294548034668,
      12.026082992553711,
      71.63323974609375,
      27.990869522094727,
      96.46793365478516,
      202.58396911621094,
      183.01170349121094,
      166.052734375,
      153.6083984375,
      116.16653442382812,
      106.53443145751953
    ],
    [
      98.61376190185547,
      91.11925506591797,
      126.71930694580078,
      123.26148986816406,
      123.1922607421875,
      130.2938232421875,
      19.44045066833496,
      18.460041046142578,
      15.733429908752441,
      96.11674499511719,
      34.1090087890625,
      134.12171936035156,
      130.38099670410156,
      119.70152282714844,
      110.99798583984375,
      102.0079116821289,
      77.2665023803711,
      71.0171127319336
    ],
    [
      95.67178344726562,
      96.24525451660156,
      123.26148986816406,
      134.51205444335938,
      133.45562744140625,
      128.3057861328125,
      21.829395294189453,
      20.76101303100586,
      18.702165603637695,
      96.6767349243164,
      37.66181945800781,
      132.54063415527344,
      141.5188446044922,
      128.70631408691406,
      120.03470611572266,
      108.70562744140625,
      83.36013793945312,
      76.61918640136719
    ],
    [
      95.49363708496094,
      95.68588256835938,
      123.1922607421875,
      133.45562744140625,
      136.8011016845703,
      129.52676391601562,
      21.69510269165039,
      21.057016372680664,
      17.581871032714844,
      97.99160766601562,
      36.41171646118164,
      133.83563232421875,
      143.76031494140625,
      131.18788146972656,
      121.34063720703125,
      110.84947204589844,
      84.75274658203125,
      77.89643096923828
    ],
    [
      100.6106185913086,
      93.44364166259766,
      130.2938232421875,
      128.3057861328125,
      129.52676391601562,
      139.0409698486328,
      21.457332611083984,
      20.256549835205078,
      17.379932403564453,
      104.41239929199219,
      37.64223098754883,
      143.11944580078125,
      140.81307983398438,
      127.92951202392578,
      119.30659484863281,
      108.29704284667969,
      83.23685455322266,
      76.33924102783203
    ],
    [
      17.065288543701172,
      17.102031707763672,
      19.44045066833496,
      21.829395294189453,
      21.69510269165039,
      21.457332611083984,
      29.57170295715332,
      27.933847427368164,
      19.11743927001953,
      19.29755210876465,
      25.24856948852539,
      21.222135543823242,
      21.842493057250977,
      22.477096557617188,
      19.493946075439453,
      17.96381950378418,
      16.612369537353516,
      15.458740234375
    ],
    [
      14.05651569366455,
      14.969294548034668,
      18.460041046142578,
      20.76101303100586,
      21.057016372680664,
      20.256549835205078,
      27.933847427368164,
      27.876522064208984,
      18.754405975341797,
      18.429046630859375,
      23.948726654052734,
      20.35489845275879,
      20.475950241088867,
      21.45417594909668,
      18.073265075683594,
      17.082931518554688,
      15.446061134338379,
      14.498790740966797
    ],
    [
      11.606880187988281,
      12.026082992553711,
      15.733429908752441,
      18.702165603637695,
      17.581871032714844,
      17.379932403564453,
      19.11743927001953,
      18.754405975341797,
      19.557100296020508,
      18.74981117248535,
      22.26937484741211,
      18.480712890625,
      19.297563552856445,
      18.528759002685547,
      18.619022369384766,
      14.80156135559082,
      14.861242294311523,
      14.619248390197754
    ],
    [
      90.59776306152344,
      71.63323974609375,
      96.11674499511719,
      96.6767349243164,
      97.99160766601562,
      104.41239929199219,
      19.29755210876465,
      18.429046630859375,
      18.74981117248535,
      113.82022857666016,
      40.90773010253906,
      111.84832000732422,
      112.00312805175781,
      101.58761596679688,
      96.63018035888672,
      86.29314422607422,
      68.2691421508789,
      63.09867858886719
    ],
    [
      32.94576644897461,
      27.990869522094727,
      34.1090087890625,
      37.66181945800781,
      36.41171646118164,
      37.64223098754883,
      25.24856948852539,
      23.948726654052734,
      22.26937484741211,
      40.90773010253906,
      49.203521728515625,
      41.19413375854492,
      43.21569061279297,
      39.88865661621094,
      39.058109283447266,
      33.1180534362793,
      29.49661636352539,
      27.792835235595703
    ],
    [
      106.5302734375,
      96.46793365478516,
      134.12171936035156,
      132.54063415527344,
      133.83563232421875,
      143.11944580078125,
      21.222135543823242,
      20.35489845275879,
      18.480712890625,
      111.84832000732422,
      41.19413375854492,
      150.1617431640625,
      148.93592834472656,
      134.6866912841797,
      126.17081451416016,
      113.78693389892578,
      88.0281982421875,
      80.85308074951172
    ],
    [
      104.672119140625,
      202.58396911621094,
      130.38099670410156,
      141.5188446044922,
      143.76031494140625,
      140.81307983398438,
      21.842493057250977,
      20.475950241088867,
      19.297563552856445,
      112.00312805175781,
      43.21569061279297,
      148.93592834472656,
      324.3135681152344,
      289.17340087890625,
      265.60467529296875,
      240.3306121826172,
      182.36814880371094,
      166.36862182617188
    ],
    [
      95.9481201171875,
      183.01170349121094,
      119.70152282714844,
      128.70631408691406,
      131.18788146972656,
      127.92951202392578,
      22.477096557617188,
      21.45417594909668,
      18.528759002685547,
      101.58761596679688,
      39.88865661621094,
      134.6866912841797,
      289.17340087890625,
      259.7357177734375,
      237.1636505126953,
      215.80552673339844,
      163.0362091064453,
      148.92031860351562
    ],
    [
      90.49186706542969,
      166.052734375,
      110.99798583984375,
      120.03470611572266,
      121.34063720703125,
      119.30659484863281,
      19.493946075439453,
      18.073265075683594,
      18.619022369384766,
      96.63018035888672,
      39.058109283447266,
      126.17081451416016,
      265.60467529296875,
      237.1636505126953,
      220.21945190429688,
      198.865478515625,
      152.449462890625,
      139.30313110351562
    ],
    [
      84.56184387207031,
      153.6083984375,
      102.0079116821289,
      108.70562744140625,
      110.84947204589844,
      108.29704284667969,
      17.96381950378418,
      17.082931518554688,
      14.80156135559082,
      86.29314422607422,
      33.1180534362793,
      113.78693389892578,
      240.3306121826172,
      215.80552673339844,
      198.865478515625,
      181.4602508544922,
      138.18382263183594,
      126.34749603271484
    ],
    [
      66.47674560546875,
      116.16653442382812,
      77.2665023803711,
      83.36013793945312,
      84.75274658203125,
      83.23685455322266,
      16.612369537353516,
      15.446061134338379,
      14.861242294311523,
      68.2691421508789,
      29.49661636352539,
      88.0281982421875,
      182.36814880371094,
      163.0362091064453,
      152.449462890625,
      138.18382263183594,
      108.93447875976562,
      100.14868927001953
    ],
    [
      61.480560302734375,
      106.53443145751953,
      71.0171127319336,
      76.61918640136719,
      77.89643096923828,
      76.33924102783203,
      15.458740234375,
      14.498790740966797,
      14.619248390197754,
      63.09867858886719,
      27.792835235595703,
      80.85308074951172,
      166.36862182617188,
      148.92031860351562,
      139.30313110351562,
      126.34749603271484,
      100.14868927001953,
      92.42353820800781
    ]
  ],
  "covariance_short": [
    [
      316.7566833496094,
      178.25357055664062,
      144.92018127441406,
      299.18402099609375,
      134.73695373535156,
      142.8167724609375,
      81.8878402709961,
      314.15338134765625,
      103.61134338378906,
      298.7550964355469,
      151.44923400878906,
      304.1373596191406,
      281.7307434082031,
      258.1908874511719,
      235.2149200439453,
      221.75103759765625,
      150.2523193359375,
      134.4432373046875
    ],
    [
      178.25357055664062,
      113.9984130859375,
      90.55451965332031,
      172.61972045898438,
      84.05978393554688,
      90.39031219482422,
      62.66496658325195,
      180.05743408203125,
      73.99056243896484,
      170.7459259033203,
      97.01773834228516,
      171.95098876953125,
      158.16102600097656,
      145.44363403320312,
      132.51869201660156,
      125.3767318725586,
      87.0671157836914,
      78.67000579833984
    ],
    [
      144.92018127441406,
      90.55451965332031,
      145.2367401123047,
      137.4951934814453,
      133.82614135742188,
      142.7488555908203,
      88.13609313964844,
      165.78321838378906,
      108.61653900146484,
      153.1958465576172,
      152.76177978515625,
      149.2701873779297,
      142.37979125976562,
      130.43177795410156,
      119.50433349609375,
      110.770263671875,
      79.60918426513672,
      72.46031951904297
    ],
    [
      299.18402099609375,
      172.61972045898438,
      137.4951934814453,
      313.56304931640625,
      135.9083709716797,
      145.99606323242188,
      108.21768188476562,
      328.6665344238281,
      127.64300537109375,
      312.8215026855469,
      161.74826049804688,
      315.3912048339844,
      291.0218811035156,
      265.97039794921875,
      239.06625366210938,
      222.43679809570312,
      153.60498046875,
      138.09237670898438
    ],
    [
      134.73695373535156,
      84.05978393554688,
      133.82614135742188,
      135.9083709716797,
      140.59559631347656,
      146.8401641845703,
      104.57377624511719,
      174.4390106201172,
      125.04241943359375,
      161.4866180419922,
      162.57647705078125,
      155.2540740966797,
      149.15826416015625,
      135.2562255859375,
      121.76493072509766,
      109.99478149414062,
      83.48995208740234,
      75.99303436279297
    ],
    [
      142.8167724609375,
      90.39031219482422,
      142.7488555908203,
      145.99606323242188,
      146.8401641845703,
      162.4815673828125,
      112.71491241455078,
      188.09666442871094,
      134.9513397216797,
      173.78822326660156,
      175.67527770996094,
      166.4556884765625,
      159.47677612304688,
      144.3335418701172,
      129.80340576171875,
      117.12969970703125,
      88.54942321777344,
      80.74646759033203
    ],
    [
      81.8878402709961,
      62.66496658325195,
      88.13609313964844,
      108.21768188476562,
      104.57377624511719,
      112.71491241455078,
      160.72177124023438,
      151.58413696289062,
      160.5193328857422,
      137.67962646484375,
      147.6945343017578,
      126.27559661865234,
      119.70702362060547,
      105.99504089355469,
      91.23192596435547,
      77.43165588378906,
      69.45812225341797,
      64.39911651611328
    ],
    [
      314.15338134765625,
      180.05743408203125,
      165.78321838378906,
      328.6665344238281,
      174.4390106201172,
      188.09666442871094,
      151.58413696289062,
      365.3358459472656,
      179.3096466064453,
      344.176025390625,
      216.22911071777344,
      344.5147705078125,
      319.9409484863281,
      290.9234313964844,
      259.7620544433594,
      239.6332244873047,
      166.77830505371094,
      149.60922241210938
    ],
    [
      103.61134338378906,
      73.99056243896484,
      108.61653900146484,
      127.64300537109375,
      125.04241943359375,
      134.9513397216797,
      160.5193328857422,
      179.3096466064453,
      197.8557891845703,
      167.7510223388672,
      180.4154815673828,
      154.77938842773438,
      148.6210174560547,
      130.26614379882812,
      114.5810546875,
      97.29273223876953,
      85.31395721435547,
      78.90586853027344
    ],
    [
      298.7550964355469,
      170.7459259033203,
      153.1958465576172,
      312.8215026855469,
      161.4866180419922,
      173.78822326660156,
      137.67962646484375,
      344.176025390625,
      167.7510223388672,
      329.3802185058594,
      202.2973175048828,
      328.7876281738281,
      305.815185546875,
      277.8711242675781,
      248.8606719970703,
      228.86741638183594,
      161.08746337890625,
      144.8848419189453
    ],
    [
      151.44923400878906,
      97.01773834228516,
      152.76177978515625,
      161.74826049804688,
      162.57647705078125,
      175.67527770996094,
      147.6945343017578,
      216.22911071777344,
      180.4154815673828,
      202.2973175048828,
      224.29136657714844,
      194.28953552246094,
      189.1100311279297,
      168.27670288085938,
      151.26123046875,
      132.679931640625,
      106.48160552978516,
      97.01403045654297
    ],
    [
      304.1373596191406,
      171.95098876953125,
      149.2701873779297,
      315.3912048339844,
      155.2540740966797,
      166.4556884765625,
      126.27559661865234,
      344.5147705078125,
      154.77938842773438,
      328.7876281738281,
      194.28953552246094,
      332.865478515625,
      309.5621643066406,
      281.4840393066406,
      252.94052124023438,
      233.03448486328125,
      163.16099548339844,
      146.17144775390625
    ],
    [
      281.7307434082031,
      158.16102600097656,
      142.37979125976562,
      291.0218811035156,
      149.15826416015625,
      159.47677612304688,
      119.70702362060547,
      319.9409484863281,
      148.6210174560547,
      305.815185546875,
      189.1100311279297,
      309.5621643066406,
      292.6667175292969,
      264.4873962402344,
      240.15721130371094,
      219.66209411621094,
      156.6467742919922,
      140.23162841796875
    ],
    [
      258.1908874511719,
      145.44363403320312,
      130.43177795410156,
      265.97039794921875,
      135.2562255859375,
      144.3335418701172,
      105.99504089355469,
      290.9234313964844,
      130.26614379882812,
      277.8711242675781,
      168.27670288085938,
      281.4840393066406,
      264.4873962402344,
      241.42105102539062,
      217.75064086914062,
      200.61444091796875,
      141.21182250976562,
      126.67240142822266
    ],
    [
      235.2149200439453,
      132.51869201660156,
      119.50433349609375,
      239.06625366210938,
      121.76493072509766,
      129.80340576171875,
      91.23192596435547,
      259.7620544433594,
      114.5810546875,
      248.8606719970703,
      151.26123046875,
      252.94052124023438,
      240.15721130371094,
      217.75064086914062,
      202.31585693359375,
      185.5470733642578,
      134.7130889892578,
      121.03292846679688
    ],
    [
      221.75103759765625,
      125.3767318725586,
      110.770263671875,
      222.43679809570312,
      109.99478149414062,
      117.12969970703125,
      77.43165588378906,
      239.6332244873047,
      97.29273223876953,
      228.86741638183594,
      132.679931640625,
      233.03448486328125,
      219.66209411621094,
      200.61444091796875,
      185.5470733642578,
      172.69895935058594,
      122.98408508300781,
      110.6841049194336
    ],
    [
      150.2523193359375,
      87.0671157836914,
      79.60918426513672,
      153.60498046875,
      83.48995208740234,
      88.54942321777344,
      69.45812225341797,
      166.77830505371094,
      85.31395721435547,
      161.08746337890625,
      106.48160552978516,
      163.16099548339844,
      156.6467742919922,
      141.21182250976562,
      134.7130889892578,
      122.98408508300781,
      99.04293060302734,
      90.22636413574219
    ],
    [
      134.4432373046875,
      78.67000579833984,
      72.46031951904297,
      138.09237670898438,
      75.99303436279297,
      80.74646759033203,
      64.39911651611328,
      149.60922241210938,
      78.90586853027344,
      144.8848419189453,
      97.01403045654297,
      146.17144775390625,
      140.23162841796875,
      126.67240142822266,
      121.03292846679688,
      110.6841049194336,
      90.22636413574219,
      83.10060119628906
    ]
  ],
  "damage": -15.16244888305664,
  "diff_bandwidth": 953.6531982421875,
  "dissonance": 8.514972739116631,
  "drr": 1.7797317504882812,
  "dynamics": 4.282416820526123,
  "format": 1245190,
  "frames": 503808,
  "loudness": -17.76712989807129,
  "loudness_range": 5.389533996582031,
  "loudness_range_short": 19.191734313964844,
  "lowpass_true_peak_15khz": -2.6232733726501465,
  "mastering3_acoustic_entropies": [
    {
      "acoustic_entropy": 4.51540470123291,
      "acoustic_entropy_mono": 4.153665542602539,
      "band_eliminated_acoustic_entropies": [
        {
          "acoustic_entropy": 4.502626419067383,
          "acoustic_entropy_side": 4.515344142913818,
          "hz": 129.47220167065723
        },
        {
          "acoustic_entropy": 4.484596252441406,
          "acoustic_entropy_side": 4.512471675872803,
          "hz": 202.92927478742237
        },
        {
          "acoustic_entropy": 4.529304027557373,
          "acoustic_entropy_side": 4.527809143066406,
          "hz": 282.89161906338205
        },
        {
          "acoustic_entropy": 4.454492092132568,
          "acoustic_entropy_side": 4.506882190704346,
          "hz": 369.9353335868758
        },
        {
          "acoustic_entropy": 4.541690349578857,
          "acoustic_entropy_side": 4.509923934936523,
          "hz": 464.6875360973435
        },
        {
          "acoustic_entropy": 4.4719038009643555,
          "acoustic_entropy_side": 4.494848728179932,
          "hz": 567.8308811364784
        },
        {
          "acoustic_entropy": 4.291049957275391,
          "acoustic_entropy_side": 4.486303329467773,
          "hz": 680.1084783214808
        },
        {
          "acoustic_entropy": 4.402395248413086,
          "acoustic_entropy_side": 4.519802093505859,
          "hz": 802.3292461747484
        },
        {
          "acoustic_entropy": 4.439233303070068,
          "acoustic_entropy_side": 4.469873428344727,
          "hz": 935.3737400823702
        },
        {
          "acoustic_entropy": 4.502939224243164,
          "acoustic_entropy_side": 4.5175886154174805,
          "hz": 1080.2004963696966
        },
        {
          "acoustic_entropy": 4.569432258605957,
          "acoustic_entropy_side": 4.564905166625977,
          "hz": 1237.8529382007157
        },
        {
          "acoustic_entropy": 3.818206310272217,
          "acoustic_entropy_side": 4.144192695617676,
          "hz": 1409.4668930556702
        },
        {
          "acoustic_entropy": 4.285061836242676,
          "acoustic_entropy_side": 4.352471828460693,
          "hz": 1596.2787759475705
        },
        {
          "acoustic_entropy": 4.6361894607543945,
          "acoustic_entropy_side": 4.568953037261963,
          "hz": 1799.6344973346393
        },
        {
          "acoustic_entropy": 4.31085729598999,
          "acoustic_entropy_side": 4.517521381378174,
          "hz": 2020.9991599069049
        },
        {
          "acoustic_entropy": 4.423079967498779,
          "acoustic_entropy_side": 4.561924934387207,
          "hz": 2261.9676141086993
        },
        {
          "acoustic_entropy": 4.137182235717773,
          "acoustic_entropy_side": 4.373939514160156,
          "hz": 2524.2759484456974
        },
        {
          "acoustic_entropy": 4.519985675811768,
          "acoustic_entropy_side": 4.470195293426514,
          "hz": 2809.813997359896
        },
        {
          "acoustic_entropy": 4.283102512359619,
          "acoustic_entropy_side": 4.5353827476501465,
          "hz": 3120.6389567871424
        },
        {
          "acoustic_entropy": 4.5460028648376465,
          "acoustic_entropy_side": 4.479979991912842,
          "hz": 3458.990205492291
        },
        {
          "acoustic_entropy": 4.458612442016602,
          "acoustic_entropy_side": 4.498490810394287,
          "hz": 3827.305438964164
        },
        {
          "acoustic_entropy": 4.480157375335693,
          "acoustic_entropy_side": 4.4922943115234375,
          "hz": 4228.238232109126
        },
        {
          "acoustic_entropy": 4.511435508728027,
          "acoustic_entropy_side": 4.46086311340332,
          "hz": 4664.6771572759235
        },
        {
          "acoustic_entropy": 4.36113166809082,
          "acoustic_entropy_side": 4.497869491577148,
          "hz": 5139.766595350093
        },
        {
          "acoustic_entropy": 4.421503067016602,
          "acoustic_entropy_side": 4.512885570526123,
          "hz": 5656.929389854203
        },
        {
          "acoustic_entropy": 4.532553672790527,
          "acoustic_entropy_side": 4.522650718688965,
          "hz": 6219.891507268283
        },
        {
          "acoustic_entropy": 4.513514518737793,
          "acoustic_entropy_side": 4.526136875152588,
          "hz": 6832.70888123896
        },
        {
          "acoustic_entropy": 4.441692352294922,
          "acoustic_entropy_side": 4.524726390838623,
          "hz": 7499.796634079867
        },
        {
          "acoustic_entropy": 4.507768154144287,
          "acoustic_entropy_side": 4.5308027267456055,
          "hz": 8225.96088609342
        },
        {
          "acoustic_entropy": 4.574654579162598,
          "acoustic_entropy_side": 4.522531032562256,
          "hz": 9016.43338188839
        },
        {
          "acoustic_entropy": 4.540570259094238,
          "acoustic_entropy_side": 4.518013000488281,
          "hz": 9876.909183162974
        },
        {
          "acoustic_entropy": 4.53790807723999,
          "acoustic_entropy_side": 4.516307353973389,
          "hz": 10813.587699516042
        },
        {
          "acoustic_entropy": 4.521366119384766,
          "acoustic_entropy_side": 4.517306327819824,
          "hz": 11833.21735289826
        },
        {
          "acoustic_entropy": 4.552366256713867,
          "acoustic_entropy_side": 4.515533447265625,
          "hz": 12943.144197493959
        },
        {
          "acoustic_entropy": 4.521483421325684,
          "acoustic_entropy_side": 4.5159454345703125,
          "hz": 14151.364845322005
        },
        {
          "acoustic_entropy": 4.518136024475098,
          "acoustic_entropy_side": 4.515814304351807,
          "hz": 15466.58407886509
        },
        {
          "acoustic_entropy": 4.516656875610352,
          "acoustic_entropy_side": 4.515811443328857,
          "hz": 16898.27756580493
        },
        {
          "acoustic_entropy": 4.515709400177002,
          "acoustic_entropy_side": 4.515480995178223,
          "hz": 18456.760127700032
        },
        {
          "acoustic_entropy": 4.515456199645996,
          "acoustic_entropy_side": 4.515427112579346,
          "hz": 20153.260054456492
        },
        {
          "acoustic_entropy": 4.5154032707214355,
          "acoustic_entropy_side": 4.515405178070068,
          "hz": 22000.00000000001
        }
      ],
      "diff_acoustic_entropy": 5.287290096282959,
      "sn": 6
    },
    {
      "acoustic_entropy": 6.432711124420166,
      "acoustic_entropy_mono": 5.756685733795166,
      "band_eliminated_acoustic_entropies": [
        {
          "acoustic_entropy": 6.400712966918945,
          "acoustic_entropy_side": 6.433095455169678,
          "hz": 129.47220167065723
        },
        {
          "acoustic_entropy": 6.23370885848999,
          "acoustic_entropy_side": 6.547638416290283,
          "hz": 202.92927478742237
        },
        {
          "acoustic_entropy": 6.742881774902344,
          "acoustic_entropy_side": 6.428907871246338,
          "hz": 282.89161906338205
        },
        {
          "acoustic_entropy": 6.411320686340332,
          "acoustic_entropy_side": 6.408287048339844,
          "hz": 369.9353335868758
        },
        {
          "acoustic_entropy": 6.548094272613525,
          "acoustic_entropy_side": 6.534436225891113,
          "hz": 464.6875360973435
        },
        {
          "acoustic_entropy": 6.3892974853515625,
          "acoustic_entropy_side": 6.417018890380859,
          "hz": 567.8308811364784
        },
        {
          "acoustic_entropy": 6.518982410430908,
          "acoustic_entropy_side": 6.472037315368652,
          "hz": 680.1084783214808
        },
        {
          "acoustic_entropy": 6.329427719116211,
          "acoustic_entropy_side": 6.463344097137451,
          "hz": 802.3292461747484
        },
        {
          "acoustic_entropy": 6.416326999664307,
          "acoustic_entropy_side": 6.4334211349487305,
          "hz": 935.3737400823702
        },
        {
          "acoustic_entropy": 6.390953063964844,
          "acoustic_entropy_side": 6.3786516189575195,
          "hz": 1080.2004963696966
        },
        {
          "acoustic_entropy": 6.56038236618042,
          "acoustic_entropy_side": 6.502122402191162,
          "hz": 1237.8529382007157
        },
        {
          "acoustic_entropy": 6.1570940017700195,
          "acoustic_entropy_side": 6.034567832946777,
          "hz": 1409.4668930556702
        },
        {
          "acoustic_entropy": 6.261847019195557,
          "acoustic_entropy_side": 6.255356311798096,
          "hz": 1596.2787759475705
        },
        {
          "acoustic_entropy": 6.641380786895752,
          "acoustic_entropy_side": 6.533148765563965,
          "hz": 1799.6344973346393
        },
        {
          "acoustic_entropy": 6.4626007080078125,
          "acoustic_entropy_side": 6.397890090942383,
          "hz": 2020.9991599069049
        },
        {
          "acoustic_entropy": 6.114569187164307,
          "acoustic_entropy_side": 6.534235000610352,
          "hz": 2261.9676141086993
        },
        {
          "acoustic_entropy": 6.604883670806885,
          "acoustic_entropy_side": 6.467876434326172,
          "hz": 2524.2759484456974
        },
        {
          "acoustic_entropy": 6.498666286468506,
          "acoustic_entropy_side": 6.398362159729004,
          "hz": 2809.813997359896
        },
        {
          "acoustic_entropy": 6.269979000091553,
          "acoustic_entropy_side": 6.4351091384887695,
          "hz": 3120.6389567871424
        },
        {
          "acoustic_entropy": 6.50376033782959,
          "acoustic_entropy_side": 6.454867362976074,
          "hz": 3458.990205492291
        },
        {
          "acoustic_entropy": 6.581356525421143,
          "acoustic_entropy_side": 6.479633808135986,
          "hz": 3827.305438964164
        },
        {
          "acoustic_entropy": 6.468057632446289,
          "acoustic_entropy_side": 6.391097068786621,
          "hz": 4228.238232109126
        },
        {
          "acoustic_entropy": 6.547205924987793,
          "acoustic_entropy_side": 6.42206335067749,
          "hz": 4664.6771572759235
        },
        {
          "acoustic_entropy": 6.505534648895264,
          "acoustic_entropy_side": 6.452552318572998,
          "hz": 5139.766595350093
        },
        {
          "acoustic_entropy": 6.5312724113464355,
          "acoustic_entropy_side": 6.490708827972412,
          "hz": 5656.929389854203
        },
        {
          "acoustic_entropy": 6.462617874145508,
          "acoustic_entropy_side": 6.444928169250488,
          "hz": 6219.891507268283
        },
        {
          "acoustic_entropy": 6.422519207000732,
          "acoustic_entropy_side": 6.44136381149292,
          "hz": 6832.70888123896
        },
        {
          "acoustic_entropy": 6.369552135467529,
          "acoustic_entropy_side": 6.426067352294922,
          "hz": 7499.796634079867
        },
        {
          "acoustic_entropy": 6.424306869506836,
          "acoustic_entropy_side": 6.441105365753174,
          "hz": 8225.96088609342
        },
        {
          "acoustic_entropy": 6.500580310821533,
          "acoustic_entropy_side": 6.471344470977783,
          "hz": 9016.43338188839
        },
        {
          "acoustic_entropy": 6.443654537200928,
          "acoustic_entropy_side": 6.4641642570495605,
          "hz": 9876.909183162974
        },
        {
          "acoustic_entropy": 6.389190196990967,
          "acoustic_entropy_side": 6.448917388916016,
          "hz": 10813.587699516042
        },
        {
          "acoustic_entropy": 6.348936557769775,
          "acoustic_entropy_side": 6.440184593200684,
          "hz": 11833.21735289826
        },
        {
          "acoustic_entropy": 6.387460231781006,
          "acoustic_entropy_side": 6.410881519317627,
          "hz": 12943.144197493959
        },
        {
          "acoustic_entropy": 6.428967475891113,
          "acoustic_entropy_side": 6.4160990715026855,
          "hz": 14151.364845322005
        },
        {
          "acoustic_entropy": 6.480936527252197,
          "acoustic_entropy_side": 6.4496283531188965,
          "hz": 15466.58407886509
        },
        {
          "acoustic_entropy": 6.464450836181641,
          "acoustic_entropy_side": 6.446767807006836,
          "hz": 16898.27756580493
        },
        {
          "acoustic_entropy": 6.444453716278076,
          "acoustic_entropy_side": 6.437104225158691,
          "hz": 18456.760127700032
        },
        {
          "acoustic_entropy": 6.43497896194458,
          "acoustic_entropy_side": 6.433749675750732,
          "hz": 20153.260054456492
        },
        {
          "acoustic_entropy": 6.432915210723877,
          "acoustic_entropy_side": 6.432809352874756,
          "hz": 22000.00000000001
        }
      ],
      "diff_acoustic_entropy": 7.392166614532471,
      "sn": 12
    },
    {
      "acoustic_entropy": 9.118499755859375,
      "acoustic_entropy_mono": 8.683775901794434,
      "band_eliminated_acoustic_entropies": [
        {
          "acoustic_entropy": 8.80765151977539,
          "acoustic_entropy_side": 9.160758018493652,
          "hz": 129.47220167065723
        },
        {
          "acoustic_entropy": 9.183313369750977,
          "acoustic_entropy_side": 9.172146797180176,
          "hz": 202.92927478742237
        },
        {
          "acoustic_entropy": 9.017327308654785,
          "acoustic_entropy_side": 9.027503967285156,
          "hz": 282.89161906338205
        },
        {
          "acoustic_entropy": 8.909296035766602,
          "acoustic_entropy_side": 9.056437492370605,
          "hz": 369.9353335868758
        },
        {
          "acoustic_entropy": 9.17230224609375,
          "acoustic_entropy_side": 9.049838066101074,
          "hz": 464.6875360973435
        },
        {
          "acoustic_entropy": 9.057904243469238,
          "acoustic_entropy_side": 8.9837646484375,
          "hz": 567.8308811364784
        },
        {
          "acoustic_entropy": 9.125910758972168,
          "acoustic_entropy_side": 9.114058494567871,
          "hz": 680.1084783214808
        },
        {
          "acoustic_entropy": 9.160833358764648,
          "acoustic_entropy_side": 9.047565460205078,
          "hz": 802.3292461747484
        },
        {
          "acoustic_entropy": 9.079797744750977,
          "acoustic_entropy_side": 9.114099502563477,
          "hz": 935.3737400823702
        },
        {
          "acoustic_entropy": 8.891857147216797,
          "acoustic_entropy_side": 9.032257080078125,
          "hz": 1080.2004963696966
        },
        {
          "acoustic_entropy": 9.274165153503418,
          "acoustic_entropy_side": 9.314845085144043,
          "hz": 1237.8529382007157
        },
        {
          "acoustic_entropy": 8.722127914428711,
          "acoustic_entropy_side": 9.237524032592773,
          "hz": 1409.4668930556702
        },
        {
          "acoustic_entropy": 9.335590362548828,
          "acoustic_entropy_side": 8.959380149841309,
          "hz": 1596.2787759475705
        },
        {
          "acoustic_entropy": 9.513944625854492,
          "acoustic_entropy_side": 9.248348236083984,
          "hz": 1799.6344973346393
        },
        {
          "acoustic_entropy": 9.015777587890625,
          "acoustic_entropy_side": 8.950995445251465,
          "hz": 2020.9991599069049
        },
        {
          "acoustic_entropy": 9.692066192626953,
          "acoustic_entropy_side": 9.183647155761719,
          "hz": 2261.9676141086993
        },
        {
          "acoustic_entropy": 8.71683120727539,
          "acoustic_entropy_side": 9.135845184326172,
          "hz": 2524.2759484456974
        },
        {
          "acoustic_entropy": 9.161565780639648,
          "acoustic_entropy_side": 9.193757057189941,
          "hz": 2809.813997359896
        },
        {
          "acoustic_entropy": 9.467926979064941,
          "acoustic_entropy_side": 9.083146095275879,
          "hz": 3120.6389567871424
        },
        {
          "acoustic_entropy": 9.133384704589844,
