{
  "acoustic_entropy": 117.37545013427734,
  "bands": [
    {
      "high_freq": 148.1999969482422,
      "loudness": -58.62685775756836,
      "loudness_range": 6.368171691894531,
      "mid_mean": -58.98789978027344,
      "mid_to_side_loudness": -1.0954090356826782,
      "mid_to_side_loudness_range": 4.403628826141357,
      "side_mean": -59.83174133300781
    },
    {
      "high_freq": 392.3793640136719,
      "loudness": -65.3704833984375,
      "loudness_range": 10.058101654052734,
      "low_freq": 148.1999969482422,
      "mid_mean": -63.108089447021484,
      "mid_to_side_loudness": -4.755348205566406,
      "mid_to_side_loudness_range": 7.766329288482666,
      "side_mean": -66.0815200805664
    },
    {
      "high_freq": 794.6976318359375,
      "loudness": -37.01620864868164,
      "loudness_range": 25.875728607177734,
      "low_freq": 392.3793640136719,
      "mid_mean": -36.78825378417969,
      "mid_to_side_loudness": -9.289849281311035,
      "mid_to_side_loudness_range": 4.9452290534973145,
      "side_mean": -50.00802993774414
    },
    {
      "high_freq": 1457.5709228515625,
      "loudness": -32.7426872253418,
      "loudness_range": 20.23020362854004,
      "low_freq": 794.6976318359375,
      "mid_mean": -30.759469985961914,
      "mid_to_side_loudness": -7.763860702514648,
      "mid_to_side_loudness_range": 3.1916308403015137,
      "side_mean": -38.893672943115234
    },
    {
      "high_freq": 2549.74365234375,
      "loudness": -37.961822509765625,
      "loudness_range": 22.727432250976562,
      "low_freq": 1457.5709228515625,
      "mid_mean": -35.79302215576172,
      "mid_to_side_loudness": -6.564546585083008,
      "mid_to_side_loudness_range": 2.648195266723633,
      "side_mean": -42.618141174316406
    },
    {
      "high_freq": 4349.24462890625,
      "loudness": -45.72890853881836,
      "loudness_range": 21.449119567871094,
      "low_freq": 2549.74365234375,
      "mid_mean": -44.841896057128906,
      "mid_to_side_loudness": -2.1605184078216553,
      "mid_to_side_loudness_range": 3.323378562927246,
      "side_mean": -50.88283920288086
    },
    {
      "high_freq": 7314.1640625,
      "loudness": -55.29646682739258,
      "loudness_range": 16.009849548339844,
      "low_freq": 4349.24462890625,
      "mid_mean": -59.3129997253418,
      "mid_to_side_loudness": 4.2251996994018555,
      "mid_to_side_loudness_range": 4.8750762939453125,
      "side_mean": -55.8653564453125
    },
    {
      "high_freq": 12199.2666015625,
      "loudness": -60.37190246582031,
      "loudness_range": 10.24151611328125,
      "low_freq": 7314.1640625,
      "mid_mean": -61.49295425415039,
      "mid_to_side_loudness": 1.324049472808838,
      "mid_to_side_loudness_range": 3.2010719776153564,
      "side_mean": -60.41643142700195
    },
    {
      "loudness": -60.8369255065918,
      "loudness_range": 5.41290283203125,
      "low_freq": 12199.2666015625,
      "mid_mean": -61.03128433227539,
      "mid_to_side_loudness": -0.3025447428226471,
      "mid_to_side_loudness_range": 0.6588564515113831,
      "side_mean": -61.23817825317383
    }
  ],
  "bands_short": [
    {
      "high_freq": 148.1999969482422,
      "loudness": -59.319671630859375,
      "loudness_range": 9.227947235107422,
      "mid_mean": -59.83732604980469,
      "mid_to_side_loudness": -1.3478950262069702,
      "mid_to_side_loudness_range": 12.195362091064453,
      "side_mean": -60.79018783569336
    },
    {
      "high_freq": 392.3793640136719,
      "loudness": -64.19259643554688,
      "loudness_range": 11.564754486083984,
      "low_freq": 148.1999969482422,
      "mid_mean": -62.45153045654297,
      "mid_to_side_loudness": -4.637975215911865,
      "mid_to_side_loudness_range": 10.54019832611084,
      "side_mean": -65.44927215576172
    },
    {
      "high_freq": 794.6976318359375,
      "loudness": -40.17939758300781,
      "loudness_range": 32.91856384277344,
      "low_freq": 392.3793640136719,
      "mid_mean": -40.01792526245117,
      "mid_to_side_loudness": -9.336182594299316,
      "mid_to_side_loudness_range": 5.9221649169921875,
      "side_mean": -52.40657043457031
    },
    {
      "high_freq": 1457.5709228515625,
      "loudness": -33.34236526489258,
      "loudness_range": 22.207565307617188,
      "low_freq": 794.6976318359375,
      "mid_mean": -31.201885223388672,
      "mid_to_side_loudness": -7.895474433898926,
      "mid_to_side_loudness_range": 2.607332706451416,
      "side_mean": -39.30902099609375
    },
    {
      "high_freq": 2549.74365234375,
      "loudness": -38.787681579589844,
      "loudness_range": 23.804040908813477,
      "low_freq": 1457.5709228515625,
      "mid_mean": -36.80149459838867,
      "mid_to_side_loudness": -6.540510654449463,
      "mid_to_side_loudness_range": 3.7511839866638184,
      "side_mean": -43.74757766723633
    },
    {
      "high_freq": 4349.24462890625,
      "loudness": -45.88050079345703,
      "loudness_range": 22.212852478027344,
      "low_freq": 2549.74365234375,
      "mid_mean": -45.234886169433594,
      "mid_to_side_loudness": -2.343501567840576,
      "mid_to_side_loudness_range": 4.657569885253906,
      "side_mean": -51.33185958862305
    },
    {
      "high_freq": 7314.1640625,
      "loudness": -55.65056228637695,
      "loudness_range": 16.917007446289062,
      "low_freq": 4349.24462890625,
      "mid_mean": -59.67555618286133,
      "mid_to_side_loudness": 4.223985195159912,
      "mid_to_side_loudness_range": 6.262632846832275,
      "side_mean": -56.277122497558594
    },
    {
      "high_freq": 12199.2666015625,
      "loudness": -60.66714096069336,
      "loudness_range": 10.830802917480469,
      "low_freq": 7314.1640625,
      "mid_mean": -61.73595428466797,
      "mid_to_side_loudness": 1.33133864402771,
      "mid_to_side_loudness_range": 3.942260503768921,
      "side_mean": -60.66392135620117
    },
    {
      "loudness": -60.74139404296875,
      "loudness_range": 4.451995849609375,
      "low_freq": 12199.2666015625,
      "mid_mean": -61.04757308959961,
      "mid_to_side_loudness": -0.31624701619148254,
      "mid_to_side_loudness_range": 1.4131215810775757,
      "side_mean": -61.24831008911133
    }
  ],
  "bandwidth": 995.9463500976562,
  "channels": 2,
  "covariance": [
    [
      29.2525577545166,
      26.837005615234375,
      17.142959594726562,
      10.554534912109375,
      5.571540832519531,
      45.77243423461914,
      10.431037902832031,
      10.125577926635742,
      9.72546672821045,
      10.655518531799316,
      12.951896667480469,
      52.058006286621094,
      30.41594696044922,
      39.756526947021484,
      24.024110794067383,
      26.883371353149414,
      23.994136810302734,
      23.515201568603516
    ],
    [
      26.837005615234375,
      26.11298370361328,
      16.074478149414062,
      10.334733009338379,
      6.80956506729126,
      43.588226318359375,
      9.583484649658203,
      9.444117546081543,
      9.077899932861328,
      9.9806489944458,
      11.944700241088867,
      47.87813949584961,
      27.915681838989258,
      36.49310302734375,
      21.993234634399414,
      24.65424919128418,
      22.27264404296875,
      21.827560424804688
    ],
    [
      17.142959594726562,
      16.074478149414062,
      19.60585594177246,
      9.40456771850586,
      9.876669883728027,
      32.986351013183594,
      -2.86377215385437,
      -3.2382137775421143,
      -2.6362900733947754,
      -1.8639315366744995,
      -0.6721084117889404,
      25.43132972717285,
      14.154450416564941,
      19.25041389465332,
      12.231710433959961,
      13.809054374694824,
      13.997721672058105,
      13.7569580078125
    ],
    [
      10.554534912109375,
      10.334733009338379,
      9.40456771850586,
      6.306172847747803,
      4.444860935211182,
      18.088930130004883,
      -1.527296543121338,
      -1.4423439502716064,
      -0.5833484530448914,
      0.17592336237430573,
      0.6405960917472839,
      15.623298645019531,
      8.870826721191406,
      12.055188179016113,
      7.566173553466797,
      8.395013809204102,
      8.42684555053711,
      8.29451847076416
    ],
    [
      5.571540832519531,
      6.80956506729126,
      9.876669883728027,
      4.444860935211182,
      139.96499633789062,
      129.23245239257812,
      -30.274133682250977,
      -29.001728057861328,
      -19.112991333007812,
      -19.36622428894043,
      -17.636377334594727,
      -11.656229019165039,
      -11.575648307800293,
      -10.134276390075684,
      -6.255417346954346,
      -6.964840888977051,
      5.245346546173096,
      5.526327610015869
    ],
    [
      45.77243423461914,
      43.588226318359375,
      32.986351013183594,
      18.088930130004883,
      129.23245239257812,
      178.71043395996094,
      -25.544063568115234,
      -24.386255264282227,
      -14.949847221374512,
      -15.061131477355957,
      -11.512846946716309,
      64.32862091064453,
      32.319278717041016,
      46.65974044799805,
      27.742328643798828,
      31.26007652282715,
      38.137672424316406,
      37.62748336791992
    ],
    [
      10.431037902832031,
      9.583484649658203,
      -2.86377215385437,
      -1.527296543121338,
      -30.274133682250977,
      -25.544063568115234,
      77.86490631103516,
      75.37881469726562,
      47.5884895324707,
      48.04373550415039,
      53.946861267089844,
      51.824893951416016,
      30.556032180786133,
      34.1018180847168,
      18.91266441345215,
      22.538759231567383,
      11.014694213867188,
      10.684569358825684
    ],
    [
      10.125577926635742,
      9.444117546081543,
      -3.2382137775421143,
      -1.4423439502716064,
      -29.001728057861328,
      -24.386255264282227,
      75.37881469726562,
      74.4063491821289,
      45.2900390625,
      45.850990295410156,
      52.22378921508789,
      50.21086883544922,
      29.6170654296875,
      33.119773864746094,
      18.50140380859375,
      21.956823348999023,
      10.80040168762207,
      10.510683059692383
    ],
    [
      9.72546672821045,
      9.077899932861328,
      -2.6362900733947754,
      -0.5833484530448914,
      -19.112991333007812,
      -14.949847221374512,
      47.5884895324707,
      45.2900390625,
      71.76323699951172,
      68.49636840820312,
      53.38918685913086,
      50.166900634765625,
      33.2994384765625,
      36.31884765625,
      17.35084342956543,
      20.985069274902344,
      10.236369132995605,
      9.84841251373291
    ],
    [
      10.655518531799316,
      9.9806489944458,
      -1.8639315366744995,
      0.17592336237430573,
      -19.36622428894043,
      -15.061131477355957,
      48.04373550415039,
      45.850990295410156,
      68.49636840820312,
      68.27116394042969,
      53.60186767578125,
      50.72087097167969,
      33.562110900878906,
      37.10135269165039,
      18.195842742919922,
      21.67723846435547,
      10.849513053894043,
      10.465287208557129
    ],
    [
      12.951896667480469,
      11.944700241088867,
      -0.6721084117889404,
      0.6405960917472839,
      -17.636377334594727,
      -11.512846946716309,
      53.946861267089844,
      52.22378921508789,
      53.38918685913086,
      53.60186767578125,
      66.77861022949219,
      62.9810676574707,
      37.81483459472656,
      42.67852020263672,
      21.731536865234375,
      25.55544662475586,
      13.451624870300293,
      12.951583862304688
    ],
    [
      52.058006286621094,
      47.87813949584961,
      25.43132972717285,
      15.623298645019531,
      -11.656229019165039,
      64.32862091064453,
      51.824893951416016,
      50.21086883544922,
      50.166900634765625,
      50.72087097167969,
      62.9810676574707,
      123.9768295288086,
      70.90828704833984,
      88.23577117919922,
      50.14101028442383,
      57.0571403503418,
      44.93836975097656,
      43.768341064453125
    ],
    [
      30.41594696044922,
      27.915681838989258,
      14.154450416564941,
      8.870826721191406,
      -11.575648307800293,
      32.319278717041016,
      30.556032180786133,
      29.6170654296875,
      33.2994384765625,
      33.562110900878906,
      37.81483459472656,
      70.90828704833984,
      46.454200744628906,
      55.61168670654297,
      30.85396957397461,
      35.33224868774414,
      26.625532150268555,
      25.951574325561523
    ],
    [
      39.756526947021484,
      36.49310302734375,
      19.25041389465332,
      12.055188179016113,
      -10.134276390075684,
      46.65974044799805,
      34.1018180847168,
      33.119773864746094,
      36.31884765625,
      37.10135269165039,
      42.67852020263672,
      88.23577117919922,
      55.61168670654297,
      69.31462860107422,
      39.4755744934082,
      44.635902404785156,
      34.39188003540039,
      33.550025939941406
    ],
    [
      24.024110794067383,
      21.993234634399414,
      12.231710433959961,
      7.566173553466797,
      -6.255417346954346,
      27.742328643798828,
      18.91266441345215,
      18.50140380859375,
      17.35084342956543,
      18.195842742919922,
      21.731536865234375,
      50.14101028442383,
      30.85396957397461,
      39.4755744934082,
      24.813766479492188,
      27.217227935791016,
      20.78690528869629,
      20.29082489013672
    ],
    [
      26.883371353149414,
      24.65424919128418,
      13.809054374694824,
      8.395013809204102,
      -6.964840888977051,
      31.26007652282715,
      22.538759231567383,
      21.956823348999023,
      20.985069274902344,
      21.67723846435547,
      25.55544662475586,
      57.0571403503418,
      35.33224868774414,
      44.635902404785156,
      27.217227935791016,
      30.701444625854492,
      23.291786193847656,
      22.72116470336914
    ],
    [
      23.994136810302734,
      22.27264404296875,
      13.997721672058105,
      8.42684555053711,
      5.245346546173096,
      38.137672424316406,
      11.014694213867188,
      10.80040168762207,
      10.236369132995605,
      10.849513053894043,
      13.451624870300293,
      44.93836975097656,
      26.625532150268555,
      34.39188003540039,
      20.78690528869629,
      23.291786193847656,
      20.4608097076416,
      20.019451141357422
    ],
    [
      23.515201568603516,
      21.827560424804688,
      13.7569580078125,
      8.29451847076416,
      5.526327610015869,
      37.62748336791992,
      10.684569358825684,
      10.510683059692383,
      9.84841251373291,
      10.465287208557129,
      12.951583862304688,
      43.768341064453125,
      25.951574325561523,
      33.550025939941406,
      20.29082489013672,
      22.72116470336914,
      20.019451141357422,
      19.627609252929688
    ]
  ],
  "covariance_short": [
    [
      30.693828582763672,
      24.06243896484375,
      16.70084571838379,
      11.220969200134277,
      1.9515973329544067,
      36.983665466308594,
      9.384208679199219,
      9.10562515258789,
      8.404162406921387,
      10.35994815826416,
      13.01070499420166,
      48.67396926879883,
      28.056676864624023,
      36.9393196105957,
      22.298686981201172,
      24.959552764892578,
      22.827320098876953,
      22.37656021118164
    ],
    [
      24.06243896484375,
      28.863731384277344,
      15.287333488464355,
      10.975271224975586,
      3.144181728363037,
      34.5171012878418,
      8.112406730651855,
      7.963980674743652,
      7.7498884201049805,
      9.411531448364258,
      11.599077224731445,
      43.77571105957031,
      25.45088005065918,
      33.40511703491211,
      20.178987503051758,
      22.69266128540039,
      20.954809188842773,
      20.534517288208008
    ],
    [
      16.70084571838379,
      15.287333488464355,
      22.468074798583984,
      10.869377136230469,
      12.12951374053955,
      33.239986419677734,
      -7.556527614593506,
      -7.627216815948486,
      -9.870768547058105,
      -8.881072998046875,
      -6.526884078979492,
      23.36292839050293,
      13.721033096313477,
      18.235876083374023,
      11.807012557983398,
      13.329501152038574,
      14.44292163848877,
      14.122184753417969
    ],
    [
      11.220969200134277,
      10.975271224975586,
      10.869377136230469,
      8.62367057800293,
      4.420379161834717,
      18.73552131652832,
      -2.373835802078247,
      -2.338437080383301,
      -2.85072922706604,
      -1.8524138927459717,
      -0.2863077223300934,
      17.12907600402832,
      10.339828491210938,
      13.698816299438477,
      8.704757690429688,
      9.792170524597168,
      9.923542976379395,
      9.741125106811523
    ],
    [
      1.9515973329544067,
      3.144181728363037,
      12.12951374053955,
      4.420379161834717,
      183.0603790283203,
      163.6404266357422,
      -40.510250091552734,
      -38.361083984375,
      -34.21068572998047,
      -33.7740364074707,
      -33.43999099731445,
      -27.722074508666992,
      -21.05819320678711,
      -21.47389793395996,
      -12.530933380126953,
      -14.67458724975586,
      2.277644157409668,
      2.7774133682250977
    ],
    [
      36.983665466308594,
      34.5171012878418,
      33.239986419677734,
      18.73552131652832,
      163.6404266357422,
      184.3154754638672,
      -31.751232147216797,
      -30.030553817749023,
      -27.307249069213867,
      -26.2130126953125,
      -23.462539672851562,
      46.97359085083008,
      22.01776885986328,
      33.98338317871094,
      20.581409454345703,
      22.80040740966797,
      33.4091911315918,
      33.101253509521484
    ],
    [
      9.384208679199219,
      8.112406730651855,
      -7.556527614593506,
      -2.373835802078247,
      -40.510250091552734,
      -31.751232147216797,
      81.3547592163086,
      78.03194427490234,
      54.04185485839844,
      54.93354415893555,
      59.952091217041016,
      55.7004280090332,
      31.100107192993164,
      34.95124435424805,
      18.653953552246094,
      22.441434860229492,
      10.101011276245117,
      9.739740371704102
    ],
    [
      9.10562515258789,
      7.963980674743652,
      -7.627216815948486,
      -2.338437080383301,
      -38.361083984375,
      -30.030553817749023,
      78.03194427490234,
      76.35957336425781,
      51.23408126831055,
      52.42168426513672,
      58.0243034362793,
      53.97977066040039,
      29.873266220092773,
      33.82255172729492,
      18.19036293029785,
      21.745187759399414,
      9.861623764038086,
      9.53419303894043
    ],
    [
      8.404162406921387,
      7.7498884201049805,
      -9.870768547058105,
      -2.85072922706604,
      -34.21068572998047,
      -27.307249069213867,
      54.04185485839844,
      51.23408126831055,
      81.86500549316406,
      77.38184356689453,
      59.20206069946289,
      54.289546966552734,
      31.900341033935547,
      36.0908088684082,
      16.493907928466797,
      19.986827850341797,
      9.05178165435791,
      8.62897777557373
    ],
    [
      10.35994815826416,
      9.411531448364258,
      -8.881072998046875,
      -1.8524138927459717,
      -33.7740364074707,
      -26.2130126953125,
      54.93354415893555,
      52.42168426513672,
      77.38184356689453,
      79.8600082397461,
      61.29386901855469,
      57.056434631347656,
      33.518043518066406,
      38.68058776855469,
      18.409677505493164,
      21.882570266723633,
      10.827827453613281,
      10.3566312789917
    ],
    [
      13.01070499420166,
      11.599077224731445,
      -6.526884078979492,
      -0.2863077223300934,
      -33.43999099731445,
      -23.462539672851562,
      59.952091217041016,
      58.0243034362793,
      59.20206069946289,
      61.29386901855469,
      79.04440307617188,
      73.27373504638672,
      38.73517608642578,
      45.10670852661133,
      22.271265029907227,
      26.631385803222656,
      13.856124877929688,
      13.316595077514648
    ],
    [
      48.67396926879883,
      43.77571105957031,
      23.36292839050293,
      17.12907600402832,
      -27.722074508666992,
      46.97359085083008,
      55.7004280090332,
      53.97977066040039,
      54.289546966552734,
      57.056434631347656,
      73.27373504638672,
      129.21133422851562,
      69.7457046508789,
      87.9923095703125,
      49.27858352661133,
      56.42832946777344,
      44.862239837646484,
      43.66884231567383
    ],
    [
      28.056676864624023,
      25.45088005065918,
      13.721033096313477,
      10.339828491210938,
      -21.05819320678711,
      22.01776885986328,
      31.100107192993164,
      29.873266220092773,
      31.900341033935547,
      33.518043518066406,
      38.73517608642578,
      69.7457046508789,
      46.58051300048828,
      55.30887222290039,
      29.880922317504883,
      34.40276336669922,
      26.004844665527344,
      25.294898986816406
    ],
    [
      36.9393196105957,
      33.40511703491211,
      18.235876083374023,
      13.698816299438477,
      -21.47389793395996,
      33.98338317871094,
      34.95124435424805,
      33.82255172729492,
      36.0908088684082,
      38.68058776855469,
      45.10670852661133,
      87.9923095703125,
      55.30887222290039,
      69.93863677978516,
      38.793792724609375,
      43.9605712890625,
      33.922630310058594,
      33.0010871887207
    ],
    [
      22.298686981201172,
      20.178987503051758,
      11.807012557983398,
      8.704757690429688,
      -12.530933380126953,
      20.581409454345703,
      18.653953552246094,
      18.19036293029785,
      16.493907928466797,
      18.409677505493164,
      22.271265029907227,
      49.27858352661133,
      29.880922317504883,
      38.793792724609375,
      25.08616828918457,
      27.19805908203125,
      20.631933212280273,
      20.057727813720703
    ],
    [
      24.959552764892578,
      22.69266128540039,
      13.329501152038574,
      9.792170524597168,
      -14.67458724975586,
      22.80040740966797,
      22.441434860229492,
      21.745187759399414,
      19.986827850341797,
      21.882570266723633,
      26.631385803222656,
      56.42832946777344,
      34.40276336669922,
      43.9605712890625,
      27.19805908203125,
      30.92641830444336,
      23.134721755981445,
      22.479278564453125
    ],
    [
      22.827320098876953,
      20.954809188842773,
      14.44292163848877,
      9.923542976379395,
      2.277644157409668,
      33.4091911315918,
      10.101011276245117,
      9.861623764038086,
      9.05178165435791,
      10.827827453613281,
      13.856124877929688,
      44.862239837646484,
      26.004844665527344,
      33.922630310058594,
      20.631933212280273,
      23.134721755981445,
      20.907684326171875,
      20.361726760864258
    ],
    [
      22.37656021118164,
      20.534517288208008,
      14.122184753417969,
      9.741125106811523,
      2.7774133682250977,
      33.101253509521484,
      9.739740371704102,
      9.53419303894043,
      8.62897777557373,
      10.3566312789917,
      13.316595077514648,
      43.66884231567383,
      25.294898986816406,
      33.0010871887207,
      20.057727813720703,
      22.479278564453125,
      20.361726760864258,
      20.00562858581543
    ]
  ],
  "damage": -16.19538116455078,
  "diff_bandwidth": 1021.60400390625,
  "dissonance": 2.8438101918217082,
  "drr": 0.9149085879325867,
  "dynamics": 3.9812841415405273,
  "format": 1245190,
  "frames": 2347008,
  "loudness": -24.42641830444336,
  "loudness_range": 11.625955581665039,
  "loudness_range_short": 14.344968795776367,
  "lowpass_true_peak_15khz": -12.932954788208008,
  "mastering3_acoustic_entropies": [
    {
      "acoustic_entropy": 11.26888656616211,
      "acoustic_entropy_mono": 10.423589706420898,
      "band_eliminated_acoustic_entropies": [
        {
          "acoustic_entropy": 11.268906593322754,
          "acoustic_entropy_side": 11.268885612487793,
          "hz": 129.47220167065723
        },
        {
          "acoustic_entropy": 11.26888656616211,
          "acoustic_entropy_side": 11.268885612487793,
          "hz": 202.92927478742237
        },
        {
          "acoustic_entropy": 11.268892288208008,
          "acoustic_entropy_side": 11.268885612487793,
          "hz": 282.89161906338205
        },
        {
          "acoustic_entropy": 11.268681526184082,
          "acoustic_entropy_side": 11.26888656616211,
          "hz": 369.9353335868758
        },
        {
          "acoustic_entropy": 11.175792694091797,
          "acoustic_entropy_side": 11.29355525970459,
          "hz": 464.6875360973435
        },
        {
          "acoustic_entropy": 11.309138298034668,
          "acoustic_entropy_side": 11.291857719421387,
          "hz": 567.8308811364784
        },
        {
          "acoustic_entropy": 11.218860626220703,
          "acoustic_entropy_side": 11.355173110961914,
          "hz": 680.1084783214808
        },
        {
          "acoustic_entropy": 10.87219524383545,
          "acoustic_entropy_side": 11.173456192016602,
          "hz": 802.3292461747484
        },
        {
          "acoustic_entropy": 11.021617889404297,
          "acoustic_entropy_side": 10.960576057434082,
          "hz": 935.3737400823702
        },
        {
          "acoustic_entropy": 10.75539779663086,
          "acoustic_entropy_side": 11.064059257507324,
          "hz": 1080.2004963696966
        },
        {
          "acoustic_entropy": 11.630600929260254,
          "acoustic_entropy_side": 11.014028549194336,
          "hz": 1237.8529382007157
        },
        {
          "acoustic_entropy": 9.621808052062988,
          "acoustic_entropy_side": 10.770557403564453,
          "hz": 1409.4668930556702
        },
        {
          "acoustic_entropy": 11.023164749145508,
          "acoustic_entropy_side": 11.366388320922852,
          "hz": 1596.2787759475705
        },
        {
          "acoustic_entropy": 10.648094177246094,
          "acoustic_entropy_side": 10.69886302947998,
          "hz": 1799.6344973346393
        },
        {
          "acoustic_entropy": 11.100455284118652,
          "acoustic_entropy_side": 11.278404235839844,
          "hz": 2020.9991599069049
        },
        {
          "acoustic_entropy": 10.937285423278809,
          "acoustic_entropy_side": 11.087528228759766,
          "hz": 2261.9676141086993
        },
        {
          "acoustic_entropy": 11.459327697753906,
          "acoustic_entropy_side": 11.37316608428955,
          "hz": 2524.2759484456974
        },
        {
          "acoustic_entropy": 11.241864204406738,
          "acoustic_entropy_side": 11.20571231842041,
          "hz": 2809.813997359896
        },
        {
          "acoustic_entropy": 11.257953643798828,
          "acoustic_entropy_side": 11.286333084106445,
          "hz": 3120.6389567871424
        },
        {
          "acoustic_entropy": 11.531500816345215,
          "acoustic_entropy_side": 11.41811752319336,
          "hz": 3458.990205492291
        },
        {
          "acoustic_entropy": 11.350528717041016,
          "acoustic_entropy_side": 11.418122291564941,
          "hz": 3827.305438964164
        },
        {
          "acoustic_entropy": 11.32968521118164,
          "acoustic_entropy_side": 11.293816566467285,
          "hz": 4228.238232109126
        },
        {
          "acoustic_entropy": 11.27609920501709,
          "acoustic_entropy_side": 11.272775650024414,
          "hz": 4664.6771572759235
        },
        {
          "acoustic_entropy": 11.280817031860352,
          "acoustic_entropy_side": 11.275492668151855,
          "hz": 5139.766595350093
        },
        {
          "acoustic_entropy": 11.269042015075684,
          "acoustic_entropy_side": 11.268937110900879,
          "hz": 5656.929389854203
        },
        {
          "acoustic_entropy": 11.270634651184082,
          "acoustic_entropy_side": 11.270389556884766,
          "hz": 6219.891507268283
        },
        {
          "acoustic_entropy": 11.26979923248291,
          "acoustic_entropy_side": 11.269790649414062,
          "hz": 6832.70888123896
        },
        {
          "acoustic_entropy": 11.269609451293945,
          "acoustic_entropy_side": 11.26959228515625,
          "hz": 7499.796634079867
        },
        {
          "acoustic_entropy": 11.268950462341309,
          "acoustic_entropy_side": 11.268942832946777,
          "hz": 8225.96088609342
        },
        {
          "acoustic_entropy": 11.268970489501953,
          "acoustic_entropy_side": 11.268964767456055,
          "hz": 9016.43338188839
        },
        {
          "acoustic_entropy": 11.268985748291016,
          "acoustic_entropy_side": 11.2689790725708,
          "hz": 9876.909183162974
        },
        {
          "acoustic_entropy": 11.269027709960938,
          "acoustic_entropy_side": 11.268991470336914,
          "hz": 10813.587699516042
        },
        {
          "acoustic_entropy": 11.269064903259277,
          "acoustic_entropy_side": 11.26893138885498,
          "hz": 11833.21735289826
        },
        {
          "acoustic_entropy": 11.26895809173584,
          "acoustic_entropy_side": 11.268891334533691,
          "hz": 12943.144197493959
        },
        {
          "acoustic_entropy": 11.268890380859375,
          "acoustic_entropy_side": 11.26888656616211,
          "hz": 14151.364845322005
        },
        {
          "acoustic_entropy": 11.268898010253906,
          "acoustic_entropy_side": 11.268891334533691,
          "hz": 15466.58407886509
        },
        {
          "acoustic_entropy": 11.268922805786133,
          "acoustic_entropy_side": 11.26890754699707,
          "hz": 16898.27756580493
        },
        {
          "acoustic_entropy": 11.268930435180664,
          "acoustic_entropy_side": 11.268908500671387,
          "hz": 18456.760127700032
        },
        {
          "acoustic_entropy": 11.268922805786133,
          "acoustic_entropy_side": 11.268901824951172,
          "hz": 20153.260054456492
        },
        {
          "acoustic_entropy": 11.268892288208008,
          "acoustic_entropy_side": 11.268888473510742,
          "hz": 22000.00000000001
        }
      ],
      "diff_acoustic_entropy": 8.111093521118164,
      "sn": 6
    },
    {
      "acoustic_entropy": 15.131134033203125,
      "acoustic_entropy_mono": 15.385109901428223,
      "band_eliminated_acoustic_entropies": [
        {
          "acoustic_entropy": 15.131087303161621,
          "acoustic_entropy_side": 15.131129264831543,
          "hz": 129.47220167065723
        },
        {
          "acoustic_entropy": 15.131129264831543,
          "acoustic_entropy_side": 15.131131172180176,
          "hz": 202.92927478742237
        },
        {
          "acoustic_entropy": 15.131240844726562,
          "acoustic_entropy_side": 15.131141662597656,
          "hz": 282.89161906338205
        },
        {
          "acoustic_entropy": 15.131391525268555,
          "acoustic_entropy_side": 15.131166458129883,
          "hz": 369.9353335868758
        },
        {
          "acoustic_entropy": 14.244983673095703,
          "acoustic_entropy_side": 15.133309364318848,
          "hz": 464.6875360973435
        },
        {
          "acoustic_entropy": 14.589339256286621,
          "acoustic_entropy_side": 15.18154239654541,
          "hz": 567.8308811364784
        },
        {
          "acoustic_entropy": 15.6981840133667,
          "acoustic_entropy_side": 14.714216232299805,
          "hz": 680.1084783214808
        },
        {
          "acoustic_entropy": 15.245474815368652,
          "acoustic_entropy_side": 14.912431716918945,
          "hz": 802.3292461747484
        },
        {
          "acoustic_entropy": 14.882229804992676,
          "acoustic_entropy_side": 15.11397647857666,
          "hz": 935.3737400823702
        },
        {
          "acoustic_entropy": 15.220991134643555,
          "acoustic_entropy_side": 15.33674430847168,
          "hz": 1080.2004963696966
        },
        {
          "acoustic_entropy": 14.781827926635742,
          "acoustic_entropy_side": 14.840975761413574,
          "hz": 1237.8529382007157
        },
        {
          "acoustic_entropy": 14.121260643005371,
          "acoustic_entropy_side": 15.189573287963867,
          "hz": 1409.4668930556702
        },
        {
          "acoustic_entropy": 14.854471206665039,
          "acoustic_entropy_side": 15.25314998626709,
          "hz": 1596.2787759475705
        },
        {
          "acoustic_entropy": 14.676568031311035,
          "acoustic_entropy_side": 15.114311218261719,
          "hz": 1799.6344973346393
        },
        {
          "acoustic_entropy": 14.936261177062988,
          "acoustic_entropy_side": 15.086332321166992,
          "hz": 2020.9991599069049
        },
        {
          "acoustic_entropy": 14.801344871520996,
          "acoustic_entropy_side": 15.626849174499512,
          "hz": 2261.9676141086993
        },
        {
          "acoustic_entropy": 15.745640754699707,
          "acoustic_entropy_side": 15.369148254394531,
          "hz": 2524.2759484456974
        },
        {
          "acoustic_entropy": 15.176484107971191,
          "acoustic_entropy_side": 15.165692329406738,
          "hz": 2809.813997359896
        },
        {
          "acoustic_entropy": 15.248645782470703,
          "acoustic_entropy_side": 15.163487434387207,
          "hz": 3120.6389567871424
        },
        {
          "acoustic_entropy": 15.222447395324707,
          "acoustic_entropy_side": 14.895942687988281,
          "hz": 3458.990205492291
        },
        {
          "acoustic_entropy": 14.929811477661133,
          "acoustic_entropy_side": 15.517362594604492,
          "hz": 3827.305438964164
        },
        {
          "acoustic_entropy": 14.493813514709473,
          "acoustic_entropy_side": 14.959660530090332,
          "hz": 4228.238232109126
        },
        {
          "acoustic_entropy": 15.252379417419434,
          "acoustic_entropy_side": 15.195436477661133,
          "hz": 4664.6771572759235
        },
        {
          "acoustic_entropy": 15.100111961364746,
          "acoustic_entropy_side": 15.120674133300781,
          "hz": 5139.766595350093
        },
        {
          "acoustic_entropy": 15.151290893554688,
          "acoustic_entropy_side": 15.146512985229492,
          "hz": 5656.929389854203
        },
        {
          "acoustic_entropy": 15.126936912536621,
          "acoustic_entropy_side": 15.126523971557617,
          "hz": 6219.891507268283
        },
        {
          "acoustic_entropy": 15.12404727935791,
          "acoustic_entropy_side": 15.12339973449707,
          "hz": 6832.70888123896
        },
        {
          "acoustic_entropy": 15.130046844482422,
          "acoustic_entropy_side": 15.129953384399414,
          "hz": 7499.796634079867
        },
        {
          "acoustic_entropy": 15.134431838989258,
          "acoustic_entropy_side": 15.134387969970703,
          "hz": 8225.96088609342
        },
        {
          "acoustic_entropy": 15.132011413574219,
          "acoustic_entropy_side": 15.131945610046387,
          "hz": 9016.43338188839
        },
        {
          "acoustic_entropy": 15.131268501281738,
          "acoustic_entropy_side": 15.13124942779541,
          "hz": 9876.909183162974
        },
        {
          "acoustic_entropy": 15.129624366760254,
          "acoustic_entropy_side": 15.130413055419922,
          "hz": 10813.587699516042
        },
        {
          "acoustic_entropy": 15.126688957214355,
          "acoustic_entropy_side": 15.129977226257324,
          "hz": 11833.21735289826
        },
        {
          "acoustic_entropy": 15.128457069396973,
          "acoustic_entropy_side": 15.130654335021973,
          "hz": 12943.144197493959
        },
        {
          "acoustic_entropy": 15.130829811096191,
          "acoustic_entropy_side": 15.131011962890625,
          "hz": 14151.364845322005
        },
        {
          "acoustic_entropy": 15.13093376159668,
          "acoustic_entropy_side": 15.131050109863281,
          "hz": 15466.58407886509
        },
        {
          "acoustic_entropy": 15.130838394165039,
          "acoustic_entropy_side": 15.130977630615234,
          "hz": 16898.27756580493
        },
        {
          "acoustic_entropy": 15.130757331848145,
          "acoustic_entropy_side": 15.13093376159668,
          "hz": 18456.760127700032
        },
        {
          "acoustic_entropy": 15.13082504272461,
          "acoustic_entropy_side": 15.13097858428955,
          "hz": 20153.260054456492
        },
        {
          "acoustic_entropy": 15.131084442138672,
          "acoustic_entropy_side": 15.131112098693848,
          "hz": 22000.00000000001
        }
      ],
      "diff_acoustic_entropy": 10.80990219116211,
      "sn": 12
    },
    {
      "acoustic_entropy": 21.131044387817383,
      "acoustic_entropy_mono": 20.677038192749023,
      "band_eliminated_acoustic_entropies": [
        {
          "acoustic_entropy": 21.13163948059082,
          "acoustic_entropy_side": 21.13068962097168,
          "hz": 129.47220167065723
        },
        {
          "acoustic_entropy": 21.131105422973633,
          "acoustic_entropy_side": 21.130598068237305,
          "hz": 202.92927478742237
        },
        {
          "acoustic_entropy": 21.13307762145996,
          "acoustic_entropy_side": 21.131004333496094,
          "hz": 282.89161906338205
        },
        {
          "acoustic_entropy": 21.14325523376465,
          "acoustic_entropy_side": 21.132837295532227,
          "hz": 369.9353335868758
        },
        {
          "acoustic_entropy": 20.893159866333008,
          "acoustic_entropy_side": 21.09742546081543,
          "hz": 464.6875360973435
        },
        {
          "acoustic_entropy": 21.26848030090332,
          "acoustic_entropy_side": 21.249963760375977,
          "hz": 567.8308811364784
        },
        {
          "acoustic_entropy": 20.43235969543457,
          "acoustic_entropy_side": 20.70526695251465,
          "hz": 680.1084783214808
        },
        {
          "acoustic_entropy": 20.46491813659668,
          "acoustic_entropy_side": 21.547691345214844,
          "hz": 802.3292461747484
        },
        {
          "acoustic_entropy": 21.138221740722656,
          "acoustic_entropy_side": 21.30916404724121,
          "hz": 935.3737400823702
        },
        {
          "acoustic_entropy": 21.429040908813477,
          "acoustic_entropy_side": 21.01237678527832,
          "hz": 1080.2004963696966
        },
        {
          "acoustic_entropy": 20.76668357849121,
          "acoustic_entropy_side": 20.79029655456543,
          "hz": 1237.8529382007157
        },
        {
          "acoustic_entropy": 20.37674903869629,
          "acoustic_entropy_side": 20.777769088745117,
          "hz": 1409.4668930556702
        },
        {
          "acoustic_entropy": 22.325328826904297,
          "acoustic_entropy_side": 21.3320369720459,
          "hz": 1596.2787759475705
        },
        {
          "acoustic_entropy": 20.503694534301758,
          "acoustic_entropy_side": 21.578649520874023,
          "hz": 1799.6344973346393
        },
        {
          "acoustic_entropy": 21.663291931152344,
          "acoustic_entropy_side": 21.324310302734375,
          "hz": 2020.9991599069049
        },
        {
          "acoustic_entropy": 21.81500816345215,
          "acoustic_entropy_side": 21.388362884521484,
          "hz": 2261.9676141086993
        },
        {
          "acoustic_entropy": 21.410472869873047,
          "acoustic_entropy_side": 21.998092651367188,
          "hz": 2524.2759484456974
        },
        {
          "acoustic_entropy": 20.726905822753906,
          "acoustic_entropy_side": 21.293228149414062,
          "hz": 2809.813997359896
        },
        {
