{
  "acoustic_entropy": 188.4539794921875,
  "bands": [
    {
      "high_freq": 148.1999969482422,
      "loudness": -19.077472686767578,
      "loudness_range": 16.384090423583984,
      "mid_mean": -15.626787185668945,
      "mid_to_side_loudness": -16.84712791442871,
      "mid_to_side_loudness_range": 18.345895767211914,
      "side_mean": -32.48434829711914
    },
    {
      "high_freq": 392.3793640136719,
      "loudness": -20.5260009765625,
      "loudness_range": 7.4083709716796875,
      "low_freq": 148.1999969482422,
      "mid_mean": -17.703903198242188,
      "mid_to_side_loudness": -9.291717529296875,
      "mid_to_side_loudness_range": 18.983945846557617,
      "side_mean": -27.03362274169922
    },
    {
      "high_freq": 794.6976318359375,
      "loudness": -27.003047943115234,
      "loudness_range": 9.76875114440918,
      "low_freq": 392.3793640136719,
      "mid_mean": -24.022109985351562,
      "mid_to_side_loudness": -8.4487943649292,
      "mid_to_side_loudness_range": 10.071381568908691,
      "side_mean": -32.52299118041992
    },
    {
      "high_freq": 1457.5709228515625,
      "loudness": -22.998769760131836,
      "loudness_range": 13.15162467956543,
      "low_freq": 794.6976318359375,
      "mid_mean": -20.167104721069336,
      "mid_to_side_loudness": -7.621049404144287,
      "mid_to_side_loudness_range": 10.298792839050293,
      "side_mean": -27.82851219177246
    },
    {
      "high_freq": 2549.74365234375,
      "loudness": -23.115917205810547,
      "loudness_range": 13.964164733886719,
      "low_freq": 1457.5709228515625,
      "mid_mean": -20.529109954833984,
      "mid_to_side_loudness": -6.506552696228027,
      "mid_to_side_loudness_range": 10.547759056091309,
      "side_mean": -27.0598087310791
    },
    {
      "high_freq": 4349.24462890625,
      "loudness": -23.78553009033203,
      "loudness_range": 11.997489929199219,
      "low_freq": 2549.74365234375,
      "mid_mean": -21.515256881713867,
      "mid_to_side_loudness": -4.640319347381592,
      "mid_to_side_loudness_range": 8.150642395019531,
      "side_mean": -26.17266845703125
    },
    {
      "high_freq": 7314.1640625,
      "loudness": -23.543312072753906,
      "loudness_range": 10.815065383911133,
      "low_freq": 4349.24462890625,
      "mid_mean": -21.085418701171875,
      "mid_to_side_loudness": -5.129793167114258,
      "mid_to_side_loudness_range": 6.242171287536621,
      "side_mean": -26.255935668945312
    },
    {
      "high_freq": 12199.2666015625,
      "loudness": -23.78731346130371,
      "loudness_range": 21.444538116455078,
      "low_freq": 7314.1640625,
      "mid_mean": -20.992050170898438,
      "mid_to_side_loudness": -6.211485385894775,
      "mid_to_side_loudness_range": 6.769355297088623,
      "side_mean": -28.151214599609375
    },
    {
      "loudness": -32.710697174072266,
      "loudness_range": 19.242586135864258,
      "low_freq": 12199.2666015625,
      "mid_mean": -29.985076904296875,
      "mid_to_side_loudness": -6.129847526550293,
      "mid_to_side_loudness_range": 8.091791152954102,
      "side_mean": -36.77565383911133
    }
  ],
  "bands_short": [
    {
      "high_freq": 148.1999969482422,
      "loudness": -24.421466827392578,
      "loudness_range": 24.072006225585938,
      "mid_mean": -20.941251754760742,
      "mid_to_side_loudness": -17.75230598449707,
      "mid_to_side_loudness_range": 19.646615982055664,
      "side_mean": -37.977291107177734
    },
    {
      "high_freq": 392.3793640136719,
      "loudness": -20.089433670043945,
      "loudness_range": 13.272573471069336,
      "low_freq": 148.1999969482422,
      "mid_mean": -17.303205490112305,
      "mid_to_side_loudness": -9.961692810058594,
      "mid_to_side_loudness_range": 21.853252410888672,
      "side_mean": -27.237518310546875
    },
    {
      "high_freq": 794.6976318359375,
      "loudness": -27.80983543395996,
      "loudness_range": 15.445236206054688,
      "low_freq": 392.3793640136719,
      "mid_mean": -24.972402572631836,
      "mid_to_side_loudness": -8.351057052612305,
      "mid_to_side_loudness_range": 13.56152057647705,
      "side_mean": -33.41141891479492
    },
    {
      "high_freq": 1457.5709228515625,
      "loudness": -24.21731185913086,
      "loudness_range": 18.229782104492188,
      "low_freq": 794.6976318359375,
      "mid_mean": -21.769994735717773,
      "mid_to_side_loudness": -6.799935340881348,
      "mid_to_side_loudness_range": 14.091346740722656,
      "side_mean": -28.443449020385742
    },
    {
      "high_freq": 2549.74365234375,
      "loudness": -24.466777801513672,
      "loudness_range": 19.25018310546875,
      "low_freq": 1457.5709228515625,
      "mid_mean": -22.273330688476562,
      "mid_to_side_loudness": -5.6611328125,
      "mid_to_side_loudness_range": 13.497138977050781,
      "side_mean": -27.801589965820312
    },
    {
      "high_freq": 4349.24462890625,
      "loudness": -26.517885208129883,
      "loudness_range": 20.787681579589844,
      "low_freq": 2549.74365234375,
      "mid_mean": -24.603912353515625,
      "mid_to_side_loudness": -3.8760643005371094,
      "mid_to_side_loudness_range": 10.867149353027344,
      "side_mean": -28.45937728881836
    },
    {
      "high_freq": 7314.1640625,
      "loudness": -26.35977554321289,
      "loudness_range": 21.318021774291992,
      "low_freq": 4349.24462890625,
      "mid_mean": -24.083580017089844,
      "mid_to_side_loudness": -4.40720796585083,
      "mid_to_side_loudness_range": 9.196975708007812,
      "side_mean": -28.889387130737305
    },
    {
      "high_freq": 12199.2666015625,
      "loudness": -26.76511573791504,
      "loudness_range": 26.80642318725586,
      "low_freq": 7314.1640625,
      "mid_mean": -24.177749633789062,
      "mid_to_side_loudness": -4.987647533416748,
      "mid_to_side_loudness_range": 9.649998664855957,
      "side_mean": -30.309598922729492
    },
    {
      "loudness": -35.820281982421875,
      "loudness_range": 25.563270568847656,
      "low_freq": 12199.2666015625,
      "mid_mean": -33.33403396606445,
      "mid_to_side_loudness": -5.017461776733398,
      "mid_to_side_loudness_range": 11.572920799255371,
      "side_mean": -39.74662399291992
    }
  ],
  "bandwidth": 631.6475219726562,
  "channels": 2,
  "covariance": [
    [
      40.884525299072266,
      8.70202922821045,
      12.241689682006836,
      -9.046326637268066,
      8.292387008666992,
      5.011915683746338,
      -2.419041395187378,
      -3.725292682647705,
      1.9863030910491943,
      -0.31718069314956665,
      0.4258744418621063,
      -1.4646028280258179,
      13.979927062988281,
      11.142095565795898,
      26.820432662963867,
      29.119619369506836,
      26.960010528564453,
      25.680965423583984
    ],
    [
      8.70202922821045,
      13.81801986694336,
      4.1090569496154785,
      9.605879783630371,
      3.2091190814971924,
      4.838879585266113,
      2.3946011066436768,
      3.873241662979126,
      4.452180862426758,
      4.245619773864746,
      2.181168556213379,
      2.916020154953003,
      3.8057057857513428,
      4.159978866577148,
      2.039915084838867,
      2.4627978801727295,
      5.238776683807373,
      4.083667755126953
    ],
    [
      12.241689682006836,
      4.1090569496154785,
      13.531523704528809,
      5.105316162109375,
      7.85938835144043,
      8.838144302368164,
      4.803462505340576,
      6.341402530670166,
      8.03844928741455,
      8.718811988830566,
      6.221685409545898,
      6.529909133911133,
      8.202842712402344,
      7.763617038726807,
      11.77486801147461,
      14.265371322631836,
      13.151266098022461,
      14.021050453186035
    ],
    [
      -9.046326637268066,
      9.605879783630371,
      5.105316162109375,
      35.03331756591797,
      7.063738822937012,
      14.996078491210938,
      11.260565757751465,
      17.62270736694336,
      11.130513191223145,
      16.677579879760742,
      11.23241901397705,
      14.397090911865234,
      3.0625247955322266,
      5.013649940490723,
      -7.05828857421875,
      -6.8907880783081055,
      2.1970744132995605,
      0.8358768224716187
    ],
    [
      8.292387008666992,
      3.2091190814971924,
      7.85938835144043,
      7.063738822937012,
      16.503284454345703,
      12.922968864440918,
      13.343994140625,
      10.87104606628418,
      13.353131294250488,
      11.583548545837402,
      13.469854354858398,
      11.563413619995117,
      9.281254768371582,
      8.149219512939453,
      6.076536655426025,
      8.62512493133545,
      8.93164348602295,
      8.447574615478516
    ],
    [
      5.011915683746338,
      4.838879585266113,
      8.838144302368164,
      14.996078491210938,
      12.922968864440918,
      20.27652931213379,
      11.015810012817383,
      15.866109848022461,
      13.346056938171387,
      18.049959182739258,
      12.48192024230957,
      15.098715782165527,
      9.484939575195312,
      10.606894493103027,
      6.639658451080322,
      12.249175071716309,
      11.110650062561035,
      12.953901290893555
    ],
    [
      -2.419041395187378,
      2.3946011066436768,
      4.803462505340576,
      11.260565757751465,
      13.343994140625,
      11.015810012817383,
      25.760000228881836,
      19.401037216186523,
      21.36997413635254,
      17.075653076171875,
      19.10414695739746,
      18.424360275268555,
      8.881436347961426,
      9.784337997436523,
      -1.2159719467163086,
      -3.1453447341918945,
      0.6884698271751404,
      -0.16965079307556152
    ],
    [
      -3.725292682647705,
      3.873241662979126,
      6.341402530670166,
      17.62270736694336,
      10.87104606628418,
      15.866109848022461,
      19.401037216186523,
      25.226438522338867,
      20.860111236572266,
      24.419198989868164,
      16.668127059936523,
      21.641437530517578,
      9.252105712890625,
      12.9706392288208,
      0.2364043891429901,
      1.9297348260879517,
      4.26149320602417,
      6.054686546325684
    ],
    [
      1.9863030910491943,
      4.452180862426758,
      8.03844928741455,
      11.130513191223145,
      13.353131294250488,
      13.346056938171387,
      21.36997413635254,
      20.860111236572266,
      28.173418045043945,
      22.410552978515625,
      17.8781795501709,
      18.84248161315918,
      12.274632453918457,
      14.057062149047852,
      0.3308919370174408,
      2.7745041847229004,
      2.3487958908081055,
      4.787952423095703
    ],
    [
      -0.31718069314956665,
      4.245619773864746,
      8.718811988830566,
      16.677579879760742,
      11.583548545837402,
      18.049959182739258,
      17.075653076171875,
      24.419198989868164,
      22.410552978515625,
      30.527284622192383,
      16.932575225830078,
      23.572526931762695,
      10.516021728515625,
      15.720294952392578,
      1.6668064594268799,
      7.508236885070801,
      6.494520664215088,
      11.929837226867676
    ],
    [
      0.4258744418621063,
      2.181168556213379,
      6.221685409545898,
      11.23241901397705,
      13.469854354858398,
      12.48192024230957,
      19.10414695739746,
      16.668127059936523,
      17.8781795501709,
      16.932575225830078,
      19.890127182006836,
      18.46790313720703,
      10.215364456176758,
      10.992280006408691,
      5.324525833129883,
      5.299864292144775,
      6.800168037414551,
      6.594274997711182
    ],
    [
      -1.4646028280258179,
      2.916020154953003,
      6.529909133911133,
      14.397090911865234,
      11.563413619995117,
      15.098715782165527,
      18.424360275268555,
      21.641437530517578,
      18.84248161315918,
      23.572526931762695,
      18.46790313720703,
      24.266277313232422,
      10.46668529510498,
      14.391727447509766,
      4.254752159118652,
      6.19161319732666,
      6.792050838470459,
      8.905099868774414
    ],
    [
      13.979927062988281,
      3.8057057857513428,
      8.202842712402344,
      3.0625247955322266,
      9.281254768371582,
      9.484939575195312,
      8.881436347961426,
      9.252105712890625,
      12.274632453918457,
      10.516021728515625,
      10.215364456176758,
      10.46668529510498,
      17.77238655090332,
      16.03822135925293,
      21.873266220092773,
      21.074905395507812,
      20.186355590820312,
      17.86591911315918
    ],
    [
      11.142095565795898,
      4.159978866577148,
      7.763617038726807,
      5.013649940490723,
      8.149219512939453,
      10.606894493103027,
      9.784337997436523,
      12.9706392288208,
      14.057062149047852,
      15.720294952392578,
      10.992280006408691,
      14.391727447509766,
      16.03822135925293,
      18.748287200927734,
      17.39486312866211,
      19.651086807250977,
      16.627954483032227,
      18.051349639892578
    ],
    [
      26.820432662963867,
      2.039915084838867,
      11.77486801147461,
      -7.05828857421875,
      6.076536655426025,
      6.639658451080322,
      -1.2159719467163086,
      0.2364043891429901,
      0.3308919370174408,
      1.6668064594268799,
      5.324525833129883,
      4.254752159118652,
      21.873266220092773,
      17.39486312866211,
      59.56107711791992,
      52.53239059448242,
      47.15012741088867,
      40.01863098144531
    ],
    [
      29.119619369506836,
      2.4627978801727295,
      14.265371322631836,
      -6.8907880783081055,
      8.62512493133545,
      12.249175071716309,
      -3.1453447341918945,
      1.9297348260879517,
      2.7745041847229004,
      7.508236885070801,
      5.299864292144775,
      6.19161319732666,
      21.074905395507812,
      19.651086807250977,
      52.53239059448242,
      62.58889389038086,
      43.47492218017578,
      45.121212005615234
    ],
    [
      26.960010528564453,
      5.238776683807373,
      13.151266098022461,
      2.1970744132995605,
      8.93164348602295,
      11.110650062561035,
      0.6884698271751404,
      4.26149320602417,
      2.3487958908081055,
      6.494520664215088,
      6.800168037414551,
      6.792050838470459,
      20.186355590820312,
      16.627954483032227,
      47.15012741088867,
      43.47492218017578,
      48.21978759765625,
      39.32082748413086
    ],
    [
      25.680965423583984,
      4.083667755126953,
      14.021050453186035,
      0.8358768224716187,
      8.447574615478516,
      12.953901290893555,
      -0.16965079307556152,
      6.054686546325684,
      4.787952423095703,
      11.929837226867676,
      6.594274997711182,
      8.905099868774414,
      17.86591911315918,
      18.051349639892578,
      40.01863098144531,
      45.121212005615234,
      39.32082748413086,
      46.393280029296875
    ]
  ],
  "covariance_short": [
    [
      70.43304443359375,
      30.803956985473633,
      12.455548286437988,
      -5.326781272888184,
      1.809169054031372,
      1.7672038078308105,
      -6.062901020050049,
      -2.789050579071045,
      1.601359248161316,
      2.116584062576294,
      -1.3428447246551514,
      1.6215486526489258,
      8.306853294372559,
      12.289474487304688,
      2.4706685543060303,
      6.329054832458496,
      5.9701128005981445,
      11.461349487304688
    ],
    [
      30.803956985473633,
      37.15113067626953,
      6.609734535217285,
      10.262028694152832,
      1.055868148803711,
      4.213555335998535,
      -2.32824444770813,
      2.2772514820098877,
      2.650193452835083,
      2.8860950469970703,
      -0.9877321720123291,
      0.8820335268974304,
      0.033650413155555725,
      3.2342708110809326,
      -4.254996299743652,
      -2.66389799118042,
      -1.9523725509643555,
      1.8960700035095215
    ],
    [
      12.455548286437988,
      6.609734535217285,
      28.291431427001953,
      12.153180122375488,
      14.499346733093262,
      11.779500961303711,
      6.069746971130371,
      6.779951095581055,
      9.652560234069824,
      9.223831176757812,
      13.690438270568848,
      10.797163009643555,
      14.969487190246582,
      13.38720703125,
      13.717826843261719,
      12.641294479370117,
      19.226701736450195,
      19.674667358398438
    ],
    [
      -5.326781272888184,
      10.262028694152832,
      12.153180122375488,
      48.0478630065918,
      14.152542114257812,
      22.579126358032227,
      13.721631050109863,
      14.557792663574219,
      13.097329139709473,
      13.01443099975586,
      17.843578338623047,
      15.765876770019531,
      7.891453742980957,
      8.270803451538086,
      4.684257507324219,
      2.8090927600860596,
      11.84969425201416,
      11.980374336242676
    ],
    [
      1.809169054031372,
      1.055868148803711,
      14.499346733093262,
      14.152542114257812,
      35.00924301147461,
      23.679244995117188,
      24.141136169433594,
      16.783008575439453,
      24.722299575805664,
      17.739809036254883,
      30.687185287475586,
      25.01708984375,
      23.985103607177734,
      22.28860092163086,
      21.39771270751953,
      19.3928165435791,
      24.745769500732422,
      24.661151885986328
    ],
    [
      1.7672038078308105,
      4.213555335998535,
      11.779500961303711,
      22.579126358032227,
      23.679244995117188,
      34.28227615356445,
      18.526445388793945,
      18.54901695251465,
      22.759864807128906,
      22.024065017700195,
      28.149059295654297,
      26.320755004882812,
      21.693492889404297,
      22.60213279724121,
      17.902135848999023,
      17.808246612548828,
      23.73995590209961,
      25.757963180541992
    ],
    [
      -6.062901020050049,
      -2.32824444770813,
      6.069746971130371,
      13.721631050109863,
      24.141136169433594,
      18.526445388793945,
      51.33448791503906,
      28.522743225097656,
      36.337554931640625,
      23.147443771362305,
      33.68281555175781,
      30.528392791748047,
      20.528762817382812,
      20.522300720214844,
      13.56977367401123,
      12.326372146606445,
      14.773636817932129,
      15.647241592407227
    ],
    [
      -2.789050579071045,
      2.2772514820098877,
      6.779951095581055,
      14.557792663574219,
      16.783008575439453,
      18.54901695251465,
      28.522743225097656,
      33.26049041748047,
      28.045719146728516,
      26.762981414794922,
      25.404600143432617,
      27.059358596801758,
      16.37204933166504,
      19.185436248779297,
      10.839115142822266,
      12.055837631225586,
      13.657186508178711,
      16.71293830871582
    ],
    [
      1.601359248161316,
      2.650193452835083,
      9.652560234069824,
      13.097329139709473,
      24.722299575805664,
      22.759864807128906,
      36.337554931640625,
      28.045719146728516,
      55.216861724853516,
      34.18403244018555,
      37.12042999267578,
      34.34058380126953,
      26.04131507873535,
      29.106056213378906,
      13.714661598205566,
      14.603263854980469,
      16.154972076416016,
      22.43608283996582
    ],
    [
      2.116584062576294,
      2.8860950469970703,
      9.223831176757812,
      13.01443099975586,
      17.739809036254883,
      22.024065017700195,
      23.147443771362305,
      26.762981414794922,
      34.18403244018555,
      40.9474983215332,
      30.429180145263672,
      33.03903579711914,
      21.454771041870117,
      26.744342803955078,
      11.686564445495605,
      15.474129676818848,
      15.57484245300293,
      23.200090408325195
    ],
    [
      -1.3428447246551514,
      -0.9877321720123291,
      13.690438270568848,
      17.843578338623047,
      30.687185287475586,
      28.149059295654297,
      33.68281555175781,
      25.404600143432617,
      37.12042999267578,
      30.429180145263672,
      58.134761810302734,
      46.10307693481445,
      41.94499588012695,
      41.0455322265625,
      28.798723220825195,
      29.60573959350586,
      33.501922607421875,
      38.667503356933594
    ],
    [
      1.6215486526489258,
      0.8820335268974304,
      10.797163009643555,
      15.765876770019531,
      25.01708984375,
      26.320755004882812,
      30.528392791748047,
      27.059358596801758,
      34.34058380126953,
      33.03903579711914,
      46.10307693481445,
      51.16213607788086,
      34.00185012817383,
      39.061767578125,
      21.80528450012207,
      25.71889877319336,
      25.931547164916992,
      33.735774993896484
    ],
    [
      8.306853294372559,
      0.033650413155555725,
      14.969487190246582,
      7.891453742980957,
      23.985103607177734,
      21.693492889404297,
      20.528762817382812,
      16.37204933166504,
      26.04131507873535,
      21.454771041870117,
      41.94499588012695,
      34.00185012817383,
      59.22358322143555,
      49.77831268310547,
      47.072509765625,
      46.370792388916016,
      50.47237777709961,
      51.83779525756836
    ],
    [
      12.289474487304688,
      3.2342708110809326,
      13.38720703125,
      8.270803451538086,
      22.28860092163086,
      22.60213279724121,
      20.522300720214844,
      19.185436248779297,
      29.106056213378906,
      26.744342803955078,
      41.0455322265625,
      39.061767578125,
      49.77831268310547,
      55.003971099853516,
      37.335384368896484,
      41.60034942626953,
      40.67230224609375,
      48.327999114990234
    ],
    [
      2.4706685543060303,
      -4.254996299743652,
      13.717826843261719,
      4.684257507324219,
      21.39771270751953,
      17.902135848999023,
      13.56977367401123,
      10.839115142822266,
      13.714661598205566,
      11.686564445495605,
      28.798723220825195,
      21.80528450012207,
      47.072509765625,
      37.335384368896484,
      80.98177337646484,
      66.15624237060547,
      70.06220245361328,
      58.59290313720703
    ],
    [
      6.329054832458496,
      -2.66389799118042,
      12.641294479370117,
      2.8090927600860596,
      19.3928165435791,
      17.808246612548828,
      12.326372146606445,
      12.055837631225586,
      14.603263854980469,
      15.474129676818848,
      29.60573959350586,
      25.71889877319336,
      46.370792388916016,
      41.60034942626953,
      66.15624237060547,
      71.35356903076172,
      62.84846496582031,
      61.429386138916016
    ],
    [
      5.9701128005981445,
      -1.9523725509643555,
      19.226701736450195,
      11.84969425201416,
      24.745769500732422,
      23.73995590209961,
      14.773636817932129,
      13.657186508178711,
      16.154972076416016,
      15.57484245300293,
      33.501922607421875,
      25.931547164916992,
      50.47237777709961,
      40.67230224609375,
      70.06220245361328,
      62.84846496582031,
      83.11383819580078,
      65.60308074951172
    ],
    [
      11.461349487304688,
      1.8960700035095215,
      19.674667358398438,
      11.980374336242676,
      24.661151885986328,
      25.757963180541992,
      15.647241592407227,
      16.71293830871582,
      22.43608283996582,
      23.200090408325195,
      38.667503356933594,
      33.735774993896484,
      51.83779525756836,
      48.327999114990234,
      58.59290313720703,
      61.429386138916016,
      65.60308074951172,
      79.58694458007812
    ]
  ],
  "damage": -2.9146835803985596,
  "diff_bandwidth": 542.5173950195312,
  "dissonance": 10.49545755862618,
  "drr": 12.669198036193848,
  "dynamics": 2.9334888458251953,
  "format": 1245190,
  "frames": 10196928,
  "loudness": -8.724167823791504,
  "loudness_range": 7.163589954376221,
  "loudness_range_short": 10.920122146606445,
  "lowpass_true_peak_15khz": 1.682158350944519,
  "mastering3_acoustic_entropies": [
    {
      "acoustic_entropy": 8.16182804107666,
      "acoustic_entropy_mono": 8.658502578735352,
      "band_eliminated_acoustic_entropies": [
        {
          "acoustic_entropy": 7.877357482910156,
          "acoustic_entropy_side": 8.161703109741211,
          "hz": 129.47220167065723
        },
        {
          "acoustic_entropy": 7.342641353607178,
          "acoustic_entropy_side": 8.16289234161377,
          "hz": 202.92927478742237
        },
        {
          "acoustic_entropy": 8.166935920715332,
          "acoustic_entropy_side": 8.132586479187012,
          "hz": 282.89161906338205
        },
        {
          "acoustic_entropy": 8.141393661499023,
          "acoustic_entropy_side": 8.178504943847656,
          "hz": 369.9353335868758
        },
        {
          "acoustic_entropy": 8.32729434967041,
          "acoustic_entropy_side": 8.172792434692383,
          "hz": 464.6875360973435
        },
        {
          "acoustic_entropy": 8.189732551574707,
          "acoustic_entropy_side": 8.16181468963623,
          "hz": 567.8308811364784
        },
        {
          "acoustic_entropy": 8.197263717651367,
          "acoustic_entropy_side": 8.169554710388184,
          "hz": 680.1084783214808
        },
        {
          "acoustic_entropy": 8.18852424621582,
          "acoustic_entropy_side": 8.176887512207031,
          "hz": 802.3292461747484
        },
        {
          "acoustic_entropy": 8.384403228759766,
          "acoustic_entropy_side": 8.176900863647461,
          "hz": 935.3737400823702
        },
        {
          "acoustic_entropy": 8.111440658569336,
          "acoustic_entropy_side": 8.135026931762695,
          "hz": 1080.2004963696966
        },
        {
          "acoustic_entropy": 8.216017723083496,
          "acoustic_entropy_side": 8.081522941589355,
          "hz": 1237.8529382007157
        },
        {
          "acoustic_entropy": 8.268774032592773,
          "acoustic_entropy_side": 8.1122465133667,
          "hz": 1409.4668930556702
        },
        {
          "acoustic_entropy": 8.054025650024414,
          "acoustic_entropy_side": 8.067693710327148,
          "hz": 1596.2787759475705
        },
        {
          "acoustic_entropy": 8.46316909790039,
          "acoustic_entropy_side": 8.131467819213867,
          "hz": 1799.6344973346393
        },
        {
          "acoustic_entropy": 7.9108757972717285,
          "acoustic_entropy_side": 8.228967666625977,
          "hz": 2020.9991599069049
        },
        {
          "acoustic_entropy": 8.34129810333252,
          "acoustic_entropy_side": 8.181960105895996,
          "hz": 2261.9676141086993
        },
        {
          "acoustic_entropy": 8.312079429626465,
          "acoustic_entropy_side": 8.246116638183594,
          "hz": 2524.2759484456974
        },
        {
          "acoustic_entropy": 8.2620849609375,
          "acoustic_entropy_side": 8.17185115814209,
          "hz": 2809.813997359896
        },
        {
          "acoustic_entropy": 7.900099754333496,
          "acoustic_entropy_side": 8.008336067199707,
          "hz": 3120.6389567871424
        },
        {
          "acoustic_entropy": 7.877589702606201,
          "acoustic_entropy_side": 8.061178207397461,
          "hz": 3458.990205492291
        },
        {
          "acoustic_entropy": 8.165735244750977,
          "acoustic_entropy_side": 8.12907886505127,
          "hz": 3827.305438964164
        },
        {
          "acoustic_entropy": 8.223928451538086,
          "acoustic_entropy_side": 8.172430038452148,
          "hz": 4228.238232109126
        },
        {
          "acoustic_entropy": 8.035829544067383,
          "acoustic_entropy_side": 8.179911613464355,
          "hz": 4664.6771572759235
        },
        {
          "acoustic_entropy": 8.239405632019043,
          "acoustic_entropy_side": 8.370601654052734,
          "hz": 5139.766595350093
        },
        {
          "acoustic_entropy": 8.412996292114258,
          "acoustic_entropy_side": 8.394829750061035,
          "hz": 5656.929389854203
        },
        {
          "acoustic_entropy": 8.392402648925781,
          "acoustic_entropy_side": 8.36319351196289,
          "hz": 6219.891507268283
        },
        {
          "acoustic_entropy": 8.348414421081543,
          "acoustic_entropy_side": 8.307639122009277,
          "hz": 6832.70888123896
        },
        {
          "acoustic_entropy": 8.31363296508789,
          "acoustic_entropy_side": 8.283907890319824,
          "hz": 7499.796634079867
        },
        {
          "acoustic_entropy": 8.216178894042969,
          "acoustic_entropy_side": 8.238574028015137,
          "hz": 8225.96088609342
        },
        {
          "acoustic_entropy": 8.247990608215332,
          "acoustic_entropy_side": 8.20217227935791,
          "hz": 9016.43338188839
        },
        {
          "acoustic_entropy": 7.810572147369385,
          "acoustic_entropy_side": 7.918758869171143,
          "hz": 9876.909183162974
        },
        {
          "acoustic_entropy": 8.30394458770752,
          "acoustic_entropy_side": 8.206881523132324,
          "hz": 10813.587699516042
        },
        {
          "acoustic_entropy": 7.945934295654297,
          "acoustic_entropy_side": 8.136433601379395,
          "hz": 11833.21735289826
        },
        {
          "acoustic_entropy": 8.187804222106934,
          "acoustic_entropy_side": 8.166999816894531,
          "hz": 12943.144197493959
        },
        {
          "acoustic_entropy": 8.17510986328125,
          "acoustic_entropy_side": 8.159294128417969,
          "hz": 14151.364845322005
        },
        {
          "acoustic_entropy": 8.158842086791992,
          "acoustic_entropy_side": 8.152838706970215,
          "hz": 15466.58407886509
        },
        {
          "acoustic_entropy": 8.182613372802734,
          "acoustic_entropy_side": 8.15153980255127,
          "hz": 16898.27756580493
        },
        {
          "acoustic_entropy": 8.212739944458008,
          "acoustic_entropy_side": 8.153072357177734,
          "hz": 18456.760127700032
        },
        {
          "acoustic_entropy": 8.207686424255371,
          "acoustic_entropy_side": 8.15424633026123,
          "hz": 20153.260054456492
        },
        {
          "acoustic_entropy": 8.187211036682129,
          "acoustic_entropy_side": 8.153172492980957,
          "hz": 22000.00000000001
        }
      ],
      "diff_acoustic_entropy": 9.203315734863281,
      "sn": 6
    },
    {
      "acoustic_entropy": 12.250687599182129,
      "acoustic_entropy_mono": 11.909002304077148,
      "band_eliminated_acoustic_entropies": [
        {
          "acoustic_entropy": 11.982433319091797,
          "acoustic_entropy_side": 12.256478309631348,
          "hz": 129.47220167065723
        },
        {
          "acoustic_entropy": 12.573453903198242,
          "acoustic_entropy_side": 12.206133842468262,
          "hz": 202.92927478742237
        },
        {
          "acoustic_entropy": 11.665510177612305,
          "acoustic_entropy_side": 11.849261283874512,
          "hz": 282.89161906338205
        },
        {
          "acoustic_entropy": 12.144904136657715,
          "acoustic_entropy_side": 12.241578102111816,
          "hz": 369.9353335868758
        },
        {
          "acoustic_entropy": 12.449872970581055,
          "acoustic_entropy_side": 12.283332824707031,
          "hz": 464.6875360973435
        },
        {
          "acoustic_entropy": 12.351959228515625,
          "acoustic_entropy_side": 12.242956161499023,
          "hz": 567.8308811364784
        },
        {
          "acoustic_entropy": 12.096535682678223,
          "acoustic_entropy_side": 12.27673625946045,
          "hz": 680.1084783214808
        },
        {
          "acoustic_entropy": 12.097329139709473,
          "acoustic_entropy_side": 12.265060424804688,
          "hz": 802.3292461747484
        },
        {
          "acoustic_entropy": 11.585991859436035,
          "acoustic_entropy_side": 12.105690956115723,
          "hz": 935.3737400823702
        },
        {
          "acoustic_entropy": 12.039414405822754,
          "acoustic_entropy_side": 12.02493667602539,
          "hz": 1080.2004963696966
        },
        {
          "acoustic_entropy": 12.415144920349121,
          "acoustic_entropy_side": 12.047624588012695,
          "hz": 1237.8529382007157
        },
        {
          "acoustic_entropy": 11.864524841308594,
          "acoustic_entropy_side": 12.046070098876953,
          "hz": 1409.4668930556702
        },
        {
          "acoustic_entropy": 11.798676490783691,
          "acoustic_entropy_side": 12.070517539978027,
          "hz": 1596.2787759475705
        },
        {
          "acoustic_entropy": 12.727828979492188,
          "acoustic_entropy_side": 12.315163612365723,
          "hz": 1799.6344973346393
        },
        {
          "acoustic_entropy": 12.115647315979004,
          "acoustic_entropy_side": 12.314608573913574,
          "hz": 2020.9991599069049
        },
        {
          "acoustic_entropy": 12.539681434631348,
          "acoustic_entropy_side": 12.298734664916992,
          "hz": 2261.9676141086993
        },
        {
          "acoustic_entropy": 12.302436828613281,
          "acoustic_entropy_side": 12.12411880493164,
          "hz": 2524.2759484456974
        },
        {
          "acoustic_entropy": 12.424267768859863,
          "acoustic_entropy_side": 12.103530883789062,
          "hz": 2809.813997359896
        },
        {
          "acoustic_entropy": 11.682930946350098,
          "acoustic_entropy_side": 11.993705749511719,
          "hz": 3120.6389567871424
        },
        {
          "acoustic_entropy": 11.95496940612793,
          "acoustic_entropy_side": 12.202438354492188,
          "hz": 3458.990205492291
        },
        {
          "acoustic_entropy": 12.196653366088867,
          "acoustic_entropy_side": 12.094182968139648,
          "hz": 3827.305438964164
        },
        {
          "acoustic_entropy": 12.020058631896973,
          "acoustic_entropy_side": 12.062864303588867,
          "hz": 4228.238232109126
        },
        {
          "acoustic_entropy": 12.261301040649414,
          "acoustic_entropy_side": 12.23452377319336,
          "hz": 4664.6771572759235
        },
        {
          "acoustic_entropy": 12.498560905456543,
          "acoustic_entropy_side": 12.332357406616211,
          "hz": 5139.766595350093
        },
        {
          "acoustic_entropy": 12.505900382995605,
          "acoustic_entropy_side": 12.34610652923584,
          "hz": 5656.929389854203
        },
        {
          "acoustic_entropy": 12.249510765075684,
          "acoustic_entropy_side": 12.291181564331055,
          "hz": 6219.891507268283
        },
        {
          "acoustic_entropy": 12.077717781066895,
          "acoustic_entropy_side": 12.106234550476074,
          "hz": 6832.70888123896
        },
        {
          "acoustic_entropy": 11.994961738586426,
          "acoustic_entropy_side": 11.994446754455566,
          "hz": 7499.796634079867
        },
        {
          "acoustic_entropy": 12.101522445678711,
          "acoustic_entropy_side": 12.007474899291992,
          "hz": 8225.96088609342
        },
        {
          "acoustic_entropy": 12.352398872375488,
          "acoustic_entropy_side": 12.224811553955078,
          "hz": 9016.43338188839
        },
        {
          "acoustic_entropy": 11.537764549255371,
          "acoustic_entropy_side": 12.328794479370117,
          "hz": 9876.909183162974
        },
        {
          "acoustic_entropy": 12.257657051086426,
          "acoustic_entropy_side": 12.173687934875488,
          "hz": 10813.587699516042
        },
        {
          "acoustic_entropy": 12.23823070526123,
          "acoustic_entropy_side": 12.286195755004883,
          "hz": 11833.21735289826
        },
        {
          "acoustic_entropy": 12.244786262512207,
          "acoustic_entropy_side": 12.336638450622559,
          "hz": 12943.144197493959
        },
        {
          "acoustic_entropy": 12.323734283447266,
          "acoustic_entropy_side": 12.236307144165039,
          "hz": 14151.364845322005
        },
        {
          "acoustic_entropy": 12.298831939697266,
          "acoustic_entropy_side": 12.23787784576416,
          "hz": 15466.58407886509
        },
        {
          "acoustic_entropy": 12.20755672454834,
          "acoustic_entropy_side": 12.21353530883789,
          "hz": 16898.27756580493
        },
        {
          "acoustic_entropy": 12.163276672363281,
          "acoustic_entropy_side": 12.21546745300293,
          "hz": 18456.760127700032
        },
        {
          "acoustic_entropy": 12.100473403930664,
          "acoustic_entropy_side": 12.21634292602539,
          "hz": 20153.260054456492
        },
        {
          "acoustic_entropy": 12.130838394165039,
          "acoustic_entropy_side": 12.201007843017578,
          "hz": 22000.00000000001
        }
      ],
      "diff_acoustic_entropy": 13.43657398223877,
      "sn": 12
    },
    {
      "acoustic_entropy": 17.20826530456543,
      "acoustic_entropy_mono": 14.127753257751465,
      "band_eliminated_acoustic_entropies": [
        {
          "acoustic_entropy": 16.225008010864258,
          "acoustic_entropy_side": 17.199308395385742,
          "hz": 129.47220167065723
        },
        {
          "acoustic_entropy": 17.369213104248047,
          "acoustic_entropy_side": 17.1201171875,
          "hz": 202.92927478742237
        },
        {
          "acoustic_entropy": 16.946147918701172,
          "acoustic_entropy_side": 16.937305450439453,
          "hz": 282.89161906338205
        },
        {
          "acoustic_entropy": 16.848907470703125,
          "acoustic_entropy_side": 17.18486976623535,
          "hz": 369.9353335868758
        },
        {
          "acoustic_entropy": 17.388803482055664,
          "acoustic_entropy_side": 17.238229751586914,
          "hz": 464.6875360973435
        },
        {
          "acoustic_entropy": 17.388975143432617,
          "acoustic_entropy_side": 17.352502822875977,
          "hz": 567.8308811364784
        },
        {
          "acoustic_entropy": 17.617835998535156,
          "acoustic_entropy_side": 17.3523006439209,
          "hz": 680.1084783214808
        },
        {
          "acoustic_entropy": 16.744272232055664,
          "acoustic_entropy_side": 16.833436965942383,
          "hz": 802.3292461747484
        },
        {
          "acoustic_entropy": 16.447162628173828,
          "acoustic_entropy_side": 17.11598014831543,
          "hz": 935.3737400823702
        },
        {
          "acoustic_entropy": 17.58669662475586,
          "acoustic_entropy_side": 17.05270004272461,
          "hz": 1080.2004963696966
        },
        {
          "acoustic_entropy": 17.19594383239746,
          "acoustic_entropy_side": 17.27628517150879,
          "hz": 1237.8529382007157
        },
        {
          "acoustic_entropy": 16.572811126708984,
          "acoustic_entropy_side": 17.160045623779297,
          "hz": 1409.4668930556702
        },
        {
          "acoustic_entropy": 17.144603729248047,
          "acoustic_entropy_side": 17.018070220947266,
          "hz": 1596.2787759475705
        },
        {
          "acoustic_entropy": 16.8353271484375,
          "acoustic_entropy_side": 17.241689682006836,
          "hz": 1799.6344973346393
        },
        {
          "acoustic_entropy": 16.899307250976562,
          "acoustic_entropy_side": 17.396255493164062,
          "hz": 2020.9991599069049
        },
        {
          "acoustic_entropy": 17.930435180664062,
          "acoustic_entropy_side": 17.609912872314453,
          "hz": 2261.9676141086993
        },
        {
          "acoustic_entropy": 18.10552215576172,
          "acoustic_entropy_side": 17.643386840820312,
          "hz": 2524.2759484456974
        },
        {
          "acoustic_entropy": 17.753637313842773,
          "acoustic_entropy_side": 17.093679428100586,
          "hz": 2809.813997359896
        },
        {
