{
  "acoustic_entropy": 133.44517517089844,
  "bands": [
    {
      "high_freq": 148.1999969482422,
      "loudness": -49.68526840209961,
      "loudness_range": 19.424110412597656,
      "mid_mean": -47.049957275390625,
      "mid_to_side_loudness": -6.701605796813965,
      "mid_to_side_loudness_range": 10.892403602600098,
      "side_mean": -54.61960220336914
    },
    {
      "high_freq": 392.3793640136719,
      "loudness": -34.00955581665039,
      "loudness_range": 19.480709075927734,
      "low_freq": 148.1999969482422,
      "mid_mean": -31.704622268676758,
      "mid_to_side_loudness": -5.826976299285889,
      "mid_to_side_loudness_range": 12.290538787841797,
      "side_mean": -37.309776306152344
    },
    {
      "high_freq": 794.6976318359375,
      "loudness": -27.896421432495117,
      "loudness_range": 17.20330238342285,
      "low_freq": 392.3793640136719,
      "mid_mean": -26.166038513183594,
      "mid_to_side_loudness": -3.060349941253662,
      "mid_to_side_loudness_range": 8.160138130187988,
      "side_mean": -29.32101058959961
    },
    {
      "high_freq": 1457.5709228515625,
      "loudness": -36.03739929199219,
      "loudness_range": 23.09241485595703,
      "low_freq": 794.6976318359375,
      "mid_mean": -33.911170959472656,
      "mid_to_side_loudness": -4.592274188995361,
      "mid_to_side_loudness_range": 9.245320320129395,
      "side_mean": -38.420860290527344
    },
    {
      "high_freq": 2549.74365234375,
      "loudness": -41.25183868408203,
      "loudness_range": 20.48151969909668,
      "low_freq": 1457.5709228515625,
      "mid_mean": -39.34303283691406,
      "mid_to_side_loudness": -3.731513261795044,
      "mid_to_side_loudness_range": 9.135059356689453,
      "side_mean": -43.20075607299805
    },
    {
      "high_freq": 4349.24462890625,
      "loudness": -49.2324104309082,
      "loudness_range": 23.395370483398438,
      "low_freq": 2549.74365234375,
      "mid_mean": -47.7198486328125,
      "mid_to_side_loudness": -5.5260443687438965,
      "mid_to_side_loudness_range": 8.493885040283203,
      "side_mean": -54.201480865478516
    },
    {
      "high_freq": 7314.1640625,
      "loudness": -67.01180267333984,
      "loudness_range": 23.43665313720703,
      "low_freq": 4349.24462890625,
      "mid_mean": -64.5014877319336,
      "mid_to_side_loudness": -3.747337579727173,
      "mid_to_side_loudness_range": 6.757436275482178,
      "side_mean": -66.29871368408203
    },
    {
      "high_freq": 12199.2666015625,
      "loudness": -80.83316802978516,
      "loudness_range": 15.979820251464844,
      "low_freq": 7314.1640625,
      "mid_mean": -69.38255310058594,
      "mid_to_side_loudness": -4.297464847564697,
      "mid_to_side_loudness_range": 7.386726379394531,
      "side_mean": -69.80693054199219
    },
    {
      "loudness": 0,
      "loudness_range": 0,
      "low_freq": 12199.2666015625,
      "mid_mean": -69.96621704101562,
      "mid_to_side_loudness": -3.835803270339966,
      "mid_to_side_loudness_range": 6.614856243133545,
      "side_mean": -69.9869613647461
    }
  ],
  "bands_short": [
    {
      "high_freq": 148.1999969482422,
      "loudness": -54.072200775146484,
      "loudness_range": 20.668277740478516,
      "mid_mean": -52.94807815551758,
      "mid_to_side_loudness": -6.113984107971191,
      "mid_to_side_loudness_range": 17.152908325195312,
      "side_mean": -58.23849105834961
    },
    {
      "high_freq": 392.3793640136719,
      "loudness": -35.095096588134766,
      "loudness_range": 21.174325942993164,
      "low_freq": 148.1999969482422,
      "mid_mean": -32.95415115356445,
      "mid_to_side_loudness": -5.589491844177246,
      "mid_to_side_loudness_range": 14.13103199005127,
      "side_mean": -38.345863342285156
    },
    {
      "high_freq": 794.6976318359375,
      "loudness": -28.951574325561523,
      "loudness_range": 19.558591842651367,
      "low_freq": 392.3793640136719,
      "mid_mean": -27.368982315063477,
      "mid_to_side_loudness": -3.0529513359069824,
      "mid_to_side_loudness_range": 10.174288749694824,
      "side_mean": -30.474435806274414
    },
    {
      "high_freq": 1457.5709228515625,
      "loudness": -35.99803924560547,
      "loudness_range": 22.069801330566406,
      "low_freq": 794.6976318359375,
      "mid_mean": -34.21718215942383,
      "mid_to_side_loudness": -3.7135865688323975,
      "mid_to_side_loudness_range": 11.6911039352417,
      "side_mean": -38.02376937866211
    },
    {
      "high_freq": 2549.74365234375,
      "loudness": -42.88015365600586,
      "loudness_range": 24.047107696533203,
      "low_freq": 1457.5709228515625,
      "mid_mean": -41.34774398803711,
      "mid_to_side_loudness": -3.2619948387145996,
      "mid_to_side_loudness_range": 11.783161163330078,
      "side_mean": -44.71613693237305
    },
    {
      "high_freq": 4349.24462890625,
      "loudness": -51.08964538574219,
      "loudness_range": 27.299320220947266,
      "low_freq": 2549.74365234375,
      "mid_mean": -51.32134246826172,
      "mid_to_side_loudness": -4.556204795837402,
      "mid_to_side_loudness_range": 11.458943367004395,
      "side_mean": -55.23036575317383
    },
    {
      "high_freq": 7314.1640625,
      "loudness": -68.03114318847656,
      "loudness_range": 26.120086669921875,
      "low_freq": 4349.24462890625,
      "mid_mean": -65.38890075683594,
      "mid_to_side_loudness": -3.313511848449707,
      "mid_to_side_loudness_range": 9.822114944458008,
      "side_mean": -66.7066879272461
    },
    {
      "high_freq": 12199.2666015625,
      "loudness": -79.80729675292969,
      "loudness_range": 17.54871368408203,
      "low_freq": 7314.1640625,
      "mid_mean": -69.54224395751953,
      "mid_to_side_loudness": -3.5261754989624023,
      "mid_to_side_loudness_range": 9.056737899780273,
      "side_mean": -69.8297348022461
    },
    {
      "loudness": 0,
      "loudness_range": 0,
      "low_freq": 12199.2666015625,
      "mid_mean": -69.96630859375,
      "mid_to_side_loudness": -3.418846607208252,
      "mid_to_side_loudness_range": 10.181074142456055,
      "side_mean": -69.9867935180664
    }
  ],
  "bandwidth": 691.769287109375,
  "channels": 2,
  "covariance": [
    [
      45.610416412353516,
      33.88893127441406,
      20.87645721435547,
      22.16714859008789,
      20.524648666381836,
      18.457881927490234,
      22.03864860534668,
      24.168739318847656,
      26.90083885192871,
      26.542619705200195,
      33.07261657714844,
      29.888538360595703,
      20.049091339111328,
      14.652962684631348,
      3.0430655479431152,
      0.9490252733230591,
      0.11084511131048203,
      0.04037117213010788
    ],
    [
      33.88893127441406,
      48.43220520019531,
      20.931400299072266,
      21.014328002929688,
      20.091344833374023,
      18.28226661682129,
      15.026655197143555,
      18.19151496887207,
      21.843612670898438,
      22.947298049926758,
      26.90990447998047,
      40.169189453125,
      21.476879119873047,
      15.622462272644043,
      2.9165561199188232,
      1.041472315788269,
      0.10483738780021667,
      0.04167289286851883
    ],
    [
      20.87645721435547,
      20.931400299072266,
      52.13118362426758,
      41.27924728393555,
      24.15890121459961,
      21.62582778930664,
      19.308462142944336,
      18.625871658325195,
      26.095478057861328,
      27.754962921142578,
      28.307580947875977,
      26.94577980041504,
      15.118138313293457,
      10.319486618041992,
      1.8696190118789673,
      0.5349343419075012,
      0.06189492717385292,
      0.0206474456936121
    ],
    [
      22.16714859008789,
      21.014328002929688,
      41.27924728393555,
      49.79662322998047,
      21.845802307128906,
      20.581430435180664,
      19.873455047607422,
      20.567136764526367,
      25.27560043334961,
      27.00612449645996,
      30.285676956176758,
      29.109636306762695,
      15.219924926757812,
      9.84776496887207,
      2.01098370552063,
      0.5918537974357605,
      0.060300882905721664,
      0.02296808548271656
    ],
    [
      20.524648666381836,
      20.091344833374023,
      24.15890121459961,
      21.845802307128906,
      43.104576110839844,
      36.077125549316406,
      13.994422912597656,
      17.249191284179688,
      29.091337203979492,
      28.684839248657227,
      40.774940490722656,
      36.04551696777344,
      19.910409927368164,
      15.00529670715332,
      2.5559282302856445,
      0.921047031879425,
      0.07186535745859146,
      0.02904759719967842
    ],
    [
      18.457881927490234,
      18.28226661682129,
      21.62582778930664,
      20.581430435180664,
      36.077125549316406,
      39.61564254760742,
      14.197938919067383,
      15.339625358581543,
      27.97519874572754,
      27.660385131835938,
      36.95508575439453,
      32.26275634765625,
      16.54966926574707,
      12.513867378234863,
      2.3970398902893066,
      0.8141403198242188,
      0.07150065153837204,
      0.03130985423922539
    ],
    [
      22.03864860534668,
      15.026655197143555,
      19.308462142944336,
      19.873455047607422,
      13.994422912597656,
      14.197938919067383,
      56.89741516113281,
      48.63653564453125,
      38.0888557434082,
      36.22526168823242,
      42.874488830566406,
      40.3481330871582,
      23.433544158935547,
      16.32003402709961,
      2.722470283508301,
      0.801885187625885,
      0.07504458725452423,
      0.021543512120842934
    ],
    [
      24.168739318847656,
      18.19151496887207,
      18.625871658325195,
      20.567136764526367,
      17.249191284179688,
      15.339625358581543,
      48.63653564453125,
      51.44484329223633,
      35.92535400390625,
      35.95669174194336,
      42.842525482177734,
      41.68283462524414,
      24.684873580932617,
      16.872909545898438,
      3.197645664215088,
      0.952046275138855,
      0.08583932369947433,
      0.02586708404123783
    ],
    [
      26.90083885192871,
      21.843612670898438,
      26.095478057861328,
      25.27560043334961,
      29.091337203979492,
      27.97519874572754,
      38.0888557434082,
      35.92535400390625,
      56.10527420043945,
      47.355201721191406,
      54.85647201538086,
      46.4199104309082,
      29.386085510253906,
      21.506938934326172,
      4.316338062286377,
      1.3490325212478638,
      0.10831353813409805,
      0.03838154301047325
    ],
    [
      26.542619705200195,
      22.947298049926758,
      27.754962921142578,
      27.00612449645996,
      28.684839248657227,
      27.660385131835938,
      36.22526168823242,
      35.95669174194336,
      47.355201721191406,
      50.51477813720703,
      52.69706344604492,
      45.574737548828125,
      29.275468826293945,
      21.407806396484375,
      3.7554702758789062,
      1.259345531463623,
      0.10503002256155014,
      0.03555865213274956
    ],
    [
      33.07261657714844,
      26.90990447998047,
      28.307580947875977,
      30.285676956176758,
      40.774940490722656,
      36.95508575439453,
      42.874488830566406,
      42.842525482177734,
      54.85647201538086,
      52.69706344604492,
      83.59265899658203,
      67.68256378173828,
      40.16844940185547,
      29.257822036743164,
      5.191627502441406,
      1.717075228691101,
      0.1120944395661354,
      0.040112290531396866
    ],
    [
      29.888538360595703,
      40.169189453125,
      26.94577980041504,
      29.109636306762695,
      36.04551696777344,
      32.26275634765625,
      40.3481330871582,
      41.68283462524414,
      46.4199104309082,
      45.574737548828125,
      67.68256378173828,
      74.79991149902344,
      38.477989196777344,
      27.332443237304688,
      4.921611785888672,
      1.6341322660446167,
      0.12388069927692413,
      0.04522780328989029
    ],
    [
      20.049091339111328,
      21.476879119873047,
      15.118138313293457,
      15.219924926757812,
      19.910409927368164,
      16.54966926574707,
      23.433544158935547,
      24.684873580932617,
      29.386085510253906,
      29.275468826293945,
      40.16844940185547,
      38.477989196777344,
      32.52077102661133,
      24.185678482055664,
      4.875731468200684,
      1.5683095455169678,
      0.08939330279827118,
      0.029593851417303085
    ],
    [
      14.652962684631348,
      15.622462272644043,
      10.319486618041992,
      9.84776496887207,
      15.00529670715332,
      12.513867378234863,
      16.32003402709961,
      16.872909545898438,
      21.506938934326172,
      21.407806396484375,
      29.257822036743164,
      27.332443237304688,
      24.185678482055664,
      20.1260929107666,
      3.9283108711242676,
      1.2542845010757446,
      0.0674302726984024,
      0.022769870236516
    ],
    [
      3.0430655479431152,
      2.9165561199188232,
      1.8696190118789673,
      2.01098370552063,
      2.5559282302856445,
      2.3970398902893066,
      2.722470283508301,
      3.197645664215088,
      4.316338062286377,
      3.7554702758789062,
      5.191627502441406,
      4.921611785888672,
      4.875731468200684,
      3.9283108711242676,
      1.4927937984466553,
      0.44113773107528687,
      0.019004937261343002,
      0.006516094785183668
    ],
    [
      0.9490252733230591,
      1.041472315788269,
      0.5349343419075012,
      0.5918537974357605,
      0.921047031879425,
      0.8141403198242188,
      0.801885187625885,
      0.952046275138855,
      1.3490325212478638,
      1.259345531463623,
      1.717075228691101,
      1.6341322660446167,
      1.5683095455169678,
      1.2542845010757446,
      0.44113773107528687,
      0.15803083777427673,
      0.005845022853463888,
      0.0021136892028152943
    ],
    [
      0.11084511131048203,
      0.10483738780021667,
      0.06189492717385292,
      0.060300882905721664,
      0.07186535745859146,
      0.07150065153837204,
      0.07504458725452423,
      0.08583932369947433,
      0.10831353813409805,
      0.10503002256155014,
      0.1120944395661354,
      0.12388069927692413,
      0.08939330279827118,
      0.0674302726984024,
      0.019004937261343002,
      0.005845022853463888,
      0.0013944009551778436,
      0.0004773307009600103
    ],
    [
      0.04037117213010788,
      0.04167289286851883,
      0.0206474456936121,
      0.02296808548271656,
      0.02904759719967842,
      0.03130985423922539,
      0.021543512120842934,
      0.02586708404123783,
      0.03838154301047325,
      0.03555865213274956,
      0.040112290531396866,
      0.04522780328989029,
      0.029593851417303085,
      0.022769870236516,
      0.006516094785183668,
      0.0021136892028152943,
      0.0004773307009600103,
      0.00019123249512631446
    ]
  ],
  "covariance_short": [
    [
      71.07788848876953,
      39.68199920654297,
      23.586868286132812,
      23.130002975463867,
      28.01936149597168,
      24.328378677368164,
      27.446569442749023,
      31.861841201782227,
      34.95589828491211,
      31.656333923339844,
      60.05448913574219,
      48.596771240234375,
      27.261117935180664,
      21.379169464111328,
      3.843852996826172,
      1.3946404457092285,
      0.16850192844867706,
      0.06349807977676392
    ],
    [
      39.68199920654297,
      38.38312911987305,
      17.04144859313965,
      18.474939346313477,
      16.923931121826172,
      15.479597091674805,
      15.12570571899414,
      20.052204132080078,
      21.823867797851562,
      22.085485458374023,
      39.044776916503906,
      32.7006950378418,
      15.941279411315918,
      12.047651290893555,
      1.9605988264083862,
      0.7345179915428162,
      0.09500465542078018,
      0.03891920670866966
    ],
    [
      23.586868286132812,
      17.04144859313965,
      61.89729690551758,
      47.85472869873047,
      34.291893005371094,
      29.856555938720703,
      29.250417709350586,
      28.398622512817383,
      36.156532287597656,
      35.32970428466797,
      39.35488510131836,
      32.542945861816406,
      16.714134216308594,
      11.473189353942871,
      1.8209930658340454,
      0.6413061618804932,
      0.06860798597335815,
      0.02382674254477024
    ],
    [
      23.130002975463867,
      18.474939346313477,
      47.85472869873047,
      58.365055084228516,
      29.067138671875,
      27.55707550048828,
      25.614593505859375,
      27.514387130737305,
      33.01734924316406,
      33.507789611816406,
      37.91092300415039,
      32.70360565185547,
      16.351524353027344,
      11.320281982421875,
      1.7944787740707397,
      0.6664020419120789,
      0.06575039029121399,
      0.025442613288760185
    ],
    [
      28.01936149597168,
      16.923931121826172,
      34.291893005371094,
      29.067138671875,
      57.517398834228516,
      46.345951080322266,
      26.685047149658203,
      27.771434783935547,
      41.55620574951172,
      37.922584533691406,
      57.13100814819336,
      43.321170806884766,
      26.143474578857422,
      20.320491790771484,
      2.942873477935791,
      1.158091425895691,
      0.10163481533527374,
      0.0377383828163147
    ],
    [
      24.328378677368164,
      15.479597091674805,
      29.856555938720703,
      27.55707550048828,
      46.345951080322266,
      50.65073013305664,
      24.11687469482422,
      25.246553421020508,
      37.21757125854492,
      34.96786880493164,
      50.390708923339844,
      38.13077163696289,
      21.58353614807129,
      16.254535675048828,
      2.3709850311279297,
      0.9367494583129883,
      0.08241286128759384,
      0.03575300797820091
    ],
    [
      27.446569442749023,
      15.12570571899414,
      29.250417709350586,
      25.614593505859375,
      26.685047149658203,
      24.11687469482422,
      63.926727294921875,
      54.37911605834961,
      52.48578643798828,
      46.48286437988281,
      53.32387161254883,
      46.26435089111328,
      25.51943016052246,
      19.116796493530273,
      3.096503257751465,
      1.1021798849105835,
      0.1177426278591156,
      0.03691089153289795
    ],
    [
      31.861841201782227,
      20.052204132080078,
      28.398622512817383,
      27.514387130737305,
      27.771434783935547,
      25.246553421020508,
      54.37911605834961,
      62.53935623168945,
      54.21127700805664,
      49.2926025390625,
      54.99861145019531,
      48.79194259643555,
      26.784975051879883,
      20.005691528320312,
      3.552032470703125,
      1.2891813516616821,
      0.13570429384708405,
      0.04662533849477768
    ],
    [
      34.95589828491211,
      21.823867797851562,
      36.156532287597656,
      33.01734924316406,
      41.55620574951172,
      37.21757125854492,
      52.48578643798828,
      54.21127700805664,
      77.65259552001953,
      61.69920349121094,
      71.21915435791016,
      58.51479721069336,
      35.41328430175781,
      27.46274185180664,
      4.582305431365967,
      1.6803821325302124,
      0.15211671590805054,
      0.05332697182893753
    ],
    [
      31.656333923339844,
      22.085485458374023,
      35.32970428466797,
      33.507789611816406,
      37.922584533691406,
      34.96786880493164,
      46.48286437988281,
      49.2926025390625,
      61.69920349121094,
      64.88655853271484,
      65.53651428222656,
      55.73149490356445,
      32.461673736572266,
      24.941743850708008,
      3.667447090148926,
      1.4473061561584473,
      0.1339622437953949,
      0.047212280333042145
    ],
    [
      60.05448913574219,
      39.044776916503906,
      39.35488510131836,
      37.91092300415039,
      57.13100814819336,
      50.390708923339844,
      53.32387161254883,
      54.99861145019531,
      71.21915435791016,
      65.53651428222656,
      118.05764770507812,
      94.7944107055664,
      50.561073303222656,
      39.256690979003906,
      5.823902130126953,
      2.2196567058563232,
      0.204185351729393,
      0.07158370316028595
    ],
    [
      48.596771240234375,
      32.7006950378418,
      32.542945861816406,
      32.70360565185547,
      43.321170806884766,
      38.13077163696289,
      46.26435089111328,
      48.79194259643555,
      58.51479721069336,
      55.73149490356445,
      94.7944107055664,
      85.70616912841797,
      42.28325653076172,
      32.900360107421875,
      4.858662128448486,
      1.9143437147140503,
      0.17436900734901428,
      0.05956722050905228
    ],
    [
      27.261117935180664,
      15.941279411315918,
      16.714134216308594,
      16.351524353027344,
      26.143474578857422,
      21.58353614807129,
      25.51943016052246,
      26.784975051879883,
      35.41328430175781,
      32.461673736572266,
      50.561073303222656,
      42.28325653076172,
      34.81665802001953,
      27.562423706054688,
      4.990424633026123,
      1.9104161262512207,
      0.15782201290130615,
      0.05165648087859154
    ],
    [
      21.379169464111328,
      12.047651290893555,
      11.473189353942871,
      11.320281982421875,
      20.320491790771484,
      16.254535675048828,
      19.116796493530273,
      20.005691528320312,
      27.46274185180664,
      24.941743850708008,
      39.256690979003906,
      32.900360107421875,
      27.562423706054688,
      24.62869644165039,
      4.523571491241455,
      1.6999385356903076,
      0.1292518973350525,
      0.041439302265644073
    ],
    [
      3.843852996826172,
      1.9605988264083862,
      1.8209930658340454,
      1.7944787740707397,
      2.942873477935791,
      2.3709850311279297,
      3.096503257751465,
      3.552032470703125,
      4.582305431365967,
      3.667447090148926,
      5.823902130126953,
      4.858662128448486,
      4.990424633026123,
      4.523571491241455,
      1.7764419317245483,
      0.6286802291870117,
      0.05292379483580589,
      0.01677725836634636
    ],
    [
      1.3946404457092285,
      0.7345179915428162,
      0.6413061618804932,
      0.6664020419120789,
      1.158091425895691,
      0.9367494583129883,
      1.1021798849105835,
      1.2891813516616821,
      1.6803821325302124,
      1.4473061561584473,
      2.2196567058563232,
      1.9143437147140503,
      1.9104161262512207,
      1.6999385356903076,
      0.6286802291870117,
      0.2764800786972046,
      0.018230509012937546,
      0.006007526069879532
    ],
    [
      0.16850192844867706,
      0.09500465542078018,
      0.06860798597335815,
      0.06575039029121399,
      0.10163481533527374,
      0.08241286128759384,
      0.1177426278591156,
      0.13570429384708405,
      0.15211671590805054,
      0.1339622437953949,
      0.204185351729393,
      0.17436900734901428,
      0.15782201290130615,
      0.1292518973350525,
      0.05292379483580589,
      0.018230509012937546,
      0.006623065564781427,
      0.001982802525162697
    ],
    [
      0.06349807977676392,
      0.03891920670866966,
      0.02382674254477024,
      0.025442613288760185,
      0.0377383828163147,
      0.03575300797820091,
      0.03691089153289795,
      0.04662533849477768,
      0.05332697182893753,
      0.047212280333042145,
      0.07158370316028595,
      0.05956722050905228,
      0.05165648087859154,
      0.041439302265644073,
      0.01677725836634636,
      0.006007526069879532,
      0.001982802525162697,
      0.0007002957281656563
    ]
  ],
  "damage": -11.546367645263672,
  "diff_bandwidth": 729.7139282226562,
  "dissonance": 3.7103404837312484,
  "drr": 6.824672698974609,
  "dynamics": 4.7595953941345215,
  "format": 1245190,
  "frames": 4460544,
  "loudness": -21.050735473632812,
  "loudness_range": 12.620200157165527,
  "loudness_range_short": 17.34084129333496,
  "lowpass_true_peak_15khz": -4.986927509307861,
  "mastering3_acoustic_entropies": [
    {
      "acoustic_entropy": 7.94869327545166,
      "acoustic_entropy_mono": 7.44307279586792,
      "band_eliminated_acoustic_entropies": [
        {
          "acoustic_entropy": 7.948739528656006,
          "acoustic_entropy_side": 7.94869327545166,
          "hz": 129.47220167065723
        },
        {
          "acoustic_entropy": 7.9522175788879395,
          "acoustic_entropy_side": 7.949113845825195,
          "hz": 202.92927478742237
        },
        {
          "acoustic_entropy": 7.975078105926514,
          "acoustic_entropy_side": 7.949575424194336,
          "hz": 282.89161906338205
        },
        {
          "acoustic_entropy": 7.707189559936523,
          "acoustic_entropy_side": 7.952392101287842,
          "hz": 369.9353335868758
        },
        {
          "acoustic_entropy": 7.578168869018555,
          "acoustic_entropy_side": 7.588127136230469,
          "hz": 464.6875360973435
        },
        {
          "acoustic_entropy": 8.066976547241211,
          "acoustic_entropy_side": 7.989840030670166,
          "hz": 567.8308811364784
        },
        {
          "acoustic_entropy": 7.672076225280762,
          "acoustic_entropy_side": 7.867002487182617,
          "hz": 680.1084783214808
        },
        {
          "acoustic_entropy": 7.3522419929504395,
          "acoustic_entropy_side": 8.303857803344727,
          "hz": 802.3292461747484
        },
        {
          "acoustic_entropy": 8.33000373840332,
          "acoustic_entropy_side": 7.791066646575928,
          "hz": 935.3737400823702
        },
        {
          "acoustic_entropy": 6.797236442565918,
          "acoustic_entropy_side": 7.828376770019531,
          "hz": 1080.2004963696966
        },
        {
          "acoustic_entropy": 7.803600311279297,
          "acoustic_entropy_side": 8.055560111999512,
          "hz": 1237.8529382007157
        },
        {
          "acoustic_entropy": 7.822858810424805,
          "acoustic_entropy_side": 7.902657985687256,
          "hz": 1409.4668930556702
        },
        {
          "acoustic_entropy": 7.872099876403809,
          "acoustic_entropy_side": 7.9397501945495605,
          "hz": 1596.2787759475705
        },
        {
          "acoustic_entropy": 7.55270528793335,
          "acoustic_entropy_side": 7.877293109893799,
          "hz": 1799.6344973346393
        },
        {
          "acoustic_entropy": 8.129124641418457,
          "acoustic_entropy_side": 8.005975723266602,
          "hz": 2020.9991599069049
        },
        {
          "acoustic_entropy": 7.921630382537842,
          "acoustic_entropy_side": 7.9563164710998535,
          "hz": 2261.9676141086993
        },
        {
          "acoustic_entropy": 7.965715408325195,
          "acoustic_entropy_side": 7.951166152954102,
          "hz": 2524.2759484456974
        },
        {
          "acoustic_entropy": 8.026607513427734,
          "acoustic_entropy_side": 7.962521076202393,
          "hz": 2809.813997359896
        },
        {
          "acoustic_entropy": 7.966891288757324,
          "acoustic_entropy_side": 7.9491801261901855,
          "hz": 3120.6389567871424
        },
        {
          "acoustic_entropy": 7.955781936645508,
          "acoustic_entropy_side": 7.9579949378967285,
          "hz": 3458.990205492291
        },
        {
          "acoustic_entropy": 7.959641456604004,
          "acoustic_entropy_side": 7.950877666473389,
          "hz": 3827.305438964164
        },
        {
          "acoustic_entropy": 7.954023361206055,
          "acoustic_entropy_side": 7.948988914489746,
          "hz": 4228.238232109126
        },
        {
          "acoustic_entropy": 7.948727130889893,
          "acoustic_entropy_side": 7.948734760284424,
          "hz": 4664.6771572759235
        },
        {
          "acoustic_entropy": 7.948741912841797,
          "acoustic_entropy_side": 7.948697566986084,
          "hz": 5139.766595350093
        },
        {
          "acoustic_entropy": 7.948695182800293,
          "acoustic_entropy_side": 7.9486894607543945,
          "hz": 5656.929389854203
        },
        {
          "acoustic_entropy": 7.948690891265869,
          "acoustic_entropy_side": 7.94869327545166,
          "hz": 6219.891507268283
        },
        {
          "acoustic_entropy": 7.948696613311768,
          "acoustic_entropy_side": 7.948692798614502,
          "hz": 6832.70888123896
        },
        {
          "acoustic_entropy": 7.948692798614502,
          "acoustic_entropy_side": 7.94869327545166,
          "hz": 7499.796634079867
        },
        {
          "acoustic_entropy": 7.94869327545166,
          "acoustic_entropy_side": 7.94869327545166,
          "hz": 8225.96088609342
        },
        {
          "acoustic_entropy": 7.94869327545166,
          "acoustic_entropy_side": 7.94869327545166,
          "hz": 9016.43338188839
        },
        {
          "acoustic_entropy": 7.94869327545166,
          "acoustic_entropy_side": 7.94869327545166,
          "hz": 9876.909183162974
        },
        {
          "acoustic_entropy": 7.94869327545166,
          "acoustic_entropy_side": 7.94869327545166,
          "hz": 10813.587699516042
        },
        {
          "acoustic_entropy": 7.94869327545166,
          "acoustic_entropy_side": 7.94869327545166,
          "hz": 11833.21735289826
        },
        {
          "acoustic_entropy": 7.94869327545166,
          "acoustic_entropy_side": 7.94869327545166,
          "hz": 12943.144197493959
        },
        {
          "acoustic_entropy": 7.94869327545166,
          "acoustic_entropy_side": 7.94869327545166,
          "hz": 14151.364845322005
        },
        {
          "acoustic_entropy": 7.94869327545166,
          "acoustic_entropy_side": 7.94869327545166,
          "hz": 15466.58407886509
        },
        {
          "acoustic_entropy": 7.94869327545166,
          "acoustic_entropy_side": 7.94869327545166,
          "hz": 16898.27756580493
        },
        {
          "acoustic_entropy": 7.94869327545166,
          "acoustic_entropy_side": 7.94869327545166,
          "hz": 18456.760127700032
        },
        {
          "acoustic_entropy": 7.94869327545166,
          "acoustic_entropy_side": 7.94869327545166,
          "hz": 20153.260054456492
        },
        {
          "acoustic_entropy": 7.94869327545166,
          "acoustic_entropy_side": 7.94869327545166,
          "hz": 22000.00000000001
        }
      ],
      "diff_acoustic_entropy": 5.767942905426025,
      "sn": 6
    },
    {
      "acoustic_entropy": 11.227951049804688,
      "acoustic_entropy_mono": 11.673137664794922,
      "band_eliminated_acoustic_entropies": [
        {
          "acoustic_entropy": 11.22772216796875,
          "acoustic_entropy_side": 11.227945327758789,
          "hz": 129.47220167065723
        },
        {
          "acoustic_entropy": 11.223002433776855,
          "acoustic_entropy_side": 11.222518920898438,
          "hz": 202.92927478742237
        },
        {
          "acoustic_entropy": 11.217655181884766,
          "acoustic_entropy_side": 11.24288558959961,
          "hz": 282.89161906338205
        },
        {
          "acoustic_entropy": 12.020758628845215,
          "acoustic_entropy_side": 11.306257247924805,
          "hz": 369.9353335868758
        },
        {
          "acoustic_entropy": 11.739546775817871,
          "acoustic_entropy_side": 10.936575889587402,
          "hz": 464.6875360973435
        },
        {
          "acoustic_entropy": 11.443594932556152,
          "acoustic_entropy_side": 11.602985382080078,
          "hz": 567.8308811364784
        },
        {
          "acoustic_entropy": 11.568313598632812,
          "acoustic_entropy_side": 11.767129898071289,
          "hz": 680.1084783214808
        },
        {
          "acoustic_entropy": 10.96262264251709,
          "acoustic_entropy_side": 11.696023941040039,
          "hz": 802.3292461747484
        },
        {
          "acoustic_entropy": 11.302600860595703,
          "acoustic_entropy_side": 11.138699531555176,
          "hz": 935.3737400823702
        },
        {
          "acoustic_entropy": 11.032785415649414,
          "acoustic_entropy_side": 11.904322624206543,
          "hz": 1080.2004963696966
        },
        {
          "acoustic_entropy": 11.626510620117188,
          "acoustic_entropy_side": 10.919451713562012,
          "hz": 1237.8529382007157
        },
        {
          "acoustic_entropy": 11.413501739501953,
          "acoustic_entropy_side": 11.121356964111328,
          "hz": 1409.4668930556702
        },
        {
          "acoustic_entropy": 11.49302864074707,
          "acoustic_entropy_side": 11.336792945861816,
          "hz": 1596.2787759475705
        },
        {
          "acoustic_entropy": 11.342201232910156,
          "acoustic_entropy_side": 11.350920677185059,
          "hz": 1799.6344973346393
        },
        {
          "acoustic_entropy": 10.94168758392334,
          "acoustic_entropy_side": 11.499122619628906,
          "hz": 2020.9991599069049
        },
        {
          "acoustic_entropy": 11.750499725341797,
          "acoustic_entropy_side": 11.40767765045166,
          "hz": 2261.9676141086993
        },
        {
          "acoustic_entropy": 11.137127876281738,
          "acoustic_entropy_side": 11.190338134765625,
          "hz": 2524.2759484456974
        },
        {
          "acoustic_entropy": 11.495734214782715,
          "acoustic_entropy_side": 11.311373710632324,
          "hz": 2809.813997359896
        },
        {
          "acoustic_entropy": 11.460838317871094,
          "acoustic_entropy_side": 11.224678993225098,
          "hz": 3120.6389567871424
        },
        {
          "acoustic_entropy": 11.751030921936035,
          "acoustic_entropy_side": 11.247515678405762,
          "hz": 3458.990205492291
        },
        {
          "acoustic_entropy": 11.426909446716309,
          "acoustic_entropy_side": 11.230239868164062,
          "hz": 3827.305438964164
        },
        {
          "acoustic_entropy": 11.266321182250977,
          "acoustic_entropy_side": 11.230440139770508,
          "hz": 4228.238232109126
        },
        {
          "acoustic_entropy": 11.225970268249512,
          "acoustic_entropy_side": 11.228493690490723,
          "hz": 4664.6771572759235
        },
        {
          "acoustic_entropy": 11.229321479797363,
          "acoustic_entropy_side": 11.228832244873047,
          "hz": 5139.766595350093
        },
        {
          "acoustic_entropy": 11.229924201965332,
          "acoustic_entropy_side": 11.228314399719238,
          "hz": 5656.929389854203
        },
        {
          "acoustic_entropy": 11.228261947631836,
          "acoustic_entropy_side": 11.22797679901123,
          "hz": 6219.891507268283
        },
        {
          "acoustic_entropy": 11.22817325592041,
          "acoustic_entropy_side": 11.227950096130371,
          "hz": 6832.70888123896
        },
        {
          "acoustic_entropy": 11.227952003479004,
          "acoustic_entropy_side": 11.22795295715332,
          "hz": 7499.796634079867
        },
        {
          "acoustic_entropy": 11.227950096130371,
          "acoustic_entropy_side": 11.227952003479004,
          "hz": 8225.96088609342
        },
        {
          "acoustic_entropy": 11.22795295715332,
          "acoustic_entropy_side": 11.227951049804688,
          "hz": 9016.43338188839
        },
        {
          "acoustic_entropy": 11.227952003479004,
          "acoustic_entropy_side": 11.227951049804688,
          "hz": 9876.909183162974
        },
        {
          "acoustic_entropy": 11.227951049804688,
          "acoustic_entropy_side": 11.227951049804688,
          "hz": 10813.587699516042
        },
        {
          "acoustic_entropy": 11.227951049804688,
          "acoustic_entropy_side": 11.227951049804688,
          "hz": 11833.21735289826
        },
        {
          "acoustic_entropy": 11.227951049804688,
          "acoustic_entropy_side": 11.227951049804688,
          "hz": 12943.144197493959
        },
        {
          "acoustic_entropy": 11.227951049804688,
          "acoustic_entropy_side": 11.227951049804688,
          "hz": 14151.364845322005
        },
        {
          "acoustic_entropy": 11.227951049804688,
          "acoustic_entropy_side": 11.227951049804688,
          "hz": 15466.58407886509
        },
        {
          "acoustic_entropy": 11.227951049804688,
          "acoustic_entropy_side": 11.227951049804688,
          "hz": 16898.27756580493
        },
        {
          "acoustic_entropy": 11.227951049804688,
          "acoustic_entropy_side": 11.227951049804688,
          "hz": 18456.760127700032
        },
        {
          "acoustic_entropy": 11.227951049804688,
          "acoustic_entropy_side": 11.227951049804688,
          "hz": 20153.260054456492
        },
        {
          "acoustic_entropy": 11.227951049804688,
          "acoustic_entropy_side": 11.227951049804688,
          "hz": 22000.00000000001
        }
      ],
      "diff_acoustic_entropy": 8.640088081359863,
      "sn": 12
    },
    {
      "acoustic_entropy": 17.372028350830078,
      "acoustic_entropy_mono": 16.403125762939453,
      "band_eliminated_acoustic_entropies": [
        {
          "acoustic_entropy": 17.392847061157227,
          "acoustic_entropy_side": 17.372949600219727,
          "hz": 129.47220167065723
        },
        {
          "acoustic_entropy": 17.235153198242188,
          "acoustic_entropy_side": 17.44598960876465,
          "hz": 202.92927478742237
        },
        {
          "acoustic_entropy": 19.550275802612305,
          "acoustic_entropy_side": 17.933086395263672,
          "hz": 282.89161906338205
        },
        {
          "acoustic_entropy": 18.28260040283203,
          "acoustic_entropy_side": 18.0863037109375,
          "hz": 369.9353335868758
        },
        {
          "acoustic_entropy": 17.63615608215332,
          "acoustic_entropy_side": 17.891935348510742,
          "hz": 464.6875360973435
        },
        {
          "acoustic_entropy": 18.005828857421875,
          "acoustic_entropy_side": 18.503841400146484,
          "hz": 567.8308811364784
        },
        {
          "acoustic_entropy": 18.380586624145508,
          "acoustic_entropy_side": 18.462228775024414,
          "hz": 680.1084783214808
        },
        {
          "acoustic_entropy": 17.570938110351562,
          "acoustic_entropy_side": 17.71109962463379,
          "hz": 802.3292461747484
        },
        {
          "acoustic_entropy": 18.394195556640625,
          "acoustic_entropy_side": 19.11018943786621,
          "hz": 935.3737400823702
        },
        {
          "acoustic_entropy": 18.6955623626709,
          "acoustic_entropy_side": 18.98904037475586,
          "hz": 1080.2004963696966
        },
        {
          "acoustic_entropy": 18.31884002685547,
          "acoustic_entropy_side": 17.63991928100586,
          "hz": 1237.8529382007157
        },
        {
          "acoustic_entropy": 17.930843353271484,
          "acoustic_entropy_side": 17.78077507019043,
          "hz": 1409.4668930556702
        },
        {
          "acoustic_entropy": 18.201814651489258,
          "acoustic_entropy_side": 18.490394592285156,
          "hz": 1596.2787759475705
        },
        {
          "acoustic_entropy": 18.038400650024414,
          "acoustic_entropy_side": 18.252300262451172,
          "hz": 1799.6344973346393
        },
        {
          "acoustic_entropy": 17.5527286529541,
          "acoustic_entropy_side": 18.11680030822754,
          "hz": 2020.9991599069049
        },
        {
          "acoustic_entropy": 18.188249588012695,
          "acoustic_entropy_side": 17.764806747436523,
          "hz": 2261.9676141086993
        },
        {
          "acoustic_entropy": 17.359647750854492,
          "acoustic_entropy_side": 17.859926223754883,
          "hz": 2524.2759484456974
        },
        {
          "acoustic_entropy": 18.197542190551758,
