{
  "acoustic_entropy": 61.93095779418945,
  "bands": [
    {
      "high_freq": 148.1999969482422,
      "loudness": -69.13809204101562,
      "loudness_range": 3.3829727172851562,
      "mid_mean": -65.79088592529297,
      "mid_to_side_loudness": -2.1128859519958496,
      "mid_to_side_loudness_range": 4.482931613922119,
      "side_mean": -66.75233459472656
    },
    {
      "high_freq": 392.3793640136719,
      "loudness": -70.36872100830078,
      "loudness_range": 5.306236267089844,
      "low_freq": 148.1999969482422,
      "mid_mean": -66.95928192138672,
      "mid_to_side_loudness": 0.2661440968513489,
      "mid_to_side_loudness_range": 6.013000965118408,
      "side_mean": -66.81896209716797
    },
    {
      "high_freq": 794.6976318359375,
      "loudness": -74.76571655273438,
      "loudness_range": 20.237709045410156,
      "low_freq": 392.3793640136719,
      "mid_mean": -67.4262924194336,
      "mid_to_side_loudness": -3.175670862197876,
      "mid_to_side_loudness_range": 7.381467342376709,
      "side_mean": -68.66857147216797
    },
    {
      "high_freq": 1457.5709228515625,
      "loudness": -36.4002685546875,
      "loudness_range": 33.13832092285156,
      "low_freq": 794.6976318359375,
      "mid_mean": -34.36575698852539,
      "mid_to_side_loudness": -8.025640487670898,
      "mid_to_side_loudness_range": 14.963991165161133,
      "side_mean": -43.104278564453125
    },
    {
      "high_freq": 2549.74365234375,
      "loudness": -38.39379119873047,
      "loudness_range": 40.07133483886719,
      "low_freq": 1457.5709228515625,
      "mid_mean": -37.85485076904297,
      "mid_to_side_loudness": -7.098611831665039,
      "mid_to_side_loudness_range": 13.735301971435547,
      "side_mean": -46.07657241821289
    },
    {
      "high_freq": 4349.24462890625,
      "loudness": -48.1733283996582,
      "loudness_range": 16.066280364990234,
      "low_freq": 2549.74365234375,
      "mid_mean": -45.30503845214844,
      "mid_to_side_loudness": -8.625946998596191,
      "mid_to_side_loudness_range": 13.208710670471191,
      "side_mean": -56.02507781982422
    },
    {
      "high_freq": 7314.1640625,
      "loudness": -55.986995697021484,
      "loudness_range": 18.271774291992188,
      "low_freq": 4349.24462890625,
      "mid_mean": -54.097869873046875,
      "mid_to_side_loudness": -11.118962287902832,
      "mid_to_side_loudness_range": 14.940873146057129,
      "side_mean": -63.64078140258789
    },
    {
      "high_freq": 12199.2666015625,
      "loudness": -68.30504608154297,
      "loudness_range": 16.278640747070312,
      "low_freq": 7314.1640625,
      "mid_mean": -63.63597106933594,
      "mid_to_side_loudness": -8.647037506103516,
      "mid_to_side_loudness_range": 12.070788383483887,
      "side_mean": -68.42340087890625
    },
    {
      "loudness": -72.8919906616211,
      "loudness_range": 7.30364990234375,
      "low_freq": 12199.2666015625,
      "mid_mean": -66.9055404663086,
      "mid_to_side_loudness": -3.9726779460906982,
      "mid_to_side_loudness_range": 6.323652267456055,
      "side_mean": -68.63020324707031
    }
  ],
  "bands_short": [
    {
      "high_freq": 148.1999969482422,
      "loudness": -72.1078872680664,
      "loudness_range": 8.752197265625,
      "mid_mean": -67.13928985595703,
      "mid_to_side_loudness": -3.1189680099487305,
      "mid_to_side_loudness_range": 15.488779067993164,
      "side_mean": -68.11527252197266
    },
    {
      "high_freq": 392.3793640136719,
      "loudness": -68.76506042480469,
      "loudness_range": 5.9134521484375,
      "low_freq": 148.1999969482422,
      "mid_mean": -66.07211303710938,
      "mid_to_side_loudness": -0.14148159325122833,
      "mid_to_side_loudness_range": 9.383302688598633,
      "side_mean": -66.04439544677734
    },
    {
      "high_freq": 794.6976318359375,
      "loudness": -75.23609161376953,
      "loudness_range": 17.280105590820312,
      "low_freq": 392.3793640136719,
      "mid_mean": -67.79206085205078,
      "mid_to_side_loudness": -2.874429225921631,
      "mid_to_side_loudness_range": 8.750753402709961,
      "side_mean": -68.81187438964844
    },
    {
      "high_freq": 1457.5709228515625,
      "loudness": -36.48115158081055,
      "loudness_range": 33.57954025268555,
      "low_freq": 794.6976318359375,
      "mid_mean": -35.515201568603516,
      "mid_to_side_loudness": -7.6545023918151855,
      "mid_to_side_loudness_range": 19.07113265991211,
      "side_mean": -44.17779541015625
    },
    {
      "high_freq": 2549.74365234375,
      "loudness": -39.73422622680664,
      "loudness_range": 42.30940246582031,
      "low_freq": 1457.5709228515625,
      "mid_mean": -39.9102668762207,
      "mid_to_side_loudness": -6.3166704177856445,
      "mid_to_side_loudness_range": 16.584762573242188,
      "side_mean": -47.584510803222656
    },
    {
      "high_freq": 4349.24462890625,
      "loudness": -48.6260986328125,
      "loudness_range": 16.642459869384766,
      "low_freq": 2549.74365234375,
      "mid_mean": -46.027374267578125,
      "mid_to_side_loudness": -8.239656448364258,
      "mid_to_side_loudness_range": 15.822929382324219,
      "side_mean": -56.387447357177734
    },
    {
      "high_freq": 7314.1640625,
      "loudness": -56.744319915771484,
      "loudness_range": 20.74560546875,
      "low_freq": 4349.24462890625,
      "mid_mean": -54.87602996826172,
      "mid_to_side_loudness": -10.462303161621094,
      "mid_to_side_loudness_range": 16.22260856628418,
      "side_mean": -63.842342376708984
    },
    {
      "high_freq": 12199.2666015625,
      "loudness": -68.86094665527344,
      "loudness_range": 18.61807632446289,
      "low_freq": 7314.1640625,
      "mid_mean": -64.00675964355469,
      "mid_to_side_loudness": -8.040074348449707,
      "mid_to_side_loudness_range": 12.62574577331543,
      "side_mean": -68.42516326904297
    },
    {
      "loudness": -73.08071899414062,
      "loudness_range": 8.367340087890625,
      "low_freq": 12199.2666015625,
      "mid_mean": -66.97281646728516,
      "mid_to_side_loudness": -3.78377366065979,
      "mid_to_side_loudness_range": 6.402432918548584,
      "side_mean": -68.62612915039062
    }
  ],
  "bandwidth": 1314.3258056640625,
  "channels": 2,
  "covariance": [
    [
      1.9683879613876343,
      1.2445399761199951,
      1.3506044149398804,
      1.0724202394485474,
      1.345462679862976,
      0.7554805278778076,
      -0.24584166705608368,
      -0.4996770918369293,
      3.9662539958953857,
      4.051400661468506,
      1.334365725517273,
      5.672832012176514,
      5.605294227600098,
      2.8225009441375732,
      2.6415395736694336,
      0.8392049074172974,
      1.1578776836395264,
      0.45083338022232056
    ],
    [
      1.2445399761199951,
      1.2409100532531738,
      0.9882614016532898,
      0.83553147315979,
      0.6768930554389954,
      0.38277894258499146,
      -0.8875732421875,
      -0.5272851586341858,
      3.1291263103485107,
      2.7694876194000244,
      0.5030202269554138,
      4.061326503753662,
      4.685070991516113,
      2.283705949783325,
      2.175356149673462,
      0.6915828585624695,
      1.049217939376831,
      0.37431034445762634
    ],
    [
      1.3506044149398804,
      0.9882614016532898,
      2.713446855545044,
      1.1294010877609253,
      4.004344463348389,
      1.5327372550964355,
      -0.6694029569625854,
      -0.8275710940361023,
      8.89859390258789,
      7.036818027496338,
      2.0405683517456055,
      4.964125633239746,
      6.127808094024658,
      2.815769910812378,
      4.233450889587402,
      1.235517144203186,
      1.4990119934082031,
      0.4760386049747467
    ],
    [
      1.0724202394485474,
      0.83553147315979,
      1.1294010877609253,
      0.9810333251953125,
      1.5249035358428955,
      0.7918152213096619,
      0.7368117570877075,
      0.94868403673172,
      2.635737657546997,
      2.037189483642578,
      0.8159279823303223,
      4.123908519744873,
      4.732184886932373,
      1.9873713254928589,
      2.3043696880340576,
      0.6237015128135681,
      0.9622182846069336,
      0.3335983157157898
    ],
    [
      1.345462679862976,
      0.6768930554389954,
      4.004344463348389,
      1.5249035358428955,
      16.472013473510742,
      7.266759872436523,
      14.541484832763672,
      11.76463794708252,
      16.105039596557617,
      9.970169067382812,
      7.67698335647583,
      6.843696594238281,
      8.2210693359375,
      2.630781650543213,
      7.215359210968018,
      1.921121597290039,
      1.4176918268203735,
      0.40498968958854675
    ],
    [
      0.7554805278778076,
      0.38277894258499146,
      1.5327372550964355,
      0.7918152213096619,
      7.266759872436523,
      4.7886857986450195,
      7.4143266677856445,
      7.85355281829834,
      8.093382835388184,
      7.580474853515625,
      4.3044657707214355,
      4.823610782623291,
      4.560273170471191,
      2.3000147342681885,
      3.2894246578216553,
      1.0397155284881592,
      0.7382035255432129,
      0.21618059277534485
    ],
    [
      -0.24584166705608368,
      -0.8875732421875,
      -0.6694029569625854,
      0.7368117570877075,
      14.541484832763672,
      7.4143266677856445,
      165.13246154785156,
      160.6180877685547,
      -158.11952209472656,
      -167.3332061767578,
      -4.196247100830078,
      -20.375490188598633,
      -49.86785888671875,
      -44.07152557373047,
      -18.885122299194336,
      -5.910995960235596,
      -9.953863143920898,
      -2.6144626140594482
    ],
    [
      -0.4996770918369293,
      -0.5272851586341858,
      -0.8275710940361023,
      0.94868403673172,
      11.76463794708252,
      7.85355281829834,
      160.6180877685547,
      189.65858459472656,
      -167.7174835205078,
      -178.9887237548828,
      -7.214831829071045,
      -18.1363468170166,
      -50.43828201293945,
      -44.58358383178711,
      -21.290109634399414,
      -6.5196943283081055,
      -11.702127456665039,
      -2.9458203315734863
    ],
    [
      3.9662539958953857,
      3.1291263103485107,
      8.89859390258789,
      2.635737657546997,
      16.105039596557617,
      8.093382835388184,
      -158.11952209472656,
      -167.7174835205078,
      269.6002502441406,
      249.72129821777344,
      39.59864044189453,
      52.83357238769531,
      92.35630798339844,
      67.26408386230469,
      49.93169403076172,
      15.80781078338623,
      21.20518684387207,
      5.146870136260986
    ],
    [
      4.051400661468506,
      2.7694876194000244,
      7.036818027496338,
      2.037189483642578,
      9.970169067382812,
      7.580474853515625,
      -167.3332061767578,
      -178.9887237548828,
      249.72129821777344,
      273.8738708496094,
      34.91379928588867,
      53.645503997802734,
      87.287841796875,
      69.0442886352539,
      43.40288162231445,
      14.604599952697754,
      19.46623420715332,
      4.841869354248047
    ],
    [
      1.334365725517273,
      0.5030202269554138,
      2.0405683517456055,
      0.8159279823303223,
      7.67698335647583,
      4.3044657707214355,
      -4.196247100830078,
      -7.214831829071045,
      39.59864044189453,
      34.91379928588867,
      40.20436096191406,
      24.707704544067383,
      30.255102157592773,
      16.58017921447754,
      18.98357391357422,
      5.291291236877441,
      6.813638210296631,
      1.5134648084640503
    ],
    [
      5.672832012176514,
      4.061326503753662,
      4.964125633239746,
      4.123908519744873,
      6.843696594238281,
      4.823610782623291,
      -20.375490188598633,
      -18.1363468170166,
      52.83357238769531,
      53.645503997802734,
      24.707704544067383,
      43.61004638671875,
      45.94131851196289,
      25.717845916748047,
      22.07472038269043,
      6.588780403137207,
      8.918059349060059,
      2.72505259513855
    ],
    [
      5.605294227600098,
      4.685070991516113,
      6.127808094024658,
      4.732184886932373,
      8.2210693359375,
      4.560273170471191,
      -49.86785888671875,
      -50.43828201293945,
      92.35630798339844,
      87.287841796875,
      30.255102157592773,
      45.94131851196289,
      69.05006408691406,
      36.31509017944336,
      32.4564323425293,
      8.873588562011719,
      13.477590560913086,
      3.6712937355041504
    ],
    [
      2.8225009441375732,
      2.283705949783325,
      2.815769910812378,
      1.9873713254928589,
      2.630781650543213,
      2.3000147342681885,
      -44.07152557373047,
      -44.58358383178711,
      67.26408386230469,
      69.0442886352539,
      16.58017921447754,
      25.717845916748047,
      36.31509017944336,
      23.972009658813477,
      17.267969131469727,
      5.418057441711426,
      7.494472026824951,
      2.0704219341278076
    ],
    [
      2.6415395736694336,
      2.175356149673462,
      4.233450889587402,
      2.3043696880340576,
      7.215359210968018,
      3.2894246578216553,
      -18.885122299194336,
      -21.290109634399414,
      49.93169403076172,
      43.40288162231445,
      18.98357391357422,
      22.07472038269043,
      32.4564323425293,
      17.267969131469727,
      19.712875366210938,
      5.705042362213135,
      7.921060085296631,
      2.0771493911743164
    ],
    [
      0.8392049074172974,
      0.6915828585624695,
      1.235517144203186,
      0.6237015128135681,
      1.921121597290039,
      1.0397155284881592,
      -5.910995960235596,
      -6.5196943283081055,
      15.80781078338623,
      14.604599952697754,
      5.291291236877441,
      6.588780403137207,
      8.873588562011719,
      5.418057441711426,
      5.705042362213135,
      2.0714995861053467,
      2.4888010025024414,
      0.6948060393333435
    ],
    [
      1.1578776836395264,
      1.049217939376831,
      1.4990119934082031,
      0.9622182846069336,
      1.4176918268203735,
      0.7382035255432129,
      -9.953863143920898,
      -11.702127456665039,
      21.20518684387207,
      19.46623420715332,
      6.813638210296631,
      8.918059349060059,
      13.477590560913086,
      7.494472026824951,
      7.921060085296631,
      2.4888010025024414,
      3.897218704223633,
      1.0044933557510376
    ],
    [
      0.45083338022232056,
      0.37431034445762634,
      0.4760386049747467,
      0.3335983157157898,
      0.40498968958854675,
      0.21618059277534485,
      -2.6144626140594482,
      -2.9458203315734863,
      5.146870136260986,
      4.841869354248047,
      1.5134648084640503,
      2.72505259513855,
      3.6712937355041504,
      2.0704219341278076,
      2.0771493911743164,
      0.6948060393333435,
      1.0044933557510376,
      0.30392953753471375
    ]
  ],
  "covariance_short": [
    [
      3.2985880374908447,
      0.8762851357460022,
      1.4292147159576416,
      0.937346875667572,
      0.7418966293334961,
      0.3047775328159332,
      -0.5605000257492065,
      -0.9623801112174988,
      3.1684491634368896,
      3.353581428527832,
      0.9782769680023193,
      3.6997601985931396,
      3.725451707839966,
      1.917227864265442,
      1.7257978916168213,
      0.5421933531761169,
      0.7364374399185181,
      0.29731670022010803
    ],
    [
      0.8762851357460022,
      1.8647472858428955,
      0.7732874155044556,
      0.8706192374229431,
      0.2517254650592804,
      0.11647067219018936,
      -0.7320672273635864,
      -0.6159924864768982,
      1.8581668138504028,
      1.683395504951477,
      -0.13784489035606384,
      2.098310708999634,
      2.570847988128662,
      1.269892692565918,
      1.0547248125076294,
      0.36320972442626953,
      0.5230739712715149,
      0.2033015340566635
    ],
    [
      1.4292147159576416,
      0.7732874155044556,
      3.9157140254974365,
      1.6801754236221313,
      2.7722349166870117,
      1.1263434886932373,
      -0.5235270857810974,
      -0.6577980518341064,
      6.224081516265869,
      5.607457160949707,
      0.9033717513084412,
      5.2946295738220215,
      5.80731725692749,
      2.782785654067993,
      3.647836685180664,
      1.1483149528503418,
      1.3349738121032715,
      0.4998873770236969
    ],
    [
      0.937346875667572,
      0.8706192374229431,
      1.6801754236221313,
      2.65789532661438,
      1.2770614624023438,
      0.6403772830963135,
      0.4024234712123871,
      0.38694852590560913,
      2.6857073307037354,
      2.551041841506958,
      0.8859581351280212,
      4.918196201324463,
      5.408322334289551,
      2.4076974391937256,
      2.5637969970703125,
      0.7886071801185608,
      1.1428618431091309,
      0.4278031885623932
    ],
    [
      0.7418966293334961,
      0.2517254650592804,
      2.7722349166870117,
      1.2770614624023438,
      10.651494026184082,
      4.268348217010498,
      10.651403427124023,
      8.177619934082031,
      10.04918384552002,
      6.63409948348999,
      5.222067356109619,
      5.009077072143555,
      6.534461498260498,
      2.0489327907562256,
      6.019427299499512,
      1.6512563228607178,
      1.3508375883102417,
      0.3838423192501068
    ],
    [
      0.3047775328159332,
      0.11647067219018936,
      1.1263434886932373,
      0.6403772830963135,
      4.268348217010498,
      3.3679516315460205,
      5.275359153747559,
      6.057016372680664,
      6.641453742980957,
      6.378414630889893,
      3.170470714569092,
      4.051120758056641,
      3.7311365604400635,
      2.0723140239715576,
      2.6234731674194336,
      0.9128478765487671,
      0.6616887450218201,
      0.20907840132713318
    ],
    [
      -0.5605000257492065,
      -0.7320672273635864,
      -0.5235270857810974,
      0.4024234712123871,
      10.651403427124023,
      5.275359153747559,
      174.79010009765625,
      156.58229064941406,
      -165.35479736328125,
      -162.24095153808594,
      -1.2197366952896118,
      -19.29442596435547,
      -45.67815399169922,
      -42.778202056884766,
      -18.07868766784668,
      -6.669469356536865,
      -9.515974998474121,
      -2.726705312728882
    ],
    [
      -0.9623801112174988,
      -0.6159924864768982,
      -0.6577980518341064,
      0.38694852590560913,
      8.177619934082031,
      6.057016372680664,
      156.58229064941406,
      191.02223205566406,
      -169.41879272460938,
      -170.8732452392578,
      -4.0841827392578125,
      -14.481048583984375,
      -45.135066986083984,
      -41.17322540283203,
      -19.663957595825195,
      -6.537319660186768,
      -10.426170349121094,
      -2.8267531394958496
    ],
    [
      3.1684491634368896,
      1.8581668138504028,
      6.224081516265869,
      2.6857073307037354,
      10.04918384552002,
      6.641453742980957,
      -165.35479736328125,
      -169.41879272460938,
      285.6859436035156,
      259.46649169921875,
      43.4637336730957,
      53.446720123291016,
      91.40132141113281,
      68.26647186279297,
      49.39883804321289,
      16.652671813964844,
      21.337646484375,
      5.429780960083008
    ],
    [
      3.353581428527832,
      1.683395504951477,
      5.607457160949707,
      2.551041841506958,
      6.63409948348999,
      6.378414630889893,
      -162.24095153808594,
      -170.8732452392578,
      259.46649169921875,
      279.2844543457031,
      36.20404052734375,
      55.409027099609375,
      84.77115631103516,
      67.94207763671875,
      41.349849700927734,
      15.025701522827148,
      18.142744064331055,
      4.874205112457275
    ],
    [
      0.9782769680023193,
      -0.13784489035606384,
      0.9033717513084412,
      0.8859581351280212,
      5.222067356109619,
      3.170470714569092,
      -1.2197366952896118,
      -4.0841827392578125,
      43.4637336730957,
      36.20404052734375,
      46.50059509277344,
      22.80474090576172,
      34.712276458740234,
      15.926580429077148,
      20.957761764526367,
      5.531258583068848,
      7.547174453735352,
      1.6152335405349731
    ],
    [
      3.6997601985931396,
      2.098310708999634,
      5.2946295738220215,
      4.918196201324463,
      5.009077072143555,
      4.051120758056641,
      -19.29442596435547,
      -14.481048583984375,
      53.446720123291016,
      55.409027099609375,
      22.80474090576172,
      45.58224868774414,
      42.60857009887695,
      24.669347763061523,
      19.93570899963379,
      6.584568023681641,
      8.0979642868042,
      2.6308412551879883
    ],
    [
      3.725451707839966,
      2.570847988128662,
      5.80731725692749,
      5.408322334289551,
      6.534461498260498,
      3.7311365604400635,
      -45.67815399169922,
      -45.135066986083984,
      91.40132141113281,
      84.77115631103516,
      34.712276458740234,
      42.60857009887695,
      72.0738754272461,
      34.18659210205078,
      33.94706344604492,
      8.828045845031738,
      13.959836959838867,
      3.7100136280059814
    ],
    [
      1.917227864265442,
      1.269892692565918,
      2.782785654067993,
      2.4076974391937256,
      2.0489327907562256,
      2.0723140239715576,
      -42.778202056884766,
      -41.17322540283203,
      68.26647186279297,
      67.94207763671875,
      15.926580429077148,
      24.669347763061523,
      34.18659210205078,
      24.413471221923828,
      15.979126930236816,
      5.552168846130371,
      6.837475776672363,
      2.0460355281829834
    ],
    [
      1.7257978916168213,
      1.0547248125076294,
      3.647836685180664,
      2.5637969970703125,
      6.019427299499512,
      2.6234731674194336,
      -18.07868766784668,
      -19.663957595825195,
      49.39883804321289,
      41.349849700927734,
      20.957761764526367,
      19.93570899963379,
      33.94706344604492,
      15.979126930236816,
      21.69326400756836,
      5.749465465545654,
      8.62525749206543,
      2.1591293811798096
    ],
    [
      0.5421933531761169,
      0.36320972442626953,
      1.1483149528503418,
      0.7886071801185608,
      1.6512563228607178,
      0.9128478765487671,
      -6.669469356536865,
      -6.537319660186768,
      16.652671813964844,
      15.025701522827148,
      5.531258583068848,
      6.584568023681641,
      8.828045845031738,
      5.552168846130371,
      5.749465465545654,
      2.3009703159332275,
      2.461195945739746,
      0.7578458786010742
    ],
    [
      0.7364374399185181,
      0.5230739712715149,
      1.3349738121032715,
      1.1428618431091309,
      1.3508375883102417,
      0.6616887450218201,
      -9.515974998474121,
      -10.426170349121094,
      21.337646484375,
      18.142744064331055,
      7.547174453735352,
      8.0979642868042,
      13.959836959838867,
      6.837475776672363,
      8.62525749206543,
      2.461195945739746,
      4.3910017013549805,
      1.056497573852539
    ],
    [
      0.29731670022010803,
      0.2033015340566635,
      0.4998873770236969,
      0.4278031885623932,
      0.3838423192501068,
      0.20907840132713318,
      -2.726705312728882,
      -2.8267531394958496,
      5.429780960083008,
      4.874205112457275,
      1.6152335405349731,
      2.6308412551879883,
      3.7100136280059814,
      2.0460355281829834,
      2.1591293811798096,
      0.7578458786010742,
      1.056497573852539,
      0.36151307821273804
    ]
  ],
  "damage": -10.307744026184082,
  "diff_bandwidth": 1309.2528076171875,
  "dissonance": 6.105788349597027,
  "drr": -0.9444988965988159,
  "dynamics": 4.5189714431762695,
  "format": 1245190,
  "frames": 2223040,
  "loudness": -22.548213958740234,
  "loudness_range": 13.244275093078613,
  "loudness_range_short": 15.709487915039062,
  "lowpass_true_peak_15khz": -6.429741859436035,
  "mastering3_acoustic_entropies": [
    {
      "acoustic_entropy": 9.225154876708984,
      "acoustic_entropy_mono": 8.21695327758789,
      "band_eliminated_acoustic_entropies": [
        {
          "acoustic_entropy": 9.225154876708984,
          "acoustic_entropy_side": 9.225154876708984,
          "hz": 129.47220167065723
        },
        {
          "acoustic_entropy": 9.225154876708984,
          "acoustic_entropy_side": 9.225154876708984,
          "hz": 202.92927478742237
        },
        {
          "acoustic_entropy": 9.225154876708984,
          "acoustic_entropy_side": 9.225154876708984,
          "hz": 282.89161906338205
        },
        {
          "acoustic_entropy": 9.225154876708984,
          "acoustic_entropy_side": 9.225154876708984,
          "hz": 369.9353335868758
        },
        {
          "acoustic_entropy": 9.225154876708984,
          "acoustic_entropy_side": 9.225154876708984,
          "hz": 464.6875360973435
        },
        {
          "acoustic_entropy": 9.2251615524292,
          "acoustic_entropy_side": 9.225154876708984,
          "hz": 567.8308811364784
        },
        {
          "acoustic_entropy": 9.225151062011719,
          "acoustic_entropy_side": 9.2251558303833,
          "hz": 680.1084783214808
        },
        {
          "acoustic_entropy": 9.225597381591797,
          "acoustic_entropy_side": 9.225181579589844,
          "hz": 802.3292461747484
        },
        {
          "acoustic_entropy": 9.328795433044434,
          "acoustic_entropy_side": 9.252470016479492,
          "hz": 935.3737400823702
        },
        {
          "acoustic_entropy": 9.39610767364502,
          "acoustic_entropy_side": 9.228750228881836,
          "hz": 1080.2004963696966
        },
        {
          "acoustic_entropy": 8.516828536987305,
          "acoustic_entropy_side": 9.332857131958008,
          "hz": 1237.8529382007157
        },
        {
          "acoustic_entropy": 9.574620246887207,
          "acoustic_entropy_side": 9.069478034973145,
          "hz": 1409.4668930556702
        },
        {
          "acoustic_entropy": 8.655766487121582,
          "acoustic_entropy_side": 9.124353408813477,
          "hz": 1596.2787759475705
        },
        {
          "acoustic_entropy": 8.904716491699219,
          "acoustic_entropy_side": 9.182290077209473,
          "hz": 1799.6344973346393
        },
        {
          "acoustic_entropy": 8.807868957519531,
          "acoustic_entropy_side": 8.779727935791016,
          "hz": 2020.9991599069049
        },
        {
          "acoustic_entropy": 8.77204418182373,
          "acoustic_entropy_side": 9.042351722717285,
          "hz": 2261.9676141086993
        },
        {
          "acoustic_entropy": 9.252760887145996,
          "acoustic_entropy_side": 9.22477912902832,
          "hz": 2524.2759484456974
        },
        {
          "acoustic_entropy": 9.25543212890625,
          "acoustic_entropy_side": 9.224818229675293,
          "hz": 2809.813997359896
        },
        {
          "acoustic_entropy": 9.257826805114746,
          "acoustic_entropy_side": 9.225255012512207,
          "hz": 3120.6389567871424
        },
        {
          "acoustic_entropy": 9.236753463745117,
          "acoustic_entropy_side": 9.225303649902344,
          "hz": 3458.990205492291
        },
        {
          "acoustic_entropy": 9.210113525390625,
          "acoustic_entropy_side": 9.225421905517578,
          "hz": 3827.305438964164
        },
        {
          "acoustic_entropy": 9.143723487854004,
          "acoustic_entropy_side": 9.22476577758789,
          "hz": 4228.238232109126
        },
        {
          "acoustic_entropy": 9.222490310668945,
          "acoustic_entropy_side": 9.225120544433594,
          "hz": 4664.6771572759235
        },
        {
          "acoustic_entropy": 9.231659889221191,
          "acoustic_entropy_side": 9.225152969360352,
          "hz": 5139.766595350093
        },
        {
          "acoustic_entropy": 9.225788116455078,
          "acoustic_entropy_side": 9.225144386291504,
          "hz": 5656.929389854203
        },
        {
          "acoustic_entropy": 9.215831756591797,
          "acoustic_entropy_side": 9.225149154663086,
          "hz": 6219.891507268283
        },
        {
          "acoustic_entropy": 9.226018905639648,
          "acoustic_entropy_side": 9.225154876708984,
          "hz": 6832.70888123896
        },
        {
          "acoustic_entropy": 9.226313591003418,
          "acoustic_entropy_side": 9.225154876708984,
          "hz": 7499.796634079867
        },
        {
          "acoustic_entropy": 9.225747108459473,
          "acoustic_entropy_side": 9.225154876708984,
          "hz": 8225.96088609342
        },
        {
          "acoustic_entropy": 9.225499153137207,
          "acoustic_entropy_side": 9.225154876708984,
          "hz": 9016.43338188839
        },
        {
          "acoustic_entropy": 9.225225448608398,
          "acoustic_entropy_side": 9.225154876708984,
          "hz": 9876.909183162974
        },
        {
          "acoustic_entropy": 9.225187301635742,
          "acoustic_entropy_side": 9.225154876708984,
          "hz": 10813.587699516042
        },
        {
          "acoustic_entropy": 9.225191116333008,
          "acoustic_entropy_side": 9.225154876708984,
          "hz": 11833.21735289826
        },
        {
          "acoustic_entropy": 9.225184440612793,
          "acoustic_entropy_side": 9.225154876708984,
          "hz": 12943.144197493959
        },
        {
          "acoustic_entropy": 9.225165367126465,
          "acoustic_entropy_side": 9.225154876708984,
          "hz": 14151.364845322005
        },
        {
          "acoustic_entropy": 9.2251558303833,
          "acoustic_entropy_side": 9.225154876708984,
          "hz": 15466.58407886509
        },
        {
          "acoustic_entropy": 9.225153923034668,
          "acoustic_entropy_side": 9.225154876708984,
          "hz": 16898.27756580493
        },
        {
          "acoustic_entropy": 9.225154876708984,
          "acoustic_entropy_side": 9.225154876708984,
          "hz": 18456.760127700032
        },
        {
          "acoustic_entropy": 9.225154876708984,
          "acoustic_entropy_side": 9.225154876708984,
          "hz": 20153.260054456492
        },
        {
          "acoustic_entropy": 9.225154876708984,
          "acoustic_entropy_side": 9.225154876708984,
          "hz": 22000.00000000001
        }
      ],
      "diff_acoustic_entropy": 4.090941905975342,
      "sn": 6
    },
    {
      "acoustic_entropy": 11.068075180053711,
      "acoustic_entropy_mono": 10.22834587097168,
      "band_eliminated_acoustic_entropies": [
        {
          "acoustic_entropy": 11.068075180053711,
          "acoustic_entropy_side": 11.068075180053711,
          "hz": 129.47220167065723
        },
        {
          "acoustic_entropy": 11.068075180053711,
          "acoustic_entropy_side": 11.068075180053711,
          "hz": 202.92927478742237
        },
        {
          "acoustic_entropy": 11.068075180053711,
          "acoustic_entropy_side": 11.068075180053711,
          "hz": 282.89161906338205
        },
        {
          "acoustic_entropy": 11.068076133728027,
          "acoustic_entropy_side": 11.068075180053711,
          "hz": 369.9353335868758
        },
        {
          "acoustic_entropy": 11.06808090209961,
          "acoustic_entropy_side": 11.068075180053711,
          "hz": 464.6875360973435
        },
        {
          "acoustic_entropy": 11.068140029907227,
          "acoustic_entropy_side": 11.068075180053711,
          "hz": 567.8308811364784
        },
        {
          "acoustic_entropy": 11.06849193572998,
          "acoustic_entropy_side": 11.06808090209961,
          "hz": 680.1084783214808
        },
        {
          "acoustic_entropy": 11.071057319641113,
          "acoustic_entropy_side": 11.068384170532227,
          "hz": 802.3292461747484
        },
        {
          "acoustic_entropy": 10.910823822021484,
          "acoustic_entropy_side": 11.132394790649414,
          "hz": 935.3737400823702
        },
        {
          "acoustic_entropy": 10.98980712890625,
          "acoustic_entropy_side": 11.017520904541016,
          "hz": 1080.2004963696966
        },
        {
          "acoustic_entropy": 11.194379806518555,
          "acoustic_entropy_side": 11.445691108703613,
          "hz": 1237.8529382007157
        },
        {
          "acoustic_entropy": 11.073782920837402,
          "acoustic_entropy_side": 11.098546981811523,
          "hz": 1409.4668930556702
        },
        {
          "acoustic_entropy": 10.58234977722168,
          "acoustic_entropy_side": 11.08537483215332,
          "hz": 1596.2787759475705
        },
        {
          "acoustic_entropy": 10.910035133361816,
          "acoustic_entropy_side": 11.210192680358887,
          "hz": 1799.6344973346393
        },
        {
          "acoustic_entropy": 11.319826126098633,
          "acoustic_entropy_side": 12.206774711608887,
          "hz": 2020.9991599069049
        },
        {
          "acoustic_entropy": 11.26622200012207,
          "acoustic_entropy_side": 10.958209991455078,
          "hz": 2261.9676141086993
        },
        {
          "acoustic_entropy": 11.034595489501953,
          "acoustic_entropy_side": 11.074517250061035,
          "hz": 2524.2759484456974
        },
        {
          "acoustic_entropy": 11.080334663391113,
          "acoustic_entropy_side": 11.069832801818848,
          "hz": 2809.813997359896
        },
        {
          "acoustic_entropy": 11.1801118850708,
          "acoustic_entropy_side": 11.063673973083496,
          "hz": 3120.6389567871424
        },
        {
          "acoustic_entropy": 11.13871955871582,
          "acoustic_entropy_side": 11.066144943237305,
          "hz": 3458.990205492291
        },
        {
          "acoustic_entropy": 11.302746772766113,
          "acoustic_entropy_side": 11.06773853302002,
          "hz": 3827.305438964164
        },
        {
          "acoustic_entropy": 10.648521423339844,
          "acoustic_entropy_side": 11.068923950195312,
          "hz": 4228.238232109126
        },
        {
          "acoustic_entropy": 11.005727767944336,
          "acoustic_entropy_side": 11.06860637664795,
          "hz": 4664.6771572759235
        },
        {
          "acoustic_entropy": 11.067679405212402,
          "acoustic_entropy_side": 11.068042755126953,
          "hz": 5139.766595350093
        },
        {
          "acoustic_entropy": 11.113157272338867,
          "acoustic_entropy_side": 11.068268775939941,
          "hz": 5656.929389854203
        },
        {
          "acoustic_entropy": 10.969627380371094,
          "acoustic_entropy_side": 11.067808151245117,
          "hz": 6219.891507268283
        },
        {
          "acoustic_entropy": 11.077402114868164,
          "acoustic_entropy_side": 11.068083763122559,
          "hz": 6832.70888123896
        },
        {
          "acoustic_entropy": 11.067780494689941,
          "acoustic_entropy_side": 11.068077087402344,
          "hz": 7499.796634079867
        },
        {
          "acoustic_entropy": 11.06779956817627,
          "acoustic_entropy_side": 11.068077087402344,
          "hz": 8225.96088609342
        },
        {
          "acoustic_entropy": 11.068212509155273,
          "acoustic_entropy_side": 11.068076133728027,
          "hz": 9016.43338188839
        },
        {
          "acoustic_entropy": 11.068297386169434,
          "acoustic_entropy_side": 11.068077087402344,
          "hz": 9876.909183162974
        },
        {
          "acoustic_entropy": 11.06820297241211,
          "acoustic_entropy_side": 11.068077087402344,
          "hz": 10813.587699516042
        },
        {
          "acoustic_entropy": 11.068168640136719,
          "acoustic_entropy_side": 11.068076133728027,
          "hz": 11833.21735289826
        },
        {
          "acoustic_entropy": 11.068229675292969,
          "acoustic_entropy_side": 11.06807804107666,
          "hz": 12943.144197493959
        },
        {
          "acoustic_entropy": 11.068143844604492,
          "acoustic_entropy_side": 11.068077087402344,
          "hz": 14151.364845322005
        },
        {
          "acoustic_entropy": 11.068084716796875,
          "acoustic_entropy_side": 11.068076133728027,
          "hz": 15466.58407886509
        },
        {
          "acoustic_entropy": 11.068075180053711,
          "acoustic_entropy_side": 11.068075180053711,
          "hz": 16898.27756580493
        },
        {
          "acoustic_entropy": 11.068075180053711,
          "acoustic_entropy_side": 11.068075180053711,
          "hz": 18456.760127700032
        },
        {
          "acoustic_entropy": 11.068075180053711,
          "acoustic_entropy_side": 11.068075180053711,
          "hz": 20153.260054456492
        },
        {
          "acoustic_entropy": 11.068075180053711,
          "acoustic_entropy_side": 11.068075180053711,
          "hz": 22000.00000000001
        }
      ],
      "diff_acoustic_entropy": 5.162448406219482,
      "sn": 12
    },
    {
      "acoustic_entropy": 15.756447792053223,
      "acoustic_entropy_mono": 15.010663986206055,
      "band_eliminated_acoustic_entropies": [
        {
          "acoustic_entropy": 15.756448745727539,
          "acoustic_entropy_side": 15.756447792053223,
          "hz": 129.47220167065723
        },
        {
          "acoustic_entropy": 15.756464004516602,
          "acoustic_entropy_side": 15.756444931030273,
          "hz": 202.92927478742237
        },
        {
          "acoustic_entropy": 15.7564697265625,
          "acoustic_entropy_side": 15.756442070007324,
          "hz": 282.89161906338205
        },
        {
          "acoustic_entropy": 15.756401062011719,
          "acoustic_entropy_side": 15.756443977355957,
          "hz": 369.9353335868758
        },
        {
          "acoustic_entropy": 15.75626277923584,
          "acoustic_entropy_side": 15.756426811218262,
          "hz": 464.6875360973435
        },
        {
          "acoustic_entropy": 15.760499000549316,
          "acoustic_entropy_side": 15.757444381713867,
          "hz": 567.8308811364784
        },
        {
          "acoustic_entropy": 15.762406349182129,
          "acoustic_entropy_side": 15.75800895690918,
          "hz": 680.1084783214808
        },
        {
          "acoustic_entropy": 15.773983001708984,
          "acoustic_entropy_side": 15.764335632324219,
          "hz": 802.3292461747484
        },
        {
          "acoustic_entropy": 15.857756614685059,
          "acoustic_entropy_side": 16.106050491333008,
          "hz": 935.3737400823702
        },
        {
          "acoustic_entropy": 15.351585388183594,
          "acoustic_entropy_side": 15.890104293823242,
          "hz": 1080.2004963696966
        },
        {
          "acoustic_entropy": 16.425491333007812,
          "acoustic_entropy_side": 16.34490203857422,
          "hz": 1237.8529382007157
        },
        {
          "acoustic_entropy": 16.95962905883789,
          "acoustic_entropy_side": 17.50272560119629,
          "hz": 1409.4668930556702
        },
        {
          "acoustic_entropy": 16.888750076293945,
          "acoustic_entropy_side": 16.262372970581055,
          "hz": 1596.2787759475705
        },
        {
          "acoustic_entropy": 15.938164710998535,
          "acoustic_entropy_side": 16.057857513427734,
          "hz": 1799.6344973346393
        },
        {
          "acoustic_entropy": 16.054357528686523,
          "acoustic_entropy_side": 17.350183486938477,
          "hz": 2020.9991599069049
        },
        {
          "acoustic_entropy": 15.70135498046875,
          "acoustic_entropy_side": 15.973572731018066,
          "hz": 2261.9676141086993
        },
        {
          "acoustic_entropy": 15.867424011230469,
          "acoustic_entropy_side": 15.717021942138672,
          "hz": 2524.2759484456974
        },
        {
          "acoustic_entropy": 15.760432243347168,
          "acoustic_entropy_side": 15.807504653930664,
          "hz": 2809.813997359896
