{
  "acoustic_entropy": 133.7104949951172,
  "bands": [
    {
      "high_freq": 148.1999969482422,
      "loudness": -25.32184410095215,
      "loudness_range": 24.653627395629883,
      "mid_mean": -22.071014404296875,
      "mid_to_side_loudness": -18.462228775024414,
      "mid_to_side_loudness_range": 23.405752182006836,
      "side_mean": -40.73847579956055
    },
    {
      "high_freq": 392.3793640136719,
      "loudness": -25.45912742614746,
      "loudness_range": 21.610570907592773,
      "low_freq": 148.1999969482422,
      "mid_mean": -22.757308959960938,
      "mid_to_side_loudness": -10.036834716796875,
      "mid_to_side_loudness_range": 8.605936050415039,
      "side_mean": -33.070255279541016
    },
    {
      "high_freq": 794.6976318359375,
      "loudness": -22.196754455566406,
      "loudness_range": 20.082242965698242,
      "low_freq": 392.3793640136719,
      "mid_mean": -20.087505340576172,
      "mid_to_side_loudness": -4.906982898712158,
      "mid_to_side_loudness_range": 10.252012252807617,
      "side_mean": -25.420167922973633
    },
    {
      "high_freq": 1457.5709228515625,
      "loudness": -28.038373947143555,
      "loudness_range": 18.664793014526367,
      "low_freq": 794.6976318359375,
      "mid_mean": -25.978439331054688,
      "mid_to_side_loudness": -4.449377536773682,
      "mid_to_side_loudness_range": 10.370291709899902,
      "side_mean": -30.717592239379883
    },
    {
      "high_freq": 2549.74365234375,
      "loudness": -27.255128860473633,
      "loudness_range": 14.151155471801758,
      "low_freq": 1457.5709228515625,
      "mid_mean": -25.29328155517578,
      "mid_to_side_loudness": -3.572956085205078,
      "mid_to_side_loudness_range": 7.205540657043457,
      "side_mean": -28.887617111206055
    },
    {
      "high_freq": 4349.24462890625,
      "loudness": -31.754514694213867,
      "loudness_range": 8.400917053222656,
      "low_freq": 2549.74365234375,
      "mid_mean": -30.823474884033203,
      "mid_to_side_loudness": -1.1146745681762695,
      "mid_to_side_loudness_range": 6.988213062286377,
      "side_mean": -31.77361297607422
    },
    {
      "high_freq": 7314.1640625,
      "loudness": -35.9955940246582,
      "loudness_range": 14.460895538330078,
      "low_freq": 4349.24462890625,
      "mid_mean": -34.654598236083984,
      "mid_to_side_loudness": -2.3941075801849365,
      "mid_to_side_loudness_range": 8.109710693359375,
      "side_mean": -37.07697677612305
    },
    {
      "high_freq": 12199.2666015625,
      "loudness": -36.48120880126953,
      "loudness_range": 23.65854835510254,
      "low_freq": 7314.1640625,
      "mid_mean": -34.75110626220703,
      "mid_to_side_loudness": -5.678897857666016,
      "mid_to_side_loudness_range": 21.503446578979492,
      "side_mean": -41.64400863647461
    },
    {
      "loudness": -40.708614349365234,
      "loudness_range": 25.1434383392334,
      "low_freq": 12199.2666015625,
      "mid_mean": -40.09972381591797,
      "mid_to_side_loudness": -1.7989283800125122,
      "mid_to_side_loudness_range": 23.940000534057617,
      "side_mean": -50.72262191772461
    }
  ],
  "bands_short": [
    {
      "high_freq": 148.1999969482422,
      "loudness": -30.344894409179688,
      "loudness_range": 31.331363677978516,
      "mid_mean": -27.428590774536133,
      "mid_to_side_loudness": -15.581954956054688,
      "mid_to_side_loudness_range": 26.856103897094727,
      "side_mean": -43.761566162109375
    },
    {
      "high_freq": 392.3793640136719,
      "loudness": -25.438671112060547,
      "loudness_range": 23.03049087524414,
      "low_freq": 148.1999969482422,
      "mid_mean": -22.68014144897461,
      "mid_to_side_loudness": -12.230693817138672,
      "mid_to_side_loudness_range": 17.06940460205078,
      "side_mean": -35.651729583740234
    },
    {
      "high_freq": 794.6976318359375,
      "loudness": -22.709043502807617,
      "loudness_range": 23.158082962036133,
      "low_freq": 392.3793640136719,
      "mid_mean": -20.94756317138672,
      "mid_to_side_loudness": -4.836422443389893,
      "mid_to_side_loudness_range": 16.531959533691406,
      "side_mean": -26.267730712890625
    },
    {
      "high_freq": 1457.5709228515625,
      "loudness": -29.01910972595215,
      "loudness_range": 23.270572662353516,
      "low_freq": 794.6976318359375,
      "mid_mean": -27.435110092163086,
      "mid_to_side_loudness": -3.3939034938812256,
      "mid_to_side_loudness_range": 13.088757514953613,
      "side_mean": -31.2786922454834
    },
    {
      "high_freq": 2549.74365234375,
      "loudness": -28.63864517211914,
      "loudness_range": 19.296100616455078,
      "low_freq": 1457.5709228515625,
      "mid_mean": -27.290802001953125,
      "mid_to_side_loudness": -2.372342824935913,
      "mid_to_side_loudness_range": 10.776674270629883,
      "side_mean": -29.78384780883789
    },
    {
      "high_freq": 4349.24462890625,
      "loudness": -32.38497543334961,
      "loudness_range": 13.348230361938477,
      "low_freq": 2549.74365234375,
      "mid_mean": -31.72616195678711,
      "mid_to_side_loudness": -0.5645671486854553,
      "mid_to_side_loudness_range": 7.494678497314453,
      "side_mean": -32.22963333129883
    },
    {
      "high_freq": 7314.1640625,
      "loudness": -37.90342712402344,
      "loudness_range": 18.760955810546875,
      "low_freq": 4349.24462890625,
      "mid_mean": -36.95507049560547,
      "mid_to_side_loudness": -1.242005705833435,
      "mid_to_side_loudness_range": 7.653231620788574,
      "side_mean": -38.2562255859375
    },
    {
      "high_freq": 12199.2666015625,
      "loudness": -41.96687698364258,
      "loudness_range": 28.022125244140625,
      "low_freq": 7314.1640625,
      "mid_mean": -40.862022399902344,
      "mid_to_side_loudness": -1.850246787071228,
      "mid_to_side_loudness_range": 11.226507186889648,
      "side_mean": -44.72051239013672
    },
    {
      "loudness": -47.45771789550781,
      "loudness_range": 37.15654754638672,
      "low_freq": 12199.2666015625,
      "mid_mean": -48.29146957397461,
      "mid_to_side_loudness": -0.736648440361023,
      "mid_to_side_loudness_range": 10.158547401428223,
      "side_mean": -53.07686233520508
    }
  ],
  "bandwidth": 470.2887878417969,
  "channels": 2,
  "covariance": [
    [
      99.38689422607422,
      30.352508544921875,
      22.393781661987305,
      24.631061553955078,
      4.012076377868652,
      16.746612548828125,
      -0.15570029616355896,
      3.523855447769165,
      -2.7881758213043213,
      -2.1144540309906006,
      9.501381874084473,
      7.030783176422119,
      19.904821395874023,
      14.374031066894531,
      29.60984230041504,
      19.717687606811523,
      33.47722244262695,
      30.556961059570312
    ],
    [
      30.352508544921875,
      33.90435791015625,
      14.767749786376953,
      16.985393524169922,
      22.5007381439209,
      22.418487548828125,
      24.561023712158203,
      18.551555633544922,
      18.272367477416992,
      14.681375503540039,
      9.11188793182373,
      10.003600120544434,
      5.353594779968262,
      3.6960268020629883,
      15.320456504821777,
      5.329364776611328,
      19.586719512939453,
      2.501708745956421
    ],
    [
      22.393781661987305,
      14.767749786376953,
      70.47331237792969,
      60.5178108215332,
      46.137413024902344,
      34.666561126708984,
      17.784576416015625,
      10.282893180847168,
      1.5307109355926514,
      0.9034649729728699,
      -11.566078186035156,
      -4.327731132507324,
      -14.700033187866211,
      -15.080788612365723,
      10.437531471252441,
      -10.427298545837402,
      24.77246856689453,
      -15.217422485351562
    ],
    [
      24.631061553955078,
      16.985393524169922,
      60.5178108215332,
      66.071533203125,
      38.12953186035156,
      31.85870933532715,
      8.835404396057129,
      5.673926830291748,
      -2.6646180152893066,
      -1.7047703266143799,
      -8.986125946044922,
      -3.470926284790039,
      -10.009003639221191,
      -9.258925437927246,
      4.607844829559326,
      -4.926236629486084,
      14.290132522583008,
      -6.481861114501953
    ],
    [
      4.012076377868652,
      22.5007381439209,
      46.137413024902344,
      38.12953186035156,
      81.35033416748047,
      54.084529876708984,
      57.916175842285156,
      39.506744384765625,
      30.49793815612793,
      26.937307357788086,
      -4.225765705108643,
      7.707366943359375,
      -18.187654495239258,
      -20.76645278930664,
      24.158384323120117,
      -21.67591667175293,
      48.737003326416016,
      -40.6089973449707
    ],
    [
      16.746612548828125,
      22.418487548828125,
      34.666561126708984,
      31.85870933532715,
      54.084529876708984,
      48.35312271118164,
      37.08168411254883,
      28.984346389770508,
      19.92459487915039,
      19.56644630432129,
      0.9970278143882751,
      9.60508918762207,
      -5.7624993324279785,
      -6.6927947998046875,
      21.780872344970703,
      -5.567887306213379,
      37.77971267700195,
      -16.79109001159668
    ],
    [
      -0.15570029616355896,
      24.561023712158203,
      17.784576416015625,
      8.835404396057129,
      57.916175842285156,
      37.08168411254883,
      71.77023315429688,
      46.29375076293945,
      46.011104583740234,
      37.45755386352539,
      6.453794479370117,
      14.129476547241211,
      -10.67004108428955,
      -16.448713302612305,
      32.25856018066406,
      -21.25083351135254,
      53.35363006591797,
      -42.05843734741211
    ],
    [
      3.523855447769165,
      18.551555633544922,
      10.282893180847168,
      5.673926830291748,
      39.506744384765625,
      28.984346389770508,
      46.29375076293945,
      38.10694122314453,
      32.96242141723633,
      30.92783546447754,
      9.807159423828125,
      16.956689834594727,
      -0.43404918909072876,
      -1.8782951831817627,
      23.17078971862793,
      -3.6832966804504395,
      34.013275146484375,
      -16.785140991210938
    ],
    [
      -2.7881758213043213,
      18.272367477416992,
      1.5307109355926514,
      -2.6646180152893066,
      30.49793815612793,
      19.92459487915039,
      46.011104583740234,
      32.96242141723633,
      39.5672721862793,
      30.97977066040039,
      12.482797622680664,
      15.55098819732666,
      0.26585161685943604,
      -3.194519281387329,
      20.1945858001709,
      -7.2477898597717285,
      29.918167114257812,
      -20.510963439941406
    ],
    [
      -2.1144540309906006,
      14.681375503540039,
      0.9034649729728699,
      -1.7047703266143799,
      26.937307357788086,
      19.56644630432129,
      37.45755386352539,
      30.92783546447754,
      30.97977066040039,
      29.638853073120117,
      11.414144515991211,
      17.106359481811523,
      2.196078062057495,
      1.864372730255127,
      17.009309768676758,
      -0.9943840503692627,
      23.981117248535156,
      -11.605195045471191
    ],
    [
      9.501381874084473,
      9.11188793182373,
      -11.566078186035156,
      -8.986125946044922,
      -4.225765705108643,
      0.9970278143882751,
      6.453794479370117,
      9.807159423828125,
      12.482797622680664,
      11.414144515991211,
      20.154293060302734,
      14.501605033874512,
      20.61673927307129,
      19.29460334777832,
      13.452183723449707,
      19.883346557617188,
      7.113635540008545,
      17.929643630981445
    ],
    [
      7.030783176422119,
      10.003600120544434,
      -4.327731132507324,
      -3.470926284790039,
      7.707366943359375,
      9.60508918762207,
      14.129476547241211,
      16.956689834594727,
      15.55098819732666,
      17.106359481811523,
      14.501605033874512,
      17.435819625854492,
      13.080514907836914,
      14.259526252746582,
      12.391618728637695,
      13.992560386657715,
      9.927626609802246,
      10.9520263671875
    ],
    [
      19.904821395874023,
      5.353594779968262,
      -14.700033187866211,
      -10.009003639221191,
      -18.187654495239258,
      -5.7624993324279785,
      -10.67004108428955,
      -0.43404918909072876,
      0.26585161685943604,
      2.196078062057495,
      20.61673927307129,
      13.080514907836914,
      39.1638298034668,
      29.79149055480957,
      22.72641372680664,
      34.7171516418457,
      10.064560890197754,
      38.10702133178711
    ],
    [
      14.374031066894531,
      3.6960268020629883,
      -15.080788612365723,
      -9.258925437927246,
      -20.76645278930664,
      -6.6927947998046875,
      -16.448713302612305,
      -1.8782951831817627,
      -3.194519281387329,
      1.864372730255127,
      19.29460334777832,
      14.259526252746582,
      29.79149055480957,
      32.74116134643555,
      7.0552849769592285,
      37.16148376464844,
      -7.7697434425354,
      42.707149505615234
    ],
    [
      29.60984230041504,
      15.320456504821777,
      10.437531471252441,
      4.607844829559326,
      24.158384323120117,
      21.780872344970703,
      32.25856018066406,
      23.17078971862793,
      20.1945858001709,
      17.009309768676758,
      13.452183723449707,
      12.391618728637695,
      22.72641372680664,
      7.0552849769592285,
      67.87461853027344,
      14.485278129577637,
      79.79136657714844,
      -1.0049413442611694
    ],
    [
      19.717687606811523,
      5.329364776611328,
      -10.427298545837402,
      -4.926236629486084,
      -21.67591667175293,
      -5.567887306213379,
      -21.25083351135254,
      -3.6832966804504395,
      -7.2477898597717285,
      -0.9943840503692627,
      19.883346557617188,
      13.992560386657715,
      34.7171516418457,
      37.16148376464844,
      14.485278129577637,
      51.984806060791016,
      -3.738558769226074,
      54.8168830871582
    ],
    [
      33.47722244262695,
      19.586719512939453,
      24.77246856689453,
      14.290132522583008,
      48.737003326416016,
      37.77971267700195,
      53.35363006591797,
      34.013275146484375,
      29.918167114257812,
      23.981117248535156,
      7.113635540008545,
      9.927626609802246,
      10.064560890197754,
      -7.7697434425354,
      79.79136657714844,
      -3.738558769226074,
      116.33247375488281,
      -25.0322265625
    ],
    [
      30.556961059570312,
      2.501708745956421,
      -15.217422485351562,
      -6.481861114501953,
      -40.6089973449707,
      -16.79109001159668,
      -42.05843734741211,
      -16.785140991210938,
      -20.510963439941406,
      -11.605195045471191,
      17.929643630981445,
      10.9520263671875,
      38.10702133178711,
      42.707149505615234,
      -1.0049413442611694,
      54.8168830871582,
      -25.0322265625,
      95.8336410522461
    ]
  ],
  "covariance_short": [
    [
      124.99188995361328,
      39.46281433105469,
      29.452402114868164,
      28.587387084960938,
      -10.518548011779785,
      0.017350269481539726,
      -24.965986251831055,
      -11.564892768859863,
      -21.25086212158203,
      -16.045564651489258,
      2.3574209213256836,
      0.7824447154998779,
      17.378314971923828,
      17.81990623474121,
      19.23600196838379,
      27.80013656616211,
      24.813838958740234,
      36.18568801879883
    ],
    [
      39.46281433105469,
      56.47747802734375,
      18.089271545410156,
      21.28631591796875,
      29.563982009887695,
      22.923877716064453,
      23.086023330688477,
      17.81884765625,
      16.734756469726562,
      12.441289901733398,
      5.762814044952393,
      8.531357765197754,
      -6.090176105499268,
      -2.16457200050354,
      -4.559299468994141,
      -10.434243202209473,
      2.8560943603515625,
      -14.45723819732666
    ],
    [
      29.452402114868164,
      18.089271545410156,
      75.8998031616211,
      49.601783752441406,
      40.674861907958984,
      34.467220306396484,
      19.811450958251953,
      12.700072288513184,
      8.437896728515625,
      5.178109645843506,
      -1.211397409439087,
      2.602823257446289,
      -10.467999458312988,
      -8.985980033874512,
      2.2842206954956055,
      -10.217728614807129,
      11.140426635742188,
      -12.725783348083496
    ],
    [
      28.587387084960938,
      21.28631591796875,
      49.601783752441406,
      73.18218231201172,
      36.18015670776367,
      35.821044921875,
      13.55194091796875,
      10.84367847442627,
      6.101589679718018,
      5.149467468261719,
      3.623211145401001,
      6.525399208068848,
      -1.4719656705856323,
      -0.16685712337493896,
      8.589694023132324,
      2.576809883117676,
      15.38696575164795,
      -0.31126466393470764
    ],
    [
      -10.518548011779785,
      29.563982009887695,
      40.674861907958984,
      36.18015670776367,
      99.57283020019531,
      63.099639892578125,
      70.56986236572266,
      46.32472229003906,
      45.163902282714844,
      33.21687316894531,
      4.499147415161133,
      13.23430347442627,
      -29.120161056518555,
      -25.30129623413086,
      -13.47067928314209,
      -43.463741302490234,
      1.540553331375122,
      -57.91289520263672
    ],
    [
      0.017350269481539726,
      22.923877716064453,
      34.467220306396484,
      35.821044921875,
      63.099639892578125,
      65.39071655273438,
      45.12263488769531,
      34.34961700439453,
      30.691022872924805,
      26.468616485595703,
      7.360955715179443,
      14.557040214538574,
      -13.600274085998535,
      -10.061397552490234,
      -3.2754671573638916,
      -20.4205379486084,
      6.716830253601074,
      -29.398611068725586
    ],
    [
      -24.965986251831055,
      23.086023330688477,
      19.811450958251953,
      13.55194091796875,
      70.56986236572266,
      45.12263488769531,
      91.87744903564453,
      54.69819641113281,
      66.1439208984375,
      46.51289749145508,
      18.81416130065918,
      21.260032653808594,
      -19.33303451538086,
      -19.38258934020996,
      -5.107329845428467,
      -41.43760299682617,
      9.132608413696289,
      -57.85732650756836
    ],
    [
      -11.564892768859863,
      17.81884765625,
      12.700072288513184,
      10.84367847442627,
      46.32472229003906,
      34.34961700439453,
      54.69819641113281,
      46.547569274902344,
      44.339324951171875,
      37.21833801269531,
      18.3941593170166,
      23.444093704223633,
      -4.0587077140808105,
      -0.9765326380729675,
      2.372663974761963,
      -14.639708518981934,
      9.486076354980469,
      -23.898344039916992
    ],
    [
      -21.25086212158203,
      16.734756469726562,
      8.437896728515625,
      6.101589679718018,
      45.163902282714844,
      30.691022872924805,
      66.1439208984375,
      44.339324951171875,
      65.56212615966797,
      44.593414306640625,
      26.78860855102539,
      24.8765926361084,
      -3.633009910583496,
      -4.068875312805176,
      0.7604473233222961,
      -22.903573989868164,
      8.9541597366333,
      -36.31586837768555
    ],
    [
      -16.045564651489258,
      12.441289901733398,
      5.178109645843506,
      5.149467468261719,
      33.21687316894531,
      26.468616485595703,
      46.51289749145508,
      37.21833801269531,
      44.593414306640625,
      40.74311065673828,
      21.907690048217773,
      25.90983772277832,
      1.9288389682769775,
      4.940149784088135,
      4.056665897369385,
      -9.19681167602539,
      9.561042785644531,
      -18.85710906982422
    ],
    [
      2.3574209213256836,
      5.762814044952393,
      -1.211397409439087,
      3.623211145401001,
      4.499147415161133,
      7.360955715179443,
      18.81416130065918,
      18.3941593170166,
      26.78860855102539,
      21.907690048217773,
      29.6937313079834,
      22.90592384338379,
      24.530010223388672,
      22.53335952758789,
      22.8768367767334,
      19.926023483276367,
      23.930734634399414,
      15.587512016296387
    ],
    [
      0.7824447154998779,
      8.531357765197754,
      2.602823257446289,
      6.525399208068848,
      13.23430347442627,
      14.557040214538574,
      21.260032653808594,
      23.444093704223633,
      24.8765926361084,
      25.90983772277832,
      22.90592384338379,
      27.5657901763916,
      18.10061264038086,
      21.04155731201172,
      16.984447479248047,
      15.896358489990234,
      18.92770767211914,
      10.762809753417969
    ],
    [
      17.378314971923828,
      -6.090176105499268,
      -10.467999458312988,
      -1.4719656705856323,
      -29.120161056518555,
      -13.600274085998535,
      -19.33303451538086,
      -4.0587077140808105,
      -3.633009910583496,
      1.9288389682769775,
      24.530010223388672,
      18.10061264038086,
      56.4241943359375,
      44.1602783203125,
      56.635738372802734,
      58.94832229614258,
      53.788230895996094,
      62.113128662109375
    ],
    [
      17.81990623474121,
      -2.16457200050354,
      -8.985980033874512,
      -0.16685712337493896,
      -25.30129623413086,
      -10.061397552490234,
      -19.38258934020996,
      -0.9765326380729675,
      -4.068875312805176,
      4.940149784088135,
      22.53335952758789,
      21.04155731201172,
      44.1602783203125,
      46.325347900390625,
      36.18961715698242,
      54.698577880859375,
      32.33650207519531,
      57.48544692993164
    ],
    [
      19.23600196838379,
      -4.559299468994141,
      2.2842206954956055,
      8.589694023132324,
      -13.47067928314209,
      -3.2754671573638916,
      -5.107329845428467,
      2.372663974761963,
      0.7604473233222961,
      4.056665897369385,
      22.8768367767334,
      16.984447479248047,
      56.635738372802734,
      36.18961715698242,
      103.68868255615234,
      59.51857376098633,
      113.58428192138672,
      58.98529052734375
    ],
    [
      27.80013656616211,
      -10.434243202209473,
      -10.217728614807129,
      2.576809883117676,
      -43.463741302490234,
      -20.4205379486084,
      -41.43760299682617,
      -14.639708518981934,
      -22.903573989868164,
      -9.19681167602539,
      19.926023483276367,
      15.896358489990234,
      58.94832229614258,
      54.698577880859375,
      59.51857376098633,
      89.30130004882812,
      52.64792251586914,
      94.0613784790039
    ],
    [
      24.813838958740234,
      2.8560943603515625,
      11.140426635742188,
      15.38696575164795,
      1.540553331375122,
      6.716830253601074,
      9.132608413696289,
      9.486076354980469,
      8.9541597366333,
      9.561042785644531,
      23.930734634399414,
      18.92770767211914,
      53.788230895996094,
      32.33650207519531,
      113.58428192138672,
      52.64792251586914,
      153.68006896972656,
      58.77890396118164
    ],
    [
      36.18568801879883,
      -14.45723819732666,
      -12.725783348083496,
      -0.31126466393470764,
      -57.91289520263672,
      -29.398611068725586,
      -57.85732650756836,
      -23.898344039916992,
      -36.31586837768555,
      -18.85710906982422,
      15.587512016296387,
      10.762809753417969,
      62.113128662109375,
      57.48544692993164,
      58.98529052734375,
      94.0613784790039,
      58.77890396118164,
      121.12464904785156
    ]
  ],
  "damage": -2.9143314361572266,
  "diff_bandwidth": 459.0673828125,
  "dissonance": 8.50201552315751,
  "drr": 6.306360244750977,
  "dynamics": 4.083469390869141,
  "format": 1245190,
  "frames": 8204288,
  "loudness": -11.513583183288574,
  "loudness_range": 12.790437698364258,
  "loudness_range_short": 14.8377685546875,
  "lowpass_true_peak_15khz": 2.002424478530884,
  "mastering3_acoustic_entropies": [
    {
      "acoustic_entropy": 8.152738571166992,
      "acoustic_entropy_mono": 7.745556831359863,
      "band_eliminated_acoustic_entropies": [
        {
          "acoustic_entropy": 8.357646942138672,
          "acoustic_entropy_side": 8.152775764465332,
          "hz": 129.47220167065723
        },
        {
          "acoustic_entropy": 6.890542984008789,
          "acoustic_entropy_side": 8.153755187988281,
          "hz": 202.92927478742237
        },
        {
          "acoustic_entropy": 8.439811706542969,
          "acoustic_entropy_side": 8.153107643127441,
          "hz": 282.89161906338205
        },
        {
          "acoustic_entropy": 8.248616218566895,
          "acoustic_entropy_side": 8.147324562072754,
          "hz": 369.9353335868758
        },
        {
          "acoustic_entropy": 7.648545742034912,
          "acoustic_entropy_side": 7.90524435043335,
          "hz": 464.6875360973435
        },
        {
          "acoustic_entropy": 7.273857116699219,
          "acoustic_entropy_side": 7.871672630310059,
          "hz": 567.8308811364784
        },
        {
          "acoustic_entropy": 7.5328688621521,
          "acoustic_entropy_side": 8.231010437011719,
          "hz": 680.1084783214808
        },
        {
          "acoustic_entropy": 7.981248378753662,
          "acoustic_entropy_side": 8.265166282653809,
          "hz": 802.3292461747484
        },
        {
          "acoustic_entropy": 7.1511383056640625,
          "acoustic_entropy_side": 8.098557472229004,
          "hz": 935.3737400823702
        },
        {
          "acoustic_entropy": 8.134359359741211,
          "acoustic_entropy_side": 8.145817756652832,
          "hz": 1080.2004963696966
        },
        {
          "acoustic_entropy": 8.080497741699219,
          "acoustic_entropy_side": 8.118431091308594,
          "hz": 1237.8529382007157
        },
        {
          "acoustic_entropy": 8.08823013305664,
          "acoustic_entropy_side": 8.122360229492188,
          "hz": 1409.4668930556702
        },
        {
          "acoustic_entropy": 7.941917419433594,
          "acoustic_entropy_side": 8.198896408081055,
          "hz": 1596.2787759475705
        },
        {
          "acoustic_entropy": 7.890161991119385,
          "acoustic_entropy_side": 8.229498863220215,
          "hz": 1799.6344973346393
        },
        {
          "acoustic_entropy": 7.976516246795654,
          "acoustic_entropy_side": 8.138591766357422,
          "hz": 2020.9991599069049
        },
        {
          "acoustic_entropy": 8.105376243591309,
          "acoustic_entropy_side": 8.17496109008789,
          "hz": 2261.9676141086993
        },
        {
          "acoustic_entropy": 8.07754898071289,
          "acoustic_entropy_side": 8.165291786193848,
          "hz": 2524.2759484456974
        },
        {
          "acoustic_entropy": 8.0868501663208,
          "acoustic_entropy_side": 8.131431579589844,
          "hz": 2809.813997359896
        },
        {
          "acoustic_entropy": 8.033177375793457,
          "acoustic_entropy_side": 8.132895469665527,
          "hz": 3120.6389567871424
        },
        {
          "acoustic_entropy": 8.115596771240234,
          "acoustic_entropy_side": 8.160055160522461,
          "hz": 3458.990205492291
        },
        {
          "acoustic_entropy": 8.138229370117188,
          "acoustic_entropy_side": 8.159976959228516,
          "hz": 3827.305438964164
        },
        {
          "acoustic_entropy": 8.1372652053833,
          "acoustic_entropy_side": 8.152719497680664,
          "hz": 4228.238232109126
        },
        {
          "acoustic_entropy": 8.11618709564209,
          "acoustic_entropy_side": 8.145071983337402,
          "hz": 4664.6771572759235
        },
        {
          "acoustic_entropy": 8.131598472595215,
          "acoustic_entropy_side": 8.146923065185547,
          "hz": 5139.766595350093
        },
        {
          "acoustic_entropy": 8.140244483947754,
          "acoustic_entropy_side": 8.150829315185547,
          "hz": 5656.929389854203
        },
        {
          "acoustic_entropy": 8.151177406311035,
          "acoustic_entropy_side": 8.159029960632324,
          "hz": 6219.891507268283
        },
        {
          "acoustic_entropy": 8.181379318237305,
          "acoustic_entropy_side": 8.166479110717773,
          "hz": 6832.70888123896
        },
        {
          "acoustic_entropy": 8.180712699890137,
          "acoustic_entropy_side": 8.16547966003418,
          "hz": 7499.796634079867
        },
        {
          "acoustic_entropy": 8.196614265441895,
          "acoustic_entropy_side": 8.166009902954102,
          "hz": 8225.96088609342
        },
        {
          "acoustic_entropy": 8.183436393737793,
          "acoustic_entropy_side": 8.166375160217285,
          "hz": 9016.43338188839
        },
        {
          "acoustic_entropy": 8.166646003723145,
          "acoustic_entropy_side": 8.166704177856445,
          "hz": 9876.909183162974
        },
        {
          "acoustic_entropy": 8.110947608947754,
          "acoustic_entropy_side": 8.160881996154785,
          "hz": 10813.587699516042
        },
        {
          "acoustic_entropy": 8.060249328613281,
          "acoustic_entropy_side": 8.158541679382324,
          "hz": 11833.21735289826
        },
        {
          "acoustic_entropy": 8.098496437072754,
          "acoustic_entropy_side": 8.158622741699219,
          "hz": 12943.144197493959
        },
        {
          "acoustic_entropy": 8.087080955505371,
          "acoustic_entropy_side": 8.157423973083496,
          "hz": 14151.364845322005
        },
        {
          "acoustic_entropy": 8.096368789672852,
          "acoustic_entropy_side": 8.155895233154297,
          "hz": 15466.58407886509
        },
        {
          "acoustic_entropy": 8.068036079406738,
          "acoustic_entropy_side": 8.155445098876953,
          "hz": 16898.27756580493
        },
        {
          "acoustic_entropy": 8.035643577575684,
          "acoustic_entropy_side": 8.154793739318848,
          "hz": 18456.760127700032
        },
        {
          "acoustic_entropy": 8.123100280761719,
          "acoustic_entropy_side": 8.154255867004395,
          "hz": 20153.260054456492
        },
        {
          "acoustic_entropy": 8.083291053771973,
          "acoustic_entropy_side": 8.153032302856445,
          "hz": 22000.00000000001
        }
      ],
      "diff_acoustic_entropy": 5.4163947105407715,
      "sn": 6
    },
    {
      "acoustic_entropy": 12.139850616455078,
      "acoustic_entropy_mono": 11.653582572937012,
      "band_eliminated_acoustic_entropies": [
        {
          "acoustic_entropy": 12.35915470123291,
          "acoustic_entropy_side": 12.139778137207031,
          "hz": 129.47220167065723
        },
        {
          "acoustic_entropy": 11.957425117492676,
          "acoustic_entropy_side": 12.141838073730469,
          "hz": 202.92927478742237
        },
        {
          "acoustic_entropy": 12.137532234191895,
          "acoustic_entropy_side": 12.174072265625,
          "hz": 282.89161906338205
        },
        {
          "acoustic_entropy": 12.130322456359863,
          "acoustic_entropy_side": 12.328523635864258,
          "hz": 369.9353335868758
        },
        {
          "acoustic_entropy": 12.237781524658203,
          "acoustic_entropy_side": 12.229787826538086,
          "hz": 464.6875360973435
        },
        {
          "acoustic_entropy": 12.171727180480957,
          "acoustic_entropy_side": 12.358257293701172,
          "hz": 567.8308811364784
        },
        {
          "acoustic_entropy": 11.345837593078613,
          "acoustic_entropy_side": 12.263162612915039,
          "hz": 680.1084783214808
        },
        {
          "acoustic_entropy": 12.386144638061523,
          "acoustic_entropy_side": 12.2628173828125,
          "hz": 802.3292461747484
        },
        {
          "acoustic_entropy": 11.247834205627441,
          "acoustic_entropy_side": 12.071616172790527,
          "hz": 935.3737400823702
        },
        {
          "acoustic_entropy": 12.357858657836914,
          "acoustic_entropy_side": 12.185168266296387,
          "hz": 1080.2004963696966
        },
        {
          "acoustic_entropy": 12.006038665771484,
          "acoustic_entropy_side": 12.109108924865723,
          "hz": 1237.8529382007157
        },
        {
          "acoustic_entropy": 12.229743957519531,
          "acoustic_entropy_side": 12.237275123596191,
          "hz": 1409.4668930556702
        },
        {
          "acoustic_entropy": 12.25141716003418,
          "acoustic_entropy_side": 12.12302303314209,
          "hz": 1596.2787759475705
        },
        {
          "acoustic_entropy": 12.196228981018066,
          "acoustic_entropy_side": 12.067066192626953,
          "hz": 1799.6344973346393
        },
        {
          "acoustic_entropy": 12.311931610107422,
          "acoustic_entropy_side": 12.200630187988281,
          "hz": 2020.9991599069049
        },
        {
          "acoustic_entropy": 12.189019203186035,
          "acoustic_entropy_side": 12.205855369567871,
          "hz": 2261.9676141086993
        },
        {
          "acoustic_entropy": 12.171891212463379,
          "acoustic_entropy_side": 12.195042610168457,
          "hz": 2524.2759484456974
        },
        {
          "acoustic_entropy": 12.201845169067383,
          "acoustic_entropy_side": 12.229887962341309,
          "hz": 2809.813997359896
        },
        {
          "acoustic_entropy": 11.84860897064209,
          "acoustic_entropy_side": 12.149011611938477,
          "hz": 3120.6389567871424
        },
        {
          "acoustic_entropy": 11.91977596282959,
          "acoustic_entropy_side": 12.141263961791992,
          "hz": 3458.990205492291
        },
        {
          "acoustic_entropy": 12.042150497436523,
          "acoustic_entropy_side": 12.122200012207031,
          "hz": 3827.305438964164
        },
        {
          "acoustic_entropy": 12.081759452819824,
          "acoustic_entropy_side": 12.130305290222168,
          "hz": 4228.238232109126
        },
        {
          "acoustic_entropy": 12.061302185058594,
          "acoustic_entropy_side": 12.13139533996582,
          "hz": 4664.6771572759235
        },
        {
          "acoustic_entropy": 12.010735511779785,
          "acoustic_entropy_side": 12.105417251586914,
          "hz": 5139.766595350093
        },
        {
          "acoustic_entropy": 11.995428085327148,
          "acoustic_entropy_side": 12.107805252075195,
          "hz": 5656.929389854203
        },
        {
          "acoustic_entropy": 11.980387687683105,
          "acoustic_entropy_side": 12.06284236907959,
          "hz": 6219.891507268283
        },
        {
          "acoustic_entropy": 12.085704803466797,
          "acoustic_entropy_side": 12.097558975219727,
          "hz": 6832.70888123896
        },
        {
          "acoustic_entropy": 12.0745849609375,
          "acoustic_entropy_side": 12.123579978942871,
          "hz": 7499.796634079867
        },
        {
          "acoustic_entropy": 12.198043823242188,
          "acoustic_entropy_side": 12.145498275756836,
          "hz": 8225.96088609342
        },
        {
          "acoustic_entropy": 12.298629760742188,
          "acoustic_entropy_side": 12.152814865112305,
          "hz": 9016.43338188839
        },
        {
          "acoustic_entropy": 12.235527992248535,
          "acoustic_entropy_side": 12.163837432861328,
          "hz": 9876.909183162974
        },
        {
          "acoustic_entropy": 12.375359535217285,
          "acoustic_entropy_side": 12.143150329589844,
          "hz": 10813.587699516042
        },
        {
          "acoustic_entropy": 12.318282127380371,
          "acoustic_entropy_side": 12.144095420837402,
          "hz": 11833.21735289826
        },
        {
          "acoustic_entropy": 12.321975708007812,
          "acoustic_entropy_side": 12.133488655090332,
          "hz": 12943.144197493959
        },
        {
          "acoustic_entropy": 12.321258544921875,
          "acoustic_entropy_side": 12.126765251159668,
          "hz": 14151.364845322005
        },
        {
          "acoustic_entropy": 12.324668884277344,
          "acoustic_entropy_side": 12.129443168640137,
          "hz": 15466.58407886509
        },
        {
          "acoustic_entropy": 12.255249977111816,
          "acoustic_entropy_side": 12.130988121032715,
          "hz": 16898.27756580493
        },
        {
          "acoustic_entropy": 12.281243324279785,
          "acoustic_entropy_side": 12.133983612060547,
          "hz": 18456.760127700032
        },
        {
          "acoustic_entropy": 12.210210800170898,
          "acoustic_entropy_side": 12.136574745178223,
          "hz": 20153.260054456492
        },
        {
          "acoustic_entropy": 12.232059478759766,
          "acoustic_entropy_side": 12.139638900756836,
          "hz": 22000.00000000001
        }
      ],
      "diff_acoustic_entropy": 9.207716941833496,
      "sn": 12
    },
    {
      "acoustic_entropy": 18.013809204101562,
      "acoustic_entropy_mono": 16.674713134765625,
      "band_eliminated_acoustic_entropies": [
        {
          "acoustic_entropy": 17.58724021911621,
          "acoustic_entropy_side": 18.0140438079834,
          "hz": 129.47220167065723
        },
        {
          "acoustic_entropy": 18.06801986694336,
          "acoustic_entropy_side": 18.027639389038086,
          "hz": 202.92927478742237
        },
        {
          "acoustic_entropy": 17.744871139526367,
          "acoustic_entropy_side": 17.91490936279297,
          "hz": 282.89161906338205
        },
        {
          "acoustic_entropy": 18.04688262939453,
          "acoustic_entropy_side": 18.075883865356445,
          "hz": 369.9353335868758
        },
        {
          "acoustic_entropy": 18.029071807861328,
          "acoustic_entropy_side": 18.137998580932617,
          "hz": 464.6875360973435
        },
        {
          "acoustic_entropy": 17.768095016479492,
          "acoustic_entropy_side": 18.298831939697266,
          "hz": 567.8308811364784
        },
        {
          "acoustic_entropy": 17.711328506469727,
          "acoustic_entropy_side": 18.00124740600586,
          "hz": 680.1084783214808
        },
        {
          "acoustic_entropy": 18.75958251953125,
          "acoustic_entropy_side": 18.4648380279541,
          "hz": 802.3292461747484
        },
        {
          "acoustic_entropy": 17.401657104492188,
          "acoustic_entropy_side": 18.472551345825195,
          "hz": 935.3737400823702
        },
        {
          "acoustic_entropy": 18.08589744567871,
          "acoustic_entropy_side": 17.973161697387695,
          "hz": 1080.2004963696966
        },
        {
          "acoustic_entropy": 17.921871185302734,
          "acoustic_entropy_side": 18.024551391601562,
          "hz": 1237.8529382007157
        },
        {
          "acoustic_entropy": 18.138246536254883,
          "acoustic_entropy_side": 18.00027847290039,
          "hz": 1409.4668930556702
        },
        {
          "acoustic_entropy": 17.955345153808594,
          "acoustic_entropy_side": 17.951904296875,
          "hz": 1596.2787759475705
        },
        {
          "acoustic_entropy": 17.719806671142578,
          "acoustic_entropy_side": 17.86315155029297,
          "hz": 1799.6344973346393
        },
        {
          "acoustic_entropy": 17.885595321655273,
          "acoustic_entropy_side": 18.01403045654297,
          "hz": 2020.9991599069049
        },
        {
          "acoustic_entropy": 17.77170181274414,
          "acoustic_entropy_side": 17.976003646850586,
          "hz": 2261.9676141086993
        },
        {
          "acoustic_entropy": 18.003067016601562,
          "acoustic_entropy_side": 17.98338508605957,
          "hz": 2524.2759484456974
        },
        {
          "acoustic_entropy": 18.037216186523438,
          "acoustic_entropy_side": 18.03022003173828,
