{
  "acoustic_entropy": 176.8251190185547,
  "bands": [
    {
      "high_freq": 148.1999969482422,
      "loudness": -28.045360565185547,
      "loudness_range": 18.226436614990234,
      "mid_mean": -25.189241409301758,
      "mid_to_side_loudness": -9.147268295288086,
      "mid_to_side_loudness_range": 11.729381561279297,
      "side_mean": -33.37116622924805
    },
    {
      "high_freq": 392.3793640136719,
      "loudness": -23.39400863647461,
      "loudness_range": 15.308765411376953,
      "low_freq": 148.1999969482422,
      "mid_mean": -22.66744613647461,
      "mid_to_side_loudness": -1.1080725193023682,
      "mid_to_side_loudness_range": 10.762004852294922,
      "side_mean": -23.356779098510742
    },
    {
      "high_freq": 794.6976318359375,
      "loudness": -25.425220489501953,
      "loudness_range": 18.217529296875,
      "low_freq": 392.3793640136719,
      "mid_mean": -24.535818099975586,
      "mid_to_side_loudness": -0.5376827120780945,
      "mid_to_side_loudness_range": 9.909491539001465,
      "side_mean": -25.56218719482422
    },
    {
      "high_freq": 1457.5709228515625,
      "loudness": -26.88252067565918,
      "loudness_range": 20.001062393188477,
      "low_freq": 794.6976318359375,
      "mid_mean": -26.72467803955078,
      "mid_to_side_loudness": 0.6406589150428772,
      "mid_to_side_loudness_range": 5.365865230560303,
      "side_mean": -25.9965877532959
    },
    {
      "high_freq": 2549.74365234375,
      "loudness": -26.840322494506836,
      "loudness_range": 21.637910842895508,
      "low_freq": 1457.5709228515625,
      "mid_mean": -26.685537338256836,
      "mid_to_side_loudness": 1.3526346683502197,
      "mid_to_side_loudness_range": 6.760473728179932,
      "side_mean": -25.85374641418457
    },
    {
      "high_freq": 4349.24462890625,
      "loudness": -31.74419593811035,
      "loudness_range": 28.313282012939453,
      "low_freq": 2549.74365234375,
      "mid_mean": -31.48970603942871,
      "mid_to_side_loudness": 0.5655621290206909,
      "mid_to_side_loudness_range": 7.994847297668457,
      "side_mean": -31.644853591918945
    },
    {
      "high_freq": 7314.1640625,
      "loudness": -36.92947769165039,
      "loudness_range": 29.047801971435547,
      "low_freq": 4349.24462890625,
      "mid_mean": -36.12316131591797,
      "mid_to_side_loudness": -3.273362159729004,
      "mid_to_side_loudness_range": 12.346882820129395,
      "side_mean": -41.98602294921875
    },
    {
      "high_freq": 12199.2666015625,
      "loudness": -39.15732192993164,
      "loudness_range": 32.39311218261719,
      "low_freq": 7314.1640625,
      "mid_mean": -44.005496978759766,
      "mid_to_side_loudness": -5.860074043273926,
      "mid_to_side_loudness_range": 13.33385181427002,
      "side_mean": -52.99972915649414
    },
    {
      "loudness": -46.93089294433594,
      "loudness_range": 27.454700469970703,
      "low_freq": 12199.2666015625,
      "mid_mean": -54.764404296875,
      "mid_to_side_loudness": -3.5668914318084717,
      "mid_to_side_loudness_range": 9.399736404418945,
      "side_mean": -57.64945602416992
    }
  ],
  "bands_short": [
    {
      "high_freq": 148.1999969482422,
      "loudness": -31.388202667236328,
      "loudness_range": 23.157228469848633,
      "mid_mean": -29.17310333251953,
      "mid_to_side_loudness": -8.381324768066406,
      "mid_to_side_loudness_range": 20.223098754882812,
      "side_mean": -36.79318618774414
    },
    {
      "high_freq": 392.3793640136719,
      "loudness": -23.086193084716797,
      "loudness_range": 16.243202209472656,
      "low_freq": 148.1999969482422,
      "mid_mean": -22.17930793762207,
      "mid_to_side_loudness": -1.7232773303985596,
      "mid_to_side_loudness_range": 11.992591857910156,
      "side_mean": -23.543588638305664
    },
    {
      "high_freq": 794.6976318359375,
      "loudness": -26.115182876586914,
      "loudness_range": 19.208309173583984,
      "low_freq": 392.3793640136719,
      "mid_mean": -25.545299530029297,
      "mid_to_side_loudness": -0.272280216217041,
      "mid_to_side_loudness_range": 10.877388000488281,
      "side_mean": -26.21257209777832
    },
    {
      "high_freq": 1457.5709228515625,
      "loudness": -26.584354400634766,
      "loudness_range": 20.167932510375977,
      "low_freq": 794.6976318359375,
      "mid_mean": -26.314842224121094,
      "mid_to_side_loudness": 0.3041366934776306,
      "mid_to_side_loudness_range": 7.8319478034973145,
      "side_mean": -25.95766258239746
    },
    {
      "high_freq": 2549.74365234375,
      "loudness": -26.96696662902832,
      "loudness_range": 21.832509994506836,
      "low_freq": 1457.5709228515625,
      "mid_mean": -27.026559829711914,
      "mid_to_side_loudness": 1.4944007396697998,
      "mid_to_side_loudness_range": 7.856894493103027,
      "side_mean": -26.04949951171875
    },
    {
      "high_freq": 4349.24462890625,
      "loudness": -32.04246520996094,
      "loudness_range": 29.29732894897461,
      "low_freq": 2549.74365234375,
      "mid_mean": -31.83584976196289,
      "mid_to_side_loudness": 0.7455695867538452,
      "mid_to_side_loudness_range": 9.05320930480957,
      "side_mean": -31.916776657104492
    },
    {
      "high_freq": 7314.1640625,
      "loudness": -37.17383575439453,
      "loudness_range": 29.2498836517334,
      "low_freq": 4349.24462890625,
      "mid_mean": -36.81074905395508,
      "mid_to_side_loudness": -2.8675005435943604,
      "mid_to_side_loudness_range": 13.57921028137207,
      "side_mean": -41.885982513427734
    },
    {
      "high_freq": 12199.2666015625,
      "loudness": -41.05695724487305,
      "loudness_range": 34.4947395324707,
      "low_freq": 7314.1640625,
      "mid_mean": -45.17097854614258,
      "mid_to_side_loudness": -4.7190704345703125,
      "mid_to_side_loudness_range": 12.87243366241455,
      "side_mean": -53.334320068359375
    },
    {
      "loudness": -49.84426498413086,
      "loudness_range": 31.892986297607422,
      "low_freq": 12199.2666015625,
      "mid_mean": -55.96546173095703,
      "mid_to_side_loudness": -2.9241747856140137,
      "mid_to_side_loudness_range": 9.668888092041016,
      "side_mean": -58.61661911010742
    }
  ],
  "bandwidth": 682.3621826171875,
  "channels": 2,
  "covariance": [
    [
      54.78723907470703,
      38.41731643676758,
      38.68839645385742,
      32.13505935668945,
      40.95058822631836,
      35.529052734375,
      45.965904235839844,
      38.795772552490234,
      47.29796600341797,
      45.14889907836914,
      62.708213806152344,
      57.743629455566406,
      67.77326202392578,
      61.043819427490234,
      88.85238647460938,
      77.80905151367188,
      82.32352447509766,
      65.85792541503906
    ],
    [
      38.41731643676758,
      41.511844635009766,
      30.42440414428711,
      24.73242950439453,
      31.736520767211914,
      27.160648345947266,
      37.1115837097168,
      31.56234359741211,
      39.70319366455078,
      36.49245834350586,
      50.141719818115234,
      45.28712844848633,
      51.45683288574219,
      46.85967254638672,
      66.0422592163086,
      58.81891632080078,
      62.97553253173828,
      49.34089660644531
    ],
    [
      38.68839645385742,
      30.42440414428711,
      42.527767181396484,
      27.120718002319336,
      37.58973693847656,
      30.605098724365234,
      42.33895492553711,
      35.458072662353516,
      44.312828063964844,
      41.78976821899414,
      56.22297286987305,
      52.04817199707031,
      56.35136032104492,
      55.59515380859375,
      77.6563491821289,
      70.85224914550781,
      73.73650360107422,
      59.67009353637695
    ],
    [
      32.13505935668945,
      24.73242950439453,
      27.120718002319336,
      29.308204650878906,
      28.445878982543945,
      25.240779876708984,
      31.246458053588867,
      27.32297134399414,
      32.52065658569336,
      31.557016372680664,
      39.75004577636719,
      37.84612274169922,
      37.82588577270508,
      40.288787841796875,
      54.67633056640625,
      51.641319274902344,
      52.99540328979492,
      43.11312484741211
    ],
    [
      40.95058822631836,
      31.736520767211914,
      37.58973693847656,
      28.445878982543945,
      48.47077560424805,
      37.88236999511719,
      49.99993133544922,
      41.881813049316406,
      51.29466247558594,
      49.138248443603516,
      62.251502990722656,
      58.069271087646484,
      61.071868896484375,
      59.02980041503906,
      86.37730407714844,
      77.43936920166016,
      80.25941467285156,
      65.72236633300781
    ],
    [
      35.529052734375,
      27.160648345947266,
      30.605098724365234,
      25.240779876708984,
      37.88236999511719,
      37.32439422607422,
      39.79045104980469,
      34.39601516723633,
      41.438533782958984,
      41.33235549926758,
      50.265411376953125,
      49.34345626831055,
      44.15894317626953,
      47.53118896484375,
      64.34809112548828,
      63.68080139160156,
      62.99554443359375,
      51.70111083984375
    ],
    [
      45.965904235839844,
      37.1115837097168,
      42.33895492553711,
      31.246458053588867,
      49.99993133544922,
      39.79045104980469,
      60.680625915527344,
      49.675750732421875,
      60.50999069213867,
      56.3569450378418,
      75.03729248046875,
      67.34288024902344,
      75.34654235839844,
      71.49748229980469,
      102.45867919921875,
      90.22248840332031,
      93.95834350585938,
      76.87277221679688
    ],
    [
      38.795772552490234,
      31.56234359741211,
      35.458072662353516,
      27.32297134399414,
      41.881813049316406,
      34.39601516723633,
      49.675750732421875,
      43.274864196777344,
      50.50712966918945,
      47.884437561035156,
      62.69795608520508,
      57.61140060424805,
      61.33164596557617,
      60.46196746826172,
      84.45172882080078,
      76.28762817382812,
      78.03006744384766,
      63.90260696411133
    ],
    [
      47.29796600341797,
      39.70319366455078,
      44.312828063964844,
      32.52065658569336,
      51.29466247558594,
      41.438533782958984,
      60.50999069213867,
      50.50712966918945,
      66.09246063232422,
      59.765628814697266,
      78.82622528076172,
      70.3512191772461,
      77.46197509765625,
      75.82868957519531,
      106.42032623291016,
      95.29324340820312,
      97.14945983886719,
      79.60069274902344
    ],
    [
      45.14889907836914,
      36.49245834350586,
      41.78976821899414,
      31.557016372680664,
      49.138248443603516,
      41.33235549926758,
      56.3569450378418,
      47.884437561035156,
      59.765628814697266,
      58.6716194152832,
      72.03202819824219,
      66.48394775390625,
      69.29334259033203,
      69.07295989990234,
      96.81314086914062,
      89.5548095703125,
      89.37724304199219,
      73.45401000976562
    ],
    [
      62.708213806152344,
      50.141719818115234,
      56.22297286987305,
      39.75004577636719,
      62.251502990722656,
      50.265411376953125,
      75.03729248046875,
      62.69795608520508,
      78.82622528076172,
      72.03202819824219,
      118.71807861328125,
      98.20247650146484,
      115.22911834716797,
      112.81819152832031,
      147.01513671875,
      128.34524536132812,
      131.95257568359375,
      107.82879638671875
    ],
    [
      57.743629455566406,
      45.28712844848633,
      52.04817199707031,
      37.84612274169922,
      58.069271087646484,
      49.34345626831055,
      67.34288024902344,
      57.61140060424805,
      70.3512191772461,
      66.48394775390625,
      98.20247650146484,
      95.79174041748047,
      92.45284271240234,
      94.5484619140625,
      122.86615753173828,
      114.81360626220703,
      115.0317153930664,
      94.51627349853516
    ],
    [
      67.77326202392578,
      51.45683288574219,
      56.35136032104492,
      37.82588577270508,
      61.071868896484375,
      44.15894317626953,
      75.34654235839844,
      61.33164596557617,
      77.46197509765625,
      69.29334259033203,
      115.22911834716797,
      92.45284271240234,
      162.04026794433594,
      113.94625854492188,
      183.01025390625,
      139.2050323486328,
      152.82188415527344,
      123.0104751586914
    ],
    [
      61.043819427490234,
      46.85967254638672,
      55.59515380859375,
      40.288787841796875,
      59.02980041503906,
      47.53118896484375,
      71.49748229980469,
      60.46196746826172,
      75.82868957519531,
      69.07295989990234,
      112.81819152832031,
      94.5484619140625,
      113.94625854492188,
      121.41502380371094,
      145.6525421142578,
      128.7577667236328,
      129.61886596679688,
      106.93356323242188
    ],
    [
      88.85238647460938,
      66.0422592163086,
      77.6563491821289,
      54.67633056640625,
      86.37730407714844,
      64.34809112548828,
      102.45867919921875,
      84.45172882080078,
      106.42032623291016,
      96.81314086914062,
      147.01513671875,
      122.86615753173828,
      183.01025390625,
      145.6525421142578,
      258.62017822265625,
      190.9271697998047,
      211.09429931640625,
      171.47007751464844
    ],
    [
      77.80905151367188,
      58.81891632080078,
      70.85224914550781,
      51.641319274902344,
      77.43936920166016,
      63.68080139160156,
      90.22248840332031,
      76.28762817382812,
      95.29324340820312,
      89.5548095703125,
      128.34524536132812,
      114.81360626220703,
      139.2050323486328,
      128.7577667236328,
      190.9271697998047,
      178.67164611816406,
      176.97018432617188,
      149.2416534423828
    ],
    [
      82.32352447509766,
      62.97553253173828,
      73.73650360107422,
      52.99540328979492,
      80.25941467285156,
      62.99554443359375,
      93.95834350585938,
      78.03006744384766,
      97.14945983886719,
      89.37724304199219,
      131.95257568359375,
      115.0317153930664,
      152.82188415527344,
      129.61886596679688,
      211.09429931640625,
      176.97018432617188,
      191.19158935546875,
      155.88951110839844
    ],
    [
      65.85792541503906,
      49.34089660644531,
      59.67009353637695,
      43.11312484741211,
      65.72236633300781,
      51.70111083984375,
      76.87277221679688,
      63.90260696411133,
      79.60069274902344,
      73.45401000976562,
      107.82879638671875,
      94.51627349853516,
      123.0104751586914,
      106.93356323242188,
      171.47007751464844,
      149.2416534423828,
      155.88951110839844,
      133.2774200439453
    ]
  ],
  "covariance_short": [
    [
      86.96483612060547,
      45.312137603759766,
      44.199546813964844,
      36.23398971557617,
      49.611846923828125,
      42.23004150390625,
      50.87870407104492,
      45.268341064453125,
      56.36967849731445,
      53.41856002807617,
      72.01898193359375,
      66.84081268310547,
      76.49067687988281,
      69.41275024414062,
      99.96471405029297,
      89.05805206298828,
      92.14382934570312,
      73.57988739013672
    ],
    [
      45.312137603759766,
      54.105506896972656,
      28.544567108154297,
      25.23050308227539,
      30.630496978759766,
      26.689401626586914,
      31.292007446289062,
      28.529695510864258,
      36.767860412597656,
      34.31060791015625,
      42.81877136230469,
      41.14212417602539,
      43.33791732788086,
      40.996150970458984,
      57.53782272338867,
      52.954402923583984,
      53.41823196411133,
      42.522457122802734
    ],
    [
      44.199546813964844,
      28.544567108154297,
      44.464054107666016,
      27.899675369262695,
      38.2359733581543,
      30.801084518432617,
      38.2826042175293,
      33.73432159423828,
      42.70395278930664,
      40.12873458862305,
      53.413108825683594,
      49.87228012084961,
      53.684852600097656,
      50.78995895385742,
      70.0467300415039,
      67.24632263183594,
      66.20777893066406,
      54.02092742919922
    ],
    [
      36.23398971557617,
      25.23050308227539,
      27.899675369262695,
      32.5186882019043,
      29.649385452270508,
      26.723989486694336,
      29.424236297607422,
      27.202375411987305,
      33.30799102783203,
      32.10748291015625,
      39.792152404785156,
      38.40290832519531,
      38.18095397949219,
      39.09731674194336,
      51.30471420288086,
      51.28078079223633,
      50.22856521606445,
      41.13324737548828
    ],
    [
      49.611846923828125,
      30.630496978759766,
      38.2359733581543,
      29.649385452270508,
      55.417972564697266,
      40.63040542602539,
      48.08013916015625,
      41.76183319091797,
      52.59606170654297,
      49.783626556396484,
      63.250694274902344,
      59.080684661865234,
      61.54542922973633,
      58.4864387512207,
      83.54426574707031,
      78.06121826171875,
      77.46482849121094,
      63.20984649658203
    ],
    [
      42.23004150390625,
      26.689401626586914,
      30.801084518432617,
      26.723989486694336,
      40.63040542602539,
      42.434810638427734,
      37.617340087890625,
      34.15291976928711,
      41.912681579589844,
      41.603336334228516,
      50.00505828857422,
      49.9242057800293,
      45.46266174316406,
      46.60076904296875,
      62.56095504760742,
      63.59622573852539,
      61.10895919799805,
      50.17656707763672
    ],
    [
      50.87870407104492,
      31.292007446289062,
      38.2826042175293,
      29.424236297607422,
      48.08013916015625,
      37.617340087890625,
      55.84900665283203,
      45.996315002441406,
      56.30126190185547,
      53.03457260131836,
      69.68694305419922,
      62.822513580322266,
      70.49176788330078,
      64.96736145019531,
      91.68868255615234,
      83.38072204589844,
      82.98880767822266,
      67.51060485839844
    ],
    [
      45.268341064453125,
      28.529695510864258,
      33.73432159423828,
      27.202375411987305,
      41.76183319091797,
      34.15291976928711,
      45.996315002441406,
      44.48337936401367,
      50.063743591308594,
      48.174964904785156,
      61.67961120605469,
      56.76470184326172,
      61.04039764404297,
      58.87636184692383,
      80.42717742919922,
      74.85621643066406,
      73.12650299072266,
      59.6677360534668
    ],
    [
      56.36967849731445,
      36.767860412597656,
      42.70395278930664,
      33.30799102783203,
      52.59606170654297,
      41.912681579589844,
      56.30126190185547,
      50.063743591308594,
      68.42789459228516,
      60.442039489746094,
      78.58859252929688,
      70.5095443725586,
      77.64239501953125,
      74.4103012084961,
      102.37069702148438,
      94.00505828857422,
      92.1703872680664,
      74.65081024169922
    ],
    [
      53.41856002807617,
      34.31060791015625,
      40.12873458862305,
      32.10748291015625,
      49.783626556396484,
      41.603336334228516,
      53.03457260131836,
      48.174964904785156,
      60.442039489746094,
      60.951255798339844,
      72.23028564453125,
      67.19893646240234,
      69.93910217285156,
      68.47713470458984,
      93.33589935302734,
      89.0580062866211,
      85.18927001953125,
      69.519287109375
    ],
    [
      72.01898193359375,
      42.81877136230469,
      53.413108825683594,
      39.792152404785156,
      63.250694274902344,
      50.00505828857422,
      69.68694305419922,
      61.67961120605469,
      78.58859252929688,
      72.23028564453125,
      122.04767608642578,
      99.50572204589844,
      117.42657470703125,
      109.02651977539062,
      146.81089782714844,
      127.95392608642578,
      127.44792175292969,
      102.42616271972656
    ],
    [
      66.84081268310547,
      41.14212417602539,
      49.87228012084961,
      38.40290832519531,
      59.080684661865234,
      49.9242057800293,
      62.822513580322266,
      56.76470184326172,
      70.5095443725586,
      67.19893646240234,
      99.50572204589844,
      100.19872283935547,
      94.69078826904297,
      93.43524169921875,
      121.44075775146484,
      115.66445922851562,
      110.6715316772461,
      90.55351257324219
    ],
    [
      76.49067687988281,
      43.33791732788086,
      53.684852600097656,
      38.18095397949219,
      61.54542922973633,
      45.46266174316406,
      70.49176788330078,
      61.04039764404297,
      77.64239501953125,
      69.93910217285156,
      117.42657470703125,
      94.69078826904297,
      164.28448486328125,
      114.66094970703125,
      183.2837371826172,
      140.00953674316406,
      150.49803161621094,
      118.53639221191406
    ],
    [
      69.41275024414062,
      40.996150970458984,
      50.78995895385742,
      39.09731674194336,
      58.4864387512207,
      46.60076904296875,
      64.96736145019531,
      58.87636184692383,
      74.4103012084961,
      68.47713470458984,
      109.02651977539062,
      93.43524169921875,
      114.66094970703125,
      119.0877685546875,
      142.2051544189453,
      125.33008575439453,
      120.78386688232422,
      99.72293090820312
    ],
    [
      99.96471405029297,
      57.53782272338867,
      70.0467300415039,
      51.30471420288086,
      83.54426574707031,
      62.56095504760742,
      91.68868255615234,
      80.42717742919922,
      102.37069702148438,
      93.33589935302734,
      146.81089782714844,
      121.44075775146484,
      183.2837371826172,
      142.2051544189453,
      253.23971557617188,
      185.5426025390625,
      204.09205627441406,
      159.6589813232422
    ],
    [
      89.05805206298828,
      52.954402923583984,
      67.24632263183594,
      51.28078079223633,
      78.06121826171875,
      63.59622573852539,
      83.38072204589844,
      74.85621643066406,
      94.00505828857422,
      89.0580062866211,
      127.95392608642578,
      115.66445922851562,
      140.00953674316406,
      125.33008575439453,
      185.5426025390625,
      177.39315795898438,
      165.94447326660156,
      140.6193084716797
    ],
    [
      92.14382934570312,
      53.41823196411133,
      66.20777893066406,
      50.22856521606445,
      77.46482849121094,
      61.10895919799805,
      82.98880767822266,
      73.12650299072266,
      92.1703872680664,
      85.18927001953125,
      127.44792175292969,
      110.6715316772461,
      150.49803161621094,
      120.78386688232422,
      204.09205627441406,
      165.94447326660156,
      182.31564331054688,
      143.1095428466797
    ],
    [
      73.57988739013672,
      42.522457122802734,
      54.02092742919922,
      41.13324737548828,
      63.20984649658203,
      50.17656707763672,
      67.51060485839844,
      59.6677360534668,
      74.65081024169922,
      69.519287109375,
      102.42616271972656,
      90.55351257324219,
      118.53639221191406,
      99.72293090820312,
      159.6589813232422,
      140.6193084716797,
      143.1095428466797,
      125.68560791015625
    ]
  ],
  "damage": -8.906649589538574,
  "diff_bandwidth": 683.8375244140625,
  "dissonance": 9.323668903800042,
  "drr": 7.002866744995117,
  "dynamics": 5.809560775756836,
  "format": 1245190,
  "frames": 3956672,
  "loudness": -14.470463752746582,
  "loudness_range": 16.894296646118164,
  "loudness_range_short": 17.70685577392578,
  "lowpass_true_peak_15khz": 0.31951481103897095,
  "mastering3_acoustic_entropies": [
    {
      "acoustic_entropy": 3.4471681118011475,
      "acoustic_entropy_mono": 3.3146860599517822,
      "band_eliminated_acoustic_entropies": [
        {
          "acoustic_entropy": 3.453003406524658,
          "acoustic_entropy_side": 3.4479899406433105,
          "hz": 129.47220167065723
        },
        {
          "acoustic_entropy": 3.411092758178711,
          "acoustic_entropy_side": 3.4465324878692627,
          "hz": 202.92927478742237
        },
        {
          "acoustic_entropy": 3.397733211517334,
          "acoustic_entropy_side": 3.4309444427490234,
          "hz": 282.89161906338205
        },
        {
          "acoustic_entropy": 3.351344108581543,
          "acoustic_entropy_side": 3.4036338329315186,
          "hz": 369.9353335868758
        },
        {
          "acoustic_entropy": 3.171560049057007,
          "acoustic_entropy_side": 3.2518486976623535,
          "hz": 464.6875360973435
        },
        {
          "acoustic_entropy": 3.2753870487213135,
          "acoustic_entropy_side": 3.6113433837890625,
          "hz": 567.8308811364784
        },
        {
          "acoustic_entropy": 3.2830810546875,
          "acoustic_entropy_side": 3.3036587238311768,
          "hz": 680.1084783214808
        },
        {
          "acoustic_entropy": 3.2391488552093506,
          "acoustic_entropy_side": 3.289222240447998,
          "hz": 802.3292461747484
        },
        {
          "acoustic_entropy": 3.309978723526001,
          "acoustic_entropy_side": 3.44822096824646,
          "hz": 935.3737400823702
        },
        {
          "acoustic_entropy": 3.4298112392425537,
          "acoustic_entropy_side": 3.5012545585632324,
          "hz": 1080.2004963696966
        },
        {
          "acoustic_entropy": 3.5305099487304688,
          "acoustic_entropy_side": 3.4491994380950928,
          "hz": 1237.8529382007157
        },
        {
          "acoustic_entropy": 3.4620461463928223,
          "acoustic_entropy_side": 3.443929433822632,
          "hz": 1409.4668930556702
        },
        {
          "acoustic_entropy": 3.4858903884887695,
          "acoustic_entropy_side": 3.4314329624176025,
          "hz": 1596.2787759475705
        },
        {
          "acoustic_entropy": 3.409196615219116,
          "acoustic_entropy_side": 3.412285327911377,
          "hz": 1799.6344973346393
        },
        {
          "acoustic_entropy": 3.3701131343841553,
          "acoustic_entropy_side": 3.381309747695923,
          "hz": 2020.9991599069049
        },
        {
          "acoustic_entropy": 3.4973297119140625,
          "acoustic_entropy_side": 3.4547150135040283,
          "hz": 2261.9676141086993
        },
        {
          "acoustic_entropy": 3.468621015548706,
          "acoustic_entropy_side": 3.465428113937378,
          "hz": 2524.2759484456974
        },
        {
          "acoustic_entropy": 3.5587046146392822,
          "acoustic_entropy_side": 3.5372438430786133,
          "hz": 2809.813997359896
        },
        {
          "acoustic_entropy": 3.4794490337371826,
          "acoustic_entropy_side": 3.420919895172119,
          "hz": 3120.6389567871424
        },
        {
          "acoustic_entropy": 3.4882607460021973,
          "acoustic_entropy_side": 3.4586522579193115,
          "hz": 3458.990205492291
        },
        {
          "acoustic_entropy": 3.4548356533050537,
          "acoustic_entropy_side": 3.4608657360076904,
          "hz": 3827.305438964164
        },
        {
          "acoustic_entropy": 3.4920527935028076,
          "acoustic_entropy_side": 3.456209897994995,
          "hz": 4228.238232109126
        },
        {
          "acoustic_entropy": 3.4894165992736816,
          "acoustic_entropy_side": 3.461697578430176,
          "hz": 4664.6771572759235
        },
        {
          "acoustic_entropy": 3.4947659969329834,
          "acoustic_entropy_side": 3.4591565132141113,
          "hz": 5139.766595350093
        },
        {
          "acoustic_entropy": 3.494685173034668,
          "acoustic_entropy_side": 3.4641153812408447,
          "hz": 5656.929389854203
        },
        {
          "acoustic_entropy": 3.4684388637542725,
          "acoustic_entropy_side": 3.461569309234619,
          "hz": 6219.891507268283
        },
        {
          "acoustic_entropy": 3.4551854133605957,
          "acoustic_entropy_side": 3.4592487812042236,
          "hz": 6832.70888123896
        },
        {
          "acoustic_entropy": 3.4451489448547363,
          "acoustic_entropy_side": 3.4487104415893555,
          "hz": 7499.796634079867
        },
        {
          "acoustic_entropy": 3.470703363418579,
          "acoustic_entropy_side": 3.4477345943450928,
          "hz": 8225.96088609342
        },
        {
          "acoustic_entropy": 3.5519838333129883,
          "acoustic_entropy_side": 3.4475808143615723,
          "hz": 9016.43338188839
        },
        {
          "acoustic_entropy": 3.5511014461517334,
          "acoustic_entropy_side": 3.4474453926086426,
          "hz": 9876.909183162974
        },
        {
          "acoustic_entropy": 3.548313856124878,
          "acoustic_entropy_side": 3.4471819400787354,
          "hz": 10813.587699516042
        },
        {
          "acoustic_entropy": 3.544045925140381,
          "acoustic_entropy_side": 3.4471285343170166,
          "hz": 11833.21735289826
        },
        {
          "acoustic_entropy": 3.49772310256958,
          "acoustic_entropy_side": 3.4470622539520264,
          "hz": 12943.144197493959
        },
        {
          "acoustic_entropy": 3.4507274627685547,
          "acoustic_entropy_side": 3.4471487998962402,
          "hz": 14151.364845322005
        },
        {
          "acoustic_entropy": 3.446049451828003,
          "acoustic_entropy_side": 3.447181224822998,
          "hz": 15466.58407886509
        },
        {
          "acoustic_entropy": 3.4446089267730713,
          "acoustic_entropy_side": 3.4471898078918457,
          "hz": 16898.27756580493
        },
        {
          "acoustic_entropy": 3.4465904235839844,
          "acoustic_entropy_side": 3.447187662124634,
          "hz": 18456.760127700032
        },
        {
          "acoustic_entropy": 3.447071075439453,
          "acoustic_entropy_side": 3.447185516357422,
          "hz": 20153.260054456492
        },
        {
          "acoustic_entropy": 3.4471640586853027,
          "acoustic_entropy_side": 3.4471728801727295,
          "hz": 22000.00000000001
        }
      ],
      "diff_acoustic_entropy": 1.797613263130188,
      "sn": 6
    },
    {
      "acoustic_entropy": 6.151959419250488,
      "acoustic_entropy_mono": 5.609317779541016,
      "band_eliminated_acoustic_entropies": [
        {
          "acoustic_entropy": 5.979709625244141,
          "acoustic_entropy_side": 6.155008316040039,
          "hz": 129.47220167065723
        },
        {
          "acoustic_entropy": 6.261810302734375,
          "acoustic_entropy_side": 5.996501922607422,
          "hz": 202.92927478742237
        },
        {
          "acoustic_entropy": 5.98421049118042,
          "acoustic_entropy_side": 5.910912990570068,
          "hz": 282.89161906338205
        },
        {
          "acoustic_entropy": 6.231081962585449,
          "acoustic_entropy_side": 6.140223503112793,
          "hz": 369.9353335868758
        },
        {
          "acoustic_entropy": 5.688660621643066,
          "acoustic_entropy_side": 6.062535762786865,
          "hz": 464.6875360973435
        },
        {
          "acoustic_entropy": 6.321011066436768,
          "acoustic_entropy_side": 6.54404354095459,
          "hz": 567.8308811364784
        },
        {
          "acoustic_entropy": 6.4134521484375,
          "acoustic_entropy_side": 6.220309257507324,
          "hz": 680.1084783214808
        },
        {
          "acoustic_entropy": 5.830617427825928,
          "acoustic_entropy_side": 6.13198184967041,
          "hz": 802.3292461747484
        },
        {
          "acoustic_entropy": 5.917922019958496,
          "acoustic_entropy_side": 6.0684075355529785,
          "hz": 935.3737400823702
        },
        {
          "acoustic_entropy": 6.266604423522949,
          "acoustic_entropy_side": 6.143956184387207,
          "hz": 1080.2004963696966
        },
        {
          "acoustic_entropy": 6.272701740264893,
          "acoustic_entropy_side": 6.166974067687988,
          "hz": 1237.8529382007157
        },
        {
          "acoustic_entropy": 6.000239372253418,
          "acoustic_entropy_side": 6.067154884338379,
          "hz": 1409.4668930556702
        },
        {
          "acoustic_entropy": 6.206153392791748,
          "acoustic_entropy_side": 6.096099376678467,
          "hz": 1596.2787759475705
        },
        {
          "acoustic_entropy": 6.176884174346924,
          "acoustic_entropy_side": 6.113513946533203,
          "hz": 1799.6344973346393
        },
        {
          "acoustic_entropy": 6.076588153839111,
          "acoustic_entropy_side": 6.1458635330200195,
          "hz": 2020.9991599069049
        },
        {
          "acoustic_entropy": 6.003283500671387,
          "acoustic_entropy_side": 6.106903076171875,
          "hz": 2261.9676141086993
        },
        {
          "acoustic_entropy": 6.232037544250488,
          "acoustic_entropy_side": 6.137619495391846,
          "hz": 2524.2759484456974
        },
        {
          "acoustic_entropy": 6.354280948638916,
          "acoustic_entropy_side": 6.221547603607178,
          "hz": 2809.813997359896
        },
        {
          "acoustic_entropy": 6.132205963134766,
          "acoustic_entropy_side": 6.124289512634277,
          "hz": 3120.6389567871424
        },
        {
          "acoustic_entropy": 6.111111640930176,
          "acoustic_entropy_side": 6.138493537902832,
          "hz": 3458.990205492291
        },
        {
          "acoustic_entropy": 6.12786340713501,
          "acoustic_entropy_side": 6.1470818519592285,
          "hz": 3827.305438964164
        },
        {
          "acoustic_entropy": 6.164963722229004,
          "acoustic_entropy_side": 6.1155009269714355,
          "hz": 4228.238232109126
        },
        {
          "acoustic_entropy": 6.210562705993652,
          "acoustic_entropy_side": 6.115303993225098,
          "hz": 4664.6771572759235
        },
        {
          "acoustic_entropy": 6.27440881729126,
          "acoustic_entropy_side": 6.149899482727051,
          "hz": 5139.766595350093
        },
        {
          "acoustic_entropy": 6.255455493927002,
          "acoustic_entropy_side": 6.114068508148193,
          "hz": 5656.929389854203
        },
        {
          "acoustic_entropy": 6.194582462310791,
          "acoustic_entropy_side": 6.104434013366699,
          "hz": 6219.891507268283
        },
        {
          "acoustic_entropy": 6.200564384460449,
          "acoustic_entropy_side": 6.145092010498047,
          "hz": 6832.70888123896
        },
        {
          "acoustic_entropy": 6.192646026611328,
          "acoustic_entropy_side": 6.146637916564941,
          "hz": 7499.796634079867
        },
        {
          "acoustic_entropy": 6.1818084716796875,
          "acoustic_entropy_side": 6.147290229797363,
          "hz": 8225.96088609342
        },
        {
          "acoustic_entropy": 6.171710968017578,
          "acoustic_entropy_side": 6.152065753936768,
          "hz": 9016.43338188839
        },
        {
          "acoustic_entropy": 6.082180976867676,
          "acoustic_entropy_side": 6.151823043823242,
          "hz": 9876.909183162974
        },
        {
          "acoustic_entropy": 6.148819446563721,
          "acoustic_entropy_side": 6.145432472229004,
          "hz": 10813.587699516042
        },
        {
          "acoustic_entropy": 6.161450386047363,
          "acoustic_entropy_side": 6.1473612785339355,
          "hz": 11833.21735289826
        },
        {
          "acoustic_entropy": 6.197661399841309,
          "acoustic_entropy_side": 6.148357391357422,
          "hz": 12943.144197493959
        },
        {
          "acoustic_entropy": 6.163259506225586,
          "acoustic_entropy_side": 6.145484447479248,
          "hz": 14151.364845322005
        },
        {
          "acoustic_entropy": 6.151501655578613,
          "acoustic_entropy_side": 6.149220943450928,
          "hz": 15466.58407886509
        },
        {
          "acoustic_entropy": 6.148250102996826,
          "acoustic_entropy_side": 6.150937557220459,
          "hz": 16898.27756580493
        },
        {
          "acoustic_entropy": 6.150502681732178,
          "acoustic_entropy_side": 6.151650905609131,
          "hz": 18456.760127700032
        },
        {
          "acoustic_entropy": 6.1518144607543945,
          "acoustic_entropy_side": 6.151908874511719,
          "hz": 20153.260054456492
        },
        {
          "acoustic_entropy": 6.151905059814453,
          "acoustic_entropy_side": 6.151969909667969,
          "hz": 22000.00000000001
        }
      ],
      "diff_acoustic_entropy": 3.5003442764282227,
      "sn": 12
    },
    {
      "acoustic_entropy": 11.139267921447754,
      "acoustic_entropy_mono": 9.770370483398438,
      "band_eliminated_acoustic_entropies": [
        {
          "acoustic_entropy": 10.695682525634766,
          "acoustic_entropy_side": 11.171178817749023,
          "hz": 129.47220167065723
        },
        {
          "acoustic_entropy": 12.11864185333252,
          "acoustic_entropy_side": 11.232002258300781,
          "hz": 202.92927478742237
        },
        {
          "acoustic_entropy": 10.724482536315918,
          "acoustic_entropy_side": 10.680721282958984,
          "hz": 282.89161906338205
        },
        {
          "acoustic_entropy": 11.520938873291016,
          "acoustic_entropy_side": 11.615677833557129,
          "hz": 369.9353335868758
        },
        {
          "acoustic_entropy": 10.755499839782715,
          "acoustic_entropy_side": 11.12877368927002,
          "hz": 464.6875360973435
        },
        {
          "acoustic_entropy": 10.918094635009766,
          "acoustic_entropy_side": 11.174574851989746,
          "hz": 567.8308811364784
        },
        {
          "acoustic_entropy": 11.423402786254883,
          "acoustic_entropy_side": 11.084100723266602,
          "hz": 680.1084783214808
        },
        {
          "acoustic_entropy": 11.30411148071289,
          "acoustic_entropy_side": 11.245841026306152,
          "hz": 802.3292461747484
        },
        {
          "acoustic_entropy": 10.934803009033203,
          "acoustic_entropy_side": 10.995820045471191,
          "hz": 935.3737400823702
        },
        {
          "acoustic_entropy": 10.880692481994629,
          "acoustic_entropy_side": 11.11695384979248,
          "hz": 1080.2004963696966
        },
        {
          "acoustic_entropy": 11.393331527709961,
          "acoustic_entropy_side": 11.21269702911377,
          "hz": 1237.8529382007157
        },
        {
          "acoustic_entropy": 10.93154525756836,
          "acoustic_entropy_side": 10.90697956085205,
          "hz": 1409.4668930556702
        },
        {
          "acoustic_entropy": 11.12568187713623,
          "acoustic_entropy_side": 11.042061805725098,
          "hz": 1596.2787759475705
        },
        {
          "acoustic_entropy": 11.037290573120117,
          "acoustic_entropy_side": 11.098063468933105,
          "hz": 1799.6344973346393
        },
        {
          "acoustic_entropy": 10.544498443603516,
          "acoustic_entropy_side": 10.658307075500488,
          "hz": 2020.9991599069049
        },
        {
          "acoustic_entropy": 11.252128601074219,
          "acoustic_entropy_side": 11.078666687011719,
          "hz": 2261.9676141086993
        },
        {
          "acoustic_entropy": 11.020309448242188,
          "acoustic_entropy_side": 11.056060791015625,
          "hz": 2524.2759484456974
        },
        {
          "acoustic_entropy": 11.102206230163574,
          "acoustic_entropy_side": 11.125990867614746,
          "hz": 2809.813997359896
        },
        {
          "acoustic_entropy": 11.096817016601562,
          "acoustic_entropy_side": 10.981233596801758,
          "hz": 3120.6389567871424
        },
        {
          "acoustic_entropy": 11.10664176940918,
