{
  "acoustic_entropy": 202.7285614013672,
  "bands": [
    {
      "high_freq": 148.1999969482422,
      "loudness": -22.51854705810547,
      "loudness_range": 10.595191955566406,
      "mid_mean": -19.130535125732422,
      "mid_to_side_loudness": -14.13817024230957,
      "mid_to_side_loudness_range": 12.853736877441406,
      "side_mean": -33.18505859375
    },
    {
      "high_freq": 392.3793640136719,
      "loudness": -17.54352378845215,
      "loudness_range": 6.942709922790527,
      "low_freq": 148.1999969482422,
      "mid_mean": -14.27745246887207,
      "mid_to_side_loudness": -11.744134902954102,
      "mid_to_side_loudness_range": 11.14389419555664,
      "side_mean": -25.66579818725586
    },
    {
      "high_freq": 794.6976318359375,
      "loudness": -20.453554153442383,
      "loudness_range": 8.84656810760498,
      "low_freq": 392.3793640136719,
      "mid_mean": -17.395750045776367,
      "mid_to_side_loudness": -9.246517181396484,
      "mid_to_side_loudness_range": 9.18520736694336,
      "side_mean": -26.68319320678711
    },
    {
      "high_freq": 1457.5709228515625,
      "loudness": -23.20490837097168,
      "loudness_range": 12.866764068603516,
      "low_freq": 794.6976318359375,
      "mid_mean": -20.384227752685547,
      "mid_to_side_loudness": -6.990137100219727,
      "mid_to_side_loudness_range": 7.444401741027832,
      "side_mean": -27.630107879638672
    },
    {
      "high_freq": 2549.74365234375,
      "loudness": -22.4389591217041,
      "loudness_range": 12.484582901000977,
      "low_freq": 1457.5709228515625,
      "mid_mean": -19.71487045288086,
      "mid_to_side_loudness": -6.525849342346191,
      "mid_to_side_loudness_range": 7.010136604309082,
      "side_mean": -26.488004684448242
    },
    {
      "high_freq": 4349.24462890625,
      "loudness": -26.60092544555664,
      "loudness_range": 13.575153350830078,
      "low_freq": 2549.74365234375,
      "mid_mean": -23.817411422729492,
      "mid_to_side_loudness": -7.026615619659424,
      "mid_to_side_loudness_range": 9.617530822753906,
      "side_mean": -31.233694076538086
    },
    {
      "high_freq": 7314.1640625,
      "loudness": -31.755632400512695,
      "loudness_range": 11.99870491027832,
      "low_freq": 4349.24462890625,
      "mid_mean": -29.54216957092285,
      "mid_to_side_loudness": -4.410280704498291,
      "mid_to_side_loudness_range": 7.668555736541748,
      "side_mean": -34.20280075073242
    },
    {
      "high_freq": 12199.2666015625,
      "loudness": -35.186668395996094,
      "loudness_range": 17.28945541381836,
      "low_freq": 7314.1640625,
      "mid_mean": -33.08354949951172,
      "mid_to_side_loudness": -4.277355670928955,
      "mid_to_side_loudness_range": 9.165371894836426,
      "side_mean": -37.74592208862305
    },
    {
      "loudness": -44.57111358642578,
      "loudness_range": 19.209869384765625,
      "low_freq": 12199.2666015625,
      "mid_mean": -42.38764953613281,
      "mid_to_side_loudness": -4.815375328063965,
      "mid_to_side_loudness_range": 9.812434196472168,
      "side_mean": -48.70932388305664
    }
  ],
  "bands_short": [
    {
      "high_freq": 148.1999969482422,
      "loudness": -28.141510009765625,
      "loudness_range": 20.1639404296875,
      "mid_mean": -25.13856315612793,
      "mid_to_side_loudness": -12.479032516479492,
      "mid_to_side_loudness_range": 20.344825744628906,
      "side_mean": -37.42667007446289
    },
    {
      "high_freq": 392.3793640136719,
      "loudness": -17.545068740844727,
      "loudness_range": 9.477324485778809,
      "low_freq": 148.1999969482422,
      "mid_mean": -14.36496353149414,
      "mid_to_side_loudness": -12.043739318847656,
      "mid_to_side_loudness_range": 14.837044715881348,
      "side_mean": -26.05889320373535
    },
    {
      "high_freq": 794.6976318359375,
      "loudness": -21.101743698120117,
      "loudness_range": 11.442570686340332,
      "low_freq": 392.3793640136719,
      "mid_mean": -18.17618179321289,
      "mid_to_side_loudness": -9.105283737182617,
      "mid_to_side_loudness_range": 13.433348655700684,
      "side_mean": -27.424976348876953
    },
    {
      "high_freq": 1457.5709228515625,
      "loudness": -22.789430618286133,
      "loudness_range": 13.644307136535645,
      "low_freq": 794.6976318359375,
      "mid_mean": -20.096141815185547,
      "mid_to_side_loudness": -6.958582401275635,
      "mid_to_side_loudness_range": 10.117470741271973,
      "side_mean": -27.29600715637207
    },
    {
      "high_freq": 2549.74365234375,
      "loudness": -22.80078887939453,
      "loudness_range": 13.777868270874023,
      "low_freq": 1457.5709228515625,
      "mid_mean": -20.1734619140625,
      "mid_to_side_loudness": -6.430572986602783,
      "mid_to_side_loudness_range": 9.147351264953613,
      "side_mean": -26.838533401489258
    },
    {
      "high_freq": 4349.24462890625,
      "loudness": -27.135120391845703,
      "loudness_range": 15.600883483886719,
      "low_freq": 2549.74365234375,
      "mid_mean": -24.48827362060547,
      "mid_to_side_loudness": -6.838506698608398,
      "mid_to_side_loudness_range": 11.445218086242676,
      "side_mean": -31.694866180419922
    },
    {
      "high_freq": 7314.1640625,
      "loudness": -33.29782485961914,
      "loudness_range": 18.352033615112305,
      "low_freq": 4349.24462890625,
      "mid_mean": -31.0952205657959,
      "mid_to_side_loudness": -4.629093647003174,
      "mid_to_side_loudness_range": 9.670165061950684,
      "side_mean": -36.0836296081543
    },
    {
      "high_freq": 12199.2666015625,
      "loudness": -37.52937698364258,
      "loudness_range": 23.240154266357422,
      "low_freq": 7314.1640625,
      "mid_mean": -35.403385162353516,
      "mid_to_side_loudness": -4.5528364181518555,
      "mid_to_side_loudness_range": 10.22982406616211,
      "side_mean": -40.51618194580078
    },
    {
      "loudness": -46.98320388793945,
      "loudness_range": 25.376163482666016,
      "low_freq": 12199.2666015625,
      "mid_mean": -44.71083450317383,
      "mid_to_side_loudness": -5.365088939666748,
      "mid_to_side_loudness_range": 10.267801284790039,
      "side_mean": -51.49399948120117
    }
  ],
  "bandwidth": 599.3466186523438,
  "channels": 2,
  "covariance": [
    [
      18.97504234313965,
      15.127748489379883,
      8.375890731811523,
      9.489214897155762,
      5.351438522338867,
      7.618150234222412,
      5.201337814331055,
      7.682229995727539,
      5.758096218109131,
      7.838589191436768,
      5.035129070281982,
      8.432095527648926,
      9.817997932434082,
      10.077300071716309,
      4.645174503326416,
      5.864753246307373,
      2.935356378555298,
      6.681304931640625
    ],
    [
      15.127748489379883,
      32.96403503417969,
      9.323860168457031,
      22.01375961303711,
      8.327302932739258,
      14.478741645812988,
      10.801933288574219,
      13.726834297180176,
      11.923846244812012,
      13.811360359191895,
      11.58381462097168,
      16.428070068359375,
      15.59371280670166,
      14.619166374206543,
      6.6635966300964355,
      4.8216729164123535,
      3.590874433517456,
      2.216606616973877
    ],
    [
      8.375890731811523,
      9.323860168457031,
      14.501562118530273,
      8.933215141296387,
      6.276721477508545,
      7.199568271636963,
      3.583901882171631,
      6.8840460777282715,
      5.069107532501221,
      8.092564582824707,
      3.854869842529297,
      8.577950477600098,
      6.857529163360596,
      8.762871742248535,
      2.786465883255005,
      4.363255500793457,
      0.600002646446228,
      7.755311965942383
    ],
    [
      9.489214897155762,
      22.01375961303711,
      8.933215141296387,
      23.643321990966797,
      8.884787559509277,
      14.445775985717773,
      9.907970428466797,
      12.475976943969727,
      12.105152130126953,
      14.318303108215332,
      10.983036994934082,
      15.462749481201172,
      12.551237106323242,
      11.329867362976074,
      5.101642608642578,
      2.4027438163757324,
      2.3920528888702393,
      -1.1335474252700806
    ],
    [
      5.351438522338867,
      8.327302932739258,
      6.276721477508545,
      8.884787559509277,
      16.925241470336914,
      10.775307655334473,
      12.837109565734863,
      10.431842803955078,
      13.30251407623291,
      11.046037673950195,
      13.13111400604248,
      10.261573791503906,
      9.36223030090332,
      7.18612003326416,
      12.091972351074219,
      7.86506462097168,
      13.319023132324219,
      12.269813537597656
    ],
    [
      7.618150234222412,
      14.478741645812988,
      7.199568271636963,
      14.445775985717773,
      10.775307655334473,
      17.55986976623535,
      12.001727104187012,
      13.791892051696777,
      13.427433967590332,
      15.320219993591309,
      12.34377384185791,
      15.079086303710938,
      10.73865795135498,
      9.302886009216309,
      6.793006896972656,
      4.476737976074219,
      5.970861911773682,
      4.880365371704102
    ],
    [
      5.201337814331055,
      10.801933288574219,
      3.583901882171631,
      9.907970428466797,
      12.837109565734863,
      12.001727104187012,
      24.336698532104492,
      17.213748931884766,
      19.263364791870117,
      15.947366714477539,
      20.715234756469727,
      16.37281608581543,
      14.585687637329102,
      9.276676177978516,
      16.395769119262695,
      10.056333541870117,
      18.580522537231445,
      14.381024360656738
    ],
    [
      7.682229995727539,
      13.726834297180176,
      6.8840460777282715,
      12.475976943969727,
      10.431842803955078,
      13.791892051696777,
      17.213748931884766,
      19.326618194580078,
      16.496822357177734,
      17.876380920410156,
      15.560222625732422,
      17.547027587890625,
      13.688425064086914,
      11.144411087036133,
      10.5477876663208,
      7.613947868347168,
      9.961973190307617,
      9.84141731262207
    ],
    [
      5.758096218109131,
      11.923846244812012,
      5.069107532501221,
      12.105152130126953,
      13.30251407623291,
      13.427433967590332,
      19.263364791870117,
      16.496822357177734,
      26.17024040222168,
      21.24736213684082,
      21.70355987548828,
      18.269062042236328,
      15.374197959899902,
      10.681312561035156,
      17.613529205322266,
      10.889721870422363,
      18.25908660888672,
      14.183932304382324
    ],
    [
      7.838589191436768,
      13.811360359191895,
      8.092564582824707,
      14.318303108215332,
      11.046037673950195,
      15.320219993591309,
      15.947366714477539,
      17.876380920410156,
      21.24736213684082,
      24.53841209411621,
      16.362504959106445,
      20.054574966430664,
      14.872209548950195,
      12.56923770904541,
      10.96701431274414,
      7.901393413543701,
      9.64918041229248,
      8.573492050170898
    ],
    [
      5.035129070281982,
      11.58381462097168,
      3.854869842529297,
      10.983036994934082,
      13.13111400604248,
      12.34377384185791,
      20.715234756469727,
      15.560222625732422,
      21.70355987548828,
      16.362504959106445,
      28.191574096679688,
      19.51775360107422,
      18.330015182495117,
      12.22321891784668,
      21.866615295410156,
      13.423206329345703,
      22.91015625,
      16.684349060058594
    ],
    [
      8.432095527648926,
      16.428070068359375,
      8.577950477600098,
      15.462749481201172,
      10.261573791503906,
      15.079086303710938,
      16.37281608581543,
      17.547027587890625,
      18.269062042236328,
      20.054574966430664,
      19.51775360107422,
      24.851167678833008,
      19.449485778808594,
      17.843936920166016,
      14.486242294311523,
      12.240063667297363,
      12.189645767211914,
      11.932655334472656
    ],
    [
      9.817997932434082,
      15.59371280670166,
      6.857529163360596,
      12.551237106323242,
      9.36223030090332,
      10.73865795135498,
      14.585687637329102,
      13.688425064086914,
      15.374197959899902,
      14.872209548950195,
      18.330015182495117,
      19.449485778808594,
      26.533058166503906,
      21.7174015045166,
      22.45389175415039,
      19.62038230895996,
      19.06283950805664,
      17.717222213745117
    ],
    [
      10.077300071716309,
      14.619166374206543,
      8.762871742248535,
      11.329867362976074,
      7.18612003326416,
      9.302886009216309,
      9.276676177978516,
      11.144411087036133,
      10.681312561035156,
      12.56923770904541,
      12.22321891784668,
      17.843936920166016,
      21.7174015045166,
      26.400976181030273,
      16.358131408691406,
      20.22400665283203,
      12.419609069824219,
      17.373804092407227
    ],
    [
      4.645174503326416,
      6.6635966300964355,
      2.786465883255005,
      5.101642608642578,
      12.091972351074219,
      6.793006896972656,
      16.395769119262695,
      10.5477876663208,
      17.613529205322266,
      10.96701431274414,
      21.866615295410156,
      14.486242294311523,
      22.45389175415039,
      16.358131408691406,
      47.46269607543945,
      34.20036697387695,
      45.22683334350586,
      36.599246978759766
    ],
    [
      5.864753246307373,
      4.8216729164123535,
      4.363255500793457,
      2.4027438163757324,
      7.86506462097168,
      4.476737976074219,
      10.056333541870117,
      7.613947868347168,
      10.889721870422363,
      7.901393413543701,
      13.423206329345703,
      12.240063667297363,
      19.62038230895996,
      20.22400665283203,
      34.20036697387695,
      33.61522674560547,
      32.12255096435547,
      33.91848373413086
    ],
    [
      2.935356378555298,
      3.590874433517456,
      0.600002646446228,
      2.3920528888702393,
      13.319023132324219,
      5.970861911773682,
      18.580522537231445,
      9.961973190307617,
      18.25908660888672,
      9.64918041229248,
      22.91015625,
      12.189645767211914,
      19.06283950805664,
      12.419609069824219,
      45.22683334350586,
      32.12255096435547,
      51.72477340698242,
      39.96607208251953
    ],
    [
      6.681304931640625,
      2.216606616973877,
      7.755311965942383,
      -1.1335474252700806,
      12.269813537597656,
      4.880365371704102,
      14.381024360656738,
      9.84141731262207,
      14.183932304382324,
      8.573492050170898,
      16.684349060058594,
      11.932655334472656,
      17.717222213745117,
      17.373804092407227,
      36.599246978759766,
      33.91848373413086,
      39.96607208251953,
      61.403629302978516
    ]
  ],
  "covariance_short": [
    [
      54.6599006652832,
      31.17075538635254,
      14.715228080749512,
      16.07478904724121,
      6.361341953277588,
      10.492016792297363,
      9.028940200805664,
      10.941492080688477,
      10.577723503112793,
      12.133004188537598,
      12.007062911987305,
      15.349239349365234,
      19.462963104248047,
      22.147098541259766,
      14.36571216583252,
      16.62232780456543,
      13.535754203796387,
      17.674558639526367
    ],
    [
      31.17075538635254,
      62.498435974121094,
      11.994961738586426,
      26.707054138183594,
      9.650789260864258,
      15.420783996582031,
      11.619819641113281,
      14.980362892150879,
      13.177733421325684,
      15.498966217041016,
      13.875812530517578,
      19.539852142333984,
      19.63156509399414,
      21.92421531677246,
      12.309130668640137,
      13.326597213745117,
      9.849272727966309,
      12.058259963989258
    ],
    [
      14.715228080749512,
      11.994961738586426,
      19.101520538330078,
      8.935245513916016,
      5.117073059082031,
      7.82478666305542,
      3.473567485809326,
      6.648733139038086,
      4.608520030975342,
      7.491063594818115,
      3.475216865539551,
      8.146586418151855,
      5.918954372406006,
      8.950569152832031,
      2.40560245513916,
      4.659642219543457,
      2.016127824783325,
      7.409604549407959
    ],
    [
      16.07478904724121,
      26.707054138183594,
      8.935245513916016,
      28.575376510620117,
      8.89163589477539,
      15.576001167297363,
      10.513052940368652,
      13.073691368103027,
      12.240483283996582,
      14.35657787322998,
      12.181621551513672,
      16.09499168395996,
      12.958580017089844,
      13.545289039611816,
      6.835678577423096,
      5.941397190093994,
      5.9595627784729,
      4.528058052062988
    ],
    [
      6.361341953277588,
      9.650789260864258,
      5.117073059082031,
      8.89163589477539,
      23.837200164794922,
      10.76898193359375,
      13.791378021240234,
      9.763385772705078,
      13.691932678222656,
      10.278470039367676,
      16.586252212524414,
      11.629432678222656,
      11.433633804321289,
      9.689123153686523,
      16.30401611328125,
      12.095464706420898,
      19.328201293945312,
      16.57513999938965
    ],
    [
      10.492016792297363,
      15.420783996582031,
      7.82478666305542,
      15.576001167297363,
      10.76898193359375,
      22.585498809814453,
      12.561057090759277,
      14.723281860351562,
      14.324053764343262,
      16.616416931152344,
      13.404119491577148,
      16.871065139770508,
      11.951640129089355,
      11.568126678466797,
      8.962688446044922,
      7.048037528991699,
      9.44616985321045,
      8.807690620422363
    ],
    [
      9.028940200805664,
      11.619819641113281,
      3.473567485809326,
      10.513052940368652,
      13.791378021240234,
      12.561057090759277,
      28.956146240234375,
      18.776460647583008,
      21.67317771911621,
      17.990924835205078,
      23.735553741455078,
      18.267253875732422,
      17.707813262939453,
      12.462421417236328,
      20.80491828918457,
      14.821922302246094,
      25.19308853149414,
      20.35805892944336
    ],
    [
      10.941492080688477,
      14.980362892150879,
      6.648733139038086,
      13.073691368103027,
      9.763385772705078,
      14.723281860351562,
      18.776460647583008,
      23.6177978515625,
      17.9891300201416,
      19.504776000976562,
      16.85445213317871,
      19.317840576171875,
      14.467363357543945,
      13.065550804138184,
      10.954047203063965,
      9.24259090423584,
      12.281744003295898,
      12.32961368560791
    ],
    [
      10.577723503112793,
      13.177733421325684,
      4.608520030975342,
      12.240483283996582,
      13.691932678222656,
      14.324053764343262,
      21.67317771911621,
      17.9891300201416,
      31.874216079711914,
      23.63936424255371,
      26.07823371887207,
      21.391925811767578,
      20.72478675842285,
      15.440788269042969,
      23.007320404052734,
      16.727060317993164,
      24.535480499267578,
      20.202363967895508
    ],
    [
      12.133004188537598,
      15.498966217041016,
      7.491063594818115,
      14.35657787322998,
      10.278470039367676,
      16.616416931152344,
      17.990924835205078,
      19.504776000976562,
      23.63936424255371,
      29.117708206176758,
      18.91525650024414,
      22.37454605102539,
      17.205263137817383,
      15.53520393371582,
      13.045981407165527,
      10.865509033203125,
      13.356704711914062,
      12.901961326599121
    ],
    [
      12.007062911987305,
      13.875812530517578,
      3.475216865539551,
      12.181621551513672,
      16.586252212524414,
      13.404119491577148,
      23.735553741455078,
      16.85445213317871,
      26.07823371887207,
      18.91525650024414,
      37.40242385864258,
      24.382144927978516,
      27.24339485168457,
      19.647022247314453,
      31.305418014526367,
      22.75273323059082,
      33.602081298828125,
      26.219417572021484
    ],
    [
      15.349239349365234,
      19.539852142333984,
      8.146586418151855,
      16.09499168395996,
      11.629432678222656,
      16.871065139770508,
      18.267253875732422,
      19.317840576171875,
      21.391925811767578,
      22.37454605102539,
      24.382144927978516,
      30.40694808959961,
      25.498605728149414,
      25.240781784057617,
      20.14865493774414,
      19.49532699584961,
      19.42839813232422,
      19.738496780395508
    ],
    [
      19.462963104248047,
      19.63156509399414,
      5.918954372406006,
      12.958580017089844,
      11.433633804321289,
      11.951640129089355,
      17.707813262939453,
      14.467363357543945,
      20.72478675842285,
      17.205263137817383,
      27.24339485168457,
      25.498605728149414,
      44.84866714477539,
      37.515926361083984,
      38.62826156616211,
      36.78544235229492,
      35.71432876586914,
      32.683406829833984
    ],
    [
      22.147098541259766,
      21.92421531677246,
      8.950569152832031,
      13.545289039611816,
      9.689123153686523,
      11.568126678466797,
      12.462421417236328,
      13.065550804138184,
      15.440788269042969,
      15.53520393371582,
      19.647022247314453,
      25.240781784057617,
      37.515926361083984,
      45.423797607421875,
      30.939382553100586,
      38.852596282958984,
      26.694623947143555,
      32.75614929199219
    ],
    [
      14.36571216583252,
      12.309130668640137,
      2.40560245513916,
      6.835678577423096,
      16.30401611328125,
      8.962688446044922,
      20.80491828918457,
      10.954047203063965,
      23.007320404052734,
      13.045981407165527,
      31.305418014526367,
      20.14865493774414,
      38.62826156616211,
      30.939382553100586,
      76.50588989257812,
      60.94308090209961,
      71.814453125,
      61.619571685791016
    ],
    [
      16.62232780456543,
      13.326597213745117,
      4.659642219543457,
      5.941397190093994,
      12.095464706420898,
      7.048037528991699,
      14.821922302246094,
      9.24259090423584,
      16.727060317993164,
      10.865509033203125,
      22.75273323059082,
      19.49532699584961,
      36.78544235229492,
      38.852596282958984,
      60.94308090209961,
      62.70120620727539,
      57.61272430419922,
      58.666419982910156
    ],
    [
      13.535754203796387,
      9.849272727966309,
      2.016127824783325,
      5.9595627784729,
      19.328201293945312,
      9.44616985321045,
      25.19308853149414,
      12.281744003295898,
      24.535480499267578,
      13.356704711914062,
      33.602081298828125,
      19.42839813232422,
      35.71432876586914,
      26.694623947143555,
      71.814453125,
      57.61272430419922,
      80.18618774414062,
      66.16047668457031
    ],
    [
      17.674558639526367,
      12.058259963989258,
      7.409604549407959,
      4.528058052062988,
      16.57513999938965,
      8.807690620422363,
      20.35805892944336,
      12.32961368560791,
      20.202363967895508,
      12.901961326599121,
      26.219417572021484,
      19.738496780395508,
      32.683406829833984,
      32.75614929199219,
      61.619571685791016,
      58.666419982910156,
      66.16047668457031,
      80.77352905273438
    ]
  ],
  "damage": -4.550849437713623,
  "diff_bandwidth": 604.7357788085938,
  "dissonance": 8.303332045126375,
  "drr": -7.673027515411377,
  "dynamics": 2.22812819480896,
  "format": 1245190,
  "frames": 12447960,
  "loudness": -9.214924812316895,
  "loudness_range": 5.222259521484375,
  "loudness_range_short": 6.970082759857178,
  "lowpass_true_peak_15khz": 1.5713474750518799,
  "mastering3_acoustic_entropies": [
    {
      "acoustic_entropy": 6.264381408691406,
      "acoustic_entropy_mono": 6.944583892822266,
      "band_eliminated_acoustic_entropies": [
        {
          "acoustic_entropy": 6.240625381469727,
          "acoustic_entropy_side": 6.265134811401367,
          "hz": 129.47220167065723
        },
        {
          "acoustic_entropy": 6.1853790283203125,
          "acoustic_entropy_side": 6.248378276824951,
          "hz": 202.92927478742237
        },
        {
          "acoustic_entropy": 5.754566669464111,
          "acoustic_entropy_side": 6.338104248046875,
          "hz": 282.89161906338205
        },
        {
          "acoustic_entropy": 6.190643310546875,
          "acoustic_entropy_side": 6.333148956298828,
          "hz": 369.9353335868758
        },
        {
          "acoustic_entropy": 6.582982540130615,
          "acoustic_entropy_side": 6.261251926422119,
          "hz": 464.6875360973435
        },
        {
          "acoustic_entropy": 6.256036758422852,
          "acoustic_entropy_side": 6.271790027618408,
          "hz": 567.8308811364784
        },
        {
          "acoustic_entropy": 6.49174165725708,
          "acoustic_entropy_side": 6.318714618682861,
          "hz": 680.1084783214808
        },
        {
          "acoustic_entropy": 6.244690418243408,
          "acoustic_entropy_side": 6.27293062210083,
          "hz": 802.3292461747484
        },
        {
          "acoustic_entropy": 6.899381637573242,
          "acoustic_entropy_side": 6.304614543914795,
          "hz": 935.3737400823702
        },
        {
          "acoustic_entropy": 6.60984468460083,
          "acoustic_entropy_side": 6.368890762329102,
          "hz": 1080.2004963696966
        },
        {
          "acoustic_entropy": 6.322685718536377,
          "acoustic_entropy_side": 6.312265872955322,
          "hz": 1237.8529382007157
        },
        {
          "acoustic_entropy": 6.552689075469971,
          "acoustic_entropy_side": 6.26319694519043,
          "hz": 1409.4668930556702
        },
        {
          "acoustic_entropy": 6.510234355926514,
          "acoustic_entropy_side": 6.226085186004639,
          "hz": 1596.2787759475705
        },
        {
          "acoustic_entropy": 6.519837379455566,
          "acoustic_entropy_side": 6.178032875061035,
          "hz": 1799.6344973346393
        },
        {
          "acoustic_entropy": 6.546283721923828,
          "acoustic_entropy_side": 6.218427658081055,
          "hz": 2020.9991599069049
        },
        {
          "acoustic_entropy": 6.283111095428467,
          "acoustic_entropy_side": 6.377587795257568,
          "hz": 2261.9676141086993
        },
        {
          "acoustic_entropy": 6.366098403930664,
          "acoustic_entropy_side": 6.256892204284668,
          "hz": 2524.2759484456974
        },
        {
          "acoustic_entropy": 6.608040809631348,
          "acoustic_entropy_side": 6.290121555328369,
          "hz": 2809.813997359896
        },
        {
          "acoustic_entropy": 6.262206554412842,
          "acoustic_entropy_side": 6.297513961791992,
          "hz": 3120.6389567871424
        },
        {
          "acoustic_entropy": 6.472397804260254,
          "acoustic_entropy_side": 6.294139385223389,
          "hz": 3458.990205492291
        },
        {
          "acoustic_entropy": 6.434368133544922,
          "acoustic_entropy_side": 6.271502494812012,
          "hz": 3827.305438964164
        },
        {
          "acoustic_entropy": 6.526596546173096,
          "acoustic_entropy_side": 6.235800743103027,
          "hz": 4228.238232109126
        },
        {
          "acoustic_entropy": 6.380080223083496,
          "acoustic_entropy_side": 6.214574337005615,
          "hz": 4664.6771572759235
        },
        {
          "acoustic_entropy": 6.156142711639404,
          "acoustic_entropy_side": 6.212996006011963,
          "hz": 5139.766595350093
        },
        {
          "acoustic_entropy": 6.151463031768799,
          "acoustic_entropy_side": 6.2286529541015625,
          "hz": 5656.929389854203
        },
        {
          "acoustic_entropy": 6.271825313568115,
          "acoustic_entropy_side": 6.2438764572143555,
          "hz": 6219.891507268283
        },
        {
          "acoustic_entropy": 6.307479381561279,
          "acoustic_entropy_side": 6.256954669952393,
          "hz": 6832.70888123896
        },
        {
          "acoustic_entropy": 6.268860816955566,
          "acoustic_entropy_side": 6.253514289855957,
          "hz": 7499.796634079867
        },
        {
          "acoustic_entropy": 6.255655288696289,
          "acoustic_entropy_side": 6.252612113952637,
          "hz": 8225.96088609342
        },
        {
          "acoustic_entropy": 6.227821350097656,
          "acoustic_entropy_side": 6.25099515914917,
          "hz": 9016.43338188839
        },
        {
          "acoustic_entropy": 6.146110534667969,
          "acoustic_entropy_side": 6.254796028137207,
          "hz": 9876.909183162974
        },
        {
          "acoustic_entropy": 6.032742023468018,
          "acoustic_entropy_side": 6.265806198120117,
          "hz": 10813.587699516042
        },
        {
          "acoustic_entropy": 6.18015193939209,
          "acoustic_entropy_side": 6.263178825378418,
          "hz": 11833.21735289826
        },
        {
          "acoustic_entropy": 6.234158039093018,
          "acoustic_entropy_side": 6.266596794128418,
          "hz": 12943.144197493959
        },
        {
          "acoustic_entropy": 6.253665924072266,
          "acoustic_entropy_side": 6.264969348907471,
          "hz": 14151.364845322005
        },
        {
          "acoustic_entropy": 6.272080898284912,
          "acoustic_entropy_side": 6.263780117034912,
          "hz": 15466.58407886509
        },
        {
          "acoustic_entropy": 6.266146659851074,
          "acoustic_entropy_side": 6.264126777648926,
          "hz": 16898.27756580493
        },
        {
          "acoustic_entropy": 6.264060974121094,
          "acoustic_entropy_side": 6.264155387878418,
          "hz": 18456.760127700032
        },
        {
          "acoustic_entropy": 6.26411771774292,
          "acoustic_entropy_side": 6.26425313949585,
          "hz": 20153.260054456492
        },
        {
          "acoustic_entropy": 6.264359474182129,
          "acoustic_entropy_side": 6.264373302459717,
          "hz": 22000.00000000001
        }
      ],
      "diff_acoustic_entropy": 4.621410369873047,
      "sn": 6
    },
    {
      "acoustic_entropy": 9.877250671386719,
      "acoustic_entropy_mono": 9.49146842956543,
      "band_eliminated_acoustic_entropies": [
        {
          "acoustic_entropy": 9.749248504638672,
          "acoustic_entropy_side": 9.877425193786621,
          "hz": 129.47220167065723
        },
        {
          "acoustic_entropy": 9.43199348449707,
          "acoustic_entropy_side": 9.672381401062012,
          "hz": 202.92927478742237
        },
        {
          "acoustic_entropy": 9.334076881408691,
          "acoustic_entropy_side": 9.530220985412598,
          "hz": 282.89161906338205
        },
        {
          "acoustic_entropy": 9.603497505187988,
          "acoustic_entropy_side": 9.875740051269531,
          "hz": 369.9353335868758
        },
        {
          "acoustic_entropy": 9.466249465942383,
          "acoustic_entropy_side": 9.618708610534668,
          "hz": 464.6875360973435
        },
        {
          "acoustic_entropy": 9.657649993896484,
          "acoustic_entropy_side": 9.592204093933105,
          "hz": 567.8308811364784
        },
        {
          "acoustic_entropy": 9.845495223999023,
          "acoustic_entropy_side": 9.99691390991211,
          "hz": 680.1084783214808
        },
        {
          "acoustic_entropy": 10.189382553100586,
          "acoustic_entropy_side": 9.357674598693848,
          "hz": 802.3292461747484
        },
        {
          "acoustic_entropy": 10.189471244812012,
          "acoustic_entropy_side": 9.718246459960938,
          "hz": 935.3737400823702
        },
        {
          "acoustic_entropy": 10.78504467010498,
          "acoustic_entropy_side": 10.102341651916504,
          "hz": 1080.2004963696966
        },
        {
          "acoustic_entropy": 9.708379745483398,
          "acoustic_entropy_side": 9.747329711914062,
          "hz": 1237.8529382007157
        },
        {
          "acoustic_entropy": 9.435952186584473,
          "acoustic_entropy_side": 9.63656997680664,
          "hz": 1409.4668930556702
        },
        {
          "acoustic_entropy": 9.764825820922852,
          "acoustic_entropy_side": 9.861642837524414,
          "hz": 1596.2787759475705
        },
        {
          "acoustic_entropy": 9.598630905151367,
          "acoustic_entropy_side": 9.946171760559082,
          "hz": 1799.6344973346393
        },
        {
          "acoustic_entropy": 10.332682609558105,
          "acoustic_entropy_side": 10.203490257263184,
          "hz": 2020.9991599069049
        },
        {
          "acoustic_entropy": 9.558281898498535,
          "acoustic_entropy_side": 10.240771293640137,
          "hz": 2261.9676141086993
        },
        {
          "acoustic_entropy": 9.929429054260254,
          "acoustic_entropy_side": 9.84428596496582,
          "hz": 2524.2759484456974
        },
        {
          "acoustic_entropy": 9.952797889709473,
          "acoustic_entropy_side": 9.889413833618164,
          "hz": 2809.813997359896
        },
        {
          "acoustic_entropy": 9.783673286437988,
          "acoustic_entropy_side": 9.783344268798828,
          "hz": 3120.6389567871424
        },
        {
          "acoustic_entropy": 9.99872875213623,
          "acoustic_entropy_side": 9.810080528259277,
          "hz": 3458.990205492291
        },
        {
          "acoustic_entropy": 10.370646476745605,
          "acoustic_entropy_side": 9.851147651672363,
          "hz": 3827.305438964164
        },
        {
          "acoustic_entropy": 10.359553337097168,
          "acoustic_entropy_side": 9.831835746765137,
          "hz": 4228.238232109126
        },
        {
          "acoustic_entropy": 9.887521743774414,
          "acoustic_entropy_side": 9.89405345916748,
          "hz": 4664.6771572759235
        },
        {
          "acoustic_entropy": 9.764520645141602,
          "acoustic_entropy_side": 9.896907806396484,
          "hz": 5139.766595350093
        },
        {
          "acoustic_entropy": 9.798892974853516,
          "acoustic_entropy_side": 9.881356239318848,
          "hz": 5656.929389854203
        },
        {
          "acoustic_entropy": 9.841794967651367,
          "acoustic_entropy_side": 9.839917182922363,
          "hz": 6219.891507268283
        },
        {
          "acoustic_entropy": 9.771862030029297,
          "acoustic_entropy_side": 9.842850685119629,
          "hz": 6832.70888123896
        },
        {
          "acoustic_entropy": 9.814576148986816,
          "acoustic_entropy_side": 9.88012409210205,
          "hz": 7499.796634079867
        },
        {
          "acoustic_entropy": 9.865483283996582,
          "acoustic_entropy_side": 9.863140106201172,
          "hz": 8225.96088609342
        },
        {
          "acoustic_entropy": 9.895150184631348,
          "acoustic_entropy_side": 9.855320930480957,
          "hz": 9016.43338188839
        },
        {
          "acoustic_entropy": 9.78603458404541,
          "acoustic_entropy_side": 9.87745189666748,
          "hz": 9876.909183162974
        },
        {
          "acoustic_entropy": 9.746105194091797,
          "acoustic_entropy_side": 9.852911949157715,
          "hz": 10813.587699516042
        },
        {
          "acoustic_entropy": 9.844276428222656,
          "acoustic_entropy_side": 9.798277854919434,
          "hz": 11833.21735289826
        },
        {
          "acoustic_entropy": 9.843759536743164,
          "acoustic_entropy_side": 9.830029487609863,
          "hz": 12943.144197493959
        },
        {
          "acoustic_entropy": 9.857928276062012,
          "acoustic_entropy_side": 9.85098934173584,
          "hz": 14151.364845322005
        },
        {
          "acoustic_entropy": 9.877214431762695,
          "acoustic_entropy_side": 9.865368843078613,
          "hz": 15466.58407886509
        },
        {
          "acoustic_entropy": 9.86669921875,
          "acoustic_entropy_side": 9.871933937072754,
          "hz": 16898.27756580493
        },
        {
          "acoustic_entropy": 9.873307228088379,
          "acoustic_entropy_side": 9.871750831604004,
          "hz": 18456.760127700032
        },
        {
          "acoustic_entropy": 9.873580932617188,
          "acoustic_entropy_side": 9.87487506866455,
          "hz": 20153.260054456492
        },
        {
          "acoustic_entropy": 9.877044677734375,
          "acoustic_entropy_side": 9.87711238861084,
          "hz": 22000.00000000001
        }
      ],
      "diff_acoustic_entropy": 8.171771049499512,
      "sn": 12
    },
    {
      "acoustic_entropy": 15.864875793457031,
      "acoustic_entropy_mono": 12.750561714172363,
      "band_eliminated_acoustic_entropies": [
        {
          "acoustic_entropy": 15.027326583862305,
          "acoustic_entropy_side": 15.787930488586426,
          "hz": 129.47220167065723
        },
        {
          "acoustic_entropy": 16.608247756958008,
          "acoustic_entropy_side": 15.614439010620117,
          "hz": 202.92927478742237
        },
        {
          "acoustic_entropy": 14.847249984741211,
          "acoustic_entropy_side": 15.266927719116211,
          "hz": 282.89161906338205
        },
        {
          "acoustic_entropy": 15.79161262512207,
          "acoustic_entropy_side": 15.686243057250977,
          "hz": 369.9353335868758
        },
        {
          "acoustic_entropy": 15.962207794189453,
          "acoustic_entropy_side": 15.697691917419434,
          "hz": 464.6875360973435
        },
        {
          "acoustic_entropy": 15.731074333190918,
          "acoustic_entropy_side": 15.920552253723145,
          "hz": 567.8308811364784
        },
        {
          "acoustic_entropy": 16.031208038330078,
          "acoustic_entropy_side": 15.874826431274414,
          "hz": 680.1084783214808
        },
        {
          "acoustic_entropy": 15.874734878540039,
          "acoustic_entropy_side": 16.002323150634766,
          "hz": 802.3292461747484
        },
        {
          "acoustic_entropy": 15.82625675201416,
          "acoustic_entropy_side": 15.887614250183105,
          "hz": 935.3737400823702
        },
        {
          "acoustic_entropy": 16.196311950683594,
          "acoustic_entropy_side": 16.270036697387695,
          "hz": 1080.2004963696966
        },
        {
          "acoustic_entropy": 15.325555801391602,
          "acoustic_entropy_side": 15.63598918914795,
          "hz": 1237.8529382007157
        },
        {
          "acoustic_entropy": 15.4927978515625,
          "acoustic_entropy_side": 15.553050994873047,
          "hz": 1409.4668930556702
        },
        {
          "acoustic_entropy": 15.829133033752441,
          "acoustic_entropy_side": 16.177181243896484,
          "hz": 1596.2787759475705
        },
        {
          "acoustic_entropy": 15.86959457397461,
          "acoustic_entropy_side": 15.85013198852539,
          "hz": 1799.6344973346393
        },
        {
          "acoustic_entropy": 14.920672416687012,
          "acoustic_entropy_side": 15.42856502532959,
          "hz": 2020.9991599069049
        },
        {
          "acoustic_entropy": 15.795781135559082,
          "acoustic_entropy_side": 15.792786598205566,
          "hz": 2261.9676141086993
        },
        {
          "acoustic_entropy": 15.62490177154541,
          "acoustic_entropy_side": 15.807775497436523,
          "hz": 2524.2759484456974
        },
        {
          "acoustic_entropy": 15.277329444885254,
          "acoustic_entropy_side": 15.62066650390625,
          "hz": 2809.813997359896
        },
        {
          "acoustic_entropy": 15.77978801727295,
          "acoustic_entropy_side": 15.64490032196045,
          "hz": 3120.6389567871424
        },
        {
