{
  "acoustic_entropy": 181.92080688476562,
  "bands": [
    {
      "high_freq": 148.1999969482422,
      "loudness": -19.40146827697754,
      "loudness_range": 9.891986846923828,
      "mid_mean": -15.780500411987305,
      "mid_to_side_loudness": -21.83865737915039,
      "mid_to_side_loudness_range": 13.731555938720703,
      "side_mean": -38.19703674316406
    },
    {
      "high_freq": 392.3793640136719,
      "loudness": -17.443674087524414,
      "loudness_range": 6.366945266723633,
      "low_freq": 148.1999969482422,
      "mid_mean": -13.841601371765137,
      "mid_to_side_loudness": -17.27390480041504,
      "mid_to_side_loudness_range": 9.417525291442871,
      "side_mean": -31.216320037841797
    },
    {
      "high_freq": 794.6976318359375,
      "loudness": -21.030261993408203,
      "loudness_range": 7.679718017578125,
      "low_freq": 392.3793640136719,
      "mid_mean": -17.581851959228516,
      "mid_to_side_loudness": -13.590097427368164,
      "mid_to_side_loudness_range": 10.154458045959473,
      "side_mean": -31.283950805664062
    },
    {
      "high_freq": 1457.5709228515625,
      "loudness": -20.626501083374023,
      "loudness_range": 10.986884117126465,
      "low_freq": 794.6976318359375,
      "mid_mean": -17.282880783081055,
      "mid_to_side_loudness": -12.546417236328125,
      "mid_to_side_loudness_range": 10.296625137329102,
      "side_mean": -30.008485794067383
    },
    {
      "high_freq": 2549.74365234375,
      "loudness": -18.295541763305664,
      "loudness_range": 10.031739234924316,
      "low_freq": 1457.5709228515625,
      "mid_mean": -14.93734073638916,
      "mid_to_side_loudness": -11.707008361816406,
      "mid_to_side_loudness_range": 7.831264495849609,
      "side_mean": -26.805532455444336
    },
    {
      "high_freq": 4349.24462890625,
      "loudness": -19.640962600708008,
      "loudness_range": 7.259697914123535,
      "low_freq": 2549.74365234375,
      "mid_mean": -16.278722763061523,
      "mid_to_side_loudness": -11.787882804870605,
      "mid_to_side_loudness_range": 8.200056076049805,
      "side_mean": -28.252004623413086
    },
    {
      "high_freq": 7314.1640625,
      "loudness": -24.767013549804688,
      "loudness_range": 9.205862045288086,
      "low_freq": 4349.24462890625,
      "mid_mean": -21.433597564697266,
      "mid_to_side_loudness": -11.396337509155273,
      "mid_to_side_loudness_range": 9.998662948608398,
      "side_mean": -33.01604461669922
    },
    {
      "high_freq": 12199.2666015625,
      "loudness": -28.266511917114258,
      "loudness_range": 13.332159042358398,
      "low_freq": 7314.1640625,
      "mid_mean": -25.11257553100586,
      "mid_to_side_loudness": -10.031618118286133,
      "mid_to_side_loudness_range": 9.493075370788574,
      "side_mean": -35.24885177612305
    },
    {
      "loudness": -34.31809616088867,
      "loudness_range": 16.87138557434082,
      "low_freq": 12199.2666015625,
      "mid_mean": -31.270423889160156,
      "mid_to_side_loudness": -8.685450553894043,
      "mid_to_side_loudness_range": 9.488929748535156,
      "side_mean": -40.089454650878906
    }
  ],
  "bands_short": [
    {
      "high_freq": 148.1999969482422,
      "loudness": -24.645217895507812,
      "loudness_range": 17.870471954345703,
      "mid_mean": -21.172073364257812,
      "mid_to_side_loudness": -19.431318283081055,
      "mid_to_side_loudness_range": 21.02682113647461,
      "side_mean": -41.39574432373047
    },
    {
      "high_freq": 392.3793640136719,
      "loudness": -17.69672393798828,
      "loudness_range": 12.860174179077148,
      "low_freq": 148.1999969482422,
      "mid_mean": -14.150337219238281,
      "mid_to_side_loudness": -18.358945846557617,
      "mid_to_side_loudness_range": 15.223329544067383,
      "side_mean": -32.552528381347656
    },
    {
      "high_freq": 794.6976318359375,
      "loudness": -20.651968002319336,
      "loudness_range": 10.00715446472168,
      "low_freq": 392.3793640136719,
      "mid_mean": -17.250957489013672,
      "mid_to_side_loudness": -13.855463027954102,
      "mid_to_side_loudness_range": 12.475348472595215,
      "side_mean": -31.199003219604492
    },
    {
      "high_freq": 1457.5709228515625,
      "loudness": -21.52416229248047,
      "loudness_range": 15.156366348266602,
      "low_freq": 794.6976318359375,
      "mid_mean": -18.32432746887207,
      "mid_to_side_loudness": -12.073594093322754,
      "mid_to_side_loudness_range": 13.464838027954102,
      "side_mean": -30.679697036743164
    },
    {
      "high_freq": 2549.74365234375,
      "loudness": -19.43592643737793,
      "loudness_range": 15.582504272460938,
      "low_freq": 1457.5709228515625,
      "mid_mean": -16.16206932067871,
      "mid_to_side_loudness": -11.4229097366333,
      "mid_to_side_loudness_range": 10.269569396972656,
      "side_mean": -27.841842651367188
    },
    {
      "high_freq": 4349.24462890625,
      "loudness": -20.296302795410156,
      "loudness_range": 11.527871131896973,
      "low_freq": 2549.74365234375,
      "mid_mean": -16.982633590698242,
      "mid_to_side_loudness": -11.386092185974121,
      "mid_to_side_loudness_range": 10.04461669921875,
      "side_mean": -28.582012176513672
    },
    {
      "high_freq": 7314.1640625,
      "loudness": -25.565597534179688,
      "loudness_range": 12.963724136352539,
      "low_freq": 4349.24462890625,
      "mid_mean": -22.319175720214844,
      "mid_to_side_loudness": -11.073857307434082,
      "mid_to_side_loudness_range": 11.762178421020508,
      "side_mean": -33.65508270263672
    },
    {
      "high_freq": 12199.2666015625,
      "loudness": -29.699312210083008,
      "loudness_range": 14.90852165222168,
      "low_freq": 7314.1640625,
      "mid_mean": -26.699525833129883,
      "mid_to_side_loudness": -9.681821823120117,
      "mid_to_side_loudness_range": 11.463857650756836,
      "side_mean": -36.817115783691406
    },
    {
      "loudness": -37.702880859375,
      "loudness_range": 23.711925506591797,
      "low_freq": 12199.2666015625,
      "mid_mean": -34.89447784423828,
      "mid_to_side_loudness": -8.134991645812988,
      "mid_to_side_loudness_range": 10.804386138916016,
      "side_mean": -43.52873229980469
    }
  ],
  "bandwidth": 749.4129028320312,
  "channels": 2,
  "covariance": [
    [
      17.325077056884766,
      9.392797470092773,
      3.2510271072387695,
      5.269186496734619,
      2.146738290786743,
      4.209666728973389,
      3.497799873352051,
      5.372976779937744,
      3.940511703491211,
      5.902799606323242,
      2.848344326019287,
      3.22646164894104,
      -0.9050456881523132,
      -1.0801409482955933,
      -1.7122139930725098,
      -2.443965196609497,
      -1.9042450189590454,
      -3.0418429374694824
    ],
    [
      9.392797470092773,
      27.603919982910156,
      4.369760990142822,
      12.660444259643555,
      2.9637601375579834,
      11.564899444580078,
      3.3622970581054688,
      11.46382999420166,
      6.440682411193848,
      13.407588958740234,
      3.863433599472046,
      8.816061973571777,
      -0.024324161931872368,
      2.6727120876312256,
      -1.640118956565857,
      0.6370920538902283,
      -3.1045422554016113,
      -1.4393627643585205
    ],
    [
      3.2510271072387695,
      4.369760990142822,
      9.750469207763672,
      8.650146484375,
      5.821750164031982,
      7.344605922698975,
      5.847264766693115,
      6.671771049499512,
      4.996377468109131,
      6.315455436706543,
      4.607906818389893,
      4.886569499969482,
      4.417910099029541,
      4.518062114715576,
      3.6451220512390137,
      3.808462619781494,
      2.607394218444824,
      3.110029697418213
    ],
    [
      5.269186496734619,
      12.660444259643555,
      8.650146484375,
      19.557432174682617,
      7.001880645751953,
      13.582023620605469,
      7.172458171844482,
      13.469257354736328,
      7.806135177612305,
      13.634605407714844,
      6.290737152099609,
      9.447571754455566,
      4.76362419128418,
      6.570014476776123,
      2.431912899017334,
      3.8183298110961914,
      1.3198384046554565,
      1.9890962839126587
    ],
    [
      2.146738290786743,
      2.9637601375579834,
      5.821750164031982,
      7.001880645751953,
      10.549493789672852,
      8.257570266723633,
      8.260987281799316,
      6.358456611633301,
      6.2176384925842285,
      5.2357258796691895,
      6.4968366622924805,
      4.056434154510498,
      6.305298328399658,
      3.3935797214508057,
      6.168948173522949,
      3.456017255783081,
      6.226977825164795,
      3.9469151496887207
    ],
    [
      4.209666728973389,
      11.564899444580078,
      7.344605922698975,
      13.582023620605469,
      8.257570266723633,
      18.745820999145508,
      10.046000480651855,
      17.016756057739258,
      11.083941459655762,
      17.11052703857422,
      8.086705207824707,
      11.48731517791748,
      4.307990074157715,
      5.435572147369385,
      3.3465659618377686,
      4.34726619720459,
      3.233398914337158,
      3.92293119430542
    ],
    [
      3.497799873352051,
      3.3622970581054688,
      5.847264766693115,
      7.172458171844482,
      8.260987281799316,
      10.046000480651855,
      21.35658073425293,
      14.713275909423828,
      14.180340766906738,
      10.91862678527832,
      7.816111087799072,
      5.5299296379089355,
      6.364243984222412,
      2.236966609954834,
      5.319872856140137,
      2.436401128768921,
      7.338596820831299,
      4.809270858764648
    ],
    [
      5.372976779937744,
      11.46382999420166,
      6.671771049499512,
      13.469257354736328,
      6.358456611633301,
      17.016756057739258,
      14.713275909423828,
      25.09956932067871,
      14.209197044372559,
      21.70534896850586,
      8.912253379821777,
      14.007801055908203,
      3.383775234222412,
      5.6612653732299805,
      1.0788328647613525,
      2.958343267440796,
      2.0224647521972656,
      3.278965473175049
    ],
    [
      3.940511703491211,
      6.440682411193848,
      4.996377468109131,
      7.806135177612305,
      6.2176384925842285,
      11.083941459655762,
      14.180340766906738,
      14.209197044372559,
      17.118745803833008,
      16.121232986450195,
      8.337393760681152,
      8.040728569030762,
      4.077208042144775,
      1.791095495223999,
      2.5941426753997803,
      1.5806306600570679,
      4.765279293060303,
      3.4289798736572266
    ],
    [
      5.902799606323242,
      13.407588958740234,
      6.315455436706543,
      13.634605407714844,
      5.2357258796691895,
      17.11052703857422,
      10.91862678527832,
      21.70534896850586,
      16.121232986450195,
      26.49958610534668,
      9.02587604522705,
      15.161996841430664,
      1.2809978723526,
      4.383780002593994,
      -1.2845810651779175,
      1.8738380670547485,
      0.6286753416061401,
      2.5083489418029785
    ],
    [
      2.848344326019287,
      3.863433599472046,
      4.607906818389893,
      6.290737152099609,
      6.4968366622924805,
      8.086705207824707,
      7.816111087799072,
      8.912253379821777,
      8.337393760681152,
      9.02587604522705,
      10.332798957824707,
      7.278378486633301,
      5.283015251159668,
      2.5230937004089355,
      3.6888515949249268,
      1.5230180025100708,
      3.355525255203247,
      1.5964940786361694
    ],
    [
      3.22646164894104,
      8.816061973571777,
      4.886569499969482,
      9.447571754455566,
      4.056434154510498,
      11.48731517791748,
      5.5299296379089355,
      14.007801055908203,
      8.040728569030762,
      15.161996841430664,
      7.278378486633301,
      13.298250198364258,
      2.7174336910247803,
      7.277588844299316,
      0.5695046186447144,
      4.059920310974121,
      -0.48941752314567566,
      2.275867462158203
    ],
    [
      -0.9050456881523132,
      -0.024324161931872368,
      4.417910099029541,
      4.76362419128418,
      6.305298328399658,
      4.307990074157715,
      6.364243984222412,
      3.383775234222412,
      4.077208042144775,
      1.2809978723526,
      5.283015251159668,
      2.7174336910247803,
      12.714489936828613,
      9.038095474243164,
      9.86607551574707,
      7.051023960113525,
      6.80891227722168,
      5.602006435394287
    ],
    [
      -1.0801409482955933,
      2.6727120876312256,
      4.518062114715576,
      6.570014476776123,
      3.3935797214508057,
      5.435572147369385,
      2.236966609954834,
      5.6612653732299805,
      1.791095495223999,
      4.383780002593994,
      2.5230937004089355,
      7.277588844299316,
      9.038095474243164,
      15.974005699157715,
      6.662036418914795,
      11.685725212097168,
      2.94693922996521,
      7.594584941864014
    ],
    [
      -1.7122139930725098,
      -1.640118956565857,
      3.6451220512390137,
      2.431912899017334,
      6.168948173522949,
      3.3465659618377686,
      5.319872856140137,
      1.0788328647613525,
      2.5941426753997803,
      -1.2845810651779175,
      3.6888515949249268,
      0.5695046186447144,
      9.86607551574707,
      6.662036418914795,
      21.548831939697266,
      13.876301765441895,
      20.096513748168945,
      15.422675132751465
    ],
    [
      -2.443965196609497,
      0.6370920538902283,
      3.808462619781494,
      3.8183298110961914,
      3.456017255783081,
      4.34726619720459,
      2.436401128768921,
      2.958343267440796,
      1.5806306600570679,
      1.8738380670547485,
      1.5230180025100708,
      4.059920310974121,
      7.051023960113525,
      11.685725212097168,
      13.876301765441895,
      16.80971908569336,
      14.112534523010254,
      16.540000915527344
    ],
    [
      -1.9042450189590454,
      -3.1045422554016113,
      2.607394218444824,
      1.3198384046554565,
      6.226977825164795,
      3.233398914337158,
      7.338596820831299,
      2.0224647521972656,
      4.765279293060303,
      0.6286753416061401,
      3.355525255203247,
      -0.48941752314567566,
      6.80891227722168,
      2.94693922996521,
      20.096513748168945,
      14.112534523010254,
      37.25521469116211,
      28.248924255371094
    ],
    [
      -3.0418429374694824,
      -1.4393627643585205,
      3.110029697418213,
      1.9890962839126587,
      3.9469151496887207,
      3.92293119430542,
      4.809270858764648,
      3.278965473175049,
      3.4289798736572266,
      2.5083489418029785,
      1.5964940786361694,
      2.275867462158203,
      5.602006435394287,
      7.594584941864014,
      15.422675132751465,
      16.540000915527344,
      28.248924255371094,
      27.695627212524414
    ]
  ],
  "covariance_short": [
    [
      41.44172286987305,
      19.69386863708496,
      13.01023006439209,
      9.524279594421387,
      4.572073459625244,
      7.40423583984375,
      8.944440841674805,
      10.723681449890137,
      9.65199089050293,
      11.278260231018066,
      7.888040542602539,
      6.97089147567749,
      1.4847296476364136,
      0.16578014194965363,
      0.10697134584188461,
      -0.9141664505004883,
      6.45194149017334,
      4.4160966873168945
    ],
    [
      19.69386863708496,
      58.60472106933594,
      10.867206573486328,
      21.467477798461914,
      7.104028224945068,
      19.266315460205078,
      12.056608200073242,
      19.368467330932617,
      15.193029403686523,
      21.255224227905273,
      10.716740608215332,
      14.395533561706543,
      4.360177040100098,
      5.874485015869141,
      2.372403383255005,
      3.9792304039001465,
      8.38605785369873,
      9.025212287902832
    ],
    [
      13.01023006439209,
      10.867206573486328,
      25.703046798706055,
      14.408232688903809,
      10.074752807617188,
      11.364115715026855,
      11.924957275390625,
      12.502692222595215,
      12.01196002960205,
      13.80148983001709,
      9.924104690551758,
      9.478588104248047,
      5.7845659255981445,
      5.005210876464844,
      5.015555381774902,
      4.786754608154297,
      8.305523872375488,
      8.949642181396484
    ],
    [
      9.524279594421387,
      21.467477798461914,
      14.408232688903809,
      32.41025924682617,
      11.16170883178711,
      20.024738311767578,
      13.329935073852539,
      19.440393447875977,
      15.428144454956055,
      20.988433837890625,
      12.162576675415039,
      14.045183181762695,
      7.779548645019531,
      8.557805061340332,
      6.2088212966918945,
      7.461127758026123,
      7.88535213470459,
      9.389854431152344
    ],
    [
      4.572073459625244,
      7.104028224945068,
      10.074752807617188,
      11.16170883178711,
      20.0137939453125,
      13.202842712402344,
      15.057372093200684,
      12.099140167236328,
      13.2118558883667,
      11.205488204956055,
      12.13984203338623,
      7.344710350036621,
      10.201216697692871,
      4.988712310791016,
      10.2283353805542,
      6.653685092926025,
      13.145659446716309,
      10.707088470458984
    ],
    [
      7.40423583984375,
      19.266315460205078,
      11.364115715026855,
      20.024738311767578,
      13.202842712402344,
      28.717666625976562,
      17.057424545288086,
      24.79279899597168,
      18.93145751953125,
      24.605876922607422,
      14.059732437133789,
      16.200990676879883,
      7.552774429321289,
      7.954252243041992,
      6.340819835662842,
      7.242583751678467,
      9.360010147094727,
      10.762441635131836
    ],
    [
      8.944440841674805,
      12.056608200073242,
      11.924957275390625,
      13.329935073852539,
      15.057372093200684,
      17.057424545288086,
      39.34346008300781,
      24.954814910888672,
      28.242847442626953,
      22.16560935974121,
      17.514102935791016,
      12.39620590209961,
      11.476279258728027,
      4.831841468811035,
      8.822818756103516,
      5.255584239959717,
      14.354151725769043,
      11.410028457641602
    ],
    [
      10.723681449890137,
      19.368467330932617,
      12.502692222595215,
      19.440393447875977,
      12.099140167236328,
      24.79279899597168,
      24.954814910888672,
      38.32661819458008,
      24.90587043762207,
      31.528827667236328,
      17.490415573120117,
      20.652339935302734,
      6.964735507965088,
      7.8329997062683105,
      4.127170085906982,
      4.890225887298584,
      8.135080337524414,
      9.05207633972168
    ],
    [
      9.65199089050293,
      15.193029403686523,
      12.01196002960205,
      15.428144454956055,
      13.2118558883667,
      18.93145751953125,
      28.242847442626953,
      24.90587043762207,
      36.44281005859375,
      29.140735626220703,
      20.15824317932129,
      15.839174270629883,
      10.508993148803711,
      4.676501750946045,
      6.298330307006836,
      3.2315800189971924,
      11.344331741333008,
      9.30195140838623
    ],
    [
      11.278260231018066,
      21.255224227905273,
      13.80148983001709,
      20.988433837890625,
      11.205488204956055,
      24.605876922607422,
      22.16560935974121,
      31.528827667236328,
      29.140735626220703,
      40.343292236328125,
      19.875965118408203,
      23.342742919921875,
      6.284461498260498,
      7.488775730133057,
      2.4491701126098633,
      3.5808920860290527,
      7.116415023803711,
      8.280025482177734
    ],
    [
      7.888040542602539,
      10.716740608215332,
      9.924104690551758,
      12.162576675415039,
      12.13984203338623,
      14.059732437133789,
      17.514102935791016,
      17.490415573120117,
      20.15824317932129,
      19.875965118408203,
      23.562326431274414,
      15.896239280700684,
      12.96338939666748,
      6.931917667388916,
      8.711251258850098,
      4.872743129730225,
      10.79699420928955,
      8.655600547790527
    ],
    [
      6.97089147567749,
      14.395533561706543,
      9.478588104248047,
      14.045183181762695,
      7.344710350036621,
      16.200990676879883,
      12.39620590209961,
      20.652339935302734,
      15.839174270629883,
      23.342742919921875,
      15.896239280700684,
      21.981618881225586,
      7.779124736785889,
      11.997174263000488,
      3.8918089866638184,
      7.282515048980713,
      4.453892230987549,
      8.032320022583008
    ],
    [
      1.4847296476364136,
      4.360177040100098,
      5.7845659255981445,
      7.779548645019531,
      10.201216697692871,
      7.552774429321289,
      11.476279258728027,
      6.964735507965088,
      10.508993148803711,
      6.284461498260498,
      12.96338939666748,
      7.779124736785889,
      24.781946182250977,
      16.167715072631836,
      21.26371955871582,
      17.547977447509766,
      19.879413604736328,
      19.365671157836914
    ],
    [
      0.16578014194965363,
      5.874485015869141,
      5.005210876464844,
      8.557805061340332,
      4.988712310791016,
      7.954252243041992,
      4.831841468811035,
      7.8329997062683105,
      4.676501750946045,
      7.488775730133057,
      6.931917667388916,
      11.997174263000488,
      16.167715072631836,
      24.546730041503906,
      14.247217178344727,
      22.61560821533203,
      12.02924633026123,
      20.95467185974121
    ],
    [
      0.10697134584188461,
      2.372403383255005,
      5.015555381774902,
      6.2088212966918945,
      10.2283353805542,
      6.340819835662842,
      8.822818756103516,
      4.127170085906982,
      6.298330307006836,
      2.4491701126098633,
      8.711251258850098,
      3.8918089866638184,
      21.26371955871582,
      14.247217178344727,
      40.94096755981445,
      30.502731323242188,
      41.10009765625,
      36.564876556396484
    ],
    [
      -0.9141664505004883,
      3.9792304039001465,
      4.786754608154297,
      7.461127758026123,
      6.653685092926025,
      7.242583751678467,
      5.255584239959717,
      4.890225887298584,
      3.2315800189971924,
      3.5808920860290527,
      4.872743129730225,
      7.282515048980713,
      17.547977447509766,
      22.61560821533203,
      30.502731323242188,
      38.89979553222656,
      33.00582504272461,
      41.16429901123047
    ],
    [
      6.45194149017334,
      8.38605785369873,
      8.305523872375488,
      7.88535213470459,
      13.145659446716309,
      9.360010147094727,
      14.354151725769043,
      8.135080337524414,
      11.344331741333008,
      7.116415023803711,
      10.79699420928955,
      4.453892230987549,
      19.879413604736328,
      12.02924633026123,
      41.10009765625,
      33.00582504272461,
      75.1833267211914,
      61.315093994140625
    ],
    [
      4.4160966873168945,
      9.025212287902832,
      8.949642181396484,
      9.389854431152344,
      10.707088470458984,
      10.762441635131836,
      11.410028457641602,
      9.05207633972168,
      9.30195140838623,
      8.280025482177734,
      8.655600547790527,
      8.032320022583008,
      19.365671157836914,
      20.95467185974121,
      36.564876556396484,
      41.16429901123047,
      61.315093994140625,
      67.03628540039062
    ]
  ],
  "damage": -3.4636805057525635,
  "diff_bandwidth": 767.5462646484375,
  "dissonance": 9.839948079875004,
  "drr": 4.4294538497924805,
  "dynamics": 2.0012357234954834,
  "format": 1245190,
  "frames": 9361408,
  "loudness": -7.224630355834961,
  "loudness_range": 3.890192985534668,
  "loudness_range_short": 7.116469383239746,
  "lowpass_true_peak_15khz": 1.963090419769287,
  "mastering3_acoustic_entropies": [
    {
      "acoustic_entropy": 6.738222599029541,
      "acoustic_entropy_mono": 6.776825904846191,
      "band_eliminated_acoustic_entropies": [
        {
          "acoustic_entropy": 6.833727836608887,
          "acoustic_entropy_side": 6.738231182098389,
          "hz": 129.47220167065723
        },
        {
          "acoustic_entropy": 6.763918876647949,
          "acoustic_entropy_side": 6.73907470703125,
          "hz": 202.92927478742237
        },
        {
          "acoustic_entropy": 7.05264949798584,
          "acoustic_entropy_side": 6.739138603210449,
          "hz": 282.89161906338205
        },
        {
          "acoustic_entropy": 7.010650157928467,
          "acoustic_entropy_side": 6.736086845397949,
          "hz": 369.9353335868758
        },
        {
          "acoustic_entropy": 6.357887268066406,
          "acoustic_entropy_side": 6.739378929138184,
          "hz": 464.6875360973435
        },
        {
          "acoustic_entropy": 6.971621513366699,
          "acoustic_entropy_side": 6.736876010894775,
          "hz": 567.8308811364784
        },
        {
          "acoustic_entropy": 6.7710347175598145,
          "acoustic_entropy_side": 6.728557109832764,
          "hz": 680.1084783214808
        },
        {
          "acoustic_entropy": 6.766229152679443,
          "acoustic_entropy_side": 6.735151290893555,
          "hz": 802.3292461747484
        },
        {
          "acoustic_entropy": 7.003114700317383,
          "acoustic_entropy_side": 6.752152919769287,
          "hz": 935.3737400823702
        },
        {
          "acoustic_entropy": 6.696438312530518,
          "acoustic_entropy_side": 6.753213405609131,
          "hz": 1080.2004963696966
        },
        {
          "acoustic_entropy": 6.7735090255737305,
          "acoustic_entropy_side": 6.710594654083252,
          "hz": 1237.8529382007157
        },
        {
          "acoustic_entropy": 6.826657295227051,
          "acoustic_entropy_side": 6.746820449829102,
          "hz": 1409.4668930556702
        },
        {
          "acoustic_entropy": 6.7568182945251465,
          "acoustic_entropy_side": 6.817685127258301,
          "hz": 1596.2787759475705
        },
        {
          "acoustic_entropy": 6.692104816436768,
          "acoustic_entropy_side": 6.758294582366943,
          "hz": 1799.6344973346393
        },
        {
          "acoustic_entropy": 6.548821449279785,
          "acoustic_entropy_side": 6.759296894073486,
          "hz": 2020.9991599069049
        },
        {
          "acoustic_entropy": 6.266322135925293,
          "acoustic_entropy_side": 6.756580352783203,
          "hz": 2261.9676141086993
        },
        {
          "acoustic_entropy": 6.225131034851074,
          "acoustic_entropy_side": 6.772119998931885,
          "hz": 2524.2759484456974
        },
        {
          "acoustic_entropy": 6.224416255950928,
          "acoustic_entropy_side": 6.72131872177124,
          "hz": 2809.813997359896
        },
        {
          "acoustic_entropy": 6.5155558586120605,
          "acoustic_entropy_side": 6.724708080291748,
          "hz": 3120.6389567871424
        },
        {
          "acoustic_entropy": 6.5850090980529785,
          "acoustic_entropy_side": 6.737681865692139,
          "hz": 3458.990205492291
        },
        {
          "acoustic_entropy": 6.6589250564575195,
          "acoustic_entropy_side": 6.743488788604736,
          "hz": 3827.305438964164
        },
        {
          "acoustic_entropy": 6.236469268798828,
          "acoustic_entropy_side": 6.746285438537598,
          "hz": 4228.238232109126
        },
        {
          "acoustic_entropy": 6.411220073699951,
          "acoustic_entropy_side": 6.732332706451416,
          "hz": 4664.6771572759235
        },
        {
          "acoustic_entropy": 6.164254188537598,
          "acoustic_entropy_side": 6.723376750946045,
          "hz": 5139.766595350093
        },
        {
          "acoustic_entropy": 6.740049839019775,
          "acoustic_entropy_side": 6.716858863830566,
          "hz": 5656.929389854203
        },
        {
          "acoustic_entropy": 6.708677768707275,
          "acoustic_entropy_side": 6.7179365158081055,
          "hz": 6219.891507268283
        },
        {
          "acoustic_entropy": 6.784548282623291,
          "acoustic_entropy_side": 6.727695465087891,
          "hz": 6832.70888123896
        },
        {
          "acoustic_entropy": 6.794309139251709,
          "acoustic_entropy_side": 6.729386806488037,
          "hz": 7499.796634079867
        },
        {
          "acoustic_entropy": 6.826380252838135,
          "acoustic_entropy_side": 6.732078552246094,
          "hz": 8225.96088609342
        },
        {
          "acoustic_entropy": 6.774705410003662,
          "acoustic_entropy_side": 6.736231803894043,
          "hz": 9016.43338188839
        },
        {
          "acoustic_entropy": 6.732640743255615,
          "acoustic_entropy_side": 6.738003253936768,
          "hz": 9876.909183162974
        },
        {
          "acoustic_entropy": 6.6552557945251465,
          "acoustic_entropy_side": 6.738731384277344,
          "hz": 10813.587699516042
        },
        {
          "acoustic_entropy": 6.502045154571533,
          "acoustic_entropy_side": 6.734666347503662,
          "hz": 11833.21735289826
        },
        {
          "acoustic_entropy": 6.625586032867432,
          "acoustic_entropy_side": 6.731328010559082,
          "hz": 12943.144197493959
        },
        {
          "acoustic_entropy": 6.675497531890869,
          "acoustic_entropy_side": 6.730851650238037,
          "hz": 14151.364845322005
        },
        {
          "acoustic_entropy": 6.667652606964111,
          "acoustic_entropy_side": 6.73309326171875,
          "hz": 15466.58407886509
        },
        {
          "acoustic_entropy": 6.696708679199219,
          "acoustic_entropy_side": 6.735067367553711,
          "hz": 16898.27756580493
        },
        {
          "acoustic_entropy": 6.707665920257568,
          "acoustic_entropy_side": 6.735974311828613,
          "hz": 18456.760127700032
        },
        {
          "acoustic_entropy": 6.737494468688965,
          "acoustic_entropy_side": 6.737619876861572,
          "hz": 20153.260054456492
        },
        {
          "acoustic_entropy": 6.7386884689331055,
          "acoustic_entropy_side": 6.738198280334473,
          "hz": 22000.00000000001
        }
      ],
      "diff_acoustic_entropy": 6.989238262176514,
      "sn": 6
    },
    {
      "acoustic_entropy": 9.812481880187988,
      "acoustic_entropy_mono": 9.347552299499512,
      "band_eliminated_acoustic_entropies": [
        {
          "acoustic_entropy": 9.679917335510254,
          "acoustic_entropy_side": 9.81242561340332,
          "hz": 129.47220167065723
        },
        {
          "acoustic_entropy": 9.437820434570312,
          "acoustic_entropy_side": 9.802452087402344,
          "hz": 202.92927478742237
        },
        {
          "acoustic_entropy": 10.049600601196289,
          "acoustic_entropy_side": 9.80605697631836,
          "hz": 282.89161906338205
        },
        {
          "acoustic_entropy": 9.887533187866211,
          "acoustic_entropy_side": 9.820333480834961,
          "hz": 369.9353335868758
        },
        {
          "acoustic_entropy": 9.660383224487305,
          "acoustic_entropy_side": 9.761314392089844,
          "hz": 464.6875360973435
        },
        {
          "acoustic_entropy": 10.302071571350098,
          "acoustic_entropy_side": 9.813884735107422,
          "hz": 567.8308811364784
        },
        {
          "acoustic_entropy": 10.47181510925293,
          "acoustic_entropy_side": 9.841132164001465,
          "hz": 680.1084783214808
        },
        {
          "acoustic_entropy": 10.112677574157715,
          "acoustic_entropy_side": 9.8358793258667,
          "hz": 802.3292461747484
        },
        {
          "acoustic_entropy": 10.494345664978027,
          "acoustic_entropy_side": 9.815713882446289,
          "hz": 935.3737400823702
        },
        {
          "acoustic_entropy": 10.964271545410156,
          "acoustic_entropy_side": 9.877928733825684,
          "hz": 1080.2004963696966
        },
        {
          "acoustic_entropy": 10.550642967224121,
          "acoustic_entropy_side": 9.672780990600586,
          "hz": 1237.8529382007157
        },
        {
          "acoustic_entropy": 10.533055305480957,
          "acoustic_entropy_side": 9.753796577453613,
          "hz": 1409.4668930556702
        },
        {
          "acoustic_entropy": 11.058515548706055,
          "acoustic_entropy_side": 10.000709533691406,
          "hz": 1596.2787759475705
        },
        {
          "acoustic_entropy": 9.913843154907227,
          "acoustic_entropy_side": 9.678563117980957,
          "hz": 1799.6344973346393
        },
        {
          "acoustic_entropy": 10.014360427856445,
          "acoustic_entropy_side": 9.665594100952148,
          "hz": 2020.9991599069049
        },
        {
          "acoustic_entropy": 10.030891418457031,
          "acoustic_entropy_side": 9.774221420288086,
          "hz": 2261.9676141086993
        },
        {
          "acoustic_entropy": 9.757488250732422,
          "acoustic_entropy_side": 9.831530570983887,
          "hz": 2524.2759484456974
        },
        {
          "acoustic_entropy": 9.64493465423584,
          "acoustic_entropy_side": 9.860299110412598,
          "hz": 2809.813997359896
        },
        {
          "acoustic_entropy": 9.84836196899414,
          "acoustic_entropy_side": 9.770674705505371,
          "hz": 3120.6389567871424
        },
        {
          "acoustic_entropy": 9.888252258300781,
          "acoustic_entropy_side": 9.7678804397583,
          "hz": 3458.990205492291
        },
        {
          "acoustic_entropy": 9.939641952514648,
          "acoustic_entropy_side": 9.78576946258545,
          "hz": 3827.305438964164
        },
        {
          "acoustic_entropy": 9.800190925598145,
          "acoustic_entropy_side": 9.821807861328125,
          "hz": 4228.238232109126
        },
        {
          "acoustic_entropy": 9.782618522644043,
          "acoustic_entropy_side": 9.821950912475586,
          "hz": 4664.6771572759235
        },
        {
          "acoustic_entropy": 9.83731460571289,
          "acoustic_entropy_side": 9.821208953857422,
          "hz": 5139.766595350093
        },
        {
          "acoustic_entropy": 9.802114486694336,
          "acoustic_entropy_side": 9.849137306213379,
          "hz": 5656.929389854203
        },
        {
          "acoustic_entropy": 10.18894100189209,
          "acoustic_entropy_side": 9.860204696655273,
          "hz": 6219.891507268283
        },
        {
          "acoustic_entropy": 9.98884105682373,
          "acoustic_entropy_side": 9.83369255065918,
          "hz": 6832.70888123896
        },
        {
          "acoustic_entropy": 9.98007869720459,
          "acoustic_entropy_side": 9.835348129272461,
          "hz": 7499.796634079867
        },
        {
          "acoustic_entropy": 9.964899063110352,
          "acoustic_entropy_side": 9.825300216674805,
          "hz": 8225.96088609342
        },
        {
          "acoustic_entropy": 9.942021369934082,
          "acoustic_entropy_side": 9.828166961669922,
          "hz": 9016.43338188839
        },
        {
          "acoustic_entropy": 9.7874116897583,
          "acoustic_entropy_side": 9.819743156433105,
          "hz": 9876.909183162974
        },
        {
          "acoustic_entropy": 9.877690315246582,
          "acoustic_entropy_side": 9.807679176330566,
          "hz": 10813.587699516042
        },
        {
          "acoustic_entropy": 9.727398872375488,
          "acoustic_entropy_side": 9.805665969848633,
          "hz": 11833.21735289826
        },
        {
          "acoustic_entropy": 9.795669555664062,
          "acoustic_entropy_side": 9.787026405334473,
          "hz": 12943.144197493959
        },
        {
          "acoustic_entropy": 9.894161224365234,
          "acoustic_entropy_side": 9.780482292175293,
          "hz": 14151.364845322005
        },
        {
          "acoustic_entropy": 9.759781837463379,
          "acoustic_entropy_side": 9.788558959960938,
          "hz": 15466.58407886509
        },
        {
          "acoustic_entropy": 9.90652084350586,
          "acoustic_entropy_side": 9.800166130065918,
          "hz": 16898.27756580493
        },
        {
          "acoustic_entropy": 9.80175495147705,
          "acoustic_entropy_side": 9.805229187011719,
          "hz": 18456.760127700032
        },
        {
          "acoustic_entropy": 9.785992622375488,
          "acoustic_entropy_side": 9.810087203979492,
          "hz": 20153.260054456492
        },
        {
          "acoustic_entropy": 9.816377639770508,
          "acoustic_entropy_side": 9.812445640563965,
          "hz": 22000.00000000001
        }
      ],
      "diff_acoustic_entropy": 9.868364334106445,
      "sn": 12
    },
    {
      "acoustic_entropy": 15.226966857910156,
      "acoustic_entropy_mono": 13.88207721710205,
      "band_eliminated_acoustic_entropies": [
        {
          "acoustic_entropy": 14.846400260925293,
          "acoustic_entropy_side": 15.251561164855957,
          "hz": 129.47220167065723
        },
        {
          "acoustic_entropy": 16.719297409057617,
          "acoustic_entropy_side": 15.420211791992188,
          "hz": 202.92927478742237
        },
        {
          "acoustic_entropy": 15.880627632141113,
          "acoustic_entropy_side": 15.48548698425293,
          "hz": 282.89161906338205
        },
        {
          "acoustic_entropy": 15.468855857849121,
          "acoustic_entropy_side": 15.596866607666016,
          "hz": 369.9353335868758
        },
        {
          "acoustic_entropy": 16.04759407043457,
          "acoustic_entropy_side": 15.836061477661133,
          "hz": 464.6875360973435
        },
        {
          "acoustic_entropy": 14.680619239807129,
          "acoustic_entropy_side": 14.829715728759766,
          "hz": 567.8308811364784
        },
        {
          "acoustic_entropy": 15.270549774169922,
          "acoustic_entropy_side": 15.615875244140625,
          "hz": 680.1084783214808
        },
        {
          "acoustic_entropy": 15.082362174987793,
          "acoustic_entropy_side": 15.473458290100098,
          "hz": 802.3292461747484
        },
        {
          "acoustic_entropy": 15.00878620147705,
          "acoustic_entropy_side": 15.100818634033203,
          "hz": 935.3737400823702
        },
        {
          "acoustic_entropy": 15.702696800231934,
          "acoustic_entropy_side": 15.334988594055176,
          "hz": 1080.2004963696966
        },
        {
          "acoustic_entropy": 14.705886840820312,
          "acoustic_entropy_side": 15.152109146118164,
          "hz": 1237.8529382007157
        },
        {
          "acoustic_entropy": 14.980896949768066,
          "acoustic_entropy_side": 15.075404167175293,
          "hz": 1409.4668930556702
        },
        {
          "acoustic_entropy": 16.04142951965332,
          "acoustic_entropy_side": 15.395370483398438,
          "hz": 1596.2787759475705
        },
        {
          "acoustic_entropy": 14.856019020080566,
          "acoustic_entropy_side": 14.845582962036133,
          "hz": 1799.6344973346393
        },
        {
          "acoustic_entropy": 15.581242561340332,
          "acoustic_entropy_side": 15.212625503540039,
          "hz": 2020.9991599069049
        },
        {
          "acoustic_entropy": 15.760079383850098,
          "acoustic_entropy_side": 15.296821594238281,
          "hz": 2261.9676141086993
        },
        {
          "acoustic_entropy": 14.988177299499512,
          "acoustic_entropy_side": 15.200571060180664,
          "hz": 2524.2759484456974
        },
        {
          "acoustic_entropy": 15.415495872497559,
          "acoustic_entropy_side": 15.361727714538574,
          "hz": 2809.813997359896
        },
        {
          "acoustic_entropy": 15.092830657958984,
          "acoustic_entropy_side": 15.310783386230469,
          "hz": 3120.6389567871424
