{
  "acoustic_entropy": 224.4805145263672,
  "bands": [
    {
      "high_freq": 148.1999969482422,
      "loudness": -23.835439682006836,
      "loudness_range": 20.31092071533203,
      "mid_mean": -20.46620750427246,
      "mid_to_side_loudness": -14.97310733795166,
      "mid_to_side_loudness_range": 21.828641891479492,
      "side_mean": -36.01245880126953
    },
    {
      "high_freq": 392.3793640136719,
      "loudness": -17.9754695892334,
      "loudness_range": 5.456725120544434,
      "low_freq": 148.1999969482422,
      "mid_mean": -14.953385353088379,
      "mid_to_side_loudness": -8.86849594116211,
      "mid_to_side_loudness_range": 12.935575485229492,
      "side_mean": -24.303442001342773
    },
    {
      "high_freq": 794.6976318359375,
      "loudness": -24.01974868774414,
      "loudness_range": 12.5804443359375,
      "low_freq": 392.3793640136719,
      "mid_mean": -21.70835304260254,
      "mid_to_side_loudness": -5.385328769683838,
      "mid_to_side_loudness_range": 10.77538013458252,
      "side_mean": -27.215274810791016
    },
    {
      "high_freq": 1457.5709228515625,
      "loudness": -22.915531158447266,
      "loudness_range": 17.952341079711914,
      "low_freq": 794.6976318359375,
      "mid_mean": -20.922780990600586,
      "mid_to_side_loudness": -3.89288592338562,
      "mid_to_side_loudness_range": 7.472369194030762,
      "side_mean": -25.04547119140625
    },
    {
      "high_freq": 2549.74365234375,
      "loudness": -26.44274139404297,
      "loudness_range": 20.985111236572266,
      "low_freq": 1457.5709228515625,
      "mid_mean": -24.201744079589844,
      "mid_to_side_loudness": -4.721886157989502,
      "mid_to_side_loudness_range": 7.6131720542907715,
      "side_mean": -29.378925323486328
    },
    {
      "high_freq": 4349.24462890625,
      "loudness": -26.01642417907715,
      "loudness_range": 21.528718948364258,
      "low_freq": 2549.74365234375,
      "mid_mean": -24.45433807373047,
      "mid_to_side_loudness": -4.527335166931152,
      "mid_to_side_loudness_range": 9.391324996948242,
      "side_mean": -29.905527114868164
    },
    {
      "high_freq": 7314.1640625,
      "loudness": -30.0532283782959,
      "loudness_range": 25.772798538208008,
      "low_freq": 4349.24462890625,
      "mid_mean": -27.99000358581543,
      "mid_to_side_loudness": -4.455061912536621,
      "mid_to_side_loudness_range": 8.160497665405273,
      "side_mean": -33.708858489990234
    },
    {
      "high_freq": 12199.2666015625,
      "loudness": -35.37854766845703,
      "loudness_range": 32.92845153808594,
      "low_freq": 7314.1640625,
      "mid_mean": -34.70846939086914,
      "mid_to_side_loudness": -4.084018230438232,
      "mid_to_side_loudness_range": 9.25782299041748,
      "side_mean": -41.56153106689453
    },
    {
      "loudness": -35.586952209472656,
      "loudness_range": 21.976367950439453,
      "low_freq": 12199.2666015625,
      "mid_mean": -35.85416793823242,
      "mid_to_side_loudness": -5.542716979980469,
      "mid_to_side_loudness_range": 17.73160743713379,
      "side_mean": -54.6744499206543
    }
  ],
  "bands_short": [
    {
      "high_freq": 148.1999969482422,
      "loudness": -35.030311584472656,
      "loudness_range": 31.715347290039062,
      "mid_mean": -32.34442138671875,
      "mid_to_side_loudness": -11.823131561279297,
      "mid_to_side_loudness_range": 22.707420349121094,
      "side_mean": -45.61598587036133
    },
    {
      "high_freq": 392.3793640136719,
      "loudness": -17.020570755004883,
      "loudness_range": 6.124812126159668,
      "low_freq": 148.1999969482422,
      "mid_mean": -13.95882511138916,
      "mid_to_side_loudness": -9.926703453063965,
      "mid_to_side_loudness_range": 15.731539726257324,
      "side_mean": -24.395328521728516
    },
    {
      "high_freq": 794.6976318359375,
      "loudness": -24.739219665527344,
      "loudness_range": 15.342931747436523,
      "low_freq": 392.3793640136719,
      "mid_mean": -22.580852508544922,
      "mid_to_side_loudness": -5.636753082275391,
      "mid_to_side_loudness_range": 15.020944595336914,
      "side_mean": -28.51763916015625
    },
    {
      "high_freq": 1457.5709228515625,
      "loudness": -22.585317611694336,
      "loudness_range": 14.052488327026367,
      "low_freq": 794.6976318359375,
      "mid_mean": -20.813199996948242,
      "mid_to_side_loudness": -3.918978691101074,
      "mid_to_side_loudness_range": 12.776533126831055,
      "side_mean": -25.021242141723633
    },
    {
      "high_freq": 2549.74365234375,
      "loudness": -27.059711456298828,
      "loudness_range": 21.515243530273438,
      "low_freq": 1457.5709228515625,
      "mid_mean": -24.93926429748535,
      "mid_to_side_loudness": -4.792791843414307,
      "mid_to_side_loudness_range": 11.782149314880371,
      "side_mean": -30.385807037353516
    },
    {
      "high_freq": 4349.24462890625,
      "loudness": -25.742860794067383,
      "loudness_range": 21.065143585205078,
      "low_freq": 2549.74365234375,
      "mid_mean": -24.38261604309082,
      "mid_to_side_loudness": -4.406197547912598,
      "mid_to_side_loudness_range": 11.312494277954102,
      "side_mean": -29.440614700317383
    },
    {
      "high_freq": 7314.1640625,
      "loudness": -30.417081832885742,
      "loudness_range": 26.53769874572754,
      "low_freq": 4349.24462890625,
      "mid_mean": -28.477779388427734,
      "mid_to_side_loudness": -4.452659606933594,
      "mid_to_side_loudness_range": 10.750771522521973,
      "side_mean": -34.30352783203125
    },
    {
      "high_freq": 12199.2666015625,
      "loudness": -37.05554962158203,
      "loudness_range": 35.63142395019531,
      "low_freq": 7314.1640625,
      "mid_mean": -36.32233428955078,
      "mid_to_side_loudness": -3.8331069946289062,
      "mid_to_side_loudness_range": 9.334634780883789,
      "side_mean": -43.42573547363281
    },
    {
      "loudness": -41.03848648071289,
      "loudness_range": 35.29912567138672,
      "low_freq": 12199.2666015625,
      "mid_mean": -50.938907623291016,
      "mid_to_side_loudness": -4.35117769241333,
      "mid_to_side_loudness_range": 14.538105010986328,
      "side_mean": -56.969417572021484
    }
  ],
  "bandwidth": 658.1607666015625,
  "channels": 2,
  "covariance": [
    [
      47.533531188964844,
      42.2254638671875,
      0.6042287349700928,
      5.6268510818481445,
      3.113834857940674,
      2.0607588291168213,
      5.923378944396973,
      3.9739649295806885,
      7.051425457000732,
      7.844137668609619,
      11.56394100189209,
      20.42378044128418,
      15.725403785705566,
      19.950014114379883,
      25.975252151489258,
      30.388538360595703,
      19.60845947265625,
      31.44396209716797
    ],
    [
      42.2254638671875,
      85.57980346679688,
      -0.18872317671775818,
      14.272371292114258,
      5.280696868896484,
      7.64485502243042,
      14.181556701660156,
      13.7175874710083,
      21.670076370239258,
      20.999326705932617,
      38.71125030517578,
      49.60688400268555,
      48.88132095336914,
      52.46529769897461,
      63.81919479370117,
      75.14492797851562,
      37.07109451293945,
      79.68013000488281
    ],
    [
      0.6042287349700928,
      -0.18872317671775818,
      6.339735984802246,
      2.323195695877075,
      0.44688838720321655,
      -0.6049759387969971,
      -1.6034340858459473,
      -1.7694690227508545,
      -0.5662152767181396,
      -0.1327047199010849,
      -2.685002326965332,
      -1.962217926979065,
      -2.344287395477295,
      -2.9808568954467773,
      -0.28010982275009155,
      -2.8389649391174316,
      2.357264280319214,
      -1.680425763130188
    ],
    [
      5.6268510818481445,
      14.272371292114258,
      2.323195695877075,
      18.152061462402344,
      9.07947063446045,
      8.923274993896484,
      4.63914680480957,
      5.722562789916992,
      5.579737663269043,
      6.595078945159912,
      9.652204513549805,
      9.415374755859375,
      12.69113826751709,
      13.363192558288574,
      17.88558578491211,
      15.811018943786621,
      11.035187721252441,
      25.173967361450195
    ],
    [
      3.113834857940674,
      5.280696868896484,
      0.44688838720321655,
      9.07947063446045,
      30.799274444580078,
      19.486085891723633,
      7.962967872619629,
      10.435037612915039,
      5.531272888183594,
      6.813333034515381,
      2.802328586578369,
      5.332738399505615,
      4.578216552734375,
      8.775818824768066,
      4.462892055511475,
      4.927520275115967,
      6.516729831695557,
      26.93633270263672
    ],
    [
      2.0607588291168213,
      7.64485502243042,
      -0.6049759387969971,
      8.923274993896484,
      19.486085891723633,
      29.661191940307617,
      8.96738052368164,
      12.38088607788086,
      11.55764389038086,
      13.117532730102539,
      11.203360557556152,
      14.871195793151855,
      8.157837867736816,
      13.923707008361816,
      4.366598606109619,
      11.917508125305176,
      4.005427360534668,
      32.58378982543945
    ],
    [
      5.923378944396973,
      14.181556701660156,
      -1.6034340858459473,
      4.63914680480957,
      7.962967872619629,
      8.96738052368164,
      47.12647247314453,
      40.229557037353516,
      40.49995803833008,
      38.958282470703125,
      31.250627517700195,
      34.41860580444336,
      19.26361846923828,
      26.149473190307617,
      17.49342155456543,
      23.975244522094727,
      -3.5174384117126465,
      50.33235549926758
    ],
    [
      3.9739649295806885,
      13.7175874710083,
      -1.7694690227508545,
      5.722562789916992,
      10.435037612915039,
      12.38088607788086,
      40.229557037353516,
      47.62592697143555,
      37.33294677734375,
      36.963111877441406,
      29.15925407409668,
      31.347877502441406,
      14.004347801208496,
      20.41661262512207,
      11.202869415283203,
      15.821417808532715,
      -4.1603569984436035,
      46.399715423583984
    ],
    [
      7.051425457000732,
      21.670076370239258,
      -0.5662152767181396,
      5.579737663269043,
      5.531272888183594,
      11.55764389038086,
      40.49995803833008,
      37.33294677734375,
      61.321781158447266,
      51.8126335144043,
      45.64509201049805,
      50.01280975341797,
      34.276824951171875,
      35.11233901977539,
      30.705991744995117,
      38.40937042236328,
      8.340598106384277,
      67.33485412597656
    ],
    [
      7.844137668609619,
      20.999326705932617,
      -0.1327047199010849,
      6.595078945159912,
      6.813333034515381,
      13.117532730102539,
      38.958282470703125,
      36.963111877441406,
      51.8126335144043,
      54.60183334350586,
      41.1588249206543,
      50.7097282409668,
      30.011215209960938,
      39.31460952758789,
      26.459577560424805,
      41.218894958496094,
      3.2992806434631348,
      67.78578186035156
    ],
    [
      11.56394100189209,
      38.71125030517578,
      -2.685002326965332,
      9.652204513549805,
      2.802328586578369,
      11.203360557556152,
      31.250627517700195,
      29.15925407409668,
      45.64509201049805,
      41.1588249206543,
      80.31259155273438,
      71.35804748535156,
      69.22046661376953,
      62.69973373413086,
      76.2490463256836,
      85.50364685058594,
      27.975032806396484,
      98.0549545288086
    ],
    [
      20.42378044128418,
      49.60688400268555,
      -1.962217926979065,
      9.415374755859375,
      5.332738399505615,
      14.871195793151855,
      34.41860580444336,
      31.347877502441406,
      50.01280975341797,
      50.7097282409668,
      71.35804748535156,
      98.36149597167969,
      68.0869369506836,
      77.05353546142578,
      74.66605377197266,
      102.61486053466797,
      28.554929733276367,
      119.47526550292969
    ],
    [
      15.725403785705566,
      48.88132095336914,
      -2.344287395477295,
      12.69113826751709,
      4.578216552734375,
      8.157837867736816,
      19.26361846923828,
      14.004347801208496,
      34.276824951171875,
      30.011215209960938,
      69.22046661376953,
      68.0869369506836,
      107.57378387451172,
      95.79974365234375,
      122.2716293334961,
      134.2887725830078,
      58.59437942504883,
      133.08197021484375
    ],
    [
      19.950014114379883,
      52.46529769897461,
      -2.9808568954467773,
      13.363192558288574,
      8.775818824768066,
      13.923707008361816,
      26.149473190307617,
      20.41661262512207,
      35.11233901977539,
      39.31460952758789,
      62.69973373413086,
      77.05353546142578,
      95.79974365234375,
      112.4892578125,
      105.35321807861328,
      138.88870239257812,
      54.76198959350586,
      145.5778350830078
    ],
    [
      25.975252151489258,
      63.81919479370117,
      -0.28010982275009155,
      17.88558578491211,
      4.462892055511475,
      4.366598606109619,
      17.49342155456543,
      11.202869415283203,
      30.705991744995117,
      26.459577560424805,
      76.2490463256836,
      74.66605377197266,
      122.2716293334961,
      105.35321807861328,
      179.63531494140625,
      174.2043914794922,
      90.50492858886719,
      175.0096435546875
    ],
    [
      30.388538360595703,
      75.14492797851562,
      -2.8389649391174316,
      15.811018943786621,
      4.927520275115967,
      11.917508125305176,
      23.975244522094727,
      15.821417808532715,
      38.40937042236328,
      41.218894958496094,
      85.50364685058594,
      102.61486053466797,
      134.2887725830078,
      138.88870239257812,
      174.2043914794922,
      223.75521850585938,
      89.26956176757812,
      218.9542999267578
    ],
    [
      19.60845947265625,
      37.07109451293945,
      2.357264280319214,
      11.035187721252441,
      6.516729831695557,
      4.005427360534668,
      -3.5174384117126465,
      -4.1603569984436035,
      8.340598106384277,
      3.2992806434631348,
      27.975032806396484,
      28.554929733276367,
      58.59437942504883,
      54.76198959350586,
      90.50492858886719,
      89.26956176757812,
      146.4899444580078,
      105.65628814697266
    ],
    [
      31.44396209716797,
      79.68013000488281,
      -1.680425763130188,
      25.173967361450195,
      26.93633270263672,
      32.58378982543945,
      50.33235549926758,
      46.399715423583984,
      67.33485412597656,
      67.78578186035156,
      98.0549545288086,
      119.47526550292969,
      133.08197021484375,
      145.5778350830078,
      175.0096435546875,
      218.9542999267578,
      105.65628814697266,
      245.2750244140625
    ]
  ],
  "covariance_short": [
    [
      136.76901245117188,
      113.91571044921875,
      5.112599849700928,
      18.21636199951172,
      4.0097150802612305,
      12.407322883605957,
      6.696869373321533,
      5.791531085968018,
      20.312211990356445,
      22.144296646118164,
      36.395999908447266,
      49.689308166503906,
      50.001033782958984,
      53.2604866027832,
      70.67342376708984,
      82.97177124023438,
      91.15741729736328,
      82.82959747314453
    ],
    [
      113.91571044921875,
      154.4923553466797,
      3.1752865314483643,
      28.523160934448242,
      12.143935203552246,
      24.366640090942383,
      17.309585571289062,
      17.71673011779785,
      34.75701141357422,
      35.96847915649414,
      55.02052688598633,
      70.05636596679688,
      67.24514770507812,
      71.70732116699219,
      89.8476791381836,
      110.48963165283203,
      124.16378784179688,
      113.31737518310547
    ],
    [
      5.112599849700928,
      3.1752865314483643,
      8.139886856079102,
      2.1642165184020996,
      0.2611671984195709,
      -1.485958218574524,
      -0.16441071033477783,
      -1.2177050113677979,
      -0.10438267141580582,
      -0.1635601818561554,
      -2.1265769004821777,
      -0.84413743019104,
      -2.1782820224761963,
      -2.0229310989379883,
      -0.26412323117256165,
      -2.1020498275756836,
      0.6782156229019165,
      -1.0277358293533325
    ],
    [
      18.21636199951172,
      28.523160934448242,
      2.1642165184020996,
      23.927663803100586,
      7.49683952331543,
      7.779690265655518,
      4.483121395111084,
      5.787827968597412,
      6.334893703460693,
      7.893472194671631,
      10.163373947143555,
      10.671332359313965,
      15.100631713867188,
      15.783955574035645,
      21.19959259033203,
      21.708486557006836,
      34.65580749511719,
      25.44074821472168
    ],
    [
      4.0097150802612305,
      12.143935203552246,
      0.2611671984195709,
      7.49683952331543,
      37.41310119628906,
      18.579050064086914,
      7.657629489898682,
      9.936779022216797,
      8.276749610900879,
      10.918972969055176,
      4.8751726150512695,
      6.454434871673584,
      5.955238342285156,
      10.014481544494629,
      7.353957653045654,
      12.185264587402344,
      37.1229133605957,
      27.869304656982422
    ],
    [
      12.407322883605957,
      24.366640090942383,
      -1.485958218574524,
      7.779690265655518,
      18.579050064086914,
      39.09601593017578,
      9.824702262878418,
      13.67615795135498,
      17.318973541259766,
      19.9732666015625,
      18.495460510253906,
      20.999691009521484,
      12.399763107299805,
      18.22435188293457,
      8.9781494140625,
      22.16265869140625,
      44.473236083984375,
      34.68693923950195
    ],
    [
      6.696869373321533,
      17.309585571289062,
      -0.16441071033477783,
      4.483121395111084,
      7.657629489898682,
      9.824702262878418,
      43.13980484008789,
      29.097843170166016,
      32.989131927490234,
      32.68059539794922,
      26.576982498168945,
      27.902271270751953,
      18.38433074951172,
      23.258487701416016,
      16.20488929748535,
      26.601137161254883,
      47.34531021118164,
      36.214324951171875
    ],
    [
      5.791531085968018,
      17.71673011779785,
      -1.2177050113677979,
      5.787827968597412,
      9.936779022216797,
      13.67615795135498,
      29.097843170166016,
      44.733985900878906,
      29.336294174194336,
      32.71051025390625,
      23.545703887939453,
      24.75008201599121,
      13.125713348388672,
      19.35800552368164,
      9.447778701782227,
      19.556751251220703,
      45.363590240478516,
      32.39633560180664
    ],
    [
      20.312211990356445,
      34.75701141357422,
      -0.10438267141580582,
      6.334893703460693,
      8.276749610900879,
      17.318973541259766,
      32.989131927490234,
      29.336294174194336,
      63.572635650634766,
      48.688812255859375,
      46.11704635620117,
      45.292964935302734,
      35.364891052246094,
      35.95735168457031,
      31.89398193359375,
      43.85807418823242,
      81.24869537353516,
      58.72208023071289
    ],
    [
      22.144296646118164,
      35.96847915649414,
      -0.1635601818561554,
      7.893472194671631,
      10.918972969055176,
      19.9732666015625,
      32.68059539794922,
      32.71051025390625,
      48.688812255859375,
      59.44167709350586,
      40.516151428222656,
      47.36181640625,
      29.306842803955078,
      39.46204376220703,
      26.187475204467773,
      44.58512496948242,
      70.56502532958984,
      60.60356140136719
    ],
    [
      36.395999908447266,
      55.02052688598633,
      -2.1265769004821777,
      10.163373947143555,
      4.8751726150512695,
      18.495460510253906,
      26.576982498168945,
      23.545703887939453,
      46.11704635620117,
      40.516151428222656,
      79.8154525756836,
      65.21139526367188,
      66.46564483642578,
      59.32395553588867,
      72.56298828125,
      84.49794006347656,
      104.77490997314453,
      84.9059066772461
    ],
    [
      49.689308166503906,
      70.05636596679688,
      -0.84413743019104,
      10.671332359313965,
      6.454434871673584,
      20.999691009521484,
      27.902271270751953,
      24.75008201599121,
      45.292964935302734,
      47.36181640625,
      65.21139526367188,
      90.79854583740234,
      63.25310134887695,
      72.20259857177734,
      70.74028015136719,
      99.92060852050781,
      101.82626342773438,
      102.55094146728516
    ],
    [
      50.001033782958984,
      67.24514770507812,
      -2.1782820224761963,
      15.100631713867188,
      5.955238342285156,
      12.399763107299805,
      18.38433074951172,
      13.125713348388672,
      35.364891052246094,
      29.306842803955078,
      66.46564483642578,
      63.25310134887695,
      110.91161346435547,
      94.79638671875,
      127.4070053100586,
      138.18734741210938,
      143.9302215576172,
      125.730712890625
    ],
    [
      53.2604866027832,
      71.70732116699219,
      -2.0229310989379883,
      15.783955574035645,
      10.014481544494629,
      18.22435188293457,
      23.258487701416016,
      19.35800552368164,
      35.95735168457031,
      39.46204376220703,
      59.32395553588867,
      72.20259857177734,
      94.79638671875,
      114.07472229003906,
      108.21781921386719,
      143.05926513671875,
      128.6305694580078,
      140.5517120361328
    ],
    [
      70.67342376708984,
      89.8476791381836,
      -0.26412323117256165,
      21.19959259033203,
      7.353957653045654,
      8.9781494140625,
      16.20488929748535,
      9.447778701782227,
      31.89398193359375,
      26.187475204467773,
      72.56298828125,
      70.74028015136719,
      127.4070053100586,
      108.21781921386719,
      191.6769561767578,
      181.43896484375,
      197.52154541015625,
      171.07522583007812
    ],
    [
      82.97177124023438,
      110.48963165283203,
      -2.1020498275756836,
      21.708486557006836,
      12.185264587402344,
      22.16265869140625,
      26.601137161254883,
      19.556751251220703,
      43.85807418823242,
      44.58512496948242,
      84.49794006347656,
      99.92060852050781,
      138.18734741210938,
      143.05926513671875,
      181.43896484375,
      230.58425903320312,
      198.55612182617188,
      218.44479370117188
    ],
    [
      91.15741729736328,
      124.16378784179688,
      0.6782156229019165,
      34.65580749511719,
      37.1229133605957,
      44.473236083984375,
      47.34531021118164,
      45.363590240478516,
      81.24869537353516,
      70.56502532958984,
      104.77490997314453,
      101.82626342773438,
      143.9302215576172,
      128.6305694580078,
      197.52154541015625,
      198.55612182617188,
      296.5046691894531,
      210.59913635253906
    ],
    [
      82.82959747314453,
      113.31737518310547,
      -1.0277358293533325,
      25.44074821472168,
      27.869304656982422,
      34.68693923950195,
      36.214324951171875,
      32.39633560180664,
      58.72208023071289,
      60.60356140136719,
      84.9059066772461,
      102.55094146728516,
      125.730712890625,
      140.5517120361328,
      171.07522583007812,
      218.44479370117188,
      210.59913635253906,
      223.3120880126953
    ]
  ],
  "damage": -5.003311634063721,
  "diff_bandwidth": 759.7072143554688,
  "dissonance": 8.479075156253138,
  "drr": 11.74431324005127,
  "dynamics": 2.255474328994751,
  "format": 1245190,
  "frames": 13053888,
  "loudness": -9.820467948913574,
  "loudness_range": 6.229917526245117,
  "loudness_range_short": 6.625702857971191,
  "lowpass_true_peak_15khz": 1.4933053255081177,
  "mastering3_acoustic_entropies": [
    {
      "acoustic_entropy": 9.120488166809082,
      "acoustic_entropy_mono": 8.85813045501709,
      "band_eliminated_acoustic_entropies": [
        {
          "acoustic_entropy": 9.035604476928711,
          "acoustic_entropy_side": 9.135730743408203,
          "hz": 129.47220167065723
        },
        {
          "acoustic_entropy": 9.114632606506348,
          "acoustic_entropy_side": 9.23675537109375,
          "hz": 202.92927478742237
        },
        {
          "acoustic_entropy": 9.306710243225098,
          "acoustic_entropy_side": 9.150397300720215,
          "hz": 282.89161906338205
        },
        {
          "acoustic_entropy": 9.438194274902344,
          "acoustic_entropy_side": 9.30902099609375,
          "hz": 369.9353335868758
        },
        {
          "acoustic_entropy": 9.192118644714355,
          "acoustic_entropy_side": 9.066572189331055,
          "hz": 464.6875360973435
        },
        {
          "acoustic_entropy": 8.894081115722656,
          "acoustic_entropy_side": 8.964967727661133,
          "hz": 567.8308811364784
        },
        {
          "acoustic_entropy": 9.128474235534668,
          "acoustic_entropy_side": 9.116521835327148,
          "hz": 680.1084783214808
        },
        {
          "acoustic_entropy": 8.637928009033203,
          "acoustic_entropy_side": 9.304271697998047,
          "hz": 802.3292461747484
        },
        {
          "acoustic_entropy": 8.576399803161621,
          "acoustic_entropy_side": 9.005109786987305,
          "hz": 935.3737400823702
        },
        {
          "acoustic_entropy": 9.388484954833984,
          "acoustic_entropy_side": 9.048725128173828,
          "hz": 1080.2004963696966
        },
        {
          "acoustic_entropy": 8.416888236999512,
          "acoustic_entropy_side": 8.712108612060547,
          "hz": 1237.8529382007157
        },
        {
          "acoustic_entropy": 8.568345069885254,
          "acoustic_entropy_side": 8.650606155395508,
          "hz": 1409.4668930556702
        },
        {
          "acoustic_entropy": 9.569525718688965,
          "acoustic_entropy_side": 9.18246078491211,
          "hz": 1596.2787759475705
        },
        {
          "acoustic_entropy": 8.572226524353027,
          "acoustic_entropy_side": 8.746545791625977,
          "hz": 1799.6344973346393
        },
        {
          "acoustic_entropy": 8.367963790893555,
          "acoustic_entropy_side": 8.658267974853516,
          "hz": 2020.9991599069049
        },
        {
          "acoustic_entropy": 8.321285247802734,
          "acoustic_entropy_side": 8.862706184387207,
          "hz": 2261.9676141086993
        },
        {
          "acoustic_entropy": 9.11693286895752,
          "acoustic_entropy_side": 9.114500045776367,
          "hz": 2524.2759484456974
        },
        {
          "acoustic_entropy": 9.136853218078613,
          "acoustic_entropy_side": 9.32157039642334,
          "hz": 2809.813997359896
        },
        {
          "acoustic_entropy": 9.33080005645752,
          "acoustic_entropy_side": 9.348380088806152,
          "hz": 3120.6389567871424
        },
        {
          "acoustic_entropy": 9.438064575195312,
          "acoustic_entropy_side": 9.533038139343262,
          "hz": 3458.990205492291
        },
        {
          "acoustic_entropy": 9.28608226776123,
          "acoustic_entropy_side": 9.468327522277832,
          "hz": 3827.305438964164
        },
        {
          "acoustic_entropy": 8.560477256774902,
          "acoustic_entropy_side": 8.846012115478516,
          "hz": 4228.238232109126
        },
        {
          "acoustic_entropy": 9.175858497619629,
          "acoustic_entropy_side": 9.08444881439209,
          "hz": 4664.6771572759235
        },
        {
          "acoustic_entropy": 9.142301559448242,
          "acoustic_entropy_side": 8.918795585632324,
          "hz": 5139.766595350093
        },
        {
          "acoustic_entropy": 8.96375846862793,
          "acoustic_entropy_side": 8.91700267791748,
          "hz": 5656.929389854203
        },
        {
          "acoustic_entropy": 9.223227500915527,
          "acoustic_entropy_side": 9.123003959655762,
          "hz": 6219.891507268283
        },
        {
          "acoustic_entropy": 9.115087509155273,
          "acoustic_entropy_side": 9.321700096130371,
          "hz": 6832.70888123896
        },
        {
          "acoustic_entropy": 9.060652732849121,
          "acoustic_entropy_side": 9.112183570861816,
          "hz": 7499.796634079867
        },
        {
          "acoustic_entropy": 9.080533027648926,
          "acoustic_entropy_side": 9.124492645263672,
          "hz": 8225.96088609342
        },
        {
          "acoustic_entropy": 9.032363891601562,
          "acoustic_entropy_side": 9.077595710754395,
          "hz": 9016.43338188839
        },
        {
          "acoustic_entropy": 8.95163631439209,
          "acoustic_entropy_side": 8.970742225646973,
          "hz": 9876.909183162974
        },
        {
          "acoustic_entropy": 8.962969779968262,
          "acoustic_entropy_side": 9.095001220703125,
          "hz": 10813.587699516042
        },
        {
          "acoustic_entropy": 9.05876636505127,
          "acoustic_entropy_side": 9.081625938415527,
          "hz": 11833.21735289826
        },
        {
          "acoustic_entropy": 9.076258659362793,
          "acoustic_entropy_side": 9.09453010559082,
          "hz": 12943.144197493959
        },
        {
          "acoustic_entropy": 9.142075538635254,
          "acoustic_entropy_side": 9.090129852294922,
          "hz": 14151.364845322005
        },
        {
          "acoustic_entropy": 8.956046104431152,
          "acoustic_entropy_side": 9.10082721710205,
          "hz": 15466.58407886509
        },
        {
          "acoustic_entropy": 9.187860488891602,
          "acoustic_entropy_side": 9.11547565460205,
          "hz": 16898.27756580493
        },
        {
          "acoustic_entropy": 9.4483642578125,
          "acoustic_entropy_side": 9.121698379516602,
          "hz": 18456.760127700032
        },
        {
          "acoustic_entropy": 9.251911163330078,
          "acoustic_entropy_side": 9.12253475189209,
          "hz": 20153.260054456492
        },
        {
          "acoustic_entropy": 9.374337196350098,
          "acoustic_entropy_side": 9.121421813964844,
          "hz": 22000.00000000001
        }
      ],
      "diff_acoustic_entropy": 4.4908952713012695,
      "sn": 6
    },
    {
      "acoustic_entropy": 14.51752758026123,
      "acoustic_entropy_mono": 16.3829288482666,
      "band_eliminated_acoustic_entropies": [
        {
          "acoustic_entropy": 14.03794002532959,
          "acoustic_entropy_side": 14.493324279785156,
          "hz": 129.47220167065723
        },
        {
          "acoustic_entropy": 14.663381576538086,
          "acoustic_entropy_side": 14.538860321044922,
          "hz": 202.92927478742237
        },
        {
          "acoustic_entropy": 15.36217975616455,
          "acoustic_entropy_side": 14.64630126953125,
          "hz": 282.89161906338205
        },
        {
          "acoustic_entropy": 14.703271865844727,
          "acoustic_entropy_side": 14.317688941955566,
          "hz": 369.9353335868758
        },
        {
          "acoustic_entropy": 14.840399742126465,
          "acoustic_entropy_side": 14.432042121887207,
          "hz": 464.6875360973435
        },
        {
          "acoustic_entropy": 13.669071197509766,
          "acoustic_entropy_side": 14.490320205688477,
          "hz": 567.8308811364784
        },
        {
          "acoustic_entropy": 15.21664047241211,
          "acoustic_entropy_side": 14.28974437713623,
          "hz": 680.1084783214808
        },
        {
          "acoustic_entropy": 14.192978858947754,
          "acoustic_entropy_side": 14.994306564331055,
          "hz": 802.3292461747484
        },
        {
          "acoustic_entropy": 15.146808624267578,
          "acoustic_entropy_side": 14.628057479858398,
          "hz": 935.3737400823702
        },
        {
          "acoustic_entropy": 14.697213172912598,
          "acoustic_entropy_side": 14.80884075164795,
          "hz": 1080.2004963696966
        },
        {
          "acoustic_entropy": 13.625221252441406,
          "acoustic_entropy_side": 14.205157279968262,
          "hz": 1237.8529382007157
        },
        {
          "acoustic_entropy": 14.956811904907227,
          "acoustic_entropy_side": 14.692713737487793,
          "hz": 1409.4668930556702
        },
        {
          "acoustic_entropy": 13.615376472473145,
          "acoustic_entropy_side": 14.54501724243164,
          "hz": 1596.2787759475705
        },
        {
          "acoustic_entropy": 14.475601196289062,
          "acoustic_entropy_side": 14.66005802154541,
          "hz": 1799.6344973346393
        },
        {
          "acoustic_entropy": 14.987855911254883,
          "acoustic_entropy_side": 14.456299781799316,
          "hz": 2020.9991599069049
        },
        {
          "acoustic_entropy": 14.914285659790039,
          "acoustic_entropy_side": 14.403556823730469,
          "hz": 2261.9676141086993
        },
        {
          "acoustic_entropy": 14.467827796936035,
          "acoustic_entropy_side": 14.568132400512695,
          "hz": 2524.2759484456974
        },
        {
          "acoustic_entropy": 14.088829040527344,
          "acoustic_entropy_side": 14.032333374023438,
          "hz": 2809.813997359896
        },
        {
          "acoustic_entropy": 14.519333839416504,
          "acoustic_entropy_side": 14.453408241271973,
          "hz": 3120.6389567871424
        },
        {
          "acoustic_entropy": 14.20699691772461,
          "acoustic_entropy_side": 14.067764282226562,
          "hz": 3458.990205492291
        },
        {
          "acoustic_entropy": 14.926556587219238,
          "acoustic_entropy_side": 14.63122844696045,
          "hz": 3827.305438964164
        },
        {
          "acoustic_entropy": 14.011367797851562,
          "acoustic_entropy_side": 14.440443992614746,
          "hz": 4228.238232109126
        },
        {
          "acoustic_entropy": 14.713164329528809,
          "acoustic_entropy_side": 14.672962188720703,
          "hz": 4664.6771572759235
        },
        {
          "acoustic_entropy": 14.449481010437012,
          "acoustic_entropy_side": 14.474041938781738,
          "hz": 5139.766595350093
        },
        {
          "acoustic_entropy": 14.710443496704102,
          "acoustic_entropy_side": 14.555879592895508,
          "hz": 5656.929389854203
        },
        {
          "acoustic_entropy": 14.485817909240723,
          "acoustic_entropy_side": 14.484563827514648,
          "hz": 6219.891507268283
        },
        {
          "acoustic_entropy": 14.415422439575195,
          "acoustic_entropy_side": 14.488483428955078,
          "hz": 6832.70888123896
        },
        {
          "acoustic_entropy": 14.37343978881836,
          "acoustic_entropy_side": 14.416155815124512,
          "hz": 7499.796634079867
        },
        {
          "acoustic_entropy": 14.296980857849121,
          "acoustic_entropy_side": 14.45238971710205,
          "hz": 8225.96088609342
        },
        {
          "acoustic_entropy": 14.114434242248535,
          "acoustic_entropy_side": 14.364300727844238,
          "hz": 9016.43338188839
        },
        {
          "acoustic_entropy": 14.20713996887207,
          "acoustic_entropy_side": 14.349807739257812,
          "hz": 9876.909183162974
        },
        {
          "acoustic_entropy": 14.120501518249512,
          "acoustic_entropy_side": 14.381575584411621,
          "hz": 10813.587699516042
        },
        {
          "acoustic_entropy": 14.394240379333496,
          "acoustic_entropy_side": 14.508294105529785,
          "hz": 11833.21735289826
        },
        {
          "acoustic_entropy": 14.45361614227295,
          "acoustic_entropy_side": 14.524139404296875,
          "hz": 12943.144197493959
        },
        {
          "acoustic_entropy": 14.62200927734375,
          "acoustic_entropy_side": 14.543802261352539,
          "hz": 14151.364845322005
        },
        {
          "acoustic_entropy": 14.302671432495117,
          "acoustic_entropy_side": 14.554573059082031,
          "hz": 15466.58407886509
        },
        {
          "acoustic_entropy": 14.029796600341797,
          "acoustic_entropy_side": 14.563612937927246,
          "hz": 16898.27756580493
        },
        {
          "acoustic_entropy": 14.010865211486816,
          "acoustic_entropy_side": 14.532776832580566,
          "hz": 18456.760127700032
        },
        {
          "acoustic_entropy": 13.485819816589355,
          "acoustic_entropy_side": 14.525691032409668,
          "hz": 20153.260054456492
        },
        {
          "acoustic_entropy": 14.593000411987305,
          "acoustic_entropy_side": 14.519010543823242,
          "hz": 22000.00000000001
        }
      ],
      "diff_acoustic_entropy": 8.26943302154541,
      "sn": 12
    },
    {
      "acoustic_entropy": 24.57572364807129,
      "acoustic_entropy_mono": 21.90895652770996,
      "band_eliminated_acoustic_entropies": [
        {
          "acoustic_entropy": 24.28156852722168,
          "acoustic_entropy_side": 24.440406799316406,
          "hz": 129.47220167065723
        },
        {
          "acoustic_entropy": 25.547483444213867,
          "acoustic_entropy_side": 24.33847999572754,
          "hz": 202.92927478742237
        },
        {
          "acoustic_entropy": 24.276391983032227,
          "acoustic_entropy_side": 24.630279541015625,
          "hz": 282.89161906338205
        },
        {
          "acoustic_entropy": 24.880599975585938,
          "acoustic_entropy_side": 25.663978576660156,
          "hz": 369.9353335868758
        },
        {
          "acoustic_entropy": 24.78234100341797,
          "acoustic_entropy_side": 24.684152603149414,
          "hz": 464.6875360973435
        },
        {
          "acoustic_entropy": 23.946517944335938,
          "acoustic_entropy_side": 24.840723037719727,
          "hz": 567.8308811364784
        },
        {
          "acoustic_entropy": 25.16172218322754,
          "acoustic_entropy_side": 24.820192337036133,
          "hz": 680.1084783214808
        },
        {
          "acoustic_entropy": 23.405776977539062,
          "acoustic_entropy_side": 24.50602149963379,
          "hz": 802.3292461747484
        },
        {
          "acoustic_entropy": 26.029712677001953,
          "acoustic_entropy_side": 24.922340393066406,
          "hz": 935.3737400823702
        },
        {
          "acoustic_entropy": 24.77067756652832,
          "acoustic_entropy_side": 25.160633087158203,
          "hz": 1080.2004963696966
        },
        {
          "acoustic_entropy": 22.887304306030273,
          "acoustic_entropy_side": 23.90924072265625,
          "hz": 1237.8529382007157
        },
        {
          "acoustic_entropy": 25.609628677368164,
          "acoustic_entropy_side": 24.925439834594727,
          "hz": 1409.4668930556702
        },
        {
          "acoustic_entropy": 25.230472564697266,
          "acoustic_entropy_side": 25.28446388244629,
          "hz": 1596.2787759475705
        },
        {
          "acoustic_entropy": 25.049448013305664,
          "acoustic_entropy_side": 24.495573043823242,
          "hz": 1799.6344973346393
        },
        {
          "acoustic_entropy": 25.202295303344727,
          "acoustic_entropy_side": 24.717784881591797,
          "hz": 2020.9991599069049
        },
        {
          "acoustic_entropy": 24.786211013793945,
          "acoustic_entropy_side": 24.679466247558594,
          "hz": 2261.9676141086993
        },
        {
          "acoustic_entropy": 24.942890167236328,
          "acoustic_entropy_side": 24.824787139892578,
          "hz": 2524.2759484456974
        },
        {
          "acoustic_entropy": 23.632972717285156,
          "acoustic_entropy_side": 25.027524948120117,
          "hz": 2809.813997359896
        },
        {
          "acoustic_entropy": 24.934099197387695,
          "acoustic_entropy_side": 24.601049423217773,
