{
  "acoustic_entropy": 198.63504028320312,
  "bands": [
    {
      "high_freq": 148.1999969482422,
      "loudness": -16.909015655517578,
      "loudness_range": 18.59758949279785,
      "mid_mean": -13.656707763671875,
      "mid_to_side_loudness": -15.841894149780273,
      "mid_to_side_loudness_range": 27.702686309814453,
      "side_mean": -28.86237144470215
    },
    {
      "high_freq": 392.3793640136719,
      "loudness": -18.574047088623047,
      "loudness_range": 10.089913368225098,
      "low_freq": 148.1999969482422,
      "mid_mean": -15.546709060668945,
      "mid_to_side_loudness": -10.115423202514648,
      "mid_to_side_loudness_range": 15.848155975341797,
      "side_mean": -25.571516036987305
    },
    {
      "high_freq": 794.6976318359375,
      "loudness": -20.747634887695312,
      "loudness_range": 10.344682693481445,
      "low_freq": 392.3793640136719,
      "mid_mean": -17.853731155395508,
      "mid_to_side_loudness": -8.761946678161621,
      "mid_to_side_loudness_range": 11.48295783996582,
      "side_mean": -26.642019271850586
    },
    {
      "high_freq": 1457.5709228515625,
      "loudness": -22.981510162353516,
      "loudness_range": 15.201627731323242,
      "low_freq": 794.6976318359375,
      "mid_mean": -20.123151779174805,
      "mid_to_side_loudness": -8.501527786254883,
      "mid_to_side_loudness_range": 13.819364547729492,
      "side_mean": -28.6190185546875
    },
    {
      "high_freq": 2549.74365234375,
      "loudness": -19.83038330078125,
      "loudness_range": 15.738860130310059,
      "low_freq": 1457.5709228515625,
      "mid_mean": -17.15091896057129,
      "mid_to_side_loudness": -8.165477752685547,
      "mid_to_side_loudness_range": 16.767305374145508,
      "side_mean": -25.31324577331543
    },
    {
      "high_freq": 4349.24462890625,
      "loudness": -20.369340896606445,
      "loudness_range": 12.630568504333496,
      "low_freq": 2549.74365234375,
      "mid_mean": -17.669797897338867,
      "mid_to_side_loudness": -8.216580390930176,
      "mid_to_side_loudness_range": 16.041357040405273,
      "side_mean": -25.905580520629883
    },
    {
      "high_freq": 7314.1640625,
      "loudness": -22.72723388671875,
      "loudness_range": 14.569978713989258,
      "low_freq": 4349.24462890625,
      "mid_mean": -19.738859176635742,
      "mid_to_side_loudness": -10.3392915725708,
      "mid_to_side_loudness_range": 19.34588050842285,
      "side_mean": -30.145206451416016
    },
    {
      "high_freq": 12199.2666015625,
      "loudness": -25.667984008789062,
      "loudness_range": 18.785676956176758,
      "low_freq": 7314.1640625,
      "mid_mean": -22.98632049560547,
      "mid_to_side_loudness": -9.185089111328125,
      "mid_to_side_loudness_range": 24.12203598022461,
      "side_mean": -33.09492492675781
    },
    {
      "loudness": -31.842422485351562,
      "loudness_range": 15.474836349487305,
      "low_freq": 12199.2666015625,
      "mid_mean": -29.9735164642334,
      "mid_to_side_loudness": -6.140496253967285,
      "mid_to_side_loudness_range": 19.77837562561035,
      "side_mean": -36.76789855957031
    }
  ],
  "bands_short": [
    {
      "high_freq": 148.1999969482422,
      "loudness": -19.08511734008789,
      "loudness_range": 22.058902740478516,
      "mid_mean": -15.833099365234375,
      "mid_to_side_loudness": -16.926271438598633,
      "mid_to_side_loudness_range": 29.28580665588379,
      "side_mean": -33.23345947265625
    },
    {
      "high_freq": 392.3793640136719,
      "loudness": -17.75727653503418,
      "loudness_range": 12.612347602844238,
      "low_freq": 148.1999969482422,
      "mid_mean": -14.898720741271973,
      "mid_to_side_loudness": -10.749383926391602,
      "mid_to_side_loudness_range": 22.165658950805664,
      "side_mean": -25.428009033203125
    },
    {
      "high_freq": 794.6976318359375,
      "loudness": -21.159481048583984,
      "loudness_range": 13.441349029541016,
      "low_freq": 392.3793640136719,
      "mid_mean": -18.434377670288086,
      "mid_to_side_loudness": -8.376773834228516,
      "mid_to_side_loudness_range": 16.124229431152344,
      "side_mean": -26.81453514099121
    },
    {
      "high_freq": 1457.5709228515625,
      "loudness": -23.662330627441406,
      "loudness_range": 17.05510902404785,
      "low_freq": 794.6976318359375,
      "mid_mean": -20.98004150390625,
      "mid_to_side_loudness": -8.067587852478027,
      "mid_to_side_loudness_range": 16.586000442504883,
      "side_mean": -29.143861770629883
    },
    {
      "high_freq": 2549.74365234375,
      "loudness": -20.511260986328125,
      "loudness_range": 17.05816650390625,
      "low_freq": 1457.5709228515625,
      "mid_mean": -17.985118865966797,
      "mid_to_side_loudness": -7.9473443031311035,
      "mid_to_side_loudness_range": 19.0582332611084,
      "side_mean": -26.056474685668945
    },
    {
      "high_freq": 4349.24462890625,
      "loudness": -20.781145095825195,
      "loudness_range": 14.312786102294922,
      "low_freq": 2549.74365234375,
      "mid_mean": -18.166688919067383,
      "mid_to_side_loudness": -8.06304931640625,
      "mid_to_side_loudness_range": 17.96724510192871,
      "side_mean": -26.446025848388672
    },
    {
      "high_freq": 7314.1640625,
      "loudness": -23.36441993713379,
      "loudness_range": 16.46419906616211,
      "low_freq": 4349.24462890625,
      "mid_mean": -20.468549728393555,
      "mid_to_side_loudness": -9.255619049072266,
      "mid_to_side_loudness_range": 19.19072723388672,
      "side_mean": -30.459331512451172
    },
    {
      "high_freq": 12199.2666015625,
      "loudness": -27.176158905029297,
      "loudness_range": 21.190021514892578,
      "low_freq": 7314.1640625,
      "mid_mean": -24.664663314819336,
      "mid_to_side_loudness": -6.754134178161621,
      "mid_to_side_loudness_range": 18.259899139404297,
      "side_mean": -33.022769927978516
    },
    {
      "loudness": -33.51785659790039,
      "loudness_range": 20.361705780029297,
      "low_freq": 12199.2666015625,
      "mid_mean": -31.71732521057129,
      "mid_to_side_loudness": -4.8420515060424805,
      "mid_to_side_loudness_range": 16.53068733215332,
      "side_mean": -37.801490783691406
    }
  ],
  "bandwidth": 631.4608764648438,
  "channels": 2,
  "covariance": [
    [
      53.13890838623047,
      16.87975311279297,
      22.429386138916016,
      3.1366634368896484,
      22.224485397338867,
      4.291506767272949,
      24.321380615234375,
      18.21481704711914,
      26.4056453704834,
      25.637426376342773,
      20.776771545410156,
      21.381715774536133,
      27.930383682250977,
      21.625423431396484,
      26.986007690429688,
      17.730968475341797,
      17.213878631591797,
      11.950902938842773
    ],
    [
      16.87975311279297,
      68.47376251220703,
      4.963673114776611,
      38.47856903076172,
      5.858635902404785,
      22.188447952270508,
      16.65147590637207,
      42.41126251220703,
      8.9885835647583,
      46.33837127685547,
      9.083184242248535,
      47.00862503051758,
      8.459887504577637,
      50.82695770263672,
      7.5415520668029785,
      54.048439025878906,
      1.968199372291565,
      44.04697799682617
    ],
    [
      22.429386138916016,
      4.963673114776611,
      19.949115753173828,
      2.8071274757385254,
      14.334053039550781,
      1.865068793296814,
      8.55607795715332,
      5.009669780731201,
      9.311721801757812,
      7.634847640991211,
      6.411746501922607,
      5.9043989181518555,
      14.131423950195312,
      7.529296398162842,
      14.271053314208984,
      4.701327800750732,
      10.205157279968262,
      3.3410987854003906
    ],
    [
      3.1366634368896484,
      38.47856903076172,
      2.8071274757385254,
      40.8521842956543,
      0.5392677187919617,
      24.238550186157227,
      5.462898254394531,
      31.762784957885742,
      -1.1442426443099976,
      27.797330856323242,
      0.9648342132568359,
      29.096494674682617,
      0.48176684975624084,
      31.4836483001709,
      1.0446466207504272,
      37.387428283691406,
      1.97663414478302,
      33.14387893676758
    ],
    [
      22.224485397338867,
      5.858635902404785,
      14.334053039550781,
      0.5392677187919617,
      24.02086067199707,
      5.673748970031738,
      14.771512031555176,
      7.970256328582764,
      14.070151329040527,
      11.063089370727539,
      11.233463287353516,
      8.975127220153809,
      17.054405212402344,
      9.072324752807617,
      14.362141609191895,
      8.54447078704834,
      10.742884635925293,
      6.188760757446289
    ],
    [
      4.291506767272949,
      22.188447952270508,
      1.865068793296814,
      24.238550186157227,
      5.673748970031738,
      29.48078727722168,
      7.093541145324707,
      23.969770431518555,
      2.1870832443237305,
      19.170513153076172,
      3.901240348815918,
      19.68898582458496,
      2.7840564250946045,
      20.412220001220703,
      2.3840439319610596,
      27.802810668945312,
      3.5929012298583984,
      24.618946075439453
    ],
    [
      24.321380615234375,
      16.65147590637207,
      8.55607795715332,
      5.462898254394531,
      14.771512031555176,
      7.093541145324707,
      27.51307487487793,
      20.352861404418945,
      23.45139503479004,
      24.5283203125,
      19.520397186279297,
      20.686429977416992,
      19.72028350830078,
      19.743146896362305,
      17.54058265686035,
      20.076658248901367,
      12.320378303527832,
      12.845237731933594
    ],
    [
      18.21481704711914,
      42.41126251220703,
      5.009669780731201,
      31.762784957885742,
      7.970256328582764,
      23.969770431518555,
      20.352861404418945,
      44.756797790527344,
      16.0229434967041,
      44.29193115234375,
      15.524677276611328,
      42.12405776977539,
      13.723271369934082,
      40.9551887512207,
      10.539179801940918,
      47.66864776611328,
      7.261235237121582,
      39.11543273925781
    ],
    [
      26.4056453704834,
      8.9885835647583,
      9.311721801757812,
      -1.1442426443099976,
      14.070151329040527,
      2.1870832443237305,
      23.45139503479004,
      16.0229434967041,
      31.137178421020508,
      24.55557632446289,
      23.757606506347656,
      18.747709274291992,
      23.521705627441406,
      14.466172218322754,
      20.905792236328125,
      14.195516586303711,
      13.468914031982422,
      7.379273891448975
    ],
    [
      25.637426376342773,
      46.33837127685547,
      7.634847640991211,
      27.797330856323242,
      11.063089370727539,
      19.170513153076172,
      24.5283203125,
      44.29193115234375,
      24.55557632446289,
      54.666324615478516,
      21.026752471923828,
      49.79960632324219,
      20.194433212280273,
      47.97648239135742,
      16.372751235961914,
      52.17070007324219,
      9.099274635314941,
      41.58951187133789
    ],
    [
      20.776771545410156,
      9.083184242248535,
      6.411746501922607,
      0.9648342132568359,
      11.233463287353516,
      3.901240348815918,
      19.520397186279297,
      15.524677276611328,
      23.757606506347656,
      21.026752471923828,
      22.903114318847656,
      18.116701126098633,
      21.29692268371582,
      14.899404525756836,
      20.043907165527344,
      17.068815231323242,
      14.513800621032715,
      12.208218574523926
    ],
    [
      21.381715774536133,
      47.00862503051758,
      5.9043989181518555,
      29.096494674682617,
      8.975127220153809,
      19.68898582458496,
      20.686429977416992,
      42.12405776977539,
      18.747709274291992,
      49.79960632324219,
      18.116701126098633,
      51.68439865112305,
      17.030044555664062,
      50.86811828613281,
      13.556014060974121,
      56.30952453613281,
      8.601166725158691,
      47.03034210205078
    ],
    [
      27.930383682250977,
      8.459887504577637,
      14.131423950195312,
      0.48176684975624084,
      17.054405212402344,
      2.7840564250946045,
      19.72028350830078,
      13.723271369934082,
      23.521705627441406,
      20.194433212280273,
      21.29692268371582,
      17.030044555664062,
      30.268028259277344,
      16.265058517456055,
      29.004886627197266,
      17.34885025024414,
      20.920896530151367,
      13.559457778930664
    ],
    [
      21.625423431396484,
      50.82695770263672,
      7.529296398162842,
      31.4836483001709,
      9.072324752807617,
      20.412220001220703,
      19.743146896362305,
      40.9551887512207,
      14.466172218322754,
      47.97648239135742,
      14.899404525756836,
      50.86811828613281,
      16.265058517456055,
      64.27974700927734,
      16.00889015197754,
      66.36817169189453,
      12.43454360961914,
      58.19498062133789
    ],
    [
      26.986007690429688,
      7.5415520668029785,
      14.271053314208984,
      1.0446466207504272,
      14.362141609191895,
      2.3840439319610596,
      17.54058265686035,
      10.539179801940918,
      20.905792236328125,
      16.372751235961914,
      20.043907165527344,
      13.556014060974121,
      29.004886627197266,
      16.00889015197754,
      46.84983444213867,
      17.567310333251953,
      34.7021484375,
      16.486618041992188
    ],
    [
      17.730968475341797,
      54.048439025878906,
      4.701327800750732,
      37.387428283691406,
      8.54447078704834,
      27.802810668945312,
      20.076658248901367,
      47.66864776611328,
      14.195516586303711,
      52.17070007324219,
      17.068815231323242,
      56.30952453613281,
      17.34885025024414,
      66.36817169189453,
      17.567310333251953,
      89.82308197021484,
      19.478851318359375,
      76.68507385253906
    ],
    [
      17.213878631591797,
      1.968199372291565,
      10.205157279968262,
      1.97663414478302,
      10.742884635925293,
      3.5929012298583984,
      12.320378303527832,
      7.261235237121582,
      13.468914031982422,
      9.099274635314941,
      14.513800621032715,
      8.601166725158691,
      20.920896530151367,
      12.43454360961914,
      34.7021484375,
      19.478851318359375,
      38.89567565917969,
      25.939729690551758
    ],
    [
      11.950902938842773,
      44.04697799682617,
      3.3410987854003906,
      33.14387893676758,
      6.188760757446289,
      24.618946075439453,
      12.845237731933594,
      39.11543273925781,
      7.379273891448975,
      41.58951187133789,
      12.208218574523926,
      47.03034210205078,
      13.559457778930664,
      58.19498062133789,
      16.486618041992188,
      76.68507385253906,
      25.939729690551758,
      89.57674407958984
    ]
  ],
  "covariance_short": [
    [
      67.66651153564453,
      26.259044647216797,
      25.05109977722168,
      9.82992935180664,
      15.984889030456543,
      5.465655326843262,
      20.85780143737793,
      18.207565307617188,
      22.252988815307617,
      24.953350067138672,
      17.26832389831543,
      21.09792137145996,
      23.36425018310547,
      25.651870727539062,
      24.19808578491211,
      25.114534378051758,
      14.99856185913086,
      14.45418930053711
    ],
    [
      26.259044647216797,
      83.41709899902344,
      12.019652366638184,
      44.548526763916016,
      5.99525260925293,
      20.810800552368164,
      19.51801109313965,
      42.978904724121094,
      13.532126426696777,
      49.02622985839844,
      13.460063934326172,
      49.77463912963867,
      14.41170597076416,
      51.5403938293457,
      15.984044075012207,
      47.5130729675293,
      10.123330116271973,
      42.24998474121094
    ],
    [
      25.05109977722168,
      12.019652366638184,
      28.02446937561035,
      7.330778121948242,
      13.339345932006836,
      3.389904499053955,
      10.70386791229248,
      9.485600471496582,
      12.46341609954834,
      13.109414100646973,
      9.158346176147461,
      10.812825202941895,
      14.33385944366455,
      13.074066162109375,
      12.498027801513672,
      11.62636947631836,
      7.877645492553711,
      7.982871055603027
    ],
    [
      9.82992935180664,
      44.548526763916016,
      7.330778121948242,
      56.74846267700195,
      1.7225242853164673,
      24.615428924560547,
      9.16948413848877,
      37.383872985839844,
      2.3536500930786133,
      37.66972351074219,
      4.637260913848877,
      39.68070602416992,
      4.449321746826172,
      39.70437240600586,
      6.6567816734313965,
      37.12109375,
      7.5975446701049805,
      38.58194351196289
    ],
    [
      15.984889030456543,
      5.99525260925293,
      13.339345932006836,
      1.7225242853164673,
      30.374958038330078,
      5.42164945602417,
      14.165921211242676,
      7.134974002838135,
      13.154165267944336,
      9.237260818481445,
      9.366071701049805,
      6.832710266113281,
      12.647012710571289,
      8.069612503051758,
      7.563965797424316,
      9.527409553527832,
      6.204426288604736,
      6.503352165222168
    ],
    [
      5.465655326843262,
      20.810800552368164,
      3.389904499053955,
      24.615428924560547,
      5.42164945602417,
      32.85734558105469,
      6.869987964630127,
      24.03973960876465,
      2.1136903762817383,
      21.06360626220703,
      4.615546703338623,
      21.591266632080078,
      3.3140742778778076,
      20.949586868286133,
      2.6201696395874023,
      21.84001350402832,
      4.211632251739502,
      24.149662017822266
    ],
    [
      20.85780143737793,
      19.51801109313965,
      10.70386791229248,
      9.16948413848877,
      14.165921211242676,
      6.869987964630127,
      34.729248046875,
      23.088163375854492,
      26.141029357910156,
      26.41846466064453,
      21.4760799407959,
      23.072959899902344,
      20.005537033081055,
      23.904211044311523,
      15.85629653930664,
      25.44466209411621,
      11.337324142456055,
      17.18448257446289
    ],
    [
      18.207565307617188,
      42.978904724121094,
      9.485600471496582,
      37.383872985839844,
      7.134974002838135,
      24.03973960876465,
      23.088163375854492,
      53.398651123046875,
      18.560115814208984,
      50.43071365356445,
      18.785215377807617,
      49.155731201171875,
      16.66179656982422,
      46.47476577758789,
      13.656686782836914,
      45.59979248046875,
      10.459989547729492,
      42.844051361083984
    ],
    [
      22.252988815307617,
      13.532126426696777,
      12.46341609954834,
      2.3536500930786133,
      13.154165267944336,
      2.1136903762817383,
      26.141029357910156,
      18.560115814208984,
      38.74875259399414,
      27.77431297302246,
      27.91666030883789,
      22.216310501098633,
      25.07576560974121,
      21.067359924316406,
      19.91547393798828,
      23.020721435546875,
      12.03580093383789,
      12.295833587646484
    ],
    [
      24.953350067138672,
      49.02622985839844,
      13.109414100646973,
      37.66972351074219,
      9.237260818481445,
      21.06360626220703,
      26.41846466064453,
      50.43071365356445,
      27.77431297302246,
      65.27310943603516,
      25.149662017822266,
      59.96950912475586,
      23.394428253173828,
      56.545570373535156,
      19.582677841186523,
      54.17200469970703,
      12.595013618469238,
      46.52061080932617
    ],
    [
      17.26832389831543,
      13.460063934326172,
      9.158346176147461,
      4.637260913848877,
      9.366071701049805,
      4.615546703338623,
      21.4760799407959,
      18.785215377807617,
      27.91666030883789,
      25.149662017822266,
      30.664180755615234,
      23.275423049926758,
      25.670461654663086,
      23.330341339111328,
      22.247821807861328,
      27.881113052368164,
      16.009328842163086,
      19.454174041748047
    ],
    [
      21.09792137145996,
      49.77463912963867,
      10.812825202941895,
      39.68070602416992,
      6.832710266113281,
      21.591266632080078,
      23.072959899902344,
      49.155731201171875,
      22.216310501098633,
      59.96950912475586,
      23.275423049926758,
      65.95366668701172,
      21.007862091064453,
      61.605316162109375,
      18.51767349243164,
      59.18037796020508,
      14.066475868225098,
      54.380035400390625
    ],
    [
      23.36425018310547,
      14.41170597076416,
      14.33385944366455,
      4.449321746826172,
      12.647012710571289,
      3.3140742778778076,
      20.005537033081055,
      16.66179656982422,
      25.07576560974121,
      23.394428253173828,
      25.670461654663086,
      21.007862091064453,
      38.632442474365234,
      24.998279571533203,
      34.88274383544922,
      32.870445251464844,
      26.391700744628906,
      24.086139678955078
    ],
    [
      25.651870727539062,
      51.5403938293457,
      13.074066162109375,
      39.70437240600586,
      8.069612503051758,
      20.949586868286133,
      23.904211044311523,
      46.47476577758789,
      21.067359924316406,
      56.545570373535156,
      23.330341339111328,
      61.605316162109375,
      24.998279571533203,
      79.18291473388672,
      25.31958770751953,
      71.0400390625,
      22.381406784057617,
      64.33454895019531
    ],
    [
      24.19808578491211,
      15.984044075012207,
      12.498027801513672,
      6.6567816734313965,
      7.563965797424316,
      2.6201696395874023,
      15.85629653930664,
      13.656686782836914,
      19.91547393798828,
      19.582677841186523,
      22.247821807861328,
      18.51767349243164,
      34.88274383544922,
      25.31958770751953,
      55.22682189941406,
      36.93915557861328,
      42.743736267089844,
      30.85458755493164
    ],
    [
      25.114534378051758,
      47.5130729675293,
      11.62636947631836,
      37.12109375,
      9.527409553527832,
      21.84001350402832,
      25.44466209411621,
      45.59979248046875,
      23.020721435546875,
      54.17200469970703,
      27.881113052368164,
      59.18037796020508,
      32.870445251464844,
      71.0400390625,
      36.93915557861328,
      101.56131744384766,
      38.424354553222656,
      83.38545989990234
    ],
    [
      14.99856185913086,
      10.123330116271973,
      7.877645492553711,
      7.5975446701049805,
      6.204426288604736,
      4.211632251739502,
      11.337324142456055,
      10.459989547729492,
      12.03580093383789,
      12.595013618469238,
      16.009328842163086,
      14.066475868225098,
      26.391700744628906,
      22.381406784057617,
      42.743736267089844,
      38.424354553222656,
      53.65159606933594,
      43.82289123535156
    ],
    [
      14.45418930053711,
      42.24998474121094,
      7.982871055603027,
      38.58194351196289,
      6.503352165222168,
      24.149662017822266,
      17.18448257446289,
      42.844051361083984,
      12.295833587646484,
      46.52061080932617,
      19.454174041748047,
      54.380035400390625,
      24.086139678955078,
      64.33454895019531,
      30.85458755493164,
      83.38545989990234,
      43.82289123535156,
      111.19141387939453
    ]
  ],
  "damage": -0.981158971786499,
  "diff_bandwidth": 652.49267578125,
  "dissonance": 10.549144565562134,
  "drr": 18.297285079956055,
  "dynamics": 3.497262954711914,
  "format": 1245190,
  "frames": 10795968,
  "loudness": -7.041280269622803,
  "loudness_range": 9.929213523864746,
  "loudness_range_short": 10.78956127166748,
  "lowpass_true_peak_15khz": 2.999985456466675,
  "mastering3_acoustic_entropies": [
    {
      "acoustic_entropy": 5.874413967132568,
      "acoustic_entropy_mono": 5.775294303894043,
      "band_eliminated_acoustic_entropies": [
        {
          "acoustic_entropy": 5.9504475593566895,
          "acoustic_entropy_side": 5.875378608703613,
          "hz": 129.47220167065723
        },
        {
          "acoustic_entropy": 5.831249237060547,
          "acoustic_entropy_side": 5.891987323760986,
          "hz": 202.92927478742237
        },
        {
          "acoustic_entropy": 6.01905632019043,
          "acoustic_entropy_side": 5.928083896636963,
          "hz": 282.89161906338205
        },
        {
          "acoustic_entropy": 5.9493088722229,
          "acoustic_entropy_side": 5.902734756469727,
          "hz": 369.9353335868758
        },
        {
          "acoustic_entropy": 6.1082329750061035,
          "acoustic_entropy_side": 5.875491142272949,
          "hz": 464.6875360973435
        },
        {
          "acoustic_entropy": 6.332793712615967,
          "acoustic_entropy_side": 5.880393981933594,
          "hz": 567.8308811364784
        },
        {
          "acoustic_entropy": 5.986331939697266,
          "acoustic_entropy_side": 5.864464282989502,
          "hz": 680.1084783214808
        },
        {
          "acoustic_entropy": 5.877194404602051,
          "acoustic_entropy_side": 5.87637996673584,
          "hz": 802.3292461747484
        },
        {
          "acoustic_entropy": 5.545791149139404,
          "acoustic_entropy_side": 5.83836555480957,
          "hz": 935.3737400823702
        },
        {
          "acoustic_entropy": 5.726638317108154,
          "acoustic_entropy_side": 5.880197525024414,
          "hz": 1080.2004963696966
        },
        {
          "acoustic_entropy": 5.763337135314941,
          "acoustic_entropy_side": 5.886631965637207,
          "hz": 1237.8529382007157
        },
        {
          "acoustic_entropy": 5.797647953033447,
          "acoustic_entropy_side": 5.876301288604736,
          "hz": 1409.4668930556702
        },
        {
          "acoustic_entropy": 5.790756702423096,
          "acoustic_entropy_side": 5.879733562469482,
          "hz": 1596.2787759475705
        },
        {
          "acoustic_entropy": 5.848038673400879,
          "acoustic_entropy_side": 5.902897357940674,
          "hz": 1799.6344973346393
        },
        {
          "acoustic_entropy": 5.926080226898193,
          "acoustic_entropy_side": 5.9009294509887695,
          "hz": 2020.9991599069049
        },
        {
          "acoustic_entropy": 5.52793025970459,
          "acoustic_entropy_side": 5.878115177154541,
          "hz": 2261.9676141086993
        },
        {
          "acoustic_entropy": 5.421914100646973,
          "acoustic_entropy_side": 5.848821640014648,
          "hz": 2524.2759484456974
        },
        {
          "acoustic_entropy": 5.6612868309021,
          "acoustic_entropy_side": 5.880814552307129,
          "hz": 2809.813997359896
        },
        {
          "acoustic_entropy": 5.818332672119141,
          "acoustic_entropy_side": 5.868282794952393,
          "hz": 3120.6389567871424
        },
        {
          "acoustic_entropy": 5.895500659942627,
          "acoustic_entropy_side": 5.875668525695801,
          "hz": 3458.990205492291
        },
        {
          "acoustic_entropy": 6.026871681213379,
          "acoustic_entropy_side": 5.897107124328613,
          "hz": 3827.305438964164
        },
        {
          "acoustic_entropy": 5.890275955200195,
          "acoustic_entropy_side": 5.878942012786865,
          "hz": 4228.238232109126
        },
        {
          "acoustic_entropy": 5.89266300201416,
          "acoustic_entropy_side": 5.87526798248291,
          "hz": 4664.6771572759235
        },
        {
          "acoustic_entropy": 5.727354526519775,
          "acoustic_entropy_side": 5.875986099243164,
          "hz": 5139.766595350093
        },
        {
          "acoustic_entropy": 5.668097496032715,
          "acoustic_entropy_side": 5.886132717132568,
          "hz": 5656.929389854203
        },
        {
          "acoustic_entropy": 5.6065545082092285,
          "acoustic_entropy_side": 5.857168674468994,
          "hz": 6219.891507268283
        },
        {
          "acoustic_entropy": 5.603658676147461,
          "acoustic_entropy_side": 5.862157344818115,
          "hz": 6832.70888123896
        },
        {
          "acoustic_entropy": 5.640121936798096,
          "acoustic_entropy_side": 5.876611232757568,
          "hz": 7499.796634079867
        },
        {
          "acoustic_entropy": 5.820322513580322,
          "acoustic_entropy_side": 5.903256416320801,
          "hz": 8225.96088609342
        },
        {
          "acoustic_entropy": 5.839067459106445,
          "acoustic_entropy_side": 5.899747371673584,
          "hz": 9016.43338188839
        },
        {
          "acoustic_entropy": 5.778369903564453,
          "acoustic_entropy_side": 5.914892196655273,
          "hz": 9876.909183162974
        },
        {
          "acoustic_entropy": 5.764159679412842,
          "acoustic_entropy_side": 5.90994119644165,
          "hz": 10813.587699516042
        },
        {
          "acoustic_entropy": 5.687937259674072,
          "acoustic_entropy_side": 5.904886722564697,
          "hz": 11833.21735289826
        },
        {
          "acoustic_entropy": 5.800826072692871,
          "acoustic_entropy_side": 5.91286039352417,
          "hz": 12943.144197493959
        },
        {
          "acoustic_entropy": 5.859730243682861,
          "acoustic_entropy_side": 5.916497707366943,
          "hz": 14151.364845322005
        },
        {
          "acoustic_entropy": 5.8698554039001465,
          "acoustic_entropy_side": 5.911815643310547,
          "hz": 15466.58407886509
        },
        {
          "acoustic_entropy": 5.907925128936768,
          "acoustic_entropy_side": 5.904311180114746,
          "hz": 16898.27756580493
        },
        {
          "acoustic_entropy": 5.88598108291626,
          "acoustic_entropy_side": 5.89500093460083,
          "hz": 18456.760127700032
        },
        {
          "acoustic_entropy": 5.889505863189697,
          "acoustic_entropy_side": 5.882721900939941,
          "hz": 20153.260054456492
        },
        {
          "acoustic_entropy": 5.877132415771484,
          "acoustic_entropy_side": 5.876201629638672,
          "hz": 22000.00000000001
        }
      ],
      "diff_acoustic_entropy": 5.657337665557861,
      "sn": 6
    },
    {
      "acoustic_entropy": 9.221582412719727,
      "acoustic_entropy_mono": 9.384676933288574,
      "band_eliminated_acoustic_entropies": [
        {
          "acoustic_entropy": 9.395057678222656,
          "acoustic_entropy_side": 9.212677001953125,
          "hz": 129.47220167065723
        },
        {
          "acoustic_entropy": 9.322956085205078,
          "acoustic_entropy_side": 9.151261329650879,
          "hz": 202.92927478742237
        },
        {
          "acoustic_entropy": 9.535436630249023,
          "acoustic_entropy_side": 9.246132850646973,
          "hz": 282.89161906338205
        },
        {
          "acoustic_entropy": 9.513909339904785,
          "acoustic_entropy_side": 9.299276351928711,
          "hz": 369.9353335868758
        },
        {
          "acoustic_entropy": 9.740959167480469,
          "acoustic_entropy_side": 9.19825267791748,
          "hz": 464.6875360973435
        },
        {
          "acoustic_entropy": 10.026082992553711,
          "acoustic_entropy_side": 9.2962007522583,
          "hz": 567.8308811364784
        },
        {
          "acoustic_entropy": 9.291268348693848,
          "acoustic_entropy_side": 9.507993698120117,
          "hz": 680.1084783214808
        },
        {
          "acoustic_entropy": 9.440855979919434,
          "acoustic_entropy_side": 9.474370956420898,
          "hz": 802.3292461747484
        },
        {
          "acoustic_entropy": 9.338900566101074,
          "acoustic_entropy_side": 9.359756469726562,
          "hz": 935.3737400823702
        },
        {
          "acoustic_entropy": 9.071879386901855,
          "acoustic_entropy_side": 9.232839584350586,
          "hz": 1080.2004963696966
        },
        {
          "acoustic_entropy": 9.490265846252441,
          "acoustic_entropy_side": 9.256654739379883,
          "hz": 1237.8529382007157
        },
        {
          "acoustic_entropy": 9.084543228149414,
          "acoustic_entropy_side": 9.195733070373535,
          "hz": 1409.4668930556702
        },
        {
          "acoustic_entropy": 9.249865531921387,
          "acoustic_entropy_side": 9.200252532958984,
          "hz": 1596.2787759475705
        },
        {
          "acoustic_entropy": 9.26401138305664,
          "acoustic_entropy_side": 9.14893913269043,
          "hz": 1799.6344973346393
        },
        {
          "acoustic_entropy": 9.190109252929688,
          "acoustic_entropy_side": 9.185776710510254,
          "hz": 2020.9991599069049
        },
        {
          "acoustic_entropy": 9.283093452453613,
          "acoustic_entropy_side": 9.198893547058105,
          "hz": 2261.9676141086993
        },
        {
          "acoustic_entropy": 9.086051940917969,
          "acoustic_entropy_side": 9.199893951416016,
          "hz": 2524.2759484456974
        },
        {
          "acoustic_entropy": 9.216742515563965,
          "acoustic_entropy_side": 9.271150588989258,
          "hz": 2809.813997359896
        },
        {
          "acoustic_entropy": 9.200724601745605,
          "acoustic_entropy_side": 9.304929733276367,
          "hz": 3120.6389567871424
        },
        {
          "acoustic_entropy": 9.191909790039062,
          "acoustic_entropy_side": 9.3716459274292,
          "hz": 3458.990205492291
        },
        {
          "acoustic_entropy": 9.129993438720703,
          "acoustic_entropy_side": 9.228487968444824,
          "hz": 3827.305438964164
        },
        {
          "acoustic_entropy": 9.356012344360352,
          "acoustic_entropy_side": 9.202570915222168,
          "hz": 4228.238232109126
        },
        {
          "acoustic_entropy": 9.261006355285645,
          "acoustic_entropy_side": 9.25624942779541,
          "hz": 4664.6771572759235
        },
        {
          "acoustic_entropy": 9.246464729309082,
          "acoustic_entropy_side": 9.27061653137207,
          "hz": 5139.766595350093
        },
        {
          "acoustic_entropy": 9.212194442749023,
          "acoustic_entropy_side": 9.210844039916992,
          "hz": 5656.929389854203
        },
        {
          "acoustic_entropy": 9.254014015197754,
          "acoustic_entropy_side": 9.207403182983398,
          "hz": 6219.891507268283
        },
        {
          "acoustic_entropy": 9.314277648925781,
          "acoustic_entropy_side": 9.195679664611816,
          "hz": 6832.70888123896
        },
        {
          "acoustic_entropy": 9.346546173095703,
          "acoustic_entropy_side": 9.199262619018555,
          "hz": 7499.796634079867
        },
        {
          "acoustic_entropy": 9.253403663635254,
          "acoustic_entropy_side": 9.20300579071045,
          "hz": 8225.96088609342
        },
        {
          "acoustic_entropy": 9.207657814025879,
          "acoustic_entropy_side": 9.188142776489258,
          "hz": 9016.43338188839
        },
        {
          "acoustic_entropy": 9.228597640991211,
          "acoustic_entropy_side": 9.192790031433105,
          "hz": 9876.909183162974
        },
        {
          "acoustic_entropy": 9.221473693847656,
          "acoustic_entropy_side": 9.211095809936523,
          "hz": 10813.587699516042
        },
        {
          "acoustic_entropy": 9.24692153930664,
          "acoustic_entropy_side": 9.204895973205566,
          "hz": 11833.21735289826
        },
        {
          "acoustic_entropy": 9.295531272888184,
          "acoustic_entropy_side": 9.208395957946777,
          "hz": 12943.144197493959
        },
        {
          "acoustic_entropy": 9.225899696350098,
          "acoustic_entropy_side": 9.190166473388672,
          "hz": 14151.364845322005
        },
        {
          "acoustic_entropy": 9.163859367370605,
          "acoustic_entropy_side": 9.18529224395752,
          "hz": 15466.58407886509
        },
        {
          "acoustic_entropy": 9.021257400512695,
          "acoustic_entropy_side": 9.143074035644531,
          "hz": 16898.27756580493
        },
        {
          "acoustic_entropy": 9.052525520324707,
          "acoustic_entropy_side": 9.153581619262695,
          "hz": 18456.760127700032
        },
        {
          "acoustic_entropy": 9.134593963623047,
          "acoustic_entropy_side": 9.181451797485352,
          "hz": 20153.260054456492
        },
        {
          "acoustic_entropy": 9.205446243286133,
          "acoustic_entropy_side": 9.213794708251953,
          "hz": 22000.00000000001
        }
      ],
      "diff_acoustic_entropy": 8.493803024291992,
      "sn": 12
    },
    {
      "acoustic_entropy": 15.40340518951416,
      "acoustic_entropy_mono": 12.327885627746582,
      "band_eliminated_acoustic_entropies": [
        {
          "acoustic_entropy": 15.384132385253906,
          "acoustic_entropy_side": 15.3447847366333,
          "hz": 129.47220167065723
        },
        {
          "acoustic_entropy": 16.148832321166992,
          "acoustic_entropy_side": 15.556907653808594,
          "hz": 202.92927478742237
        },
        {
          "acoustic_entropy": 16.084596633911133,
          "acoustic_entropy_side": 15.623673439025879,
          "hz": 282.89161906338205
        },
        {
          "acoustic_entropy": 15.476926803588867,
          "acoustic_entropy_side": 15.39086627960205,
          "hz": 369.9353335868758
        },
        {
          "acoustic_entropy": 15.618114471435547,
          "acoustic_entropy_side": 15.701558113098145,
          "hz": 464.6875360973435
        },
        {
          "acoustic_entropy": 15.177711486816406,
          "acoustic_entropy_side": 15.397940635681152,
          "hz": 567.8308811364784
        },
        {
          "acoustic_entropy": 15.569266319274902,
          "acoustic_entropy_side": 15.966376304626465,
          "hz": 680.1084783214808
        },
        {
          "acoustic_entropy": 16.01701545715332,
          "acoustic_entropy_side": 16.081958770751953,
          "hz": 802.3292461747484
        },
        {
          "acoustic_entropy": 15.531998634338379,
          "acoustic_entropy_side": 15.457022666931152,
          "hz": 935.3737400823702
        },
        {
          "acoustic_entropy": 15.949325561523438,
          "acoustic_entropy_side": 15.876842498779297,
          "hz": 1080.2004963696966
        },
        {
          "acoustic_entropy": 15.164216995239258,
          "acoustic_entropy_side": 15.358539581298828,
          "hz": 1237.8529382007157
        },
        {
          "acoustic_entropy": 15.694565773010254,
          "acoustic_entropy_side": 15.443574905395508,
          "hz": 1409.4668930556702
        },
        {
          "acoustic_entropy": 15.893725395202637,
          "acoustic_entropy_side": 15.462956428527832,
          "hz": 1596.2787759475705
        },
        {
          "acoustic_entropy": 15.516797065734863,
          "acoustic_entropy_side": 15.553741455078125,
          "hz": 1799.6344973346393
        },
        {
          "acoustic_entropy": 15.613190650939941,
          "acoustic_entropy_side": 15.516417503356934,
          "hz": 2020.9991599069049
        },
        {
          "acoustic_entropy": 15.471150398254395,
          "acoustic_entropy_side": 15.450821876525879,
          "hz": 2261.9676141086993
        },
        {
          "acoustic_entropy": 15.663861274719238,
          "acoustic_entropy_side": 15.513355255126953,
          "hz": 2524.2759484456974
        },
        {
          "acoustic_entropy": 15.472498893737793,
          "acoustic_entropy_side": 15.355057716369629,
          "hz": 2809.813997359896
        },
        {
          "acoustic_entropy": 15.554147720336914,
          "acoustic_entropy_side": 15.37890911102295,
          "hz": 3120.6389567871424
        },
        {
