{
  "acoustic_entropy": 126.83984375,
  "bands": [
    {
      "high_freq": 148.1999969482422,
      "loudness": -49.07720184326172,
      "loudness_range": 13.64047622680664,
      "mid_mean": -50.220848083496094,
      "mid_to_side_loudness": -5.814748287200928,
      "mid_to_side_loudness_range": 7.736700057983398,
      "side_mean": -55.538307189941406
    },
    {
      "high_freq": 392.3793640136719,
      "loudness": -36.279022216796875,
      "loudness_range": 12.823488235473633,
      "low_freq": 148.1999969482422,
      "mid_mean": -34.61338806152344,
      "mid_to_side_loudness": -3.7053909301757812,
      "mid_to_side_loudness_range": 7.959718704223633,
      "side_mean": -37.9188117980957
    },
    {
      "high_freq": 794.6976318359375,
      "loudness": -43.756736755371094,
      "loudness_range": 20.409503936767578,
      "low_freq": 392.3793640136719,
      "mid_mean": -42.984275817871094,
      "mid_to_side_loudness": -1.70120108127594,
      "mid_to_side_loudness_range": 8.892139434814453,
      "side_mean": -44.84220886230469
    },
    {
      "high_freq": 1457.5709228515625,
      "loudness": -46.77867126464844,
      "loudness_range": 35.11357879638672,
      "low_freq": 794.6976318359375,
      "mid_mean": -50.44209671020508,
      "mid_to_side_loudness": -5.17565393447876,
      "mid_to_side_loudness_range": 14.634089469909668,
      "side_mean": -55.008583068847656
    },
    {
      "high_freq": 2549.74365234375,
      "loudness": -49.187782287597656,
      "loudness_range": 23.7532958984375,
      "low_freq": 1457.5709228515625,
      "mid_mean": -51.54252624511719,
      "mid_to_side_loudness": -5.9052653312683105,
      "mid_to_side_loudness_range": 14.213098526000977,
      "side_mean": -56.80583190917969
    },
    {
      "high_freq": 4349.24462890625,
      "loudness": -62.61439514160156,
      "loudness_range": 25.925365447998047,
      "low_freq": 2549.74365234375,
      "mid_mean": -59.9315185546875,
      "mid_to_side_loudness": -5.602727890014648,
      "mid_to_side_loudness_range": 12.41728687286377,
      "side_mean": -64.3581771850586
    },
    {
      "high_freq": 7314.1640625,
      "loudness": -75.50382232666016,
      "loudness_range": 13.037971496582031,
      "low_freq": 4349.24462890625,
      "mid_mean": -68.08930206298828,
      "mid_to_side_loudness": -2.8147170543670654,
      "mid_to_side_loudness_range": 7.294834613800049,
      "side_mean": -69.1386947631836
    },
    {
      "high_freq": 12199.2666015625,
      "loudness": -76.62026977539062,
      "loudness_range": 5.458404541015625,
      "low_freq": 7314.1640625,
      "mid_mean": -68.84626007080078,
      "mid_to_side_loudness": -1.5063751935958862,
      "mid_to_side_loudness_range": 2.401766061782837,
      "side_mean": -69.1999282836914
    },
    {
      "loudness": 0,
      "loudness_range": 0,
      "low_freq": 12199.2666015625,
      "mid_mean": -68.99931335449219,
      "mid_to_side_loudness": -0.7717573046684265,
      "mid_to_side_loudness_range": 0.9866906404495239,
      "side_mean": -69.15415954589844
    }
  ],
  "bands_short": [
    {
      "high_freq": 148.1999969482422,
      "loudness": -53.85132598876953,
      "loudness_range": 18.318317413330078,
      "mid_mean": -54.208580017089844,
      "mid_to_side_loudness": -5.497475624084473,
      "mid_to_side_loudness_range": 12.195417404174805,
      "side_mean": -59.08852005004883
    },
    {
      "high_freq": 392.3793640136719,
      "loudness": -36.6485481262207,
      "loudness_range": 13.782859802246094,
      "low_freq": 148.1999969482422,
      "mid_mean": -35.05512237548828,
      "mid_to_side_loudness": -3.92071533203125,
      "mid_to_side_loudness_range": 10.286602020263672,
      "side_mean": -38.561119079589844
    },
    {
      "high_freq": 794.6976318359375,
      "loudness": -43.101478576660156,
      "loudness_range": 19.597288131713867,
      "low_freq": 392.3793640136719,
      "mid_mean": -42.2762451171875,
      "mid_to_side_loudness": -2.0711610317230225,
      "mid_to_side_loudness_range": 12.322783470153809,
      "side_mean": -44.37882614135742
    },
    {
      "high_freq": 1457.5709228515625,
      "loudness": -47.96992874145508,
      "loudness_range": 35.4447021484375,
      "low_freq": 794.6976318359375,
      "mid_mean": -51.291717529296875,
      "mid_to_side_loudness": -4.326133728027344,
      "mid_to_side_loudness_range": 16.47959327697754,
      "side_mean": -55.37403106689453
    },
    {
      "high_freq": 2549.74365234375,
      "loudness": -50.16899871826172,
      "loudness_range": 24.652851104736328,
      "low_freq": 1457.5709228515625,
      "mid_mean": -52.67971420288086,
      "mid_to_side_loudness": -5.225776195526123,
      "mid_to_side_loudness_range": 16.603729248046875,
      "side_mean": -57.4483642578125
    },
    {
      "high_freq": 4349.24462890625,
      "loudness": -62.962974548339844,
      "loudness_range": 26.630477905273438,
      "low_freq": 2549.74365234375,
      "mid_mean": -60.36893081665039,
      "mid_to_side_loudness": -4.92096471786499,
      "mid_to_side_loudness_range": 14.131094932556152,
      "side_mean": -64.24859619140625
    },
    {
      "high_freq": 7314.1640625,
      "loudness": -75.87681579589844,
      "loudness_range": 12.884574890136719,
      "low_freq": 4349.24462890625,
      "mid_mean": -68.29489135742188,
      "mid_to_side_loudness": -1.8736342191696167,
      "mid_to_side_loudness_range": 7.025796413421631,
      "side_mean": -69.14265441894531
    },
    {
      "high_freq": 12199.2666015625,
      "loudness": -76.66232299804688,
      "loudness_range": 5.5363922119140625,
      "low_freq": 7314.1640625,
      "mid_mean": -68.861328125,
      "mid_to_side_loudness": -1.4350345134735107,
      "mid_to_side_loudness_range": 2.7685701847076416,
      "side_mean": -69.20105743408203
    },
    {
      "loudness": 0,
      "loudness_range": 0,
      "low_freq": 12199.2666015625,
      "mid_mean": -68.99703979492188,
      "mid_to_side_loudness": -0.7690120339393616,
      "mid_to_side_loudness_range": 1.7846057415008545,
      "side_mean": -69.1519546508789
    }
  ],
  "bandwidth": 601.3027954101562,
  "channels": 2,
  "covariance": [
    [
      98.99625396728516,
      75.95928955078125,
      22.495258331298828,
      17.268177032470703,
      28.098003387451172,
      25.721649169921875,
      54.315673828125,
      41.96700668334961,
      58.84897232055664,
      45.789520263671875,
      34.0664176940918,
      20.150724411010742,
      6.85111141204834,
      2.937519073486328,
      4.081479072570801,
      2.6082253456115723,
      2.6146578788757324,
      2.1702678203582764
    ],
    [
      75.95928955078125,
      59.90579605102539,
      18.181110382080078,
      14.404719352722168,
      22.60995101928711,
      21.463455200195312,
      41.49331283569336,
      32.910377502441406,
      44.123008728027344,
      35.13129425048828,
      24.157304763793945,
      14.948031425476074,
      4.7865777015686035,
      2.2116096019744873,
      2.980598211288452,
      1.9832427501678467,
      1.9570139646530151,
      1.6328518390655518
    ],
    [
      22.495258331298828,
      18.181110382080078,
      33.470848083496094,
      30.85335350036621,
      27.80925750732422,
      25.310894012451172,
      22.551136016845703,
      16.72344207763672,
      17.393169403076172,
      10.423436164855957,
      10.977607727050781,
      5.864869117736816,
      2.2886064052581787,
      0.7464914321899414,
      1.3603872060775757,
      0.7598175406455994,
      0.7126049399375916,
      0.6173734664916992
    ],
    [
      17.268177032470703,
      14.404719352722168,
      30.85335350036621,
      33.47542190551758,
      24.04412269592285,
      25.365896224975586,
      16.126930236816406,
      12.524441719055176,
      11.104118347167969,
      5.590966701507568,
      7.282588005065918,
      3.6620941162109375,
      1.1711300611495972,
      0.4526553452014923,
      1.014896273612976,
      0.6255280375480652,
      0.5895532965660095,
      0.5168741941452026
    ],
    [
      28.098003387451172,
      22.60995101928711,
      27.80925750732422,
      24.04412269592285,
      57.54328536987305,
      40.76978302001953,
      34.43307113647461,
      18.862525939941406,
      27.570201873779297,
      18.34088134765625,
      15.184321403503418,
      6.626638889312744,
      7.926779747009277,
      1.6035431623458862,
      2.6088271141052246,
      0.9541489481925964,
      0.914280891418457,
      0.753007173538208
    ],
    [
      25.721649169921875,
      21.463455200195312,
      25.310894012451172,
      25.365896224975586,
      40.76978302001953,
      46.46400451660156,
      21.896984100341797,
      13.787932395935059,
      13.258469581604004,
      11.701431274414062,
      8.47513198852539,
      4.630003452301025,
      4.317482948303223,
      1.2989132404327393,
      1.7803435325622559,
      0.8618561029434204,
      0.7554520964622498,
      0.6417061686515808
    ],
    [
      54.315673828125,
      41.49331283569336,
      22.551136016845703,
      16.126930236816406,
      34.43307113647461,
      21.896984100341797,
      224.8682861328125,
      165.932861328125,
      89.1668930053711,
      52.79377746582031,
      39.9450798034668,
      19.98296546936035,
      22.14863395690918,
      6.34772253036499,
      5.695930004119873,
      2.6812853813171387,
      3.036712169647217,
      2.5595414638519287
    ],
    [
      41.96700668334961,
      32.910377502441406,
      16.72344207763672,
      12.524441719055176,
      18.862525939941406,
      13.787932395935059,
      165.932861328125,
      141.19471740722656,
      76.59960174560547,
      47.192874908447266,
      24.45053482055664,
      12.598188400268555,
      14.140195846557617,
      4.920500755310059,
      3.7355480194091797,
      2.1148228645324707,
      2.2883405685424805,
      1.9819104671478271
    ],
    [
      58.84897232055664,
      44.123008728027344,
      17.393169403076172,
      11.104118347167969,
      27.570201873779297,
      13.258469581604004,
      89.1668930053711,
      76.59960174560547,
      140.99488830566406,
      98.21627044677734,
      36.928714752197266,
      14.438089370727539,
      9.413206100463867,
      3.063685894012451,
      3.7946460247039795,
      2.0917139053344727,
      2.385854959487915,
      1.9896514415740967
    ],
    [
      45.789520263671875,
      35.13129425048828,
      10.423436164855957,
      5.590966701507568,
      18.34088134765625,
      11.701431274414062,
      52.79377746582031,
      47.192874908447266,
      98.21627044677734,
      85.22681427001953,
      28.35930633544922,
      11.588068962097168,
      5.781960487365723,
      2.4064435958862305,
      2.5504579544067383,
      1.6112277507781982,
      1.7515225410461426,
      1.4812203645706177
    ],
    [
      34.0664176940918,
      24.157304763793945,
      10.977607727050781,
      7.282588005065918,
      15.184321403503418,
      8.47513198852539,
      39.9450798034668,
      24.45053482055664,
      36.928714752197266,
      28.35930633544922,
      57.36897277832031,
      30.213909149169922,
      7.509636402130127,
      1.9318773746490479,
      2.5861825942993164,
      1.1138314008712769,
      1.3706531524658203,
      1.071341872215271
    ],
    [
      20.150724411010742,
      14.948031425476074,
      5.864869117736816,
      3.6620941162109375,
      6.626638889312744,
      4.630003452301025,
      19.98296546936035,
      12.598188400268555,
      14.438089370727539,
      11.588068962097168,
      30.213909149169922,
      23.169282913208008,
      3.3283824920654297,
      1.118574857711792,
      1.2002160549163818,
      0.650829017162323,
      0.7538516521453857,
      0.6098489761352539
    ],
    [
      6.85111141204834,
      4.7865777015686035,
      2.2886064052581787,
      1.1711300611495972,
      7.926779747009277,
      4.317482948303223,
      22.14863395690918,
      14.140195846557617,
      9.413206100463867,
      5.781960487365723,
      7.509636402130127,
      3.3283824920654297,
      4.632853031158447,
      0.9622070789337158,
      1.102942705154419,
      0.3395654261112213,
      0.39783287048339844,
      0.3074949085712433
    ],
    [
      2.937519073486328,
      2.2116096019744873,
      0.7464914321899414,
      0.4526553452014923,
      1.6035431623458862,
      1.2989132404327393,
      6.34772253036499,
      4.920500755310059,
      3.063685894012451,
      2.4064435958862305,
      1.9318773746490479,
      1.118574857711792,
      0.9622070789337158,
      0.3550616204738617,
      0.2676076889038086,
      0.13937008380889893,
      0.1447817087173462,
      0.11956554651260376
    ],
    [
      4.081479072570801,
      2.980598211288452,
      1.3603872060775757,
      1.014896273612976,
      2.6088271141052246,
      1.7803435325622559,
      5.695930004119873,
      3.7355480194091797,
      3.7946460247039795,
      2.5504579544067383,
      2.5861825942993164,
      1.2002160549163818,
      1.102942705154419,
      0.2676076889038086,
      0.397137850522995,
      0.15681356191635132,
      0.17083440721035004,
      0.13599267601966858
    ],
    [
      2.6082253456115723,
      1.9832427501678467,
      0.7598175406455994,
      0.6255280375480652,
      0.9541489481925964,
      0.8618561029434204,
      2.6812853813171387,
      2.1148228645324707,
      2.0917139053344727,
      1.6112277507781982,
      1.1138314008712769,
      0.650829017162323,
      0.3395654261112213,
      0.13937008380889893,
      0.15681356191635132,
      0.09984155744314194,
      0.10284124314785004,
      0.0859350934624672
    ],
    [
      2.6146578788757324,
      1.9570139646530151,
      0.7126049399375916,
      0.5895532965660095,
      0.914280891418457,
      0.7554520964622498,
      3.036712169647217,
      2.2883405685424805,
      2.385854959487915,
      1.7515225410461426,
      1.3706531524658203,
      0.7538516521453857,
      0.39783287048339844,
      0.1447817087173462,
      0.17083440721035004,
      0.10284124314785004,
      0.11590180546045303,
      0.09429293870925903
    ],
    [
      2.1702678203582764,
      1.6328518390655518,
      0.6173734664916992,
      0.5168741941452026,
      0.753007173538208,
      0.6417061686515808,
      2.5595414638519287,
      1.9819104671478271,
      1.9896514415740967,
      1.4812203645706177,
      1.071341872215271,
      0.6098489761352539,
      0.3074949085712433,
      0.11956554651260376,
      0.13599267601966858,
      0.0859350934624672,
      0.09429293870925903,
      0.07887604087591171
    ]
  ],
  "covariance_short": [
    [
      84.52812957763672,
      63.233192443847656,
      19.489818572998047,
      14.932876586914062,
      24.409908294677734,
      22.242660522460938,
      43.718666076660156,
      34.95796203613281,
      45.10401916503906,
      36.65913391113281,
      25.479602813720703,
      16.61952781677246,
      4.928089618682861,
      2.4213008880615234,
      3.3193678855895996,
      2.1831252574920654,
      2.1535744667053223,
      1.8040289878845215
    ],
    [
      63.233192443847656,
      50.893402099609375,
      14.271263122558594,
      11.372926712036133,
      17.685121536254883,
      17.06792449951172,
      31.741792678833008,
      26.243627548217773,
      31.268817901611328,
      26.27577018737793,
      15.948166847229004,
      11.036093711853027,
      3.2384612560272217,
      1.734916090965271,
      2.26519513130188,
      1.569191575050354,
      1.5264148712158203,
      1.285818338394165
    ],
    [
      19.489818572998047,
      14.271263122558594,
      35.23543930053711,
      29.417211532592773,
      27.50922203063965,
      24.21755599975586,
      21.470455169677734,
      16.168415069580078,
      15.850417137145996,
      9.815323829650879,
      11.045554161071777,
      6.24254846572876,
      2.03074312210083,
      0.7465813755989075,
      1.3066025972366333,
      0.737183690071106,
      0.6934587955474854,
      0.6008203029632568
    ],
    [
      14.932876586914062,
      11.372926712036133,
      29.417211532592773,
      36.544219970703125,
      24.195899963378906,
      24.631044387817383,
      15.699642181396484,
      12.602018356323242,
      10.602019309997559,
      5.57256555557251,
      7.647778511047363,
      4.13095760345459,
      1.053038239479065,
      0.4928250312805176,
      0.9984943866729736,
      0.6413483619689941,
      0.597176194190979,
      0.5303214192390442
    ],
    [
      24.409908294677734,
      17.685121536254883,
      27.50922203063965,
      24.195899963378906,
      56.71754837036133,
      37.965545654296875,
      31.903337478637695,
      18.196504592895508,
      22.607301712036133,
      15.501337051391602,
      14.230194091796875,
      7.103631496429443,
      6.364638805389404,
      1.403882384300232,
      2.397547721862793,
      0.929178774356842,
      0.9139836430549622,
      0.7505850195884705
    ],
    [
      22.242660522460938,
      17.06792449951172,
      24.21755599975586,
      24.631044387817383,
      37.965545654296875,
      47.358421325683594,
      20.986656188964844,
      14.069068908691406,
      12.008228302001953,
      10.368563652038574,
      8.407723426818848,
      4.788446426391602,
      3.463460683822632,
      1.1433860063552856,
      1.6161473989486694,
      0.8319780230522156,
      0.7514489889144897,
      0.6365816593170166
    ],
    [
      43.718666076660156,
      31.741792678833008,
      21.470455169677734,
      15.699642181396484,
      31.903337478637695,
      20.986656188964844,
      218.50363159179688,
      158.3647003173828,
      83.60476684570312,
      50.792301177978516,
      34.14824295043945,
      18.696849822998047,
      19.856117248535156,
      6.28596830368042,
      5.675833702087402,
      2.6601109504699707,
      3.0166404247283936,
      2.5445613861083984
    ],
    [
      34.95796203613281,
      26.243627548217773,
      16.168415069580078,
      12.602018356323242,
      18.196504592895508,
      14.069068908691406,
      158.3647003173828,
      137.9575653076172,
      71.64591979980469,
      45.06110763549805,
      20.888530731201172,
      11.697516441345215,
      12.02793025970459,
      4.879467964172363,
      3.6618452072143555,
      2.0998141765594482,
      2.250067949295044,
      1.956290602684021
    ],
    [
      45.10401916503906,
      31.268817901611328,
      15.850417137145996,
      10.602019309997559,
      22.607301712036133,
      12.008228302001953,
      83.60476684570312,
      71.64591979980469,
      138.3200225830078,
      92.43477630615234,
      33.04460144042969,
      13.816935539245605,
      8.770973205566406,
      2.939835786819458,
      3.713388442993164,
      2.0229527950286865,
      2.3024442195892334,
      1.9312602281570435
    ],
    [
      36.65913391113281,
      26.27577018737793,
      9.815323829650879,
      5.57256555557251,
      15.501337051391602,
      10.368563652038574,
      50.792301177978516,
      45.06110763549805,
      92.43477630615234,
      84.7732162475586,
      25.324750900268555,
      12.040493965148926,
      5.094623565673828,
      2.3818113803863525,
      2.3614587783813477,
      1.5629996061325073,
      1.6862876415252686,
      1.4337565898895264
    ],
    [
      25.479602813720703,
      15.948166847229004,
      11.045554161071777,
      7.647778511047363,
      14.230194091796875,
      8.407723426818848,
      34.14824295043945,
      20.888530731201172,
      33.04460144042969,
      25.324750900268555,
      60.25105285644531,
      30.87065887451172,
      7.252521514892578,
      1.8355733156204224,
      2.696803092956543,
      1.1130975484848022,
      1.3784137964248657,
      1.0597877502441406
    ],
    [
      16.61952781677246,
      11.036093711853027,
      6.24254846572876,
      4.13095760345459,
      7.103631496429443,
      4.788446426391602,
      18.696849822998047,
      11.697516441345215,
      13.816935539245605,
      12.040493965148926,
      30.87065887451172,
      26.06135368347168,
      3.0748753547668457,
      1.1688966751098633,
      1.2758468389511108,
      0.6882932782173157,
      0.8021343350410461,
      0.6443946361541748
    ],
    [
      4.928089618682861,
      3.2384612560272217,
      2.03074312210083,
      1.053038239479065,
      6.364638805389404,
      3.463460683822632,
      19.856117248535156,
      12.02793025970459,
      8.770973205566406,
      5.094623565673828,
      7.252521514892578,
      3.0748753547668457,
      4.785350799560547,
      0.8541333675384521,
      1.1865631341934204,
      0.32092592120170593,
      0.3853318989276886,
      0.28729620575904846
    ],
    [
      2.4213008880615234,
      1.734916090965271,
      0.7465813755989075,
      0.4928250312805176,
      1.403882384300232,
      1.1433860063552856,
      6.28596830368042,
      4.879467964172363,
      2.939835786819458,
      2.3818113803863525,
      1.8355733156204224,
      1.1688966751098633,
      0.8541333675384521,
      0.40348881483078003,
      0.2673177719116211,
      0.14051659405231476,
      0.1453886777162552,
      0.11993112415075302
    ],
    [
      3.3193678855895996,
      2.26519513130188,
      1.3066025972366333,
      0.9984943866729736,
      2.397547721862793,
      1.6161473989486694,
      5.675833702087402,
      3.6618452072143555,
      3.713388442993164,
      2.3614587783813477,
      2.696803092956543,
      1.2758468389511108,
      1.1865631341934204,
      0.2673177719116211,
      0.46765878796577454,
      0.161255344748497,
      0.17958316206932068,
      0.13863080739974976
    ],
    [
      2.1831252574920654,
      1.569191575050354,
      0.737183690071106,
      0.6413483619689941,
      0.929178774356842,
      0.8319780230522156,
      2.6601109504699707,
      2.0998141765594482,
      2.0229527950286865,
      1.5629996061325073,
      1.1130975484848022,
      0.6882932782173157,
      0.32092592120170593,
      0.14051659405231476,
      0.161255344748497,
      0.1055028960108757,
      0.10414742678403854,
      0.08673903346061707
    ],
    [
      2.1535744667053223,
      1.5264148712158203,
      0.6934587955474854,
      0.597176194190979,
      0.9139836430549622,
      0.7514489889144897,
      3.0166404247283936,
      2.250067949295044,
      2.3024442195892334,
      1.6862876415252686,
      1.3784137964248657,
      0.8021343350410461,
      0.3853318989276886,
      0.1453886777162552,
      0.17958316206932068,
      0.10414742678403854,
      0.12349919229745865,
      0.09602073580026627
    ],
    [
      1.8040289878845215,
      1.285818338394165,
      0.6008203029632568,
      0.5303214192390442,
      0.7505850195884705,
      0.6365816593170166,
      2.5445613861083984,
      1.956290602684021,
      1.9312602281570435,
      1.4337565898895264,
      1.0597877502441406,
      0.6443946361541748,
      0.28729620575904846,
      0.11993112415075302,
      0.13863080739974976,
      0.08673903346061707,
      0.09602073580026627,
      0.08400114625692368
    ]
  ],
  "damage": -19.740428924560547,
  "diff_bandwidth": 656.0770874023438,
  "dissonance": 6.540163742851003,
  "drr": -21.598888397216797,
  "dynamics": 4.277124881744385,
  "format": 1245190,
  "frames": 4289472,
  "loudness": -29.7845401763916,
  "loudness_range": 14.564647674560547,
  "loudness_range_short": 14.947456359863281,
  "lowpass_true_peak_15khz": -12.308794021606445,
  "mastering3_acoustic_entropies": [
    {
      "acoustic_entropy": 8.584739685058594,
      "acoustic_entropy_mono": 9.038315773010254,
      "band_eliminated_acoustic_entropies": [
        {
          "acoustic_entropy": 8.584409713745117,
          "acoustic_entropy_side": 8.584712982177734,
          "hz": 129.47220167065723
        },
        {
          "acoustic_entropy": 8.572590827941895,
          "acoustic_entropy_side": 8.5842866897583,
          "hz": 202.92927478742237
        },
        {
          "acoustic_entropy": 8.681933403015137,
          "acoustic_entropy_side": 8.619409561157227,
          "hz": 282.89161906338205
        },
        {
          "acoustic_entropy": 8.14538860321045,
          "acoustic_entropy_side": 8.780217170715332,
          "hz": 369.9353335868758
        },
        {
          "acoustic_entropy": 8.942753791809082,
          "acoustic_entropy_side": 8.82298755645752,
          "hz": 464.6875360973435
        },
        {
          "acoustic_entropy": 8.987441062927246,
          "acoustic_entropy_side": 8.766483306884766,
          "hz": 567.8308811364784
        },
        {
          "acoustic_entropy": 8.699174880981445,
          "acoustic_entropy_side": 8.579305648803711,
          "hz": 680.1084783214808
        },
        {
          "acoustic_entropy": 9.534647941589355,
          "acoustic_entropy_side": 8.892973899841309,
          "hz": 802.3292461747484
        },
        {
          "acoustic_entropy": 9.078067779541016,
          "acoustic_entropy_side": 8.7326078414917,
          "hz": 935.3737400823702
        },
        {
          "acoustic_entropy": 9.124383926391602,
          "acoustic_entropy_side": 8.69368839263916,
          "hz": 1080.2004963696966
        },
        {
          "acoustic_entropy": 8.865782737731934,
          "acoustic_entropy_side": 8.728657722473145,
          "hz": 1237.8529382007157
        },
        {
          "acoustic_entropy": 8.90714168548584,
          "acoustic_entropy_side": 8.777371406555176,
          "hz": 1409.4668930556702
        },
        {
          "acoustic_entropy": 9.287861824035645,
          "acoustic_entropy_side": 8.786066055297852,
          "hz": 1596.2787759475705
        },
        {
          "acoustic_entropy": 8.551796913146973,
          "acoustic_entropy_side": 8.691633224487305,
          "hz": 1799.6344973346393
        },
        {
          "acoustic_entropy": 9.026530265808105,
          "acoustic_entropy_side": 8.708562850952148,
          "hz": 2020.9991599069049
        },
        {
          "acoustic_entropy": 9.219834327697754,
          "acoustic_entropy_side": 8.634530067443848,
          "hz": 2261.9676141086993
        },
        {
          "acoustic_entropy": 9.222122192382812,
          "acoustic_entropy_side": 8.573870658874512,
          "hz": 2524.2759484456974
        },
        {
          "acoustic_entropy": 8.76548957824707,
          "acoustic_entropy_side": 8.583014488220215,
          "hz": 2809.813997359896
        },
        {
          "acoustic_entropy": 8.594411849975586,
          "acoustic_entropy_side": 8.585715293884277,
          "hz": 3120.6389567871424
        },
        {
          "acoustic_entropy": 8.592630386352539,
          "acoustic_entropy_side": 8.584695816040039,
          "hz": 3458.990205492291
        },
        {
          "acoustic_entropy": 8.584893226623535,
          "acoustic_entropy_side": 8.584725379943848,
          "hz": 3827.305438964164
        },
        {
          "acoustic_entropy": 8.584725379943848,
          "acoustic_entropy_side": 8.584746360778809,
          "hz": 4228.238232109126
        },
        {
          "acoustic_entropy": 8.584709167480469,
          "acoustic_entropy_side": 8.58474063873291,
          "hz": 4664.6771572759235
        },
        {
          "acoustic_entropy": 8.584772109985352,
          "acoustic_entropy_side": 8.584739685058594,
          "hz": 5139.766595350093
        },
        {
          "acoustic_entropy": 8.58472728729248,
          "acoustic_entropy_side": 8.584739685058594,
          "hz": 5656.929389854203
        },
        {
          "acoustic_entropy": 8.584734916687012,
          "acoustic_entropy_side": 8.584739685058594,
          "hz": 6219.891507268283
        },
        {
          "acoustic_entropy": 8.584735870361328,
          "acoustic_entropy_side": 8.584739685058594,
          "hz": 6832.70888123896
        },
        {
          "acoustic_entropy": 8.584736824035645,
          "acoustic_entropy_side": 8.584739685058594,
          "hz": 7499.796634079867
        },
        {
          "acoustic_entropy": 8.584737777709961,
          "acoustic_entropy_side": 8.584739685058594,
          "hz": 8225.96088609342
        },
        {
          "acoustic_entropy": 8.584739685058594,
          "acoustic_entropy_side": 8.584739685058594,
          "hz": 9016.43338188839
        },
        {
          "acoustic_entropy": 8.584739685058594,
          "acoustic_entropy_side": 8.58474063873291,
          "hz": 9876.909183162974
        },
        {
          "acoustic_entropy": 8.58474063873291,
          "acoustic_entropy_side": 8.58474063873291,
          "hz": 10813.587699516042
        },
        {
          "acoustic_entropy": 8.58474063873291,
          "acoustic_entropy_side": 8.58474063873291,
          "hz": 11833.21735289826
        },
        {
          "acoustic_entropy": 8.58474063873291,
          "acoustic_entropy_side": 8.58474063873291,
          "hz": 12943.144197493959
        },
        {
          "acoustic_entropy": 8.58474063873291,
          "acoustic_entropy_side": 8.58474063873291,
          "hz": 14151.364845322005
        },
        {
          "acoustic_entropy": 8.58474063873291,
          "acoustic_entropy_side": 8.58474063873291,
          "hz": 15466.58407886509
        },
        {
          "acoustic_entropy": 8.58474063873291,
          "acoustic_entropy_side": 8.58474063873291,
          "hz": 16898.27756580493
        },
        {
          "acoustic_entropy": 8.58474063873291,
          "acoustic_entropy_side": 8.58474063873291,
          "hz": 18456.760127700032
        },
        {
          "acoustic_entropy": 8.58474063873291,
          "acoustic_entropy_side": 8.58474063873291,
          "hz": 20153.260054456492
        },
        {
          "acoustic_entropy": 8.58474063873291,
          "acoustic_entropy_side": 8.58474063873291,
          "hz": 22000.00000000001
        }
      ],
      "diff_acoustic_entropy": 3.7075321674346924,
      "sn": 6
    },
    {
      "acoustic_entropy": 13.340896606445312,
      "acoustic_entropy_mono": 12.75766658782959,
      "band_eliminated_acoustic_entropies": [
        {
          "acoustic_entropy": 13.373282432556152,
          "acoustic_entropy_side": 13.344452857971191,
          "hz": 129.47220167065723
        },
        {
          "acoustic_entropy": 13.471189498901367,
          "acoustic_entropy_side": 13.409634590148926,
          "hz": 202.92927478742237
        },
        {
          "acoustic_entropy": 13.660362243652344,
          "acoustic_entropy_side": 13.392068862915039,
          "hz": 282.89161906338205
        },
        {
          "acoustic_entropy": 13.476216316223145,
          "acoustic_entropy_side": 13.663414001464844,
          "hz": 369.9353335868758
        },
        {
          "acoustic_entropy": 13.659093856811523,
          "acoustic_entropy_side": 13.587008476257324,
          "hz": 464.6875360973435
        },
        {
          "acoustic_entropy": 13.342463493347168,
          "acoustic_entropy_side": 13.21743106842041,
          "hz": 567.8308811364784
        },
        {
          "acoustic_entropy": 13.395879745483398,
          "acoustic_entropy_side": 13.3740873336792,
          "hz": 680.1084783214808
        },
        {
          "acoustic_entropy": 13.677509307861328,
          "acoustic_entropy_side": 13.490370750427246,
          "hz": 802.3292461747484
        },
        {
          "acoustic_entropy": 13.607626914978027,
          "acoustic_entropy_side": 13.01294994354248,
          "hz": 935.3737400823702
        },
        {
          "acoustic_entropy": 13.361339569091797,
          "acoustic_entropy_side": 13.50309944152832,
          "hz": 1080.2004963696966
        },
        {
          "acoustic_entropy": 13.04797077178955,
          "acoustic_entropy_side": 13.186883926391602,
          "hz": 1237.8529382007157
        },
        {
          "acoustic_entropy": 14.332134246826172,
          "acoustic_entropy_side": 13.172971725463867,
          "hz": 1409.4668930556702
        },
        {
          "acoustic_entropy": 14.01723861694336,
          "acoustic_entropy_side": 14.040682792663574,
          "hz": 1596.2787759475705
        },
        {
          "acoustic_entropy": 13.507458686828613,
          "acoustic_entropy_side": 13.430310249328613,
          "hz": 1799.6344973346393
        },
        {
          "acoustic_entropy": 12.874837875366211,
          "acoustic_entropy_side": 13.49276065826416,
          "hz": 2020.9991599069049
        },
        {
          "acoustic_entropy": 14.124130249023438,
          "acoustic_entropy_side": 13.645247459411621,
          "hz": 2261.9676141086993
        },
        {
          "acoustic_entropy": 13.705117225646973,
          "acoustic_entropy_side": 13.195505142211914,
          "hz": 2524.2759484456974
        },
        {
          "acoustic_entropy": 13.09195613861084,
          "acoustic_entropy_side": 13.459444046020508,
          "hz": 2809.813997359896
        },
        {
          "acoustic_entropy": 13.378535270690918,
          "acoustic_entropy_side": 13.449490547180176,
          "hz": 3120.6389567871424
        },
        {
          "acoustic_entropy": 13.380132675170898,
          "acoustic_entropy_side": 13.352331161499023,
          "hz": 3458.990205492291
        },
        {
          "acoustic_entropy": 13.358448028564453,
          "acoustic_entropy_side": 13.343048095703125,
          "hz": 3827.305438964164
        },
        {
          "acoustic_entropy": 13.342058181762695,
          "acoustic_entropy_side": 13.340965270996094,
          "hz": 4228.238232109126
        },
        {
          "acoustic_entropy": 13.340470314025879,
          "acoustic_entropy_side": 13.340834617614746,
          "hz": 4664.6771572759235
        },
        {
          "acoustic_entropy": 13.340635299682617,
          "acoustic_entropy_side": 13.340864181518555,
          "hz": 5139.766595350093
        },
        {
          "acoustic_entropy": 13.340706825256348,
          "acoustic_entropy_side": 13.34089183807373,
          "hz": 5656.929389854203
        },
        {
          "acoustic_entropy": 13.341135025024414,
          "acoustic_entropy_side": 13.340893745422363,
          "hz": 6219.891507268283
        },
        {
          "acoustic_entropy": 13.340924263000488,
          "acoustic_entropy_side": 13.340898513793945,
          "hz": 6832.70888123896
        },
        {
          "acoustic_entropy": 13.340902328491211,
          "acoustic_entropy_side": 13.340898513793945,
          "hz": 7499.796634079867
        },
        {
          "acoustic_entropy": 13.340914726257324,
          "acoustic_entropy_side": 13.340898513793945,
          "hz": 8225.96088609342
        },
        {
          "acoustic_entropy": 13.340901374816895,
          "acoustic_entropy_side": 13.340898513793945,
          "hz": 9016.43338188839
        },
        {
          "acoustic_entropy": 13.34089469909668,
          "acoustic_entropy_side": 13.340898513793945,
          "hz": 9876.909183162974
        },
        {
          "acoustic_entropy": 13.340888023376465,
          "acoustic_entropy_side": 13.34089469909668,
          "hz": 10813.587699516042
        },
        {
          "acoustic_entropy": 13.340890884399414,
          "acoustic_entropy_side": 13.340895652770996,
          "hz": 11833.21735289826
        },
        {
          "acoustic_entropy": 13.340898513793945,
          "acoustic_entropy_side": 13.340898513793945,
          "hz": 12943.144197493959
        },
        {
          "acoustic_entropy": 13.340898513793945,
          "acoustic_entropy_side": 13.340898513793945,
          "hz": 14151.364845322005
        },
        {
          "acoustic_entropy": 13.340897560119629,
          "acoustic_entropy_side": 13.340898513793945,
          "hz": 15466.58407886509
        },
        {
          "acoustic_entropy": 13.340898513793945,
          "acoustic_entropy_side": 13.340897560119629,
          "hz": 16898.27756580493
        },
        {
          "acoustic_entropy": 13.340899467468262,
          "acoustic_entropy_side": 13.340897560119629,
          "hz": 18456.760127700032
        },
        {
          "acoustic_entropy": 13.340899467468262,
          "acoustic_entropy_side": 13.340897560119629,
          "hz": 20153.260054456492
        },
        {
          "acoustic_entropy": 13.340895652770996,
          "acoustic_entropy_side": 13.340897560119629,
          "hz": 22000.00000000001
        }
      ],
      "diff_acoustic_entropy": 6.5850677490234375,
      "sn": 12
    },
    {
      "acoustic_entropy": 21.344539642333984,
      "acoustic_entropy_mono": 18.661272048950195,
      "band_eliminated_acoustic_entropies": [
        {
          "acoustic_entropy": 21.356693267822266,
          "acoustic_entropy_side": 21.37407875061035,
          "hz": 129.47220167065723
        },
        {
          "acoustic_entropy": 21.636640548706055,
          "acoustic_entropy_side": 21.408586502075195,
          "hz": 202.92927478742237
        },
        {
          "acoustic_entropy": 21.719934463500977,
          "acoustic_entropy_side": 21.754697799682617,
          "hz": 282.89161906338205
        },
        {
          "acoustic_entropy": 22.426010131835938,
          "acoustic_entropy_side": 21.649675369262695,
          "hz": 369.9353335868758
        },
        {
          "acoustic_entropy": 21.439083099365234,
          "acoustic_entropy_side": 21.502058029174805,
          "hz": 464.6875360973435
        },
        {
          "acoustic_entropy": 21.757904052734375,
          "acoustic_entropy_side": 21.635704040527344,
          "hz": 567.8308811364784
        },
        {
          "acoustic_entropy": 21.43828010559082,
          "acoustic_entropy_side": 21.32305908203125,
          "hz": 680.1084783214808
        },
        {
          "acoustic_entropy": 21.59079933166504,
          "acoustic_entropy_side": 20.974502563476562,
          "hz": 802.3292461747484
        },
        {
          "acoustic_entropy": 21.004880905151367,
          "acoustic_entropy_side": 21.583572387695312,
          "hz": 935.3737400823702
        },
        {
          "acoustic_entropy": 22.684879302978516,
          "acoustic_entropy_side": 22.510793685913086,
          "hz": 1080.2004963696966
        },
        {
          "acoustic_entropy": 22.329851150512695,
          "acoustic_entropy_side": 21.57843589782715,
          "hz": 1237.8529382007157
        },
        {
          "acoustic_entropy": 21.6385498046875,
          "acoustic_entropy_side": 21.459440231323242,
          "hz": 1409.4668930556702
        },
        {
          "acoustic_entropy": 22.574769973754883,
          "acoustic_entropy_side": 22.647058486938477,
          "hz": 1596.2787759475705
        },
        {
          "acoustic_entropy": 21.684003829956055,
          "acoustic_entropy_side": 22.49835777282715,
          "hz": 1799.6344973346393
        },
        {
          "acoustic_entropy": 21.873979568481445,
          "acoustic_entropy_side": 21.038278579711914,
          "hz": 2020.9991599069049
        },
        {
          "acoustic_entropy": 22.279823303222656,
          "acoustic_entropy_side": 22.679927825927734,
          "hz": 2261.9676141086993
        },
        {
          "acoustic_entropy": 22.33785057067871,
          "acoustic_entropy_side": 21.837648391723633,
          "hz": 2524.2759484456974
        },
        {
          "acoustic_entropy": 21.412683486938477,
          "acoustic_entropy_side": 21.29381561279297,
          "hz": 2809.813997359896
        },
        {
          "acoustic_entropy": 21.656606674194336,
