{
  "acoustic_entropy": 220.73922729492188,
  "bands": [
    {
      "high_freq": 148.1999969482422,
      "loudness": -22.007394790649414,
      "loudness_range": 16.13957977294922,
      "mid_mean": -18.409061431884766,
      "mid_to_side_loudness": -21.603988647460938,
      "mid_to_side_loudness_range": 13.298456192016602,
      "side_mean": -40.442359924316406
    },
    {
      "high_freq": 392.3793640136719,
      "loudness": -19.926040649414062,
      "loudness_range": 10.909143447875977,
      "low_freq": 148.1999969482422,
      "mid_mean": -16.660442352294922,
      "mid_to_side_loudness": -11.585648536682129,
      "mid_to_side_loudness_range": 12.61326789855957,
      "side_mean": -28.203693389892578
    },
    {
      "high_freq": 794.6976318359375,
      "loudness": -23.2313175201416,
      "loudness_range": 13.571775436401367,
      "low_freq": 392.3793640136719,
      "mid_mean": -19.955997467041016,
      "mid_to_side_loudness": -11.179339408874512,
      "mid_to_side_loudness_range": 10.493858337402344,
      "side_mean": -31.211923599243164
    },
    {
      "high_freq": 1457.5709228515625,
      "loudness": -28.142520904541016,
      "loudness_range": 18.90437126159668,
      "low_freq": 794.6976318359375,
      "mid_mean": -24.94481086730957,
      "mid_to_side_loudness": -10.906414031982422,
      "mid_to_side_loudness_range": 12.527788162231445,
      "side_mean": -35.86304473876953
    },
    {
      "high_freq": 2549.74365234375,
      "loudness": -27.813390731811523,
      "loudness_range": 23.252490997314453,
      "low_freq": 1457.5709228515625,
      "mid_mean": -24.641502380371094,
      "mid_to_side_loudness": -11.574868202209473,
      "mid_to_side_loudness_range": 15.092629432678223,
      "side_mean": -36.25310516357422
    },
    {
      "high_freq": 4349.24462890625,
      "loudness": -28.31507682800293,
      "loudness_range": 23.7397518157959,
      "low_freq": 2549.74365234375,
      "mid_mean": -24.981826782226562,
      "mid_to_side_loudness": -12.602872848510742,
      "mid_to_side_loudness_range": 14.920806884765625,
      "side_mean": -38.038902282714844
    },
    {
      "high_freq": 7314.1640625,
      "loudness": -31.12586784362793,
      "loudness_range": 18.405241012573242,
      "low_freq": 4349.24462890625,
      "mid_mean": -27.737167358398438,
      "mid_to_side_loudness": -13.30614948272705,
      "mid_to_side_loudness_range": 18.140491485595703,
      "side_mean": -41.55455780029297
    },
    {
      "high_freq": 12199.2666015625,
      "loudness": -34.21836471557617,
      "loudness_range": 13.325109481811523,
      "low_freq": 7314.1640625,
      "mid_mean": -30.947885513305664,
      "mid_to_side_loudness": -13.845602989196777,
      "mid_to_side_loudness_range": 21.597288131713867,
      "side_mean": -45.03895950317383
    },
    {
      "loudness": -39.22276306152344,
      "loudness_range": 16.315706253051758,
      "low_freq": 12199.2666015625,
      "mid_mean": -35.870811462402344,
      "mid_to_side_loudness": -14.515754699707031,
      "mid_to_side_loudness_range": 22.171220779418945,
      "side_mean": -51.220577239990234
    }
  ],
  "bands_short": [
    {
      "high_freq": 148.1999969482422,
      "loudness": -24.394386291503906,
      "loudness_range": 19.746665954589844,
      "mid_mean": -20.82750129699707,
      "mid_to_side_loudness": -21.11311912536621,
      "mid_to_side_loudness_range": 18.820465087890625,
      "side_mean": -43.039031982421875
    },
    {
      "high_freq": 392.3793640136719,
      "loudness": -20.104278564453125,
      "loudness_range": 13.744059562683105,
      "low_freq": 148.1999969482422,
      "mid_mean": -16.880966186523438,
      "mid_to_side_loudness": -11.96239948272705,
      "mid_to_side_loudness_range": 16.212833404541016,
      "side_mean": -28.927227020263672
    },
    {
      "high_freq": 794.6976318359375,
      "loudness": -23.940034866333008,
      "loudness_range": 16.21101188659668,
      "low_freq": 392.3793640136719,
      "mid_mean": -20.807321548461914,
      "mid_to_side_loudness": -10.801714897155762,
      "mid_to_side_loudness_range": 13.952957153320312,
      "side_mean": -31.7106990814209
    },
    {
      "high_freq": 1457.5709228515625,
      "loudness": -28.174745559692383,
      "loudness_range": 19.85190200805664,
      "low_freq": 794.6976318359375,
      "mid_mean": -25.136545181274414,
      "mid_to_side_loudness": -10.304315567016602,
      "mid_to_side_loudness_range": 15.577821731567383,
      "side_mean": -35.52495574951172
    },
    {
      "high_freq": 2549.74365234375,
      "loudness": -29.062715530395508,
      "loudness_range": 25.183616638183594,
      "low_freq": 1457.5709228515625,
      "mid_mean": -26.146472930908203,
      "mid_to_side_loudness": -10.211055755615234,
      "mid_to_side_loudness_range": 18.559648513793945,
      "side_mean": -36.79610824584961
    },
    {
      "high_freq": 4349.24462890625,
      "loudness": -29.699264526367188,
      "loudness_range": 26.724796295166016,
      "low_freq": 2549.74365234375,
      "mid_mean": -26.684541702270508,
      "mid_to_side_loudness": -10.707172393798828,
      "mid_to_side_loudness_range": 18.47158432006836,
      "side_mean": -38.35105895996094
    },
    {
      "high_freq": 7314.1640625,
      "loudness": -32.94744110107422,
      "loudness_range": 24.83370018005371,
      "low_freq": 4349.24462890625,
      "mid_mean": -29.952939987182617,
      "mid_to_side_loudness": -10.452290534973145,
      "mid_to_side_loudness_range": 19.027557373046875,
      "side_mean": -42.03349304199219
    },
    {
      "high_freq": 12199.2666015625,
      "loudness": -37.31925964355469,
      "loudness_range": 24.83211326599121,
      "low_freq": 7314.1640625,
      "mid_mean": -34.42905807495117,
      "mid_to_side_loudness": -10.165499687194824,
      "mid_to_side_loudness_range": 20.17050552368164,
      "side_mean": -47.0822639465332
    },
    {
      "loudness": -43.25141525268555,
      "loudness_range": 29.662439346313477,
      "low_freq": 12199.2666015625,
      "mid_mean": -40.68246841430664,
      "mid_to_side_loudness": -9.804473876953125,
      "mid_to_side_loudness_range": 20.69731330871582,
      "side_mean": -55.60542678833008
    }
  ],
  "bandwidth": 509.2748718261719,
  "channels": 2,
  "covariance": [
    [
      38.95887756347656,
      19.00284767150879,
      11.27421760559082,
      6.621011734008789,
      10.048940658569336,
      8.20805549621582,
      10.919599533081055,
      8.908819198608398,
      15.634078025817871,
      12.209871292114258,
      15.39228343963623,
      13.908384323120117,
      12.290803909301758,
      8.413958549499512,
      7.309384822845459,
      1.013850450515747,
      3.3366854190826416,
      0.5695478320121765
    ],
    [
      19.00284767150879,
      25.592748641967773,
      8.553577423095703,
      7.3213934898376465,
      4.107876300811768,
      5.136960983276367,
      6.46277379989624,
      6.0397844314575195,
      8.638256072998047,
      6.324230670928955,
      11.198481559753418,
      6.922872543334961,
      9.203482627868652,
      4.111082553863525,
      5.55491304397583,
      2.1003360748291016,
      4.724399089813232,
      1.8676190376281738
    ],
    [
      11.27421760559082,
      8.553577423095703,
      18.894039154052734,
      13.272761344909668,
      10.649386405944824,
      8.167957305908203,
      9.872191429138184,
      8.7132568359375,
      12.166556358337402,
      7.732961654663086,
      12.645167350769043,
      9.519914627075195,
      11.11829948425293,
      7.7630295753479,
      9.010663986206055,
      5.213468074798584,
      7.2489728927612305,
      6.639228820800781
    ],
    [
      6.621011734008789,
      7.3213934898376465,
      13.272761344909668,
      27.03718376159668,
      10.659383773803711,
      15.612000465393066,
      9.36595344543457,
      15.110483169555664,
      10.224743843078613,
      11.277555465698242,
      10.327019691467285,
      11.055388450622559,
      8.534345626831055,
      9.638790130615234,
      6.903100490570068,
      7.4717912673950195,
      7.091485023498535,
      8.54666805267334
    ],
    [
      10.048940658569336,
      4.107876300811768,
      10.649386405944824,
      10.659383773803711,
      25.741994857788086,
      16.744062423706055,
      19.81502342224121,
      15.067956924438477,
      28.8994197845459,
      18.246322631835938,
      26.53220558166504,
      21.680604934692383,
      19.5460205078125,
      15.924418449401855,
      11.524689674377441,
      6.622620582580566,
      8.926027297973633,
      7.303659915924072
    ],
    [
      8.20805549621582,
      5.136960983276367,
      8.167957305908203,
      15.612000465393066,
      16.744062423706055,
      22.51173210144043,
      15.190689086914062,
      19.071653366088867,
      18.014535903930664,
      18.40550422668457,
      13.970281600952148,
      17.375041961669922,
      9.039463996887207,
      12.776694297790527,
      6.509970664978027,
      7.390049457550049,
      6.0821685791015625,
      8.68403434753418
    ],
    [
      10.919599533081055,
      6.46277379989624,
      9.872191429138184,
      9.36595344543457,
      19.81502342224121,
      15.190689086914062,
      42.92559051513672,
      28.973316192626953,
      42.62407684326172,
      27.153963088989258,
      39.03171920776367,
      28.62102508544922,
      28.284141540527344,
      20.592208862304688,
      13.506708145141602,
      6.7851762771606445,
      9.04440975189209,
      7.933914661407471
    ],
    [
      8.908819198608398,
      6.0397844314575195,
      8.7132568359375,
      15.110483169555664,
      15.067956924438477,
      19.071653366088867,
      28.973316192626953,
      35.519248962402344,
      26.149093627929688,
      26.3758602142334,
      21.554061889648438,
      24.33257484436035,
      14.153923034667969,
      17.130422592163086,
      7.654414653778076,
      8.687349319458008,
      6.7095770835876465,
      10.920960426330566
    ],
    [
      15.634078025817871,
      8.638256072998047,
      12.166556358337402,
      10.224743843078613,
      28.8994197845459,
      18.014535903930664,
      42.62407684326172,
      26.149093627929688,
      70.01848602294922,
      40.048179626464844,
      63.41556167602539,
      43.93107986450195,
      45.80863571166992,
      29.262678146362305,
      20.926759719848633,
      4.131680488586426,
      13.44774341583252,
      2.559652328491211
    ],
    [
      12.209871292114258,
      6.324230670928955,
      7.732961654663086,
      11.277555465698242,
      18.246322631835938,
      18.40550422668457,
      27.153963088989258,
      26.3758602142334,
      40.048179626464844,
      39.64420700073242,
      33.75727844238281,
      35.51070022583008,
      21.956256866455078,
      21.974395751953125,
      10.676339149475098,
      5.5682477951049805,
      7.942921161651611,
      5.474171161651611
    ],
    [
      15.39228343963623,
      11.198481559753418,
      12.645167350769043,
      10.327019691467285,
      26.53220558166504,
      13.970281600952148,
      39.03171920776367,
      21.554061889648438,
      63.41556167602539,
      33.75727844238281,
      76.30748748779297,
      44.78899002075195,
      53.25261688232422,
      31.196517944335938,
      22.739215850830078,
      3.959118604660034,
      15.839736938476562,
      0.20992767810821533
    ],
    [
      13.908384323120117,
      6.922872543334961,
      9.519914627075195,
      11.055388450622559,
      21.680604934692383,
      17.375041961669922,
      28.62102508544922,
      24.33257484436035,
      43.93107986450195,
      35.51070022583008,
      44.78899002075195,
      45.807430267333984,
      29.973957061767578,
      29.724658966064453,
      15.350439071655273,
      8.823470115661621,
      11.591963768005371,
      6.604669094085693
    ],
    [
      12.290803909301758,
      9.203482627868652,
      11.11829948425293,
      8.534345626831055,
      19.5460205078125,
      9.039463996887207,
      28.284141540527344,
      14.153923034667969,
      45.80863571166992,
      21.956256866455078,
      53.25261688232422,
      29.973957061767578,
      53.46147537231445,
      28.31365394592285,
      27.650388717651367,
      7.96762228012085,
      20.90814781188965,
      5.96078634262085
    ],
    [
      8.413958549499512,
      4.111082553863525,
      7.7630295753479,
      9.638790130615234,
      15.924418449401855,
      12.776694297790527,
      20.592208862304688,
      17.130422592163086,
      29.262678146362305,
      21.974395751953125,
      31.196517944335938,
      29.724658966064453,
      28.31365394592285,
      41.614349365234375,
      18.322214126586914,
      28.486896514892578,
      16.367197036743164,
      28.459665298461914
    ],
    [
      7.309384822845459,
      5.55491304397583,
      9.010663986206055,
      6.903100490570068,
      11.524689674377441,
      6.509970664978027,
      13.506708145141602,
      7.654414653778076,
      20.926759719848633,
      10.676339149475098,
      22.739215850830078,
      15.350439071655273,
      27.650388717651367,
      18.322214126586914,
      28.219316482543945,
      17.22054672241211,
      25.169763565063477,
      19.234149932861328
    ],
    [
      1.013850450515747,
      2.1003360748291016,
      5.213468074798584,
      7.4717912673950195,
      6.622620582580566,
      7.390049457550049,
      6.7851762771606445,
      8.687349319458008,
      4.131680488586426,
      5.5682477951049805,
      3.959118604660034,
      8.823470115661621,
      7.96762228012085,
      28.486896514892578,
      17.22054672241211,
      51.127079010009766,
      21.31065559387207,
      56.0665168762207
    ],
    [
      3.3366854190826416,
      4.724399089813232,
      7.2489728927612305,
      7.091485023498535,
      8.926027297973633,
      6.0821685791015625,
      9.04440975189209,
      6.7095770835876465,
      13.44774341583252,
      7.942921161651611,
      15.839736938476562,
      11.591963768005371,
      20.90814781188965,
      16.367197036743164,
      25.169763565063477,
      21.31065559387207,
      32.84294509887695,
      30.599180221557617
    ],
    [
      0.5695478320121765,
      1.8676190376281738,
      6.639228820800781,
      8.54666805267334,
      7.303659915924072,
      8.68403434753418,
      7.933914661407471,
      10.920960426330566,
      2.559652328491211,
      5.474171161651611,
      0.20992767810821533,
      6.604669094085693,
      5.96078634262085,
      28.459665298461914,
      19.234149932861328,
      56.0665168762207,
      30.599180221557617,
      83.2888412475586
    ]
  ],
  "covariance_short": [
    [
      55.2105827331543,
      26.459964752197266,
      17.777170181274414,
      6.492672920227051,
      10.954943656921387,
      8.20727252960205,
      9.916793823242188,
      7.584432601928711,
      16.472719192504883,
      11.144415855407715,
      19.0390682220459,
      14.673860549926758,
      15.092016220092773,
      7.811431407928467,
      9.64743709564209,
      -1.330755591392517,
      6.700873374938965,
      -7.035565376281738
    ],
    [
      26.459964752197266,
      44.66361999511719,
      10.808592796325684,
      7.736788749694824,
      4.258595943450928,
      5.499405860900879,
      4.72896146774292,
      5.193371772766113,
      7.606273174285889,
      5.779872417449951,
      9.623902320861816,
      6.975640296936035,
      6.582071781158447,
      4.402277946472168,
      4.497653484344482,
      3.1869161128997803,
      5.751489639282227,
      1.4866853952407837
    ],
    [
      17.777170181274414,
      10.808592796325684,
      29.128767013549805,
      15.755802154541016,
      13.977203369140625,
      9.996123313903809,
      9.753339767456055,
      8.276520729064941,
      12.851519584655762,
      7.62338399887085,
      14.633973121643066,
      9.511268615722656,
      14.111108779907227,
      8.282904624938965,
      11.365882873535156,
      7.619143009185791,
      11.515782356262207,
      6.415294647216797
    ],
    [
      6.492672920227051,
      7.736788749694824,
      15.755802154541016,
      34.235721588134766,
      11.775787353515625,
      16.94115447998047,
      9.69204330444336,
      15.191073417663574,
      8.861969947814941,
      10.373693466186523,
      8.527729988098145,
      10.258472442626953,
      8.511445999145508,
      9.775993347167969,
      7.299879550933838,
      9.049442291259766,
      8.519682884216309,
      9.515386581420898
    ],
    [
      10.954943656921387,
      4.258595943450928,
      13.977203369140625,
      11.775787353515625,
      36.6474723815918,
      20.24358367919922,
      23.383960723876953,
      15.661593437194824,
      35.10944747924805,
      19.324710845947266,
      36.114776611328125,
      22.73921012878418,
      29.448963165283203,
      17.07918930053711,
      19.79850959777832,
      10.382201194763184,
      15.869585990905762,
      3.380382776260376
    ],
    [
      8.20727252960205,
      5.499405860900879,
      9.996123313903809,
      16.94115447998047,
      20.24358367919922,
      29.614063262939453,
      16.503816604614258,
      20.23839569091797,
      18.67537498474121,
      19.530065536499023,
      16.556081771850586,
      18.854846954345703,
      12.3292236328125,
      13.984562873840332,
      8.788055419921875,
      9.182040214538574,
      8.154875755310059,
      7.945558071136475
    ],
    [
      9.916793823242188,
      4.72896146774292,
      9.753339767456055,
      9.69204330444336,
      23.383960723876953,
      16.503816604614258,
      50.68162536621094,
      28.94481086730957,
      47.341888427734375,
      26.25423812866211,
      45.854286193847656,
      27.31418228149414,
      36.58255386352539,
      18.96429443359375,
      21.58653450012207,
      11.083419799804688,
      13.50047779083252,
      1.0861482620239258
    ],
    [
      7.584432601928711,
      5.193371772766113,
      8.276520729064941,
      15.191073417663574,
      15.661593437194824,
      20.23839569091797,
      28.94481086730957,
      39.240299224853516,
      24.03097152709961,
      25.61494255065918,
      19.870424270629883,
      23.955997467041016,
      15.310052871704102,
      16.941993713378906,
      9.884220123291016,
      12.495237350463867,
      6.877045154571533,
      9.699092864990234
    ],
    [
      16.472719192504883,
      7.606273174285889,
      12.851519584655762,
      8.861969947814941,
      35.10944747924805,
      18.67537498474121,
      47.341888427734375,
      24.03097152709961,
      84.71678161621094,
      40.32853698730469,
      79.82382202148438,
      43.95166015625,
      62.08427429199219,
      28.758668899536133,
      33.98265075683594,
      9.327837944030762,
      22.474132537841797,
      -9.488162994384766
    ],
    [
      11.144415855407715,
      5.779872417449951,
      7.62338399887085,
      10.373693466186523,
      19.324710845947266,
      19.530065536499023,
      26.25423812866211,
      25.61494255065918,
      40.32853698730469,
      43.490875244140625,
      35.392940521240234,
      36.744590759277344,
      25.64377212524414,
      23.94182777404785,
      13.511942863464355,
      9.939071655273438,
      8.643583297729492,
      2.4726638793945312
    ],
    [
      19.0390682220459,
      9.623902320861816,
      14.633973121643066,
      8.527729988098145,
      36.114776611328125,
      16.556081771850586,
      45.854286193847656,
      19.870424270629883,
      79.82382202148438,
      35.392940521240234,
      98.30418395996094,
      47.016056060791016,
      75.22444915771484,
      32.764156341552734,
      40.10343933105469,
      10.033119201660156,
      28.882097244262695,
      -12.282255172729492
    ],
    [
      14.673860549926758,
      6.975640296936035,
      9.511268615722656,
      10.258472442626953,
      22.73921012878418,
      18.854846954345703,
      27.31418228149414,
      23.955997467041016,
      43.95166015625,
      36.744590759277344,
      47.016056060791016,
      51.43710708618164,
      34.623783111572266,
      32.94512176513672,
      18.442232131958008,
      13.985273361206055,
      13.201574325561523,
      3.797560214996338
    ],
    [
      15.092016220092773,
      6.582071781158447,
      14.111108779907227,
      8.511445999145508,
      29.448963165283203,
      12.3292236328125,
      36.58255386352539,
      15.310052871704102,
      62.08427429199219,
      25.64377212524414,
      75.22444915771484,
      34.623783111572266,
      84.32415771484375,
      35.131690979003906,
      56.28126525878906,
      22.191120147705078,
      49.89210891723633,
      3.385709285736084
    ],
    [
      7.811431407928467,
      4.402277946472168,
      8.282904624938965,
      9.775993347167969,
      17.07918930053711,
      13.984562873840332,
      18.96429443359375,
      16.941993713378906,
      28.758668899536133,
      23.94182777404785,
      32.764156341552734,
      32.94512176513672,
      35.131690979003906,
      53.56924057006836,
      25.479907989501953,
      40.903892517089844,
      24.255393981933594,
      35.70602035522461
    ],
    [
      9.64743709564209,
      4.497653484344482,
      11.365882873535156,
      7.299879550933838,
      19.79850959777832,
      8.788055419921875,
      21.58653450012207,
      9.884220123291016,
      33.98265075683594,
      13.511942863464355,
      40.10343933105469,
      18.442232131958008,
      56.28126525878906,
      25.479907989501953,
      79.95064544677734,
      41.46480178833008,
      80.39185333251953,
      36.59108352661133
    ],
    [
      -1.330755591392517,
      3.1869161128997803,
      7.619143009185791,
      9.049442291259766,
      10.382201194763184,
      9.182040214538574,
      11.083419799804688,
      12.495237350463867,
      9.327837944030762,
      9.939071655273438,
      10.033119201660156,
      13.985273361206055,
      22.191120147705078,
      40.903892517089844,
      41.46480178833008,
      89.16801452636719,
      50.78616714477539,
      91.1882095336914
    ],
    [
      6.700873374938965,
      5.751489639282227,
      11.515782356262207,
      8.519682884216309,
      15.869585990905762,
      8.154875755310059,
      13.50047779083252,
      6.877045154571533,
      22.474132537841797,
      8.643583297729492,
      28.882097244262695,
      13.201574325561523,
      49.89210891723633,
      24.255393981933594,
      80.39185333251953,
      50.78616714477539,
      113.18988800048828,
      62.93888473510742
    ],
    [
      -7.035565376281738,
      1.4866853952407837,
      6.415294647216797,
      9.515386581420898,
      3.380382776260376,
      7.945558071136475,
      1.0861482620239258,
      9.699092864990234,
      -9.488162994384766,
      2.4726638793945312,
      -12.282255172729492,
      3.797560214996338,
      3.385709285736084,
      35.70602035522461,
      36.59108352661133,
      91.1882095336914,
      62.93888473510742,
      141.14796447753906
    ]
  ],
  "damage": -6.4322309494018555,
  "diff_bandwidth": 542.0137329101562,
  "dissonance": 7.2082317268317855,
  "drr": 8.0053071975708,
  "dynamics": 3.68369460105896,
  "format": 1245190,
  "frames": 12873664,
  "loudness": -10.893148422241211,
  "loudness_range": 9.33867073059082,
  "loudness_range_short": 12.133131980895996,
  "lowpass_true_peak_15khz": 0.7211410403251648,
  "mastering3_acoustic_entropies": [
    {
      "acoustic_entropy": 8.671282768249512,
      "acoustic_entropy_mono": 9.200891494750977,
      "band_eliminated_acoustic_entropies": [
        {
          "acoustic_entropy": 8.773889541625977,
          "acoustic_entropy_side": 8.67131519317627,
          "hz": 129.47220167065723
        },
        {
          "acoustic_entropy": 8.431060791015625,
          "acoustic_entropy_side": 8.667943000793457,
          "hz": 202.92927478742237
        },
        {
          "acoustic_entropy": 8.644664764404297,
          "acoustic_entropy_side": 8.594192504882812,
          "hz": 282.89161906338205
        },
        {
          "acoustic_entropy": 8.174518585205078,
          "acoustic_entropy_side": 8.54535961151123,
          "hz": 369.9353335868758
        },
        {
          "acoustic_entropy": 8.53120231628418,
          "acoustic_entropy_side": 8.579082489013672,
          "hz": 464.6875360973435
        },
        {
          "acoustic_entropy": 8.707928657531738,
          "acoustic_entropy_side": 8.694408416748047,
          "hz": 567.8308811364784
        },
        {
          "acoustic_entropy": 8.397063255310059,
          "acoustic_entropy_side": 8.684600830078125,
          "hz": 680.1084783214808
        },
        {
          "acoustic_entropy": 8.04069995880127,
          "acoustic_entropy_side": 8.660684585571289,
          "hz": 802.3292461747484
        },
        {
          "acoustic_entropy": 8.358662605285645,
          "acoustic_entropy_side": 8.73474407196045,
          "hz": 935.3737400823702
        },
        {
          "acoustic_entropy": 9.129364013671875,
          "acoustic_entropy_side": 8.673155784606934,
          "hz": 1080.2004963696966
        },
        {
          "acoustic_entropy": 8.95541763305664,
          "acoustic_entropy_side": 8.668813705444336,
          "hz": 1237.8529382007157
        },
        {
          "acoustic_entropy": 8.738966941833496,
          "acoustic_entropy_side": 8.641133308410645,
          "hz": 1409.4668930556702
        },
        {
          "acoustic_entropy": 9.308233261108398,
          "acoustic_entropy_side": 8.696219444274902,
          "hz": 1596.2787759475705
        },
        {
          "acoustic_entropy": 8.789342880249023,
          "acoustic_entropy_side": 8.657747268676758,
          "hz": 1799.6344973346393
        },
        {
          "acoustic_entropy": 9.071061134338379,
          "acoustic_entropy_side": 8.658474922180176,
          "hz": 2020.9991599069049
        },
        {
          "acoustic_entropy": 8.66938591003418,
          "acoustic_entropy_side": 8.664201736450195,
          "hz": 2261.9676141086993
        },
        {
          "acoustic_entropy": 8.628203392028809,
          "acoustic_entropy_side": 8.665399551391602,
          "hz": 2524.2759484456974
        },
        {
          "acoustic_entropy": 8.927124977111816,
          "acoustic_entropy_side": 8.680939674377441,
          "hz": 2809.813997359896
        },
        {
          "acoustic_entropy": 8.820963859558105,
          "acoustic_entropy_side": 8.63544750213623,
          "hz": 3120.6389567871424
        },
        {
          "acoustic_entropy": 8.567481994628906,
          "acoustic_entropy_side": 8.676291465759277,
          "hz": 3458.990205492291
        },
        {
          "acoustic_entropy": 8.750080108642578,
          "acoustic_entropy_side": 8.660752296447754,
          "hz": 3827.305438964164
        },
        {
          "acoustic_entropy": 8.73314380645752,
          "acoustic_entropy_side": 8.665099143981934,
          "hz": 4228.238232109126
        },
        {
          "acoustic_entropy": 8.647865295410156,
          "acoustic_entropy_side": 8.666752815246582,
          "hz": 4664.6771572759235
        },
        {
          "acoustic_entropy": 8.935214042663574,
          "acoustic_entropy_side": 8.676873207092285,
          "hz": 5139.766595350093
        },
        {
          "acoustic_entropy": 8.742103576660156,
          "acoustic_entropy_side": 8.674863815307617,
          "hz": 5656.929389854203
        },
        {
          "acoustic_entropy": 8.878435134887695,
          "acoustic_entropy_side": 8.676140785217285,
          "hz": 6219.891507268283
        },
        {
          "acoustic_entropy": 8.742898941040039,
          "acoustic_entropy_side": 8.681621551513672,
          "hz": 6832.70888123896
        },
        {
          "acoustic_entropy": 8.617372512817383,
          "acoustic_entropy_side": 8.663995742797852,
          "hz": 7499.796634079867
        },
        {
          "acoustic_entropy": 8.571699142456055,
          "acoustic_entropy_side": 8.65758991241455,
          "hz": 8225.96088609342
        },
        {
          "acoustic_entropy": 8.561396598815918,
          "acoustic_entropy_side": 8.656034469604492,
          "hz": 9016.43338188839
        },
        {
          "acoustic_entropy": 8.587410926818848,
          "acoustic_entropy_side": 8.66073989868164,
          "hz": 9876.909183162974
        },
        {
          "acoustic_entropy": 8.585580825805664,
          "acoustic_entropy_side": 8.66392707824707,
          "hz": 10813.587699516042
        },
        {
          "acoustic_entropy": 8.5382661819458,
          "acoustic_entropy_side": 8.669262886047363,
          "hz": 11833.21735289826
        },
        {
          "acoustic_entropy": 8.767692565917969,
          "acoustic_entropy_side": 8.863775253295898,
          "hz": 12943.144197493959
        },
        {
          "acoustic_entropy": 9.027140617370605,
          "acoustic_entropy_side": 9.189468383789062,
          "hz": 14151.364845322005
        },
        {
          "acoustic_entropy": 8.817763328552246,
          "acoustic_entropy_side": 8.823295593261719,
          "hz": 15466.58407886509
        },
        {
          "acoustic_entropy": 8.593060493469238,
          "acoustic_entropy_side": 8.644994735717773,
          "hz": 16898.27756580493
        },
        {
          "acoustic_entropy": 8.655120849609375,
          "acoustic_entropy_side": 8.660993576049805,
          "hz": 18456.760127700032
        },
        {
          "acoustic_entropy": 8.668352127075195,
          "acoustic_entropy_side": 8.67210578918457,
          "hz": 20153.260054456492
        },
        {
          "acoustic_entropy": 8.670449256896973,
          "acoustic_entropy_side": 8.671721458435059,
          "hz": 22000.00000000001
        }
      ],
      "diff_acoustic_entropy": 7.543896198272705,
      "sn": 6
    },
    {
      "acoustic_entropy": 13.668639183044434,
      "acoustic_entropy_mono": 12.844557762145996,
      "band_eliminated_acoustic_entropies": [
        {
          "acoustic_entropy": 13.419563293457031,
          "acoustic_entropy_side": 13.669907569885254,
          "hz": 129.47220167065723
        },
        {
          "acoustic_entropy": 13.79923152923584,
          "acoustic_entropy_side": 13.653435707092285,
          "hz": 202.92927478742237
        },
        {
          "acoustic_entropy": 15.006662368774414,
          "acoustic_entropy_side": 13.571242332458496,
          "hz": 282.89161906338205
        },
        {
          "acoustic_entropy": 13.887288093566895,
          "acoustic_entropy_side": 13.792980194091797,
          "hz": 369.9353335868758
        },
        {
          "acoustic_entropy": 14.965051651000977,
          "acoustic_entropy_side": 13.923513412475586,
          "hz": 464.6875360973435
        },
        {
          "acoustic_entropy": 14.418706893920898,
          "acoustic_entropy_side": 13.78821849822998,
          "hz": 567.8308811364784
        },
        {
          "acoustic_entropy": 13.606362342834473,
          "acoustic_entropy_side": 13.337714195251465,
          "hz": 680.1084783214808
        },
        {
          "acoustic_entropy": 13.577560424804688,
          "acoustic_entropy_side": 13.509581565856934,
          "hz": 802.3292461747484
        },
        {
          "acoustic_entropy": 13.947443008422852,
          "acoustic_entropy_side": 13.70669174194336,
          "hz": 935.3737400823702
        },
        {
          "acoustic_entropy": 14.357708930969238,
          "acoustic_entropy_side": 13.703639030456543,
          "hz": 1080.2004963696966
        },
        {
          "acoustic_entropy": 14.510663032531738,
          "acoustic_entropy_side": 13.698930740356445,
          "hz": 1237.8529382007157
        },
        {
          "acoustic_entropy": 13.305011749267578,
          "acoustic_entropy_side": 13.863883018493652,
          "hz": 1409.4668930556702
        },
        {
          "acoustic_entropy": 13.763708114624023,
          "acoustic_entropy_side": 13.805764198303223,
          "hz": 1596.2787759475705
        },
        {
          "acoustic_entropy": 14.933932304382324,
          "acoustic_entropy_side": 13.640429496765137,
          "hz": 1799.6344973346393
        },
        {
          "acoustic_entropy": 13.918233871459961,
          "acoustic_entropy_side": 13.715539932250977,
          "hz": 2020.9991599069049
        },
        {
          "acoustic_entropy": 14.068441390991211,
          "acoustic_entropy_side": 13.56551742553711,
          "hz": 2261.9676141086993
        },
        {
          "acoustic_entropy": 13.400589942932129,
          "acoustic_entropy_side": 13.261946678161621,
          "hz": 2524.2759484456974
        },
        {
          "acoustic_entropy": 14.18882942199707,
          "acoustic_entropy_side": 13.595318794250488,
          "hz": 2809.813997359896
        },
        {
          "acoustic_entropy": 13.798205375671387,
          "acoustic_entropy_side": 13.707459449768066,
          "hz": 3120.6389567871424
        },
        {
          "acoustic_entropy": 13.418320655822754,
          "acoustic_entropy_side": 13.708850860595703,
          "hz": 3458.990205492291
        },
        {
          "acoustic_entropy": 13.84444522857666,
          "acoustic_entropy_side": 13.700553894042969,
          "hz": 3827.305438964164
        },
        {
          "acoustic_entropy": 13.792020797729492,
          "acoustic_entropy_side": 13.695047378540039,
          "hz": 4228.238232109126
        },
        {
          "acoustic_entropy": 13.86127758026123,
          "acoustic_entropy_side": 13.718832969665527,
          "hz": 4664.6771572759235
        },
        {
          "acoustic_entropy": 13.426257133483887,
          "acoustic_entropy_side": 13.698162078857422,
          "hz": 5139.766595350093
        },
        {
          "acoustic_entropy": 13.390835762023926,
          "acoustic_entropy_side": 13.674054145812988,
          "hz": 5656.929389854203
        },
        {
          "acoustic_entropy": 13.536558151245117,
          "acoustic_entropy_side": 13.684916496276855,
          "hz": 6219.891507268283
        },
        {
          "acoustic_entropy": 13.397385597229004,
          "acoustic_entropy_side": 13.422385215759277,
          "hz": 6832.70888123896
        },
        {
          "acoustic_entropy": 13.00655746459961,
          "acoustic_entropy_side": 13.196667671203613,
          "hz": 7499.796634079867
        },
        {
          "acoustic_entropy": 13.43469524383545,
          "acoustic_entropy_side": 13.412817001342773,
          "hz": 8225.96088609342
        },
        {
          "acoustic_entropy": 13.324347496032715,
          "acoustic_entropy_side": 13.392678260803223,
          "hz": 9016.43338188839
        },
        {
          "acoustic_entropy": 13.166685104370117,
          "acoustic_entropy_side": 13.468463897705078,
          "hz": 9876.909183162974
        },
        {
          "acoustic_entropy": 13.372011184692383,
          "acoustic_entropy_side": 13.22370719909668,
          "hz": 10813.587699516042
        },
        {
          "acoustic_entropy": 13.761212348937988,
          "acoustic_entropy_side": 13.82961654663086,
          "hz": 11833.21735289826
        },
        {
          "acoustic_entropy": 13.971163749694824,
          "acoustic_entropy_side": 13.934555053710938,
          "hz": 12943.144197493959
        },
        {
          "acoustic_entropy": 13.366109848022461,
          "acoustic_entropy_side": 13.350282669067383,
          "hz": 14151.364845322005
        },
        {
          "acoustic_entropy": 13.765401840209961,
          "acoustic_entropy_side": 13.58674144744873,
          "hz": 15466.58407886509
        },
        {
          "acoustic_entropy": 13.49877643585205,
          "acoustic_entropy_side": 13.245841026306152,
          "hz": 16898.27756580493
        },
        {
          "acoustic_entropy": 13.241103172302246,
          "acoustic_entropy_side": 13.588968276977539,
          "hz": 18456.760127700032
        },
        {
          "acoustic_entropy": 13.45952033996582,
          "acoustic_entropy_side": 13.63982105255127,
          "hz": 20153.260054456492
        },
        {
          "acoustic_entropy": 13.63937759399414,
          "acoustic_entropy_side": 13.66089916229248,
          "hz": 22000.00000000001
        }
      ],
      "diff_acoustic_entropy": 12.696518898010254,
      "sn": 12
    },
    {
      "acoustic_entropy": 22.108882904052734,
      "acoustic_entropy_mono": 18.99964141845703,
      "band_eliminated_acoustic_entropies": [
        {
          "acoustic_entropy": 20.89678382873535,
          "acoustic_entropy_side": 22.12561798095703,
          "hz": 129.47220167065723
        },
        {
          "acoustic_entropy": 22.51030158996582,
          "acoustic_entropy_side": 22.235445022583008,
          "hz": 202.92927478742237
        },
        {
          "acoustic_entropy": 21.611064910888672,
          "acoustic_entropy_side": 22.264238357543945,
          "hz": 282.89161906338205
        },
        {
          "acoustic_entropy": 21.486019134521484,
          "acoustic_entropy_side": 21.999900817871094,
          "hz": 369.9353335868758
        },
        {
          "acoustic_entropy": 22.152549743652344,
          "acoustic_entropy_side": 21.684894561767578,
          "hz": 464.6875360973435
        },
        {
          "acoustic_entropy": 22.160680770874023,
          "acoustic_entropy_side": 21.891725540161133,
          "hz": 567.8308811364784
        },
        {
          "acoustic_entropy": 22.5256290435791,
          "acoustic_entropy_side": 21.99258041381836,
          "hz": 680.1084783214808
        },
        {
          "acoustic_entropy": 20.825937271118164,
          "acoustic_entropy_side": 21.939184188842773,
          "hz": 802.3292461747484
        },
        {
          "acoustic_entropy": 21.508390426635742,
          "acoustic_entropy_side": 21.621667861938477,
          "hz": 935.3737400823702
        },
        {
          "acoustic_entropy": 22.81859588623047,
          "acoustic_entropy_side": 22.938552856445312,
          "hz": 1080.2004963696966
        },
        {
          "acoustic_entropy": 22.194969177246094,
          "acoustic_entropy_side": 21.95864486694336,
          "hz": 1237.8529382007157
        },
        {
          "acoustic_entropy": 21.264429092407227,
          "acoustic_entropy_side": 22.957273483276367,
          "hz": 1409.4668930556702
        },
        {
          "acoustic_entropy": 21.375385284423828,
          "acoustic_entropy_side": 22.733104705810547,
          "hz": 1596.2787759475705
        },
        {
          "acoustic_entropy": 22.69379425048828,
          "acoustic_entropy_side": 22.125123977661133,
          "hz": 1799.6344973346393
        },
        {
          "acoustic_entropy": 21.130836486816406,
          "acoustic_entropy_side": 21.776609420776367,
          "hz": 2020.9991599069049
        },
        {
          "acoustic_entropy": 22.257734298706055,
          "acoustic_entropy_side": 22.18010139465332,
          "hz": 2261.9676141086993
        },
        {
          "acoustic_entropy": 22.340553283691406,
          "acoustic_entropy_side": 22.415891647338867,
          "hz": 2524.2759484456974
        },
        {
          "acoustic_entropy": 22.688758850097656,
          "acoustic_entropy_side": 22.191740036010742,
          "hz": 2809.813997359896
        },
        {
          "acoustic_entropy": 21.658876419067383,
          "acoustic_entropy_side": 21.716163635253906,
