{
  "acoustic_entropy": 178.60516357421875,
  "bands": [
    {
      "high_freq": 148.1999969482422,
      "loudness": -28.43506622314453,
      "loudness_range": 14.089111328125,
      "mid_mean": -24.74629783630371,
      "mid_to_side_loudness": -25.401819229125977,
      "mid_to_side_loudness_range": 1.8051528930664062,
      "side_mean": -50.29656982421875
    },
    {
      "high_freq": 392.3793640136719,
      "loudness": -25.99733543395996,
      "loudness_range": 13.23145866394043,
      "low_freq": 148.1999969482422,
      "mid_mean": -22.325971603393555,
      "mid_to_side_loudness": -23.360239028930664,
      "mid_to_side_loudness_range": 1.3521690368652344,
      "side_mean": -45.7664794921875
    },
    {
      "high_freq": 794.6976318359375,
      "loudness": -23.736421585083008,
      "loudness_range": 9.747989654541016,
      "low_freq": 392.3793640136719,
      "mid_mean": -20.055950164794922,
      "mid_to_side_loudness": -23.183778762817383,
      "mid_to_side_loudness_range": 2.151988983154297,
      "side_mean": -43.28986358642578
    },
    {
      "high_freq": 1457.5709228515625,
      "loudness": -25.68661117553711,
      "loudness_range": 15.81507682800293,
      "low_freq": 794.6976318359375,
      "mid_mean": -22.01363182067871,
      "mid_to_side_loudness": -21.90142250061035,
      "mid_to_side_loudness_range": 2.6641159057617188,
      "side_mean": -43.9430046081543
    },
    {
      "high_freq": 2549.74365234375,
      "loudness": -24.0358829498291,
      "loudness_range": 13.513181686401367,
      "low_freq": 1457.5709228515625,
      "mid_mean": -20.363378524780273,
      "mid_to_side_loudness": -21.83469581604004,
      "mid_to_side_loudness_range": 2.4518909454345703,
      "side_mean": -42.29956817626953
    },
    {
      "high_freq": 4349.24462890625,
      "loudness": -27.685548782348633,
      "loudness_range": 11.38371467590332,
      "low_freq": 2549.74365234375,
      "mid_mean": -24.012449264526367,
      "mid_to_side_loudness": -22.582796096801758,
      "mid_to_side_loudness_range": 7.9014434814453125,
      "side_mean": -46.772193908691406
    },
    {
      "high_freq": 7314.1640625,
      "loudness": -33.039161682128906,
      "loudness_range": 9.366758346557617,
      "low_freq": 4349.24462890625,
      "mid_mean": -29.392099380493164,
      "mid_to_side_loudness": -22.04291534423828,
      "mid_to_side_loudness_range": 17.62723159790039,
      "side_mean": -51.811092376708984
    },
    {
      "high_freq": 12199.2666015625,
      "loudness": -34.22820281982422,
      "loudness_range": 4.49591064453125,
      "low_freq": 7314.1640625,
      "mid_mean": -30.75946807861328,
      "mid_to_side_loudness": -13.514114379882812,
      "mid_to_side_loudness_range": 10.016733169555664,
      "side_mean": -44.37506866455078
    },
    {
      "loudness": -41.1712646484375,
      "loudness_range": 5.224357604980469,
      "low_freq": 12199.2666015625,
      "mid_mean": -38.131656646728516,
      "mid_to_side_loudness": -8.815658569335938,
      "mid_to_side_loudness_range": 10.411542892456055,
      "side_mean": -47.036521911621094
    }
  ],
  "bands_short": [
    {
      "high_freq": 148.1999969482422,
      "loudness": -33.872684478759766,
      "loudness_range": 22.946571350097656,
      "mid_mean": -30.189050674438477,
      "mid_to_side_loudness": -25.873659133911133,
      "mid_to_side_loudness_range": 3.0613327026367188,
      "side_mean": -55.6556396484375
    },
    {
      "high_freq": 392.3793640136719,
      "loudness": -27.16695785522461,
      "loudness_range": 18.720233917236328,
      "low_freq": 148.1999969482422,
      "mid_mean": -23.493858337402344,
      "mid_to_side_loudness": -23.497358322143555,
      "mid_to_side_loudness_range": 2.0555477142333984,
      "side_mean": -47.05247116088867
    },
    {
      "high_freq": 794.6976318359375,
      "loudness": -24.942197799682617,
      "loudness_range": 13.169914245605469,
      "low_freq": 392.3793640136719,
      "mid_mean": -21.262184143066406,
      "mid_to_side_loudness": -23.286279678344727,
      "mid_to_side_loudness_range": 2.4886093139648438,
      "side_mean": -44.592506408691406
    },
    {
      "high_freq": 1457.5709228515625,
      "loudness": -26.86528205871582,
      "loudness_range": 20.204673767089844,
      "low_freq": 794.6976318359375,
      "mid_mean": -23.20044708251953,
      "mid_to_side_loudness": -21.876415252685547,
      "mid_to_side_loudness_range": 2.9924964904785156,
      "side_mean": -45.105308532714844
    },
    {
      "high_freq": 2549.74365234375,
      "loudness": -25.682750701904297,
      "loudness_range": 18.803104400634766,
      "low_freq": 1457.5709228515625,
      "mid_mean": -22.02859878540039,
      "mid_to_side_loudness": -21.87550163269043,
      "mid_to_side_loudness_range": 2.848407745361328,
      "side_mean": -43.96873474121094
    },
    {
      "high_freq": 4349.24462890625,
      "loudness": -28.710969924926758,
      "loudness_range": 14.857261657714844,
      "low_freq": 2549.74365234375,
      "mid_mean": -25.037418365478516,
      "mid_to_side_loudness": -22.708194732666016,
      "mid_to_side_loudness_range": 8.988813400268555,
      "side_mean": -47.95615005493164
    },
    {
      "high_freq": 7314.1640625,
      "loudness": -34.013301849365234,
      "loudness_range": 13.164892196655273,
      "low_freq": 4349.24462890625,
      "mid_mean": -30.36504554748535,
      "mid_to_side_loudness": -22.0394287109375,
      "mid_to_side_loudness_range": 19.151763916015625,
      "side_mean": -55.14142990112305
    },
    {
      "high_freq": 12199.2666015625,
      "loudness": -35.2845573425293,
      "loudness_range": 10.492000579833984,
      "low_freq": 7314.1640625,
      "mid_mean": -31.824630737304688,
      "mid_to_side_loudness": -14.939103126525879,
      "mid_to_side_loudness_range": 17.046337127685547,
      "side_mean": -47.08671188354492
    },
    {
      "loudness": -44.24010467529297,
      "loudness_range": 16.237789154052734,
      "low_freq": 12199.2666015625,
      "mid_mean": -41.14704132080078,
      "mid_to_side_loudness": -10.31893539428711,
      "mid_to_side_loudness_range": 15.529888153076172,
      "side_mean": -51.653907775878906
    }
  ],
  "bandwidth": 836.326171875,
  "channels": 2,
  "covariance": [
    [
      21.130924224853516,
      21.052846908569336,
      7.717459678649902,
      7.824802398681641,
      1.4071388244628906,
      1.2400808334350586,
      -4.5070061683654785,
      -4.548760414123535,
      -2.56300950050354,
      -2.9907233715057373,
      -0.44443145394325256,
      -1.4355206489562988,
      -0.1902543604373932,
      -0.9317901134490967,
      2.93935489654541,
      2.6932225227355957,
      3.9155256748199463,
      3.5858752727508545
    ],
    [
      21.052846908569336,
      26.578187942504883,
      7.8539838790893555,
      9.228231430053711,
      1.6295981407165527,
      2.2765791416168213,
      -4.156368255615234,
      -3.693817138671875,
      -2.658457040786743,
      -1.943984031677246,
      -0.26302164793014526,
      -0.1541743129491806,
      0.24379031360149384,
      3.287259817123413,
      2.9806134700775146,
      2.470477342605591,
      3.9611220359802246,
      3.4880759716033936
    ],
    [
      7.717459678649902,
      7.8539838790893555,
      18.902496337890625,
      18.508129119873047,
      1.3938761949539185,
      1.5586638450622559,
      3.0056588649749756,
      3.5543434619903564,
      1.1504617929458618,
      1.528475284576416,
      0.8126727938652039,
      0.07674981653690338,
      3.469961643218994,
      2.4319939613342285,
      1.7133264541625977,
      2.1158251762390137,
      2.528233289718628,
      3.6553475856781006
    ],
    [
      7.824802398681641,
      9.228231430053711,
      18.508129119873047,
      20.386384963989258,
      1.474048376083374,
      2.5170319080352783,
      3.3168203830718994,
      4.365789890289307,
      1.228938102722168,
      2.494563579559326,
      0.8162396550178528,
      1.2130966186523438,
      3.7774600982666016,
      2.5342276096343994,
      2.2728545665740967,
      2.1673052310943604,
      3.1460719108581543,
      3.6496715545654297
    ],
    [
      1.4071388244628906,
      1.6295981407165527,
      1.3938761949539185,
      1.474048376083374,
      11.993319511413574,
      11.990418434143066,
      -0.7145658731460571,
      -0.727100670337677,
      0.7544960975646973,
      0.8712336421012878,
      2.0218350887298584,
      2.6564245223999023,
      3.4170029163360596,
      3.328531503677368,
      1.0425143241882324,
      1.0231430530548096,
      0.4263544976711273,
      0.6395317316055298
    ],
    [
      1.2400808334350586,
      2.2765791416168213,
      1.5586638450622559,
      2.5170319080352783,
      11.990418434143066,
      13.174753189086914,
      -0.5095912218093872,
      0.43111875653266907,
      0.8785113096237183,
      1.8867510557174683,
      2.1485564708709717,
      3.7942893505096436,
      3.7571804523468018,
      3.2380878925323486,
      1.2062528133392334,
      0.7146119475364685,
      0.5437973141670227,
      0.49906036257743835
    ],
    [
      -4.5070061683654785,
      -4.156368255615234,
      3.0056588649749756,
      3.3168203830718994,
      -0.7145658731460571,
      -0.5095912218093872,
      33.034976959228516,
      31.569231033325195,
      16.594106674194336,
      16.6304931640625,
      10.946864128112793,
      9.445319175720215,
      5.440608024597168,
      2.0869333744049072,
      -0.002720075659453869,
      -0.49176234006881714,
      -0.3059367835521698,
      0.38341009616851807
    ],
    [
      -4.548760414123535,
      -3.693817138671875,
      3.5543434619903564,
      4.365789890289307,
      -0.727100670337677,
      0.43111875653266907,
      31.569231033325195,
      31.90437889099121,
      16.091577529907227,
      17.3675537109375,
      10.619961738586426,
      9.394439697265625,
      5.617349147796631,
      0.028068343177437782,
      0.1981184333562851,
      -0.9842508435249329,
      -0.027120955288410187,
      0.3444404900074005
    ],
    [
      -2.56300950050354,
      -2.658457040786743,
      1.1504617929458618,
      1.228938102722168,
      0.7544960975646973,
      0.8785113096237183,
      16.594106674194336,
      16.091577529907227,
      21.934370040893555,
      21.455577850341797,
      13.191575050354004,
      10.502861022949219,
      6.210189342498779,
      1.9002599716186523,
      1.5020681619644165,
      0.5564060807228088,
      0.5018627643585205,
      0.9443468451499939
    ],
    [
      -2.9907233715057373,
      -1.943984031677246,
      1.528475284576416,
      2.494563579559326,
      0.8712336421012878,
      1.8867510557174683,
      16.6304931640625,
      17.3675537109375,
      21.455577850341797,
      23.279821395874023,
      13.030811309814453,
      12.283376693725586,
      6.694894313812256,
      1.1015968322753906,
      1.5018221139907837,
      0.27761274576187134,
      0.5384466648101807,
      0.8041222095489502
    ],
    [
      -0.44443145394325256,
      -0.26302164793014526,
      0.8126727938652039,
      0.8162396550178528,
      2.0218350887298584,
      2.1485564708709717,
      10.946864128112793,
      10.619961738586426,
      13.191575050354004,
      13.030811309814453,
      15.335041046142578,
      14.110433578491211,
      6.956653118133545,
      5.58711051940918,
      3.4314846992492676,
      3.08347487449646,
      1.9390441179275513,
      2.0134317874908447
    ],
    [
      -1.4355206489562988,
      -0.1541743129491806,
      0.07674981653690338,
      1.2130966186523438,
      2.6564245223999023,
      3.7942893505096436,
      9.445319175720215,
      9.394439697265625,
      10.502861022949219,
      12.283376693725586,
      14.110433578491211,
      26.332033157348633,
      6.991547584533691,
      16.404312133789062,
      2.5815653800964355,
      5.1423187255859375,
      0.5550757050514221,
      2.9724161624908447
    ],
    [
      -0.1902543604373932,
      0.24379031360149384,
      3.469961643218994,
      3.7774600982666016,
      3.4170029163360596,
      3.7571804523468018,
      5.440608024597168,
      5.617349147796631,
      6.210189342498779,
      6.694894313812256,
      6.956653118133545,
      6.991547584533691,
      10.877461433410645,
      9.676281929016113,
      6.021478652954102,
      4.435242176055908,
      4.27006721496582,
      3.698539972305298
    ],
    [
      -0.9317901134490967,
      3.287259817123413,
      2.4319939613342285,
      2.5342276096343994,
      3.328531503677368,
      3.2380878925323486,
      2.0869333744049072,
      0.028068343177437782,
      1.9002599716186523,
      1.1015968322753906,
      5.58711051940918,
      16.404312133789062,
      9.676281929016113,
      53.22861099243164,
      3.2465648651123047,
      14.085782051086426,
      0.5405513644218445,
      9.211274147033691
    ],
    [
      2.93935489654541,
      2.9806134700775146,
      1.7133264541625977,
      2.2728545665740967,
      1.0425143241882324,
      1.2062528133392334,
      -0.002720075659453869,
      0.1981184333562851,
      1.5020681619644165,
      1.5018221139907837,
      3.4314846992492676,
      2.5815653800964355,
      6.021478652954102,
      3.2465648651123047,
      8.291705131530762,
      5.797303676605225,
      7.451252460479736,
      5.479531288146973
    ],
    [
      2.6932225227355957,
      2.470477342605591,
      2.1158251762390137,
      2.1673052310943604,
      1.0231430530548096,
      0.7146119475364685,
      -0.49176234006881714,
      -0.9842508435249329,
      0.5564060807228088,
      0.27761274576187134,
      3.08347487449646,
      5.1423187255859375,
      4.435242176055908,
      14.085782051086426,
      5.797303676605225,
      19.35317039489746,
      4.789355278015137,
      13.971492767333984
    ],
    [
      3.9155256748199463,
      3.9611220359802246,
      2.528233289718628,
      3.1460719108581543,
      0.4263544976711273,
      0.5437973141670227,
      -0.3059367835521698,
      -0.027120955288410187,
      0.5018627643585205,
      0.5384466648101807,
      1.9390441179275513,
      0.5550757050514221,
      4.27006721496582,
      0.5405513644218445,
      7.451252460479736,
      4.789355278015137,
      9.079708099365234,
      6.226853847503662
    ],
    [
      3.5858752727508545,
      3.4880759716033936,
      3.6553475856781006,
      3.6496715545654297,
      0.6395317316055298,
      0.49906036257743835,
      0.38341009616851807,
      0.3444404900074005,
      0.9443468451499939,
      0.8041222095489502,
      2.0134317874908447,
      2.9724161624908447,
      3.698539972305298,
      9.211274147033691,
      5.479531288146973,
      13.971492767333984,
      6.226853847503662,
      17.038835525512695
    ]
  ],
  "covariance_short": [
    [
      60.23288345336914,
      53.85785675048828,
      33.31729507446289,
      31.820486068725586,
      8.091595649719238,
      7.667585849761963,
      1.137526273727417,
      1.5264335870742798,
      1.3334906101226807,
      1.0854976177215576,
      2.903594732284546,
      2.074363946914673,
      4.543492317199707,
      2.9201114177703857,
      8.381220817565918,
      9.806827545166016,
      14.473901748657227,
      14.22265911102295
    ],
    [
      53.85785675048828,
      52.22467803955078,
      29.811002731323242,
      29.190088272094727,
      6.986145973205566,
      7.344759941101074,
      0.35945069789886475,
      1.0423578023910522,
      0.42683088779449463,
      0.761094868183136,
      2.010164976119995,
      2.2399489879608154,
      3.7431838512420654,
      4.5463457107543945,
      7.553786754608154,
      7.734455108642578,
      13.23397445678711,
      14.39549732208252
    ],
    [
      33.31729507446289,
      29.811002731323242,
      38.3386344909668,
      36.98622131347656,
      6.557048320770264,
      6.461930274963379,
      2.23697829246521,
      2.967589855194092,
      2.0751640796661377,
      2.296232223510742,
      2.7847166061401367,
      1.9545687437057495,
      5.924340724945068,
      3.0488884449005127,
      5.925919532775879,
      7.0543036460876465,
      10.838676452636719,
      11.317400932312012
    ],
    [
      31.820486068725586,
      29.190088272094727,
      36.98622131347656,
      37.478458404541016,
      6.421592712402344,
      6.834561347961426,
      2.4528191089630127,
      3.4149279594421387,
      2.123569965362549,
      2.6768171787261963,
      2.6528260707855225,
      2.3931808471679688,
      5.959412574768066,
      2.6271166801452637,
      5.993011474609375,
      5.816442966461182,
      10.865898132324219,
      9.857819557189941
    ],
    [
      8.091595649719238,
      6.986145973205566,
      6.557048320770264,
      6.421592712402344,
      21.26677703857422,
      21.233722686767578,
      4.2559332847595215,
      4.597308158874512,
      6.471362590789795,
      6.358225345611572,
      6.769798755645752,
      7.091194152832031,
      6.6356964111328125,
      5.467556953430176,
      2.9182958602905273,
      4.129552841186523,
      3.0107028484344482,
      2.9917824268341064
    ],
    [
      7.667585849761963,
      7.344759941101074,
      6.461930274963379,
      6.834561347961426,
      21.233722686767578,
      22.34061050415039,
      4.297115325927734,
      5.315823554992676,
      6.329095363616943,
      7.119580268859863,
      6.687880992889404,
      7.985248565673828,
      6.827722072601318,
      5.295235633850098,
      3.0369083881378174,
      3.0153961181640625,
      3.116605758666992,
      1.9556158781051636
    ],
    [
      1.137526273727417,
      0.35945069789886475,
      2.23697829246521,
      2.4528191089630127,
      4.2559332847595215,
      4.297115325927734,
      51.34219741821289,
      49.066650390625,
      32.652130126953125,
      32.11504364013672,
      22.96754264831543,
      20.4046630859375,
      12.128352165222168,
      6.570671558380127,
      1.9195512533187866,
      0.2875799834728241,
      1.6635801792144775,
      2.0279901027679443
    ],
    [
      1.5264335870742798,
      1.0423578023910522,
      2.967589855194092,
      3.4149279594421387,
      4.597308158874512,
      5.315823554992676,
      49.066650390625,
      49.08678436279297,
      31.767471313476562,
      32.74704360961914,
      22.447961807250977,
      20.180877685546875,
      12.10327434539795,
      3.572981119155884,
      2.17059588432312,
      -0.7731802463531494,
      2.1155927181243896,
      1.2903488874435425
    ],
    [
      1.3334906101226807,
      0.42683088779449463,
      2.0751640796661377,
      2.123569965362549,
      6.471362590789795,
      6.329095363616943,
      32.652130126953125,
      31.767471313476562,
      43.85307693481445,
      42.26713562011719,
      26.565414428710938,
      23.29796028137207,
      14.121139526367188,
      7.148404121398926,
      3.9511120319366455,
      1.810814619064331,
      2.991131067276001,
      2.883193016052246
    ],
    [
      1.0854976177215576,
      0.761094868183136,
      2.296232223510742,
      2.6768171787261963,
      6.358225345611572,
      7.119580268859863,
      32.11504364013672,
      32.74704360961914,
      42.26713562011719,
      44.81475830078125,
      25.882015228271484,
      24.301755905151367,
      14.172226905822754,
      5.860119342803955,
      3.950137138366699,
      0.6739295721054077,
      3.0218417644500732,
      2.078111171722412
    ],
    [
      2.903594732284546,
      2.010164976119995,
      2.7847166061401367,
      2.6528260707855225,
      6.769798755645752,
      6.687880992889404,
      22.96754264831543,
      22.447961807250977,
      26.565414428710938,
      25.882015228271484,
      27.24349594116211,
      25.546247482299805,
      14.220602035522461,
      10.658794403076172,
      6.787932395935059,
      5.861893177032471,
      5.524827003479004,
      5.288610458374023
    ],
    [
      2.074363946914673,
      2.2399489879608154,
      1.9545687437057495,
      2.3931808471679688,
      7.091194152832031,
      7.985248565673828,
      20.4046630859375,
      20.180877685546875,
      23.29796028137207,
      24.301755905151367,
      25.546247482299805,
      41.120418548583984,
      13.71163272857666,
      24.9671630859375,
      5.750155925750732,
      10.154280662536621,
      4.015386581420898,
      7.629703998565674
    ],
    [
      4.543492317199707,
      3.7431838512420654,
      5.924340724945068,
      5.959412574768066,
      6.6356964111328125,
      6.827722072601318,
      12.128352165222168,
      12.10327434539795,
      14.121139526367188,
      14.172226905822754,
      14.220602035522461,
      13.71163272857666,
      19.46510887145996,
      15.420341491699219,
      12.416879653930664,
      10.789448738098145,
      13.621140480041504,
      12.428483009338379
    ],
    [
      2.9201114177703857,
      4.5463457107543945,
      3.0488884449005127,
      2.6271166801452637,
      5.467556953430176,
      5.295235633850098,
      6.570671558380127,
      3.572981119155884,
      7.148404121398926,
      5.860119342803955,
      10.658794403076172,
      24.9671630859375,
      15.420341491699219,
      91.35052490234375,
      7.802053451538086,
      34.26878356933594,
      7.904824733734131,
      29.423206329345703
    ],
    [
      8.381220817565918,
      7.553786754608154,
      5.925919532775879,
      5.993011474609375,
      2.9182958602905273,
      3.0369083881378174,
      1.9195512533187866,
      2.17059588432312,
      3.9511120319366455,
      3.950137138366699,
      6.787932395935059,
      5.750155925750732,
      12.416879653930664,
      7.802053451538086,
      17.040748596191406,
      14.369260787963867,
      20.60320281982422,
      17.553186416625977
    ],
    [
      9.806827545166016,
      7.734455108642578,
      7.0543036460876465,
      5.816442966461182,
      4.129552841186523,
      3.0153961181640625,
      0.2875799834728241,
      -0.7731802463531494,
      1.810814619064331,
      0.6739295721054077,
      5.861893177032471,
      10.154280662536621,
      10.789448738098145,
      34.26878356933594,
      14.369260787963867,
      53.94663619995117,
      18.169347763061523,
      42.845497131347656
    ],
    [
      14.473901748657227,
      13.23397445678711,
      10.838676452636719,
      10.865898132324219,
      3.0107028484344482,
      3.116605758666992,
      1.6635801792144775,
      2.1155927181243896,
      2.991131067276001,
      3.0218417644500732,
      5.524827003479004,
      4.015386581420898,
      13.621140480041504,
      7.904824733734131,
      20.60320281982422,
      18.169347763061523,
      32.84651184082031,
      28.51201057434082
    ],
    [
      14.22265911102295,
      14.39549732208252,
      11.317400932312012,
      9.857819557189941,
      2.9917824268341064,
      1.9556158781051636,
      2.0279901027679443,
      1.2903488874435425,
      2.883193016052246,
      2.078111171722412,
      5.288610458374023,
      7.629703998565674,
      12.428483009338379,
      29.423206329345703,
      17.553186416625977,
      42.845497131347656,
      28.51201057434082,
      57.063926696777344
    ]
  ],
  "damage": -8.765321731567383,
  "diff_bandwidth": 830.5513305664062,
  "dissonance": 9.486686308174724,
  "drr": 11.454315185546875,
  "dynamics": 2.9619193077087402,
  "format": 1245190,
  "frames": 8967104,
  "loudness": -12.905930519104004,
  "loudness_range": 6.994388580322266,
  "loudness_range_short": 11.070826530456543,
  "lowpass_true_peak_15khz": 0.44631609320640564,
  "mastering3_acoustic_entropies": [
    {
      "acoustic_entropy": 8.786587715148926,
      "acoustic_entropy_mono": 8.808746337890625,
      "band_eliminated_acoustic_entropies": [
        {
          "acoustic_entropy": 8.826074600219727,
          "acoustic_entropy_side": 8.786588668823242,
          "hz": 129.47220167065723
        },
        {
          "acoustic_entropy": 8.455559730529785,
          "acoustic_entropy_side": 8.786559104919434,
          "hz": 202.92927478742237
        },
        {
          "acoustic_entropy": 7.982259750366211,
          "acoustic_entropy_side": 8.786373138427734,
          "hz": 282.89161906338205
        },
        {
          "acoustic_entropy": 8.922751426696777,
          "acoustic_entropy_side": 8.786613464355469,
          "hz": 369.9353335868758
        },
        {
          "acoustic_entropy": 8.529309272766113,
          "acoustic_entropy_side": 8.78627872467041,
          "hz": 464.6875360973435
        },
        {
          "acoustic_entropy": 9.345197677612305,
          "acoustic_entropy_side": 8.786299705505371,
          "hz": 567.8308811364784
        },
        {
          "acoustic_entropy": 8.25124740600586,
          "acoustic_entropy_side": 8.788750648498535,
          "hz": 680.1084783214808
        },
        {
          "acoustic_entropy": 9.686771392822266,
          "acoustic_entropy_side": 8.782651901245117,
          "hz": 802.3292461747484
        },
        {
          "acoustic_entropy": 8.362116813659668,
          "acoustic_entropy_side": 8.780423164367676,
          "hz": 935.3737400823702
        },
        {
          "acoustic_entropy": 8.1793794631958,
          "acoustic_entropy_side": 8.786845207214355,
          "hz": 1080.2004963696966
        },
        {
          "acoustic_entropy": 8.91331958770752,
          "acoustic_entropy_side": 8.795241355895996,
          "hz": 1237.8529382007157
        },
        {
          "acoustic_entropy": 8.851338386535645,
          "acoustic_entropy_side": 8.786613464355469,
          "hz": 1409.4668930556702
        },
        {
          "acoustic_entropy": 8.2823486328125,
          "acoustic_entropy_side": 8.787261009216309,
          "hz": 1596.2787759475705
        },
        {
          "acoustic_entropy": 8.9014310836792,
          "acoustic_entropy_side": 8.815042495727539,
          "hz": 1799.6344973346393
        },
        {
          "acoustic_entropy": 8.52437973022461,
          "acoustic_entropy_side": 8.777860641479492,
          "hz": 2020.9991599069049
        },
        {
          "acoustic_entropy": 8.590041160583496,
          "acoustic_entropy_side": 8.785906791687012,
          "hz": 2261.9676141086993
        },
        {
          "acoustic_entropy": 8.966255187988281,
          "acoustic_entropy_side": 8.785938262939453,
          "hz": 2524.2759484456974
        },
        {
          "acoustic_entropy": 8.887100219726562,
          "acoustic_entropy_side": 8.787671089172363,
          "hz": 2809.813997359896
        },
        {
          "acoustic_entropy": 8.645769119262695,
          "acoustic_entropy_side": 8.785576820373535,
          "hz": 3120.6389567871424
        },
        {
          "acoustic_entropy": 9.022693634033203,
          "acoustic_entropy_side": 8.786166191101074,
          "hz": 3458.990205492291
        },
        {
          "acoustic_entropy": 8.586524963378906,
          "acoustic_entropy_side": 8.78636646270752,
          "hz": 3827.305438964164
        },
        {
          "acoustic_entropy": 8.711512565612793,
          "acoustic_entropy_side": 8.785826683044434,
          "hz": 4228.238232109126
        },
        {
          "acoustic_entropy": 8.796645164489746,
          "acoustic_entropy_side": 8.786484718322754,
          "hz": 4664.6771572759235
        },
        {
          "acoustic_entropy": 8.707550048828125,
          "acoustic_entropy_side": 8.786375045776367,
          "hz": 5139.766595350093
        },
        {
          "acoustic_entropy": 8.93721866607666,
          "acoustic_entropy_side": 8.785374641418457,
          "hz": 5656.929389854203
        },
        {
          "acoustic_entropy": 8.98263168334961,
          "acoustic_entropy_side": 8.784738540649414,
          "hz": 6219.891507268283
        },
        {
          "acoustic_entropy": 8.711217880249023,
          "acoustic_entropy_side": 8.785473823547363,
          "hz": 6832.70888123896
        },
        {
          "acoustic_entropy": 8.811617851257324,
          "acoustic_entropy_side": 8.78641414642334,
          "hz": 7499.796634079867
        },
        {
          "acoustic_entropy": 8.716214179992676,
          "acoustic_entropy_side": 8.785499572753906,
          "hz": 8225.96088609342
        },
        {
          "acoustic_entropy": 8.62596607208252,
          "acoustic_entropy_side": 8.786581039428711,
          "hz": 9016.43338188839
        },
        {
          "acoustic_entropy": 8.740966796875,
          "acoustic_entropy_side": 8.787711143493652,
          "hz": 9876.909183162974
        },
        {
          "acoustic_entropy": 8.808550834655762,
          "acoustic_entropy_side": 8.788758277893066,
          "hz": 10813.587699516042
        },
        {
          "acoustic_entropy": 8.811792373657227,
          "acoustic_entropy_side": 8.787951469421387,
          "hz": 11833.21735289826
        },
        {
          "acoustic_entropy": 8.827789306640625,
          "acoustic_entropy_side": 8.788283348083496,
          "hz": 12943.144197493959
        },
        {
          "acoustic_entropy": 8.83684253692627,
          "acoustic_entropy_side": 8.788796424865723,
          "hz": 14151.364845322005
        },
        {
          "acoustic_entropy": 8.819601058959961,
          "acoustic_entropy_side": 8.788337707519531,
          "hz": 15466.58407886509
        },
        {
          "acoustic_entropy": 8.813881874084473,
          "acoustic_entropy_side": 8.788389205932617,
          "hz": 16898.27756580493
        },
        {
          "acoustic_entropy": 8.805915832519531,
          "acoustic_entropy_side": 8.788228988647461,
          "hz": 18456.760127700032
        },
        {
          "acoustic_entropy": 8.789872169494629,
          "acoustic_entropy_side": 8.786993980407715,
          "hz": 20153.260054456492
        },
        {
          "acoustic_entropy": 8.786664009094238,
          "acoustic_entropy_side": 8.786602020263672,
          "hz": 22000.00000000001
        }
      ],
      "diff_acoustic_entropy": 8.524909019470215,
      "sn": 6
    },
    {
      "acoustic_entropy": 11.85346508026123,
      "acoustic_entropy_mono": 11.918161392211914,
      "band_eliminated_acoustic_entropies": [
        {
          "acoustic_entropy": 11.7830810546875,
          "acoustic_entropy_side": 11.853463172912598,
          "hz": 129.47220167065723
        },
        {
          "acoustic_entropy": 11.359430313110352,
          "acoustic_entropy_side": 11.853065490722656,
          "hz": 202.92927478742237
        },
        {
          "acoustic_entropy": 10.231637001037598,
          "acoustic_entropy_side": 11.852153778076172,
          "hz": 282.89161906338205
        },
        {
          "acoustic_entropy": 11.561594009399414,
          "acoustic_entropy_side": 11.853282928466797,
          "hz": 369.9353335868758
        },
        {
          "acoustic_entropy": 11.496973037719727,
          "acoustic_entropy_side": 11.851616859436035,
          "hz": 464.6875360973435
        },
        {
          "acoustic_entropy": 12.506877899169922,
          "acoustic_entropy_side": 11.849647521972656,
          "hz": 567.8308811364784
        },
        {
          "acoustic_entropy": 11.613176345825195,
          "acoustic_entropy_side": 11.853589057922363,
          "hz": 680.1084783214808
        },
        {
          "acoustic_entropy": 12.08922290802002,
          "acoustic_entropy_side": 11.862733840942383,
          "hz": 802.3292461747484
        },
        {
          "acoustic_entropy": 12.064197540283203,
          "acoustic_entropy_side": 11.822772979736328,
          "hz": 935.3737400823702
        },
        {
          "acoustic_entropy": 11.111494064331055,
          "acoustic_entropy_side": 11.901206016540527,
          "hz": 1080.2004963696966
        },
        {
          "acoustic_entropy": 11.480626106262207,
          "acoustic_entropy_side": 11.889450073242188,
          "hz": 1237.8529382007157
        },
        {
          "acoustic_entropy": 11.846920013427734,
          "acoustic_entropy_side": 11.848847389221191,
          "hz": 1409.4668930556702
        },
        {
          "acoustic_entropy": 11.555974960327148,
          "acoustic_entropy_side": 11.856778144836426,
          "hz": 1596.2787759475705
        },
        {
          "acoustic_entropy": 11.604610443115234,
          "acoustic_entropy_side": 11.881057739257812,
          "hz": 1799.6344973346393
        },
        {
          "acoustic_entropy": 11.715178489685059,
          "acoustic_entropy_side": 11.849376678466797,
          "hz": 2020.9991599069049
        },
        {
          "acoustic_entropy": 11.370573997497559,
          "acoustic_entropy_side": 11.832804679870605,
          "hz": 2261.9676141086993
        },
        {
          "acoustic_entropy": 11.634063720703125,
          "acoustic_entropy_side": 11.849533081054688,
          "hz": 2524.2759484456974
        },
        {
          "acoustic_entropy": 11.497625350952148,
          "acoustic_entropy_side": 11.856995582580566,
          "hz": 2809.813997359896
        },
        {
          "acoustic_entropy": 11.044358253479004,
          "acoustic_entropy_side": 11.850069046020508,
          "hz": 3120.6389567871424
        },
        {
          "acoustic_entropy": 11.599223136901855,
          "acoustic_entropy_side": 11.851828575134277,
          "hz": 3458.990205492291
        },
        {
          "acoustic_entropy": 11.946602821350098,
          "acoustic_entropy_side": 11.85590934753418,
          "hz": 3827.305438964164
        },
        {
          "acoustic_entropy": 11.51722526550293,
          "acoustic_entropy_side": 11.849493026733398,
          "hz": 4228.238232109126
        },
        {
          "acoustic_entropy": 11.75491714477539,
          "acoustic_entropy_side": 11.853108406066895,
          "hz": 4664.6771572759235
        },
        {
          "acoustic_entropy": 11.854267120361328,
          "acoustic_entropy_side": 11.854170799255371,
          "hz": 5139.766595350093
        },
        {
          "acoustic_entropy": 11.748827934265137,
          "acoustic_entropy_side": 11.853802680969238,
          "hz": 5656.929389854203
        },
        {
          "acoustic_entropy": 11.560107231140137,
          "acoustic_entropy_side": 11.84911060333252,
          "hz": 6219.891507268283
        },
        {
          "acoustic_entropy": 11.743339538574219,
          "acoustic_entropy_side": 11.850739479064941,
          "hz": 6832.70888123896
        },
        {
          "acoustic_entropy": 11.917407035827637,
          "acoustic_entropy_side": 11.852067947387695,
          "hz": 7499.796634079867
        },
        {
          "acoustic_entropy": 11.904082298278809,
          "acoustic_entropy_side": 11.850057601928711,
          "hz": 8225.96088609342
        },
        {
          "acoustic_entropy": 11.946063041687012,
          "acoustic_entropy_side": 11.851683616638184,
          "hz": 9016.43338188839
        },
        {
          "acoustic_entropy": 11.967488288879395,
          "acoustic_entropy_side": 11.85169792175293,
          "hz": 9876.909183162974
        },
        {
          "acoustic_entropy": 11.979925155639648,
          "acoustic_entropy_side": 11.848989486694336,
          "hz": 10813.587699516042
        },
        {
          "acoustic_entropy": 11.986623764038086,
          "acoustic_entropy_side": 11.851576805114746,
          "hz": 11833.21735289826
        },
        {
          "acoustic_entropy": 11.950542449951172,
          "acoustic_entropy_side": 11.851097106933594,
          "hz": 12943.144197493959
        },
        {
          "acoustic_entropy": 11.892350196838379,
          "acoustic_entropy_side": 11.85008716583252,
          "hz": 14151.364845322005
        },
        {
          "acoustic_entropy": 11.880327224731445,
          "acoustic_entropy_side": 11.85354232788086,
          "hz": 15466.58407886509
        },
        {
          "acoustic_entropy": 11.876133918762207,
          "acoustic_entropy_side": 11.854422569274902,
          "hz": 16898.27756580493
        },
        {
          "acoustic_entropy": 11.865171432495117,
          "acoustic_entropy_side": 11.854530334472656,
          "hz": 18456.760127700032
        },
        {
          "acoustic_entropy": 11.851513862609863,
          "acoustic_entropy_side": 11.85368824005127,
          "hz": 20153.260054456492
        },
        {
          "acoustic_entropy": 11.853342056274414,
          "acoustic_entropy_side": 11.85346508026123,
          "hz": 22000.00000000001
        }
      ],
      "diff_acoustic_entropy": 11.692536354064941,
      "sn": 12
    },
    {
      "acoustic_entropy": 15.551295280456543,
      "acoustic_entropy_mono": 15.857999801635742,
      "band_eliminated_acoustic_entropies": [
        {
          "acoustic_entropy": 15.644879341125488,
          "acoustic_entropy_side": 15.550296783447266,
          "hz": 129.47220167065723
        },
        {
          "acoustic_entropy": 16.12148666381836,
          "acoustic_entropy_side": 15.562015533447266,
          "hz": 202.92927478742237
        },
        {
          "acoustic_entropy": 15.724451065063477,
          "acoustic_entropy_side": 15.413008689880371,
          "hz": 282.89161906338205
        },
        {
          "acoustic_entropy": 16.28297996520996,
          "acoustic_entropy_side": 15.438632011413574,
          "hz": 369.9353335868758
        },
        {
          "acoustic_entropy": 15.726385116577148,
          "acoustic_entropy_side": 15.360918998718262,
          "hz": 464.6875360973435
        },
        {
          "acoustic_entropy": 16.814388275146484,
          "acoustic_entropy_side": 15.995171546936035,
          "hz": 567.8308811364784
        },
        {
          "acoustic_entropy": 15.117831230163574,
          "acoustic_entropy_side": 15.907313346862793,
          "hz": 680.1084783214808
        },
        {
          "acoustic_entropy": 16.692766189575195,
          "acoustic_entropy_side": 15.546464920043945,
          "hz": 802.3292461747484
        },
        {
          "acoustic_entropy": 16.400278091430664,
          "acoustic_entropy_side": 15.336990356445312,
          "hz": 935.3737400823702
        },
        {
          "acoustic_entropy": 15.679487228393555,
          "acoustic_entropy_side": 16.267425537109375,
          "hz": 1080.2004963696966
        },
        {
          "acoustic_entropy": 15.636204719543457,
          "acoustic_entropy_side": 15.565411567687988,
          "hz": 1237.8529382007157
        },
        {
          "acoustic_entropy": 15.797816276550293,
          "acoustic_entropy_side": 15.864986419677734,
          "hz": 1409.4668930556702
        },
        {
          "acoustic_entropy": 15.47564697265625,
          "acoustic_entropy_side": 15.49908447265625,
          "hz": 1596.2787759475705
        },
        {
          "acoustic_entropy": 16.06781578063965,
          "acoustic_entropy_side": 15.746725082397461,
          "hz": 1799.6344973346393
        },
        {
          "acoustic_entropy": 15.25512409210205,
          "acoustic_entropy_side": 15.394535064697266,
          "hz": 2020.9991599069049
        },
        {
          "acoustic_entropy": 14.425804138183594,
          "acoustic_entropy_side": 15.349688529968262,
          "hz": 2261.9676141086993
        },
        {
          "acoustic_entropy": 15.720611572265625,
          "acoustic_entropy_side": 15.56728744506836,
          "hz": 2524.2759484456974
        },
        {
          "acoustic_entropy": 15.339305877685547,
          "acoustic_entropy_side": 15.553539276123047,
