{
  "acoustic_entropy": 175.60316467285156,
  "bands": [
    {
      "high_freq": 148.1999969482422,
      "loudness": -46.68576431274414,
      "loudness_range": 31.627710342407227,
      "mid_mean": -45.145896911621094,
      "mid_to_side_loudness": -2.8767852783203125,
      "mid_to_side_loudness_range": 12.88945198059082,
      "side_mean": -47.89022445678711
    },
    {
      "high_freq": 392.3793640136719,
      "loudness": -26.839204788208008,
      "loudness_range": 13.07282829284668,
      "low_freq": 148.1999969482422,
      "mid_mean": -24.52095603942871,
      "mid_to_side_loudness": -5.11553430557251,
      "mid_to_side_loudness_range": 11.385530471801758,
      "side_mean": -29.86491584777832
    },
    {
      "high_freq": 794.6976318359375,
      "loudness": -27.642234802246094,
      "loudness_range": 17.022987365722656,
      "low_freq": 392.3793640136719,
      "mid_mean": -25.14141082763672,
      "mid_to_side_loudness": -5.968653678894043,
      "mid_to_side_loudness_range": 9.310434341430664,
      "side_mean": -31.10898780822754
    },
    {
      "high_freq": 1457.5709228515625,
      "loudness": -31.123437881469727,
      "loudness_range": 22.88655662536621,
      "low_freq": 794.6976318359375,
      "mid_mean": -28.56336784362793,
      "mid_to_side_loudness": -6.37732458114624,
      "mid_to_side_loudness_range": 9.257137298583984,
      "side_mean": -34.99168014526367
    },
    {
      "high_freq": 2549.74365234375,
      "loudness": -36.08561706542969,
      "loudness_range": 16.596885681152344,
      "low_freq": 1457.5709228515625,
      "mid_mean": -33.725032806396484,
      "mid_to_side_loudness": -5.139694690704346,
      "mid_to_side_loudness_range": 8.511582374572754,
      "side_mean": -38.89523696899414
    },
    {
      "high_freq": 4349.24462890625,
      "loudness": -41.27048873901367,
      "loudness_range": 16.234466552734375,
      "low_freq": 2549.74365234375,
      "mid_mean": -38.98044204711914,
      "mid_to_side_loudness": -4.506591796875,
      "mid_to_side_loudness_range": 6.2870192527771,
      "side_mean": -43.48462677001953
    },
    {
      "high_freq": 7314.1640625,
      "loudness": -45.87576675415039,
      "loudness_range": 18.38626480102539,
      "low_freq": 4349.24462890625,
      "mid_mean": -43.514163970947266,
      "mid_to_side_loudness": -4.64853572845459,
      "mid_to_side_loudness_range": 4.732650279998779,
      "side_mean": -48.1718864440918
    },
    {
      "high_freq": 12199.2666015625,
      "loudness": -58.23265075683594,
      "loudness_range": 22.97014617919922,
      "low_freq": 7314.1640625,
      "mid_mean": -56.53087615966797,
      "mid_to_side_loudness": -2.6189780235290527,
      "mid_to_side_loudness_range": 3.9482524394989014,
      "side_mean": -58.78384017944336
    },
    {
      "loudness": -73.29641723632812,
      "loudness_range": 10.70428466796875,
      "low_freq": 12199.2666015625,
      "mid_mean": -67.87787628173828,
      "mid_to_side_loudness": 0.5715484619140625,
      "mid_to_side_loudness_range": 2.6354801654815674,
      "side_mean": -67.62635803222656
    }
  ],
  "bands_short": [
    {
      "high_freq": 148.1999969482422,
      "loudness": -51.140132904052734,
      "loudness_range": 31.048328399658203,
      "mid_mean": -50.315216064453125,
      "mid_to_side_loudness": -2.6833956241607666,
      "mid_to_side_loudness_range": 15.257190704345703,
      "side_mean": -52.63652420043945
    },
    {
      "high_freq": 392.3793640136719,
      "loudness": -27.214405059814453,
      "loudness_range": 13.677818298339844,
      "low_freq": 148.1999969482422,
      "mid_mean": -25.030179977416992,
      "mid_to_side_loudness": -5.117141246795654,
      "mid_to_side_loudness_range": 13.126062393188477,
      "side_mean": -30.30573081970215
    },
    {
      "high_freq": 794.6976318359375,
      "loudness": -27.783851623535156,
      "loudness_range": 17.86953353881836,
      "low_freq": 392.3793640136719,
      "mid_mean": -25.315876007080078,
      "mid_to_side_loudness": -5.9567108154296875,
      "mid_to_side_loudness_range": 11.696355819702148,
      "side_mean": -31.390188217163086
    },
    {
      "high_freq": 1457.5709228515625,
      "loudness": -30.67330551147461,
      "loudness_range": 21.35948371887207,
      "low_freq": 794.6976318359375,
      "mid_mean": -28.2264404296875,
      "mid_to_side_loudness": -6.330876350402832,
      "mid_to_side_loudness_range": 12.391209602355957,
      "side_mean": -34.64884567260742
    },
    {
      "high_freq": 2549.74365234375,
      "loudness": -36.34649658203125,
      "loudness_range": 17.71238899230957,
      "low_freq": 1457.5709228515625,
      "mid_mean": -34.13847732543945,
      "mid_to_side_loudness": -5.091227054595947,
      "mid_to_side_loudness_range": 10.798498153686523,
      "side_mean": -39.292686462402344
    },
    {
      "high_freq": 4349.24462890625,
      "loudness": -42.0098991394043,
      "loudness_range": 18.618267059326172,
      "low_freq": 2549.74365234375,
      "mid_mean": -39.860595703125,
      "mid_to_side_loudness": -4.288224697113037,
      "mid_to_side_loudness_range": 8.447630882263184,
      "side_mean": -44.164878845214844
    },
    {
      "high_freq": 7314.1640625,
      "loudness": -46.99420928955078,
      "loudness_range": 21.6002197265625,
      "low_freq": 4349.24462890625,
      "mid_mean": -44.73684310913086,
      "mid_to_side_loudness": -4.446952819824219,
      "mid_to_side_loudness_range": 7.009031295776367,
      "side_mean": -50.067962646484375
    },
    {
      "high_freq": 12199.2666015625,
      "loudness": -60.1986198425293,
      "loudness_range": 26.065853118896484,
      "low_freq": 7314.1640625,
      "mid_mean": -58.13880157470703,
      "mid_to_side_loudness": -2.436387538909912,
      "mid_to_side_loudness_range": 4.94993257522583,
      "side_mean": -60.16050338745117
    },
    {
      "loudness": -73.67412567138672,
      "loudness_range": 11.366218566894531,
      "low_freq": 12199.2666015625,
      "mid_mean": -67.99238586425781,
      "mid_to_side_loudness": 0.5090821981430054,
      "mid_to_side_loudness_range": 3.3023924827575684,
      "side_mean": -67.7733154296875
    }
  ],
  "bandwidth": 642.9368896484375,
  "channels": 2,
  "covariance": [
    [
      125.56932830810547,
      125.7849349975586,
      24.914154052734375,
      38.36433029174805,
      35.758480072021484,
      41.03369903564453,
      48.04792022705078,
      57.31025695800781,
      35.766117095947266,
      53.55046463012695,
      30.32958984375,
      39.18238067626953,
      4.4722819328308105,
      7.833199501037598,
      28.4863224029541,
      24.181476593017578,
      6.541430473327637,
      6.702846527099609
    ],
    [
      125.7849349975586,
      143.10275268554688,
      27.29067039489746,
      42.19777297973633,
      41.14158248901367,
      46.17650604248047,
      53.294612884521484,
      62.92294692993164,
      40.75685501098633,
      60.36634826660156,
      34.35274124145508,
      43.95362854003906,
      6.798301696777344,
      10.335012435913086,
      31.699443817138672,
      26.97486114501953,
      7.441883087158203,
      7.816275596618652
    ],
    [
      24.914154052734375,
      27.29067039489746,
      21.508792877197266,
      17.549840927124023,
      13.58294677734375,
      15.834592819213867,
      16.231977462768555,
      18.182355880737305,
      9.286067008972168,
      14.047165870666504,
      6.654902935028076,
      9.19186019897461,
      -2.303014039993286,
      -0.15607140958309174,
      5.427079200744629,
      4.618817329406738,
      1.2707875967025757,
      1.322828769683838
    ],
    [
      38.36433029174805,
      42.19777297973633,
      17.549840927124023,
      28.484086990356445,
      20.57982635498047,
      26.507272720336914,
      26.45941734313965,
      31.027217864990234,
      18.338680267333984,
      27.30436134338379,
      14.935038566589355,
      19.719322204589844,
      5.144497394561768,
      6.937941074371338,
      13.920052528381348,
      12.101990699768066,
      2.8616409301757812,
      3.021874189376831
    ],
    [
      35.758480072021484,
      41.14158248901367,
      13.58294677734375,
      20.57982635498047,
      37.88915252685547,
      34.084102630615234,
      42.12425994873047,
      40.24890899658203,
      28.173744201660156,
      33.16155242919922,
      21.9371395111084,
      24.592357635498047,
      13.025455474853516,
      14.413053512573242,
      18.88506507873535,
      16.693735122680664,
      5.661518096923828,
      6.144588470458984
    ],
    [
      41.03369903564453,
      46.17650604248047,
      15.834592819213867,
      26.507272720336914,
      34.084102630615234,
      41.204673767089844,
      40.862998962402344,
      44.52052307128906,
      29.107070922851562,
      38.73542785644531,
      22.485383987426758,
      27.950603485107422,
      12.191180229187012,
      14.342645645141602,
      18.707592010498047,
      16.80840301513672,
      5.640280723571777,
      5.998136043548584
    ],
    [
      48.04792022705078,
      53.294612884521484,
      16.231977462768555,
      26.45941734313965,
      42.12425994873047,
      40.862998962402344,
      62.326019287109375,
      56.77386474609375,
      34.7651252746582,
      42.335227966308594,
      29.083566665649414,
      32.326786041259766,
      16.697633743286133,
      18.61593246459961,
      26.046199798583984,
      22.927335739135742,
      6.760464191436768,
      7.459465503692627
    ],
    [
      57.31025695800781,
      62.92294692993164,
      18.182355880737305,
      31.027217864990234,
      40.24890899658203,
      44.52052307128906,
      56.77386474609375,
      62.166072845458984,
      35.47661590576172,
      48.48514938354492,
      29.289447784423828,
      35.6544303894043,
      15.195419311523438,
      17.911802291870117,
      25.361061096191406,
      22.524673461914062,
      6.587555408477783,
      7.102327823638916
    ],
    [
      35.766117095947266,
      40.75685501098633,
      9.286067008972168,
      18.338680267333984,
      28.173744201660156,
      29.107070922851562,
      34.7651252746582,
      35.47661590576172,
      35.700748443603516,
      39.82255935668945,
      28.82170867919922,
      31.639392852783203,
      23.211454391479492,
      24.083988189697266,
      25.413705825805664,
      22.80769157409668,
      7.221092224121094,
      7.827035427093506
    ],
    [
      53.55046463012695,
      60.36634826660156,
      14.047165870666504,
      27.30436134338379,
      33.16155242919922,
      38.73542785644531,
      42.335227966308594,
      48.48514938354492,
      39.82255935668945,
      53.45292282104492,
      33.75489044189453,
      40.52582931518555,
      24.240598678588867,
      26.255870819091797,
      29.847749710083008,
      26.730613708496094,
      7.911355972290039,
      8.361827850341797
    ],
    [
      30.32958984375,
      34.35274124145508,
      6.654902935028076,
      14.935038566589355,
      21.9371395111084,
      22.485383987426758,
      29.083566665649414,
      29.289447784423828,
      28.82170867919922,
      33.75489044189453,
      32.562076568603516,
      32.80196762084961,
      26.831432342529297,
      26.871023178100586,
      28.631792068481445,
      25.585819244384766,
      7.487070560455322,
      8.081439971923828
    ],
    [
      39.18238067626953,
      43.95362854003906,
      9.19186019897461,
      19.719322204589844,
      24.592357635498047,
      27.950603485107422,
      32.326786041259766,
      35.6544303894043,
      31.639392852783203,
      40.52582931518555,
      32.80196762084961,
      37.94746398925781,
      25.478809356689453,
      27.13395881652832,
      28.53205680847168,
      25.755884170532227,
      8.07672119140625,
      8.480560302734375
    ],
    [
      4.4722819328308105,
      6.798301696777344,
      -2.303014039993286,
      5.144497394561768,
      13.025455474853516,
      12.191180229187012,
      16.697633743286133,
      15.195419311523438,
      23.211454391479492,
      24.240598678588867,
      26.831432342529297,
      25.478809356689453,
      43.83271408081055,
      40.018089294433594,
      36.34892654418945,
      32.144195556640625,
      6.1181111335754395,
      6.5711140632629395
    ],
    [
      7.833199501037598,
      10.335012435913086,
      -0.15607140958309174,
      6.937941074371338,
      14.413053512573242,
      14.342645645141602,
      18.61593246459961,
      17.911802291870117,
      24.083988189697266,
      26.255870819091797,
      26.871023178100586,
      27.13395881652832,
      40.018089294433594,
      39.3067512512207,
      34.79848861694336,
      31.3544979095459,
      6.683292388916016,
      7.188952445983887
    ],
    [
      28.4863224029541,
      31.699443817138672,
      5.427079200744629,
      13.920052528381348,
      18.88506507873535,
      18.707592010498047,
      26.046199798583984,
      25.361061096191406,
      25.413705825805664,
      29.847749710083008,
      28.631792068481445,
      28.53205680847168,
      36.34892654418945,
      34.79848861694336,
      58.443260192871094,
      50.81918716430664,
      10.038934707641602,
      10.543893814086914
    ],
    [
      24.181476593017578,
      26.97486114501953,
      4.618817329406738,
      12.101990699768066,
      16.693735122680664,
      16.80840301513672,
      22.927335739135742,
      22.524673461914062,
      22.80769157409668,
      26.730613708496094,
      25.585819244384766,
      25.755884170532227,
      32.144195556640625,
      31.3544979095459,
      50.81918716430664,
      45.383296966552734,
      9.555734634399414,
      10.147685050964355
    ],
    [
      6.541430473327637,
      7.441883087158203,
      1.2707875967025757,
      2.8616409301757812,
      5.661518096923828,
      5.640280723571777,
      6.760464191436768,
      6.587555408477783,
      7.221092224121094,
      7.911355972290039,
      7.487070560455322,
      8.07672119140625,
      6.1181111335754395,
      6.683292388916016,
      10.038934707641602,
      9.555734634399414,
      6.441612243652344,
      6.514666557312012
    ],
    [
      6.702846527099609,
      7.816275596618652,
      1.322828769683838,
      3.021874189376831,
      6.144588470458984,
      5.998136043548584,
      7.459465503692627,
      7.102327823638916,
      7.827035427093506,
      8.361827850341797,
      8.081439971923828,
      8.480560302734375,
      6.5711140632629395,
      7.188952445983887,
      10.543893814086914,
      10.147685050964355,
      6.514666557312012,
      6.780384540557861
    ]
  ],
  "covariance_short": [
    [
      127.37071990966797,
      117.27210998535156,
      27.28009033203125,
      39.59623336791992,
      30.121274948120117,
      36.50669860839844,
      38.36193084716797,
      47.781105041503906,
      31.726089477539062,
      47.91070556640625,
      33.4174690246582,
      41.122249603271484,
      10.64250659942627,
      28.012298583984375,
      34.1733512878418,
      28.90825080871582,
      6.0388689041137695,
      6.492030143737793
    ],
    [
      117.27210998535156,
      132.10194396972656,
      27.775663375854492,
      42.289825439453125,
      33.55529022216797,
      39.42269515991211,
      40.69963455200195,
      50.78067398071289,
      34.50986862182617,
      51.9737548828125,
      35.76662063598633,
      44.1372184753418,
      10.604639053344727,
      26.976457595825195,
      33.20265197753906,
      28.019248962402344,
      5.925753116607666,
      6.4981608390808105
    ],
    [
      27.28009033203125,
      27.775663375854492,
      25.002429962158203,
      19.758146286010742,
      17.33439064025879,
      17.97040367126465,
      14.625264167785645,
      17.46223258972168,
      10.854510307312012,
      16.34381103515625,
      9.50398063659668,
      11.927511215209961,
      -1.001977562904358,
      2.1092536449432373,
      7.644477844238281,
      6.613194942474365,
      1.3479844331741333,
      1.4675261974334717
    ],
    [
      39.59623336791992,
      42.289825439453125,
      19.758146286010742,
      35.07639694213867,
      23.59134864807129,
      30.0677433013916,
      25.4008731842041,
      31.179115295410156,
      21.07086753845215,
      30.95366859436035,
      19.878463745117188,
      24.581932067871094,
      7.037811756134033,
      11.000819206237793,
      16.60441780090332,
      14.424821853637695,
      2.8080530166625977,
      3.0344321727752686
    ],
    [
      30.121274948120117,
      33.55529022216797,
      17.33439064025879,
      23.59134864807129,
      40.082298278808594,
      34.91059494018555,
      38.19987487792969,
      36.762088775634766,
      27.68669891357422,
      33.13511657714844,
      23.68642234802246,
      26.1196346282959,
      11.370670318603516,
      13.885117530822754,
      19.034549713134766,
      16.726991653442383,
      4.666726589202881,
      5.17844820022583
    ],
    [
      36.50669860839844,
      39.42269515991211,
      17.97040367126465,
      30.0677433013916,
      34.91059494018555,
      46.239559173583984,
      37.13140869140625,
      41.713233947753906,
      29.66427230834961,
      39.862831115722656,
      26.53076171875,
      31.248796463012695,
      12.938308715820312,
      16.529102325439453,
      20.700563430786133,
      18.500730514526367,
      4.693075180053711,
      5.1148223876953125
    ],
    [
      38.36193084716797,
      40.69963455200195,
      14.625264167785645,
      25.4008731842041,
      38.19987487792969,
      37.13140869140625,
      58.090450286865234,
      48.254695892333984,
      36.35442352294922,
      41.56461715698242,
      32.86232376098633,
      34.183082580566406,
      21.322954177856445,
      22.64818572998047,
      27.471229553222656,
      23.8920841217041,
      5.954397678375244,
      6.6983323097229
    ],
    [
      47.781105041503906,
      50.78067398071289,
      17.46223258972168,
      31.179115295410156,
      36.762088775634766,
      41.713233947753906,
      48.254695892333984,
      58.422607421875,
      36.54058074951172,
      48.59172058105469,
      33.61135482788086,
      38.6807861328125,
      19.155963897705078,
      22.2943172454834,
      26.61673927307129,
      23.370365142822266,
      5.679208278656006,
      6.184938430786133
    ],
    [
      31.726089477539062,
      34.50986862182617,
      10.854510307312012,
      21.07086753845215,
      27.68669891357422,
      29.66427230834961,
      36.35442352294922,
      36.54058074951172,
      42.18476104736328,
      43.10496520996094,
      34.39223098754883,
      36.4691276550293,
      28.44485092163086,
      28.950714111328125,
      28.6296443939209,
      25.477323532104492,
      6.75919771194458,
      7.453845977783203
    ],
    [
      47.91070556640625,
      51.9737548828125,
      16.34381103515625,
      30.95366859436035,
      33.13511657714844,
      39.862831115722656,
      41.56461715698242,
      48.59172058105469,
      43.10496520996094,
      60.22636032104492,
      40.214439392089844,
      46.55835723876953,
      28.735820770263672,
      31.461130142211914,
      32.91942596435547,
      29.258119583129883,
      7.230055332183838,
      7.734678268432617
    ],
    [
      33.4174690246582,
      35.76662063598633,
      9.50398063659668,
      19.878463745117188,
      23.68642234802246,
      26.53076171875,
      32.86232376098633,
      33.61135482788086,
      34.39223098754883,
      40.214439392089844,
      43.89826583862305,
      41.895118713378906,
      35.09119415283203,
      34.19385528564453,
      35.68202209472656,
      31.572185516357422,
      7.482802391052246,
      8.237600326538086
    ],
    [
      41.122249603271484,
      44.1372184753418,
      11.927511215209961,
      24.581932067871094,
      26.1196346282959,
      31.248796463012695,
      34.183082580566406,
      38.6807861328125,
      36.4691276550293,
      46.55835723876953,
      41.895118713378906,
      48.784244537353516,
      32.319175720214844,
      34.152896881103516,
      33.634185791015625,
      30.192058563232422,
      7.577267646789551,
      8.103437423706055
    ],
    [
      10.64250659942627,
      10.604639053344727,
      -1.001977562904358,
      7.037811756134033,
      11.370670318603516,
      12.938308715820312,
      21.322954177856445,
      19.155963897705078,
      28.44485092163086,
      28.735820770263672,
      35.09119415283203,
      32.319175720214844,
      57.57371139526367,
      50.43669509887695,
      44.816619873046875,
      39.31935119628906,
      7.214613437652588,
      7.817050933837891
    ],
    [
      28.012298583984375,
      26.976457595825195,
      2.1092536449432373,
      11.000819206237793,
      13.885117530822754,
      16.529102325439453,
      22.64818572998047,
      22.2943172454834,
      28.950714111328125,
      31.461130142211914,
      34.19385528564453,
      34.152896881103516,
      50.43669509887695,
      64.63230895996094,
      49.31948471069336,
      43.64434814453125,
      8.532610893249512,
      9.403621673583984
    ],
    [
      34.1733512878418,
      33.20265197753906,
      7.644477844238281,
      16.60441780090332,
      19.034549713134766,
      20.700563430786133,
      27.471229553222656,
      26.61673927307129,
      28.6296443939209,
      32.91942596435547,
      35.68202209472656,
      33.634185791015625,
      44.816619873046875,
      49.31948471069336,
      65.94812774658203,
      56.39421081542969,
      10.071483612060547,
      10.736028671264648
    ],
    [
      28.90825080871582,
      28.019248962402344,
      6.613194942474365,
      14.424821853637695,
      16.726991653442383,
      18.500730514526367,
      23.8920841217041,
      23.370365142822266,
      25.477323532104492,
      29.258119583129883,
      31.572185516357422,
      30.192058563232422,
      39.31935119628906,
      43.64434814453125,
      56.39421081542969,
      50.02058792114258,
      9.320751190185547,
      10.116939544677734
    ],
    [
      6.0388689041137695,
      5.925753116607666,
      1.3479844331741333,
      2.8080530166625977,
      4.666726589202881,
      4.693075180053711,
      5.954397678375244,
      5.679208278656006,
      6.75919771194458,
      7.230055332183838,
      7.482802391052246,
      7.577267646789551,
      7.214613437652588,
      8.532610893249512,
      10.071483612060547,
      9.320751190185547,
      5.589791297912598,
      5.7137579917907715
    ],
    [
      6.492030143737793,
      6.4981608390808105,
      1.4675261974334717,
      3.0344321727752686,
      5.17844820022583,
      5.1148223876953125,
      6.6983323097229,
      6.184938430786133,
      7.453845977783203,
      7.734678268432617,
      8.237600326538086,
      8.103437423706055,
      7.817050933837891,
      9.403621673583984,
      10.736028671264648,
      10.116939544677734,
      5.7137579917907715,
      6.133858680725098
    ]
  ],
  "damage": -10.077619552612305,
  "diff_bandwidth": 695.1749267578125,
  "dissonance": 3.5085028320226486,
  "drr": -0.2395664006471634,
  "dynamics": 4.588802814483643,
  "format": 1245190,
  "frames": 5812224,
  "loudness": -18.886016845703125,
  "loudness_range": 13.398789405822754,
  "loudness_range_short": 13.934597969055176,
  "lowpass_true_peak_15khz": -3.517648696899414,
  "mastering3_acoustic_entropies": [
    {
      "acoustic_entropy": 6.958854675292969,
      "acoustic_entropy_mono": 7.158578872680664,
      "band_eliminated_acoustic_entropies": [
        {
          "acoustic_entropy": 6.960103988647461,
          "acoustic_entropy_side": 6.959089279174805,
          "hz": 129.47220167065723
        },
        {
          "acoustic_entropy": 7.0310540199279785,
          "acoustic_entropy_side": 6.982396602630615,
          "hz": 202.92927478742237
        },
        {
          "acoustic_entropy": 6.790085792541504,
          "acoustic_entropy_side": 6.810878276824951,
          "hz": 282.89161906338205
        },
        {
          "acoustic_entropy": 6.640960216522217,
          "acoustic_entropy_side": 7.124260902404785,
          "hz": 369.9353335868758
        },
        {
          "acoustic_entropy": 7.25801420211792,
          "acoustic_entropy_side": 6.901419162750244,
          "hz": 464.6875360973435
        },
        {
          "acoustic_entropy": 7.469333648681641,
          "acoustic_entropy_side": 7.056643009185791,
          "hz": 567.8308811364784
        },
        {
          "acoustic_entropy": 6.883255958557129,
          "acoustic_entropy_side": 7.256298542022705,
          "hz": 680.1084783214808
        },
        {
          "acoustic_entropy": 7.089687824249268,
          "acoustic_entropy_side": 6.796648025512695,
          "hz": 802.3292461747484
        },
        {
          "acoustic_entropy": 6.605120658874512,
          "acoustic_entropy_side": 6.953638553619385,
          "hz": 935.3737400823702
        },
        {
          "acoustic_entropy": 6.895461082458496,
          "acoustic_entropy_side": 7.307763576507568,
          "hz": 1080.2004963696966
        },
        {
          "acoustic_entropy": 7.4775848388671875,
          "acoustic_entropy_side": 6.873481273651123,
          "hz": 1237.8529382007157
        },
        {
          "acoustic_entropy": 6.804616928100586,
          "acoustic_entropy_side": 6.972878932952881,
          "hz": 1409.4668930556702
        },
        {
          "acoustic_entropy": 6.862288475036621,
          "acoustic_entropy_side": 7.1508588790893555,
          "hz": 1596.2787759475705
        },
        {
          "acoustic_entropy": 6.69542932510376,
          "acoustic_entropy_side": 6.930927276611328,
          "hz": 1799.6344973346393
        },
        {
          "acoustic_entropy": 7.121376991271973,
          "acoustic_entropy_side": 6.988199710845947,
          "hz": 2020.9991599069049
        },
        {
          "acoustic_entropy": 6.704817295074463,
          "acoustic_entropy_side": 6.880410194396973,
          "hz": 2261.9676141086993
        },
        {
          "acoustic_entropy": 6.978003025054932,
          "acoustic_entropy_side": 6.953528881072998,
          "hz": 2524.2759484456974
        },
        {
          "acoustic_entropy": 7.0185699462890625,
          "acoustic_entropy_side": 6.954626560211182,
          "hz": 2809.813997359896
        },
        {
          "acoustic_entropy": 6.979759216308594,
          "acoustic_entropy_side": 6.95682954788208,
          "hz": 3120.6389567871424
        },
        {
          "acoustic_entropy": 6.99180793762207,
          "acoustic_entropy_side": 6.966370582580566,
          "hz": 3458.990205492291
        },
        {
          "acoustic_entropy": 6.987806797027588,
          "acoustic_entropy_side": 6.962440490722656,
          "hz": 3827.305438964164
        },
        {
          "acoustic_entropy": 6.956902980804443,
          "acoustic_entropy_side": 6.957940578460693,
          "hz": 4228.238232109126
        },
        {
          "acoustic_entropy": 6.813300609588623,
          "acoustic_entropy_side": 6.944178581237793,
          "hz": 4664.6771572759235
        },
        {
          "acoustic_entropy": 6.902490615844727,
          "acoustic_entropy_side": 6.952874183654785,
          "hz": 5139.766595350093
        },
        {
          "acoustic_entropy": 6.892433166503906,
          "acoustic_entropy_side": 6.9525532722473145,
          "hz": 5656.929389854203
        },
        {
          "acoustic_entropy": 6.7886552810668945,
          "acoustic_entropy_side": 6.941226959228516,
          "hz": 6219.891507268283
        },
        {
          "acoustic_entropy": 6.918001174926758,
          "acoustic_entropy_side": 6.952305316925049,
          "hz": 6832.70888123896
        },
        {
          "acoustic_entropy": 6.950803279876709,
          "acoustic_entropy_side": 6.95728063583374,
          "hz": 7499.796634079867
        },
        {
          "acoustic_entropy": 6.960033893585205,
          "acoustic_entropy_side": 6.959657669067383,
          "hz": 8225.96088609342
        },
        {
          "acoustic_entropy": 6.955532073974609,
          "acoustic_entropy_side": 6.95815372467041,
          "hz": 9016.43338188839
        },
        {
          "acoustic_entropy": 6.958133220672607,
          "acoustic_entropy_side": 6.958764553070068,
          "hz": 9876.909183162974
        },
        {
          "acoustic_entropy": 6.959109783172607,
          "acoustic_entropy_side": 6.959049224853516,
          "hz": 10813.587699516042
        },
        {
          "acoustic_entropy": 6.959308624267578,
          "acoustic_entropy_side": 6.959071159362793,
          "hz": 11833.21735289826
        },
        {
          "acoustic_entropy": 6.959377288818359,
          "acoustic_entropy_side": 6.959102153778076,
          "hz": 12943.144197493959
        },
        {
          "acoustic_entropy": 6.959151268005371,
          "acoustic_entropy_side": 6.959000110626221,
          "hz": 14151.364845322005
        },
        {
          "acoustic_entropy": 6.95896577835083,
          "acoustic_entropy_side": 6.9589080810546875,
          "hz": 15466.58407886509
        },
        {
          "acoustic_entropy": 6.9588847160339355,
          "acoustic_entropy_side": 6.958868980407715,
          "hz": 16898.27756580493
        },
        {
          "acoustic_entropy": 6.958866119384766,
          "acoustic_entropy_side": 6.958859920501709,
          "hz": 18456.760127700032
        },
        {
          "acoustic_entropy": 6.958856582641602,
          "acoustic_entropy_side": 6.958856105804443,
          "hz": 20153.260054456492
        },
        {
          "acoustic_entropy": 6.958855152130127,
          "acoustic_entropy_side": 6.958855152130127,
          "hz": 22000.00000000001
        }
      ],
      "diff_acoustic_entropy": 3.2329061031341553,
      "sn": 6
    },
    {
      "acoustic_entropy": 12.288925170898438,
      "acoustic_entropy_mono": 11.221421241760254,
      "band_eliminated_acoustic_entropies": [
        {
          "acoustic_entropy": 12.301061630249023,
          "acoustic_entropy_side": 12.294357299804688,
          "hz": 129.47220167065723
        },
        {
          "acoustic_entropy": 12.391677856445312,
          "acoustic_entropy_side": 12.40383243560791,
          "hz": 202.92927478742237
        },
        {
          "acoustic_entropy": 11.143171310424805,
          "acoustic_entropy_side": 12.362723350524902,
          "hz": 282.89161906338205
        },
        {
          "acoustic_entropy": 12.518036842346191,
          "acoustic_entropy_side": 12.610318183898926,
          "hz": 369.9353335868758
        },
        {
          "acoustic_entropy": 12.192090034484863,
          "acoustic_entropy_side": 12.096474647521973,
          "hz": 464.6875360973435
        },
        {
          "acoustic_entropy": 12.771389961242676,
          "acoustic_entropy_side": 12.332417488098145,
          "hz": 567.8308811364784
        },
        {
          "acoustic_entropy": 11.572867393493652,
          "acoustic_entropy_side": 12.605409622192383,
          "hz": 680.1084783214808
        },
        {
          "acoustic_entropy": 11.796637535095215,
          "acoustic_entropy_side": 12.219420433044434,
          "hz": 802.3292461747484
        },
        {
          "acoustic_entropy": 12.27853775024414,
          "acoustic_entropy_side": 12.185480117797852,
          "hz": 935.3737400823702
        },
        {
          "acoustic_entropy": 11.247122764587402,
          "acoustic_entropy_side": 12.045488357543945,
          "hz": 1080.2004963696966
        },
        {
          "acoustic_entropy": 11.657471656799316,
          "acoustic_entropy_side": 12.517505645751953,
          "hz": 1237.8529382007157
        },
        {
          "acoustic_entropy": 11.43762493133545,
          "acoustic_entropy_side": 12.346604347229004,
          "hz": 1409.4668930556702
        },
        {
          "acoustic_entropy": 11.367496490478516,
          "acoustic_entropy_side": 11.901729583740234,
          "hz": 1596.2787759475705
        },
        {
          "acoustic_entropy": 12.475924491882324,
          "acoustic_entropy_side": 12.170948028564453,
          "hz": 1799.6344973346393
        },
        {
          "acoustic_entropy": 11.929821968078613,
          "acoustic_entropy_side": 12.126720428466797,
          "hz": 2020.9991599069049
        },
        {
          "acoustic_entropy": 11.8556489944458,
          "acoustic_entropy_side": 12.178037643432617,
          "hz": 2261.9676141086993
        },
        {
          "acoustic_entropy": 12.209888458251953,
          "acoustic_entropy_side": 12.262115478515625,
          "hz": 2524.2759484456974
        },
        {
          "acoustic_entropy": 12.243318557739258,
          "acoustic_entropy_side": 12.269371032714844,
          "hz": 2809.813997359896
        },
        {
          "acoustic_entropy": 12.089865684509277,
          "acoustic_entropy_side": 12.253233909606934,
          "hz": 3120.6389567871424
        },
        {
          "acoustic_entropy": 12.432382583618164,
          "acoustic_entropy_side": 12.411297798156738,
          "hz": 3458.990205492291
        },
        {
          "acoustic_entropy": 12.429611206054688,
          "acoustic_entropy_side": 12.421304702758789,
          "hz": 3827.305438964164
        },
        {
          "acoustic_entropy": 12.302267074584961,
          "acoustic_entropy_side": 12.304579734802246,
          "hz": 4228.238232109126
        },
        {
          "acoustic_entropy": 12.103048324584961,
          "acoustic_entropy_side": 12.240303993225098,
          "hz": 4664.6771572759235
        },
        {
          "acoustic_entropy": 12.172029495239258,
          "acoustic_entropy_side": 12.274703025817871,
          "hz": 5139.766595350093
        },
        {
          "acoustic_entropy": 12.08896255493164,
          "acoustic_entropy_side": 12.227598190307617,
          "hz": 5656.929389854203
        },
        {
          "acoustic_entropy": 11.786646842956543,
          "acoustic_entropy_side": 12.170306205749512,
          "hz": 6219.891507268283
        },
        {
          "acoustic_entropy": 12.0300931930542,
          "acoustic_entropy_side": 12.258870124816895,
          "hz": 6832.70888123896
        },
        {
          "acoustic_entropy": 12.149528503417969,
          "acoustic_entropy_side": 12.266679763793945,
          "hz": 7499.796634079867
        },
        {
          "acoustic_entropy": 12.128161430358887,
          "acoustic_entropy_side": 12.27161979675293,
          "hz": 8225.96088609342
        },
        {
          "acoustic_entropy": 12.273871421813965,
          "acoustic_entropy_side": 12.293746948242188,
          "hz": 9016.43338188839
        },
        {
          "acoustic_entropy": 12.292473793029785,
          "acoustic_entropy_side": 12.295316696166992,
          "hz": 9876.909183162974
        },
        {
          "acoustic_entropy": 12.297845840454102,
          "acoustic_entropy_side": 12.295280456542969,
          "hz": 10813.587699516042
        },
        {
          "acoustic_entropy": 12.296846389770508,
          "acoustic_entropy_side": 12.292518615722656,
          "hz": 11833.21735289826
        },
        {
          "acoustic_entropy": 12.297246932983398,
          "acoustic_entropy_side": 12.292852401733398,
          "hz": 12943.144197493959
        },
        {
          "acoustic_entropy": 12.294842720031738,
          "acoustic_entropy_side": 12.291823387145996,
          "hz": 14151.364845322005
        },
        {
          "acoustic_entropy": 12.291454315185547,
          "acoustic_entropy_side": 12.290189743041992,
          "hz": 15466.58407886509
        },
        {
          "acoustic_entropy": 12.289691925048828,
          "acoustic_entropy_side": 12.289319038391113,
          "hz": 16898.27756580493
        },
        {
          "acoustic_entropy": 12.289135932922363,
          "acoustic_entropy_side": 12.289036750793457,
          "hz": 18456.760127700032
        },
        {
          "acoustic_entropy": 12.288985252380371,
          "acoustic_entropy_side": 12.28895378112793,
          "hz": 20153.260054456492
        },
        {
          "acoustic_entropy": 12.288928031921387,
          "acoustic_entropy_side": 12.28892707824707,
          "hz": 22000.00000000001
        }
      ],
      "diff_acoustic_entropy": 5.076593399047852,
      "sn": 12
    },
    {
      "acoustic_entropy": 17.370025634765625,
      "acoustic_entropy_mono": 16.057418823242188,
      "band_eliminated_acoustic_entropies": [
        {
          "acoustic_entropy": 17.349328994750977,
          "acoustic_entropy_side": 17.46225929260254,
          "hz": 129.47220167065723
        },
        {
          "acoustic_entropy": 17.481990814208984,
          "acoustic_entropy_side": 17.488996505737305,
          "hz": 202.92927478742237
        },
        {
          "acoustic_entropy": 16.846799850463867,
          "acoustic_entropy_side": 17.25343132019043,
          "hz": 282.89161906338205
        },
        {
          "acoustic_entropy": 17.347320556640625,
          "acoustic_entropy_side": 17.31566047668457,
          "hz": 369.9353335868758
        },
        {
          "acoustic_entropy": 17.09256362915039,
          "acoustic_entropy_side": 17.74358558654785,
          "hz": 464.6875360973435
        },
        {
          "acoustic_entropy": 17.913272857666016,
          "acoustic_entropy_side": 17.50467872619629,
          "hz": 567.8308811364784
        },
        {
          "acoustic_entropy": 17.0784912109375,
          "acoustic_entropy_side": 18.565893173217773,
          "hz": 680.1084783214808
        },
        {
          "acoustic_entropy": 17.363874435424805,
          "acoustic_entropy_side": 17.2721004486084,
          "hz": 802.3292461747484
        },
        {
          "acoustic_entropy": 17.867704391479492,
          "acoustic_entropy_side": 16.793962478637695,
          "hz": 935.3737400823702
        },
        {
          "acoustic_entropy": 18.048490524291992,
          "acoustic_entropy_side": 17.58857536315918,
          "hz": 1080.2004963696966
        },
        {
          "acoustic_entropy": 17.321935653686523,
          "acoustic_entropy_side": 17.309194564819336,
          "hz": 1237.8529382007157
        },
        {
          "acoustic_entropy": 17.45954704284668,
          "acoustic_entropy_side": 17.123958587646484,
          "hz": 1409.4668930556702
        },
        {
          "acoustic_entropy": 16.28030014038086,
          "acoustic_entropy_side": 17.046667098999023,
          "hz": 1596.2787759475705
        },
        {
          "acoustic_entropy": 17.508708953857422,
          "acoustic_entropy_side": 17.11210060119629,
          "hz": 1799.6344973346393
        },
        {
          "acoustic_entropy": 17.334596633911133,
          "acoustic_entropy_side": 17.916532516479492,
          "hz": 2020.9991599069049
        },
        {
          "acoustic_entropy": 17.456695556640625,
          "acoustic_entropy_side": 16.953184127807617,
          "hz": 2261.9676141086993
        },
        {
          "acoustic_entropy": 17.0106201171875,
          "acoustic_entropy_side": 17.381845474243164,
          "hz": 2524.2759484456974
        },
        {
          "acoustic_entropy": 17.064857482910156,
          "acoustic_entropy_side": 17.352197647094727,
          "hz": 2809.813997359896
        },
        {
          "acoustic_entropy": 17.48262596130371,
          "acoustic_entropy_side": 17.437849044799805,
          "hz": 3120.6389567871424
        },
        {
