{
  "acoustic_entropy": 213.08729553222656,
  "bands": [
    {
      "high_freq": 148.1999969482422,
      "loudness": -24.201250076293945,
      "loudness_range": 10.672840118408203,
      "mid_mean": -20.699634552001953,
      "mid_to_side_loudness": -20.0037841796875,
      "mid_to_side_loudness_range": 24.343326568603516,
      "side_mean": -41.9492301940918
    },
    {
      "high_freq": 392.3793640136719,
      "loudness": -23.88636016845703,
      "loudness_range": 8.256998062133789,
      "low_freq": 148.1999969482422,
      "mid_mean": -21.00132179260254,
      "mid_to_side_loudness": -8.45692253112793,
      "mid_to_side_loudness_range": 12.071541786193848,
      "side_mean": -29.2508487701416
    },
    {
      "high_freq": 794.6976318359375,
      "loudness": -22.633176803588867,
      "loudness_range": 13.26503849029541,
      "low_freq": 392.3793640136719,
      "mid_mean": -20.26246452331543,
      "mid_to_side_loudness": -5.790623188018799,
      "mid_to_side_loudness_range": 11.790870666503906,
      "side_mean": -26.02492332458496
    },
    {
      "high_freq": 1457.5709228515625,
      "loudness": -24.464021682739258,
      "loudness_range": 19.440628051757812,
      "low_freq": 794.6976318359375,
      "mid_mean": -21.869876861572266,
      "mid_to_side_loudness": -6.552850246429443,
      "mid_to_side_loudness_range": 11.256221771240234,
      "side_mean": -28.554161071777344
    },
    {
      "high_freq": 2549.74365234375,
      "loudness": -29.8956356048584,
      "loudness_range": 23.09402084350586,
      "low_freq": 1457.5709228515625,
      "mid_mean": -27.236324310302734,
      "mid_to_side_loudness": -7.40963077545166,
      "mid_to_side_loudness_range": 11.701247215270996,
      "side_mean": -34.28632354736328
    },
    {
      "high_freq": 4349.24462890625,
      "loudness": -34.0556526184082,
      "loudness_range": 23.315580368041992,
      "low_freq": 2549.74365234375,
      "mid_mean": -31.440555572509766,
      "mid_to_side_loudness": -8.27724838256836,
      "mid_to_side_loudness_range": 17.080286026000977,
      "side_mean": -39.00004577636719
    },
    {
      "high_freq": 7314.1640625,
      "loudness": -37.61630630493164,
      "loudness_range": 19.847415924072266,
      "low_freq": 4349.24462890625,
      "mid_mean": -34.47194290161133,
      "mid_to_side_loudness": -11.421849250793457,
      "mid_to_side_loudness_range": 16.63994598388672,
      "side_mean": -45.929874420166016
    },
    {
      "high_freq": 12199.2666015625,
      "loudness": -36.65848922729492,
      "loudness_range": 19.24799919128418,
      "low_freq": 7314.1640625,
      "mid_mean": -33.19526672363281,
      "mid_to_side_loudness": -16.355873107910156,
      "mid_to_side_loudness_range": 19.58049201965332,
      "side_mean": -50.58753967285156
    },
    {
      "loudness": -41.68394470214844,
      "loudness_range": 19.838123321533203,
      "low_freq": 12199.2666015625,
      "mid_mean": -38.233985900878906,
      "mid_to_side_loudness": -18.25656509399414,
      "mid_to_side_loudness_range": 23.63634490966797,
      "side_mean": -57.30660629272461
    }
  ],
  "bands_short": [
    {
      "high_freq": 148.1999969482422,
      "loudness": -27.051422119140625,
      "loudness_range": 21.725831985473633,
      "mid_mean": -23.551454544067383,
      "mid_to_side_loudness": -22.33790397644043,
      "mid_to_side_loudness_range": 29.849231719970703,
      "side_mean": -48.267066955566406
    },
    {
      "high_freq": 392.3793640136719,
      "loudness": -24.015140533447266,
      "loudness_range": 11.229318618774414,
      "low_freq": 148.1999969482422,
      "mid_mean": -21.17685890197754,
      "mid_to_side_loudness": -9.07990837097168,
      "mid_to_side_loudness_range": 14.932889938354492,
      "side_mean": -30.030109405517578
    },
    {
      "high_freq": 794.6976318359375,
      "loudness": -22.83946990966797,
      "loudness_range": 14.753595352172852,
      "low_freq": 392.3793640136719,
      "mid_mean": -20.58433723449707,
      "mid_to_side_loudness": -5.8438825607299805,
      "mid_to_side_loudness_range": 14.139415740966797,
      "side_mean": -26.41545867919922
    },
    {
      "high_freq": 1457.5709228515625,
      "loudness": -24.998104095458984,
      "loudness_range": 21.11723518371582,
      "low_freq": 794.6976318359375,
      "mid_mean": -22.636682510375977,
      "mid_to_side_loudness": -6.341034412384033,
      "mid_to_side_loudness_range": 14.976479530334473,
      "side_mean": -29.129989624023438
    },
    {
      "high_freq": 2549.74365234375,
      "loudness": -30.420869827270508,
      "loudness_range": 24.504375457763672,
      "low_freq": 1457.5709228515625,
      "mid_mean": -27.954076766967773,
      "mid_to_side_loudness": -6.73756217956543,
      "mid_to_side_loudness_range": 13.853148460388184,
      "side_mean": -34.61373519897461
    },
    {
      "high_freq": 4349.24462890625,
      "loudness": -34.79811096191406,
      "loudness_range": 25.898527145385742,
      "low_freq": 2549.74365234375,
      "mid_mean": -32.45759201049805,
      "mid_to_side_loudness": -7.028219223022461,
      "mid_to_side_loudness_range": 17.23427391052246,
      "side_mean": -39.05907440185547
    },
    {
      "high_freq": 7314.1640625,
      "loudness": -39.07773971557617,
      "loudness_range": 23.06576919555664,
      "low_freq": 4349.24462890625,
      "mid_mean": -36.122581481933594,
      "mid_to_side_loudness": -9.77762508392334,
      "mid_to_side_loudness_range": 17.880130767822266,
      "side_mean": -46.75640869140625
    },
    {
      "high_freq": 12199.2666015625,
      "loudness": -38.48432922363281,
      "loudness_range": 23.965961456298828,
      "low_freq": 7314.1640625,
      "mid_mean": -35.065216064453125,
      "mid_to_side_loudness": -14.841094970703125,
      "mid_to_side_loudness_range": 24.248065948486328,
      "side_mean": -54.446048736572266
    },
    {
      "loudness": -43.766868591308594,
      "loudness_range": 26.23395538330078,
      "low_freq": 12199.2666015625,
      "mid_mean": -40.59800720214844,
      "mid_to_side_loudness": -13.727426528930664,
      "mid_to_side_loudness_range": 26.946638107299805,
      "side_mean": -61.928382873535156
    }
  ],
  "bandwidth": 639.8026123046875,
  "channels": 2,
  "covariance": [
    [
      31.703916549682617,
      13.767600059509277,
      6.142712116241455,
      8.927682876586914,
      11.590593338012695,
      11.874049186706543,
      15.564279556274414,
      15.067704200744629,
      16.93034553527832,
      17.56589698791504,
      17.293922424316406,
      16.554311752319336,
      14.53024673461914,
      18.046905517578125,
      7.261847496032715,
      12.87698745727539,
      7.042578220367432,
      8.083191871643066
    ],
    [
      13.767600059509277,
      59.27476119995117,
      7.3436079025268555,
      14.662353515625,
      17.786163330078125,
      17.51818084716797,
      22.7230224609375,
      20.916648864746094,
      26.508020401000977,
      32.963111877441406,
      26.208541870117188,
      28.8427677154541,
      20.939027786254883,
      26.849140167236328,
      13.404505729675293,
      19.448257446289062,
      16.005475997924805,
      12.558220863342285
    ],
    [
      6.142712116241455,
      7.3436079025268555,
      13.250273704528809,
      5.898041248321533,
      4.459695816040039,
      2.8594720363616943,
      3.7855072021484375,
      3.220402956008911,
      3.846608877182007,
      3.072355031967163,
      5.90907096862793,
      0.6127862334251404,
      6.772905349731445,
      5.8662261962890625,
      7.602666854858398,
      6.940741539001465,
      6.464797496795654,
      4.507091045379639
    ],
    [
      8.927682876586914,
      14.662353515625,
      5.898041248321533,
      15.571061134338379,
      9.733115196228027,
      11.644453048706055,
      13.883423805236816,
      14.395813941955566,
      17.041902542114258,
      19.499181747436523,
      15.818941116333008,
      17.815526962280273,
      11.99693775177002,
      16.584203720092773,
      6.278273582458496,
      12.043439865112305,
      6.944133281707764,
      9.53847885131836
    ],
    [
      11.590593338012695,
      17.786163330078125,
      4.459695816040039,
      9.733115196228027,
      25.950645446777344,
      16.449609756469727,
      25.79621124267578,
      20.004478454589844,
      25.765182495117188,
      26.358505249023438,
      27.159353256225586,
      26.631526947021484,
      24.08763313293457,
      27.079328536987305,
      19.49032211303711,
      23.28318977355957,
      19.56960105895996,
      18.002185821533203
    ],
    [
      11.874049186706543,
      17.51818084716797,
      2.8594720363616943,
      11.644453048706055,
      16.449609756469727,
      23.08852767944336,
      23.037919998168945,
      24.60389518737793,
      25.54524803161621,
      31.83283233642578,
      21.74785804748535,
      31.25245475769043,
      15.279569625854492,
      26.161701202392578,
      5.088475227355957,
      17.643259048461914,
      6.969819068908691,
      14.036581039428711
    ],
    [
      15.564279556274414,
      22.7230224609375,
      3.7855072021484375,
      13.883423805236816,
      25.79621124267578,
      23.037919998168945,
      49.73432540893555,
      36.156166076660156,
      44.71306228637695,
      43.29891586303711,
      34.02497100830078,
      42.264034271240234,
      28.386268615722656,
      38.113746643066406,
      17.540491104125977,
      29.52567481994629,
      18.6092472076416,
      24.194805145263672
    ],
    [
      15.067704200744629,
      20.916648864746094,
      3.220402956008911,
      14.395813941955566,
      20.004478454589844,
      24.60389518737793,
      36.156166076660156,
      40.08736801147461,
      38.979373931884766,
      45.319114685058594,
      32.00539016723633,
      45.236629486083984,
      21.879302978515625,
      37.346412658691406,
      6.930041790008545,
      25.64130401611328,
      9.253684997558594,
      20.945693969726562
    ],
    [
      16.93034553527832,
      26.508020401000977,
      3.846608877182007,
      17.041902542114258,
      25.765182495117188,
      25.54524803161621,
      44.71306228637695,
      38.979373931884766,
      63.58451843261719,
      58.64118957519531,
      44.16179656982422,
      55.06903076171875,
      34.79391098022461,
      46.939964294433594,
      17.48428726196289,
      31.314035415649414,
      20.6060848236084,
      24.265850067138672
    ],
    [
      17.56589698791504,
      32.963111877441406,
      3.072355031967163,
      19.499181747436523,
      26.358505249023438,
      31.83283233642578,
      43.29891586303711,
      45.319114685058594,
      58.64118957519531,
      76.19017791748047,
      46.52120590209961,
      67.99674224853516,
      30.91594886779785,
      53.73283004760742,
      10.585064888000488,
      33.342628479003906,
      14.059000968933105,
      25.723098754882812
    ],
    [
      17.293922424316406,
      26.208541870117188,
      5.90907096862793,
      15.818941116333008,
      27.159353256225586,
      21.74785804748535,
      34.02497100830078,
      32.00539016723633,
      44.16179656982422,
      46.52120590209961,
      59.28545379638672,
      52.648197174072266,
      42.750587463378906,
      47.92249298095703,
      25.287973403930664,
      35.90165710449219,
      25.114761352539062,
      27.853567123413086
    ],
    [
      16.554311752319336,
      28.8427677154541,
      0.6127862334251404,
      17.815526962280273,
      26.631526947021484,
      31.25245475769043,
      42.264034271240234,
      45.236629486083984,
      55.06903076171875,
      67.99674224853516,
      52.648197174072266,
      88.41583251953125,
      32.99580383300781,
      61.49136734008789,
      9.851730346679688,
      40.34335708618164,
      12.207216262817383,
      31.762672424316406
    ],
    [
      14.53024673461914,
      20.939027786254883,
      6.772905349731445,
      11.99693775177002,
      24.08763313293457,
      15.279569625854492,
      28.386268615722656,
      21.879302978515625,
      34.79391098022461,
      30.91594886779785,
      42.750587463378906,
      32.99580383300781,
      49.45912551879883,
      39.75511169433594,
      35.5258674621582,
      34.45379638671875,
      34.57244110107422,
      26.734664916992188
    ],
    [
      18.046905517578125,
      26.849140167236328,
      5.8662261962890625,
      16.584203720092773,
      27.079328536987305,
      26.161701202392578,
      38.113746643066406,
      37.346412658691406,
      46.939964294433594,
      53.73283004760742,
      47.92249298095703,
      61.49136734008789,
      39.75511169433594,
      65.67481994628906,
      20.469606399536133,
      49.941200256347656,
      22.138383865356445,
      41.99583053588867
    ],
    [
      7.261847496032715,
      13.404505729675293,
      7.602666854858398,
      6.278273582458496,
      19.49032211303711,
      5.088475227355957,
      17.540491104125977,
      6.930041790008545,
      17.48428726196289,
      10.585064888000488,
      25.287973403930664,
      9.851730346679688,
      35.5258674621582,
      20.469606399536133,
      50.729148864746094,
      31.958518981933594,
      45.91950988769531,
      27.480018615722656
    ],
    [
      12.87698745727539,
      19.448257446289062,
      6.940741539001465,
      12.043439865112305,
      23.28318977355957,
      17.643259048461914,
      29.52567481994629,
      25.64130401611328,
      31.314035415649414,
      33.342628479003906,
      35.90165710449219,
      40.34335708618164,
      34.45379638671875,
      49.941200256347656,
      31.958518981933594,
      69.65074920654297,
      30.802715301513672,
      64.95230865478516
    ],
    [
      7.042578220367432,
      16.005475997924805,
      6.464797496795654,
      6.944133281707764,
      19.56960105895996,
      6.969819068908691,
      18.6092472076416,
      9.253684997558594,
      20.6060848236084,
      14.059000968933105,
      25.114761352539062,
      12.207216262817383,
      34.57244110107422,
      22.138383865356445,
      45.91950988769531,
      30.802715301513672,
      55.1462516784668,
      30.638246536254883
    ],
    [
      8.083191871643066,
      12.558220863342285,
      4.507091045379639,
      9.53847885131836,
      18.002185821533203,
      14.036581039428711,
      24.194805145263672,
      20.945693969726562,
      24.265850067138672,
      25.723098754882812,
      27.853567123413086,
      31.762672424316406,
      26.734664916992188,
      41.99583053588867,
      27.480018615722656,
      64.95230865478516,
      30.638246536254883,
      76.76464080810547
    ]
  ],
  "covariance_short": [
    [
      61.844017028808594,
      19.82464599609375,
      16.219770431518555,
      9.710786819458008,
      13.45896053314209,
      13.869466781616211,
      17.004531860351562,
      16.840478897094727,
      14.435340881347656,
      17.277366638183594,
      16.68553924560547,
      15.204431533813477,
      15.355193138122559,
      22.320531845092773,
      6.225027561187744,
      14.675070762634277,
      7.439927577972412,
      9.168259620666504
    ],
    [
      19.82464599609375,
      91.7332534790039,
      10.57620906829834,
      17.627897262573242,
      20.025327682495117,
      20.92573356628418,
      25.13543701171875,
      24.79170799255371,
      32.600669860839844,
      38.921871185302734,
      30.144739151000977,
      34.63941192626953,
      23.436614990234375,
      34.68989181518555,
      14.929498672485352,
      27.998106002807617,
      18.692623138427734,
      14.935715675354004
    ],
    [
      16.219770431518555,
      10.57620906829834,
      21.552396774291992,
      7.237131595611572,
      7.045055866241455,
      5.67185115814209,
      7.249233722686768,
      6.50555944442749,
      5.25991678237915,
      5.315835475921631,
      8.365939140319824,
      4.5025954246521,
      9.154789924621582,
      11.72098159790039,
      9.468113899230957,
      6.382911205291748,
      9.140626907348633,
      3.278494119644165
    ],
    [
      9.710786819458008,
      17.627897262573242,
      7.237131595611572,
      19.77397918701172,
      9.75736141204834,
      12.497467041015625,
      13.402909278869629,
      14.428756713867188,
      16.4077091217041,
      19.044551849365234,
      15.414496421813965,
      16.9007568359375,
      11.608394622802734,
      17.295330047607422,
      6.248892307281494,
      11.264498710632324,
      7.853471279144287,
      6.9035115242004395
    ],
    [
      13.45896053314209,
      20.025327682495117,
      7.045055866241455,
      9.75736141204834,
      31.794466018676758,
      18.45610809326172,
      27.057876586914062,
      21.10608673095703,
      25.810678482055664,
      26.317670822143555,
      28.627159118652344,
      26.3747501373291,
      25.56780433654785,
      29.867544174194336,
      21.571996688842773,
      20.740856170654297,
      22.83840560913086,
      10.986328125
    ],
    [
      13.869466781616211,
      20.92573356628418,
      5.67185115814209,
      12.497467041015625,
      18.45610809326172,
      29.354013442993164,
      23.553422927856445,
      26.1663761138916,
      26.35831642150879,
      32.63309860229492,
      23.28911590576172,
      31.908912658691406,
      16.810874938964844,
      29.32935333251953,
      6.582154750823975,
      20.42702865600586,
      10.165350914001465,
      13.062707901000977
    ],
    [
      17.004531860351562,
      25.13543701171875,
      7.249233722686768,
      13.402909278869629,
      27.057876586914062,
      23.553422927856445,
      57.34803771972656,
      37.051090240478516,
      46.045372009277344,
      43.37090301513672,
      35.93680191040039,
      42.01065444946289,
      31.720380783081055,
      41.14480209350586,
      21.283777236938477,
      26.96877098083496,
      24.208084106445312,
      15.570352554321289
    ],
    [
      16.840478897094727,
      24.79170799255371,
      6.50555944442749,
      14.428756713867188,
      21.10608673095703,
      26.1663761138916,
      37.051090240478516,
      47.3896484375,
      39.81336975097656,
      46.75338363647461,
      33.84204864501953,
      45.414642333984375,
      23.68071937561035,
      41.80448532104492,
      7.930307388305664,
      30.356142044067383,
      12.07459831237793,
      19.798044204711914
    ],
    [
      14.435340881347656,
      32.600669860839844,
      5.25991678237915,
      16.4077091217041,
      25.810678482055664,
      26.35831642150879,
      46.045372009277344,
      39.81336975097656,
      73.28853607177734,
      61.86992645263672,
      47.9807243347168,
      56.56273651123047,
      39.13318634033203,
      49.51969528198242,
      19.916276931762695,
      32.738197326660156,
      25.211904525756836,
      19.702964782714844
    ],
    [
      17.277366638183594,
      38.921871185302734,
      5.315835475921631,
      19.044551849365234,
      26.317670822143555,
      32.63309860229492,
      43.37090301513672,
      46.75338363647461,
      61.86992645263672,
      82.3418197631836,
      49.47688293457031,
      67.48458862304688,
      33.648067474365234,
      56.92849349975586,
      11.361504554748535,
      42.084407806396484,
      17.36251449584961,
      26.952322006225586
    ],
    [
      16.68553924560547,
      30.144739151000977,
      8.365939140319824,
      15.414496421813965,
      28.627159118652344,
      23.28911590576172,
      35.93680191040039,
      33.84204864501953,
      47.9807243347168,
      49.47688293457031,
      72.57186889648438,
      59.323097229003906,
      51.23786163330078,
      53.12852096557617,
      31.32520294189453,
      40.383567810058594,
      32.135231018066406,
      25.27215003967285
    ],
    [
      15.204431533813477,
      34.63941192626953,
      4.5025954246521,
      16.9007568359375,
      26.3747501373291,
      31.908912658691406,
      42.01065444946289,
      45.414642333984375,
      56.56273651123047,
      67.48458862304688,
      59.323097229003906,
      92.11357116699219,
      38.75169372558594,
      65.75969696044922,
      12.8392333984375,
      51.93911361694336,
      17.2579345703125,
      35.01122283935547
    ],
    [
      15.355193138122559,
      23.436614990234375,
      9.154789924621582,
      11.608394622802734,
      25.56780433654785,
      16.810874938964844,
      31.720380783081055,
      23.68071937561035,
      39.13318634033203,
      33.648067474365234,
      51.23786163330078,
      38.75169372558594,
      64.24247741699219,
      47.68136215209961,
      48.9306640625,
      34.19459533691406,
      48.203521728515625,
      21.68686294555664
    ],
    [
      22.320531845092773,
      34.68989181518555,
      11.72098159790039,
      17.295330047607422,
      29.867544174194336,
      29.32935333251953,
      41.14480209350586,
      41.80448532104492,
      49.51969528198242,
      56.92849349975586,
      53.12852096557617,
      65.75969696044922,
      47.68136215209961,
      83.80838012695312,
      26.606033325195312,
      62.83418655395508,
      28.842540740966797,
      44.34268569946289
    ],
    [
      6.225027561187744,
      14.929498672485352,
      9.468113899230957,
      6.248892307281494,
      21.571996688842773,
      6.582154750823975,
      21.283777236938477,
      7.930307388305664,
      19.916276931762695,
      11.361504554748535,
      31.32520294189453,
      12.8392333984375,
      48.9306640625,
      26.606033325195312,
      75.67595672607422,
      22.17251205444336,
      69.16107940673828,
      12.732823371887207
    ],
    [
      14.675070762634277,
      27.998106002807617,
      6.382911205291748,
      11.264498710632324,
      20.740856170654297,
      20.42702865600586,
      26.96877098083496,
      30.356142044067383,
      32.738197326660156,
      42.084407806396484,
      40.383567810058594,
      51.93911361694336,
      34.19459533691406,
      62.83418655395508,
      22.17251205444336,
      99.91996002197266,
      18.457351684570312,
      69.73374938964844
    ],
    [
      7.439927577972412,
      18.692623138427734,
      9.140626907348633,
      7.853471279144287,
      22.83840560913086,
      10.165350914001465,
      24.208084106445312,
      12.07459831237793,
      25.211904525756836,
      17.36251449584961,
      32.135231018066406,
      17.2579345703125,
      48.203521728515625,
      28.842540740966797,
      69.16107940673828,
      18.457351684570312,
      93.0715103149414,
      11.892770767211914
    ],
    [
      9.168259620666504,
      14.935715675354004,
      3.278494119644165,
      6.9035115242004395,
      10.986328125,
      13.062707901000977,
      15.570352554321289,
      19.798044204711914,
      19.702964782714844,
      26.952322006225586,
      25.27215003967285,
      35.01122283935547,
      21.68686294555664,
      44.34268569946289,
      12.732823371887207,
      69.73374938964844,
      11.892770767211914,
      75.67887878417969
    ]
  ],
  "damage": -6.65040397644043,
  "diff_bandwidth": 687.3185424804688,
  "dissonance": 7.59849215678087,
  "drr": 9.173267364501953,
  "dynamics": 3.400951623916626,
  "format": 1245190,
  "frames": 9806784,
  "loudness": -12.67302417755127,
  "loudness_range": 10.712799072265625,
  "loudness_range_short": 11.713153839111328,
  "lowpass_true_peak_15khz": 0.31013011932373047,
  "mastering3_acoustic_entropies": [
    {
      "acoustic_entropy": 7.43046760559082,
      "acoustic_entropy_mono": 7.145091533660889,
      "band_eliminated_acoustic_entropies": [
        {
          "acoustic_entropy": 7.411023139953613,
          "acoustic_entropy_side": 7.430520534515381,
          "hz": 129.47220167065723
        },
        {
          "acoustic_entropy": 7.1184210777282715,
          "acoustic_entropy_side": 7.432290077209473,
          "hz": 202.92927478742237
        },
        {
          "acoustic_entropy": 7.585487365722656,
          "acoustic_entropy_side": 7.441016674041748,
          "hz": 282.89161906338205
        },
        {
          "acoustic_entropy": 7.378629207611084,
          "acoustic_entropy_side": 7.452517509460449,
          "hz": 369.9353335868758
        },
        {
          "acoustic_entropy": 7.454844951629639,
          "acoustic_entropy_side": 7.493204116821289,
          "hz": 464.6875360973435
        },
        {
          "acoustic_entropy": 7.553478717803955,
          "acoustic_entropy_side": 7.405304908752441,
          "hz": 567.8308811364784
        },
        {
          "acoustic_entropy": 6.736291408538818,
          "acoustic_entropy_side": 7.2129998207092285,
          "hz": 680.1084783214808
        },
        {
          "acoustic_entropy": 6.802595138549805,
          "acoustic_entropy_side": 7.616695880889893,
          "hz": 802.3292461747484
        },
        {
          "acoustic_entropy": 6.822680473327637,
          "acoustic_entropy_side": 7.375508785247803,
          "hz": 935.3737400823702
        },
        {
          "acoustic_entropy": 7.420754432678223,
          "acoustic_entropy_side": 7.276869773864746,
          "hz": 1080.2004963696966
        },
        {
          "acoustic_entropy": 6.985217094421387,
          "acoustic_entropy_side": 7.378479957580566,
          "hz": 1237.8529382007157
        },
        {
          "acoustic_entropy": 7.708998680114746,
          "acoustic_entropy_side": 7.543955326080322,
          "hz": 1409.4668930556702
        },
        {
          "acoustic_entropy": 7.1606221199035645,
          "acoustic_entropy_side": 7.4533162117004395,
          "hz": 1596.2787759475705
        },
        {
          "acoustic_entropy": 7.6395087242126465,
          "acoustic_entropy_side": 7.4173970222473145,
          "hz": 1799.6344973346393
        },
        {
          "acoustic_entropy": 7.671266078948975,
          "acoustic_entropy_side": 7.420919418334961,
          "hz": 2020.9991599069049
        },
        {
          "acoustic_entropy": 7.683602333068848,
          "acoustic_entropy_side": 7.4239301681518555,
          "hz": 2261.9676141086993
        },
        {
          "acoustic_entropy": 7.43650484085083,
          "acoustic_entropy_side": 7.441898345947266,
          "hz": 2524.2759484456974
        },
        {
          "acoustic_entropy": 7.414281368255615,
          "acoustic_entropy_side": 7.419177055358887,
          "hz": 2809.813997359896
        },
        {
          "acoustic_entropy": 7.542050361633301,
          "acoustic_entropy_side": 7.405843257904053,
          "hz": 3120.6389567871424
        },
        {
          "acoustic_entropy": 7.22466516494751,
          "acoustic_entropy_side": 7.399771213531494,
          "hz": 3458.990205492291
        },
        {
          "acoustic_entropy": 7.273528575897217,
          "acoustic_entropy_side": 7.399178981781006,
          "hz": 3827.305438964164
        },
        {
          "acoustic_entropy": 7.229562282562256,
          "acoustic_entropy_side": 7.41204833984375,
          "hz": 4228.238232109126
        },
        {
          "acoustic_entropy": 7.258735656738281,
          "acoustic_entropy_side": 7.419926166534424,
          "hz": 4664.6771572759235
        },
        {
          "acoustic_entropy": 7.439453125,
          "acoustic_entropy_side": 7.42641544342041,
          "hz": 5139.766595350093
        },
        {
          "acoustic_entropy": 7.453970432281494,
          "acoustic_entropy_side": 7.4293670654296875,
          "hz": 5656.929389854203
        },
        {
          "acoustic_entropy": 7.400389671325684,
          "acoustic_entropy_side": 7.429510116577148,
          "hz": 6219.891507268283
        },
        {
          "acoustic_entropy": 7.371160984039307,
          "acoustic_entropy_side": 7.430220127105713,
          "hz": 6832.70888123896
        },
        {
          "acoustic_entropy": 7.355981349945068,
          "acoustic_entropy_side": 7.430492877960205,
          "hz": 7499.796634079867
        },
        {
          "acoustic_entropy": 7.446812629699707,
          "acoustic_entropy_side": 7.430558204650879,
          "hz": 8225.96088609342
        },
        {
          "acoustic_entropy": 7.469363689422607,
          "acoustic_entropy_side": 7.430743217468262,
          "hz": 9016.43338188839
        },
        {
          "acoustic_entropy": 7.493602752685547,
          "acoustic_entropy_side": 7.431307792663574,
          "hz": 9876.909183162974
        },
        {
          "acoustic_entropy": 7.383663177490234,
          "acoustic_entropy_side": 7.431980133056641,
          "hz": 10813.587699516042
        },
        {
          "acoustic_entropy": 7.414703845977783,
          "acoustic_entropy_side": 7.432167053222656,
          "hz": 11833.21735289826
        },
        {
          "acoustic_entropy": 7.424012184143066,
          "acoustic_entropy_side": 7.431728363037109,
          "hz": 12943.144197493959
        },
        {
          "acoustic_entropy": 7.442925453186035,
          "acoustic_entropy_side": 7.431285381317139,
          "hz": 14151.364845322005
        },
        {
          "acoustic_entropy": 7.433720588684082,
          "acoustic_entropy_side": 7.431310176849365,
          "hz": 15466.58407886509
        },
        {
          "acoustic_entropy": 7.414318561553955,
          "acoustic_entropy_side": 7.430957317352295,
          "hz": 16898.27756580493
        },
        {
          "acoustic_entropy": 7.407487869262695,
          "acoustic_entropy_side": 7.430668354034424,
          "hz": 18456.760127700032
        },
        {
          "acoustic_entropy": 7.422554016113281,
          "acoustic_entropy_side": 7.430590629577637,
          "hz": 20153.260054456492
        },
        {
          "acoustic_entropy": 7.430237293243408,
          "acoustic_entropy_side": 7.430479049682617,
          "hz": 22000.00000000001
        }
      ],
      "diff_acoustic_entropy": 5.114109039306641,
      "sn": 6
    },
    {
      "acoustic_entropy": 12.371992111206055,
      "acoustic_entropy_mono": 11.182198524475098,
      "band_eliminated_acoustic_entropies": [
        {
          "acoustic_entropy": 12.501255989074707,
          "acoustic_entropy_side": 12.374022483825684,
          "hz": 129.47220167065723
        },
        {
          "acoustic_entropy": 12.12608528137207,
          "acoustic_entropy_side": 12.407464981079102,
          "hz": 202.92927478742237
        },
        {
          "acoustic_entropy": 11.484910011291504,
          "acoustic_entropy_side": 12.393556594848633,
          "hz": 282.89161906338205
        },
        {
          "acoustic_entropy": 11.636195182800293,
          "acoustic_entropy_side": 12.396827697753906,
          "hz": 369.9353335868758
        },
        {
          "acoustic_entropy": 12.129828453063965,
          "acoustic_entropy_side": 12.68437385559082,
          "hz": 464.6875360973435
        },
        {
          "acoustic_entropy": 12.03557300567627,
          "acoustic_entropy_side": 12.764445304870605,
          "hz": 567.8308811364784
        },
        {
          "acoustic_entropy": 12.526288032531738,
          "acoustic_entropy_side": 11.898126602172852,
          "hz": 680.1084783214808
        },
        {
          "acoustic_entropy": 12.009323120117188,
          "acoustic_entropy_side": 12.221799850463867,
          "hz": 802.3292461747484
        },
        {
          "acoustic_entropy": 12.102106094360352,
          "acoustic_entropy_side": 12.197072982788086,
          "hz": 935.3737400823702
        },
        {
          "acoustic_entropy": 12.233343124389648,
          "acoustic_entropy_side": 12.418807983398438,
          "hz": 1080.2004963696966
        },
        {
          "acoustic_entropy": 11.95333480834961,
          "acoustic_entropy_side": 11.712286949157715,
          "hz": 1237.8529382007157
        },
        {
          "acoustic_entropy": 12.317224502563477,
          "acoustic_entropy_side": 12.131153106689453,
          "hz": 1409.4668930556702
        },
        {
          "acoustic_entropy": 12.571158409118652,
          "acoustic_entropy_side": 12.283926963806152,
          "hz": 1596.2787759475705
        },
        {
          "acoustic_entropy": 12.587972640991211,
          "acoustic_entropy_side": 12.430863380432129,
          "hz": 1799.6344973346393
        },
        {
          "acoustic_entropy": 12.128213882446289,
          "acoustic_entropy_side": 12.330554008483887,
          "hz": 2020.9991599069049
        },
        {
          "acoustic_entropy": 12.196386337280273,
          "acoustic_entropy_side": 12.463666915893555,
          "hz": 2261.9676141086993
        },
        {
          "acoustic_entropy": 12.06730842590332,
          "acoustic_entropy_side": 12.210001945495605,
          "hz": 2524.2759484456974
        },
        {
          "acoustic_entropy": 12.71511459350586,
          "acoustic_entropy_side": 12.431110382080078,
          "hz": 2809.813997359896
        },
        {
          "acoustic_entropy": 12.505305290222168,
          "acoustic_entropy_side": 12.491449356079102,
          "hz": 3120.6389567871424
        },
        {
          "acoustic_entropy": 12.062326431274414,
          "acoustic_entropy_side": 12.31686019897461,
          "hz": 3458.990205492291
        },
        {
          "acoustic_entropy": 12.04135513305664,
          "acoustic_entropy_side": 12.342147827148438,
          "hz": 3827.305438964164
        },
        {
          "acoustic_entropy": 11.909028053283691,
          "acoustic_entropy_side": 12.393549919128418,
          "hz": 4228.238232109126
        },
        {
          "acoustic_entropy": 11.952580451965332,
          "acoustic_entropy_side": 12.413782119750977,
          "hz": 4664.6771572759235
        },
        {
          "acoustic_entropy": 11.799933433532715,
          "acoustic_entropy_side": 12.367939949035645,
          "hz": 5139.766595350093
        },
        {
          "acoustic_entropy": 12.274312973022461,
          "acoustic_entropy_side": 12.37930965423584,
          "hz": 5656.929389854203
        },
        {
          "acoustic_entropy": 11.99361801147461,
          "acoustic_entropy_side": 12.380051612854004,
          "hz": 6219.891507268283
        },
        {
          "acoustic_entropy": 11.999578475952148,
          "acoustic_entropy_side": 12.374713897705078,
          "hz": 6832.70888123896
        },
        {
          "acoustic_entropy": 11.912126541137695,
          "acoustic_entropy_side": 12.37488842010498,
          "hz": 7499.796634079867
        },
        {
          "acoustic_entropy": 11.914045333862305,
          "acoustic_entropy_side": 12.373523712158203,
          "hz": 8225.96088609342
        },
        {
          "acoustic_entropy": 12.064626693725586,
          "acoustic_entropy_side": 12.374258995056152,
          "hz": 9016.43338188839
        },
        {
          "acoustic_entropy": 12.343950271606445,
          "acoustic_entropy_side": 12.375568389892578,
          "hz": 9876.909183162974
        },
        {
          "acoustic_entropy": 12.094486236572266,
          "acoustic_entropy_side": 12.37265682220459,
          "hz": 10813.587699516042
        },
        {
          "acoustic_entropy": 11.927371978759766,
          "acoustic_entropy_side": 12.371814727783203,
          "hz": 11833.21735289826
        },
        {
          "acoustic_entropy": 11.724102973937988,
          "acoustic_entropy_side": 12.36449909210205,
          "hz": 12943.144197493959
        },
        {
          "acoustic_entropy": 11.990741729736328,
          "acoustic_entropy_side": 12.366147994995117,
          "hz": 14151.364845322005
        },
        {
          "acoustic_entropy": 12.22791862487793,
          "acoustic_entropy_side": 12.362499237060547,
          "hz": 15466.58407886509
        },
        {
          "acoustic_entropy": 12.309276580810547,
          "acoustic_entropy_side": 12.357446670532227,
          "hz": 16898.27756580493
        },
        {
          "acoustic_entropy": 12.484983444213867,
          "acoustic_entropy_side": 12.36729621887207,
          "hz": 18456.760127700032
        },
        {
          "acoustic_entropy": 12.35738468170166,
          "acoustic_entropy_side": 12.369444847106934,
          "hz": 20153.260054456492
        },
        {
          "acoustic_entropy": 12.364933013916016,
          "acoustic_entropy_side": 12.371806144714355,
          "hz": 22000.00000000001
        }
      ],
      "diff_acoustic_entropy": 8.063145637512207,
      "sn": 12
    },
    {
      "acoustic_entropy": 18.484060287475586,
      "acoustic_entropy_mono": 16.827123641967773,
      "band_eliminated_acoustic_entropies": [
        {
          "acoustic_entropy": 19.190567016601562,
          "acoustic_entropy_side": 18.79163932800293,
          "hz": 129.47220167065723
        },
        {
          "acoustic_entropy": 20.045272827148438,
          "acoustic_entropy_side": 18.961576461791992,
          "hz": 202.92927478742237
        },
        {
          "acoustic_entropy": 19.972753524780273,
          "acoustic_entropy_side": 19.511384963989258,
          "hz": 282.89161906338205
        },
        {
          "acoustic_entropy": 17.748151779174805,
          "acoustic_entropy_side": 18.49904441833496,
          "hz": 369.9353335868758
        },
        {
          "acoustic_entropy": 18.903614044189453,
          "acoustic_entropy_side": 18.6197566986084,
          "hz": 464.6875360973435
        },
        {
          "acoustic_entropy": 19.213701248168945,
          "acoustic_entropy_side": 19.29801368713379,
          "hz": 567.8308811364784
        },
        {
          "acoustic_entropy": 18.23795509338379,
          "acoustic_entropy_side": 18.317941665649414,
          "hz": 680.1084783214808
        },
        {
          "acoustic_entropy": 18.63676643371582,
          "acoustic_entropy_side": 18.97426986694336,
          "hz": 802.3292461747484
        },
        {
          "acoustic_entropy": 19.158336639404297,
          "acoustic_entropy_side": 18.810443878173828,
          "hz": 935.3737400823702
        },
        {
          "acoustic_entropy": 19.15984344482422,
          "acoustic_entropy_side": 18.703176498413086,
          "hz": 1080.2004963696966
        },
        {
          "acoustic_entropy": 18.70575523376465,
          "acoustic_entropy_side": 18.89823341369629,
          "hz": 1237.8529382007157
        },
        {
          "acoustic_entropy": 18.84793472290039,
          "acoustic_entropy_side": 19.051170349121094,
          "hz": 1409.4668930556702
        },
        {
          "acoustic_entropy": 18.930376052856445,
          "acoustic_entropy_side": 19.214136123657227,
          "hz": 1596.2787759475705
        },
        {
          "acoustic_entropy": 19.075300216674805,
          "acoustic_entropy_side": 19.021493911743164,
          "hz": 1799.6344973346393
        },
        {
          "acoustic_entropy": 19.24079132080078,
          "acoustic_entropy_side": 19.024608612060547,
          "hz": 2020.9991599069049
        },
        {
          "acoustic_entropy": 19.441919326782227,
          "acoustic_entropy_side": 19.081544876098633,
          "hz": 2261.9676141086993
        },
        {
          "acoustic_entropy": 18.47462272644043,
          "acoustic_entropy_side": 18.952037811279297,
          "hz": 2524.2759484456974
        },
        {
          "acoustic_entropy": 18.020736694335938,
          "acoustic_entropy_side": 18.966997146606445,
          "hz": 2809.813997359896
        },
        {
          "acoustic_entropy": 18.915019989013672,
          "acoustic_entropy_side": 18.94200325012207,
          "hz": 3120.6389567871424
