{
  "acoustic_entropy": 192.9257049560547,
  "bands": [
    {
      "high_freq": 148.1999969482422,
      "loudness": -31.977603912353516,
      "loudness_range": 17.056415557861328,
      "mid_mean": -30.374570846557617,
      "mid_to_side_loudness": -2.8886561393737793,
      "mid_to_side_loudness_range": 6.960497856140137,
      "side_mean": -32.858848571777344
    },
    {
      "high_freq": 392.3793640136719,
      "loudness": -29.02299690246582,
      "loudness_range": 12.208568572998047,
      "low_freq": 148.1999969482422,
      "mid_mean": -26.350326538085938,
      "mid_to_side_loudness": -6.905098915100098,
      "mid_to_side_loudness_range": 9.09158992767334,
      "side_mean": -32.97101593017578
    },
    {
      "high_freq": 794.6976318359375,
      "loudness": -31.25397491455078,
      "loudness_range": 16.356422424316406,
      "low_freq": 392.3793640136719,
      "mid_mean": -28.22219467163086,
      "mid_to_side_loudness": -8.952591896057129,
      "mid_to_side_loudness_range": 11.249953269958496,
      "side_mean": -37.15500259399414
    },
    {
      "high_freq": 1457.5709228515625,
      "loudness": -36.988128662109375,
      "loudness_range": 16.32828712463379,
      "low_freq": 794.6976318359375,
      "mid_mean": -33.84486770629883,
      "mid_to_side_loudness": -9.567453384399414,
      "mid_to_side_loudness_range": 11.366609573364258,
      "side_mean": -43.485897064208984
    },
    {
      "high_freq": 2549.74365234375,
      "loudness": -40.45650863647461,
      "loudness_range": 17.83972930908203,
      "low_freq": 1457.5709228515625,
      "mid_mean": -37.46094512939453,
      "mid_to_side_loudness": -8.095593452453613,
      "mid_to_side_loudness_range": 9.420705795288086,
      "side_mean": -45.69342803955078
    },
    {
      "high_freq": 4349.24462890625,
      "loudness": -44.24776840209961,
      "loudness_range": 18.881385803222656,
      "low_freq": 2549.74365234375,
      "mid_mean": -42.00051498413086,
      "mid_to_side_loudness": -4.464336395263672,
      "mid_to_side_loudness_range": 7.016772270202637,
      "side_mean": -46.42533874511719
    },
    {
      "high_freq": 7314.1640625,
      "loudness": -42.939666748046875,
      "loudness_range": 21.542564392089844,
      "low_freq": 4349.24462890625,
      "mid_mean": -41.519447326660156,
      "mid_to_side_loudness": -2.213892698287964,
      "mid_to_side_loudness_range": 3.2717573642730713,
      "side_mean": -43.40643310546875
    },
    {
      "high_freq": 12199.2666015625,
      "loudness": -43.67342758178711,
      "loudness_range": 23.720783233642578,
      "low_freq": 7314.1640625,
      "mid_mean": -42.486751556396484,
      "mid_to_side_loudness": -1.8457649946212769,
      "mid_to_side_loudness_range": 2.2537178993225098,
      "side_mean": -44.004302978515625
    },
    {
      "loudness": -47.800174713134766,
      "loudness_range": 25.37514877319336,
      "low_freq": 12199.2666015625,
      "mid_mean": -47.984500885009766,
      "mid_to_side_loudness": -0.7672179937362671,
      "mid_to_side_loudness_range": 1.8117804527282715,
      "side_mean": -48.81609344482422
    }
  ],
  "bands_short": [
    {
      "high_freq": 148.1999969482422,
      "loudness": -36.158626556396484,
      "loudness_range": 23.978525161743164,
      "mid_mean": -34.804229736328125,
      "mid_to_side_loudness": -2.5025978088378906,
      "mid_to_side_loudness_range": 9.537242889404297,
      "side_mean": -36.8455696105957
    },
    {
      "high_freq": 392.3793640136719,
      "loudness": -29.775344848632812,
      "loudness_range": 16.738683700561523,
      "low_freq": 148.1999969482422,
      "mid_mean": -27.264253616333008,
      "mid_to_side_loudness": -6.47463321685791,
      "mid_to_side_loudness_range": 10.928468704223633,
      "side_mean": -33.49544143676758
    },
    {
      "high_freq": 794.6976318359375,
      "loudness": -32.561946868896484,
      "loudness_range": 20.05965805053711,
      "low_freq": 392.3793640136719,
      "mid_mean": -29.664216995239258,
      "mid_to_side_loudness": -8.567000389099121,
      "mid_to_side_loudness_range": 12.823430061340332,
      "side_mean": -38.36676025390625
    },
    {
      "high_freq": 1457.5709228515625,
      "loudness": -38.141517639160156,
      "loudness_range": 19.780296325683594,
      "low_freq": 794.6976318359375,
      "mid_mean": -35.074344635009766,
      "mid_to_side_loudness": -9.256783485412598,
      "mid_to_side_loudness_range": 12.852038383483887,
      "side_mean": -44.68342590332031
    },
    {
      "high_freq": 2549.74365234375,
      "loudness": -41.809906005859375,
      "loudness_range": 19.784713745117188,
      "low_freq": 1457.5709228515625,
      "mid_mean": -38.87697219848633,
      "mid_to_side_loudness": -7.917803764343262,
      "mid_to_side_loudness_range": 10.7613525390625,
      "side_mean": -47.189552307128906
    },
    {
      "high_freq": 4349.24462890625,
      "loudness": -45.85102844238281,
      "loudness_range": 22.487319946289062,
      "low_freq": 2549.74365234375,
      "mid_mean": -43.56380081176758,
      "mid_to_side_loudness": -4.8233137130737305,
      "mid_to_side_loudness_range": 8.511451721191406,
      "side_mean": -48.37266540527344
    },
    {
      "high_freq": 7314.1640625,
      "loudness": -45.665504455566406,
      "loudness_range": 26.81131362915039,
      "low_freq": 4349.24462890625,
      "mid_mean": -44.230098724365234,
      "mid_to_side_loudness": -2.310709238052368,
      "mid_to_side_loudness_range": 4.795602321624756,
      "side_mean": -46.3416633605957
    },
    {
      "high_freq": 12199.2666015625,
      "loudness": -47.1117057800293,
      "loudness_range": 30.036449432373047,
      "low_freq": 7314.1640625,
      "mid_mean": -46.19463348388672,
      "mid_to_side_loudness": -1.869511365890503,
      "mid_to_side_loudness_range": 3.4245262145996094,
      "side_mean": -48.04051208496094
    },
    {
      "loudness": -51.35736846923828,
      "loudness_range": 32.38689041137695,
      "low_freq": 12199.2666015625,
      "mid_mean": -52.9012451171875,
      "mid_to_side_loudness": -0.7427782416343689,
      "mid_to_side_loudness_range": 2.29412579536438,
      "side_mean": -53.37232208251953
    }
  ],
  "bandwidth": 479.0826416015625,
  "channels": 2,
  "covariance": [
    [
      37.71906280517578,
      36.11295700073242,
      8.14122486114502,
      11.672063827514648,
      8.365345001220703,
      10.506117820739746,
      8.36502742767334,
      10.716781616210938,
      7.939362049102783,
      9.859722137451172,
      14.007143020629883,
      16.048526763916016,
      15.591259956359863,
      14.81230354309082,
      16.570951461791992,
      16.541240692138672,
      20.786949157714844,
      23.10019302368164
    ],
    [
      36.11295700073242,
      44.597816467285156,
      6.231622219085693,
      11.387763023376465,
      7.490704536437988,
      9.144532203674316,
      6.716342449188232,
      8.522480010986328,
      5.7328691482543945,
      7.161484718322754,
      11.886151313781738,
      13.614128112792969,
      14.376814842224121,
      14.57231330871582,
      17.509965896606445,
      17.98625373840332,
      23.084064483642578,
      25.165267944335938
    ],
    [
      8.14122486114502,
      6.231622219085693,
      23.554410934448242,
      17.238344192504883,
      13.897198677062988,
      13.528008460998535,
      13.839714050292969,
      14.843202590942383,
      15.159440994262695,
      15.89040756225586,
      15.1628999710083,
      15.861811637878418,
      13.931465148925781,
      13.175446510314941,
      12.37321949005127,
      12.2299165725708,
      12.683248519897461,
      13.612405776977539
    ],
    [
      11.672063827514648,
      11.387763023376465,
      17.238344192504883,
      23.26209831237793,
      5.914435863494873,
      10.291205406188965,
      6.466447830200195,
      12.128397941589355,
      7.6701507568359375,
      11.908188819885254,
      12.438891410827637,
      15.527328491210938,
      14.501548767089844,
      13.7194242477417,
      13.07761001586914,
      12.333637237548828,
      14.452472686767578,
      16.186100006103516
    ],
    [
      8.365345001220703,
      7.490704536437988,
      13.897198677062988,
      5.914435863494873,
      39.6494255065918,
      23.226720809936523,
      26.590051651000977,
      17.662744522094727,
      28.364953994750977,
      21.254329681396484,
      23.843997955322266,
      19.180513381958008,
      17.858673095703125,
      17.97641372680664,
      19.02583885192871,
      20.761322021484375,
      18.832921981811523,
      19.591026306152344
    ],
    [
      10.506117820739746,
      9.144532203674316,
      13.528008460998535,
      10.291205406188965,
      23.226720809936523,
      22.756107330322266,
      19.61431312561035,
      17.17978286743164,
      20.49190902709961,
      19.029428482055664,
      20.444339752197266,
      19.3114013671875,
      17.711172103881836,
      17.376583099365234,
      17.393754959106445,
      18.04425811767578,
      17.785934448242188,
      18.713600158691406
    ],
    [
      8.36502742767334,
      6.716342449188232,
      13.839714050292969,
      6.466447830200195,
      26.590051651000977,
      19.61431312561035,
      37.30111312866211,
      24.1251277923584,
      31.360637664794922,
      24.423809051513672,
      27.123125076293945,
      22.46784019470215,
      20.17621421813965,
      18.783679962158203,
      19.980581283569336,
      20.02293586730957,
      18.659730911254883,
      18.963411331176758
    ],
    [
      10.716781616210938,
      8.522480010986328,
      14.843202590942383,
      12.128397941589355,
      17.662744522094727,
      17.17978286743164,
      24.1251277923584,
      25.08971405029297,
      23.40204429626465,
      23.74081039428711,
      24.38580894470215,
      23.75831413269043,
      20.852949142456055,
      19.97040367126465,
      19.394886016845703,
      19.09113883972168,
      18.667804718017578,
      19.343107223510742
    ],
    [
      7.939362049102783,
      5.7328691482543945,
      15.159440994262695,
      7.6701507568359375,
      28.364953994750977,
      20.49190902709961,
      31.360637664794922,
      23.40204429626465,
      42.58680725097656,
      31.59186553955078,
      33.0781135559082,
      27.809640884399414,
      25.294694900512695,
      23.289064407348633,
      24.258153915405273,
      24.110048294067383,
      21.783594131469727,
      21.919334411621094
    ],
    [
      9.859722137451172,
      7.161484718322754,
      15.89040756225586,
      11.908188819885254,
      21.254329681396484,
      19.029428482055664,
      24.423809051513672,
      23.74081039428711,
      31.59186553955078,
      31.946624755859375,
      32.6595344543457,
      32.199798583984375,
      29.58755874633789,
      28.228445053100586,
      27.514936447143555,
      26.929597854614258,
      25.67573356628418,
      26.214475631713867
    ],
    [
      14.007143020629883,
      11.886151313781738,
      15.1628999710083,
      12.438891410827637,
      23.843997955322266,
      20.444339752197266,
      27.123125076293945,
      24.38580894470215,
      33.0781135559082,
      32.6595344543457,
      44.01069641113281,
      43.316856384277344,
      42.5457878112793,
      41.2736930847168,
      43.081546783447266,
      42.49058151245117,
      44.050052642822266,
      45.51500701904297
    ],
    [
      16.048526763916016,
      13.614128112792969,
      15.861811637878418,
      15.527328491210938,
      19.180513381958008,
      19.3114013671875,
      22.46784019470215,
      23.75831413269043,
      27.809640884399414,
      32.199798583984375,
      43.316856384277344,
      49.55173873901367,
      49.98979187011719,
      49.82711410522461,
      50.734073638916016,
      49.784996032714844,
      53.116485595703125,
      55.51082229614258
    ],
    [
      15.591259956359863,
      14.376814842224121,
      13.931465148925781,
      14.501548767089844,
      17.858673095703125,
      17.711172103881836,
      20.17621421813965,
      20.852949142456055,
      25.294694900512695,
      29.58755874633789,
      42.5457878112793,
      49.98979187011719,
      60.31820297241211,
      59.781532287597656,
      61.32362747192383,
      59.92670822143555,
      65.1674575805664,
      68.2114486694336
    ],
    [
      14.81230354309082,
      14.57231330871582,
      13.175446510314941,
      13.7194242477417,
      17.97641372680664,
      17.376583099365234,
      18.783679962158203,
      19.97040367126465,
      23.289064407348633,
      28.228445053100586,
      41.2736930847168,
      49.82711410522461,
      59.781532287597656,
      65.0469741821289,
      65.29866027832031,
      64.71321868896484,
      70.62268829345703,
      72.83399963378906
    ],
    [
      16.570951461791992,
      17.509965896606445,
      12.37321949005127,
      13.07761001586914,
      19.02583885192871,
      17.393754959106445,
      19.980581283569336,
      19.394886016845703,
      24.258153915405273,
      27.514936447143555,
      43.081546783447266,
      50.734073638916016,
      61.32362747192383,
      65.29866027832031,
      76.29035949707031,
      74.60103607177734,
      81.10637664794922,
      81.76720428466797
    ],
    [
      16.541240692138672,
      17.98625373840332,
      12.2299165725708,
      12.333637237548828,
      20.761322021484375,
      18.04425811767578,
      20.02293586730957,
      19.09113883972168,
      24.110048294067383,
      26.929597854614258,
      42.49058151245117,
      49.784996032714844,
      59.92670822143555,
      64.71321868896484,
      74.60103607177734,
      77.32501220703125,
      81.42890167236328,
      82.3205795288086
    ],
    [
      20.786949157714844,
      23.084064483642578,
      12.683248519897461,
      14.452472686767578,
      18.832921981811523,
      17.785934448242188,
      18.659730911254883,
      18.667804718017578,
      21.783594131469727,
      25.67573356628418,
      44.050052642822266,
      53.116485595703125,
      65.1674575805664,
      70.62268829345703,
      81.10637664794922,
      81.42890167236328,
      98.0110092163086,
      98.64966583251953
    ],
    [
      23.10019302368164,
      25.165267944335938,
      13.612405776977539,
      16.186100006103516,
      19.591026306152344,
      18.713600158691406,
      18.963411331176758,
      19.343107223510742,
      21.919334411621094,
      26.214475631713867,
      45.51500701904297,
      55.51082229614258,
      68.2114486694336,
      72.83399963378906,
      81.76720428466797,
      82.3205795288086,
      98.64966583251953,
      103.83602905273438
    ]
  ],
  "covariance_short": [
    [
      68.47498321533203,
      64.69210815429688,
      21.633384704589844,
      28.660831451416016,
      13.94529914855957,
      16.686935424804688,
      12.651681900024414,
      17.073909759521484,
      12.879676818847656,
      16.265151977539062,
      21.144739151000977,
      23.38661003112793,
      25.611373901367188,
      26.098047256469727,
      30.16489601135254,
      31.38740348815918,
      35.86673355102539,
      35.9584846496582
    ],
    [
      64.69210815429688,
      78.46849822998047,
      19.721588134765625,
      29.414247512817383,
      12.516768455505371,
      15.720521926879883,
      10.996856689453125,
      15.198992729187012,
      10.726605415344238,
      13.88761043548584,
      19.234243392944336,
      21.480506896972656,
      24.67565155029297,
      25.216434478759766,
      30.694896697998047,
      31.855533599853516,
      36.66264343261719,
      36.93701934814453
    ],
    [
      21.633384704589844,
      19.721588134765625,
      38.741539001464844,
      30.230087280273438,
      20.116146087646484,
      20.49732780456543,
      19.24187469482422,
      21.982027053833008,
      19.581188201904297,
      21.22764015197754,
      20.407455444335938,
      20.44028091430664,
      19.404314041137695,
      18.60973358154297,
      18.85472869873047,
      19.700637817382812,
      21.3415584564209,
      21.237619400024414
    ],
    [
      28.660831451416016,
      29.414247512817383,
      30.230087280273438,
      39.494903564453125,
      10.902796745300293,
      17.184772491455078,
      10.85638427734375,
      18.347686767578125,
      11.251708984375,
      16.461320877075195,
      17.698589324951172,
      20.653587341308594,
      21.330488204956055,
      21.65199851989746,
      23.287776947021484,
      24.4355411529541,
      27.571937561035156,
      27.3748836517334
    ],
    [
      13.94529914855957,
      12.516768455505371,
      20.116146087646484,
      10.902796745300293,
      54.035343170166016,
      32.913429260253906,
      34.66378402709961,
      25.682382583618164,
      33.60801696777344,
      27.199222564697266,
      29.44573211669922,
      22.78105926513672,
      21.441486358642578,
      19.804040908813477,
      21.150554656982422,
      21.331037521362305,
      20.035676956176758,
      20.427967071533203
    ],
    [
      16.686935424804688,
      15.720521926879883,
      20.49732780456543,
      17.184772491455078,
      32.913429260253906,
      35.870296478271484,
      25.968698501586914,
      25.670761108398438,
      25.21422576904297,
      25.57351303100586,
      27.05640411376953,
      24.787446975708008,
      23.96928596496582,
      23.207475662231445,
      24.58077621459961,
      25.030269622802734,
      25.031675338745117,
      25.142484664916992
    ],
    [
      12.651681900024414,
      10.996856689453125,
      19.24187469482422,
      10.85638427734375,
      34.66378402709961,
      25.968698501586914,
      51.18818283081055,
      32.74440383911133,
      38.9208984375,
      29.94449234008789,
      32.66047286987305,
      25.961782455444336,
      24.857240676879883,
      21.908016204833984,
      23.60013198852539,
      22.752222061157227,
      22.0711669921875,
      21.891700744628906
    ],
    [
      17.073909759521484,
      15.198992729187012,
      21.982027053833008,
      18.347686767578125,
      25.682382583618164,
      25.670761108398438,
      32.74440383911133,
      37.6002197265625,
      29.76704978942871,
      31.836830139160156,
      32.398704528808594,
      30.56563377380371,
      29.07512664794922,
      27.67226219177246,
      28.49309539794922,
      28.6597900390625,
      29.1820068359375,
      28.88720703125
    ],
    [
      12.879676818847656,
      10.726605415344238,
      19.581188201904297,
      11.251708984375,
      33.60801696777344,
      25.21422576904297,
      38.9208984375,
      29.76704978942871,
      53.04890060424805,
      38.451934814453125,
      40.18755340576172,
      33.18727111816406,
      31.765439987182617,
      28.130788803100586,
      30.17626953125,
      28.6434326171875,
      28.611852645874023,
      28.04746437072754
    ],
    [
      16.265151977539062,
      13.88761043548584,
      21.22764015197754,
      16.461320877075195,
      27.199222564697266,
      25.57351303100586,
      29.94449234008789,
      31.836830139160156,
      38.451934814453125,
      42.49323272705078,
      41.98017883300781,
      40.49873733520508,
      39.74067306518555,
      37.68144607543945,
      38.91242980957031,
      38.403594970703125,
      38.82738494873047,
      38.16631317138672
    ],
    [
      21.144739151000977,
      19.234243392944336,
      20.407455444335938,
      17.698589324951172,
      29.44573211669922,
      27.05640411376953,
      32.66047286987305,
      32.398704528808594,
      40.18755340576172,
      41.98017883300781,
      59.758724212646484,
      56.14360046386719,
      58.74161148071289,
      56.84601593017578,
      62.28588104248047,
      61.816795349121094,
      65.4221420288086,
      64.9405746459961
    ],
    [
      23.38661003112793,
      21.480506896972656,
      20.44028091430664,
      20.653587341308594,
      22.78105926513672,
      24.787446975708008,
      25.961782455444336,
      30.56563377380371,
      33.18727111816406,
      40.49873733520508,
      56.14360046386719,
      62.994388580322266,
      67.39801788330078,
      68.25484466552734,
      73.20126342773438,
      74.34245300292969,
      78.79090881347656,
      78.4845962524414
    ],
    [
      25.611373901367188,
      24.67565155029297,
      19.404314041137695,
      21.330488204956055,
      21.441486358642578,
      23.96928596496582,
      24.857240676879883,
      29.07512664794922,
      31.765439987182617,
      39.74067306518555,
      58.74161148071289,
      67.39801788330078,
      85.63878631591797,
      86.46688079833984,
      92.87950897216797,
      94.50502014160156,
      97.01065826416016,
      96.78874206542969
    ],
    [
      26.098047256469727,
      25.216434478759766,
      18.60973358154297,
      21.65199851989746,
      19.804040908813477,
      23.207475662231445,
      21.908016204833984,
      27.67226219177246,
      28.130788803100586,
      37.68144607543945,
      56.84601593017578,
      68.25484466552734,
      86.46688079833984,
      93.07868957519531,
      98.1732406616211,
      101.39154052734375,
      103.52769470214844,
      103.79695892333984
    ],
    [
      30.16489601135254,
      30.694896697998047,
      18.85472869873047,
      23.287776947021484,
      21.150554656982422,
      24.58077621459961,
      23.60013198852539,
      28.49309539794922,
      30.17626953125,
      38.91242980957031,
      62.28588104248047,
      73.20126342773438,
      92.87950897216797,
      98.1732406616211,
      114.87188720703125,
      115.18373107910156,
      119.94571685791016,
      120.39256286621094
    ],
    [
      31.38740348815918,
      31.855533599853516,
      19.700637817382812,
      24.4355411529541,
      21.331037521362305,
      25.030269622802734,
      22.752222061157227,
      28.6597900390625,
      28.6434326171875,
      38.403594970703125,
      61.816795349121094,
      74.34245300292969,
      94.50502014160156,
      101.39154052734375,
      115.18373107910156,
      120.2928466796875,
      124.4339599609375,
      125.31867980957031
    ],
    [
      35.86673355102539,
      36.66264343261719,
      21.3415584564209,
      27.571937561035156,
      20.035676956176758,
      25.031675338745117,
      22.0711669921875,
      29.1820068359375,
      28.611852645874023,
      38.82738494873047,
      65.4221420288086,
      78.79090881347656,
      97.01065826416016,
      103.52769470214844,
      119.94571685791016,
      124.4339599609375,
      144.27713012695312,
      145.02078247070312
    ],
    [
      35.9584846496582,
      36.93701934814453,
      21.237619400024414,
      27.3748836517334,
      20.427967071533203,
      25.142484664916992,
      21.891700744628906,
      28.88720703125,
      28.04746437072754,
      38.16631317138672,
      64.9405746459961,
      78.4845962524414,
      96.78874206542969,
      103.79695892333984,
      120.39256286621094,
      125.31867980957031,
      145.02078247070312,
      146.3557586669922
    ]
  ],
  "damage": -14.501795768737793,
  "diff_bandwidth": 485.7749938964844,
  "dissonance": 7.721304288672412,
  "drr": 6.5286407470703125,
  "dynamics": 3.6168696880340576,
  "format": 1245190,
  "frames": 23927744,
  "loudness": -20.29823112487793,
  "loudness_range": 9.031745910644531,
  "loudness_range_short": 13.628693580627441,
  "lowpass_true_peak_15khz": 0.035195641219615936,
  "mastering3_acoustic_entropies": [
    {
      "acoustic_entropy": 8.21173095703125,
      "acoustic_entropy_mono": 7.936825752258301,
      "band_eliminated_acoustic_entropies": [
        {
          "acoustic_entropy": 8.116621971130371,
          "acoustic_entropy_side": 8.193140029907227,
          "hz": 129.47220167065723
        },
        {
          "acoustic_entropy": 7.958669185638428,
          "acoustic_entropy_side": 7.97928524017334,
          "hz": 202.92927478742237
        },
        {
          "acoustic_entropy": 8.11113452911377,
          "acoustic_entropy_side": 8.027518272399902,
          "hz": 282.89161906338205
        },
        {
          "acoustic_entropy": 8.208861351013184,
          "acoustic_entropy_side": 8.096116065979004,
          "hz": 369.9353335868758
        },
        {
          "acoustic_entropy": 8.482185363769531,
          "acoustic_entropy_side": 8.278243064880371,
          "hz": 464.6875360973435
        },
        {
          "acoustic_entropy": 7.836355209350586,
          "acoustic_entropy_side": 8.323651313781738,
          "hz": 567.8308811364784
        },
        {
          "acoustic_entropy": 7.233553886413574,
          "acoustic_entropy_side": 8.058564186096191,
          "hz": 680.1084783214808
        },
        {
          "acoustic_entropy": 7.889686584472656,
          "acoustic_entropy_side": 8.253661155700684,
          "hz": 802.3292461747484
        },
        {
          "acoustic_entropy": 8.085498809814453,
          "acoustic_entropy_side": 8.211228370666504,
          "hz": 935.3737400823702
        },
        {
          "acoustic_entropy": 8.347914695739746,
          "acoustic_entropy_side": 8.20722484588623,
          "hz": 1080.2004963696966
        },
        {
          "acoustic_entropy": 7.9842753410339355,
          "acoustic_entropy_side": 8.233375549316406,
          "hz": 1237.8529382007157
        },
        {
          "acoustic_entropy": 8.29984188079834,
          "acoustic_entropy_side": 8.251883506774902,
          "hz": 1409.4668930556702
        },
        {
          "acoustic_entropy": 8.54632568359375,
          "acoustic_entropy_side": 8.267793655395508,
          "hz": 1596.2787759475705
        },
        {
          "acoustic_entropy": 8.124619483947754,
          "acoustic_entropy_side": 8.245487213134766,
          "hz": 1799.6344973346393
        },
        {
          "acoustic_entropy": 8.221808433532715,
          "acoustic_entropy_side": 8.273653984069824,
          "hz": 2020.9991599069049
        },
        {
          "acoustic_entropy": 8.336506843566895,
          "acoustic_entropy_side": 8.259191513061523,
          "hz": 2261.9676141086993
        },
        {
          "acoustic_entropy": 8.26534652709961,
          "acoustic_entropy_side": 8.247215270996094,
          "hz": 2524.2759484456974
        },
        {
          "acoustic_entropy": 8.29759693145752,
          "acoustic_entropy_side": 8.24691104888916,
          "hz": 2809.813997359896
        },
        {
          "acoustic_entropy": 8.27773380279541,
          "acoustic_entropy_side": 8.238814353942871,
          "hz": 3120.6389567871424
        },
        {
          "acoustic_entropy": 8.285989761352539,
          "acoustic_entropy_side": 8.239311218261719,
          "hz": 3458.990205492291
        },
        {
          "acoustic_entropy": 8.243288040161133,
          "acoustic_entropy_side": 8.233630180358887,
          "hz": 3827.305438964164
        },
        {
          "acoustic_entropy": 8.217126846313477,
          "acoustic_entropy_side": 8.216864585876465,
          "hz": 4228.238232109126
        },
        {
          "acoustic_entropy": 8.221116065979004,
          "acoustic_entropy_side": 8.244613647460938,
          "hz": 4664.6771572759235
        },
        {
          "acoustic_entropy": 8.278698921203613,
          "acoustic_entropy_side": 8.263907432556152,
          "hz": 5139.766595350093
        },
        {
          "acoustic_entropy": 8.243955612182617,
          "acoustic_entropy_side": 8.228934288024902,
          "hz": 5656.929389854203
        },
        {
          "acoustic_entropy": 8.238165855407715,
          "acoustic_entropy_side": 8.224394798278809,
          "hz": 6219.891507268283
        },
        {
          "acoustic_entropy": 8.198347091674805,
          "acoustic_entropy_side": 8.20681381225586,
          "hz": 6832.70888123896
        },
        {
          "acoustic_entropy": 8.2121000289917,
          "acoustic_entropy_side": 8.21195125579834,
          "hz": 7499.796634079867
        },
        {
          "acoustic_entropy": 8.251656532287598,
          "acoustic_entropy_side": 8.231159210205078,
          "hz": 8225.96088609342
        },
        {
          "acoustic_entropy": 8.240449905395508,
          "acoustic_entropy_side": 8.2236328125,
          "hz": 9016.43338188839
        },
        {
          "acoustic_entropy": 8.180975914001465,
          "acoustic_entropy_side": 8.203452110290527,
          "hz": 9876.909183162974
        },
        {
          "acoustic_entropy": 8.15727424621582,
          "acoustic_entropy_side": 8.19448471069336,
          "hz": 10813.587699516042
        },
        {
          "acoustic_entropy": 8.18205451965332,
          "acoustic_entropy_side": 8.205081939697266,
          "hz": 11833.21735289826
        },
        {
          "acoustic_entropy": 8.225024223327637,
          "acoustic_entropy_side": 8.223252296447754,
          "hz": 12943.144197493959
        },
        {
          "acoustic_entropy": 8.26534652709961,
          "acoustic_entropy_side": 8.247359275817871,
          "hz": 14151.364845322005
        },
        {
          "acoustic_entropy": 8.292411804199219,
          "acoustic_entropy_side": 8.267412185668945,
          "hz": 15466.58407886509
        },
        {
          "acoustic_entropy": 8.27658462524414,
          "acoustic_entropy_side": 8.250947952270508,
          "hz": 16898.27756580493
        },
        {
          "acoustic_entropy": 8.25533390045166,
          "acoustic_entropy_side": 8.23736572265625,
          "hz": 18456.760127700032
        },
        {
          "acoustic_entropy": 8.226249694824219,
          "acoustic_entropy_side": 8.220296859741211,
          "hz": 20153.260054456492
        },
        {
          "acoustic_entropy": 8.211411476135254,
          "acoustic_entropy_side": 8.212003707885742,
          "hz": 22000.00000000001
        }
      ],
      "diff_acoustic_entropy": 9.08576774597168,
      "sn": 6
    },
    {
      "acoustic_entropy": 12.876059532165527,
      "acoustic_entropy_mono": 11.2190523147583,
      "band_eliminated_acoustic_entropies": [
        {
          "acoustic_entropy": 12.986309051513672,
          "acoustic_entropy_side": 12.964518547058105,
          "hz": 129.47220167065723
        },
        {
          "acoustic_entropy": 12.255861282348633,
          "acoustic_entropy_side": 12.622698783874512,
          "hz": 202.92927478742237
        },
        {
          "acoustic_entropy": 12.123044967651367,
          "acoustic_entropy_side": 13.18812370300293,
          "hz": 282.89161906338205
        },
        {
          "acoustic_entropy": 13.172463417053223,
          "acoustic_entropy_side": 12.822032928466797,
          "hz": 369.9353335868758
        },
        {
          "acoustic_entropy": 12.97663402557373,
          "acoustic_entropy_side": 13.005082130432129,
          "hz": 464.6875360973435
        },
        {
          "acoustic_entropy": 12.146024703979492,
          "acoustic_entropy_side": 12.438820838928223,
          "hz": 567.8308811364784
        },
        {
          "acoustic_entropy": 12.008940696716309,
          "acoustic_entropy_side": 12.650556564331055,
          "hz": 680.1084783214808
        },
        {
          "acoustic_entropy": 13.056941032409668,
          "acoustic_entropy_side": 12.599393844604492,
          "hz": 802.3292461747484
        },
        {
          "acoustic_entropy": 12.006219863891602,
          "acoustic_entropy_side": 13.053258895874023,
          "hz": 935.3737400823702
        },
        {
          "acoustic_entropy": 13.222832679748535,
          "acoustic_entropy_side": 12.993209838867188,
          "hz": 1080.2004963696966
        },
        {
          "acoustic_entropy": 12.857173919677734,
          "acoustic_entropy_side": 12.73205280303955,
          "hz": 1237.8529382007157
        },
        {
          "acoustic_entropy": 12.988781929016113,
          "acoustic_entropy_side": 12.86340618133545,
          "hz": 1409.4668930556702
        },
        {
          "acoustic_entropy": 12.84318733215332,
          "acoustic_entropy_side": 12.882250785827637,
          "hz": 1596.2787759475705
        },
        {
          "acoustic_entropy": 12.794079780578613,
          "acoustic_entropy_side": 12.811761856079102,
          "hz": 1799.6344973346393
        },
        {
          "acoustic_entropy": 12.609381675720215,
          "acoustic_entropy_side": 12.908885955810547,
          "hz": 2020.9991599069049
        },
        {
          "acoustic_entropy": 12.904923439025879,
          "acoustic_entropy_side": 12.899483680725098,
          "hz": 2261.9676141086993
        },
        {
          "acoustic_entropy": 12.769390106201172,
          "acoustic_entropy_side": 12.885608673095703,
          "hz": 2524.2759484456974
        },
        {
          "acoustic_entropy": 12.890783309936523,
          "acoustic_entropy_side": 12.894424438476562,
          "hz": 2809.813997359896
        },
        {
          "acoustic_entropy": 12.823773384094238,
          "acoustic_entropy_side": 12.889957427978516,
          "hz": 3120.6389567871424
        },
        {
          "acoustic_entropy": 12.875436782836914,
          "acoustic_entropy_side": 12.897042274475098,
          "hz": 3458.990205492291
        },
        {
          "acoustic_entropy": 12.856627464294434,
          "acoustic_entropy_side": 12.875247955322266,
          "hz": 3827.305438964164
        },
        {
          "acoustic_entropy": 12.95769214630127,
          "acoustic_entropy_side": 12.91484260559082,
          "hz": 4228.238232109126
        },
        {
          "acoustic_entropy": 12.840546607971191,
          "acoustic_entropy_side": 12.869168281555176,
          "hz": 4664.6771572759235
        },
        {
          "acoustic_entropy": 12.616286277770996,
          "acoustic_entropy_side": 12.76676082611084,
          "hz": 5139.766595350093
        },
        {
          "acoustic_entropy": 12.831686019897461,
          "acoustic_entropy_side": 12.847796440124512,
          "hz": 5656.929389854203
        },
        {
          "acoustic_entropy": 12.806567192077637,
          "acoustic_entropy_side": 12.858111381530762,
          "hz": 6219.891507268283
        },
        {
          "acoustic_entropy": 12.841180801391602,
          "acoustic_entropy_side": 12.863272666931152,
          "hz": 6832.70888123896
        },
        {
          "acoustic_entropy": 12.863540649414062,
          "acoustic_entropy_side": 12.882047653198242,
          "hz": 7499.796634079867
        },
        {
          "acoustic_entropy": 12.881742477416992,
          "acoustic_entropy_side": 12.887694358825684,
          "hz": 8225.96088609342
        },
        {
          "acoustic_entropy": 12.940528869628906,
          "acoustic_entropy_side": 12.917759895324707,
          "hz": 9016.43338188839
        },
        {
          "acoustic_entropy": 12.855777740478516,
          "acoustic_entropy_side": 12.878315925598145,
          "hz": 9876.909183162974
        },
        {
          "acoustic_entropy": 12.842774391174316,
          "acoustic_entropy_side": 12.873064041137695,
          "hz": 10813.587699516042
        },
        {
          "acoustic_entropy": 12.851665496826172,
          "acoustic_entropy_side": 12.865689277648926,
          "hz": 11833.21735289826
        },
        {
          "acoustic_entropy": 12.805696487426758,
          "acoustic_entropy_side": 12.847246170043945,
          "hz": 12943.144197493959
        },
        {
          "acoustic_entropy": 12.772396087646484,
          "acoustic_entropy_side": 12.82784366607666,
          "hz": 14151.364845322005
        },
        {
          "acoustic_entropy": 12.643621444702148,
          "acoustic_entropy_side": 12.800066947937012,
          "hz": 15466.58407886509
        },
        {
          "acoustic_entropy": 12.742395401000977,
          "acoustic_entropy_side": 12.833829879760742,
          "hz": 16898.27756580493
        },
        {
          "acoustic_entropy": 12.829747200012207,
          "acoustic_entropy_side": 12.87477970123291,
          "hz": 18456.760127700032
        },
        {
          "acoustic_entropy": 12.88687515258789,
          "acoustic_entropy_side": 12.891181945800781,
          "hz": 20153.260054456492
        },
        {
          "acoustic_entropy": 12.890569686889648,
          "acoustic_entropy_side": 12.880425453186035,
          "hz": 22000.00000000001
        }
      ],
      "diff_acoustic_entropy": 12.518817901611328,
      "sn": 12
    },
    {
      "acoustic_entropy": 18.182510375976562,
      "acoustic_entropy_mono": 16.62940216064453,
      "band_eliminated_acoustic_entropies": [
        {
          "acoustic_entropy": 18.191898345947266,
          "acoustic_entropy_side": 18.406217575073242,
          "hz": 129.47220167065723
        },
        {
          "acoustic_entropy": 18.006847381591797,
          "acoustic_entropy_side": 18.486371994018555,
          "hz": 202.92927478742237
        },
        {
          "acoustic_entropy": 18.93208885192871,
          "acoustic_entropy_side": 18.381235122680664,
          "hz": 282.89161906338205
        },
        {
          "acoustic_entropy": 18.257925033569336,
          "acoustic_entropy_side": 18.05457305908203,
          "hz": 369.9353335868758
        },
        {
          "acoustic_entropy": 18.81048583984375,
          "acoustic_entropy_side": 18.475858688354492,
          "hz": 464.6875360973435
        },
        {
          "acoustic_entropy": 18.55669593811035,
          "acoustic_entropy_side": 18.474172592163086,
          "hz": 567.8308811364784
        },
        {
          "acoustic_entropy": 17.169326782226562,
          "acoustic_entropy_side": 18.554866790771484,
          "hz": 680.1084783214808
        },
        {
          "acoustic_entropy": 18.865196228027344,
          "acoustic_entropy_side": 17.826221466064453,
          "hz": 802.3292461747484
        },
        {
          "acoustic_entropy": 17.589059829711914,
          "acoustic_entropy_side": 18.188568115234375,
          "hz": 935.3737400823702
        },
        {
          "acoustic_entropy": 18.7450008392334,
          "acoustic_entropy_side": 18.869152069091797,
          "hz": 1080.2004963696966
        },
        {
          "acoustic_entropy": 18.021238327026367,
          "acoustic_entropy_side": 18.558088302612305,
          "hz": 1237.8529382007157
        },
        {
          "acoustic_entropy": 18.13912010192871,
          "acoustic_entropy_side": 18.167692184448242,
          "hz": 1409.4668930556702
        },
        {
          "acoustic_entropy": 17.378944396972656,
          "acoustic_entropy_side": 17.497669219970703,
          "hz": 1596.2787759475705
        },
        {
          "acoustic_entropy": 17.993022918701172,
          "acoustic_entropy_side": 18.425012588500977,
          "hz": 1799.6344973346393
        },
        {
          "acoustic_entropy": 18.541690826416016,
          "acoustic_entropy_side": 18.267009735107422,
          "hz": 2020.9991599069049
        },
        {
          "acoustic_entropy": 18.057228088378906,
          "acoustic_entropy_side": 18.1287841796875,
          "hz": 2261.9676141086993
        },
        {
          "acoustic_entropy": 18.466047286987305,
          "acoustic_entropy_side": 18.22417640686035,
          "hz": 2524.2759484456974
        },
        {
          "acoustic_entropy": 18.450475692749023,
          "acoustic_entropy_side": 18.31235122680664,
          "hz": 2809.813997359896
        },
        {
          "acoustic_entropy": 18.114023208618164,
          "acoustic_entropy_side": 18.194059371948242,
