{
  "acoustic_entropy": 161.88389587402344,
  "bands": [
    {
      "high_freq": 148.1999969482422,
      "loudness": -40.1089973449707,
      "loudness_range": 26.922607421875,
      "mid_mean": -36.759952545166016,
      "mid_to_side_loudness": -13.439138412475586,
      "mid_to_side_loudness_range": 21.213394165039062,
      "side_mean": -52.511749267578125
    },
    {
      "high_freq": 392.3793640136719,
      "loudness": -40.021297454833984,
      "loudness_range": 16.599533081054688,
      "low_freq": 148.1999969482422,
      "mid_mean": -37.65885543823242,
      "mid_to_side_loudness": -6.096582412719727,
      "mid_to_side_loudness_range": 13.651713371276855,
      "side_mean": -44.66756057739258
    },
    {
      "high_freq": 794.6976318359375,
      "loudness": -25.415281295776367,
      "loudness_range": 14.243156433105469,
      "low_freq": 392.3793640136719,
      "mid_mean": -23.80574607849121,
      "mid_to_side_loudness": -3.481455087661743,
      "mid_to_side_loudness_range": 13.203530311584473,
      "side_mean": -27.368839263916016
    },
    {
      "high_freq": 1457.5709228515625,
      "loudness": -24.642349243164062,
      "loudness_range": 13.723012924194336,
      "low_freq": 794.6976318359375,
      "mid_mean": -23.177675247192383,
      "mid_to_side_loudness": -2.655087947845459,
      "mid_to_side_loudness_range": 8.614788055419922,
      "side_mean": -25.811038970947266
    },
    {
      "high_freq": 2549.74365234375,
      "loudness": -29.59202766418457,
      "loudness_range": 20.66370964050293,
      "low_freq": 1457.5709228515625,
      "mid_mean": -29.469053268432617,
      "mid_to_side_loudness": 0.38105252385139465,
      "mid_to_side_loudness_range": 7.301520347595215,
      "side_mean": -28.950069427490234
    },
    {
      "high_freq": 4349.24462890625,
      "loudness": -46.32164764404297,
      "loudness_range": 14.439315795898438,
      "low_freq": 2549.74365234375,
      "mid_mean": -45.110877990722656,
      "mid_to_side_loudness": -1.885209083557129,
      "mid_to_side_loudness_range": 6.867880821228027,
      "side_mean": -47.246437072753906
    },
    {
      "high_freq": 7314.1640625,
      "loudness": -51.58371353149414,
      "loudness_range": 22.38384246826172,
      "low_freq": 4349.24462890625,
      "mid_mean": -51.05764389038086,
      "mid_to_side_loudness": -0.8286811113357544,
      "mid_to_side_loudness_range": 2.4468612670898438,
      "side_mean": -51.79060745239258
    },
    {
      "high_freq": 12199.2666015625,
      "loudness": -58.83287811279297,
      "loudness_range": 18.52752685546875,
      "low_freq": 7314.1640625,
      "mid_mean": -57.74747848510742,
      "mid_to_side_loudness": -0.6853992938995361,
      "mid_to_side_loudness_range": 1.9353362321853638,
      "side_mean": -58.340877532958984
    },
    {
      "loudness": -60.27484893798828,
      "loudness_range": 21.088211059570312,
      "low_freq": 12199.2666015625,
      "mid_mean": -58.90076446533203,
      "mid_to_side_loudness": -0.8206241130828857,
      "mid_to_side_loudness_range": 2.369878053665161,
      "side_mean": -59.77286148071289
    }
  ],
  "bands_short": [
    {
      "high_freq": 148.1999969482422,
      "loudness": -42.944969177246094,
      "loudness_range": 28.728097915649414,
      "mid_mean": -39.834625244140625,
      "mid_to_side_loudness": -12.407125473022461,
      "mid_to_side_loudness_range": 24.7213077545166,
      "side_mean": -54.028865814208984
    },
    {
      "high_freq": 392.3793640136719,
      "loudness": -40.061119079589844,
      "loudness_range": 21.358346939086914,
      "low_freq": 148.1999969482422,
      "mid_mean": -37.79072189331055,
      "mid_to_side_loudness": -6.381315231323242,
      "mid_to_side_loudness_range": 17.026391983032227,
      "side_mean": -45.85193634033203
    },
    {
      "high_freq": 794.6976318359375,
      "loudness": -28.72989273071289,
      "loudness_range": 19.195608139038086,
      "low_freq": 392.3793640136719,
      "mid_mean": -27.128639221191406,
      "mid_to_side_loudness": -4.085653781890869,
      "mid_to_side_loudness_range": 16.250778198242188,
      "side_mean": -31.71842384338379
    },
    {
      "high_freq": 1457.5709228515625,
      "loudness": -24.028268814086914,
      "loudness_range": 15.404579162597656,
      "low_freq": 794.6976318359375,
      "mid_mean": -22.743505477905273,
      "mid_to_side_loudness": -2.6134278774261475,
      "mid_to_side_loudness_range": 11.90549087524414,
      "side_mean": -25.369169235229492
    },
    {
      "high_freq": 2549.74365234375,
      "loudness": -30.289852142333984,
      "loudness_range": 21.810346603393555,
      "low_freq": 1457.5709228515625,
      "mid_mean": -30.587505340576172,
      "mid_to_side_loudness": 0.5286340117454529,
      "mid_to_side_loudness_range": 12.503962516784668,
      "side_mean": -29.857868194580078
    },
    {
      "high_freq": 4349.24462890625,
      "loudness": -48.49835968017578,
      "loudness_range": 20.45928192138672,
      "low_freq": 2549.74365234375,
      "mid_mean": -47.5494270324707,
      "mid_to_side_loudness": -1.874814748764038,
      "mid_to_side_loudness_range": 8.391814231872559,
      "side_mean": -50.16871643066406
    },
    {
      "high_freq": 7314.1640625,
      "loudness": -55.264137268066406,
      "loudness_range": 27.166156768798828,
      "low_freq": 4349.24462890625,
      "mid_mean": -54.24631881713867,
      "mid_to_side_loudness": -1.1941381692886353,
      "mid_to_side_loudness_range": 4.375264644622803,
      "side_mean": -55.27720260620117
    },
    {
      "high_freq": 12199.2666015625,
      "loudness": -62.2401237487793,
      "loudness_range": 19.83199691772461,
      "low_freq": 7314.1640625,
      "mid_mean": -60.48468017578125,
      "mid_to_side_loudness": -1.186926245689392,
      "mid_to_side_loudness_range": 4.3583149909973145,
      "side_mean": -61.40213394165039
    },
    {
      "loudness": -63.120880126953125,
      "loudness_range": 15.276527404785156,
      "low_freq": 12199.2666015625,
      "mid_mean": -61.193756103515625,
      "mid_to_side_loudness": -1.243486762046814,
      "mid_to_side_loudness_range": 3.5834970474243164,
      "side_mean": -62.350730895996094
    }
  ],
  "bandwidth": 933.0332641601562,
  "channels": 2,
  "covariance": [
    [
      110.23294830322266,
      43.98855972290039,
      34.108848571777344,
      19.581951141357422,
      15.568379402160645,
      19.950687408447266,
      6.962507724761963,
      8.804370880126953,
      0.5700688362121582,
      -5.219244003295898,
      5.716785430908203,
      -1.43813955783844,
      6.688474178314209,
      5.999898433685303,
      9.597160339355469,
      10.925263404846191,
      17.54006004333496,
      19.210983276367188
    ],
    [
      43.98855972290039,
      44.78969192504883,
      14.263845443725586,
      11.886157035827637,
      10.187370300292969,
      12.62661075592041,
      8.32670783996582,
      7.749289512634277,
      2.007544994354248,
      0.2654133141040802,
      6.434045314788818,
      6.854005813598633,
      22.755094528198242,
      22.643108367919922,
      15.901787757873535,
      17.330312728881836,
      17.24525260925293,
      18.579256057739258
    ],
    [
      34.108848571777344,
      14.263845443725586,
      47.37199401855469,
      33.12278747558594,
      10.317709922790527,
      9.915597915649414,
      3.370685338973999,
      6.9692702293396,
      -0.6351862549781799,
      -3.7928106784820557,
      8.430887222290039,
      4.32882022857666,
      1.8139756917953491,
      1.103391170501709,
      3.6842875480651855,
      4.52039098739624,
      6.125363826751709,
      7.380870819091797
    ],
    [
      19.581951141357422,
      11.886157035827637,
      33.12278747558594,
      52.036766052246094,
      5.798441410064697,
      5.73672342300415,
      3.485206127166748,
      5.551799297332764,
      -5.95097017288208,
      -5.9920430183410645,
      7.474044322967529,
      2.54944109916687,
      2.3040056228637695,
      2.115919589996338,
      3.8644297122955322,
      5.134511947631836,
      3.967834234237671,
      5.307066917419434
    ],
    [
      15.568379402160645,
      10.187370300292969,
      10.317709922790527,
      5.798441410064697,
      29.991294860839844,
      26.56150245666504,
      -2.6574816703796387,
      0.1367901861667633,
      -2.483217716217041,
      -5.496751308441162,
      5.896174430847168,
      8.891117095947266,
      9.989677429199219,
      9.526921272277832,
      4.253061771392822,
      4.885188579559326,
      7.518100738525391,
      8.553852081298828
    ],
    [
      19.950687408447266,
      12.62661075592041,
      9.915597915649414,
      5.73672342300415,
      26.56150245666504,
      46.58964920043945,
      -4.748951435089111,
      1.1312589645385742,
      -6.316908836364746,
      -9.232457160949707,
      5.305837154388428,
      10.827972412109375,
      13.939697265625,
      13.896049499511719,
      7.621140956878662,
      8.985159873962402,
      11.170426368713379,
      12.8790283203125
    ],
    [
      6.962507724761963,
      8.32670783996582,
      3.370685338973999,
      3.485206127166748,
      -2.6574816703796387,
      -4.748951435089111,
      29.26943588256836,
      24.566232681274414,
      11.26925277709961,
      11.439149856567383,
      11.878077507019043,
      8.200238227844238,
      8.447554588317871,
      8.90927505493164,
      10.171351432800293,
      10.747785568237305,
      6.2764434814453125,
      6.705277919769287
    ],
    [
      8.804370880126953,
      7.749289512634277,
      6.9692702293396,
      5.551799297332764,
      0.1367901861667633,
      1.1312589645385742,
      24.566232681274414,
      33.3743782043457,
      8.952096939086914,
      7.646814346313477,
      11.227357864379883,
      9.412392616271973,
      11.824045181274414,
      12.6459379196167,
      12.897536277770996,
      14.018115043640137,
      7.476137638092041,
      8.436785697937012
    ],
    [
      0.5700688362121582,
      2.007544994354248,
      -0.6351862549781799,
      -5.95097017288208,
      -2.483217716217041,
      -6.316908836364746,
      11.26925277709961,
      8.952096939086914,
      51.03591537475586,
      51.66487121582031,
      12.116767883300781,
      7.961441993713379,
      19.341670989990234,
      19.726287841796875,
      11.459903717041016,
      11.52523136138916,
      5.992522239685059,
      5.520993232727051
    ],
    [
      -5.219244003295898,
      0.2654133141040802,
      -3.7928106784820557,
      -5.9920430183410645,
      -5.496751308441162,
      -9.232457160949707,
      11.439149856567383,
      7.646814346313477,
      51.66487121582031,
      60.76239776611328,
      9.994546890258789,
      6.937601089477539,
      20.11457633972168,
      20.86894416809082,
      11.73675537109375,
      11.836284637451172,
      5.53690242767334,
      5.133123874664307
    ],
    [
      5.716785430908203,
      6.434045314788818,
      8.430887222290039,
      7.474044322967529,
      5.896174430847168,
      5.305837154388428,
      11.878077507019043,
      11.227357864379883,
      12.116767883300781,
      9.994546890258789,
      33.135990142822266,
      28.09370231628418,
      15.295391082763672,
      15.574460983276367,
      11.141414642333984,
      12.439571380615234,
      7.479251384735107,
      8.805953025817871
    ],
    [
      -1.43813955783844,
      6.854005813598633,
      4.32882022857666,
      2.54944109916687,
      8.891117095947266,
      10.827972412109375,
      8.200238227844238,
      9.412392616271973,
      7.961441993713379,
      6.937601089477539,
      28.09370231628418,
      36.06922912597656,
      20.564516067504883,
      22.324445724487305,
      13.154531478881836,
      15.184074401855469,
      8.660178184509277,
      10.78189754486084
    ],
    [
      6.688474178314209,
      22.755094528198242,
      1.8139756917953491,
      2.3040056228637695,
      9.989677429199219,
      13.939697265625,
      8.447554588317871,
      11.824045181274414,
      19.341670989990234,
      20.11457633972168,
      15.295391082763672,
      20.564516067504883,
      64.25691986083984,
      65.73283386230469,
      34.6284294128418,
      36.84132385253906,
      24.760881423950195,
      26.446176528930664
    ],
    [
      5.999898433685303,
      22.643108367919922,
      1.103391170501709,
      2.115919589996338,
      9.526921272277832,
      13.896049499511719,
      8.90927505493164,
      12.6459379196167,
      19.726287841796875,
      20.86894416809082,
      15.574460983276367,
      22.324445724487305,
      65.73283386230469,
      68.19036865234375,
      35.613868713378906,
      38.125450134277344,
      25.272939682006836,
      27.231016159057617
    ],
    [
      9.597160339355469,
      15.901787757873535,
      3.6842875480651855,
      3.8644297122955322,
      4.253061771392822,
      7.621140956878662,
      10.171351432800293,
      12.897536277770996,
      11.459903717041016,
      11.73675537109375,
      11.141414642333984,
      13.154531478881836,
      34.6284294128418,
      35.613868713378906,
      31.680572509765625,
      33.218502044677734,
      25.757036209106445,
      26.982393264770508
    ],
    [
      10.925263404846191,
      17.330312728881836,
      4.52039098739624,
      5.134511947631836,
      4.885188579559326,
      8.985159873962402,
      10.747785568237305,
      14.018115043640137,
      11.52523136138916,
      11.836284637451172,
      12.439571380615234,
      15.184074401855469,
      36.84132385253906,
      38.125450134277344,
      33.218502044677734,
      35.321434020996094,
      26.60444450378418,
      28.259151458740234
    ],
    [
      17.54006004333496,
      17.24525260925293,
      6.125363826751709,
      3.967834234237671,
      7.518100738525391,
      11.170426368713379,
      6.2764434814453125,
      7.476137638092041,
      5.992522239685059,
      5.53690242767334,
      7.479251384735107,
      8.660178184509277,
      24.760881423950195,
      25.272939682006836,
      25.757036209106445,
      26.60444450378418,
      35.57071304321289,
      36.813690185546875
    ],
    [
      19.210983276367188,
      18.579256057739258,
      7.380870819091797,
      5.307066917419434,
      8.553852081298828,
      12.8790283203125,
      6.705277919769287,
      8.436785697937012,
      5.520993232727051,
      5.133123874664307,
      8.805953025817871,
      10.78189754486084,
      26.446176528930664,
      27.231016159057617,
      26.982393264770508,
      28.259151458740234,
      36.813690185546875,
      38.611881256103516
    ]
  ],
  "covariance_short": [
    [
      142.07276916503906,
      54.84492111206055,
      56.2880744934082,
      30.384437561035156,
      22.750703811645508,
      30.138301849365234,
      15.02253532409668,
      16.458757400512695,
      4.0592732429504395,
      -3.994133472442627,
      10.47961711883545,
      2.5597047805786133,
      8.540502548217773,
      7.484299182891846,
      5.058013916015625,
      5.951351165771484,
      9.089640617370605,
      9.811966896057129
    ],
    [
      54.84492111206055,
      49.9730110168457,
      17.948713302612305,
      14.45083999633789,
      12.688117027282715,
      17.16806983947754,
      9.58986759185791,
      9.79819107055664,
      3.034287929534912,
      0.43842148780822754,
      9.582223892211914,
      19.338092803955078,
      20.178403854370117,
      19.8489990234375,
      9.471396446228027,
      10.516132354736328,
      9.44132137298584,
      10.155167579650879
    ],
    [
      56.2880744934082,
      17.948713302612305,
      70.12238311767578,
      41.877742767333984,
      18.778873443603516,
      19.463722229003906,
      11.11921215057373,
      13.162687301635742,
      6.392205715179443,
      1.2419359683990479,
      14.97383975982666,
      9.034496307373047,
      6.273082733154297,
      5.243741035461426,
      5.274392604827881,
      4.989218235015869,
      5.968827724456787,
      5.603479862213135
    ],
    [
      30.384437561035156,
      14.45083999633789,
      41.877742767333984,
      67.1590347290039,
      17.234909057617188,
      22.55988121032715,
      3.549088954925537,
      6.599913597106934,
      -4.25334358215332,
      -5.554872512817383,
      13.966354370117188,
      9.712297439575195,
      7.279280662536621,
      7.522640705108643,
      6.996871471405029,
      8.171676635742188,
      4.997816562652588,
      5.806792259216309
    ],
    [
      22.750703811645508,
      12.688117027282715,
      18.778873443603516,
      17.234909057617188,
      45.77085494995117,
      36.8944091796875,
      10.333568572998047,
      12.670232772827148,
      -2.0401113033294678,
      -6.278354167938232,
      16.470674514770508,
      15.846697807312012,
      10.642597198486328,
      10.561971664428711,
      8.7787504196167,
      10.217798233032227,
      7.216359615325928,
      8.878382682800293
    ],
    [
      30.138301849365234,
      17.16806983947754,
      19.463722229003906,
      22.55988121032715,
      36.8944091796875,
      66.99793243408203,
      9.321976661682129,
      15.600337028503418,
      -6.552341461181641,
      -10.3931245803833,
      18.177745819091797,
      19.85721206665039,
      14.513575553894043,
      15.43217945098877,
      11.161715507507324,
      14.039507865905762,
      8.535106658935547,
      11.250046730041504
    ],
    [
      15.02253532409668,
      9.58986759185791,
      11.11921215057373,
      3.549088954925537,
      10.333568572998047,
      9.321976661682129,
      37.18601989746094,
      26.556432723999023,
      19.370708465576172,
      15.288676261901855,
      17.094100952148438,
      13.598956108093262,
      18.379409790039062,
      18.314599990844727,
      11.427834510803223,
      11.388907432556152,
      8.284843444824219,
      8.079848289489746
    ],
    [
      16.458757400512695,
      9.79819107055664,
      13.162687301635742,
      6.599913597106934,
      12.670232772827148,
      15.600337028503418,
      26.556432723999023,
      38.5488395690918,
      16.909914016723633,
      12.8329439163208,
      15.63707160949707,
      13.88648509979248,
      19.074832916259766,
      19.637712478637695,
      12.106751441955566,
      12.752764701843262,
      8.371321678161621,
      8.726262092590332
    ],
    [
      4.0592732429504395,
      3.034287929534912,
      6.392205715179443,
      -4.25334358215332,
      -2.0401113033294678,
      -6.552341461181641,
      19.370708465576172,
      16.909914016723633,
      61.929107666015625,
      55.17374038696289,
      18.09168243408203,
      14.337326049804688,
      25.885040283203125,
      26.047889709472656,
      13.710214614868164,
      13.384323120117188,
      7.218996047973633,
      6.472761631011963
    ],
    [
      -3.994133472442627,
      0.43842148780822754,
      1.2419359683990479,
      -5.554872512817383,
      -6.278354167938232,
      -10.3931245803833,
      15.288676261901855,
      12.8329439163208,
      55.17374038696289,
      69.90386962890625,
      13.832836151123047,
      11.907773971557617,
      24.98575210571289,
      25.754108428955078,
      12.816020965576172,
      12.691934585571289,
      5.59133768081665,
      5.066251754760742
    ],
    [
      10.47961711883545,
      9.582223892211914,
      14.97383975982666,
      13.966354370117188,
      16.470674514770508,
      18.177745819091797,
      17.094100952148438,
      15.63707160949707,
      18.09168243408203,
      13.832836151123047,
      55.471961975097656,
      48.38402557373047,
      29.855201721191406,
      30.125417709350586,
      21.32347869873047,
      22.911880493164062,
      13.865701675415039,
      15.426881790161133
    ],
    [
      2.5597047805786133,
      19.338092803955078,
      9.034496307373047,
      9.712297439575195,
      15.846697807312012,
      19.85721206665039,
      13.598956108093262,
      13.88648509979248,
      14.337326049804688,
      11.907773971557617,
      48.38402557373047,
      65.94081115722656,
      41.86485290527344,
      43.1985969543457,
      27.472667694091797,
      29.371444702148438,
      18.940937042236328,
      20.57709312438965
    ],
    [
      8.540502548217773,
      20.178403854370117,
      6.273082733154297,
      7.279280662536621,
      10.642597198486328,
      14.513575553894043,
      18.379409790039062,
      19.074832916259766,
      25.885040283203125,
      24.98575210571289,
      29.855201721191406,
      41.86485290527344,
      77.30786895751953,
      77.53717041015625,
      38.69398880004883,
      41.372257232666016,
      25.615495681762695,
      27.58272933959961
    ],
    [
      7.484299182891846,
      19.8489990234375,
      5.243741035461426,
      7.522640705108643,
      10.561971664428711,
      15.43217945098877,
      18.314599990844727,
      19.637712478637695,
      26.047889709472656,
      25.754108428955078,
      30.125417709350586,
      43.1985969543457,
      77.53717041015625,
      80.2347640991211,
      39.69174575805664,
      42.95608901977539,
      26.021791458129883,
      28.478572845458984
    ],
    [
      5.058013916015625,
      9.471396446228027,
      5.274392604827881,
      6.996871471405029,
      8.7787504196167,
      11.161715507507324,
      11.427834510803223,
      12.106751441955566,
      13.710214614868164,
      12.816020965576172,
      21.32347869873047,
      27.472667694091797,
      38.69398880004883,
      39.69174575805664,
      35.11391830444336,
      36.631717681884766,
      24.280548095703125,
      25.61119842529297
    ],
    [
      5.951351165771484,
      10.516132354736328,
      4.989218235015869,
      8.171676635742188,
      10.217798233032227,
      14.039507865905762,
      11.388907432556152,
      12.752764701843262,
      13.384323120117188,
      12.691934585571289,
      22.911880493164062,
      29.371444702148438,
      41.372257232666016,
      42.95608901977539,
      36.631717681884766,
      39.384925842285156,
      25.03273582458496,
      27.112106323242188
    ],
    [
      9.089640617370605,
      9.44132137298584,
      5.968827724456787,
      4.997816562652588,
      7.216359615325928,
      8.535106658935547,
      8.284843444824219,
      8.371321678161621,
      7.218996047973633,
      5.59133768081665,
      13.865701675415039,
      18.940937042236328,
      25.615495681762695,
      26.021791458129883,
      24.280548095703125,
      25.03273582458496,
      25.904069900512695,
      26.67058753967285
    ],
    [
      9.811966896057129,
      10.155167579650879,
      5.603479862213135,
      5.806792259216309,
      8.878382682800293,
      11.250046730041504,
      8.079848289489746,
      8.726262092590332,
      6.472761631011963,
      5.066251754760742,
      15.426881790161133,
      20.57709312438965,
      27.58272933959961,
      28.478572845458984,
      25.61119842529297,
      27.112106323242188,
      26.67058753967285,
      28.37513542175293
    ]
  ],
  "damage": -7.7193827629089355,
  "diff_bandwidth": 929.1666259765625,
  "dissonance": 3.1795488311008278,
  "drr": 9.088951110839844,
  "dynamics": 3.2211668491363525,
  "format": 1245190,
  "frames": 6281604,
  "loudness": -16.03740692138672,
  "loudness_range": 7.254161834716797,
  "loudness_range_short": 12.193779945373535,
  "lowpass_true_peak_15khz": -1.2026207447052002,
  "mastering3_acoustic_entropies": [
    {
      "acoustic_entropy": 10.325410842895508,
      "acoustic_entropy_mono": 8.315096855163574,
      "band_eliminated_acoustic_entropies": [
        {
          "acoustic_entropy": 10.32579517364502,
          "acoustic_entropy_side": 10.325411796569824,
          "hz": 129.47220167065723
        },
        {
          "acoustic_entropy": 10.325736045837402,
          "acoustic_entropy_side": 10.325399398803711,
          "hz": 202.92927478742237
        },
        {
          "acoustic_entropy": 10.331555366516113,
          "acoustic_entropy_side": 10.324673652648926,
          "hz": 282.89161906338205
        },
        {
          "acoustic_entropy": 10.361790657043457,
          "acoustic_entropy_side": 10.331794738769531,
          "hz": 369.9353335868758
        },
        {
          "acoustic_entropy": 10.456366539001465,
          "acoustic_entropy_side": 10.373433113098145,
          "hz": 464.6875360973435
        },
        {
          "acoustic_entropy": 10.325193405151367,
          "acoustic_entropy_side": 10.476225852966309,
          "hz": 567.8308811364784
        },
        {
          "acoustic_entropy": 11.00362491607666,
          "acoustic_entropy_side": 10.67126750946045,
          "hz": 680.1084783214808
        },
        {
          "acoustic_entropy": 10.412622451782227,
          "acoustic_entropy_side": 10.684528350830078,
          "hz": 802.3292461747484
        },
        {
          "acoustic_entropy": 9.128191947937012,
          "acoustic_entropy_side": 9.595393180847168,
          "hz": 935.3737400823702
        },
        {
          "acoustic_entropy": 10.029550552368164,
          "acoustic_entropy_side": 10.423940658569336,
          "hz": 1080.2004963696966
        },
        {
          "acoustic_entropy": 9.927395820617676,
          "acoustic_entropy_side": 10.849971771240234,
          "hz": 1237.8529382007157
        },
        {
          "acoustic_entropy": 10.910632133483887,
          "acoustic_entropy_side": 10.566739082336426,
          "hz": 1409.4668930556702
        },
        {
          "acoustic_entropy": 10.047746658325195,
          "acoustic_entropy_side": 10.851298332214355,
          "hz": 1596.2787759475705
        },
        {
          "acoustic_entropy": 10.041933059692383,
          "acoustic_entropy_side": 11.112581253051758,
          "hz": 1799.6344973346393
        },
        {
          "acoustic_entropy": 10.181295394897461,
          "acoustic_entropy_side": 10.459785461425781,
          "hz": 2020.9991599069049
        },
        {
          "acoustic_entropy": 11.606954574584961,
          "acoustic_entropy_side": 10.946552276611328,
          "hz": 2261.9676141086993
        },
        {
          "acoustic_entropy": 9.323812484741211,
          "acoustic_entropy_side": 9.677335739135742,
          "hz": 2524.2759484456974
        },
        {
          "acoustic_entropy": 10.563985824584961,
          "acoustic_entropy_side": 10.536382675170898,
          "hz": 2809.813997359896
        },
        {
          "acoustic_entropy": 10.332444190979004,
          "acoustic_entropy_side": 10.326813697814941,
          "hz": 3120.6389567871424
        },
        {
          "acoustic_entropy": 10.321233749389648,
          "acoustic_entropy_side": 10.329609870910645,
          "hz": 3458.990205492291
        },
        {
          "acoustic_entropy": 10.337830543518066,
          "acoustic_entropy_side": 10.332962989807129,
          "hz": 3827.305438964164
        },
        {
          "acoustic_entropy": 10.327465057373047,
          "acoustic_entropy_side": 10.32706356048584,
          "hz": 4228.238232109126
        },
        {
          "acoustic_entropy": 10.325179100036621,
          "acoustic_entropy_side": 10.325181007385254,
          "hz": 4664.6771572759235
        },
        {
          "acoustic_entropy": 10.32390308380127,
          "acoustic_entropy_side": 10.325478553771973,
          "hz": 5139.766595350093
        },
        {
          "acoustic_entropy": 10.324832916259766,
          "acoustic_entropy_side": 10.324901580810547,
          "hz": 5656.929389854203
        },
        {
          "acoustic_entropy": 10.326384544372559,
          "acoustic_entropy_side": 10.325889587402344,
          "hz": 6219.891507268283
        },
        {
          "acoustic_entropy": 10.32632827758789,
          "acoustic_entropy_side": 10.325864791870117,
          "hz": 6832.70888123896
        },
        {
          "acoustic_entropy": 10.325446128845215,
          "acoustic_entropy_side": 10.325428009033203,
          "hz": 7499.796634079867
        },
        {
          "acoustic_entropy": 10.325421333312988,
          "acoustic_entropy_side": 10.325417518615723,
          "hz": 8225.96088609342
        },
        {
          "acoustic_entropy": 10.325411796569824,
          "acoustic_entropy_side": 10.325410842895508,
          "hz": 9016.43338188839
        },
        {
          "acoustic_entropy": 10.325408935546875,
          "acoustic_entropy_side": 10.325409889221191,
          "hz": 9876.909183162974
        },
        {
          "acoustic_entropy": 10.325396537780762,
          "acoustic_entropy_side": 10.325406074523926,
          "hz": 10813.587699516042
        },
        {
          "acoustic_entropy": 10.325565338134766,
          "acoustic_entropy_side": 10.325489044189453,
          "hz": 11833.21735289826
        },
        {
          "acoustic_entropy": 10.325461387634277,
          "acoustic_entropy_side": 10.325440406799316,
          "hz": 12943.144197493959
        },
        {
          "acoustic_entropy": 10.325337409973145,
          "acoustic_entropy_side": 10.325370788574219,
          "hz": 14151.364845322005
        },
        {
          "acoustic_entropy": 10.325236320495605,
          "acoustic_entropy_side": 10.32536506652832,
          "hz": 15466.58407886509
        },
        {
          "acoustic_entropy": 10.325366020202637,
          "acoustic_entropy_side": 10.325397491455078,
          "hz": 16898.27756580493
        },
        {
          "acoustic_entropy": 10.325364112854004,
          "acoustic_entropy_side": 10.325401306152344,
          "hz": 18456.760127700032
        },
        {
          "acoustic_entropy": 10.325359344482422,
          "acoustic_entropy_side": 10.325400352478027,
          "hz": 20153.260054456492
        },
        {
          "acoustic_entropy": 10.325407028198242,
          "acoustic_entropy_side": 10.325409889221191,
          "hz": 22000.00000000001
        }
      ],
      "diff_acoustic_entropy": 6.300516128540039,
      "sn": 6
    },
    {
      "acoustic_entropy": 14.175427436828613,
      "acoustic_entropy_mono": 12.291667938232422,
      "band_eliminated_acoustic_entropies": [
        {
          "acoustic_entropy": 14.184844970703125,
          "acoustic_entropy_side": 14.175394058227539,
          "hz": 129.47220167065723
        },
        {
          "acoustic_entropy": 14.022090911865234,
          "acoustic_entropy_side": 14.174246788024902,
          "hz": 202.92927478742237
        },
        {
          "acoustic_entropy": 14.322420120239258,
          "acoustic_entropy_side": 14.214250564575195,
          "hz": 282.89161906338205
        },
        {
          "acoustic_entropy": 14.299071311950684,
          "acoustic_entropy_side": 14.24293327331543,
          "hz": 369.9353335868758
        },
        {
          "acoustic_entropy": 14.2009916305542,
          "acoustic_entropy_side": 14.2733736038208,
          "hz": 464.6875360973435
        },
        {
          "acoustic_entropy": 14.501980781555176,
          "acoustic_entropy_side": 14.415959358215332,
          "hz": 567.8308811364784
        },
        {
          "acoustic_entropy": 14.113558769226074,
          "acoustic_entropy_side": 13.96509075164795,
          "hz": 680.1084783214808
        },
        {
          "acoustic_entropy": 14.069719314575195,
          "acoustic_entropy_side": 14.113743782043457,
          "hz": 802.3292461747484
        },
        {
          "acoustic_entropy": 13.051570892333984,
          "acoustic_entropy_side": 13.46435546875,
          "hz": 935.3737400823702
        },
        {
          "acoustic_entropy": 14.845040321350098,
          "acoustic_entropy_side": 14.351542472839355,
          "hz": 1080.2004963696966
        },
        {
          "acoustic_entropy": 13.742568969726562,
          "acoustic_entropy_side": 14.011178016662598,
          "hz": 1237.8529382007157
        },
        {
          "acoustic_entropy": 13.994243621826172,
          "acoustic_entropy_side": 13.844353675842285,
          "hz": 1409.4668930556702
        },
        {
          "acoustic_entropy": 14.011954307556152,
          "acoustic_entropy_side": 14.448854446411133,
          "hz": 1596.2787759475705
        },
        {
          "acoustic_entropy": 12.898210525512695,
          "acoustic_entropy_side": 14.363184928894043,
          "hz": 1799.6344973346393
        },
        {
          "acoustic_entropy": 14.298860549926758,
          "acoustic_entropy_side": 14.753829956054688,
          "hz": 2020.9991599069049
        },
        {
          "acoustic_entropy": 14.449087142944336,
          "acoustic_entropy_side": 14.986132621765137,
          "hz": 2261.9676141086993
        },
        {
          "acoustic_entropy": 13.993624687194824,
          "acoustic_entropy_side": 14.356552124023438,
          "hz": 2524.2759484456974
        },
        {
          "acoustic_entropy": 14.170226097106934,
          "acoustic_entropy_side": 14.378608703613281,
          "hz": 2809.813997359896
        },
        {
          "acoustic_entropy": 14.143259048461914,
          "acoustic_entropy_side": 14.166292190551758,
          "hz": 3120.6389567871424
        },
        {
          "acoustic_entropy": 14.103124618530273,
          "acoustic_entropy_side": 14.136761665344238,
          "hz": 3458.990205492291
        },
        {
          "acoustic_entropy": 14.260171890258789,
          "acoustic_entropy_side": 14.134570121765137,
          "hz": 3827.305438964164
        },
        {
          "acoustic_entropy": 14.09225082397461,
          "acoustic_entropy_side": 14.125134468078613,
          "hz": 4228.238232109126
        },
        {
          "acoustic_entropy": 14.142897605895996,
          "acoustic_entropy_side": 14.151226997375488,
          "hz": 4664.6771572759235
        },
        {
          "acoustic_entropy": 14.155426025390625,
          "acoustic_entropy_side": 14.172826766967773,
          "hz": 5139.766595350093
        },
        {
          "acoustic_entropy": 14.211064338684082,
          "acoustic_entropy_side": 14.181394577026367,
          "hz": 5656.929389854203
        },
        {
          "acoustic_entropy": 14.237247467041016,
          "acoustic_entropy_side": 14.154723167419434,
          "hz": 6219.891507268283
        },
        {
          "acoustic_entropy": 14.171144485473633,
          "acoustic_entropy_side": 14.213542938232422,
          "hz": 6832.70888123896
        },
        {
          "acoustic_entropy": 14.175801277160645,
          "acoustic_entropy_side": 14.175681114196777,
          "hz": 7499.796634079867
        },
        {
          "acoustic_entropy": 14.174407958984375,
          "acoustic_entropy_side": 14.174946784973145,
          "hz": 8225.96088609342
        },
        {
          "acoustic_entropy": 14.174750328063965,
          "acoustic_entropy_side": 14.175091743469238,
          "hz": 9016.43338188839
        },
        {
          "acoustic_entropy": 14.173319816589355,
          "acoustic_entropy_side": 14.174413681030273,
          "hz": 9876.909183162974
        },
        {
          "acoustic_entropy": 14.171390533447266,
          "acoustic_entropy_side": 14.173580169677734,
          "hz": 10813.587699516042
        },
        {
          "acoustic_entropy": 14.172991752624512,
          "acoustic_entropy_side": 14.175263404846191,
          "hz": 11833.21735289826
        },
        {
          "acoustic_entropy": 14.170084953308105,
          "acoustic_entropy_side": 14.170246124267578,
          "hz": 12943.144197493959
        },
        {
          "acoustic_entropy": 14.163273811340332,
          "acoustic_entropy_side": 14.172849655151367,
          "hz": 14151.364845322005
        },
        {
          "acoustic_entropy": 14.164450645446777,
          "acoustic_entropy_side": 14.172126770019531,
          "hz": 15466.58407886509
        },
        {
          "acoustic_entropy": 14.174072265625,
          "acoustic_entropy_side": 14.174654960632324,
          "hz": 16898.27756580493
        },
        {
          "acoustic_entropy": 14.175292015075684,
          "acoustic_entropy_side": 14.176011085510254,
          "hz": 18456.760127700032
        },
        {
          "acoustic_entropy": 14.175491333007812,
          "acoustic_entropy_side": 14.176153182983398,
          "hz": 20153.260054456492
        },
        {
          "acoustic_entropy": 14.176580429077148,
          "acoustic_entropy_side": 14.176202774047852,
          "hz": 22000.00000000001
        }
      ],
      "diff_acoustic_entropy": 9.092513084411621,
      "sn": 12
    },
    {
      "acoustic_entropy": 21.290422439575195,
      "acoustic_entropy_mono": 18.554452896118164,
      "band_eliminated_acoustic_entropies": [
        {
          "acoustic_entropy": 20.685367584228516,
          "acoustic_entropy_side": 21.28587532043457,
          "hz": 129.47220167065723
        },
        {
          "acoustic_entropy": 22.169998168945312,
          "acoustic_entropy_side": 21.228742599487305,
          "hz": 202.92927478742237
        },
        {
          "acoustic_entropy": 22.13741683959961,
          "acoustic_entropy_side": 21.956653594970703,
          "hz": 282.89161906338205
        },
        {
          "acoustic_entropy": 21.942291259765625,
          "acoustic_entropy_side": 22.065210342407227,
          "hz": 369.9353335868758
        },
        {
          "acoustic_entropy": 21.54216957092285,
          "acoustic_entropy_side": 21.093183517456055,
          "hz": 464.6875360973435
        },
        {
          "acoustic_entropy": 21.713727951049805,
          "acoustic_entropy_side": 21.611534118652344,
          "hz": 567.8308811364784
        },
        {
          "acoustic_entropy": 22.214698791503906,
          "acoustic_entropy_side": 22.723445892333984,
          "hz": 680.1084783214808
        },
        {
          "acoustic_entropy": 21.785306930541992,
          "acoustic_entropy_side": 22.93456268310547,
          "hz": 802.3292461747484
        },
        {
          "acoustic_entropy": 21.734107971191406,
          "acoustic_entropy_side": 22.44431495666504,
          "hz": 935.3737400823702
        },
        {
          "acoustic_entropy": 21.217971801757812,
          "acoustic_entropy_side": 20.81389045715332,
          "hz": 1080.2004963696966
        },
        {
          "acoustic_entropy": 20.470266342163086,
          "acoustic_entropy_side": 21.140518188476562,
          "hz": 1237.8529382007157
        },
        {
          "acoustic_entropy": 22.146198272705078,
          "acoustic_entropy_side": 21.37550926208496,
          "hz": 1409.4668930556702
        },
        {
          "acoustic_entropy": 21.449357986450195,
          "acoustic_entropy_side": 22.21109962463379,
          "hz": 1596.2787759475705
        },
        {
          "acoustic_entropy": 22.067609786987305,
          "acoustic_entropy_side": 22.494970321655273,
          "hz": 1799.6344973346393
        },
        {
          "acoustic_entropy": 21.178237915039062,
          "acoustic_entropy_side": 21.822378158569336,
          "hz": 2020.9991599069049
        },
        {
          "acoustic_entropy": 22.279544830322266,
          "acoustic_entropy_side": 21.828582763671875,
          "hz": 2261.9676141086993
        },
        {
          "acoustic_entropy": 23.007205963134766,
          "acoustic_entropy_side": 22.29752540588379,
          "hz": 2524.2759484456974
        },
        {
          "acoustic_entropy": 22.267589569091797,
          "acoustic_entropy_side": 22.02375602722168,
          "hz": 2809.813997359896
        },
        {
