{
  "acoustic_entropy": 113.92933654785156,
  "bands": [
    {
      "high_freq": 148.1999969482422,
      "loudness": -29.482524871826172,
      "loudness_range": 14.971981048583984,
      "mid_mean": -25.838333129882812,
      "mid_to_side_loudness": -46.46440505981445,
      "mid_to_side_loudness_range": 3.025981903076172,
      "side_mean": -67.47636413574219
    },
    {
      "high_freq": 392.3793640136719,
      "loudness": -32.850364685058594,
      "loudness_range": 15.35794448852539,
      "low_freq": 148.1999969482422,
      "mid_mean": -29.171634674072266,
      "mid_to_side_loudness": -49.0068473815918,
      "mid_to_side_loudness_range": 12.191997528076172,
      "side_mean": -68.88526916503906
    },
    {
      "high_freq": 794.6976318359375,
      "loudness": -35.31449890136719,
      "loudness_range": 23.56585693359375,
      "low_freq": 392.3793640136719,
      "mid_mean": -31.681467056274414,
      "mid_to_side_loudness": -47.70960235595703,
      "mid_to_side_loudness_range": 10.786026000976562,
      "side_mean": -68.72493743896484
    },
    {
      "high_freq": 1457.5709228515625,
      "loudness": -42.3283576965332,
      "loudness_range": 23.790851593017578,
      "low_freq": 794.6976318359375,
      "mid_mean": -38.71028518676758,
      "mid_to_side_loudness": -48.185237884521484,
      "mid_to_side_loudness_range": 14.42864990234375,
      "side_mean": -69.69235229492188
    },
    {
      "high_freq": 2549.74365234375,
      "loudness": -47.6392707824707,
      "loudness_range": 26.80252456665039,
      "low_freq": 1457.5709228515625,
      "mid_mean": -43.89228439331055,
      "mid_to_side_loudness": -46.069278717041016,
      "mid_to_side_loudness_range": 15.352703094482422,
      "side_mean": -69.9033203125
    },
    {
      "high_freq": 4349.24462890625,
      "loudness": -50.0580940246582,
      "loudness_range": 21.22268295288086,
      "low_freq": 2549.74365234375,
      "mid_mean": -46.320491790771484,
      "mid_to_side_loudness": -45.691688537597656,
      "mid_to_side_loudness_range": 14.339988708496094,
      "side_mean": -69.96086883544922
    },
    {
      "high_freq": 7314.1640625,
      "loudness": -54.6912841796875,
      "loudness_range": 14.868732452392578,
      "low_freq": 4349.24462890625,
      "mid_mean": -51.287925720214844,
      "mid_to_side_loudness": -48.80164337158203,
      "mid_to_side_loudness_range": 35.833396911621094,
      "side_mean": -69.99781799316406
    },
    {
      "high_freq": 12199.2666015625,
      "loudness": -57.67515182495117,
      "loudness_range": 14.443851470947266,
      "low_freq": 7314.1640625,
      "mid_mean": -53.98772430419922,
      "mid_to_side_loudness": -50.23782730102539,
      "mid_to_side_loudness_range": 33.97209930419922,
      "side_mean": -69.99872589111328
    },
    {
      "loudness": -62.10798645019531,
      "loudness_range": 13.122821807861328,
      "low_freq": 12199.2666015625,
      "mid_mean": -58.13292694091797,
      "mid_to_side_loudness": -50.584373474121094,
      "mid_to_side_loudness_range": 48.23105239868164,
      "side_mean": -69.99935150146484
    }
  ],
  "bands_short": [
    {
      "high_freq": 148.1999969482422,
      "loudness": -32.757972717285156,
      "loudness_range": 21.77295684814453,
      "mid_mean": -29.1828670501709,
      "mid_to_side_loudness": -46.68211364746094,
      "mid_to_side_loudness_range": 5.9373321533203125,
      "side_mean": -68.11495208740234
    },
    {
      "high_freq": 392.3793640136719,
      "loudness": -32.708919525146484,
      "loudness_range": 17.536670684814453,
      "low_freq": 148.1999969482422,
      "mid_mean": -29.054903030395508,
      "mid_to_side_loudness": -48.41234588623047,
      "mid_to_side_loudness_range": 16.708202362060547,
      "side_mean": -68.74322509765625
    },
    {
      "high_freq": 794.6976318359375,
      "loudness": -36.3121337890625,
      "loudness_range": 27.463598251342773,
      "low_freq": 392.3793640136719,
      "mid_mean": -32.72063064575195,
      "mid_to_side_loudness": -46.123844146728516,
      "mid_to_side_loudness_range": 9.39675521850586,
      "side_mean": -68.78076171875
    },
    {
      "high_freq": 1457.5709228515625,
      "loudness": -44.39649963378906,
      "loudness_range": 28.3811092376709,
      "low_freq": 794.6976318359375,
      "mid_mean": -40.93304443359375,
      "mid_to_side_loudness": -45.653099060058594,
      "mid_to_side_loudness_range": 12.969539642333984,
      "side_mean": -69.7219467163086
    },
    {
      "high_freq": 2549.74365234375,
      "loudness": -49.92445755004883,
      "loudness_range": 30.243175506591797,
      "low_freq": 1457.5709228515625,
      "mid_mean": -46.13988494873047,
      "mid_to_side_loudness": -43.45928955078125,
      "mid_to_side_loudness_range": 11.267425537109375,
      "side_mean": -69.90853881835938
    },
    {
      "high_freq": 4349.24462890625,
      "loudness": -52.25240707397461,
      "loudness_range": 23.97394561767578,
      "low_freq": 2549.74365234375,
      "mid_mean": -48.509849548339844,
      "mid_to_side_loudness": -43.8643913269043,
      "mid_to_side_loudness_range": 17.238872528076172,
      "side_mean": -69.96253967285156
    },
    {
      "high_freq": 7314.1640625,
      "loudness": -56.85411834716797,
      "loudness_range": 18.064098358154297,
      "low_freq": 4349.24462890625,
      "mid_mean": -53.247718811035156,
      "mid_to_side_loudness": -42.769229888916016,
      "mid_to_side_loudness_range": 54.6014404296875,
      "side_mean": -69.99768829345703
    },
    {
      "high_freq": 12199.2666015625,
      "loudness": -60.35356521606445,
      "loudness_range": 18.578121185302734,
      "low_freq": 7314.1640625,
      "mid_mean": -56.43800735473633,
      "mid_to_side_loudness": -40.24085235595703,
      "mid_to_side_loudness_range": 55.3762321472168,
      "side_mean": -69.99873352050781
    },
    {
      "loudness": -65.29253387451172,
      "loudness_range": 17.261680603027344,
      "low_freq": 12199.2666015625,
      "mid_mean": -60.81663131713867,
      "mid_to_side_loudness": -36.1629638671875,
      "mid_to_side_loudness_range": 53.87118911743164,
      "side_mean": -69.99935150146484
    }
  ],
  "bandwidth": 329.64837646484375,
  "channels": 2,
  "covariance": [
    [
      36.43950653076172,
      8.70159912109375,
      7.802048683166504,
      0.486800879240036,
      5.666563987731934,
      0.9826484322547913,
      6.282599925994873,
      0.19299863278865814,
      10.198921203613281,
      0.06973952800035477,
      9.13459587097168,
      0.03386031091213226,
      7.380664348602295,
      -0.0027323951944708824,
      9.34194564819336,
      -0.0011630875524133444,
      5.8887410163879395,
      -0.0004654322692658752
    ],
    [
      8.70159912109375,
      3.1169445514678955,
      1.504562497138977,
      0.218107670545578,
      1.0644243955612183,
      0.3477351665496826,
      1.245017170906067,
      0.0877859964966774,
      2.133039951324463,
      0.03749173879623413,
      2.0380656719207764,
      0.016238531097769737,
      2.7689104080200195,
      -0.0008636301499791443,
      3.0842230319976807,
      -0.0007765254704281688,
      2.0897014141082764,
      -0.00039881878183223307
    ],
    [
      7.802048683166504,
      1.504562497138977,
      28.703096389770508,
      5.401620388031006,
      20.599281311035156,
      2.4459400177001953,
      21.88291358947754,
      0.4516329765319824,
      28.34913444519043,
      0.28528350591659546,
      18.965368270874023,
      0.0629352331161499,
      7.8803839683532715,
      -0.0015572223346680403,
      5.512358665466309,
      -0.0006195546011440456,
      3.251558780670166,
      -0.00040034542325884104
    ],
    [
      0.486800879240036,
      0.218107670545578,
      5.401620388031006,
      2.135624885559082,
      3.2617995738983154,
      0.7909792065620422,
      3.558821201324463,
      0.22706663608551025,
      4.8335065841674805,
      0.14743883907794952,
      3.1930949687957764,
      0.03641078993678093,
      1.3555960655212402,
      0.00036805777926929295,
      0.7725672721862793,
      -9.108038648264483e-05,
      0.43912848830223083,
      -0.0001690780045464635
    ],
    [
      5.666563987731934,
      1.0644243955612183,
      20.599281311035156,
      3.2617995738983154,
      68.66475677490234,
      10.502422332763672,
      61.21127700805664,
      1.9887945652008057,
      63.50680923461914,
      0.7196191549301147,
      46.582393646240234,
      0.2917194962501526,
      11.083963394165039,
      -0.0018729058792814612,
      2.2805466651916504,
      -0.0036266623064875603,
      1.1876354217529297,
      -0.0028778414707630873
    ],
    [
      0.9826484322547913,
      0.3477351665496826,
      2.4459400177001953,
      0.7909792065620422,
      10.502422332763672,
      3.002575397491455,
      8.848774909973145,
      0.5243773460388184,
      9.733813285827637,
      0.2218281328678131,
      8.061716079711914,
      0.09143619984388351,
      2.0626413822174072,
      0.0004900613566860557,
      0.41407856345176697,
      -0.0003333421773277223,
      0.2821418344974518,
      -0.00047851353883743286
    ],
    [
      6.282599925994873,
      1.245017170906067,
      21.88291358947754,
      3.558821201324463,
      61.21127700805664,
      8.848774909973145,
      71.357177734375,
      3.084761619567871,
      67.46794128417969,
      0.7804012894630432,
      51.68661880493164,
      0.36026957631111145,
      15.080888748168945,
      0.001112672733142972,
      5.4372735023498535,
      -0.0033601296599954367,
      3.2566752433776855,
      -0.002650815062224865
    ],
    [
      0.19299863278865814,
      0.0877859964966774,
      0.4516329765319824,
      0.22706663608551025,
      1.9887945652008057,
      0.5243773460388184,
      3.084761619567871,
      0.4421948194503784,
      2.614816665649414,
      0.09152582287788391,
      2.39656662940979,
      0.047994788736104965,
      0.90146803855896,
      0.0012016354594379663,
      0.366466224193573,
      -4.4208256440469995e-05,
      0.20488864183425903,
      -0.00011265023931628093
    ],
    [
      10.198921203613281,
      2.133039951324463,
      28.34913444519043,
      4.8335065841674805,
      63.50680923461914,
      9.733813285827637,
      67.46794128417969,
      2.614816665649414,
      85.6231460571289,
      1.0183675289154053,
      61.96296310424805,
      0.33064526319503784,
      20.919588088989258,
      0.0008196617127396166,
      9.389020919799805,
      -0.002859215484932065,
      6.286340713500977,
      -0.0024699082132428885
    ],
    [
      0.06973952800035477,
      0.03749173879623413,
      0.28528350591659546,
      0.14743883907794952,
      0.7196191549301147,
      0.2218281328678131,
      0.7804012894630432,
      0.09152582287788391,
      1.0183675289154053,
      0.055112212896347046,
      0.7062129378318787,
      0.012782789766788483,
      0.2369832545518875,
      0.0003197791811544448,
      0.0489642359316349,
      2.144670179404784e-05,
      0.0263432078063488,
      -2.0072253391845152e-05
    ],
    [
      9.13459587097168,
      2.0380656719207764,
      18.965368270874023,
      3.1930949687957764,
      46.582393646240234,
      8.061716079711914,
      51.68661880493164,
      2.39656662940979,
      61.96296310424805,
      0.7062129378318787,
      56.03237533569336,
      0.38240185379981995,
      23.574201583862305,
      0.002550700679421425,
      13.793720245361328,
      -0.001601400668732822,
      9.894485473632812,
      -0.002074153395369649
    ],
    [
      0.03386031091213226,
      0.016238531097769737,
      0.0629352331161499,
      0.03641078993678093,
      0.2917194962501526,
      0.09143619984388351,
      0.36026957631111145,
      0.047994788736104965,
      0.33064526319503784,
      0.012782789766788483,
      0.38240185379981995,
      0.012128034606575966,
      0.11279404908418655,
      0.00024397399101871997,
      0.02627483569085598,
      2.4465369278914295e-05,
      0.020723773166537285,
      -1.5531998087681131e-06
    ],
    [
      7.380664348602295,
      2.7689104080200195,
      7.8803839683532715,
      1.3555960655212402,
      11.083963394165039,
      2.0626413822174072,
      15.080888748168945,
      0.90146803855896,
      20.919588088989258,
      0.2369832545518875,
      23.574201583862305,
      0.11279404908418655,
      32.40473556518555,
      4.304121830500662e-05,
      29.128128051757812,
      -0.004008677788078785,
      21.280393600463867,
      -0.002789429621770978
    ],
    [
      -0.0027323951944708824,
      -0.0008636301499791443,
      -0.0015572223346680403,
      0.00036805777926929295,
      -0.0018729058792814612,
      0.0004900613566860557,
      0.001112672733142972,
      0.0012016354594379663,
      0.0008196617127396166,
      0.0003197791811544448,
      0.002550700679421425,
      0.00024397399101871997,
      4.304121830500662e-05,
      4.406655716593377e-05,
      -0.0011013440089300275,
      2.0167246475466527e-05,
      -0.0002064295404125005,
      1.6662752386764623e-05
    ],
    [
      9.34194564819336,
      3.0842230319976807,
      5.512358665466309,
      0.7725672721862793,
      2.2805466651916504,
      0.41407856345176697,
      5.4372735023498535,
      0.366466224193573,
      9.389020919799805,
      0.0489642359316349,
      13.793720245361328,
      0.02627483569085598,
      29.128128051757812,
      -0.0011013440089300275,
      30.69733428955078,
      -0.0031146311666816473,
      22.928855895996094,
      -0.0018630307167768478
    ],
    [
      -0.0011630875524133444,
      -0.0007765254704281688,
      -0.0006195546011440456,
      -9.108038648264483e-05,
      -0.0036266623064875603,
      -0.0003333421773277223,
      -0.0033601296599954367,
      -4.4208256440469995e-05,
      -0.002859215484932065,
      2.144670179404784e-05,
      -0.001601400668732822,
      2.4465369278914295e-05,
      -0.004008677788078785,
      2.0167246475466527e-05,
      -0.0031146311666816473,
      2.248496821266599e-05,
      -0.0018288870342075825,
      1.29166810438619e-05
    ],
    [
      5.8887410163879395,
      2.0897014141082764,
      3.251558780670166,
      0.43912848830223083,
      1.1876354217529297,
      0.2821418344974518,
      3.2566752433776855,
      0.20488864183425903,
      6.286340713500977,
      0.0263432078063488,
      9.894485473632812,
      0.020723773166537285,
      21.280393600463867,
      -0.0002064295404125005,
      22.928855895996094,
      -0.0018288870342075825,
      18.99200439453125,
      -0.0010666330344974995
    ],
    [
      -0.0004654322692658752,
      -0.00039881878183223307,
      -0.00040034542325884104,
      -0.0001690780045464635,
      -0.0028778414707630873,
      -0.00047851353883743286,
      -0.002650815062224865,
      -0.00011265023931628093,
      -0.0024699082132428885,
      -2.0072253391845152e-05,
      -0.002074153395369649,
      -1.5531998087681131e-06,
      -0.002789429621770978,
      1.6662752386764623e-05,
      -0.0018630307167768478,
      1.29166810438619e-05,
      -0.0010666330344974995,
      1.5250951946654823e-05
    ]
  ],
  "covariance_short": [
    [
      62.11458206176758,
      13.301639556884766,
      21.58527183532715,
      3.0519626140594482,
      8.79814624786377,
      0.9040892720222473,
      10.124360084533691,
      0.28342121839523315,
      14.152490615844727,
      0.08810330927371979,
      11.703359603881836,
      0.032339781522750854,
      8.64888858795166,
      -0.002913441276177764,
      8.724217414855957,
      -0.0018323976546525955,
      4.421264171600342,
      -0.0010742838494479656
    ],
    [
      13.301639556884766,
      4.259094715118408,
      4.387457370758057,
      0.948038637638092,
      1.6227290630340576,
      0.2337985783815384,
      1.656433343887329,
      0.06603030115365982,
      2.4815475940704346,
      0.024807950481772423,
      2.195368766784668,
      0.008014749735593796,
      2.333688259124756,
      -0.0006199000054039061,
      2.2924318313598633,
      -0.0005914719658903778,
      1.3229713439941406,
      -0.00034525510272942483
    ],
    [
      21.58527183532715,
      4.387457370758057,
      40.6167106628418,
      6.8473219871521,
      24.8366756439209,
      3.187744140625,
      26.4017391204834,
      0.6328891515731812,
      28.894289016723633,
      0.30175358057022095,
      19.839101791381836,
      0.09765666723251343,
      10.51750373840332,
      -0.0023709263186901808,
      8.424901008605957,
      -0.0015698217321187258,
      5.301502227783203,
      -0.00042532465886324644
    ],
    [
      3.0519626140594482,
      0.948038637638092,
      6.8473219871521,
      2.9003851413726807,
      3.7051126956939697,
      1.1736178398132324,
      3.899517297744751,
      0.2927510142326355,
      4.119693279266357,
      0.15246321260929108,
      2.9753170013427734,
      0.048735830932855606,
      1.9485114812850952,
      0.00044500865624286234,
      1.6096537113189697,
      -3.8348647649399936e-05,
      1.210860252380371,
      -0.0001749240909703076
    ],
    [
      8.79814624786377,
      1.6227290630340576,
      24.8366756439209,
      3.7051126956939697,
      87.3575439453125,
      13.487486839294434,
      74.88861846923828,
      2.4235072135925293,
      75.6808090209961,
      0.9791795015335083,
      51.532772064208984,
      0.397975355386734,
      13.068670272827148,
      0.0009838033001869917,
      4.052829742431641,
      -0.0021184980869293213,
      3.6065781116485596,
      -0.0016007829690352082
    ],
    [
      0.9040892720222473,
      0.2337985783815384,
      3.187744140625,
      1.1736178398132324,
      13.487486839294434,
      4.484951496124268,
      11.307859420776367,
      0.7164303064346313,
      12.276897430419922,
      0.338672935962677,
      9.553779602050781,
      0.1410740613937378,
      2.664489984512329,
      0.0010397133883088827,
      0.6793164014816284,
      -0.0001327270729234442,
      0.5465366840362549,
      -0.00040196627378463745
    ],
    [
      10.124360084533691,
      1.656433343887329,
      26.4017391204834,
      3.899517297744751,
      74.88861846923828,
      11.307859420776367,
      94.37739562988281,
      3.8880903720855713,
      83.95769500732422,
      1.0793712139129639,
      59.265220642089844,
      0.5093133449554443,
      18.59832000732422,
      0.008705495856702328,
      7.408455848693848,
      -0.0020737494342029095,
      5.772895336151123,
      -0.0017456734785810113
    ],
    [
      0.28342121839523315,
      0.06603030115365982,
      0.6328891515731812,
      0.2927510142326355,
      2.4235072135925293,
      0.7164303064346313,
      3.8880903720855713,
      0.6128183603286743,
      3.2174928188323975,
      0.13247978687286377,
      2.8682925701141357,
      0.07712265104055405,
      1.2265478372573853,
      0.0029716065619140863,
      0.45342954993247986,
      6.631527867284603e-06,
      0.23048989474773407,
      -8.881308895070106e-05
    ],
    [
      14.152490615844727,
      2.4815475940704346,
      28.894289016723633,
      4.119693279266357,
      75.6808090209961,
      12.276897430419922,
      83.95769500732422,
      3.2174928188323975,
      99.46961975097656,
      1.3409403562545776,
      68.4297866821289,
      0.46000736951828003,
      24.498703002929688,
      0.007916649803519249,
      11.480048179626465,
      -0.001176626537926495,
      8.570307731628418,
      -0.0014201703015714884
    ],
    [
      0.08810330927371979,
      0.024807950481772423,
      0.30175358057022095,
      0.15246321260929108,
      0.9791795015335083,
      0.338672935962677,
      1.0793712139129639,
      0.13247978687286377,
      1.3409403562545776,
      0.09868478029966354,
      0.9611104726791382,
      0.02332787774503231,
      0.4010842442512512,
      0.0009399461559951305,
      0.1199449747800827,
      5.141958536114544e-05,
      0.06471635401248932,
      -3.962174560001586e-06
    ],
    [
      11.703359603881836,
      2.195368766784668,
      19.839101791381836,
      2.9753170013427734,
      51.532772064208984,
      9.553779602050781,
      59.265220642089844,
      2.8682925701141357,
      68.4297866821289,
      0.9611104726791382,
      63.521541595458984,
      0.5430399179458618,
      30.650157928466797,
      0.010342443361878395,
      19.15598487854004,
      0.00041721956222318113,
      13.681916236877441,
      -0.0008436721982434392
    ],
    [
      0.032339781522750854,
      0.008014749735593796,
      0.09765666723251343,
      0.048735830932855606,
      0.397975355386734,
      0.1410740613937378,
      0.5093133449554443,
      0.07712265104055405,
      0.46000736951828003,
      0.02332787774503231,
      0.5430399179458618,
      0.028604673221707344,
      0.20982752740383148,
      0.0008585751638747752,
      0.05728083476424217,
      9.697979839984328e-05,
      0.027358105406165123,
      6.396097160177305e-05
    ],
    [
      8.64888858795166,
      2.333688259124756,
      10.51750373840332,
      1.9485114812850952,
      13.068670272827148,
      2.664489984512329,
      18.59832000732422,
      1.2265478372573853,
      24.498703002929688,
      0.4010842442512512,
      30.650157928466797,
      0.20982752740383148,
      40.57266616821289,
      0.009662536904215813,
      35.28754425048828,
      -0.0008110387134365737,
      25.938539505004883,
      -0.000885243818629533
    ],
    [
      -0.002913441276177764,
      -0.0006199000054039061,
      -0.0023709263186901808,
      0.00044500865624286234,
      0.0009838033001869917,
      0.0010397133883088827,
      0.008705495856702328,
      0.0029716065619140863,
      0.007916649803519249,
      0.0009399461559951305,
      0.010342443361878395,
      0.0008585751638747752,
      0.009662536904215813,
      0.0003088099183514714,
      0.007550288923084736,
      0.00012025831529172137,
      0.007267527282238007,
      0.00011647199426079169
    ],
    [
      8.724217414855957,
      2.2924318313598633,
      8.424901008605957,
      1.6096537113189697,
      4.052829742431641,
      0.6793164014816284,
      7.408455848693848,
      0.45342954993247986,
      11.480048179626465,
      0.1199449747800827,
      19.15598487854004,
      0.05728083476424217,
      35.28754425048828,
      0.007550288923084736,
      36.9875602722168,
      0.0008361697546206415,
      28.75649642944336,
      0.0003786035522352904
    ],
    [
      -0.0018323976546525955,
      -0.0005914719658903778,
      -0.0015698217321187258,
      -3.8348647649399936e-05,
      -0.0021184980869293213,
      -0.0001327270729234442,
      -0.0020737494342029095,
      6.631527867284603e-06,
      -0.001176626537926495,
      5.141958536114544e-05,
      0.00041721956222318113,
      9.697979839984328e-05,
      -0.0008110387134365737,
      0.00012025831529172137,
      0.0008361697546206415,
      0.00013019041216466576,
      0.002251029945909977,
      7.619241659995168e-05
    ],
    [
      4.421264171600342,
      1.3229713439941406,
      5.301502227783203,
      1.210860252380371,
      3.6065781116485596,
      0.5465366840362549,
      5.772895336151123,
      0.23048989474773407,
      8.570307731628418,
      0.06471635401248932,
      13.681916236877441,
      0.027358105406165123,
      25.938539505004883,
      0.007267527282238007,
      28.75649642944336,
      0.002251029945909977,
      26.489526748657227,
      0.0014520956901833415
    ],
    [
      -0.0010742838494479656,
      -0.00034525510272942483,
      -0.00042532465886324644,
      -0.0001749240909703076,
      -0.0016007829690352082,
      -0.00040196627378463745,
      -0.0017456734785810113,
      -8.881308895070106e-05,
      -0.0014201703015714884,
      -3.962174560001586e-06,
      -0.0008436721982434392,
      6.396097160177305e-05,
      -0.000885243818629533,
      0.00011647199426079169,
      0.0003786035522352904,
      7.619241659995168e-05,
      0.0014520956901833415,
      0.00010801929602166638
    ]
  ],
  "damage": -13.648392677307129,
  "diff_bandwidth": 347.00640869140625,
  "dissonance": 4.745828589279316,
  "drr": 4.3961920738220215,
  "dynamics": 3.744162082672119,
  "format": 1245190,
  "frames": 11866048,
  "loudness": -21.705387115478516,
  "loudness_range": 9.648468017578125,
  "loudness_range_short": 15.210836410522461,
  "lowpass_true_peak_15khz": -4.259258270263672,
  "mastering3_acoustic_entropies": [
    {
      "acoustic_entropy": 8.568034172058105,
      "acoustic_entropy_mono": 8.568036079406738,
      "band_eliminated_acoustic_entropies": [
        {
          "acoustic_entropy": 8.154261589050293,
          "acoustic_entropy_side": 8.568034172058105,
          "hz": 129.47220167065723
        },
        {
          "acoustic_entropy": 8.061493873596191,
          "acoustic_entropy_side": 8.568034172058105,
          "hz": 202.92927478742237
        },
        {
          "acoustic_entropy": 8.82453727722168,
          "acoustic_entropy_side": 8.568034172058105,
          "hz": 282.89161906338205
        },
        {
          "acoustic_entropy": 8.819308280944824,
          "acoustic_entropy_side": 8.568034172058105,
          "hz": 369.9353335868758
        },
        {
          "acoustic_entropy": 8.600386619567871,
          "acoustic_entropy_side": 8.568034172058105,
          "hz": 464.6875360973435
        },
        {
          "acoustic_entropy": 8.107686042785645,
          "acoustic_entropy_side": 8.568034172058105,
          "hz": 567.8308811364784
        },
        {
          "acoustic_entropy": 7.531044960021973,
          "acoustic_entropy_side": 8.568034172058105,
          "hz": 680.1084783214808
        },
        {
          "acoustic_entropy": 8.385438919067383,
          "acoustic_entropy_side": 8.568035125732422,
          "hz": 802.3292461747484
        },
        {
          "acoustic_entropy": 7.926833629608154,
          "acoustic_entropy_side": 8.568034172058105,
          "hz": 935.3737400823702
        },
        {
          "acoustic_entropy": 7.917287349700928,
          "acoustic_entropy_side": 8.568034172058105,
          "hz": 1080.2004963696966
        },
        {
          "acoustic_entropy": 8.3302001953125,
          "acoustic_entropy_side": 8.568034172058105,
          "hz": 1237.8529382007157
        },
        {
          "acoustic_entropy": 8.654566764831543,
          "acoustic_entropy_side": 8.568034172058105,
          "hz": 1409.4668930556702
        },
        {
          "acoustic_entropy": 8.48404312133789,
          "acoustic_entropy_side": 8.568034172058105,
          "hz": 1596.2787759475705
        },
        {
          "acoustic_entropy": 8.376312255859375,
          "acoustic_entropy_side": 8.568034172058105,
          "hz": 1799.6344973346393
        },
        {
          "acoustic_entropy": 8.406567573547363,
          "acoustic_entropy_side": 8.568034172058105,
          "hz": 2020.9991599069049
        },
        {
          "acoustic_entropy": 8.6541109085083,
          "acoustic_entropy_side": 8.568034172058105,
          "hz": 2261.9676141086993
        },
        {
          "acoustic_entropy": 8.554734230041504,
          "acoustic_entropy_side": 8.568034172058105,
          "hz": 2524.2759484456974
        },
        {
          "acoustic_entropy": 8.11964225769043,
          "acoustic_entropy_side": 8.568034172058105,
          "hz": 2809.813997359896
        },
        {
          "acoustic_entropy": 7.899074554443359,
          "acoustic_entropy_side": 8.568034172058105,
          "hz": 3120.6389567871424
        },
        {
          "acoustic_entropy": 8.436055183410645,
          "acoustic_entropy_side": 8.568034172058105,
          "hz": 3458.990205492291
        },
        {
          "acoustic_entropy": 8.272006034851074,
          "acoustic_entropy_side": 8.568034172058105,
          "hz": 3827.305438964164
        },
        {
          "acoustic_entropy": 8.397965431213379,
          "acoustic_entropy_side": 8.568034172058105,
          "hz": 4228.238232109126
        },
        {
          "acoustic_entropy": 8.546483993530273,
          "acoustic_entropy_side": 8.568034172058105,
          "hz": 4664.6771572759235
        },
        {
          "acoustic_entropy": 8.559185981750488,
          "acoustic_entropy_side": 8.568034172058105,
          "hz": 5139.766595350093
        },
        {
          "acoustic_entropy": 8.566624641418457,
          "acoustic_entropy_side": 8.568034172058105,
          "hz": 5656.929389854203
        },
        {
          "acoustic_entropy": 8.568428039550781,
          "acoustic_entropy_side": 8.568034172058105,
          "hz": 6219.891507268283
        },
        {
          "acoustic_entropy": 8.572031021118164,
          "acoustic_entropy_side": 8.568034172058105,
          "hz": 6832.70888123896
        },
        {
          "acoustic_entropy": 8.577153205871582,
          "acoustic_entropy_side": 8.568034172058105,
          "hz": 7499.796634079867
        },
        {
          "acoustic_entropy": 8.578088760375977,
          "acoustic_entropy_side": 8.568034172058105,
          "hz": 8225.96088609342
        },
        {
          "acoustic_entropy": 8.575613021850586,
          "acoustic_entropy_side": 8.568034172058105,
          "hz": 9016.43338188839
        },
        {
          "acoustic_entropy": 8.580093383789062,
          "acoustic_entropy_side": 8.568034172058105,
          "hz": 9876.909183162974
        },
        {
          "acoustic_entropy": 8.582298278808594,
          "acoustic_entropy_side": 8.568034172058105,
          "hz": 10813.587699516042
        },
        {
          "acoustic_entropy": 8.579891204833984,
          "acoustic_entropy_side": 8.568034172058105,
          "hz": 11833.21735289826
        },
        {
          "acoustic_entropy": 8.576864242553711,
          "acoustic_entropy_side": 8.568034172058105,
          "hz": 12943.144197493959
        },
        {
          "acoustic_entropy": 8.574148178100586,
          "acoustic_entropy_side": 8.568034172058105,
          "hz": 14151.364845322005
        },
        {
          "acoustic_entropy": 8.570690155029297,
          "acoustic_entropy_side": 8.568034172058105,
          "hz": 15466.58407886509
        },
        {
          "acoustic_entropy": 8.56874942779541,
          "acoustic_entropy_side": 8.568034172058105,
          "hz": 16898.27756580493
        },
        {
          "acoustic_entropy": 8.568487167358398,
          "acoustic_entropy_side": 8.568034172058105,
          "hz": 18456.760127700032
        },
        {
          "acoustic_entropy": 8.568363189697266,
          "acoustic_entropy_side": 8.568034172058105,
          "hz": 20153.260054456492
        },
        {
          "acoustic_entropy": 8.568049430847168,
          "acoustic_entropy_side": 8.568034172058105,
          "hz": 22000.00000000001
        }
      ],
      "diff_acoustic_entropy": 8.462636947631836,
      "sn": 6
    },
    {
      "acoustic_entropy": 11.558799743652344,
      "acoustic_entropy_mono": 11.558795928955078,
      "band_eliminated_acoustic_entropies": [
        {
          "acoustic_entropy": 10.889544486999512,
          "acoustic_entropy_side": 11.558799743652344,
          "hz": 129.47220167065723
        },
        {
          "acoustic_entropy": 10.791716575622559,
          "acoustic_entropy_side": 11.558799743652344,
          "hz": 202.92927478742237
        },
        {
          "acoustic_entropy": 11.958300590515137,
          "acoustic_entropy_side": 11.558799743652344,
          "hz": 282.89161906338205
        },
        {
          "acoustic_entropy": 12.766682624816895,
          "acoustic_entropy_side": 11.558798789978027,
          "hz": 369.9353335868758
        },
        {
          "acoustic_entropy": 11.953351974487305,
          "acoustic_entropy_side": 11.558796882629395,
          "hz": 464.6875360973435
        },
        {
          "acoustic_entropy": 11.433194160461426,
          "acoustic_entropy_side": 11.558791160583496,
          "hz": 567.8308811364784
        },
        {
          "acoustic_entropy": 12.156014442443848,
          "acoustic_entropy_side": 11.55880069732666,
          "hz": 680.1084783214808
        },
        {
          "acoustic_entropy": 11.64071273803711,
          "acoustic_entropy_side": 11.55880355834961,
          "hz": 802.3292461747484
        },
        {
          "acoustic_entropy": 11.679442405700684,
          "acoustic_entropy_side": 11.558807373046875,
          "hz": 935.3737400823702
        },
        {
          "acoustic_entropy": 11.505731582641602,
          "acoustic_entropy_side": 11.55880355834961,
          "hz": 1080.2004963696966
        },
        {
          "acoustic_entropy": 11.478131294250488,
          "acoustic_entropy_side": 11.558799743652344,
          "hz": 1237.8529382007157
        },
        {
          "acoustic_entropy": 11.585321426391602,
          "acoustic_entropy_side": 11.558799743652344,
          "hz": 1409.4668930556702
        },
        {
          "acoustic_entropy": 11.730086326599121,
          "acoustic_entropy_side": 11.558799743652344,
          "hz": 1596.2787759475705
        },
        {
          "acoustic_entropy": 11.343411445617676,
          "acoustic_entropy_side": 11.558799743652344,
          "hz": 1799.6344973346393
        },
        {
          "acoustic_entropy": 11.673961639404297,
          "acoustic_entropy_side": 11.558799743652344,
          "hz": 2020.9991599069049
        },
        {
          "acoustic_entropy": 11.835891723632812,
          "acoustic_entropy_side": 11.558799743652344,
          "hz": 2261.9676141086993
        },
        {
          "acoustic_entropy": 11.823739051818848,
          "acoustic_entropy_side": 11.558799743652344,
          "hz": 2524.2759484456974
        },
        {
          "acoustic_entropy": 11.658238410949707,
          "acoustic_entropy_side": 11.558799743652344,
          "hz": 2809.813997359896
        },
        {
          "acoustic_entropy": 11.340826034545898,
          "acoustic_entropy_side": 11.558799743652344,
          "hz": 3120.6389567871424
        },
        {
          "acoustic_entropy": 11.490829467773438,
          "acoustic_entropy_side": 11.558799743652344,
          "hz": 3458.990205492291
        },
        {
          "acoustic_entropy": 11.437180519104004,
          "acoustic_entropy_side": 11.558799743652344,
          "hz": 3827.305438964164
        },
        {
          "acoustic_entropy": 11.501850128173828,
          "acoustic_entropy_side": 11.558799743652344,
          "hz": 4228.238232109126
        },
        {
          "acoustic_entropy": 11.545666694641113,
          "acoustic_entropy_side": 11.558799743652344,
          "hz": 4664.6771572759235
        },
        {
          "acoustic_entropy": 11.533208847045898,
          "acoustic_entropy_side": 11.558799743652344,
          "hz": 5139.766595350093
        },
        {
          "acoustic_entropy": 11.538572311401367,
          "acoustic_entropy_side": 11.558799743652344,
          "hz": 5656.929389854203
        },
        {
          "acoustic_entropy": 11.545899391174316,
          "acoustic_entropy_side": 11.558799743652344,
          "hz": 6219.891507268283
        },
        {
          "acoustic_entropy": 11.518598556518555,
          "acoustic_entropy_side": 11.558799743652344,
          "hz": 6832.70888123896
        },
        {
          "acoustic_entropy": 11.557117462158203,
          "acoustic_entropy_side": 11.558799743652344,
          "hz": 7499.796634079867
        },
        {
          "acoustic_entropy": 11.540613174438477,
          "acoustic_entropy_side": 11.558799743652344,
          "hz": 8225.96088609342
        },
        {
          "acoustic_entropy": 11.526451110839844,
          "acoustic_entropy_side": 11.558799743652344,
          "hz": 9016.43338188839
        },
        {
          "acoustic_entropy": 11.5233736038208,
          "acoustic_entropy_side": 11.558799743652344,
          "hz": 9876.909183162974
        },
        {
          "acoustic_entropy": 11.524368286132812,
          "acoustic_entropy_side": 11.558799743652344,
          "hz": 10813.587699516042
        },
        {
          "acoustic_entropy": 11.518306732177734,
          "acoustic_entropy_side": 11.558799743652344,
          "hz": 11833.21735289826
        },
        {
          "acoustic_entropy": 11.518657684326172,
          "acoustic_entropy_side": 11.558799743652344,
          "hz": 12943.144197493959
        },
        {
          "acoustic_entropy": 11.524309158325195,
          "acoustic_entropy_side": 11.558799743652344,
          "hz": 14151.364845322005
        },
        {
          "acoustic_entropy": 11.539114952087402,
          "acoustic_entropy_side": 11.558799743652344,
          "hz": 15466.58407886509
        },
        {
          "acoustic_entropy": 11.548069953918457,
          "acoustic_entropy_side": 11.558799743652344,
          "hz": 16898.27756580493
        },
        {
          "acoustic_entropy": 11.551227569580078,
          "acoustic_entropy_side": 11.558799743652344,
          "hz": 18456.760127700032
        },
        {
          "acoustic_entropy": 11.553247451782227,
          "acoustic_entropy_side": 11.558799743652344,
          "hz": 20153.260054456492
        },
        {
          "acoustic_entropy": 11.557821273803711,
          "acoustic_entropy_side": 11.558799743652344,
          "hz": 22000.00000000001
        }
      ],
      "diff_acoustic_entropy": 12.601716041564941,
      "sn": 12
    },
    {
      "acoustic_entropy": 16.332691192626953,
      "acoustic_entropy_mono": 16.333080291748047,
      "band_eliminated_acoustic_entropies": [
        {
          "acoustic_entropy": 15.47339916229248,
          "acoustic_entropy_side": 16.332693099975586,
          "hz": 129.47220167065723
        },
        {
          "acoustic_entropy": 15.87660026550293,
          "acoustic_entropy_side": 16.332717895507812,
          "hz": 202.92927478742237
        },
        {
          "acoustic_entropy": 16.291963577270508,
          "acoustic_entropy_side": 16.33268928527832,
          "hz": 282.89161906338205
        },
        {
          "acoustic_entropy": 16.706682205200195,
          "acoustic_entropy_side": 16.332752227783203,
          "hz": 369.9353335868758
        },
        {
          "acoustic_entropy": 15.419601440429688,
          "acoustic_entropy_side": 16.33228874206543,
          "hz": 464.6875360973435
        },
        {
          "acoustic_entropy": 16.345436096191406,
          "acoustic_entropy_side": 16.333789825439453,
          "hz": 567.8308811364784
        },
        {
          "acoustic_entropy": 15.940315246582031,
          "acoustic_entropy_side": 16.33247947692871,
          "hz": 680.1084783214808
        },
        {
          "acoustic_entropy": 15.875130653381348,
          "acoustic_entropy_side": 16.332862854003906,
          "hz": 802.3292461747484
        },
        {
          "acoustic_entropy": 15.44639778137207,
          "acoustic_entropy_side": 16.33257484436035,
          "hz": 935.3737400823702
        },
        {
          "acoustic_entropy": 16.207515716552734,
          "acoustic_entropy_side": 16.33260154724121,
          "hz": 1080.2004963696966
        },
        {
          "acoustic_entropy": 15.689570426940918,
          "acoustic_entropy_side": 16.332677841186523,
          "hz": 1237.8529382007157
        },
        {
          "acoustic_entropy": 16.738155364990234,
          "acoustic_entropy_side": 16.332653045654297,
          "hz": 1409.4668930556702
        },
        {
          "acoustic_entropy": 16.269609451293945,
