{
  "acoustic_entropy": 132.34353637695312,
  "bands": [
    {
      "high_freq": 148.1999969482422,
      "loudness": -38.3135871887207,
      "loudness_range": 19.38795280456543,
      "mid_mean": -35.635520935058594,
      "mid_to_side_loudness": -6.613602638244629,
      "mid_to_side_loudness_range": 9.03851318359375,
      "side_mean": -42.30561065673828
    },
    {
      "high_freq": 392.3793640136719,
      "loudness": -29.04486846923828,
      "loudness_range": 15.74246597290039,
      "low_freq": 148.1999969482422,
      "mid_mean": -27.468887329101562,
      "mid_to_side_loudness": -2.522557020187378,
      "mid_to_side_loudness_range": 7.487003326416016,
      "side_mean": -30.015033721923828
    },
    {
      "high_freq": 794.6976318359375,
      "loudness": -27.45098876953125,
      "loudness_range": 18.698558807373047,
      "low_freq": 392.3793640136719,
      "mid_mean": -27.06527328491211,
      "mid_to_side_loudness": 0.034693922847509384,
      "mid_to_side_loudness_range": 9.780006408691406,
      "side_mean": -27.1106014251709
    },
    {
      "high_freq": 1457.5709228515625,
      "loudness": -35.94962692260742,
      "loudness_range": 17.882226943969727,
      "low_freq": 794.6976318359375,
      "mid_mean": -35.336849212646484,
      "mid_to_side_loudness": -0.50571608543396,
      "mid_to_side_loudness_range": 9.293169975280762,
      "side_mean": -35.906673431396484
    },
    {
      "high_freq": 2549.74365234375,
      "loudness": -40.89728546142578,
      "loudness_range": 21.125410079956055,
      "low_freq": 1457.5709228515625,
      "mid_mean": -39.588653564453125,
      "mid_to_side_loudness": -1.9463834762573242,
      "mid_to_side_loudness_range": 7.45297908782959,
      "side_mean": -41.81147003173828
    },
    {
      "high_freq": 4349.24462890625,
      "loudness": -50.402591705322266,
      "loudness_range": 25.825363159179688,
      "low_freq": 2549.74365234375,
      "mid_mean": -52.544464111328125,
      "mid_to_side_loudness": 0.13331176340579987,
      "mid_to_side_loudness_range": 6.802868366241455,
      "side_mean": -52.38623809814453
    },
    {
      "high_freq": 7314.1640625,
      "loudness": -61.854248046875,
      "loudness_range": 27.149070739746094,
      "low_freq": 4349.24462890625,
      "mid_mean": -62.770687103271484,
      "mid_to_side_loudness": -1.0589122772216797,
      "mid_to_side_loudness_range": 5.821739196777344,
      "side_mean": -63.4085578918457
    },
    {
      "high_freq": 12199.2666015625,
      "loudness": -72.2214584350586,
      "loudness_range": 23.723098754882812,
      "low_freq": 7314.1640625,
      "mid_mean": -68.63121032714844,
      "mid_to_side_loudness": -0.5952773094177246,
      "mid_to_side_loudness_range": 4.335941791534424,
      "side_mean": -68.74812316894531
    },
    {
      "loudness": 0,
      "loudness_range": 0,
      "low_freq": 12199.2666015625,
      "mid_mean": -69.97154998779297,
      "mid_to_side_loudness": -0.3418233096599579,
      "mid_to_side_loudness_range": 1.1681294441223145,
      "side_mean": -69.97557067871094
    }
  ],
  "bands_short": [
    {
      "high_freq": 148.1999969482422,
      "loudness": -43.64054489135742,
      "loudness_range": 23.783676147460938,
      "mid_mean": -41.209739685058594,
      "mid_to_side_loudness": -6.285951137542725,
      "mid_to_side_loudness_range": 12.623321533203125,
      "side_mean": -47.7353401184082
    },
    {
      "high_freq": 392.3793640136719,
      "loudness": -30.416913986206055,
      "loudness_range": 15.499069213867188,
      "low_freq": 148.1999969482422,
      "mid_mean": -28.73621368408203,
      "mid_to_side_loudness": -2.992924213409424,
      "mid_to_side_loudness_range": 9.117849349975586,
      "side_mean": -31.682476043701172
    },
    {
      "high_freq": 794.6976318359375,
      "loudness": -27.325658798217773,
      "loudness_range": 20.114215850830078,
      "low_freq": 392.3793640136719,
      "mid_mean": -26.857666015625,
      "mid_to_side_loudness": -0.36624062061309814,
      "mid_to_side_loudness_range": 10.808731079101562,
      "side_mean": -27.290319442749023
    },
    {
      "high_freq": 1457.5709228515625,
      "loudness": -36.470890045166016,
      "loudness_range": 19.422258377075195,
      "low_freq": 794.6976318359375,
      "mid_mean": -35.73195266723633,
      "mid_to_side_loudness": -0.8837370276451111,
      "mid_to_side_loudness_range": 10.39668083190918,
      "side_mean": -36.734954833984375
    },
    {
      "high_freq": 2549.74365234375,
      "loudness": -42.06071853637695,
      "loudness_range": 22.865718841552734,
      "low_freq": 1457.5709228515625,
      "mid_mean": -40.85512161254883,
      "mid_to_side_loudness": -1.9934759140014648,
      "mid_to_side_loudness_range": 9.286200523376465,
      "side_mean": -43.17817306518555
    },
    {
      "high_freq": 4349.24462890625,
      "loudness": -52.09771728515625,
      "loudness_range": 28.225727081298828,
      "low_freq": 2549.74365234375,
      "mid_mean": -54.019798278808594,
      "mid_to_side_loudness": 0.24612267315387726,
      "mid_to_side_loudness_range": 8.846431732177734,
      "side_mean": -53.7919807434082
    },
    {
      "high_freq": 7314.1640625,
      "loudness": -63.93350601196289,
      "loudness_range": 28.60549545288086,
      "low_freq": 4349.24462890625,
      "mid_mean": -64.10794067382812,
      "mid_to_side_loudness": -0.9243930578231812,
      "mid_to_side_loudness_range": 8.638312339782715,
      "side_mean": -64.59454345703125
    },
    {
      "high_freq": 12199.2666015625,
      "loudness": -73.552734375,
      "loudness_range": 23.999576568603516,
      "low_freq": 7314.1640625,
      "mid_mean": -69.1135025024414,
      "mid_to_side_loudness": -0.49103400111198425,
      "mid_to_side_loudness_range": 6.016888618469238,
      "side_mean": -69.17601013183594
    },
    {
      "loudness": -84.05455017089844,
      "loudness_range": 11.577537536621094,
      "low_freq": 12199.2666015625,
      "mid_mean": -69.97366333007812,
      "mid_to_side_loudness": -0.3295358121395111,
      "mid_to_side_loudness_range": 3.5189294815063477,
      "side_mean": -69.97694396972656
    }
  ],
  "bandwidth": 598.0191650390625,
  "channels": 2,
  "covariance": [
    [
      48.340572357177734,
      42.0706672668457,
      18.690814971923828,
      18.792795181274414,
      21.735416412353516,
      20.961650848388672,
      21.701053619384766,
      19.959463119506836,
      20.321800231933594,
      20.21868896484375,
      29.2769832611084,
      28.125288009643555,
      16.102127075195312,
      15.283096313476562,
      3.497551679611206,
      3.3911185264587402,
      0.06427449733018875,
      0.05330025032162666
    ],
    [
      42.0706672668457,
      46.80673599243164,
      17.600940704345703,
      18.964122772216797,
      21.390485763549805,
      20.7969970703125,
      19.598203659057617,
      18.334482192993164,
      18.060697555541992,
      18.69108009338379,
      25.903528213500977,
      25.236814498901367,
      15.937528610229492,
      15.374691009521484,
      3.457857370376587,
      3.342890977859497,
      0.06019533798098564,
      0.051629260182380676
    ],
    [
      18.690814971923828,
      17.600940704345703,
      35.700927734375,
      31.462749481201172,
      21.65370750427246,
      20.406625747680664,
      19.87179946899414,
      20.10087013244629,
      21.584287643432617,
      20.47612953186035,
      29.98518180847168,
      30.058826446533203,
      16.55869483947754,
      15.560479164123535,
      2.0358023643493652,
      1.737183928489685,
      0.05988200381398201,
      0.05234695225954056
    ],
    [
      18.792795181274414,
      18.964122772216797,
      31.462749481201172,
      36.507476806640625,
      23.58405113220215,
      21.990772247314453,
      21.7910213470459,
      21.364185333251953,
      21.37020492553711,
      21.646766662597656,
      30.820783615112305,
      31.55968475341797,
      17.54999351501465,
      16.8004207611084,
      2.1691644191741943,
      1.888187289237976,
      0.06289050728082657,
      0.05470326915383339
    ],
    [
      21.735416412353516,
      21.390485763549805,
      21.65370750427246,
      23.58405113220215,
      44.000709533691406,
      41.437015533447266,
      30.203338623046875,
      31.487564086914062,
      35.2735710144043,
      38.58986282348633,
      50.89080810546875,
      53.60188293457031,
      34.73179244995117,
      32.1334342956543,
      8.80307388305664,
      8.150551795959473,
      0.13869833946228027,
      0.11672673374414444
    ],
    [
      20.961650848388672,
      20.7969970703125,
      20.406625747680664,
      21.990772247314453,
      41.437015533447266,
      53.93864822387695,
      32.86469650268555,
      31.9470272064209,
      38.041481018066406,
      41.04448318481445,
      58.75335693359375,
      62.238704681396484,
      40.487483978271484,
      37.08346176147461,
      10.780787467956543,
      10.111150741577148,
      0.15319225192070007,
      0.12948155403137207
    ],
    [
      21.701053619384766,
      19.598203659057617,
      19.87179946899414,
      21.7910213470459,
      30.203338623046875,
      32.86469650268555,
      44.5389289855957,
      38.4007568359375,
      37.09729766845703,
      39.24213790893555,
      52.933555603027344,
      52.68014907836914,
      33.856719970703125,
      31.69277000427246,
      9.712370872497559,
      8.809871673583984,
      0.19925609230995178,
      0.16130565106868744
    ],
    [
      19.959463119506836,
      18.334482192993164,
      20.10087013244629,
      21.364185333251953,
      31.487564086914062,
      31.9470272064209,
      38.4007568359375,
      43.894927978515625,
      35.960052490234375,
      37.73479461669922,
      53.82258605957031,
      51.58399963378906,
      36.261863708496094,
      33.9808349609375,
      10.98842716217041,
      10.17637825012207,
      0.2071230113506317,
      0.1670590490102768
    ],
    [
      20.321800231933594,
      18.060697555541992,
      21.584287643432617,
      21.37020492553711,
      35.2735710144043,
      38.041481018066406,
      37.09729766845703,
      35.960052490234375,
      58.36406707763672,
      54.05693054199219,
      63.02630615234375,
      63.84465026855469,
      44.51624298095703,
      40.81896209716797,
      10.613153457641602,
      9.761040687561035,
      0.18233270943164825,
      0.15151584148406982
    ],
    [
      20.21868896484375,
      18.69108009338379,
      20.47612953186035,
      21.646766662597656,
      38.58986282348633,
      41.04448318481445,
      39.24213790893555,
      37.73479461669922,
      54.05693054199219,
      60.86173629760742,
      68.57313537597656,
      69.04558563232422,
      47.117366790771484,
      43.52861404418945,
      12.07176685333252,
      11.047884941101074,
      0.2054615318775177,
      0.17110978066921234
    ],
    [
      29.2769832611084,
      25.903528213500977,
      29.98518180847168,
      30.820783615112305,
      50.89080810546875,
      58.75335693359375,
      52.933555603027344,
      53.82258605957031,
      63.02630615234375,
      68.57313537597656,
      106.61368560791016,
      106.17044830322266,
      69.07161712646484,
      64.29769134521484,
      18.660198211669922,
      17.2004451751709,
      0.3084455728530884,
      0.2539738416671753
    ],
    [
      28.125288009643555,
      25.236814498901367,
      30.058826446533203,
      31.55968475341797,
      53.60188293457031,
      62.238704681396484,
      52.68014907836914,
      51.58399963378906,
      63.84465026855469,
      69.04558563232422,
      106.17044830322266,
      110.75304412841797,
      70.351318359375,
      65.0724868774414,
      18.07242202758789,
      16.54001808166504,
      0.2812919616699219,
      0.23352351784706116
    ],
    [
      16.102127075195312,
      15.937528610229492,
      16.55869483947754,
      17.54999351501465,
      34.73179244995117,
      40.487483978271484,
      33.856719970703125,
      36.261863708496094,
      44.51624298095703,
      47.117366790771484,
      69.07161712646484,
      70.351318359375,
      62.699459075927734,
      58.24559783935547,
      19.04405403137207,
      17.75611686706543,
      0.31787142157554626,
      0.25812864303588867
    ],
    [
      15.283096313476562,
      15.374691009521484,
      15.560479164123535,
      16.8004207611084,
      32.1334342956543,
      37.08346176147461,
      31.69277000427246,
      33.9808349609375,
      40.81896209716797,
      43.52861404418945,
      64.29769134521484,
      65.0724868774414,
      58.24559783935547,
      55.76447296142578,
      17.833423614501953,
      16.737646102905273,
      0.304338663816452,
      0.24730750918388367
    ],
    [
      3.497551679611206,
      3.457857370376587,
      2.0358023643493652,
      2.1691644191741943,
      8.80307388305664,
      10.780787467956543,
      9.712370872497559,
      10.98842716217041,
      10.613153457641602,
      12.07176685333252,
      18.660198211669922,
      18.07242202758789,
      19.04405403137207,
      17.833423614501953,
      10.242070198059082,
      9.413582801818848,
      0.19297435879707336,
      0.15426065027713776
    ],
    [
      3.3911185264587402,
      3.342890977859497,
      1.737183928489685,
      1.888187289237976,
      8.150551795959473,
      10.111150741577148,
      8.809871673583984,
      10.17637825012207,
      9.761040687561035,
      11.047884941101074,
      17.2004451751709,
      16.54001808166504,
      17.75611686706543,
      16.737646102905273,
      9.413582801818848,
      8.974720001220703,
      0.18251235783100128,
      0.1458715945482254
    ],
    [
      0.06427449733018875,
      0.06019533798098564,
      0.05988200381398201,
      0.06289050728082657,
      0.13869833946228027,
      0.15319225192070007,
      0.19925609230995178,
      0.2071230113506317,
      0.18233270943164825,
      0.2054615318775177,
      0.3084455728530884,
      0.2812919616699219,
      0.31787142157554626,
      0.304338663816452,
      0.19297435879707336,
      0.18251235783100128,
      0.009055119939148426,
      0.007206552196294069
    ],
    [
      0.05330025032162666,
      0.051629260182380676,
      0.05234695225954056,
      0.05470326915383339,
      0.11672673374414444,
      0.12948155403137207,
      0.16130565106868744,
      0.1670590490102768,
      0.15151584148406982,
      0.17110978066921234,
      0.2539738416671753,
      0.23352351784706116,
      0.25812864303588867,
      0.24730750918388367,
      0.15426065027713776,
      0.1458715945482254,
      0.007206552196294069,
      0.005771160125732422
    ]
  ],
  "covariance_short": [
    [
      76.59285736083984,
      61.84428405761719,
      22.716278076171875,
      18.823129653930664,
      18.840038299560547,
      17.726961135864258,
      24.46135139465332,
      21.79267120361328,
      21.854997634887695,
      22.407102584838867,
      27.940021514892578,
      24.180618286132812,
      13.679187774658203,
      13.656250953674316,
      3.2587411403656006,
      3.0510177612304688,
      0.09450051188468933,
      0.07871193438768387
    ],
    [
      61.84428405761719,
      71.20269775390625,
      22.50104522705078,
      21.324954986572266,
      19.645191192626953,
      19.333471298217773,
      24.474685668945312,
      21.642227172851562,
      21.453786849975586,
      22.166500091552734,
      27.053241729736328,
      24.086435317993164,
      13.820512771606445,
      13.844883918762207,
      3.323824644088745,
      3.1129512786865234,
      0.0924779549241066,
      0.07904414087533951
    ],
    [
      22.716278076171875,
      22.50104522705078,
      34.19337463378906,
      30.06844139099121,
      26.330957412719727,
      24.47934913635254,
      22.952051162719727,
      24.1581974029541,
      23.602495193481445,
      23.957326889038086,
      30.987380981445312,
      30.991975784301758,
      15.342201232910156,
      14.676697731018066,
      2.2401962280273438,
      2.063694477081299,
      0.07450181990861893,
      0.06508234888315201
    ],
    [
      18.823129653930664,
      21.324954986572266,
      30.06844139099121,
      37.55573272705078,
      26.378076553344727,
      25.370582580566406,
      24.107275009155273,
      24.787860870361328,
      22.725341796875,
      24.27126693725586,
      30.81993293762207,
      31.307470321655273,
      15.685187339782715,
      15.622161865234375,
      1.9961332082748413,
      1.8257691860198975,
      0.07038084417581558,
      0.06224130466580391
    ],
    [
      18.840038299560547,
      19.645191192626953,
      26.330957412719727,
      26.378076553344727,
      50.87413024902344,
      45.11915588378906,
      34.54166793823242,
      36.75302505493164,
      40.19097137451172,
      41.80390548706055,
      51.472496032714844,
      54.294498443603516,
      31.772249221801758,
      29.388721466064453,
      6.414060592651367,
      5.943074703216553,
      0.161250039935112,
      0.13877448439598083
    ],
    [
      17.726961135864258,
      19.333471298217773,
      24.47934913635254,
      25.370582580566406,
      45.11915588378906,
      57.590232849121094,
      36.17298126220703,
      36.94691848754883,
      43.310089111328125,
      44.46339797973633,
      59.606266021728516,
      63.6259765625,
      37.43244552612305,
      34.56595993041992,
      7.7465410232543945,
      7.36165714263916,
      0.1822083592414856,
      0.1564679890871048
    ],
    [
      24.46135139465332,
      24.474685668945312,
      22.952051162719727,
      24.107275009155273,
      34.54166793823242,
      36.17298126220703,
      50.47819519042969,
      42.730587005615234,
      42.80244445800781,
      45.714569091796875,
      55.94524383544922,
      55.01142883300781,
      32.648765563964844,
      31.242504119873047,
      7.800694465637207,
      7.235452651977539,
      0.2314184159040451,
      0.1940077543258667
    ],
    [
      21.79267120361328,
      21.642227172851562,
      24.1581974029541,
      24.787860870361328,
      36.75302505493164,
      36.94691848754883,
      42.730587005615234,
      51.044368743896484,
      41.78632354736328,
      44.063804626464844,
      58.12124252319336,
      55.753108978271484,
      35.360694885253906,
      33.69770812988281,
      8.961735725402832,
      8.408463478088379,
      0.24592162668704987,
      0.20540954172611237
    ],
    [
      21.854997634887695,
      21.453786849975586,
      23.602495193481445,
      22.725341796875,
      40.19097137451172,
      43.310089111328125,
      42.80244445800781,
      41.78632354736328,
      68.59313201904297,
      61.16215133666992,
      67.60366821289062,
      68.7253189086914,
      44.2017822265625,
      40.52573013305664,
      9.166985511779785,
      8.54920768737793,
      0.22653155028820038,
      0.19263646006584167
    ],
    [
      22.407102584838867,
      22.166500091552734,
      23.957326889038086,
      24.27126693725586,
      41.80390548706055,
      44.46339797973633,
      45.714569091796875,
      44.063804626464844,
      61.16215133666992,
      69.21050262451172,
      72.17140197753906,
      72.5816650390625,
      45.18070983886719,
      41.9656982421875,
      9.824464797973633,
      9.055915832519531,
      0.2500133812427521,
      0.2124224603176117
    ],
    [
      27.940021514892578,
      27.053241729736328,
      30.987380981445312,
      30.81993293762207,
      51.472496032714844,
      59.606266021728516,
      55.94524383544922,
      58.12124252319336,
      67.60366821289062,
      72.17140197753906,
      105.95529174804688,
      103.9657211303711,
      62.747650146484375,
      59.168846130371094,
      14.250748634338379,
      13.323470115661621,
      0.3589901030063629,
      0.3029833137989044
    ],
    [
      24.180618286132812,
      24.086435317993164,
      30.991975784301758,
      31.307470321655273,
      54.294498443603516,
      63.6259765625,
      55.01142883300781,
      55.753108978271484,
      68.7253189086914,
      72.5816650390625,
      103.9657211303711,
      109.27550506591797,
      63.96949768066406,
      59.731693267822266,
      13.843072891235352,
      12.907144546508789,
      0.33649957180023193,
      0.28533056378364563
    ],
    [
      13.679187774658203,
      13.820512771606445,
      15.342201232910156,
      15.685187339782715,
      31.772249221801758,
      37.43244552612305,
      32.648765563964844,
      35.360694885253906,
      44.2017822265625,
      45.18070983886719,
      62.747650146484375,
      63.96949768066406,
      54.96141815185547,
      50.582366943359375,
      13.996387481689453,
      13.208182334899902,
      0.36963599920272827,
      0.3090515434741974
    ],
    [
      13.656250953674316,
      13.844883918762207,
      14.676697731018066,
      15.622161865234375,
      29.388721466064453,
      34.56595993041992,
      31.242504119873047,
      33.69770812988281,
      40.52573013305664,
      41.9656982421875,
      59.168846130371094,
      59.731693267822266,
      50.582366943359375,
      49.90240478515625,
      13.352723121643066,
      12.677078247070312,
      0.35896214842796326,
      0.30087795853614807
    ],
    [
      3.2587411403656006,
      3.323824644088745,
      2.2401962280273438,
      1.9961332082748413,
      6.414060592651367,
      7.7465410232543945,
      7.800694465637207,
      8.961735725402832,
      9.166985511779785,
      9.824464797973633,
      14.250748634338379,
      13.843072891235352,
      13.996387481689453,
      13.352723121643066,
      7.3267974853515625,
      6.702066421508789,
      0.2351159155368805,
      0.19467352330684662
    ],
    [
      3.0510177612304688,
      3.1129512786865234,
      2.063694477081299,
      1.8257691860198975,
      5.943074703216553,
      7.36165714263916,
      7.235452651977539,
      8.408463478088379,
      8.54920768737793,
      9.055915832519531,
      13.323470115661621,
      12.907144546508789,
      13.208182334899902,
      12.677078247070312,
      6.702066421508789,
      6.548647403717041,
      0.2242901623249054,
      0.1851995289325714
    ],
    [
      0.09450051188468933,
      0.0924779549241066,
      0.07450181990861893,
      0.07038084417581558,
      0.161250039935112,
      0.1822083592414856,
      0.2314184159040451,
      0.24592162668704987,
      0.22653155028820038,
      0.2500133812427521,
      0.3589901030063629,
      0.33649957180023193,
      0.36963599920272827,
      0.35896214842796326,
      0.2351159155368805,
      0.2242901623249054,
      0.02532322145998478,
      0.020991047844290733
    ],
    [
      0.07871193438768387,
      0.07904414087533951,
      0.06508234888315201,
      0.06224130466580391,
      0.13877448439598083,
      0.1564679890871048,
      0.1940077543258667,
      0.20540954172611237,
      0.19263646006584167,
      0.2124224603176117,
      0.3029833137989044,
      0.28533056378364563,
      0.3090515434741974,
      0.30087795853614807,
      0.19467352330684662,
      0.1851995289325714,
      0.020991047844290733,
      0.017605647444725037
    ]
  ],
  "damage": -9.2438325881958,
  "diff_bandwidth": 626.7609252929688,
  "dissonance": 4.241312438863616,
  "drr": 9.083687782287598,
  "dynamics": 4.558564186096191,
  "format": 1245190,
  "frames": 11675648,
  "loudness": -19.327627182006836,
  "loudness_range": 13.840110778808594,
  "loudness_range_short": 16.528820037841797,
  "lowpass_true_peak_15khz": -0.3750619888305664,
  "mastering3_acoustic_entropies": [
    {
      "acoustic_entropy": 5.9357194900512695,
      "acoustic_entropy_mono": 5.344512462615967,
      "band_eliminated_acoustic_entropies": [
        {
          "acoustic_entropy": 5.943859100341797,
          "acoustic_entropy_side": 5.936410427093506,
          "hz": 129.47220167065723
        },
        {
          "acoustic_entropy": 6.034461975097656,
          "acoustic_entropy_side": 5.979353904724121,
          "hz": 202.92927478742237
        },
        {
          "acoustic_entropy": 6.059765338897705,
          "acoustic_entropy_side": 6.004913806915283,
          "hz": 282.89161906338205
        },
        {
          "acoustic_entropy": 5.780989170074463,
          "acoustic_entropy_side": 6.002716541290283,
          "hz": 369.9353335868758
        },
        {
          "acoustic_entropy": 6.265451908111572,
          "acoustic_entropy_side": 6.186239242553711,
          "hz": 464.6875360973435
        },
        {
          "acoustic_entropy": 5.881369590759277,
          "acoustic_entropy_side": 5.715092658996582,
          "hz": 567.8308811364784
        },
        {
          "acoustic_entropy": 5.469795227050781,
          "acoustic_entropy_side": 6.325830936431885,
          "hz": 680.1084783214808
        },
        {
          "acoustic_entropy": 6.106703281402588,
          "acoustic_entropy_side": 6.377507209777832,
          "hz": 802.3292461747484
        },
        {
          "acoustic_entropy": 6.4095139503479,
          "acoustic_entropy_side": 6.040499687194824,
          "hz": 935.3737400823702
        },
        {
          "acoustic_entropy": 6.150028705596924,
          "acoustic_entropy_side": 6.124542713165283,
          "hz": 1080.2004963696966
        },
        {
          "acoustic_entropy": 6.040678977966309,
          "acoustic_entropy_side": 5.95810604095459,
          "hz": 1237.8529382007157
        },
        {
          "acoustic_entropy": 6.071498870849609,
          "acoustic_entropy_side": 5.96561861038208,
          "hz": 1409.4668930556702
        },
        {
          "acoustic_entropy": 6.065654277801514,
          "acoustic_entropy_side": 6.1687822341918945,
          "hz": 1596.2787759475705
        },
        {
          "acoustic_entropy": 5.951942443847656,
          "acoustic_entropy_side": 5.985484600067139,
          "hz": 1799.6344973346393
        },
        {
          "acoustic_entropy": 5.999988079071045,
          "acoustic_entropy_side": 5.955446243286133,
          "hz": 2020.9991599069049
        },
        {
          "acoustic_entropy": 5.968843936920166,
          "acoustic_entropy_side": 5.9581170082092285,
          "hz": 2261.9676141086993
        },
        {
          "acoustic_entropy": 5.918341636657715,
          "acoustic_entropy_side": 5.930025100708008,
          "hz": 2524.2759484456974
        },
        {
          "acoustic_entropy": 5.951602458953857,
          "acoustic_entropy_side": 5.930600643157959,
          "hz": 2809.813997359896
        },
        {
          "acoustic_entropy": 5.954340934753418,
          "acoustic_entropy_side": 5.941135406494141,
          "hz": 3120.6389567871424
        },
        {
          "acoustic_entropy": 5.933899402618408,
          "acoustic_entropy_side": 5.9327712059021,
          "hz": 3458.990205492291
        },
        {
          "acoustic_entropy": 5.945077419281006,
          "acoustic_entropy_side": 5.939127445220947,
          "hz": 3827.305438964164
        },
        {
          "acoustic_entropy": 5.941853046417236,
          "acoustic_entropy_side": 5.938248634338379,
          "hz": 4228.238232109126
        },
        {
          "acoustic_entropy": 5.932375907897949,
          "acoustic_entropy_side": 5.933932304382324,
          "hz": 4664.6771572759235
        },
        {
          "acoustic_entropy": 5.9367852210998535,
          "acoustic_entropy_side": 5.935859203338623,
          "hz": 5139.766595350093
        },
        {
          "acoustic_entropy": 5.935643196105957,
          "acoustic_entropy_side": 5.9356513023376465,
          "hz": 5656.929389854203
        },
        {
          "acoustic_entropy": 5.935581207275391,
          "acoustic_entropy_side": 5.935667037963867,
          "hz": 6219.891507268283
        },
        {
          "acoustic_entropy": 5.935748100280762,
          "acoustic_entropy_side": 5.935729503631592,
          "hz": 6832.70888123896
        },
        {
          "acoustic_entropy": 5.935754299163818,
          "acoustic_entropy_side": 5.935738563537598,
          "hz": 7499.796634079867
        },
        {
          "acoustic_entropy": 5.9357404708862305,
          "acoustic_entropy_side": 5.935729503631592,
          "hz": 8225.96088609342
        },
        {
          "acoustic_entropy": 5.935717582702637,
          "acoustic_entropy_side": 5.9357194900512695,
          "hz": 9016.43338188839
        },
        {
          "acoustic_entropy": 5.935718536376953,
          "acoustic_entropy_side": 5.935720920562744,
          "hz": 9876.909183162974
        },
        {
          "acoustic_entropy": 5.9357194900512695,
          "acoustic_entropy_side": 5.935719966888428,
          "hz": 10813.587699516042
        },
        {
          "acoustic_entropy": 5.9357194900512695,
          "acoustic_entropy_side": 5.9357194900512695,
          "hz": 11833.21735289826
        },
        {
          "acoustic_entropy": 5.9357194900512695,
          "acoustic_entropy_side": 5.9357194900512695,
          "hz": 12943.144197493959
        },
        {
          "acoustic_entropy": 5.9357194900512695,
          "acoustic_entropy_side": 5.9357194900512695,
          "hz": 14151.364845322005
        },
        {
          "acoustic_entropy": 5.9357194900512695,
          "acoustic_entropy_side": 5.9357194900512695,
          "hz": 15466.58407886509
        },
        {
          "acoustic_entropy": 5.9357194900512695,
          "acoustic_entropy_side": 5.9357194900512695,
          "hz": 16898.27756580493
        },
        {
          "acoustic_entropy": 5.9357194900512695,
          "acoustic_entropy_side": 5.9357194900512695,
          "hz": 18456.760127700032
        },
        {
          "acoustic_entropy": 5.9357194900512695,
          "acoustic_entropy_side": 5.9357194900512695,
          "hz": 20153.260054456492
        },
        {
          "acoustic_entropy": 5.9357194900512695,
          "acoustic_entropy_side": 5.9357194900512695,
          "hz": 22000.00000000001
        }
      ],
      "diff_acoustic_entropy": 4.651914119720459,
      "sn": 6
    },
    {
      "acoustic_entropy": 8.732935905456543,
      "acoustic_entropy_mono": 8.750761032104492,
      "band_eliminated_acoustic_entropies": [
        {
          "acoustic_entropy": 8.754799842834473,
          "acoustic_entropy_side": 8.73515796661377,
          "hz": 129.47220167065723
        },
        {
          "acoustic_entropy": 9.234416961669922,
          "acoustic_entropy_side": 8.959121704101562,
          "hz": 202.92927478742237
        },
        {
          "acoustic_entropy": 8.799079895019531,
          "acoustic_entropy_side": 8.937078475952148,
          "hz": 282.89161906338205
        },
        {
          "acoustic_entropy": 9.271780014038086,
          "acoustic_entropy_side": 9.19576358795166,
          "hz": 369.9353335868758
        },
        {
          "acoustic_entropy": 9.66486644744873,
          "acoustic_entropy_side": 9.295899391174316,
          "hz": 464.6875360973435
        },
        {
          "acoustic_entropy": 8.905600547790527,
          "acoustic_entropy_side": 8.833107948303223,
          "hz": 567.8308811364784
        },
        {
          "acoustic_entropy": 8.937199592590332,
          "acoustic_entropy_side": 9.866905212402344,
          "hz": 680.1084783214808
        },
        {
          "acoustic_entropy": 9.554067611694336,
          "acoustic_entropy_side": 9.4022798538208,
          "hz": 802.3292461747484
        },
        {
          "acoustic_entropy": 8.727590560913086,
          "acoustic_entropy_side": 9.22961711883545,
          "hz": 935.3737400823702
        },
        {
          "acoustic_entropy": 8.605063438415527,
          "acoustic_entropy_side": 8.769542694091797,
          "hz": 1080.2004963696966
        },
        {
          "acoustic_entropy": 8.969428062438965,
          "acoustic_entropy_side": 8.911746978759766,
          "hz": 1237.8529382007157
        },
        {
          "acoustic_entropy": 8.98403549194336,
          "acoustic_entropy_side": 8.853483200073242,
          "hz": 1409.4668930556702
        },
        {
          "acoustic_entropy": 9.200523376464844,
          "acoustic_entropy_side": 9.061216354370117,
          "hz": 1596.2787759475705
        },
        {
          "acoustic_entropy": 8.556282043457031,
          "acoustic_entropy_side": 8.727036476135254,
          "hz": 1799.6344973346393
        },
        {
          "acoustic_entropy": 8.559704780578613,
          "acoustic_entropy_side": 8.780997276306152,
          "hz": 2020.9991599069049
        },
        {
          "acoustic_entropy": 8.857704162597656,
          "acoustic_entropy_side": 8.749226570129395,
          "hz": 2261.9676141086993
        },
        {
          "acoustic_entropy": 8.738702774047852,
          "acoustic_entropy_side": 8.728875160217285,
          "hz": 2524.2759484456974
        },
        {
          "acoustic_entropy": 8.922351837158203,
          "acoustic_entropy_side": 8.864673614501953,
          "hz": 2809.813997359896
        },
        {
          "acoustic_entropy": 8.816454887390137,
          "acoustic_entropy_side": 8.769600868225098,
          "hz": 3120.6389567871424
        },
        {
          "acoustic_entropy": 8.85536003112793,
          "acoustic_entropy_side": 8.815930366516113,
          "hz": 3458.990205492291
        },
        {
          "acoustic_entropy": 8.79765796661377,
          "acoustic_entropy_side": 8.766881942749023,
          "hz": 3827.305438964164
        },
        {
          "acoustic_entropy": 8.826627731323242,
          "acoustic_entropy_side": 8.829872131347656,
          "hz": 4228.238232109126
        },
        {
          "acoustic_entropy": 8.75048542022705,
          "acoustic_entropy_side": 8.744738578796387,
          "hz": 4664.6771572759235
        },
        {
          "acoustic_entropy": 8.751380920410156,
          "acoustic_entropy_side": 8.741462707519531,
          "hz": 5139.766595350093
        },
        {
          "acoustic_entropy": 8.751415252685547,
          "acoustic_entropy_side": 8.741677284240723,
          "hz": 5656.929389854203
        },
        {
          "acoustic_entropy": 8.737286567687988,
          "acoustic_entropy_side": 8.73466968536377,
          "hz": 6219.891507268283
        },
        {
          "acoustic_entropy": 8.734101295471191,
          "acoustic_entropy_side": 8.733479499816895,
          "hz": 6832.70888123896
        },
        {
          "acoustic_entropy": 8.733600616455078,
          "acoustic_entropy_side": 8.733179092407227,
          "hz": 7499.796634079867
        },
        {
          "acoustic_entropy": 8.733569145202637,
          "acoustic_entropy_side": 8.733250617980957,
          "hz": 8225.96088609342
        },
        {
          "acoustic_entropy": 8.733248710632324,
          "acoustic_entropy_side": 8.733055114746094,
          "hz": 9016.43338188839
        },
        {
          "acoustic_entropy": 8.73307991027832,
          "acoustic_entropy_side": 8.732972145080566,
          "hz": 9876.909183162974
        },
        {
          "acoustic_entropy": 8.732941627502441,
          "acoustic_entropy_side": 8.732937812805176,
          "hz": 10813.587699516042
        },
        {
          "acoustic_entropy": 8.732935905456543,
          "acoustic_entropy_side": 8.732935905456543,
          "hz": 11833.21735289826
        },
        {
          "acoustic_entropy": 8.732935905456543,
          "acoustic_entropy_side": 8.732935905456543,
          "hz": 12943.144197493959
        },
        {
          "acoustic_entropy": 8.732935905456543,
          "acoustic_entropy_side": 8.732935905456543,
          "hz": 14151.364845322005
        },
        {
          "acoustic_entropy": 8.732935905456543,
          "acoustic_entropy_side": 8.732935905456543,
          "hz": 15466.58407886509
        },
        {
          "acoustic_entropy": 8.732935905456543,
          "acoustic_entropy_side": 8.732935905456543,
          "hz": 16898.27756580493
        },
        {
          "acoustic_entropy": 8.732935905456543,
          "acoustic_entropy_side": 8.732935905456543,
          "hz": 18456.760127700032
        },
        {
          "acoustic_entropy": 8.732935905456543,
          "acoustic_entropy_side": 8.732935905456543,
          "hz": 20153.260054456492
        },
        {
          "acoustic_entropy": 8.732935905456543,
          "acoustic_entropy_side": 8.732935905456543,
          "hz": 22000.00000000001
        }
      ],
      "diff_acoustic_entropy": 8.126688957214355,
      "sn": 12
    },
    {
      "acoustic_entropy": 16.034626007080078,
      "acoustic_entropy_mono": 13.41093635559082,
      "band_eliminated_acoustic_entropies": [
        {
          "acoustic_entropy": 16.00501823425293,
          "acoustic_entropy_side": 16.182897567749023,
          "hz": 129.47220167065723
        },
        {
          "acoustic_entropy": 16.68146324157715,
          "acoustic_entropy_side": 16.330984115600586,
          "hz": 202.92927478742237
        },
        {
          "acoustic_entropy": 17.303844451904297,
          "acoustic_entropy_side": 16.665363311767578,
          "hz": 282.89161906338205
        },
        {
          "acoustic_entropy": 16.349830627441406,
          "acoustic_entropy_side": 16.237197875976562,
          "hz": 369.9353335868758
        },
        {
          "acoustic_entropy": 15.597843170166016,
          "acoustic_entropy_side": 16.921546936035156,
          "hz": 464.6875360973435
        },
        {
          "acoustic_entropy": 16.359270095825195,
          "acoustic_entropy_side": 15.615569114685059,
          "hz": 567.8308811364784
        },
        {
          "acoustic_entropy": 15.778728485107422,
          "acoustic_entropy_side": 17.09984016418457,
          "hz": 680.1084783214808
        },
        {
          "acoustic_entropy": 16.720932006835938,
          "acoustic_entropy_side": 17.388803482055664,
          "hz": 802.3292461747484
        },
        {
          "acoustic_entropy": 15.073963165283203,
          "acoustic_entropy_side": 15.639904022216797,
          "hz": 935.3737400823702
        },
        {
          "acoustic_entropy": 16.162109375,
          "acoustic_entropy_side": 17.077510833740234,
          "hz": 1080.2004963696966
        },
        {
          "acoustic_entropy": 15.599563598632812,
          "acoustic_entropy_side": 16.019968032836914,
          "hz": 1237.8529382007157
        },
        {
          "acoustic_entropy": 17.003761291503906,
          "acoustic_entropy_side": 16.584339141845703,
          "hz": 1409.4668930556702
        },
        {
          "acoustic_entropy": 16.4206600189209,
          "acoustic_entropy_side": 16.809207916259766,
          "hz": 1596.2787759475705
        },
        {
          "acoustic_entropy": 15.342386245727539,
          "acoustic_entropy_side": 15.91958236694336,
          "hz": 1799.6344973346393
        },
        {
          "acoustic_entropy": 16.56094741821289,
          "acoustic_entropy_side": 16.878957748413086,
          "hz": 2020.9991599069049
        },
        {
          "acoustic_entropy": 15.548225402832031,
          "acoustic_entropy_side": 16.081409454345703,
          "hz": 2261.9676141086993
        },
        {
          "acoustic_entropy": 17.383695602416992,
          "acoustic_entropy_side": 16.560331344604492,
          "hz": 2524.2759484456974
        },
        {
          "acoustic_entropy": 15.770124435424805,
          "acoustic_entropy_side": 16.179492950439453,
          "hz": 2809.813997359896
        },
        {
          "acoustic_entropy": 16.388545989990234,
