{
  "acoustic_entropy": 104.55970001220703,
  "bands": [
    {
      "high_freq": 148.1999969482422,
      "loudness": -61.96848678588867,
      "loudness_range": 33.211669921875,
      "mid_mean": -57.64495849609375,
      "mid_to_side_loudness": -9.547483444213867,
      "mid_to_side_loudness_range": 9.091493606567383,
      "side_mean": -63.35645294189453
    },
    {
      "high_freq": 392.3793640136719,
      "loudness": -48.81101608276367,
      "loudness_range": 38.599853515625,
      "low_freq": 148.1999969482422,
      "mid_mean": -49.66098403930664,
      "mid_to_side_loudness": -7.177452564239502,
      "mid_to_side_loudness_range": 9.546507835388184,
      "side_mean": -55.885337829589844
    },
    {
      "high_freq": 794.6976318359375,
      "loudness": -48.815216064453125,
      "loudness_range": 37.66992950439453,
      "low_freq": 392.3793640136719,
      "mid_mean": -51.38648223876953,
      "mid_to_side_loudness": -2.7109365463256836,
      "mid_to_side_loudness_range": 9.321335792541504,
      "side_mean": -53.78224182128906
    },
    {
      "high_freq": 1457.5709228515625,
      "loudness": -53.72333908081055,
      "loudness_range": 40.595726013183594,
      "low_freq": 794.6976318359375,
      "mid_mean": -56.05647659301758,
      "mid_to_side_loudness": -0.8836779594421387,
      "mid_to_side_loudness_range": 5.599559307098389,
      "side_mean": -56.712188720703125
    },
    {
      "high_freq": 2549.74365234375,
      "loudness": -55.20927810668945,
      "loudness_range": 40.48707580566406,
      "low_freq": 1457.5709228515625,
      "mid_mean": -57.1439094543457,
      "mid_to_side_loudness": -1.352174162864685,
      "mid_to_side_loudness_range": 8.955678939819336,
      "side_mean": -57.893611907958984
    },
    {
      "high_freq": 4349.24462890625,
      "loudness": -54.94194793701172,
      "loudness_range": 41.34893798828125,
      "low_freq": 2549.74365234375,
      "mid_mean": -58.45679473876953,
      "mid_to_side_loudness": -0.5041409730911255,
      "mid_to_side_loudness_range": 8.7637357711792,
      "side_mean": -58.34013748168945
    },
    {
      "high_freq": 7314.1640625,
      "loudness": -60.07168960571289,
      "loudness_range": 44.57217788696289,
      "low_freq": 4349.24462890625,
      "mid_mean": -63.8860969543457,
      "mid_to_side_loudness": -1.9644136428833008,
      "mid_to_side_loudness_range": 4.81837272644043,
      "side_mean": -64.60000610351562
    },
    {
      "high_freq": 12199.2666015625,
      "loudness": -60.766719818115234,
      "loudness_range": 42.41963195800781,
      "low_freq": 7314.1640625,
      "mid_mean": -64.91073608398438,
      "mid_to_side_loudness": -1.688435435295105,
      "mid_to_side_loudness_range": 5.5980544090271,
      "side_mean": -65.30703735351562
    },
    {
      "loudness": -64.86785888671875,
      "loudness_range": 41.8414421081543,
      "low_freq": 12199.2666015625,
      "mid_mean": -66.19525909423828,
      "mid_to_side_loudness": -7.726443290710449,
      "mid_to_side_loudness_range": 12.5822172164917,
      "side_mean": -67.13751983642578
    }
  ],
  "bands_short": [
    {
      "high_freq": 148.1999969482422,
      "loudness": -63.44868087768555,
      "loudness_range": 34.095115661621094,
      "mid_mean": -59.61603927612305,
      "mid_to_side_loudness": -10.164091110229492,
      "mid_to_side_loudness_range": 13.865520477294922,
      "side_mean": -64.78861999511719
    },
    {
      "high_freq": 392.3793640136719,
      "loudness": -49.88751983642578,
      "loudness_range": 40.07929229736328,
      "low_freq": 148.1999969482422,
      "mid_mean": -51.25059509277344,
      "mid_to_side_loudness": -7.109402179718018,
      "mid_to_side_loudness_range": 12.461918830871582,
      "side_mean": -57.06536865234375
    },
    {
      "high_freq": 794.6976318359375,
      "loudness": -50.177433013916016,
      "loudness_range": 39.40605926513672,
      "low_freq": 392.3793640136719,
      "mid_mean": -53.085140228271484,
      "mid_to_side_loudness": -2.649925708770752,
      "mid_to_side_loudness_range": 10.990900993347168,
      "side_mean": -55.3387565612793
    },
    {
      "high_freq": 1457.5709228515625,
      "loudness": -55.23236846923828,
      "loudness_range": 41.9256591796875,
      "low_freq": 794.6976318359375,
      "mid_mean": -57.71326446533203,
      "mid_to_side_loudness": -1.0136975049972534,
      "mid_to_side_loudness_range": 7.830142974853516,
      "side_mean": -58.43019104003906
    },
    {
      "high_freq": 2549.74365234375,
      "loudness": -56.80243682861328,
      "loudness_range": 41.067649841308594,
      "low_freq": 1457.5709228515625,
      "mid_mean": -58.740196228027344,
      "mid_to_side_loudness": -1.3756853342056274,
      "mid_to_side_loudness_range": 8.941987991333008,
      "side_mean": -59.509864807128906
    },
    {
      "high_freq": 4349.24462890625,
      "loudness": -56.05243682861328,
      "loudness_range": 41.87274932861328,
      "low_freq": 2549.74365234375,
      "mid_mean": -59.66312026977539,
      "mid_to_side_loudness": -0.7854759097099304,
      "mid_to_side_loudness_range": 8.764650344848633,
      "side_mean": -59.8162956237793
    },
    {
      "high_freq": 7314.1640625,
      "loudness": -60.561256408691406,
      "loudness_range": 44.86479568481445,
      "low_freq": 4349.24462890625,
      "mid_mean": -64.787353515625,
      "mid_to_side_loudness": -1.9673651456832886,
      "mid_to_side_loudness_range": 4.862821578979492,
      "side_mean": -65.427001953125
    },
    {
      "high_freq": 12199.2666015625,
      "loudness": -60.244022369384766,
      "loudness_range": 42.62567138671875,
      "low_freq": 7314.1640625,
      "mid_mean": -65.9154052734375,
      "mid_to_side_loudness": -1.6501429080963135,
      "mid_to_side_loudness_range": 5.206234931945801,
      "side_mean": -66.21627044677734
    },
    {
      "loudness": -62.90934753417969,
      "loudness_range": 40.192256927490234,
      "low_freq": 12199.2666015625,
      "mid_mean": -66.75081634521484,
      "mid_to_side_loudness": -8.513212203979492,
      "mid_to_side_loudness_range": 13.008689880371094,
      "side_mean": -67.70376586914062
    }
  ],
  "bandwidth": 619.0729370117188,
  "channels": 2,
  "covariance": [
    [
      124.8986587524414,
      98.14842987060547,
      104.48632049560547,
      100.66474914550781,
      94.05845642089844,
      91.55376434326172,
      87.54680633544922,
      83.07183074951172,
      67.70536804199219,
      69.18134307861328,
      63.30123519897461,
      59.95875549316406,
      63.717838287353516,
      61.5435676574707,
      57.941871643066406,
      59.63331604003906,
      56.87153625488281,
      56.13589859008789
    ],
    [
      98.14842987060547,
      85.03157806396484,
      84.49544525146484,
      83.0791244506836,
      75.22650909423828,
      75.42196655273438,
      73.10394287109375,
      69.78720092773438,
      59.90433883666992,
      60.18210983276367,
      57.24079132080078,
      54.45686340332031,
      59.177345275878906,
      57.74177551269531,
      54.03632354736328,
      54.9923095703125,
      52.45235824584961,
      51.81171798706055
    ],
    [
      104.48632049560547,
      84.49544525146484,
      154.29513549804688,
      128.97793579101562,
      142.55307006835938,
      133.0715789794922,
      125.49010467529297,
      121.69012451171875,
      119.12749481201172,
      119.3531494140625,
      113.0377197265625,
      116.42391204833984,
      86.52113342285156,
      80.79952239990234,
      76.61625671386719,
      75.49958801269531,
      61.46218490600586,
      60.74988555908203
    ],
    [
      100.66474914550781,
      83.0791244506836,
      128.97793579101562,
      118.12081146240234,
      119.78156280517578,
      114.78433990478516,
      108.56341552734375,
      105.3676528930664,
      100.13324737548828,
      100.16569519042969,
      94.6178970336914,
      95.51515197753906,
      78.69168853759766,
      74.21089172363281,
      70.28189086914062,
      69.4427490234375,
      59.898094177246094,
      58.997032165527344
    ],
    [
      94.05845642089844,
      75.22650909423828,
      142.55307006835938,
      119.78156280517578,
      164.50421142578125,
      149.2157745361328,
      145.35934448242188,
      139.98605346679688,
      125.94410705566406,
      128.48025512695312,
      124.68829345703125,
      133.13153076171875,
      84.52484130859375,
      79.41313934326172,
      73.89373016357422,
      72.97296905517578,
      56.15326690673828,
      56.25310516357422
    ],
    [
      91.55376434326172,
      75.42196655273438,
      133.0715789794922,
      114.78433990478516,
      149.2157745361328,
      144.1145782470703,
      137.36000061035156,
      133.7192840576172,
      119.18479919433594,
      118.2740249633789,
      115.62445068359375,
      120.823486328125,
      82.32440185546875,
      78.16099548339844,
      72.90681457519531,
      71.09246063232422,
      57.70482635498047,
      57.378604888916016
    ],
    [
      87.54680633544922,
      73.10394287109375,
      125.49010467529297,
      108.56341552734375,
      145.35934448242188,
      137.36000061035156,
      155.7440185546875,
      149.919921875,
      121.998779296875,
      124.07884979248047,
      123.82572174072266,
      132.0309295654297,
      86.1226806640625,
      81.42926025390625,
      76.67145538330078,
      75.6680679321289,
      59.867027282714844,
      59.637535095214844
    ],
    [
      83.07183074951172,
      69.78720092773438,
      121.69012451171875,
      105.3676528930664,
      139.98605346679688,
      133.7192840576172,
      149.919921875,
      147.32569885253906,
      120.49571228027344,
      121.72425842285156,
      120.73487854003906,
      129.01779174804688,
      84.54399108886719,
      80.38956451416016,
      75.35148620605469,
      74.06980895996094,
      58.32103729248047,
      58.2062873840332
    ],
    [
      67.70536804199219,
      59.90433883666992,
      119.12749481201172,
      100.13324737548828,
      125.94410705566406,
      119.18479919433594,
      121.998779296875,
      120.49571228027344,
      135.25672912597656,
      133.84315490722656,
      126.73251342773438,
      133.19606018066406,
      92.26496887207031,
      86.8373794555664,
      82.36222839355469,
      79.77483367919922,
      60.487060546875,
      59.887054443359375
    ],
    [
      69.18134307861328,
      60.18210983276367,
      119.3531494140625,
      100.16569519042969,
      128.48025512695312,
      118.2740249633789,
      124.07884979248047,
      121.72425842285156,
      133.84315490722656,
      138.35586547851562,
      129.30821228027344,
      138.58595275878906,
      92.4476318359375,
      87.28417205810547,
      82.40409851074219,
      81.12183380126953,
      60.181400299072266,
      60.17107009887695
    ],
    [
      63.30123519897461,
      57.24079132080078,
      113.0377197265625,
      94.6178970336914,
      124.68829345703125,
      115.62445068359375,
      123.82572174072266,
      120.73487854003906,
      126.73251342773438,
      129.30821228027344,
      135.386962890625,
      143.81944274902344,
      97.6846694946289,
      92.04512786865234,
      86.52545166015625,
      84.37385559082031,
      63.37211227416992,
      63.31945037841797
    ],
    [
      59.95875549316406,
      54.45686340332031,
      116.42391204833984,
      95.51515197753906,
      133.13153076171875,
      120.823486328125,
      132.0309295654297,
      129.01779174804688,
      133.19606018066406,
      138.58595275878906,
      143.81944274902344,
      158.48460388183594,
      101.04439544677734,
      95.31959533691406,
      89.07935333251953,
      87.8060073852539,
      63.74359130859375,
      64.65352630615234
    ],
    [
      63.717838287353516,
      59.177345275878906,
      86.52113342285156,
      78.69168853759766,
      84.52484130859375,
      82.32440185546875,
      86.1226806640625,
      84.54399108886719,
      92.26496887207031,
      92.4476318359375,
      97.6846694946289,
      101.04439544677734,
      100.4769058227539,
      93.94750213623047,
      90.77627563476562,
      88.55585479736328,
      70.89458465576172,
      70.3478775024414
    ],
    [
      61.5435676574707,
      57.74177551269531,
      80.79952239990234,
      74.21089172363281,
      79.41313934326172,
      78.16099548339844,
      81.42926025390625,
      80.38956451416016,
      86.8373794555664,
      87.28417205810547,
      92.04512786865234,
      95.31959533691406,
      93.94750213623047,
      89.72455596923828,
      86.10836791992188,
      84.33931732177734,
      67.82286071777344,
      67.44866180419922
    ],
    [
      57.941871643066406,
      54.03632354736328,
      76.61625671386719,
      70.28189086914062,
      73.89373016357422,
      72.90681457519531,
      76.67145538330078,
      75.35148620605469,
      82.36222839355469,
      82.40409851074219,
      86.52545166015625,
      89.07935333251953,
      90.77627563476562,
      86.10836791992188,
      88.19779205322266,
      85.85615539550781,
      68.88440704345703,
      68.12535095214844
    ],
    [
      59.63331604003906,
      54.9923095703125,
      75.49958801269531,
      69.4427490234375,
      72.97296905517578,
      71.09246063232422,
      75.6680679321289,
      74.06980895996094,
      79.77483367919922,
      81.12183380126953,
      84.37385559082031,
      87.8060073852539,
      88.55585479736328,
      84.33931732177734,
      85.85615539550781,
      84.85081481933594,
      68.01860809326172,
      67.62833404541016
    ],
    [
      56.87153625488281,
      52.45235824584961,
      61.46218490600586,
      59.898094177246094,
      56.15326690673828,
      57.70482635498047,
      59.867027282714844,
      58.32103729248047,
      60.487060546875,
      60.181400299072266,
      63.37211227416992,
      63.74359130859375,
      70.89458465576172,
      67.82286071777344,
      68.88440704345703,
      68.01860809326172,
      60.24777603149414,
      59.39652633666992
    ],
    [
      56.13589859008789,
      51.81171798706055,
      60.74988555908203,
      58.997032165527344,
      56.25310516357422,
      57.378604888916016,
      59.637535095214844,
      58.2062873840332,
      59.887054443359375,
      60.17107009887695,
      63.31945037841797,
      64.65352630615234,
      70.3478775024414,
      67.44866180419922,
      68.12535095214844,
      67.62833404541016,
      59.39652633666992,
      59.14830780029297
    ]
  ],
  "covariance_short": [
    [
      110.57585906982422,
      80.40081024169922,
      101.32916259765625,
      94.39006042480469,
      88.65640258789062,
      87.64219665527344,
      81.19844818115234,
      78.2862777709961,
      65.13912200927734,
      65.37852478027344,
      58.84102249145508,
      55.871646881103516,
      59.46015167236328,
      57.73388671875,
      52.28229904174805,
      53.11644744873047,
      44.788692474365234,
      44.02336120605469
    ],
    [
      80.40081024169922,
      68.99876403808594,
      77.8563461303711,
      74.52625274658203,
      68.483642578125,
      68.91424560546875,
      65.2928695678711,
      63.2377815246582,
      54.89579772949219,
      54.76111602783203,
      51.34889602661133,
      49.44032287597656,
      52.88669967651367,
      51.67472457885742,
      46.80647659301758,
      47.20064926147461,
      39.44580078125,
      38.81998062133789
    ],
    [
      101.32916259765625,
      77.8563461303711,
      166.84207153320312,
      133.99090576171875,
      147.9763946533203,
      137.8087158203125,
      125.44790649414062,
      121.07199096679688,
      118.8185043334961,
      117.38697814941406,
      111.62084197998047,
      113.39097595214844,
      82.20447540283203,
      76.84364318847656,
      68.8071517944336,
      68.1384506225586,
      51.85369873046875,
      50.91326141357422
    ],
    [
      94.39006042480469,
      74.52625274658203,
      133.99090576171875,
      122.1349868774414,
      122.2170639038086,
      117.07994842529297,
      106.87974548339844,
      103.55632781982422,
      98.81780242919922,
      97.65784454345703,
      92.44160461425781,
      92.45365142822266,
      75.16278076171875,
      71.1227035522461,
      63.82415008544922,
      63.31553268432617,
      50.32881546020508,
      49.31522750854492
    ],
    [
      88.65640258789062,
      68.483642578125,
      147.9763946533203,
      122.2170639038086,
      169.5680389404297,
      153.20651245117188,
      143.06993103027344,
      137.4151153564453,
      125.89070892333984,
      125.97561645507812,
      122.33294677734375,
      128.1692352294922,
      79.18296813964844,
      73.71954345703125,
      65.31610870361328,
      64.55658721923828,
      47.71883773803711,
      47.09552001953125
    ],
    [
      87.64219665527344,
      68.91424560546875,
      137.8087158203125,
      117.07994842529297,
      153.20651245117188,
      149.42019653320312,
      136.601806640625,
      132.52500915527344,
      119.27963256835938,
      117.46271514892578,
      114.7574234008789,
      118.20916748046875,
      77.93276977539062,
      73.27873229980469,
      65.64644622802734,
      64.45425415039062,
      49.58279800415039,
      48.79740905761719
    ],
    [
      81.19844818115234,
      65.2928695678711,
      125.44790649414062,
      106.87974548339844,
      143.06993103027344,
      136.601806640625,
      152.81063842773438,
      145.1558380126953,
      118.6563949584961,
      118.62977600097656,
      119.59880828857422,
      124.99887084960938,
      80.52095794677734,
      75.63923645019531,
      67.94013214111328,
      67.09175109863281,
      50.30181121826172,
      49.612911224365234
    ],
    [
      78.2862777709961,
      63.2377815246582,
      121.07199096679688,
      103.55632781982422,
      137.4151153564453,
      132.52500915527344,
      145.1558380126953,
      142.9744110107422,
      115.84495544433594,
      115.36101531982422,
      115.63135528564453,
      121.12923431396484,
      78.47439575195312,
      73.93439483642578,
      66.33670043945312,
      65.42765808105469,
      49.21668243408203,
      48.55555725097656
    ],
    [
      65.13912200927734,
      54.89579772949219,
      118.8185043334961,
      98.81780242919922,
      125.89070892333984,
      119.27963256835938,
      118.6563949584961,
      115.84495544433594,
      132.5727996826172,
      128.89744567871094,
      123.26878356933594,
      127.64640808105469,
      85.01824188232422,
      79.77436065673828,
      71.87146759033203,
      70.01780700683594,
      51.009220123291016,
      50.09629440307617
    ],
    [
      65.37852478027344,
      54.76111602783203,
      117.38697814941406,
      97.65784454345703,
      125.97561645507812,
      117.46271514892578,
      118.62977600097656,
      115.36101531982422,
      128.89744567871094,
      131.7032012939453,
      123.6037826538086,
      130.17910766601562,
      84.68252563476562,
      79.64424896240234,
      71.066162109375,
      70.1091079711914,
      50.06916046142578,
      49.493629455566406
    ],
    [
      58.84102249145508,
      51.34889602661133,
      111.62084197998047,
      92.44160461425781,
      122.33294677734375,
      114.7574234008789,
      119.59880828857422,
      115.63135528564453,
      123.26878356933594,
      123.6037826538086,
      133.94337463378906,
      138.99179077148438,
      92.49267578125,
      86.6087417602539,
      78.02877807617188,
      76.13312530517578,
      54.072608947753906,
      53.512271881103516
    ],
    [
      55.871646881103516,
      49.44032287597656,
      113.39097595214844,
      92.45365142822266,
      128.1692352294922,
      118.20916748046875,
      124.99887084960938,
      121.12923431396484,
      127.64640808105469,
      130.17910766601562,
      138.99179077148438,
      149.9239044189453,
      94.07328033447266,
      87.97856140136719,
      78.38829040527344,
      77.22283172607422,
      53.479591369628906,
      53.49053192138672
    ],
    [
      59.46015167236328,
      52.88669967651367,
      82.20447540283203,
      75.16278076171875,
      79.18296813964844,
      77.93276977539062,
      80.52095794677734,
      78.47439575195312,
      85.01824188232422,
      84.68252563476562,
      92.49267578125,
      94.07328033447266,
      96.44542694091797,
      90.37875366210938,
      83.93744659423828,
      82.1010971069336,
      61.3472900390625,
      60.5867805480957
    ],
    [
      57.73388671875,
      51.67472457885742,
      76.84364318847656,
      71.1227035522461,
      73.71954345703125,
      73.27873229980469,
      75.63923645019531,
      73.93439483642578,
      79.77436065673828,
      79.64424896240234,
      86.6087417602539,
      87.97856140136719,
      90.37875366210938,
      86.49517822265625,
      80.06233978271484,
      78.58504486083984,
      58.89744567871094,
      58.25421905517578
    ],
    [
      52.28229904174805,
      46.80647659301758,
      68.8071517944336,
      63.82415008544922,
      65.31610870361328,
      65.64644622802734,
      67.94013214111328,
      66.33670043945312,
      71.87146759033203,
      71.066162109375,
      78.02877807617188,
      78.38829040527344,
      83.93744659423828,
      80.06233978271484,
      79.55362701416016,
      77.4189682006836,
      58.76111602783203,
      57.839664459228516
    ],
    [
      53.11644744873047,
      47.20064926147461,
      68.1384506225586,
      63.31553268432617,
      64.55658721923828,
      64.45425415039062,
      67.09175109863281,
      65.42765808105469,
      70.01780700683594,
      70.1091079711914,
      76.13312530517578,
      77.22283172607422,
      82.1010971069336,
      78.58504486083984,
      77.4189682006836,
      76.5191879272461,
      57.75644302368164,
      57.15467834472656
    ],
    [
      44.788692474365234,
      39.44580078125,
      51.85369873046875,
      50.32881546020508,
      47.71883773803711,
      49.58279800415039,
      50.30181121826172,
      49.21668243408203,
      51.009220123291016,
      50.06916046142578,
      54.072608947753906,
      53.479591369628906,
      61.3472900390625,
      58.89744567871094,
      58.76111602783203,
      57.75644302368164,
      48.12140655517578,
      47.19140625
    ],
    [
      44.02336120605469,
      38.81998062133789,
      50.91326141357422,
      49.31522750854492,
      47.09552001953125,
      48.79740905761719,
      49.612911224365234,
      48.55555725097656,
      50.09629440307617,
      49.493629455566406,
      53.512271881103516,
      53.49053192138672,
      60.5867805480957,
      58.25421905517578,
      57.839664459228516,
      57.15467834472656,
      47.19140625,
      46.86260223388672
    ]
  ],
  "damage": -20.30754280090332,
  "diff_bandwidth": 660.7006225585938,
  "dissonance": 10.375324455467274,
  "drr": 0.5820068120956421,
  "dynamics": 9.699030876159668,
  "format": 1245190,
  "frames": 5070784,
  "loudness": -38.15531921386719,
  "loudness_range": 34.99534225463867,
  "loudness_range_short": 40.43059539794922,
  "lowpass_true_peak_15khz": -1.4355875253677368,
  "mastering3_acoustic_entropies": [
    {
      "acoustic_entropy": 3.2425501346588135,
      "acoustic_entropy_mono": 2.9383373260498047,
      "band_eliminated_acoustic_entropies": [
        {
          "acoustic_entropy": 3.243253469467163,
          "acoustic_entropy_side": 3.242818593978882,
          "hz": 129.47220167065723
        },
        {
          "acoustic_entropy": 3.2419049739837646,
          "acoustic_entropy_side": 3.2423954010009766,
          "hz": 202.92927478742237
        },
        {
          "acoustic_entropy": 3.240705728530884,
          "acoustic_entropy_side": 3.2329585552215576,
          "hz": 282.89161906338205
        },
        {
          "acoustic_entropy": 3.2530899047851562,
          "acoustic_entropy_side": 3.2522568702697754,
          "hz": 369.9353335868758
        },
        {
          "acoustic_entropy": 3.367720603942871,
          "acoustic_entropy_side": 3.2402467727661133,
          "hz": 464.6875360973435
        },
        {
          "acoustic_entropy": 3.3385331630706787,
          "acoustic_entropy_side": 3.2596311569213867,
          "hz": 567.8308811364784
        },
        {
          "acoustic_entropy": 3.2769346237182617,
          "acoustic_entropy_side": 3.2849576473236084,
          "hz": 680.1084783214808
        },
        {
          "acoustic_entropy": 3.2184836864471436,
          "acoustic_entropy_side": 3.223527431488037,
          "hz": 802.3292461747484
        },
        {
          "acoustic_entropy": 3.2104880809783936,
          "acoustic_entropy_side": 3.219620943069458,
          "hz": 935.3737400823702
        },
        {
          "acoustic_entropy": 3.2414088249206543,
          "acoustic_entropy_side": 3.195924758911133,
          "hz": 1080.2004963696966
        },
        {
          "acoustic_entropy": 3.46138072013855,
          "acoustic_entropy_side": 3.350275993347168,
          "hz": 1237.8529382007157
        },
        {
          "acoustic_entropy": 3.5313737392425537,
          "acoustic_entropy_side": 3.394057512283325,
          "hz": 1409.4668930556702
        },
        {
          "acoustic_entropy": 3.222689151763916,
          "acoustic_entropy_side": 3.3036162853240967,
          "hz": 1596.2787759475705
        },
        {
          "acoustic_entropy": 3.1532537937164307,
          "acoustic_entropy_side": 3.1753101348876953,
          "hz": 1799.6344973346393
        },
        {
          "acoustic_entropy": 3.138101577758789,
          "acoustic_entropy_side": 3.161353349685669,
          "hz": 2020.9991599069049
        },
        {
          "acoustic_entropy": 3.198864459991455,
          "acoustic_entropy_side": 3.2203452587127686,
          "hz": 2261.9676141086993
        },
        {
          "acoustic_entropy": 3.181407928466797,
          "acoustic_entropy_side": 3.2164108753204346,
          "hz": 2524.2759484456974
        },
        {
          "acoustic_entropy": 3.242382526397705,
          "acoustic_entropy_side": 3.2186362743377686,
          "hz": 2809.813997359896
        },
        {
          "acoustic_entropy": 3.2600016593933105,
          "acoustic_entropy_side": 3.2291946411132812,
          "hz": 3120.6389567871424
        },
        {
          "acoustic_entropy": 3.0504512786865234,
          "acoustic_entropy_side": 3.0170562267303467,
          "hz": 3458.990205492291
        },
        {
          "acoustic_entropy": 3.248096466064453,
          "acoustic_entropy_side": 3.2347421646118164,
          "hz": 3827.305438964164
        },
        {
          "acoustic_entropy": 3.2574689388275146,
          "acoustic_entropy_side": 3.252584457397461,
          "hz": 4228.238232109126
        },
        {
          "acoustic_entropy": 3.262113332748413,
          "acoustic_entropy_side": 3.2523279190063477,
          "hz": 4664.6771572759235
        },
        {
          "acoustic_entropy": 3.260601758956909,
          "acoustic_entropy_side": 3.2504661083221436,
          "hz": 5139.766595350093
        },
        {
          "acoustic_entropy": 3.2614214420318604,
          "acoustic_entropy_side": 3.2600808143615723,
          "hz": 5656.929389854203
        },
        {
          "acoustic_entropy": 3.250534772872925,
          "acoustic_entropy_side": 3.253560781478882,
          "hz": 6219.891507268283
        },
        {
          "acoustic_entropy": 3.236079692840576,
          "acoustic_entropy_side": 3.245940923690796,
          "hz": 6832.70888123896
        },
        {
          "acoustic_entropy": 3.229158401489258,
          "acoustic_entropy_side": 3.2387940883636475,
          "hz": 7499.796634079867
        },
        {
          "acoustic_entropy": 3.2234418392181396,
          "acoustic_entropy_side": 3.2312915325164795,
          "hz": 8225.96088609342
        },
        {
          "acoustic_entropy": 3.222580671310425,
          "acoustic_entropy_side": 3.2277843952178955,
          "hz": 9016.43338188839
        },
        {
          "acoustic_entropy": 3.2186717987060547,
          "acoustic_entropy_side": 3.2236685752868652,
          "hz": 9876.909183162974
        },
        {
          "acoustic_entropy": 3.219843864440918,
          "acoustic_entropy_side": 3.2281312942504883,
          "hz": 10813.587699516042
        },
        {
          "acoustic_entropy": 3.2191274166107178,
          "acoustic_entropy_side": 3.2343063354492188,
          "hz": 11833.21735289826
        },
        {
          "acoustic_entropy": 3.2304766178131104,
          "acoustic_entropy_side": 3.2361481189727783,
          "hz": 12943.144197493959
        },
        {
          "acoustic_entropy": 3.233928680419922,
          "acoustic_entropy_side": 3.2387239933013916,
          "hz": 14151.364845322005
        },
        {
          "acoustic_entropy": 3.237988233566284,
          "acoustic_entropy_side": 3.244863510131836,
          "hz": 15466.58407886509
        },
        {
          "acoustic_entropy": 3.2474217414855957,
          "acoustic_entropy_side": 3.2514283657073975,
          "hz": 16898.27756580493
        },
        {
          "acoustic_entropy": 3.2470109462738037,
          "acoustic_entropy_side": 3.2391881942749023,
          "hz": 18456.760127700032
        },
        {
          "acoustic_entropy": 3.250554323196411,
          "acoustic_entropy_side": 3.24288272857666,
          "hz": 20153.260054456492
        },
        {
          "acoustic_entropy": 3.2454440593719482,
          "acoustic_entropy_side": 3.2460176944732666,
          "hz": 22000.00000000001
        }
      ],
      "diff_acoustic_entropy": 2.019313335418701,
      "sn": 6
    },
    {
      "acoustic_entropy": 6.417689800262451,
      "acoustic_entropy_mono": 5.756624698638916,
      "band_eliminated_acoustic_entropies": [
        {
          "acoustic_entropy": 6.3889312744140625,
          "acoustic_entropy_side": 6.412765979766846,
          "hz": 129.47220167065723
        },
        {
          "acoustic_entropy": 6.377708911895752,
          "acoustic_entropy_side": 6.387115478515625,
          "hz": 202.92927478742237
        },
        {
          "acoustic_entropy": 6.489552021026611,
          "acoustic_entropy_side": 6.372308731079102,
          "hz": 282.89161906338205
        },
        {
          "acoustic_entropy": 6.602858543395996,
          "acoustic_entropy_side": 6.380685806274414,
          "hz": 369.9353335868758
        },
        {
          "acoustic_entropy": 6.74530029296875,
          "acoustic_entropy_side": 6.363327980041504,
          "hz": 464.6875360973435
        },
        {
          "acoustic_entropy": 6.447780132293701,
          "acoustic_entropy_side": 6.364416599273682,
          "hz": 567.8308811364784
        },
        {
          "acoustic_entropy": 6.483682632446289,
          "acoustic_entropy_side": 6.4877800941467285,
          "hz": 680.1084783214808
        },
        {
          "acoustic_entropy": 6.534078121185303,
          "acoustic_entropy_side": 6.496240139007568,
          "hz": 802.3292461747484
        },
        {
          "acoustic_entropy": 6.480391025543213,
          "acoustic_entropy_side": 6.5130815505981445,
          "hz": 935.3737400823702
        },
        {
          "acoustic_entropy": 6.2129130363464355,
          "acoustic_entropy_side": 6.257715225219727,
          "hz": 1080.2004963696966
        },
        {
          "acoustic_entropy": 6.496652603149414,
          "acoustic_entropy_side": 6.5469970703125,
          "hz": 1237.8529382007157
        },
        {
          "acoustic_entropy": 6.522824764251709,
          "acoustic_entropy_side": 6.511000156402588,
          "hz": 1409.4668930556702
        },
        {
          "acoustic_entropy": 5.916428565979004,
          "acoustic_entropy_side": 6.099061012268066,
          "hz": 1596.2787759475705
        },
        {
          "acoustic_entropy": 6.002192497253418,
          "acoustic_entropy_side": 6.408592224121094,
          "hz": 1799.6344973346393
        },
        {
          "acoustic_entropy": 6.082475185394287,
          "acoustic_entropy_side": 6.287358283996582,
          "hz": 2020.9991599069049
        },
        {
          "acoustic_entropy": 6.269250392913818,
          "acoustic_entropy_side": 6.346044063568115,
          "hz": 2261.9676141086993
        },
        {
          "acoustic_entropy": 6.330327033996582,
          "acoustic_entropy_side": 6.337488174438477,
          "hz": 2524.2759484456974
        },
        {
          "acoustic_entropy": 6.475118637084961,
          "acoustic_entropy_side": 6.415271759033203,
          "hz": 2809.813997359896
        },
        {
          "acoustic_entropy": 6.5388569831848145,
          "acoustic_entropy_side": 6.426881313323975,
          "hz": 3120.6389567871424
        },
        {
          "acoustic_entropy": 6.0408244132995605,
          "acoustic_entropy_side": 6.0448222160339355,
          "hz": 3458.990205492291
        },
        {
          "acoustic_entropy": 6.531131267547607,
          "acoustic_entropy_side": 6.399832725524902,
          "hz": 3827.305438964164
        },
        {
          "acoustic_entropy": 6.341826438903809,
          "acoustic_entropy_side": 6.361716270446777,
          "hz": 4228.238232109126
        },
        {
          "acoustic_entropy": 6.38147497177124,
          "acoustic_entropy_side": 6.398087024688721,
          "hz": 4664.6771572759235
        },
        {
          "acoustic_entropy": 6.388962268829346,
          "acoustic_entropy_side": 6.417713642120361,
          "hz": 5139.766595350093
        },
        {
          "acoustic_entropy": 6.400678634643555,
          "acoustic_entropy_side": 6.4241509437561035,
          "hz": 5656.929389854203
        },
        {
          "acoustic_entropy": 6.400122165679932,
          "acoustic_entropy_side": 6.411581039428711,
          "hz": 6219.891507268283
        },
        {
          "acoustic_entropy": 6.403529644012451,
          "acoustic_entropy_side": 6.407427787780762,
          "hz": 6832.70888123896
        },
        {
          "acoustic_entropy": 6.284977912902832,
          "acoustic_entropy_side": 6.4118170738220215,
          "hz": 7499.796634079867
        },
        {
          "acoustic_entropy": 6.410285949707031,
          "acoustic_entropy_side": 6.420618534088135,
          "hz": 8225.96088609342
        },
        {
          "acoustic_entropy": 6.411223411560059,
          "acoustic_entropy_side": 6.421542644500732,
          "hz": 9016.43338188839
        },
        {
          "acoustic_entropy": 6.3845038414001465,
          "acoustic_entropy_side": 6.399502277374268,
          "hz": 9876.909183162974
        },
        {
          "acoustic_entropy": 6.363368988037109,
          "acoustic_entropy_side": 6.389089107513428,
          "hz": 10813.587699516042
        },
        {
          "acoustic_entropy": 6.376278400421143,
          "acoustic_entropy_side": 6.401909351348877,
          "hz": 11833.21735289826
        },
        {
          "acoustic_entropy": 6.367445945739746,
          "acoustic_entropy_side": 6.402493476867676,
          "hz": 12943.144197493959
        },
        {
          "acoustic_entropy": 6.360456943511963,
          "acoustic_entropy_side": 6.392007827758789,
          "hz": 14151.364845322005
        },
        {
          "acoustic_entropy": 6.369588375091553,
          "acoustic_entropy_side": 6.386951446533203,
          "hz": 15466.58407886509
        },
        {
          "acoustic_entropy": 6.338493347167969,
          "acoustic_entropy_side": 6.373965740203857,
          "hz": 16898.27756580493
        },
        {
          "acoustic_entropy": 6.345963001251221,
          "acoustic_entropy_side": 6.4064040184021,
          "hz": 18456.760127700032
        },
        {
          "acoustic_entropy": 6.366390228271484,
          "acoustic_entropy_side": 6.402903079986572,
          "hz": 20153.260054456492
        },
        {
          "acoustic_entropy": 6.396857261657715,
          "acoustic_entropy_side": 6.401167869567871,
          "hz": 22000.00000000001
        }
      ],
      "diff_acoustic_entropy": 4.763800621032715,
      "sn": 12
    },
    {
      "acoustic_entropy": 12.963334083557129,
      "acoustic_entropy_mono": 12.556234359741211,
      "band_eliminated_acoustic_entropies": [
        {
          "acoustic_entropy": 12.82620620727539,
          "acoustic_entropy_side": 12.838807106018066,
          "hz": 129.47220167065723
        },
        {
          "acoustic_entropy": 13.108173370361328,
          "acoustic_entropy_side": 12.641587257385254,
          "hz": 202.92927478742237
        },
        {
          "acoustic_entropy": 13.580450057983398,
          "acoustic_entropy_side": 13.151810646057129,
          "hz": 282.89161906338205
        },
        {
          "acoustic_entropy": 13.308806419372559,
          "acoustic_entropy_side": 12.62730598449707,
          "hz": 369.9353335868758
        },
        {
          "acoustic_entropy": 13.483494758605957,
          "acoustic_entropy_side": 13.053786277770996,
          "hz": 464.6875360973435
        },
        {
          "acoustic_entropy": 13.868183135986328,
          "acoustic_entropy_side": 13.554142951965332,
          "hz": 567.8308811364784
        },
        {
          "acoustic_entropy": 13.588242530822754,
          "acoustic_entropy_side": 14.026576042175293,
          "hz": 680.1084783214808
        },
        {
          "acoustic_entropy": 12.892074584960938,
          "acoustic_entropy_side": 13.37126350402832,
          "hz": 802.3292461747484
        },
        {
          "acoustic_entropy": 13.280216217041016,
          "acoustic_entropy_side": 13.126254081726074,
          "hz": 935.3737400823702
        },
        {
          "acoustic_entropy": 13.005021095275879,
          "acoustic_entropy_side": 12.92166805267334,
          "hz": 1080.2004963696966
        },
        {
          "acoustic_entropy": 13.353331565856934,
          "acoustic_entropy_side": 13.233766555786133,
          "hz": 1237.8529382007157
        },
        {
          "acoustic_entropy": 12.916303634643555,
          "acoustic_entropy_side": 12.988255500793457,
          "hz": 1409.4668930556702
        },
        {
          "acoustic_entropy": 13.00515079498291,
          "acoustic_entropy_side": 12.660149574279785,
          "hz": 1596.2787759475705
        },
        {
          "acoustic_entropy": 12.88838005065918,
          "acoustic_entropy_side": 13.063794136047363,
          "hz": 1799.6344973346393
        },
        {
          "acoustic_entropy": 12.899177551269531,
          "acoustic_entropy_side": 12.90691089630127,
          "hz": 2020.9991599069049
        },
        {
          "acoustic_entropy": 12.76866340637207,
          "acoustic_entropy_side": 12.599600791931152,
          "hz": 2261.9676141086993
        },
        {
          "acoustic_entropy": 13.65903377532959,
          "acoustic_entropy_side": 13.296076774597168,
          "hz": 2524.2759484456974
        },
        {
          "acoustic_entropy": 13.691194534301758,
          "acoustic_entropy_side": 13.50197982788086,
          "hz": 2809.813997359896
        },
        {
          "acoustic_entropy": 13.592098236083984,
          "acoustic_entropy_side": 13.333532333374023,
          "hz": 3120.6389567871424
        },
        {
          "acoustic_entropy": 13.007403373718262,
          "acoustic_entropy_side": 12.923295021057129,
          "hz": 3458.990205492291
        },
        {
