{
  "acoustic_entropy": 249.9439697265625,
  "bands": [
    {
      "high_freq": 148.1999969482422,
      "loudness": -32.666114807128906,
      "loudness_range": 15.358301162719727,
      "mid_mean": -29.737327575683594,
      "mid_to_side_loudness": -8.443466186523438,
      "mid_to_side_loudness_range": 10.497746467590332,
      "side_mean": -38.33912658691406
    },
    {
      "high_freq": 392.3793640136719,
      "loudness": -33.28822708129883,
      "loudness_range": 11.191705703735352,
      "low_freq": 148.1999969482422,
      "mid_mean": -30.89895248413086,
      "mid_to_side_loudness": -5.133193492889404,
      "mid_to_side_loudness_range": 7.084249496459961,
      "side_mean": -36.062889099121094
    },
    {
      "high_freq": 794.6976318359375,
      "loudness": -28.33696746826172,
      "loudness_range": 11.942131042480469,
      "low_freq": 392.3793640136719,
      "mid_mean": -25.223854064941406,
      "mid_to_side_loudness": -9.33312702178955,
      "mid_to_side_loudness_range": 10.551513671875,
      "side_mean": -34.76181411743164
    },
    {
      "high_freq": 1457.5709228515625,
      "loudness": -27.707733154296875,
      "loudness_range": 15.483776092529297,
      "low_freq": 794.6976318359375,
      "mid_mean": -24.66714096069336,
      "mid_to_side_loudness": -9.526694297790527,
      "mid_to_side_loudness_range": 13.022031784057617,
      "side_mean": -34.41997528076172
    },
    {
      "high_freq": 2549.74365234375,
      "loudness": -29.824413299560547,
      "loudness_range": 16.710216522216797,
      "low_freq": 1457.5709228515625,
      "mid_mean": -26.75404930114746,
      "mid_to_side_loudness": -9.981195449829102,
      "mid_to_side_loudness_range": 14.552576065063477,
      "side_mean": -37.01155471801758
    },
    {
      "high_freq": 4349.24462890625,
      "loudness": -35.435001373291016,
      "loudness_range": 16.815410614013672,
      "low_freq": 2549.74365234375,
      "mid_mean": -32.48394775390625,
      "mid_to_side_loudness": -8.566667556762695,
      "mid_to_side_loudness_range": 12.067526817321777,
      "side_mean": -41.25754928588867
    },
    {
      "high_freq": 7314.1640625,
      "loudness": -38.76594161987305,
      "loudness_range": 16.550392150878906,
      "low_freq": 4349.24462890625,
      "mid_mean": -35.80923080444336,
      "mid_to_side_loudness": -8.724258422851562,
      "mid_to_side_loudness_range": 11.220258712768555,
      "side_mean": -44.71329879760742
    },
    {
      "high_freq": 12199.2666015625,
      "loudness": -47.62004089355469,
      "loudness_range": 21.19760513305664,
      "low_freq": 7314.1640625,
      "mid_mean": -44.68954086303711,
      "mid_to_side_loudness": -11.5741548538208,
      "mid_to_side_loudness_range": 17.65712547302246,
      "side_mean": -56.8475456237793
    },
    {
      "loudness": -56.450469970703125,
      "loudness_range": 25.918071746826172,
      "low_freq": 12199.2666015625,
      "mid_mean": -53.48805618286133,
      "mid_to_side_loudness": -14.832616806030273,
      "mid_to_side_loudness_range": 22.405597686767578,
      "side_mean": -65.54450988769531
    }
  ],
  "bands_short": [
    {
      "high_freq": 148.1999969482422,
      "loudness": -36.29232406616211,
      "loudness_range": 22.46525001525879,
      "mid_mean": -33.75724792480469,
      "mid_to_side_loudness": -8.373177528381348,
      "mid_to_side_loudness_range": 19.118412017822266,
      "side_mean": -42.36408996582031
    },
    {
      "high_freq": 392.3793640136719,
      "loudness": -33.83232498168945,
      "loudness_range": 14.143688201904297,
      "low_freq": 148.1999969482422,
      "mid_mean": -31.588275909423828,
      "mid_to_side_loudness": -5.218170642852783,
      "mid_to_side_loudness_range": 11.134912490844727,
      "side_mean": -36.81510925292969
    },
    {
      "high_freq": 794.6976318359375,
      "loudness": -30.295190811157227,
      "loudness_range": 16.492345809936523,
      "low_freq": 392.3793640136719,
      "mid_mean": -27.49816131591797,
      "mid_to_side_loudness": -8.274707794189453,
      "mid_to_side_loudness_range": 15.301037788391113,
      "side_mean": -36.000850677490234
    },
    {
      "high_freq": 1457.5709228515625,
      "loudness": -28.558082580566406,
      "loudness_range": 17.952125549316406,
      "low_freq": 794.6976318359375,
      "mid_mean": -25.76471519470215,
      "mid_to_side_loudness": -9.021206855773926,
      "mid_to_side_loudness_range": 17.2586612701416,
      "side_mean": -35.00230026245117
    },
    {
      "high_freq": 2549.74365234375,
      "loudness": -31.902118682861328,
      "loudness_range": 22.19190216064453,
      "low_freq": 1457.5709228515625,
      "mid_mean": -29.190027236938477,
      "mid_to_side_loudness": -8.772462844848633,
      "mid_to_side_loudness_range": 18.0127010345459,
      "side_mean": -38.233402252197266
    },
    {
      "high_freq": 4349.24462890625,
      "loudness": -37.219154357910156,
      "loudness_range": 21.452951431274414,
      "low_freq": 2549.74365234375,
      "mid_mean": -34.53242492675781,
      "mid_to_side_loudness": -7.760234355926514,
      "mid_to_side_loudness_range": 15.433597564697266,
      "side_mean": -42.57828140258789
    },
    {
      "high_freq": 7314.1640625,
      "loudness": -40.395164489746094,
      "loudness_range": 22.070850372314453,
      "low_freq": 4349.24462890625,
      "mid_mean": -37.70119857788086,
      "mid_to_side_loudness": -7.961149215698242,
      "mid_to_side_loudness_range": 14.71753215789795,
      "side_mean": -46.062416076660156
    },
    {
      "high_freq": 12199.2666015625,
      "loudness": -51.21811294555664,
      "loudness_range": 29.415298461914062,
      "low_freq": 7314.1640625,
      "mid_mean": -48.669124603271484,
      "mid_to_side_loudness": -9.273578643798828,
      "mid_to_side_loudness_range": 18.23219871520996,
      "side_mean": -58.81695556640625
    },
    {
      "loudness": -60.209938049316406,
      "loudness_range": 28.744033813476562,
      "low_freq": 12199.2666015625,
      "mid_mean": -56.94162368774414,
      "mid_to_side_loudness": -10.859646797180176,
      "mid_to_side_loudness_range": 18.015636444091797,
      "side_mean": -66.26387023925781
    }
  ],
  "bandwidth": 831.9141845703125,
  "channels": 2,
  "covariance": [
    [
      32.173091888427734,
      20.323331832885742,
      4.015483856201172,
      6.962754726409912,
      2.6798009872436523,
      4.1334028244018555,
      2.8337881565093994,
      1.4455655813217163,
      -0.14909608662128448,
      -0.5738124251365662,
      1.666736364364624,
      2.8411147594451904,
      3.669701099395752,
      2.987987995147705,
      3.3072187900543213,
      3.4146833419799805,
      4.113719463348389,
      1.298261046409607
    ],
    [
      20.323331832885742,
      22.739727020263672,
      4.60738468170166,
      7.701020240783691,
      4.041629314422607,
      6.046290397644043,
      5.0838117599487305,
      2.251438856124878,
      2.4656331539154053,
      -0.5680748224258423,
      6.237944602966309,
      5.017226696014404,
      7.238633155822754,
      5.314101696014404,
      6.947900295257568,
      4.7570977210998535,
      8.142111778259277,
      1.8029398918151855
    ],
    [
      4.015483856201172,
      4.60738468170166,
      17.092012405395508,
      14.16071891784668,
      8.084970474243164,
      10.558530807495117,
      3.106755256652832,
      7.229926109313965,
      4.802822113037109,
      7.4570794105529785,
      2.9130148887634277,
      4.647763252258301,
      4.3391242027282715,
      6.919693470001221,
      2.1496047973632812,
      5.649126052856445,
      2.1989870071411133,
      0.18007932603359222
    ],
    [
      6.962754726409912,
      7.701020240783691,
      14.16071891784668,
      18.26900291442871,
      7.301478385925293,
      10.58455753326416,
      3.1201741695404053,
      6.752205848693848,
      5.592744827270508,
      7.585940837860107,
      2.8617522716522217,
      4.104361534118652,
      5.083080768585205,
      6.628951072692871,
      3.9229612350463867,
      6.006007194519043,
      4.328575134277344,
      0.3529561460018158
    ],
    [
      2.6798009872436523,
      4.041629314422607,
      8.084970474243164,
      7.301478385925293,
      19.958110809326172,
      15.059059143066406,
      5.745889663696289,
      0.7966578602790833,
      3.590183973312378,
      2.619814395904541,
      1.657996416091919,
      -1.539739727973938,
      2.1898932456970215,
      1.6749616861343384,
      -0.5987855792045593,
      -0.2717655599117279,
      0.6801612377166748,
      -4.056291103363037
    ],
    [
      4.1334028244018555,
      6.046290397644043,
      10.558530807495117,
      10.58455753326416,
      15.059059143066406,
      23.08860969543457,
      5.181696891784668,
      3.1645991802215576,
      -0.008314390666782856,
      1.2178969383239746,
      2.1933493614196777,
      1.3970595598220825,
      4.070053577423096,
      3.708064556121826,
      1.090099573135376,
      -1.2797971963882446,
      3.8890609741210938,
      -3.2047224044799805
    ],
    [
      2.8337881565093994,
      5.0838117599487305,
      3.106755256652832,
      3.1201741695404053,
      5.745889663696289,
      5.181696891784668,
      30.061382293701172,
      15.061399459838867,
      9.26113510131836,
      -6.42780876159668,
      19.65461540222168,
      6.032276153564453,
      18.1962833404541,
      7.1878275871276855,
      18.44610595703125,
      5.219671726226807,
      17.75690269470215,
      0.32824113965034485
    ],
    [
      1.4455655813217163,
      2.251438856124878,
      7.229926109313965,
      6.752205848693848,
      0.7966578602790833,
      3.1645991802215576,
      15.061399459838867,
      21.798965454101562,
      3.670379400253296,
      2.654745101928711,
      9.23282527923584,
      8.821672439575195,
      9.142709732055664,
      10.016922950744629,
      6.076016426086426,
      7.571266174316406,
      3.2438955307006836,
      2.8207449913024902
    ],
    [
      -0.14909608662128448,
      2.4656331539154053,
      4.802822113037109,
      5.592744827270508,
      3.590183973312378,
      -0.008314390666782856,
      9.26113510131836,
      3.670379400253296,
      35.82912826538086,
      21.26346206665039,
      24.00986099243164,
      10.282411575317383,
      24.012794494628906,
      14.967183113098145,
      26.2396297454834,
      16.068620681762695,
      17.593679428100586,
      4.302621841430664
    ],
    [
      -0.5738124251365662,
      -0.5680748224258423,
      7.4570794105529785,
      7.585940837860107,
      2.619814395904541,
      1.2178969383239746,
      -6.42780876159668,
      2.654745101928711,
      21.26346206665039,
      31.975418090820312,
      3.528247117996216,
      8.524690628051758,
      3.562957763671875,
      10.965846061706543,
      0.9740167260169983,
      11.763172149658203,
      -7.6710381507873535,
      3.036677360534668
    ],
    [
      1.666736364364624,
      6.237944602966309,
      2.9130148887634277,
      2.8617522716522217,
      1.657996416091919,
      2.1933493614196777,
      19.65461540222168,
      9.23282527923584,
      24.00986099243164,
      3.528247117996216,
      37.02676010131836,
      18.826366424560547,
      33.20043182373047,
      19.582595825195312,
      35.14565658569336,
      17.625244140625,
      30.381771087646484,
      9.240431785583496
    ],
    [
      2.8411147594451904,
      5.017226696014404,
      4.647763252258301,
      4.104361534118652,
      -1.539739727973938,
      1.3970595598220825,
      6.032276153564453,
      8.821672439575195,
      10.282411575317383,
      8.524690628051758,
      18.826366424560547,
      21.191204071044922,
      16.506866455078125,
      17.490781784057617,
      15.113934516906738,
      15.20971393585205,
      11.23580265045166,
      10.50304126739502
    ],
    [
      3.669701099395752,
      7.238633155822754,
      4.3391242027282715,
      5.083080768585205,
      2.1898932456970215,
      4.070053577423096,
      18.1962833404541,
      9.142709732055664,
      24.012794494628906,
      3.562957763671875,
      33.20043182373047,
      16.506866455078125,
      39.994239807128906,
      23.42180824279785,
      46.022560119628906,
      22.14811897277832,
      42.11167526245117,
      11.08411693572998
    ],
    [
      2.987987995147705,
      5.314101696014404,
      6.919693470001221,
      6.628951072692871,
      1.6749616861343384,
      3.708064556121826,
      7.1878275871276855,
      10.016922950744629,
      14.967183113098145,
      10.965846061706543,
      19.582595825195312,
      17.490781784057617,
      23.42180824279785,
      24.680091857910156,
      21.9224910736084,
      21.31471061706543,
      16.70001792907715,
      11.461226463317871
    ],
    [
      3.3072187900543213,
      6.947900295257568,
      2.1496047973632812,
      3.9229612350463867,
      -0.5987855792045593,
      1.090099573135376,
      18.44610595703125,
      6.076016426086426,
      26.2396297454834,
      0.9740167260169983,
      35.14565658569336,
      15.113934516906738,
      46.022560119628906,
      21.9224910736084,
      68.63172912597656,
      26.98285675048828,
      68.00080871582031,
      13.667925834655762
    ],
    [
      3.4146833419799805,
      4.7570977210998535,
      5.649126052856445,
      6.006007194519043,
      -0.2717655599117279,
      -1.2797971963882446,
      5.219671726226807,
      7.571266174316406,
      16.068620681762695,
      11.763172149658203,
      17.625244140625,
      15.20971393585205,
      22.14811897277832,
      21.31471061706543,
      26.98285675048828,
      33.989681243896484,
      31.731781005859375,
      15.37926959991455
    ],
    [
      4.113719463348389,
      8.142111778259277,
      2.1989870071411133,
      4.328575134277344,
      0.6801612377166748,
      3.8890609741210938,
      17.75690269470215,
      3.2438955307006836,
      17.593679428100586,
      -7.6710381507873535,
      30.381771087646484,
      11.23580265045166,
      42.11167526245117,
      16.70001792907715,
      68.00080871582031,
      31.731781005859375,
      89.96267700195312,
      16.386524200439453
    ],
    [
      1.298261046409607,
      1.8029398918151855,
      0.18007932603359222,
      0.3529561460018158,
      -4.056291103363037,
      -3.2047224044799805,
      0.32824113965034485,
      2.8207449913024902,
      4.302621841430664,
      3.036677360534668,
      9.240431785583496,
      10.50304126739502,
      11.08411693572998,
      11.461226463317871,
      13.667925834655762,
      15.37926959991455,
      16.386524200439453,
      13.146184921264648
    ]
  ],
  "covariance_short": [
    [
      68.39293670654297,
      35.32267761230469,
      16.885509490966797,
      16.711936950683594,
      10.657357215881348,
      6.740809440612793,
      8.454100608825684,
      4.310938835144043,
      5.180786609649658,
      1.7411556243896484,
      5.5480499267578125,
      4.661988735198975,
      9.114337921142578,
      6.212471961975098,
      13.85303020477295,
      11.118252754211426,
      14.028114318847656,
      1.5633435249328613
    ],
    [
      35.32267761230469,
      47.635398864746094,
      8.48611831665039,
      10.848795890808105,
      8.826932907104492,
      8.237645149230957,
      12.524516105651855,
      4.165205001831055,
      6.713173866271973,
      -2.549372911453247,
      11.577727317810059,
      4.894077301025391,
      14.470990180969238,
      9.036724090576172,
      19.775981903076172,
      12.114396095275879,
      15.662762641906738,
      1.4484367370605469
    ],
    [
      16.885509490966797,
      8.48611831665039,
      28.91761589050293,
      20.514644622802734,
      17.40538787841797,
      13.90749454498291,
      8.48117733001709,
      6.829092979431152,
      10.854552268981934,
      8.92982006072998,
      8.160343170166016,
      6.049170970916748,
      10.129692077636719,
      9.50668716430664,
      12.17674732208252,
      8.457881927490234,
      9.866541862487793,
      1.0485082864761353
    ],
    [
      16.711936950683594,
      10.848795890808105,
      20.514644622802734,
      27.365564346313477,
      13.694108963012695,
      13.722992897033691,
      6.601286888122559,
      6.748902797698975,
      9.377866744995117,
      8.91851806640625,
      6.01883602142334,
      4.983885765075684,
      7.532008171081543,
      8.291499137878418,
      8.818536758422852,
      7.761416435241699,
      6.159968852996826,
      0.2175692617893219
    ],
    [
      10.657357215881348,
      8.826932907104492,
      17.40538787841797,
      13.694108963012695,
      40.35517883300781,
      24.082307815551758,
      17.451732635498047,
      5.401573657989502,
      17.201156616210938,
      8.06084156036377,
      13.964715003967285,
      3.876386880874634,
      15.858964920043945,
      9.881775856018066,
      13.088554382324219,
      4.888870716094971,
      7.984582901000977,
      -3.446244955062866
    ],
    [
      6.740809440612793,
      8.237645149230957,
      13.90749454498291,
      13.722992897033691,
      24.082307815551758,
      35.30589294433594,
      8.825956344604492,
      7.585012912750244,
      5.140896797180176,
      6.455930709838867,
      5.935641288757324,
      4.412603855133057,
      8.307343482971191,
      7.994750022888184,
      4.582302570343018,
      2.222923994064331,
      3.4415085315704346,
      -2.5326273441314697
    ],
    [
      8.454100608825684,
      12.524516105651855,
      8.48117733001709,
      6.601286888122559,
      17.451732635498047,
      8.825956344604492,
      47.34949493408203,
      17.86213493347168,
      27.50259780883789,
      2.411991834640503,
      33.18932342529297,
      11.424694061279297,
      32.89889144897461,
      15.168108940124512,
      35.43708419799805,
      12.301725387573242,
      22.908695220947266,
      0.29727914929389954
    ],
    [
      4.310938835144043,
      4.165205001831055,
      6.829092979431152,
      6.748902797698975,
      5.401573657989502,
      7.585012912750244,
      17.86213493347168,
      27.122215270996094,
      7.045432090759277,
      6.568039894104004,
      14.181323051452637,
      14.130573272705078,
      12.94606876373291,
      14.32425594329834,
      12.626577377319336,
      11.560344696044922,
      7.036064147949219,
      3.9813990592956543
    ],
    [
      5.180786609649658,
      6.713173866271973,
      10.854552268981934,
      9.377866744995117,
      17.201156616210938,
      5.140896797180176,
      27.50259780883789,
      7.045432090759277,
      63.97100830078125,
      29.2200927734375,
      45.259437561035156,
      17.916725158691406,
      45.738136291503906,
      26.411048889160156,
      51.99179458618164,
      26.148038864135742,
      30.16769027709961,
      5.019661903381348
    ],
    [
      1.7411556243896484,
      -2.549372911453247,
      8.92982006072998,
      8.91851806640625,
      8.06084156036377,
      6.455930709838867,
      2.411991834640503,
      6.568039894104004,
      29.2200927734375,
      37.99040985107422,
      12.708508491516113,
      15.621857643127441,
      11.8073091506958,
      18.009923934936523,
      14.84803581237793,
      17.782350540161133,
      4.124162197113037,
      5.906439304351807
    ],
    [
      5.5480499267578125,
      11.577727317810059,
      8.160343170166016,
      6.01883602142334,
      13.964715003967285,
      5.935641288757324,
      33.18932342529297,
      14.181323051452637,
      45.259437561035156,
      12.708508491516113,
      60.9357795715332,
      30.63627815246582,
      52.355045318603516,
      32.544044494628906,
      55.49568557739258,
      29.10414695739746,
      35.69692611694336,
      10.089730262756348
    ],
    [
      4.661988735198975,
      4.894077301025391,
      6.049170970916748,
      4.983885765075684,
      3.876386880874634,
      4.412603855133057,
      11.424694061279297,
      14.130573272705078,
      17.916725158691406,
      15.621857643127441,
      30.63627815246582,
      35.04888153076172,
      24.637535095214844,
      27.968515396118164,
      25.494951248168945,
      23.87972068786621,
      14.982699394226074,
      12.71242904663086
    ],
    [
      9.114337921142578,
      14.470990180969238,
      10.129692077636719,
      7.532008171081543,
      15.858964920043945,
      8.307343482971191,
      32.89889144897461,
      12.94606876373291,
      45.738136291503906,
      11.8073091506958,
      52.355045318603516,
      24.637535095214844,
      67.9060287475586,
      36.444820404052734,
      75.88712310791016,
      32.76518249511719,
      54.903419494628906,
      11.705195426940918
    ],
    [
      6.212471961975098,
      9.036724090576172,
      9.50668716430664,
      8.291499137878418,
      9.881775856018066,
      7.994750022888184,
      15.168108940124512,
      14.32425594329834,
      26.411048889160156,
      18.009923934936523,
      32.544044494628906,
      27.968515396118164,
      36.444820404052734,
      40.942256927490234,
      37.41352081298828,
      34.0905647277832,
      21.70919418334961,
      13.671774864196777
    ],
    [
      13.85303020477295,
      19.775981903076172,
      12.17674732208252,
      8.818536758422852,
      13.088554382324219,
      4.582302570343018,
      35.43708419799805,
      12.626577377319336,
      51.99179458618164,
      14.84803581237793,
      55.49568557739258,
      25.494951248168945,
      75.88712310791016,
      37.41352081298828,
      109.01547241210938,
      42.68994903564453,
      83.9520034790039,
      15.998629570007324
    ],
    [
      11.118252754211426,
      12.114396095275879,
      8.457881927490234,
      7.761416435241699,
      4.888870716094971,
      2.222923994064331,
      12.301725387573242,
      11.560344696044922,
      26.148038864135742,
      17.782350540161133,
      29.10414695739746,
      23.87972068786621,
      32.76518249511719,
      34.0905647277832,
      42.68994903564453,
      49.13267135620117,
      31.551626205444336,
      18.440372467041016
    ],
    [
      14.028114318847656,
      15.662762641906738,
      9.866541862487793,
      6.159968852996826,
      7.984582901000977,
      3.4415085315704346,
      22.908695220947266,
      7.036064147949219,
      30.16769027709961,
      4.124162197113037,
      35.69692611694336,
      14.982699394226074,
      54.903419494628906,
      21.70919418334961,
      83.9520034790039,
      31.551626205444336,
      84.59121704101562,
      15.337495803833008
    ],
    [
      1.5633435249328613,
      1.4484367370605469,
      1.0485082864761353,
      0.2175692617893219,
      -3.446244955062866,
      -2.5326273441314697,
      0.29727914929389954,
      3.9813990592956543,
      5.019661903381348,
      5.906439304351807,
      10.089730262756348,
      12.71242904663086,
      11.705195426940918,
      13.671774864196777,
      15.998629570007324,
      18.440372467041016,
      15.337495803833008,
      16.351991653442383
    ]
  ],
  "damage": -11.885533332824707,
  "diff_bandwidth": 831.1947021484375,
  "dissonance": 5.200285210281387,
  "drr": 10.219658851623535,
  "dynamics": 3.2418882846832275,
  "format": 1245190,
  "frames": 4192192,
  "loudness": -17.5002498626709,
  "loudness_range": 7.2938079833984375,
  "loudness_range_short": 12.435612678527832,
  "lowpass_true_peak_15khz": -1.0637423992156982,
  "mastering3_acoustic_entropies": [
    {
      "acoustic_entropy": 8.879704475402832,
      "acoustic_entropy_mono": 9.987550735473633,
      "band_eliminated_acoustic_entropies": [
        {
          "acoustic_entropy": 9.013407707214355,
          "acoustic_entropy_side": 8.896016120910645,
          "hz": 129.47220167065723
        },
        {
          "acoustic_entropy": 9.265419960021973,
          "acoustic_entropy_side": 8.951446533203125,
          "hz": 202.92927478742237
        },
        {
          "acoustic_entropy": 8.933023452758789,
          "acoustic_entropy_side": 8.931892395019531,
          "hz": 282.89161906338205
        },
        {
          "acoustic_entropy": 8.94946002960205,
          "acoustic_entropy_side": 9.052460670471191,
          "hz": 369.9353335868758
        },
        {
          "acoustic_entropy": 8.955638885498047,
          "acoustic_entropy_side": 9.062994956970215,
          "hz": 464.6875360973435
        },
        {
          "acoustic_entropy": 8.614069938659668,
          "acoustic_entropy_side": 9.022754669189453,
          "hz": 567.8308811364784
        },
        {
          "acoustic_entropy": 8.799399375915527,
          "acoustic_entropy_side": 9.028504371643066,
          "hz": 680.1084783214808
        },
        {
          "acoustic_entropy": 8.936972618103027,
          "acoustic_entropy_side": 9.008818626403809,
          "hz": 802.3292461747484
        },
        {
          "acoustic_entropy": 8.950063705444336,
          "acoustic_entropy_side": 9.44836711883545,
          "hz": 935.3737400823702
        },
        {
          "acoustic_entropy": 8.779731750488281,
          "acoustic_entropy_side": 9.519281387329102,
          "hz": 1080.2004963696966
        },
        {
          "acoustic_entropy": 9.49705982208252,
          "acoustic_entropy_side": 9.293359756469727,
          "hz": 1237.8529382007157
        },
        {
          "acoustic_entropy": 8.403340339660645,
          "acoustic_entropy_side": 8.742557525634766,
          "hz": 1409.4668930556702
        },
        {
          "acoustic_entropy": 8.434222221374512,
          "acoustic_entropy_side": 8.511585235595703,
          "hz": 1596.2787759475705
        },
        {
          "acoustic_entropy": 9.189188957214355,
          "acoustic_entropy_side": 9.313862800598145,
          "hz": 1799.6344973346393
        },
        {
          "acoustic_entropy": 8.939366340637207,
          "acoustic_entropy_side": 8.966639518737793,
          "hz": 2020.9991599069049
        },
        {
          "acoustic_entropy": 9.084388732910156,
          "acoustic_entropy_side": 8.915834426879883,
          "hz": 2261.9676141086993
        },
        {
          "acoustic_entropy": 8.727211952209473,
          "acoustic_entropy_side": 8.919222831726074,
          "hz": 2524.2759484456974
        },
        {
          "acoustic_entropy": 8.49557113647461,
          "acoustic_entropy_side": 8.989982604980469,
          "hz": 2809.813997359896
        },
        {
          "acoustic_entropy": 8.72335147857666,
          "acoustic_entropy_side": 9.027073860168457,
          "hz": 3120.6389567871424
        },
        {
          "acoustic_entropy": 8.053972244262695,
          "acoustic_entropy_side": 8.96692943572998,
          "hz": 3458.990205492291
        },
        {
          "acoustic_entropy": 9.378116607666016,
          "acoustic_entropy_side": 8.977865219116211,
          "hz": 3827.305438964164
        },
        {
          "acoustic_entropy": 8.760237693786621,
          "acoustic_entropy_side": 8.97300910949707,
          "hz": 4228.238232109126
        },
        {
          "acoustic_entropy": 9.3767728805542,
          "acoustic_entropy_side": 9.253194808959961,
          "hz": 4664.6771572759235
        },
        {
          "acoustic_entropy": 9.106298446655273,
          "acoustic_entropy_side": 9.218509674072266,
          "hz": 5139.766595350093
        },
        {
          "acoustic_entropy": 8.79055118560791,
          "acoustic_entropy_side": 8.917863845825195,
          "hz": 5656.929389854203
        },
        {
          "acoustic_entropy": 9.056450843811035,
          "acoustic_entropy_side": 8.878775596618652,
          "hz": 6219.891507268283
        },
        {
          "acoustic_entropy": 8.961277961730957,
          "acoustic_entropy_side": 8.88757038116455,
          "hz": 6832.70888123896
        },
        {
          "acoustic_entropy": 8.841157913208008,
          "acoustic_entropy_side": 8.882237434387207,
          "hz": 7499.796634079867
        },
        {
          "acoustic_entropy": 8.895069122314453,
          "acoustic_entropy_side": 8.881532669067383,
          "hz": 8225.96088609342
        },
        {
          "acoustic_entropy": 8.849754333496094,
          "acoustic_entropy_side": 8.881726264953613,
          "hz": 9016.43338188839
        },
        {
          "acoustic_entropy": 8.870991706848145,
          "acoustic_entropy_side": 8.881912231445312,
          "hz": 9876.909183162974
        },
        {
          "acoustic_entropy": 8.845125198364258,
          "acoustic_entropy_side": 8.882476806640625,
          "hz": 10813.587699516042
        },
        {
          "acoustic_entropy": 8.788808822631836,
          "acoustic_entropy_side": 8.879850387573242,
          "hz": 11833.21735289826
        },
        {
          "acoustic_entropy": 8.781877517700195,
          "acoustic_entropy_side": 8.879780769348145,
          "hz": 12943.144197493959
        },
        {
          "acoustic_entropy": 8.942670822143555,
          "acoustic_entropy_side": 8.879740715026855,
          "hz": 14151.364845322005
        },
        {
          "acoustic_entropy": 8.879863739013672,
          "acoustic_entropy_side": 8.879738807678223,
          "hz": 15466.58407886509
        },
        {
          "acoustic_entropy": 8.909937858581543,
          "acoustic_entropy_side": 8.87975788116455,
          "hz": 16898.27756580493
        },
        {
          "acoustic_entropy": 8.914753913879395,
          "acoustic_entropy_side": 8.879714965820312,
          "hz": 18456.760127700032
        },
        {
          "acoustic_entropy": 8.910918235778809,
          "acoustic_entropy_side": 8.879706382751465,
          "hz": 20153.260054456492
        },
        {
          "acoustic_entropy": 8.881375312805176,
          "acoustic_entropy_side": 8.879704475402832,
          "hz": 22000.00000000001
        }
      ],
      "diff_acoustic_entropy": 8.276924133300781,
      "sn": 6
    },
    {
      "acoustic_entropy": 15.459901809692383,
      "acoustic_entropy_mono": 13.836075782775879,
      "band_eliminated_acoustic_entropies": [
        {
          "acoustic_entropy": 15.096090316772461,
          "acoustic_entropy_side": 15.491435050964355,
          "hz": 129.47220167065723
        },
        {
          "acoustic_entropy": 15.389142036437988,
          "acoustic_entropy_side": 15.558445930480957,
          "hz": 202.92927478742237
        },
        {
          "acoustic_entropy": 15.708520889282227,
          "acoustic_entropy_side": 15.57409381866455,
          "hz": 282.89161906338205
        },
        {
          "acoustic_entropy": 14.613560676574707,
          "acoustic_entropy_side": 15.382434844970703,
          "hz": 369.9353335868758
        },
        {
          "acoustic_entropy": 14.942525863647461,
          "acoustic_entropy_side": 15.232999801635742,
          "hz": 464.6875360973435
        },
        {
          "acoustic_entropy": 14.416938781738281,
          "acoustic_entropy_side": 14.519810676574707,
          "hz": 567.8308811364784
        },
        {
          "acoustic_entropy": 15.319692611694336,
          "acoustic_entropy_side": 15.33551025390625,
          "hz": 680.1084783214808
        },
        {
          "acoustic_entropy": 15.500616073608398,
          "acoustic_entropy_side": 15.08815860748291,
          "hz": 802.3292461747484
        },
        {
          "acoustic_entropy": 14.604357719421387,
          "acoustic_entropy_side": 15.35599422454834,
          "hz": 935.3737400823702
        },
        {
          "acoustic_entropy": 15.361072540283203,
          "acoustic_entropy_side": 15.113978385925293,
          "hz": 1080.2004963696966
        },
        {
          "acoustic_entropy": 16.011981964111328,
          "acoustic_entropy_side": 15.617898941040039,
          "hz": 1237.8529382007157
        },
        {
          "acoustic_entropy": 14.420082092285156,
          "acoustic_entropy_side": 15.36184024810791,
          "hz": 1409.4668930556702
        },
        {
          "acoustic_entropy": 15.161402702331543,
          "acoustic_entropy_side": 15.565814971923828,
          "hz": 1596.2787759475705
        },
        {
          "acoustic_entropy": 14.916966438293457,
          "acoustic_entropy_side": 15.0280179977417,
          "hz": 1799.6344973346393
        },
        {
          "acoustic_entropy": 15.319018363952637,
          "acoustic_entropy_side": 15.74312686920166,
          "hz": 2020.9991599069049
        },
        {
          "acoustic_entropy": 15.169245719909668,
          "acoustic_entropy_side": 15.600433349609375,
          "hz": 2261.9676141086993
        },
        {
          "acoustic_entropy": 13.92247486114502,
          "acoustic_entropy_side": 15.193493843078613,
          "hz": 2524.2759484456974
        },
        {
          "acoustic_entropy": 15.273333549499512,
          "acoustic_entropy_side": 15.447422981262207,
          "hz": 2809.813997359896
        },
        {
          "acoustic_entropy": 15.201376914978027,
          "acoustic_entropy_side": 15.426820755004883,
          "hz": 3120.6389567871424
        },
        {
          "acoustic_entropy": 14.606874465942383,
          "acoustic_entropy_side": 14.856907844543457,
          "hz": 3458.990205492291
        },
        {
          "acoustic_entropy": 15.512049674987793,
          "acoustic_entropy_side": 15.382580757141113,
          "hz": 3827.305438964164
        },
        {
          "acoustic_entropy": 14.775832176208496,
          "acoustic_entropy_side": 15.425650596618652,
          "hz": 4228.238232109126
        },
        {
          "acoustic_entropy": 15.432103157043457,
          "acoustic_entropy_side": 15.327042579650879,
          "hz": 4664.6771572759235
        },
        {
          "acoustic_entropy": 15.11757755279541,
          "acoustic_entropy_side": 15.371058464050293,
          "hz": 5139.766595350093
        },
        {
          "acoustic_entropy": 15.177361488342285,
          "acoustic_entropy_side": 15.439271926879883,
          "hz": 5656.929389854203
        },
        {
          "acoustic_entropy": 15.423184394836426,
          "acoustic_entropy_side": 15.418991088867188,
          "hz": 6219.891507268283
        },
        {
          "acoustic_entropy": 15.557565689086914,
          "acoustic_entropy_side": 15.445108413696289,
          "hz": 6832.70888123896
        },
        {
          "acoustic_entropy": 15.384425163269043,
          "acoustic_entropy_side": 15.449172019958496,
          "hz": 7499.796634079867
        },
        {
          "acoustic_entropy": 15.41762638092041,
          "acoustic_entropy_side": 15.454873085021973,
          "hz": 8225.96088609342
        },
        {
          "acoustic_entropy": 15.494261741638184,
          "acoustic_entropy_side": 15.45505428314209,
          "hz": 9016.43338188839
        },
        {
          "acoustic_entropy": 15.45541000366211,
          "acoustic_entropy_side": 15.45628547668457,
          "hz": 9876.909183162974
        },
        {
          "acoustic_entropy": 15.498804092407227,
          "acoustic_entropy_side": 15.454239845275879,
          "hz": 10813.587699516042
        },
        {
          "acoustic_entropy": 15.499594688415527,
          "acoustic_entropy_side": 15.459317207336426,
          "hz": 11833.21735289826
        },
        {
          "acoustic_entropy": 15.380398750305176,
          "acoustic_entropy_side": 15.459549903869629,
          "hz": 12943.144197493959
        },
        {
          "acoustic_entropy": 15.495709419250488,
          "acoustic_entropy_side": 15.459769248962402,
          "hz": 14151.364845322005
        },
        {
          "acoustic_entropy": 15.494503021240234,
          "acoustic_entropy_side": 15.459830284118652,
          "hz": 15466.58407886509
        },
        {
          "acoustic_entropy": 15.549887657165527,
          "acoustic_entropy_side": 15.45971393585205,
          "hz": 16898.27756580493
        },
        {
          "acoustic_entropy": 15.589093208312988,
          "acoustic_entropy_side": 15.459868431091309,
          "hz": 18456.760127700032
        },
        {
          "acoustic_entropy": 15.57860279083252,
          "acoustic_entropy_side": 15.4598970413208,
          "hz": 20153.260054456492
        },
        {
          "acoustic_entropy": 15.472135543823242,
          "acoustic_entropy_side": 15.459901809692383,
          "hz": 22000.00000000001
        }
      ],
      "diff_acoustic_entropy": 13.983741760253906,
      "sn": 12
    },
    {
      "acoustic_entropy": 23.150299072265625,
      "acoustic_entropy_mono": 20.12287139892578,
      "band_eliminated_acoustic_entropies": [
        {
          "acoustic_entropy": 21.855207443237305,
          "acoustic_entropy_side": 22.905946731567383,
          "hz": 129.47220167065723
        },
        {
          "acoustic_entropy": 23.293745040893555,
          "acoustic_entropy_side": 23.10725212097168,
          "hz": 202.92927478742237
        },
        {
          "acoustic_entropy": 23.645605087280273,
          "acoustic_entropy_side": 23.25320816040039,
          "hz": 282.89161906338205
        },
        {
          "acoustic_entropy": 23.04698371887207,
          "acoustic_entropy_side": 23.876741409301758,
          "hz": 369.9353335868758
        },
        {
          "acoustic_entropy": 23.679607391357422,
          "acoustic_entropy_side": 23.45978355407715,
          "hz": 464.6875360973435
        },
        {
          "acoustic_entropy": 24.550798416137695,
          "acoustic_entropy_side": 24.250951766967773,
          "hz": 567.8308811364784
        },
        {
          "acoustic_entropy": 23.895158767700195,
          "acoustic_entropy_side": 23.697099685668945,
          "hz": 680.1084783214808
        },
        {
          "acoustic_entropy": 24.19277572631836,
          "acoustic_entropy_side": 23.635272979736328,
          "hz": 802.3292461747484
        },
        {
          "acoustic_entropy": 22.751523971557617,
          "acoustic_entropy_side": 23.650209426879883,
          "hz": 935.3737400823702
        },
        {
          "acoustic_entropy": 23.386444091796875,
          "acoustic_entropy_side": 23.469263076782227,
          "hz": 1080.2004963696966
        },
        {
          "acoustic_entropy": 22.360652923583984,
          "acoustic_entropy_side": 23.315139770507812,
          "hz": 1237.8529382007157
        },
        {
          "acoustic_entropy": 23.710540771484375,
          "acoustic_entropy_side": 23.391983032226562,
          "hz": 1409.4668930556702
        },
        {
          "acoustic_entropy": 23.379825592041016,
          "acoustic_entropy_side": 23.435728073120117,
          "hz": 1596.2787759475705
        },
        {
          "acoustic_entropy": 23.419384002685547,
          "acoustic_entropy_side": 23.718326568603516,
          "hz": 1799.6344973346393
        },
        {
          "acoustic_entropy": 23.113054275512695,
          "acoustic_entropy_side": 23.832942962646484,
          "hz": 2020.9991599069049
        },
        {
          "acoustic_entropy": 23.98509979248047,
          "acoustic_entropy_side": 23.729394912719727,
          "hz": 2261.9676141086993
        },
        {
          "acoustic_entropy": 24.18398666381836,
          "acoustic_entropy_side": 24.09265899658203,
          "hz": 2524.2759484456974
        },
        {
          "acoustic_entropy": 23.03757095336914,
          "acoustic_entropy_side": 23.51604461669922,
          "hz": 2809.813997359896
        },
        {
          "acoustic_entropy": 23.196975708007812,
          "acoustic_entropy_side": 23.321043014526367,
