{
  "acoustic_entropy": 213.50247192382812,
  "bands": [
    {
      "high_freq": 148.1999969482422,
      "loudness": -36.49665069580078,
      "loudness_range": 21.79044532775879,
      "mid_mean": -35.6516227722168,
      "mid_to_side_loudness": -1.1102360486984253,
      "mid_to_side_loudness_range": 8.836009979248047,
      "side_mean": -36.73771667480469
    },
    {
      "high_freq": 392.3793640136719,
      "loudness": -33.12479019165039,
      "loudness_range": 19.440523147583008,
      "low_freq": 148.1999969482422,
      "mid_mean": -32.15504837036133,
      "mid_to_side_loudness": -1.0553480386734009,
      "mid_to_side_loudness_range": 6.927536487579346,
      "side_mean": -33.32542037963867
    },
    {
      "high_freq": 794.6976318359375,
      "loudness": -30.684310913085938,
      "loudness_range": 18.83821678161621,
      "low_freq": 392.3793640136719,
      "mid_mean": -29.380891799926758,
      "mid_to_side_loudness": -1.7126023769378662,
      "mid_to_side_loudness_range": 6.759068012237549,
      "side_mean": -31.184600830078125
    },
    {
      "high_freq": 1457.5709228515625,
      "loudness": -32.058284759521484,
      "loudness_range": 24.19187355041504,
      "low_freq": 794.6976318359375,
      "mid_mean": -30.71293067932129,
      "mid_to_side_loudness": -1.728753924369812,
      "mid_to_side_loudness_range": 5.633099555969238,
      "side_mean": -32.55480194091797
    },
    {
      "high_freq": 2549.74365234375,
      "loudness": -33.84881591796875,
      "loudness_range": 23.836925506591797,
      "low_freq": 1457.5709228515625,
      "mid_mean": -32.70552444458008,
      "mid_to_side_loudness": -1.185381293296814,
      "mid_to_side_loudness_range": 4.218732833862305,
      "side_mean": -33.96444320678711
    },
    {
      "high_freq": 4349.24462890625,
      "loudness": -39.643577575683594,
      "loudness_range": 26.68327522277832,
      "low_freq": 2549.74365234375,
      "mid_mean": -38.820640563964844,
      "mid_to_side_loudness": -0.5907232165336609,
      "mid_to_side_loudness_range": 2.7448744773864746,
      "side_mean": -39.38380432128906
    },
    {
      "high_freq": 7314.1640625,
      "loudness": -49.12228012084961,
      "loudness_range": 30.658618927001953,
      "low_freq": 4349.24462890625,
      "mid_mean": -48.704444885253906,
      "mid_to_side_loudness": -0.19635017216205597,
      "mid_to_side_loudness_range": 2.0284433364868164,
      "side_mean": -48.90709686279297
    },
    {
      "high_freq": 12199.2666015625,
      "loudness": -59.991397857666016,
      "loudness_range": 30.645225524902344,
      "low_freq": 7314.1640625,
      "mid_mean": -58.6739501953125,
      "mid_to_side_loudness": -0.2704848051071167,
      "mid_to_side_loudness_range": 1.7584826946258545,
      "side_mean": -58.8868408203125
    },
    {
      "loudness": -71.20538330078125,
      "loudness_range": 23.370620727539062,
      "low_freq": 12199.2666015625,
      "mid_mean": -65.79054260253906,
      "mid_to_side_loudness": -0.10959780216217041,
      "mid_to_side_loudness_range": 0.734528660774231,
      "side_mean": -65.86421203613281
    }
  ],
  "bands_short": [
    {
      "high_freq": 148.1999969482422,
      "loudness": -39.6054573059082,
      "loudness_range": 23.475196838378906,
      "mid_mean": -39.60680389404297,
      "mid_to_side_loudness": -0.8178918957710266,
      "mid_to_side_loudness_range": 13.844619750976562,
      "side_mean": -40.28715133666992
    },
    {
      "high_freq": 392.3793640136719,
      "loudness": -33.18770217895508,
      "loudness_range": 20.59699058532715,
      "low_freq": 148.1999969482422,
      "mid_mean": -32.34652328491211,
      "mid_to_side_loudness": -1.114715576171875,
      "mid_to_side_loudness_range": 10.120218276977539,
      "side_mean": -33.548892974853516
    },
    {
      "high_freq": 794.6976318359375,
      "loudness": -30.879287719726562,
      "loudness_range": 19.88582992553711,
      "low_freq": 392.3793640136719,
      "mid_mean": -29.770349502563477,
      "mid_to_side_loudness": -1.6072052717208862,
      "mid_to_side_loudness_range": 11.017720222473145,
      "side_mean": -31.500137329101562
    },
    {
      "high_freq": 1457.5709228515625,
      "loudness": -32.294708251953125,
      "loudness_range": 24.625656127929688,
      "low_freq": 794.6976318359375,
      "mid_mean": -31.14333724975586,
      "mid_to_side_loudness": -1.619728684425354,
      "mid_to_side_loudness_range": 9.822454452514648,
      "side_mean": -32.85080337524414
    },
    {
      "high_freq": 2549.74365234375,
      "loudness": -34.22257614135742,
      "loudness_range": 24.618261337280273,
      "low_freq": 1457.5709228515625,
      "mid_mean": -33.19905471801758,
      "mid_to_side_loudness": -1.2115910053253174,
      "mid_to_side_loudness_range": 7.7303290367126465,
      "side_mean": -34.4730339050293
    },
    {
      "high_freq": 4349.24462890625,
      "loudness": -39.577335357666016,
      "loudness_range": 26.598163604736328,
      "low_freq": 2549.74365234375,
      "mid_mean": -38.82326889038086,
      "mid_to_side_loudness": -0.5247800350189209,
      "mid_to_side_loudness_range": 5.444770812988281,
      "side_mean": -39.321903228759766
    },
    {
      "high_freq": 7314.1640625,
      "loudness": -49.266883850097656,
      "loudness_range": 30.518634796142578,
      "low_freq": 4349.24462890625,
      "mid_mean": -49.017127990722656,
      "mid_to_side_loudness": -0.17666009068489075,
      "mid_to_side_loudness_range": 3.9378833770751953,
      "side_mean": -49.227664947509766
    },
    {
      "high_freq": 12199.2666015625,
      "loudness": -60.3754768371582,
      "loudness_range": 30.508502960205078,
      "low_freq": 7314.1640625,
      "mid_mean": -58.97199630737305,
      "mid_to_side_loudness": -0.26880377531051636,
      "mid_to_side_loudness_range": 3.0522522926330566,
      "side_mean": -59.181251525878906
    },
    {
      "loudness": -71.44367218017578,
      "loudness_range": 23.235275268554688,
      "low_freq": 12199.2666015625,
      "mid_mean": -65.94088745117188,
      "mid_to_side_loudness": -0.09422331303358078,
      "mid_to_side_loudness_range": 1.7344470024108887,
      "side_mean": -66.00568389892578
    }
  ],
  "bandwidth": 796.7471923828125,
  "channels": 2,
  "covariance": [
    [
      68.7215347290039,
      59.69318771362305,
      39.06825637817383,
      37.425540924072266,
      32.69053649902344,
      34.00069046020508,
      40.93161392211914,
      41.63986587524414,
      40.164695739746094,
      38.62529373168945,
      42.31995391845703,
      41.31871795654297,
      48.26411056518555,
      48.030189514160156,
      42.76276397705078,
      42.11247634887695,
      22.61972427368164,
      22.076807022094727
    ],
    [
      59.69318771362305,
      64.43121337890625,
      37.56402587890625,
      36.39876937866211,
      31.18349838256836,
      33.177494049072266,
      39.84086608886719,
      40.50761795043945,
      38.9450569152832,
      37.85960006713867,
      40.92015838623047,
      40.06254959106445,
      47.126007080078125,
      46.922061920166016,
      40.9583625793457,
      40.365970611572266,
      21.176681518554688,
      20.693838119506836
    ],
    [
      39.06825637817383,
      37.56402587890625,
      51.816802978515625,
      47.55556106567383,
      34.96936798095703,
      36.6092529296875,
      41.921714782714844,
      42.52714920043945,
      44.061553955078125,
      42.90517044067383,
      45.79402542114258,
      45.08233642578125,
      51.623355865478516,
      51.6060676574707,
      43.495662689208984,
      42.79047393798828,
      21.405611038208008,
      20.966001510620117
    ],
    [
      37.425540924072266,
      36.39876937866211,
      47.55556106567383,
      50.92905044555664,
      34.50189208984375,
      36.277469635009766,
      41.3940315246582,
      41.991371154785156,
      43.617740631103516,
      42.63102722167969,
      45.236305236816406,
      44.69346237182617,
      51.323280334472656,
      51.15589904785156,
      42.70964813232422,
      41.99629211425781,
      20.68491554260254,
      20.27494239807129
    ],
    [
      32.69053649902344,
      31.18349838256836,
      34.96936798095703,
      34.50189208984375,
      51.115928649902344,
      47.823211669921875,
      50.39394760131836,
      50.44721603393555,
      49.39374542236328,
      48.11318588256836,
      51.54562759399414,
      50.31596374511719,
      57.420982360839844,
      56.86338806152344,
      47.11174774169922,
      46.41704177856445,
      22.12993812561035,
      21.631555557250977
    ],
    [
      34.00069046020508,
      33.177494049072266,
      36.6092529296875,
      36.277469635009766,
      47.823211669921875,
      52.45686721801758,
      51.278411865234375,
      52.066158294677734,
      51.61330032348633,
      50.71836471557617,
      54.35590744018555,
      53.369384765625,
      60.87177276611328,
      60.45060729980469,
      50.09341812133789,
      49.40755081176758,
      23.613353729248047,
      23.114351272583008
    ],
    [
      40.93161392211914,
      39.84086608886719,
      41.921714782714844,
      41.3940315246582,
      50.39394760131836,
      51.278411865234375,
      73.94261169433594,
      69.76627349853516,
      64.64784240722656,
      62.01874542236328,
      66.8056640625,
      65.01567077636719,
      73.37237548828125,
      72.6066665649414,
      62.14014434814453,
      61.12234115600586,
      29.887739181518555,
      29.244182586669922
    ],
    [
      41.63986587524414,
      40.50761795043945,
      42.52714920043945,
      41.991371154785156,
      50.44721603393555,
      52.066158294677734,
      69.76627349853516,
      73.01394653320312,
      65.5571060180664,
      63.602603912353516,
      69.09046936035156,
      67.3365707397461,
      75.85519409179688,
      75.18055725097656,
      63.83311462402344,
      62.878509521484375,
      30.770524978637695,
      30.127771377563477
    ],
    [
      40.164695739746094,
      38.9450569152832,
      44.061553955078125,
      43.617740631103516,
      49.39374542236328,
      51.61330032348633,
      64.64784240722656,
      65.5571060180664,
      74.67459106445312,
      70.85575103759766,
      74.95740509033203,
      73.27082824707031,
      82.31961822509766,
      81.86663818359375,
      69.2073974609375,
      68.29376220703125,
      33.15876007080078,
      32.4336051940918
    ],
    [
      38.62529373168945,
      37.85960006713867,
      42.90517044067383,
      42.63102722167969,
      48.11318588256836,
      50.71836471557617,
      62.01874542236328,
      63.602603912353516,
      70.85575103759766,
      71.13838195800781,
      74.30767822265625,
      72.64604187011719,
      81.63085174560547,
      81.23625183105469,
      68.40572357177734,
      67.66490936279297,
      32.73603439331055,
      32.03644561767578
    ],
    [
      42.31995391845703,
      40.92015838623047,
      45.79402542114258,
      45.236305236816406,
      51.54562759399414,
      54.35590744018555,
      66.8056640625,
      69.09046936035156,
      74.95740509033203,
      74.30767822265625,
      87.64398956298828,
      85.3800277709961,
      94.98603057861328,
      94.6793212890625,
      80.43241882324219,
      79.94672393798828,
      39.12736129760742,
      38.298789978027344
    ],
    [
      41.31871795654297,
      40.06254959106445,
      45.08233642578125,
      44.69346237182617,
      50.31596374511719,
      53.369384765625,
      65.01567077636719,
      67.3365707397461,
      73.27082824707031,
      72.64604187011719,
      85.3800277709961,
      85.13954162597656,
      93.66426849365234,
      93.42484283447266,
      79.316650390625,
      78.90010070800781,
      38.65692138671875,
      37.86090087890625
    ],
    [
      48.26411056518555,
      47.126007080078125,
      51.623355865478516,
      51.323280334472656,
      57.420982360839844,
      60.87177276611328,
      73.37237548828125,
      75.85519409179688,
      82.31961822509766,
      81.63085174560547,
      94.98603057861328,
      93.66426849365234,
      110.8104476928711,
      110.21170043945312,
      92.85901641845703,
      92.37957763671875,
      45.64998245239258,
      44.6926155090332
    ],
    [
      48.030189514160156,
      46.922061920166016,
      51.6060676574707,
      51.15589904785156,
      56.86338806152344,
      60.45060729980469,
      72.6066665649414,
      75.18055725097656,
      81.86663818359375,
      81.23625183105469,
      94.6793212890625,
      93.42484283447266,
      110.21170043945312,
      110.44479370117188,
      92.74578857421875,
      92.26873779296875,
      45.6569709777832,
      44.70204162597656
    ],
    [
      42.76276397705078,
      40.9583625793457,
      43.495662689208984,
      42.70964813232422,
      47.11174774169922,
      50.09341812133789,
      62.14014434814453,
      63.83311462402344,
      69.2073974609375,
      68.40572357177734,
      80.43241882324219,
      79.316650390625,
      92.85901641845703,
      92.74578857421875,
      84.09724426269531,
      83.7449951171875,
      42.892791748046875,
      41.94554138183594
    ],
    [
      42.11247634887695,
      40.365970611572266,
      42.79047393798828,
      41.99629211425781,
      46.41704177856445,
      49.40755081176758,
      61.12234115600586,
      62.878509521484375,
      68.29376220703125,
      67.66490936279297,
      79.94672393798828,
      78.90010070800781,
      92.37957763671875,
      92.26873779296875,
      83.7449951171875,
      83.75004577636719,
      42.992862701416016,
      42.05817794799805
    ],
    [
      22.61972427368164,
      21.176681518554688,
      21.405611038208008,
      20.68491554260254,
      22.12993812561035,
      23.613353729248047,
      29.887739181518555,
      30.770524978637695,
      33.15876007080078,
      32.73603439331055,
      39.12736129760742,
      38.65692138671875,
      45.64998245239258,
      45.6569709777832,
      42.892791748046875,
      42.992862701416016,
      24.797115325927734,
      24.262313842773438
    ],
    [
      22.076807022094727,
      20.693838119506836,
      20.966001510620117,
      20.27494239807129,
      21.631555557250977,
      23.114351272583008,
      29.244182586669922,
      30.127771377563477,
      32.4336051940918,
      32.03644561767578,
      38.298789978027344,
      37.86090087890625,
      44.6926155090332,
      44.70204162597656,
      41.94554138183594,
      42.05817794799805,
      24.262313842773438,
      23.778343200683594
    ]
  ],
  "covariance_short": [
    [
      84.55155181884766,
      65.25153350830078,
      38.9522819519043,
      37.43072509765625,
      29.583290100097656,
      30.766061782836914,
      37.75957107543945,
      37.73680114746094,
      37.12451171875,
      35.64979553222656,
      36.87959289550781,
      35.78763961791992,
      43.314998626708984,
      43.33779525756836,
      35.997718811035156,
      35.26921844482422,
      17.933565139770508,
      17.57010269165039
    ],
    [
      65.25153350830078,
      82.2529067993164,
      38.33027267456055,
      37.84852600097656,
      29.438875198364258,
      31.03361701965332,
      38.38530349731445,
      38.42636489868164,
      37.39889144897461,
      36.251258850097656,
      37.183067321777344,
      36.0677490234375,
      43.783016204833984,
      43.862701416015625,
      36.19047164916992,
      35.52165222167969,
      17.880123138427734,
      17.53102684020996
    ],
    [
      38.9522819519043,
      38.33027267456055,
      58.28733444213867,
      48.81336212158203,
      36.55546569824219,
      37.876731872558594,
      43.64803695678711,
      44.19831466674805,
      44.715030670166016,
      43.78892517089844,
      46.18406295776367,
      45.25021743774414,
      52.8696403503418,
      52.67715835571289,
      44.16536331176758,
      43.51948165893555,
      21.88679313659668,
      21.440933227539062
    ],
    [
      37.43072509765625,
      37.84852600097656,
      48.81336212158203,
      54.550785064697266,
      34.963809967041016,
      37.133548736572266,
      42.09120559692383,
      42.74996566772461,
      43.1518440246582,
      42.358062744140625,
      44.52534103393555,
      43.72751235961914,
      51.218055725097656,
      51.004295349121094,
      42.20081329345703,
      41.54732894897461,
      20.55218505859375,
      20.1563777923584
    ],
    [
      29.583290100097656,
      29.438875198364258,
      36.55546569824219,
      34.963809967041016,
      55.30358123779297,
      46.73298645019531,
      49.29925537109375,
      49.158172607421875,
      49.31678009033203,
      47.77125549316406,
      49.871788024902344,
      48.522090911865234,
      56.32564926147461,
      55.759063720703125,
      45.781131744384766,
      45.12664031982422,
      21.495590209960938,
      21.041690826416016
    ],
    [
      30.766061782836914,
      31.03361701965332,
      37.876731872558594,
      37.133548736572266,
      46.73298645019531,
      56.979026794433594,
      50.37495040893555,
      51.148414611816406,
      51.26306915283203,
      50.407711029052734,
      52.51335144042969,
      51.268768310546875,
      59.69540786743164,
      59.27449035644531,
      48.61739730834961,
      47.99399185180664,
      22.829055786132812,
      22.393123626708984
    ],
    [
      37.75957107543945,
      38.38530349731445,
      43.64803695678711,
      42.09120559692383,
      49.29925537109375,
      50.37495040893555,
      77.31831359863281,
      68.55406951904297,
      64.89681243896484,
      62.38581466674805,
      65.29761505126953,
      63.2950325012207,
      72.79661560058594,
      71.9672622680664,
      60.897491455078125,
      59.90774154663086,
      29.124752044677734,
      28.554508209228516
    ],
    [
      37.73680114746094,
      38.42636489868164,
      44.19831466674805,
      42.74996566772461,
      49.158172607421875,
      51.148414611816406,
      68.55406951904297,
      75.44635772705078,
      65.43911743164062,
      63.58615493774414,
      66.6933822631836,
      64.8505859375,
      74.4538803100586,
      73.77085876464844,
      62.05563735961914,
      61.17573165893555,
      29.753084182739258,
      29.19573211669922
    ],
    [
      37.12451171875,
      37.39889144897461,
      44.715030670166016,
      43.1518440246582,
      49.31678009033203,
      51.26306915283203,
      64.89681243896484,
      65.43911743164062,
      78.1681900024414,
      71.07533264160156,
      73.29594421386719,
      71.54046630859375,
      81.7121353149414,
      81.16608428955078,
      68.01307678222656,
      67.10852813720703,
      32.34511947631836,
      31.70737648010254
    ],
    [
      35.64979553222656,
      36.251258850097656,
      43.78892517089844,
      42.358062744140625,
      47.77125549316406,
      50.407711029052734,
      62.38581466674805,
      63.58615493774414,
      71.07533264160156,
      74.53166961669922,
      72.59075927734375,
      70.92242431640625,
      81.15277099609375,
      80.68196868896484,
      67.34764099121094,
      66.6017074584961,
      31.980060577392578,
      31.358375549316406
    ],
    [
      36.87959289550781,
      37.183067321777344,
      46.18406295776367,
      44.52534103393555,
      49.871788024902344,
      52.51335144042969,
      65.29761505126953,
      66.6933822631836,
      73.29594421386719,
      72.59075927734375,
      87.21080780029297,
      83.07357025146484,
      92.88602447509766,
      92.5829086303711,
      77.93887329101562,
      77.50590515136719,
      37.583980560302734,
      36.865081787109375
    ],
    [
      35.78763961791992,
      36.0677490234375,
      45.25021743774414,
      43.72751235961914,
      48.522090911865234,
      51.268768310546875,
      63.2950325012207,
      64.8505859375,
      71.54046630859375,
      70.92242431640625,
      83.07357025146484,
      84.87308502197266,
      91.54199981689453,
      91.3240737915039,
      76.79759979248047,
      76.44132995605469,
      37.08476638793945,
      36.39510726928711
    ],
    [
      43.314998626708984,
      43.783016204833984,
      52.8696403503418,
      51.218055725097656,
      56.32564926147461,
      59.69540786743164,
      72.79661560058594,
      74.4538803100586,
      81.7121353149414,
      81.15277099609375,
      92.88602447509766,
      91.54199981689453,
      111.87261199951172,
      110.61642456054688,
      91.64857482910156,
      91.1592025756836,
      44.54442596435547,
      43.697906494140625
    ],
    [
      43.33779525756836,
      43.862701416015625,
      52.67715835571289,
      51.004295349121094,
      55.759063720703125,
      59.27449035644531,
      71.9672622680664,
      73.77085876464844,
      81.16608428955078,
      80.68196868896484,
      92.5829086303711,
      91.3240737915039,
      110.61642456054688,
      111.88148498535156,
      91.71070098876953,
      91.23112487792969,
      44.589054107666016,
      43.74094009399414
    ],
    [
      35.997718811035156,
      36.19047164916992,
      44.16536331176758,
      42.20081329345703,
      45.781131744384766,
      48.61739730834961,
      60.897491455078125,
      62.05563735961914,
      68.01307678222656,
      67.34764099121094,
      77.93887329101562,
      76.79759979248047,
      91.64857482910156,
      91.71070098876953,
      82.53125762939453,
      81.8963623046875,
      41.581748962402344,
      40.746482849121094
    ],
    [
      35.26921844482422,
      35.52165222167969,
      43.51948165893555,
      41.54732894897461,
      45.12664031982422,
      47.99399185180664,
      59.90774154663086,
      61.17573165893555,
      67.10852813720703,
      66.6017074584961,
      77.50590515136719,
      76.44132995605469,
      91.1592025756836,
      91.23112487792969,
      81.8963623046875,
      82.1655502319336,
      41.690574645996094,
      40.87220764160156
    ],
    [
      17.933565139770508,
      17.880123138427734,
      21.88679313659668,
      20.55218505859375,
      21.495590209960938,
      22.829055786132812,
      29.124752044677734,
      29.753084182739258,
      32.34511947631836,
      31.980060577392578,
      37.583980560302734,
      37.08476638793945,
      44.54442596435547,
      44.589054107666016,
      41.581748962402344,
      41.690574645996094,
      24.23118019104004,
      23.70079803466797
    ],
    [
      17.57010269165039,
      17.53102684020996,
      21.440933227539062,
      20.1563777923584,
      21.041690826416016,
      22.393123626708984,
      28.554508209228516,
      29.19573211669922,
      31.70737648010254,
      31.358375549316406,
      36.865081787109375,
      36.39510726928711,
      43.697906494140625,
      43.74094009399414,
      40.746482849121094,
      40.87220764160156,
      23.70079803466797,
      23.326894760131836
    ]
  ],
  "damage": -13.538237571716309,
  "diff_bandwidth": 817.4691772460938,
  "dissonance": 7.931396205364822,
  "drr": 6.408053874969482,
  "dynamics": 5.998124599456787,
  "format": 1245190,
  "frames": 25006016,
  "loudness": -20.5567569732666,
  "loudness_range": 19.947246551513672,
  "loudness_range_short": 20.522266387939453,
  "lowpass_true_peak_15khz": -0.4257175922393799,
  "mastering3_acoustic_entropies": [
    {
      "acoustic_entropy": 5.637990951538086,
      "acoustic_entropy_mono": 5.96360445022583,
      "band_eliminated_acoustic_entropies": [
        {
          "acoustic_entropy": 5.648350238800049,
          "acoustic_entropy_side": 5.643576145172119,
          "hz": 129.47220167065723
        },
        {
          "acoustic_entropy": 5.485877513885498,
          "acoustic_entropy_side": 5.669506549835205,
          "hz": 202.92927478742237
        },
        {
          "acoustic_entropy": 5.4456467628479,
          "acoustic_entropy_side": 5.672769069671631,
          "hz": 282.89161906338205
        },
        {
          "acoustic_entropy": 5.620619297027588,
          "acoustic_entropy_side": 5.632482051849365,
          "hz": 369.9353335868758
        },
        {
          "acoustic_entropy": 5.266388416290283,
          "acoustic_entropy_side": 5.618808746337891,
          "hz": 464.6875360973435
        },
        {
          "acoustic_entropy": 5.301560401916504,
          "acoustic_entropy_side": 5.175102233886719,
          "hz": 567.8308811364784
        },
        {
          "acoustic_entropy": 5.499358177185059,
          "acoustic_entropy_side": 5.647575378417969,
          "hz": 680.1084783214808
        },
        {
          "acoustic_entropy": 5.9701666831970215,
          "acoustic_entropy_side": 5.601803779602051,
          "hz": 802.3292461747484
        },
        {
          "acoustic_entropy": 5.522607803344727,
          "acoustic_entropy_side": 5.500080585479736,
          "hz": 935.3737400823702
        },
        {
          "acoustic_entropy": 5.575954437255859,
          "acoustic_entropy_side": 5.808558464050293,
          "hz": 1080.2004963696966
        },
        {
          "acoustic_entropy": 5.020269393920898,
          "acoustic_entropy_side": 5.605135440826416,
          "hz": 1237.8529382007157
        },
        {
          "acoustic_entropy": 5.6276397705078125,
          "acoustic_entropy_side": 5.69862174987793,
          "hz": 1409.4668930556702
        },
        {
          "acoustic_entropy": 5.3255109786987305,
          "acoustic_entropy_side": 5.541604042053223,
          "hz": 1596.2787759475705
        },
        {
          "acoustic_entropy": 5.270585060119629,
          "acoustic_entropy_side": 5.8528828620910645,
          "hz": 1799.6344973346393
        },
        {
          "acoustic_entropy": 5.521512508392334,
          "acoustic_entropy_side": 5.6424126625061035,
          "hz": 2020.9991599069049
        },
        {
          "acoustic_entropy": 5.431466102600098,
          "acoustic_entropy_side": 5.494131088256836,
          "hz": 2261.9676141086993
        },
        {
          "acoustic_entropy": 5.493567943572998,
          "acoustic_entropy_side": 5.605162620544434,
          "hz": 2524.2759484456974
        },
        {
          "acoustic_entropy": 5.515451431274414,
          "acoustic_entropy_side": 5.582671642303467,
          "hz": 2809.813997359896
        },
        {
          "acoustic_entropy": 5.591109752655029,
          "acoustic_entropy_side": 5.629693984985352,
          "hz": 3120.6389567871424
        },
        {
          "acoustic_entropy": 5.6909403800964355,
          "acoustic_entropy_side": 5.663940906524658,
          "hz": 3458.990205492291
        },
        {
          "acoustic_entropy": 5.601153373718262,
          "acoustic_entropy_side": 5.620296478271484,
          "hz": 3827.305438964164
        },
        {
          "acoustic_entropy": 5.61872673034668,
          "acoustic_entropy_side": 5.630768775939941,
          "hz": 4228.238232109126
        },
        {
          "acoustic_entropy": 5.6619672775268555,
          "acoustic_entropy_side": 5.651169300079346,
          "hz": 4664.6771572759235
        },
        {
          "acoustic_entropy": 5.646059513092041,
          "acoustic_entropy_side": 5.644913196563721,
          "hz": 5139.766595350093
        },
        {
          "acoustic_entropy": 5.64774751663208,
          "acoustic_entropy_side": 5.644610404968262,
          "hz": 5656.929389854203
        },
        {
          "acoustic_entropy": 5.640444755554199,
          "acoustic_entropy_side": 5.6433610916137695,
          "hz": 6219.891507268283
        },
        {
          "acoustic_entropy": 5.669635772705078,
          "acoustic_entropy_side": 5.655484676361084,
          "hz": 6832.70888123896
        },
        {
          "acoustic_entropy": 5.65421199798584,
          "acoustic_entropy_side": 5.649084091186523,
          "hz": 7499.796634079867
        },
        {
          "acoustic_entropy": 5.652566432952881,
          "acoustic_entropy_side": 5.646298885345459,
          "hz": 8225.96088609342
        },
        {
          "acoustic_entropy": 5.655823707580566,
          "acoustic_entropy_side": 5.647444248199463,
          "hz": 9016.43338188839
        },
        {
          "acoustic_entropy": 5.648106098175049,
          "acoustic_entropy_side": 5.644236087799072,
          "hz": 9876.909183162974
        },
        {
          "acoustic_entropy": 5.643255233764648,
          "acoustic_entropy_side": 5.64130973815918,
          "hz": 10813.587699516042
        },
        {
          "acoustic_entropy": 5.639845848083496,
          "acoustic_entropy_side": 5.6389594078063965,
          "hz": 11833.21735289826
        },
        {
          "acoustic_entropy": 5.638664245605469,
          "acoustic_entropy_side": 5.6382927894592285,
          "hz": 12943.144197493959
        },
        {
          "acoustic_entropy": 5.638181209564209,
          "acoustic_entropy_side": 5.638055801391602,
          "hz": 14151.364845322005
        },
        {
          "acoustic_entropy": 5.638041019439697,
          "acoustic_entropy_side": 5.638012886047363,
          "hz": 15466.58407886509
        },
        {
          "acoustic_entropy": 5.638008117675781,
          "acoustic_entropy_side": 5.638000011444092,
          "hz": 16898.27756580493
        },
        {
          "acoustic_entropy": 5.637995719909668,
          "acoustic_entropy_side": 5.637993812561035,
          "hz": 18456.760127700032
        },
        {
          "acoustic_entropy": 5.637991428375244,
          "acoustic_entropy_side": 5.637991428375244,
          "hz": 20153.260054456492
        },
        {
          "acoustic_entropy": 5.637990951538086,
          "acoustic_entropy_side": 5.637990951538086,
          "hz": 22000.00000000001
        }
      ],
      "diff_acoustic_entropy": 2.148263931274414,
      "sn": 6
    },
    {
      "acoustic_entropy": 9.40438175201416,
      "acoustic_entropy_mono": 9.658132553100586,
      "band_eliminated_acoustic_entropies": [
        {
          "acoustic_entropy": 9.54084300994873,
          "acoustic_entropy_side": 9.495024681091309,
          "hz": 129.47220167065723
        },
        {
          "acoustic_entropy": 9.158408164978027,
          "acoustic_entropy_side": 9.644576072692871,
          "hz": 202.92927478742237
        },
        {
          "acoustic_entropy": 9.384641647338867,
          "acoustic_entropy_side": 9.770783424377441,
          "hz": 282.89161906338205
        },
        {
          "acoustic_entropy": 9.944735527038574,
          "acoustic_entropy_side": 9.903264045715332,
          "hz": 369.9353335868758
        },
        {
          "acoustic_entropy": 9.700566291809082,
          "acoustic_entropy_side": 9.77975082397461,
          "hz": 464.6875360973435
        },
        {
          "acoustic_entropy": 9.140704154968262,
          "acoustic_entropy_side": 9.15898323059082,
          "hz": 567.8308811364784
        },
        {
          "acoustic_entropy": 8.749858856201172,
          "acoustic_entropy_side": 9.240147590637207,
          "hz": 680.1084783214808
        },
        {
          "acoustic_entropy": 9.14826488494873,
          "acoustic_entropy_side": 8.868603706359863,
          "hz": 802.3292461747484
        },
        {
          "acoustic_entropy": 8.852802276611328,
          "acoustic_entropy_side": 9.242918014526367,
          "hz": 935.3737400823702
        },
        {
          "acoustic_entropy": 9.83859920501709,
          "acoustic_entropy_side": 9.976634979248047,
          "hz": 1080.2004963696966
        },
        {
          "acoustic_entropy": 9.268280982971191,
          "acoustic_entropy_side": 9.571266174316406,
          "hz": 1237.8529382007157
        },
        {
          "acoustic_entropy": 9.423332214355469,
          "acoustic_entropy_side": 9.584809303283691,
          "hz": 1409.4668930556702
        },
        {
          "acoustic_entropy": 8.373798370361328,
          "acoustic_entropy_side": 8.811963081359863,
          "hz": 1596.2787759475705
        },
        {
          "acoustic_entropy": 9.058655738830566,
          "acoustic_entropy_side": 9.681694984436035,
          "hz": 1799.6344973346393
        },
        {
          "acoustic_entropy": 9.4029541015625,
          "acoustic_entropy_side": 9.393054008483887,
          "hz": 2020.9991599069049
        },
        {
          "acoustic_entropy": 9.453621864318848,
          "acoustic_entropy_side": 9.465028762817383,
          "hz": 2261.9676141086993
        },
        {
          "acoustic_entropy": 8.92326831817627,
          "acoustic_entropy_side": 8.994840621948242,
          "hz": 2524.2759484456974
        },
        {
          "acoustic_entropy": 9.430941581726074,
          "acoustic_entropy_side": 9.500478744506836,
          "hz": 2809.813997359896
        },
        {
          "acoustic_entropy": 9.416088104248047,
          "acoustic_entropy_side": 9.45315933227539,
          "hz": 3120.6389567871424
        },
        {
          "acoustic_entropy": 9.150677680969238,
          "acoustic_entropy_side": 9.268216133117676,
          "hz": 3458.990205492291
        },
        {
          "acoustic_entropy": 9.324450492858887,
          "acoustic_entropy_side": 9.35351276397705,
          "hz": 3827.305438964164
        },
        {
          "acoustic_entropy": 9.46385383605957,
          "acoustic_entropy_side": 9.477481842041016,
          "hz": 4228.238232109126
        },
        {
          "acoustic_entropy": 9.476350784301758,
          "acoustic_entropy_side": 9.446005821228027,
          "hz": 4664.6771572759235
        },
        {
          "acoustic_entropy": 9.404141426086426,
          "acoustic_entropy_side": 9.406615257263184,
          "hz": 5139.766595350093
        },
        {
          "acoustic_entropy": 9.324896812438965,
          "acoustic_entropy_side": 9.359580993652344,
          "hz": 5656.929389854203
        },
        {
          "acoustic_entropy": 9.273612976074219,
          "acoustic_entropy_side": 9.327438354492188,
          "hz": 6219.891507268283
        },
        {
          "acoustic_entropy": 9.259907722473145,
          "acoustic_entropy_side": 9.318522453308105,
          "hz": 6832.70888123896
        },
        {
          "acoustic_entropy": 9.194608688354492,
          "acoustic_entropy_side": 9.257548332214355,
          "hz": 7499.796634079867
        },
        {
          "acoustic_entropy": 9.204228401184082,
          "acoustic_entropy_side": 9.27031135559082,
          "hz": 8225.96088609342
        },
        {
          "acoustic_entropy": 9.192172050476074,
          "acoustic_entropy_side": 9.253645896911621,
          "hz": 9016.43338188839
        },
        {
          "acoustic_entropy": 9.205153465270996,
          "acoustic_entropy_side": 9.271484375,
          "hz": 9876.909183162974
        },
        {
          "acoustic_entropy": 9.273690223693848,
          "acoustic_entropy_side": 9.327140808105469,
          "hz": 10813.587699516042
        },
        {
          "acoustic_entropy": 9.340633392333984,
          "acoustic_entropy_side": 9.375627517700195,
          "hz": 11833.21735289826
        },
        {
          "acoustic_entropy": 9.379135131835938,
          "acoustic_entropy_side": 9.393715858459473,
          "hz": 12943.144197493959
        },
        {
          "acoustic_entropy": 9.394216537475586,
          "acoustic_entropy_side": 9.400571823120117,
          "hz": 14151.364845322005
        },
        {
          "acoustic_entropy": 9.400754928588867,
          "acoustic_entropy_side": 9.402791976928711,
          "hz": 15466.58407886509
        },
        {
          "acoustic_entropy": 9.403203010559082,
          "acoustic_entropy_side": 9.40378189086914,
          "hz": 16898.27756580493
        },
        {
          "acoustic_entropy": 9.404020309448242,
          "acoustic_entropy_side": 9.404178619384766,
          "hz": 18456.760127700032
        },
        {
          "acoustic_entropy": 9.404322624206543,
          "acoustic_entropy_side": 9.404353141784668,
          "hz": 20153.260054456492
        },
        {
          "acoustic_entropy": 9.404380798339844,
          "acoustic_entropy_side": 9.404380798339844,
          "hz": 22000.00000000001
        }
      ],
      "diff_acoustic_entropy": 4.071070671081543,
      "sn": 12
    },
    {
      "acoustic_entropy": 15.921050071716309,
      "acoustic_entropy_mono": 16.307186126708984,
      "band_eliminated_acoustic_entropies": [
        {
          "acoustic_entropy": 16.089141845703125,
          "acoustic_entropy_side": 15.941341400146484,
          "hz": 129.47220167065723
        },
        {
          "acoustic_entropy": 15.696755409240723,
          "acoustic_entropy_side": 15.484668731689453,
          "hz": 202.92927478742237
        },
        {
          "acoustic_entropy": 15.588038444519043,
          "acoustic_entropy_side": 15.9542236328125,
          "hz": 282.89161906338205
        },
        {
          "acoustic_entropy": 17.282669067382812,
          "acoustic_entropy_side": 17.437524795532227,
          "hz": 369.9353335868758
        },
        {
          "acoustic_entropy": 16.059566497802734,
          "acoustic_entropy_side": 16.397369384765625,
          "hz": 464.6875360973435
        },
        {
          "acoustic_entropy": 16.598711013793945,
          "acoustic_entropy_side": 16.27431297302246,
          "hz": 567.8308811364784
        },
        {
          "acoustic_entropy": 16.162872314453125,
          "acoustic_entropy_side": 16.04449462890625,
          "hz": 680.1084783214808
        },
        {
          "acoustic_entropy": 15.624072074890137,
          "acoustic_entropy_side": 16.17983055114746,
          "hz": 802.3292461747484
        },
        {
          "acoustic_entropy": 16.156644821166992,
          "acoustic_entropy_side": 15.70490837097168,
          "hz": 935.3737400823702
        },
        {
          "acoustic_entropy": 16.339405059814453,
          "acoustic_entropy_side": 16.282243728637695,
          "hz": 1080.2004963696966
        },
        {
          "acoustic_entropy": 14.598560333251953,
          "acoustic_entropy_side": 15.520949363708496,
          "hz": 1237.8529382007157
        },
        {
          "acoustic_entropy": 17.0267333984375,
          "acoustic_entropy_side": 16.572725296020508,
          "hz": 1409.4668930556702
        },
        {
          "acoustic_entropy": 16.653806686401367,
          "acoustic_entropy_side": 16.94569969177246,
          "hz": 1596.2787759475705
        },
        {
          "acoustic_entropy": 14.707548141479492,
          "acoustic_entropy_side": 15.487295150756836,
          "hz": 1799.6344973346393
        },
        {
          "acoustic_entropy": 15.700522422790527,
          "acoustic_entropy_side": 15.958977699279785,
          "hz": 2020.9991599069049
        },
        {
          "acoustic_entropy": 15.178632736206055,
          "acoustic_entropy_side": 15.422444343566895,
          "hz": 2261.9676141086993
        },
        {
          "acoustic_entropy": 16.61451530456543,
          "acoustic_entropy_side": 15.941722869873047,
          "hz": 2524.2759484456974
        },
        {
          "acoustic_entropy": 15.64726734161377,
          "acoustic_entropy_side": 16.264175415039062,
          "hz": 2809.813997359896
        },
        {
          "acoustic_entropy": 15.576272010803223,
          "acoustic_entropy_side": 15.793877601623535,
          "hz": 3120.6389567871424
        },
        {
          "acoustic_entropy": 16.188472747802734,
          "acoustic_entropy_side": 16.2998046875,
          "hz": 3458.990205492291
        },
        {
