{
  "acoustic_entropy": 157.0596466064453,
  "bands": [
    {
      "high_freq": 148.1999969482422,
      "loudness": -38.072628021240234,
      "loudness_range": 20.15215492248535,
      "mid_mean": -37.0731315612793,
      "mid_to_side_loudness": -1.8725475072860718,
      "mid_to_side_loudness_range": 14.267221450805664,
      "side_mean": -39.07050704956055
    },
    {
      "high_freq": 392.3793640136719,
      "loudness": -24.427648544311523,
      "loudness_range": 12.720352172851562,
      "low_freq": 148.1999969482422,
      "mid_mean": -22.73176383972168,
      "mid_to_side_loudness": -2.924673557281494,
      "mid_to_side_loudness_range": 9.481589317321777,
      "side_mean": -25.836380004882812
    },
    {
      "high_freq": 794.6976318359375,
      "loudness": -24.203771591186523,
      "loudness_range": 11.679428100585938,
      "low_freq": 392.3793640136719,
      "mid_mean": -23.084625244140625,
      "mid_to_side_loudness": -1.2358869314193726,
      "mid_to_side_loudness_range": 7.889947414398193,
      "side_mean": -24.387727737426758
    },
    {
      "high_freq": 1457.5709228515625,
      "loudness": -32.58121109008789,
      "loudness_range": 10.616727828979492,
      "low_freq": 794.6976318359375,
      "mid_mean": -30.76771354675293,
      "mid_to_side_loudness": -2.820349931716919,
      "mid_to_side_loudness_range": 5.432849884033203,
      "side_mean": -33.66990661621094
    },
    {
      "high_freq": 2549.74365234375,
      "loudness": -34.953861236572266,
      "loudness_range": 14.024084091186523,
      "low_freq": 1457.5709228515625,
      "mid_mean": -33.387813568115234,
      "mid_to_side_loudness": -2.2012956142425537,
      "mid_to_side_loudness_range": 5.622201919555664,
      "side_mean": -35.663848876953125
    },
    {
      "high_freq": 4349.24462890625,
      "loudness": -42.81240463256836,
      "loudness_range": 16.509174346923828,
      "low_freq": 2549.74365234375,
      "mid_mean": -40.77391815185547,
      "mid_to_side_loudness": -3.483041286468506,
      "mid_to_side_loudness_range": 4.863643169403076,
      "side_mean": -44.36253356933594
    },
    {
      "high_freq": 7314.1640625,
      "loudness": -56.74250793457031,
      "loudness_range": 21.559001922607422,
      "low_freq": 4349.24462890625,
      "mid_mean": -55.15288162231445,
      "mid_to_side_loudness": -3.839266061782837,
      "mid_to_side_loudness_range": 3.891145706176758,
      "side_mean": -58.420772552490234
    },
    {
      "high_freq": 12199.2666015625,
      "loudness": -67.75387573242188,
      "loudness_range": 21.532764434814453,
      "low_freq": 7314.1640625,
      "mid_mean": -63.3694953918457,
      "mid_to_side_loudness": -4.357916831970215,
      "mid_to_side_loudness_range": 2.7126288414001465,
      "side_mean": -65.97834777832031
    },
    {
      "loudness": -75.27777862548828,
      "loudness_range": 10.829170227050781,
      "low_freq": 12199.2666015625,
      "mid_mean": -68.04161071777344,
      "mid_to_side_loudness": -3.853851556777954,
      "mid_to_side_loudness_range": 2.7614705562591553,
      "side_mean": -69.03260803222656
    }
  ],
  "bands_short": [
    {
      "high_freq": 148.1999969482422,
      "loudness": -43.95737838745117,
      "loudness_range": 24.23959732055664,
      "mid_mean": -42.97551727294922,
      "mid_to_side_loudness": -2.366037368774414,
      "mid_to_side_loudness_range": 16.610668182373047,
      "side_mean": -45.44212341308594
    },
    {
      "high_freq": 392.3793640136719,
      "loudness": -24.40077781677246,
      "loudness_range": 12.244211196899414,
      "low_freq": 148.1999969482422,
      "mid_mean": -22.795997619628906,
      "mid_to_side_loudness": -2.929795026779175,
      "mid_to_side_loudness_range": 11.072707176208496,
      "side_mean": -25.88809585571289
    },
    {
      "high_freq": 794.6976318359375,
      "loudness": -24.567964553833008,
      "loudness_range": 12.710943222045898,
      "low_freq": 392.3793640136719,
      "mid_mean": -23.65742301940918,
      "mid_to_side_loudness": -1.064166784286499,
      "mid_to_side_loudness_range": 10.303991317749023,
      "side_mean": -24.794950485229492
    },
    {
      "high_freq": 1457.5709228515625,
      "loudness": -31.699460983276367,
      "loudness_range": 11.946063995361328,
      "low_freq": 794.6976318359375,
      "mid_mean": -30.02707290649414,
      "mid_to_side_loudness": -2.753925323486328,
      "mid_to_side_loudness_range": 8.290349006652832,
      "side_mean": -32.89077377319336
    },
    {
      "high_freq": 2549.74365234375,
      "loudness": -35.34797286987305,
      "loudness_range": 15.044744491577148,
      "low_freq": 1457.5709228515625,
      "mid_mean": -33.90752029418945,
      "mid_to_side_loudness": -2.0855324268341064,
      "mid_to_side_loudness_range": 8.19627571105957,
      "side_mean": -36.10721969604492
    },
    {
      "high_freq": 4349.24462890625,
      "loudness": -43.20167541503906,
      "loudness_range": 17.588069915771484,
      "low_freq": 2549.74365234375,
      "mid_mean": -41.29635238647461,
      "mid_to_side_loudness": -3.179159164428711,
      "mid_to_side_loudness_range": 7.216942310333252,
      "side_mean": -44.61101531982422
    },
    {
      "high_freq": 7314.1640625,
      "loudness": -56.30756378173828,
      "loudness_range": 22.259727478027344,
      "low_freq": 4349.24462890625,
      "mid_mean": -54.957618713378906,
      "mid_to_side_loudness": -3.796689987182617,
      "mid_to_side_loudness_range": 6.173793792724609,
      "side_mean": -58.24636459350586
    },
    {
      "high_freq": 12199.2666015625,
      "loudness": -67.98030853271484,
      "loudness_range": 21.704132080078125,
      "low_freq": 7314.1640625,
      "mid_mean": -63.503570556640625,
      "mid_to_side_loudness": -4.264727592468262,
      "mid_to_side_loudness_range": 3.7234387397766113,
      "side_mean": -66.04034423828125
    },
    {
      "loudness": -75.32608032226562,
      "loudness_range": 10.621856689453125,
      "low_freq": 12199.2666015625,
      "mid_mean": -68.05221557617188,
      "mid_to_side_loudness": -3.842895984649658,
      "mid_to_side_loudness_range": 3.3833961486816406,
      "side_mean": -69.03646850585938
    }
  ],
  "bandwidth": 542.3789672851562,
  "channels": 2,
  "covariance": [
    [
      52.057369232177734,
      44.21188735961914,
      6.232804775238037,
      5.492671966552734,
      3.63195538520813,
      3.3500144481658936,
      6.535778045654297,
      6.480564117431641,
      3.3692684173583984,
      4.012111186981201,
      4.394651412963867,
      4.07446813583374,
      6.1293864250183105,
      4.144765853881836,
      1.7409446239471436,
      1.0010143518447876,
      1.5377525091171265,
      0.5220186710357666
    ],
    [
      44.21188735961914,
      60.196109771728516,
      10.2543306350708,
      8.098149299621582,
      4.464400291442871,
      3.1684627532958984,
      8.735267639160156,
      8.74365234375,
      5.137490749359131,
      5.708768844604492,
      7.229305744171143,
      6.666019439697266,
      12.839092254638672,
      9.61251163482666,
      5.926772117614746,
      3.69258975982666,
      2.487766742706299,
      1.0210531949996948
    ],
    [
      6.232804775238037,
      10.2543306350708,
      21.93033790588379,
      15.813179016113281,
      7.609706401824951,
      8.05863094329834,
      10.096407890319824,
      9.916656494140625,
      9.70517349243164,
      10.097046852111816,
      8.94615364074707,
      8.492422103881836,
      11.821547508239746,
      9.501102447509766,
      5.8555145263671875,
      3.349416971206665,
      1.3275426626205444,
      0.6775021553039551
    ],
    [
      5.492671966552734,
      8.098149299621582,
      15.813179016113281,
      21.093753814697266,
      7.129481792449951,
      7.7600250244140625,
      8.631149291992188,
      8.741422653198242,
      8.642576217651367,
      8.751105308532715,
      8.799549102783203,
      8.6633939743042,
      11.991308212280273,
      9.978926658630371,
      5.93418025970459,
      3.5380091667175293,
      1.3036943674087524,
      0.754744291305542
    ],
    [
      3.63195538520813,
      4.464400291442871,
      7.609706401824951,
      7.129481792449951,
      18.3363037109375,
      16.51222801208496,
      11.692537307739258,
      11.321817398071289,
      13.078985214233398,
      12.749472618103027,
      15.183712005615234,
      13.595852851867676,
      11.047959327697754,
      9.633454322814941,
      6.2056355476379395,
      4.185147285461426,
      1.3771518468856812,
      0.8552209734916687
    ],
    [
      3.3500144481658936,
      3.1684627532958984,
      8.05863094329834,
      7.7600250244140625,
      16.51222801208496,
      21.70920181274414,
      10.927281379699707,
      10.414737701416016,
      11.712098121643066,
      12.244816780090332,
      12.977139472961426,
      11.238499641418457,
      7.988317012786865,
      6.8576250076293945,
      3.966047763824463,
      2.4595108032226562,
      0.8050311803817749,
      0.47059985995292664
    ],
    [
      6.535778045654297,
      8.735267639160156,
      10.096407890319824,
      8.631149291992188,
      11.692537307739258,
      10.927281379699707,
      17.015071868896484,
      14.877717971801758,
      15.694319725036621,
      14.922464370727539,
      16.90035629272461,
      15.854293823242188,
      16.03549575805664,
      14.403613090515137,
      9.9047212600708,
      6.909929275512695,
      2.406526803970337,
      1.4525532722473145
    ],
    [
      6.480564117431641,
      8.74365234375,
      9.916656494140625,
      8.741422653198242,
      11.321817398071289,
      10.414737701416016,
      14.877717971801758,
      16.48542022705078,
      16.235877990722656,
      15.58715534210205,
      18.585590362548828,
      17.758319854736328,
      18.15402603149414,
      16.404945373535156,
      11.758170127868652,
      8.343722343444824,
      2.902082920074463,
      1.7674018144607544
    ],
    [
      3.3692684173583984,
      5.137490749359131,
      9.70517349243164,
      8.642576217651367,
      13.078985214233398,
      11.712098121643066,
      15.694319725036621,
      16.235877990722656,
      26.24725341796875,
      22.979110717773438,
      24.896570205688477,
      23.860689163208008,
      24.64206314086914,
      22.481204986572266,
      16.834728240966797,
      12.117834091186523,
      3.7503912448883057,
      2.432673454284668
    ],
    [
      4.012111186981201,
      5.708768844604492,
      10.097046852111816,
      8.751105308532715,
      12.749472618103027,
      12.244816780090332,
      14.922464370727539,
      15.58715534210205,
      22.979110717773438,
      23.672260284423828,
      22.784452438354492,
      22.205738067626953,
      22.6876277923584,
      20.78131103515625,
      15.798941612243652,
      11.4956636428833,
      3.5568060874938965,
      2.312967300415039
    ],
    [
      4.394651412963867,
      7.229305744171143,
      8.94615364074707,
      8.799549102783203,
      15.183712005615234,
      12.977139472961426,
      16.90035629272461,
      18.585590362548828,
      24.896570205688477,
      22.784452438354492,
      36.00423812866211,
      32.28511428833008,
      32.8703727722168,
      29.880695343017578,
      22.42874526977539,
      16.108966827392578,
      5.361810207366943,
      3.372305154800415
    ],
    [
      4.07446813583374,
      6.666019439697266,
      8.492422103881836,
      8.6633939743042,
      13.595852851867676,
      11.238499641418457,
      15.854293823242188,
      17.758319854736328,
      23.860689163208008,
      22.205738067626953,
      32.28511428833008,
      31.78938102722168,
      32.439823150634766,
      29.602771759033203,
      22.41122055053711,
      16.213420867919922,
      5.369406223297119,
      3.3917813301086426
    ],
    [
      6.1293864250183105,
      12.839092254638672,
      11.821547508239746,
      11.991308212280273,
      11.047959327697754,
      7.988317012786865,
      16.03549575805664,
      18.15402603149414,
      24.64206314086914,
      22.6876277923584,
      32.8703727722168,
      32.439823150634766,
      54.824459075927734,
      47.300689697265625,
      33.350223541259766,
      22.895355224609375,
      7.718749046325684,
      4.669334888458252
    ],
    [
      4.144765853881836,
      9.61251163482666,
      9.501102447509766,
      9.978926658630371,
      9.633454322814941,
      6.8576250076293945,
      14.403613090515137,
      16.404945373535156,
      22.481204986572266,
      20.78131103515625,
      29.880695343017578,
      29.602771759033203,
      47.300689697265625,
      42.26858901977539,
      29.989988327026367,
      21.07559585571289,
      6.994006156921387,
      4.2937092781066895
    ],
    [
      1.7409446239471436,
      5.926772117614746,
      5.8555145263671875,
      5.93418025970459,
      6.2056355476379395,
      3.966047763824463,
      9.9047212600708,
      11.758170127868652,
      16.834728240966797,
      15.798941612243652,
      22.42874526977539,
      22.41122055053711,
      33.350223541259766,
      29.989988327026367,
      25.201059341430664,
      18.282312393188477,
      6.197876930236816,
      3.8768138885498047
    ],
    [
      1.0010143518447876,
      3.69258975982666,
      3.349416971206665,
      3.5380091667175293,
      4.185147285461426,
      2.4595108032226562,
      6.909929275512695,
      8.343722343444824,
      12.117834091186523,
      11.4956636428833,
      16.108966827392578,
      16.213420867919922,
      22.895355224609375,
      21.07559585571289,
      18.282312393188477,
      13.724349021911621,
      4.62569522857666,
      2.9549148082733154
    ],
    [
      1.5377525091171265,
      2.487766742706299,
      1.3275426626205444,
      1.3036943674087524,
      1.3771518468856812,
      0.8050311803817749,
      2.406526803970337,
      2.902082920074463,
      3.7503912448883057,
      3.5568060874938965,
      5.361810207366943,
      5.369406223297119,
      7.718749046325684,
      6.994006156921387,
      6.197876930236816,
      4.62569522857666,
      1.9361323118209839,
      1.156241774559021
    ],
    [
      0.5220186710357666,
      1.0210531949996948,
      0.6775021553039551,
      0.754744291305542,
      0.8552209734916687,
      0.47059985995292664,
      1.4525532722473145,
      1.7674018144607544,
      2.432673454284668,
      2.312967300415039,
      3.372305154800415,
      3.3917813301086426,
      4.669334888458252,
      4.2937092781066895,
      3.8768138885498047,
      2.9549148082733154,
      1.156241774559021,
      0.7482617497444153
    ]
  ],
  "covariance_short": [
    [
      70.5857162475586,
      53.33341598510742,
      12.807474136352539,
      11.422941207885742,
      8.542330741882324,
      10.07382869720459,
      8.446362495422363,
      7.319750785827637,
      5.449626922607422,
      6.6222004890441895,
      3.715090751647949,
      2.296757221221924,
      3.30841064453125,
      1.1050435304641724,
      -3.0008528232574463,
      -3.0848190784454346,
      -0.5608540177345276,
      -0.4596492052078247
    ],
    [
      53.33341598510742,
      69.89436340332031,
      13.408493041992188,
      12.82993221282959,
      8.490263938903809,
      9.45993423461914,
      7.783968925476074,
      6.4743828773498535,
      4.125755310058594,
      5.226706027984619,
      3.309075355529785,
      1.4178011417388916,
      3.6765542030334473,
      1.134650707244873,
      -1.449440598487854,
      -2.1499602794647217,
      -0.15910571813583374,
      -0.2726478576660156
    ],
    [
      12.807474136352539,
      13.408493041992188,
      22.116655349731445,
      13.841605186462402,
      8.329340934753418,
      8.448680877685547,
      9.845892906188965,
      8.93809700012207,
      9.337226867675781,
      9.823960304260254,
      9.435521125793457,
      8.595046997070312,
      10.3318510055542,
      8.338339805603027,
      5.278113842010498,
      3.053858757019043,
      1.360530972480774,
      0.6283442974090576
    ],
    [
      11.422941207885742,
      12.82993221282959,
      13.841605186462402,
      20.850881576538086,
      7.633925437927246,
      8.334162712097168,
      8.373563766479492,
      8.400138854980469,
      8.689055442810059,
      8.691780090332031,
      9.28829574584961,
      8.892621994018555,
      10.585622787475586,
      8.916006088256836,
      5.785155296325684,
      3.492321252822876,
      1.3836541175842285,
      0.7604127526283264
    ],
    [
      8.542330741882324,
      8.490263938903809,
      8.329340934753418,
      7.633925437927246,
      23.896018981933594,
      18.85429573059082,
      12.906551361083984,
      11.533352851867676,
      14.714210510253906,
      13.649810791015625,
      17.91880989074707,
      15.761815071105957,
      12.776342391967773,
      11.273839950561523,
      6.974826335906982,
      4.67273473739624,
      1.419980525970459,
      0.9241542816162109
    ],
    [
      10.07382869720459,
      9.45993423461914,
      8.448680877685547,
      8.334162712097168,
      18.85429573059082,
      25.910560607910156,
      12.401817321777344,
      11.112853050231934,
      12.798346519470215,
      12.682899475097656,
      15.110342025756836,
      13.190681457519531,
      9.327844619750977,
      8.261434555053711,
      4.89753532409668,
      3.1073548793792725,
      0.8999016880989075,
      0.5666764378547668
    ],
    [
      8.446362495422363,
      7.783968925476074,
      9.845892906188965,
      8.373563766479492,
      12.906551361083984,
      12.401817321777344,
      20.061203002929688,
      15.785109519958496,
      18.594900131225586,
      17.43374252319336,
      18.232614517211914,
      16.89666175842285,
      16.073389053344727,
      14.147039413452148,
      9.38481616973877,
      6.448207378387451,
      2.284313201904297,
      1.3980752229690552
    ],
    [
      7.319750785827637,
      6.4743828773498535,
      8.93809700012207,
      8.400138854980469,
      11.533352851867676,
      11.112853050231934,
      15.785109519958496,
      19.913740158081055,
      17.777297973632812,
      17.48723793029785,
      17.98173713684082,
      16.89449691772461,
      16.06325340270996,
      14.374554634094238,
      9.928487777709961,
      6.997417449951172,
      2.418832778930664,
      1.481570839881897
    ],
    [
      5.449626922607422,
      4.125755310058594,
      9.337226867675781,
      8.689055442810059,
      14.714210510253906,
      12.798346519470215,
      18.594900131225586,
      17.777297973632812,
      30.822744369506836,
      25.331697463989258,
      27.945785522460938,
      26.154415130615234,
      27.373748779296875,
      24.61056900024414,
      17.346845626831055,
      12.417948722839355,
      3.88350248336792,
      2.5395710468292236
    ],
    [
      6.6222004890441895,
      5.226706027984619,
      9.823960304260254,
      8.691780090332031,
      13.649810791015625,
      12.682899475097656,
      17.43374252319336,
      17.48723793029785,
      25.331697463989258,
      27.86876678466797,
      24.891862869262695,
      23.725658416748047,
      24.49806022644043,
      22.27348518371582,
      16.10063362121582,
      11.717979431152344,
      3.6072475910186768,
      2.37399959564209
    ],
    [
      3.715090751647949,
      3.309075355529785,
      9.435521125793457,
      9.28829574584961,
      17.91880989074707,
      15.110342025756836,
      18.232614517211914,
      17.98173713684082,
      27.945785522460938,
      24.891862869262695,
      41.76723098754883,
      35.37596893310547,
      36.54572677612305,
      33.01136016845703,
      23.634857177734375,
      16.9407901763916,
      5.5731048583984375,
      3.5407838821411133
    ],
    [
      2.296757221221924,
      1.4178011417388916,
      8.595046997070312,
      8.892621994018555,
      15.761815071105957,
      13.190681457519531,
      16.89666175842285,
      16.89449691772461,
      26.154415130615234,
      23.725658416748047,
      35.37596893310547,
      35.50315475463867,
      34.61054611206055,
      31.495840072631836,
      22.665040969848633,
      16.404903411865234,
      5.378687381744385,
      3.4365031719207764
    ],
    [
      3.30841064453125,
      3.6765542030334473,
      10.3318510055542,
      10.585622787475586,
      12.776342391967773,
      9.327844619750977,
      16.073389053344727,
      16.06325340270996,
      27.373748779296875,
      24.49806022644043,
      36.54572677612305,
      34.61054611206055,
      59.71259689331055,
      50.29936218261719,
      33.65034866333008,
      22.97791862487793,
      7.781167984008789,
      4.750026702880859
    ],
    [
      1.1050435304641724,
      1.134650707244873,
      8.338339805603027,
      8.916006088256836,
      11.273839950561523,
      8.261434555053711,
      14.147039413452148,
      14.374554634094238,
      24.61056900024414,
      22.27348518371582,
      33.01136016845703,
      31.495840072631836,
      50.29936218261719,
      45.34078598022461,
      29.9093074798584,
      20.92860984802246,
      7.021127700805664,
      4.331796169281006
    ],
    [
      -3.0008528232574463,
      -1.449440598487854,
      5.278113842010498,
      5.785155296325684,
      6.974826335906982,
      4.89753532409668,
      9.38481616973877,
      9.928487777709961,
      17.346845626831055,
      16.10063362121582,
      23.634857177734375,
      22.665040969848633,
      33.65034866333008,
      29.9093074798584,
      25.48202896118164,
      18.360960006713867,
      6.237428665161133,
      3.9372546672821045
    ],
    [
      -3.0848190784454346,
      -2.1499602794647217,
      3.053858757019043,
      3.492321252822876,
      4.67273473739624,
      3.1073548793792725,
      6.448207378387451,
      6.997417449951172,
      12.417948722839355,
      11.717979431152344,
      16.9407901763916,
      16.404903411865234,
      22.97791862487793,
      20.92860984802246,
      18.360960006713867,
      13.933377265930176,
      4.676018714904785,
      3.0160181522369385
    ],
    [
      -0.5608540177345276,
      -0.15910571813583374,
      1.360530972480774,
      1.3836541175842285,
      1.419980525970459,
      0.8999016880989075,
      2.284313201904297,
      2.418832778930664,
      3.88350248336792,
      3.6072475910186768,
      5.5731048583984375,
      5.378687381744385,
      7.781167984008789,
      7.021127700805664,
      6.237428665161133,
      4.676018714904785,
      2.054084300994873,
      1.2291853427886963
    ],
    [
      -0.4596492052078247,
      -0.2726478576660156,
      0.6283442974090576,
      0.7604127526283264,
      0.9241542816162109,
      0.5666764378547668,
      1.3980752229690552,
      1.481570839881897,
      2.5395710468292236,
      2.37399959564209,
      3.5407838821411133,
      3.4365031719207764,
      4.750026702880859,
      4.331796169281006,
      3.9372546672821045,
      3.0160181522369385,
      1.2291853427886963,
      0.8172752857208252
    ]
  ],
  "damage": -8.265270233154297,
  "diff_bandwidth": 586.0531616210938,
  "dissonance": 3.888992057433617,
  "drr": -2.272900342941284,
  "dynamics": 3.245551824569702,
  "format": 1245190,
  "frames": 5564416,
  "loudness": -16.781991958618164,
  "loudness_range": 8.708527565002441,
  "loudness_range_short": 9.936891555786133,
  "lowpass_true_peak_15khz": -0.137395441532135,
  "mastering3_acoustic_entropies": [
    {
      "acoustic_entropy": 5.654698848724365,
      "acoustic_entropy_mono": 5.218961238861084,
      "band_eliminated_acoustic_entropies": [
        {
          "acoustic_entropy": 5.656064033508301,
          "acoustic_entropy_side": 5.654843807220459,
          "hz": 129.47220167065723
        },
        {
          "acoustic_entropy": 5.747941493988037,
          "acoustic_entropy_side": 5.692927837371826,
          "hz": 202.92927478742237
        },
        {
          "acoustic_entropy": 5.814831256866455,
          "acoustic_entropy_side": 5.756564617156982,
          "hz": 282.89161906338205
        },
        {
          "acoustic_entropy": 5.908888816833496,
          "acoustic_entropy_side": 5.7234978675842285,
          "hz": 369.9353335868758
        },
        {
          "acoustic_entropy": 5.111210823059082,
          "acoustic_entropy_side": 5.2586565017700195,
          "hz": 464.6875360973435
        },
        {
          "acoustic_entropy": 5.134639739990234,
          "acoustic_entropy_side": 5.509760856628418,
          "hz": 567.8308811364784
        },
        {
          "acoustic_entropy": 5.528683185577393,
          "acoustic_entropy_side": 6.712302207946777,
          "hz": 680.1084783214808
        },
        {
          "acoustic_entropy": 5.980206489562988,
          "acoustic_entropy_side": 5.506441116333008,
          "hz": 802.3292461747484
        },
        {
          "acoustic_entropy": 6.042685031890869,
          "acoustic_entropy_side": 5.701937675476074,
          "hz": 935.3737400823702
        },
        {
          "acoustic_entropy": 5.847373962402344,
          "acoustic_entropy_side": 5.79032039642334,
          "hz": 1080.2004963696966
        },
        {
          "acoustic_entropy": 5.8139262199401855,
          "acoustic_entropy_side": 5.732295989990234,
          "hz": 1237.8529382007157
        },
        {
          "acoustic_entropy": 5.528179168701172,
          "acoustic_entropy_side": 5.677709102630615,
          "hz": 1409.4668930556702
        },
        {
          "acoustic_entropy": 5.773318767547607,
          "acoustic_entropy_side": 5.676034450531006,
          "hz": 1596.2787759475705
        },
        {
          "acoustic_entropy": 5.8982157707214355,
          "acoustic_entropy_side": 5.736110687255859,
          "hz": 1799.6344973346393
        },
        {
          "acoustic_entropy": 5.549327373504639,
          "acoustic_entropy_side": 5.644326686859131,
          "hz": 2020.9991599069049
        },
        {
          "acoustic_entropy": 5.455019950866699,
          "acoustic_entropy_side": 5.500256061553955,
          "hz": 2261.9676141086993
        },
        {
          "acoustic_entropy": 5.59873104095459,
          "acoustic_entropy_side": 5.656146049499512,
          "hz": 2524.2759484456974
        },
        {
          "acoustic_entropy": 5.635356426239014,
          "acoustic_entropy_side": 5.6550421714782715,
          "hz": 2809.813997359896
        },
        {
          "acoustic_entropy": 5.69091796875,
          "acoustic_entropy_side": 5.6656494140625,
          "hz": 3120.6389567871424
        },
        {
          "acoustic_entropy": 5.6662421226501465,
          "acoustic_entropy_side": 5.656996726989746,
          "hz": 3458.990205492291
        },
        {
          "acoustic_entropy": 5.665897369384766,
          "acoustic_entropy_side": 5.657064437866211,
          "hz": 3827.305438964164
        },
        {
          "acoustic_entropy": 5.6566314697265625,
          "acoustic_entropy_side": 5.654876232147217,
          "hz": 4228.238232109126
        },
        {
          "acoustic_entropy": 5.653739929199219,
          "acoustic_entropy_side": 5.65455961227417,
          "hz": 4664.6771572759235
        },
        {
          "acoustic_entropy": 5.654347896575928,
          "acoustic_entropy_side": 5.654677867889404,
          "hz": 5139.766595350093
        },
        {
          "acoustic_entropy": 5.654733180999756,
          "acoustic_entropy_side": 5.654703617095947,
          "hz": 5656.929389854203
        },
        {
          "acoustic_entropy": 5.655016899108887,
          "acoustic_entropy_side": 5.654827117919922,
          "hz": 6219.891507268283
        },
        {
          "acoustic_entropy": 5.65480899810791,
          "acoustic_entropy_side": 5.6547136306762695,
          "hz": 6832.70888123896
        },
        {
          "acoustic_entropy": 5.654737949371338,
          "acoustic_entropy_side": 5.6547017097473145,
          "hz": 7499.796634079867
        },
        {
          "acoustic_entropy": 5.654750347137451,
          "acoustic_entropy_side": 5.654703140258789,
          "hz": 8225.96088609342
        },
        {
          "acoustic_entropy": 5.6547393798828125,
          "acoustic_entropy_side": 5.654702663421631,
          "hz": 9016.43338188839
        },
        {
          "acoustic_entropy": 5.654707431793213,
          "acoustic_entropy_side": 5.654699325561523,
          "hz": 9876.909183162974
        },
        {
          "acoustic_entropy": 5.6547017097473145,
          "acoustic_entropy_side": 5.654699325561523,
          "hz": 10813.587699516042
        },
        {
          "acoustic_entropy": 5.654701232910156,
          "acoustic_entropy_side": 5.654699325561523,
          "hz": 11833.21735289826
        },
        {
          "acoustic_entropy": 5.654699802398682,
          "acoustic_entropy_side": 5.654698848724365,
          "hz": 12943.144197493959
        },
        {
          "acoustic_entropy": 5.654698848724365,
          "acoustic_entropy_side": 5.654698848724365,
          "hz": 14151.364845322005
        },
        {
          "acoustic_entropy": 5.654698848724365,
          "acoustic_entropy_side": 5.654698848724365,
          "hz": 15466.58407886509
        },
        {
          "acoustic_entropy": 5.654698848724365,
          "acoustic_entropy_side": 5.654698848724365,
          "hz": 16898.27756580493
        },
        {
          "acoustic_entropy": 5.654698848724365,
          "acoustic_entropy_side": 5.654698848724365,
          "hz": 18456.760127700032
        },
        {
          "acoustic_entropy": 5.654698848724365,
          "acoustic_entropy_side": 5.654698848724365,
          "hz": 20153.260054456492
        },
        {
          "acoustic_entropy": 5.654698848724365,
          "acoustic_entropy_side": 5.654698848724365,
          "hz": 22000.00000000001
        }
      ],
      "diff_acoustic_entropy": 3.2143967151641846,
      "sn": 6
    },
    {
      "acoustic_entropy": 9.332056045532227,
      "acoustic_entropy_mono": 9.51278305053711,
      "band_eliminated_acoustic_entropies": [
        {
          "acoustic_entropy": 9.363588333129883,
          "acoustic_entropy_side": 9.358966827392578,
          "hz": 129.47220167065723
        },
        {
          "acoustic_entropy": 9.058768272399902,
          "acoustic_entropy_side": 9.349369049072266,
          "hz": 202.92927478742237
        },
        {
          "acoustic_entropy": 9.419991493225098,
          "acoustic_entropy_side": 9.30568790435791,
          "hz": 282.89161906338205
        },
        {
          "acoustic_entropy": 9.977298736572266,
          "acoustic_entropy_side": 9.270855903625488,
          "hz": 369.9353335868758
        },
        {
          "acoustic_entropy": 9.284104347229004,
          "acoustic_entropy_side": 9.72579288482666,
          "hz": 464.6875360973435
        },
        {
          "acoustic_entropy": 8.289856910705566,
          "acoustic_entropy_side": 9.63468074798584,
          "hz": 567.8308811364784
        },
        {
          "acoustic_entropy": 8.695647239685059,
          "acoustic_entropy_side": 9.771524429321289,
          "hz": 680.1084783214808
        },
        {
          "acoustic_entropy": 9.412598609924316,
          "acoustic_entropy_side": 9.363048553466797,
          "hz": 802.3292461747484
        },
        {
          "acoustic_entropy": 9.548135757446289,
          "acoustic_entropy_side": 9.8596830368042,
          "hz": 935.3737400823702
        },
        {
          "acoustic_entropy": 9.370009422302246,
          "acoustic_entropy_side": 9.391205787658691,
          "hz": 1080.2004963696966
        },
        {
          "acoustic_entropy": 9.200273513793945,
          "acoustic_entropy_side": 9.292065620422363,
          "hz": 1237.8529382007157
        },
        {
          "acoustic_entropy": 9.537555694580078,
          "acoustic_entropy_side": 9.315031051635742,
          "hz": 1409.4668930556702
        },
        {
          "acoustic_entropy": 9.608494758605957,
          "acoustic_entropy_side": 9.307113647460938,
          "hz": 1596.2787759475705
        },
        {
          "acoustic_entropy": 9.55789852142334,
          "acoustic_entropy_side": 9.261146545410156,
          "hz": 1799.6344973346393
        },
        {
          "acoustic_entropy": 10.14072322845459,
          "acoustic_entropy_side": 9.479130744934082,
          "hz": 2020.9991599069049
        },
        {
          "acoustic_entropy": 8.60198974609375,
          "acoustic_entropy_side": 9.031251907348633,
          "hz": 2261.9676141086993
        },
        {
          "acoustic_entropy": 9.18192195892334,
          "acoustic_entropy_side": 9.30874252319336,
          "hz": 2524.2759484456974
        },
        {
          "acoustic_entropy": 9.417274475097656,
          "acoustic_entropy_side": 9.230877876281738,
          "hz": 2809.813997359896
        },
        {
          "acoustic_entropy": 9.484390258789062,
          "acoustic_entropy_side": 9.40893268585205,
          "hz": 3120.6389567871424
        },
        {
          "acoustic_entropy": 9.339608192443848,
          "acoustic_entropy_side": 9.288772583007812,
          "hz": 3458.990205492291
        },
        {
          "acoustic_entropy": 9.45395278930664,
          "acoustic_entropy_side": 9.31698226928711,
          "hz": 3827.305438964164
        },
        {
          "acoustic_entropy": 9.31825065612793,
          "acoustic_entropy_side": 9.319151878356934,
          "hz": 4228.238232109126
        },
        {
          "acoustic_entropy": 9.30488109588623,
          "acoustic_entropy_side": 9.328034400939941,
          "hz": 4664.6771572759235
        },
        {
          "acoustic_entropy": 9.329233169555664,
          "acoustic_entropy_side": 9.331962585449219,
          "hz": 5139.766595350093
        },
        {
          "acoustic_entropy": 9.329607963562012,
          "acoustic_entropy_side": 9.331798553466797,
          "hz": 5656.929389854203
        },
        {
          "acoustic_entropy": 9.324368476867676,
          "acoustic_entropy_side": 9.329469680786133,
          "hz": 6219.891507268283
        },
        {
          "acoustic_entropy": 9.32974910736084,
          "acoustic_entropy_side": 9.331693649291992,
          "hz": 6832.70888123896
        },
        {
          "acoustic_entropy": 9.331024169921875,
          "acoustic_entropy_side": 9.331966400146484,
          "hz": 7499.796634079867
        },
        {
          "acoustic_entropy": 9.331729888916016,
          "acoustic_entropy_side": 9.33202838897705,
          "hz": 8225.96088609342
        },
        {
          "acoustic_entropy": 9.331999778747559,
          "acoustic_entropy_side": 9.332046508789062,
          "hz": 9016.43338188839
        },
        {
          "acoustic_entropy": 9.332040786743164,
          "acoustic_entropy_side": 9.332052230834961,
          "hz": 9876.909183162974
        },
        {
          "acoustic_entropy": 9.332053184509277,
          "acoustic_entropy_side": 9.332052230834961,
          "hz": 10813.587699516042
        },
        {
          "acoustic_entropy": 9.332030296325684,
          "acoustic_entropy_side": 9.332052230834961,
          "hz": 11833.21735289826
        },
        {
          "acoustic_entropy": 9.332036972045898,
          "acoustic_entropy_side": 9.332053184509277,
          "hz": 12943.144197493959
        },
        {
          "acoustic_entropy": 9.332050323486328,
          "acoustic_entropy_side": 9.332054138183594,
          "hz": 14151.364845322005
        },
        {
          "acoustic_entropy": 9.332054138183594,
          "acoustic_entropy_side": 9.33205509185791,
          "hz": 15466.58407886509
        },
        {
          "acoustic_entropy": 9.33205509185791,
          "acoustic_entropy_side": 9.332056045532227,
          "hz": 16898.27756580493
        },
        {
          "acoustic_entropy": 9.332056045532227,
          "acoustic_entropy_side": 9.332056045532227,
          "hz": 18456.760127700032
        },
        {
          "acoustic_entropy": 9.33205509185791,
          "acoustic_entropy_side": 9.332056045532227,
          "hz": 20153.260054456492
        },
        {
          "acoustic_entropy": 9.332056045532227,
          "acoustic_entropy_side": 9.332056045532227,
          "hz": 22000.00000000001
        }
      ],
      "diff_acoustic_entropy": 4.941661834716797,
      "sn": 12
    },
    {
      "acoustic_entropy": 12.74213695526123,
      "acoustic_entropy_mono": 12.447778701782227,
      "band_eliminated_acoustic_entropies": [
        {
          "acoustic_entropy": 12.615973472595215,
          "acoustic_entropy_side": 12.732151985168457,
          "hz": 129.47220167065723
        },
        {
          "acoustic_entropy": 12.89576244354248,
          "acoustic_entropy_side": 13.209275245666504,
          "hz": 202.92927478742237
        },
        {
          "acoustic_entropy": 13.301525115966797,
          "acoustic_entropy_side": 13.16838550567627,
          "hz": 282.89161906338205
        },
        {
          "acoustic_entropy": 13.21895694732666,
          "acoustic_entropy_side": 13.80669116973877,
          "hz": 369.9353335868758
        },
        {
          "acoustic_entropy": 14.276516914367676,
          "acoustic_entropy_side": 14.22773551940918,
          "hz": 464.6875360973435
        },
        {
          "acoustic_entropy": 13.292561531066895,
          "acoustic_entropy_side": 13.280872344970703,
          "hz": 567.8308811364784
        },
        {
          "acoustic_entropy": 13.281692504882812,
          "acoustic_entropy_side": 14.036520004272461,
          "hz": 680.1084783214808
        },
        {
          "acoustic_entropy": 14.196353912353516,
          "acoustic_entropy_side": 14.537888526916504,
          "hz": 802.3292461747484
        },
        {
          "acoustic_entropy": 13.154135704040527,
          "acoustic_entropy_side": 12.799156188964844,
          "hz": 935.3737400823702
        },
        {
          "acoustic_entropy": 13.698236465454102,
          "acoustic_entropy_side": 13.033720016479492,
          "hz": 1080.2004963696966
        },
        {
          "acoustic_entropy": 13.480518341064453,
          "acoustic_entropy_side": 12.900189399719238,
          "hz": 1237.8529382007157
        },
        {
          "acoustic_entropy": 12.514227867126465,
          "acoustic_entropy_side": 12.470041275024414,
          "hz": 1409.4668930556702
        },
        {
          "acoustic_entropy": 13.433558464050293,
          "acoustic_entropy_side": 13.586767196655273,
          "hz": 1596.2787759475705
        },
        {
          "acoustic_entropy": 13.39753246307373,
          "acoustic_entropy_side": 12.467937469482422,
          "hz": 1799.6344973346393
        },
        {
          "acoustic_entropy": 12.958701133728027,
          "acoustic_entropy_side": 12.387237548828125,
          "hz": 2020.9991599069049
        },
        {
          "acoustic_entropy": 14.149717330932617,
          "acoustic_entropy_side": 12.717348098754883,
          "hz": 2261.9676141086993
        },
        {
          "acoustic_entropy": 12.674765586853027,
          "acoustic_entropy_side": 12.776704788208008,
          "hz": 2524.2759484456974
        },
        {
          "acoustic_entropy": 12.273834228515625,
          "acoustic_entropy_side": 12.637231826782227,
          "hz": 2809.813997359896
        },
        {
          "acoustic_entropy": 12.633173942565918,
          "acoustic_entropy_side": 12.748699188232422,
          "hz": 3120.6389567871424
        },
        {
