{
  "acoustic_entropy": 183.9649200439453,
  "bands": [
    {
      "high_freq": 148.1999969482422,
      "loudness": -38.893829345703125,
      "loudness_range": 22.22113609313965,
      "mid_mean": -35.517677307128906,
      "mid_to_side_loudness": -15.197440147399902,
      "mid_to_side_loudness_range": 26.918066024780273,
      "side_mean": -53.34275436401367
    },
    {
      "high_freq": 392.3793640136719,
      "loudness": -36.036739349365234,
      "loudness_range": 17.61163902282715,
      "low_freq": 148.1999969482422,
      "mid_mean": -32.768375396728516,
      "mid_to_side_loudness": -14.237500190734863,
      "mid_to_side_loudness_range": 26.84368896484375,
      "side_mean": -51.216278076171875
    },
    {
      "high_freq": 794.6976318359375,
      "loudness": -26.980676651000977,
      "loudness_range": 16.293291091918945,
      "low_freq": 392.3793640136719,
      "mid_mean": -25.168506622314453,
      "mid_to_side_loudness": -5.230713367462158,
      "mid_to_side_loudness_range": 16.19276237487793,
      "side_mean": -30.106952667236328
    },
    {
      "high_freq": 1457.5709228515625,
      "loudness": -28.052722930908203,
      "loudness_range": 11.867502212524414,
      "low_freq": 794.6976318359375,
      "mid_mean": -26.990991592407227,
      "mid_to_side_loudness": -1.7510555982589722,
      "mid_to_side_loudness_range": 9.36996841430664,
      "side_mean": -28.43747901916504
    },
    {
      "high_freq": 2549.74365234375,
      "loudness": -33.8593635559082,
      "loudness_range": 25.176097869873047,
      "low_freq": 1457.5709228515625,
      "mid_mean": -33.302860260009766,
      "mid_to_side_loudness": -1.0437325239181519,
      "mid_to_side_loudness_range": 9.428143501281738,
      "side_mean": -33.645450592041016
    },
    {
      "high_freq": 4349.24462890625,
      "loudness": -46.84151840209961,
      "loudness_range": 30.81310272216797,
      "low_freq": 2549.74365234375,
      "mid_mean": -46.13087463378906,
      "mid_to_side_loudness": -1.0535997152328491,
      "mid_to_side_loudness_range": 8.040976524353027,
      "side_mean": -47.18697738647461
    },
    {
      "high_freq": 7314.1640625,
      "loudness": -48.615562438964844,
      "loudness_range": 25.230220794677734,
      "low_freq": 4349.24462890625,
      "mid_mean": -47.17995834350586,
      "mid_to_side_loudness": -2.9468982219696045,
      "mid_to_side_loudness_range": 8.934021949768066,
      "side_mean": -51.07737731933594
    },
    {
      "high_freq": 12199.2666015625,
      "loudness": -55.547298431396484,
      "loudness_range": 19.22443389892578,
      "low_freq": 7314.1640625,
      "mid_mean": -53.46721267700195,
      "mid_to_side_loudness": -4.5353827476501465,
      "mid_to_side_loudness_range": 9.57387924194336,
      "side_mean": -57.745887756347656
    },
    {
      "loudness": -60.58791732788086,
      "loudness_range": 19.262393951416016,
      "low_freq": 12199.2666015625,
      "mid_mean": -58.4302978515625,
      "mid_to_side_loudness": -2.5540544986724854,
      "mid_to_side_loudness_range": 5.967477321624756,
      "side_mean": -60.905601501464844
    }
  ],
  "bands_short": [
    {
      "high_freq": 148.1999969482422,
      "loudness": -43.58978271484375,
      "loudness_range": 28.481794357299805,
      "mid_mean": -40.725746154785156,
      "mid_to_side_loudness": -13.215567588806152,
      "mid_to_side_loudness_range": 28.031494140625,
      "side_mean": -56.04408645629883
    },
    {
      "high_freq": 392.3793640136719,
      "loudness": -34.39390563964844,
      "loudness_range": 13.599321365356445,
      "low_freq": 148.1999969482422,
      "mid_mean": -31.27307891845703,
      "mid_to_side_loudness": -16.400802612304688,
      "mid_to_side_loudness_range": 33.286766052246094,
      "side_mean": -54.42378234863281
    },
    {
      "high_freq": 794.6976318359375,
      "loudness": -28.08315086364746,
      "loudness_range": 18.308780670166016,
      "low_freq": 392.3793640136719,
      "mid_mean": -26.386730194091797,
      "mid_to_side_loudness": -5.440523147583008,
      "mid_to_side_loudness_range": 18.662742614746094,
      "side_mean": -31.342336654663086
    },
    {
      "high_freq": 1457.5709228515625,
      "loudness": -28.050580978393555,
      "loudness_range": 13.136938095092773,
      "low_freq": 794.6976318359375,
      "mid_mean": -26.977140426635742,
      "mid_to_side_loudness": -1.8740335702896118,
      "mid_to_side_loudness_range": 11.017671585083008,
      "side_mean": -28.555131912231445
    },
    {
      "high_freq": 2549.74365234375,
      "loudness": -34.43022918701172,
      "loudness_range": 26.073904037475586,
      "low_freq": 1457.5709228515625,
      "mid_mean": -34.160797119140625,
      "mid_to_side_loudness": -1.1275100708007812,
      "mid_to_side_loudness_range": 10.821093559265137,
      "side_mean": -34.53506088256836
    },
    {
      "high_freq": 4349.24462890625,
      "loudness": -48.372989654541016,
      "loudness_range": 36.037078857421875,
      "low_freq": 2549.74365234375,
      "mid_mean": -50.08719253540039,
      "mid_to_side_loudness": -0.5348003506660461,
      "mid_to_side_loudness_range": 8.487858772277832,
      "side_mean": -50.495426177978516
    },
    {
      "high_freq": 7314.1640625,
      "loudness": -55.76561737060547,
      "loudness_range": 35.35787582397461,
      "low_freq": 4349.24462890625,
      "mid_mean": -55.18818283081055,
      "mid_to_side_loudness": -1.4905269145965576,
      "mid_to_side_loudness_range": 8.816690444946289,
      "side_mean": -56.44630813598633
    },
    {
      "high_freq": 12199.2666015625,
      "loudness": -63.355037689208984,
      "loudness_range": 27.895465850830078,
      "low_freq": 7314.1640625,
      "mid_mean": -60.68528747558594,
      "mid_to_side_loudness": -1.668199062347412,
      "mid_to_side_loudness_range": 7.0296454429626465,
      "side_mean": -62.05305862426758
    },
    {
      "loudness": -66.60888671875,
      "loudness_range": 20.32497787475586,
      "low_freq": 12199.2666015625,
      "mid_mean": -63.66373062133789,
      "mid_to_side_loudness": -0.8482314944267273,
      "mid_to_side_loudness_range": 3.7031984329223633,
      "side_mean": -64.48403930664062
    }
  ],
  "bandwidth": 842.8346557617188,
  "channels": 2,
  "covariance": [
    [
      69.08259582519531,
      19.03412437438965,
      29.46640396118164,
      26.414365768432617,
      -6.12791633605957,
      -15.719265937805176,
      -6.275797367095947,
      -6.546072483062744,
      -4.428865909576416,
      -7.701361179351807,
      8.145047187805176,
      8.705310821533203,
      -6.110979080200195,
      -9.455719947814941,
      1.0093268156051636,
      -8.02065372467041,
      12.485648155212402,
      6.265562057495117
    ],
    [
      19.03412437438965,
      47.85218811035156,
      15.674322128295898,
      47.500343322753906,
      8.616252899169922,
      6.189671993255615,
      3.8714077472686768,
      4.981162071228027,
      7.062201976776123,
      4.266729831695557,
      15.066582679748535,
      16.18484878540039,
      14.109170913696289,
      31.445449829101562,
      23.793315887451172,
      18.111074447631836,
      16.444807052612305,
      11.791608810424805
    ],
    [
      29.46640396118164,
      15.674322128295898,
      50.97090148925781,
      34.38827896118164,
      4.925173759460449,
      3.849597692489624,
      -3.332540512084961,
      -3.047912120819092,
      -5.8016438484191895,
      -9.8596773147583,
      -5.5954694747924805,
      -6.8102946281433105,
      -8.929925918579102,
      -8.753750801086426,
      -0.34027519822120667,
      -8.864667892456055,
      9.694991111755371,
      4.096640110015869
    ],
    [
      26.414365768432617,
      47.500343322753906,
      34.38827896118164,
      117.28789520263672,
      25.664058685302734,
      40.03663635253906,
      -5.520287990570068,
      -4.043374538421631,
      -15.110658645629883,
      -25.29396629333496,
      16.64417839050293,
      14.723044395446777,
      14.140268325805664,
      29.495046615600586,
      33.25620651245117,
      17.05493927001953,
      30.997325897216797,
      20.173824310302734
    ],
    [
      -6.12791633605957,
      8.616252899169922,
      4.925173759460449,
      25.664058685302734,
      29.27518653869629,
      42.55560302734375,
      -1.6346831321716309,
      -1.0811156034469604,
      3.2017018795013428,
      -1.6593745946884155,
      -0.2315130978822708,
      -2.001746416091919,
      3.557175874710083,
      6.091920375823975,
      4.225601673126221,
      1.5323572158813477,
      2.2812280654907227,
      0.9497368335723877
    ],
    [
      -15.719265937805176,
      6.189671993255615,
      3.849597692489624,
      40.03663635253906,
      42.55560302734375,
      98.02644348144531,
      -8.647600173950195,
      -5.603796482086182,
      -2.975931167602539,
      -11.33877182006836,
      -18.738113403320312,
      -26.583765029907227,
      -5.207674980163574,
      -5.005407333374023,
      -3.02245831489563,
      -7.020827770233154,
      -3.7900147438049316,
      -3.9160048961639404
    ],
    [
      -6.275797367095947,
      3.8714077472686768,
      -3.332540512084961,
      -5.520287990570068,
      -1.6346831321716309,
      -8.647600173950195,
      19.771677017211914,
      16.682268142700195,
      9.98948860168457,
      10.63857364654541,
      9.742724418640137,
      13.385009765625,
      13.028038024902344,
      20.401960372924805,
      7.191733360290527,
      10.497074127197266,
      0.9680219292640686,
      1.8044030666351318
    ],
    [
      -6.546072483062744,
      4.981162071228027,
      -3.047912120819092,
      -4.043374538421631,
      -1.0811156034469604,
      -5.603796482086182,
      16.682268142700195,
      28.543792724609375,
      14.58834457397461,
      15.399325370788574,
      9.909438133239746,
      11.837141036987305,
      16.556194305419922,
      21.523221969604492,
      6.588446140289307,
      10.012953758239746,
      0.7994791269302368,
      1.6714056730270386
    ],
    [
      -4.428865909576416,
      7.062201976776123,
      -5.8016438484191895,
      -15.110658645629883,
      3.2017018795013428,
      -2.975931167602539,
      9.98948860168457,
      14.58834457397461,
      72.53865051269531,
      73.6800765991211,
      28.513423919677734,
      35.039634704589844,
      29.65276527404785,
      39.21415710449219,
      10.568480491638184,
      17.792545318603516,
      1.7553895711898804,
      2.5099635124206543
    ],
    [
      -7.701361179351807,
      4.266729831695557,
      -9.8596773147583,
      -25.29396629333496,
      -1.6593745946884155,
      -11.33877182006836,
      10.63857364654541,
      15.399325370788574,
      73.6800765991211,
      92.01262664794922,
      27.909440994262695,
      36.233489990234375,
      29.2751407623291,
      39.855037689208984,
      8.904897689819336,
      18.79389762878418,
      -1.7938915491104126,
      0.2943366765975952
    ],
    [
      8.145047187805176,
      15.066582679748535,
      -5.5954694747924805,
      16.64417839050293,
      -0.2315130978822708,
      -18.738113403320312,
      9.742724418640137,
      9.909438133239746,
      28.513423919677734,
      27.909440994262695,
      86.59210968017578,
      94.5662612915039,
      42.984554290771484,
      52.06611633300781,
      35.38383483886719,
      39.55233383178711,
      20.050472259521484,
      16.793529510498047
    ],
    [
      8.705310821533203,
      16.18484878540039,
      -6.8102946281433105,
      14.723044395446777,
      -2.001746416091919,
      -26.583765029907227,
      13.385009765625,
      11.837141036987305,
      35.039634704589844,
      36.233489990234375,
      94.5662612915039,
      112.37480163574219,
      45.90358352661133,
      59.86008071899414,
      35.060089111328125,
      42.498172760009766,
      17.01980209350586,
      14.512740135192871
    ],
    [
      -6.110979080200195,
      14.109170913696289,
      -8.929925918579102,
      14.140268325805664,
      3.557175874710083,
      -5.207674980163574,
      13.028038024902344,
      16.556194305419922,
      29.65276527404785,
      29.2751407623291,
      42.984554290771484,
      45.90358352661133,
      62.938846588134766,
      71.30902099609375,
      36.373443603515625,
      39.78748321533203,
      20.00371742248535,
      18.107646942138672
    ],
    [
      -9.455719947814941,
      31.445449829101562,
      -8.753750801086426,
      29.495046615600586,
      6.091920375823975,
      -5.005407333374023,
      20.401960372924805,
      21.523221969604492,
      39.21415710449219,
      39.855037689208984,
      52.06611633300781,
      59.86008071899414,
      71.30902099609375,
      102.84255981445312,
      48.442264556884766,
      54.61213302612305,
      22.659454345703125,
      20.950061798095703
    ],
    [
      1.0093268156051636,
      23.793315887451172,
      -0.34027519822120667,
      33.25620651245117,
      4.225601673126221,
      -3.02245831489563,
      7.191733360290527,
      6.588446140289307,
      10.568480491638184,
      8.904897689819336,
      35.38383483886719,
      35.060089111328125,
      36.373443603515625,
      48.442264556884766,
      50.52232360839844,
      42.439910888671875,
      33.335540771484375,
      27.091754913330078
    ],
    [
      -8.02065372467041,
      18.111074447631836,
      -8.864667892456055,
      17.05493927001953,
      1.5323572158813477,
      -7.020827770233154,
      10.497074127197266,
      10.012953758239746,
      17.792545318603516,
      18.79389762878418,
      39.55233383178711,
      42.498172760009766,
      39.78748321533203,
      54.61213302612305,
      42.439910888671875,
      45.305233001708984,
      20.819124221801758,
      19.680639266967773
    ],
    [
      12.485648155212402,
      16.444807052612305,
      9.694991111755371,
      30.997325897216797,
      2.2812280654907227,
      -3.7900147438049316,
      0.9680219292640686,
      0.7994791269302368,
      1.7553895711898804,
      -1.7938915491104126,
      20.050472259521484,
      17.01980209350586,
      20.00371742248535,
      22.659454345703125,
      33.335540771484375,
      20.819124221801758,
      35.06791305541992,
      27.081130981445312
    ],
    [
      6.265562057495117,
      11.791608810424805,
      4.096640110015869,
      20.173824310302734,
      0.9497368335723877,
      -3.9160048961639404,
      1.8044030666351318,
      1.6714056730270386,
      2.5099635124206543,
      0.2943366765975952,
      16.793529510498047,
      14.512740135192871,
      18.107646942138672,
      20.950061798095703,
      27.091754913330078,
      19.680639266967773,
      27.081130981445312,
      23.56317901611328
    ]
  ],
  "covariance_short": [
    [
      122.56417846679688,
      28.495014190673828,
      28.268985748291016,
      41.86086654663086,
      -0.07626999169588089,
      -7.711794376373291,
      -5.535891532897949,
      -4.655058860778809,
      -5.329781532287598,
      -9.113693237304688,
      17.1168212890625,
      16.38182830810547,
      8.97562026977539,
      4.772134780883789,
      11.975478172302246,
      4.827486515045166,
      17.763771057128906,
      13.086138725280762
    ],
    [
      28.495014190673828,
      51.649478912353516,
      15.270203590393066,
      44.1474609375,
      13.273231506347656,
      12.530229568481445,
      5.558078765869141,
      6.841930389404297,
      9.055622100830078,
      4.805790424346924,
      34.35140609741211,
      32.424503326416016,
      34.146175384521484,
      33.290401458740234,
      23.318607330322266,
      18.989803314208984,
      14.863199234008789,
      11.917492866516113
    ],
    [
      28.268985748291016,
      15.270203590393066,
      40.974945068359375,
      29.097997665405273,
      6.489194869995117,
      8.359362602233887,
      -1.82835853099823,
      -1.8699326515197754,
      -4.247435092926025,
      -7.478973865509033,
      1.0327463150024414,
      -0.6642209887504578,
      -1.8636356592178345,
      -2.7164194583892822,
      -1.4351532459259033,
      -3.8009285926818848,
      3.7529666423797607,
      2.097524642944336
    ],
    [
      41.86086654663086,
      44.1474609375,
      29.097997665405273,
      139.92906188964844,
      36.42006301879883,
      57.19774627685547,
      -4.705770969390869,
      -2.8945372104644775,
      -15.659088134765625,
      -28.100139617919922,
      29.831806182861328,
      22.769996643066406,
      36.49134826660156,
      34.27480697631836,
      28.293920516967773,
      18.45941162109375,
      26.843137741088867,
      20.835861206054688
    ],
    [
      -0.07626999169588089,
      13.273231506347656,
      6.489194869995117,
      36.42006301879883,
      40.614131927490234,
      49.97688293457031,
      -1.189097285270691,
      -0.7056617736816406,
      2.2159531116485596,
      -3.0936901569366455,
      4.531797409057617,
      -0.1264471709728241,
      13.101285934448242,
      13.429781913757324,
      6.778110027313232,
      4.759774684906006,
      4.0639119148254395,
      2.9463884830474854
    ],
    [
      -7.711794376373291,
      12.530229568481445,
      8.359362602233887,
      57.19774627685547,
      49.97688293457031,
      111.13552856445312,
      -5.794743061065674,
      -2.966506242752075,
      -4.743206024169922,
      -13.577733039855957,
      -20.12286949157715,
      -31.074323654174805,
      4.88931131362915,
      5.929557800292969,
      0.7723117470741272,
      -2.1951422691345215,
      1.8060977458953857,
      0.8317968249320984
    ],
    [
      -5.535891532897949,
      5.558078765869141,
      -1.82835853099823,
      -4.705770969390869,
      -1.189097285270691,
      -5.794743061065674,
      24.902070999145508,
      20.384450912475586,
      14.587580680847168,
      13.434680938720703,
      22.17470932006836,
      22.535825729370117,
      24.55026626586914,
      24.869312286376953,
      14.726058959960938,
      14.005692481994629,
      5.811557292938232,
      5.21549654006958
    ],
    [
      -4.655058860778809,
      6.841930389404297,
      -1.8699326515197754,
      -2.8945372104644775,
      -0.7056617736816406,
      -2.966506242752075,
      20.384450912475586,
      33.643333435058594,
      18.927452087402344,
      17.718671798706055,
      21.399019241333008,
      21.587326049804688,
      26.14459991455078,
      26.88631248474121,
      14.614189147949219,
      13.995787620544434,
      5.233334064483643,
      4.7760701179504395
    ],
    [
      -5.329781532287598,
      9.055622100830078,
      -4.247435092926025,
      -15.659088134765625,
      2.2159531116485596,
      -4.743206024169922,
      14.587580680847168,
      18.927452087402344,
      83.32717895507812,
      81.7811279296875,
      53.66817855834961,
      55.64040756225586,
      46.732540130615234,
      47.73903274536133,
      25.84389877319336,
      26.140501022338867,
      8.384356498718262,
      7.71017599105835
    ],
    [
      -9.113693237304688,
      4.805790424346924,
      -7.478973865509033,
      -28.100139617919922,
      -3.0936901569366455,
      -13.577733039855957,
      13.434680938720703,
      17.718671798706055,
      81.7811279296875,
      103.47640228271484,
      52.73185729980469,
      57.20154571533203,
      44.93757247924805,
      46.74702453613281,
      25.309650421142578,
      27.198314666748047,
      5.669589042663574,
      5.755867958068848
    ],
    [
      17.1168212890625,
      34.35140609741211,
      1.0327463150024414,
      29.831806182861328,
      4.531797409057617,
      -20.12286949157715,
      22.17470932006836,
      21.399019241333008,
      53.66817855834961,
      52.73185729980469,
      155.8276824951172,
      158.0874786376953,
      91.75554656982422,
      88.62680053710938,
      64.31330871582031,
      59.68028259277344,
      31.71268653869629,
      26.960845947265625
    ],
    [
      16.38182830810547,
      32.424503326416016,
      -0.6642209887504578,
      22.769996643066406,
      -0.1264471709728241,
      -31.074323654174805,
      22.535825729370117,
      21.587326049804688,
      55.64040756225586,
      57.20154571533203,
      158.0874786376953,
      168.70867919921875,
      89.57853698730469,
      88.368896484375,
      61.14376449584961,
      58.7891731262207,
      27.968280792236328,
      24.141677856445312
    ],
    [
      8.97562026977539,
      34.146175384521484,
      -1.8636356592178345,
      36.49134826660156,
      13.101285934448242,
      4.88931131362915,
      24.55026626586914,
      26.14459991455078,
      46.732540130615234,
      44.93757247924805,
      91.75554656982422,
      89.57853698730469,
      121.64045715332031,
      114.16314697265625,
      79.58411407470703,
      69.3814468383789,
      42.25935363769531,
      35.64664840698242
    ],
    [
      4.772134780883789,
      33.290401458740234,
      -2.7164194583892822,
      34.27480697631836,
      13.429781913757324,
      5.929557800292969,
      24.869312286376953,
      26.88631248474121,
      47.73903274536133,
      46.74702453613281,
      88.62680053710938,
      88.368896484375,
      114.16314697265625,
      115.56908416748047,
      72.49951171875,
      66.14042663574219,
      35.28104782104492,
      30.494203567504883
    ],
    [
      11.975478172302246,
      23.318607330322266,
      -1.4351532459259033,
      28.293920516967773,
      6.778110027313232,
      0.7723117470741272,
      14.726058959960938,
      14.614189147949219,
      25.84389877319336,
      25.309650421142578,
      64.31330871582031,
      61.14376449584961,
      79.58411407470703,
      72.49951171875,
      74.47738647460938,
      62.07895278930664,
      43.75551986694336,
      36.14350128173828
    ],
    [
      4.827486515045166,
      18.989803314208984,
      -3.8009285926818848,
      18.45941162109375,
      4.759774684906006,
      -2.1951422691345215,
      14.005692481994629,
      13.995787620544434,
      26.140501022338867,
      27.198314666748047,
      59.68028259277344,
      58.7891731262207,
      69.3814468383789,
      66.14042663574219,
      62.07895278930664,
      56.242488861083984,
      32.2479248046875,
      27.638505935668945
    ],
    [
      17.763771057128906,
      14.863199234008789,
      3.7529666423797607,
      26.843137741088867,
      4.0639119148254395,
      1.8060977458953857,
      5.811557292938232,
      5.233334064483643,
      8.384356498718262,
      5.669589042663574,
      31.71268653869629,
      27.968280792236328,
      42.25935363769531,
      35.28104782104492,
      43.75551986694336,
      32.2479248046875,
      37.986053466796875,
      30.846765518188477
    ],
    [
      13.086138725280762,
      11.917492866516113,
      2.097524642944336,
      20.835861206054688,
      2.9463884830474854,
      0.8317968249320984,
      5.21549654006958,
      4.7760701179504395,
      7.71017599105835,
      5.755867958068848,
      26.960845947265625,
      24.141677856445312,
      35.64664840698242,
      30.494203567504883,
      36.14350128173828,
      27.638505935668945,
      30.846765518188477,
      26.002578735351562
    ]
  ],
  "damage": -9.16312026977539,
  "diff_bandwidth": 857.761474609375,
  "dissonance": 2.723576083862604,
  "drr": 10.346353530883789,
  "dynamics": 2.956070899963379,
  "format": 1245190,
  "frames": 7040124,
  "loudness": -18.117034912109375,
  "loudness_range": 7.803051948547363,
  "loudness_range_short": 9.84030818939209,
  "lowpass_true_peak_15khz": -2.9627845287323,
  "mastering3_acoustic_entropies": [
    {
      "acoustic_entropy": 10.116048812866211,
      "acoustic_entropy_mono": 8.685179710388184,
      "band_eliminated_acoustic_entropies": [
        {
          "acoustic_entropy": 10.111848831176758,
          "acoustic_entropy_side": 10.116052627563477,
          "hz": 129.47220167065723
        },
        {
          "acoustic_entropy": 10.087384223937988,
          "acoustic_entropy_side": 10.116069793701172,
          "hz": 202.92927478742237
        },
        {
          "acoustic_entropy": 10.125664710998535,
          "acoustic_entropy_side": 10.116167068481445,
          "hz": 282.89161906338205
        },
        {
          "acoustic_entropy": 10.092365264892578,
          "acoustic_entropy_side": 10.073498725891113,
          "hz": 369.9353335868758
        },
        {
          "acoustic_entropy": 10.238410949707031,
          "acoustic_entropy_side": 10.045917510986328,
          "hz": 464.6875360973435
        },
        {
          "acoustic_entropy": 10.639718055725098,
          "acoustic_entropy_side": 10.510011672973633,
          "hz": 567.8308811364784
        },
        {
          "acoustic_entropy": 10.644549369812012,
          "acoustic_entropy_side": 10.165621757507324,
          "hz": 680.1084783214808
        },
        {
          "acoustic_entropy": 10.616128921508789,
          "acoustic_entropy_side": 10.05030345916748,
          "hz": 802.3292461747484
        },
        {
          "acoustic_entropy": 9.76497745513916,
          "acoustic_entropy_side": 10.349864959716797,
          "hz": 935.3737400823702
        },
        {
          "acoustic_entropy": 10.31031322479248,
          "acoustic_entropy_side": 11.136734962463379,
          "hz": 1080.2004963696966
        },
        {
          "acoustic_entropy": 10.02118968963623,
          "acoustic_entropy_side": 10.594674110412598,
          "hz": 1237.8529382007157
        },
        {
          "acoustic_entropy": 9.834365844726562,
          "acoustic_entropy_side": 9.859831809997559,
          "hz": 1409.4668930556702
        },
        {
          "acoustic_entropy": 10.124862670898438,
          "acoustic_entropy_side": 10.697891235351562,
          "hz": 1596.2787759475705
        },
        {
          "acoustic_entropy": 10.025005340576172,
          "acoustic_entropy_side": 10.12600040435791,
          "hz": 1799.6344973346393
        },
        {
          "acoustic_entropy": 10.49079704284668,
          "acoustic_entropy_side": 9.772884368896484,
          "hz": 2020.9991599069049
        },
        {
          "acoustic_entropy": 9.893704414367676,
          "acoustic_entropy_side": 9.51025676727295,
          "hz": 2261.9676141086993
        },
        {
          "acoustic_entropy": 10.353878021240234,
          "acoustic_entropy_side": 10.370193481445312,
          "hz": 2524.2759484456974
        },
        {
          "acoustic_entropy": 9.908143997192383,
          "acoustic_entropy_side": 10.246034622192383,
          "hz": 2809.813997359896
        },
        {
          "acoustic_entropy": 10.157244682312012,
          "acoustic_entropy_side": 10.181936264038086,
          "hz": 3120.6389567871424
        },
        {
          "acoustic_entropy": 10.028369903564453,
          "acoustic_entropy_side": 10.101632118225098,
          "hz": 3458.990205492291
        },
        {
          "acoustic_entropy": 10.120123863220215,
          "acoustic_entropy_side": 10.089662551879883,
          "hz": 3827.305438964164
        },
        {
          "acoustic_entropy": 10.129080772399902,
          "acoustic_entropy_side": 10.125140190124512,
          "hz": 4228.238232109126
        },
        {
          "acoustic_entropy": 10.137439727783203,
          "acoustic_entropy_side": 10.11837387084961,
          "hz": 4664.6771572759235
        },
        {
          "acoustic_entropy": 10.069693565368652,
          "acoustic_entropy_side": 10.086291313171387,
          "hz": 5139.766595350093
        },
        {
          "acoustic_entropy": 10.14738941192627,
          "acoustic_entropy_side": 10.036377906799316,
          "hz": 5656.929389854203
        },
        {
          "acoustic_entropy": 10.106531143188477,
          "acoustic_entropy_side": 10.104965209960938,
          "hz": 6219.891507268283
        },
        {
          "acoustic_entropy": 10.02858829498291,
          "acoustic_entropy_side": 10.036384582519531,
          "hz": 6832.70888123896
        },
        {
          "acoustic_entropy": 10.134737014770508,
          "acoustic_entropy_side": 10.192426681518555,
          "hz": 7499.796634079867
        },
        {
          "acoustic_entropy": 10.12169361114502,
          "acoustic_entropy_side": 10.118929862976074,
          "hz": 8225.96088609342
        },
        {
          "acoustic_entropy": 10.12724781036377,
          "acoustic_entropy_side": 10.120939254760742,
          "hz": 9016.43338188839
        },
        {
          "acoustic_entropy": 10.115201950073242,
          "acoustic_entropy_side": 10.115775108337402,
          "hz": 9876.909183162974
        },
        {
          "acoustic_entropy": 10.115358352661133,
          "acoustic_entropy_side": 10.11569595336914,
          "hz": 10813.587699516042
        },
        {
          "acoustic_entropy": 10.115567207336426,
          "acoustic_entropy_side": 10.115738868713379,
          "hz": 11833.21735289826
        },
        {
          "acoustic_entropy": 10.116020202636719,
          "acoustic_entropy_side": 10.115992546081543,
          "hz": 12943.144197493959
        },
        {
          "acoustic_entropy": 10.116046905517578,
          "acoustic_entropy_side": 10.116049766540527,
          "hz": 14151.364845322005
        },
        {
          "acoustic_entropy": 10.116035461425781,
          "acoustic_entropy_side": 10.116050720214844,
          "hz": 15466.58407886509
        },
        {
          "acoustic_entropy": 10.116043090820312,
          "acoustic_entropy_side": 10.11605167388916,
          "hz": 16898.27756580493
        },
        {
          "acoustic_entropy": 10.116045951843262,
          "acoustic_entropy_side": 10.116046905517578,
          "hz": 18456.760127700032
        },
        {
          "acoustic_entropy": 10.116046905517578,
          "acoustic_entropy_side": 10.116048812866211,
          "hz": 20153.260054456492
        },
        {
          "acoustic_entropy": 10.116046905517578,
          "acoustic_entropy_side": 10.116046905517578,
          "hz": 22000.00000000001
        }
      ],
      "diff_acoustic_entropy": 4.3276519775390625,
      "sn": 6
    },
    {
      "acoustic_entropy": 16.217975616455078,
      "acoustic_entropy_mono": 13.857179641723633,
      "band_eliminated_acoustic_entropies": [
        {
          "acoustic_entropy": 16.22150230407715,
          "acoustic_entropy_side": 16.217905044555664,
          "hz": 129.47220167065723
        },
        {
          "acoustic_entropy": 16.391695022583008,
          "acoustic_entropy_side": 16.21783447265625,
          "hz": 202.92927478742237
        },
        {
          "acoustic_entropy": 16.088346481323242,
          "acoustic_entropy_side": 16.217002868652344,
          "hz": 282.89161906338205
        },
        {
          "acoustic_entropy": 16.41457176208496,
          "acoustic_entropy_side": 16.288972854614258,
          "hz": 369.9353335868758
        },
        {
          "acoustic_entropy": 16.491689682006836,
          "acoustic_entropy_side": 15.997570037841797,
          "hz": 464.6875360973435
        },
        {
          "acoustic_entropy": 15.84329605102539,
          "acoustic_entropy_side": 17.029834747314453,
          "hz": 567.8308811364784
        },
        {
          "acoustic_entropy": 16.41925048828125,
          "acoustic_entropy_side": 16.865447998046875,
          "hz": 680.1084783214808
        },
        {
          "acoustic_entropy": 16.589200973510742,
          "acoustic_entropy_side": 17.13788604736328,
          "hz": 802.3292461747484
        },
        {
          "acoustic_entropy": 16.490516662597656,
          "acoustic_entropy_side": 17.088764190673828,
          "hz": 935.3737400823702
        },
        {
          "acoustic_entropy": 16.246835708618164,
          "acoustic_entropy_side": 17.96938705444336,
          "hz": 1080.2004963696966
        },
        {
          "acoustic_entropy": 16.328426361083984,
          "acoustic_entropy_side": 17.941246032714844,
          "hz": 1237.8529382007157
        },
        {
          "acoustic_entropy": 15.94507884979248,
          "acoustic_entropy_side": 16.61461639404297,
          "hz": 1409.4668930556702
        },
        {
          "acoustic_entropy": 16.555795669555664,
          "acoustic_entropy_side": 17.16506576538086,
          "hz": 1596.2787759475705
        },
        {
          "acoustic_entropy": 16.35072135925293,
          "acoustic_entropy_side": 17.31892204284668,
          "hz": 1799.6344973346393
        },
        {
          "acoustic_entropy": 15.20633602142334,
          "acoustic_entropy_side": 16.15345573425293,
          "hz": 2020.9991599069049
        },
        {
          "acoustic_entropy": 16.44845962524414,
          "acoustic_entropy_side": 16.121015548706055,
          "hz": 2261.9676141086993
        },
        {
          "acoustic_entropy": 16.389606475830078,
          "acoustic_entropy_side": 16.18608856201172,
          "hz": 2524.2759484456974
        },
        {
          "acoustic_entropy": 16.855871200561523,
          "acoustic_entropy_side": 16.240406036376953,
          "hz": 2809.813997359896
        },
        {
          "acoustic_entropy": 15.826050758361816,
          "acoustic_entropy_side": 16.77888298034668,
          "hz": 3120.6389567871424
        },
        {
          "acoustic_entropy": 17.194530487060547,
          "acoustic_entropy_side": 16.96299934387207,
          "hz": 3458.990205492291
        },
        {
          "acoustic_entropy": 16.8581485748291,
          "acoustic_entropy_side": 16.72416114807129,
          "hz": 3827.305438964164
        },
        {
          "acoustic_entropy": 16.622520446777344,
          "acoustic_entropy_side": 16.454071044921875,
          "hz": 4228.238232109126
        },
        {
          "acoustic_entropy": 16.447237014770508,
          "acoustic_entropy_side": 16.360759735107422,
          "hz": 4664.6771572759235
        },
        {
          "acoustic_entropy": 16.514604568481445,
          "acoustic_entropy_side": 16.38756561279297,
          "hz": 5139.766595350093
        },
        {
          "acoustic_entropy": 16.894554138183594,
          "acoustic_entropy_side": 16.73615264892578,
          "hz": 5656.929389854203
        },
        {
          "acoustic_entropy": 16.488418579101562,
          "acoustic_entropy_side": 16.305908203125,
          "hz": 6219.891507268283
        },
        {
          "acoustic_entropy": 15.724224090576172,
          "acoustic_entropy_side": 16.352384567260742,
          "hz": 6832.70888123896
        },
        {
          "acoustic_entropy": 16.431032180786133,
          "acoustic_entropy_side": 16.550052642822266,
          "hz": 7499.796634079867
        },
        {
          "acoustic_entropy": 16.201059341430664,
          "acoustic_entropy_side": 16.16018295288086,
          "hz": 8225.96088609342
        },
        {
          "acoustic_entropy": 16.220783233642578,
          "acoustic_entropy_side": 16.217973709106445,
          "hz": 9016.43338188839
        },
        {
          "acoustic_entropy": 16.239288330078125,
          "acoustic_entropy_side": 16.222858428955078,
          "hz": 9876.909183162974
        },
        {
          "acoustic_entropy": 16.23741912841797,
          "acoustic_entropy_side": 16.22361946105957,
          "hz": 10813.587699516042
        },
        {
          "acoustic_entropy": 16.23346710205078,
          "acoustic_entropy_side": 16.22037696838379,
          "hz": 11833.21735289826
        },
        {
          "acoustic_entropy": 16.228271484375,
          "acoustic_entropy_side": 16.219770431518555,
          "hz": 12943.144197493959
        },
        {
          "acoustic_entropy": 16.226652145385742,
          "acoustic_entropy_side": 16.219799041748047,
          "hz": 14151.364845322005
        },
        {
          "acoustic_entropy": 16.226314544677734,
          "acoustic_entropy_side": 16.21953010559082,
          "hz": 15466.58407886509
        },
        {
          "acoustic_entropy": 16.22412872314453,
          "acoustic_entropy_side": 16.21910858154297,
          "hz": 16898.27756580493
        },
        {
          "acoustic_entropy": 16.221765518188477,
          "acoustic_entropy_side": 16.218767166137695,
          "hz": 18456.760127700032
        },
        {
          "acoustic_entropy": 16.219572067260742,
          "acoustic_entropy_side": 16.21837615966797,
          "hz": 20153.260054456492
        },
        {
          "acoustic_entropy": 16.21810531616211,
          "acoustic_entropy_side": 16.218015670776367,
          "hz": 22000.00000000001
        }
      ],
      "diff_acoustic_entropy": 9.056042671203613,
      "sn": 12
    },
    {
      "acoustic_entropy": 26.69573402404785,
      "acoustic_entropy_mono": 20.71596908569336,
      "band_eliminated_acoustic_entropies": [
        {
          "acoustic_entropy": 26.274303436279297,
          "acoustic_entropy_side": 26.695890426635742,
          "hz": 129.47220167065723
        },
        {
          "acoustic_entropy": 27.64444351196289,
          "acoustic_entropy_side": 26.746706008911133,
          "hz": 202.92927478742237
        },
        {
          "acoustic_entropy": 27.010120391845703,
          "acoustic_entropy_side": 26.726041793823242,
          "hz": 282.89161906338205
        },
        {
          "acoustic_entropy": 26.331281661987305,
          "acoustic_entropy_side": 26.366592407226562,
          "hz": 369.9353335868758
        },
        {
          "acoustic_entropy": 26.25126075744629,
          "acoustic_entropy_side": 25.79566192626953,
          "hz": 464.6875360973435
        },
        {
          "acoustic_entropy": 25.503416061401367,
          "acoustic_entropy_side": 26.394451141357422,
          "hz": 567.8308811364784
        },
        {
          "acoustic_entropy": 26.166921615600586,
          "acoustic_entropy_side": 26.537216186523438,
          "hz": 680.1084783214808
        },
        {
          "acoustic_entropy": 25.623899459838867,
          "acoustic_entropy_side": 26.90146255493164,
          "hz": 802.3292461747484
        },
        {
          "acoustic_entropy": 27.8048038482666,
          "acoustic_entropy_side": 27.653310775756836,
          "hz": 935.3737400823702
        },
        {
          "acoustic_entropy": 25.67034912109375,
          "acoustic_entropy_side": 27.119312286376953,
          "hz": 1080.2004963696966
        },
        {
          "acoustic_entropy": 25.80851173400879,
          "acoustic_entropy_side": 26.080110549926758,
          "hz": 1237.8529382007157
        },
        {
          "acoustic_entropy": 26.105710983276367,
          "acoustic_entropy_side": 26.306751251220703,
          "hz": 1409.4668930556702
        },
        {
          "acoustic_entropy": 26.079010009765625,
          "acoustic_entropy_side": 27.040851593017578,
          "hz": 1596.2787759475705
        },
        {
          "acoustic_entropy": 25.90449333190918,
          "acoustic_entropy_side": 26.204570770263672,
          "hz": 1799.6344973346393
        },
        {
          "acoustic_entropy": 25.767879486083984,
          "acoustic_entropy_side": 25.781827926635742,
          "hz": 2020.9991599069049
        },
        {
          "acoustic_entropy": 26.345176696777344,
          "acoustic_entropy_side": 26.218116760253906,
          "hz": 2261.9676141086993
        },
        {
          "acoustic_entropy": 26.049612045288086,
          "acoustic_entropy_side": 26.598159790039062,
          "hz": 2524.2759484456974
        },
        {
          "acoustic_entropy": 25.61928939819336,
