{
  "acoustic_entropy": 188.68069458007812,
  "bands": [
    {
      "high_freq": 148.1999969482422,
      "loudness": -24.30695915222168,
      "loudness_range": 16.667139053344727,
      "mid_mean": -21.2249813079834,
      "mid_to_side_loudness": -12.383251190185547,
      "mid_to_side_loudness_range": 18.435256958007812,
      "side_mean": -33.624507904052734
    },
    {
      "high_freq": 392.3793640136719,
      "loudness": -23.292705535888672,
      "loudness_range": 14.821245193481445,
      "low_freq": 148.1999969482422,
      "mid_mean": -20.493606567382812,
      "mid_to_side_loudness": -8.646239280700684,
      "mid_to_side_loudness_range": 11.305747985839844,
      "side_mean": -29.2503719329834
    },
    {
      "high_freq": 794.6976318359375,
      "loudness": -27.050729751586914,
      "loudness_range": 12.76127815246582,
      "low_freq": 392.3793640136719,
      "mid_mean": -24.08460807800293,
      "mid_to_side_loudness": -9.140999794006348,
      "mid_to_side_loudness_range": 11.338592529296875,
      "side_mean": -33.41743850708008
    },
    {
      "high_freq": 1457.5709228515625,
      "loudness": -32.44229507446289,
      "loudness_range": 12.634574890136719,
      "low_freq": 794.6976318359375,
      "mid_mean": -29.466203689575195,
      "mid_to_side_loudness": -8.69227123260498,
      "mid_to_side_loudness_range": 9.076136589050293,
      "side_mean": -38.34022521972656
    },
    {
      "high_freq": 2549.74365234375,
      "loudness": -31.158645629882812,
      "loudness_range": 11.27767562866211,
      "low_freq": 1457.5709228515625,
      "mid_mean": -28.185041427612305,
      "mid_to_side_loudness": -8.882832527160645,
      "mid_to_side_loudness_range": 9.885469436645508,
      "side_mean": -37.33882522583008
    },
    {
      "high_freq": 4349.24462890625,
      "loudness": -30.96468734741211,
      "loudness_range": 9.865554809570312,
      "low_freq": 2549.74365234375,
      "mid_mean": -28.430639266967773,
      "mid_to_side_loudness": -5.7112040519714355,
      "mid_to_side_loudness_range": 8.046530723571777,
      "side_mean": -34.253360748291016
    },
    {
      "high_freq": 7314.1640625,
      "loudness": -32.12906265258789,
      "loudness_range": 8.008552551269531,
      "low_freq": 4349.24462890625,
      "mid_mean": -29.658538818359375,
      "mid_to_side_loudness": -5.0980544090271,
      "mid_to_side_loudness_range": 7.854297637939453,
      "side_mean": -35.05324935913086
    },
    {
      "high_freq": 12199.2666015625,
      "loudness": -34.584434509277344,
      "loudness_range": 6.291364669799805,
      "low_freq": 7314.1640625,
      "mid_mean": -31.777088165283203,
      "mid_to_side_loudness": -6.208418369293213,
      "mid_to_side_loudness_range": 7.184652805328369,
      "side_mean": -38.327762603759766
    },
    {
      "loudness": -38.42903137207031,
      "loudness_range": 6.847339630126953,
      "low_freq": 12199.2666015625,
      "mid_mean": -36.57548141479492,
      "mid_to_side_loudness": -2.6999897956848145,
      "mid_to_side_loudness_range": 3.187376022338867,
      "side_mean": -39.419883728027344
    }
  ],
  "bands_short": [
    {
      "high_freq": 148.1999969482422,
      "loudness": -29.89532470703125,
      "loudness_range": 28.5340518951416,
      "mid_mean": -26.77299690246582,
      "mid_to_side_loudness": -11.919268608093262,
      "mid_to_side_loudness_range": 23.236547470092773,
      "side_mean": -39.91310119628906
    },
    {
      "high_freq": 392.3793640136719,
      "loudness": -22.835725784301758,
      "loudness_range": 17.054309844970703,
      "low_freq": 148.1999969482422,
      "mid_mean": -20.0873966217041,
      "mid_to_side_loudness": -8.944400787353516,
      "mid_to_side_loudness_range": 15.310039520263672,
      "side_mean": -29.580644607543945
    },
    {
      "high_freq": 794.6976318359375,
      "loudness": -28.082107543945312,
      "loudness_range": 17.5960750579834,
      "low_freq": 392.3793640136719,
      "mid_mean": -25.22930908203125,
      "mid_to_side_loudness": -9.01740550994873,
      "mid_to_side_loudness_range": 13.732044219970703,
      "side_mean": -34.65003204345703
    },
    {
      "high_freq": 1457.5709228515625,
      "loudness": -33.91633605957031,
      "loudness_range": 20.643720626831055,
      "low_freq": 794.6976318359375,
      "mid_mean": -31.214649200439453,
      "mid_to_side_loudness": -7.992646217346191,
      "mid_to_side_loudness_range": 13.136357307434082,
      "side_mean": -39.53081512451172
    },
    {
      "high_freq": 2549.74365234375,
      "loudness": -34.671531677246094,
      "loudness_range": 23.348073959350586,
      "low_freq": 1457.5709228515625,
      "mid_mean": -32.081016540527344,
      "mid_to_side_loudness": -7.470423698425293,
      "mid_to_side_loudness_range": 13.050320625305176,
      "side_mean": -39.73185348510742
    },
    {
      "high_freq": 4349.24462890625,
      "loudness": -34.46407699584961,
      "loudness_range": 21.60588264465332,
      "low_freq": 2549.74365234375,
      "mid_mean": -32.24856948852539,
      "mid_to_side_loudness": -5.3272294998168945,
      "mid_to_side_loudness_range": 11.374788284301758,
      "side_mean": -37.73349380493164
    },
    {
      "high_freq": 7314.1640625,
      "loudness": -36.354732513427734,
      "loudness_range": 21.852237701416016,
      "low_freq": 4349.24462890625,
      "mid_mean": -34.175628662109375,
      "mid_to_side_loudness": -4.535475254058838,
      "mid_to_side_loudness_range": 9.461592674255371,
      "side_mean": -39.00563049316406
    },
    {
      "high_freq": 12199.2666015625,
      "loudness": -40.9949836730957,
      "loudness_range": 26.12641143798828,
      "low_freq": 7314.1640625,
      "mid_mean": -38.73689651489258,
      "mid_to_side_loudness": -4.9573845863342285,
      "mid_to_side_loudness_range": 9.454778671264648,
      "side_mean": -43.981876373291016
    },
    {
      "loudness": -46.711395263671875,
      "loudness_range": 30.109432220458984,
      "low_freq": 12199.2666015625,
      "mid_mean": -44.95071029663086,
      "mid_to_side_loudness": -2.492856979370117,
      "mid_to_side_loudness_range": 5.015071392059326,
      "side_mean": -48.731895446777344
    }
  ],
  "bandwidth": 407.2887268066406,
  "channels": 2,
  "covariance": [
    [
      47.23263168334961,
      20.50918960571289,
      17.628528594970703,
      20.18290901184082,
      11.57667350769043,
      14.184122085571289,
      9.118464469909668,
      11.40870189666748,
      4.775836944580078,
      6.661504745483398,
      5.759795188903809,
      3.1450161933898926,
      4.136772155761719,
      0.7104281783103943,
      3.971377372741699,
      1.9674044847488403,
      -0.012440862134099007,
      -0.2989640533924103
    ],
    [
      20.50918960571289,
      34.06210708618164,
      17.68001937866211,
      28.328962326049805,
      15.26076889038086,
      20.907859802246094,
      10.456554412841797,
      16.411174774169922,
      5.963099002838135,
      12.657356262207031,
      6.20413875579834,
      8.95383071899414,
      3.5803558826446533,
      4.213346481323242,
      1.8969513177871704,
      1.0796066522598267,
      -0.8965322375297546,
      -0.6779248714447021
    ],
    [
      17.628528594970703,
      17.68001937866211,
      31.53132438659668,
      27.59432029724121,
      17.557668685913086,
      17.195575714111328,
      12.397165298461914,
      12.523381233215332,
      4.850578784942627,
      6.411452293395996,
      4.8588032722473145,
      4.892435073852539,
      3.0544681549072266,
      3.1059212684631348,
      2.015068292617798,
      1.5980030298233032,
      -1.1819779872894287,
      -0.23980578780174255
    ],
    [
      20.18290901184082,
      28.328962326049805,
      27.59432029724121,
      42.387577056884766,
      18.409576416015625,
      26.194103240966797,
      13.079153060913086,
      19.42223358154297,
      6.2016825675964355,
      13.593301773071289,
      6.2108001708984375,
      8.322492599487305,
      3.6948394775390625,
      4.069986343383789,
      2.0568363666534424,
      1.2397247552871704,
      -1.9596586227416992,
      -0.9566174745559692
    ],
    [
      11.57667350769043,
      15.26076889038086,
      17.557668685913086,
      18.409576416015625,
      29.882253646850586,
      22.99513816833496,
      14.40781021118164,
      12.842693328857422,
      8.7523832321167,
      8.871930122375488,
      6.300689697265625,
      6.031195640563965,
      3.0515711307525635,
      3.4181172847747803,
      1.632860779762268,
      1.4526761770248413,
      -1.0764598846435547,
      -0.37192100286483765
    ],
    [
      14.184122085571289,
      20.907859802246094,
      17.195575714111328,
      26.194103240966797,
      22.99513816833496,
      31.7641544342041,
      11.477553367614746,
      17.523103713989258,
      5.008133411407471,
      12.513049125671387,
      3.793524980545044,
      5.6069793701171875,
      2.335848569869995,
      1.839991569519043,
      1.0948559045791626,
      0.3462161719799042,
      -2.0338425636291504,
      -1.3994154930114746
    ],
    [
      9.118464469909668,
      10.456554412841797,
      12.397165298461914,
      13.079153060913086,
      14.40781021118164,
      11.477553367614746,
      24.685300827026367,
      18.654300689697266,
      14.399432182312012,
      10.887051582336426,
      9.73574161529541,
      7.554185390472412,
      5.100356578826904,
      4.984498977661133,
      2.956883192062378,
      2.3686716556549072,
      0.9393128752708435,
      0.7195451855659485
    ],
    [
      11.40870189666748,
      16.411174774169922,
      12.523381233215332,
      19.42223358154297,
      12.842693328857422,
      17.523103713989258,
      18.654300689697266,
      24.577938079833984,
      9.702442169189453,
      15.736746788024902,
      7.592200756072998,
      9.008174896240234,
      4.559111595153809,
      4.523571968078613,
      2.302532434463501,
      1.4503018856048584,
      -0.10668753832578659,
      -0.17583681643009186
    ],
    [
      4.775836944580078,
      5.963099002838135,
      4.850578784942627,
      6.2016825675964355,
      8.7523832321167,
      5.008133411407471,
      14.399432182312012,
      9.702442169189453,
      23.66888999938965,
      16.369548797607422,
      14.737168312072754,
      10.164667129516602,
      8.165678024291992,
      7.265540599822998,
      4.596124649047852,
      3.3662805557250977,
      2.7495737075805664,
      1.7003467082977295
    ],
    [
      6.661504745483398,
      12.657356262207031,
      6.411452293395996,
      13.593301773071289,
      8.871930122375488,
      12.513049125671387,
      10.887051582336426,
      15.736746788024902,
      16.369548797607422,
      22.430482864379883,
      11.778008460998535,
      12.483186721801758,
      7.196122646331787,
      7.231666564941406,
      3.5652143955230713,
      2.574831247329712,
      0.9300606846809387,
      0.4324755072593689
    ],
    [
      5.759795188903809,
      6.20413875579834,
      4.8588032722473145,
      6.2108001708984375,
      6.300689697265625,
      3.793524980545044,
      9.73574161529541,
      7.592200756072998,
      14.737168312072754,
      11.778008460998535,
      16.25515365600586,
      11.66422176361084,
      10.14970874786377,
      8.48460865020752,
      5.548474311828613,
      3.8314337730407715,
      2.6111223697662354,
      1.0769751071929932
    ],
    [
      3.1450161933898926,
      8.95383071899414,
      4.892435073852539,
      8.322492599487305,
      6.031195640563965,
      5.6069793701171875,
      7.554185390472412,
      9.008174896240234,
      10.164667129516602,
      12.483186721801758,
      11.66422176361084,
      15.99262809753418,
      6.871662616729736,
      10.561264991760254,
      3.228571891784668,
      2.9085400104522705,
      0.9616570472717285,
      0.18980672955513
    ],
    [
      4.136772155761719,
      3.5803558826446533,
      3.0544681549072266,
      3.6948394775390625,
      3.0515711307525635,
      2.335848569869995,
      5.100356578826904,
      4.559111595153809,
      8.165678024291992,
      7.196122646331787,
      10.14970874786377,
      6.871662616729736,
      9.451607704162598,
      5.659996032714844,
      5.395956993103027,
      3.699958324432373,
      2.8976595401763916,
      1.7574259042739868
    ],
    [
      0.7104281783103943,
      4.213346481323242,
      3.1059212684631348,
      4.069986343383789,
      3.4181172847747803,
      1.839991569519043,
      4.984498977661133,
      4.523571968078613,
      7.265540599822998,
      7.231666564941406,
      8.48460865020752,
      10.561264991760254,
      5.659996032714844,
      8.582427024841309,
      2.76773738861084,
      2.5812795162200928,
      1.061100959777832,
      0.5007593631744385
    ],
    [
      3.971377372741699,
      1.8969513177871704,
      2.015068292617798,
      2.0568363666534424,
      1.632860779762268,
      1.0948559045791626,
      2.956883192062378,
      2.302532434463501,
      4.596124649047852,
      3.5652143955230713,
      5.548474311828613,
      3.228571891784668,
      5.395956993103027,
      2.76773738861084,
      5.715677261352539,
      3.742772102355957,
      4.153420448303223,
      3.0260915756225586
    ],
    [
      1.9674044847488403,
      1.0796066522598267,
      1.5980030298233032,
      1.2397247552871704,
      1.4526761770248413,
      0.3462161719799042,
      2.3686716556549072,
      1.4503018856048584,
      3.3662805557250977,
      2.574831247329712,
      3.8314337730407715,
      2.9085400104522705,
      3.699958324432373,
      2.5812795162200928,
      3.742772102355957,
      3.5331950187683105,
      2.9406750202178955,
      2.6416451930999756
    ],
    [
      -0.012440862134099007,
      -0.8965322375297546,
      -1.1819779872894287,
      -1.9596586227416992,
      -1.0764598846435547,
      -2.0338425636291504,
      0.9393128752708435,
      -0.10668753832578659,
      2.7495737075805664,
      0.9300606846809387,
      2.6111223697662354,
      0.9616570472717285,
      2.8976595401763916,
      1.061100959777832,
      4.153420448303223,
      2.9406750202178955,
      6.596543788909912,
      5.083195686340332
    ],
    [
      -0.2989640533924103,
      -0.6779248714447021,
      -0.23980578780174255,
      -0.9566174745559692,
      -0.37192100286483765,
      -1.3994154930114746,
      0.7195451855659485,
      -0.17583681643009186,
      1.7003467082977295,
      0.4324755072593689,
      1.0769751071929932,
      0.18980672955513,
      1.7574259042739868,
      0.5007593631744385,
      3.0260915756225586,
      2.6416451930999756,
      5.083195686340332,
      5.044219493865967
    ]
  ],
  "covariance_short": [
    [
      122.5459213256836,
      61.88716506958008,
      30.86753273010254,
      26.392629623413086,
      16.088048934936523,
      23.02420425415039,
      31.48174476623535,
      29.525005340576172,
      29.767213821411133,
      23.512096405029297,
      29.191749572753906,
      21.40259552001953,
      30.032957077026367,
      19.746870040893555,
      37.33430480957031,
      27.712446212768555,
      31.720476150512695,
      26.162729263305664
    ],
    [
      61.88716506958008,
      69.00542449951172,
      23.7641544342041,
      35.2821044921875,
      17.85651969909668,
      27.00545883178711,
      27.22900390625,
      30.94160270690918,
      26.71070098876953,
      27.61614227294922,
      25.690279006958008,
      24.781538009643555,
      27.000736236572266,
      22.838090896606445,
      29.315763473510742,
      24.996822357177734,
      27.005695343017578,
      30.390033721923828
    ],
    [
      30.86753273010254,
      23.7641544342041,
      46.16695785522461,
      35.551170349121094,
      24.836599349975586,
      25.951385498046875,
      22.658164978027344,
      21.30107307434082,
      14.149924278259277,
      11.686776161193848,
      13.282337188720703,
      11.267995834350586,
      13.546730041503906,
      10.31486988067627,
      16.450082778930664,
      13.327901840209961,
      13.343573570251465,
      17.210512161254883
    ],
    [
      26.392629623413086,
      35.2821044921875,
      35.551170349121094,
      57.12275314331055,
      23.161930084228516,
      36.112464904785156,
      24.980426788330078,
      29.78253936767578,
      17.36552619934082,
      20.653656005859375,
      14.75417709350586,
      16.344467163085938,
      13.685942649841309,
      12.546293258666992,
      13.469990730285645,
      12.400367736816406,
      10.358124732971191,
      15.56583023071289
    ],
    [
      16.088048934936523,
      17.85651969909668,
      24.836599349975586,
      23.161930084228516,
      45.17354202270508,
      34.53537368774414,
      29.633522033691406,
      23.83582878112793,
      25.224563598632812,
      18.901514053344727,
      19.998790740966797,
      15.865070343017578,
      16.820240020751953,
      13.98462963104248,
      18.787940979003906,
      17.12079620361328,
      16.949617385864258,
      23.54446792602539
    ],
    [
      23.02420425415039,
      27.00545883178711,
      25.951385498046875,
      36.112464904785156,
      34.53537368774414,
      50.79924774169922,
      28.602649688720703,
      33.20536804199219,
      21.997528076171875,
      25.228296279907227,
      18.138545989990234,
      19.192644119262695,
      17.30141830444336,
      14.759720802307129,
      17.78197479248047,
      15.972265243530273,
      15.295812606811523,
      21.465126037597656
    ],
    [
      31.48174476623535,
      27.22900390625,
      22.658164978027344,
      24.980426788330078,
      29.633522033691406,
      28.602649688720703,
      59.42550277709961,
      41.21695327758789,
      48.47232437133789,
      32.92189025878906,
      39.112979888916016,
      28.26350212097168,
      32.58774948120117,
      25.75613021850586,
      35.648189544677734,
      30.282989501953125,
      34.925846099853516,
      38.39910888671875
    ],
    [
      29.525005340576172,
      30.94160270690918,
      21.30107307434082,
      29.78253936767578,
      23.83582878112793,
      33.20536804199219,
      41.21695327758789,
      48.742191314697266,
      36.18439483642578,
      35.089378356933594,
      29.733434677124023,
      28.295848846435547,
      26.938230514526367,
      23.416593551635742,
      27.269248962402344,
      23.742700576782227,
      25.462284088134766,
      29.9763126373291
    ],
    [
      29.767213821411133,
      26.71070098876953,
      14.149924278259277,
      17.36552619934082,
      25.224563598632812,
      21.997528076171875,
      48.47232437133789,
      36.18439483642578,
      74.67054748535156,
      49.79405975341797,
      58.93450927734375,
      42.480403900146484,
      49.837345123291016,
      39.08918380737305,
      52.66669464111328,
      43.590553283691406,
      50.91535568237305,
      52.20792007446289
    ],
    [
      23.512096405029297,
      27.61614227294922,
      11.686776161193848,
      20.653656005859375,
      18.901514053344727,
      25.228296279907227,
      32.92189025878906,
      35.089378356933594,
      49.79405975341797,
      50.96111297607422,
      42.378231048583984,
      40.66261291503906,
      38.91206741333008,
      35.10332107543945,
      39.28811264038086,
      34.855979919433594,
      37.64519500732422,
      41.58036422729492
    ],
    [
      29.191749572753906,
      25.690279006958008,
      13.282337188720703,
      14.75417709350586,
      19.998790740966797,
      18.138545989990234,
      39.112979888916016,
      29.733434677124023,
      58.93450927734375,
      42.378231048583984,
      65.4479751586914,
      48.25619125366211,
      59.54587936401367,
      46.9449462890625,
      62.19501495361328,
      50.91064453125,
      59.0526123046875,
      54.7774772644043
    ],
    [
      21.40259552001953,
      24.781538009643555,
      11.267995834350586,
      16.344467163085938,
      15.865070343017578,
      19.192644119262695,
      28.26350212097168,
      28.295848846435547,
      42.480403900146484,
      40.66261291503906,
      48.25619125366211,
      50.78043746948242,
      48.66115951538086,
      46.55226516723633,
      50.207061767578125,
      45.42952346801758,
      49.78427505493164,
      49.97315979003906
    ],
    [
      30.032957077026367,
      27.000736236572266,
      13.546730041503906,
      13.685942649841309,
      16.820240020751953,
      17.30141830444336,
      32.58774948120117,
      26.938230514526367,
      49.837345123291016,
      38.91206741333008,
      59.54587936401367,
      48.66115951538086,
      67.30968475341797,
      52.91071319580078,
      72.58389282226562,
      59.24223709106445,
      69.8466796875,
      64.84586334228516
    ],
    [
      19.746870040893555,
      22.838090896606445,
      10.31486988067627,
      12.546293258666992,
      13.98462963104248,
      14.759720802307129,
      25.75613021850586,
      23.416593551635742,
      39.08918380737305,
      35.10332107543945,
      46.9449462890625,
      46.55226516723633,
      52.91071319580078,
      51.406742095947266,
      57.66654586791992,
      52.58042526245117,
      58.93028259277344,
      58.94015121459961
    ],
    [
      37.33430480957031,
      29.315763473510742,
      16.450082778930664,
      13.469990730285645,
      18.787940979003906,
      17.78197479248047,
      35.648189544677734,
      27.269248962402344,
      52.66669464111328,
      39.28811264038086,
      62.19501495361328,
      50.207061767578125,
      72.58389282226562,
      57.66654586791992,
      94.36614990234375,
      75.41248321533203,
      94.38581085205078,
      85.61394500732422
    ],
    [
      27.712446212768555,
      24.996822357177734,
      13.327901840209961,
      12.400367736816406,
      17.12079620361328,
      15.972265243530273,
      30.282989501953125,
      23.742700576782227,
      43.590553283691406,
      34.855979919433594,
      50.91064453125,
      45.42952346801758,
      59.24223709106445,
      52.58042526245117,
      75.41248321533203,
      69.50748443603516,
      81.3499984741211,
      81.24322509765625
    ],
    [
      31.720476150512695,
      27.005695343017578,
      13.343573570251465,
      10.358124732971191,
      16.949617385864258,
      15.295812606811523,
      34.925846099853516,
      25.462284088134766,
      50.91535568237305,
      37.64519500732422,
      59.0526123046875,
      49.78427505493164,
      69.8466796875,
      58.93028259277344,
      94.38581085205078,
      81.3499984741211,
      110.25053405761719,
      102.68790435791016
    ],
    [
      26.162729263305664,
      30.390033721923828,
      17.210512161254883,
      15.56583023071289,
      23.54446792602539,
      21.465126037597656,
      38.39910888671875,
      29.9763126373291,
      52.20792007446289,
      41.58036422729492,
      54.7774772644043,
      49.97315979003906,
      64.84586334228516,
      58.94015121459961,
      85.61394500732422,
      81.24322509765625,
      102.68790435791016,
      121.45421600341797
    ]
  ],
  "damage": -8.06423282623291,
  "diff_bandwidth": 431.2767333984375,
  "dissonance": 7.344750281369343,
  "drr": 5.827841758728027,
  "dynamics": 3.293262243270874,
  "format": 1245190,
  "frames": 4816896,
  "loudness": -14.14310073852539,
  "loudness_range": 8.39029312133789,
  "loudness_range_short": 13.08987045288086,
  "lowpass_true_peak_15khz": 0.5923902988433838,
  "mastering3_acoustic_entropies": [
    {
      "acoustic_entropy": 6.6116437911987305,
      "acoustic_entropy_mono": 6.588516712188721,
      "band_eliminated_acoustic_entropies": [
        {
          "acoustic_entropy": 6.429050445556641,
          "acoustic_entropy_side": 6.574263572692871,
          "hz": 129.47220167065723
        },
        {
          "acoustic_entropy": 6.535613059997559,
          "acoustic_entropy_side": 6.888102054595947,
          "hz": 202.92927478742237
        },
        {
          "acoustic_entropy": 7.108156204223633,
          "acoustic_entropy_side": 6.515926837921143,
          "hz": 282.89161906338205
        },
        {
          "acoustic_entropy": 6.488675117492676,
          "acoustic_entropy_side": 6.407865524291992,
          "hz": 369.9353335868758
        },
        {
          "acoustic_entropy": 6.95401668548584,
          "acoustic_entropy_side": 6.49221658706665,
          "hz": 464.6875360973435
        },
        {
          "acoustic_entropy": 6.512878894805908,
          "acoustic_entropy_side": 6.5384602546691895,
          "hz": 567.8308811364784
        },
        {
          "acoustic_entropy": 6.668005466461182,
          "acoustic_entropy_side": 6.909450531005859,
          "hz": 680.1084783214808
        },
        {
          "acoustic_entropy": 6.324367046356201,
          "acoustic_entropy_side": 6.4837799072265625,
          "hz": 802.3292461747484
        },
        {
          "acoustic_entropy": 6.422094821929932,
          "acoustic_entropy_side": 6.463890075683594,
          "hz": 935.3737400823702
        },
        {
          "acoustic_entropy": 6.708751201629639,
          "acoustic_entropy_side": 6.754321098327637,
          "hz": 1080.2004963696966
        },
        {
          "acoustic_entropy": 6.714562892913818,
          "acoustic_entropy_side": 6.780708312988281,
          "hz": 1237.8529382007157
        },
        {
          "acoustic_entropy": 6.8546295166015625,
          "acoustic_entropy_side": 6.624813079833984,
          "hz": 1409.4668930556702
        },
        {
          "acoustic_entropy": 6.730670928955078,
          "acoustic_entropy_side": 6.610357284545898,
          "hz": 1596.2787759475705
        },
        {
          "acoustic_entropy": 6.755586624145508,
          "acoustic_entropy_side": 6.529995918273926,
          "hz": 1799.6344973346393
        },
        {
          "acoustic_entropy": 6.6325459480285645,
          "acoustic_entropy_side": 6.546393394470215,
          "hz": 2020.9991599069049
        },
        {
          "acoustic_entropy": 6.758096218109131,
          "acoustic_entropy_side": 6.597005367279053,
          "hz": 2261.9676141086993
        },
        {
          "acoustic_entropy": 6.790656089782715,
          "acoustic_entropy_side": 6.54320764541626,
          "hz": 2524.2759484456974
        },
        {
          "acoustic_entropy": 6.690571308135986,
          "acoustic_entropy_side": 6.589824676513672,
          "hz": 2809.813997359896
        },
        {
          "acoustic_entropy": 6.658005714416504,
          "acoustic_entropy_side": 6.563952445983887,
          "hz": 3120.6389567871424
        },
        {
          "acoustic_entropy": 6.4997992515563965,
          "acoustic_entropy_side": 6.48190975189209,
          "hz": 3458.990205492291
        },
        {
          "acoustic_entropy": 6.563179016113281,
          "acoustic_entropy_side": 6.593367099761963,
          "hz": 3827.305438964164
        },
        {
          "acoustic_entropy": 6.573943614959717,
          "acoustic_entropy_side": 6.606569290161133,
          "hz": 4228.238232109126
        },
        {
          "acoustic_entropy": 6.5562872886657715,
          "acoustic_entropy_side": 6.674296855926514,
          "hz": 4664.6771572759235
        },
        {
          "acoustic_entropy": 6.597372055053711,
          "acoustic_entropy_side": 6.61760950088501,
          "hz": 5139.766595350093
        },
        {
          "acoustic_entropy": 6.664735794067383,
          "acoustic_entropy_side": 6.624632358551025,
          "hz": 5656.929389854203
        },
        {
          "acoustic_entropy": 6.81199836730957,
          "acoustic_entropy_side": 6.596141815185547,
          "hz": 6219.891507268283
        },
        {
          "acoustic_entropy": 6.896368980407715,
          "acoustic_entropy_side": 6.60667085647583,
          "hz": 6832.70888123896
        },
        {
          "acoustic_entropy": 6.849107265472412,
          "acoustic_entropy_side": 6.617542743682861,
          "hz": 7499.796634079867
        },
        {
          "acoustic_entropy": 6.6481852531433105,
          "acoustic_entropy_side": 6.622749328613281,
          "hz": 8225.96088609342
        },
        {
          "acoustic_entropy": 6.6630539894104,
          "acoustic_entropy_side": 6.616986274719238,
          "hz": 9016.43338188839
        },
        {
          "acoustic_entropy": 6.655115127563477,
          "acoustic_entropy_side": 6.618621349334717,
          "hz": 9876.909183162974
        },
        {
          "acoustic_entropy": 6.65911865234375,
          "acoustic_entropy_side": 6.625676155090332,
          "hz": 10813.587699516042
        },
        {
          "acoustic_entropy": 6.65282678604126,
          "acoustic_entropy_side": 6.628721714019775,
          "hz": 11833.21735289826
        },
        {
          "acoustic_entropy": 6.656078338623047,
          "acoustic_entropy_side": 6.635317325592041,
          "hz": 12943.144197493959
        },
        {
          "acoustic_entropy": 6.667898654937744,
          "acoustic_entropy_side": 6.634041786193848,
          "hz": 14151.364845322005
        },
        {
          "acoustic_entropy": 6.665042877197266,
          "acoustic_entropy_side": 6.634414196014404,
          "hz": 15466.58407886509
        },
        {
          "acoustic_entropy": 6.686375141143799,
          "acoustic_entropy_side": 6.64768648147583,
          "hz": 16898.27756580493
        },
        {
          "acoustic_entropy": 6.765522003173828,
          "acoustic_entropy_side": 6.660858631134033,
          "hz": 18456.760127700032
        },
        {
          "acoustic_entropy": 6.786022186279297,
          "acoustic_entropy_side": 6.655198574066162,
          "hz": 20153.260054456492
        },
        {
          "acoustic_entropy": 6.634175777435303,
          "acoustic_entropy_side": 6.615950584411621,
          "hz": 22000.00000000001
        }
      ],
      "diff_acoustic_entropy": 6.379614353179932,
      "sn": 6
    },
    {
      "acoustic_entropy": 10.32445240020752,
      "acoustic_entropy_mono": 11.174628257751465,
      "band_eliminated_acoustic_entropies": [
        {
          "acoustic_entropy": 10.636082649230957,
          "acoustic_entropy_side": 10.37090015411377,
          "hz": 129.47220167065723
        },
        {
          "acoustic_entropy": 10.9871244430542,
          "acoustic_entropy_side": 10.529715538024902,
          "hz": 202.92927478742237
        },
        {
          "acoustic_entropy": 11.553683280944824,
          "acoustic_entropy_side": 10.793436050415039,
          "hz": 282.89161906338205
        },
        {
          "acoustic_entropy": 10.351303100585938,
          "acoustic_entropy_side": 10.195661544799805,
          "hz": 369.9353335868758
        },
        {
          "acoustic_entropy": 10.64826488494873,
          "acoustic_entropy_side": 10.228404998779297,
          "hz": 464.6875360973435
        },
        {
          "acoustic_entropy": 11.14909839630127,
          "acoustic_entropy_side": 10.317682266235352,
          "hz": 567.8308811364784
        },
        {
          "acoustic_entropy": 10.052152633666992,
          "acoustic_entropy_side": 10.587693214416504,
          "hz": 680.1084783214808
        },
        {
          "acoustic_entropy": 10.607870101928711,
          "acoustic_entropy_side": 10.353137969970703,
          "hz": 802.3292461747484
        },
        {
          "acoustic_entropy": 10.989895820617676,
          "acoustic_entropy_side": 10.379196166992188,
          "hz": 935.3737400823702
        },
        {
          "acoustic_entropy": 11.061716079711914,
          "acoustic_entropy_side": 10.689909934997559,
          "hz": 1080.2004963696966
        },
        {
          "acoustic_entropy": 10.618280410766602,
          "acoustic_entropy_side": 10.70041275024414,
          "hz": 1237.8529382007157
        },
        {
          "acoustic_entropy": 10.200176239013672,
          "acoustic_entropy_side": 10.25368881225586,
          "hz": 1409.4668930556702
        },
        {
          "acoustic_entropy": 10.158188819885254,
          "acoustic_entropy_side": 10.214953422546387,
          "hz": 1596.2787759475705
        },
        {
          "acoustic_entropy": 10.460783004760742,
          "acoustic_entropy_side": 10.238055229187012,
          "hz": 1799.6344973346393
        },
        {
          "acoustic_entropy": 10.272388458251953,
          "acoustic_entropy_side": 10.29493522644043,
          "hz": 2020.9991599069049
        },
        {
          "acoustic_entropy": 10.65553092956543,
          "acoustic_entropy_side": 10.519878387451172,
          "hz": 2261.9676141086993
        },
        {
          "acoustic_entropy": 10.547457695007324,
          "acoustic_entropy_side": 10.377164840698242,
          "hz": 2524.2759484456974
        },
        {
          "acoustic_entropy": 10.284224510192871,
          "acoustic_entropy_side": 10.27708625793457,
          "hz": 2809.813997359896
        },
        {
          "acoustic_entropy": 10.337748527526855,
          "acoustic_entropy_side": 10.277397155761719,
          "hz": 3120.6389567871424
        },
        {
          "acoustic_entropy": 10.032150268554688,
          "acoustic_entropy_side": 10.203768730163574,
          "hz": 3458.990205492291
        },
        {
          "acoustic_entropy": 10.255739212036133,
          "acoustic_entropy_side": 10.282636642456055,
          "hz": 3827.305438964164
        },
        {
          "acoustic_entropy": 10.223587036132812,
          "acoustic_entropy_side": 10.368762969970703,
          "hz": 4228.238232109126
        },
        {
          "acoustic_entropy": 10.717087745666504,
          "acoustic_entropy_side": 10.538215637207031,
          "hz": 4664.6771572759235
        },
        {
          "acoustic_entropy": 10.281185150146484,
          "acoustic_entropy_side": 10.303510665893555,
          "hz": 5139.766595350093
        },
        {
          "acoustic_entropy": 10.365452766418457,
          "acoustic_entropy_side": 10.322781562805176,
          "hz": 5656.929389854203
        },
        {
          "acoustic_entropy": 10.400447845458984,
          "acoustic_entropy_side": 10.301469802856445,
          "hz": 6219.891507268283
        },
        {
          "acoustic_entropy": 10.616120338439941,
          "acoustic_entropy_side": 10.334197044372559,
          "hz": 6832.70888123896
        },
        {
          "acoustic_entropy": 10.598916053771973,
          "acoustic_entropy_side": 10.365307807922363,
          "hz": 7499.796634079867
        },
        {
          "acoustic_entropy": 10.39594554901123,
          "acoustic_entropy_side": 10.350265502929688,
          "hz": 8225.96088609342
        },
        {
          "acoustic_entropy": 10.4168701171875,
          "acoustic_entropy_side": 10.3472261428833,
          "hz": 9016.43338188839
        },
        {
          "acoustic_entropy": 10.332154273986816,
          "acoustic_entropy_side": 10.342972755432129,
          "hz": 9876.909183162974
        },
        {
          "acoustic_entropy": 10.326704978942871,
          "acoustic_entropy_side": 10.325637817382812,
          "hz": 10813.587699516042
        },
        {
          "acoustic_entropy": 10.269596099853516,
          "acoustic_entropy_side": 10.307599067687988,
          "hz": 11833.21735289826
        },
        {
          "acoustic_entropy": 10.207612991333008,
          "acoustic_entropy_side": 10.301764488220215,
          "hz": 12943.144197493959
        },
        {
          "acoustic_entropy": 10.2428560256958,
          "acoustic_entropy_side": 10.3042631149292,
          "hz": 14151.364845322005
        },
        {
          "acoustic_entropy": 10.269371032714844,
          "acoustic_entropy_side": 10.301191329956055,
          "hz": 15466.58407886509
        },
        {
          "acoustic_entropy": 10.223587036132812,
          "acoustic_entropy_side": 10.284601211547852,
          "hz": 16898.27756580493
        },
        {
          "acoustic_entropy": 10.317798614501953,
          "acoustic_entropy_side": 10.256226539611816,
          "hz": 18456.760127700032
        },
        {
          "acoustic_entropy": 10.284707069396973,
          "acoustic_entropy_side": 10.25373649597168,
          "hz": 20153.260054456492
        },
        {
          "acoustic_entropy": 10.287757873535156,
          "acoustic_entropy_side": 10.314315795898438,
          "hz": 22000.00000000001
        }
      ],
      "diff_acoustic_entropy": 10.520427703857422,
      "sn": 12
    },
    {
      "acoustic_entropy": 15.000761032104492,
      "acoustic_entropy_mono": 14.470752716064453,
      "band_eliminated_acoustic_entropies": [
        {
          "acoustic_entropy": 15.096077919006348,
          "acoustic_entropy_side": 14.91864013671875,
          "hz": 129.47220167065723
        },
        {
          "acoustic_entropy": 16.25634002685547,
          "acoustic_entropy_side": 15.018115997314453,
          "hz": 202.92927478742237
        },
        {
          "acoustic_entropy": 15.68293285369873,
          "acoustic_entropy_side": 15.572310447692871,
          "hz": 282.89161906338205
        },
        {
          "acoustic_entropy": 14.965137481689453,
          "acoustic_entropy_side": 15.884344100952148,
          "hz": 369.9353335868758
        },
        {
          "acoustic_entropy": 14.988787651062012,
          "acoustic_entropy_side": 14.849617958068848,
          "hz": 464.6875360973435
        },
        {
          "acoustic_entropy": 14.634604454040527,
          "acoustic_entropy_side": 15.373353958129883,
          "hz": 567.8308811364784
        },
        {
          "acoustic_entropy": 15.204716682434082,
          "acoustic_entropy_side": 15.829240798950195,
          "hz": 680.1084783214808
        },
        {
          "acoustic_entropy": 15.08251667022705,
          "acoustic_entropy_side": 15.517121315002441,
          "hz": 802.3292461747484
        },
        {
          "acoustic_entropy": 15.363226890563965,
          "acoustic_entropy_side": 15.085172653198242,
          "hz": 935.3737400823702
        },
        {
          "acoustic_entropy": 15.929176330566406,
          "acoustic_entropy_side": 15.730508804321289,
          "hz": 1080.2004963696966
        },
        {
          "acoustic_entropy": 15.93528938293457,
          "acoustic_entropy_side": 15.853362083435059,
          "hz": 1237.8529382007157
        },
        {
          "acoustic_entropy": 15.217545509338379,
          "acoustic_entropy_side": 15.16270923614502,
          "hz": 1409.4668930556702
        },
        {
          "acoustic_entropy": 15.027538299560547,
          "acoustic_entropy_side": 15.048406600952148,
          "hz": 1596.2787759475705
        },
        {
          "acoustic_entropy": 15.336216926574707,
          "acoustic_entropy_side": 15.055197715759277,
          "hz": 1799.6344973346393
        },
        {
          "acoustic_entropy": 14.777679443359375,
          "acoustic_entropy_side": 14.608771324157715,
          "hz": 2020.9991599069049
        },
        {
          "acoustic_entropy": 14.900236129760742,
          "acoustic_entropy_side": 14.844854354858398,
          "hz": 2261.9676141086993
        },
        {
          "acoustic_entropy": 15.943009376525879,
          "acoustic_entropy_side": 15.412518501281738,
          "hz": 2524.2759484456974
        },
        {
          "acoustic_entropy": 15.344141960144043,
          "acoustic_entropy_side": 15.146187782287598,
          "hz": 2809.813997359896
        },
        {
          "acoustic_entropy": 15.234642028808594,
