{
  "acoustic_entropy": 167.80563354492188,
  "bands": [
    {
      "high_freq": 148.1999969482422,
      "loudness": -27.38138771057129,
      "loudness_range": 25.613916397094727,
      "mid_mean": -24.003976821899414,
      "mid_to_side_loudness": -17.390871047973633,
      "mid_to_side_loudness_range": 22.879039764404297,
      "side_mean": -45.99137878417969
    },
    {
      "high_freq": 392.3793640136719,
      "loudness": -24.381784439086914,
      "loudness_range": 13.352758407592773,
      "low_freq": 148.1999969482422,
      "mid_mean": -21.159992218017578,
      "mid_to_side_loudness": -9.978349685668945,
      "mid_to_side_loudness_range": 11.473873138427734,
      "side_mean": -31.663854598999023
    },
    {
      "high_freq": 794.6976318359375,
      "loudness": -29.318960189819336,
      "loudness_range": 10.107120513916016,
      "low_freq": 392.3793640136719,
      "mid_mean": -26.732200622558594,
      "mid_to_side_loudness": -6.251835346221924,
      "mid_to_side_loudness_range": 8.6984281539917,
      "side_mean": -33.37846374511719
    },
    {
      "high_freq": 1457.5709228515625,
      "loudness": -33.21064758300781,
      "loudness_range": 15.204900741577148,
      "low_freq": 794.6976318359375,
      "mid_mean": -31.16323471069336,
      "mid_to_side_loudness": -4.60978364944458,
      "mid_to_side_loudness_range": 8.718535423278809,
      "side_mean": -35.89626693725586
    },
    {
      "high_freq": 2549.74365234375,
      "loudness": -36.56974792480469,
      "loudness_range": 14.629438400268555,
      "low_freq": 1457.5709228515625,
      "mid_mean": -33.93832778930664,
      "mid_to_side_loudness": -6.114502429962158,
      "mid_to_side_loudness_range": 8.24759292602539,
      "side_mean": -40.201454162597656
    },
    {
      "high_freq": 4349.24462890625,
      "loudness": -38.352420806884766,
      "loudness_range": 15.09058952331543,
      "low_freq": 2549.74365234375,
      "mid_mean": -36.23705291748047,
      "mid_to_side_loudness": -4.88189697265625,
      "mid_to_side_loudness_range": 10.852595329284668,
      "side_mean": -41.323829650878906
    },
    {
      "high_freq": 7314.1640625,
      "loudness": -41.57468795776367,
      "loudness_range": 14.554092407226562,
      "low_freq": 4349.24462890625,
      "mid_mean": -38.89293670654297,
      "mid_to_side_loudness": -7.248842716217041,
      "mid_to_side_loudness_range": 7.787319183349609,
      "side_mean": -46.75471878051758
    },
    {
      "high_freq": 12199.2666015625,
      "loudness": -40.47032165527344,
      "loudness_range": 13.327598571777344,
      "low_freq": 7314.1640625,
      "mid_mean": -37.51713180541992,
      "mid_to_side_loudness": -11.256942749023438,
      "mid_to_side_loudness_range": 21.155561447143555,
      "side_mean": -52.50404357910156
    },
    {
      "loudness": -43.84076690673828,
      "loudness_range": 15.962459564208984,
      "low_freq": 12199.2666015625,
      "mid_mean": -40.85982131958008,
      "mid_to_side_loudness": -12.638304710388184,
      "mid_to_side_loudness_range": 21.949016571044922,
      "side_mean": -57.14036560058594
    }
  ],
  "bands_short": [
    {
      "high_freq": 148.1999969482422,
      "loudness": -35.62126541137695,
      "loudness_range": 38.2520751953125,
      "mid_mean": -33.50324249267578,
      "mid_to_side_loudness": -14.730528831481934,
      "mid_to_side_loudness_range": 29.10797882080078,
      "side_mean": -53.01527786254883
    },
    {
      "high_freq": 392.3793640136719,
      "loudness": -26.374385833740234,
      "loudness_range": 20.183486938476562,
      "low_freq": 148.1999969482422,
      "mid_mean": -23.407482147216797,
      "mid_to_side_loudness": -9.0977783203125,
      "mid_to_side_loudness_range": 15.215298652648926,
      "side_mean": -33.00438690185547
    },
    {
      "high_freq": 794.6976318359375,
      "loudness": -30.67723274230957,
      "loudness_range": 17.51102066040039,
      "low_freq": 392.3793640136719,
      "mid_mean": -28.23065185546875,
      "mid_to_side_loudness": -6.08962345123291,
      "mid_to_side_loudness_range": 11.820101737976074,
      "side_mean": -34.636932373046875
    },
    {
      "high_freq": 1457.5709228515625,
      "loudness": -35.71199417114258,
      "loudness_range": 22.125362396240234,
      "low_freq": 794.6976318359375,
      "mid_mean": -33.8269157409668,
      "mid_to_side_loudness": -4.370222091674805,
      "mid_to_side_loudness_range": 12.30671215057373,
      "side_mean": -38.49457550048828
    },
    {
      "high_freq": 2549.74365234375,
      "loudness": -40.17940902709961,
      "loudness_range": 23.482242584228516,
      "low_freq": 1457.5709228515625,
      "mid_mean": -37.93697738647461,
      "mid_to_side_loudness": -5.36873722076416,
      "mid_to_side_loudness_range": 11.446817398071289,
      "side_mean": -43.75457000732422
    },
    {
      "high_freq": 4349.24462890625,
      "loudness": -42.75182342529297,
      "loudness_range": 26.518205642700195,
      "low_freq": 2549.74365234375,
      "mid_mean": -41.13520812988281,
      "mid_to_side_loudness": -3.938028335571289,
      "mid_to_side_loudness_range": 11.566253662109375,
      "side_mean": -45.49923324584961
    },
    {
      "high_freq": 7314.1640625,
      "loudness": -45.305885314941406,
      "loudness_range": 27.790729522705078,
      "low_freq": 4349.24462890625,
      "mid_mean": -43.622589111328125,
      "mid_to_side_loudness": -5.508310317993164,
      "mid_to_side_loudness_range": 7.971429824829102,
      "side_mean": -52.11610412597656
    },
    {
      "high_freq": 12199.2666015625,
      "loudness": -46.24715042114258,
      "loudness_range": 30.26188850402832,
      "low_freq": 7314.1640625,
      "mid_mean": -45.373313903808594,
      "mid_to_side_loudness": -6.847733020782471,
      "mid_to_side_loudness_range": 12.147490501403809,
      "side_mean": -55.56352996826172
    },
    {
      "loudness": -50.20014953613281,
      "loudness_range": 32.64006042480469,
      "low_freq": 12199.2666015625,
      "mid_mean": -52.736209869384766,
      "mid_to_side_loudness": -7.258495807647705,
      "mid_to_side_loudness_range": 14.580652236938477,
      "side_mean": -59.82742691040039
    }
  ],
  "bandwidth": 334.1166687011719,
  "channels": 2,
  "covariance": [
    [
      96.9505844116211,
      31.855121612548828,
      13.767313957214355,
      15.147700309753418,
      14.143959999084473,
      15.098669052124023,
      13.708584785461426,
      17.13031578063965,
      3.468252658843994,
      4.861263751983643,
      5.412871837615967,
      9.91499137878418,
      10.563933372497559,
      17.836284637451172,
      -6.602848529815674,
      29.340885162353516,
      -16.584667205810547,
      23.199037551879883
    ],
    [
      31.855121612548828,
      82.45687103271484,
      22.566667556762695,
      25.028226852416992,
      13.3729248046875,
      19.25445556640625,
      20.37679672241211,
      18.824663162231445,
      17.385704040527344,
      14.650765419006348,
      15.226523399353027,
      19.55222511291504,
      18.506792068481445,
      35.56544876098633,
      4.353509426116943,
      41.724517822265625,
      -2.218259572982788,
      33.80362319946289
    ],
    [
      13.767313957214355,
      22.566667556762695,
      28.332252502441406,
      18.998210906982422,
      12.693267822265625,
      14.191737174987793,
      9.427238464355469,
      9.545360565185547,
      11.506778717041016,
      10.170510292053223,
      10.43493938446045,
      14.04096508026123,
      7.038522243499756,
      12.40080451965332,
      1.6309040784835815,
      13.466461181640625,
      -1.7059530019760132,
      9.208662986755371
    ],
    [
      15.147700309753418,
      25.028226852416992,
      18.998210906982422,
      21.796512603759766,
      10.630956649780273,
      12.361897468566895,
      12.459009170532227,
      13.671845436096191,
      11.879861831665039,
      11.808043479919434,
      10.75158405303955,
      13.473299980163574,
      8.60095500946045,
      16.588899612426758,
      1.8964934349060059,
      21.22878646850586,
      -0.4285822808742523,
      16.50031089782715
    ],
    [
      14.143959999084473,
      13.3729248046875,
      12.693267822265625,
      10.630956649780273,
      22.849227905273438,
      18.564727783203125,
      13.893033027648926,
      15.820727348327637,
      14.967203140258789,
      15.605152130126953,
      11.20753002166748,
      17.359130859375,
      4.798892974853516,
      10.770482063293457,
      2.9581139087677,
      11.342137336730957,
      3.175807476043701,
      9.11196231842041
    ],
    [
      15.098669052124023,
      19.25445556640625,
      14.191737174987793,
      12.361897468566895,
      18.564727783203125,
      24.28856086730957,
      12.561518669128418,
      13.386214256286621,
      16.799720764160156,
      16.296953201293945,
      12.950153350830078,
      18.57291030883789,
      6.838759899139404,
      14.036295890808105,
      4.775890350341797,
      16.06218910217285,
      3.308544874191284,
      12.4603910446167
    ],
    [
      13.708584785461426,
      20.37679672241211,
      9.427238464355469,
      12.459009170532227,
      13.893033027648926,
      12.561518669128418,
      34.808570861816406,
      33.43681335449219,
      20.698095321655273,
      23.12391471862793,
      18.73515510559082,
      15.487076759338379,
      13.574410438537598,
      21.0926570892334,
      8.753449440002441,
      22.82438087463379,
      7.993125915527344,
      18.814023971557617
    ],
    [
      17.13031578063965,
      18.824663162231445,
      9.545360565185547,
      13.671845436096191,
      15.820727348327637,
      13.386214256286621,
      33.43681335449219,
      43.427528381347656,
      21.479660034179688,
      22.912456512451172,
      17.972124099731445,
      16.08146858215332,
      14.288320541381836,
      23.161428451538086,
      7.661448955535889,
      23.539228439331055,
      7.843999862670898,
      19.227800369262695
    ],
    [
      3.468252658843994,
      17.385704040527344,
      11.506778717041016,
      11.879861831665039,
      14.967203140258789,
      16.799720764160156,
      20.698095321655273,
      21.479660034179688,
      31.54698944091797,
      28.782596588134766,
      23.743995666503906,
      25.453800201416016,
      16.923900604248047,
      24.53627586364746,
      13.22513198852539,
      21.62735939025879,
      14.732539176940918,
      17.29294204711914
    ],
    [
      4.861263751983643,
      14.650765419006348,
      10.170510292053223,
      11.808043479919434,
      15.605152130126953,
      16.296953201293945,
      23.12391471862793,
      22.912456512451172,
      28.782596588134766,
      34.52598571777344,
      23.861217498779297,
      22.034135818481445,
      15.20904541015625,
      22.002290725708008,
      12.85864543914795,
      20.79975128173828,
      14.59597396850586,
      17.156932830810547
    ],
    [
      5.412871837615967,
      15.226523399353027,
      10.43493938446045,
      10.75158405303955,
      11.20753002166748,
      12.950153350830078,
      18.73515510559082,
      17.972124099731445,
      23.743995666503906,
      23.861217498779297,
      32.75770950317383,
      31.655431747436523,
      23.543502807617188,
      29.978696823120117,
      16.227108001708984,
      27.393829345703125,
      16.844175338745117,
      22.025821685791016
    ],
    [
      9.91499137878418,
      19.55222511291504,
      14.04096508026123,
      13.473299980163574,
      17.359130859375,
      18.57291030883789,
      15.487076759338379,
      16.08146858215332,
      25.453800201416016,
      22.034135818481445,
      31.655431747436523,
      46.251338958740234,
      18.873563766479492,
      28.49354362487793,
      9.86375617980957,
      25.770627975463867,
      11.097369194030762,
      20.36880111694336
    ],
    [
      10.563933372497559,
      18.506792068481445,
      7.038522243499756,
      8.60095500946045,
      4.798892974853516,
      6.838759899139404,
      13.574410438537598,
      14.288320541381836,
      16.923900604248047,
      15.20904541015625,
      23.543502807617188,
      18.873563766479492,
      39.832035064697266,
      36.4001350402832,
      24.614990234375,
      41.47052764892578,
      22.381853103637695,
      33.722599029541016
    ],
    [
      17.836284637451172,
      35.56544876098633,
      12.40080451965332,
      16.588899612426758,
      10.770482063293457,
      14.036295890808105,
      21.0926570892334,
      23.161428451538086,
      24.53627586364746,
      22.002290725708008,
      29.978696823120117,
      28.49354362487793,
      36.4001350402832,
      54.48069763183594,
      15.354666709899902,
      54.66422653198242,
      10.756590843200684,
      43.30546951293945
    ],
    [
      -6.602848529815674,
      4.353509426116943,
      1.6309040784835815,
      1.8964934349060059,
      2.9581139087677,
      4.775890350341797,
      8.753449440002441,
      7.661448955535889,
      13.22513198852539,
      12.85864543914795,
      16.227108001708984,
      9.86375617980957,
      24.614990234375,
      15.354666709899902,
      37.50680160522461,
      20.16265296936035,
      35.08108901977539,
      19.36236000061035
    ],
    [
      29.340885162353516,
      41.724517822265625,
      13.466461181640625,
      21.22878646850586,
      11.342137336730957,
      16.06218910217285,
      22.82438087463379,
      23.539228439331055,
      21.62735939025879,
      20.79975128173828,
      27.393829345703125,
      25.770627975463867,
      41.47052764892578,
      54.66422653198242,
      20.16265296936035,
      87.75859832763672,
      11.562847137451172,
      70.7936782836914
    ],
    [
      -16.584667205810547,
      -2.218259572982788,
      -1.7059530019760132,
      -0.4285822808742523,
      3.175807476043701,
      3.308544874191284,
      7.993125915527344,
      7.843999862670898,
      14.732539176940918,
      14.59597396850586,
      16.844175338745117,
      11.097369194030762,
      22.381853103637695,
      10.756590843200684,
      35.08108901977539,
      11.562847137451172,
      50.89006805419922,
      14.376699447631836
    ],
    [
      23.199037551879883,
      33.80362319946289,
      9.208662986755371,
      16.50031089782715,
      9.11196231842041,
      12.4603910446167,
      18.814023971557617,
      19.227800369262695,
      17.29294204711914,
      17.156932830810547,
      22.025821685791016,
      20.36880111694336,
      33.722599029541016,
      43.30546951293945,
      19.36236000061035,
      70.7936782836914,
      14.376699447631836,
      61.54500198364258
    ]
  ],
  "covariance_short": [
    [
      210.7806396484375,
      73.58943939208984,
      49.832393646240234,
      34.94667434692383,
      27.151643753051758,
      29.75408935546875,
      27.810134887695312,
      27.04078483581543,
      17.017898559570312,
      15.9547119140625,
      19.932138442993164,
      28.469589233398438,
      23.86368179321289,
      43.82624435424805,
      16.873659133911133,
      44.677642822265625,
      19.653125762939453,
      33.40508270263672
    ],
    [
      73.58943939208984,
      102.88751220703125,
      34.31145095825195,
      31.872766494750977,
      28.8240909576416,
      30.688716888427734,
      30.910396575927734,
      28.72104263305664,
      31.4887638092041,
      29.272579193115234,
      34.60214614868164,
      35.279605865478516,
      40.078582763671875,
      64.02838134765625,
      39.475643157958984,
      60.414459228515625,
      57.1614875793457,
      47.566368103027344
    ],
    [
      49.832393646240234,
      34.31145095825195,
      53.80704116821289,
      32.348140716552734,
      27.670534133911133,
      25.62385368347168,
      24.479068756103516,
      23.479726791381836,
      26.710922241210938,
      24.39887046813965,
      27.56159210205078,
      28.683609008789062,
      23.22471809387207,
      29.189029693603516,
      21.99960708618164,
      24.144010543823242,
      23.832082748413086,
      18.299306869506836
    ],
    [
      34.94667434692383,
      31.872766494750977,
      32.348140716552734,
      36.9969482421875,
      21.177433013916016,
      21.71245002746582,
      22.291051864624023,
      22.924270629882812,
      21.451202392578125,
      22.846050262451172,
      22.837892532348633,
      24.68366241455078,
      19.9370059967041,
      30.50909996032715,
      17.280019760131836,
      26.183666229248047,
      24.18686866760254,
      20.413145065307617
    ],
    [
      27.151643753051758,
      28.8240909576416,
      27.670534133911133,
      21.177433013916016,
      45.9734001159668,
      33.89928436279297,
      31.706005096435547,
      31.454883575439453,
      34.372398376464844,
      31.854747772216797,
      34.090145111083984,
      37.061073303222656,
      24.620378494262695,
      32.33501434326172,
      22.463499069213867,
      25.822988510131836,
      28.564029693603516,
      20.813276290893555
    ],
    [
      29.75408935546875,
      30.688716888427734,
      25.62385368347168,
      21.71245002746582,
      33.89928436279297,
      40.02012252807617,
      28.379192352294922,
      29.976577758789062,
      31.822603225708008,
      30.507526397705078,
      31.016616821289062,
      34.35120391845703,
      21.808786392211914,
      33.3598747253418,
      18.39786148071289,
      26.02021026611328,
      26.192041397094727,
      20.077348709106445
    ],
    [
      27.810134887695312,
      30.910396575927734,
      24.479068756103516,
      22.291051864624023,
      31.706005096435547,
      28.379192352294922,
      63.489532470703125,
      53.15252685546875,
      43.20058822631836,
      44.20930099487305,
      45.85325622558594,
      42.15514373779297,
      36.17472839355469,
      45.57503128051758,
      31.731000900268555,
      37.20943832397461,
      39.284690856933594,
      28.911575317382812
    ],
    [
      27.04078483581543,
      28.72104263305664,
      23.479726791381836,
      22.924270629882812,
      31.454883575439453,
      29.976577758789062,
      53.15252685546875,
      63.899322509765625,
      44.454715728759766,
      44.154911041259766,
      43.56059646606445,
      41.79289627075195,
      34.977561950683594,
      46.97294998168945,
      29.720346450805664,
      36.81584548950195,
      38.69044494628906,
      28.776704788208008
    ],
    [
      17.017898559570312,
      31.4887638092041,
      26.710922241210938,
      21.451202392578125,
      34.372398376464844,
      31.822603225708008,
      43.20058822631836,
      44.454715728759766,
      69.48250579833984,
      56.47491455078125,
      58.93426513671875,
      56.51368713378906,
      46.13751983642578,
      54.68387222290039,
      42.023887634277344,
      42.23148727416992,
      50.72797775268555,
      33.877193450927734
    ],
    [
      15.9547119140625,
      29.272579193115234,
      24.39887046813965,
      22.846050262451172,
      31.854747772216797,
      30.507526397705078,
      44.20930099487305,
      44.154911041259766,
      56.47491455078125,
      63.09280014038086,
      54.9408073425293,
      52.195159912109375,
      42.330989837646484,
      52.81760787963867,
      38.310325622558594,
      41.52841567993164,
      47.91181182861328,
      32.88066482543945
    ],
    [
      19.932138442993164,
      34.60214614868164,
      27.56159210205078,
      22.837892532348633,
      34.090145111083984,
      31.016616821289062,
      45.85325622558594,
      43.56059646606445,
      58.93426513671875,
      54.9408073425293,
      86.26956176757812,
      72.38967895507812,
      70.0570297241211,
      70.83029174804688,
      68.3238525390625,
      58.83574676513672,
      74.79742431640625,
      46.70635986328125
    ],
    [
      28.469589233398438,
      35.279605865478516,
      28.683609008789062,
      24.68366241455078,
      37.061073303222656,
      34.35120391845703,
      42.15514373779297,
      41.79289627075195,
      56.51368713378906,
      52.195159912109375,
      72.38967895507812,
      82.6761703491211,
      53.241329193115234,
      66.46764373779297,
      47.893226623535156,
      53.13608932495117,
      53.95328903198242,
      41.278560638427734
    ],
    [
      23.86368179321289,
      40.078582763671875,
      23.22471809387207,
      19.9370059967041,
      24.620378494262695,
      21.808786392211914,
      36.17472839355469,
      34.977561950683594,
      46.13751983642578,
      42.330989837646484,
      70.0570297241211,
      53.241329193115234,
      101.75997161865234,
      82.29924774169922,
      99.03738403320312,
      76.21173858642578,
      100.89763641357422,
      62.7626838684082
    ],
    [
      43.82624435424805,
      64.02838134765625,
      29.189029693603516,
      30.50909996032715,
      32.33501434326172,
      33.3598747253418,
      45.57503128051758,
      46.97294998168945,
      54.68387222290039,
      52.81760787963867,
      70.83029174804688,
      66.46764373779297,
      82.29924774169922,
      115.06876373291016,
      75.99565124511719,
      100.54196166992188,
      101.4938735961914,
      77.55343627929688
    ],
    [
      16.873659133911133,
      39.475643157958984,
      21.99960708618164,
      17.280019760131836,
      22.463499069213867,
      18.39786148071289,
      31.731000900268555,
      29.720346450805664,
      42.023887634277344,
      38.310325622558594,
      68.3238525390625,
      47.893226623535156,
      99.03738403320312,
      75.99565124511719,
      137.11196899414062,
      84.59201049804688,
      137.54563903808594,
      73.8849105834961
    ],
    [
      44.677642822265625,
      60.414459228515625,
      24.144010543823242,
      26.183666229248047,
      25.822988510131836,
      26.02021026611328,
      37.20943832397461,
      36.81584548950195,
      42.23148727416992,
      41.52841567993164,
      58.83574676513672,
      53.13608932495117,
      76.21173858642578,
      100.54196166992188,
      84.59201049804688,
      103.7020034790039,
      103.96479034423828,
      82.77720642089844
    ],
    [
      19.653125762939453,
      57.1614875793457,
      23.832082748413086,
      24.18686866760254,
      28.564029693603516,
      26.192041397094727,
      39.284690856933594,
      38.69044494628906,
      50.72797775268555,
      47.91181182861328,
      74.79742431640625,
      53.95328903198242,
      100.89763641357422,
      101.4938735961914,
      137.54563903808594,
      103.96479034423828,
      174.5706787109375,
      90.71278381347656
    ],
    [
      33.40508270263672,
      47.566368103027344,
      18.299306869506836,
      20.413145065307617,
      20.813276290893555,
      20.077348709106445,
      28.911575317382812,
      28.776704788208008,
      33.877193450927734,
      32.88066482543945,
      46.70635986328125,
      41.278560638427734,
      62.7626838684082,
      77.55343627929688,
      73.8849105834961,
      82.77720642089844,
      90.71278381347656,
      73.10911560058594
    ]
  ],
  "damage": -9.158230781555176,
  "diff_bandwidth": 328.4568176269531,
  "dissonance": 6.570208618288877,
  "drr": 9.007179260253906,
  "dynamics": 4.09658670425415,
  "format": 1245190,
  "frames": 2748416,
  "loudness": -16.01624298095703,
  "loudness_range": 8.783292770385742,
  "loudness_range_short": 17.5543212890625,
  "lowpass_true_peak_15khz": -0.8484861254692078,
  "mastering3_acoustic_entropies": [
    {
      "acoustic_entropy": 8.182563781738281,
      "acoustic_entropy_mono": 8.152798652648926,
      "band_eliminated_acoustic_entropies": [
        {
          "acoustic_entropy": 8.063614845275879,
          "acoustic_entropy_side": 8.182574272155762,
          "hz": 129.47220167065723
        },
        {
          "acoustic_entropy": 8.718599319458008,
          "acoustic_entropy_side": 8.185215950012207,
          "hz": 202.92927478742237
        },
        {
          "acoustic_entropy": 7.83501672744751,
          "acoustic_entropy_side": 8.27197551727295,
          "hz": 282.89161906338205
        },
        {
          "acoustic_entropy": 9.344645500183105,
          "acoustic_entropy_side": 8.20458698272705,
          "hz": 369.9353335868758
        },
        {
          "acoustic_entropy": 8.030962944030762,
          "acoustic_entropy_side": 8.114252090454102,
          "hz": 464.6875360973435
        },
        {
          "acoustic_entropy": 7.776534080505371,
          "acoustic_entropy_side": 8.352404594421387,
          "hz": 567.8308811364784
        },
        {
          "acoustic_entropy": 8.141697883605957,
          "acoustic_entropy_side": 7.684359550476074,
          "hz": 680.1084783214808
        },
        {
          "acoustic_entropy": 8.297120094299316,
          "acoustic_entropy_side": 7.881735324859619,
          "hz": 802.3292461747484
        },
        {
          "acoustic_entropy": 7.69374418258667,
          "acoustic_entropy_side": 7.980293273925781,
          "hz": 935.3737400823702
        },
        {
          "acoustic_entropy": 8.65168285369873,
          "acoustic_entropy_side": 8.44916820526123,
          "hz": 1080.2004963696966
        },
        {
          "acoustic_entropy": 8.084020614624023,
          "acoustic_entropy_side": 8.18989372253418,
          "hz": 1237.8529382007157
        },
        {
          "acoustic_entropy": 7.725401878356934,
          "acoustic_entropy_side": 7.7043304443359375,
          "hz": 1409.4668930556702
        },
        {
          "acoustic_entropy": 7.760340690612793,
          "acoustic_entropy_side": 8.025409698486328,
          "hz": 1596.2787759475705
        },
        {
          "acoustic_entropy": 7.929696083068848,
          "acoustic_entropy_side": 8.035070419311523,
          "hz": 1799.6344973346393
        },
        {
          "acoustic_entropy": 7.960014820098877,
          "acoustic_entropy_side": 8.096210479736328,
          "hz": 2020.9991599069049
        },
        {
          "acoustic_entropy": 8.028566360473633,
          "acoustic_entropy_side": 8.15396785736084,
          "hz": 2261.9676141086993
        },
        {
          "acoustic_entropy": 8.094014167785645,
          "acoustic_entropy_side": 8.145179748535156,
          "hz": 2524.2759484456974
        },
        {
          "acoustic_entropy": 8.062509536743164,
          "acoustic_entropy_side": 8.171536445617676,
          "hz": 2809.813997359896
        },
        {
          "acoustic_entropy": 7.946997165679932,
          "acoustic_entropy_side": 7.956015586853027,
          "hz": 3120.6389567871424
        },
        {
          "acoustic_entropy": 7.847458839416504,
          "acoustic_entropy_side": 8.034406661987305,
          "hz": 3458.990205492291
        },
        {
          "acoustic_entropy": 7.818397045135498,
          "acoustic_entropy_side": 8.143479347229004,
          "hz": 3827.305438964164
        },
        {
          "acoustic_entropy": 8.010868072509766,
          "acoustic_entropy_side": 8.178317070007324,
          "hz": 4228.238232109126
        },
        {
          "acoustic_entropy": 8.13520336151123,
          "acoustic_entropy_side": 8.177709579467773,
          "hz": 4664.6771572759235
        },
        {
          "acoustic_entropy": 8.133355140686035,
          "acoustic_entropy_side": 8.174788475036621,
          "hz": 5139.766595350093
        },
        {
          "acoustic_entropy": 8.183326721191406,
          "acoustic_entropy_side": 8.185556411743164,
          "hz": 5656.929389854203
        },
        {
          "acoustic_entropy": 8.248910903930664,
          "acoustic_entropy_side": 8.192550659179688,
          "hz": 6219.891507268283
        },
        {
          "acoustic_entropy": 8.240560531616211,
          "acoustic_entropy_side": 8.198166847229004,
          "hz": 6832.70888123896
        },
        {
          "acoustic_entropy": 8.127518653869629,
          "acoustic_entropy_side": 8.192748069763184,
          "hz": 7499.796634079867
        },
        {
          "acoustic_entropy": 8.225898742675781,
          "acoustic_entropy_side": 8.19487476348877,
          "hz": 8225.96088609342
        },
        {
          "acoustic_entropy": 8.26148796081543,
          "acoustic_entropy_side": 8.191926956176758,
          "hz": 9016.43338188839
        },
        {
          "acoustic_entropy": 8.17283821105957,
          "acoustic_entropy_side": 8.189213752746582,
          "hz": 9876.909183162974
        },
        {
          "acoustic_entropy": 8.099702835083008,
          "acoustic_entropy_side": 8.18986988067627,
          "hz": 10813.587699516042
        },
        {
          "acoustic_entropy": 7.896411895751953,
          "acoustic_entropy_side": 8.186564445495605,
          "hz": 11833.21735289826
        },
        {
          "acoustic_entropy": 7.57160758972168,
          "acoustic_entropy_side": 8.185489654541016,
          "hz": 12943.144197493959
        },
        {
          "acoustic_entropy": 7.692517280578613,
          "acoustic_entropy_side": 8.184760093688965,
          "hz": 14151.364845322005
        },
        {
          "acoustic_entropy": 7.900136947631836,
          "acoustic_entropy_side": 8.183589935302734,
          "hz": 15466.58407886509
        },
        {
          "acoustic_entropy": 8.054657936096191,
          "acoustic_entropy_side": 8.182995796203613,
          "hz": 16898.27756580493
        },
        {
          "acoustic_entropy": 8.105104446411133,
          "acoustic_entropy_side": 8.182756423950195,
          "hz": 18456.760127700032
        },
        {
          "acoustic_entropy": 8.148418426513672,
          "acoustic_entropy_side": 8.182618141174316,
          "hz": 20153.260054456492
        },
        {
          "acoustic_entropy": 8.180133819580078,
          "acoustic_entropy_side": 8.182565689086914,
          "hz": 22000.00000000001
        }
      ],
      "diff_acoustic_entropy": 8.80758285522461,
      "sn": 6
    },
    {
      "acoustic_entropy": 13.143481254577637,
      "acoustic_entropy_mono": 12.800984382629395,
      "band_eliminated_acoustic_entropies": [
        {
          "acoustic_entropy": 12.973886489868164,
          "acoustic_entropy_side": 13.143627166748047,
          "hz": 129.47220167065723
        },
        {
          "acoustic_entropy": 13.381518363952637,
          "acoustic_entropy_side": 13.131197929382324,
          "hz": 202.92927478742237
        },
        {
          "acoustic_entropy": 13.146355628967285,
          "acoustic_entropy_side": 13.172189712524414,
          "hz": 282.89161906338205
        },
        {
          "acoustic_entropy": 13.339542388916016,
          "acoustic_entropy_side": 12.791425704956055,
          "hz": 369.9353335868758
        },
        {
          "acoustic_entropy": 12.904458045959473,
          "acoustic_entropy_side": 12.555907249450684,
          "hz": 464.6875360973435
        },
        {
          "acoustic_entropy": 13.32139778137207,
          "acoustic_entropy_side": 13.05668830871582,
          "hz": 567.8308811364784
        },
        {
          "acoustic_entropy": 13.748385429382324,
          "acoustic_entropy_side": 12.973477363586426,
          "hz": 680.1084783214808
        },
        {
          "acoustic_entropy": 14.700053215026855,
          "acoustic_entropy_side": 13.531536102294922,
          "hz": 802.3292461747484
        },
        {
          "acoustic_entropy": 13.086336135864258,
          "acoustic_entropy_side": 13.224562644958496,
          "hz": 935.3737400823702
        },
        {
          "acoustic_entropy": 13.91783332824707,
          "acoustic_entropy_side": 13.983936309814453,
          "hz": 1080.2004963696966
        },
        {
          "acoustic_entropy": 13.399264335632324,
          "acoustic_entropy_side": 13.45977783203125,
          "hz": 1237.8529382007157
        },
        {
          "acoustic_entropy": 12.852009773254395,
          "acoustic_entropy_side": 13.44327449798584,
          "hz": 1409.4668930556702
        },
        {
          "acoustic_entropy": 12.813498497009277,
          "acoustic_entropy_side": 13.393099784851074,
          "hz": 1596.2787759475705
        },
        {
          "acoustic_entropy": 13.325918197631836,
          "acoustic_entropy_side": 13.14415168762207,
          "hz": 1799.6344973346393
        },
        {
          "acoustic_entropy": 14.324456214904785,
          "acoustic_entropy_side": 13.649564743041992,
          "hz": 2020.9991599069049
        },
        {
          "acoustic_entropy": 13.181434631347656,
          "acoustic_entropy_side": 13.053977012634277,
          "hz": 2261.9676141086993
        },
        {
          "acoustic_entropy": 13.081110954284668,
          "acoustic_entropy_side": 12.983317375183105,
          "hz": 2524.2759484456974
        },
        {
          "acoustic_entropy": 12.999305725097656,
          "acoustic_entropy_side": 13.0220365524292,
          "hz": 2809.813997359896
        },
        {
          "acoustic_entropy": 13.040706634521484,
          "acoustic_entropy_side": 13.061822891235352,
          "hz": 3120.6389567871424
        },
        {
          "acoustic_entropy": 13.25340747833252,
          "acoustic_entropy_side": 13.381547927856445,
          "hz": 3458.990205492291
        },
        {
          "acoustic_entropy": 13.344254493713379,
          "acoustic_entropy_side": 13.211456298828125,
          "hz": 3827.305438964164
        },
        {
          "acoustic_entropy": 13.550261497497559,
          "acoustic_entropy_side": 13.186856269836426,
          "hz": 4228.238232109126
        },
        {
          "acoustic_entropy": 13.314745903015137,
          "acoustic_entropy_side": 13.258495330810547,
          "hz": 4664.6771572759235
        },
        {
          "acoustic_entropy": 12.983698844909668,
          "acoustic_entropy_side": 13.202741622924805,
          "hz": 5139.766595350093
        },
        {
          "acoustic_entropy": 12.963338851928711,
          "acoustic_entropy_side": 13.083788871765137,
          "hz": 5656.929389854203
        },
        {
          "acoustic_entropy": 13.093257904052734,
          "acoustic_entropy_side": 13.081018447875977,
          "hz": 6219.891507268283
        },
        {
          "acoustic_entropy": 13.23315715789795,
          "acoustic_entropy_side": 13.03632926940918,
          "hz": 6832.70888123896
        },
        {
          "acoustic_entropy": 13.307168960571289,
          "acoustic_entropy_side": 13.043906211853027,
          "hz": 7499.796634079867
        },
        {
          "acoustic_entropy": 13.277986526489258,
          "acoustic_entropy_side": 13.074155807495117,
          "hz": 8225.96088609342
        },
        {
          "acoustic_entropy": 13.205838203430176,
          "acoustic_entropy_side": 13.105098724365234,
          "hz": 9016.43338188839
        },
        {
          "acoustic_entropy": 13.13255500793457,
          "acoustic_entropy_side": 13.112770080566406,
          "hz": 9876.909183162974
        },
        {
          "acoustic_entropy": 13.158754348754883,
          "acoustic_entropy_side": 13.10360336303711,
          "hz": 10813.587699516042
        },
        {
          "acoustic_entropy": 13.298054695129395,
          "acoustic_entropy_side": 13.116647720336914,
          "hz": 11833.21735289826
        },
        {
          "acoustic_entropy": 13.4202299118042,
          "acoustic_entropy_side": 13.124300956726074,
          "hz": 12943.144197493959
        },
        {
          "acoustic_entropy": 13.420637130737305,
          "acoustic_entropy_side": 13.124767303466797,
          "hz": 14151.364845322005
        },
        {
          "acoustic_entropy": 13.371415138244629,
          "acoustic_entropy_side": 13.13048267364502,
          "hz": 15466.58407886509
        },
        {
          "acoustic_entropy": 13.332402229309082,
          "acoustic_entropy_side": 13.135610580444336,
          "hz": 16898.27756580493
        },
        {
          "acoustic_entropy": 13.278111457824707,
          "acoustic_entropy_side": 13.139771461486816,
          "hz": 18456.760127700032
        },
        {
          "acoustic_entropy": 13.2274808883667,
          "acoustic_entropy_side": 13.142170906066895,
          "hz": 20153.260054456492
        },
        {
          "acoustic_entropy": 13.154773712158203,
          "acoustic_entropy_side": 13.143376350402832,
          "hz": 22000.00000000001
        }
      ],
      "diff_acoustic_entropy": 13.883529663085938,
      "sn": 12
    },
    {
      "acoustic_entropy": 20.982196807861328,
      "acoustic_entropy_mono": 19.757417678833008,
      "band_eliminated_acoustic_entropies": [
        {
          "acoustic_entropy": 19.149059295654297,
          "acoustic_entropy_side": 20.955198287963867,
          "hz": 129.47220167065723
        },
        {
          "acoustic_entropy": 21.95850944519043,
          "acoustic_entropy_side": 21.248979568481445,
          "hz": 202.92927478742237
        },
        {
          "acoustic_entropy": 20.855379104614258,
          "acoustic_entropy_side": 21.46822738647461,
          "hz": 282.89161906338205
        },
        {
          "acoustic_entropy": 21.326427459716797,
          "acoustic_entropy_side": 21.28326416015625,
          "hz": 369.9353335868758
        },
        {
          "acoustic_entropy": 20.882360458374023,
          "acoustic_entropy_side": 21.54670524597168,
          "hz": 464.6875360973435
        },
        {
          "acoustic_entropy": 19.957359313964844,
          "acoustic_entropy_side": 19.985288619995117,
          "hz": 567.8308811364784
        },
        {
          "acoustic_entropy": 21.664567947387695,
          "acoustic_entropy_side": 21.938138961791992,
          "hz": 680.1084783214808
        },
        {
          "acoustic_entropy": 21.31151008605957,
          "acoustic_entropy_side": 21.435922622680664,
          "hz": 802.3292461747484
        },
        {
          "acoustic_entropy": 20.164785385131836,
          "acoustic_entropy_side": 20.74166488647461,
          "hz": 935.3737400823702
        },
        {
          "acoustic_entropy": 21.647113800048828,
          "acoustic_entropy_side": 21.897260665893555,
          "hz": 1080.2004963696966
        },
        {
          "acoustic_entropy": 21.13507652282715,
          "acoustic_entropy_side": 21.489356994628906,
          "hz": 1237.8529382007157
        },
        {
          "acoustic_entropy": 21.229598999023438,
          "acoustic_entropy_side": 20.66163444519043,
          "hz": 1409.4668930556702
        },
        {
          "acoustic_entropy": 20.76403045654297,
          "acoustic_entropy_side": 21.366119384765625,
          "hz": 1596.2787759475705
        },
        {
          "acoustic_entropy": 20.790924072265625,
          "acoustic_entropy_side": 20.391525268554688,
          "hz": 1799.6344973346393
        },
        {
          "acoustic_entropy": 21.30980682373047,
          "acoustic_entropy_side": 21.208255767822266,
          "hz": 2020.9991599069049
        },
        {
          "acoustic_entropy": 21.24404525756836,
          "acoustic_entropy_side": 21.05356216430664,
          "hz": 2261.9676141086993
        },
        {
          "acoustic_entropy": 21.654325485229492,
          "acoustic_entropy_side": 21.587482452392578,
          "hz": 2524.2759484456974
        },
        {
          "acoustic_entropy": 20.59941864013672,
          "acoustic_entropy_side": 21.00989532470703,
          "hz": 2809.813997359896
        },
        {
          "acoustic_entropy": 21.035240173339844,
          "acoustic_entropy_side": 21.238950729370117,
