{
  "acoustic_entropy": 187.6599884033203,
  "bands": [
    {
      "high_freq": 148.1999969482422,
      "loudness": -15.382452964782715,
      "loudness_range": 7.624246597290039,
      "mid_mean": -11.781764030456543,
      "mid_to_side_loudness": -27.914953231811523,
      "mid_to_side_loudness_range": 27.04254722595215,
      "side_mean": -41.944576263427734
    },
    {
      "high_freq": 392.3793640136719,
      "loudness": -18.107494354248047,
      "loudness_range": 8.396902084350586,
      "low_freq": 148.1999969482422,
      "mid_mean": -14.5910005569458,
      "mid_to_side_loudness": -16.96113395690918,
      "mid_to_side_loudness_range": 21.20467758178711,
      "side_mean": -32.478084564208984
    },
    {
      "high_freq": 794.6976318359375,
      "loudness": -18.707914352416992,
      "loudness_range": 10.005402565002441,
      "low_freq": 392.3793640136719,
      "mid_mean": -15.301430702209473,
      "mid_to_side_loudness": -13.2863130569458,
      "mid_to_side_loudness_range": 14.530842781066895,
      "side_mean": -29.21796417236328
    },
    {
      "high_freq": 1457.5709228515625,
      "loudness": -20.835416793823242,
      "loudness_range": 15.475043296813965,
      "low_freq": 794.6976318359375,
      "mid_mean": -17.50014877319336,
      "mid_to_side_loudness": -13.704364776611328,
      "mid_to_side_loudness_range": 18.549623489379883,
      "side_mean": -31.564210891723633
    },
    {
      "high_freq": 2549.74365234375,
      "loudness": -22.318029403686523,
      "loudness_range": 9.849647521972656,
      "low_freq": 1457.5709228515625,
      "mid_mean": -18.984378814697266,
      "mid_to_side_loudness": -12.907175064086914,
      "mid_to_side_loudness_range": 14.646200180053711,
      "side_mean": -32.19230651855469
    },
    {
      "high_freq": 4349.24462890625,
      "loudness": -22.72951316833496,
      "loudness_range": 9.854909896850586,
      "low_freq": 2549.74365234375,
      "mid_mean": -19.445274353027344,
      "mid_to_side_loudness": -11.253449440002441,
      "mid_to_side_loudness_range": 12.847896575927734,
      "side_mean": -30.796817779541016
    },
    {
      "high_freq": 7314.1640625,
      "loudness": -24.190160751342773,
      "loudness_range": 11.040094375610352,
      "low_freq": 4349.24462890625,
      "mid_mean": -20.890380859375,
      "mid_to_side_loudness": -12.100109100341797,
      "mid_to_side_loudness_range": 14.705660820007324,
      "side_mean": -33.244571685791016
    },
    {
      "high_freq": 12199.2666015625,
      "loudness": -23.59623146057129,
      "loudness_range": 10.702014923095703,
      "low_freq": 7314.1640625,
      "mid_mean": -20.194801330566406,
      "mid_to_side_loudness": -14.384882926940918,
      "mid_to_side_loudness_range": 17.109481811523438,
      "side_mean": -34.720218658447266
    },
    {
      "loudness": -25.50857925415039,
      "loudness_range": 16.31041717529297,
      "low_freq": 12199.2666015625,
      "mid_mean": -22.22197151184082,
      "mid_to_side_loudness": -13.228436470031738,
      "mid_to_side_loudness_range": 19.551118850708008,
      "side_mean": -35.12356185913086
    }
  ],
  "bands_short": [
    {
      "high_freq": 148.1999969482422,
      "loudness": -20.673425674438477,
      "loudness_range": 18.337890625,
      "mid_mean": -17.165830612182617,
      "mid_to_side_loudness": -26.729869842529297,
      "mid_to_side_loudness_range": 29.156269073486328,
      "side_mean": -46.73876190185547
    },
    {
      "high_freq": 392.3793640136719,
      "loudness": -16.092416763305664,
      "loudness_range": 11.951285362243652,
      "low_freq": 148.1999969482422,
      "mid_mean": -12.581355094909668,
      "mid_to_side_loudness": -19.6158390045166,
      "mid_to_side_loudness_range": 25.730300903320312,
      "side_mean": -33.65858459472656
    },
    {
      "high_freq": 794.6976318359375,
      "loudness": -19.85981559753418,
      "loudness_range": 14.433134078979492,
      "low_freq": 392.3793640136719,
      "mid_mean": -16.608051300048828,
      "mid_to_side_loudness": -12.72071647644043,
      "mid_to_side_loudness_range": 19.61534881591797,
      "side_mean": -30.06560707092285
    },
    {
      "high_freq": 1457.5709228515625,
      "loudness": -22.376893997192383,
      "loudness_range": 20.77495002746582,
      "low_freq": 794.6976318359375,
      "mid_mean": -19.250778198242188,
      "mid_to_side_loudness": -12.830758094787598,
      "mid_to_side_loudness_range": 21.132076263427734,
      "side_mean": -32.40471267700195
    },
    {
      "high_freq": 2549.74365234375,
      "loudness": -24.293344497680664,
      "loudness_range": 17.202106475830078,
      "low_freq": 1457.5709228515625,
      "mid_mean": -21.12061309814453,
      "mid_to_side_loudness": -12.134324073791504,
      "mid_to_side_loudness_range": 17.457609176635742,
      "side_mean": -33.55152130126953
    },
    {
      "high_freq": 4349.24462890625,
      "loudness": -24.470327377319336,
      "loudness_range": 17.769487380981445,
      "low_freq": 2549.74365234375,
      "mid_mean": -21.356325149536133,
      "mid_to_side_loudness": -11.178794860839844,
      "mid_to_side_loudness_range": 16.946720123291016,
      "side_mean": -32.64705276489258
    },
    {
      "high_freq": 7314.1640625,
      "loudness": -26.05649757385254,
      "loudness_range": 18.08162498474121,
      "low_freq": 4349.24462890625,
      "mid_mean": -22.91068458557129,
      "mid_to_side_loudness": -11.626608848571777,
      "mid_to_side_loudness_range": 16.725101470947266,
      "side_mean": -34.58572769165039
    },
    {
      "high_freq": 12199.2666015625,
      "loudness": -26.400503158569336,
      "loudness_range": 20.453603744506836,
      "low_freq": 7314.1640625,
      "mid_mean": -23.13646125793457,
      "mid_to_side_loudness": -13.561400413513184,
      "mid_to_side_loudness_range": 19.035999298095703,
      "side_mean": -36.946067810058594
    },
    {
      "loudness": -31.42359733581543,
      "loudness_range": 28.34600830078125,
      "low_freq": 12199.2666015625,
      "mid_mean": -28.260953903198242,
      "mid_to_side_loudness": -13.239466667175293,
      "mid_to_side_loudness_range": 21.659467697143555,
      "side_mean": -41.68516540527344
    }
  ],
  "bandwidth": 628.2938232421875,
  "channels": 2,
  "covariance": [
    [
      17.030729293823242,
      14.05948257446289,
      4.821923732757568,
      3.228856325149536,
      3.433042526245117,
      1.9238113164901733,
      4.931952476501465,
      0.5296302437782288,
      3.009381055831909,
      0.13630685210227966,
      1.8636202812194824,
      1.1524477005004883,
      -1.1695499420166016,
      0.5144729018211365,
      -3.1970460414886475,
      -2.4988889694213867,
      -3.8486733436584473,
      -6.336265563964844
    ],
    [
      14.05948257446289,
      38.18027114868164,
      8.704761505126953,
      10.454400062561035,
      5.411604881286621,
      8.406675338745117,
      6.510832786560059,
      7.086968421936035,
      5.269182205200195,
      6.012263298034668,
      6.36995792388916,
      5.451949119567871,
      -0.11931710690259933,
      5.323628902435303,
      -4.400991916656494,
      0.7213205695152283,
      -4.925304889678955,
      -7.479275703430176
    ],
    [
      4.821923732757568,
      8.704761505126953,
      13.369084358215332,
      7.595617294311523,
      5.151854515075684,
      6.097888946533203,
      3.5433413982391357,
      2.766047716140747,
      3.341273784637451,
      2.087162971496582,
      2.9766252040863037,
      2.5249786376953125,
      1.1887834072113037,
      3.7762458324432373,
      -0.13713425397872925,
      3.0889222621917725,
      0.07445112615823746,
      -0.38791388273239136
    ],
    [
      3.228856325149536,
      10.454400062561035,
      7.595617294311523,
      36.24837875366211,
      5.422619819641113,
      19.529102325439453,
      2.9930801391601562,
      13.583222389221191,
      3.7302944660186768,
      11.00713062286377,
      4.019853115081787,
      5.999934196472168,
      2.1581130027770996,
      6.115782260894775,
      3.5884816646575928,
      6.6494975090026855,
      5.440802097320557,
      -1.6120684146881104
    ],
    [
      3.433042526245117,
      5.411604881286621,
      5.151854515075684,
      5.422619819641113,
      16.466455459594727,
      9.75712776184082,
      13.052109718322754,
      4.329377174377441,
      8.584771156311035,
      1.095352053642273,
      4.848560810089111,
      1.5497698783874512,
      2.538672924041748,
      1.48142409324646,
      -0.4835197627544403,
      -0.5855205655097961,
      -3.1239874362945557,
      -3.2907907962799072
    ],
    [
      1.9238113164901733,
      8.406675338745117,
      6.097888946533203,
      19.529102325439453,
      9.75712776184082,
      26.81340217590332,
      5.39193868637085,
      17.91445541381836,
      5.496225357055664,
      12.355520248413086,
      4.975876331329346,
      8.030637741088867,
      3.218930721282959,
      9.313427925109863,
      3.4259402751922607,
      7.918399333953857,
      3.98249888420105,
      -0.002771911211311817
    ],
    [
      4.931952476501465,
      6.510832786560059,
      3.5433413982391357,
      2.9930801391601562,
      13.052109718322754,
      5.39193868637085,
      30.739822387695312,
      12.901987075805664,
      11.134744644165039,
      2.2811529636383057,
      4.744029521942139,
      0.5608776807785034,
      1.8575100898742676,
      -0.36063483357429504,
      -3.2706382274627686,
      -5.033491611480713,
      -7.189529895782471,
      -8.441143035888672
    ],
    [
      0.5296302437782288,
      7.086968421936035,
      2.766047716140747,
      13.583222389221191,
      4.329377174377441,
      17.91445541381836,
      12.901987075805664,
      33.469844818115234,
      5.403685569763184,
      18.342355728149414,
      4.60675573348999,
      9.90139102935791,
      3.3514626026153564,
      11.13619327545166,
      1.6100882291793823,
      7.242973804473877,
      -0.5074878931045532,
      -0.2155914604663849
    ],
    [
      3.009381055831909,
      5.269182205200195,
      3.341273784637451,
      3.7302944660186768,
      8.584771156311035,
      5.496225357055664,
      11.134744644165039,
      5.403685569763184,
      15.29464340209961,
      7.000925540924072,
      8.713561058044434,
      4.959634780883789,
      3.8284010887145996,
      2.1725995540618896,
      -2.459480047225952,
      -3.3707242012023926,
      -7.307168960571289,
      -7.293623447418213
    ],
    [
      0.13630685210227966,
      6.012263298034668,
      2.087162971496582,
      11.00713062286377,
      1.095352053642273,
      12.355520248413086,
      2.2811529636383057,
      18.342355728149414,
      7.000925540924072,
      26.068971633911133,
      8.391157150268555,
      14.006937026977539,
      5.031031131744385,
      12.532491683959961,
      2.3147759437561035,
      7.9548115730285645,
      -0.3177785575389862,
      2.160085439682007
    ],
    [
      1.8636202812194824,
      6.36995792388916,
      2.9766252040863037,
      4.019853115081787,
      4.848560810089111,
      4.975876331329346,
      4.744029521942139,
      4.60675573348999,
      8.713561058044434,
      8.391157150268555,
      17.28997802734375,
      11.411333084106445,
      7.855716228485107,
      5.854451656341553,
      1.3060407638549805,
      -0.7701144814491272,
      -3.2399754524230957,
      -2.4879376888275146
    ],
    [
      1.1524477005004883,
      5.451949119567871,
      2.5249786376953125,
      5.999934196472168,
      1.5497698783874512,
      8.030637741088867,
      0.5608776807785034,
      9.90139102935791,
      4.959634780883789,
      14.006937026977539,
      11.411333084106445,
      25.3319034576416,
      6.629446983337402,
      19.906295776367188,
      1.9747103452682495,
      13.53753662109375,
      -0.9200639724731445,
      8.664175987243652
    ],
    [
      -1.1695499420166016,
      -0.11931710690259933,
      1.1887834072113037,
      2.1581130027770996,
      2.538672924041748,
      3.218930721282959,
      1.8575100898742676,
      3.3514626026153564,
      3.8284010887145996,
      5.031031131744385,
      7.855716228485107,
      6.629446983337402,
      15.283943176269531,
      14.906006813049316,
      9.927444458007812,
      13.104604721069336,
      3.9840168952941895,
      9.52574634552002
    ],
    [
      0.5144729018211365,
      5.323628902435303,
      3.7762458324432373,
      6.115782260894775,
      1.48142409324646,
      9.313427925109863,
      -0.36063483357429504,
      11.13619327545166,
      2.1725995540618896,
      12.532491683959961,
      5.854451656341553,
      19.906295776367188,
      14.906006813049316,
      41.79852294921875,
      10.011284828186035,
      36.535858154296875,
      5.023894309997559,
      24.978363037109375
    ],
    [
      -3.1970460414886475,
      -4.400991916656494,
      -0.13713425397872925,
      3.5884816646575928,
      -0.4835197627544403,
      3.4259402751922607,
      -3.2706382274627686,
      1.6100882291793823,
      -2.459480047225952,
      2.3147759437561035,
      1.3060407638549805,
      1.9747103452682495,
      9.927444458007812,
      10.011284828186035,
      15.527320861816406,
      15.792713165283203,
      17.242807388305664,
      17.103076934814453
    ],
    [
      -2.4988889694213867,
      0.7213205695152283,
      3.0889222621917725,
      6.6494975090026855,
      -0.5855205655097961,
      7.918399333953857,
      -5.033491611480713,
      7.242973804473877,
      -3.3707242012023926,
      7.9548115730285645,
      -0.7701144814491272,
      13.53753662109375,
      13.104604721069336,
      36.535858154296875,
      15.792713165283203,
      48.1298942565918,
      16.561677932739258,
      41.1184196472168
    ],
    [
      -3.8486733436584473,
      -4.925304889678955,
      0.07445112615823746,
      5.440802097320557,
      -3.1239874362945557,
      3.98249888420105,
      -7.189529895782471,
      -0.5074878931045532,
      -7.307168960571289,
      -0.3177785575389862,
      -3.2399754524230957,
      -0.9200639724731445,
      3.9840168952941895,
      5.023894309997559,
      17.242807388305664,
      16.561677932739258,
      32.05474090576172,
      24.604188919067383
    ],
    [
      -6.336265563964844,
      -7.479275703430176,
      -0.38791388273239136,
      -1.6120684146881104,
      -3.2907907962799072,
      -0.002771911211311817,
      -8.441143035888672,
      -0.2155914604663849,
      -7.293623447418213,
      2.160085439682007,
      -2.4879376888275146,
      8.664175987243652,
      9.52574634552002,
      24.978363037109375,
      17.103076934814453,
      41.1184196472168,
      24.604188919067383,
      58.332481384277344
    ]
  ],
  "covariance_short": [
    [
      51.19369125366211,
      33.52736282348633,
      14.81749439239502,
      7.970731258392334,
      4.053914546966553,
      4.759854316711426,
      9.149653434753418,
      4.380888938903809,
      8.746225357055664,
      4.752248287200928,
      5.700421333312988,
      4.520457744598389,
      2.775961399078369,
      4.2401018142700195,
      -0.17894814908504486,
      0.660320520401001,
      1.337254524230957,
      -4.374162197113037
    ],
    [
      33.52736282348633,
      67.45036315917969,
      17.421445846557617,
      18.386266708374023,
      6.82035493850708,
      11.320948600769043,
      12.768715858459473,
      13.784741401672363,
      12.155579566955566,
      13.190469741821289,
      12.357093811035156,
      9.336878776550293,
      4.647091388702393,
      5.296472549438477,
      -1.9567095041275024,
      -2.505044937133789,
      -3.357365846633911,
      -15.408653259277344
    ],
    [
      14.81749439239502,
      17.421445846557617,
      24.90331268310547,
      9.157071113586426,
      5.830417633056641,
      5.028717517852783,
      5.956114292144775,
      4.844449996948242,
      7.148897647857666,
      5.116235256195068,
      7.7332258224487305,
      5.979040145874023,
      4.621664524078369,
      4.788853168487549,
      2.1256744861602783,
      1.5467733144760132,
      2.049091339111328,
      -1.5690891742706299
    ],
    [
      7.970731258392334,
      18.386266708374023,
      9.157071113586426,
      48.47623825073242,
      9.191862106323242,
      21.780166625976562,
      8.48032283782959,
      18.550857543945312,
      9.985745429992676,
      17.645578384399414,
      11.842620849609375,
      11.449444770812988,
      6.284768104553223,
      6.325786590576172,
      6.912756443023682,
      4.672273635864258,
      8.893457412719727,
      -0.670994222164154
    ],
    [
      4.053914546966553,
      6.82035493850708,
      5.830417633056641,
      9.191862106323242,
      33.14606475830078,
      15.220745086669922,
      25.63044548034668,
      10.935352325439453,
      20.542203903198242,
      7.511041641235352,
      14.284841537475586,
      6.939226150512695,
      8.025284767150879,
      3.6003918647766113,
      5.888524055480957,
      0.71099454164505,
      2.7071731090545654,
      -4.1141676902771
    ],
    [
      4.759854316711426,
      11.320948600769043,
      5.028717517852783,
      21.780166625976562,
      15.220745086669922,
      38.85554885864258,
      14.57221794128418,
      25.869190216064453,
      13.92829704284668,
      20.166147232055664,
      12.210430145263672,
      15.5162353515625,
      6.936654567718506,
      10.488578796386719,
      7.544060707092285,
      9.113211631774902,
      9.071136474609375,
      2.22525691986084
    ],
    [
      9.149653434753418,
      12.768715858459473,
      5.956114292144775,
      8.48032283782959,
      25.63044548034668,
      14.57221794128418,
      60.94655990600586,
      26.14237403869629,
      30.42629051208496,
      13.096796989440918,
      19.49606704711914,
      9.796137809753418,
      11.027484893798828,
      5.086735248565674,
      6.643368721008301,
      -1.4994008541107178,
      1.592292070388794,
      -11.248005867004395
    ],
    [
      4.380888938903809,
      13.784741401672363,
      4.844449996948242,
      18.550857543945312,
      10.935352325439453,
      25.869190216064453,
      26.14237403869629,
      48.712520599365234,
      14.886543273925781,
      27.199365615844727,
      12.02912425994873,
      15.91386604309082,
      7.335926532745361,
      11.47163200378418,
      6.217703819274902,
      7.330992221832275,
      7.192700386047363,
      -0.4038083851337433
    ],
    [
      8.746225357055664,
      12.155579566955566,
      7.148897647857666,
      9.985745429992676,
      20.542203903198242,
      13.92829704284668,
      30.42629051208496,
      14.886543273925781,
      43.71253204345703,
      21.343265533447266,
      30.808717727661133,
      18.784204483032227,
      18.97620391845703,
      10.51535415649414,
      10.953256607055664,
      2.393303155899048,
      6.6536149978637695,
      -4.743106842041016
    ],
    [
      4.752248287200928,
      13.190469741821289,
      5.116235256195068,
      17.645578384399414,
      7.511041641235352,
      20.166147232055664,
      13.096796989440918,
      27.199365615844727,
      21.343265533447266,
      40.21631622314453,
      21.040451049804688,
      27.04195785522461,
      12.43169116973877,
      19.16887664794922,
      7.9937520027160645,
      11.4257173538208,
      9.03571891784668,
      7.635290145874023
    ],
    [
      5.700421333312988,
      12.357093811035156,
      7.7332258224487305,
      11.842620849609375,
      14.284841537475586,
      12.210430145263672,
      19.49606704711914,
      12.02912425994873,
      30.808717727661133,
      21.040451049804688,
      46.51991653442383,
      30.510177612304688,
      28.30951499938965,
      17.829858779907227,
      17.220596313476562,
      6.875941276550293,
      14.474783897399902,
      5.732167720794678
    ],
    [
      4.520457744598389,
      9.336878776550293,
      5.979040145874023,
      11.449444770812988,
      6.939226150512695,
      15.5162353515625,
      9.796137809753418,
      15.91386604309082,
      18.784204483032227,
      27.04195785522461,
      30.510177612304688,
      47.64402389526367,
      22.0316104888916,
      35.74462890625,
      13.59717845916748,
      24.438514709472656,
      15.5445556640625,
      25.090911865234375
    ],
    [
      2.775961399078369,
      4.647091388702393,
      4.621664524078369,
      6.284768104553223,
      8.025284767150879,
      6.936654567718506,
      11.027484893798828,
      7.335926532745361,
      18.97620391845703,
      12.43169116973877,
      28.30951499938965,
      22.0316104888916,
      45.739192962646484,
      34.702369689941406,
      38.45854949951172,
      34.46928787231445,
      37.679344177246094,
      40.1319465637207
    ],
    [
      4.2401018142700195,
      5.296472549438477,
      4.788853168487549,
      6.325786590576172,
      3.6003918647766113,
      10.488578796386719,
      5.086735248565674,
      11.47163200378418,
      10.51535415649414,
      19.16887664794922,
      17.829858779907227,
      35.74462890625,
      34.702369689941406,
      61.227874755859375,
      29.225099563598633,
      54.48191833496094,
      30.97288703918457,
      57.10475540161133
    ],
    [
      -0.17894814908504486,
      -1.9567095041275024,
      2.1256744861602783,
      6.912756443023682,
      5.888524055480957,
      7.544060707092285,
      6.643368721008301,
      6.217703819274902,
      10.953256607055664,
      7.9937520027160645,
      17.220596313476562,
      13.59717845916748,
      38.45854949951172,
      29.225099563598633,
      53.96013641357422,
      43.85435485839844,
      58.11213302612305,
      59.26105880737305
    ],
    [
      0.660320520401001,
      -2.505044937133789,
      1.5467733144760132,
      4.672273635864258,
      0.71099454164505,
      9.113211631774902,
      -1.4994008541107178,
      7.330992221832275,
      2.393303155899048,
      11.4257173538208,
      6.875941276550293,
      24.438514709472656,
      34.46928787231445,
      54.48191833496094,
      43.85435485839844,
      78.25807189941406,
      52.627079010009766,
      90.13321685791016
    ],
    [
      1.337254524230957,
      -3.357365846633911,
      2.049091339111328,
      8.893457412719727,
      2.7071731090545654,
      9.071136474609375,
      1.592292070388794,
      7.192700386047363,
      6.6536149978637695,
      9.03571891784668,
      14.474783897399902,
      15.5445556640625,
      37.679344177246094,
      30.97288703918457,
      58.11213302612305,
      52.627079010009766,
      87.41802215576172,
      85.77351379394531
    ],
    [
      -4.374162197113037,
      -15.408653259277344,
      -1.5690891742706299,
      -0.670994222164154,
      -4.1141676902771,
      2.22525691986084,
      -11.248005867004395,
      -0.4038083851337433,
      -4.743106842041016,
      7.635290145874023,
      5.732167720794678,
      25.090911865234375,
      40.1319465637207,
      57.10475540161133,
      59.26105880737305,
      90.13321685791016,
      85.77351379394531,
      143.27920532226562
    ]
  ],
  "damage": -1.3213361501693726,
  "diff_bandwidth": 661.8380737304688,
  "dissonance": 10.434773773173669,
  "drr": 8.938664436340332,
  "dynamics": 2.0652360916137695,
  "format": 1245190,
  "frames": 12023808,
  "loudness": -6.49293327331543,
  "loudness_range": 3.8466687202453613,
  "loudness_range_short": 7.571981906890869,
  "lowpass_true_peak_15khz": 2.899404764175415,
  "mastering3_acoustic_entropies": [
    {
      "acoustic_entropy": 7.692507743835449,
      "acoustic_entropy_mono": 7.497612953186035,
      "band_eliminated_acoustic_entropies": [
        {
          "acoustic_entropy": 7.845431804656982,
          "acoustic_entropy_side": 7.693540096282959,
          "hz": 129.47220167065723
        },
        {
          "acoustic_entropy": 7.571496963500977,
          "acoustic_entropy_side": 7.692684173583984,
          "hz": 202.92927478742237
        },
        {
          "acoustic_entropy": 8.374345779418945,
          "acoustic_entropy_side": 7.6932878494262695,
          "hz": 282.89161906338205
        },
        {
          "acoustic_entropy": 8.05273723602295,
          "acoustic_entropy_side": 7.697430610656738,
          "hz": 369.9353335868758
        },
        {
          "acoustic_entropy": 7.379497528076172,
          "acoustic_entropy_side": 7.6516432762146,
          "hz": 464.6875360973435
        },
        {
          "acoustic_entropy": 7.9499640464782715,
          "acoustic_entropy_side": 7.697185516357422,
          "hz": 567.8308811364784
        },
        {
          "acoustic_entropy": 7.615334510803223,
          "acoustic_entropy_side": 7.74044132232666,
          "hz": 680.1084783214808
        },
        {
          "acoustic_entropy": 7.807768821716309,
          "acoustic_entropy_side": 7.7169671058654785,
          "hz": 802.3292461747484
        },
        {
          "acoustic_entropy": 8.070895195007324,
          "acoustic_entropy_side": 7.729681015014648,
          "hz": 935.3737400823702
        },
        {
          "acoustic_entropy": 7.989565849304199,
          "acoustic_entropy_side": 7.753241539001465,
          "hz": 1080.2004963696966
        },
        {
          "acoustic_entropy": 7.818999290466309,
          "acoustic_entropy_side": 7.724009037017822,
          "hz": 1237.8529382007157
        },
        {
          "acoustic_entropy": 7.869196891784668,
          "acoustic_entropy_side": 7.735197067260742,
          "hz": 1409.4668930556702
        },
        {
          "acoustic_entropy": 8.06387996673584,
          "acoustic_entropy_side": 7.732051372528076,
          "hz": 1596.2787759475705
        },
        {
          "acoustic_entropy": 8.015164375305176,
          "acoustic_entropy_side": 7.705941677093506,
          "hz": 1799.6344973346393
        },
        {
          "acoustic_entropy": 8.005359649658203,
          "acoustic_entropy_side": 7.720570087432861,
          "hz": 2020.9991599069049
        },
        {
          "acoustic_entropy": 7.921995639801025,
          "acoustic_entropy_side": 7.740542411804199,
          "hz": 2261.9676141086993
        },
        {
          "acoustic_entropy": 8.034131050109863,
          "acoustic_entropy_side": 7.76593017578125,
          "hz": 2524.2759484456974
        },
        {
          "acoustic_entropy": 8.058321952819824,
          "acoustic_entropy_side": 7.759040355682373,
          "hz": 2809.813997359896
        },
        {
          "acoustic_entropy": 7.94156551361084,
          "acoustic_entropy_side": 7.720916271209717,
          "hz": 3120.6389567871424
        },
        {
          "acoustic_entropy": 7.794987201690674,
          "acoustic_entropy_side": 7.710313320159912,
          "hz": 3458.990205492291
        },
        {
          "acoustic_entropy": 7.9790568351745605,
          "acoustic_entropy_side": 7.698982238769531,
          "hz": 3827.305438964164
        },
        {
          "acoustic_entropy": 7.674585342407227,
          "acoustic_entropy_side": 7.680420875549316,
          "hz": 4228.238232109126
        },
        {
          "acoustic_entropy": 7.849327087402344,
          "acoustic_entropy_side": 7.68842887878418,
          "hz": 4664.6771572759235
        },
        {
          "acoustic_entropy": 7.643545627593994,
          "acoustic_entropy_side": 7.689855575561523,
          "hz": 5139.766595350093
        },
        {
          "acoustic_entropy": 7.553336143493652,
          "acoustic_entropy_side": 7.672321319580078,
          "hz": 5656.929389854203
        },
        {
          "acoustic_entropy": 7.553015232086182,
          "acoustic_entropy_side": 7.675629138946533,
          "hz": 6219.891507268283
        },
        {
          "acoustic_entropy": 7.5182905197143555,
          "acoustic_entropy_side": 7.67770528793335,
          "hz": 6832.70888123896
        },
        {
          "acoustic_entropy": 7.486261367797852,
          "acoustic_entropy_side": 7.672488689422607,
          "hz": 7499.796634079867
        },
        {
          "acoustic_entropy": 7.517090320587158,
          "acoustic_entropy_side": 7.6943511962890625,
          "hz": 8225.96088609342
        },
        {
          "acoustic_entropy": 7.466306686401367,
          "acoustic_entropy_side": 7.6858811378479,
          "hz": 9016.43338188839
        },
        {
          "acoustic_entropy": 7.404830455780029,
          "acoustic_entropy_side": 7.695404052734375,
          "hz": 9876.909183162974
        },
        {
          "acoustic_entropy": 7.186812400817871,
          "acoustic_entropy_side": 7.6851606369018555,
          "hz": 10813.587699516042
        },
        {
          "acoustic_entropy": 7.221550464630127,
          "acoustic_entropy_side": 7.664610862731934,
          "hz": 11833.21735289826
        },
        {
          "acoustic_entropy": 6.999215126037598,
          "acoustic_entropy_side": 7.660706520080566,
          "hz": 12943.144197493959
        },
        {
          "acoustic_entropy": 7.05407190322876,
          "acoustic_entropy_side": 7.722655296325684,
          "hz": 14151.364845322005
        },
        {
          "acoustic_entropy": 6.880683898925781,
          "acoustic_entropy_side": 7.661355495452881,
          "hz": 15466.58407886509
        },
        {
          "acoustic_entropy": 7.1438493728637695,
          "acoustic_entropy_side": 7.612767219543457,
          "hz": 16898.27756580493
        },
        {
          "acoustic_entropy": 6.936697006225586,
          "acoustic_entropy_side": 7.588671684265137,
          "hz": 18456.760127700032
        },
        {
          "acoustic_entropy": 7.410350322723389,
          "acoustic_entropy_side": 7.570889472961426,
          "hz": 20153.260054456492
        },
        {
          "acoustic_entropy": 7.635206699371338,
          "acoustic_entropy_side": 7.666438102722168,
          "hz": 22000.00000000001
        }
      ],
      "diff_acoustic_entropy": 8.400538444519043,
      "sn": 6
    },
    {
      "acoustic_entropy": 11.866486549377441,
      "acoustic_entropy_mono": 11.245868682861328,
      "band_eliminated_acoustic_entropies": [
        {
          "acoustic_entropy": 11.503697395324707,
          "acoustic_entropy_side": 11.860413551330566,
          "hz": 129.47220167065723
        },
        {
          "acoustic_entropy": 11.16546630859375,
          "acoustic_entropy_side": 11.819924354553223,
          "hz": 202.92927478742237
        },
        {
          "acoustic_entropy": 11.672085762023926,
          "acoustic_entropy_side": 11.708320617675781,
          "hz": 282.89161906338205
        },
        {
          "acoustic_entropy": 11.833657264709473,
          "acoustic_entropy_side": 11.643524169921875,
          "hz": 369.9353335868758
        },
        {
          "acoustic_entropy": 11.6442289352417,
          "acoustic_entropy_side": 11.702362060546875,
          "hz": 464.6875360973435
        },
        {
          "acoustic_entropy": 11.79881763458252,
          "acoustic_entropy_side": 11.780954360961914,
          "hz": 567.8308811364784
        },
        {
          "acoustic_entropy": 11.522700309753418,
          "acoustic_entropy_side": 11.789514541625977,
          "hz": 680.1084783214808
        },
        {
          "acoustic_entropy": 12.03117561340332,
          "acoustic_entropy_side": 11.78119945526123,
          "hz": 802.3292461747484
        },
        {
          "acoustic_entropy": 12.329673767089844,
          "acoustic_entropy_side": 11.858065605163574,
          "hz": 935.3737400823702
        },
        {
          "acoustic_entropy": 11.942378044128418,
          "acoustic_entropy_side": 11.69956111907959,
          "hz": 1080.2004963696966
        },
        {
          "acoustic_entropy": 12.091378211975098,
          "acoustic_entropy_side": 11.80825138092041,
          "hz": 1237.8529382007157
        },
        {
          "acoustic_entropy": 11.83922290802002,
          "acoustic_entropy_side": 11.765645027160645,
          "hz": 1409.4668930556702
        },
        {
          "acoustic_entropy": 11.93127727508545,
          "acoustic_entropy_side": 11.640809059143066,
          "hz": 1596.2787759475705
        },
        {
          "acoustic_entropy": 11.935635566711426,
          "acoustic_entropy_side": 11.747431755065918,
          "hz": 1799.6344973346393
        },
        {
          "acoustic_entropy": 11.927324295043945,
          "acoustic_entropy_side": 11.838717460632324,
          "hz": 2020.9991599069049
        },
        {
          "acoustic_entropy": 11.643326759338379,
          "acoustic_entropy_side": 11.822442054748535,
          "hz": 2261.9676141086993
        },
        {
          "acoustic_entropy": 11.728235244750977,
          "acoustic_entropy_side": 11.804197311401367,
          "hz": 2524.2759484456974
        },
        {
          "acoustic_entropy": 11.708943367004395,
          "acoustic_entropy_side": 11.820479393005371,
          "hz": 2809.813997359896
        },
        {
          "acoustic_entropy": 11.578115463256836,
          "acoustic_entropy_side": 11.86541748046875,
          "hz": 3120.6389567871424
        },
        {
          "acoustic_entropy": 11.837007522583008,
          "acoustic_entropy_side": 11.90909194946289,
          "hz": 3458.990205492291
        },
        {
          "acoustic_entropy": 11.719806671142578,
          "acoustic_entropy_side": 11.867703437805176,
          "hz": 3827.305438964164
        },
        {
          "acoustic_entropy": 11.276429176330566,
          "acoustic_entropy_side": 11.961628913879395,
          "hz": 4228.238232109126
        },
        {
          "acoustic_entropy": 12.015243530273438,
          "acoustic_entropy_side": 11.93403148651123,
          "hz": 4664.6771572759235
        },
        {
          "acoustic_entropy": 11.794654846191406,
          "acoustic_entropy_side": 11.855968475341797,
          "hz": 5139.766595350093
        },
        {
          "acoustic_entropy": 11.752580642700195,
          "acoustic_entropy_side": 11.839424133300781,
          "hz": 5656.929389854203
        },
        {
          "acoustic_entropy": 11.743014335632324,
          "acoustic_entropy_side": 11.761083602905273,
          "hz": 6219.891507268283
        },
        {
          "acoustic_entropy": 11.762316703796387,
          "acoustic_entropy_side": 11.733888626098633,
          "hz": 6832.70888123896
        },
        {
          "acoustic_entropy": 11.798050880432129,
          "acoustic_entropy_side": 11.752619743347168,
          "hz": 7499.796634079867
        },
        {
          "acoustic_entropy": 11.85576057434082,
          "acoustic_entropy_side": 11.735952377319336,
          "hz": 8225.96088609342
        },
        {
          "acoustic_entropy": 11.941690444946289,
          "acoustic_entropy_side": 11.781298637390137,
          "hz": 9016.43338188839
        },
        {
          "acoustic_entropy": 12.026175498962402,
          "acoustic_entropy_side": 11.832762718200684,
          "hz": 9876.909183162974
        },
        {
          "acoustic_entropy": 12.061543464660645,
          "acoustic_entropy_side": 11.795062065124512,
          "hz": 10813.587699516042
        },
        {
          "acoustic_entropy": 12.052618980407715,
          "acoustic_entropy_side": 11.853948593139648,
          "hz": 11833.21735289826
        },
        {
          "acoustic_entropy": 12.039127349853516,
          "acoustic_entropy_side": 11.847516059875488,
          "hz": 12943.144197493959
        },
        {
          "acoustic_entropy": 12.136530876159668,
          "acoustic_entropy_side": 11.931741714477539,
          "hz": 14151.364845322005
        },
        {
          "acoustic_entropy": 12.158858299255371,
          "acoustic_entropy_side": 11.935530662536621,
          "hz": 15466.58407886509
        },
        {
          "acoustic_entropy": 12.092720985412598,
          "acoustic_entropy_side": 11.919214248657227,
          "hz": 16898.27756580493
        },
        {
          "acoustic_entropy": 12.109221458435059,
          "acoustic_entropy_side": 11.850641250610352,
          "hz": 18456.760127700032
        },
        {
          "acoustic_entropy": 12.024611473083496,
          "acoustic_entropy_side": 11.716129302978516,
          "hz": 20153.260054456492
        },
        {
          "acoustic_entropy": 12.015397071838379,
          "acoustic_entropy_side": 11.854193687438965,
          "hz": 22000.00000000001
        }
      ],
      "diff_acoustic_entropy": 12.378731727600098,
      "sn": 12
    },
    {
      "acoustic_entropy": 19.397703170776367,
      "acoustic_entropy_mono": 14.962730407714844,
      "band_eliminated_acoustic_entropies": [
        {
          "acoustic_entropy": 19.49785041809082,
          "acoustic_entropy_side": 19.421005249023438,
          "hz": 129.47220167065723
        },
        {
          "acoustic_entropy": 18.830717086791992,
          "acoustic_entropy_side": 19.3216609954834,
          "hz": 202.92927478742237
        },
        {
          "acoustic_entropy": 19.609535217285156,
          "acoustic_entropy_side": 19.45063018798828,
          "hz": 282.89161906338205
        },
        {
          "acoustic_entropy": 19.930999755859375,
          "acoustic_entropy_side": 19.386892318725586,
          "hz": 369.9353335868758
        },
        {
          "acoustic_entropy": 19.18488883972168,
          "acoustic_entropy_side": 19.798858642578125,
          "hz": 464.6875360973435
        },
        {
          "acoustic_entropy": 19.708494186401367,
          "acoustic_entropy_side": 19.41139030456543,
          "hz": 567.8308811364784
        },
        {
          "acoustic_entropy": 18.89780044555664,
          "acoustic_entropy_side": 19.62708854675293,
          "hz": 680.1084783214808
        },
        {
          "acoustic_entropy": 19.644054412841797,
          "acoustic_entropy_side": 19.21329116821289,
          "hz": 802.3292461747484
        },
        {
          "acoustic_entropy": 19.27459716796875,
          "acoustic_entropy_side": 19.3315486907959,
          "hz": 935.3737400823702
        },
        {
          "acoustic_entropy": 19.278854370117188,
          "acoustic_entropy_side": 19.513713836669922,
          "hz": 1080.2004963696966
        },
        {
          "acoustic_entropy": 19.287412643432617,
          "acoustic_entropy_side": 19.48016357421875,
          "hz": 1237.8529382007157
        },
        {
          "acoustic_entropy": 19.257905960083008,
          "acoustic_entropy_side": 19.346046447753906,
          "hz": 1409.4668930556702
        },
        {
          "acoustic_entropy": 19.54063606262207,
          "acoustic_entropy_side": 19.343292236328125,
          "hz": 1596.2787759475705
        },
        {
          "acoustic_entropy": 19.153423309326172,
          "acoustic_entropy_side": 19.52185821533203,
          "hz": 1799.6344973346393
        },
        {
          "acoustic_entropy": 19.967491149902344,
          "acoustic_entropy_side": 19.918193817138672,
          "hz": 2020.9991599069049
        },
        {
          "acoustic_entropy": 19.460620880126953,
          "acoustic_entropy_side": 19.481781005859375,
          "hz": 2261.9676141086993
        },
        {
          "acoustic_entropy": 18.93795394897461,
          "acoustic_entropy_side": 19.522125244140625,
          "hz": 2524.2759484456974
        },
        {
          "acoustic_entropy": 19.362489700317383,
          "acoustic_entropy_side": 19.784269332885742,
          "hz": 2809.813997359896
        },
        {
