{
  "acoustic_entropy": 54.91082000732422,
  "bands": [
    {
      "high_freq": 148.1999969482422,
      "loudness": -49.546119689941406,
      "loudness_range": 23.827880859375,
      "mid_mean": -53.52098846435547,
      "mid_to_side_loudness": -19.195171356201172,
      "mid_to_side_loudness_range": 19.5830078125,
      "side_mean": -65.33452606201172
    },
    {
      "high_freq": 392.3793640136719,
      "loudness": -49.22096252441406,
      "loudness_range": 23.992332458496094,
      "low_freq": 148.1999969482422,
      "mid_mean": -53.64208221435547,
      "mid_to_side_loudness": -12.738241195678711,
      "mid_to_side_loudness_range": 13.465677261352539,
      "side_mean": -61.94709396362305
    },
    {
      "high_freq": 794.6976318359375,
      "loudness": -51.570823669433594,
      "loudness_range": 26.011550903320312,
      "low_freq": 392.3793640136719,
      "mid_mean": -55.59851837158203,
      "mid_to_side_loudness": -9.768823623657227,
      "mid_to_side_loudness_range": 11.741960525512695,
      "side_mean": -62.39794921875
    },
    {
      "high_freq": 1457.5709228515625,
      "loudness": -55.25410461425781,
      "loudness_range": 21.502819061279297,
      "low_freq": 794.6976318359375,
      "mid_mean": -57.6871452331543,
      "mid_to_side_loudness": -10.371292114257812,
      "mid_to_side_loudness_range": 12.594999313354492,
      "side_mean": -64.64210510253906
    },
    {
      "high_freq": 2549.74365234375,
      "loudness": -55.01036834716797,
      "loudness_range": 23.107418060302734,
      "low_freq": 1457.5709228515625,
      "mid_mean": -57.18295669555664,
      "mid_to_side_loudness": -11.192801475524902,
      "mid_to_side_loudness_range": 13.237237930297852,
      "side_mean": -66.14315795898438
    },
    {
      "high_freq": 4349.24462890625,
      "loudness": -58.291404724121094,
      "loudness_range": 25.120304107666016,
      "low_freq": 2549.74365234375,
      "mid_mean": -59.399967193603516,
      "mid_to_side_loudness": -11.692526817321777,
      "mid_to_side_loudness_range": 15.095829010009766,
      "side_mean": -65.56168365478516
    },
    {
      "high_freq": 7314.1640625,
      "loudness": -57.98330307006836,
      "loudness_range": 24.54001235961914,
      "low_freq": 4349.24462890625,
      "mid_mean": -59.07544708251953,
      "mid_to_side_loudness": -10.568891525268555,
      "mid_to_side_loudness_range": 9.770184516906738,
      "side_mean": -66.3582992553711
    },
    {
      "high_freq": 12199.2666015625,
      "loudness": -60.96875,
      "loudness_range": 30.213008880615234,
      "low_freq": 7314.1640625,
      "mid_mean": -61.10837173461914,
      "mid_to_side_loudness": -10.398707389831543,
      "mid_to_side_loudness_range": 9.96588134765625,
      "side_mean": -67.10772705078125
    },
    {
      "loudness": -64.1683349609375,
      "loudness_range": 33.049835205078125,
      "low_freq": 12199.2666015625,
      "mid_mean": -63.047115325927734,
      "mid_to_side_loudness": -10.595884323120117,
      "mid_to_side_loudness_range": 19.029600143432617,
      "side_mean": -67.75796508789062
    }
  ],
  "bands_short": [
    {
      "high_freq": 148.1999969482422,
      "loudness": -58.21607971191406,
      "loudness_range": 33.17255401611328,
      "mid_mean": -61.51121139526367,
      "mid_to_side_loudness": -18.079557418823242,
      "mid_to_side_loudness_range": 20.151466369628906,
      "side_mean": -68.11544036865234
    },
    {
      "high_freq": 392.3793640136719,
      "loudness": -53.97164535522461,
      "loudness_range": 36.9290771484375,
      "low_freq": 148.1999969482422,
      "mid_mean": -61.33501052856445,
      "mid_to_side_loudness": -11.956991195678711,
      "mid_to_side_loudness_range": 12.134177207946777,
      "side_mean": -66.07131958007812
    },
    {
      "high_freq": 794.6976318359375,
      "loudness": -55.796630859375,
      "loudness_range": 36.72372817993164,
      "low_freq": 392.3793640136719,
      "mid_mean": -64.22606658935547,
      "mid_to_side_loudness": -6.412864685058594,
      "mid_to_side_loudness_range": 13.265205383300781,
      "side_mean": -66.5594253540039
    },
    {
      "high_freq": 1457.5709228515625,
      "loudness": -57.33218765258789,
      "loudness_range": 33.57173538208008,
      "low_freq": 794.6976318359375,
      "mid_mean": -65.42214965820312,
      "mid_to_side_loudness": -8.27706527709961,
      "mid_to_side_loudness_range": 14.055549621582031,
      "side_mean": -67.75737762451172
    },
    {
      "high_freq": 2549.74365234375,
      "loudness": -57.375640869140625,
      "loudness_range": 37.39323043823242,
      "low_freq": 1457.5709228515625,
      "mid_mean": -65.8086929321289,
      "mid_to_side_loudness": -9.809737205505371,
      "mid_to_side_loudness_range": 19.14874267578125,
      "side_mean": -68.21939849853516
    },
    {
      "high_freq": 4349.24462890625,
      "loudness": -58.65492630004883,
      "loudness_range": 32.07304000854492,
      "low_freq": 2549.74365234375,
      "mid_mean": -65.8104248046875,
      "mid_to_side_loudness": -9.906133651733398,
      "mid_to_side_loudness_range": 19.15192985534668,
      "side_mean": -68.08585357666016
    },
    {
      "high_freq": 7314.1640625,
      "loudness": -57.5289421081543,
      "loudness_range": 32.10404968261719,
      "low_freq": 4349.24462890625,
      "mid_mean": -66.15652465820312,
      "mid_to_side_loudness": -9.196025848388672,
      "mid_to_side_loudness_range": 16.52414894104004,
      "side_mean": -68.40245056152344
    },
    {
      "high_freq": 12199.2666015625,
      "loudness": -58.01957702636719,
      "loudness_range": 33.29860305786133,
      "low_freq": 7314.1640625,
      "mid_mean": -66.91143798828125,
      "mid_to_side_loudness": -8.095520973205566,
      "mid_to_side_loudness_range": 14.44171142578125,
      "side_mean": -68.65863800048828
    },
    {
      "loudness": -58.722068786621094,
      "loudness_range": 35.5588493347168,
      "low_freq": 12199.2666015625,
      "mid_mean": -67.76811981201172,
      "mid_to_side_loudness": -7.16849946975708,
      "mid_to_side_loudness_range": 15.313979148864746,
      "side_mean": -69.03655242919922
    }
  ],
  "bandwidth": 361.466552734375,
  "channels": 2,
  "covariance": [
    [
      164.10826110839844,
      60.12552261352539,
      155.47503662109375,
      90.1906967163086,
      138.8853759765625,
      82.50540924072266,
      121.07075500488281,
      58.945823669433594,
      104.70626831054688,
      44.47431182861328,
      104.80127716064453,
      46.544960021972656,
      90.417724609375,
      40.97178649902344,
      78.83699035644531,
      37.54059982299805,
      68.1841812133789,
      34.58222961425781
    ],
    [
      60.12552261352539,
      39.036643981933594,
      65.9981689453125,
      58.664955139160156,
      47.62442398071289,
      38.66197204589844,
      46.071807861328125,
      33.21237564086914,
      32.94940185546875,
      29.24272918701172,
      48.42240905761719,
      29.173662185668945,
      34.975242614746094,
      28.36071014404297,
      35.40583038330078,
      26.56573486328125,
      29.181711196899414,
      24.722686767578125
    ],
    [
      155.47503662109375,
      65.9981689453125,
      173.44886779785156,
      114.35051727294922,
      149.3133087158203,
      96.9806137084961,
      129.76260375976562,
      74.55753326416016,
      104.12831115722656,
      58.82350540161133,
      114.62906646728516,
      58.864681243896484,
      94.57624816894531,
      52.166900634765625,
      84.65103149414062,
      46.16500473022461,
      70.02730560302734,
      41.8094367980957
    ],
    [
      90.1906967163086,
      58.664955139160156,
      114.35051727294922,
      101.40398406982422,
      84.6468505859375,
      68.27544403076172,
      79.37360382080078,
      59.53196334838867,
      55.3544921875,
      52.07910919189453,
      80.34080505371094,
      50.64760208129883,
      57.983943939208984,
      47.558311462402344,
      57.330772399902344,
      42.98863983154297,
      45.5936393737793,
      39.407039642333984
    ],
    [
      138.8853759765625,
      47.62442398071289,
      149.3133087158203,
      84.6468505859375,
      159.7828369140625,
      98.95631408691406,
      124.71363830566406,
      67.22869873046875,
      83.12678527832031,
      46.490089416503906,
      99.81773376464844,
      49.52840042114258,
      75.9582290649414,
      39.82890701293945,
      64.60572814941406,
      33.049678802490234,
      52.034996032714844,
      28.014774322509766
    ],
    [
      82.50540924072266,
      38.66197204589844,
      96.9806137084961,
      68.27544403076172,
      98.95631408691406,
      70.54762268066406,
      78.61909484863281,
      51.23261642456055,
      42.753379821777344,
      38.684024810791016,
      68.27632904052734,
      40.2679443359375,
      44.603416442871094,
      34.06785583496094,
      41.089298248291016,
      29.17604637145996,
      31.97534942626953,
      25.412982940673828
    ],
    [
      121.07075500488281,
      46.071807861328125,
      129.76260375976562,
      79.37360382080078,
      124.71363830566406,
      78.61909484863281,
      106.44522094726562,
      58.050743103027344,
      84.11766052246094,
      44.06237030029297,
      90.58377838134766,
      45.24608612060547,
      76.33922576904297,
      38.85330581665039,
      66.56248474121094,
      34.08854293823242,
      55.57108688354492,
      30.120773315429688
    ],
    [
      58.945823669433594,
      33.21237564086914,
      74.55753326416016,
      59.53196334838867,
      67.22869873046875,
      51.23261642456055,
      58.050743103027344,
      41.813636779785156,
      36.52819061279297,
      33.79816818237305,
      53.77611541748047,
      33.77759552001953,
      37.96487808227539,
      29.74493980407715,
      35.87901306152344,
      25.786714553833008,
      27.805694580078125,
      22.731151580810547
    ],
    [
      104.70626831054688,
      32.94940185546875,
      104.12831115722656,
      55.3544921875,
      83.12678527832031,
      42.753379821777344,
      84.11766052246094,
      36.52819061279297,
      119.49938201904297,
      34.393436431884766,
      73.78128814697266,
      32.75974655151367,
      98.03187561035156,
      30.460939407348633,
      85.79310607910156,
      29.096900939941406,
      78.39314270019531,
      27.38042640686035
    ],
    [
      44.47431182861328,
      29.24272918701172,
      58.82350540161133,
      52.07910919189453,
      46.490089416503906,
      38.684024810791016,
      44.06237030029297,
      33.79816818237305,
      34.393436431884766,
      33.41045379638672,
      46.964603424072266,
      31.92422103881836,
      36.592674255371094,
      29.181621551513672,
      36.28718566894531,
      27.226409912109375,
      30.69811248779297,
      25.038707733154297
    ],
    [
      104.80127716064453,
      48.42240905761719,
      114.62906646728516,
      80.34080505371094,
      99.81773376464844,
      68.27632904052734,
      90.58377838134766,
      53.77611541748047,
      73.78128814697266,
      46.964603424072266,
      91.61205291748047,
      50.1213493347168,
      75.26944732666016,
      44.809906005859375,
      67.32024383544922,
      40.00817108154297,
      54.09463119506836,
      34.845149993896484
    ],
    [
      46.544960021972656,
      29.173662185668945,
      58.864681243896484,
      50.64760208129883,
      49.52840042114258,
      40.2679443359375,
      45.24608612060547,
      33.77759552001953,
      32.75974655151367,
      31.92422103881836,
      50.1213493347168,
      34.25950622558594,
      38.522342681884766,
      30.326675415039062,
      37.2119026184082,
      26.84136199951172,
      28.99327850341797,
      23.175539016723633
    ],
    [
      90.417724609375,
      34.975242614746094,
      94.57624816894531,
      57.983943939208984,
      75.9582290649414,
      44.603416442871094,
      76.33922576904297,
      37.96487808227539,
      98.03187561035156,
      36.592674255371094,
      75.26944732666016,
      38.522342681884766,
      92.53064727783203,
      37.07198715209961,
      82.9460220336914,
      34.68752670288086,
      72.7692642211914,
      31.355426788330078
    ],
    [
      40.97178649902344,
      28.36071014404297,
      52.166900634765625,
      47.558311462402344,
      39.82890701293945,
      34.06785583496094,
      38.85330581665039,
      29.74493980407715,
      30.460939407348633,
      29.181621551513672,
      44.809906005859375,
      30.326675415039062,
      37.07198715209961,
      29.45892333984375,
      37.03831481933594,
      27.174585342407227,
      30.553504943847656,
      24.590744018554688
    ],
    [
      78.83699035644531,
      35.40583038330078,
      84.65103149414062,
      57.330772399902344,
      64.60572814941406,
      41.089298248291016,
      66.56248474121094,
      35.87901306152344,
      85.79310607910156,
      36.28718566894531,
      67.32024383544922,
      37.2119026184082,
      82.9460220336914,
      37.03831481933594,
      79.45844268798828,
      36.84941482543945,
      71.7470474243164,
      34.622596740722656
    ],
    [
      37.54059982299805,
      26.56573486328125,
      46.16500473022461,
      42.98863983154297,
      33.049678802490234,
      29.17604637145996,
      34.08854293823242,
      25.786714553833008,
      29.096900939941406,
      27.226409912109375,
      40.00817108154297,
      26.84136199951172,
      34.68752670288086,
      27.174585342407227,
      36.84941482543945,
      28.296287536621094,
      34.058807373046875,
      27.240049362182617
    ],
    [
      68.1841812133789,
      29.181711196899414,
      70.02730560302734,
      45.5936393737793,
      52.034996032714844,
      31.97534942626953,
      55.57108688354492,
      27.805694580078125,
      78.39314270019531,
      30.69811248779297,
      54.09463119506836,
      28.99327850341797,
      72.7692642211914,
      30.553504943847656,
      71.7470474243164,
      34.058807373046875,
      71.64391326904297,
      35.12994384765625
    ],
    [
      34.58222961425781,
      24.722686767578125,
      41.8094367980957,
      39.407039642333984,
      28.014774322509766,
      25.412982940673828,
      30.120773315429688,
      22.731151580810547,
      27.38042640686035,
      25.038707733154297,
      34.845149993896484,
      23.175539016723633,
      31.355426788330078,
      24.590744018554688,
      34.622596740722656,
      27.240049362182617,
      35.12994384765625,
      28.253129959106445
    ]
  ],
  "covariance_short": [
    [
      119.93377685546875,
      33.75180435180664,
      118.63341522216797,
      61.78139114379883,
      88.34683990478516,
      54.52749252319336,
      77.00403594970703,
      40.05496597290039,
      71.45931243896484,
      31.422813415527344,
      69.24452209472656,
      33.03492736816406,
      64.9518051147461,
      27.835542678833008,
      53.668701171875,
      24.32019805908203,
      41.76496124267578,
      18.69426918029785
    ],
    [
      33.75180435180664,
      15.429047584533691,
      39.494544982910156,
      27.333099365234375,
      25.009490966796875,
      18.958494186401367,
      23.811609268188477,
      15.377671241760254,
      21.94049835205078,
      13.894268989562988,
      23.75835418701172,
      14.106322288513184,
      21.928722381591797,
      12.680201530456543,
      19.39904022216797,
      11.64339828491211,
      14.46108627319336,
      9.34965705871582
    ],
    [
      118.63341522216797,
      39.494544982910156,
      152.24969482421875,
      87.99551391601562,
      111.55744171142578,
      72.94757080078125,
      100.75498962402344,
      56.43529510498047,
      92.06632995605469,
      46.20326614379883,
      91.45950317382812,
      47.35617446899414,
      85.55706787109375,
      40.88602066040039,
      71.75222778320312,
      35.419559478759766,
      54.521392822265625,
      27.412302017211914
    ],
    [
      61.78139114379883,
      27.333099365234375,
      87.99551391601562,
      63.272281646728516,
      61.46443176269531,
      46.812747955322266,
      58.54660415649414,
      38.87870788574219,
      52.641578674316406,
      34.1689338684082,
      56.570289611816406,
      34.459632873535156,
      51.82318878173828,
      30.848302841186523,
      45.47010803222656,
      27.35996437072754,
      33.852134704589844,
      21.92290496826172
    ],
    [
      88.34683990478516,
      25.009490966796875,
      111.55744171142578,
      61.46443176269531,
      105.5667724609375,
      67.69770812988281,
      89.99793243408203,
      50.083255767822266,
      78.00199127197266,
      38.4271240234375,
      78.08478546142578,
      40.68925476074219,
      72.09812927246094,
      34.084564208984375,
      60.1117057800293,
      28.74869155883789,
      46.19044494628906,
      21.168973922729492
    ],
    [
      54.52749252319336,
      18.958494186401367,
      72.94757080078125,
      46.812747955322266,
      67.69770812988281,
      49.5556640625,
      58.18317794799805,
      37.09886169433594,
      48.192378997802734,
      30.005067825317383,
      52.600399017333984,
      31.475427627563477,
      46.50465393066406,
      26.791057586669922,
      39.8502197265625,
      23.063018798828125,
      29.655614852905273,
      17.244003295898438
    ],
    [
      77.00403594970703,
      23.811609268188477,
      100.75498962402344,
      58.54660415649414,
      89.99793243408203,
      58.18317794799805,
      83.71662139892578,
      47.026649475097656,
      75.81542205810547,
      37.47763442993164,
      74.15753936767578,
      39.11550521850586,
      69.95014953613281,
      33.31650161743164,
      58.86404800415039,
      28.462331771850586,
      45.602840423583984,
      21.28398895263672
    ],
    [
      40.05496597290039,
      15.377671241760254,
      56.43529510498047,
      38.87870788574219,
      50.083255767822266,
      37.09886169433594,
      47.026649475097656,
      31.58284568786621,
      40.45576477050781,
      25.994958877563477,
      43.28083419799805,
      26.96764373779297,
      38.795406341552734,
      23.277088165283203,
      33.77699279785156,
      20.11900520324707,
      25.57040023803711,
      15.234518051147461
    ],
    [
      71.45931243896484,
      21.94049835205078,
      92.06632995605469,
      52.641578674316406,
      78.00199127197266,
      48.192378997802734,
      75.81542205810547,
      40.45576477050781,
      79.5679931640625,
      35.190673828125,
      70.9693374633789,
      36.31608581542969,
      72.28651428222656,
      31.397457122802734,
      61.72304916381836,
      27.59992790222168,
      49.058677673339844,
      20.842031478881836
    ],
    [
      31.422813415527344,
      13.894268989562988,
      46.20326614379883,
      34.1689338684082,
      38.4271240234375,
      30.005067825317383,
      37.47763442993164,
      25.994958877563477,
      35.190673828125,
      24.355993270874023,
      37.361244201660156,
      24.67882537841797,
      34.560523986816406,
      21.742210388183594,
      31.040111541748047,
      19.56554412841797,
      23.52975082397461,
      15.03574275970459
    ],
    [
      69.24452209472656,
      23.75835418701172,
      91.45950317382812,
      56.570289611816406,
      78.08478546142578,
      52.600399017333984,
      74.15753936767578,
      43.28083419799805,
      70.9693374633789,
      37.361244201660156,
      72.12579345703125,
      39.65871047973633,
      68.17941284179688,
      34.46565628051758,
      57.86924743652344,
      30.120988845825195,
      43.8828239440918,
      22.499916076660156
    ],
    [
      33.03492736816406,
      14.106322288513184,
      47.35617446899414,
      34.459632873535156,
      40.68925476074219,
      31.475427627563477,
      39.11550521850586,
      26.96764373779297,
      36.31608581542969,
      24.67882537841797,
      39.65871047973633,
      26.55200958251953,
      36.972564697265625,
      23.31220817565918,
      33.26297378540039,
      20.727657318115234,
      25.067399978637695,
      15.531462669372559
    ],
    [
      64.9518051147461,
      21.928722381591797,
      85.55706787109375,
      51.82318878173828,
      72.09812927246094,
      46.50465393066406,
      69.95014953613281,
      38.795406341552734,
      72.28651428222656,
      34.560523986816406,
      68.17941284179688,
      36.972564697265625,
      71.13294982910156,
      33.588600158691406,
      62.332035064697266,
      30.132648468017578,
      49.51356506347656,
      23.22312355041504
    ],
    [
      27.835542678833008,
      12.680201530456543,
      40.88602066040039,
      30.848302841186523,
      34.084564208984375,
      26.791057586669922,
      33.31650161743164,
      23.277088165283203,
      31.397457122802734,
      21.742210388183594,
      34.46565628051758,
      23.31220817565918,
      33.588600158691406,
      21.855484008789062,
      31.2241268157959,
      19.984983444213867,
      24.58724021911621,
      15.864788055419922
    ],
    [
      53.668701171875,
      19.39904022216797,
      71.75222778320312,
      45.47010803222656,
      60.1117057800293,
      39.8502197265625,
      58.86404800415039,
      33.77699279785156,
      61.72304916381836,
      31.040111541748047,
      57.86924743652344,
      33.26297378540039,
      62.332035064697266,
      31.2241268157959,
      57.52759552001953,
      29.191110610961914,
      47.323524475097656,
      23.399822235107422
    ],
    [
      24.32019805908203,
      11.64339828491211,
      35.419559478759766,
      27.35996437072754,
      28.74869155883789,
      23.063018798828125,
      28.462331771850586,
      20.11900520324707,
      27.59992790222168,
      19.56554412841797,
      30.120988845825195,
      20.727657318115234,
      30.132648468017578,
      19.984983444213867,
      29.191110610961914,
      19.505226135253906,
      24.117795944213867,
      16.163116455078125
    ],
    [
      41.76496124267578,
      14.46108627319336,
      54.521392822265625,
      33.852134704589844,
      46.19044494628906,
      29.655614852905273,
      45.602840423583984,
      25.57040023803711,
      49.058677673339844,
      23.52975082397461,
      43.8828239440918,
      25.067399978637695,
      49.51356506347656,
      24.58724021911621,
      47.323524475097656,
      24.117795944213867,
      42.697513580322266,
      21.353633880615234
    ],
    [
      18.69426918029785,
      9.34965705871582,
      27.412302017211914,
      21.92290496826172,
      21.168973922729492,
      17.244003295898438,
      21.28398895263672,
      15.234518051147461,
      20.842031478881836,
      15.03574275970459,
      22.499916076660156,
      15.531462669372559,
      23.22312355041504,
      15.864788055419922,
      23.399822235107422,
      16.163116455078125,
      21.353633880615234,
      15.201278686523438
    ]
  ],
  "damage": -25.850719451904297,
  "diff_bandwidth": 352.2658386230469,
  "dissonance": 9.551304217631646,
  "drr": 5.52847957611084,
  "dynamics": 6.88203763961792,
  "format": 1245190,
  "frames": 4853760,
  "loudness": -37.05245590209961,
  "loudness_range": 19.30923843383789,
  "loudness_range_short": 37.67924880981445,
  "lowpass_true_peak_15khz": -0.5347077250480652,
  "mastering3_acoustic_entropies": [
    {
      "acoustic_entropy": 7.24403190612793,
      "acoustic_entropy_mono": 6.903637886047363,
      "band_eliminated_acoustic_entropies": [
        {
          "acoustic_entropy": 7.194793701171875,
          "acoustic_entropy_side": 7.244264602661133,
          "hz": 129.47220167065723
        },
        {
          "acoustic_entropy": 7.306107521057129,
          "acoustic_entropy_side": 7.285573959350586,
          "hz": 202.92927478742237
        },
        {
          "acoustic_entropy": 7.025211811065674,
          "acoustic_entropy_side": 7.217718601226807,
          "hz": 282.89161906338205
        },
        {
          "acoustic_entropy": 7.306942462921143,
          "acoustic_entropy_side": 7.199487686157227,
          "hz": 369.9353335868758
        },
        {
          "acoustic_entropy": 7.144121170043945,
          "acoustic_entropy_side": 7.194736003875732,
          "hz": 464.6875360973435
        },
        {
          "acoustic_entropy": 7.181045055389404,
          "acoustic_entropy_side": 7.204381465911865,
          "hz": 567.8308811364784
        },
        {
          "acoustic_entropy": 7.497463226318359,
          "acoustic_entropy_side": 7.257661819458008,
          "hz": 680.1084783214808
        },
        {
          "acoustic_entropy": 6.705831050872803,
          "acoustic_entropy_side": 7.260798931121826,
          "hz": 802.3292461747484
        },
        {
          "acoustic_entropy": 7.104625701904297,
          "acoustic_entropy_side": 7.223290920257568,
          "hz": 935.3737400823702
        },
        {
          "acoustic_entropy": 7.169809818267822,
          "acoustic_entropy_side": 7.219967842102051,
          "hz": 1080.2004963696966
        },
        {
          "acoustic_entropy": 7.170282363891602,
          "acoustic_entropy_side": 7.227202415466309,
          "hz": 1237.8529382007157
        },
        {
          "acoustic_entropy": 7.1908416748046875,
          "acoustic_entropy_side": 7.217942237854004,
          "hz": 1409.4668930556702
        },
        {
          "acoustic_entropy": 7.149538040161133,
          "acoustic_entropy_side": 7.209970474243164,
          "hz": 1596.2787759475705
        },
        {
          "acoustic_entropy": 7.137616157531738,
          "acoustic_entropy_side": 7.2035088539123535,
          "hz": 1799.6344973346393
        },
        {
          "acoustic_entropy": 7.232743740081787,
          "acoustic_entropy_side": 7.210470676422119,
          "hz": 2020.9991599069049
        },
        {
          "acoustic_entropy": 6.060342788696289,
          "acoustic_entropy_side": 7.210922718048096,
          "hz": 2261.9676141086993
        },
        {
          "acoustic_entropy": 7.247305393218994,
          "acoustic_entropy_side": 7.226173400878906,
          "hz": 2524.2759484456974
        },
        {
          "acoustic_entropy": 7.295694351196289,
          "acoustic_entropy_side": 7.22692346572876,
          "hz": 2809.813997359896
        },
        {
          "acoustic_entropy": 7.3330607414245605,
          "acoustic_entropy_side": 7.226892471313477,
          "hz": 3120.6389567871424
        },
        {
          "acoustic_entropy": 7.289470195770264,
          "acoustic_entropy_side": 7.226139545440674,
          "hz": 3458.990205492291
        },
        {
          "acoustic_entropy": 7.254843711853027,
          "acoustic_entropy_side": 7.2251081466674805,
          "hz": 3827.305438964164
        },
        {
          "acoustic_entropy": 7.217726707458496,
          "acoustic_entropy_side": 7.214169025421143,
          "hz": 4228.238232109126
        },
        {
          "acoustic_entropy": 7.236023902893066,
          "acoustic_entropy_side": 7.203676700592041,
          "hz": 4664.6771572759235
        },
        {
          "acoustic_entropy": 7.2253546714782715,
          "acoustic_entropy_side": 7.219728469848633,
          "hz": 5139.766595350093
        },
        {
          "acoustic_entropy": 7.205045700073242,
          "acoustic_entropy_side": 7.23367977142334,
          "hz": 5656.929389854203
        },
        {
          "acoustic_entropy": 7.252919673919678,
          "acoustic_entropy_side": 7.23587703704834,
          "hz": 6219.891507268283
        },
        {
          "acoustic_entropy": 7.297414779663086,
          "acoustic_entropy_side": 7.240458011627197,
          "hz": 6832.70888123896
        },
        {
          "acoustic_entropy": 7.128410339355469,
          "acoustic_entropy_side": 7.239795207977295,
          "hz": 7499.796634079867
        },
        {
          "acoustic_entropy": 7.1691460609436035,
          "acoustic_entropy_side": 7.22891902923584,
          "hz": 8225.96088609342
        },
        {
          "acoustic_entropy": 7.192281246185303,
          "acoustic_entropy_side": 7.241506099700928,
          "hz": 9016.43338188839
        },
        {
          "acoustic_entropy": 7.169462203979492,
          "acoustic_entropy_side": 7.237391471862793,
          "hz": 9876.909183162974
        },
        {
          "acoustic_entropy": 7.280179023742676,
          "acoustic_entropy_side": 7.235061168670654,
          "hz": 10813.587699516042
        },
        {
          "acoustic_entropy": 7.188661575317383,
          "acoustic_entropy_side": 7.237336158752441,
          "hz": 11833.21735289826
        },
        {
          "acoustic_entropy": 7.176414489746094,
          "acoustic_entropy_side": 7.235805034637451,
          "hz": 12943.144197493959
        },
        {
          "acoustic_entropy": 7.195450782775879,
          "acoustic_entropy_side": 7.235628604888916,
          "hz": 14151.364845322005
        },
        {
          "acoustic_entropy": 7.2221879959106445,
          "acoustic_entropy_side": 7.223626613616943,
          "hz": 15466.58407886509
        },
        {
          "acoustic_entropy": 7.11217737197876,
          "acoustic_entropy_side": 7.223085403442383,
          "hz": 16898.27756580493
        },
        {
          "acoustic_entropy": 7.1414408683776855,
          "acoustic_entropy_side": 7.223170757293701,
          "hz": 18456.760127700032
        },
        {
          "acoustic_entropy": 7.149099349975586,
          "acoustic_entropy_side": 7.220263481140137,
          "hz": 20153.260054456492
        },
        {
          "acoustic_entropy": 7.173905372619629,
          "acoustic_entropy_side": 7.233756065368652,
          "hz": 22000.00000000001
        }
      ],
      "diff_acoustic_entropy": 8.163045883178711,
      "sn": 6
    },
    {
      "acoustic_entropy": 10.078817367553711,
      "acoustic_entropy_mono": 9.283004760742188,
      "band_eliminated_acoustic_entropies": [
        {
          "acoustic_entropy": 9.918245315551758,
          "acoustic_entropy_side": 10.079300880432129,
          "hz": 129.47220167065723
        },
        {
          "acoustic_entropy": 9.995685577392578,
          "acoustic_entropy_side": 10.176613807678223,
          "hz": 202.92927478742237
        },
        {
          "acoustic_entropy": 10.107728958129883,
          "acoustic_entropy_side": 10.193254470825195,
          "hz": 282.89161906338205
        },
        {
          "acoustic_entropy": 10.269697189331055,
          "acoustic_entropy_side": 10.12887191772461,
          "hz": 369.9353335868758
        },
        {
          "acoustic_entropy": 10.088186264038086,
          "acoustic_entropy_side": 10.062507629394531,
          "hz": 464.6875360973435
        },
        {
          "acoustic_entropy": 10.044693946838379,
          "acoustic_entropy_side": 10.069454193115234,
          "hz": 567.8308811364784
        },
        {
          "acoustic_entropy": 10.288528442382812,
          "acoustic_entropy_side": 10.115455627441406,
          "hz": 680.1084783214808
        },
        {
          "acoustic_entropy": 9.9087553024292,
          "acoustic_entropy_side": 10.112640380859375,
          "hz": 802.3292461747484
        },
        {
          "acoustic_entropy": 10.059925079345703,
          "acoustic_entropy_side": 10.087024688720703,
          "hz": 935.3737400823702
        },
        {
          "acoustic_entropy": 10.003957748413086,
          "acoustic_entropy_side": 10.080409049987793,
          "hz": 1080.2004963696966
        },
        {
          "acoustic_entropy": 10.041598320007324,
          "acoustic_entropy_side": 10.071610450744629,
          "hz": 1237.8529382007157
        },
        {
          "acoustic_entropy": 10.000694274902344,
          "acoustic_entropy_side": 10.063630104064941,
          "hz": 1409.4668930556702
        },
        {
          "acoustic_entropy": 9.934033393859863,
          "acoustic_entropy_side": 10.059371948242188,
          "hz": 1596.2787759475705
        },
        {
          "acoustic_entropy": 9.981038093566895,
          "acoustic_entropy_side": 10.038498878479004,
          "hz": 1799.6344973346393
        },
        {
          "acoustic_entropy": 9.961058616638184,
          "acoustic_entropy_side": 10.051278114318848,
          "hz": 2020.9991599069049
        },
        {
          "acoustic_entropy": 9.214910507202148,
          "acoustic_entropy_side": 10.056644439697266,
          "hz": 2261.9676141086993
        },
        {
          "acoustic_entropy": 9.995978355407715,
          "acoustic_entropy_side": 10.067254066467285,
          "hz": 2524.2759484456974
        },
        {
          "acoustic_entropy": 10.130349159240723,
          "acoustic_entropy_side": 10.12610149383545,
          "hz": 2809.813997359896
        },
        {
          "acoustic_entropy": 10.181711196899414,
          "acoustic_entropy_side": 10.112646102905273,
          "hz": 3120.6389567871424
        },
        {
          "acoustic_entropy": 10.079395294189453,
          "acoustic_entropy_side": 10.060900688171387,
          "hz": 3458.990205492291
        },
        {
          "acoustic_entropy": 10.121837615966797,
          "acoustic_entropy_side": 10.065384864807129,
          "hz": 3827.305438964164
        },
        {
          "acoustic_entropy": 10.205245971679688,
          "acoustic_entropy_side": 10.079510688781738,
          "hz": 4228.238232109126
        },
        {
          "acoustic_entropy": 10.062089920043945,
          "acoustic_entropy_side": 10.073345184326172,
          "hz": 4664.6771572759235
        },
        {
          "acoustic_entropy": 10.093522071838379,
          "acoustic_entropy_side": 10.072612762451172,
          "hz": 5139.766595350093
        },
        {
          "acoustic_entropy": 10.109077453613281,
          "acoustic_entropy_side": 10.082929611206055,
          "hz": 5656.929389854203
        },
        {
          "acoustic_entropy": 10.02588939666748,
          "acoustic_entropy_side": 10.078588485717773,
          "hz": 6219.891507268283
        },
        {
          "acoustic_entropy": 10.053685188293457,
          "acoustic_entropy_side": 10.072999000549316,
          "hz": 6832.70888123896
        },
        {
          "acoustic_entropy": 9.9373140335083,
          "acoustic_entropy_side": 10.075092315673828,
          "hz": 7499.796634079867
        },
        {
          "acoustic_entropy": 9.996233940124512,
          "acoustic_entropy_side": 10.073781967163086,
          "hz": 8225.96088609342
        },
        {
          "acoustic_entropy": 10.00599479675293,
          "acoustic_entropy_side": 10.07291030883789,
          "hz": 9016.43338188839
        },
        {
          "acoustic_entropy": 9.947243690490723,
          "acoustic_entropy_side": 10.051310539245605,
          "hz": 9876.909183162974
        },
        {
          "acoustic_entropy": 10.10753059387207,
          "acoustic_entropy_side": 10.041930198669434,
          "hz": 10813.587699516042
        },
        {
          "acoustic_entropy": 10.007351875305176,
          "acoustic_entropy_side": 10.04698657989502,
          "hz": 11833.21735289826
        },
        {
          "acoustic_entropy": 10.007847785949707,
          "acoustic_entropy_side": 10.049796104431152,
          "hz": 12943.144197493959
        },
        {
          "acoustic_entropy": 10.060657501220703,
          "acoustic_entropy_side": 10.051742553710938,
          "hz": 14151.364845322005
        },
        {
          "acoustic_entropy": 10.075926780700684,
          "acoustic_entropy_side": 10.024518966674805,
          "hz": 15466.58407886509
        },
        {
          "acoustic_entropy": 9.928780555725098,
          "acoustic_entropy_side": 10.020312309265137,
          "hz": 16898.27756580493
        },
        {
          "acoustic_entropy": 9.96145248413086,
          "acoustic_entropy_side": 10.011198997497559,
          "hz": 18456.760127700032
        },
        {
          "acoustic_entropy": 9.949365615844727,
          "acoustic_entropy_side": 9.999663352966309,
          "hz": 20153.260054456492
        },
        {
          "acoustic_entropy": 9.90822696685791,
          "acoustic_entropy_side": 10.037686347961426,
          "hz": 22000.00000000001
        }
      ],
      "diff_acoustic_entropy": 10.7018461227417,
      "sn": 12
    },
    {
      "acoustic_entropy": 13.844779014587402,
      "acoustic_entropy_mono": 13.373281478881836,
      "band_eliminated_acoustic_entropies": [
        {
          "acoustic_entropy": 13.391648292541504,
          "acoustic_entropy_side": 13.846957206726074,
          "hz": 129.47220167065723
        },
        {
          "acoustic_entropy": 14.389280319213867,
          "acoustic_entropy_side": 13.892977714538574,
          "hz": 202.92927478742237
        },
        {
          "acoustic_entropy": 14.100769996643066,
          "acoustic_entropy_side": 13.965620994567871,
          "hz": 282.89161906338205
        },
        {
          "acoustic_entropy": 14.047021865844727,
          "acoustic_entropy_side": 13.92507266998291,
          "hz": 369.9353335868758
        },
        {
          "acoustic_entropy": 13.840736389160156,
          "acoustic_entropy_side": 13.847318649291992,
          "hz": 464.6875360973435
        },
        {
          "acoustic_entropy": 13.875347137451172,
          "acoustic_entropy_side": 13.784344673156738,
          "hz": 567.8308811364784
        },
        {
          "acoustic_entropy": 13.68702220916748,
          "acoustic_entropy_side": 13.806303024291992,
          "hz": 680.1084783214808
        },
        {
          "acoustic_entropy": 13.588629722595215,
          "acoustic_entropy_side": 13.787538528442383,
          "hz": 802.3292461747484
        },
        {
          "acoustic_entropy": 13.640698432922363,
          "acoustic_entropy_side": 13.793558120727539,
          "hz": 935.3737400823702
        },
        {
          "acoustic_entropy": 13.845588684082031,
          "acoustic_entropy_side": 13.876579284667969,
          "hz": 1080.2004963696966
        },
        {
          "acoustic_entropy": 13.765177726745605,
          "acoustic_entropy_side": 13.92622184753418,
          "hz": 1237.8529382007157
        },
        {
          "acoustic_entropy": 13.746994018554688,
          "acoustic_entropy_side": 13.88344669342041,
          "hz": 1409.4668930556702
        },
        {
          "acoustic_entropy": 13.741320610046387,
          "acoustic_entropy_side": 13.83752155303955,
          "hz": 1596.2787759475705
        },
        {
          "acoustic_entropy": 13.70497989654541,
          "acoustic_entropy_side": 13.823390007019043,
          "hz": 1799.6344973346393
        },
        {
          "acoustic_entropy": 13.814685821533203,
          "acoustic_entropy_side": 13.860523223876953,
          "hz": 2020.9991599069049
        },
        {
          "acoustic_entropy": 13.55803394317627,
          "acoustic_entropy_side": 13.831518173217773,
          "hz": 2261.9676141086993
        },
        {
          "acoustic_entropy": 13.825864791870117,
          "acoustic_entropy_side": 13.829782485961914,
          "hz": 2524.2759484456974
        },
        {
          "acoustic_entropy": 13.872905731201172,
          "acoustic_entropy_side": 13.94378662109375,
          "hz": 2809.813997359896
        },
        {
          "acoustic_entropy": 13.883898735046387,
          "acoustic_entropy_side": 13.861262321472168,
          "hz": 3120.6389567871424
        },
        {
          "acoustic_entropy": 13.754592895507812,
