{
  "acoustic_entropy": 227.20571899414062,
  "bands": [
    {
      "high_freq": 148.1999969482422,
      "loudness": -28.527982711791992,
      "loudness_range": 18.178701400756836,
      "mid_mean": -26.354583740234375,
      "mid_to_side_loudness": -5.299834251403809,
      "mid_to_side_loudness_range": 12.641311645507812,
      "side_mean": -31.743816375732422
    },
    {
      "high_freq": 392.3793640136719,
      "loudness": -27.027700424194336,
      "loudness_range": 15.64089584350586,
      "low_freq": 148.1999969482422,
      "mid_mean": -24.98142433166504,
      "mid_to_side_loudness": -4.430487632751465,
      "mid_to_side_loudness_range": 10.195258140563965,
      "side_mean": -29.4422664642334
    },
    {
      "high_freq": 794.6976318359375,
      "loudness": -26.310884475708008,
      "loudness_range": 15.396949768066406,
      "low_freq": 392.3793640136719,
      "mid_mean": -24.391489028930664,
      "mid_to_side_loudness": -3.8934686183929443,
      "mid_to_side_loudness_range": 9.27819538116455,
      "side_mean": -28.268465042114258
    },
    {
      "high_freq": 1457.5709228515625,
      "loudness": -31.126792907714844,
      "loudness_range": 22.6597900390625,
      "low_freq": 794.6976318359375,
      "mid_mean": -29.645235061645508,
      "mid_to_side_loudness": -3.2209553718566895,
      "mid_to_side_loudness_range": 9.116371154785156,
      "side_mean": -32.48996353149414
    },
    {
      "high_freq": 2549.74365234375,
      "loudness": -33.787384033203125,
      "loudness_range": 23.05644989013672,
      "low_freq": 1457.5709228515625,
      "mid_mean": -32.313724517822266,
      "mid_to_side_loudness": -2.7608249187469482,
      "mid_to_side_loudness_range": 5.310131549835205,
      "side_mean": -34.80791091918945
    },
    {
      "high_freq": 4349.24462890625,
      "loudness": -37.41974639892578,
      "loudness_range": 21.222105026245117,
      "low_freq": 2549.74365234375,
      "mid_mean": -35.479557037353516,
      "mid_to_side_loudness": -3.4830188751220703,
      "mid_to_side_loudness_range": 5.124629974365234,
      "side_mean": -39.130767822265625
    },
    {
      "high_freq": 7314.1640625,
      "loudness": -45.7714958190918,
      "loudness_range": 21.939640045166016,
      "low_freq": 4349.24462890625,
      "mid_mean": -44.09423065185547,
      "mid_to_side_loudness": -2.746100902557373,
      "mid_to_side_loudness_range": 4.425020217895508,
      "side_mean": -47.07762145996094
    },
    {
      "high_freq": 12199.2666015625,
      "loudness": -50.743263244628906,
      "loudness_range": 28.206153869628906,
      "low_freq": 7314.1640625,
      "mid_mean": -50.113338470458984,
      "mid_to_side_loudness": -1.8125948905944824,
      "mid_to_side_loudness_range": 3.5841071605682373,
      "side_mean": -51.765472412109375
    },
    {
      "loudness": -56.73356628417969,
      "loudness_range": 32.13451385498047,
      "low_freq": 12199.2666015625,
      "mid_mean": -55.66239547729492,
      "mid_to_side_loudness": -0.625855565071106,
      "mid_to_side_loudness_range": 5.079176425933838,
      "side_mean": -56.12074279785156
    }
  ],
  "bands_short": [
    {
      "high_freq": 148.1999969482422,
      "loudness": -31.644569396972656,
      "loudness_range": 23.333297729492188,
      "mid_mean": -29.692955017089844,
      "mid_to_side_loudness": -5.594202518463135,
      "mid_to_side_loudness_range": 17.592029571533203,
      "side_mean": -35.43818283081055
    },
    {
      "high_freq": 392.3793640136719,
      "loudness": -26.23973274230957,
      "loudness_range": 15.535017013549805,
      "low_freq": 148.1999969482422,
      "mid_mean": -24.2440242767334,
      "mid_to_side_loudness": -4.4765400886535645,
      "mid_to_side_loudness_range": 12.02440357208252,
      "side_mean": -28.836496353149414
    },
    {
      "high_freq": 794.6976318359375,
      "loudness": -26.795743942260742,
      "loudness_range": 16.05927276611328,
      "low_freq": 392.3793640136719,
      "mid_mean": -25.06870460510254,
      "mid_to_side_loudness": -3.726705312728882,
      "mid_to_side_loudness_range": 12.255430221557617,
      "side_mean": -28.81062889099121
    },
    {
      "high_freq": 1457.5709228515625,
      "loudness": -30.3564510345459,
      "loudness_range": 22.663034439086914,
      "low_freq": 794.6976318359375,
      "mid_mean": -28.934967041015625,
      "mid_to_side_loudness": -3.3725485801696777,
      "mid_to_side_loudness_range": 11.485575675964355,
      "side_mean": -31.960750579833984
    },
    {
      "high_freq": 2549.74365234375,
      "loudness": -33.921669006347656,
      "loudness_range": 23.172019958496094,
      "low_freq": 1457.5709228515625,
      "mid_mean": -32.55343246459961,
      "mid_to_side_loudness": -2.5792043209075928,
      "mid_to_side_loudness_range": 7.946780681610107,
      "side_mean": -35.02275466918945
    },
    {
      "high_freq": 4349.24462890625,
      "loudness": -37.695289611816406,
      "loudness_range": 21.638015747070312,
      "low_freq": 2549.74365234375,
      "mid_mean": -35.8892936706543,
      "mid_to_side_loudness": -3.248236894607544,
      "mid_to_side_loudness_range": 7.0676493644714355,
      "side_mean": -39.3851432800293
    },
    {
      "high_freq": 7314.1640625,
      "loudness": -46.14445114135742,
      "loudness_range": 23.402362823486328,
      "low_freq": 4349.24462890625,
      "mid_mean": -44.669132232666016,
      "mid_to_side_loudness": -2.5738110542297363,
      "mid_to_side_loudness_range": 5.794926643371582,
      "side_mean": -47.6522102355957
    },
    {
      "high_freq": 12199.2666015625,
      "loudness": -52.40751266479492,
      "loudness_range": 29.75698471069336,
      "low_freq": 7314.1640625,
      "mid_mean": -51.5290412902832,
      "mid_to_side_loudness": -1.7202306985855103,
      "mid_to_side_loudness_range": 4.666810989379883,
      "side_mean": -53.0938835144043
    },
    {
      "loudness": -58.65671920776367,
      "loudness_range": 32.511924743652344,
      "low_freq": 12199.2666015625,
      "mid_mean": -57.294464111328125,
      "mid_to_side_loudness": -0.6513878107070923,
      "mid_to_side_loudness_range": 5.19813346862793,
      "side_mean": -57.79700469970703
    }
  ],
  "bandwidth": 537.4878540039062,
  "channels": 2,
  "covariance": [
    [
      50.25859832763672,
      37.225040435791016,
      10.769004821777344,
      9.494287490844727,
      13.282230377197266,
      18.721166610717773,
      19.121509552001953,
      20.519546508789062,
      19.79770278930664,
      19.562631607055664,
      20.58588981628418,
      22.6235294342041,
      20.963747024536133,
      22.870363235473633,
      18.140016555786133,
      16.48952865600586,
      12.681281089782715,
      10.539080619812012
    ],
    [
      37.225040435791016,
      43.87578582763672,
      12.146066665649414,
      14.429701805114746,
      15.986749649047852,
      22.624984741210938,
      22.731935501098633,
      26.11318588256836,
      26.28685760498047,
      26.26835060119629,
      22.77912139892578,
      25.967924118041992,
      22.59115219116211,
      25.082443237304688,
      17.16241455078125,
      15.691018104553223,
      10.880374908447266,
      8.689986228942871
    ],
    [
      10.769004821777344,
      12.146066665649414,
      35.11212921142578,
      27.386856079101562,
      13.894979476928711,
      15.98010540008545,
      15.15852165222168,
      15.661258697509766,
      11.914904594421387,
      11.1871919631958,
      14.490667343139648,
      15.14377498626709,
      19.057836532592773,
      19.87868309020996,
      25.250408172607422,
      24.52271270751953,
      19.920093536376953,
      19.942337036132812
    ],
    [
      9.494287490844727,
      14.429701805114746,
      27.386856079101562,
      34.235713958740234,
      17.506744384765625,
      22.148151397705078,
      20.26519012451172,
      21.731279373168945,
      19.399398803710938,
      20.033836364746094,
      17.029918670654297,
      19.33253288269043,
      19.839401245117188,
      21.482769012451172,
      19.686723709106445,
      19.01336669921875,
      15.284621238708496,
      14.68235969543457
    ],
    [
      13.282230377197266,
      15.986749649047852,
      13.894979476928711,
      17.506744384765625,
      32.29353713989258,
      30.94384002685547,
      34.27217483520508,
      34.11677169799805,
      30.197683334350586,
      28.561098098754883,
      29.370689392089844,
      30.24493408203125,
      29.835468292236328,
      31.229263305664062,
      27.65321922302246,
      26.307863235473633,
      24.924678802490234,
      22.50151824951172
    ],
    [
      18.721166610717773,
      22.624984741210938,
      15.98010540008545,
      22.148151397705078,
      30.94384002685547,
      43.52161407470703,
      40.776241302490234,
      43.59553146362305,
      42.534297943115234,
      41.52698516845703,
      35.028594970703125,
      38.91548156738281,
      34.33076095581055,
      36.45048904418945,
      26.554950714111328,
      24.681062698364258,
      22.960386276245117,
      19.09150505065918
    ],
    [
      19.121509552001953,
      22.731935501098633,
      15.15852165222168,
      20.26519012451172,
      34.27217483520508,
      40.776241302490234,
      64.82745361328125,
      60.84138870239258,
      51.29677200317383,
      50.5312614440918,
      46.09798049926758,
      48.8212776184082,
      44.23810958862305,
      46.397674560546875,
      38.68424606323242,
      36.42668151855469,
      37.084205627441406,
      32.0749626159668
    ],
    [
      20.519546508789062,
      26.11318588256836,
      15.661258697509766,
      21.731279373168945,
      34.11677169799805,
      43.59553146362305,
      60.84138870239258,
      74.09403228759766,
      56.12082290649414,
      56.734127044677734,
      45.64887237548828,
      51.016754150390625,
      43.697998046875,
      45.78535079956055,
      34.52229690551758,
      32.00873565673828,
      32.946250915527344,
      27.33945083618164
    ],
    [
      19.79770278930664,
      26.28685760498047,
      11.914904594421387,
      19.399398803710938,
      30.197683334350586,
      42.534297943115234,
      51.29677200317383,
      56.12082290649414,
      69.36404418945312,
      64.26776885986328,
      49.87051773071289,
      53.867252349853516,
      42.992549896240234,
      43.30126190185547,
      26.247135162353516,
      23.243492126464844,
      22.673542022705078,
      16.571317672729492
    ],
    [
      19.562631607055664,
      26.26835060119629,
      11.1871919631958,
      20.033836364746094,
      28.561098098754883,
      41.52698516845703,
      50.5312614440918,
      56.734127044677734,
      64.26776885986328,
      70.34233093261719,
      45.68557357788086,
      51.4107666015625,
      40.32579040527344,
      41.85734939575195,
      23.14354133605957,
      20.55950927734375,
      20.4991397857666,
      14.526026725769043
    ],
    [
      20.58588981628418,
      22.77912139892578,
      14.490667343139648,
      17.029918670654297,
      29.370689392089844,
      35.028594970703125,
      46.09798049926758,
      45.64887237548828,
      49.87051773071289,
      45.68557357788086,
      55.377689361572266,
      52.49773406982422,
      49.01390838623047,
      47.99421310424805,
      38.389339447021484,
      35.471893310546875,
      32.90333557128906,
      28.313919067382812
    ],
    [
      22.6235294342041,
      25.967924118041992,
      15.14377498626709,
      19.33253288269043,
      30.24493408203125,
      38.91548156738281,
      48.8212776184082,
      51.016754150390625,
      53.867252349853516,
      51.4107666015625,
      52.49773406982422,
      58.72359848022461,
      50.00642776489258,
      49.795616149902344,
      36.56215286254883,
      33.66312789916992,
      30.790895462036133,
      25.636375427246094
    ],
    [
      20.963747024536133,
      22.59115219116211,
      19.057836532592773,
      19.839401245117188,
      29.835468292236328,
      34.33076095581055,
      44.23810958862305,
      43.697998046875,
      42.992549896240234,
      40.32579040527344,
      49.01390838623047,
      50.00642776489258,
      61.46992874145508,
      58.732051849365234,
      54.51956558227539,
      51.65275192260742,
      46.81597137451172,
      43.00120162963867
    ],
    [
      22.870363235473633,
      25.082443237304688,
      19.87868309020996,
      21.482769012451172,
      31.229263305664062,
      36.45048904418945,
      46.397674560546875,
      45.78535079956055,
      43.30126190185547,
      41.85734939575195,
      47.99421310424805,
      49.795616149902344,
      58.732051849365234,
      61.7548942565918,
      55.2467155456543,
      52.46219253540039,
      46.37821578979492,
      42.521827697753906
    ],
    [
      18.140016555786133,
      17.16241455078125,
      25.250408172607422,
      19.686723709106445,
      27.65321922302246,
      26.554950714111328,
      38.68424606323242,
      34.52229690551758,
      26.247135162353516,
      23.14354133605957,
      38.389339447021484,
      36.56215286254883,
      54.51956558227539,
      55.2467155456543,
      98.48092651367188,
      95.69149780273438,
      90.01465606689453,
      88.86023712158203
    ],
    [
      16.48952865600586,
      15.691018104553223,
      24.52271270751953,
      19.01336669921875,
      26.307863235473633,
      24.681062698364258,
      36.42668151855469,
      32.00873565673828,
      23.243492126464844,
      20.55950927734375,
      35.471893310546875,
      33.66312789916992,
      51.65275192260742,
      52.46219253540039,
      95.69149780273438,
      94.44799041748047,
      88.94470977783203,
      88.51094055175781
    ],
    [
      12.681281089782715,
      10.880374908447266,
      19.920093536376953,
      15.284621238708496,
      24.924678802490234,
      22.960386276245117,
      37.084205627441406,
      32.946250915527344,
      22.673542022705078,
      20.4991397857666,
      32.90333557128906,
      30.790895462036133,
      46.81597137451172,
      46.37821578979492,
      90.01465606689453,
      88.94470977783203,
      95.22569274902344,
      93.96936798095703
    ],
    [
      10.539080619812012,
      8.689986228942871,
      19.942337036132812,
      14.68235969543457,
      22.50151824951172,
      19.09150505065918,
      32.0749626159668,
      27.33945083618164,
      16.571317672729492,
      14.526026725769043,
      28.313919067382812,
      25.636375427246094,
      43.00120162963867,
      42.521827697753906,
      88.86023712158203,
      88.51094055175781,
      93.96936798095703,
      94.98085021972656
    ]
  ],
  "covariance_short": [
    [
      73.37385559082031,
      50.2171516418457,
      20.75788688659668,
      15.363885879516602,
      13.858747482299805,
      19.02471351623535,
      18.68374252319336,
      20.247608184814453,
      22.02446746826172,
      21.810672760009766,
      24.53844451904297,
      25.856796264648438,
      28.217342376708984,
      30.004867553710938,
      23.69428062438965,
      20.84996223449707,
      13.79498291015625,
      11.248510360717773
    ],
    [
      50.2171516418457,
      66.97447967529297,
      17.758527755737305,
      19.346174240112305,
      16.161373138427734,
      21.75251007080078,
      21.21727180480957,
      24.513046264648438,
      25.73963737487793,
      25.61777687072754,
      24.46869468688965,
      26.379009246826172,
      28.138473510742188,
      30.91228485107422,
      22.380470275878906,
      19.974340438842773,
      13.244525909423828,
      10.801653861999512
    ],
    [
      20.75788688659668,
      17.758527755737305,
      36.25005340576172,
      25.407503128051758,
      15.165157318115234,
      16.415529251098633,
      13.245135307312012,
      13.960091590881348,
      11.623727798461914,
      11.518836975097656,
      14.612885475158691,
      14.901041984558105,
      17.418882369995117,
      19.535184860229492,
      20.089466094970703,
      19.490724563598633,
      14.179251670837402,
      13.598000526428223
    ],
    [
      15.363885879516602,
      19.346174240112305,
      25.407503128051758,
      34.94099807739258,
      17.70694923400879,
      21.368221282958984,
      18.245935440063477,
      19.537246704101562,
      17.893951416015625,
      18.57779312133789,
      17.375818252563477,
      19.054521560668945,
      19.743324279785156,
      22.609867095947266,
      19.030475616455078,
      18.45464324951172,
      13.400672912597656,
      12.330916404724121
    ],
    [
      13.858747482299805,
      16.161373138427734,
      15.165157318115234,
      17.70694923400879,
      36.651519775390625,
      30.349882125854492,
      32.561317443847656,
      32.29998016357422,
      29.413928985595703,
      28.386165618896484,
      29.939311981201172,
      30.459531784057617,
      30.779926300048828,
      32.729774475097656,
      29.737842559814453,
      27.790874481201172,
      25.28314208984375,
      22.506839752197266
    ],
    [
      19.02471351623535,
      21.75251007080078,
      16.415529251098633,
      21.368221282958984,
      30.349882125854492,
      46.017452239990234,
      37.49327087402344,
      40.84596252441406,
      40.43522644042969,
      40.2297248840332,
      35.00223922729492,
      38.3003044128418,
      35.96697235107422,
      38.17995834350586,
      29.457040786743164,
      27.059900283813477,
      24.94590950012207,
      20.809865951538086
    ],
    [
      18.68374252319336,
      21.21727180480957,
      13.245135307312012,
      18.245935440063477,
      32.561317443847656,
      37.49327087402344,
      66.5089111328125,
      58.129581451416016,
      48.546531677246094,
      48.000972747802734,
      44.79170227050781,
      46.700531005859375,
      47.14716339111328,
      49.210693359375,
      43.90129470825195,
      41.20561599731445,
      40.04273986816406,
      34.994388580322266
    ],
    [
      20.247608184814453,
      24.513046264648438,
      13.960091590881348,
      19.537246704101562,
      32.29998016357422,
      40.84596252441406,
      58.129581451416016,
      74.51227569580078,
      53.87851333618164,
      54.48181915283203,
      46.526512145996094,
      50.7411003112793,
      46.9891471862793,
      48.1468505859375,
      39.51057052612305,
      36.71397018432617,
      36.95357894897461,
      31.256568908691406
    ],
    [
      22.02446746826172,
      25.73963737487793,
      11.623727798461914,
      17.893951416015625,
      29.413928985595703,
      40.43522644042969,
      48.546531677246094,
      53.87851333618164,
      72.17826843261719,
      63.94380569458008,
      51.67400360107422,
      53.913856506347656,
      46.64655685424805,
      45.948081970214844,
      31.754478454589844,
      28.202190399169922,
      28.305631637573242,
      21.875892639160156
    ],
    [
      21.810672760009766,
      25.61777687072754,
      11.518836975097656,
      18.57779312133789,
      28.386165618896484,
      40.2297248840332,
      48.000972747802734,
      54.48181915283203,
      63.94380569458008,
      72.33525848388672,
      48.624298095703125,
      52.06520080566406,
      44.90188217163086,
      45.03710174560547,
      29.41653823852539,
      26.296131134033203,
      26.470563888549805,
      20.29191780090332
    ],
    [
      24.53844451904297,
      24.46869468688965,
      14.612885475158691,
      17.375818252563477,
      29.939311981201172,
      35.00223922729492,
      44.79170227050781,
      46.526512145996094,
      51.67400360107422,
      48.624298095703125,
      60.573524475097656,
      55.60478591918945,
      53.656551361083984,
      51.85458755493164,
      44.40706253051758,
      40.65623092651367,
      37.130733489990234,
      32.072383880615234
    ],
    [
      25.856796264648438,
      26.379009246826172,
      14.901041984558105,
      19.054521560668945,
      30.459531784057617,
      38.3003044128418,
      46.700531005859375,
      50.7411003112793,
      53.913856506347656,
      52.06520080566406,
      55.60478591918945,
      62.51292037963867,
      53.68307876586914,
      53.075740814208984,
      42.435523986816406,
      38.870967864990234,
      35.6557731628418,
      30.065805435180664
    ],
    [
      28.217342376708984,
      28.138473510742188,
      17.418882369995117,
      19.743324279785156,
      30.779926300048828,
      35.96697235107422,
      47.14716339111328,
      46.9891471862793,
      46.64655685424805,
      44.90188217163086,
      53.656551361083984,
      53.68307876586914,
      69.67005920410156,
      64.83882141113281,
      61.09657669067383,
      57.1982307434082,
      50.5673713684082,
      46.00753402709961
    ],
    [
      30.004867553710938,
      30.91228485107422,
      19.535184860229492,
      22.609867095947266,
      32.729774475097656,
      38.17995834350586,
      49.210693359375,
      48.1468505859375,
      45.948081970214844,
      45.03710174560547,
      51.85458755493164,
      53.075740814208984,
      64.83882141113281,
      70.04314422607422,
      62.81884765625,
      59.00901794433594,
      50.52138137817383,
      45.83724594116211
    ],
    [
      23.69428062438965,
      22.380470275878906,
      20.089466094970703,
      19.030475616455078,
      29.737842559814453,
      29.457040786743164,
      43.90129470825195,
      39.51057052612305,
      31.754478454589844,
      29.41653823852539,
      44.40706253051758,
      42.435523986816406,
      61.09657669067383,
      62.81884765625,
      101.93798828125,
      97.86905670166016,
      89.85098266601562,
      87.5155258178711
    ],
    [
      20.84996223449707,
      19.974340438842773,
      19.490724563598633,
      18.45464324951172,
      27.790874481201172,
      27.059900283813477,
      41.20561599731445,
      36.71397018432617,
      28.202190399169922,
      26.296131134033203,
      40.65623092651367,
      38.870967864990234,
      57.1982307434082,
      59.00901794433594,
      97.86905670166016,
      96.30221557617188,
      88.09532165527344,
      86.54778289794922
    ],
    [
      13.79498291015625,
      13.244525909423828,
      14.179251670837402,
      13.400672912597656,
      25.28314208984375,
      24.94590950012207,
      40.04273986816406,
      36.95357894897461,
      28.305631637573242,
      26.470563888549805,
      37.130733489990234,
      35.6557731628418,
      50.5673713684082,
      50.52138137817383,
      89.85098266601562,
      88.09532165527344,
      94.75021362304688,
      92.05142211914062
    ],
    [
      11.248510360717773,
      10.801653861999512,
      13.598000526428223,
      12.330916404724121,
      22.506839752197266,
      20.809865951538086,
      34.994388580322266,
      31.256568908691406,
      21.875892639160156,
      20.29191780090332,
      32.072383880615234,
      30.065805435180664,
      46.00753402709961,
      45.83724594116211,
      87.5155258178711,
      86.54778289794922,
      92.05142211914062,
      91.88290405273438
    ]
  ],
  "damage": -10.6918306350708,
  "diff_bandwidth": 577.6212768554688,
  "dissonance": 4.525458373769647,
  "drr": 0.8614867925643921,
  "dynamics": 3.86539626121521,
  "format": 1245190,
  "frames": 7522304,
  "loudness": -16.120616912841797,
  "loudness_range": 11.852351188659668,
  "loudness_range_short": 13.337956428527832,
  "lowpass_true_peak_15khz": -1.1901068687438965,
  "mastering3_acoustic_entropies": [
    {
      "acoustic_entropy": 7.129150867462158,
      "acoustic_entropy_mono": 7.346659183502197,
      "band_eliminated_acoustic_entropies": [
        {
          "acoustic_entropy": 7.261415958404541,
          "acoustic_entropy_side": 7.131269931793213,
          "hz": 129.47220167065723
        },
        {
          "acoustic_entropy": 8.058009147644043,
          "acoustic_entropy_side": 7.233460903167725,
          "hz": 202.92927478742237
        },
        {
          "acoustic_entropy": 8.60918140411377,
          "acoustic_entropy_side": 7.2013421058654785,
          "hz": 282.89161906338205
        },
        {
          "acoustic_entropy": 7.140035152435303,
          "acoustic_entropy_side": 7.128499507904053,
          "hz": 369.9353335868758
        },
        {
          "acoustic_entropy": 7.695236682891846,
          "acoustic_entropy_side": 7.346405982971191,
          "hz": 464.6875360973435
        },
        {
          "acoustic_entropy": 7.246369361877441,
          "acoustic_entropy_side": 7.434299945831299,
          "hz": 567.8308811364784
        },
        {
          "acoustic_entropy": 6.889397144317627,
          "acoustic_entropy_side": 7.035017013549805,
          "hz": 680.1084783214808
        },
        {
          "acoustic_entropy": 6.666592121124268,
          "acoustic_entropy_side": 6.272999286651611,
          "hz": 802.3292461747484
        },
        {
          "acoustic_entropy": 7.537646770477295,
          "acoustic_entropy_side": 7.999027252197266,
          "hz": 935.3737400823702
        },
        {
          "acoustic_entropy": 7.48549747467041,
          "acoustic_entropy_side": 6.845598220825195,
          "hz": 1080.2004963696966
        },
        {
          "acoustic_entropy": 7.0007243156433105,
          "acoustic_entropy_side": 7.149661064147949,
          "hz": 1237.8529382007157
        },
        {
          "acoustic_entropy": 7.61285400390625,
          "acoustic_entropy_side": 7.52081823348999,
          "hz": 1409.4668930556702
        },
        {
          "acoustic_entropy": 7.441307067871094,
          "acoustic_entropy_side": 7.346293926239014,
          "hz": 1596.2787759475705
        },
        {
          "acoustic_entropy": 7.13493537902832,
          "acoustic_entropy_side": 6.916917324066162,
          "hz": 1799.6344973346393
        },
        {
          "acoustic_entropy": 7.247387886047363,
          "acoustic_entropy_side": 7.140353679656982,
          "hz": 2020.9991599069049
        },
        {
          "acoustic_entropy": 7.178016662597656,
          "acoustic_entropy_side": 7.232594013214111,
          "hz": 2261.9676141086993
        },
        {
          "acoustic_entropy": 7.09499979019165,
          "acoustic_entropy_side": 7.0919318199157715,
          "hz": 2524.2759484456974
        },
        {
          "acoustic_entropy": 7.13654088973999,
          "acoustic_entropy_side": 7.134335041046143,
          "hz": 2809.813997359896
        },
        {
          "acoustic_entropy": 7.045526504516602,
          "acoustic_entropy_side": 7.163932800292969,
          "hz": 3120.6389567871424
        },
        {
          "acoustic_entropy": 7.006678581237793,
          "acoustic_entropy_side": 7.133520603179932,
          "hz": 3458.990205492291
        },
        {
          "acoustic_entropy": 7.048224449157715,
          "acoustic_entropy_side": 7.124486923217773,
          "hz": 3827.305438964164
        },
        {
          "acoustic_entropy": 7.1175856590271,
          "acoustic_entropy_side": 7.126512050628662,
          "hz": 4228.238232109126
        },
        {
          "acoustic_entropy": 7.1697893142700195,
          "acoustic_entropy_side": 7.157700061798096,
          "hz": 4664.6771572759235
        },
        {
          "acoustic_entropy": 7.107908725738525,
          "acoustic_entropy_side": 7.125021457672119,
          "hz": 5139.766595350093
        },
        {
          "acoustic_entropy": 7.106328964233398,
          "acoustic_entropy_side": 7.1272711753845215,
          "hz": 5656.929389854203
        },
        {
          "acoustic_entropy": 7.08729887008667,
          "acoustic_entropy_side": 7.118563175201416,
          "hz": 6219.891507268283
        },
        {
          "acoustic_entropy": 7.091043949127197,
          "acoustic_entropy_side": 7.112151622772217,
          "hz": 6832.70888123896
        },
        {
          "acoustic_entropy": 7.093595504760742,
          "acoustic_entropy_side": 7.116922378540039,
          "hz": 7499.796634079867
        },
        {
          "acoustic_entropy": 7.0980224609375,
          "acoustic_entropy_side": 7.124640941619873,
          "hz": 8225.96088609342
        },
        {
          "acoustic_entropy": 7.041264533996582,
          "acoustic_entropy_side": 7.111542224884033,
          "hz": 9016.43338188839
        },
        {
          "acoustic_entropy": 6.969492435455322,
          "acoustic_entropy_side": 7.081506729125977,
          "hz": 9876.909183162974
        },
        {
          "acoustic_entropy": 6.961827278137207,
          "acoustic_entropy_side": 7.060247421264648,
          "hz": 10813.587699516042
        },
        {
          "acoustic_entropy": 6.997005939483643,
          "acoustic_entropy_side": 7.05867862701416,
          "hz": 11833.21735289826
        },
        {
          "acoustic_entropy": 7.00019645690918,
          "acoustic_entropy_side": 7.096632480621338,
          "hz": 12943.144197493959
        },
        {
          "acoustic_entropy": 6.920733451843262,
          "acoustic_entropy_side": 7.058492183685303,
          "hz": 14151.364845322005
        },
        {
          "acoustic_entropy": 6.95049524307251,
          "acoustic_entropy_side": 7.02773904800415,
          "hz": 15466.58407886509
        },
        {
          "acoustic_entropy": 6.966211318969727,
          "acoustic_entropy_side": 7.079639434814453,
          "hz": 16898.27756580493
        },
        {
          "acoustic_entropy": 7.032589912414551,
          "acoustic_entropy_side": 7.092770099639893,
          "hz": 18456.760127700032
        },
        {
          "acoustic_entropy": 7.106516361236572,
          "acoustic_entropy_side": 7.118403434753418,
          "hz": 20153.260054456492
        },
        {
          "acoustic_entropy": 7.127373695373535,
          "acoustic_entropy_side": 7.128482341766357,
          "hz": 22000.00000000001
        }
      ],
      "diff_acoustic_entropy": 4.170322895050049,
      "sn": 6
    },
    {
      "acoustic_entropy": 12.252786636352539,
      "acoustic_entropy_mono": 12.277265548706055,
      "band_eliminated_acoustic_entropies": [
        {
          "acoustic_entropy": 12.859613418579102,
          "acoustic_entropy_side": 12.270635604858398,
          "hz": 129.47220167065723
        },
        {
          "acoustic_entropy": 12.580924034118652,
          "acoustic_entropy_side": 12.316844940185547,
          "hz": 202.92927478742237
        },
        {
          "acoustic_entropy": 12.599589347839355,
          "acoustic_entropy_side": 12.569864273071289,
          "hz": 282.89161906338205
        },
        {
          "acoustic_entropy": 12.03439712524414,
          "acoustic_entropy_side": 12.115365028381348,
          "hz": 369.9353335868758
        },
        {
          "acoustic_entropy": 11.683467864990234,
          "acoustic_entropy_side": 12.351369857788086,
          "hz": 464.6875360973435
        },
        {
          "acoustic_entropy": 12.476901054382324,
          "acoustic_entropy_side": 12.520975112915039,
          "hz": 567.8308811364784
        },
        {
          "acoustic_entropy": 11.606466293334961,
          "acoustic_entropy_side": 12.319735527038574,
          "hz": 680.1084783214808
        },
        {
          "acoustic_entropy": 12.262053489685059,
          "acoustic_entropy_side": 12.42343807220459,
          "hz": 802.3292461747484
        },
        {
          "acoustic_entropy": 11.602267265319824,
          "acoustic_entropy_side": 12.286932945251465,
          "hz": 935.3737400823702
        },
        {
          "acoustic_entropy": 12.208320617675781,
          "acoustic_entropy_side": 11.937410354614258,
          "hz": 1080.2004963696966
        },
        {
          "acoustic_entropy": 11.428582191467285,
          "acoustic_entropy_side": 11.716887474060059,
          "hz": 1237.8529382007157
        },
        {
          "acoustic_entropy": 12.817008018493652,
          "acoustic_entropy_side": 12.490055084228516,
          "hz": 1409.4668930556702
        },
        {
          "acoustic_entropy": 12.66472339630127,
          "acoustic_entropy_side": 12.607827186584473,
          "hz": 1596.2787759475705
        },
        {
          "acoustic_entropy": 12.23746109008789,
          "acoustic_entropy_side": 12.0057373046875,
          "hz": 1799.6344973346393
        },
        {
          "acoustic_entropy": 11.876639366149902,
          "acoustic_entropy_side": 12.108808517456055,
          "hz": 2020.9991599069049
        },
        {
          "acoustic_entropy": 12.840007781982422,
          "acoustic_entropy_side": 13.019057273864746,
          "hz": 2261.9676141086993
        },
        {
          "acoustic_entropy": 12.754290580749512,
          "acoustic_entropy_side": 12.41443920135498,
          "hz": 2524.2759484456974
        },
        {
          "acoustic_entropy": 12.411029815673828,
          "acoustic_entropy_side": 12.29888916015625,
          "hz": 2809.813997359896
        },
        {
          "acoustic_entropy": 12.132959365844727,
          "acoustic_entropy_side": 12.281999588012695,
          "hz": 3120.6389567871424
        },
        {
          "acoustic_entropy": 12.308656692504883,
          "acoustic_entropy_side": 12.435966491699219,
          "hz": 3458.990205492291
        },
        {
          "acoustic_entropy": 12.609237670898438,
          "acoustic_entropy_side": 12.420727729797363,
          "hz": 3827.305438964164
        },
        {
          "acoustic_entropy": 12.49587631225586,
          "acoustic_entropy_side": 12.443527221679688,
          "hz": 4228.238232109126
        },
        {
          "acoustic_entropy": 12.633561134338379,
          "acoustic_entropy_side": 12.477717399597168,
          "hz": 4664.6771572759235
        },
        {
          "acoustic_entropy": 12.46487808227539,
          "acoustic_entropy_side": 12.361491203308105,
          "hz": 5139.766595350093
        },
        {
          "acoustic_entropy": 12.516443252563477,
          "acoustic_entropy_side": 12.39928913116455,
          "hz": 5656.929389854203
        },
        {
          "acoustic_entropy": 12.40954303741455,
          "acoustic_entropy_side": 12.327468872070312,
          "hz": 6219.891507268283
        },
        {
          "acoustic_entropy": 12.432805061340332,
          "acoustic_entropy_side": 12.28737735748291,
          "hz": 6832.70888123896
        },
        {
          "acoustic_entropy": 12.435591697692871,
          "acoustic_entropy_side": 12.289121627807617,
          "hz": 7499.796634079867
        },
        {
          "acoustic_entropy": 12.349807739257812,
          "acoustic_entropy_side": 12.242704391479492,
          "hz": 8225.96088609342
        },
        {
          "acoustic_entropy": 12.083614349365234,
          "acoustic_entropy_side": 12.200569152832031,
          "hz": 9016.43338188839
        },
        {
          "acoustic_entropy": 11.86600112915039,
          "acoustic_entropy_side": 12.034668922424316,
          "hz": 9876.909183162974
        },
        {
          "acoustic_entropy": 11.94938850402832,
          "acoustic_entropy_side": 11.939851760864258,
          "hz": 10813.587699516042
        },
        {
          "acoustic_entropy": 12.26386547088623,
          "acoustic_entropy_side": 11.856245040893555,
          "hz": 11833.21735289826
        },
        {
          "acoustic_entropy": 12.21324348449707,
          "acoustic_entropy_side": 11.935063362121582,
          "hz": 12943.144197493959
        },
        {
          "acoustic_entropy": 12.229804039001465,
          "acoustic_entropy_side": 11.914895057678223,
          "hz": 14151.364845322005
        },
        {
          "acoustic_entropy": 12.236871719360352,
          "acoustic_entropy_side": 11.906373977661133,
          "hz": 15466.58407886509
        },
        {
          "acoustic_entropy": 11.949970245361328,
          "acoustic_entropy_side": 12.056642532348633,
          "hz": 16898.27756580493
        },
        {
          "acoustic_entropy": 11.923596382141113,
          "acoustic_entropy_side": 12.131054878234863,
          "hz": 18456.760127700032
        },
        {
          "acoustic_entropy": 12.131547927856445,
          "acoustic_entropy_side": 12.200767517089844,
          "hz": 20153.260054456492
        },
        {
          "acoustic_entropy": 12.242094039916992,
          "acoustic_entropy_side": 12.2482271194458,
          "hz": 22000.00000000001
        }
      ],
      "diff_acoustic_entropy": 6.7050676345825195,
      "sn": 12
    },
    {
      "acoustic_entropy": 21.148202896118164,
      "acoustic_entropy_mono": 18.834890365600586,
      "band_eliminated_acoustic_entropies": [
        {
          "acoustic_entropy": 20.83537483215332,
          "acoustic_entropy_side": 20.816293716430664,
          "hz": 129.47220167065723
        },
        {
          "acoustic_entropy": 20.011051177978516,
          "acoustic_entropy_side": 20.282123565673828,
          "hz": 202.92927478742237
        },
        {
          "acoustic_entropy": 20.772838592529297,
          "acoustic_entropy_side": 20.41086196899414,
          "hz": 282.89161906338205
        },
        {
          "acoustic_entropy": 21.222888946533203,
          "acoustic_entropy_side": 21.170665740966797,
          "hz": 369.9353335868758
        },
        {
          "acoustic_entropy": 20.074771881103516,
          "acoustic_entropy_side": 20.607776641845703,
          "hz": 464.6875360973435
        },
        {
          "acoustic_entropy": 21.06477928161621,
          "acoustic_entropy_side": 21.20705795288086,
          "hz": 567.8308811364784
        },
        {
          "acoustic_entropy": 20.92593765258789,
          "acoustic_entropy_side": 20.234956741333008,
          "hz": 680.1084783214808
        },
        {
          "acoustic_entropy": 19.646886825561523,
          "acoustic_entropy_side": 20.81130027770996,
          "hz": 802.3292461747484
        },
        {
          "acoustic_entropy": 20.08542823791504,
          "acoustic_entropy_side": 20.19723129272461,
          "hz": 935.3737400823702
        },
        {
          "acoustic_entropy": 20.77110481262207,
          "acoustic_entropy_side": 19.71349334716797,
          "hz": 1080.2004963696966
        },
        {
          "acoustic_entropy": 20.156076431274414,
          "acoustic_entropy_side": 21.243255615234375,
          "hz": 1237.8529382007157
        },
        {
          "acoustic_entropy": 19.459178924560547,
          "acoustic_entropy_side": 20.848220825195312,
          "hz": 1409.4668930556702
        },
        {
          "acoustic_entropy": 19.92287254333496,
          "acoustic_entropy_side": 20.219635009765625,
          "hz": 1596.2787759475705
        },
        {
          "acoustic_entropy": 20.140201568603516,
          "acoustic_entropy_side": 20.641693115234375,
          "hz": 1799.6344973346393
        },
        {
          "acoustic_entropy": 20.35741424560547,
          "acoustic_entropy_side": 20.257144927978516,
          "hz": 2020.9991599069049
        },
        {
          "acoustic_entropy": 20.645544052124023,
          "acoustic_entropy_side": 21.097484588623047,
          "hz": 2261.9676141086993
        },
        {
          "acoustic_entropy": 20.825157165527344,
          "acoustic_entropy_side": 20.988384246826172,
          "hz": 2524.2759484456974
        },
        {
          "acoustic_entropy": 20.89479637145996,
          "acoustic_entropy_side": 20.800823211669922,
          "hz": 2809.813997359896
        },
        {
          "acoustic_entropy": 20.45061683654785,
          "acoustic_entropy_side": 20.818153381347656,
