{
  "acoustic_entropy": 165.97940063476562,
  "bands": [
    {
      "high_freq": 148.1999969482422,
      "loudness": -28.617347717285156,
      "loudness_range": 13.768732070922852,
      "mid_mean": -24.925573348999023,
      "mid_to_side_loudness": -20.529695510864258,
      "mid_to_side_loudness_range": 22.113906860351562,
      "side_mean": -46.50286102294922
    },
    {
      "high_freq": 392.3793640136719,
      "loudness": -23.488632202148438,
      "loudness_range": 10.989860534667969,
      "low_freq": 148.1999969482422,
      "mid_mean": -19.90926170349121,
      "mid_to_side_loudness": -29.51755142211914,
      "mid_to_side_loudness_range": 13.109806060791016,
      "side_mean": -51.00777053833008
    },
    {
      "high_freq": 794.6976318359375,
      "loudness": -24.72373390197754,
      "loudness_range": 10.171823501586914,
      "low_freq": 392.3793640136719,
      "mid_mean": -21.14637565612793,
      "mid_to_side_loudness": -27.01615333557129,
      "mid_to_side_loudness_range": 6.680328369140625,
      "side_mean": -48.72234344482422
    },
    {
      "high_freq": 1457.5709228515625,
      "loudness": -25.725948333740234,
      "loudness_range": 12.211660385131836,
      "low_freq": 794.6976318359375,
      "mid_mean": -22.15537452697754,
      "mid_to_side_loudness": -19.8225154876709,
      "mid_to_side_loudness_range": 3.9433231353759766,
      "side_mean": -42.252159118652344
    },
    {
      "high_freq": 2549.74365234375,
      "loudness": -27.00014305114746,
      "loudness_range": 15.166727066040039,
      "low_freq": 1457.5709228515625,
      "mid_mean": -23.48440933227539,
      "mid_to_side_loudness": -14.447112083435059,
      "mid_to_side_loudness_range": 3.695466995239258,
      "side_mean": -38.10660934448242
    },
    {
      "high_freq": 4349.24462890625,
      "loudness": -29.019426345825195,
      "loudness_range": 20.84153175354004,
      "low_freq": 2549.74365234375,
      "mid_mean": -25.873502731323242,
      "mid_to_side_loudness": -9.162778854370117,
      "mid_to_side_loudness_range": 3.968602180480957,
      "side_mean": -35.186309814453125
    },
    {
      "high_freq": 7314.1640625,
      "loudness": -31.437732696533203,
      "loudness_range": 21.08164405822754,
      "low_freq": 4349.24462890625,
      "mid_mean": -29.158185958862305,
      "mid_to_side_loudness": -4.127102375030518,
      "mid_to_side_loudness_range": 3.682718515396118,
      "side_mean": -33.532108306884766
    },
    {
      "high_freq": 12199.2666015625,
      "loudness": -35.932044982910156,
      "loudness_range": 15.915746688842773,
      "low_freq": 7314.1640625,
      "mid_mean": -37.282684326171875,
      "mid_to_side_loudness": 3.2714004516601562,
      "mid_to_side_loudness_range": 4.758477687835693,
      "side_mean": -34.076141357421875
    },
    {
      "loudness": -48.20573806762695,
      "loudness_range": 16.039592742919922,
      "low_freq": 12199.2666015625,
      "mid_mean": -52.61570739746094,
      "mid_to_side_loudness": 6.1831769943237305,
      "mid_to_side_loudness_range": 8.855766296386719,
      "side_mean": -45.64475631713867
    }
  ],
  "bands_short": [
    {
      "high_freq": 148.1999969482422,
      "loudness": -33.670589447021484,
      "loudness_range": 23.78169059753418,
      "mid_mean": -30.062227249145508,
      "mid_to_side_loudness": -17.23605728149414,
      "mid_to_side_loudness_range": 28.60734748840332,
      "side_mean": -48.23997116088867
    },
    {
      "high_freq": 392.3793640136719,
      "loudness": -24.24712371826172,
      "loudness_range": 13.62059211730957,
      "low_freq": 148.1999969482422,
      "mid_mean": -20.683263778686523,
      "mid_to_side_loudness": -28.947237014770508,
      "mid_to_side_loudness_range": 17.174957275390625,
      "side_mean": -51.2799072265625
    },
    {
      "high_freq": 794.6976318359375,
      "loudness": -24.833148956298828,
      "loudness_range": 13.909845352172852,
      "low_freq": 392.3793640136719,
      "mid_mean": -21.246021270751953,
      "mid_to_side_loudness": -27.57016944885254,
      "mid_to_side_loudness_range": 8.942853927612305,
      "side_mean": -50.407142639160156
    },
    {
      "high_freq": 1457.5709228515625,
      "loudness": -26.440494537353516,
      "loudness_range": 15.326438903808594,
      "low_freq": 794.6976318359375,
      "mid_mean": -22.842151641845703,
      "mid_to_side_loudness": -19.964799880981445,
      "mid_to_side_loudness_range": 4.724311828613281,
      "side_mean": -43.14933776855469
    },
    {
      "high_freq": 2549.74365234375,
      "loudness": -27.958881378173828,
      "loudness_range": 17.981969833374023,
      "low_freq": 1457.5709228515625,
      "mid_mean": -24.527956008911133,
      "mid_to_side_loudness": -14.360774040222168,
      "mid_to_side_loudness_range": 4.442233085632324,
      "side_mean": -39.124698638916016
    },
    {
      "high_freq": 4349.24462890625,
      "loudness": -29.991151809692383,
      "loudness_range": 22.353979110717773,
      "low_freq": 2549.74365234375,
      "mid_mean": -26.871315002441406,
      "mid_to_side_loudness": -9.051176071166992,
      "mid_to_side_loudness_range": 4.426994800567627,
      "side_mean": -36.133243560791016
    },
    {
      "high_freq": 7314.1640625,
      "loudness": -32.230987548828125,
      "loudness_range": 22.6361083984375,
      "low_freq": 4349.24462890625,
      "mid_mean": -30.0086612701416,
      "mid_to_side_loudness": -4.105104446411133,
      "mid_to_side_loudness_range": 4.3147406578063965,
      "side_mean": -34.29178237915039
    },
    {
      "high_freq": 12199.2666015625,
      "loudness": -36.7025032043457,
      "loudness_range": 18.60205841064453,
      "low_freq": 7314.1640625,
      "mid_mean": -38.083900451660156,
      "mid_to_side_loudness": 3.3190107345581055,
      "mid_to_side_loudness_range": 5.477001190185547,
      "side_mean": -34.827762603759766
    },
    {
      "loudness": -49.15292739868164,
      "loudness_range": 18.9288330078125,
      "low_freq": 12199.2666015625,
      "mid_mean": -53.62699508666992,
      "mid_to_side_loudness": 6.381040573120117,
      "mid_to_side_loudness_range": 9.649660110473633,
      "side_mean": -46.568084716796875
    }
  ],
  "bandwidth": 798.146240234375,
  "channels": 2,
  "covariance": [
    [
      29.21504020690918,
      3.188462257385254,
      7.46209192276001,
      2.057286262512207,
      4.9579877853393555,
      3.5101165771484375,
      -5.629291534423828,
      -4.749002933502197,
      -7.598402500152588,
      -8.22259521484375,
      -10.072545051574707,
      -10.371042251586914,
      -13.657744407653809,
      -11.73803997039795,
      -10.143165588378906,
      -7.892665386199951,
      -10.407431602478027,
      -3.6943557262420654
    ],
    [
      3.188462257385254,
      6.25045919418335,
      1.3576226234436035,
      4.696800708770752,
      0.7915440201759338,
      3.0356945991516113,
      -0.4319782555103302,
      -0.5081092715263367,
      -0.9844236373901367,
      -1.1898994445800781,
      -1.2792738676071167,
      -1.3418145179748535,
      -2.141610860824585,
      -1.7637724876403809,
      -1.8336302042007446,
      -1.6602829694747925,
      0.18721899390220642,
      -0.6545077562332153
    ],
    [
      7.46209192276001,
      1.3576226234436035,
      20.72385597229004,
      9.518533706665039,
      11.970260620117188,
      10.3564453125,
      0.595297634601593,
      1.3059478998184204,
      0.005433000158518553,
      -0.1589912474155426,
      2.1862897872924805,
      2.4502832889556885,
      -1.583351492881775,
      0.09569533914327621,
      -0.5703983306884766,
      1.4835176467895508,
      -1.1587330102920532,
      2.610994815826416
    ],
    [
      2.057286262512207,
      4.696800708770752,
      9.518533706665039,
      27.917699813842773,
      5.772007465362549,
      10.118315696716309,
      1.9519855976104736,
      2.707087278366089,
      2.5419366359710693,
      2.5781872272491455,
      4.726099014282227,
      4.99229621887207,
      3.1210358142852783,
      3.9887139797210693,
      2.636711835861206,
      3.0614426136016846,
      20.55261993408203,
      5.021468162536621
    ],
    [
      4.9579877853393555,
      0.7915440201759338,
      11.970260620117188,
      5.772007465362549,
      19.915443420410156,
      16.023452758789062,
      6.722512722015381,
      7.296327590942383,
      7.337207317352295,
      6.670285701751709,
      10.963971138000488,
      10.474656105041504,
      4.798183917999268,
      6.868415355682373,
      4.019535541534424,
      5.655945301055908,
      4.4952392578125,
      7.192142009735107
    ],
    [
      3.5101165771484375,
      3.0356945991516113,
      10.3564453125,
      10.118315696716309,
      16.023452758789062,
      21.860559463500977,
      7.552906513214111,
      9.52199935913086,
      9.099209785461426,
      9.413914680480957,
      13.778051376342773,
      14.245405197143555,
      9.737654685974121,
      11.715347290039062,
      7.349674224853516,
      8.508922576904297,
      13.091240882873535,
      11.900639533996582
    ],
    [
      -5.629291534423828,
      -0.4319782555103302,
      0.595297634601593,
      1.9519855976104736,
      6.722512722015381,
      7.552906513214111,
      21.570138931274414,
      19.149044036865234,
      22.799171447753906,
      21.95651626586914,
      28.160297393798828,
      25.909523010253906,
      24.611318588256836,
      24.32685089111328,
      17.829198837280273,
      16.425403594970703,
      19.87054443359375,
      14.325125694274902
    ],
    [
      -4.749002933502197,
      -0.5081092715263367,
      1.3059478998184204,
      2.707087278366089,
      7.296327590942383,
      9.52199935913086,
      19.149044036865234,
      20.16170310974121,
      20.147178649902344,
      20.54554557800293,
      25.08231544494629,
      24.057893753051758,
      21.865802764892578,
      22.29266929626465,
      15.392765998840332,
      15.7096586227417,
      19.47060775756836,
      14.514547348022461
    ],
    [
      -7.598402500152588,
      -0.9844236373901367,
      0.005433000158518553,
      2.5419366359710693,
      7.337207317352295,
      9.099209785461426,
      22.799171447753906,
      20.147178649902344,
      31.930824279785156,
      29.93023681640625,
      37.70541763305664,
      34.89704513549805,
      33.5651969909668,
      32.30165100097656,
      24.058439254760742,
      21.172801971435547,
      26.890522003173828,
      18.27595329284668
    ],
    [
      -8.22259521484375,
      -1.1898994445800781,
      -0.1589912474155426,
      2.5781872272491455,
      6.670285701751709,
      9.413914680480957,
      21.95651626586914,
      20.54554557800293,
      29.93023681640625,
      30.243925094604492,
      36.19599533081055,
      34.6655158996582,
      33.36407470703125,
      33.355491638183594,
      23.848718643188477,
      22.398061752319336,
      27.833070755004883,
      18.781795501708984
    ],
    [
      -10.072545051574707,
      -1.2792738676071167,
      2.1862897872924805,
      4.726099014282227,
      10.963971138000488,
      13.778051376342773,
      28.160297393798828,
      25.08231544494629,
      37.70541763305664,
      36.19599533081055,
      54.149810791015625,
      51.36595153808594,
      50.33097839355469,
      48.165740966796875,
      36.595916748046875,
      32.08712387084961,
      39.13174057006836,
      27.056381225585938
    ],
    [
      -10.371042251586914,
      -1.3418145179748535,
      2.4502832889556885,
      4.99229621887207,
      10.474656105041504,
      14.245405197143555,
      25.909523010253906,
      24.057893753051758,
      34.89704513549805,
      34.6655158996582,
      51.36595153808594,
      50.132198333740234,
      48.755401611328125,
      47.4572639465332,
      35.44486618041992,
      31.97898292541504,
      38.721500396728516,
      26.505451202392578
    ],
    [
      -13.657744407653809,
      -2.141610860824585,
      -1.583351492881775,
      3.1210358142852783,
      4.798183917999268,
      9.737654685974121,
      24.611318588256836,
      21.865802764892578,
      33.5651969909668,
      33.36407470703125,
      50.33097839355469,
      48.755401611328125,
      54.95964813232422,
      50.6839485168457,
      41.00050735473633,
      35.74546813964844,
      43.32926559448242,
      29.41636848449707
    ],
    [
      -11.73803997039795,
      -1.7637724876403809,
      0.09569533914327621,
      3.9887139797210693,
      6.868415355682373,
      11.715347290039062,
      24.32685089111328,
      22.29266929626465,
      32.30165100097656,
      33.355491638183594,
      48.165740966796875,
      47.4572639465332,
      50.6839485168457,
      50.46110153198242,
      38.538875579833984,
      35.2807502746582,
      42.30507278442383,
      29.71780014038086
    ],
    [
      -10.143165588378906,
      -1.8336302042007446,
      -0.5703983306884766,
      2.636711835861206,
      4.019535541534424,
      7.349674224853516,
      17.829198837280273,
      15.392765998840332,
      24.058439254760742,
      23.848718643188477,
      36.595916748046875,
      35.44486618041992,
      41.00050735473633,
      38.538875579833984,
      35.3645133972168,
      30.61370849609375,
      35.43879699707031,
      26.22053337097168
    ],
    [
      -7.892665386199951,
      -1.6602829694747925,
      1.4835176467895508,
      3.0614426136016846,
      5.655945301055908,
      8.508922576904297,
      16.425403594970703,
      15.7096586227417,
      21.172801971435547,
      22.398061752319336,
      32.08712387084961,
      31.97898292541504,
      35.74546813964844,
      35.2807502746582,
      30.61370849609375,
      29.278972625732422,
      32.340660095214844,
      24.931947708129883
    ],
    [
      -10.407431602478027,
      0.18721899390220642,
      -1.1587330102920532,
      20.55261993408203,
      4.4952392578125,
      13.091240882873535,
      19.87054443359375,
      19.47060775756836,
      26.890522003173828,
      27.833070755004883,
      39.13174057006836,
      38.721500396728516,
      43.32926559448242,
      42.30507278442383,
      35.43879699707031,
      32.340660095214844,
      56.696197509765625,
      31.627531051635742
    ],
    [
      -3.6943557262420654,
      -0.6545077562332153,
      2.610994815826416,
      5.021468162536621,
      7.192142009735107,
      11.900639533996582,
      14.325125694274902,
      14.514547348022461,
      18.27595329284668,
      18.781795501708984,
      27.056381225585938,
      26.505451202392578,
      29.41636848449707,
      29.71780014038086,
      26.22053337097168,
      24.931947708129883,
      31.627531051635742,
      28.558353424072266
    ]
  ],
  "covariance_short": [
    [
      66.87247467041016,
      5.469980239868164,
      15.066819190979004,
      6.319385051727295,
      2.962505578994751,
      2.6103687286376953,
      -8.729862213134766,
      -7.044782638549805,
      -11.814621925354004,
      -12.065213203430176,
      -15.06207275390625,
      -14.383734703063965,
      -16.80084991455078,
      -14.854555130004883,
      -9.833571434020996,
      -6.945866107940674,
      -9.733261108398438,
      -0.15145593881607056
    ],
    [
      5.469980239868164,
      15.504828453063965,
      0.9604026079177856,
      6.224717617034912,
      -0.25718387961387634,
      2.5635783672332764,
      -1.0634187459945679,
      -1.1970666646957397,
      -1.5109413862228394,
      -1.9368093013763428,
      -1.976709008216858,
      -2.109586000442505,
      -2.3699951171875,
      -2.4023778438568115,
      -1.828224539756775,
      -1.8301141262054443,
      -0.16289867460727692,
      -0.5977121591567993
    ],
    [
      15.066819190979004,
      0.9604026079177856,
      29.45492935180664,
      11.13029670715332,
      14.400036811828613,
      12.442190170288086,
      0.19771838188171387,
      1.6909176111221313,
      -0.46318960189819336,
      -0.40723785758018494,
      0.3779401183128357,
      1.1490763425827026,
      -3.0726399421691895,
      -1.1527961492538452,
      -0.9367794990539551,
      1.0928304195404053,
      -0.960506021976471,
      4.339332580566406
    ],
    [
      6.319385051727295,
      6.224717617034912,
      11.13029670715332,
      31.401451110839844,
      6.809449672698975,
      27.196596145629883,
      2.1576240062713623,
      3.171175718307495,
      2.982672929763794,
      2.9407098293304443,
      4.116393089294434,
      4.5951056480407715,
      2.879525661468506,
      3.4162251949310303,
      3.0522708892822266,
      3.419266939163208,
      19.776981353759766,
      5.627647876739502
    ],
    [
      2.962505578994751,
      -0.25718387961387634,
      14.400036811828613,
      6.809449672698975,
      29.636905670166016,
      22.93570899963379,
      12.168745994567871,
      12.636666297912598,
      14.803474426269531,
      13.698066711425781,
      16.664508819580078,
      16.326435089111328,
      10.03720474243164,
      11.39254093170166,
      7.253295421600342,
      8.43001937866211,
      8.130199432373047,
      10.068437576293945
    ],
    [
      2.6103687286376953,
      2.5635783672332764,
      12.442190170288086,
      27.196596145629883,
      22.93570899963379,
      46.60409164428711,
      12.033924102783203,
      14.928162574768066,
      15.110040664672852,
      15.443766593933105,
      18.221593856811523,
      19.296852111816406,
      13.445403099060059,
      15.121219635009766,
      9.715797424316406,
      11.032772064208984,
      30.612638473510742,
      15.20744514465332
    ],
    [
      -8.729862213134766,
      -1.0634187459945679,
      0.19771838188171387,
      2.1576240062713623,
      12.168745994567871,
      12.033924102783203,
      31.76233673095703,
      29.247753143310547,
      33.3514289855957,
      31.76068687438965,
      36.469669342041016,
      33.62235641479492,
      31.68543815612793,
      30.128082275390625,
      22.594263076782227,
      20.8821964263916,
      24.833221435546875,
      17.891347885131836
    ],
    [
      -7.044782638549805,
      -1.1970666646957397,
      1.6909176111221313,
      3.171175718307495,
      12.636666297912598,
      14.928162574768066,
      29.247753143310547,
      31.39385223388672,
      31.264142990112305,
      31.44765853881836,
      34.04194641113281,
      32.94558334350586,
      29.046369552612305,
      29.03093147277832,
      20.350543975830078,
      20.04904556274414,
      24.97850799560547,
      18.44131851196289
    ],
    [
      -11.814621925354004,
      -1.5109413862228394,
      -0.46318960189819336,
      2.982672929763794,
      14.803474426269531,
      15.110040664672852,
      33.3514289855957,
      31.264142990112305,
      48.14166259765625,
      44.852386474609375,
      50.05345153808594,
      46.403221130371094,
      43.39689254760742,
      40.739891052246094,
      30.317461013793945,
      27.141305923461914,
      33.511085510253906,
      23.227216720581055
    ],
    [
      -12.065213203430176,
      -1.9368093013763428,
      -0.40723785758018494,
      2.9407098293304443,
      13.698066711425781,
      15.443766593933105,
      31.76068687438965,
      31.44765853881836,
      44.852386474609375,
      45.25191879272461,
      48.09344482421875,
      46.29471206665039,
      42.552085876464844,
      41.55107116699219,
      30.137842178344727,
      28.356414794921875,
      34.491065979003906,
      23.782621383666992
    ],
    [
      -15.06207275390625,
      -1.976709008216858,
      0.3779401183128357,
      4.116393089294434,
      16.664508819580078,
      18.221593856811523,
      36.469669342041016,
      34.04194641113281,
      50.05345153808594,
      48.09344482421875,
      67.40859985351562,
      63.318241119384766,
      61.03989028930664,
      56.90990447998047,
      44.413963317871094,
      39.247032165527344,
      46.247310638427734,
      32.593990325927734
    ],
    [
      -14.383734703063965,
      -2.109586000442505,
      1.1490763425827026,
      4.5951056480407715,
      16.326435089111328,
      19.296852111816406,
      33.62235641479492,
      32.94558334350586,
      46.403221130371094,
      46.29471206665039,
      63.318241119384766,
      62.434425354003906,
      58.68611145019531,
      56.425533294677734,
      43.0492057800293,
      39.41108703613281,
      46.12456512451172,
      32.72509765625
    ],
    [
      -16.80084991455078,
      -2.3699951171875,
      -3.0726399421691895,
      2.879525661468506,
      10.03720474243164,
      13.445403099060059,
      31.68543815612793,
      29.046369552612305,
      43.39689254760742,
      42.552085876464844,
      61.03989028930664,
      58.68611145019531,
      65.96599578857422,
      61.349891662597656,
      50.15164566040039,
      44.24054718017578,
      51.12229537963867,
      36.47716522216797
    ],
    [
      -14.854555130004883,
      -2.4023778438568115,
      -1.1527961492538452,
      3.4162251949310303,
      11.39254093170166,
      15.121219635009766,
      30.128082275390625,
      29.03093147277832,
      40.739891052246094,
      41.55107116699219,
      56.90990447998047,
      56.425533294677734,
      61.349891662597656,
      60.312034606933594,
      47.0879020690918,
      43.856693267822266,
      49.63994216918945,
      36.064456939697266
    ],
    [
      -9.833571434020996,
      -1.828224539756775,
      -0.9367794990539551,
      3.0522708892822266,
      7.253295421600342,
      9.715797424316406,
      22.594263076782227,
      20.350543975830078,
      30.317461013793945,
      30.137842178344727,
      44.413963317871094,
      43.0492057800293,
      50.15164566040039,
      47.0879020690918,
      46.045597076416016,
      40.16200637817383,
      44.236549377441406,
      34.89869689941406
    ],
    [
      -6.945866107940674,
      -1.8301141262054443,
      1.0928304195404053,
      3.419266939163208,
      8.43001937866211,
      11.032772064208984,
      20.8821964263916,
      20.04904556274414,
      27.141305923461914,
      28.356414794921875,
      39.247032165527344,
      39.41108703613281,
      44.24054718017578,
      43.856693267822266,
      40.16200637817383,
      38.8187255859375,
      40.965126037597656,
      33.386329650878906
    ],
    [
      -9.733261108398438,
      -0.16289867460727692,
      -0.960506021976471,
      19.776981353759766,
      8.130199432373047,
      30.612638473510742,
      24.833221435546875,
      24.97850799560547,
      33.511085510253906,
      34.491065979003906,
      46.247310638427734,
      46.12456512451172,
      51.12229537963867,
      49.63994216918945,
      44.236549377441406,
      40.965126037597656,
      64.22634887695312,
      40.28309631347656
    ],
    [
      -0.15145593881607056,
      -0.5977121591567993,
      4.339332580566406,
      5.627647876739502,
      10.068437576293945,
      15.20744514465332,
      17.891347885131836,
      18.44131851196289,
      23.227216720581055,
      23.782621383666992,
      32.593990325927734,
      32.72509765625,
      36.47716522216797,
      36.064456939697266,
      34.89869689941406,
      33.386329650878906,
      40.28309631347656,
      38.13206100463867
    ]
  ],
  "damage": -9.111023902893066,
  "diff_bandwidth": 798.1825561523438,
  "dissonance": 8.566608289310953,
  "drr": 2.1954281330108643,
  "dynamics": 2.8332371711730957,
  "format": 1245190,
  "frames": 3500032,
  "loudness": -13.29079818725586,
  "loudness_range": 7.359915733337402,
  "loudness_range_short": 9.447925567626953,
  "lowpass_true_peak_15khz": -1.3768612146377563,
  "mastering3_acoustic_entropies": [
    {
      "acoustic_entropy": 7.8891730308532715,
      "acoustic_entropy_mono": 8.185542106628418,
      "band_eliminated_acoustic_entropies": [
        {
          "acoustic_entropy": 7.90159273147583,
          "acoustic_entropy_side": 7.8891730308532715,
          "hz": 129.47220167065723
        },
        {
          "acoustic_entropy": 7.5033860206604,
          "acoustic_entropy_side": 7.889168739318848,
          "hz": 202.92927478742237
        },
        {
          "acoustic_entropy": 7.508922576904297,
          "acoustic_entropy_side": 7.889171123504639,
          "hz": 282.89161906338205
        },
        {
          "acoustic_entropy": 7.570927143096924,
          "acoustic_entropy_side": 7.889176845550537,
          "hz": 369.9353335868758
        },
        {
          "acoustic_entropy": 7.212337970733643,
          "acoustic_entropy_side": 7.889184474945068,
          "hz": 464.6875360973435
        },
        {
          "acoustic_entropy": 8.071131706237793,
          "acoustic_entropy_side": 7.889162540435791,
          "hz": 567.8308811364784
        },
        {
          "acoustic_entropy": 7.662420749664307,
          "acoustic_entropy_side": 7.889186382293701,
          "hz": 680.1084783214808
        },
        {
          "acoustic_entropy": 7.411377429962158,
          "acoustic_entropy_side": 7.888922691345215,
          "hz": 802.3292461747484
        },
        {
          "acoustic_entropy": 8.188289642333984,
          "acoustic_entropy_side": 7.889173984527588,
          "hz": 935.3737400823702
        },
        {
          "acoustic_entropy": 7.721057891845703,
          "acoustic_entropy_side": 7.8896965980529785,
          "hz": 1080.2004963696966
        },
        {
          "acoustic_entropy": 8.680383682250977,
          "acoustic_entropy_side": 7.891141414642334,
          "hz": 1237.8529382007157
        },
        {
          "acoustic_entropy": 8.501062393188477,
          "acoustic_entropy_side": 7.886662006378174,
          "hz": 1409.4668930556702
        },
        {
          "acoustic_entropy": 8.828129768371582,
          "acoustic_entropy_side": 7.89504861831665,
          "hz": 1596.2787759475705
        },
        {
          "acoustic_entropy": 8.176220893859863,
          "acoustic_entropy_side": 7.891073703765869,
          "hz": 1799.6344973346393
        },
        {
          "acoustic_entropy": 8.48678970336914,
          "acoustic_entropy_side": 7.896728515625,
          "hz": 2020.9991599069049
        },
        {
          "acoustic_entropy": 8.011649131774902,
          "acoustic_entropy_side": 7.895994186401367,
          "hz": 2261.9676141086993
        },
        {
          "acoustic_entropy": 8.377083778381348,
          "acoustic_entropy_side": 7.880799293518066,
          "hz": 2524.2759484456974
        },
        {
          "acoustic_entropy": 7.968464374542236,
          "acoustic_entropy_side": 7.895575523376465,
          "hz": 2809.813997359896
        },
        {
          "acoustic_entropy": 8.070889472961426,
          "acoustic_entropy_side": 7.9207329750061035,
          "hz": 3120.6389567871424
        },
        {
          "acoustic_entropy": 7.928929805755615,
          "acoustic_entropy_side": 7.853523254394531,
          "hz": 3458.990205492291
        },
        {
          "acoustic_entropy": 7.972299575805664,
          "acoustic_entropy_side": 7.890589714050293,
          "hz": 3827.305438964164
        },
        {
          "acoustic_entropy": 7.925277233123779,
          "acoustic_entropy_side": 7.871623992919922,
          "hz": 4228.238232109126
        },
        {
          "acoustic_entropy": 7.830073356628418,
          "acoustic_entropy_side": 7.8794026374816895,
          "hz": 4664.6771572759235
        },
        {
          "acoustic_entropy": 7.999641418457031,
          "acoustic_entropy_side": 7.9108452796936035,
          "hz": 5139.766595350093
        },
        {
          "acoustic_entropy": 7.894120216369629,
          "acoustic_entropy_side": 7.873355865478516,
          "hz": 5656.929389854203
        },
        {
          "acoustic_entropy": 7.953618049621582,
          "acoustic_entropy_side": 7.927801609039307,
          "hz": 6219.891507268283
        },
        {
          "acoustic_entropy": 8.063543319702148,
          "acoustic_entropy_side": 8.000435829162598,
          "hz": 6832.70888123896
        },
        {
          "acoustic_entropy": 8.021553993225098,
          "acoustic_entropy_side": 7.979814529418945,
          "hz": 7499.796634079867
        },
        {
          "acoustic_entropy": 7.916370391845703,
          "acoustic_entropy_side": 7.906222820281982,
          "hz": 8225.96088609342
        },
        {
          "acoustic_entropy": 7.894326210021973,
          "acoustic_entropy_side": 7.888592720031738,
          "hz": 9016.43338188839
        },
        {
          "acoustic_entropy": 7.864863395690918,
          "acoustic_entropy_side": 7.861114025115967,
          "hz": 9876.909183162974
        },
        {
          "acoustic_entropy": 7.864768028259277,
          "acoustic_entropy_side": 7.873496055603027,
          "hz": 10813.587699516042
        },
        {
          "acoustic_entropy": 7.898073196411133,
          "acoustic_entropy_side": 7.89833927154541,
          "hz": 11833.21735289826
        },
        {
          "acoustic_entropy": 7.884163856506348,
          "acoustic_entropy_side": 7.883765697479248,
          "hz": 12943.144197493959
        },
        {
          "acoustic_entropy": 7.878377914428711,
          "acoustic_entropy_side": 7.877700328826904,
          "hz": 14151.364845322005
        },
        {
          "acoustic_entropy": 7.883059024810791,
          "acoustic_entropy_side": 7.884761810302734,
          "hz": 15466.58407886509
        },
        {
          "acoustic_entropy": 7.88669490814209,
          "acoustic_entropy_side": 7.8884782791137695,
          "hz": 16898.27756580493
        },
        {
          "acoustic_entropy": 7.888176441192627,
          "acoustic_entropy_side": 7.889064311981201,
          "hz": 18456.760127700032
        },
        {
          "acoustic_entropy": 7.888924598693848,
          "acoustic_entropy_side": 7.889160633087158,
          "hz": 20153.260054456492
        },
        {
          "acoustic_entropy": 7.889147758483887,
          "acoustic_entropy_side": 7.889172077178955,
          "hz": 22000.00000000001
        }
      ],
      "diff_acoustic_entropy": 4.562089443206787,
      "sn": 6
    },
    {
      "acoustic_entropy": 11.610251426696777,
      "acoustic_entropy_mono": 11.911858558654785,
      "band_eliminated_acoustic_entropies": [
        {
          "acoustic_entropy": 11.674121856689453,
          "acoustic_entropy_side": 11.610250473022461,
          "hz": 129.47220167065723
        },
        {
          "acoustic_entropy": 10.739598274230957,
          "acoustic_entropy_side": 11.6102933883667,
          "hz": 202.92927478742237
        },
        {
          "acoustic_entropy": 11.238262176513672,
          "acoustic_entropy_side": 11.610261917114258,
          "hz": 282.89161906338205
        },
        {
          "acoustic_entropy": 11.45329475402832,
          "acoustic_entropy_side": 11.610334396362305,
          "hz": 369.9353335868758
        },
        {
          "acoustic_entropy": 11.155289649963379,
          "acoustic_entropy_side": 11.61061954498291,
          "hz": 464.6875360973435
        },
        {
          "acoustic_entropy": 11.337331771850586,
          "acoustic_entropy_side": 11.60986614227295,
          "hz": 567.8308811364784
        },
        {
          "acoustic_entropy": 11.393482208251953,
          "acoustic_entropy_side": 11.60854434967041,
          "hz": 680.1084783214808
        },
        {
          "acoustic_entropy": 11.715361595153809,
          "acoustic_entropy_side": 11.609455108642578,
          "hz": 802.3292461747484
        },
        {
          "acoustic_entropy": 12.11513614654541,
          "acoustic_entropy_side": 11.608585357666016,
          "hz": 935.3737400823702
        },
        {
          "acoustic_entropy": 11.498116493225098,
          "acoustic_entropy_side": 11.605762481689453,
          "hz": 1080.2004963696966
        },
        {
          "acoustic_entropy": 11.476086616516113,
          "acoustic_entropy_side": 11.60484790802002,
          "hz": 1237.8529382007157
        },
        {
          "acoustic_entropy": 11.268386840820312,
          "acoustic_entropy_side": 11.602731704711914,
          "hz": 1409.4668930556702
        },
        {
          "acoustic_entropy": 12.148645401000977,
          "acoustic_entropy_side": 11.648052215576172,
          "hz": 1596.2787759475705
        },
        {
          "acoustic_entropy": 11.37746524810791,
          "acoustic_entropy_side": 11.636747360229492,
          "hz": 1799.6344973346393
        },
        {
          "acoustic_entropy": 11.69965934753418,
          "acoustic_entropy_side": 11.583175659179688,
          "hz": 2020.9991599069049
        },
        {
          "acoustic_entropy": 11.609441757202148,
          "acoustic_entropy_side": 11.568766593933105,
          "hz": 2261.9676141086993
        },
        {
          "acoustic_entropy": 11.565382957458496,
          "acoustic_entropy_side": 11.565227508544922,
          "hz": 2524.2759484456974
        },
        {
          "acoustic_entropy": 11.778103828430176,
          "acoustic_entropy_side": 11.598108291625977,
          "hz": 2809.813997359896
        },
        {
          "acoustic_entropy": 11.866070747375488,
          "acoustic_entropy_side": 11.73196029663086,
          "hz": 3120.6389567871424
        },
        {
          "acoustic_entropy": 12.099457740783691,
          "acoustic_entropy_side": 11.763075828552246,
          "hz": 3458.990205492291
        },
        {
          "acoustic_entropy": 11.572891235351562,
          "acoustic_entropy_side": 11.607965469360352,
          "hz": 3827.305438964164
        },
        {
          "acoustic_entropy": 11.776960372924805,
          "acoustic_entropy_side": 11.684515953063965,
          "hz": 4228.238232109126
        },
        {
          "acoustic_entropy": 11.611163139343262,
          "acoustic_entropy_side": 11.563775062561035,
          "hz": 4664.6771572759235
        },
        {
          "acoustic_entropy": 11.763565063476562,
          "acoustic_entropy_side": 11.677406311035156,
          "hz": 5139.766595350093
        },
        {
          "acoustic_entropy": 11.470661163330078,
          "acoustic_entropy_side": 11.590219497680664,
          "hz": 5656.929389854203
        },
        {
          "acoustic_entropy": 11.62398910522461,
          "acoustic_entropy_side": 11.618810653686523,
          "hz": 6219.891507268283
        },
        {
          "acoustic_entropy": 11.628150939941406,
          "acoustic_entropy_side": 11.61852741241455,
          "hz": 6832.70888123896
        },
        {
          "acoustic_entropy": 11.667354583740234,
          "acoustic_entropy_side": 11.631572723388672,
          "hz": 7499.796634079867
        },
        {
          "acoustic_entropy": 11.552998542785645,
          "acoustic_entropy_side": 11.618830680847168,
          "hz": 8225.96088609342
        },
        {
          "acoustic_entropy": 11.496711730957031,
          "acoustic_entropy_side": 11.568833351135254,
          "hz": 9016.43338188839
        },
        {
          "acoustic_entropy": 11.45239543914795,
          "acoustic_entropy_side": 11.57644271850586,
          "hz": 9876.909183162974
        },
        {
          "acoustic_entropy": 11.52661418914795,
          "acoustic_entropy_side": 11.591043472290039,
          "hz": 10813.587699516042
        },
        {
          "acoustic_entropy": 11.638358116149902,
          "acoustic_entropy_side": 11.610034942626953,
          "hz": 11833.21735289826
        },
        {
          "acoustic_entropy": 11.683141708374023,
          "acoustic_entropy_side": 11.651867866516113,
          "hz": 12943.144197493959
        },
        {
          "acoustic_entropy": 11.679753303527832,
          "acoustic_entropy_side": 11.648113250732422,
          "hz": 14151.364845322005
        },
        {
          "acoustic_entropy": 11.647748947143555,
          "acoustic_entropy_side": 11.626157760620117,
          "hz": 15466.58407886509
        },
        {
          "acoustic_entropy": 11.640217781066895,
          "acoustic_entropy_side": 11.617915153503418,
          "hz": 16898.27756580493
        },
        {
          "acoustic_entropy": 11.630398750305176,
          "acoustic_entropy_side": 11.614087104797363,
          "hz": 18456.760127700032
        },
        {
          "acoustic_entropy": 11.618158340454102,
          "acoustic_entropy_side": 11.61163330078125,
          "hz": 20153.260054456492
        },
        {
          "acoustic_entropy": 11.61119270324707,
          "acoustic_entropy_side": 11.610420227050781,
          "hz": 22000.00000000001
        }
      ],
      "diff_acoustic_entropy": 9.805523872375488,
      "sn": 12
    },
    {
      "acoustic_entropy": 14.041430473327637,
      "acoustic_entropy_mono": 14.797174453735352,
      "band_eliminated_acoustic_entropies": [
        {
          "acoustic_entropy": 14.704109191894531,
          "acoustic_entropy_side": 14.042768478393555,
          "hz": 129.47220167065723
        },
        {
          "acoustic_entropy": 14.825946807861328,
          "acoustic_entropy_side": 14.044943809509277,
          "hz": 202.92927478742237
        },
        {
          "acoustic_entropy": 13.399524688720703,
          "acoustic_entropy_side": 14.044720649719238,
          "hz": 282.89161906338205
        },
        {
          "acoustic_entropy": 14.979192733764648,
          "acoustic_entropy_side": 14.042937278747559,
          "hz": 369.9353335868758
        },
        {
          "acoustic_entropy": 13.674908638000488,
          "acoustic_entropy_side": 14.112996101379395,
          "hz": 464.6875360973435
        },
        {
          "acoustic_entropy": 14.202168464660645,
          "acoustic_entropy_side": 14.01930046081543,
          "hz": 567.8308811364784
        },
        {
          "acoustic_entropy": 15.061671257019043,
          "acoustic_entropy_side": 14.149893760681152,
          "hz": 680.1084783214808
        },
        {
          "acoustic_entropy": 14.093303680419922,
          "acoustic_entropy_side": 14.206480979919434,
          "hz": 802.3292461747484
        },
        {
          "acoustic_entropy": 14.364935874938965,
          "acoustic_entropy_side": 14.059934616088867,
          "hz": 935.3737400823702
        },
        {
          "acoustic_entropy": 13.521421432495117,
          "acoustic_entropy_side": 13.472216606140137,
          "hz": 1080.2004963696966
        },
        {
          "acoustic_entropy": 14.553171157836914,
          "acoustic_entropy_side": 14.327735900878906,
          "hz": 1237.8529382007157
        },
        {
          "acoustic_entropy": 13.493087768554688,
          "acoustic_entropy_side": 13.394354820251465,
          "hz": 1409.4668930556702
        },
        {
          "acoustic_entropy": 14.75593090057373,
          "acoustic_entropy_side": 14.427940368652344,
          "hz": 1596.2787759475705
        },
        {
          "acoustic_entropy": 14.223190307617188,
          "acoustic_entropy_side": 14.128885269165039,
          "hz": 1799.6344973346393
        },
        {
          "acoustic_entropy": 13.810712814331055,
          "acoustic_entropy_side": 13.689964294433594,
          "hz": 2020.9991599069049
        },
        {
          "acoustic_entropy": 14.662900924682617,
          "acoustic_entropy_side": 14.06275749206543,
          "hz": 2261.9676141086993
        },
        {
          "acoustic_entropy": 14.277667999267578,
          "acoustic_entropy_side": 13.716965675354004,
          "hz": 2524.2759484456974
        },
        {
          "acoustic_entropy": 13.978065490722656,
