{
  "acoustic_entropy": 135.95407104492188,
  "bands": [
    {
      "high_freq": 148.1999969482422,
      "loudness": -51.34653091430664,
      "loudness_range": 23.575115203857422,
      "mid_mean": -48.292015075683594,
      "mid_to_side_loudness": -13.859196662902832,
      "mid_to_side_loudness_range": 10.103008270263672,
      "side_mean": -60.51771545410156
    },
    {
      "high_freq": 392.3793640136719,
      "loudness": -38.59687042236328,
      "loudness_range": 22.422420501708984,
      "low_freq": 148.1999969482422,
      "mid_mean": -36.0550422668457,
      "mid_to_side_loudness": -7.05842924118042,
      "mid_to_side_loudness_range": 7.756026268005371,
      "side_mean": -43.535560607910156
    },
    {
      "high_freq": 794.6976318359375,
      "loudness": -37.75700378417969,
      "loudness_range": 23.204153060913086,
      "low_freq": 392.3793640136719,
      "mid_mean": -36.77263259887695,
      "mid_to_side_loudness": -1.6205804347991943,
      "mid_to_side_loudness_range": 9.675830841064453,
      "side_mean": -38.40260696411133
    },
    {
      "high_freq": 1457.5709228515625,
      "loudness": -44.27727127075195,
      "loudness_range": 23.556264877319336,
      "low_freq": 794.6976318359375,
      "mid_mean": -44.011993408203125,
      "mid_to_side_loudness": -0.22975046932697296,
      "mid_to_side_loudness_range": 7.49122428894043,
      "side_mean": -43.90183639526367
    },
    {
      "high_freq": 2549.74365234375,
      "loudness": -52.02936935424805,
      "loudness_range": 29.630970001220703,
      "low_freq": 1457.5709228515625,
      "mid_mean": -53.233482360839844,
      "mid_to_side_loudness": -0.2345828115940094,
      "mid_to_side_loudness_range": 7.457255840301514,
      "side_mean": -53.06067657470703
    },
    {
      "high_freq": 4349.24462890625,
      "loudness": -60.50007247924805,
      "loudness_range": 30.306419372558594,
      "low_freq": 2549.74365234375,
      "mid_mean": -60.91724395751953,
      "mid_to_side_loudness": -0.5739718079566956,
      "mid_to_side_loudness_range": 6.793884754180908,
      "side_mean": -60.992557525634766
    },
    {
      "high_freq": 7314.1640625,
      "loudness": -65.4939193725586,
      "loudness_range": 28.768943786621094,
      "low_freq": 4349.24462890625,
      "mid_mean": -67.0705795288086,
      "mid_to_side_loudness": -0.16578450798988342,
      "mid_to_side_loudness_range": 6.96267557144165,
      "side_mean": -66.9654312133789
    },
    {
      "high_freq": 12199.2666015625,
      "loudness": -72.11493682861328,
      "loudness_range": 24.646976470947266,
      "low_freq": 7314.1640625,
      "mid_mean": -69.38151550292969,
      "mid_to_side_loudness": -1.3406665325164795,
      "mid_to_side_loudness_range": 6.157467842102051,
      "side_mean": -69.40121459960938
    },
    {
      "loudness": -80.2256088256836,
      "loudness_range": 17.537803649902344,
      "low_freq": 12199.2666015625,
      "mid_mean": -69.95352935791016,
      "mid_to_side_loudness": -1.9450924396514893,
      "mid_to_side_loudness_range": 6.797093391418457,
      "side_mean": -69.95353698730469
    }
  ],
  "bands_short": [
    {
      "high_freq": 148.1999969482422,
      "loudness": -55.954959869384766,
      "loudness_range": 24.49819564819336,
      "mid_mean": -53.22273635864258,
      "mid_to_side_loudness": -16.84833526611328,
      "mid_to_side_loudness_range": 14.197367668151855,
      "side_mean": -65.32422637939453
    },
    {
      "high_freq": 392.3793640136719,
      "loudness": -39.415313720703125,
      "loudness_range": 22.996797561645508,
      "low_freq": 148.1999969482422,
      "mid_mean": -36.93880081176758,
      "mid_to_side_loudness": -7.232446193695068,
      "mid_to_side_loudness_range": 10.280745506286621,
      "side_mean": -44.52496337890625
    },
    {
      "high_freq": 794.6976318359375,
      "loudness": -37.945030212402344,
      "loudness_range": 24.25583267211914,
      "low_freq": 392.3793640136719,
      "mid_mean": -36.90714645385742,
      "mid_to_side_loudness": -2.0440566539764404,
      "mid_to_side_loudness_range": 11.62197208404541,
      "side_mean": -38.97621536254883
    },
    {
      "high_freq": 1457.5709228515625,
      "loudness": -44.542144775390625,
      "loudness_range": 24.035717010498047,
      "low_freq": 794.6976318359375,
      "mid_mean": -44.27760314941406,
      "mid_to_side_loudness": -0.44363364577293396,
      "mid_to_side_loudness_range": 9.477375984191895,
      "side_mean": -44.304264068603516
    },
    {
      "high_freq": 2549.74365234375,
      "loudness": -52.70207595825195,
      "loudness_range": 30.264389038085938,
      "low_freq": 1457.5709228515625,
      "mid_mean": -53.99642562866211,
      "mid_to_side_loudness": -0.20290373265743256,
      "mid_to_side_loudness_range": 9.59415054321289,
      "side_mean": -53.93128204345703
    },
    {
      "high_freq": 4349.24462890625,
      "loudness": -60.18050765991211,
      "loudness_range": 30.877113342285156,
      "low_freq": 2549.74365234375,
      "mid_mean": -60.935970306396484,
      "mid_to_side_loudness": 0.10294904559850693,
      "mid_to_side_loudness_range": 9.58368968963623,
      "side_mean": -60.6573486328125
    },
    {
      "high_freq": 7314.1640625,
      "loudness": -65.86648559570312,
      "loudness_range": 28.498653411865234,
      "low_freq": 4349.24462890625,
      "mid_mean": -67.33555603027344,
      "mid_to_side_loudness": -0.2934620976448059,
      "mid_to_side_loudness_range": 9.509910583496094,
      "side_mean": -67.24569702148438
    },
    {
      "high_freq": 12199.2666015625,
      "loudness": -73.59925842285156,
      "loudness_range": 23.100597381591797,
      "low_freq": 7314.1640625,
      "mid_mean": -69.51798248291016,
      "mid_to_side_loudness": -1.6536333560943604,
      "mid_to_side_loudness_range": 11.5352783203125,
      "side_mean": -69.54605102539062
    },
    {
      "loudness": -78.85533905029297,
      "loudness_range": 15.931365966796875,
      "low_freq": 12199.2666015625,
      "mid_mean": -69.9673843383789,
      "mid_to_side_loudness": -2.312345027923584,
      "mid_to_side_loudness_range": 16.478286743164062,
      "side_mean": -69.96837615966797
    }
  ],
  "bandwidth": 603.1087646484375,
  "channels": 2,
  "covariance": [
    [
      72.9773178100586,
      60.53135299682617,
      37.8495979309082,
      40.202293395996094,
      28.714929580688477,
      26.93364143371582,
      24.00450897216797,
      20.206989288330078,
      45.4517822265625,
      42.45800018310547,
      30.34343719482422,
      31.097000122070312,
      14.47094440460205,
      14.815088272094727,
      3.582897663116455,
      3.3521289825439453,
      0.27504950761795044,
      0.2633094787597656
    ],
    [
      60.53135299682617,
      62.1898078918457,
      31.199691772460938,
      33.86812973022461,
      21.95928382873535,
      20.4871826171875,
      17.374160766601562,
      13.631766319274902,
      40.646915435791016,
      38.21080017089844,
      24.454593658447266,
      25.268226623535156,
      10.79627799987793,
      10.971160888671875,
      2.5240609645843506,
      2.2874133586883545,
      0.20948423445224762,
      0.19910292327404022
    ],
    [
      37.8495979309082,
      31.199691772460938,
      67.33257293701172,
      61.545928955078125,
      46.60001754760742,
      44.99453353881836,
      34.48320770263672,
      30.306087493896484,
      63.439964294433594,
      62.19569396972656,
      47.69545364379883,
      49.3825798034668,
      27.038122177124023,
      27.47478485107422,
      6.626553535461426,
      6.512782573699951,
      0.49349772930145264,
      0.5131838321685791
    ],
    [
      40.202293395996094,
      33.86812973022461,
      61.545928955078125,
      67.1700210571289,
      45.792362213134766,
      43.464542388916016,
      32.70301055908203,
      28.621074676513672,
      63.264408111572266,
      61.635459899902344,
      46.79779052734375,
      48.235923767089844,
      26.378673553466797,
      26.716983795166016,
      6.612363338470459,
      6.5553812980651855,
      0.4518096148967743,
      0.46808597445487976
    ],
    [
      28.714929580688477,
      21.95928382873535,
      46.60001754760742,
      45.792362213134766,
      64.75557708740234,
      57.56172561645508,
      45.988792419433594,
      44.336238861083984,
      67.6248779296875,
      67.90446472167969,
      55.79603576660156,
      56.528778076171875,
      29.99713897705078,
      30.75156593322754,
      7.614600658416748,
      7.436975955963135,
      0.5558156371116638,
      0.576158881187439
    ],
    [
      26.93364143371582,
      20.4871826171875,
      44.99453353881836,
      43.464542388916016,
      57.56172561645508,
      65.77989959716797,
      48.77326202392578,
      47.27141189575195,
      67.97502136230469,
      68.7475357055664,
      57.361087799072266,
      57.81200408935547,
      30.981643676757812,
      31.89304542541504,
      7.834257125854492,
      7.646356105804443,
      0.5677053332328796,
      0.5885214805603027
    ],
    [
      24.00450897216797,
      17.374160766601562,
      34.48320770263672,
      32.70301055908203,
      45.988792419433594,
      48.77326202392578,
      62.636714935302734,
      59.06391525268555,
      63.331214904785156,
      65.23824310302734,
      58.579986572265625,
      59.036678314208984,
      31.728097915649414,
      32.82595443725586,
      8.548527717590332,
      8.12157154083252,
      0.6417825818061829,
      0.6531423330307007
    ],
    [
      20.206989288330078,
      13.631766319274902,
      30.306087493896484,
      28.621074676513672,
      44.336238861083984,
      47.27141189575195,
      59.06391525268555,
      64.69915008544922,
      59.68147277832031,
      61.899169921875,
      56.83189392089844,
      57.741764068603516,
      30.664684295654297,
      31.914112091064453,
      8.612049102783203,
      8.155478477478027,
      0.6150798201560974,
      0.6205375790596008
    ],
    [
      45.4517822265625,
      40.646915435791016,
      63.439964294433594,
      63.264408111572266,
      67.6248779296875,
      67.97502136230469,
      63.331214904785156,
      59.68147277832031,
      107.96794891357422,
      107.09626770019531,
      82.74087524414062,
      83.91434478759766,
      44.47316360473633,
      45.84107208251953,
      11.315784454345703,
      10.95984935760498,
      0.9196638464927673,
      0.9426956176757812
    ],
    [
      42.45800018310547,
      38.21080017089844,
      62.19569396972656,
      61.635459899902344,
      67.90446472167969,
      68.7475357055664,
      65.23824310302734,
      61.899169921875,
      107.09626770019531,
      111.05093383789062,
      85.22437286376953,
      86.19094848632812,
      46.42232894897461,
      47.75844192504883,
      11.96823501586914,
      11.517114639282227,
      1.0634160041809082,
      1.1000585556030273
    ],
    [
      30.34343719482422,
      24.454593658447266,
      47.69545364379883,
      46.79779052734375,
      55.79603576660156,
      57.361087799072266,
      58.579986572265625,
      56.83189392089844,
      82.74087524414062,
      85.22437286376953,
      78.1215591430664,
      78.29716491699219,
      44.64016342163086,
      46.022396087646484,
      11.986968040466309,
      11.680527687072754,
      0.9133248925209045,
      0.9180059432983398
    ],
    [
      31.097000122070312,
      25.268226623535156,
      49.3825798034668,
      48.235923767089844,
      56.528778076171875,
      57.81200408935547,
      59.036678314208984,
      57.741764068603516,
      83.91434478759766,
      86.19094848632812,
      78.29716491699219,
      80.74393463134766,
      45.808799743652344,
      47.16545867919922,
      12.231406211853027,
      11.856607437133789,
      0.9429798126220703,
      0.9433687925338745
    ],
    [
      14.47094440460205,
      10.79627799987793,
      27.038122177124023,
      26.378673553466797,
      29.99713897705078,
      30.981643676757812,
      31.728097915649414,
      30.664684295654297,
      44.47316360473633,
      46.42232894897461,
      44.64016342163086,
      45.808799743652344,
      33.25490188598633,
      34.07339859008789,
      9.766682624816895,
      9.556702613830566,
      0.8775600790977478,
      0.9184670448303223
    ],
    [
      14.815088272094727,
      10.971160888671875,
      27.47478485107422,
      26.716983795166016,
      30.75156593322754,
      31.89304542541504,
      32.82595443725586,
      31.914112091064453,
      45.84107208251953,
      47.75844192504883,
      46.022396087646484,
      47.16545867919922,
      34.07339859008789,
      35.53227996826172,
      10.059855461120605,
      9.86160945892334,
      0.9341757893562317,
      0.9789741635322571
    ],
    [
      3.582897663116455,
      2.5240609645843506,
      6.626553535461426,
      6.612363338470459,
      7.614600658416748,
      7.834257125854492,
      8.548527717590332,
      8.612049102783203,
      11.315784454345703,
      11.96823501586914,
      11.986968040466309,
      12.231406211853027,
      9.766682624816895,
      10.059855461120605,
      4.436379909515381,
      4.236141681671143,
      0.4513210952281952,
      0.4558204710483551
    ],
    [
      3.3521289825439453,
      2.2874133586883545,
      6.512782573699951,
      6.5553812980651855,
      7.436975955963135,
      7.646356105804443,
      8.12157154083252,
      8.155478477478027,
      10.95984935760498,
      11.517114639282227,
      11.680527687072754,
      11.856607437133789,
      9.556702613830566,
      9.86160945892334,
      4.236141681671143,
      4.231522560119629,
      0.42840009927749634,
      0.43794330954551697
    ],
    [
      0.27504950761795044,
      0.20948423445224762,
      0.49349772930145264,
      0.4518096148967743,
      0.5558156371116638,
      0.5677053332328796,
      0.6417825818061829,
      0.6150798201560974,
      0.9196638464927673,
      1.0634160041809082,
      0.9133248925209045,
      0.9429798126220703,
      0.8775600790977478,
      0.9341757893562317,
      0.4513210952281952,
      0.42840009927749634,
      0.14850424230098724,
      0.1579052060842514
    ],
    [
      0.2633094787597656,
      0.19910292327404022,
      0.5131838321685791,
      0.46808597445487976,
      0.576158881187439,
      0.5885214805603027,
      0.6531423330307007,
      0.6205375790596008,
      0.9426956176757812,
      1.1000585556030273,
      0.9180059432983398,
      0.9433687925338745,
      0.9184670448303223,
      0.9789741635322571,
      0.4558204710483551,
      0.43794330954551697,
      0.1579052060842514,
      0.17069855332374573
    ]
  ],
  "covariance_short": [
    [
      79.2578125,
      37.13972473144531,
      38.12891387939453,
      36.88267517089844,
      26.688701629638672,
      27.514232635498047,
      27.063570022583008,
      23.233030319213867,
      50.58430099487305,
      48.77841567993164,
      34.607521057128906,
      35.54765701293945,
      15.837118148803711,
      16.370952606201172,
      3.644418478012085,
      3.3550798892974854,
      0.21769091486930847,
      0.20990875363349915
    ],
    [
      37.13972473144531,
      26.695594787597656,
      21.87492561340332,
      21.365154266357422,
      13.574576377868652,
      14.40740966796875,
      14.284282684326172,
      11.397635459899902,
      23.958852767944336,
      23.217548370361328,
      16.5599308013916,
      16.946075439453125,
      8.235245704650879,
      8.585283279418945,
      1.8020075559616089,
      1.6033190488815308,
      0.09490425884723663,
      0.08746947348117828
    ],
    [
      38.12891387939453,
      21.87492561340332,
      70.25565338134766,
      61.377586364746094,
      48.51618576049805,
      45.12449645996094,
      36.510536193847656,
      33.173038482666016,
      62.807491302490234,
      61.3390007019043,
      45.67683792114258,
      46.55470657348633,
      24.35310935974121,
      24.689714431762695,
      5.1300368309021,
      4.953980445861816,
      0.3070468008518219,
      0.30740082263946533
    ],
    [
      36.88267517089844,
      21.365154266357422,
      61.377586364746094,
      70.63300323486328,
      45.63916778564453,
      42.679779052734375,
      34.36099624633789,
      30.676231384277344,
      62.42763900756836,
      60.68511962890625,
      44.171058654785156,
      44.74702453613281,
      23.892906188964844,
      24.027063369750977,
      5.192535400390625,
      4.990544319152832,
      0.2862057685852051,
      0.28651532530784607
    ],
    [
      26.688701629638672,
      13.574576377868652,
      48.51618576049805,
      45.63916778564453,
      73.90379333496094,
      64.42936706542969,
      48.96393585205078,
      46.42182159423828,
      69.79292297363281,
      69.94847869873047,
      58.23060989379883,
      59.89689254760742,
      28.87230110168457,
      29.514907836914062,
      6.219059467315674,
      5.940471172332764,
      0.3881315588951111,
      0.3911856412887573
    ],
    [
      27.514232635498047,
      14.40740966796875,
      45.12449645996094,
      42.679779052734375,
      64.42936706542969,
      73.28128051757812,
      51.24858474731445,
      49.60479736328125,
      69.17870330810547,
      69.41560363769531,
      59.37748718261719,
      61.30143737792969,
      29.822059631347656,
      30.674299240112305,
      6.308315753936768,
      6.008630275726318,
      0.3822018504142761,
      0.3864535689353943
    ],
    [
      27.063570022583008,
      14.284282684326172,
      36.510536193847656,
      34.36099624633789,
      48.96393585205078,
      51.24858474731445,
      67.28300476074219,
      61.13044357299805,
      64.80425262451172,
      65.22552490234375,
      59.66260528564453,
      61.12180709838867,
      30.196229934692383,
      31.12372398376465,
      6.994910717010498,
      6.508206844329834,
      0.45403462648391724,
      0.45165905356407166
    ],
    [
      23.233030319213867,
      11.397635459899902,
      33.173038482666016,
      30.676231384277344,
      46.42182159423828,
      49.60479736328125,
      61.13044357299805,
      68.32205200195312,
      61.35131072998047,
      61.75923156738281,
      58.08345413208008,
      59.946285247802734,
      29.250057220458984,
      30.280427932739258,
      7.054848670959473,
      6.558509826660156,
      0.4513137936592102,
      0.44697755575180054
    ],
    [
      50.58430099487305,
      23.958852767944336,
      62.807491302490234,
      62.42763900756836,
      69.79292297363281,
      69.17870330810547,
      64.80425262451172,
      61.35131072998047,
      109.50015258789062,
      106.52462768554688,
      82.43783569335938,
      83.83468627929688,
      41.50802230834961,
      42.58316421508789,
      9.146236419677734,
      8.62354850769043,
      0.637971043586731,
      0.6399094462394714
    ],
    [
      48.77841567993164,
      23.217548370361328,
      61.3390007019043,
      60.68511962890625,
      69.94847869873047,
      69.41560363769531,
      65.22552490234375,
      61.75923156738281,
      106.52462768554688,
      111.26669311523438,
      84.63844299316406,
      85.33600616455078,
      42.957584381103516,
      44.00749206542969,
      9.494583129882812,
      8.960271835327148,
      0.716610312461853,
      0.7186201214790344
    ],
    [
      34.607521057128906,
      16.5599308013916,
      45.67683792114258,
      44.171058654785156,
      58.23060989379883,
      59.37748718261719,
      59.66260528564453,
      58.08345413208008,
      82.43783569335938,
      84.63844299316406,
      79.5799331665039,
      79.2392349243164,
      42.08997344970703,
      43.13344192504883,
      9.710622787475586,
      9.274391174316406,
      0.659091591835022,
      0.6488766670227051
    ],
    [
      35.54765701293945,
      16.946075439453125,
      46.55470657348633,
      44.74702453613281,
      59.89689254760742,
      61.30143737792969,
      61.12180709838867,
      59.946285247802734,
      83.83468627929688,
      85.33600616455078,
      79.2392349243164,
      83.56614685058594,
      42.78789138793945,
      43.85095977783203,
      9.78481388092041,
      9.309926986694336,
      0.670709490776062,
      0.659902036190033
    ],
    [
      15.837118148803711,
      8.235245704650879,
      24.35310935974121,
      23.892906188964844,
      28.87230110168457,
      29.822059631347656,
      30.196229934692383,
      29.250057220458984,
      41.50802230834961,
      42.957584381103516,
      42.08997344970703,
      42.78789138793945,
      30.20502281188965,
      30.564144134521484,
      7.776921272277832,
      7.427122592926025,
      0.6088473796844482,
      0.6177810430526733
    ],
    [
      16.370952606201172,
      8.585283279418945,
      24.689714431762695,
      24.027063369750977,
      29.514907836914062,
      30.674299240112305,
      31.12372398376465,
      30.280427932739258,
      42.58316421508789,
      44.00749206542969,
      43.13344192504883,
      43.85095977783203,
      30.564144134521484,
      31.967653274536133,
      7.898905277252197,
      7.579268455505371,
      0.6405036449432373,
      0.6502937078475952
    ],
    [
      3.644418478012085,
      1.8020075559616089,
      5.1300368309021,
      5.192535400390625,
      6.219059467315674,
      6.308315753936768,
      6.994910717010498,
      7.054848670959473,
      9.146236419677734,
      9.494583129882812,
      9.710622787475586,
      9.78481388092041,
      7.776921272277832,
      7.898905277252197,
      3.5325019359588623,
      3.2441086769104004,
      0.3447555601596832,
      0.3451205790042877
    ],
    [
      3.3550798892974854,
      1.6033190488815308,
      4.953980445861816,
      4.990544319152832,
      5.940471172332764,
      6.008630275726318,
      6.508206844329834,
      6.558509826660156,
      8.62354850769043,
      8.960271835327148,
      9.274391174316406,
      9.309926986694336,
      7.427122592926025,
      7.579268455505371,
      3.2441086769104004,
      3.239978551864624,
      0.3321532905101776,
      0.33287376165390015
    ],
    [
      0.21769091486930847,
      0.09490425884723663,
      0.3070468008518219,
      0.2862057685852051,
      0.3881315588951111,
      0.3822018504142761,
      0.45403462648391724,
      0.4513137936592102,
      0.637971043586731,
      0.716610312461853,
      0.659091591835022,
      0.670709490776062,
      0.6088473796844482,
      0.6405036449432373,
      0.3447555601596832,
      0.3321532905101776,
      0.12642425298690796,
      0.12763962149620056
    ],
    [
      0.20990875363349915,
      0.08746947348117828,
      0.30740082263946533,
      0.28651532530784607,
      0.3911856412887573,
      0.3864535689353943,
      0.45165905356407166,
      0.44697755575180054,
      0.6399094462394714,
      0.7186201214790344,
      0.6488766670227051,
      0.659902036190033,
      0.6177810430526733,
      0.6502937078475952,
      0.3451205790042877,
      0.33287376165390015,
      0.12763962149620056,
      0.13148647546768188
    ]
  ],
  "damage": -19.386356353759766,
  "diff_bandwidth": 626.8435668945312,
  "dissonance": 5.157256964102199,
  "drr": 7.930128574371338,
  "dynamics": 5.7125983238220215,
  "format": 1245190,
  "frames": 11233280,
  "loudness": -29.22965431213379,
  "loudness_range": 19.755586624145508,
  "loudness_range_short": 20.973989486694336,
  "lowpass_true_peak_15khz": -4.552977085113525,
  "mastering3_acoustic_entropies": [
    {
      "acoustic_entropy": 6.064302921295166,
      "acoustic_entropy_mono": 5.031477928161621,
      "band_eliminated_acoustic_entropies": [
        {
          "acoustic_entropy": 6.048264980316162,
          "acoustic_entropy_side": 6.064254283905029,
          "hz": 129.47220167065723
        },
        {
          "acoustic_entropy": 5.931716442108154,
          "acoustic_entropy_side": 6.0599260330200195,
          "hz": 202.92927478742237
        },
        {
          "acoustic_entropy": 5.911764621734619,
          "acoustic_entropy_side": 6.065075397491455,
          "hz": 282.89161906338205
        },
        {
          "acoustic_entropy": 6.513754367828369,
          "acoustic_entropy_side": 6.021416187286377,
          "hz": 369.9353335868758
        },
        {
          "acoustic_entropy": 5.253769397735596,
          "acoustic_entropy_side": 6.377017021179199,
          "hz": 464.6875360973435
        },
        {
          "acoustic_entropy": 5.6604533195495605,
          "acoustic_entropy_side": 5.942402362823486,
          "hz": 567.8308811364784
        },
        {
          "acoustic_entropy": 6.055495262145996,
          "acoustic_entropy_side": 5.966648101806641,
          "hz": 680.1084783214808
        },
        {
          "acoustic_entropy": 5.669955730438232,
          "acoustic_entropy_side": 6.252347946166992,
          "hz": 802.3292461747484
        },
        {
          "acoustic_entropy": 6.160778522491455,
          "acoustic_entropy_side": 5.930331230163574,
          "hz": 935.3737400823702
        },
        {
          "acoustic_entropy": 5.942944049835205,
          "acoustic_entropy_side": 5.943514347076416,
          "hz": 1080.2004963696966
        },
        {
          "acoustic_entropy": 5.959071636199951,
          "acoustic_entropy_side": 6.068572998046875,
          "hz": 1237.8529382007157
        },
        {
          "acoustic_entropy": 5.99146032333374,
          "acoustic_entropy_side": 6.010434150695801,
          "hz": 1409.4668930556702
        },
        {
          "acoustic_entropy": 6.011382102966309,
          "acoustic_entropy_side": 5.992493152618408,
          "hz": 1596.2787759475705
        },
        {
          "acoustic_entropy": 5.984152793884277,
          "acoustic_entropy_side": 6.015535831451416,
          "hz": 1799.6344973346393
        },
        {
          "acoustic_entropy": 5.918701171875,
          "acoustic_entropy_side": 5.993245601654053,
          "hz": 2020.9991599069049
        },
        {
          "acoustic_entropy": 5.885014533996582,
          "acoustic_entropy_side": 5.954473972320557,
          "hz": 2261.9676141086993
        },
        {
          "acoustic_entropy": 5.684057235717773,
          "acoustic_entropy_side": 5.7967681884765625,
          "hz": 2524.2759484456974
        },
        {
          "acoustic_entropy": 5.981889724731445,
          "acoustic_entropy_side": 6.013655185699463,
          "hz": 2809.813997359896
        },
        {
          "acoustic_entropy": 5.982016086578369,
          "acoustic_entropy_side": 6.009442329406738,
          "hz": 3120.6389567871424
        },
        {
          "acoustic_entropy": 5.982299327850342,
          "acoustic_entropy_side": 6.007399559020996,
          "hz": 3458.990205492291
        },
        {
          "acoustic_entropy": 5.966989994049072,
          "acoustic_entropy_side": 6.00369119644165,
          "hz": 3827.305438964164
        },
        {
          "acoustic_entropy": 6.02970552444458,
          "acoustic_entropy_side": 6.0502753257751465,
          "hz": 4228.238232109126
        },
        {
          "acoustic_entropy": 6.045826435089111,
          "acoustic_entropy_side": 6.055931568145752,
          "hz": 4664.6771572759235
        },
        {
          "acoustic_entropy": 6.045623779296875,
          "acoustic_entropy_side": 6.052823066711426,
          "hz": 5139.766595350093
        },
        {
          "acoustic_entropy": 6.062357425689697,
          "acoustic_entropy_side": 6.063591957092285,
          "hz": 5656.929389854203
        },
        {
          "acoustic_entropy": 6.061947345733643,
          "acoustic_entropy_side": 6.06277322769165,
          "hz": 6219.891507268283
        },
        {
          "acoustic_entropy": 6.060630798339844,
          "acoustic_entropy_side": 6.061312198638916,
          "hz": 6832.70888123896
        },
        {
          "acoustic_entropy": 6.062183856964111,
          "acoustic_entropy_side": 6.062958717346191,
          "hz": 7499.796634079867
        },
        {
          "acoustic_entropy": 6.0638203620910645,
          "acoustic_entropy_side": 6.063969135284424,
          "hz": 8225.96088609342
        },
        {
          "acoustic_entropy": 6.06422233581543,
          "acoustic_entropy_side": 6.064252853393555,
          "hz": 9016.43338188839
        },
        {
          "acoustic_entropy": 6.064284324645996,
          "acoustic_entropy_side": 6.064291477203369,
          "hz": 9876.909183162974
        },
        {
          "acoustic_entropy": 6.064225673675537,
          "acoustic_entropy_side": 6.064270973205566,
          "hz": 10813.587699516042
        },
        {
          "acoustic_entropy": 6.064232349395752,
          "acoustic_entropy_side": 6.064284324645996,
          "hz": 11833.21735289826
        },
        {
          "acoustic_entropy": 6.06430196762085,
          "acoustic_entropy_side": 6.06430196762085,
          "hz": 12943.144197493959
        },
        {
          "acoustic_entropy": 6.064293384552002,
          "acoustic_entropy_side": 6.064296722412109,
          "hz": 14151.364845322005
        },
        {
          "acoustic_entropy": 6.064303874969482,
          "acoustic_entropy_side": 6.064303398132324,
          "hz": 15466.58407886509
        },
        {
          "acoustic_entropy": 6.064303398132324,
          "acoustic_entropy_side": 6.064303398132324,
          "hz": 16898.27756580493
        },
        {
          "acoustic_entropy": 6.064302921295166,
          "acoustic_entropy_side": 6.064302921295166,
          "hz": 18456.760127700032
        },
        {
          "acoustic_entropy": 6.064302921295166,
          "acoustic_entropy_side": 6.064302921295166,
          "hz": 20153.260054456492
        },
        {
          "acoustic_entropy": 6.064302921295166,
          "acoustic_entropy_side": 6.064302921295166,
          "hz": 22000.00000000001
        }
      ],
      "diff_acoustic_entropy": 3.64635968208313,
      "sn": 6
    },
    {
      "acoustic_entropy": 10.307930946350098,
      "acoustic_entropy_mono": 8.442816734313965,
      "band_eliminated_acoustic_entropies": [
        {
          "acoustic_entropy": 10.280750274658203,
          "acoustic_entropy_side": 10.307639122009277,
          "hz": 129.47220167065723
        },
        {
          "acoustic_entropy": 9.704024314880371,
          "acoustic_entropy_side": 10.249876976013184,
          "hz": 202.92927478742237
        },
        {
          "acoustic_entropy": 9.591471672058105,
          "acoustic_entropy_side": 10.21475601196289,
          "hz": 282.89161906338205
        },
        {
          "acoustic_entropy": 10.078242301940918,
          "acoustic_entropy_side": 10.160811424255371,
          "hz": 369.9353335868758
        },
        {
          "acoustic_entropy": 9.353204727172852,
          "acoustic_entropy_side": 10.610187530517578,
          "hz": 464.6875360973435
        },
        {
          "acoustic_entropy": 9.016324996948242,
          "acoustic_entropy_side": 9.910234451293945,
          "hz": 567.8308811364784
        },
        {
          "acoustic_entropy": 9.735372543334961,
          "acoustic_entropy_side": 10.377391815185547,
          "hz": 680.1084783214808
        },
        {
          "acoustic_entropy": 10.35537052154541,
          "acoustic_entropy_side": 10.450958251953125,
          "hz": 802.3292461747484
        },
        {
          "acoustic_entropy": 10.139727592468262,
          "acoustic_entropy_side": 9.788836479187012,
          "hz": 935.3737400823702
        },
        {
          "acoustic_entropy": 10.22620677947998,
          "acoustic_entropy_side": 10.713096618652344,
          "hz": 1080.2004963696966
        },
        {
          "acoustic_entropy": 10.3800048828125,
          "acoustic_entropy_side": 10.374969482421875,
          "hz": 1237.8529382007157
        },
        {
          "acoustic_entropy": 9.973207473754883,
          "acoustic_entropy_side": 10.387887954711914,
          "hz": 1409.4668930556702
        },
        {
          "acoustic_entropy": 10.496298789978027,
          "acoustic_entropy_side": 10.297534942626953,
          "hz": 1596.2787759475705
        },
        {
          "acoustic_entropy": 10.144067764282227,
          "acoustic_entropy_side": 10.130636215209961,
          "hz": 1799.6344973346393
        },
        {
          "acoustic_entropy": 10.486355781555176,
          "acoustic_entropy_side": 10.491571426391602,
          "hz": 2020.9991599069049
        },
        {
          "acoustic_entropy": 10.529558181762695,
          "acoustic_entropy_side": 10.480695724487305,
          "hz": 2261.9676141086993
        },
        {
          "acoustic_entropy": 10.410296440124512,
          "acoustic_entropy_side": 10.375020980834961,
          "hz": 2524.2759484456974
        },
        {
          "acoustic_entropy": 10.268004417419434,
          "acoustic_entropy_side": 10.261398315429688,
          "hz": 2809.813997359896
        },
        {
          "acoustic_entropy": 10.27745532989502,
          "acoustic_entropy_side": 10.316338539123535,
          "hz": 3120.6389567871424
        },
        {
          "acoustic_entropy": 10.403341293334961,
          "acoustic_entropy_side": 10.369863510131836,
          "hz": 3458.990205492291
        },
        {
          "acoustic_entropy": 10.456072807312012,
          "acoustic_entropy_side": 10.40336799621582,
          "hz": 3827.305438964164
        },
        {
          "acoustic_entropy": 10.285384178161621,
          "acoustic_entropy_side": 10.281396865844727,
          "hz": 4228.238232109126
        },
        {
          "acoustic_entropy": 10.357172966003418,
          "acoustic_entropy_side": 10.338907241821289,
          "hz": 4664.6771572759235
        },
        {
          "acoustic_entropy": 10.341575622558594,
          "acoustic_entropy_side": 10.328316688537598,
          "hz": 5139.766595350093
        },
        {
          "acoustic_entropy": 10.340324401855469,
          "acoustic_entropy_side": 10.326159477233887,
          "hz": 5656.929389854203
        },
        {
          "acoustic_entropy": 10.333110809326172,
          "acoustic_entropy_side": 10.324999809265137,
          "hz": 6219.891507268283
        },
        {
          "acoustic_entropy": 10.31674575805664,
          "acoustic_entropy_side": 10.311434745788574,
          "hz": 6832.70888123896
        },
        {
          "acoustic_entropy": 10.320545196533203,
          "acoustic_entropy_side": 10.31588363647461,
          "hz": 7499.796634079867
        },
        {
          "acoustic_entropy": 10.309422492980957,
          "acoustic_entropy_side": 10.308934211730957,
          "hz": 8225.96088609342
        },
        {
          "acoustic_entropy": 10.308560371398926,
          "acoustic_entropy_side": 10.30827808380127,
          "hz": 9016.43338188839
        },
        {
          "acoustic_entropy": 10.308170318603516,
          "acoustic_entropy_side": 10.308052062988281,
          "hz": 9876.909183162974
        },
        {
          "acoustic_entropy": 10.309282302856445,
          "acoustic_entropy_side": 10.30838394165039,
          "hz": 10813.587699516042
        },
        {
          "acoustic_entropy": 10.308799743652344,
          "acoustic_entropy_side": 10.308241844177246,
          "hz": 11833.21735289826
        },
        {
          "acoustic_entropy": 10.307929039001465,
          "acoustic_entropy_side": 10.307918548583984,
          "hz": 12943.144197493959
        },
        {
          "acoustic_entropy": 10.307669639587402,
          "acoustic_entropy_side": 10.30774211883545,
          "hz": 14151.364845322005
        },
        {
          "acoustic_entropy": 10.307943344116211,
          "acoustic_entropy_side": 10.307936668395996,
          "hz": 15466.58407886509
        },
        {
          "acoustic_entropy": 10.307928085327148,
          "acoustic_entropy_side": 10.307928085327148,
          "hz": 16898.27756580493
        },
        {
          "acoustic_entropy": 10.307929992675781,
          "acoustic_entropy_side": 10.307930946350098,
          "hz": 18456.760127700032
        },
        {
          "acoustic_entropy": 10.307929992675781,
          "acoustic_entropy_side": 10.307930946350098,
          "hz": 20153.260054456492
        },
        {
          "acoustic_entropy": 10.307930946350098,
          "acoustic_entropy_side": 10.307930946350098,
          "hz": 22000.00000000001
        }
      ],
      "diff_acoustic_entropy": 6.392244338989258,
      "sn": 12
    },
    {
      "acoustic_entropy": 14.603092193603516,
      "acoustic_entropy_mono": 12.780129432678223,
      "band_eliminated_acoustic_entropies": [
        {
          "acoustic_entropy": 14.663193702697754,
          "acoustic_entropy_side": 14.587433815002441,
          "hz": 129.47220167065723
        },
        {
          "acoustic_entropy": 15.185100555419922,
          "acoustic_entropy_side": 14.814726829528809,
          "hz": 202.92927478742237
        },
        {
          "acoustic_entropy": 15.031341552734375,
          "acoustic_entropy_side": 14.540975570678711,
          "hz": 282.89161906338205
        },
        {
          "acoustic_entropy": 15.196413040161133,
          "acoustic_entropy_side": 14.299322128295898,
          "hz": 369.9353335868758
        },
        {
          "acoustic_entropy": 14.363320350646973,
          "acoustic_entropy_side": 15.216060638427734,
          "hz": 464.6875360973435
        },
        {
          "acoustic_entropy": 13.795886039733887,
          "acoustic_entropy_side": 14.99622631072998,
          "hz": 567.8308811364784
        },
        {
          "acoustic_entropy": 15.253527641296387,
          "acoustic_entropy_side": 15.606356620788574,
          "hz": 680.1084783214808
        },
        {
          "acoustic_entropy": 15.96115779876709,
          "acoustic_entropy_side": 15.440186500549316,
          "hz": 802.3292461747484
        },
        {
          "acoustic_entropy": 15.107453346252441,
          "acoustic_entropy_side": 14.607596397399902,
          "hz": 935.3737400823702
        },
        {
          "acoustic_entropy": 15.26768684387207,
          "acoustic_entropy_side": 15.46206283569336,
          "hz": 1080.2004963696966
        },
        {
          "acoustic_entropy": 14.929893493652344,
          "acoustic_entropy_side": 14.574308395385742,
          "hz": 1237.8529382007157
        },
        {
          "acoustic_entropy": 15.524100303649902,
          "acoustic_entropy_side": 14.786419868469238,
          "hz": 1409.4668930556702
        },
        {
          "acoustic_entropy": 14.719959259033203,
          "acoustic_entropy_side": 14.6323881149292,
          "hz": 1596.2787759475705
        },
        {
          "acoustic_entropy": 14.667935371398926,
          "acoustic_entropy_side": 14.762721061706543,
          "hz": 1799.6344973346393
        },
        {
          "acoustic_entropy": 14.285307884216309,
          "acoustic_entropy_side": 14.543401718139648,
          "hz": 2020.9991599069049
        },
        {
          "acoustic_entropy": 14.889028549194336,
          "acoustic_entropy_side": 14.855714797973633,
          "hz": 2261.9676141086993
        },
        {
          "acoustic_entropy": 15.05034351348877,
          "acoustic_entropy_side": 14.663189888000488,
          "hz": 2524.2759484456974
        },
        {
          "acoustic_entropy": 14.947076797485352,
          "acoustic_entropy_side": 14.966897964477539,
          "hz": 2809.813997359896
        },
        {
          "acoustic_entropy": 14.558676719665527,
