{
  "acoustic_entropy": 88.8612289428711,
  "bands": [
    {
      "high_freq": 148.1999969482422,
      "loudness": -23.484375,
      "loudness_range": 17.484010696411133,
      "mid_mean": -19.787954330444336,
      "mid_to_side_loudness": -28.722740173339844,
      "mid_to_side_loudness_range": 40.983184814453125,
      "side_mean": -60.41793441772461
    },
    {
      "high_freq": 392.3793640136719,
      "loudness": -27.609949111938477,
      "loudness_range": 13.112741470336914,
      "low_freq": 148.1999969482422,
      "mid_mean": -24.435115814208984,
      "mid_to_side_loudness": -8.76797103881836,
      "mid_to_side_loudness_range": 21.240175247192383,
      "side_mean": -36.7148551940918
    },
    {
      "high_freq": 794.6976318359375,
      "loudness": -30.310134887695312,
      "loudness_range": 21.229887008666992,
      "low_freq": 392.3793640136719,
      "mid_mean": -28.860166549682617,
      "mid_to_side_loudness": -7.131673812866211,
      "mid_to_side_loudness_range": 10.34521198272705,
      "side_mean": -38.689029693603516
    },
    {
      "high_freq": 1457.5709228515625,
      "loudness": -35.930240631103516,
      "loudness_range": 22.67375373840332,
      "low_freq": 794.6976318359375,
      "mid_mean": -34.069705963134766,
      "mid_to_side_loudness": -6.142910480499268,
      "mid_to_side_loudness_range": 7.415510177612305,
      "side_mean": -40.7861213684082
    },
    {
      "high_freq": 2549.74365234375,
      "loudness": -39.77538299560547,
      "loudness_range": 20.635780334472656,
      "low_freq": 1457.5709228515625,
      "mid_mean": -38.808998107910156,
      "mid_to_side_loudness": -5.488414764404297,
      "mid_to_side_loudness_range": 7.644193172454834,
      "side_mean": -50.45566177368164
    },
    {
      "high_freq": 4349.24462890625,
      "loudness": -41.69598388671875,
      "loudness_range": 22.648372650146484,
      "low_freq": 2549.74365234375,
      "mid_mean": -40.491661071777344,
      "mid_to_side_loudness": -5.075361251831055,
      "mid_to_side_loudness_range": 8.251672744750977,
      "side_mean": -51.90416717529297
    },
    {
      "high_freq": 7314.1640625,
      "loudness": -39.98891830444336,
      "loudness_range": 19.155635833740234,
      "low_freq": 4349.24462890625,
      "mid_mean": -41.606266021728516,
      "mid_to_side_loudness": -3.3952291011810303,
      "mid_to_side_loudness_range": 6.664391994476318,
      "side_mean": -51.686527252197266
    },
    {
      "high_freq": 12199.2666015625,
      "loudness": -43.55821228027344,
      "loudness_range": 21.52475357055664,
      "low_freq": 7314.1640625,
      "mid_mean": -51.69922637939453,
      "mid_to_side_loudness": -3.3779172897338867,
      "mid_to_side_loudness_range": 4.539809226989746,
      "side_mean": -54.40575408935547
    },
    {
      "loudness": -48.621131896972656,
      "loudness_range": 17.884109497070312,
      "low_freq": 12199.2666015625,
      "mid_mean": -56.38256072998047,
      "mid_to_side_loudness": -2.648038625717163,
      "mid_to_side_loudness_range": 3.625181198120117,
      "side_mean": -58.24288558959961
    }
  ],
  "bands_short": [
    {
      "high_freq": 148.1999969482422,
      "loudness": -25.451570510864258,
      "loudness_range": 21.664749145507812,
      "mid_mean": -22.21114730834961,
      "mid_to_side_loudness": -30.430198669433594,
      "mid_to_side_loudness_range": 45.072566986083984,
      "side_mean": -64.20560455322266
    },
    {
      "high_freq": 392.3793640136719,
      "loudness": -27.437850952148438,
      "loudness_range": 16.34518814086914,
      "low_freq": 148.1999969482422,
      "mid_mean": -24.33876609802246,
      "mid_to_side_loudness": -9.63528060913086,
      "mid_to_side_loudness_range": 24.070533752441406,
      "side_mean": -40.99442672729492
    },
    {
      "high_freq": 794.6976318359375,
      "loudness": -31.55435562133789,
      "loudness_range": 22.951953887939453,
      "low_freq": 392.3793640136719,
      "mid_mean": -30.059091567993164,
      "mid_to_side_loudness": -7.92948579788208,
      "mid_to_side_loudness_range": 13.101938247680664,
      "side_mean": -40.731956481933594
    },
    {
      "high_freq": 1457.5709228515625,
      "loudness": -37.375465393066406,
      "loudness_range": 25.613082885742188,
      "low_freq": 794.6976318359375,
      "mid_mean": -35.46601104736328,
      "mid_to_side_loudness": -5.473506927490234,
      "mid_to_side_loudness_range": 9.442161560058594,
      "side_mean": -41.43896484375
    },
    {
      "high_freq": 2549.74365234375,
      "loudness": -42.781227111816406,
      "loudness_range": 26.295082092285156,
      "low_freq": 1457.5709228515625,
      "mid_mean": -41.831756591796875,
      "mid_to_side_loudness": -5.033243179321289,
      "mid_to_side_loudness_range": 7.922163486480713,
      "side_mean": -52.250728607177734
    },
    {
      "high_freq": 4349.24462890625,
      "loudness": -46.44111251831055,
      "loudness_range": 33.00639343261719,
      "low_freq": 2549.74365234375,
      "mid_mean": -51.35038375854492,
      "mid_to_side_loudness": -5.171492099761963,
      "mid_to_side_loudness_range": 10.378559112548828,
      "side_mean": -55.523799896240234
    },
    {
      "high_freq": 7314.1640625,
      "loudness": -45.521392822265625,
      "loudness_range": 33.07713317871094,
      "low_freq": 4349.24462890625,
      "mid_mean": -55.682525634765625,
      "mid_to_side_loudness": -3.0770721435546875,
      "mid_to_side_loudness_range": 7.064230442047119,
      "side_mean": -57.73066711425781
    },
    {
      "high_freq": 12199.2666015625,
      "loudness": -46.91865158081055,
      "loudness_range": 31.222652435302734,
      "low_freq": 7314.1640625,
      "mid_mean": -58.5367431640625,
      "mid_to_side_loudness": -2.467176914215088,
      "mid_to_side_loudness_range": 4.587950706481934,
      "side_mean": -60.2135009765625
    },
    {
      "loudness": -51.02495193481445,
      "loudness_range": 34.10050582885742,
      "low_freq": 12199.2666015625,
      "mid_mean": -64.51890563964844,
      "mid_to_side_loudness": -1.854425072669983,
      "mid_to_side_loudness_range": 3.6561331748962402,
      "side_mean": -65.30400848388672
    }
  ],
  "bandwidth": 290.4045104980469,
  "channels": 2,
  "covariance": [
    [
      41.031490325927734,
      6.494402885437012,
      3.8337719440460205,
      -7.184176445007324,
      5.722059726715088,
      2.771106719970703,
      2.0007827281951904,
      3.7437832355499268,
      -3.2723987102508545,
      1.288508653640747,
      -7.1817708015441895,
      -5.723949909210205,
      -14.971385955810547,
      -10.349072456359863,
      -8.493122100830078,
      -8.581319808959961,
      -10.137187957763672,
      -10.017367362976074
    ],
    [
      6.494402885437012,
      68.65785217285156,
      18.004924774169922,
      39.37938690185547,
      46.998992919921875,
      62.72563171386719,
      55.236759185791016,
      52.00246810913086,
      56.865543365478516,
      96.19352722167969,
      46.98316192626953,
      85.58454132080078,
      42.386070251464844,
      89.81793212890625,
      92.08378601074219,
      80.6513671875,
      71.73619079589844,
      62.446468353271484
    ],
    [
      3.8337719440460205,
      18.004924774169922,
      25.478252410888672,
      34.039573669433594,
      30.363277435302734,
      35.33641052246094,
      27.390838623046875,
      27.084819793701172,
      26.30294418334961,
      29.23607063293457,
      16.505870819091797,
      16.79231834411621,
      6.853607177734375,
      10.551194190979004,
      11.03322982788086,
      12.179499626159668,
      13.627410888671875,
      12.969083786010742
    ],
    [
      -7.184176445007324,
      39.37938690185547,
      34.039573669433594,
      79.58068084716797,
      59.48167419433594,
      70.21041107177734,
      56.902427673339844,
      53.387969970703125,
      58.73432540893555,
      62.80972671508789,
      44.20756149291992,
      46.14111328125,
      33.43821334838867,
      40.531471252441406,
      41.580833435058594,
      42.49799728393555,
      45.34765625,
      42.49135971069336
    ],
    [
      5.722059726715088,
      46.998992919921875,
      30.363277435302734,
      59.48167419433594,
      94.74620819091797,
      88.15382385253906,
      72.83184814453125,
      68.16715240478516,
      72.9936294555664,
      75.26087951660156,
      46.916404724121094,
      45.18879318237305,
      28.515830993652344,
      41.937782287597656,
      44.61724090576172,
      44.007755279541016,
      45.39113998413086,
      41.430904388427734
    ],
    [
      2.771106719970703,
      62.72563171386719,
      35.33641052246094,
      70.21041107177734,
      88.15382385253906,
      120.0358657836914,
      100.3178482055664,
      91.63249206542969,
      94.27107238769531,
      106.30793762207031,
      64.51658630371094,
      80.21409606933594,
      39.18402099609375,
      78.53046417236328,
      78.8292465209961,
      75.52385711669922,
      73.24862670898438,
      66.2917251586914
    ],
    [
      2.0007827281951904,
      55.236759185791016,
      27.390838623046875,
      56.902427673339844,
      72.83184814453125,
      100.3178482055664,
      90.67585754394531,
      81.09232330322266,
      84.52763366699219,
      93.35395050048828,
      60.19174575805664,
      72.47821044921875,
      40.56715774536133,
      72.41651916503906,
      73.47181701660156,
      67.95108795166016,
      67.56644439697266,
      60.81200408935547
    ],
    [
      3.7437832355499268,
      52.00246810913086,
      27.084819793701172,
      53.387969970703125,
      68.16715240478516,
      91.63249206542969,
      81.09232330322266,
      80.17665100097656,
      76.02552032470703,
      87.01216888427734,
      55.31949234008789,
      68.4423599243164,
      34.65389633178711,
      65.7706298828125,
      65.41573333740234,
      62.67124557495117,
      61.039554595947266,
      55.38137435913086
    ],
    [
      -3.2723987102508545,
      56.865543365478516,
      26.30294418334961,
      58.73432540893555,
      72.9936294555664,
      94.27107238769531,
      84.52763366699219,
      76.02552032470703,
      96.99915313720703,
      92.22663879394531,
      73.61295318603516,
      75.15016174316406,
      56.61460876464844,
      78.54082489013672,
      80.10779571533203,
      73.7577133178711,
      74.66768646240234,
      67.44847106933594
    ],
    [
      1.288508653640747,
      96.19352722167969,
      29.23607063293457,
      62.80972671508789,
      75.26087951660156,
      106.30793762207031,
      93.35395050048828,
      87.01216888427734,
      92.22663879394531,
      178.5115203857422,
      69.59515380859375,
      156.12509155273438,
      50.47429275512695,
      158.03541564941406,
      157.81051635742188,
      139.87596130371094,
      128.93276977539062,
      113.72091674804688
    ],
    [
      -7.1817708015441895,
      46.98316192626953,
      16.505870819091797,
      44.20756149291992,
      46.916404724121094,
      64.51658630371094,
      60.19174575805664,
      55.31949234008789,
      73.61295318603516,
      69.59515380859375,
      92.28776550292969,
      83.84671783447266,
      86.1640853881836,
      97.27716827392578,
      98.76079559326172,
      91.98731994628906,
      84.95687103271484,
      77.09815979003906
    ],
    [
      -5.723949909210205,
      85.58454132080078,
      16.79231834411621,
      46.14111328125,
      45.18879318237305,
      80.21409606933594,
      72.47821044921875,
      68.4423599243164,
      75.15016174316406,
      156.12509155273438,
      83.84671783447266,
      164.02789306640625,
      82.95641326904297,
      178.69778442382812,
      177.5494842529297,
      160.39427185058594,
      143.56471252441406,
      127.51163482666016
    ],
    [
      -14.971385955810547,
      42.386070251464844,
      6.853607177734375,
      33.43821334838867,
      28.515830993652344,
      39.18402099609375,
      40.56715774536133,
      34.65389633178711,
      56.61460876464844,
      50.47429275512695,
      86.1640853881836,
      82.95641326904297,
      124.93575286865234,
      119.16878509521484,
      124.39791107177734,
      113.4021987915039,
      104.69047546386719,
      94.56395721435547
    ],
    [
      -10.349072456359863,
      89.81793212890625,
      10.551194190979004,
      40.531471252441406,
      41.937782287597656,
      78.53046417236328,
      72.41651916503906,
      65.7706298828125,
      78.54082489013672,
      158.03541564941406,
      97.27716827392578,
      178.69778442382812,
      119.16878509521484,
      211.1260986328125,
      211.3060760498047,
      191.3760528564453,
      171.7288818359375,
      152.64816284179688
    ],
    [
      -8.493122100830078,
      92.08378601074219,
      11.03322982788086,
      41.580833435058594,
      44.61724090576172,
      78.8292465209961,
      73.47181701660156,
      65.41573333740234,
      80.10779571533203,
      157.81051635742188,
      98.76079559326172,
      177.5494842529297,
      124.39791107177734,
      211.3060760498047,
      214.4126434326172,
      192.26808166503906,
      170.92051696777344,
      151.2707977294922
    ],
    [
      -8.581319808959961,
      80.6513671875,
      12.179499626159668,
      42.49799728393555,
      44.007755279541016,
      75.52385711669922,
      67.95108795166016,
      62.67124557495117,
      73.7577133178711,
      139.87596130371094,
      91.98731994628906,
      160.39427185058594,
      113.4021987915039,
      191.3760528564453,
      192.26808166503906,
      177.06263732910156,
      156.9878387451172,
      139.9465789794922
    ],
    [
      -10.137187957763672,
      71.73619079589844,
      13.627410888671875,
      45.34765625,
      45.39113998413086,
      73.24862670898438,
      67.56644439697266,
      61.039554595947266,
      74.66768646240234,
      128.93276977539062,
      84.95687103271484,
      143.56471252441406,
      104.69047546386719,
      171.7288818359375,
      170.92051696777344,
      156.9878387451172,
      151.04183959960938,
      135.62603759765625
    ],
    [
      -10.017367362976074,
      62.446468353271484,
      12.969083786010742,
      42.49135971069336,
      41.430904388427734,
      66.2917251586914,
      60.81200408935547,
      55.38137435913086,
      67.44847106933594,
      113.72091674804688,
      77.09815979003906,
      127.51163482666016,
      94.56395721435547,
      152.64816284179688,
      151.2707977294922,
      139.9465789794922,
      135.62603759765625,
      122.31674194335938
    ]
  ],
  "covariance_short": [
    [
      68.60547637939453,
      14.50760269165039,
      23.37251091003418,
      -5.299098968505859,
      16.95610237121582,
      11.684636116027832,
      11.9285888671875,
      15.707775115966797,
      7.655439376831055,
      9.108057975769043,
      4.286609172821045,
      4.079103946685791,
      -5.102888107299805,
      -6.957730293273926,
      -7.749200344085693,
      -7.603930950164795,
      -0.9403095245361328,
      -1.4109880924224854
    ],
    [
      14.50760269165039,
      53.0035400390625,
      26.569965362548828,
      56.853023529052734,
      46.515869140625,
      54.79800033569336,
      46.6414794921875,
      45.59318161010742,
      55.509765625,
      70.05384826660156,
      72.38311004638672,
      62.849937438964844,
      63.851505279541016,
      56.1977424621582,
      52.289451599121094,
      45.665557861328125,
      30.531982421875,
      27.186065673828125
    ],
    [
      23.37251091003418,
      26.569965362548828,
      41.703182220458984,
      38.34956741333008,
      38.706443786621094,
      40.68077850341797,
      33.606849670410156,
      32.948753356933594,
      32.2494010925293,
      31.851221084594727,
      24.664165496826172,
      22.497713088989258,
      17.307010650634766,
      12.160717964172363,
      11.827893257141113,
      9.667311668395996,
      14.98925495147705,
      13.104859352111816
    ],
    [
      -5.299098968505859,
      56.853023529052734,
      38.34956741333008,
      145.6846160888672,
      97.90486145019531,
      117.79275512695312,
      100.62175750732422,
      90.67231750488281,
      107.8260726928711,
      105.26707458496094,
      94.19603729248047,
      80.74396514892578,
      77.26043701171875,
      66.73824310302734,
      63.34062576293945,
      56.64179992675781,
      41.71538162231445,
      37.98118209838867
    ],
    [
      16.95610237121582,
      46.515869140625,
      38.706443786621094,
      97.90486145019531,
      110.47463989257812,
      99.50672149658203,
      86.28255462646484,
      83.04603576660156,
      89.36132049560547,
      86.99114990234375,
      64.55635833740234,
      56.167415618896484,
      43.518550872802734,
      36.700843811035156,
      33.38710403442383,
      30.097875595092773,
      23.10218048095703,
      21.136219024658203
    ],
    [
      11.684636116027832,
      54.79800033569336,
      40.68077850341797,
      117.79275512695312,
      99.50672149658203,
      123.3503189086914,
      102.52880096435547,
      99.08338928222656,
      107.36567687988281,
      107.09910583496094,
      91.72795867919922,
      79.99237823486328,
      69.1716079711914,
      60.03907012939453,
      53.970184326171875,
      48.93449401855469,
      34.50613784790039,
      31.887516021728516
    ],
    [
      11.9285888671875,
      46.6414794921875,
      33.606849670410156,
      100.62175750732422,
      86.28255462646484,
      102.52880096435547,
      95.82526397705078,
      88.31037902832031,
      99.36202239990234,
      95.04656219482422,
      84.62244415283203,
      72.53821563720703,
      65.85687255859375,
      56.51338195800781,
      52.22602081298828,
      46.66282653808594,
      38.15022277832031,
      34.65382766723633
    ],
    [
      15.707775115966797,
      45.59318161010742,
      32.948753356933594,
      90.67231750488281,
      83.04603576660156,
      99.08338928222656,
      88.31037902832031,
      92.88377380371094,
      92.1006851196289,
      91.78814697265625,
      83.45596313476562,
      74.7887191772461,
      65.26864624023438,
      57.21750259399414,
      51.386962890625,
      47.08397674560547,
      33.33774185180664,
      31.206741333007812
    ],
    [
      7.655439376831055,
      55.509765625,
      32.2494010925293,
      107.8260726928711,
      89.36132049560547,
      107.36567687988281,
      99.36202239990234,
      92.1006851196289,
      115.17850494384766,
      106.19175720214844,
      102.32637786865234,
      89.30403137207031,
      88.91584014892578,
      77.8239517211914,
      73.5573501586914,
      65.33512115478516,
      55.387657165527344,
      49.957027435302734
    ],
    [
      9.108057975769043,
      70.05384826660156,
      31.851221084594727,
      105.26707458496094,
      86.99114990234375,
      107.09910583496094,
      95.04656219482422,
      91.78814697265625,
      106.19175720214844,
      167.09207153320312,
      165.03147888183594,
      136.16131591796875,
      131.08274841308594,
      114.24051666259766,
      105.56043243408203,
      92.83024597167969,
      62.47673797607422,
      55.79295349121094
    ],
    [
      4.286609172821045,
      72.38311004638672,
      24.664165496826172,
      94.19603729248047,
      64.55635833740234,
      91.72795867919922,
      84.62244415283203,
      83.45596313476562,
      102.32637786865234,
      165.03147888183594,
      205.64170837402344,
      175.82302856445312,
      194.38563537597656,
      171.91824340820312,
      166.57130432128906,
      145.82180786132812,
      93.95697021484375,
      83.08920288085938
    ],
    [
      4.079103946685791,
      62.849937438964844,
      22.497713088989258,
      80.74396514892578,
      56.167415618896484,
      79.99237823486328,
      72.53821563720703,
      74.7887191772461,
      89.30403137207031,
      136.16131591796875,
      175.82302856445312,
      157.7884979248047,
      175.82797241210938,
      158.9447479248047,
      153.45249938964844,
      136.18687438964844,
      87.9323501586914,
      78.74822235107422
    ],
    [
      -5.102888107299805,
      63.851505279541016,
      17.307010650634766,
      77.26043701171875,
      43.518550872802734,
      69.1716079711914,
      65.85687255859375,
      65.26864624023438,
      88.91584014892578,
      131.08274841308594,
      194.38563537597656,
      175.82797241210938,
      224.86962890625,
      203.23577880859375,
      204.7001190185547,
      179.482421875,
      116.36302947998047,
      102.90923309326172
    ],
    [
      -6.957730293273926,
      56.1977424621582,
      12.160717964172363,
      66.73824310302734,
      36.700843811035156,
      60.03907012939453,
      56.51338195800781,
      57.21750259399414,
      77.8239517211914,
      114.24051666259766,
      171.91824340820312,
      158.9447479248047,
      203.23577880859375,
      188.44895935058594,
      189.44129943847656,
      168.69287109375,
      109.78084564208984,
      98.29145812988281
    ],
    [
      -7.749200344085693,
      52.289451599121094,
      11.827893257141113,
      63.34062576293945,
      33.38710403442383,
      53.970184326171875,
      52.22602081298828,
      51.386962890625,
      73.5573501586914,
      105.56043243408203,
      166.57130432128906,
      153.45249938964844,
      204.7001190185547,
      189.44129943847656,
      197.2410888671875,
      174.78091430664062,
      113.64259338378906,
      101.03669738769531
    ],
    [
      -7.603930950164795,
      45.665557861328125,
      9.667311668395996,
      56.64179992675781,
      30.097875595092773,
      48.93449401855469,
      46.66282653808594,
      47.08397674560547,
      65.33512115478516,
      92.83024597167969,
      145.82180786132812,
      136.18687438964844,
      179.482421875,
      168.69287109375,
      174.78091430664062,
      157.4947509765625,
      102.74980926513672,
      92.5492935180664
    ],
    [
      -0.9403095245361328,
      30.531982421875,
      14.98925495147705,
      41.71538162231445,
      23.10218048095703,
      34.50613784790039,
      38.15022277832031,
      33.33774185180664,
      55.387657165527344,
      62.47673797607422,
      93.95697021484375,
      87.9323501586914,
      116.36302947998047,
      109.78084564208984,
      113.64259338378906,
      102.74980926513672,
      105.02318572998047,
      94.48382568359375
    ],
    [
      -1.4109880924224854,
      27.186065673828125,
      13.104859352111816,
      37.98118209838867,
      21.136219024658203,
      31.887516021728516,
      34.65382766723633,
      31.206741333007812,
      49.957027435302734,
      55.79295349121094,
      83.08920288085938,
      78.74822235107422,
      102.90923309326172,
      98.29145812988281,
      101.03669738769531,
      92.5492935180664,
      94.48382568359375,
      85.94181060791016
    ]
  ],
  "damage": -8.579127311706543,
  "diff_bandwidth": 297.52593994140625,
  "dissonance": 5.225583866613379,
  "drr": 4.595285415649414,
  "dynamics": 4.29088830947876,
  "format": 1245190,
  "frames": 1435648,
  "loudness": -15.98159122467041,
  "loudness_range": 9.144438743591309,
  "loudness_range_short": 15.105326652526855,
  "lowpass_true_peak_15khz": -1.7103912830352783,
  "mastering3_acoustic_entropies": [
    {
      "acoustic_entropy": 6.685756206512451,
      "acoustic_entropy_mono": 6.346950531005859,
      "band_eliminated_acoustic_entropies": [
        {
          "acoustic_entropy": 6.283616542816162,
          "acoustic_entropy_side": 6.685760021209717,
          "hz": 129.47220167065723
        },
        {
          "acoustic_entropy": 6.515326023101807,
          "acoustic_entropy_side": 6.685749053955078,
          "hz": 202.92927478742237
        },
        {
          "acoustic_entropy": 6.552606105804443,
          "acoustic_entropy_side": 6.691681385040283,
          "hz": 282.89161906338205
        },
        {
          "acoustic_entropy": 6.809061050415039,
          "acoustic_entropy_side": 6.697576522827148,
          "hz": 369.9353335868758
        },
        {
          "acoustic_entropy": 6.411333084106445,
          "acoustic_entropy_side": 6.644430637359619,
          "hz": 464.6875360973435
        },
        {
          "acoustic_entropy": 6.608416557312012,
          "acoustic_entropy_side": 6.666734218597412,
          "hz": 567.8308811364784
        },
        {
          "acoustic_entropy": 6.882308483123779,
          "acoustic_entropy_side": 6.6519012451171875,
          "hz": 680.1084783214808
        },
        {
          "acoustic_entropy": 6.009459972381592,
          "acoustic_entropy_side": 6.692676067352295,
          "hz": 802.3292461747484
        },
        {
          "acoustic_entropy": 6.4665679931640625,
          "acoustic_entropy_side": 6.5473151206970215,
          "hz": 935.3737400823702
        },
        {
          "acoustic_entropy": 6.677176475524902,
          "acoustic_entropy_side": 6.692754745483398,
          "hz": 1080.2004963696966
        },
        {
          "acoustic_entropy": 6.630023002624512,
          "acoustic_entropy_side": 6.663274765014648,
          "hz": 1237.8529382007157
        },
        {
          "acoustic_entropy": 6.589575290679932,
          "acoustic_entropy_side": 6.66909122467041,
          "hz": 1409.4668930556702
        },
        {
          "acoustic_entropy": 6.56658935546875,
          "acoustic_entropy_side": 6.669583320617676,
          "hz": 1596.2787759475705
        },
        {
          "acoustic_entropy": 6.6611104011535645,
          "acoustic_entropy_side": 6.685791492462158,
          "hz": 1799.6344973346393
        },
        {
          "acoustic_entropy": 6.723190784454346,
          "acoustic_entropy_side": 6.6947526931762695,
          "hz": 2020.9991599069049
        },
        {
          "acoustic_entropy": 6.7273759841918945,
          "acoustic_entropy_side": 6.706067085266113,
          "hz": 2261.9676141086993
        },
        {
          "acoustic_entropy": 6.734091758728027,
          "acoustic_entropy_side": 6.701361656188965,
          "hz": 2524.2759484456974
        },
        {
          "acoustic_entropy": 6.682967662811279,
          "acoustic_entropy_side": 6.697207450866699,
          "hz": 2809.813997359896
        },
        {
          "acoustic_entropy": 6.65725564956665,
          "acoustic_entropy_side": 6.688704490661621,
          "hz": 3120.6389567871424
        },
        {
          "acoustic_entropy": 6.675751209259033,
          "acoustic_entropy_side": 6.687967777252197,
          "hz": 3458.990205492291
        },
        {
          "acoustic_entropy": 6.686110019683838,
          "acoustic_entropy_side": 6.686860084533691,
          "hz": 3827.305438964164
        },
        {
          "acoustic_entropy": 6.699487686157227,
          "acoustic_entropy_side": 6.687971115112305,
          "hz": 4228.238232109126
        },
        {
          "acoustic_entropy": 6.652061462402344,
          "acoustic_entropy_side": 6.68733549118042,
          "hz": 4664.6771572759235
        },
        {
          "acoustic_entropy": 6.6143035888671875,
          "acoustic_entropy_side": 6.688952445983887,
          "hz": 5139.766595350093
        },
        {
          "acoustic_entropy": 6.664627552032471,
          "acoustic_entropy_side": 6.692013263702393,
          "hz": 5656.929389854203
        },
        {
          "acoustic_entropy": 6.709380149841309,
          "acoustic_entropy_side": 6.686702728271484,
          "hz": 6219.891507268283
        },
        {
          "acoustic_entropy": 6.700338840484619,
          "acoustic_entropy_side": 6.687641620635986,
          "hz": 6832.70888123896
        },
        {
          "acoustic_entropy": 6.69954776763916,
          "acoustic_entropy_side": 6.680990695953369,
          "hz": 7499.796634079867
        },
        {
          "acoustic_entropy": 6.6954264640808105,
          "acoustic_entropy_side": 6.677456855773926,
          "hz": 8225.96088609342
        },
        {
          "acoustic_entropy": 6.701752185821533,
          "acoustic_entropy_side": 6.688338756561279,
          "hz": 9016.43338188839
        },
        {
          "acoustic_entropy": 6.688895225524902,
          "acoustic_entropy_side": 6.685847759246826,
          "hz": 9876.909183162974
        },
        {
          "acoustic_entropy": 6.681211948394775,
          "acoustic_entropy_side": 6.683870315551758,
          "hz": 10813.587699516042
        },
        {
          "acoustic_entropy": 6.681506633758545,
          "acoustic_entropy_side": 6.684762477874756,
          "hz": 11833.21735289826
        },
        {
          "acoustic_entropy": 6.691667556762695,
          "acoustic_entropy_side": 6.685791015625,
          "hz": 12943.144197493959
        },
        {
          "acoustic_entropy": 6.697604179382324,
          "acoustic_entropy_side": 6.689295291900635,
          "hz": 14151.364845322005
        },
        {
          "acoustic_entropy": 6.701265811920166,
          "acoustic_entropy_side": 6.69024658203125,
          "hz": 15466.58407886509
        },
        {
          "acoustic_entropy": 6.69596529006958,
          "acoustic_entropy_side": 6.6895551681518555,
          "hz": 16898.27756580493
        },
        {
          "acoustic_entropy": 6.689962863922119,
          "acoustic_entropy_side": 6.6872429847717285,
          "hz": 18456.760127700032
        },
        {
          "acoustic_entropy": 6.687971591949463,
          "acoustic_entropy_side": 6.686514854431152,
          "hz": 20153.260054456492
        },
        {
          "acoustic_entropy": 6.686071395874023,
          "acoustic_entropy_side": 6.685828685760498,
          "hz": 22000.00000000001
        }
      ],
      "diff_acoustic_entropy": 5.328932285308838,
      "sn": 6
    },
    {
      "acoustic_entropy": 9.255289077758789,
      "acoustic_entropy_mono": 8.844392776489258,
      "band_eliminated_acoustic_entropies": [
        {
          "acoustic_entropy": 8.633586883544922,
          "acoustic_entropy_side": 9.255345344543457,
          "hz": 129.47220167065723
        },
        {
          "acoustic_entropy": 9.547371864318848,
          "acoustic_entropy_side": 9.263105392456055,
          "hz": 202.92927478742237
        },
        {
          "acoustic_entropy": 9.099987983703613,
          "acoustic_entropy_side": 9.355195999145508,
          "hz": 282.89161906338205
        },
        {
          "acoustic_entropy": 9.75531005859375,
          "acoustic_entropy_side": 9.363117218017578,
          "hz": 369.9353335868758
        },
        {
          "acoustic_entropy": 8.824234008789062,
          "acoustic_entropy_side": 9.200896263122559,
          "hz": 464.6875360973435
        },
        {
          "acoustic_entropy": 9.196579933166504,
          "acoustic_entropy_side": 9.225010871887207,
          "hz": 567.8308811364784
        },
        {
          "acoustic_entropy": 9.137979507446289,
          "acoustic_entropy_side": 9.297748565673828,
          "hz": 680.1084783214808
        },
        {
          "acoustic_entropy": 8.340824127197266,
          "acoustic_entropy_side": 9.244632720947266,
          "hz": 802.3292461747484
        },
        {
          "acoustic_entropy": 9.128647804260254,
          "acoustic_entropy_side": 9.028695106506348,
          "hz": 935.3737400823702
        },
        {
          "acoustic_entropy": 9.134374618530273,
          "acoustic_entropy_side": 9.357073783874512,
          "hz": 1080.2004963696966
        },
        {
          "acoustic_entropy": 9.594564437866211,
          "acoustic_entropy_side": 9.361490249633789,
          "hz": 1237.8529382007157
        },
        {
          "acoustic_entropy": 9.241050720214844,
          "acoustic_entropy_side": 9.214406967163086,
          "hz": 1409.4668930556702
        },
        {
          "acoustic_entropy": 9.187416076660156,
          "acoustic_entropy_side": 9.248392105102539,
          "hz": 1596.2787759475705
        },
        {
          "acoustic_entropy": 9.38623332977295,
          "acoustic_entropy_side": 9.356760025024414,
          "hz": 1799.6344973346393
        },
        {
          "acoustic_entropy": 9.34790325164795,
          "acoustic_entropy_side": 9.276066780090332,
          "hz": 2020.9991599069049
        },
        {
          "acoustic_entropy": 8.837967872619629,
          "acoustic_entropy_side": 9.22554874420166,
          "hz": 2261.9676141086993
        },
        {
          "acoustic_entropy": 8.934013366699219,
          "acoustic_entropy_side": 9.17728042602539,
          "hz": 2524.2759484456974
        },
        {
          "acoustic_entropy": 8.866798400878906,
          "acoustic_entropy_side": 9.224588394165039,
          "hz": 2809.813997359896
        },
        {
          "acoustic_entropy": 9.127182960510254,
          "acoustic_entropy_side": 9.240286827087402,
          "hz": 3120.6389567871424
        },
        {
          "acoustic_entropy": 9.128246307373047,
          "acoustic_entropy_side": 9.234979629516602,
          "hz": 3458.990205492291
        },
        {
          "acoustic_entropy": 9.099380493164062,
          "acoustic_entropy_side": 9.219245910644531,
          "hz": 3827.305438964164
        },
        {
          "acoustic_entropy": 9.228994369506836,
          "acoustic_entropy_side": 9.249930381774902,
          "hz": 4228.238232109126
        },
        {
          "acoustic_entropy": 9.285751342773438,
          "acoustic_entropy_side": 9.24709701538086,
          "hz": 4664.6771572759235
        },
        {
          "acoustic_entropy": 9.029525756835938,
          "acoustic_entropy_side": 9.209668159484863,
          "hz": 5139.766595350093
        },
        {
          "acoustic_entropy": 9.197762489318848,
          "acoustic_entropy_side": 9.212599754333496,
          "hz": 5656.929389854203
        },
        {
          "acoustic_entropy": 9.177929878234863,
          "acoustic_entropy_side": 9.195262908935547,
          "hz": 6219.891507268283
        },
        {
          "acoustic_entropy": 9.14871883392334,
          "acoustic_entropy_side": 9.16104507446289,
          "hz": 6832.70888123896
        },
        {
          "acoustic_entropy": 8.985283851623535,
          "acoustic_entropy_side": 9.099101066589355,
          "hz": 7499.796634079867
        },
        {
          "acoustic_entropy": 8.760200500488281,
          "acoustic_entropy_side": 9.097867012023926,
          "hz": 8225.96088609342
        },
        {
          "acoustic_entropy": 9.123490333557129,
          "acoustic_entropy_side": 9.207300186157227,
          "hz": 9016.43338188839
        },
        {
          "acoustic_entropy": 9.007225036621094,
          "acoustic_entropy_side": 9.181562423706055,
          "hz": 9876.909183162974
        },
        {
          "acoustic_entropy": 9.091251373291016,
          "acoustic_entropy_side": 9.199822425842285,
          "hz": 10813.587699516042
        },
        {
          "acoustic_entropy": 9.169168472290039,
          "acoustic_entropy_side": 9.224254608154297,
          "hz": 11833.21735289826
        },
        {
          "acoustic_entropy": 9.201358795166016,
          "acoustic_entropy_side": 9.245402336120605,
          "hz": 12943.144197493959
        },
        {
          "acoustic_entropy": 9.078482627868652,
          "acoustic_entropy_side": 9.218024253845215,
          "hz": 14151.364845322005
        },
        {
          "acoustic_entropy": 9.041057586669922,
          "acoustic_entropy_side": 9.20124626159668,
          "hz": 15466.58407886509
        },
        {
          "acoustic_entropy": 9.062652587890625,
          "acoustic_entropy_side": 9.199957847595215,
          "hz": 16898.27756580493
        },
        {
          "acoustic_entropy": 9.163503646850586,
          "acoustic_entropy_side": 9.221773147583008,
          "hz": 18456.760127700032
        },
        {
          "acoustic_entropy": 9.222671508789062,
          "acoustic_entropy_side": 9.24477481842041,
          "hz": 20153.260054456492
        },
        {
          "acoustic_entropy": 9.250439643859863,
          "acoustic_entropy_side": 9.254205703735352,
          "hz": 22000.00000000001
        }
      ],
      "diff_acoustic_entropy": 7.3379364013671875,
      "sn": 12
    },
    {
      "acoustic_entropy": 14.28014850616455,
      "acoustic_entropy_mono": 13.01982307434082,
      "band_eliminated_acoustic_entropies": [
        {
          "acoustic_entropy": 14.387833595275879,
          "acoustic_entropy_side": 14.280797958374023,
          "hz": 129.47220167065723
        },
        {
          "acoustic_entropy": 14.425847053527832,
          "acoustic_entropy_side": 14.2488431930542,
          "hz": 202.92927478742237
        },
        {
          "acoustic_entropy": 14.254695892333984,
          "acoustic_entropy_side": 14.01069450378418,
          "hz": 282.89161906338205
        },
        {
          "acoustic_entropy": 14.745704650878906,
          "acoustic_entropy_side": 14.22878646850586,
          "hz": 369.9353335868758
        },
        {
          "acoustic_entropy": 14.047122955322266,
          "acoustic_entropy_side": 14.370240211486816,
          "hz": 464.6875360973435
        },
        {
          "acoustic_entropy": 14.333024978637695,
          "acoustic_entropy_side": 14.339776992797852,
          "hz": 567.8308811364784
        },
        {
          "acoustic_entropy": 14.634957313537598,
          "acoustic_entropy_side": 14.365147590637207,
          "hz": 680.1084783214808
        },
        {
          "acoustic_entropy": 13.556076049804688,
          "acoustic_entropy_side": 14.344278335571289,
          "hz": 802.3292461747484
        },
        {
          "acoustic_entropy": 14.521273612976074,
          "acoustic_entropy_side": 14.504003524780273,
          "hz": 935.3737400823702
        },
        {
          "acoustic_entropy": 14.335618019104004,
          "acoustic_entropy_side": 14.284799575805664,
          "hz": 1080.2004963696966
        },
        {
          "acoustic_entropy": 14.425174713134766,
          "acoustic_entropy_side": 14.320375442504883,
          "hz": 1237.8529382007157
        },
        {
          "acoustic_entropy": 14.19701862335205,
          "acoustic_entropy_side": 14.223602294921875,
          "hz": 1409.4668930556702
        },
        {
          "acoustic_entropy": 14.361577987670898,
          "acoustic_entropy_side": 14.357494354248047,
          "hz": 1596.2787759475705
        },
        {
          "acoustic_entropy": 14.480772018432617,
          "acoustic_entropy_side": 14.328989028930664,
          "hz": 1799.6344973346393
        },
        {
          "acoustic_entropy": 14.308327674865723,
          "acoustic_entropy_side": 14.263458251953125,
          "hz": 2020.9991599069049
        },
        {
          "acoustic_entropy": 14.108990669250488,
          "acoustic_entropy_side": 14.220264434814453,
          "hz": 2261.9676141086993
        },
        {
          "acoustic_entropy": 14.298906326293945,
          "acoustic_entropy_side": 14.285405158996582,
          "hz": 2524.2759484456974
        },
        {
          "acoustic_entropy": 14.208333015441895,
          "acoustic_entropy_side": 14.300596237182617,
          "hz": 2809.813997359896
        },
        {
          "acoustic_entropy": 14.171441078186035,
          "acoustic_entropy_side": 14.241849899291992,
          "hz": 3120.6389567871424
        },
        {
          "acoustic_entropy": 14.330044746398926,
          "acoustic_entropy_side": 14.307506561279297,
