{
  "acoustic_entropy": 124.5978775024414,
  "bands": [
    {
      "high_freq": 148.1999969482422,
      "loudness": -33.05718994140625,
      "loudness_range": 21.585527420043945,
      "mid_mean": -29.746780395507812,
      "mid_to_side_loudness": -17.47564697265625,
      "mid_to_side_loudness_range": 20.50394058227539,
      "side_mean": -47.8462028503418
    },
    {
      "high_freq": 392.3793640136719,
      "loudness": -36.729732513427734,
      "loudness_range": 23.162986755371094,
      "low_freq": 148.1999969482422,
      "mid_mean": -34.27716827392578,
      "mid_to_side_loudness": -5.542300701141357,
      "mid_to_side_loudness_range": 8.62191390991211,
      "side_mean": -39.822853088378906
    },
    {
      "high_freq": 794.6976318359375,
      "loudness": -25.726749420166016,
      "loudness_range": 13.103679656982422,
      "low_freq": 392.3793640136719,
      "mid_mean": -22.677474975585938,
      "mid_to_side_loudness": -9.082927703857422,
      "mid_to_side_loudness_range": 5.197894096374512,
      "side_mean": -31.962909698486328
    },
    {
      "high_freq": 1457.5709228515625,
      "loudness": -27.746328353881836,
      "loudness_range": 14.126749038696289,
      "low_freq": 794.6976318359375,
      "mid_mean": -24.752521514892578,
      "mid_to_side_loudness": -9.129392623901367,
      "mid_to_side_loudness_range": 5.971803188323975,
      "side_mean": -34.130149841308594
    },
    {
      "high_freq": 2549.74365234375,
      "loudness": -36.48822784423828,
      "loudness_range": 15.395639419555664,
      "low_freq": 1457.5709228515625,
      "mid_mean": -33.57404708862305,
      "mid_to_side_loudness": -8.817275047302246,
      "mid_to_side_loudness_range": 4.960896015167236,
      "side_mean": -42.519264221191406
    },
    {
      "high_freq": 4349.24462890625,
      "loudness": -42.354000091552734,
      "loudness_range": 16.885204315185547,
      "low_freq": 2549.74365234375,
      "mid_mean": -39.40496826171875,
      "mid_to_side_loudness": -8.14298152923584,
      "mid_to_side_loudness_range": 8.704626083374023,
      "side_mean": -47.765079498291016
    },
    {
      "high_freq": 7314.1640625,
      "loudness": -50.77320861816406,
      "loudness_range": 17.93805694580078,
      "low_freq": 4349.24462890625,
      "mid_mean": -50.07394790649414,
      "mid_to_side_loudness": -5.009016036987305,
      "mid_to_side_loudness_range": 10.580767631530762,
      "side_mean": -54.56716537475586
    },
    {
      "high_freq": 12199.2666015625,
      "loudness": -57.56538391113281,
      "loudness_range": 22.034278869628906,
      "low_freq": 7314.1640625,
      "mid_mean": -56.338558197021484,
      "mid_to_side_loudness": -3.6889493465423584,
      "mid_to_side_loudness_range": 7.052258014678955,
      "side_mean": -59.26308059692383
    },
    {
      "loudness": -65.86590576171875,
      "loudness_range": 23.286819458007812,
      "low_freq": 12199.2666015625,
      "mid_mean": -62.99529266357422,
      "mid_to_side_loudness": -0.7455042600631714,
      "mid_to_side_loudness_range": 1.8695465326309204,
      "side_mean": -63.37582015991211
    }
  ],
  "bands_short": [
    {
      "high_freq": 148.1999969482422,
      "loudness": -35.81034469604492,
      "loudness_range": 26.953691482543945,
      "mid_mean": -32.68811798095703,
      "mid_to_side_loudness": -18.970792770385742,
      "mid_to_side_loudness_range": 25.322532653808594,
      "side_mean": -53.788795471191406
    },
    {
      "high_freq": 392.3793640136719,
      "loudness": -36.0618782043457,
      "loudness_range": 22.90410804748535,
      "low_freq": 148.1999969482422,
      "mid_mean": -33.50691223144531,
      "mid_to_side_loudness": -6.6821184158325195,
      "mid_to_side_loudness_range": 11.056443214416504,
      "side_mean": -40.21628952026367
    },
    {
      "high_freq": 794.6976318359375,
      "loudness": -26.045652389526367,
      "loudness_range": 13.847225189208984,
      "low_freq": 392.3793640136719,
      "mid_mean": -23.17624855041504,
      "mid_to_side_loudness": -8.991575241088867,
      "mid_to_side_loudness_range": 6.972786903381348,
      "side_mean": -32.3753776550293
    },
    {
      "high_freq": 1457.5709228515625,
      "loudness": -27.256834030151367,
      "loudness_range": 15.278589248657227,
      "low_freq": 794.6976318359375,
      "mid_mean": -24.337839126586914,
      "mid_to_side_loudness": -9.333417892456055,
      "mid_to_side_loudness_range": 8.989968299865723,
      "side_mean": -34.04890823364258
    },
    {
      "high_freq": 2549.74365234375,
      "loudness": -36.9065055847168,
      "loudness_range": 17.39836311340332,
      "low_freq": 1457.5709228515625,
      "mid_mean": -33.96244430541992,
      "mid_to_side_loudness": -8.801506996154785,
      "mid_to_side_loudness_range": 6.883997917175293,
      "side_mean": -42.998069763183594
    },
    {
      "high_freq": 4349.24462890625,
      "loudness": -42.73189926147461,
      "loudness_range": 19.068450927734375,
      "low_freq": 2549.74365234375,
      "mid_mean": -39.812625885009766,
      "mid_to_side_loudness": -8.134675979614258,
      "mid_to_side_loudness_range": 9.794361114501953,
      "side_mean": -48.20371627807617
    },
    {
      "high_freq": 7314.1640625,
      "loudness": -51.37482833862305,
      "loudness_range": 19.76171112060547,
      "low_freq": 4349.24462890625,
      "mid_mean": -50.632781982421875,
      "mid_to_side_loudness": -5.382598876953125,
      "mid_to_side_loudness_range": 11.30140495300293,
      "side_mean": -55.413719177246094
    },
    {
      "high_freq": 12199.2666015625,
      "loudness": -59.18218994140625,
      "loudness_range": 23.306629180908203,
      "low_freq": 7314.1640625,
      "mid_mean": -57.65033721923828,
      "mid_to_side_loudness": -4.03300142288208,
      "mid_to_side_loudness_range": 8.048879623413086,
      "side_mean": -60.73161697387695
    },
    {
      "loudness": -68.27889251708984,
      "loudness_range": 24.092487335205078,
      "low_freq": 12199.2666015625,
      "mid_mean": -64.6840591430664,
      "mid_to_side_loudness": -0.7800366878509521,
      "mid_to_side_loudness_range": 2.603705644607544,
      "side_mean": -65.04467010498047
    }
  ],
  "bandwidth": 603.0716552734375,
  "channels": 2,
  "covariance": [
    [
      66.72003936767578,
      37.69154357910156,
      25.5080509185791,
      19.574413299560547,
      5.027781963348389,
      6.112861156463623,
      6.861349105834961,
      6.550994396209717,
      11.245149612426758,
      10.961760520935059,
      8.267461776733398,
      5.830946922302246,
      4.42917537689209,
      0.09609077125787735,
      1.0887658596038818,
      -1.551072359085083,
      -1.935191035270691,
      -3.1950831413269043
    ],
    [
      37.69154357910156,
      59.965213775634766,
      26.31464958190918,
      22.865373611450195,
      11.781222343444824,
      12.63448429107666,
      -5.39393424987793,
      -4.055593013763428,
      2.762559652328491,
      3.643674373626709,
      1.9458712339401245,
      3.4249253273010254,
      5.77035665512085,
      1.7066521644592285,
      3.0488522052764893,
      0.16962386667728424,
      -2.313441753387451,
      -3.542449951171875
    ],
    [
      25.5080509185791,
      26.31464958190918,
      60.40298080444336,
      50.927207946777344,
      7.308707237243652,
      8.569356918334961,
      -6.523613452911377,
      -4.589509010314941,
      4.94280481338501,
      6.725326061248779,
      0.5701311826705933,
      3.458144187927246,
      2.1271350383758545,
      1.9512635469436646,
      3.5557925701141357,
      4.384918212890625,
      2.5236876010894775,
      1.9463350772857666
    ],
    [
      19.574413299560547,
      22.865373611450195,
      50.927207946777344,
      49.94607162475586,
      7.537168025970459,
      8.636589050292969,
      -3.660693645477295,
      -2.09444522857666,
      5.767083168029785,
      7.438039302825928,
      1.798134446144104,
      3.657231569290161,
      3.472167491912842,
      1.9248178005218506,
      3.5396549701690674,
      3.405350923538208,
      1.340103030204773,
      0.7719796299934387
    ],
    [
      5.027781963348389,
      11.781222343444824,
      7.308707237243652,
      7.537168025970459,
      30.767337799072266,
      25.932435989379883,
      0.21833543479442596,
      2.964052677154541,
      13.113643646240234,
      12.528746604919434,
      14.003864288330078,
      11.688583374023438,
      11.926547050476074,
      7.793293476104736,
      8.401127815246582,
      4.386775016784668,
      1.6709563732147217,
      1.2495006322860718
    ],
    [
      6.112861156463623,
      12.63448429107666,
      8.569356918334961,
      8.636589050292969,
      25.932435989379883,
      27.602468490600586,
      4.334300994873047,
      6.094634532928467,
      14.022626876831055,
      13.520892143249512,
      15.198710441589355,
      12.055776596069336,
      12.945446014404297,
      7.87877082824707,
      8.225881576538086,
      4.385617256164551,
      1.8887014389038086,
      1.4376335144042969
    ],
    [
      6.861349105834961,
      -5.39393424987793,
      -6.523613452911377,
      -3.660693645477295,
      0.21833543479442596,
      4.334300994873047,
      37.90243911743164,
      32.38557815551758,
      25.014066696166992,
      22.256893157958984,
      21.938459396362305,
      18.255647659301758,
      19.477245330810547,
      12.30952262878418,
      10.073474884033203,
      5.783298015594482,
      2.8034722805023193,
      2.627652883529663
    ],
    [
      6.550994396209717,
      -4.055593013763428,
      -4.589509010314941,
      -2.09444522857666,
      2.964052677154541,
      6.094634532928467,
      32.38557815551758,
      33.619110107421875,
      25.366302490234375,
      22.53866195678711,
      21.861957550048828,
      18.261228561401367,
      17.509279251098633,
      10.421521186828613,
      8.19857406616211,
      4.005366802215576,
      1.483494520187378,
      1.2194852828979492
    ],
    [
      11.245149612426758,
      2.762559652328491,
      4.94280481338501,
      5.767083168029785,
      13.113643646240234,
      14.022626876831055,
      25.014066696166992,
      25.366302490234375,
      40.34928894042969,
      35.21174240112305,
      31.075204849243164,
      24.080978393554688,
      23.03582000732422,
      14.083133697509766,
      12.850435256958008,
      6.727656364440918,
      2.1006863117218018,
      1.5991870164871216
    ],
    [
      10.961760520935059,
      3.643674373626709,
      6.725326061248779,
      7.438039302825928,
      12.528746604919434,
      13.520892143249512,
      22.256893157958984,
      22.53866195678711,
      35.21174240112305,
      33.86042785644531,
      29.61541175842285,
      24.712369918823242,
      23.80809211730957,
      15.86404037475586,
      14.142223358154297,
      8.842734336853027,
      3.8351094722747803,
      3.3199942111968994
    ],
    [
      8.267461776733398,
      1.9458712339401245,
      0.5701311826705933,
      1.798134446144104,
      14.003864288330078,
      15.198710441589355,
      21.938459396362305,
      21.861957550048828,
      31.075204849243164,
      29.61541175842285,
      40.88401794433594,
      32.829368591308594,
      30.31983184814453,
      21.029264450073242,
      16.832958221435547,
      10.595903396606445,
      5.3209662437438965,
      4.732394695281982
    ],
    [
      5.830946922302246,
      3.4249253273010254,
      3.458144187927246,
      3.657231569290161,
      11.688583374023438,
      12.055776596069336,
      18.255647659301758,
      18.261228561401367,
      24.080978393554688,
      24.712369918823242,
      32.829368591308594,
      33.96921157836914,
      32.11313247680664,
      27.76235580444336,
      23.778865814208984,
      19.40273094177246,
      12.110909461975098,
      11.637598037719727
    ],
    [
      4.42917537689209,
      5.77035665512085,
      2.1271350383758545,
      3.472167491912842,
      11.926547050476074,
      12.945446014404297,
      19.477245330810547,
      17.509279251098633,
      23.03582000732422,
      23.80809211730957,
      30.31983184814453,
      32.11313247680664,
      64.71250915527344,
      54.006385803222656,
      47.464935302734375,
      38.64996337890625,
      25.39265251159668,
      24.334205627441406
    ],
    [
      0.09609077125787735,
      1.7066521644592285,
      1.9512635469436646,
      1.9248178005218506,
      7.793293476104736,
      7.87877082824707,
      12.30952262878418,
      10.421521186828613,
      14.083133697509766,
      15.86404037475586,
      21.029264450073242,
      27.76235580444336,
      54.006385803222656,
      55.506107330322266,
      51.64088821411133,
      48.5351448059082,
      35.94479751586914,
      35.479679107666016
    ],
    [
      1.0887658596038818,
      3.0488522052764893,
      3.5557925701141357,
      3.5396549701690674,
      8.401127815246582,
      8.225881576538086,
      10.073474884033203,
      8.19857406616211,
      12.850435256958008,
      14.142223358154297,
      16.832958221435547,
      23.778865814208984,
      47.464935302734375,
      51.64088821411133,
      54.536643981933594,
      51.92984390258789,
      40.4559440612793,
      40.04227828979492
    ],
    [
      -1.551072359085083,
      0.16962386667728424,
      4.384918212890625,
      3.405350923538208,
      4.386775016784668,
      4.385617256164551,
      5.783298015594482,
      4.005366802215576,
      6.727656364440918,
      8.842734336853027,
      10.595903396606445,
      19.40273094177246,
      38.64996337890625,
      48.5351448059082,
      51.92984390258789,
      54.39359664916992,
      44.61421585083008,
      44.67380905151367
    ],
    [
      -1.935191035270691,
      -2.313441753387451,
      2.5236876010894775,
      1.340103030204773,
      1.6709563732147217,
      1.8887014389038086,
      2.8034722805023193,
      1.483494520187378,
      2.1006863117218018,
      3.8351094722747803,
      5.3209662437438965,
      12.110909461975098,
      25.39265251159668,
      35.94479751586914,
      40.4559440612793,
      44.61421585083008,
      42.25585174560547,
      42.652130126953125
    ],
    [
      -3.1950831413269043,
      -3.542449951171875,
      1.9463350772857666,
      0.7719796299934387,
      1.2495006322860718,
      1.4376335144042969,
      2.627652883529663,
      1.2194852828979492,
      1.5991870164871216,
      3.3199942111968994,
      4.732394695281982,
      11.637598037719727,
      24.334205627441406,
      35.479679107666016,
      40.04227828979492,
      44.67380905151367,
      42.652130126953125,
      43.259517669677734
    ]
  ],
  "covariance_short": [
    [
      93.11956787109375,
      48.01792526245117,
      35.83867645263672,
      23.946203231811523,
      5.490596771240234,
      7.5183587074279785,
      6.734462261199951,
      5.936911106109619,
      11.706571578979492,
      12.200745582580566,
      7.961373805999756,
      7.113258361816406,
      7.186069011688232,
      5.657513618469238,
      8.0335111618042,
      6.137654781341553,
      5.702085018157959,
      4.886348724365234
    ],
    [
      48.01792526245117,
      94.46639251708984,
      31.46621322631836,
      27.39822006225586,
      11.223423957824707,
      13.996036529541016,
      -3.397282123565674,
      -3.0439417362213135,
      2.415897846221924,
      4.2837677001953125,
      1.8100066184997559,
      3.2657933235168457,
      27.139673233032227,
      19.547487258911133,
      17.961589813232422,
      13.316031455993652,
      7.904352188110352,
      6.809132099151611
    ],
    [
      35.83867645263672,
      31.46621322631836,
      60.37517166137695,
      46.81113815307617,
      4.982700347900391,
      7.602105140686035,
      -4.258270740509033,
      -1.9670555591583252,
      5.836340427398682,
      7.4555182456970215,
      0.7069774866104126,
      3.9588093757629395,
      2.7329907417297363,
      2.4638261795043945,
      3.810558319091797,
      3.9484903812408447,
      3.627591133117676,
      3.095708131790161
    ],
    [
      23.946203231811523,
      27.39822006225586,
      46.81113815307617,
      52.65420913696289,
      7.662195205688477,
      9.423162460327148,
      -3.983658790588379,
      -1.705795407295227,
      5.064884185791016,
      7.564114570617676,
      0.5552050471305847,
      3.4377734661102295,
      4.0420756340026855,
      2.849106788635254,
      4.559947967529297,
      4.413010120391846,
      2.8443243503570557,
      2.3055179119110107
    ],
    [
      5.490596771240234,
      11.223423957824707,
      4.982700347900391,
      7.662195205688477,
      35.35697555541992,
      29.14281463623047,
      4.510921955108643,
      6.409762859344482,
      15.061674118041992,
      16.41887855529785,
      17.380905151367188,
      14.431049346923828,
      14.256802558898926,
      8.21800422668457,
      8.814996719360352,
      4.060971736907959,
      0.6290088891983032,
      0.09529297798871994
    ],
    [
      7.5183587074279785,
      13.996036529541016,
      7.602105140686035,
      9.423162460327148,
      29.14281463623047,
      32.74286651611328,
      8.091193199157715,
      10.034910202026367,
      15.43215560913086,
      16.27739906311035,
      17.264530181884766,
      14.249776840209961,
      14.975102424621582,
      8.365330696105957,
      8.716012001037598,
      3.9703681468963623,
      0.8440752029418945,
      0.2618207037448883
    ],
    [
      6.734462261199951,
      -3.397282123565674,
      -4.258270740509033,
      -3.983658790588379,
      4.510921955108643,
      8.091193199157715,
      43.62717056274414,
      34.328094482421875,
      31.338333129882812,
      26.578990936279297,
      25.837421417236328,
      19.81515121459961,
      21.28574562072754,
      12.259732246398926,
      11.199541091918945,
      4.7449049949646,
      0.809548020362854,
      0.3010006248950958
    ],
    [
      5.936911106109619,
      -3.0439417362213135,
      -1.9670555591583252,
      -1.705795407295227,
      6.409762859344482,
      10.034910202026367,
      34.328094482421875,
      39.1252326965332,
      28.792274475097656,
      25.927248001098633,
      24.87282371520996,
      20.564552307128906,
      20.398130416870117,
      11.9625825881958,
      11.081865310668945,
      4.959786415100098,
      1.1638991832733154,
      0.6065563559532166
    ],
    [
      11.706571578979492,
      2.415897846221924,
      5.836340427398682,
      5.064884185791016,
      15.061674118041992,
      15.43215560913086,
      31.338333129882812,
      28.792274475097656,
      46.64714813232422,
      39.4285774230957,
      35.512054443359375,
      26.974491119384766,
      26.17856216430664,
      15.616437911987305,
      15.136587142944336,
      6.945903301239014,
      1.1232925653457642,
      0.3777843415737152
    ],
    [
      12.200745582580566,
      4.2837677001953125,
      7.4555182456970215,
      7.564114570617676,
      16.41887855529785,
      16.27739906311035,
      26.578990936279297,
      25.927248001098633,
      39.4285774230957,
      40.32494354248047,
      34.27760314941406,
      28.546308517456055,
      27.863204956054688,
      18.585491180419922,
      17.542652130126953,
      10.290810585021973,
      3.8886265754699707,
      3.0824153423309326
    ],
    [
      7.961373805999756,
      1.8100066184997559,
      0.7069774866104126,
      0.5552050471305847,
      17.380905151367188,
      17.264530181884766,
      25.837421417236328,
      24.87282371520996,
      35.512054443359375,
      34.27760314941406,
      47.7516975402832,
      37.36064147949219,
      35.373390197753906,
      24.06009292602539,
      20.563373565673828,
      12.054435729980469,
      4.896816253662109,
      3.9327471256256104
    ],
    [
      7.113258361816406,
      3.2657933235168457,
      3.9588093757629395,
      3.4377734661102295,
      14.431049346923828,
      14.249776840209961,
      19.81515121459961,
      20.564552307128906,
      26.974491119384766,
      28.546308517456055,
      37.36064147949219,
      39.42783737182617,
      36.93114471435547,
      31.60283851623535,
      27.822940826416016,
      21.86142921447754,
      12.133111953735352,
      11.291463851928711
    ],
    [
      7.186069011688232,
      27.139673233032227,
      2.7329907417297363,
      4.0420756340026855,
      14.256802558898926,
      14.975102424621582,
      21.28574562072754,
      20.398130416870117,
      26.17856216430664,
      27.863204956054688,
      35.373390197753906,
      36.93114471435547,
      70.82131958007812,
      57.74410629272461,
      50.20562744140625,
      39.08898162841797,
      22.638362884521484,
      21.162883758544922
    ],
    [
      5.657513618469238,
      19.547487258911133,
      2.4638261795043945,
      2.849106788635254,
      8.21800422668457,
      8.365330696105957,
      12.259732246398926,
      11.9625825881958,
      15.616437911987305,
      18.585491180419922,
      24.06009292602539,
      31.60283851623535,
      57.74410629272461,
      58.55424880981445,
      52.62862777709961,
      48.237064361572266,
      32.10798263549805,
      31.230697631835938
    ],
    [
      8.0335111618042,
      17.961589813232422,
      3.810558319091797,
      4.559947967529297,
      8.814996719360352,
      8.716012001037598,
      11.199541091918945,
      11.081865310668945,
      15.136587142944336,
      17.542652130126953,
      20.563373565673828,
      27.822940826416016,
      50.20562744140625,
      52.62862777709961,
      55.113494873046875,
      50.610809326171875,
      35.65530776977539,
      34.81686019897461
    ],
    [
      6.137654781341553,
      13.316031455993652,
      3.9484903812408447,
      4.413010120391846,
      4.060971736907959,
      3.9703681468963623,
      4.7449049949646,
      4.959786415100098,
      6.945903301239014,
      10.290810585021973,
      12.054435729980469,
      21.86142921447754,
      39.08898162841797,
      48.237064361572266,
      50.610809326171875,
      52.6737174987793,
      39.33214569091797,
      39.09288787841797
    ],
    [
      5.702085018157959,
      7.904352188110352,
      3.627591133117676,
      2.8443243503570557,
      0.6290088891983032,
      0.8440752029418945,
      0.809548020362854,
      1.1638991832733154,
      1.1232925653457642,
      3.8886265754699707,
      4.896816253662109,
      12.133111953735352,
      22.638362884521484,
      32.10798263549805,
      35.65530776977539,
      39.33214569091797,
      35.768516540527344,
      35.79194259643555
    ],
    [
      4.886348724365234,
      6.809132099151611,
      3.095708131790161,
      2.3055179119110107,
      0.09529297798871994,
      0.2618207037448883,
      0.3010006248950958,
      0.6065563559532166,
      0.3777843415737152,
      3.0824153423309326,
      3.9327471256256104,
      11.291463851928711,
      21.162883758544922,
      31.230697631835938,
      34.81686019897461,
      39.09288787841797,
      35.79194259643555,
      36.17435073852539
    ]
  ],
  "damage": -9.689855575561523,
  "diff_bandwidth": 585.8026123046875,
  "dissonance": 1.0238742221176425,
  "drr": 1.3421499729156494,
  "dynamics": 2.707268238067627,
  "format": 1245190,
  "frames": 3510272,
  "loudness": -17.13221549987793,
  "loudness_range": 7.496166229248047,
  "loudness_range_short": 9.210501670837402,
  "lowpass_true_peak_15khz": -3.5417163372039795,
  "mastering3_acoustic_entropies": [
    {
      "acoustic_entropy": 9.824186325073242,
      "acoustic_entropy_mono": 9.557080268859863,
      "band_eliminated_acoustic_entropies": [
        {
          "acoustic_entropy": 9.736120223999023,
          "acoustic_entropy_side": 9.824209213256836,
          "hz": 129.47220167065723
        },
        {
          "acoustic_entropy": 9.752838134765625,
          "acoustic_entropy_side": 9.825545310974121,
          "hz": 202.92927478742237
        },
        {
          "acoustic_entropy": 10.162052154541016,
          "acoustic_entropy_side": 9.840893745422363,
          "hz": 282.89161906338205
        },
        {
          "acoustic_entropy": 9.88595199584961,
          "acoustic_entropy_side": 9.759614944458008,
          "hz": 369.9353335868758
        },
        {
          "acoustic_entropy": 10.171904563903809,
          "acoustic_entropy_side": 9.703008651733398,
          "hz": 464.6875360973435
        },
        {
          "acoustic_entropy": 9.154402732849121,
          "acoustic_entropy_side": 9.917987823486328,
          "hz": 567.8308811364784
        },
        {
          "acoustic_entropy": 9.163808822631836,
          "acoustic_entropy_side": 9.752552032470703,
          "hz": 680.1084783214808
        },
        {
          "acoustic_entropy": 9.93492603302002,
          "acoustic_entropy_side": 9.886329650878906,
          "hz": 802.3292461747484
        },
        {
          "acoustic_entropy": 9.340957641601562,
          "acoustic_entropy_side": 9.855524063110352,
          "hz": 935.3737400823702
        },
        {
          "acoustic_entropy": 9.925034523010254,
          "acoustic_entropy_side": 9.690866470336914,
          "hz": 1080.2004963696966
        },
        {
          "acoustic_entropy": 9.782352447509766,
          "acoustic_entropy_side": 9.807165145874023,
          "hz": 1237.8529382007157
        },
        {
          "acoustic_entropy": 10.039535522460938,
          "acoustic_entropy_side": 9.81116771697998,
          "hz": 1409.4668930556702
        },
        {
          "acoustic_entropy": 8.785928726196289,
          "acoustic_entropy_side": 9.735687255859375,
          "hz": 1596.2787759475705
        },
        {
          "acoustic_entropy": 9.806410789489746,
          "acoustic_entropy_side": 9.822074890136719,
          "hz": 1799.6344973346393
        },
        {
          "acoustic_entropy": 9.573025703430176,
          "acoustic_entropy_side": 9.818307876586914,
          "hz": 2020.9991599069049
        },
        {
          "acoustic_entropy": 9.568090438842773,
          "acoustic_entropy_side": 9.807279586791992,
          "hz": 2261.9676141086993
        },
        {
          "acoustic_entropy": 9.822988510131836,
          "acoustic_entropy_side": 9.824846267700195,
          "hz": 2524.2759484456974
        },
        {
          "acoustic_entropy": 9.820271492004395,
          "acoustic_entropy_side": 9.824108123779297,
          "hz": 2809.813997359896
        },
        {
          "acoustic_entropy": 9.773275375366211,
          "acoustic_entropy_side": 9.822579383850098,
          "hz": 3120.6389567871424
        },
        {
          "acoustic_entropy": 9.820202827453613,
          "acoustic_entropy_side": 9.824899673461914,
          "hz": 3458.990205492291
        },
        {
          "acoustic_entropy": 9.829205513000488,
          "acoustic_entropy_side": 9.826650619506836,
          "hz": 3827.305438964164
        },
        {
          "acoustic_entropy": 9.82357120513916,
          "acoustic_entropy_side": 9.825517654418945,
          "hz": 4228.238232109126
        },
        {
          "acoustic_entropy": 9.82524585723877,
          "acoustic_entropy_side": 9.825867652893066,
          "hz": 4664.6771572759235
        },
        {
          "acoustic_entropy": 9.827630996704102,
          "acoustic_entropy_side": 9.826201438903809,
          "hz": 5139.766595350093
        },
        {
          "acoustic_entropy": 9.827727317810059,
          "acoustic_entropy_side": 9.824851989746094,
          "hz": 5656.929389854203
        },
        {
          "acoustic_entropy": 9.825796127319336,
          "acoustic_entropy_side": 9.824499130249023,
          "hz": 6219.891507268283
        },
        {
          "acoustic_entropy": 9.824989318847656,
          "acoustic_entropy_side": 9.824377059936523,
          "hz": 6832.70888123896
        },
        {
          "acoustic_entropy": 9.824557304382324,
          "acoustic_entropy_side": 9.824277877807617,
          "hz": 7499.796634079867
        },
        {
          "acoustic_entropy": 9.824666023254395,
          "acoustic_entropy_side": 9.824341773986816,
          "hz": 8225.96088609342
        },
        {
          "acoustic_entropy": 9.82462215423584,
          "acoustic_entropy_side": 9.824298858642578,
          "hz": 9016.43338188839
        },
        {
          "acoustic_entropy": 9.824715614318848,
          "acoustic_entropy_side": 9.824263572692871,
          "hz": 9876.909183162974
        },
        {
          "acoustic_entropy": 9.824467658996582,
          "acoustic_entropy_side": 9.824238777160645,
          "hz": 10813.587699516042
        },
        {
          "acoustic_entropy": 9.824300765991211,
          "acoustic_entropy_side": 9.824234008789062,
          "hz": 11833.21735289826
        },
        {
          "acoustic_entropy": 9.824250221252441,
          "acoustic_entropy_side": 9.824222564697266,
          "hz": 12943.144197493959
        },
        {
          "acoustic_entropy": 9.824231147766113,
          "acoustic_entropy_side": 9.82420825958252,
          "hz": 14151.364845322005
        },
        {
          "acoustic_entropy": 9.824223518371582,
          "acoustic_entropy_side": 9.824206352233887,
          "hz": 15466.58407886509
        },
        {
          "acoustic_entropy": 9.824209213256836,
          "acoustic_entropy_side": 9.824198722839355,
          "hz": 16898.27756580493
        },
        {
          "acoustic_entropy": 9.824190139770508,
          "acoustic_entropy_side": 9.824189186096191,
          "hz": 18456.760127700032
        },
        {
          "acoustic_entropy": 9.82418441772461,
          "acoustic_entropy_side": 9.824186325073242,
          "hz": 20153.260054456492
        },
        {
          "acoustic_entropy": 9.824185371398926,
          "acoustic_entropy_side": 9.82418441772461,
          "hz": 22000.00000000001
        }
      ],
      "diff_acoustic_entropy": 3.2908973693847656,
      "sn": 6
    },
    {
      "acoustic_entropy": 13.56419563293457,
      "acoustic_entropy_mono": 13.165338516235352,
      "band_eliminated_acoustic_entropies": [
        {
          "acoustic_entropy": 13.514998435974121,
          "acoustic_entropy_side": 13.563949584960938,
          "hz": 129.47220167065723
        },
        {
          "acoustic_entropy": 13.815899848937988,
          "acoustic_entropy_side": 13.560961723327637,
          "hz": 202.92927478742237
        },
        {
          "acoustic_entropy": 13.59340763092041,
          "acoustic_entropy_side": 13.574069023132324,
          "hz": 282.89161906338205
        },
        {
          "acoustic_entropy": 13.3910493850708,
          "acoustic_entropy_side": 13.654805183410645,
          "hz": 369.9353335868758
        },
        {
          "acoustic_entropy": 13.330436706542969,
          "acoustic_entropy_side": 13.319917678833008,
          "hz": 464.6875360973435
        },
        {
          "acoustic_entropy": 14.292428970336914,
          "acoustic_entropy_side": 13.804807662963867,
          "hz": 567.8308811364784
        },
        {
          "acoustic_entropy": 12.353281021118164,
          "acoustic_entropy_side": 13.438488960266113,
          "hz": 680.1084783214808
        },
        {
          "acoustic_entropy": 13.478939056396484,
          "acoustic_entropy_side": 13.62038803100586,
          "hz": 802.3292461747484
        },
        {
          "acoustic_entropy": 13.156512260437012,
          "acoustic_entropy_side": 13.594968795776367,
          "hz": 935.3737400823702
        },
        {
          "acoustic_entropy": 13.620940208435059,
          "acoustic_entropy_side": 13.261195182800293,
          "hz": 1080.2004963696966
        },
        {
          "acoustic_entropy": 13.269754409790039,
          "acoustic_entropy_side": 13.61816120147705,
          "hz": 1237.8529382007157
        },
        {
          "acoustic_entropy": 13.112807273864746,
          "acoustic_entropy_side": 13.497969627380371,
          "hz": 1409.4668930556702
        },
        {
          "acoustic_entropy": 13.107051849365234,
          "acoustic_entropy_side": 13.465850830078125,
          "hz": 1596.2787759475705
        },
        {
          "acoustic_entropy": 13.430386543273926,
          "acoustic_entropy_side": 13.624616622924805,
          "hz": 1799.6344973346393
        },
        {
          "acoustic_entropy": 13.397902488708496,
          "acoustic_entropy_side": 13.519623756408691,
          "hz": 2020.9991599069049
        },
        {
          "acoustic_entropy": 13.237692832946777,
          "acoustic_entropy_side": 13.566603660583496,
          "hz": 2261.9676141086993
        },
        {
          "acoustic_entropy": 13.474082946777344,
          "acoustic_entropy_side": 13.56277084350586,
          "hz": 2524.2759484456974
        },
        {
          "acoustic_entropy": 13.55579662322998,
          "acoustic_entropy_side": 13.573548316955566,
          "hz": 2809.813997359896
        },
        {
          "acoustic_entropy": 13.517779350280762,
          "acoustic_entropy_side": 13.606466293334961,
          "hz": 3120.6389567871424
        },
        {
          "acoustic_entropy": 13.44450855255127,
          "acoustic_entropy_side": 13.556580543518066,
          "hz": 3458.990205492291
        },
        {
          "acoustic_entropy": 13.562183380126953,
          "acoustic_entropy_side": 13.561805725097656,
          "hz": 3827.305438964164
        },
        {
          "acoustic_entropy": 13.539517402648926,
          "acoustic_entropy_side": 13.575647354125977,
          "hz": 4228.238232109126
        },
        {
          "acoustic_entropy": 13.581299781799316,
          "acoustic_entropy_side": 13.580163955688477,
          "hz": 4664.6771572759235
        },
        {
          "acoustic_entropy": 13.626861572265625,
          "acoustic_entropy_side": 13.575821876525879,
          "hz": 5139.766595350093
        },
        {
          "acoustic_entropy": 13.567852973937988,
          "acoustic_entropy_side": 13.575455665588379,
          "hz": 5656.929389854203
        },
        {
          "acoustic_entropy": 13.580962181091309,
          "acoustic_entropy_side": 13.573789596557617,
          "hz": 6219.891507268283
        },
        {
          "acoustic_entropy": 13.586003303527832,
          "acoustic_entropy_side": 13.57451057434082,
          "hz": 6832.70888123896
        },
        {
          "acoustic_entropy": 13.593661308288574,
          "acoustic_entropy_side": 13.578095436096191,
          "hz": 7499.796634079867
        },
        {
          "acoustic_entropy": 13.605392456054688,
          "acoustic_entropy_side": 13.586356163024902,
          "hz": 8225.96088609342
        },
        {
          "acoustic_entropy": 13.591232299804688,
          "acoustic_entropy_side": 13.574236869812012,
          "hz": 9016.43338188839
        },
        {
          "acoustic_entropy": 13.621114730834961,
          "acoustic_entropy_side": 13.569705963134766,
          "hz": 9876.909183162974
        },
        {
          "acoustic_entropy": 13.599608421325684,
          "acoustic_entropy_side": 13.567732810974121,
          "hz": 10813.587699516042
        },
        {
          "acoustic_entropy": 13.587260246276855,
          "acoustic_entropy_side": 13.569962501525879,
          "hz": 11833.21735289826
        },
        {
          "acoustic_entropy": 13.577637672424316,
          "acoustic_entropy_side": 13.570123672485352,
          "hz": 12943.144197493959
        },
        {
          "acoustic_entropy": 13.573795318603516,
          "acoustic_entropy_side": 13.569107055664062,
          "hz": 14151.364845322005
        },
        {
          "acoustic_entropy": 13.572463989257812,
          "acoustic_entropy_side": 13.568361282348633,
          "hz": 15466.58407886509
        },
        {
          "acoustic_entropy": 13.57078742980957,
          "acoustic_entropy_side": 13.56715202331543,
          "hz": 16898.27756580493
        },
        {
          "acoustic_entropy": 13.568717956542969,
          "acoustic_entropy_side": 13.566113471984863,
          "hz": 18456.760127700032
        },
        {
          "acoustic_entropy": 13.566817283630371,
          "acoustic_entropy_side": 13.565361976623535,
          "hz": 20153.260054456492
        },
        {
          "acoustic_entropy": 13.564468383789062,
          "acoustic_entropy_side": 13.564330101013184,
          "hz": 22000.00000000001
        }
      ],
      "diff_acoustic_entropy": 6.39686918258667,
      "sn": 12
    },
    {
      "acoustic_entropy": 20.90604019165039,
      "acoustic_entropy_mono": 19.158720016479492,
      "band_eliminated_acoustic_entropies": [
        {
          "acoustic_entropy": 20.165924072265625,
          "acoustic_entropy_side": 20.88694953918457,
          "hz": 129.47220167065723
        },
        {
          "acoustic_entropy": 20.44744110107422,
          "acoustic_entropy_side": 20.694597244262695,
          "hz": 202.92927478742237
        },
        {
          "acoustic_entropy": 20.444110870361328,
          "acoustic_entropy_side": 20.5041561126709,
          "hz": 282.89161906338205
        },
        {
          "acoustic_entropy": 19.92347526550293,
          "acoustic_entropy_side": 20.21034049987793,
          "hz": 369.9353335868758
        },
        {
          "acoustic_entropy": 20.751346588134766,
          "acoustic_entropy_side": 20.184926986694336,
          "hz": 464.6875360973435
        },
        {
          "acoustic_entropy": 19.37310218811035,
          "acoustic_entropy_side": 20.55280303955078,
          "hz": 567.8308811364784
        },
        {
          "acoustic_entropy": 20.732362747192383,
          "acoustic_entropy_side": 20.805309295654297,
          "hz": 680.1084783214808
        },
        {
          "acoustic_entropy": 19.663555145263672,
          "acoustic_entropy_side": 19.282196044921875,
          "hz": 802.3292461747484
        },
        {
          "acoustic_entropy": 21.019044876098633,
          "acoustic_entropy_side": 20.190631866455078,
          "hz": 935.3737400823702
        },
        {
          "acoustic_entropy": 20.425785064697266,
          "acoustic_entropy_side": 20.74892807006836,
          "hz": 1080.2004963696966
        },
        {
          "acoustic_entropy": 20.955591201782227,
          "acoustic_entropy_side": 20.770742416381836,
          "hz": 1237.8529382007157
        },
        {
          "acoustic_entropy": 21.15743064880371,
          "acoustic_entropy_side": 21.226947784423828,
          "hz": 1409.4668930556702
        },
        {
          "acoustic_entropy": 19.884727478027344,
          "acoustic_entropy_side": 20.383760452270508,
          "hz": 1596.2787759475705
        },
        {
          "acoustic_entropy": 20.647462844848633,
          "acoustic_entropy_side": 20.78605079650879,
          "hz": 1799.6344973346393
        },
        {
          "acoustic_entropy": 20.256458282470703,
          "acoustic_entropy_side": 20.526653289794922,
          "hz": 2020.9991599069049
        },
        {
          "acoustic_entropy": 21.138334274291992,
          "acoustic_entropy_side": 20.875144958496094,
          "hz": 2261.9676141086993
        },
        {
          "acoustic_entropy": 19.986316680908203,
          "acoustic_entropy_side": 20.63054847717285,
          "hz": 2524.2759484456974
        },
        {
          "acoustic_entropy": 20.91013526916504,
          "acoustic_entropy_side": 20.971242904663086,
          "hz": 2809.813997359896
        },
        {
          "acoustic_entropy": 20.55160140991211,
