{
  "acoustic_entropy": 202.27256774902344,
  "bands": [
    {
      "high_freq": 148.1999969482422,
      "loudness": -21.157567977905273,
      "loudness_range": 14.351734161376953,
      "mid_mean": -17.630504608154297,
      "mid_to_side_loudness": -20.641712188720703,
      "mid_to_side_loudness_range": 19.33562469482422,
      "side_mean": -39.41218185424805
    },
    {
      "high_freq": 392.3793640136719,
      "loudness": -18.19516372680664,
      "loudness_range": 10.776832580566406,
      "low_freq": 148.1999969482422,
      "mid_mean": -14.82787799835205,
      "mid_to_side_loudness": -11.774285316467285,
      "mid_to_side_loudness_range": 8.399658203125,
      "side_mean": -26.650535583496094
    },
    {
      "high_freq": 794.6976318359375,
      "loudness": -22.222366333007812,
      "loudness_range": 15.360862731933594,
      "low_freq": 392.3793640136719,
      "mid_mean": -18.953659057617188,
      "mid_to_side_loudness": -11.63955307006836,
      "mid_to_side_loudness_range": 13.062199592590332,
      "side_mean": -30.81674575805664
    },
    {
      "high_freq": 1457.5709228515625,
      "loudness": -23.849143981933594,
      "loudness_range": 14.052383422851562,
      "low_freq": 794.6976318359375,
      "mid_mean": -20.805795669555664,
      "mid_to_side_loudness": -9.200891494750977,
      "mid_to_side_loudness_range": 11.206548690795898,
      "side_mean": -29.99611473083496
    },
    {
      "high_freq": 2549.74365234375,
      "loudness": -23.669118881225586,
      "loudness_range": 14.389301300048828,
      "low_freq": 1457.5709228515625,
      "mid_mean": -20.61872673034668,
      "mid_to_side_loudness": -9.414541244506836,
      "mid_to_side_loudness_range": 11.51207447052002,
      "side_mean": -30.1090030670166
    },
    {
      "high_freq": 4349.24462890625,
      "loudness": -25.63723373413086,
      "loudness_range": 15.340402603149414,
      "low_freq": 2549.74365234375,
      "mid_mean": -22.465965270996094,
      "mid_to_side_loudness": -9.913698196411133,
      "mid_to_side_loudness_range": 9.551594734191895,
      "side_mean": -32.512447357177734
    },
    {
      "high_freq": 7314.1640625,
      "loudness": -27.561128616333008,
      "loudness_range": 17.852624893188477,
      "low_freq": 4349.24462890625,
      "mid_mean": -24.189218521118164,
      "mid_to_side_loudness": -12.724896430969238,
      "mid_to_side_loudness_range": 12.94631576538086,
      "side_mean": -37.14677429199219
    },
    {
      "high_freq": 12199.2666015625,
      "loudness": -31.9252986907959,
      "loudness_range": 16.94454002380371,
      "low_freq": 7314.1640625,
      "mid_mean": -28.663875579833984,
      "mid_to_side_loudness": -12.153909683227539,
      "mid_to_side_loudness_range": 11.824129104614258,
      "side_mean": -40.79232406616211
    },
    {
      "loudness": -42.821624755859375,
      "loudness_range": 18.084308624267578,
      "low_freq": 12199.2666015625,
      "mid_mean": -39.77604293823242,
      "mid_to_side_loudness": -9.752614974975586,
      "mid_to_side_loudness_range": 7.930685520172119,
      "side_mean": -50.61216354370117
    }
  ],
  "bands_short": [
    {
      "high_freq": 148.1999969482422,
      "loudness": -24.785354614257812,
      "loudness_range": 17.545677185058594,
      "mid_mean": -21.18311882019043,
      "mid_to_side_loudness": -23.505002975463867,
      "mid_to_side_loudness_range": 25.45520782470703,
      "side_mean": -46.523216247558594
    },
    {
      "high_freq": 392.3793640136719,
      "loudness": -17.574785232543945,
      "loudness_range": 12.18550968170166,
      "low_freq": 148.1999969482422,
      "mid_mean": -14.163657188415527,
      "mid_to_side_loudness": -12.778478622436523,
      "mid_to_side_loudness_range": 10.401140213012695,
      "side_mean": -27.02474594116211
    },
    {
      "high_freq": 794.6976318359375,
      "loudness": -22.80059814453125,
      "loudness_range": 17.04808807373047,
      "low_freq": 392.3793640136719,
      "mid_mean": -19.633209228515625,
      "mid_to_side_loudness": -11.138192176818848,
      "mid_to_side_loudness_range": 15.410850524902344,
      "side_mean": -30.983909606933594
    },
    {
      "high_freq": 1457.5709228515625,
      "loudness": -24.458072662353516,
      "loudness_range": 16.325071334838867,
      "low_freq": 794.6976318359375,
      "mid_mean": -21.5425968170166,
      "mid_to_side_loudness": -8.861824035644531,
      "mid_to_side_loudness_range": 13.785850524902344,
      "side_mean": -30.413955688476562
    },
    {
      "high_freq": 2549.74365234375,
      "loudness": -24.445659637451172,
      "loudness_range": 16.85214614868164,
      "low_freq": 1457.5709228515625,
      "mid_mean": -21.514320373535156,
      "mid_to_side_loudness": -8.98957347869873,
      "mid_to_side_loudness_range": 13.999130249023438,
      "side_mean": -30.59952163696289
    },
    {
      "high_freq": 4349.24462890625,
      "loudness": -26.275718688964844,
      "loudness_range": 17.208667755126953,
      "low_freq": 2549.74365234375,
      "mid_mean": -23.161760330200195,
      "mid_to_side_loudness": -9.680254936218262,
      "mid_to_side_loudness_range": 11.291511535644531,
      "side_mean": -32.99311447143555
    },
    {
      "high_freq": 7314.1640625,
      "loudness": -28.325511932373047,
      "loudness_range": 20.476938247680664,
      "low_freq": 4349.24462890625,
      "mid_mean": -25.02834701538086,
      "mid_to_side_loudness": -12.215911865234375,
      "mid_to_side_loudness_range": 14.320850372314453,
      "side_mean": -37.75210189819336
    },
    {
      "high_freq": 12199.2666015625,
      "loudness": -33.200687408447266,
      "loudness_range": 19.80449676513672,
      "low_freq": 7314.1640625,
      "mid_mean": -30.00674819946289,
      "mid_to_side_loudness": -11.613486289978027,
      "mid_to_side_loudness_range": 13.11336898803711,
      "side_mean": -42.246620178222656
    },
    {
      "loudness": -45.905941009521484,
      "loudness_range": 24.403953552246094,
      "low_freq": 12199.2666015625,
      "mid_mean": -42.932952880859375,
      "mid_to_side_loudness": -9.689847946166992,
      "mid_to_side_loudness_range": 11.861949920654297,
      "side_mean": -53.73074722290039
    }
  ],
  "bandwidth": 590.979736328125,
  "channels": 2,
  "covariance": [
    [
      39.0133171081543,
      20.235130310058594,
      14.383694648742676,
      14.216668128967285,
      15.765533447265625,
      14.83210563659668,
      9.101694107055664,
      11.13100528717041,
      10.06398868560791,
      12.420809745788574,
      16.154727935791016,
      22.09184455871582,
      20.125288009643555,
      26.33514404296875,
      20.647172927856445,
      28.438264846801758,
      22.424549102783203,
      32.62659454345703
    ],
    [
      20.235130310058594,
      51.168922424316406,
      13.519991874694824,
      16.139892578125,
      12.395454406738281,
      17.79056739807129,
      12.373841285705566,
      17.242929458618164,
      12.055490493774414,
      17.373836517333984,
      14.269099235534668,
      21.4007625579834,
      17.591100692749023,
      24.193227767944336,
      16.207151412963867,
      22.637941360473633,
      16.755603790283203,
      26.714725494384766
    ],
    [
      14.383694648742676,
      13.519991874694824,
      16.40435791015625,
      12.98000717163086,
      15.023248672485352,
      12.978896141052246,
      9.782716751098633,
      10.974252700805664,
      10.673412322998047,
      12.326774597167969,
      14.93209171295166,
      19.1363582611084,
      16.800430297851562,
      19.87484359741211,
      15.441362380981445,
      18.9679012298584,
      14.891586303710938,
      23.00630760192871
    ],
    [
      14.216668128967285,
      16.139892578125,
      12.98000717163086,
      18.901119232177734,
      13.458086967468262,
      16.869972229003906,
      11.139596939086914,
      15.267093658447266,
      10.81428050994873,
      16.749391555786133,
      14.047362327575684,
      21.98159408569336,
      14.509001731872559,
      22.673213958740234,
      13.76566219329834,
      21.436859130859375,
      13.54727554321289,
      24.431638717651367
    ],
    [
      15.765533447265625,
      12.395454406738281,
      15.023248672485352,
      13.458086967468262,
      33.126739501953125,
      19.3725643157959,
      20.348140716552734,
      13.332086563110352,
      18.555402755737305,
      15.30129623413086,
      22.000078201293945,
      23.86208724975586,
      22.723094940185547,
      24.224924087524414,
      17.32985496520996,
      20.726722717285156,
      14.723788261413574,
      23.055131912231445
    ],
    [
      14.83210563659668,
      17.79056739807129,
      12.978896141052246,
      16.869972229003906,
      19.3725643157959,
      28.29694938659668,
      17.136247634887695,
      23.10293197631836,
      15.21999454498291,
      24.132068634033203,
      18.633068084716797,
      29.754915237426758,
      18.151151657104492,
      30.08075523376465,
      15.942309379577637,
      25.431930541992188,
      15.27474308013916,
      28.92894172668457
    ],
    [
      9.101694107055664,
      12.373841285705566,
      9.782716751098633,
      11.139596939086914,
      20.348140716552734,
      17.136247634887695,
      27.89750099182129,
      20.382497787475586,
      18.709623336791992,
      18.578168869018555,
      15.671812057495117,
      20.155296325683594,
      15.625626564025879,
      19.53073501586914,
      11.544137001037598,
      15.821995735168457,
      11.037225723266602,
      19.719377517700195
    ],
    [
      11.13100528717041,
      17.242929458618164,
      10.974252700805664,
      15.267093658447266,
      13.332086563110352,
      23.10293197631836,
      20.382497787475586,
      33.933570861816406,
      14.718451499938965,
      27.379409790039062,
      15.136034965515137,
      28.559795379638672,
      13.863045692443848,
      28.377498626708984,
      13.136839866638184,
      22.941280364990234,
      13.578954696655273,
      26.058502197265625
    ],
    [
      10.06398868560791,
      12.055490493774414,
      10.673412322998047,
      10.81428050994873,
      18.555402755737305,
      15.21999454498291,
      18.709623336791992,
      14.718451499938965,
      27.38653564453125,
      19.25348472595215,
      19.51465606689453,
      20.553237915039062,
      19.193496704101562,
      20.52908706665039,
      13.191882133483887,
      16.49818992614746,
      11.422042846679688,
      19.829938888549805
    ],
    [
      12.420809745788574,
      17.373836517333984,
      12.326774597167969,
      16.749391555786133,
      15.30129623413086,
      24.132068634033203,
      18.578168869018555,
      27.379409790039062,
      19.25348472595215,
      31.74828338623047,
      17.771272659301758,
      30.940969467163086,
      16.10834312438965,
      31.008359909057617,
      14.633357048034668,
      25.07172203063965,
      14.720529556274414,
      28.60463523864746
    ],
    [
      16.154727935791016,
      14.269099235534668,
      14.93209171295166,
      14.047362327575684,
      22.000078201293945,
      18.633068084716797,
      15.671812057495117,
      15.136034965515137,
      19.51465606689453,
      17.771272659301758,
      29.590251922607422,
      30.876728057861328,
      28.577587127685547,
      34.307151794433594,
      22.45768165588379,
      29.304950714111328,
      18.764156341552734,
      27.91884994506836
    ],
    [
      22.09184455871582,
      21.4007625579834,
      19.1363582611084,
      21.98159408569336,
      23.86208724975586,
      29.754915237426758,
      20.155296325683594,
      28.559795379638672,
      20.553237915039062,
      30.940969467163086,
      30.876728057861328,
      47.23464584350586,
      30.223495483398438,
      48.94795227050781,
      27.165634155273438,
      42.2049674987793,
      24.447696685791016,
      40.424896240234375
    ],
    [
      20.125288009643555,
      17.591100692749023,
      16.800430297851562,
      14.509001731872559,
      22.723094940185547,
      18.151151657104492,
      15.625626564025879,
      13.863045692443848,
      19.193496704101562,
      16.10834312438965,
      28.577587127685547,
      30.223495483398438,
      38.21107864379883,
      37.6651611328125,
      31.98344612121582,
      35.57509231567383,
      28.24936866760254,
      33.482032775878906
    ],
    [
      26.33514404296875,
      24.193227767944336,
      19.87484359741211,
      22.673213958740234,
      24.224924087524414,
      30.08075523376465,
      19.53073501586914,
      28.377498626708984,
      20.52908706665039,
      31.008359909057617,
      34.307151794433594,
      48.94795227050781,
      37.6651611328125,
      61.5068244934082,
      35.21905517578125,
      54.597877502441406,
      33.074951171875,
      49.90352249145508
    ],
    [
      20.647172927856445,
      16.207151412963867,
      15.441362380981445,
      13.76566219329834,
      17.32985496520996,
      15.942309379577637,
      11.544137001037598,
      13.136839866638184,
      13.191882133483887,
      14.633357048034668,
      22.45768165588379,
      27.165634155273438,
      31.98344612121582,
      35.21905517578125,
      39.38485336303711,
      39.10315704345703,
      37.13236999511719,
      37.4243278503418
    ],
    [
      28.438264846801758,
      22.637941360473633,
      18.9679012298584,
      21.436859130859375,
      20.726722717285156,
      25.431930541992188,
      15.821995735168457,
      22.941280364990234,
      16.49818992614746,
      25.07172203063965,
      29.304950714111328,
      42.2049674987793,
      35.57509231567383,
      54.597877502441406,
      39.10315704345703,
      65.10570526123047,
      39.98673629760742,
      55.89885330200195
    ],
    [
      22.424549102783203,
      16.755603790283203,
      14.891586303710938,
      13.54727554321289,
      14.723788261413574,
      15.27474308013916,
      11.037225723266602,
      13.578954696655273,
      11.422042846679688,
      14.720529556274414,
      18.764156341552734,
      24.447696685791016,
      28.24936866760254,
      33.074951171875,
      37.13236999511719,
      39.98673629760742,
      45.209659576416016,
      44.45530319213867
    ],
    [
      32.62659454345703,
      26.714725494384766,
      23.00630760192871,
      24.431638717651367,
      23.055131912231445,
      28.92894172668457,
      19.719377517700195,
      26.058502197265625,
      19.829938888549805,
      28.60463523864746,
      27.91884994506836,
      40.424896240234375,
      33.482032775878906,
      49.90352249145508,
      37.4243278503418,
      55.89885330200195,
      44.45530319213867,
      73.54656982421875
    ]
  ],
  "covariance_short": [
    [
      42.46630096435547,
      18.77524185180664,
      14.711620330810547,
      12.787834167480469,
      12.858322143554688,
      14.342525482177734,
      8.339083671569824,
      10.602744102478027,
      9.497465133666992,
      12.149322509765625,
      14.148924827575684,
      19.703882217407227,
      15.521340370178223,
      23.374425888061523,
      14.440256118774414,
      23.578575134277344,
      20.634084701538086,
      26.98746681213379
    ],
    [
      18.77524185180664,
      68.9993667602539,
      13.806047439575195,
      17.875537872314453,
      9.175801277160645,
      16.178564071655273,
      9.305230140686035,
      14.914902687072754,
      9.981085777282715,
      16.278371810913086,
      13.111430168151855,
      20.800573348999023,
      14.493064880371094,
      22.794387817382812,
      15.134827613830566,
      22.210227966308594,
      17.033649444580078,
      27.43486213684082
    ],
    [
      14.711620330810547,
      13.806047439575195,
      19.89911651611328,
      14.432511329650879,
      15.6698579788208,
      14.466876983642578,
      10.285566329956055,
      11.693089485168457,
      11.751797676086426,
      13.359657287597656,
      16.658334732055664,
      20.76448631286621,
      18.558536529541016,
      21.95241928100586,
      16.334003448486328,
      21.652694702148438,
      19.01984405517578,
      24.186506271362305
    ],
    [
      12.787834167480469,
      17.875537872314453,
      14.432511329650879,
      23.333553314208984,
      14.669721603393555,
      17.916400909423828,
      11.991809844970703,
      15.734589576721191,
      12.66689395904541,
      17.541908264160156,
      16.02800178527832,
      23.380695343017578,
      16.839263916015625,
      23.88872528076172,
      15.898117065429688,
      23.682050704956055,
      17.396474838256836,
      24.856159210205078
    ],
    [
      12.858322143554688,
      9.175801277160645,
      15.6698579788208,
      14.669721603393555,
      40.927947998046875,
      21.339956283569336,
      23.3975830078125,
      14.430464744567871,
      23.095970153808594,
      17.31671714782715,
      26.694732666015625,
      26.1612606048584,
      26.969127655029297,
      27.242900848388672,
      20.099475860595703,
      25.775007247924805,
      19.635082244873047,
      25.185823440551758
    ],
    [
      14.342525482177734,
      16.178564071655273,
      14.466876983642578,
      17.916400909423828,
      21.339956283569336,
      33.230194091796875,
      18.192285537719727,
      24.099191665649414,
      17.608179092407227,
      25.992767333984375,
      21.41303825378418,
      32.37711715698242,
      20.923274993896484,
      32.37395095825195,
      19.66542625427246,
      29.396364212036133,
      20.28666114807129,
      30.372943878173828
    ],
    [
      8.339083671569824,
      9.305230140686035,
      10.285566329956055,
      11.991809844970703,
      23.3975830078125,
      18.192285537719727,
      35.704551696777344,
      22.43067741394043,
      23.68558120727539,
      20.63873863220215,
      19.94915771484375,
      22.517330169677734,
      20.092195510864258,
      22.578327178955078,
      15.381648063659668,
      20.065244674682617,
      14.97031021118164,
      21.96774673461914
    ],
    [
      10.602744102478027,
      14.914902687072754,
      11.693089485168457,
      15.734589576721191,
      14.430464744567871,
      24.099191665649414,
      22.43067741394043,
      37.82610321044922,
      17.29186248779297,
      28.79104995727539,
      17.67352867126465,
      30.281408309936523,
      16.36222267150879,
      29.830690383911133,
      17.207176208496094,
      26.61614418029785,
      17.261201858520508,
      28.233840942382812
    ],
    [
      9.497465133666992,
      9.981085777282715,
      11.751797676086426,
      12.66689395904541,
      23.095970153808594,
      17.608179092407227,
      23.68558120727539,
      17.29186248779297,
      36.68577575683594,
      22.660181045532227,
      25.88631248474121,
      24.15245819091797,
      24.859027862548828,
      25.006954193115234,
      17.60915184020996,
      22.115365982055664,
      17.0196475982666,
      24.156145095825195
    ],
    [
      12.149322509765625,
      16.278371810913086,
      13.359657287597656,
      17.541908264160156,
      17.31671714782715,
      25.992767333984375,
      20.63873863220215,
      28.79104995727539,
      22.660181045532227,
      36.4201774597168,
      21.14801025390625,
      33.7992057800293,
      19.47924041748047,
      33.79389953613281,
      19.55143165588379,
      29.904630661010742,
      19.691410064697266,
      32.017738342285156
    ],
    [
      14.148924827575684,
      13.111430168151855,
      16.658334732055664,
      16.02800178527832,
      26.694732666015625,
      21.41303825378418,
      19.94915771484375,
      17.67352867126465,
      25.88631248474121,
      21.14801025390625,
      39.33820724487305,
      36.28543472290039,
      36.701053619384766,
      40.65947341918945,
      28.883607864379883,
      38.27113723754883,
      28.945039749145508,
      34.87335968017578
    ],
    [
      19.703882217407227,
      20.800573348999023,
      20.76448631286621,
      23.380695343017578,
      26.1612606048584,
      32.37711715698242,
      22.517330169677734,
      30.281408309936523,
      24.15245819091797,
      33.7992057800293,
      36.28543472290039,
      52.88463592529297,
      35.55223846435547,
      53.9352912902832,
      33.016204833984375,
      50.26150131225586,
      34.09465789794922,
      46.49387741088867
    ],
    [
      15.521340370178223,
      14.493064880371094,
      18.558536529541016,
      16.839263916015625,
      26.969127655029297,
      20.923274993896484,
      20.092195510864258,
      16.36222267150879,
      24.859027862548828,
      19.47924041748047,
      36.701053619384766,
      35.55223846435547,
      51.771263122558594,
      44.388587951660156,
      40.847171783447266,
      45.58187484741211,
      42.15912628173828,
      39.8978271484375
    ],
    [
      23.374425888061523,
      22.794387817382812,
      21.95241928100586,
      23.88872528076172,
      27.242900848388672,
      32.37395095825195,
      22.578327178955078,
      29.830690383911133,
      25.006954193115234,
      33.79389953613281,
      40.65947341918945,
      53.9352912902832,
      44.388587951660156,
      70.92266082763672,
      42.16102981567383,
      66.37283325195312,
      46.68519973754883,
      60.5836296081543
    ],
    [
      14.440256118774414,
      15.134827613830566,
      16.334003448486328,
      15.898117065429688,
      20.099475860595703,
      19.66542625427246,
      15.381648063659668,
      17.207176208496094,
      17.60915184020996,
      19.55143165588379,
      28.883607864379883,
      33.016204833984375,
      40.847171783447266,
      42.16102981567383,
      53.34175109863281,
      51.018646240234375,
      53.360050201416016,
      46.83967590332031
    ],
    [
      23.578575134277344,
      22.210227966308594,
      21.652694702148438,
      23.682050704956055,
      25.775007247924805,
      29.396364212036133,
      20.065244674682617,
      26.61614418029785,
      22.115365982055664,
      29.904630661010742,
      38.27113723754883,
      50.26150131225586,
      45.58187484741211,
      66.37283325195312,
      51.018646240234375,
      88.61894226074219,
      60.173091888427734,
      75.41812133789062
    ],
    [
      20.634084701538086,
      17.033649444580078,
      19.01984405517578,
      17.396474838256836,
      19.635082244873047,
      20.28666114807129,
      14.97031021118164,
      17.261201858520508,
      17.0196475982666,
      19.691410064697266,
      28.945039749145508,
      34.09465789794922,
      42.15912628173828,
      46.68519973754883,
      53.360050201416016,
      60.173091888427734,
      74.71448516845703,
      65.94879150390625
    ],
    [
      26.98746681213379,
      27.43486213684082,
      24.186506271362305,
      24.856159210205078,
      25.185823440551758,
      30.372943878173828,
      21.96774673461914,
      28.233840942382812,
      24.156145095825195,
      32.017738342285156,
      34.87335968017578,
      46.49387741088867,
      39.8978271484375,
      60.5836296081543,
      46.83967590332031,
      75.41812133789062,
      65.94879150390625,
      95.38854217529297
    ]
  ],
  "damage": -4.375524044036865,
  "diff_bandwidth": 612.677734375,
  "dissonance": 8.597981862136823,
  "drr": 16.075349807739258,
  "dynamics": 3.342742919921875,
  "format": 1245190,
  "frames": 15364032,
  "loudness": -9.562996864318848,
  "loudness_range": 9.583431243896484,
  "loudness_range_short": 10.70002555847168,
  "lowpass_true_peak_15khz": 1.5108482837677002,
  "mastering3_acoustic_entropies": [
    {
      "acoustic_entropy": 6.351860523223877,
      "acoustic_entropy_mono": 6.362542629241943,
      "band_eliminated_acoustic_entropies": [
        {
          "acoustic_entropy": 6.264835357666016,
          "acoustic_entropy_side": 6.3518967628479,
          "hz": 129.47220167065723
        },
        {
          "acoustic_entropy": 6.694961071014404,
          "acoustic_entropy_side": 6.351828575134277,
          "hz": 202.92927478742237
        },
        {
          "acoustic_entropy": 6.846235752105713,
          "acoustic_entropy_side": 6.356729507446289,
          "hz": 282.89161906338205
        },
        {
          "acoustic_entropy": 6.670609951019287,
          "acoustic_entropy_side": 6.346117973327637,
          "hz": 369.9353335868758
        },
        {
          "acoustic_entropy": 6.580867290496826,
          "acoustic_entropy_side": 6.344051361083984,
          "hz": 464.6875360973435
        },
        {
          "acoustic_entropy": 6.439141750335693,
          "acoustic_entropy_side": 6.395868301391602,
          "hz": 567.8308811364784
        },
        {
          "acoustic_entropy": 6.614024639129639,
          "acoustic_entropy_side": 6.325613498687744,
          "hz": 680.1084783214808
        },
        {
          "acoustic_entropy": 5.653449058532715,
          "acoustic_entropy_side": 6.356626987457275,
          "hz": 802.3292461747484
        },
        {
          "acoustic_entropy": 6.07351541519165,
          "acoustic_entropy_side": 6.377641677856445,
          "hz": 935.3737400823702
        },
        {
          "acoustic_entropy": 6.248029708862305,
          "acoustic_entropy_side": 6.374166011810303,
          "hz": 1080.2004963696966
        },
        {
          "acoustic_entropy": 6.460941791534424,
          "acoustic_entropy_side": 6.327815532684326,
          "hz": 1237.8529382007157
        },
        {
          "acoustic_entropy": 6.209444522857666,
          "acoustic_entropy_side": 6.306077480316162,
          "hz": 1409.4668930556702
        },
        {
          "acoustic_entropy": 6.694158554077148,
          "acoustic_entropy_side": 6.332667827606201,
          "hz": 1596.2787759475705
        },
        {
          "acoustic_entropy": 6.4353108406066895,
          "acoustic_entropy_side": 6.3214240074157715,
          "hz": 1799.6344973346393
        },
        {
          "acoustic_entropy": 6.192081928253174,
          "acoustic_entropy_side": 6.315476417541504,
          "hz": 2020.9991599069049
        },
        {
          "acoustic_entropy": 6.3697404861450195,
          "acoustic_entropy_side": 6.350383758544922,
          "hz": 2261.9676141086993
        },
        {
          "acoustic_entropy": 6.370752811431885,
          "acoustic_entropy_side": 6.4118733406066895,
          "hz": 2524.2759484456974
        },
        {
          "acoustic_entropy": 6.301074504852295,
          "acoustic_entropy_side": 6.422217845916748,
          "hz": 2809.813997359896
        },
        {
          "acoustic_entropy": 6.52491569519043,
          "acoustic_entropy_side": 6.405694484710693,
          "hz": 3120.6389567871424
        },
        {
          "acoustic_entropy": 6.3447136878967285,
          "acoustic_entropy_side": 6.394360065460205,
          "hz": 3458.990205492291
        },
        {
          "acoustic_entropy": 6.1958394050598145,
          "acoustic_entropy_side": 6.3739399909973145,
          "hz": 3827.305438964164
        },
        {
          "acoustic_entropy": 6.31160831451416,
          "acoustic_entropy_side": 6.3108906745910645,
          "hz": 4228.238232109126
        },
        {
          "acoustic_entropy": 6.198294162750244,
          "acoustic_entropy_side": 6.335402011871338,
          "hz": 4664.6771572759235
        },
        {
          "acoustic_entropy": 6.373530864715576,
          "acoustic_entropy_side": 6.335005760192871,
          "hz": 5139.766595350093
        },
        {
          "acoustic_entropy": 6.407852649688721,
          "acoustic_entropy_side": 6.340381145477295,
          "hz": 5656.929389854203
        },
        {
          "acoustic_entropy": 6.282751560211182,
          "acoustic_entropy_side": 6.328883171081543,
          "hz": 6219.891507268283
        },
        {
          "acoustic_entropy": 6.462131023406982,
          "acoustic_entropy_side": 6.3239617347717285,
          "hz": 6832.70888123896
        },
        {
          "acoustic_entropy": 6.493603706359863,
          "acoustic_entropy_side": 6.327524185180664,
          "hz": 7499.796634079867
        },
        {
          "acoustic_entropy": 6.48487663269043,
          "acoustic_entropy_side": 6.334724426269531,
          "hz": 8225.96088609342
        },
        {
          "acoustic_entropy": 6.465405464172363,
          "acoustic_entropy_side": 6.336887836456299,
          "hz": 9016.43338188839
        },
        {
          "acoustic_entropy": 6.4691267013549805,
          "acoustic_entropy_side": 6.3477559089660645,
          "hz": 9876.909183162974
        },
        {
          "acoustic_entropy": 6.502105712890625,
          "acoustic_entropy_side": 6.351650238037109,
          "hz": 10813.587699516042
        },
        {
          "acoustic_entropy": 6.5297393798828125,
          "acoustic_entropy_side": 6.353616714477539,
          "hz": 11833.21735289826
        },
        {
          "acoustic_entropy": 6.553923606872559,
          "acoustic_entropy_side": 6.35297155380249,
          "hz": 12943.144197493959
        },
        {
          "acoustic_entropy": 6.537525653839111,
          "acoustic_entropy_side": 6.352685928344727,
          "hz": 14151.364845322005
        },
        {
          "acoustic_entropy": 6.375417232513428,
          "acoustic_entropy_side": 6.352412223815918,
          "hz": 15466.58407886509
        },
        {
          "acoustic_entropy": 6.4142045974731445,
          "acoustic_entropy_side": 6.3520731925964355,
          "hz": 16898.27756580493
        },
        {
          "acoustic_entropy": 6.3566789627075195,
          "acoustic_entropy_side": 6.3519158363342285,
          "hz": 18456.760127700032
        },
        {
          "acoustic_entropy": 6.3525214195251465,
          "acoustic_entropy_side": 6.351872444152832,
          "hz": 20153.260054456492
        },
        {
          "acoustic_entropy": 6.351999282836914,
          "acoustic_entropy_side": 6.351864814758301,
          "hz": 22000.00000000001
        }
      ],
      "diff_acoustic_entropy": 4.756225109100342,
      "sn": 6
    },
    {
      "acoustic_entropy": 11.357829093933105,
      "acoustic_entropy_mono": 10.323736190795898,
      "band_eliminated_acoustic_entropies": [
        {
          "acoustic_entropy": 10.586750030517578,
          "acoustic_entropy_side": 11.356782913208008,
          "hz": 129.47220167065723
        },
        {
          "acoustic_entropy": 10.289844512939453,
          "acoustic_entropy_side": 11.324236869812012,
          "hz": 202.92927478742237
        },
        {
          "acoustic_entropy": 12.1433744430542,
          "acoustic_entropy_side": 11.336810111999512,
          "hz": 282.89161906338205
        },
        {
          "acoustic_entropy": 10.913909912109375,
          "acoustic_entropy_side": 11.171310424804688,
          "hz": 369.9353335868758
        },
        {
          "acoustic_entropy": 11.357654571533203,
          "acoustic_entropy_side": 11.11656665802002,
          "hz": 464.6875360973435
        },
        {
          "acoustic_entropy": 10.819500923156738,
          "acoustic_entropy_side": 11.41476058959961,
          "hz": 567.8308811364784
        },
        {
          "acoustic_entropy": 11.028725624084473,
          "acoustic_entropy_side": 11.094063758850098,
          "hz": 680.1084783214808
        },
        {
          "acoustic_entropy": 10.229337692260742,
          "acoustic_entropy_side": 11.332836151123047,
          "hz": 802.3292461747484
        },
        {
          "acoustic_entropy": 10.853110313415527,
          "acoustic_entropy_side": 11.192492485046387,
          "hz": 935.3737400823702
        },
        {
          "acoustic_entropy": 10.819607734680176,
          "acoustic_entropy_side": 11.210760116577148,
          "hz": 1080.2004963696966
        },
        {
          "acoustic_entropy": 11.085875511169434,
          "acoustic_entropy_side": 11.111089706420898,
          "hz": 1237.8529382007157
        },
        {
          "acoustic_entropy": 11.040169715881348,
          "acoustic_entropy_side": 11.062300682067871,
          "hz": 1409.4668930556702
        },
        {
          "acoustic_entropy": 11.14354133605957,
          "acoustic_entropy_side": 11.140501976013184,
          "hz": 1596.2787759475705
        },
        {
          "acoustic_entropy": 11.06633472442627,
          "acoustic_entropy_side": 11.24533748626709,
          "hz": 1799.6344973346393
        },
        {
          "acoustic_entropy": 10.944219589233398,
          "acoustic_entropy_side": 11.345782279968262,
          "hz": 2020.9991599069049
        },
        {
          "acoustic_entropy": 10.548266410827637,
          "acoustic_entropy_side": 11.139039993286133,
          "hz": 2261.9676141086993
        },
        {
          "acoustic_entropy": 10.933691024780273,
          "acoustic_entropy_side": 11.428731918334961,
          "hz": 2524.2759484456974
        },
        {
          "acoustic_entropy": 10.855786323547363,
          "acoustic_entropy_side": 11.213953018188477,
          "hz": 2809.813997359896
        },
        {
          "acoustic_entropy": 10.928812980651855,
          "acoustic_entropy_side": 11.064592361450195,
          "hz": 3120.6389567871424
        },
        {
          "acoustic_entropy": 11.345614433288574,
          "acoustic_entropy_side": 11.26895523071289,
          "hz": 3458.990205492291
        },
        {
          "acoustic_entropy": 10.606332778930664,
          "acoustic_entropy_side": 11.25167465209961,
          "hz": 3827.305438964164
        },
        {
          "acoustic_entropy": 10.917900085449219,
          "acoustic_entropy_side": 11.151272773742676,
          "hz": 4228.238232109126
        },
        {
          "acoustic_entropy": 11.275032997131348,
          "acoustic_entropy_side": 11.11491584777832,
          "hz": 4664.6771572759235
        },
        {
          "acoustic_entropy": 11.248798370361328,
          "acoustic_entropy_side": 11.246268272399902,
          "hz": 5139.766595350093
        },
        {
          "acoustic_entropy": 11.246521949768066,
          "acoustic_entropy_side": 11.291642189025879,
          "hz": 5656.929389854203
        },
        {
          "acoustic_entropy": 11.042642593383789,
          "acoustic_entropy_side": 11.279041290283203,
          "hz": 6219.891507268283
        },
        {
          "acoustic_entropy": 11.338302612304688,
          "acoustic_entropy_side": 11.37985610961914,
          "hz": 6832.70888123896
        },
        {
          "acoustic_entropy": 11.224295616149902,
          "acoustic_entropy_side": 11.332829475402832,
          "hz": 7499.796634079867
        },
        {
          "acoustic_entropy": 11.145212173461914,
          "acoustic_entropy_side": 11.343775749206543,
          "hz": 8225.96088609342
        },
        {
          "acoustic_entropy": 11.273688316345215,
          "acoustic_entropy_side": 11.363068580627441,
          "hz": 9016.43338188839
        },
        {
          "acoustic_entropy": 11.291838645935059,
          "acoustic_entropy_side": 11.325127601623535,
          "hz": 9876.909183162974
        },
        {
          "acoustic_entropy": 11.196825981140137,
          "acoustic_entropy_side": 11.311604499816895,
          "hz": 10813.587699516042
        },
        {
          "acoustic_entropy": 11.141154289245605,
          "acoustic_entropy_side": 11.311588287353516,
          "hz": 11833.21735289826
        },
        {
          "acoustic_entropy": 11.166152954101562,
          "acoustic_entropy_side": 11.304962158203125,
          "hz": 12943.144197493959
        },
        {
          "acoustic_entropy": 11.165017127990723,
          "acoustic_entropy_side": 11.329694747924805,
          "hz": 14151.364845322005
        },
        {
          "acoustic_entropy": 11.218598365783691,
          "acoustic_entropy_side": 11.344844818115234,
          "hz": 15466.58407886509
        },
        {
          "acoustic_entropy": 11.277230262756348,
          "acoustic_entropy_side": 11.353381156921387,
          "hz": 16898.27756580493
        },
        {
          "acoustic_entropy": 11.328716278076172,
          "acoustic_entropy_side": 11.3569917678833,
          "hz": 18456.760127700032
        },
        {
          "acoustic_entropy": 11.351844787597656,
          "acoustic_entropy_side": 11.35759449005127,
          "hz": 20153.260054456492
        },
        {
          "acoustic_entropy": 11.35651683807373,
          "acoustic_entropy_side": 11.357739448547363,
          "hz": 22000.00000000001
        }
      ],
      "diff_acoustic_entropy": 8.987460136413574,
      "sn": 12
    },
    {
      "acoustic_entropy": 15.989253044128418,
      "acoustic_entropy_mono": 14.211935043334961,
      "band_eliminated_acoustic_entropies": [
        {
          "acoustic_entropy": 15.94245719909668,
          "acoustic_entropy_side": 16.00868034362793,
          "hz": 129.47220167065723
        },
        {
          "acoustic_entropy": 16.405681610107422,
          "acoustic_entropy_side": 16.350492477416992,
          "hz": 202.92927478742237
        },
        {
          "acoustic_entropy": 16.809345245361328,
          "acoustic_entropy_side": 16.990863800048828,
          "hz": 282.89161906338205
        },
        {
          "acoustic_entropy": 16.497962951660156,
          "acoustic_entropy_side": 16.12977409362793,
          "hz": 369.9353335868758
        },
        {
          "acoustic_entropy": 15.868051528930664,
          "acoustic_entropy_side": 15.957720756530762,
          "hz": 464.6875360973435
        },
        {
          "acoustic_entropy": 16.119935989379883,
          "acoustic_entropy_side": 15.87572956085205,
          "hz": 567.8308811364784
        },
        {
          "acoustic_entropy": 16.817087173461914,
          "acoustic_entropy_side": 15.912089347839355,
          "hz": 680.1084783214808
        },
        {
          "acoustic_entropy": 15.660072326660156,
          "acoustic_entropy_side": 16.292261123657227,
          "hz": 802.3292461747484
        },
        {
          "acoustic_entropy": 16.00217628479004,
          "acoustic_entropy_side": 15.677733421325684,
          "hz": 935.3737400823702
        },
        {
          "acoustic_entropy": 16.152240753173828,
          "acoustic_entropy_side": 15.881645202636719,
          "hz": 1080.2004963696966
        },
        {
          "acoustic_entropy": 15.871332168579102,
          "acoustic_entropy_side": 15.920183181762695,
          "hz": 1237.8529382007157
        },
        {
          "acoustic_entropy": 16.41884422302246,
          "acoustic_entropy_side": 16.51738929748535,
          "hz": 1409.4668930556702
        },
        {
          "acoustic_entropy": 16.367448806762695,
          "acoustic_entropy_side": 16.231218338012695,
          "hz": 1596.2787759475705
        },
        {
          "acoustic_entropy": 16.1112003326416,
          "acoustic_entropy_side": 15.964183807373047,
          "hz": 1799.6344973346393
        },
        {
          "acoustic_entropy": 16.46511459350586,
          "acoustic_entropy_side": 16.49333953857422,
          "hz": 2020.9991599069049
        },
        {
          "acoustic_entropy": 16.40408706665039,
          "acoustic_entropy_side": 16.082693099975586,
          "hz": 2261.9676141086993
        },
        {
          "acoustic_entropy": 15.846220016479492,
          "acoustic_entropy_side": 15.793330192565918,
          "hz": 2524.2759484456974
        },
        {
          "acoustic_entropy": 16.02538299560547,
          "acoustic_entropy_side": 16.104368209838867,
          "hz": 2809.813997359896
        },
        {
