{
  "acoustic_entropy": 51.156593322753906,
  "bands": [
    {
      "high_freq": 148.1999969482422,
      "loudness": 0,
      "loudness_range": 0,
      "mid_mean": -69.40216064453125,
      "mid_to_side_loudness": -0.37750428915023804,
      "mid_to_side_loudness_range": 6.4300856590271,
      "side_mean": -69.49369812011719
    },
    {
      "high_freq": 392.3793640136719,
      "loudness": -31.501529693603516,
      "loudness_range": 5.569454193115234,
      "low_freq": 148.1999969482422,
      "mid_mean": -33.3070182800293,
      "mid_to_side_loudness": -6.760644912719727,
      "mid_to_side_loudness_range": 16.593273162841797,
      "side_mean": -54.007568359375
    },
    {
      "high_freq": 794.6976318359375,
      "loudness": -29.158855438232422,
      "loudness_range": 5.879570007324219,
      "low_freq": 392.3793640136719,
      "mid_mean": -30.845335006713867,
      "mid_to_side_loudness": -9.278751373291016,
      "mid_to_side_loudness_range": 14.550559043884277,
      "side_mean": -52.98741912841797
    },
    {
      "high_freq": 1457.5709228515625,
      "loudness": -35.989471435546875,
      "loudness_range": 9.944833755493164,
      "low_freq": 794.6976318359375,
      "mid_mean": -51.6686897277832,
      "mid_to_side_loudness": -6.290002346038818,
      "mid_to_side_loudness_range": 8.825654983520508,
      "side_mean": -55.682132720947266
    },
    {
      "high_freq": 2549.74365234375,
      "loudness": -33.87154006958008,
      "loudness_range": 7.518396377563477,
      "low_freq": 1457.5709228515625,
      "mid_mean": -50.7537841796875,
      "mid_to_side_loudness": -4.140495300292969,
      "mid_to_side_loudness_range": 19.699661254882812,
      "side_mean": -54.686912536621094
    },
    {
      "high_freq": 4349.24462890625,
      "loudness": -39.83885192871094,
      "loudness_range": 13.168981552124023,
      "low_freq": 2549.74365234375,
      "mid_mean": -53.71843719482422,
      "mid_to_side_loudness": -8.545287132263184,
      "mid_to_side_loudness_range": 11.614376068115234,
      "side_mean": -59.05719757080078
    },
    {
      "high_freq": 7314.1640625,
      "loudness": -56.66791534423828,
      "loudness_range": 11.251289367675781,
      "low_freq": 4349.24462890625,
      "mid_mean": -62.15324020385742,
      "mid_to_side_loudness": -7.190601348876953,
      "mid_to_side_loudness_range": 10.280996322631836,
      "side_mean": -66.22157287597656
    },
    {
      "high_freq": 12199.2666015625,
      "loudness": -65.79389190673828,
      "loudness_range": 15.38973617553711,
      "low_freq": 7314.1640625,
      "mid_mean": -66.06040954589844,
      "mid_to_side_loudness": -6.516706466674805,
      "mid_to_side_loudness_range": 10.48781681060791,
      "side_mean": -68.75316619873047
    },
    {
      "loudness": -77.70825958251953,
      "loudness_range": 18.098297119140625,
      "low_freq": 12199.2666015625,
      "mid_mean": -68.74073791503906,
      "mid_to_side_loudness": -6.356405258178711,
      "mid_to_side_loudness_range": 7.667913436889648,
      "side_mean": -69.74359130859375
    }
  ],
  "bands_short": [
    {
      "high_freq": 148.1999969482422,
      "loudness": -77.5794448852539,
      "loudness_range": 12.75531005859375,
      "mid_mean": -68.99776458740234,
      "mid_to_side_loudness": -4.248963356018066,
      "mid_to_side_loudness_range": 14.068122863769531,
      "side_mean": -69.6741943359375
    },
    {
      "high_freq": 392.3793640136719,
      "loudness": -32.060306549072266,
      "loudness_range": 8.194705963134766,
      "low_freq": 148.1999969482422,
      "mid_mean": -50.52082824707031,
      "mid_to_side_loudness": -5.7308831214904785,
      "mid_to_side_loudness_range": 17.6092529296875,
      "side_mean": -54.73026657104492
    },
    {
      "high_freq": 794.6976318359375,
      "loudness": -28.965774536132812,
      "loudness_range": 6.895292282104492,
      "low_freq": 392.3793640136719,
      "mid_mean": -32.37592697143555,
      "mid_to_side_loudness": -8.54990291595459,
      "mid_to_side_loudness_range": 15.524499893188477,
      "side_mean": -53.481868743896484
    },
    {
      "high_freq": 1457.5709228515625,
      "loudness": -34.45405578613281,
      "loudness_range": 9.982187271118164,
      "low_freq": 794.6976318359375,
      "mid_mean": -51.9112663269043,
      "mid_to_side_loudness": -7.201895713806152,
      "mid_to_side_loudness_range": 12.051947593688965,
      "side_mean": -56.12432861328125
    },
    {
      "high_freq": 2549.74365234375,
      "loudness": -33.5311164855957,
      "loudness_range": 8.68191146850586,
      "low_freq": 1457.5709228515625,
      "mid_mean": -51.737735748291016,
      "mid_to_side_loudness": -4.661404609680176,
      "mid_to_side_loudness_range": 16.070419311523438,
      "side_mean": -55.370086669921875
    },
    {
      "high_freq": 4349.24462890625,
      "loudness": -39.20950698852539,
      "loudness_range": 12.321884155273438,
      "low_freq": 2549.74365234375,
      "mid_mean": -54.72065734863281,
      "mid_to_side_loudness": -8.3190336227417,
      "mid_to_side_loudness_range": 12.606561660766602,
      "side_mean": -59.696258544921875
    },
    {
      "high_freq": 7314.1640625,
      "loudness": -56.86402130126953,
      "loudness_range": 12.898880004882812,
      "low_freq": 4349.24462890625,
      "mid_mean": -62.62371063232422,
      "mid_to_side_loudness": -7.170769214630127,
      "mid_to_side_loudness_range": 12.049681663513184,
      "side_mean": -66.47915649414062
    },
    {
      "high_freq": 12199.2666015625,
      "loudness": -66.14789581298828,
      "loudness_range": 12.157463073730469,
      "low_freq": 7314.1640625,
      "mid_mean": -66.3488540649414,
      "mid_to_side_loudness": -6.35306978225708,
      "mid_to_side_loudness_range": 10.812027931213379,
      "side_mean": -68.83171081542969
    },
    {
      "loudness": -77.92715454101562,
      "loudness_range": 18.772865295410156,
      "low_freq": 12199.2666015625,
      "mid_mean": -68.79618072509766,
      "mid_to_side_loudness": -6.477643013000488,
      "mid_to_side_loudness_range": 7.554592609405518,
      "side_mean": -69.73839569091797
    }
  ],
  "bandwidth": 755.0081787109375,
  "channels": 2,
  "covariance": [
    [
      0.39272212982177734,
      0.20370161533355713,
      3.610044240951538,
      7.883070468902588,
      3.918790102005005,
      8.460761070251465,
      9.711118698120117,
      7.579219341278076,
      10.103711128234863,
      7.962464332580566,
      9.162191390991211,
      6.285460948944092,
      4.8651957511901855,
      2.5863840579986572,
      2.9083869457244873,
      0.9754242897033691,
      1.0019166469573975,
      0.18198275566101074
    ],
    [
      0.20370161533355713,
      0.15665563941001892,
      0.4216178357601166,
      5.054373264312744,
      0.4044637382030487,
      5.424831390380859,
      5.818111896514893,
      4.575831413269043,
      6.085153579711914,
      4.862809658050537,
      5.2481160163879395,
      3.5527279376983643,
      2.6177682876586914,
      1.304274559020996,
      1.3974072933197021,
      0.4479532539844513,
      0.4530620872974396,
      0.08726929128170013
    ],
    [
      3.610044240951538,
      0.4216178357601166,
      169.6265411376953,
      126.26586151123047,
      160.88406372070312,
      106.565673828125,
      152.2499237060547,
      126.55524444580078,
      171.71832275390625,
      130.8780975341797,
      158.3272705078125,
      108.66234588623047,
      83.88932037353516,
      42.051361083984375,
      43.06306457519531,
      13.941938400268555,
      13.187272071838379,
      2.3724403381347656
    ],
    [
      7.883070468902588,
      5.054373264312744,
      126.26586151123047,
      250.53253173828125,
      144.7521209716797,
      252.4608154296875,
      288.0309143066406,
      229.1951141357422,
      307.76324462890625,
      242.57583618164062,
      265.5166320800781,
      179.03018188476562,
      130.32315063476562,
      63.30129623413086,
      65.18547821044922,
      20.774049758911133,
      20.26004981994629,
      3.9220521450042725
    ],
    [
      3.918790102005005,
      0.4044637382030487,
      160.88406372070312,
      144.7521209716797,
      186.16468811035156,
      126.44781494140625,
      172.25302124023438,
      142.3197479248047,
      191.64227294921875,
      146.9480438232422,
      174.80870056152344,
      119.28202819824219,
      90.36618041992188,
      45.09264373779297,
      46.697513580322266,
      15.18767261505127,
      14.266068458557129,
      2.502272605895996
    ],
    [
      8.460761070251465,
      5.424831390380859,
      106.565673828125,
      252.4608154296875,
      126.44781494140625,
      259.2915954589844,
      292.2668151855469,
      231.54183959960938,
      310.5209655761719,
      244.81634521484375,
      268.36883544921875,
      181.4647216796875,
      132.4048614501953,
      64.65104675292969,
      68.08885955810547,
      21.650474548339844,
      21.239696502685547,
      4.013889312744141
    ],
    [
      9.711118698120117,
      5.818111896514893,
      152.2499237060547,
      288.0309143066406,
      172.25302124023438,
      292.2668151855469,
      337.9681701660156,
      266.8074951171875,
      359.62213134765625,
      281.9620056152344,
      312.94342041015625,
      211.96958923339844,
      155.7215118408203,
      76.49703979492188,
      80.79767608642578,
      25.861108779907227,
      25.424724578857422,
      4.800659656524658
    ],
    [
      7.579219341278076,
      4.575831413269043,
      126.55524444580078,
      229.1951141357422,
      142.3197479248047,
      231.54183959960938,
      266.8074951171875,
      212.23460388183594,
      285.2933654785156,
      224.25877380371094,
      248.11489868164062,
      167.97593688964844,
      123.55343627929688,
      60.612831115722656,
      63.18008804321289,
      20.21973991394043,
      19.785240173339844,
      3.7714486122131348
    ],
    [
      10.103711128234863,
      6.085153579711914,
      171.71832275390625,
      307.76324462890625,
      191.64227294921875,
      310.5209655761719,
      359.62213134765625,
      285.2933654785156,
      384.83837890625,
      301.75775146484375,
      334.2503356933594,
      226.284423828125,
      166.19049072265625,
      81.11933135986328,
      84.59095764160156,
      26.957202911376953,
      26.33308982849121,
      5.022677898406982
    ],
    [
      7.962464332580566,
      4.862809658050537,
      130.8780975341797,
      242.57583618164062,
      146.9480438232422,
      244.81634521484375,
      281.9620056152344,
      224.25877380371094,
      301.75775146484375,
      237.5452880859375,
      262.08416748046875,
      177.35829162597656,
      130.55023193359375,
      63.93107223510742,
      66.1976318359375,
      21.200454711914062,
      20.738218307495117,
      3.9865691661834717
    ],
    [
      9.162191390991211,
      5.2481160163879395,
      158.3272705078125,
      265.5166320800781,
      174.80870056152344,
      268.36883544921875,
      312.94342041015625,
      248.11489868164062,
      334.2503356933594,
      262.08416748046875,
      293.0065002441406,
      198.882568359375,
      147.48489379882812,
      72.97850799560547,
      76.94969177246094,
      24.747669219970703,
      24.328439712524414,
      4.57318115234375
    ],
    [
      6.285460948944092,
      3.5527279376983643,
      108.66234588623047,
      179.03018188476562,
      119.28202819824219,
      181.4647216796875,
      211.96958923339844,
      167.97593688964844,
      226.284423828125,
      177.35829162597656,
      198.882568359375,
      135.4417724609375,
      100.86795043945312,
      50.091552734375,
      53.152610778808594,
      17.07953453063965,
      16.81296730041504,
      3.133281946182251
    ],
    [
      4.8651957511901855,
      2.6177682876586914,
      83.88932037353516,
      130.32315063476562,
      90.36618041992188,
      132.4048614501953,
      155.7215118408203,
      123.55343627929688,
      166.19049072265625,
      130.55023193359375,
      147.48489379882812,
      100.86795043945312,
      76.6239013671875,
      38.77280807495117,
      41.20915985107422,
      13.387232780456543,
      13.282910346984863,
      2.473748207092285
    ],
    [
      2.5863840579986572,
      1.304274559020996,
      42.051361083984375,
      63.30129623413086,
      45.09264373779297,
      64.65104675292969,
      76.49703979492188,
      60.612831115722656,
      81.11933135986328,
      63.93107223510742,
      72.97850799560547,
      50.091552734375,
      38.77280807495117,
      20.394128799438477,
      21.675060272216797,
      7.266145706176758,
      7.361987590789795,
      1.3972941637039185
    ],
    [
      2.9083869457244873,
      1.3974072933197021,
      43.06306457519531,
      65.18547821044922,
      46.697513580322266,
      68.08885955810547,
      80.79767608642578,
      63.18008804321289,
      84.59095764160156,
      66.1976318359375,
      76.94969177246094,
      53.152610778808594,
      41.20915985107422,
      21.675060272216797,
      24.47281837463379,
      8.096039772033691,
      8.183979034423828,
      1.4401533603668213
    ],
    [
      0.9754242897033691,
      0.4479532539844513,
      13.941938400268555,
      20.774049758911133,
      15.18767261505127,
      21.650474548339844,
      25.861108779907227,
      20.21973991394043,
      26.957202911376953,
      21.200454711914062,
      24.747669219970703,
      17.07953453063965,
      13.387232780456543,
      7.266145706176758,
      8.096039772033691,
      2.7821736335754395,
      2.8516788482666016,
      0.5247686505317688
    ],
    [
      1.0019166469573975,
      0.4530620872974396,
      13.187272071838379,
      20.26004981994629,
      14.266068458557129,
      21.239696502685547,
      25.424724578857422,
      19.785240173339844,
      26.33308982849121,
      20.738218307495117,
      24.328439712524414,
      16.81296730041504,
      13.282910346984863,
      7.361987590789795,
      8.183979034423828,
      2.8516788482666016,
      2.9772565364837646,
      0.5576136708259583
    ],
    [
      0.18198275566101074,
      0.08726929128170013,
      2.3724403381347656,
      3.9220521450042725,
      2.502272605895996,
      4.013889312744141,
      4.800659656524658,
      3.7714486122131348,
      5.022677898406982,
      3.9865691661834717,
      4.57318115234375,
      3.133281946182251,
      2.473748207092285,
      1.3972941637039185,
      1.4401533603668213,
      0.5247686505317688,
      0.5576136708259583,
      0.11762747913599014
    ]
  ],
  "covariance_short": [
    [
      1.8048866987228394,
      0.26805755496025085,
      20.817115783691406,
      15.85937786102295,
      12.02756118774414,
      16.15426254272461,
      19.953369140625,
      15.191953659057617,
      20.22954750061035,
      15.946381568908691,
      17.801145553588867,
      12.065630912780762,
      9.165657043457031,
      4.689648628234863,
      4.881870269775391,
      1.6609314680099487,
      1.7463253736495972,
      0.3726919889450073
    ],
    [
      0.26805755496025085,
      0.14848166704177856,
      5.654455184936523,
      4.3922038078308105,
      2.4038679599761963,
      4.518513202667236,
      5.292740821838379,
      4.069584846496582,
      5.387692928314209,
      4.282384872436523,
      4.649059772491455,
      3.1374411582946777,
      2.3003995418548584,
      1.1427136659622192,
      1.1391080617904663,
      0.37475821375846863,
      0.3772163391113281,
      0.08035103231668472
    ],
    [
      20.817115783691406,
      5.654455184936523,
      414.2716979980469,
      319.887451171875,
      237.13784790039062,
      326.20513916015625,
      384.3689270019531,
      297.9696960449219,
      394.1965637207031,
      310.970703125,
      337.999267578125,
      229.5609893798828,
      166.19039916992188,
      80.1915054321289,
      81.88630676269531,
      26.4643497467041,
      26.336545944213867,
      5.4619140625
    ],
    [
      15.85937786102295,
      4.3922038078308105,
      319.887451171875,
      248.848876953125,
      180.56700134277344,
      253.21810913085938,
      296.6910095214844,
      230.543212890625,
      303.9019775390625,
      240.5944366455078,
      259.7584228515625,
      176.25218200683594,
      127.07379913330078,
      61.26338195800781,
      62.13794708251953,
      20.14517593383789,
      19.97588539123535,
      4.152024269104004
    ],
    [
      12.02756118774414,
      2.4038679599761963,
      237.13784790039062,
      180.56700134277344,
      237.19859313964844,
      161.75698852539062,
      223.58058166503906,
      176.8597869873047,
      235.5436553955078,
      180.6556854248047,
      212.12408447265625,
      145.2984161376953,
      107.00526428222656,
      52.655277252197266,
      53.07508850097656,
      17.721607208251953,
      16.79653549194336,
      3.2411048412323
    ],
    [
      16.15426254272461,
      4.518513202667236,
      326.20513916015625,
      253.21810913085938,
      161.75698852539062,
      263.7181396484375,
      304.2276306152344,
      235.91307067871094,
      309.6949768066406,
      245.51327514648438,
      264.53179931640625,
      180.0284423828125,
      129.86585998535156,
      62.6346549987793,
      64.98221588134766,
      21.09958839416504,
      20.92926025390625,
      4.27562141418457
    ],
    [
      19.953369140625,
      5.292740821838379,
      384.3689270019531,
      296.6910095214844,
      223.58058166503906,
      304.2276306152344,
      363.13824462890625,
      280.21209716796875,
      370.8255615234375,
      291.9493408203125,
      320.7447814941406,
      218.30294799804688,
      159.47039794921875,
      77.89874267578125,
      80.76116943359375,
      26.619897842407227,
      26.41973304748535,
      5.400617599487305
    ],
    [
      15.191953659057617,
      4.069584846496582,
      297.9696960449219,
      230.543212890625,
      176.8597869873047,
      235.91307067871094,
      280.21209716796875,
      218.57052612304688,
      287.3641662597656,
      226.50921630859375,
      248.23922729492188,
      168.94088745117188,
      123.40081024169922,
      60.168418884277344,
      62.15176010131836,
      20.453603744506836,
      20.320100784301758,
      4.1405839920043945
    ],
    [
      20.22954750061035,
      5.387692928314209,
      394.1965637207031,
      303.9019775390625,
      235.5436553955078,
      309.6949768066406,
      370.8255615234375,
      287.3641662597656,
      382.7698974609375,
      300.6913757324219,
      330.513427734375,
      224.88278198242188,
      164.49839782714844,
      80.05339813232422,
      81.88419342041016,
      26.764158248901367,
      26.43328094482422,
      5.4193501472473145
    ],
    [
      15.946381568908691,
      4.282384872436523,
      310.970703125,
      240.5944366455078,
      180.6556854248047,
      245.51327514648438,
      291.9493408203125,
      226.50921630859375,
      300.6913757324219,
      238.00401306152344,
      259.389892578125,
      176.55140686035156,
      129.25865173339844,
      63.30649185180664,
      64.00495147705078,
      21.121410369873047,
      20.88374137878418,
      4.3126397132873535
    ],
    [
      17.801145553588867,
      4.649059772491455,
      337.999267578125,
      259.7584228515625,
      212.12408447265625,
      264.53179931640625,
      320.7447814941406,
      248.23922729492188,
      330.513427734375,
      259.389892578125,
      289.88018798828125,
      197.507568359375,
      145.97329711914062,
      72.13436126708984,
      73.97029876708984,
      24.60881233215332,
      24.40860366821289,
      4.969320297241211
    ],
    [
      12.065630912780762,
      3.1374411582946777,
      229.5609893798828,
      176.25218200683594,
      145.2984161376953,
      180.0284423828125,
      218.30294799804688,
      168.94088745117188,
      224.88278198242188,
      176.55140686035156,
      197.507568359375,
      135.495361328125,
      100.07628631591797,
      49.70667266845703,
      51.0911865234375,
      17.087596893310547,
      16.89177703857422,
      3.430852174758911
    ],
    [
      9.165657043457031,
      2.3003995418548584,
      166.19039916992188,
      127.07379913330078,
      107.00526428222656,
      129.86585998535156,
      159.47039794921875,
      123.40081024169922,
      164.49839782714844,
      129.25865173339844,
      145.97329711914062,
      100.07628631591797,
      75.96136474609375,
      38.62337875366211,
      39.33567810058594,
      13.412666320800781,
      13.365006446838379,
      2.7154760360717773
    ],
    [
      4.689648628234863,
      1.1427136659622192,
      80.1915054321289,
      61.26338195800781,
      52.655277252197266,
      62.6346549987793,
      77.89874267578125,
      60.168418884277344,
      80.05339813232422,
      63.30649185180664,
      72.13436126708984,
      49.70667266845703,
      38.62337875366211,
      20.946075439453125,
      20.717618942260742,
      7.488986968994141,
      7.61653470993042,
      1.60435950756073
    ],
    [
      4.881870269775391,
      1.1391080617904663,
      81.88630676269531,
      62.13794708251953,
      53.07508850097656,
      64.98221588134766,
      80.76116943359375,
      62.15176010131836,
      81.88419342041016,
      64.00495147705078,
      73.97029876708984,
      51.0911865234375,
      39.33567810058594,
      20.717618942260742,
      22.600664138793945,
      8.00198745727539,
      8.095903396606445,
      1.6122053861618042
    ],
    [
      1.6609314680099487,
      0.37475821375846863,
      26.4643497467041,
      20.14517593383789,
      17.721607208251953,
      21.09958839416504,
      26.619897842407227,
      20.453603744506836,
      26.764158248901367,
      21.121410369873047,
      24.60881233215332,
      17.087596893310547,
      13.412666320800781,
      7.488986968994141,
      8.00198745727539,
      3.06538724899292,
      3.112718105316162,
      0.6501572728157043
    ],
    [
      1.7463253736495972,
      0.3772163391113281,
      26.336545944213867,
      19.97588539123535,
      16.79653549194336,
      20.92926025390625,
      26.41973304748535,
      20.320100784301758,
      26.43328094482422,
      20.88374137878418,
      24.40860366821289,
      16.89177703857422,
      13.365006446838379,
      7.61653470993042,
      8.095903396606445,
      3.112718105316162,
      3.33092999458313,
      0.7010358572006226
    ],
    [
      0.3726919889450073,
      0.08035103231668472,
      5.4619140625,
      4.152024269104004,
      3.2411048412323,
      4.27562141418457,
      5.400617599487305,
      4.1405839920043945,
      5.4193501472473145,
      4.3126397132873535,
      4.969320297241211,
      3.430852174758911,
      2.7154760360717773,
      1.60435950756073,
      1.6122053861618042,
      0.6501572728157043,
      0.7010358572006226,
      0.16443070769309998
    ]
  ],
  "damage": -16.583553314208984,
  "diff_bandwidth": 806.84619140625,
  "dissonance": 4.320301595412107,
  "drr": -3.122117042541504,
  "dynamics": 3.5106074810028076,
  "format": 1245190,
  "frames": 270336,
  "loudness": -21.859573364257812,
  "loudness_range": 5.087886810302734,
  "loudness_range_short": 7.758844375610352,
  "lowpass_true_peak_15khz": -6.994586944580078,
  "mastering3_acoustic_entropies": [
    {
      "acoustic_entropy": 3.6351583003997803,
      "acoustic_entropy_mono": 3.619579792022705,
      "band_eliminated_acoustic_entropies": [
        {
          "acoustic_entropy": 3.6351585388183594,
          "acoustic_entropy_side": 3.635158061981201,
          "hz": 129.47220167065723
        },
        {
          "acoustic_entropy": 3.6351568698883057,
          "acoustic_entropy_side": 3.6351583003997803,
          "hz": 202.92927478742237
        },
        {
          "acoustic_entropy": 3.6351377964019775,
          "acoustic_entropy_side": 3.6359825134277344,
          "hz": 282.89161906338205
        },
        {
          "acoustic_entropy": 3.626748561859131,
          "acoustic_entropy_side": 3.640437602996826,
          "hz": 369.9353335868758
        },
        {
          "acoustic_entropy": 3.701566219329834,
          "acoustic_entropy_side": 3.6425058841705322,
          "hz": 464.6875360973435
        },
        {
          "acoustic_entropy": 3.6394736766815186,
          "acoustic_entropy_side": 3.654385566711426,
          "hz": 567.8308811364784
        },
        {
          "acoustic_entropy": 3.743457794189453,
          "acoustic_entropy_side": 3.6051688194274902,
          "hz": 680.1084783214808
        },
        {
          "acoustic_entropy": 3.656625986099243,
          "acoustic_entropy_side": 3.6199452877044678,
          "hz": 802.3292461747484
        },
        {
          "acoustic_entropy": 3.51455020904541,
          "acoustic_entropy_side": 3.630387306213379,
          "hz": 935.3737400823702
        },
        {
          "acoustic_entropy": 3.6182291507720947,
          "acoustic_entropy_side": 3.639011859893799,
          "hz": 1080.2004963696966
        },
        {
          "acoustic_entropy": 3.551179885864258,
          "acoustic_entropy_side": 3.6264352798461914,
          "hz": 1237.8529382007157
        },
        {
          "acoustic_entropy": 3.6825320720672607,
          "acoustic_entropy_side": 3.644963502883911,
          "hz": 1409.4668930556702
        },
        {
          "acoustic_entropy": 3.554945945739746,
          "acoustic_entropy_side": 3.624441623687744,
          "hz": 1596.2787759475705
        },
        {
          "acoustic_entropy": 3.7106728553771973,
          "acoustic_entropy_side": 3.6550867557525635,
          "hz": 1799.6344973346393
        },
        {
          "acoustic_entropy": 3.5085389614105225,
          "acoustic_entropy_side": 3.64105486869812,
          "hz": 2020.9991599069049
        },
        {
          "acoustic_entropy": 3.5653653144836426,
          "acoustic_entropy_side": 3.6384382247924805,
          "hz": 2261.9676141086993
        },
        {
          "acoustic_entropy": 3.6467020511627197,
          "acoustic_entropy_side": 3.6365153789520264,
          "hz": 2524.2759484456974
        },
        {
          "acoustic_entropy": 3.6089818477630615,
          "acoustic_entropy_side": 3.628279209136963,
          "hz": 2809.813997359896
        },
        {
          "acoustic_entropy": 3.6135976314544678,
          "acoustic_entropy_side": 3.633544921875,
          "hz": 3120.6389567871424
        },
        {
          "acoustic_entropy": 3.619520425796509,
          "acoustic_entropy_side": 3.635164737701416,
          "hz": 3458.990205492291
        },
        {
          "acoustic_entropy": 3.623673439025879,
          "acoustic_entropy_side": 3.6351048946380615,
          "hz": 3827.305438964164
        },
        {
          "acoustic_entropy": 3.61525821685791,
          "acoustic_entropy_side": 3.6352717876434326,
          "hz": 4228.238232109126
        },
        {
          "acoustic_entropy": 3.6277554035186768,
          "acoustic_entropy_side": 3.6351635456085205,
          "hz": 4664.6771572759235
        },
        {
          "acoustic_entropy": 3.635040760040283,
          "acoustic_entropy_side": 3.635159730911255,
          "hz": 5139.766595350093
        },
        {
          "acoustic_entropy": 3.6351735591888428,
          "acoustic_entropy_side": 3.6351640224456787,
          "hz": 5656.929389854203
        },
        {
          "acoustic_entropy": 3.635023593902588,
          "acoustic_entropy_side": 3.635169267654419,
          "hz": 6219.891507268283
        },
        {
          "acoustic_entropy": 3.635148525238037,
          "acoustic_entropy_side": 3.6351592540740967,
          "hz": 6832.70888123896
        },
        {
          "acoustic_entropy": 3.635188579559326,
          "acoustic_entropy_side": 3.6351583003997803,
          "hz": 7499.796634079867
        },
        {
          "acoustic_entropy": 3.6352345943450928,
          "acoustic_entropy_side": 3.6351587772369385,
          "hz": 8225.96088609342
        },
        {
          "acoustic_entropy": 3.6351733207702637,
          "acoustic_entropy_side": 3.6351585388183594,
          "hz": 9016.43338188839
        },
        {
          "acoustic_entropy": 3.635161876678467,
          "acoustic_entropy_side": 3.6351583003997803,
          "hz": 9876.909183162974
        },
        {
          "acoustic_entropy": 3.635154962539673,
          "acoustic_entropy_side": 3.6351583003997803,
          "hz": 10813.587699516042
        },
        {
          "acoustic_entropy": 3.6351568698883057,
          "acoustic_entropy_side": 3.6351583003997803,
          "hz": 11833.21735289826
        },
        {
          "acoustic_entropy": 3.6351590156555176,
          "acoustic_entropy_side": 3.6351583003997803,
          "hz": 12943.144197493959
        },
        {
          "acoustic_entropy": 3.635159969329834,
          "acoustic_entropy_side": 3.6351583003997803,
          "hz": 14151.364845322005
        },
        {
          "acoustic_entropy": 3.6351585388183594,
          "acoustic_entropy_side": 3.6351583003997803,
          "hz": 15466.58407886509
        },
        {
          "acoustic_entropy": 3.6351583003997803,
          "acoustic_entropy_side": 3.6351583003997803,
          "hz": 16898.27756580493
        },
        {
          "acoustic_entropy": 3.6351583003997803,
          "acoustic_entropy_side": 3.6351583003997803,
          "hz": 18456.760127700032
        },
        {
          "acoustic_entropy": 3.6351583003997803,
          "acoustic_entropy_side": 3.6351583003997803,
          "hz": 20153.260054456492
        },
        {
          "acoustic_entropy": 3.6351583003997803,
          "acoustic_entropy_side": 3.6351583003997803,
          "hz": 22000.00000000001
        }
      ],
      "diff_acoustic_entropy": 2.7368741035461426,
      "sn": 6
    },
    {
      "acoustic_entropy": 4.4602179527282715,
      "acoustic_entropy_mono": 4.478152275085449,
      "band_eliminated_acoustic_entropies": [
        {
          "acoustic_entropy": 4.460217475891113,
          "acoustic_entropy_side": 4.460217475891113,
          "hz": 129.47220167065723
        },
        {
          "acoustic_entropy": 4.460212230682373,
          "acoustic_entropy_side": 4.460216999053955,
          "hz": 202.92927478742237
        },
        {
          "acoustic_entropy": 4.467757701873779,
          "acoustic_entropy_side": 4.464902877807617,
          "hz": 282.89161906338205
        },
        {
          "acoustic_entropy": 4.453667640686035,
          "acoustic_entropy_side": 4.477876663208008,
          "hz": 369.9353335868758
        },
        {
          "acoustic_entropy": 4.548288822174072,
          "acoustic_entropy_side": 4.4894514083862305,
          "hz": 464.6875360973435
        },
        {
          "acoustic_entropy": 4.4721503257751465,
          "acoustic_entropy_side": 4.490527153015137,
          "hz": 567.8308811364784
        },
        {
          "acoustic_entropy": 4.480759620666504,
          "acoustic_entropy_side": 4.428488731384277,
          "hz": 680.1084783214808
        },
        {
          "acoustic_entropy": 4.655099391937256,
          "acoustic_entropy_side": 4.445324897766113,
          "hz": 802.3292461747484
        },
        {
          "acoustic_entropy": 4.279078960418701,
          "acoustic_entropy_side": 4.435503005981445,
          "hz": 935.3737400823702
        },
        {
          "acoustic_entropy": 4.468077182769775,
          "acoustic_entropy_side": 4.477031230926514,
          "hz": 1080.2004963696966
        },
        {
          "acoustic_entropy": 4.412514686584473,
          "acoustic_entropy_side": 4.45221471786499,
          "hz": 1237.8529382007157
        },
        {
          "acoustic_entropy": 4.54824161529541,
          "acoustic_entropy_side": 4.490907669067383,
          "hz": 1409.4668930556702
        },
        {
          "acoustic_entropy": 4.359971046447754,
          "acoustic_entropy_side": 4.432677745819092,
          "hz": 1596.2787759475705
        },
        {
          "acoustic_entropy": 4.554839611053467,
          "acoustic_entropy_side": 4.515544891357422,
          "hz": 1799.6344973346393
        },
        {
          "acoustic_entropy": 4.358186721801758,
          "acoustic_entropy_side": 4.462110996246338,
          "hz": 2020.9991599069049
        },
        {
          "acoustic_entropy": 4.435513973236084,
          "acoustic_entropy_side": 4.477186679840088,
          "hz": 2261.9676141086993
        },
        {
          "acoustic_entropy": 4.48268985748291,
          "acoustic_entropy_side": 4.457417964935303,
          "hz": 2524.2759484456974
        },
        {
          "acoustic_entropy": 4.419589042663574,
          "acoustic_entropy_side": 4.445897579193115,
          "hz": 2809.813997359896
        },
        {
          "acoustic_entropy": 4.441145420074463,
          "acoustic_entropy_side": 4.454578399658203,
          "hz": 3120.6389567871424
        },
        {
          "acoustic_entropy": 4.4326300621032715,
          "acoustic_entropy_side": 4.459208965301514,
          "hz": 3458.990205492291
        },
        {
          "acoustic_entropy": 4.454730033874512,
          "acoustic_entropy_side": 4.468568325042725,
          "hz": 3827.305438964164
        },
        {
          "acoustic_entropy": 4.424337387084961,
          "acoustic_entropy_side": 4.461390018463135,
          "hz": 4228.238232109126
        },
        {
          "acoustic_entropy": 4.444864749908447,
          "acoustic_entropy_side": 4.460354328155518,
          "hz": 4664.6771572759235
        },
        {
          "acoustic_entropy": 4.459463596343994,
          "acoustic_entropy_side": 4.460173606872559,
          "hz": 5139.766595350093
        },
        {
          "acoustic_entropy": 4.459410667419434,
          "acoustic_entropy_side": 4.460235118865967,
          "hz": 5656.929389854203
        },
        {
          "acoustic_entropy": 4.4583258628845215,
          "acoustic_entropy_side": 4.460292339324951,
          "hz": 6219.891507268283
        },
        {
          "acoustic_entropy": 4.46063756942749,
          "acoustic_entropy_side": 4.460238456726074,
          "hz": 6832.70888123896
        },
        {
          "acoustic_entropy": 4.460860252380371,
          "acoustic_entropy_side": 4.460221767425537,
          "hz": 7499.796634079867
        },
        {
          "acoustic_entropy": 4.460202217102051,
          "acoustic_entropy_side": 4.460221290588379,
          "hz": 8225.96088609342
        },
        {
          "acoustic_entropy": 4.460309982299805,
          "acoustic_entropy_side": 4.4602203369140625,
          "hz": 9016.43338188839
        },
        {
          "acoustic_entropy": 4.460267543792725,
          "acoustic_entropy_side": 4.460219383239746,
          "hz": 9876.909183162974
        },
        {
          "acoustic_entropy": 4.460236549377441,
          "acoustic_entropy_side": 4.4602179527282715,
          "hz": 10813.587699516042
        },
        {
          "acoustic_entropy": 4.460220813751221,
          "acoustic_entropy_side": 4.4602179527282715,
          "hz": 11833.21735289826
        },
        {
          "acoustic_entropy": 4.460230827331543,
          "acoustic_entropy_side": 4.46021842956543,
          "hz": 12943.144197493959
        },
        {
          "acoustic_entropy": 4.4602556228637695,
          "acoustic_entropy_side": 4.46021842956543,
          "hz": 14151.364845322005
        },
        {
          "acoustic_entropy": 4.460223197937012,
          "acoustic_entropy_side": 4.46021842956543,
          "hz": 15466.58407886509
        },
        {
          "acoustic_entropy": 4.4602179527282715,
          "acoustic_entropy_side": 4.4602179527282715,
          "hz": 16898.27756580493
        },
        {
          "acoustic_entropy": 4.4602179527282715,
          "acoustic_entropy_side": 4.4602179527282715,
          "hz": 18456.760127700032
        },
        {
          "acoustic_entropy": 4.4602179527282715,
          "acoustic_entropy_side": 4.4602179527282715,
          "hz": 20153.260054456492
        },
        {
          "acoustic_entropy": 4.4602179527282715,
          "acoustic_entropy_side": 4.4602179527282715,
          "hz": 22000.00000000001
        }
      ],
      "diff_acoustic_entropy": 3.769340991973877,
      "sn": 12
    },
    {
      "acoustic_entropy": 5.923093318939209,
      "acoustic_entropy_mono": 5.655043601989746,
      "band_eliminated_acoustic_entropies": [
        {
          "acoustic_entropy": 5.923295497894287,
          "acoustic_entropy_side": 5.923102855682373,
          "hz": 129.47220167065723
        },
        {
          "acoustic_entropy": 5.923539161682129,
          "acoustic_entropy_side": 5.9233078956604,
          "hz": 202.92927478742237
        },
        {
          "acoustic_entropy": 5.948526859283447,
          "acoustic_entropy_side": 5.9706130027771,
          "hz": 282.89161906338205
        },
        {
          "acoustic_entropy": 5.93164587020874,
          "acoustic_entropy_side": 6.004876613616943,
          "hz": 369.9353335868758
        },
        {
          "acoustic_entropy": 5.976109981536865,
          "acoustic_entropy_side": 5.955443859100342,
          "hz": 464.6875360973435
        },
        {
          "acoustic_entropy": 6.090146064758301,
          "acoustic_entropy_side": 5.971781253814697,
          "hz": 567.8308811364784
        },
        {
          "acoustic_entropy": 5.805943965911865,
          "acoustic_entropy_side": 5.756043434143066,
          "hz": 680.1084783214808
        },
        {
          "acoustic_entropy": 6.062522888183594,
          "acoustic_entropy_side": 5.836467266082764,
          "hz": 802.3292461747484
        },
        {
          "acoustic_entropy": 5.7656097412109375,
          "acoustic_entropy_side": 5.956826210021973,
          "hz": 935.3737400823702
        },
        {
          "acoustic_entropy": 5.9734673500061035,
          "acoustic_entropy_side": 6.006450653076172,
          "hz": 1080.2004963696966
        },
        {
          "acoustic_entropy": 5.999809741973877,
          "acoustic_entropy_side": 5.905635833740234,
          "hz": 1237.8529382007157
        },
        {
          "acoustic_entropy": 6.030104160308838,
          "acoustic_entropy_side": 6.07996940612793,
          "hz": 1409.4668930556702
        },
        {
          "acoustic_entropy": 5.652681350708008,
          "acoustic_entropy_side": 5.841891765594482,
          "hz": 1596.2787759475705
        },
        {
          "acoustic_entropy": 6.065014839172363,
          "acoustic_entropy_side": 6.066651344299316,
          "hz": 1799.6344973346393
        },
        {
          "acoustic_entropy": 5.731828212738037,
          "acoustic_entropy_side": 5.811222076416016,
          "hz": 2020.9991599069049
        },
        {
          "acoustic_entropy": 6.010982036590576,
          "acoustic_entropy_side": 5.967962741851807,
          "hz": 2261.9676141086993
        },
        {
          "acoustic_entropy": 5.869919776916504,
          "acoustic_entropy_side": 5.922604084014893,
          "hz": 2524.2759484456974
        },
        {
          "acoustic_entropy": 5.98033332824707,
          "acoustic_entropy_side": 5.956014633178711,
          "hz": 2809.813997359896
        },
        {
          "acoustic_entropy": 5.925823211669922,
          "acoustic_entropy_side": 5.918206214904785,
          "hz": 3120.6389567871424
        },
        {
          "acoustic_entropy": 5.921725273132324,
