{
  "acoustic_entropy": 103.30594635009766,
  "bands": [
    {
      "high_freq": 148.1999969482422,
      "loudness": -48.402313232421875,
      "loudness_range": 21.251880645751953,
      "mid_mean": -50.83333969116211,
      "mid_to_side_loudness": -15.523527145385742,
      "mid_to_side_loudness_range": 30.291854858398438,
      "side_mean": -63.010562896728516
    },
    {
      "high_freq": 392.3793640136719,
      "loudness": -33.14219284057617,
      "loudness_range": 6.638980865478516,
      "low_freq": 148.1999969482422,
      "mid_mean": -30.226383209228516,
      "mid_to_side_loudness": -8.135478019714355,
      "mid_to_side_loudness_range": 12.177804946899414,
      "side_mean": -40.024322509765625
    },
    {
      "high_freq": 794.6976318359375,
      "loudness": -30.626407623291016,
      "loudness_range": 8.5218505859375,
      "low_freq": 392.3793640136719,
      "mid_mean": -27.388036727905273,
      "mid_to_side_loudness": -8.85814380645752,
      "mid_to_side_loudness_range": 13.967449188232422,
      "side_mean": -38.335811614990234
    },
    {
      "high_freq": 1457.5709228515625,
      "loudness": -34.455238342285156,
      "loudness_range": 13.370880126953125,
      "low_freq": 794.6976318359375,
      "mid_mean": -31.497215270996094,
      "mid_to_side_loudness": -8.545598983764648,
      "mid_to_side_loudness_range": 12.762422561645508,
      "side_mean": -41.638145446777344
    },
    {
      "high_freq": 2549.74365234375,
      "loudness": -36.39113998413086,
      "loudness_range": 17.519826889038086,
      "low_freq": 1457.5709228515625,
      "mid_mean": -33.19957733154297,
      "mid_to_side_loudness": -10.290642738342285,
      "mid_to_side_loudness_range": 14.60050106048584,
      "side_mean": -51.39080810546875
    },
    {
      "high_freq": 4349.24462890625,
      "loudness": -43.377986907958984,
      "loudness_range": 15.06341552734375,
      "low_freq": 2549.74365234375,
      "mid_mean": -40.28886795043945,
      "mid_to_side_loudness": -8.850096702575684,
      "mid_to_side_loudness_range": 12.569503784179688,
      "side_mean": -55.32478332519531
    },
    {
      "high_freq": 7314.1640625,
      "loudness": -55.34232711791992,
      "loudness_range": 15.965618133544922,
      "low_freq": 4349.24462890625,
      "mid_mean": -56.925785064697266,
      "mid_to_side_loudness": -6.3678741455078125,
      "mid_to_side_loudness_range": 9.485294342041016,
      "side_mean": -61.74032211303711
    },
    {
      "high_freq": 12199.2666015625,
      "loudness": -62.36268615722656,
      "loudness_range": 22.409870147705078,
      "low_freq": 7314.1640625,
      "mid_mean": -61.7968635559082,
      "mid_to_side_loudness": -5.265583038330078,
      "mid_to_side_loudness_range": 9.06135368347168,
      "side_mean": -64.65924835205078
    },
    {
      "loudness": -67.84869384765625,
      "loudness_range": 22.761730194091797,
      "low_freq": 12199.2666015625,
      "mid_mean": -65.00853729248047,
      "mid_to_side_loudness": -7.210737228393555,
      "mid_to_side_loudness_range": 6.0861124992370605,
      "side_mean": -67.44903564453125
    }
  ],
  "bands_short": [
    {
      "high_freq": 148.1999969482422,
      "loudness": -53.523746490478516,
      "loudness_range": 25.70184326171875,
      "mid_mean": -54.679412841796875,
      "mid_to_side_loudness": -17.333139419555664,
      "mid_to_side_loudness_range": 27.32340431213379,
      "side_mean": -66.87521362304688
    },
    {
      "high_freq": 392.3793640136719,
      "loudness": -33.6353645324707,
      "loudness_range": 6.701564788818359,
      "low_freq": 148.1999969482422,
      "mid_mean": -30.76004981994629,
      "mid_to_side_loudness": -7.653683185577393,
      "mid_to_side_loudness_range": 18.626972198486328,
      "side_mean": -40.45921325683594
    },
    {
      "high_freq": 794.6976318359375,
      "loudness": -30.45345687866211,
      "loudness_range": 8.83652114868164,
      "low_freq": 392.3793640136719,
      "mid_mean": -27.3150691986084,
      "mid_to_side_loudness": -9.234641075134277,
      "mid_to_side_loudness_range": 15.118425369262695,
      "side_mean": -38.727088928222656
    },
    {
      "high_freq": 1457.5709228515625,
      "loudness": -34.01557922363281,
      "loudness_range": 13.646286010742188,
      "low_freq": 794.6976318359375,
      "mid_mean": -31.25702476501465,
      "mid_to_side_loudness": -8.400554656982422,
      "mid_to_side_loudness_range": 13.201827049255371,
      "side_mean": -41.057395935058594
    },
    {
      "high_freq": 2549.74365234375,
      "loudness": -36.57518768310547,
      "loudness_range": 17.494550704956055,
      "low_freq": 1457.5709228515625,
      "mid_mean": -33.40074920654297,
      "mid_to_side_loudness": -10.218231201171875,
      "mid_to_side_loudness_range": 16.55284881591797,
      "side_mean": -51.51050567626953
    },
    {
      "high_freq": 4349.24462890625,
      "loudness": -43.51435470581055,
      "loudness_range": 15.652973175048828,
      "low_freq": 2549.74365234375,
      "mid_mean": -40.47475051879883,
      "mid_to_side_loudness": -8.807306289672852,
      "mid_to_side_loudness_range": 12.81705093383789,
      "side_mean": -55.335044860839844
    },
    {
      "high_freq": 7314.1640625,
      "loudness": -55.70469665527344,
      "loudness_range": 16.36064910888672,
      "low_freq": 4349.24462890625,
      "mid_mean": -57.09347152709961,
      "mid_to_side_loudness": -6.953731536865234,
      "mid_to_side_loudness_range": 10.84544849395752,
      "side_mean": -62.330196380615234
    },
    {
      "high_freq": 12199.2666015625,
      "loudness": -64.17095184326172,
      "loudness_range": 25.0714111328125,
      "low_freq": 7314.1640625,
      "mid_mean": -62.72870635986328,
      "mid_to_side_loudness": -6.222991466522217,
      "mid_to_side_loudness_range": 9.778496742248535,
      "side_mean": -65.89179992675781
    },
    {
      "loudness": -70.99726867675781,
      "loudness_range": 24.59100341796875,
      "low_freq": 12199.2666015625,
      "mid_mean": -66.32279968261719,
      "mid_to_side_loudness": -8.246997833251953,
      "mid_to_side_loudness_range": 7.910286903381348,
      "side_mean": -68.37918853759766
    }
  ],
  "bandwidth": 738.7657470703125,
  "channels": 2,
  "covariance": [
    [
      159.9661407470703,
      74.33528137207031,
      1.496541142463684,
      13.60310173034668,
      -6.493202209472656,
      12.860754013061523,
      -7.79719877243042,
      2.218078136444092,
      -23.291790008544922,
      107.16460418701172,
      -14.623364448547363,
      84.54527282714844,
      74.107666015625,
      48.68169403076172,
      44.34090805053711,
      30.235353469848633,
      26.89138412475586,
      15.255087852478027
    ],
    [
      74.33528137207031,
      65.92940521240234,
      -8.846528053283691,
      -3.795489549636841,
      -21.024860382080078,
      -15.9903564453125,
      -28.49756622314453,
      -23.02454376220703,
      -43.33451843261719,
      16.863725662231445,
      -37.509647369384766,
      8.869935035705566,
      7.9814043045043945,
      3.7164254188537598,
      -1.5904302597045898,
      -1.1116626262664795,
      -1.3357007503509521,
      0.41128700971603394
    ],
    [
      1.496541142463684,
      -8.846528053283691,
      14.524035453796387,
      12.161239624023438,
      11.00368595123291,
      14.558005332946777,
      12.782354354858398,
      14.571192741394043,
      12.215458869934082,
      16.181310653686523,
      12.020851135253906,
      15.73768424987793,
      14.021110534667969,
      10.263594627380371,
      11.186910629272461,
      7.331231117248535,
      6.843525409698486,
      3.421830892562866
    ],
    [
      13.60310173034668,
      -3.795489549636841,
      12.161239624023438,
      26.90654182434082,
      10.026015281677246,
      26.027149200439453,
      13.252938270568848,
      24.70677947998047,
      11.727170944213867,
      27.499574661254883,
      11.711260795593262,
      25.021167755126953,
      23.125648498535156,
      18.10272789001465,
      19.20437240600586,
      14.081143379211426,
      12.653634071350098,
      7.210496425628662
    ],
    [
      -6.493202209472656,
      -21.024860382080078,
      11.00368595123291,
      10.026015281677246,
      14.322197914123535,
      15.71622085571289,
      17.915363311767578,
      16.221813201904297,
      17.664976119995117,
      19.082109451293945,
      16.40656089782715,
      18.498552322387695,
      15.932597160339355,
      11.640753746032715,
      13.56042766571045,
      9.310405731201172,
      8.539180755615234,
      4.364337921142578
    ],
    [
      12.860754013061523,
      -15.9903564453125,
      14.558005332946777,
      26.027149200439453,
      15.71622085571289,
      39.89996337890625,
      20.409425735473633,
      31.36268424987793,
      21.501676559448242,
      40.143611907958984,
      22.508071899414062,
      37.68199920654297,
      33.401153564453125,
      26.49698257446289,
      28.030317306518555,
      20.47422981262207,
      17.948213577270508,
      10.145574569702148
    ],
    [
      -7.79719877243042,
      -28.49756622314453,
      12.782354354858398,
      13.252938270568848,
      17.915363311767578,
      20.409425735473633,
      27.364368438720703,
      20.870683670043945,
      24.43852996826172,
      26.526216506958008,
      21.95474624633789,
      25.772552490234375,
      22.13804817199707,
      16.735736846923828,
      19.69080352783203,
      13.727662086486816,
      12.907463073730469,
      6.582162380218506
    ],
    [
      2.218078136444092,
      -23.02454376220703,
      14.571192741394043,
      24.70677947998047,
      16.221813201904297,
      31.36268424987793,
      20.870683670043945,
      33.43227005004883,
      24.351821899414062,
      35.78730010986328,
      23.672502517700195,
      33.510231018066406,
      30.05600929260254,
      22.66303253173828,
      25.638324737548828,
      18.046411514282227,
      16.552045822143555,
      8.792543411254883
    ],
    [
      -23.291790008544922,
      -43.33451843261719,
      12.215458869934082,
      11.727170944213867,
      17.664976119995117,
      21.501676559448242,
      24.43852996826172,
      24.351821899414062,
      38.476741790771484,
      30.379253387451172,
      33.637332916259766,
      30.13495635986328,
      27.443212509155273,
      20.03801918029785,
      25.452831268310547,
      16.849397659301758,
      16.966106414794922,
      7.943938255310059
    ],
    [
      107.16460418701172,
      16.863725662231445,
      16.181310653686523,
      27.499574661254883,
      19.082109451293945,
      40.143611907958984,
      26.526216506958008,
      35.78730010986328,
      30.379253387451172,
      138.12411499023438,
      28.38022804260254,
      113.71033477783203,
      101.4264907836914,
      67.42021179199219,
      69.63777923583984,
      46.199039459228516,
      43.092708587646484,
      22.14729881286621
    ],
    [
      -14.623364448547363,
      -37.509647369384766,
      12.020851135253906,
      11.711260795593262,
      16.40656089782715,
      22.508071899414062,
      21.95474624633789,
      23.672502517700195,
      33.637332916259766,
      28.38022804260254,
      32.8957405090332,
      29.407785415649414,
      26.074426651000977,
      20.793798446655273,
      24.76329231262207,
      17.06696319580078,
      16.502277374267578,
      8.1978120803833
    ],
    [
      84.54527282714844,
      8.869935035705566,
      15.73768424987793,
      25.021167755126953,
      18.498552322387695,
      37.68199920654297,
      25.772552490234375,
      33.510231018066406,
      30.13495635986328,
      113.71033477783203,
      29.407785415649414,
      95.46402740478516,
      84.8421630859375,
      57.88289260864258,
      59.8387336730957,
      40.2171516418457,
      37.32775115966797,
      19.371171951293945
    ],
    [
      74.107666015625,
      7.9814043045043945,
      14.021110534667969,
      23.125648498535156,
      15.932597160339355,
      33.401153564453125,
      22.13804817199707,
      30.05600929260254,
      27.443212509155273,
      101.4264907836914,
      26.074426651000977,
      84.8421630859375,
      77.52848052978516,
      53.90678405761719,
      56.71759033203125,
      39.41141128540039,
      37.248355865478516,
      20.06139373779297
    ],
    [
      48.68169403076172,
      3.7164254188537598,
      10.263594627380371,
      18.10272789001465,
      11.640753746032715,
      26.49698257446289,
      16.735736846923828,
      22.66303253173828,
      20.03801918029785,
      67.42021179199219,
      20.793798446655273,
      57.88289260864258,
      53.90678405761719,
      41.486820220947266,
      43.99243927001953,
      33.26780700683594,
      30.935874938964844,
      18.15045738220215
    ],
    [
      44.34090805053711,
      -1.5904302597045898,
      11.186910629272461,
      19.20437240600586,
      13.56042766571045,
      28.030317306518555,
      19.69080352783203,
      25.638324737548828,
      25.452831268310547,
      69.63777923583984,
      24.76329231262207,
      59.8387336730957,
      56.71759033203125,
      43.99243927001953,
      49.57500457763672,
      38.2193717956543,
      36.639801025390625,
      21.82822608947754
    ],
    [
      30.235353469848633,
      -1.1116626262664795,
      7.331231117248535,
      14.081143379211426,
      9.310405731201172,
      20.47422981262207,
      13.727662086486816,
      18.046411514282227,
      16.849397659301758,
      46.199039459228516,
      17.06696319580078,
      40.2171516418457,
      39.41141128540039,
      33.26780700683594,
      38.2193717956543,
      31.828968048095703,
      30.187814712524414,
      19.190187454223633
    ],
    [
      26.89138412475586,
      -1.3357007503509521,
      6.843525409698486,
      12.653634071350098,
      8.539180755615234,
      17.948213577270508,
      12.907463073730469,
      16.552045822143555,
      16.966106414794922,
      43.092708587646484,
      16.502277374267578,
      37.32775115966797,
      37.248355865478516,
      30.935874938964844,
      36.639801025390625,
      30.187814712524414,
      30.051115036010742,
      18.88687515258789
    ],
    [
      15.255087852478027,
      0.41128700971603394,
      3.421830892562866,
      7.210496425628662,
      4.364337921142578,
      10.145574569702148,
      6.582162380218506,
      8.792543411254883,
      7.943938255310059,
      22.14729881286621,
      8.1978120803833,
      19.371171951293945,
      20.06139373779297,
      18.15045738220215,
      21.82822608947754,
      19.190187454223633,
      18.88687515258789,
      12.674558639526367
    ]
  ],
  "covariance_short": [
    [
      122.51522064208984,
      26.62882423400879,
      11.643166542053223,
      21.816545486450195,
      6.108254909515381,
      30.465473175048828,
      12.164490699768066,
      18.853574752807617,
      1.5322508811950684,
      101.08360290527344,
      9.950211524963379,
      84.30106353759766,
      72.54136657714844,
      48.31990051269531,
      45.37295913696289,
      29.415651321411133,
      24.579036712646484,
      12.957754135131836
    ],
    [
      26.62882423400879,
      10.638532638549805,
      3.258890151977539,
      6.6312255859375,
      -2.472980260848999,
      3.840982437133789,
      -2.5958571434020996,
      -0.7303497195243835,
      -7.116963863372803,
      17.026269912719727,
      -4.607934951782227,
      13.594263076782227,
      12.20670223236084,
      8.931129455566406,
      8.215170860290527,
      6.302883625030518,
      5.579876899719238,
      3.808586835861206
    ],
    [
      11.643166542053223,
      3.258890151977539,
      14.195455551147461,
      12.638821601867676,
      6.0896992683410645,
      12.677398681640625,
      13.858120918273926,
      12.868097305297852,
      7.899448394775391,
      14.485462188720703,
      8.081097602844238,
      13.082045555114746,
      11.132355690002441,
      7.690174102783203,
      7.023599624633789,
      3.6923696994781494,
      3.3308651447296143,
      1.0781638622283936
    ],
    [
      21.816545486450195,
      6.6312255859375,
      12.638821601867676,
      26.224748611450195,
      5.262506008148193,
      22.491907119750977,
      13.127410888671875,
      19.600400924682617,
      7.388619422912598,
      23.782901763916016,
      7.476591110229492,
      20.421409606933594,
      18.27712059020996,
      13.301920890808105,
      12.731310844421387,
      7.9698967933654785,
      7.002467632293701,
      3.5272951126098633
    ],
    [
      6.108254909515381,
      -2.472980260848999,
      6.0896992683410645,
      5.262506008148193,
      14.715156555175781,
      13.536415100097656,
      17.593128204345703,
      16.672822952270508,
      17.4056453704834,
      16.732641220092773,
      17.151386260986328,
      16.357112884521484,
      12.850909233093262,
      8.144775390625,
      9.565544128417969,
      5.066336631774902,
      4.217317581176758,
      1.36107337474823
    ],
    [
      30.465473175048828,
      3.840982437133789,
      12.677398681640625,
      22.491907119750977,
      13.536415100097656,
      39.699119567871094,
      21.6024169921875,
      31.167221069335938,
      19.840145111083984,
      38.47639465332031,
      21.73540496826172,
      35.56354522705078,
      29.969884872436523,
      22.393251419067383,
      22.386693954467773,
      14.7118501663208,
      11.706218719482422,
      5.729007720947266
    ],
    [
      12.164490699768066,
      -2.5958571434020996,
      13.858120918273926,
      13.127410888671875,
      17.593128204345703,
      21.6024169921875,
      34.15679931640625,
      26.202655792236328,
      25.97832489013672,
      29.080734252929688,
      23.457918167114258,
      27.18274688720703,
      21.74713134765625,
      13.99887466430664,
      15.619158744812012,
      8.008111953735352,
      6.996286392211914,
      2.129263401031494
    ],
    [
      18.853574752807617,
      -0.7303497195243835,
      12.868097305297852,
      19.600400924682617,
      16.672822952270508,
      31.167221069335938,
      26.202655792236328,
      38.08833694458008,
      27.14872932434082,
      36.303466796875,
      26.411531448364258,
      33.68138122558594,
      28.62245750427246,
      19.19263458251953,
      21.807979583740234,
      12.8020658493042,
      11.319564819335938,
      4.829900741577148
    ],
    [
      1.5322508811950684,
      -7.116963863372803,
      7.899448394775391,
      7.388619422912598,
      17.4056453704834,
      19.840145111083984,
      25.97832489013672,
      27.14872932434082,
      40.439109802246094,
      29.6960391998291,
      33.402042388916016,
      28.27890396118164,
      24.16248893737793,
      14.91785717010498,
      19.30735206604004,
      9.07958698272705,
      9.935815811157227,
      2.64567494392395
    ],
    [
      101.08360290527344,
      17.026269912719727,
      14.485462188720703,
      23.782901763916016,
      16.732641220092773,
      38.47639465332031,
      29.080734252929688,
      36.303466796875,
      29.6960391998291,
      136.9549102783203,
      29.36869239807129,
      112.10375213623047,
      98.23454284667969,
      60.95802688598633,
      60.31428909301758,
      34.33095932006836,
      30.830368041992188,
      13.471518516540527
    ],
    [
      9.950211524963379,
      -4.607934951782227,
      8.081097602844238,
      7.476591110229492,
      17.151386260986328,
      21.73540496826172,
      23.457918167114258,
      26.411531448364258,
      33.402042388916016,
      29.36869239807129,
      35.653587341308594,
      29.90460777282715,
      25.196163177490234,
      17.519453048706055,
      20.726726531982422,
      11.261421203613281,
      10.950557708740234,
      3.9571714401245117
    ],
    [
      84.30106353759766,
      13.594263076782227,
      13.082045555114746,
      20.421409606933594,
      16.357112884521484,
      35.56354522705078,
      27.18274688720703,
      33.68138122558594,
      28.27890396118164,
      112.10375213623047,
      29.90460777282715,
      95.15389251708984,
      82.83303833007812,
      53.41225814819336,
      53.19475555419922,
      31.317914962768555,
      27.92781639099121,
      12.648965835571289
    ],
    [
      72.54136657714844,
      12.20670223236084,
      11.132355690002441,
      18.27712059020996,
      12.850909233093262,
      29.969884872436523,
      21.74713134765625,
      28.62245750427246,
      24.16248893737793,
      98.23454284667969,
      25.196163177490234,
      82.83303833007812,
      76.13554382324219,
      50.38628387451172,
      51.051963806152344,
      32.13825607299805,
      29.37924575805664,
      14.908588409423828
    ],
    [
      48.31990051269531,
      8.931129455566406,
      7.690174102783203,
      13.301920890808105,
      8.144775390625,
      22.393251419067383,
      13.99887466430664,
      19.19263458251953,
      14.91785717010498,
      60.95802688598633,
      17.519453048706055,
      53.41225814819336,
      50.38628387451172,
      38.77778625488281,
      39.39664840698242,
      28.88722038269043,
      25.172346115112305,
      14.996003150939941
    ],
    [
      45.37295913696289,
      8.215170860290527,
      7.023599624633789,
      12.731310844421387,
      9.565544128417969,
      22.386693954467773,
      15.619158744812012,
      21.807979583740234,
      19.30735206604004,
      60.31428909301758,
      20.726726531982422,
      53.19475555419922,
      51.051963806152344,
      39.39664840698242,
      43.95695877075195,
      32.637847900390625,
      29.958906173706055,
      18.01736831665039
    ],
    [
      29.415651321411133,
      6.302883625030518,
      3.6923696994781494,
      7.9698967933654785,
      5.066336631774902,
      14.7118501663208,
      8.008111953735352,
      12.8020658493042,
      9.07958698272705,
      34.33095932006836,
      11.261421203613281,
      31.317914962768555,
      32.13825607299805,
      28.88722038269043,
      32.637847900390625,
      28.3169002532959,
      24.623401641845703,
      16.84832000732422
    ],
    [
      24.579036712646484,
      5.579876899719238,
      3.3308651447296143,
      7.002467632293701,
      4.217317581176758,
      11.706218719482422,
      6.996286392211914,
      11.319564819335938,
      9.935815811157227,
      30.830368041992188,
      10.950557708740234,
      27.92781639099121,
      29.37924575805664,
      25.172346115112305,
      29.958906173706055,
      24.623401641845703,
      24.182106018066406,
      15.928462028503418
    ],
    [
      12.957754135131836,
      3.808586835861206,
      1.0781638622283936,
      3.5272951126098633,
      1.36107337474823,
      5.729007720947266,
      2.129263401031494,
      4.829900741577148,
      2.64567494392395,
      13.471518516540527,
      3.9571714401245117,
      12.648965835571289,
      14.908588409423828,
      14.996003150939941,
      18.01736831665039,
      16.84832000732422,
      15.928462028503418,
      11.846649169921875
    ]
  ],
  "damage": -17.652790069580078,
  "diff_bandwidth": 820.7614135742188,
  "dissonance": 3.4576583472250464,
  "drr": 2.3166136741638184,
  "dynamics": 3.038036584854126,
  "format": 1245190,
  "frames": 636928,
  "loudness": -23.403717041015625,
  "loudness_range": 8.989654541015625,
  "loudness_range_short": 9.112754821777344,
  "lowpass_true_peak_15khz": -9.222671508789062,
  "mastering3_acoustic_entropies": [
    {
      "acoustic_entropy": 6.152420997619629,
      "acoustic_entropy_mono": 5.938796043395996,
      "band_eliminated_acoustic_entropies": [
        {
          "acoustic_entropy": 6.152535438537598,
          "acoustic_entropy_side": 6.152421474456787,
          "hz": 129.47220167065723
        },
        {
          "acoustic_entropy": 6.157397747039795,
          "acoustic_entropy_side": 6.152192115783691,
          "hz": 202.92927478742237
        },
        {
          "acoustic_entropy": 6.146104335784912,
          "acoustic_entropy_side": 6.140761852264404,
          "hz": 282.89161906338205
        },
        {
          "acoustic_entropy": 6.198058128356934,
          "acoustic_entropy_side": 6.1588826179504395,
          "hz": 369.9353335868758
        },
        {
          "acoustic_entropy": 5.835524082183838,
          "acoustic_entropy_side": 6.103056907653809,
          "hz": 464.6875360973435
        },
        {
          "acoustic_entropy": 6.258220195770264,
          "acoustic_entropy_side": 6.1383185386657715,
          "hz": 567.8308811364784
        },
        {
          "acoustic_entropy": 6.431217193603516,
          "acoustic_entropy_side": 6.1719841957092285,
          "hz": 680.1084783214808
        },
        {
          "acoustic_entropy": 6.060296535491943,
          "acoustic_entropy_side": 6.131650924682617,
          "hz": 802.3292461747484
        },
        {
          "acoustic_entropy": 6.049639701843262,
          "acoustic_entropy_side": 6.139246940612793,
          "hz": 935.3737400823702
        },
        {
          "acoustic_entropy": 6.067873001098633,
          "acoustic_entropy_side": 6.157764434814453,
          "hz": 1080.2004963696966
        },
        {
          "acoustic_entropy": 6.204474449157715,
          "acoustic_entropy_side": 6.149259090423584,
          "hz": 1237.8529382007157
        },
        {
          "acoustic_entropy": 6.10725736618042,
          "acoustic_entropy_side": 6.097286224365234,
          "hz": 1409.4668930556702
        },
        {
          "acoustic_entropy": 5.710865497589111,
          "acoustic_entropy_side": 6.013067722320557,
          "hz": 1596.2787759475705
        },
        {
          "acoustic_entropy": 5.700878620147705,
          "acoustic_entropy_side": 6.163565635681152,
          "hz": 1799.6344973346393
        },
        {
          "acoustic_entropy": 6.145434379577637,
          "acoustic_entropy_side": 6.153680801391602,
          "hz": 2020.9991599069049
        },
        {
          "acoustic_entropy": 5.180324554443359,
          "acoustic_entropy_side": 6.137875080108643,
          "hz": 2261.9676141086993
        },
        {
          "acoustic_entropy": 6.248043060302734,
          "acoustic_entropy_side": 6.167988300323486,
          "hz": 2524.2759484456974
        },
        {
          "acoustic_entropy": 6.21968412399292,
          "acoustic_entropy_side": 6.15382719039917,
          "hz": 2809.813997359896
        },
        {
          "acoustic_entropy": 6.123365879058838,
          "acoustic_entropy_side": 6.153794288635254,
          "hz": 3120.6389567871424
        },
        {
          "acoustic_entropy": 6.1662187576293945,
          "acoustic_entropy_side": 6.153943061828613,
          "hz": 3458.990205492291
        },
        {
          "acoustic_entropy": 6.203191757202148,
          "acoustic_entropy_side": 6.154162406921387,
          "hz": 3827.305438964164
        },
        {
          "acoustic_entropy": 6.221164226531982,
          "acoustic_entropy_side": 6.153988838195801,
          "hz": 4228.238232109126
        },
        {
          "acoustic_entropy": 6.1684064865112305,
          "acoustic_entropy_side": 6.152561187744141,
          "hz": 4664.6771572759235
        },
        {
          "acoustic_entropy": 6.15305757522583,
          "acoustic_entropy_side": 6.152416229248047,
          "hz": 5139.766595350093
        },
        {
          "acoustic_entropy": 6.152536392211914,
          "acoustic_entropy_side": 6.152431964874268,
          "hz": 5656.929389854203
        },
        {
          "acoustic_entropy": 6.152752876281738,
          "acoustic_entropy_side": 6.1524577140808105,
          "hz": 6219.891507268283
        },
        {
          "acoustic_entropy": 6.152960300445557,
          "acoustic_entropy_side": 6.152462005615234,
          "hz": 6832.70888123896
        },
        {
          "acoustic_entropy": 6.152667999267578,
          "acoustic_entropy_side": 6.152496337890625,
          "hz": 7499.796634079867
        },
        {
          "acoustic_entropy": 6.15289831161499,
          "acoustic_entropy_side": 6.152538776397705,
          "hz": 8225.96088609342
        },
        {
          "acoustic_entropy": 6.152629852294922,
          "acoustic_entropy_side": 6.152443885803223,
          "hz": 9016.43338188839
        },
        {
          "acoustic_entropy": 6.152770042419434,
          "acoustic_entropy_side": 6.152466773986816,
          "hz": 9876.909183162974
        },
        {
          "acoustic_entropy": 6.152958393096924,
          "acoustic_entropy_side": 6.152489185333252,
          "hz": 10813.587699516042
        },
        {
          "acoustic_entropy": 6.152879238128662,
          "acoustic_entropy_side": 6.152495861053467,
          "hz": 11833.21735289826
        },
        {
          "acoustic_entropy": 6.1529669761657715,
          "acoustic_entropy_side": 6.152525901794434,
          "hz": 12943.144197493959
        },
        {
          "acoustic_entropy": 6.152721405029297,
          "acoustic_entropy_side": 6.1524658203125,
          "hz": 14151.364845322005
        },
        {
          "acoustic_entropy": 6.152708053588867,
          "acoustic_entropy_side": 6.152440547943115,
          "hz": 15466.58407886509
        },
        {
          "acoustic_entropy": 6.152681827545166,
          "acoustic_entropy_side": 6.152433395385742,
          "hz": 16898.27756580493
        },
        {
          "acoustic_entropy": 6.152586936950684,
          "acoustic_entropy_side": 6.152426719665527,
          "hz": 18456.760127700032
        },
        {
          "acoustic_entropy": 6.1525115966796875,
          "acoustic_entropy_side": 6.152421951293945,
          "hz": 20153.260054456492
        },
        {
          "acoustic_entropy": 6.152432441711426,
          "acoustic_entropy_side": 6.152420997619629,
          "hz": 22000.00000000001
        }
      ],
      "diff_acoustic_entropy": 1.2395185232162476,
      "sn": 6
    },
    {
      "acoustic_entropy": 7.739836692810059,
      "acoustic_entropy_mono": 7.33502721786499,
      "band_eliminated_acoustic_entropies": [
        {
          "acoustic_entropy": 7.761691570281982,
          "acoustic_entropy_side": 7.739846229553223,
          "hz": 129.47220167065723
        },
        {
          "acoustic_entropy": 7.816408157348633,
          "acoustic_entropy_side": 7.727302551269531,
          "hz": 202.92927478742237
        },
        {
          "acoustic_entropy": 7.5942864418029785,
          "acoustic_entropy_side": 7.682314872741699,
          "hz": 282.89161906338205
        },
        {
          "acoustic_entropy": 7.873058319091797,
          "acoustic_entropy_side": 7.673882961273193,
          "hz": 369.9353335868758
        },
        {
          "acoustic_entropy": 7.121366024017334,
          "acoustic_entropy_side": 7.375916004180908,
          "hz": 464.6875360973435
        },
        {
          "acoustic_entropy": 7.497318267822266,
          "acoustic_entropy_side": 7.323554039001465,
          "hz": 567.8308811364784
        },
        {
          "acoustic_entropy": 7.467385768890381,
          "acoustic_entropy_side": 7.472727298736572,
          "hz": 680.1084783214808
        },
        {
          "acoustic_entropy": 7.3408331871032715,
          "acoustic_entropy_side": 7.697645664215088,
          "hz": 802.3292461747484
        },
        {
          "acoustic_entropy": 7.631496906280518,
          "acoustic_entropy_side": 7.687889099121094,
          "hz": 935.3737400823702
        },
        {
          "acoustic_entropy": 7.839504241943359,
          "acoustic_entropy_side": 7.743932723999023,
          "hz": 1080.2004963696966
        },
        {
          "acoustic_entropy": 7.784135818481445,
          "acoustic_entropy_side": 7.786679267883301,
          "hz": 1237.8529382007157
        },
        {
          "acoustic_entropy": 7.269485950469971,
          "acoustic_entropy_side": 7.535940170288086,
          "hz": 1409.4668930556702
        },
        {
          "acoustic_entropy": 8.131470680236816,
          "acoustic_entropy_side": 8.205029487609863,
          "hz": 1596.2787759475705
        },
        {
          "acoustic_entropy": 7.171168327331543,
          "acoustic_entropy_side": 7.5458903312683105,
          "hz": 1799.6344973346393
        },
        {
          "acoustic_entropy": 7.8784589767456055,
          "acoustic_entropy_side": 7.820909023284912,
          "hz": 2020.9991599069049
        },
        {
          "acoustic_entropy": 7.645549774169922,
          "acoustic_entropy_side": 7.719455718994141,
          "hz": 2261.9676141086993
        },
        {
          "acoustic_entropy": 7.964519500732422,
          "acoustic_entropy_side": 7.633545875549316,
          "hz": 2524.2759484456974
        },
        {
          "acoustic_entropy": 7.714088439941406,
          "acoustic_entropy_side": 7.676362037658691,
          "hz": 2809.813997359896
        },
        {
          "acoustic_entropy": 7.743489742279053,
          "acoustic_entropy_side": 7.7245025634765625,
          "hz": 3120.6389567871424
        },
        {
          "acoustic_entropy": 7.724461555480957,
          "acoustic_entropy_side": 7.735177516937256,
          "hz": 3458.990205492291
        },
        {
          "acoustic_entropy": 7.575235843658447,
          "acoustic_entropy_side": 7.688602924346924,
          "hz": 3827.305438964164
        },
        {
          "acoustic_entropy": 7.553054332733154,
          "acoustic_entropy_side": 7.71437406539917,
          "hz": 4228.238232109126
        },
        {
          "acoustic_entropy": 7.630746841430664,
          "acoustic_entropy_side": 7.729559421539307,
          "hz": 4664.6771572759235
        },
        {
          "acoustic_entropy": 7.712526798248291,
          "acoustic_entropy_side": 7.737626552581787,
          "hz": 5139.766595350093
        },
        {
          "acoustic_entropy": 7.721827983856201,
          "acoustic_entropy_side": 7.739053726196289,
          "hz": 5656.929389854203
        },
        {
          "acoustic_entropy": 7.7298264503479,
          "acoustic_entropy_side": 7.738934516906738,
          "hz": 6219.891507268283
        },
        {
          "acoustic_entropy": 7.717677593231201,
          "acoustic_entropy_side": 7.739085674285889,
          "hz": 6832.70888123896
        },
        {
          "acoustic_entropy": 7.720975875854492,
          "acoustic_entropy_side": 7.7396464347839355,
          "hz": 7499.796634079867
        },
        {
          "acoustic_entropy": 7.732962608337402,
          "acoustic_entropy_side": 7.7392802238464355,
          "hz": 8225.96088609342
        },
        {
          "acoustic_entropy": 7.7361650466918945,
          "acoustic_entropy_side": 7.739721298217773,
          "hz": 9016.43338188839
        },
        {
          "acoustic_entropy": 7.736351013183594,
          "acoustic_entropy_side": 7.739604949951172,
          "hz": 9876.909183162974
        },
        {
          "acoustic_entropy": 7.736039161682129,
          "acoustic_entropy_side": 7.739396572113037,
          "hz": 10813.587699516042
        },
        {
          "acoustic_entropy": 7.737207889556885,
          "acoustic_entropy_side": 7.739508628845215,
          "hz": 11833.21735289826
        },
        {
          "acoustic_entropy": 7.735965251922607,
          "acoustic_entropy_side": 7.739548683166504,
          "hz": 12943.144197493959
        },
        {
          "acoustic_entropy": 7.737137794494629,
          "acoustic_entropy_side": 7.739648818969727,
          "hz": 14151.364845322005
        },
        {
          "acoustic_entropy": 7.7382636070251465,
          "acoustic_entropy_side": 7.739721775054932,
          "hz": 15466.58407886509
        },
        {
          "acoustic_entropy": 7.738921165466309,
          "acoustic_entropy_side": 7.739779472351074,
          "hz": 16898.27756580493
        },
        {
          "acoustic_entropy": 7.739426612854004,
          "acoustic_entropy_side": 7.739809989929199,
          "hz": 18456.760127700032
        },
        {
          "acoustic_entropy": 7.739522933959961,
          "acoustic_entropy_side": 7.739833831787109,
          "hz": 20153.260054456492
        },
        {
          "acoustic_entropy": 7.739811420440674,
          "acoustic_entropy_side": 7.739836692810059,
          "hz": 22000.00000000001
        }
      ],
      "diff_acoustic_entropy": 2.7197492122650146,
      "sn": 12
    },
    {
      "acoustic_entropy": 11.801687240600586,
      "acoustic_entropy_mono": 11.135600090026855,
      "band_eliminated_acoustic_entropies": [
        {
          "acoustic_entropy": 11.727810859680176,
          "acoustic_entropy_side": 11.802417755126953,
          "hz": 129.47220167065723
        },
        {
          "acoustic_entropy": 11.112338066101074,
          "acoustic_entropy_side": 11.709306716918945,
          "hz": 202.92927478742237
        },
        {
          "acoustic_entropy": 13.336692810058594,
          "acoustic_entropy_side": 11.864099502563477,
          "hz": 282.89161906338205
        },
        {
          "acoustic_entropy": 11.012563705444336,
          "acoustic_entropy_side": 11.394174575805664,
          "hz": 369.9353335868758
        },
        {
          "acoustic_entropy": 12.197333335876465,
          "acoustic_entropy_side": 12.223370552062988,
          "hz": 464.6875360973435
        },
        {
          "acoustic_entropy": 11.924328804016113,
          "acoustic_entropy_side": 11.821929931640625,
          "hz": 567.8308811364784
        },
        {
          "acoustic_entropy": 11.665053367614746,
          "acoustic_entropy_side": 11.529621124267578,
          "hz": 680.1084783214808
        },
        {
          "acoustic_entropy": 11.889309883117676,
          "acoustic_entropy_side": 11.596414566040039,
          "hz": 802.3292461747484
        },
        {
          "acoustic_entropy": 12.115410804748535,
          "acoustic_entropy_side": 11.896688461303711,
          "hz": 935.3737400823702
        },
        {
          "acoustic_entropy": 11.939840316772461,
          "acoustic_entropy_side": 11.607414245605469,
          "hz": 1080.2004963696966
        },
        {
          "acoustic_entropy": 11.208842277526855,
          "acoustic_entropy_side": 11.759002685546875,
          "hz": 1237.8529382007157
        },
        {
          "acoustic_entropy": 11.593500137329102,
          "acoustic_entropy_side": 11.644301414489746,
          "hz": 1409.4668930556702
        },
        {
          "acoustic_entropy": 11.359075546264648,
          "acoustic_entropy_side": 11.40046215057373,
          "hz": 1596.2787759475705
        },
        {
          "acoustic_entropy": 11.640179634094238,
          "acoustic_entropy_side": 11.776416778564453,
          "hz": 1799.6344973346393
        },
        {
          "acoustic_entropy": 12.14295482635498,
          "acoustic_entropy_side": 11.822114944458008,
          "hz": 2020.9991599069049
        },
        {
          "acoustic_entropy": 11.609532356262207,
          "acoustic_entropy_side": 11.962515830993652,
          "hz": 2261.9676141086993
        },
        {
          "acoustic_entropy": 11.457070350646973,
          "acoustic_entropy_side": 11.836000442504883,
          "hz": 2524.2759484456974
        },
        {
          "acoustic_entropy": 11.650965690612793,
          "acoustic_entropy_side": 11.855585098266602,
          "hz": 2809.813997359896
        },
        {
          "acoustic_entropy": 11.697542190551758,
          "acoustic_entropy_side": 11.773669242858887,
