{
  "acoustic_entropy": 131.3046112060547,
  "bands": [
    {
      "high_freq": 148.1999969482422,
      "loudness": -46.62098693847656,
      "loudness_range": 34.472450256347656,
      "mid_mean": -43.31088638305664,
      "mid_to_side_loudness": -10.111224174499512,
      "mid_to_side_loudness_range": 12.3657808303833,
      "side_mean": -56.70893859863281
    },
    {
      "high_freq": 392.3793640136719,
      "loudness": -41.97248840332031,
      "loudness_range": 33.302581787109375,
      "low_freq": 148.1999969482422,
      "mid_mean": -41.47352600097656,
      "mid_to_side_loudness": -3.985802173614502,
      "mid_to_side_loudness_range": 10.308608055114746,
      "side_mean": -50.146427154541016
    },
    {
      "high_freq": 794.6976318359375,
      "loudness": -45.03903579711914,
      "loudness_range": 34.435672760009766,
      "low_freq": 392.3793640136719,
      "mid_mean": -43.826168060302734,
      "mid_to_side_loudness": -5.734361171722412,
      "mid_to_side_loudness_range": 13.599353790283203,
      "side_mean": -51.672176361083984
    },
    {
      "high_freq": 1457.5709228515625,
      "loudness": -45.60563278198242,
      "loudness_range": 36.81157684326172,
      "low_freq": 794.6976318359375,
      "mid_mean": -49.24650955200195,
      "mid_to_side_loudness": -3.880720376968384,
      "mid_to_side_loudness_range": 11.413193702697754,
      "side_mean": -53.02632141113281
    },
    {
      "high_freq": 2549.74365234375,
      "loudness": -48.26253128051758,
      "loudness_range": 32.34617614746094,
      "low_freq": 1457.5709228515625,
      "mid_mean": -53.59870910644531,
      "mid_to_side_loudness": -3.416038751602173,
      "mid_to_side_loudness_range": 10.801998138427734,
      "side_mean": -56.22249984741211
    },
    {
      "high_freq": 4349.24462890625,
      "loudness": -52.123470306396484,
      "loudness_range": 32.137020111083984,
      "low_freq": 2549.74365234375,
      "mid_mean": -57.98405075073242,
      "mid_to_side_loudness": -3.2119877338409424,
      "mid_to_side_loudness_range": 10.058146476745605,
      "side_mean": -60.2164306640625
    },
    {
      "high_freq": 7314.1640625,
      "loudness": -58.72706604003906,
      "loudness_range": 35.85820007324219,
      "low_freq": 4349.24462890625,
      "mid_mean": -61.992733001708984,
      "mid_to_side_loudness": -2.7025134563446045,
      "mid_to_side_loudness_range": 8.003744125366211,
      "side_mean": -63.47431182861328
    },
    {
      "high_freq": 12199.2666015625,
      "loudness": -65.56668090820312,
      "loudness_range": 31.811779022216797,
      "low_freq": 7314.1640625,
      "mid_mean": -65.3636703491211,
      "mid_to_side_loudness": -1.7930042743682861,
      "mid_to_side_loudness_range": 4.1562724113464355,
      "side_mean": -66.0696029663086
    },
    {
      "loudness": -75.84976959228516,
      "loudness_range": 16.23321533203125,
      "low_freq": 12199.2666015625,
      "mid_mean": -68.0496597290039,
      "mid_to_side_loudness": -1.1232606172561646,
      "mid_to_side_loudness_range": 1.9939016103744507,
      "side_mean": -68.55040740966797
    }
  ],
  "bands_short": [
    {
      "high_freq": 148.1999969482422,
      "loudness": -47.82539749145508,
      "loudness_range": 32.945777893066406,
      "mid_mean": -44.59294509887695,
      "mid_to_side_loudness": -11.14222240447998,
      "mid_to_side_loudness_range": 15.803142547607422,
      "side_mean": -58.42788314819336
    },
    {
      "high_freq": 392.3793640136719,
      "loudness": -42.52660369873047,
      "loudness_range": 33.87910461425781,
      "low_freq": 148.1999969482422,
      "mid_mean": -41.94767761230469,
      "mid_to_side_loudness": -3.7898600101470947,
      "mid_to_side_loudness_range": 12.825517654418945,
      "side_mean": -50.18757629394531
    },
    {
      "high_freq": 794.6976318359375,
      "loudness": -44.45796585083008,
      "loudness_range": 34.26477813720703,
      "low_freq": 392.3793640136719,
      "mid_mean": -43.430294036865234,
      "mid_to_side_loudness": -5.418092250823975,
      "mid_to_side_loudness_range": 15.602657318115234,
      "side_mean": -51.27290725708008
    },
    {
      "high_freq": 1457.5709228515625,
      "loudness": -45.73404312133789,
      "loudness_range": 36.98191452026367,
      "low_freq": 794.6976318359375,
      "mid_mean": -50.519813537597656,
      "mid_to_side_loudness": -3.4795892238616943,
      "mid_to_side_loudness_range": 13.042823791503906,
      "side_mean": -53.493858337402344
    },
    {
      "high_freq": 2549.74365234375,
      "loudness": -48.14530563354492,
      "loudness_range": 31.936782836914062,
      "low_freq": 1457.5709228515625,
      "mid_mean": -54.332088470458984,
      "mid_to_side_loudness": -2.907212972640991,
      "mid_to_side_loudness_range": 11.594480514526367,
      "side_mean": -56.57847595214844
    },
    {
      "high_freq": 4349.24462890625,
      "loudness": -52.30908966064453,
      "loudness_range": 32.71192932128906,
      "low_freq": 2549.74365234375,
      "mid_mean": -58.539791107177734,
      "mid_to_side_loudness": -2.7481188774108887,
      "mid_to_side_loudness_range": 9.844548225402832,
      "side_mean": -60.4171257019043
    },
    {
      "high_freq": 7314.1640625,
      "loudness": -59.396873474121094,
      "loudness_range": 36.523094177246094,
      "low_freq": 4349.24462890625,
      "mid_mean": -62.54929733276367,
      "mid_to_side_loudness": -2.0069382190704346,
      "mid_to_side_loudness_range": 7.488463878631592,
      "side_mean": -63.60759735107422
    },
    {
      "high_freq": 12199.2666015625,
      "loudness": -65.17523193359375,
      "loudness_range": 31.217777252197266,
      "low_freq": 7314.1640625,
      "mid_mean": -65.59906768798828,
      "mid_to_side_loudness": -1.5059998035430908,
      "mid_to_side_loudness_range": 3.4716763496398926,
      "side_mean": -66.13326263427734
    },
    {
      "loudness": -76.06395721435547,
      "loudness_range": 15.970382690429688,
      "low_freq": 12199.2666015625,
      "mid_mean": -68.20140838623047,
      "mid_to_side_loudness": -0.9146285057067871,
      "mid_to_side_loudness_range": 2.2512621879577637,
      "side_mean": -68.56439971923828
    }
  ],
  "bandwidth": 467.1144714355469,
  "channels": 2,
  "covariance": [
    [
      130.07151794433594,
      124.15979766845703,
      97.29354858398438,
      91.17367553710938,
      60.84005355834961,
      76.8809585571289,
      98.45721435546875,
      102.3953628540039,
      90.51737213134766,
      92.4449234008789,
      73.7855224609375,
      73.00055694580078,
      65.2415542602539,
      60.25681686401367,
      37.46632385253906,
      35.60591125488281,
      8.987112045288086,
      7.979299068450928
    ],
    [
      124.15979766845703,
      136.60902404785156,
      91.17372131347656,
      123.00430297851562,
      45.22312545776367,
      65.32122039794922,
      61.78535461425781,
      73.70295715332031,
      69.21846771240234,
      77.33114624023438,
      51.3857307434082,
      58.45764923095703,
      60.977874755859375,
      60.19355773925781,
      35.39078140258789,
      35.326961517333984,
      8.872663497924805,
      6.937926292419434
    ],
    [
      97.29354858398438,
      91.17372131347656,
      153.84634399414062,
      134.6031036376953,
      109.40518188476562,
      126.11500549316406,
      135.06031799316406,
      124.70967102050781,
      117.32400512695312,
      105.27881622314453,
      101.9595718383789,
      90.02014923095703,
      83.8923110961914,
      69.3926010131836,
      47.604434967041016,
      41.440673828125,
      15.75467300415039,
      10.324716567993164
    ],
    [
      91.17367553710938,
      123.00430297851562,
      134.6031036376953,
      189.8653106689453,
      79.27430725097656,
      110.42223358154297,
      80.64685821533203,
      91.23884582519531,
      86.11040496826172,
      91.60362243652344,
      67.23981475830078,
      73.4804458618164,
      78.34872436523438,
      75.40798950195312,
      46.23059844970703,
      44.593353271484375,
      15.33053970336914,
      9.321702003479004
    ],
    [
      60.84005355834961,
      45.22312545776367,
      109.40518188476562,
      79.27430725097656,
      153.94004821777344,
      137.1659393310547,
      140.5403594970703,
      128.91297912597656,
      126.35334014892578,
      111.41184997558594,
      116.35062408447266,
      100.41806030273438,
      90.39037322998047,
      75.34466552734375,
      54.90278625488281,
      47.41006088256836,
      21.194963455200195,
      12.969910621643066
    ],
    [
      76.8809585571289,
      65.32122039794922,
      126.11500549316406,
      110.42223358154297,
      137.1659393310547,
      165.65000915527344,
      160.4207763671875,
      159.48501586914062,
      146.48779296875,
      136.98568725585938,
      129.33914184570312,
      118.24011993408203,
      101.25081634521484,
      89.96019744873047,
      62.176307678222656,
      55.943599700927734,
      23.556575775146484,
      15.131733894348145
    ],
    [
      98.45721435546875,
      61.78535461425781,
      135.06031799316406,
      80.64685821533203,
      140.5403594970703,
      160.4207763671875,
      219.096435546875,
      204.2826690673828,
      187.84085083007812,
      169.89004516601562,
      169.04478454589844,
      149.36227416992188,
      125.72139739990234,
      110.09915161132812,
      80.25196838378906,
      72.35800170898438,
      27.6320858001709,
      19.14069366455078
    ],
    [
      102.3953628540039,
      73.70295715332031,
      124.70967102050781,
      91.23884582519531,
      128.91297912597656,
      159.48501586914062,
      204.2826690673828,
      209.9430694580078,
      178.50624084472656,
      172.57569885253906,
      162.50350952148438,
      153.72720336914062,
      127.60797882080078,
      119.28321838378906,
      84.37528228759766,
      78.978759765625,
      28.763885498046875,
      20.163558959960938
    ],
    [
      90.51737213134766,
      69.21846771240234,
      117.32400512695312,
      86.11040496826172,
      126.35334014892578,
      146.48779296875,
      187.84085083007812,
      178.50624084472656,
      180.30186462402344,
      161.59666442871094,
      154.01504516601562,
      134.38992309570312,
      118.18250274658203,
      101.88004302978516,
      73.21642303466797,
      65.30860137939453,
      25.74798011779785,
      17.495811462402344
    ],
    [
      92.4449234008789,
      77.33114624023438,
      105.27881622314453,
      91.60362243652344,
      111.41184997558594,
      136.98568725585938,
      169.89004516601562,
      172.57569885253906,
      161.59666442871094,
      158.51234436035156,
      139.77725219726562,
      132.31015014648438,
      113.67008209228516,
      105.71192932128906,
      72.6230239868164,
      67.9754638671875,
      24.613149642944336,
      17.275318145751953
    ],
    [
      73.7855224609375,
      51.3857307434082,
      101.9595718383789,
      67.23981475830078,
      116.35062408447266,
      129.33914184570312,
      169.04478454589844,
      162.50350952148438,
      154.01504516601562,
      139.77725219726562,
      146.44223022460938,
      129.47364807128906,
      112.9505844116211,
      98.47402954101562,
      73.82614135742188,
      66.44644165039062,
      25.878629684448242,
      17.49665069580078
    ],
    [
      73.00055694580078,
      58.45764923095703,
      90.02014923095703,
      73.4804458618164,
      100.41806030273438,
      118.24011993408203,
      149.36227416992188,
      153.72720336914062,
      134.38992309570312,
      132.31015014648438,
      129.47364807128906,
      126.72710418701172,
      107.37197875976562,
      102.28387451171875,
      73.43158721923828,
      69.8941879272461,
      25.098445892333984,
      17.443124771118164
    ],
    [
      65.2415542602539,
      60.977874755859375,
      83.8923110961914,
      78.34872436523438,
      90.39037322998047,
      101.25081634521484,
      125.72139739990234,
      127.60797882080078,
      118.18250274658203,
      113.67008209228516,
      112.9505844116211,
      107.37197875976562,
      104.81295776367188,
      96.09333801269531,
      70.87623596191406,
      65.99057006835938,
      24.73956298828125,
      16.15064239501953
    ],
    [
      60.25681686401367,
      60.19355773925781,
      69.3926010131836,
      75.40798950195312,
      75.34466552734375,
      89.96019744873047,
      110.09915161132812,
      119.28321838378906,
      101.88004302978516,
      105.71192932128906,
      98.47402954101562,
      102.28387451171875,
      96.09333801269531,
      96.31360626220703,
      68.62474060058594,
      67.4850082397461,
      23.52220344543457,
      15.990676879882812
    ],
    [
      37.46632385253906,
      35.39078140258789,
      47.604434967041016,
      46.23059844970703,
      54.90278625488281,
      62.176307678222656,
      80.25196838378906,
      84.37528228759766,
      73.21642303466797,
      72.6230239868164,
      73.82614135742188,
      73.43158721923828,
      70.87623596191406,
      68.62474060058594,
      53.671485900878906,
      51.45844650268555,
      19.18411636352539,
      12.583616256713867
    ],
    [
      35.60591125488281,
      35.326961517333984,
      41.440673828125,
      44.593353271484375,
      47.41006088256836,
      55.943599700927734,
      72.35800170898438,
      78.978759765625,
      65.30860137939453,
      67.9754638671875,
      66.44644165039062,
      69.8941879272461,
      65.99057006835938,
      67.4850082397461,
      51.45844650268555,
      51.4514274597168,
      18.078275680541992,
      12.37151050567627
    ],
    [
      8.987112045288086,
      8.872663497924805,
      15.75467300415039,
      15.33053970336914,
      21.194963455200195,
      23.556575775146484,
      27.6320858001709,
      28.763885498046875,
      25.74798011779785,
      24.613149642944336,
      25.878629684448242,
      25.098445892333984,
      24.73956298828125,
      23.52220344543457,
      19.18411636352539,
      18.078275680541992,
      8.749188423156738,
      5.035855293273926
    ],
    [
      7.979299068450928,
      6.937926292419434,
      10.324716567993164,
      9.321702003479004,
      12.969910621643066,
      15.131733894348145,
      19.14069366455078,
      20.163558959960938,
      17.495811462402344,
      17.275318145751953,
      17.49665069580078,
      17.443124771118164,
      16.15064239501953,
      15.990676879882812,
      12.583616256713867,
      12.37151050567627,
      5.035855293273926,
      3.3800048828125
    ]
  ],
  "covariance_short": [
    [
      123.98756408691406,
      106.5936050415039,
      97.6285629272461,
      93.54878234863281,
      54.031307220458984,
      65.67411804199219,
      86.8880844116211,
      87.63597106933594,
      80.39738464355469,
      81.3034439086914,
      62.65437698364258,
      62.36000442504883,
      54.289642333984375,
      50.46441650390625,
      29.459890365600586,
      28.560293197631836,
      7.8837385177612305,
      6.326347827911377
    ],
    [
      106.5936050415039,
      110.5552749633789,
      88.17334747314453,
      113.65404510498047,
      43.09017562866211,
      57.40927505493164,
      58.11005401611328,
      62.24503707885742,
      59.485408782958984,
      66.0916976928711,
      43.09469985961914,
      49.57373809814453,
      49.13717269897461,
      49.28656768798828,
      27.609350204467773,
      28.419296264648438,
      7.3955841064453125,
      5.52754545211792
    ],
    [
      97.6285629272461,
      88.17334747314453,
      151.18902587890625,
      129.13694763183594,
      110.4699935913086,
      126.06212615966797,
      130.6256866455078,
      120.92474365234375,
      113.69612884521484,
      104.1588134765625,
      95.6751480102539,
      87.43074798583984,
      75.55694580078125,
      66.7948226928711,
      42.446624755859375,
      39.20708084106445,
      13.279711723327637,
      9.745500564575195
    ],
    [
      93.54878234863281,
      113.65404510498047,
      129.13694763183594,
      186.0822296142578,
      80.19573211669922,
      114.34917449951172,
      85.40643310546875,
      88.4084243774414,
      81.9871597290039,
      90.02361297607422,
      61.60664367675781,
      71.40801239013672,
      70.34125518798828,
      71.70735931396484,
      41.26459503173828,
      41.92514419555664,
      12.414260864257812,
      8.580350875854492
    ],
    [
      54.031307220458984,
      43.09017562866211,
      110.4699935913086,
      80.19573211669922,
      152.74085998535156,
      131.95603942871094,
      137.35662841796875,
      124.44367980957031,
      121.74208068847656,
      107.52922058105469,
      110.70215606689453,
      97.23994445800781,
      83.06517791748047,
      72.36896514892578,
      49.85675811767578,
      45.017982482910156,
      16.915613174438477,
      12.259283065795898
    ],
    [
      65.67411804199219,
      57.40927505493164,
      126.06212615966797,
      114.34917449951172,
      131.95603942871094,
      167.84864807128906,
      162.5872039794922,
      152.77671813964844,
      140.58160400390625,
      131.42225646972656,
      122.44984436035156,
      113.21440887451172,
      93.2503890991211,
      85.25421905517578,
      56.7115592956543,
      52.70155334472656,
      19.120222091674805,
      14.106033325195312
    ],
    [
      86.8880844116211,
      58.11005401611328,
      130.6256866455078,
      85.40643310546875,
      137.35662841796875,
      162.5872039794922,
      227.08566284179688,
      207.23851013183594,
      192.17306518554688,
      172.53082275390625,
      169.49209594726562,
      150.2539520263672,
      123.25133514404297,
      110.61097717285156,
      78.6310043334961,
      72.48407745361328,
      25.31584358215332,
      19.340736389160156
    ],
    [
      87.63597106933594,
      62.24503707885742,
      120.92474365234375,
      88.4084243774414,
      124.44367980957031,
      152.77671813964844,
      207.23851013183594,
      208.92108154296875,
      178.30589294433594,
      170.56015014648438,
      160.9727020263672,
      151.48110961914062,
      125.2293472290039,
      117.61581420898438,
      82.22259521484375,
      77.77728271484375,
      25.77210235595703,
      19.769702911376953
    ],
    [
      80.39738464355469,
      59.485408782958984,
      113.69612884521484,
      81.9871597290039,
      121.74208068847656,
      140.58160400390625,
      192.17306518554688,
      178.30589294433594,
      181.17355346679688,
      161.374267578125,
      152.0782012939453,
      134.58921813964844,
      114.00011444091797,
      101.97102355957031,
      71.36630249023438,
      65.5262451171875,
      23.294857025146484,
      17.550477981567383
    ],
    [
      81.3034439086914,
      66.0916976928711,
      104.1588134765625,
      90.02361297607422,
      107.52922058105469,
      131.42225646972656,
      172.53082275390625,
      170.56015014648438,
      161.374267578125,
      159.13352966308594,
      138.3655242919922,
      131.38511657714844,
      110.91295623779297,
      104.76959991455078,
      70.94793701171875,
      67.43253326416016,
      22.37314224243164,
      17.079322814941406
    ],
    [
      62.65437698364258,
      43.09469985961914,
      95.6751480102539,
      61.60664367675781,
      110.70215606689453,
      122.44984436035156,
      169.49209594726562,
      160.9727020263672,
      152.0782012939453,
      138.3655242919922,
      145.0794677734375,
      128.99391174316406,
      109.57854461669922,
      98.52838134765625,
      72.11966705322266,
      66.52664184570312,
      23.256160736083984,
      17.43503189086914
    ],
    [
      62.36000442504883,
      49.57373809814453,
      87.43074798583984,
      71.40801239013672,
      97.23994445800781,
      113.21440887451172,
      150.2539520263672,
      151.48110961914062,
      134.58921813964844,
      131.38511657714844,
      128.99391174316406,
      126.58008575439453,
      106.2309799194336,
      101.42936706542969,
      71.98258209228516,
      69.02265930175781,
      22.509414672851562,
      17.11281394958496
    ],
    [
      54.289642333984375,
      49.13717269897461,
      75.55694580078125,
      70.34125518798828,
      83.06517791748047,
      93.2503890991211,
      123.25133514404297,
      125.2293472290039,
      114.00011444091797,
      110.91295623779297,
      109.57854461669922,
      106.2309799194336,
      100.8049545288086,
      95.18162536621094,
      68.9316177368164,
      65.80787658691406,
      21.91911506652832,
      16.032407760620117
    ],
    [
      50.46441650390625,
      49.28656768798828,
      66.7948226928711,
      71.70735931396484,
      72.36896514892578,
      85.25421905517578,
      110.61097717285156,
      117.61581420898438,
      101.97102355957031,
      104.76959991455078,
      98.52838134765625,
      101.42936706542969,
      95.18162536621094,
      95.36576080322266,
      67.4927978515625,
      66.56623840332031,
      21.023544311523438,
      15.725040435791016
    ],
    [
      29.459890365600586,
      27.609350204467773,
      42.446624755859375,
      41.26459503173828,
      49.85675811767578,
      56.7115592956543,
      78.6310043334961,
      82.22259521484375,
      71.36630249023438,
      70.94793701171875,
      72.11966705322266,
      71.98258209228516,
      68.9316177368164,
      67.4927978515625,
      52.65497589111328,
      50.9166259765625,
      16.837966918945312,
      12.37867546081543
    ],
    [
      28.560293197631836,
      28.419296264648438,
      39.20708084106445,
      41.92514419555664,
      45.017982482910156,
      52.70155334472656,
      72.48407745361328,
      77.77728271484375,
      65.5262451171875,
      67.43253326416016,
      66.52664184570312,
      69.02265930175781,
      65.80787658691406,
      66.56623840332031,
      50.9166259765625,
      50.95473861694336,
      16.056438446044922,
      12.131206512451172
    ],
    [
      7.8837385177612305,
      7.3955841064453125,
      13.279711723327637,
      12.414260864257812,
      16.915613174438477,
      19.120222091674805,
      25.31584358215332,
      25.77210235595703,
      23.294857025146484,
      22.37314224243164,
      23.256160736083984,
      22.509414672851562,
      21.91911506652832,
      21.023544311523438,
      16.837966918945312,
      16.056438446044922,
      6.606667995452881,
      4.490464687347412
    ],
    [
      6.326347827911377,
      5.52754545211792,
      9.745500564575195,
      8.580350875854492,
      12.259283065795898,
      14.106033325195312,
      19.340736389160156,
      19.769702911376953,
      17.550477981567383,
      17.079322814941406,
      17.43503189086914,
      17.11281394958496,
      16.032407760620117,
      15.725040435791016,
      12.37867546081543,
      12.131206512451172,
      4.490464687347412,
      3.39931058883667
    ]
  ],
  "damage": -18.740135192871094,
  "diff_bandwidth": 479.50244140625,
  "dissonance": 6.407646690635847,
  "drr": 11.011296272277832,
  "dynamics": 8.952836036682129,
  "format": 1245190,
  "frames": 8132544,
  "loudness": -30.788223266601562,
  "loudness_range": 32.158714294433594,
  "loudness_range_short": 32.509124755859375,
  "lowpass_true_peak_15khz": -3.3175547122955322,
  "mastering3_acoustic_entropies": [
    {
      "acoustic_entropy": 7.689037799835205,
      "acoustic_entropy_mono": 7.051314830780029,
      "band_eliminated_acoustic_entropies": [
        {
          "acoustic_entropy": 7.692956924438477,
          "acoustic_entropy_side": 7.689865589141846,
          "hz": 129.47220167065723
        },
        {
          "acoustic_entropy": 7.393309116363525,
          "acoustic_entropy_side": 7.705416202545166,
          "hz": 202.92927478742237
        },
        {
          "acoustic_entropy": 7.6927876472473145,
          "acoustic_entropy_side": 7.725183963775635,
          "hz": 282.89161906338205
        },
        {
          "acoustic_entropy": 8.133794784545898,
          "acoustic_entropy_side": 7.790797710418701,
          "hz": 369.9353335868758
        },
        {
          "acoustic_entropy": 6.893215179443359,
          "acoustic_entropy_side": 7.8795166015625,
          "hz": 464.6875360973435
        },
        {
          "acoustic_entropy": 7.716948986053467,
          "acoustic_entropy_side": 7.367906093597412,
          "hz": 567.8308811364784
        },
        {
          "acoustic_entropy": 7.673900604248047,
          "acoustic_entropy_side": 7.595335960388184,
          "hz": 680.1084783214808
        },
        {
          "acoustic_entropy": 7.509981155395508,
          "acoustic_entropy_side": 7.7803168296813965,
          "hz": 802.3292461747484
        },
        {
          "acoustic_entropy": 7.581825256347656,
          "acoustic_entropy_side": 7.649531841278076,
          "hz": 935.3737400823702
        },
        {
          "acoustic_entropy": 7.359766960144043,
          "acoustic_entropy_side": 7.684115886688232,
          "hz": 1080.2004963696966
        },
        {
          "acoustic_entropy": 7.066915035247803,
          "acoustic_entropy_side": 7.699824333190918,
          "hz": 1237.8529382007157
        },
        {
          "acoustic_entropy": 7.789335250854492,
          "acoustic_entropy_side": 7.675956726074219,
          "hz": 1409.4668930556702
        },
        {
          "acoustic_entropy": 7.108410835266113,
          "acoustic_entropy_side": 7.5312042236328125,
          "hz": 1596.2787759475705
        },
        {
          "acoustic_entropy": 7.769187927246094,
          "acoustic_entropy_side": 7.693519592285156,
          "hz": 1799.6344973346393
        },
        {
          "acoustic_entropy": 7.642588138580322,
          "acoustic_entropy_side": 7.664401531219482,
          "hz": 2020.9991599069049
        },
        {
          "acoustic_entropy": 7.617720127105713,
          "acoustic_entropy_side": 7.610596656799316,
          "hz": 2261.9676141086993
        },
        {
          "acoustic_entropy": 7.67588996887207,
          "acoustic_entropy_side": 7.699528694152832,
          "hz": 2524.2759484456974
        },
        {
          "acoustic_entropy": 7.72009801864624,
          "acoustic_entropy_side": 7.692773342132568,
          "hz": 2809.813997359896
        },
        {
          "acoustic_entropy": 7.670497894287109,
          "acoustic_entropy_side": 7.670360565185547,
          "hz": 3120.6389567871424
        },
        {
          "acoustic_entropy": 7.692453861236572,
          "acoustic_entropy_side": 7.686882972717285,
          "hz": 3458.990205492291
        },
        {
          "acoustic_entropy": 7.680624961853027,
          "acoustic_entropy_side": 7.683344841003418,
          "hz": 3827.305438964164
        },
        {
          "acoustic_entropy": 7.446996212005615,
          "acoustic_entropy_side": 7.613066673278809,
          "hz": 4228.238232109126
        },
        {
          "acoustic_entropy": 7.593482494354248,
          "acoustic_entropy_side": 7.638216495513916,
          "hz": 4664.6771572759235
        },
        {
          "acoustic_entropy": 7.677929878234863,
          "acoustic_entropy_side": 7.683888912200928,
          "hz": 5139.766595350093
        },
        {
          "acoustic_entropy": 7.688568115234375,
          "acoustic_entropy_side": 7.688642978668213,
          "hz": 5656.929389854203
        },
        {
          "acoustic_entropy": 7.355601787567139,
          "acoustic_entropy_side": 7.591437339782715,
          "hz": 6219.891507268283
        },
        {
          "acoustic_entropy": 7.413756370544434,
          "acoustic_entropy_side": 7.614511013031006,
          "hz": 6832.70888123896
        },
        {
          "acoustic_entropy": 7.664624214172363,
          "acoustic_entropy_side": 7.681042671203613,
          "hz": 7499.796634079867
        },
        {
          "acoustic_entropy": 7.664608955383301,
          "acoustic_entropy_side": 7.677624225616455,
          "hz": 8225.96088609342
        },
        {
          "acoustic_entropy": 7.661876678466797,
          "acoustic_entropy_side": 7.67169189453125,
          "hz": 9016.43338188839
        },
        {
          "acoustic_entropy": 7.685144901275635,
          "acoustic_entropy_side": 7.687208652496338,
          "hz": 9876.909183162974
        },
        {
          "acoustic_entropy": 7.669435501098633,
          "acoustic_entropy_side": 7.674831867218018,
          "hz": 10813.587699516042
        },
        {
          "acoustic_entropy": 7.687417507171631,
          "acoustic_entropy_side": 7.688223838806152,
          "hz": 11833.21735289826
        },
        {
          "acoustic_entropy": 7.688557147979736,
          "acoustic_entropy_side": 7.688845157623291,
          "hz": 12943.144197493959
        },
        {
          "acoustic_entropy": 7.6887593269348145,
          "acoustic_entropy_side": 7.689016342163086,
          "hz": 14151.364845322005
        },
        {
          "acoustic_entropy": 7.688474655151367,
          "acoustic_entropy_side": 7.68902587890625,
          "hz": 15466.58407886509
        },
        {
          "acoustic_entropy": 7.688839435577393,
          "acoustic_entropy_side": 7.689036846160889,
          "hz": 16898.27756580493
        },
        {
          "acoustic_entropy": 7.689019680023193,
          "acoustic_entropy_side": 7.689037322998047,
          "hz": 18456.760127700032
        },
        {
          "acoustic_entropy": 7.689035415649414,
          "acoustic_entropy_side": 7.689037322998047,
          "hz": 20153.260054456492
        },
        {
          "acoustic_entropy": 7.689038276672363,
          "acoustic_entropy_side": 7.689037799835205,
          "hz": 22000.00000000001
        }
      ],
      "diff_acoustic_entropy": 2.334444046020508,
      "sn": 6
    },
    {
      "acoustic_entropy": 11.362778663635254,
      "acoustic_entropy_mono": 10.693155288696289,
      "band_eliminated_acoustic_entropies": [
        {
          "acoustic_entropy": 11.380335807800293,
          "acoustic_entropy_side": 11.370138168334961,
          "hz": 129.47220167065723
        },
        {
          "acoustic_entropy": 10.940496444702148,
          "acoustic_entropy_side": 11.402717590332031,
          "hz": 202.92927478742237
        },
        {
          "acoustic_entropy": 11.437661170959473,
          "acoustic_entropy_side": 11.390750885009766,
          "hz": 282.89161906338205
        },
        {
          "acoustic_entropy": 11.733697891235352,
          "acoustic_entropy_side": 11.4638032913208,
          "hz": 369.9353335868758
        },
        {
          "acoustic_entropy": 10.872929573059082,
          "acoustic_entropy_side": 11.70169448852539,
          "hz": 464.6875360973435
        },
        {
          "acoustic_entropy": 11.048408508300781,
          "acoustic_entropy_side": 10.934112548828125,
          "hz": 567.8308811364784
        },
        {
          "acoustic_entropy": 11.267803192138672,
          "acoustic_entropy_side": 11.12044906616211,
          "hz": 680.1084783214808
        },
        {
          "acoustic_entropy": 11.47671127319336,
          "acoustic_entropy_side": 11.445428848266602,
          "hz": 802.3292461747484
        },
        {
          "acoustic_entropy": 10.96405029296875,
          "acoustic_entropy_side": 11.00423526763916,
          "hz": 935.3737400823702
        },
        {
          "acoustic_entropy": 11.233628273010254,
          "acoustic_entropy_side": 11.51952838897705,
          "hz": 1080.2004963696966
        },
        {
          "acoustic_entropy": 11.437475204467773,
          "acoustic_entropy_side": 11.530129432678223,
          "hz": 1237.8529382007157
        },
        {
          "acoustic_entropy": 11.775125503540039,
          "acoustic_entropy_side": 11.377870559692383,
          "hz": 1409.4668930556702
        },
        {
          "acoustic_entropy": 10.526369094848633,
          "acoustic_entropy_side": 11.118928909301758,
          "hz": 1596.2787759475705
        },
        {
          "acoustic_entropy": 11.551753044128418,
          "acoustic_entropy_side": 11.348063468933105,
          "hz": 1799.6344973346393
        },
        {
          "acoustic_entropy": 11.209339141845703,
          "acoustic_entropy_side": 11.307405471801758,
          "hz": 2020.9991599069049
        },
        {
          "acoustic_entropy": 11.482795715332031,
          "acoustic_entropy_side": 11.403595924377441,
          "hz": 2261.9676141086993
        },
        {
          "acoustic_entropy": 11.371703147888184,
          "acoustic_entropy_side": 11.282439231872559,
          "hz": 2524.2759484456974
        },
        {
          "acoustic_entropy": 11.32925796508789,
          "acoustic_entropy_side": 11.261760711669922,
          "hz": 2809.813997359896
        },
        {
          "acoustic_entropy": 11.447278022766113,
          "acoustic_entropy_side": 11.41377067565918,
          "hz": 3120.6389567871424
        },
        {
          "acoustic_entropy": 11.31698989868164,
          "acoustic_entropy_side": 11.346141815185547,
          "hz": 3458.990205492291
        },
        {
          "acoustic_entropy": 11.339098930358887,
          "acoustic_entropy_side": 11.336052894592285,
          "hz": 3827.305438964164
        },
        {
          "acoustic_entropy": 11.259465217590332,
          "acoustic_entropy_side": 11.32705020904541,
          "hz": 4228.238232109126
        },
        {
          "acoustic_entropy": 11.337540626525879,
          "acoustic_entropy_side": 11.349491119384766,
          "hz": 4664.6771572759235
        },
        {
          "acoustic_entropy": 11.33617115020752,
          "acoustic_entropy_side": 11.348949432373047,
          "hz": 5139.766595350093
        },
        {
          "acoustic_entropy": 11.35974407196045,
          "acoustic_entropy_side": 11.362101554870605,
          "hz": 5656.929389854203
        },
        {
          "acoustic_entropy": 11.179211616516113,
          "acoustic_entropy_side": 11.293587684631348,
          "hz": 6219.891507268283
        },
        {
          "acoustic_entropy": 11.296582221984863,
          "acoustic_entropy_side": 11.34948444366455,
          "hz": 6832.70888123896
        },
        {
          "acoustic_entropy": 11.305950164794922,
          "acoustic_entropy_side": 11.344819068908691,
          "hz": 7499.796634079867
        },
        {
          "acoustic_entropy": 11.336642265319824,
          "acoustic_entropy_side": 11.350724220275879,
          "hz": 8225.96088609342
        },
        {
          "acoustic_entropy": 11.362662315368652,
          "acoustic_entropy_side": 11.357882499694824,
          "hz": 9016.43338188839
        },
        {
          "acoustic_entropy": 11.360612869262695,
          "acoustic_entropy_side": 11.360220909118652,
          "hz": 9876.909183162974
        },
        {
          "acoustic_entropy": 11.374045372009277,
          "acoustic_entropy_side": 11.36874771118164,
          "hz": 10813.587699516042
        },
        {
          "acoustic_entropy": 11.366599082946777,
          "acoustic_entropy_side": 11.363469123840332,
          "hz": 11833.21735289826
        },
        {
          "acoustic_entropy": 11.36743450164795,
          "acoustic_entropy_side": 11.363344192504883,
          "hz": 12943.144197493959
        },
        {
          "acoustic_entropy": 11.367158889770508,
          "acoustic_entropy_side": 11.362874031066895,
          "hz": 14151.364845322005
        },
        {
          "acoustic_entropy": 11.366860389709473,
          "acoustic_entropy_side": 11.362881660461426,
          "hz": 15466.58407886509
        },
        {
          "acoustic_entropy": 11.365060806274414,
          "acoustic_entropy_side": 11.362783432006836,
          "hz": 16898.27756580493
        },
        {
          "acoustic_entropy": 11.363338470458984,
          "acoustic_entropy_side": 11.362780570983887,
          "hz": 18456.760127700032
        },
        {
          "acoustic_entropy": 11.362845420837402,
          "acoustic_entropy_side": 11.362778663635254,
          "hz": 20153.260054456492
        },
        {
          "acoustic_entropy": 11.36278247833252,
          "acoustic_entropy_side": 11.362778663635254,
          "hz": 22000.00000000001
        }
      ],
      "diff_acoustic_entropy": 4.204829216003418,
      "sn": 12
    },
    {
      "acoustic_entropy": 18.333162307739258,
      "acoustic_entropy_mono": 16.409456253051758,
      "band_eliminated_acoustic_entropies": [
        {
          "acoustic_entropy": 18.322498321533203,
          "acoustic_entropy_side": 18.33279800415039,
          "hz": 129.47220167065723
        },
        {
          "acoustic_entropy": 18.011760711669922,
          "acoustic_entropy_side": 18.41063690185547,
          "hz": 202.92927478742237
        },
        {
          "acoustic_entropy": 18.500980377197266,
          "acoustic_entropy_side": 18.365497589111328,
          "hz": 282.89161906338205
        },
        {
          "acoustic_entropy": 18.18353843688965,
          "acoustic_entropy_side": 18.391372680664062,
          "hz": 369.9353335868758
        },
        {
          "acoustic_entropy": 17.77488899230957,
          "acoustic_entropy_side": 18.450098037719727,
          "hz": 464.6875360973435
        },
        {
          "acoustic_entropy": 17.54840087890625,
          "acoustic_entropy_side": 18.31205177307129,
          "hz": 567.8308811364784
        },
        {
          "acoustic_entropy": 18.819053649902344,
          "acoustic_entropy_side": 19.25710678100586,
          "hz": 680.1084783214808
        },
        {
          "acoustic_entropy": 18.716886520385742,
          "acoustic_entropy_side": 18.64375114440918,
          "hz": 802.3292461747484
        },
        {
          "acoustic_entropy": 18.421859741210938,
          "acoustic_entropy_side": 18.483619689941406,
          "hz": 935.3737400823702
        },
        {
          "acoustic_entropy": 18.46669578552246,
          "acoustic_entropy_side": 18.258472442626953,
          "hz": 1080.2004963696966
        },
        {
          "acoustic_entropy": 18.128183364868164,
          "acoustic_entropy_side": 18.265256881713867,
          "hz": 1237.8529382007157
        },
        {
          "acoustic_entropy": 18.278316497802734,
          "acoustic_entropy_side": 18.44913673400879,
          "hz": 1409.4668930556702
        },
        {
          "acoustic_entropy": 17.602636337280273,
          "acoustic_entropy_side": 18.728702545166016,
          "hz": 1596.2787759475705
        },
        {
          "acoustic_entropy": 18.183040618896484,
          "acoustic_entropy_side": 18.348722457885742,
          "hz": 1799.6344973346393
        },
        {
          "acoustic_entropy": 18.88401222229004,
          "acoustic_entropy_side": 18.44341278076172,
          "hz": 2020.9991599069049
        },
        {
          "acoustic_entropy": 18.43227195739746,
          "acoustic_entropy_side": 18.67607879638672,
          "hz": 2261.9676141086993
        },
        {
          "acoustic_entropy": 18.6547794342041,
          "acoustic_entropy_side": 18.195892333984375,
          "hz": 2524.2759484456974
        },
        {
          "acoustic_entropy": 17.84876251220703,
          "acoustic_entropy_side": 18.369218826293945,
          "hz": 2809.813997359896
        },
        {
          "acoustic_entropy": 18.401166915893555,
          "acoustic_entropy_side": 18.513748168945312,
          "hz": 3120.6389567871424
        },
        {
