{
  "acoustic_entropy": 175.0570068359375,
  "bands": [
    {
      "high_freq": 148.1999969482422,
      "loudness": -17.02356719970703,
      "loudness_range": 7.4715681076049805,
      "mid_mean": -14.622809410095215,
      "mid_to_side_loudness": -6.721024036407471,
      "mid_to_side_loudness_range": 14.06313419342041,
      "side_mean": -21.324966430664062
    },
    {
      "high_freq": 392.3793640136719,
      "loudness": -19.627851486206055,
      "loudness_range": 4.17750358581543,
      "low_freq": 148.1999969482422,
      "mid_mean": -17.17099952697754,
      "mid_to_side_loudness": -5.164400577545166,
      "mid_to_side_loudness_range": 7.142231464385986,
      "side_mean": -22.439931869506836
    },
    {
      "high_freq": 794.6976318359375,
      "loudness": -22.527423858642578,
      "loudness_range": 5.842144012451172,
      "low_freq": 392.3793640136719,
      "mid_mean": -20.15236473083496,
      "mid_to_side_loudness": -4.764533519744873,
      "mid_to_side_loudness_range": 6.176464080810547,
      "side_mean": -24.9811954498291
    },
    {
      "high_freq": 1457.5709228515625,
      "loudness": -25.642894744873047,
      "loudness_range": 6.770246505737305,
      "low_freq": 794.6976318359375,
      "mid_mean": -23.296735763549805,
      "mid_to_side_loudness": -4.676424026489258,
      "mid_to_side_loudness_range": 6.53915548324585,
      "side_mean": -28.058639526367188
    },
    {
      "high_freq": 2549.74365234375,
      "loudness": -24.02393913269043,
      "loudness_range": 5.588098526000977,
      "low_freq": 1457.5709228515625,
      "mid_mean": -22.026742935180664,
      "mid_to_side_loudness": -3.502761125564575,
      "mid_to_side_loudness_range": 5.734344482421875,
      "side_mean": -25.546255111694336
    },
    {
      "high_freq": 4349.24462890625,
      "loudness": -21.93138885498047,
      "loudness_range": 6.983861923217773,
      "low_freq": 2549.74365234375,
      "mid_mean": -19.870630264282227,
      "mid_to_side_loudness": -3.7607719898223877,
      "mid_to_side_loudness_range": 7.007611274719238,
      "side_mean": -23.7365779876709
    },
    {
      "high_freq": 7314.1640625,
      "loudness": -24.459972381591797,
      "loudness_range": 8.045446395874023,
      "low_freq": 4349.24462890625,
      "mid_mean": -22.066679000854492,
      "mid_to_side_loudness": -4.86653470993042,
      "mid_to_side_loudness_range": 6.150189399719238,
      "side_mean": -26.98789405822754
    },
    {
      "high_freq": 12199.2666015625,
      "loudness": -30.602235794067383,
      "loudness_range": 9.888072967529297,
      "low_freq": 7314.1640625,
      "mid_mean": -27.957538604736328,
      "mid_to_side_loudness": -6.114161491394043,
      "mid_to_side_loudness_range": 7.219880104064941,
      "side_mean": -34.18363571166992
    },
    {
      "loudness": -39.60285186767578,
      "loudness_range": 10.116783142089844,
      "low_freq": 12199.2666015625,
      "mid_mean": -36.99870300292969,
      "mid_to_side_loudness": -6.485743045806885,
      "mid_to_side_loudness_range": 9.936151504516602,
      "side_mean": -43.618385314941406
    }
  ],
  "bands_short": [
    {
      "high_freq": 148.1999969482422,
      "loudness": -19.050012588500977,
      "loudness_range": 12.423218727111816,
      "mid_mean": -17.01934051513672,
      "mid_to_side_loudness": -7.562736988067627,
      "mid_to_side_loudness_range": 23.714757919311523,
      "side_mean": -24.666259765625
    },
    {
      "high_freq": 392.3793640136719,
      "loudness": -19.001893997192383,
      "loudness_range": 6.228961944580078,
      "low_freq": 148.1999969482422,
      "mid_mean": -16.645357131958008,
      "mid_to_side_loudness": -5.441144943237305,
      "mid_to_side_loudness_range": 10.671609878540039,
      "side_mean": -22.14812660217285
    },
    {
      "high_freq": 794.6976318359375,
      "loudness": -22.308332443237305,
      "loudness_range": 6.986339569091797,
      "low_freq": 392.3793640136719,
      "mid_mean": -20.295846939086914,
      "mid_to_side_loudness": -4.0254316329956055,
      "mid_to_side_loudness_range": 9.835426330566406,
      "side_mean": -24.409870147705078
    },
    {
      "high_freq": 1457.5709228515625,
      "loudness": -25.672964096069336,
      "loudness_range": 8.96993637084961,
      "low_freq": 794.6976318359375,
      "mid_mean": -23.489748001098633,
      "mid_to_side_loudness": -4.55737829208374,
      "mid_to_side_loudness_range": 9.544973373413086,
      "side_mean": -28.126298904418945
    },
    {
      "high_freq": 2549.74365234375,
      "loudness": -24.330936431884766,
      "loudness_range": 6.833288192749023,
      "low_freq": 1457.5709228515625,
      "mid_mean": -22.429428100585938,
      "mid_to_side_loudness": -3.4202964305877686,
      "mid_to_side_loudness_range": 7.553226947784424,
      "side_mean": -25.880706787109375
    },
    {
      "high_freq": 4349.24462890625,
      "loudness": -22.07236099243164,
      "loudness_range": 7.639492034912109,
      "low_freq": 2549.74365234375,
      "mid_mean": -20.080604553222656,
      "mid_to_side_loudness": -3.7120635509490967,
      "mid_to_side_loudness_range": 8.254387855529785,
      "side_mean": -23.892772674560547
    },
    {
      "high_freq": 7314.1640625,
      "loudness": -24.67572593688965,
      "loudness_range": 9.183820724487305,
      "low_freq": 4349.24462890625,
      "mid_mean": -22.38864517211914,
      "mid_to_side_loudness": -4.681753158569336,
      "mid_to_side_loudness_range": 7.908915042877197,
      "side_mean": -27.136150360107422
    },
    {
      "high_freq": 12199.2666015625,
      "loudness": -31.83136749267578,
      "loudness_range": 16.09656524658203,
      "low_freq": 7314.1640625,
      "mid_mean": -29.344369888305664,
      "mid_to_side_loudness": -5.490583896636963,
      "mid_to_side_loudness_range": 8.056244850158691,
      "side_mean": -34.92637252807617
    },
    {
      "loudness": -40.702545166015625,
      "loudness_range": 16.324695587158203,
      "low_freq": 12199.2666015625,
      "mid_mean": -38.159976959228516,
      "mid_to_side_loudness": -6.376428604125977,
      "mid_to_side_loudness_range": 10.76620864868164,
      "side_mean": -44.64248275756836
    }
  ],
  "bandwidth": 471.9878234863281,
  "channels": 2,
  "covariance": [
    [
      7.8571553230285645,
      5.408944129943848,
      -0.4459324777126312,
      1.5512962341308594,
      -2.245347261428833,
      -1.8709046840667725,
      -2.5458877086639404,
      -2.60579776763916,
      -1.4495066404342651,
      -1.6983343362808228,
      -1.5763781070709229,
      -1.7653542757034302,
      -1.9229754209518433,
      -3.108380079269409,
      -2.7741036415100098,
      -5.587847709655762,
      -2.5172019004821777,
      -5.988215923309326
    ],
    [
      5.408944129943848,
      27.823501586914062,
      1.639760136604309,
      8.541521072387695,
      -5.445112705230713,
      -9.41608715057373,
      -5.754884719848633,
      -8.503839492797852,
      -5.044366359710693,
      -6.963451385498047,
      -5.03658390045166,
      -7.086898326873779,
      -4.727783203125,
      -9.476113319396973,
      -6.763462543487549,
      -14.849530220031738,
      -9.075060844421387,
      -21.405107498168945
    ],
    [
      -0.4459324777126312,
      1.639760136604309,
      2.7996456623077393,
      1.3161770105361938,
      1.226440668106079,
      -0.0053560747765004635,
      0.6330828070640564,
      0.00013966455298941582,
      0.3305918276309967,
      -0.15396887063980103,
      0.10561811178922653,
      -0.3706812560558319,
      0.13590793311595917,
      -0.15926989912986755,
      -0.038017477840185165,
      -0.3715830445289612,
      -0.5680356025695801,
      -1.2102528810501099
    ],
    [
      1.5512962341308594,
      8.541521072387695,
      1.3161770105361938,
      5.802948474884033,
      -1.813011884689331,
      -2.9958739280700684,
      -2.100785493850708,
      -2.6361095905303955,
      -1.7680015563964844,
      -2.1815409660339355,
      -1.7827904224395752,
      -2.27691650390625,
      -1.7258802652359009,
      -3.0567543506622314,
      -2.2608020305633545,
      -4.710485935211182,
      -2.9829485416412354,
      -6.960079669952393
    ],
    [
      -2.245347261428833,
      -5.445112705230713,
      1.226440668106079,
      -1.813011884689331,
      5.205934047698975,
      3.440661907196045,
      3.5716538429260254,
      3.682455062866211,
      3.2643964290618896,
      2.891867160797119,
      2.7166426181793213,
      2.4612064361572266,
      2.637960910797119,
      3.637690305709839,
      2.7545418739318848,
      5.649651527404785,
      3.0943827629089355,
      7.504398345947266
    ],
    [
      -1.8709046840667725,
      -9.41608715057373,
      -0.0053560747765004635,
      -2.9958739280700684,
      3.440661907196045,
      6.142264366149902,
      2.802553415298462,
      4.818173885345459,
      2.318854808807373,
      3.942413091659546,
      1.8401252031326294,
      3.6840929985046387,
      1.8116971254348755,
      4.624363422393799,
      3.0335211753845215,
      6.83908224105835,
      4.147971153259277,
      9.951349258422852
    ],
    [
      -2.5458877086639404,
      -5.754884719848633,
      0.6330828070640564,
      -2.100785493850708,
      3.5716538429260254,
      2.802553415298462,
      7.132964611053467,
      3.769106388092041,
      4.171839237213135,
      2.4022538661956787,
      5.44694709777832,
      2.410212993621826,
      4.514212131500244,
      3.5215022563934326,
      2.149808406829834,
      5.194199085235596,
      2.455916404724121,
      6.491358757019043
    ],
    [
      -2.60579776763916,
      -8.503839492797852,
      0.00013966455298941582,
      -2.6361095905303955,
      3.682455062866211,
      4.818173885345459,
      3.769106388092041,
      6.377950191497803,
      2.831934690475464,
      4.489169597625732,
      2.336566209793091,
      4.273767471313477,
      2.384861707687378,
      5.537450313568115,
      4.100027084350586,
      8.882681846618652,
      5.266513347625732,
      12.379263877868652
    ],
    [
      -1.4495066404342651,
      -5.044366359710693,
      0.3305918276309967,
      -1.7680015563964844,
      3.2643964290618896,
      2.318854808807373,
      4.171839237213135,
      2.831934690475464,
      6.057686805725098,
      2.542001962661743,
      6.164991855621338,
      2.7876741886138916,
      5.527985572814941,
      4.145607948303223,
      2.960676670074463,
      5.753805637359619,
      3.188960552215576,
      7.31999397277832
    ],
    [
      -1.6983343362808228,
      -6.963451385498047,
      -0.15396887063980103,
      -2.1815409660339355,
      2.891867160797119,
      3.942413091659546,
      2.4022538661956787,
      4.489169597625732,
      2.542001962661743,
      3.905972480773926,
      1.991242527961731,
      3.665513515472412,
      2.066484212875366,
      4.578906059265137,
      3.2491800785064697,
      6.68929386138916,
      3.9257583618164062,
      9.139765739440918
    ],
    [
      -1.5763781070709229,
      -5.03658390045166,
      0.10561811178922653,
      -1.7827904224395752,
      2.7166426181793213,
      1.8401252031326294,
      5.44694709777832,
      2.336566209793091,
      6.164991855621338,
      1.991242527961731,
      8.668595314025879,
      3.084165334701538,
      7.086610794067383,
      4.587538719177246,
      3.24126935005188,
      6.000765800476074,
      2.899744987487793,
      6.529841423034668
    ],
    [
      -1.7653542757034302,
      -7.086898326873779,
      -0.3706812560558319,
      -2.27691650390625,
      2.4612064361572266,
      3.6840929985046387,
      2.410212993621826,
      4.273767471313477,
      2.7876741886138916,
      3.665513515472412,
      3.084165334701538,
      4.2986226081848145,
      3.1358954906463623,
      5.529726505279541,
      4.2893571853637695,
      8.075798034667969,
      4.4417924880981445,
      10.006722450256348
    ],
    [
      -1.9229754209518433,
      -4.727783203125,
      0.13590793311595917,
      -1.7258802652359009,
      2.637960910797119,
      1.8116971254348755,
      4.514212131500244,
      2.384861707687378,
      5.527985572814941,
      2.066484212875366,
      7.086610794067383,
      3.1358954906463623,
      7.183392524719238,
      5.295769214630127,
      4.877261638641357,
      8.014046669006348,
      4.125123023986816,
      8.644858360290527
    ],
    [
      -3.108380079269409,
      -9.476113319396973,
      -0.15926989912986755,
      -3.0567543506622314,
      3.637690305709839,
      4.624363422393799,
      3.5215022563934326,
      5.537450313568115,
      4.145607948303223,
      4.578906059265137,
      4.587538719177246,
      5.529726505279541,
      5.295769214630127,
      8.581263542175293,
      7.458945274353027,
      13.481806755065918,
      7.227784633636475,
      16.00185203552246
    ],
    [
      -2.7741036415100098,
      -6.763462543487549,
      -0.038017477840185165,
      -2.2608020305633545,
      2.7545418739318848,
      3.0335211753845215,
      2.149808406829834,
      4.100027084350586,
      2.960676670074463,
      3.2491800785064697,
      3.24126935005188,
      4.2893571853637695,
      4.877261638641357,
      7.458945274353027,
      9.409500122070312,
      14.005167961120605,
      8.338326454162598,
      15.913019180297852
    ],
    [
      -5.587847709655762,
      -14.849530220031738,
      -0.3715830445289612,
      -4.710485935211182,
      5.649651527404785,
      6.83908224105835,
      5.194199085235596,
      8.882681846618652,
      5.753805637359619,
      6.68929386138916,
      6.000765800476074,
      8.075798034667969,
      8.014046669006348,
      13.481806755065918,
      14.005167961120605,
      25.019390106201172,
      13.85148811340332,
      30.1839542388916
    ],
    [
      -2.5172019004821777,
      -9.075060844421387,
      -0.5680356025695801,
      -2.9829485416412354,
      3.0943827629089355,
      4.147971153259277,
      2.455916404724121,
      5.266513347625732,
      3.188960552215576,
      3.9257583618164062,
      2.899744987487793,
      4.4417924880981445,
      4.125123023986816,
      7.227784633636475,
      8.338326454162598,
      13.85148811340332,
      9.957352638244629,
      18.71103286743164
    ],
    [
      -5.988215923309326,
      -21.405107498168945,
      -1.2102528810501099,
      -6.960079669952393,
      7.504398345947266,
      9.951349258422852,
      6.491358757019043,
      12.379263877868652,
      7.31999397277832,
      9.139765739440918,
      6.529841423034668,
      10.006722450256348,
      8.644858360290527,
      16.00185203552246,
      15.913019180297852,
      30.1839542388916,
      18.71103286743164,
      41.71112060546875
    ]
  ],
  "covariance_short": [
    [
      21.036468505859375,
      6.071779727935791,
      1.6740617752075195,
      0.9814930558204651,
      -3.046834945678711,
      -2.005060911178589,
      -3.606809377670288,
      -3.888002395629883,
      -2.2149806022644043,
      -2.933445453643799,
      -2.297471761703491,
      -2.9680070877075195,
      -2.197969913482666,
      -4.630521297454834,
      -3.364638328552246,
      -7.741958141326904,
      -3.0893537998199463,
      -7.829923152923584
    ],
    [
      6.071779727935791,
      55.24955749511719,
      0.8120331764221191,
      10.81937313079834,
      -6.2921552658081055,
      -8.037088394165039,
      -8.92801570892334,
      -11.747504234313965,
      -7.465877532958984,
      -10.546147346496582,
      -7.16151237487793,
      -10.763814926147461,
      -7.1897807121276855,
      -12.913689613342285,
      -12.61683177947998,
      -19.414058685302734,
      -15.193864822387695,
      -26.725126266479492
    ],
    [
      1.6740617752075195,
      0.8120331764221191,
      7.071331977844238,
      0.9320506453514099,
      2.4013006687164307,
      -0.08485689014196396,
      2.1799561977386475,
      0.29110193252563477,
      0.7715972065925598,
      -0.010352829471230507,
      0.024503057822585106,
      -0.3266170918941498,
      0.9744120836257935,
      -0.37133702635765076,
      2.0320072174072266,
      -0.2350778579711914,
      0.8841785192489624,
      -0.4926750659942627
    ],
    [
      0.9814930558204651,
      10.81937313079834,
      0.9320506453514099,
      8.713164329528809,
      -1.8352742195129395,
      -1.9729909896850586,
      -2.147895336151123,
      -2.5984580516815186,
      -2.1197073459625244,
      -2.4468517303466797,
      -2.2759435176849365,
      -2.632328748703003,
      -2.537219285964966,
      -3.5453524589538574,
      -4.403736591339111,
      -5.897375583648682,
      -5.358449935913086,
      -8.854143142700195
    ],
    [
      -3.046834945678711,
      -6.2921552658081055,
      2.4013006687164307,
      -1.8352742195129395,
      9.025762557983398,
      1.9614168405532837,
      5.212847709655762,
      3.76900315284729,
      4.069311618804932,
      3.252258062362671,
      2.9457216262817383,
      2.6004278659820557,
      3.8276126384735107,
      3.5446643829345703,
      5.559963703155518,
      6.131961345672607,
      5.2768940925598145,
      8.573657035827637
    ],
    [
      -2.005060911178589,
      -8.037088394165039,
      -0.08485689014196396,
      -1.9729909896850586,
      1.9614168405532837,
      6.983945369720459,
      2.442932367324829,
      3.667318344116211,
      1.99224054813385,
      3.3879215717315674,
      1.4438284635543823,
      3.0540611743927,
      1.6618399620056152,
      3.685096502304077,
      3.8145408630371094,
      5.71461820602417,
      4.681532382965088,
      8.407471656799316
    ],
    [
      -3.606809377670288,
      -8.92801570892334,
      2.1799561977386475,
      -2.147895336151123,
      5.212847709655762,
      2.442932367324829,
      13.34252643585205,
      5.872429847717285,
      6.16816520690918,
      4.023831844329834,
      7.380927562713623,
      3.8478429317474365,
      7.395586013793945,
      5.328011512756348,
      7.216579914093018,
      8.670096397399902,
      6.959261894226074,
      10.702325820922852
    ],
    [
      -3.888002395629883,
      -11.747504234313965,
      0.29110193252563477,
      -2.5984580516815186,
      3.76900315284729,
      3.667318344116211,
      5.872429847717285,
      9.855494499206543,
      4.0139970779418945,
      5.926109313964844,
      3.010394334793091,
      5.580078601837158,
      3.8779759407043457,
      7.097627639770508,
      8.534661293029785,
      12.177597999572754,
      9.182385444641113,
      16.200992584228516
    ],
    [
      -2.2149806022644043,
      -7.465877532958984,
      0.7715972065925598,
      -2.1197073459625244,
      4.069311618804932,
      1.99224054813385,
      6.16816520690918,
      4.0139970779418945,
      9.539984703063965,
      3.9934260845184326,
      7.678011894226074,
      4.113451957702637,
      8.274909019470215,
      5.598140239715576,
      6.616018295288086,
      8.29134750366211,
      6.645852088928223,
      10.591557502746582
    ],
    [
      -2.933445453643799,
      -10.546147346496582,
      -0.010352829471230507,
      -2.4468517303466797,
      3.252258062362671,
      3.3879215717315674,
      4.023831844329834,
      5.926109313964844,
      3.9934260845184326,
      6.453653335571289,
      2.904712438583374,
      5.177283763885498,
      3.4677164554595947,
      6.227362155914307,
      6.628009796142578,
      9.391112327575684,
      7.0942487716674805,
      12.50790023803711
    ],
    [
      -2.297471761703491,
      -7.16151237487793,
      0.024503057822585106,
      -2.2759435176849365,
      2.9457216262817383,
      1.4438284635543823,
      7.380927562713623,
      3.010394334793091,
      7.678011894226074,
      2.904712438583374,
      11.235637664794922,
      4.211419105529785,
      9.688776969909668,
      5.706751823425293,
      6.123497009277344,
      7.820539474487305,
      5.672786712646484,
      8.887886047363281
    ],
    [
      -2.9680070877075195,
      -10.763814926147461,
      -0.3266170918941498,
      -2.632328748703003,
      2.6004278659820557,
      3.0540611743927,
      3.8478429317474365,
      5.580078601837158,
      4.113451957702637,
      5.177283763885498,
      4.211419105529785,
      6.5164008140563965,
      4.6175665855407715,
      7.201555252075195,
      7.660770893096924,
      10.598105430603027,
      7.46549129486084,
      13.138004302978516
    ],
    [
      -2.197969913482666,
      -7.1897807121276855,
      0.9744120836257935,
      -2.537219285964966,
      3.8276126384735107,
      1.6618399620056152,
      7.395586013793945,
      3.8779759407043457,
      8.274909019470215,
      3.4677164554595947,
      9.688776969909668,
      4.6175665855407715,
      12.0438871383667,
      7.43912935256958,
      11.422791481018066,
      12.326521873474121,
      10.33228874206543,
      14.25093936920166
    ],
    [
      -4.630521297454834,
      -12.913689613342285,
      -0.37133702635765076,
      -3.5453524589538574,
      3.5446643829345703,
      3.685096502304077,
      5.328011512756348,
      7.097627639770508,
      5.598140239715576,
      6.227362155914307,
      5.706751823425293,
      7.201555252075195,
      7.43912935256958,
      11.008895874023438,
      12.898746490478516,
      17.48301124572754,
      12.259257316589355,
      21.007192611694336
    ],
    [
      -3.364638328552246,
      -12.61683177947998,
      2.0320072174072266,
      -4.403736591339111,
      5.559963703155518,
      3.8145408630371094,
      7.216579914093018,
      8.534661293029785,
      6.616018295288086,
      6.628009796142578,
      6.123497009277344,
      7.660770893096924,
      11.422791481018066,
      12.898746490478516,
      28.12681007385254,
      27.873706817626953,
      25.903583526611328,
      34.65657043457031
    ],
    [
      -7.741958141326904,
      -19.414058685302734,
      -0.2350778579711914,
      -5.897375583648682,
      6.131961345672607,
      5.71461820602417,
      8.670096397399902,
      12.177597999572754,
      8.29134750366211,
      9.391112327575684,
      7.820539474487305,
      10.598105430603027,
      12.326521873474121,
      17.48301124572754,
      27.873706817626953,
      36.12965774536133,
      27.05467414855957,
      44.426673889160156
    ],
    [
      -3.0893537998199463,
      -15.193864822387695,
      0.8841785192489624,
      -5.358449935913086,
      5.2768940925598145,
      4.681532382965088,
      6.959261894226074,
      9.182385444641113,
      6.645852088928223,
      7.0942487716674805,
      5.672786712646484,
      7.46549129486084,
      10.33228874206543,
      12.259257316589355,
      25.903583526611328,
      27.05467414855957,
      28.537527084350586,
      37.448081970214844
    ],
    [
      -7.829923152923584,
      -26.725126266479492,
      -0.4926750659942627,
      -8.854143142700195,
      8.573657035827637,
      8.407471656799316,
      10.702325820922852,
      16.200992584228516,
      10.591557502746582,
      12.50790023803711,
      8.887886047363281,
      13.138004302978516,
      14.25093936920166,
      21.007192611694336,
      34.65657043457031,
      44.426673889160156,
      37.448081970214844,
      62.25833511352539
    ]
  ],
  "damage": -2.847399950027466,
  "diff_bandwidth": 475.3692321777344,
  "dissonance": 9.656582888695652,
  "drr": 6.661085605621338,
  "dynamics": 0.9312599301338196,
  "format": 1245190,
  "frames": 8373184,
  "loudness": -9.123432159423828,
  "loudness_range": 2.057051658630371,
  "loudness_range_short": 3.8779749870300293,
  "lowpass_true_peak_15khz": 0.5082040429115295,
  "mastering3_acoustic_entropies": [
    {
      "acoustic_entropy": 4.121487617492676,
      "acoustic_entropy_mono": 3.3750386238098145,
      "band_eliminated_acoustic_entropies": [
        {
          "acoustic_entropy": 4.044006824493408,
          "acoustic_entropy_side": 4.038379669189453,
          "hz": 129.47220167065723
        },
        {
          "acoustic_entropy": 3.1997408866882324,
          "acoustic_entropy_side": 3.504434823989868,
          "hz": 202.92927478742237
        },
        {
          "acoustic_entropy": 4.190380573272705,
          "acoustic_entropy_side": 4.152303695678711,
          "hz": 282.89161906338205
        },
        {
          "acoustic_entropy": 4.038311958312988,
          "acoustic_entropy_side": 4.270737171173096,
          "hz": 369.9353335868758
        },
        {
          "acoustic_entropy": 4.157733917236328,
          "acoustic_entropy_side": 4.195070743560791,
          "hz": 464.6875360973435
        },
        {
          "acoustic_entropy": 4.124797821044922,
          "acoustic_entropy_side": 4.108282566070557,
          "hz": 567.8308811364784
        },
        {
          "acoustic_entropy": 3.9890096187591553,
          "acoustic_entropy_side": 4.12808084487915,
          "hz": 680.1084783214808
        },
        {
          "acoustic_entropy": 4.168102741241455,
          "acoustic_entropy_side": 4.10623025894165,
          "hz": 802.3292461747484
        },
        {
          "acoustic_entropy": 4.1267523765563965,
          "acoustic_entropy_side": 4.132264614105225,
          "hz": 935.3737400823702
        },
        {
          "acoustic_entropy": 4.139198303222656,
          "acoustic_entropy_side": 4.1340131759643555,
          "hz": 1080.2004963696966
        },
        {
          "acoustic_entropy": 4.117837429046631,
          "acoustic_entropy_side": 4.11125373840332,
          "hz": 1237.8529382007157
        },
        {
          "acoustic_entropy": 4.073334693908691,
          "acoustic_entropy_side": 4.118866920471191,
          "hz": 1409.4668930556702
        },
        {
          "acoustic_entropy": 3.919757127761841,
          "acoustic_entropy_side": 4.12131404876709,
          "hz": 1596.2787759475705
        },
        {
          "acoustic_entropy": 4.196722030639648,
          "acoustic_entropy_side": 4.138568878173828,
          "hz": 1799.6344973346393
        },
        {
          "acoustic_entropy": 4.135529041290283,
          "acoustic_entropy_side": 4.1370697021484375,
          "hz": 2020.9991599069049
        },
        {
          "acoustic_entropy": 4.152667045593262,
          "acoustic_entropy_side": 4.129188060760498,
          "hz": 2261.9676141086993
        },
        {
          "acoustic_entropy": 4.036067485809326,
          "acoustic_entropy_side": 4.134101390838623,
          "hz": 2524.2759484456974
        },
        {
          "acoustic_entropy": 4.1175150871276855,
          "acoustic_entropy_side": 4.138533592224121,
          "hz": 2809.813997359896
        },
        {
          "acoustic_entropy": 4.158046245574951,
          "acoustic_entropy_side": 4.140446662902832,
          "hz": 3120.6389567871424
        },
        {
          "acoustic_entropy": 3.939542531967163,
          "acoustic_entropy_side": 4.146274566650391,
          "hz": 3458.990205492291
        },
        {
          "acoustic_entropy": 3.8198082447052,
          "acoustic_entropy_side": 4.126013278961182,
          "hz": 3827.305438964164
        },
        {
          "acoustic_entropy": 4.054094314575195,
          "acoustic_entropy_side": 4.098056316375732,
          "hz": 4228.238232109126
        },
        {
          "acoustic_entropy": 4.005435943603516,
          "acoustic_entropy_side": 4.096671104431152,
          "hz": 4664.6771572759235
        },
        {
          "acoustic_entropy": 4.065380573272705,
          "acoustic_entropy_side": 4.112448692321777,
          "hz": 5139.766595350093
        },
        {
          "acoustic_entropy": 4.082213401794434,
          "acoustic_entropy_side": 4.080295562744141,
          "hz": 5656.929389854203
        },
        {
          "acoustic_entropy": 4.0671162605285645,
          "acoustic_entropy_side": 4.082571983337402,
          "hz": 6219.891507268283
        },
        {
          "acoustic_entropy": 4.06672477722168,
          "acoustic_entropy_side": 4.090551376342773,
          "hz": 6832.70888123896
        },
        {
          "acoustic_entropy": 3.9960646629333496,
          "acoustic_entropy_side": 4.089529037475586,
          "hz": 7499.796634079867
        },
        {
          "acoustic_entropy": 4.009962558746338,
          "acoustic_entropy_side": 4.097816467285156,
          "hz": 8225.96088609342
        },
        {
          "acoustic_entropy": 4.026937007904053,
          "acoustic_entropy_side": 4.096410751342773,
          "hz": 9016.43338188839
        },
        {
          "acoustic_entropy": 4.034487247467041,
          "acoustic_entropy_side": 4.100184440612793,
          "hz": 9876.909183162974
        },
        {
          "acoustic_entropy": 4.054286003112793,
          "acoustic_entropy_side": 4.095271110534668,
          "hz": 10813.587699516042
        },
        {
          "acoustic_entropy": 4.060600757598877,
          "acoustic_entropy_side": 4.095022201538086,
          "hz": 11833.21735289826
        },
        {
          "acoustic_entropy": 4.077718257904053,
          "acoustic_entropy_side": 4.095714092254639,
          "hz": 12943.144197493959
        },
        {
          "acoustic_entropy": 4.089473247528076,
          "acoustic_entropy_side": 4.096750259399414,
          "hz": 14151.364845322005
        },
        {
          "acoustic_entropy": 4.10068416595459,
          "acoustic_entropy_side": 4.099581718444824,
          "hz": 15466.58407886509
        },
        {
          "acoustic_entropy": 4.101611137390137,
          "acoustic_entropy_side": 4.105100631713867,
          "hz": 16898.27756580493
        },
        {
          "acoustic_entropy": 4.107303619384766,
          "acoustic_entropy_side": 4.114835262298584,
          "hz": 18456.760127700032
        },
        {
          "acoustic_entropy": 4.117442607879639,
          "acoustic_entropy_side": 4.119743347167969,
          "hz": 20153.260054456492
        },
        {
          "acoustic_entropy": 4.121118068695068,
          "acoustic_entropy_side": 4.121293544769287,
          "hz": 22000.00000000001
        }
      ],
      "diff_acoustic_entropy": 2.427743673324585,
      "sn": 6
    },
    {
      "acoustic_entropy": 6.494596481323242,
      "acoustic_entropy_mono": 5.926671028137207,
      "band_eliminated_acoustic_entropies": [
        {
          "acoustic_entropy": 6.353888988494873,
          "acoustic_entropy_side": 6.649906635284424,
          "hz": 129.47220167065723
        },
        {
          "acoustic_entropy": 5.796393871307373,
          "acoustic_entropy_side": 5.573019981384277,
          "hz": 202.92927478742237
        },
        {
          "acoustic_entropy": 6.4768853187561035,
          "acoustic_entropy_side": 6.635986328125,
          "hz": 282.89161906338205
        },
        {
          "acoustic_entropy": 6.372955799102783,
          "acoustic_entropy_side": 6.7343974113464355,
          "hz": 369.9353335868758
        },
        {
          "acoustic_entropy": 6.400635242462158,
          "acoustic_entropy_side": 6.58803653717041,
          "hz": 464.6875360973435
        },
        {
          "acoustic_entropy": 6.768844127655029,
          "acoustic_entropy_side": 6.650705337524414,
          "hz": 567.8308811364784
        },
        {
          "acoustic_entropy": 6.765993118286133,
          "acoustic_entropy_side": 6.583405017852783,
          "hz": 680.1084783214808
        },
        {
          "acoustic_entropy": 6.731308937072754,
          "acoustic_entropy_side": 6.741289138793945,
          "hz": 802.3292461747484
        },
        {
          "acoustic_entropy": 6.743102550506592,
          "acoustic_entropy_side": 6.621779441833496,
          "hz": 935.3737400823702
        },
        {
          "acoustic_entropy": 6.528548240661621,
          "acoustic_entropy_side": 6.458106994628906,
          "hz": 1080.2004963696966
        },
        {
          "acoustic_entropy": 6.51760196685791,
          "acoustic_entropy_side": 6.582295894622803,
          "hz": 1237.8529382007157
        },
        {
          "acoustic_entropy": 6.850260257720947,
          "acoustic_entropy_side": 6.762240886688232,
          "hz": 1409.4668930556702
        },
        {
          "acoustic_entropy": 6.681724548339844,
          "acoustic_entropy_side": 6.5908989906311035,
          "hz": 1596.2787759475705
        },
        {
          "acoustic_entropy": 6.47512674331665,
          "acoustic_entropy_side": 6.468865394592285,
          "hz": 1799.6344973346393
        },
        {
          "acoustic_entropy": 6.484706878662109,
          "acoustic_entropy_side": 6.624024868011475,
          "hz": 2020.9991599069049
        },
        {
          "acoustic_entropy": 6.50250768661499,
          "acoustic_entropy_side": 6.498479843139648,
          "hz": 2261.9676141086993
        },
        {
          "acoustic_entropy": 6.199775695800781,
          "acoustic_entropy_side": 6.519714832305908,
          "hz": 2524.2759484456974
        },
        {
          "acoustic_entropy": 6.519066333770752,
          "acoustic_entropy_side": 6.530533790588379,
          "hz": 2809.813997359896
        },
        {
          "acoustic_entropy": 6.695515155792236,
          "acoustic_entropy_side": 6.51566219329834,
          "hz": 3120.6389567871424
        },
        {
          "acoustic_entropy": 6.40561580657959,
          "acoustic_entropy_side": 6.470459938049316,
          "hz": 3458.990205492291
        },
        {
          "acoustic_entropy": 6.342325210571289,
          "acoustic_entropy_side": 6.427785873413086,
          "hz": 3827.305438964164
        },
        {
          "acoustic_entropy": 6.685510635375977,
          "acoustic_entropy_side": 6.531140327453613,
          "hz": 4228.238232109126
        },
        {
          "acoustic_entropy": 6.496468544006348,
          "acoustic_entropy_side": 6.528915882110596,
          "hz": 4664.6771572759235
        },
        {
          "acoustic_entropy": 6.426353931427002,
          "acoustic_entropy_side": 6.462035655975342,
          "hz": 5139.766595350093
        },
        {
          "acoustic_entropy": 6.625927448272705,
          "acoustic_entropy_side": 6.570335865020752,
          "hz": 5656.929389854203
        },
        {
          "acoustic_entropy": 6.482115745544434,
          "acoustic_entropy_side": 6.569474220275879,
          "hz": 6219.891507268283
        },
        {
          "acoustic_entropy": 6.665602207183838,
          "acoustic_entropy_side": 6.596254825592041,
          "hz": 6832.70888123896
        },
        {
          "acoustic_entropy": 6.58994722366333,
          "acoustic_entropy_side": 6.65833044052124,
          "hz": 7499.796634079867
        },
        {
          "acoustic_entropy": 6.663488388061523,
          "acoustic_entropy_side": 6.6122026443481445,
          "hz": 8225.96088609342
        },
        {
          "acoustic_entropy": 6.533534526824951,
          "acoustic_entropy_side": 6.593242168426514,
          "hz": 9016.43338188839
        },
        {
          "acoustic_entropy": 6.587403297424316,
          "acoustic_entropy_side": 6.643980026245117,
          "hz": 9876.909183162974
        },
        {
          "acoustic_entropy": 6.622529029846191,
          "acoustic_entropy_side": 6.668849945068359,
          "hz": 10813.587699516042
        },
        {
          "acoustic_entropy": 6.602580547332764,
          "acoustic_entropy_side": 6.623267650604248,
          "hz": 11833.21735289826
        },
        {
          "acoustic_entropy": 6.514585018157959,
          "acoustic_entropy_side": 6.524742603302002,
          "hz": 12943.144197493959
        },
        {
          "acoustic_entropy": 6.589958190917969,
          "acoustic_entropy_side": 6.499995708465576,
          "hz": 14151.364845322005
        },
        {
          "acoustic_entropy": 6.556648254394531,
          "acoustic_entropy_side": 6.483542442321777,
          "hz": 15466.58407886509
        },
        {
          "acoustic_entropy": 6.516824245452881,
          "acoustic_entropy_side": 6.5040602684021,
          "hz": 16898.27756580493
        },
        {
          "acoustic_entropy": 6.5130791664123535,
          "acoustic_entropy_side": 6.509819507598877,
          "hz": 18456.760127700032
        },
        {
          "acoustic_entropy": 6.508581638336182,
          "acoustic_entropy_side": 6.504920482635498,
          "hz": 20153.260054456492
        },
        {
          "acoustic_entropy": 6.500087261199951,
          "acoustic_entropy_side": 6.497120380401611,
          "hz": 22000.00000000001
        }
      ],
      "diff_acoustic_entropy": 5.583320140838623,
      "sn": 12
    },
    {
      "acoustic_entropy": 9.772944450378418,
      "acoustic_entropy_mono": 7.720621109008789,
      "band_eliminated_acoustic_entropies": [
        {
          "acoustic_entropy": 8.687199592590332,
          "acoustic_entropy_side": 9.291997909545898,
          "hz": 129.47220167065723
        },
        {
          "acoustic_entropy": 10.094791412353516,
          "acoustic_entropy_side": 10.20736312866211,
          "hz": 202.92927478742237
        },
        {
          "acoustic_entropy": 10.227578163146973,
          "acoustic_entropy_side": 10.01870346069336,
          "hz": 282.89161906338205
        },
        {
          "acoustic_entropy": 10.360513687133789,
          "acoustic_entropy_side": 10.009183883666992,
          "hz": 369.9353335868758
        },
        {
          "acoustic_entropy": 10.250225067138672,
          "acoustic_entropy_side": 10.181282043457031,
          "hz": 464.6875360973435
        },
        {
          "acoustic_entropy": 9.773758888244629,
          "acoustic_entropy_side": 9.778227806091309,
          "hz": 567.8308811364784
        },
        {
          "acoustic_entropy": 10.033283233642578,
          "acoustic_entropy_side": 9.763752937316895,
          "hz": 680.1084783214808
        },
        {
          "acoustic_entropy": 9.81483268737793,
          "acoustic_entropy_side": 9.604021072387695,
          "hz": 802.3292461747484
        },
        {
          "acoustic_entropy": 9.789182662963867,
          "acoustic_entropy_side": 9.874448776245117,
          "hz": 935.3737400823702
        },
        {
          "acoustic_entropy": 9.775768280029297,
          "acoustic_entropy_side": 9.781962394714355,
          "hz": 1080.2004963696966
        },
        {
          "acoustic_entropy": 10.204143524169922,
          "acoustic_entropy_side": 9.840998649597168,
          "hz": 1237.8529382007157
        },
        {
          "acoustic_entropy": 10.100611686706543,
          "acoustic_entropy_side": 9.79146957397461,
          "hz": 1409.4668930556702
        },
        {
          "acoustic_entropy": 10.402101516723633,
          "acoustic_entropy_side": 9.87633991241455,
          "hz": 1596.2787759475705
        },
        {
          "acoustic_entropy": 10.016785621643066,
          "acoustic_entropy_side": 9.823539733886719,
          "hz": 1799.6344973346393
        },
        {
          "acoustic_entropy": 9.803435325622559,
          "acoustic_entropy_side": 9.808354377746582,
          "hz": 2020.9991599069049
        },
        {
          "acoustic_entropy": 9.851723670959473,
          "acoustic_entropy_side": 9.8027925491333,
          "hz": 2261.9676141086993
        },
        {
          "acoustic_entropy": 9.821499824523926,
          "acoustic_entropy_side": 9.830790519714355,
          "hz": 2524.2759484456974
        },
        {
          "acoustic_entropy": 9.716236114501953,
          "acoustic_entropy_side": 9.738774299621582,
          "hz": 2809.813997359896
        },
        {
