{
  "acoustic_entropy": 201.04739379882812,
  "bands": [
    {
      "high_freq": 148.1999969482422,
      "loudness": -32.339027404785156,
      "loudness_range": 16.905332565307617,
      "mid_mean": -29.709104537963867,
      "mid_to_side_loudness": -9.69197940826416,
      "mid_to_side_loudness_range": 21.193939208984375,
      "side_mean": -41.96532440185547
    },
    {
      "high_freq": 392.3793640136719,
      "loudness": -28.17884635925293,
      "loudness_range": 16.453859329223633,
      "low_freq": 148.1999969482422,
      "mid_mean": -26.162832260131836,
      "mid_to_side_loudness": -4.268511772155762,
      "mid_to_side_loudness_range": 8.150132179260254,
      "side_mean": -30.48942756652832
    },
    {
      "high_freq": 794.6976318359375,
      "loudness": -27.7852840423584,
      "loudness_range": 17.078275680541992,
      "low_freq": 392.3793640136719,
      "mid_mean": -25.7632999420166,
      "mid_to_side_loudness": -3.6747288703918457,
      "mid_to_side_loudness_range": 7.422066688537598,
      "side_mean": -29.56499671936035
    },
    {
      "high_freq": 1457.5709228515625,
      "loudness": -31.27036476135254,
      "loudness_range": 22.362199783325195,
      "low_freq": 794.6976318359375,
      "mid_mean": -29.144123077392578,
      "mid_to_side_loudness": -4.041561603546143,
      "mid_to_side_loudness_range": 7.474323272705078,
      "side_mean": -33.33409881591797
    },
    {
      "high_freq": 2549.74365234375,
      "loudness": -33.149269104003906,
      "loudness_range": 23.46792221069336,
      "low_freq": 1457.5709228515625,
      "mid_mean": -30.966127395629883,
      "mid_to_side_loudness": -4.3502936363220215,
      "mid_to_side_loudness_range": 7.190325736999512,
      "side_mean": -35.3593864440918
    },
    {
      "high_freq": 4349.24462890625,
      "loudness": -38.38180160522461,
      "loudness_range": 28.1766414642334,
      "low_freq": 2549.74365234375,
      "mid_mean": -36.30101013183594,
      "mid_to_side_loudness": -4.646191120147705,
      "mid_to_side_loudness_range": 6.951021671295166,
      "side_mean": -40.52825927734375
    },
    {
      "high_freq": 7314.1640625,
      "loudness": -46.4464111328125,
      "loudness_range": 29.812271118164062,
      "low_freq": 4349.24462890625,
      "mid_mean": -44.177310943603516,
      "mid_to_side_loudness": -6.477395534515381,
      "mid_to_side_loudness_range": 7.172767639160156,
      "side_mean": -51.468223571777344
    },
    {
      "high_freq": 12199.2666015625,
      "loudness": -51.428985595703125,
      "loudness_range": 27.337154388427734,
      "low_freq": 7314.1640625,
      "mid_mean": -51.228981018066406,
      "mid_to_side_loudness": -7.472003936767578,
      "mid_to_side_loudness_range": 8.546548843383789,
      "side_mean": -57.56622314453125
    },
    {
      "loudness": -59.059871673583984,
      "loudness_range": 27.068836212158203,
      "low_freq": 12199.2666015625,
      "mid_mean": -58.143131256103516,
      "mid_to_side_loudness": -7.341093063354492,
      "mid_to_side_loudness_range": 7.731149673461914,
      "side_mean": -62.952781677246094
    }
  ],
  "bands_short": [
    {
      "high_freq": 148.1999969482422,
      "loudness": -35.39973449707031,
      "loudness_range": 21.547340393066406,
      "mid_mean": -32.6919059753418,
      "mid_to_side_loudness": -12.31499195098877,
      "mid_to_side_loudness_range": 28.93662452697754,
      "side_mean": -51.214447021484375
    },
    {
      "high_freq": 392.3793640136719,
      "loudness": -28.71005630493164,
      "loudness_range": 17.91573143005371,
      "low_freq": 148.1999969482422,
      "mid_mean": -26.730928421020508,
      "mid_to_side_loudness": -4.318886756896973,
      "mid_to_side_loudness_range": 11.299856185913086,
      "side_mean": -31.27040672302246
    },
    {
      "high_freq": 794.6976318359375,
      "loudness": -27.899578094482422,
      "loudness_range": 18.485475540161133,
      "low_freq": 392.3793640136719,
      "mid_mean": -26.103370666503906,
      "mid_to_side_loudness": -3.383594036102295,
      "mid_to_side_loudness_range": 10.598054885864258,
      "side_mean": -29.64935302734375
    },
    {
      "high_freq": 1457.5709228515625,
      "loudness": -31.332664489746094,
      "loudness_range": 23.40852928161621,
      "low_freq": 794.6976318359375,
      "mid_mean": -29.45824432373047,
      "mid_to_side_loudness": -3.66855788230896,
      "mid_to_side_loudness_range": 10.728717803955078,
      "side_mean": -33.35042953491211
    },
    {
      "high_freq": 2549.74365234375,
      "loudness": -33.74104309082031,
      "loudness_range": 24.837446212768555,
      "low_freq": 1457.5709228515625,
      "mid_mean": -31.77838706970215,
      "mid_to_side_loudness": -3.973112106323242,
      "mid_to_side_loudness_range": 10.018854141235352,
      "side_mean": -35.877197265625
    },
    {
      "high_freq": 4349.24462890625,
      "loudness": -39.01319885253906,
      "loudness_range": 30.34867286682129,
      "low_freq": 2549.74365234375,
      "mid_mean": -37.16530990600586,
      "mid_to_side_loudness": -4.128441333770752,
      "mid_to_side_loudness_range": 9.10689640045166,
      "side_mean": -41.10185623168945
    },
    {
      "high_freq": 7314.1640625,
      "loudness": -47.492950439453125,
      "loudness_range": 31.543437957763672,
      "low_freq": 4349.24462890625,
      "mid_mean": -45.612937927246094,
      "mid_to_side_loudness": -5.634708404541016,
      "mid_to_side_loudness_range": 8.925813674926758,
      "side_mean": -52.054359436035156
    },
    {
      "high_freq": 12199.2666015625,
      "loudness": -53.61301040649414,
      "loudness_range": 30.383506774902344,
      "low_freq": 7314.1640625,
      "mid_mean": -53.183292388916016,
      "mid_to_side_loudness": -6.436685562133789,
      "mid_to_side_loudness_range": 9.531916618347168,
      "side_mean": -58.44025802612305
    },
    {
      "loudness": -62.61429977416992,
      "loudness_range": 29.782634735107422,
      "low_freq": 12199.2666015625,
      "mid_mean": -60.68465042114258,
      "mid_to_side_loudness": -6.578641414642334,
      "mid_to_side_loudness_range": 9.177827835083008,
      "side_mean": -64.33162689208984
    }
  ],
  "bandwidth": 688.158203125,
  "channels": 2,
  "covariance": [
    [
      56.89166259765625,
      27.438257217407227,
      21.34986686706543,
      23.431638717651367,
      22.638912200927734,
      21.325952529907227,
      23.019010543823242,
      23.616275787353516,
      27.170612335205078,
      27.12617301940918,
      35.74599075317383,
      33.48524856567383,
      39.48958206176758,
      41.27029800415039,
      46.11811065673828,
      35.991973876953125,
      36.9520378112793,
      26.040504455566406
    ],
    [
      27.438257217407227,
      88.20032501220703,
      32.31926727294922,
      37.25740432739258,
      32.464317321777344,
      35.87604904174805,
      42.48108673095703,
      42.54302215576172,
      45.13922119140625,
      45.22634506225586,
      54.239051818847656,
      51.20027160644531,
      54.720550537109375,
      60.013858795166016,
      52.96828842163086,
      49.02595520019531,
      39.95683288574219,
      31.21400260925293
    ],
    [
      21.34986686706543,
      32.31926727294922,
      43.41424560546875,
      38.761085510253906,
      28.70838165283203,
      30.781570434570312,
      33.01971435546875,
      34.065650939941406,
      37.264888763427734,
      38.98997497558594,
      46.33352279663086,
      42.13032531738281,
      47.3747444152832,
      48.17470932006836,
      45.15453338623047,
      39.321781158447266,
      35.87263488769531,
      26.702255249023438
    ],
    [
      23.431638717651367,
      37.25740432739258,
      38.761085510253906,
      48.98625564575195,
      30.475914001464844,
      32.105133056640625,
      35.96009826660156,
      37.67890167236328,
      40.0530891418457,
      42.35041427612305,
      48.60731887817383,
      45.076778411865234,
      49.423484802246094,
      52.14042663574219,
      47.71711349487305,
      42.04889678955078,
      38.21352767944336,
      28.635923385620117
    ],
    [
      22.638912200927734,
      32.464317321777344,
      28.70838165283203,
      30.475914001464844,
      40.645172119140625,
      38.269168853759766,
      38.97231674194336,
      38.9101676940918,
      42.63184356689453,
      42.47174835205078,
      49.08638381958008,
      48.324249267578125,
      47.73128128051758,
      50.3104248046875,
      45.88843536376953,
      41.178951263427734,
      35.6939811706543,
      27.656999588012695
    ],
    [
      21.325952529907227,
      35.87604904174805,
      30.781570434570312,
      32.105133056640625,
      38.269168853759766,
      43.732635498046875,
      39.738563537597656,
      41.2856330871582,
      42.832828521728516,
      44.13483810424805,
      49.46320724487305,
      49.51936721801758,
      46.891326904296875,
      50.6791877746582,
      44.63660430908203,
      40.963619232177734,
      34.63759231567383,
      27.378904342651367
    ],
    [
      23.019010543823242,
      42.48108673095703,
      33.01971435546875,
      35.96009826660156,
      38.97231674194336,
      39.738563537597656,
      62.59872817993164,
      56.323394775390625,
      56.48387145996094,
      53.95331573486328,
      63.232120513916016,
      57.98944854736328,
      58.64087677001953,
      61.57932662963867,
      56.2120246887207,
      50.032772064208984,
      43.43991470336914,
      33.207820892333984
    ],
    [
      23.616275787353516,
      42.54302215576172,
      34.065650939941406,
      37.67890167236328,
      38.9101676940918,
      41.2856330871582,
      56.323394775390625,
      59.26340103149414,
      55.38505172729492,
      55.82946014404297,
      63.29620361328125,
      58.69303512573242,
      58.50764846801758,
      62.67335510253906,
      56.38249588012695,
      50.52975082397461,
      44.23026657104492,
      33.7295036315918
    ],
    [
      27.170612335205078,
      45.13922119140625,
      37.264888763427734,
      40.0530891418457,
      42.63184356689453,
      42.832828521728516,
      56.48387145996094,
      55.38505172729492,
      71.09357452392578,
      66.59778594970703,
      75.77682495117188,
      69.80172729492188,
      72.88972473144531,
      74.76647186279297,
      68.06307983398438,
      60.5964241027832,
      52.718013763427734,
      39.9870719909668
    ],
    [
      27.12617301940918,
      45.22634506225586,
      38.98997497558594,
      42.35041427612305,
      42.47174835205078,
      44.13483810424805,
      53.95331573486328,
      55.82946014404297,
      66.59778594970703,
      70.35652923583984,
      75.69966125488281,
      71.05648040771484,
      72.1950912475586,
      75.82069396972656,
      67.69467163085938,
      61.128265380859375,
      52.85132598876953,
      40.24223327636719
    ],
    [
      35.74599075317383,
      54.239051818847656,
      46.33352279663086,
      48.60731887817383,
      49.08638381958008,
      49.46320724487305,
      63.232120513916016,
      63.29620361328125,
      75.77682495117188,
      75.69966125488281,
      99.79615020751953,
      87.73641967773438,
      96.13555145263672,
      94.5073471069336,
      88.45462036132812,
      78.42604064941406,
      69.152099609375,
      51.85444259643555
    ],
    [
      33.48524856567383,
      51.20027160644531,
      42.13032531738281,
      45.076778411865234,
      48.324249267578125,
      49.51936721801758,
      57.98944854736328,
      58.69303512573242,
      69.80172729492188,
      71.05648040771484,
      87.73641967773438,
      90.47105407714844,
      87.0340347290039,
      88.8292236328125,
      80.84761047363281,
      72.9298324584961,
      62.411277770996094,
      47.224159240722656
    ],
    [
      39.48958206176758,
      54.720550537109375,
      47.3747444152832,
      49.423484802246094,
      47.73128128051758,
      46.891326904296875,
      58.64087677001953,
      58.50764846801758,
      72.88972473144531,
      72.1950912475586,
      96.13555145263672,
      87.0340347290039,
      113.0677719116211,
      103.28385925292969,
      103.5957260131836,
      88.06744384765625,
      79.8197021484375,
      58.06513214111328
    ],
    [
      41.27029800415039,
      60.013858795166016,
      48.17470932006836,
      52.14042663574219,
      50.3104248046875,
      50.6791877746582,
      61.57932662963867,
      62.67335510253906,
      74.76647186279297,
      75.82069396972656,
      94.5073471069336,
      88.8292236328125,
      103.28385925292969,
      112.94583129882812,
      107.28437805175781,
      91.35596466064453,
      80.4739990234375,
      58.7407341003418
    ],
    [
      46.11811065673828,
      52.96828842163086,
      45.15453338623047,
      47.71711349487305,
      45.88843536376953,
      44.63660430908203,
      56.2120246887207,
      56.38249588012695,
      68.06307983398438,
      67.69467163085938,
      88.45462036132812,
      80.84761047363281,
      103.5957260131836,
      107.28437805175781,
      116.91670989990234,
      93.30480194091797,
      88.77813720703125,
      62.01506805419922
    ],
    [
      35.991973876953125,
      49.02595520019531,
      39.321781158447266,
      42.04889678955078,
      41.178951263427734,
      40.963619232177734,
      50.032772064208984,
      50.52975082397461,
      60.5964241027832,
      61.128265380859375,
      78.42604064941406,
      72.9298324584961,
      88.06744384765625,
      91.35596466064453,
      93.30480194091797,
      79.5059585571289,
      71.7658920288086,
      52.752685546875
    ],
    [
      36.9520378112793,
      39.95683288574219,
      35.87263488769531,
      38.21352767944336,
      35.6939811706543,
      34.63759231567383,
      43.43991470336914,
      44.23026657104492,
      52.718013763427734,
      52.85132598876953,
      69.152099609375,
      62.411277770996094,
      79.8197021484375,
      80.4739990234375,
      88.77813720703125,
      71.7658920288086,
      75.0084457397461,
      52.70967102050781
    ],
    [
      26.040504455566406,
      31.21400260925293,
      26.702255249023438,
      28.635923385620117,
      27.656999588012695,
      27.378904342651367,
      33.207820892333984,
      33.7295036315918,
      39.9870719909668,
      40.24223327636719,
      51.85444259643555,
      47.224159240722656,
      58.06513214111328,
      58.7407341003418,
      62.01506805419922,
      52.752685546875,
      52.70967102050781,
      39.578792572021484
    ]
  ],
  "covariance_short": [
    [
      79.45913696289062,
      29.46462059020996,
      22.013408660888672,
      20.95056915283203,
      23.439531326293945,
      21.731365203857422,
      24.816679000854492,
      24.45531463623047,
      27.996835708618164,
      27.39192008972168,
      34.11289978027344,
      33.02071762084961,
      36.47047805786133,
      38.410831451416016,
      41.21976852416992,
      32.764320373535156,
      31.047025680541992,
      22.421838760375977
    ],
    [
      29.46462059020996,
      123.9164810180664,
      44.30599594116211,
      52.30854797363281,
      43.24262237548828,
      47.375003814697266,
      55.965572357177734,
      56.85161209106445,
      59.91795349121094,
      62.352203369140625,
      74.6021957397461,
      71.33092498779297,
      75.5195541381836,
      83.80341339111328,
      74.65919494628906,
      64.00289916992188,
      52.155967712402344,
      38.27552795410156
    ],
    [
      22.013408660888672,
      44.30599594116211,
      46.144676208496094,
      38.2416877746582,
      29.33605194091797,
      30.390867233276367,
      32.668487548828125,
      32.90991973876953,
      36.452293395996094,
      37.98422622680664,
      45.6269645690918,
      42.69932556152344,
      46.39712142944336,
      46.387847900390625,
      43.913516998291016,
      36.93547058105469,
      32.21735763549805,
      23.525522232055664
    ],
    [
      20.95056915283203,
      52.30854797363281,
      38.2416877746582,
      53.356285095214844,
      32.111907958984375,
      34.427974700927734,
      37.05488967895508,
      38.31145477294922,
      40.36469268798828,
      42.636722564697266,
      49.28521728515625,
      47.908138275146484,
      49.86237716674805,
      52.61057662963867,
      46.73322296142578,
      40.97367477416992,
      33.4451789855957,
      25.101625442504883
    ],
    [
      23.439531326293945,
      43.24262237548828,
      29.33605194091797,
      32.111907958984375,
      47.30066680908203,
      39.68313980102539,
      42.02969741821289,
      39.8444938659668,
      45.12074661254883,
      44.13595962524414,
      51.43833541870117,
      50.0888786315918,
      49.231689453125,
      50.49208450317383,
      46.33784866333008,
      40.15724563598633,
      33.18928146362305,
      25.222816467285156
    ],
    [
      21.731365203857422,
      47.375003814697266,
      30.390867233276367,
      34.427974700927734,
      39.68313980102539,
      48.501060485839844,
      41.21955871582031,
      41.40294647216797,
      44.607398986816406,
      45.439701080322266,
      51.0851936340332,
      50.41431427001953,
      48.73746109008789,
      51.08246994018555,
      44.9298095703125,
      39.80901336669922,
      31.911046981811523,
      24.5922794342041
    ],
    [
      24.816679000854492,
      55.965572357177734,
      32.668487548828125,
      37.05488967895508,
      42.02969741821289,
      41.21955871582031,
      69.91950988769531,
      57.56734848022461,
      61.121498107910156,
      57.31388854980469,
      67.96186828613281,
      63.734683990478516,
      62.74906921386719,
      63.261329650878906,
      58.68113327026367,
      50.43010330200195,
      42.58527755737305,
      31.88673973083496
    ],
    [
      24.45531463623047,
      56.85161209106445,
      32.90991973876953,
      38.31145477294922,
      39.8444938659668,
      41.40294647216797,
      57.56734848022461,
      63.202205657958984,
      57.401493072509766,
      57.567039489746094,
      64.84785461425781,
      62.57246398925781,
      60.684547424316406,
      63.40963363647461,
      57.107112884521484,
      49.88422393798828,
      41.29787063598633,
      31.00975799560547
    ],
    [
      27.996835708618164,
      59.91795349121094,
      36.452293395996094,
      40.36469268798828,
      45.12074661254883,
      44.607398986816406,
      61.121498107910156,
      57.401493072509766,
      79.18521881103516,
      69.86274719238281,
      80.5380859375,
      74.6275405883789,
      77.39700317382812,
      76.6421890258789,
      70.44986724853516,
      60.788330078125,
      50.995296478271484,
      38.089149475097656
    ],
    [
      27.39192008972168,
      62.352203369140625,
      37.98422622680664,
      42.636722564697266,
      44.13595962524414,
      45.439701080322266,
      57.31388854980469,
      57.567039489746094,
      69.86274719238281,
      76.34065246582031,
      78.91331481933594,
      76.14581298828125,
      75.86541748046875,
      77.98502349853516,
      69.16773223876953,
      61.012107849121094,
      49.34061813354492,
      37.2259635925293
    ],
    [
      34.11289978027344,
      74.6021957397461,
      45.6269645690918,
      49.28521728515625,
      51.43833541870117,
      51.0851936340332,
      67.96186828613281,
      64.84785461425781,
      80.5380859375,
      78.91331481933594,
      107.06880950927734,
      93.50972747802734,
      100.7490463256836,
      96.5505599975586,
      90.60189819335938,
      78.18234252929688,
      66.17509460449219,
      49.2622184753418
    ],
    [
      33.02071762084961,
      71.33092498779297,
      42.69932556152344,
      47.908138275146484,
      50.0888786315918,
      50.41431427001953,
      63.734683990478516,
      62.57246398925781,
      74.6275405883789,
      76.14581298828125,
      93.50972747802734,
      98.63274383544922,
      91.55184936523438,
      92.85709381103516,
      83.50480651855469,
      73.65592956542969,
      59.297237396240234,
      44.63927459716797
    ],
    [
      36.47047805786133,
      75.5195541381836,
      46.39712142944336,
      49.86237716674805,
      49.231689453125,
      48.73746109008789,
      62.74906921386719,
      60.684547424316406,
      77.39700317382812,
      75.86541748046875,
      100.7490463256836,
      91.55184936523438,
      121.56637573242188,
      107.37774658203125,
      109.19548034667969,
      89.28063201904297,
      79.59114837646484,
      57.24945831298828
    ],
    [
      38.410831451416016,
      83.80341339111328,
      46.387847900390625,
      52.61057662963867,
      50.49208450317383,
      51.08246994018555,
      63.261329650878906,
      63.40963363647461,
      76.6421890258789,
      77.98502349853516,
      96.5505599975586,
      92.85709381103516,
      107.37774658203125,
      115.269287109375,
      107.20977020263672,
      90.1077651977539,
      74.36015319824219,
      54.41212844848633
    ],
    [
      41.21976852416992,
      74.65919494628906,
      43.913516998291016,
      46.73322296142578,
      46.33784866333008,
      44.9298095703125,
      58.68113327026367,
      57.107112884521484,
      70.44986724853516,
      69.16773223876953,
      90.60189819335938,
      83.50480651855469,
      109.19548034667969,
      107.20977020263672,
      119.86793518066406,
      92.87037658691406,
      87.82415008544922,
      61.39390563964844
    ],
    [
      32.764320373535156,
      64.00289916992188,
      36.93547058105469,
      40.97367477416992,
      40.15724563598633,
      39.80901336669922,
      50.43010330200195,
      49.88422393798828,
      60.788330078125,
      61.012107849121094,
      78.18234252929688,
      73.65592956542969,
      89.28063201904297,
      90.1077651977539,
      92.87037658691406,
      78.05172729492188,
      68.13390350341797,
      50.354576110839844
    ],
    [
      31.047025680541992,
      52.155967712402344,
      32.21735763549805,
      33.4451789855957,
      33.18928146362305,
      31.911046981811523,
      42.58527755737305,
      41.29787063598633,
      50.995296478271484,
      49.34061813354492,
      66.17509460449219,
      59.297237396240234,
      79.59114837646484,
      74.36015319824219,
      87.82415008544922,
      68.13390350341797,
      76.3106689453125,
      53.638248443603516
    ],
    [
      22.421838760375977,
      38.27552795410156,
      23.525522232055664,
      25.101625442504883,
      25.222816467285156,
      24.5922794342041,
      31.88673973083496,
      31.00975799560547,
      38.089149475097656,
      37.2259635925293,
      49.2622184753418,
      44.63927459716797,
      57.24945831298828,
      54.41212844848633,
      61.39390563964844,
      50.354576110839844,
      53.638248443603516,
      40.78723907470703
    ]
  ],
  "damage": -11.229907035827637,
  "diff_bandwidth": 702.8721313476562,
  "dissonance": 7.714515273470268,
  "drr": 3.0867269039154053,
  "dynamics": 5.17567777633667,
  "format": 1245190,
  "frames": 11970560,
  "loudness": -18.215883255004883,
  "loudness_range": 17.12945556640625,
  "loudness_range_short": 18.22503662109375,
  "lowpass_true_peak_15khz": -0.29052019119262695,
  "mastering3_acoustic_entropies": [
    {
      "acoustic_entropy": 5.042135715484619,
      "acoustic_entropy_mono": 5.209414958953857,
      "band_eliminated_acoustic_entropies": [
        {
          "acoustic_entropy": 5.052671432495117,
          "acoustic_entropy_side": 5.042364597320557,
          "hz": 129.47220167065723
        },
        {
          "acoustic_entropy": 5.135478496551514,
          "acoustic_entropy_side": 5.073318958282471,
          "hz": 202.92927478742237
        },
        {
          "acoustic_entropy": 5.39211893081665,
          "acoustic_entropy_side": 5.089272499084473,
          "hz": 282.89161906338205
        },
        {
          "acoustic_entropy": 5.0901970863342285,
          "acoustic_entropy_side": 5.1027445793151855,
          "hz": 369.9353335868758
        },
        {
          "acoustic_entropy": 5.051843643188477,
          "acoustic_entropy_side": 5.009067535400391,
          "hz": 464.6875360973435
        },
        {
          "acoustic_entropy": 4.904470920562744,
          "acoustic_entropy_side": 5.075110912322998,
          "hz": 567.8308811364784
        },
        {
          "acoustic_entropy": 5.5272369384765625,
          "acoustic_entropy_side": 5.4446210861206055,
          "hz": 680.1084783214808
        },
        {
          "acoustic_entropy": 5.198371887207031,
          "acoustic_entropy_side": 4.704105854034424,
          "hz": 802.3292461747484
        },
        {
          "acoustic_entropy": 4.882589817047119,
          "acoustic_entropy_side": 4.939024448394775,
          "hz": 935.3737400823702
        },
        {
          "acoustic_entropy": 5.284504413604736,
          "acoustic_entropy_side": 5.1606292724609375,
          "hz": 1080.2004963696966
        },
        {
          "acoustic_entropy": 4.893707275390625,
          "acoustic_entropy_side": 5.085754871368408,
          "hz": 1237.8529382007157
        },
        {
          "acoustic_entropy": 4.910734176635742,
          "acoustic_entropy_side": 4.9333577156066895,
          "hz": 1409.4668930556702
        },
        {
          "acoustic_entropy": 5.059255599975586,
          "acoustic_entropy_side": 5.100106239318848,
          "hz": 1596.2787759475705
        },
        {
          "acoustic_entropy": 4.93674373626709,
          "acoustic_entropy_side": 5.045243740081787,
          "hz": 1799.6344973346393
        },
        {
          "acoustic_entropy": 5.021691799163818,
          "acoustic_entropy_side": 4.949895858764648,
          "hz": 2020.9991599069049
        },
        {
          "acoustic_entropy": 5.115208625793457,
          "acoustic_entropy_side": 5.043355941772461,
          "hz": 2261.9676141086993
        },
        {
          "acoustic_entropy": 5.052225112915039,
          "acoustic_entropy_side": 5.0318922996521,
          "hz": 2524.2759484456974
        },
        {
          "acoustic_entropy": 4.9064555168151855,
          "acoustic_entropy_side": 4.954507350921631,
          "hz": 2809.813997359896
        },
        {
          "acoustic_entropy": 4.971742630004883,
          "acoustic_entropy_side": 5.011391639709473,
          "hz": 3120.6389567871424
        },
        {
          "acoustic_entropy": 5.093084812164307,
          "acoustic_entropy_side": 5.029811859130859,
          "hz": 3458.990205492291
        },
        {
          "acoustic_entropy": 5.004319667816162,
          "acoustic_entropy_side": 5.005110263824463,
          "hz": 3827.305438964164
        },
        {
          "acoustic_entropy": 5.02798318862915,
          "acoustic_entropy_side": 5.030983924865723,
          "hz": 4228.238232109126
        },
        {
          "acoustic_entropy": 5.079624176025391,
          "acoustic_entropy_side": 5.0417799949646,
          "hz": 4664.6771572759235
        },
        {
          "acoustic_entropy": 5.082763195037842,
          "acoustic_entropy_side": 5.046063423156738,
          "hz": 5139.766595350093
        },
        {
          "acoustic_entropy": 5.061424255371094,
          "acoustic_entropy_side": 5.04445219039917,
          "hz": 5656.929389854203
        },
        {
          "acoustic_entropy": 5.06953763961792,
          "acoustic_entropy_side": 5.045079708099365,
          "hz": 6219.891507268283
        },
        {
          "acoustic_entropy": 5.0813751220703125,
          "acoustic_entropy_side": 5.04523229598999,
          "hz": 6832.70888123896
        },
        {
          "acoustic_entropy": 5.076897144317627,
          "acoustic_entropy_side": 5.045069694519043,
          "hz": 7499.796634079867
        },
        {
          "acoustic_entropy": 5.061795234680176,
          "acoustic_entropy_side": 5.044008255004883,
          "hz": 8225.96088609342
        },
        {
          "acoustic_entropy": 5.06309175491333,
          "acoustic_entropy_side": 5.043750286102295,
          "hz": 9016.43338188839
        },
        {
          "acoustic_entropy": 5.063502788543701,
          "acoustic_entropy_side": 5.043548107147217,
          "hz": 9876.909183162974
        },
        {
          "acoustic_entropy": 5.051283836364746,
          "acoustic_entropy_side": 5.042887210845947,
          "hz": 10813.587699516042
        },
        {
          "acoustic_entropy": 5.047677516937256,
          "acoustic_entropy_side": 5.042548179626465,
          "hz": 11833.21735289826
        },
        {
          "acoustic_entropy": 5.04551887512207,
          "acoustic_entropy_side": 5.042374134063721,
          "hz": 12943.144197493959
        },
        {
          "acoustic_entropy": 5.045776844024658,
          "acoustic_entropy_side": 5.042325019836426,
          "hz": 14151.364845322005
        },
        {
          "acoustic_entropy": 5.044145107269287,
          "acoustic_entropy_side": 5.04225492477417,
          "hz": 15466.58407886509
        },
        {
          "acoustic_entropy": 5.042454242706299,
          "acoustic_entropy_side": 5.042164325714111,
          "hz": 16898.27756580493
        },
        {
          "acoustic_entropy": 5.0421462059021,
          "acoustic_entropy_side": 5.042138576507568,
          "hz": 18456.760127700032
        },
        {
          "acoustic_entropy": 5.042140007019043,
          "acoustic_entropy_side": 5.042136192321777,
          "hz": 20153.260054456492
        },
        {
          "acoustic_entropy": 5.0421366691589355,
          "acoustic_entropy_side": 5.042135715484619,
          "hz": 22000.00000000001
        }
      ],
      "diff_acoustic_entropy": 2.794257640838623,
      "sn": 6
    },
    {
      "acoustic_entropy": 8.637421607971191,
      "acoustic_entropy_mono": 9.102361679077148,
      "band_eliminated_acoustic_entropies": [
        {
          "acoustic_entropy": 8.483331680297852,
          "acoustic_entropy_side": 8.635832786560059,
          "hz": 129.47220167065723
        },
        {
          "acoustic_entropy": 8.521247863769531,
          "acoustic_entropy_side": 8.557491302490234,
          "hz": 202.92927478742237
        },
        {
          "acoustic_entropy": 8.917430877685547,
          "acoustic_entropy_side": 8.449563980102539,
          "hz": 282.89161906338205
        },
        {
          "acoustic_entropy": 7.7664031982421875,
          "acoustic_entropy_side": 7.968479156494141,
          "hz": 369.9353335868758
        },
        {
          "acoustic_entropy": 9.086004257202148,
          "acoustic_entropy_side": 8.97785758972168,
          "hz": 464.6875360973435
        },
        {
          "acoustic_entropy": 8.573040008544922,
          "acoustic_entropy_side": 9.556375503540039,
          "hz": 567.8308811364784
        },
        {
          "acoustic_entropy": 9.068107604980469,
          "acoustic_entropy_side": 9.233076095581055,
          "hz": 680.1084783214808
        },
        {
          "acoustic_entropy": 9.55543327331543,
          "acoustic_entropy_side": 9.24081039428711,
          "hz": 802.3292461747484
        },
        {
          "acoustic_entropy": 8.479412078857422,
          "acoustic_entropy_side": 8.615117073059082,
          "hz": 935.3737400823702
        },
        {
          "acoustic_entropy": 8.952845573425293,
          "acoustic_entropy_side": 8.692118644714355,
          "hz": 1080.2004963696966
        },
        {
          "acoustic_entropy": 8.366512298583984,
          "acoustic_entropy_side": 9.155695915222168,
          "hz": 1237.8529382007157
        },
        {
          "acoustic_entropy": 8.39767074584961,
          "acoustic_entropy_side": 8.494476318359375,
          "hz": 1409.4668930556702
        },
        {
          "acoustic_entropy": 8.160835266113281,
          "acoustic_entropy_side": 8.35599136352539,
          "hz": 1596.2787759475705
        },
        {
          "acoustic_entropy": 8.87480640411377,
          "acoustic_entropy_side": 9.06013011932373,
          "hz": 1799.6344973346393
        },
        {
          "acoustic_entropy": 8.87264347076416,
          "acoustic_entropy_side": 8.250617980957031,
          "hz": 2020.9991599069049
        },
        {
          "acoustic_entropy": 8.603070259094238,
          "acoustic_entropy_side": 8.49195671081543,
          "hz": 2261.9676141086993
        },
        {
          "acoustic_entropy": 8.618042945861816,
          "acoustic_entropy_side": 8.829545974731445,
          "hz": 2524.2759484456974
        },
        {
          "acoustic_entropy": 8.82079792022705,
          "acoustic_entropy_side": 8.74557113647461,
          "hz": 2809.813997359896
        },
        {
          "acoustic_entropy": 8.442391395568848,
          "acoustic_entropy_side": 8.510077476501465,
          "hz": 3120.6389567871424
        },
        {
          "acoustic_entropy": 8.684536933898926,
          "acoustic_entropy_side": 8.791743278503418,
          "hz": 3458.990205492291
        },
        {
          "acoustic_entropy": 8.585945129394531,
          "acoustic_entropy_side": 8.594948768615723,
          "hz": 3827.305438964164
        },
        {
          "acoustic_entropy": 8.68070125579834,
          "acoustic_entropy_side": 8.621576309204102,
          "hz": 4228.238232109126
        },
        {
          "acoustic_entropy": 8.655716896057129,
          "acoustic_entropy_side": 8.621844291687012,
          "hz": 4664.6771572759235
        },
        {
          "acoustic_entropy": 8.644701957702637,
          "acoustic_entropy_side": 8.618535041809082,
          "hz": 5139.766595350093
        },
        {
          "acoustic_entropy": 8.648435592651367,
          "acoustic_entropy_side": 8.625178337097168,
          "hz": 5656.929389854203
        },
        {
          "acoustic_entropy": 8.604150772094727,
          "acoustic_entropy_side": 8.63250732421875,
          "hz": 6219.891507268283
        },
        {
          "acoustic_entropy": 8.560757637023926,
          "acoustic_entropy_side": 8.633244514465332,
          "hz": 6832.70888123896
        },
        {
          "acoustic_entropy": 8.575844764709473,
          "acoustic_entropy_side": 8.637931823730469,
          "hz": 7499.796634079867
        },
        {
          "acoustic_entropy": 8.634745597839355,
          "acoustic_entropy_side": 8.650598526000977,
          "hz": 8225.96088609342
        },
        {
          "acoustic_entropy": 8.613892555236816,
          "acoustic_entropy_side": 8.65011215209961,
          "hz": 9016.43338188839
        },
        {
          "acoustic_entropy": 8.664878845214844,
          "acoustic_entropy_side": 8.653678894042969,
          "hz": 9876.909183162974
        },
        {
          "acoustic_entropy": 8.707876205444336,
          "acoustic_entropy_side": 8.655237197875977,
          "hz": 10813.587699516042
        },
        {
          "acoustic_entropy": 8.704782485961914,
          "acoustic_entropy_side": 8.648462295532227,
          "hz": 11833.21735289826
        },
        {
          "acoustic_entropy": 8.710201263427734,
          "acoustic_entropy_side": 8.646468162536621,
          "hz": 12943.144197493959
        },
        {
          "acoustic_entropy": 8.70576286315918,
          "acoustic_entropy_side": 8.644734382629395,
          "hz": 14151.364845322005
        },
        {
          "acoustic_entropy": 8.711346626281738,
          "acoustic_entropy_side": 8.642118453979492,
          "hz": 15466.58407886509
        },
        {
          "acoustic_entropy": 8.683274269104004,
          "acoustic_entropy_side": 8.638981819152832,
          "hz": 16898.27756580493
        },
        {
          "acoustic_entropy": 8.647809028625488,
          "acoustic_entropy_side": 8.637662887573242,
          "hz": 18456.760127700032
        },
        {
          "acoustic_entropy": 8.640026092529297,
          "acoustic_entropy_side": 8.637435913085938,
          "hz": 20153.260054456492
        },
        {
          "acoustic_entropy": 8.637430191040039,
          "acoustic_entropy_side": 8.637421607971191,
          "hz": 22000.00000000001
        }
      ],
      "diff_acoustic_entropy": 6.225984573364258,
      "sn": 12
    },
    {
      "acoustic_entropy": 15.957626342773438,
      "acoustic_entropy_mono": 14.429040908813477,
      "band_eliminated_acoustic_entropies": [
        {
          "acoustic_entropy": 15.769840240478516,
          "acoustic_entropy_side": 15.938286781311035,
          "hz": 129.47220167065723
        },
        {
          "acoustic_entropy": 16.32358169555664,
          "acoustic_entropy_side": 15.901945114135742,
          "hz": 202.92927478742237
        },
        {
          "acoustic_entropy": 15.961777687072754,
          "acoustic_entropy_side": 15.439433097839355,
          "hz": 282.89161906338205
        },
        {
          "acoustic_entropy": 16.080657958984375,
          "acoustic_entropy_side": 16.639856338500977,
          "hz": 369.9353335868758
        },
        {
          "acoustic_entropy": 16.96824073791504,
          "acoustic_entropy_side": 16.40934944152832,
          "hz": 464.6875360973435
        },
        {
          "acoustic_entropy": 16.01163673400879,
          "acoustic_entropy_side": 16.201007843017578,
          "hz": 567.8308811364784
        },
        {
          "acoustic_entropy": 16.529743194580078,
          "acoustic_entropy_side": 16.061920166015625,
          "hz": 680.1084783214808
        },
        {
          "acoustic_entropy": 15.650065422058105,
          "acoustic_entropy_side": 15.371742248535156,
          "hz": 802.3292461747484
        },
        {
          "acoustic_entropy": 16.565881729125977,
          "acoustic_entropy_side": 15.938740730285645,
          "hz": 935.3737400823702
        },
        {
          "acoustic_entropy": 17.611286163330078,
          "acoustic_entropy_side": 16.625938415527344,
          "hz": 1080.2004963696966
        },
        {
          "acoustic_entropy": 17.218795776367188,
          "acoustic_entropy_side": 16.931777954101562,
          "hz": 1237.8529382007157
        },
        {
          "acoustic_entropy": 16.049123764038086,
          "acoustic_entropy_side": 16.53800392150879,
          "hz": 1409.4668930556702
        },
        {
          "acoustic_entropy": 15.951038360595703,
          "acoustic_entropy_side": 16.16005516052246,
          "hz": 1596.2787759475705
        },
        {
          "acoustic_entropy": 16.50235366821289,
          "acoustic_entropy_side": 16.064414978027344,
          "hz": 1799.6344973346393
        },
        {
          "acoustic_entropy": 16.14785385131836,
          "acoustic_entropy_side": 16.395530700683594,
          "hz": 2020.9991599069049
        },
        {
          "acoustic_entropy": 16.34610366821289,
          "acoustic_entropy_side": 16.274625778198242,
          "hz": 2261.9676141086993
        },
        {
          "acoustic_entropy": 16.736007690429688,
          "acoustic_entropy_side": 16.462726593017578,
          "hz": 2524.2759484456974
        },
        {
          "acoustic_entropy": 16.694137573242188,
          "acoustic_entropy_side": 16.165311813354492,
          "hz": 2809.813997359896
        },
        {
          "acoustic_entropy": 16.48065948486328,
          "acoustic_entropy_side": 16.270553588867188,
          "hz": 3120.6389567871424
        },
        {
          "acoustic_entropy": 16.560470581054688,
          "acoustic_entropy_side": 16.7045955657959,
          "hz": 3458.990205492291
        },
        {
          "acoustic_entropy": 16.500049591064453,
