{
  "acoustic_entropy": 231.17137145996094,
  "bands": [
    {
      "high_freq": 148.1999969482422,
      "loudness": -15.17719841003418,
      "loudness_range": 4.647538185119629,
      "mid_mean": -11.495030403137207,
      "mid_to_side_loudness": -33.269630432128906,
      "mid_to_side_loudness_range": 26.3028564453125,
      "side_mean": -44.6565055847168
    },
    {
      "high_freq": 392.3793640136719,
      "loudness": -19.914064407348633,
      "loudness_range": 6.479555130004883,
      "low_freq": 148.1999969482422,
      "mid_mean": -16.430400848388672,
      "mid_to_side_loudness": -15.779621124267578,
      "mid_to_side_loudness_range": 16.172985076904297,
      "side_mean": -32.023414611816406
    },
    {
      "high_freq": 794.6976318359375,
      "loudness": -21.485355377197266,
      "loudness_range": 10.486658096313477,
      "low_freq": 392.3793640136719,
      "mid_mean": -18.945104598999023,
      "mid_to_side_loudness": -5.886905670166016,
      "mid_to_side_loudness_range": 9.3839750289917,
      "side_mean": -24.497323989868164
    },
    {
      "high_freq": 1457.5709228515625,
      "loudness": -22.195798873901367,
      "loudness_range": 15.035786628723145,
      "low_freq": 794.6976318359375,
      "mid_mean": -19.147579193115234,
      "mid_to_side_loudness": -9.73767375946045,
      "mid_to_side_loudness_range": 13.55650520324707,
      "side_mean": -28.713937759399414
    },
    {
      "high_freq": 2549.74365234375,
      "loudness": -21.51019287109375,
      "loudness_range": 11.224568367004395,
      "low_freq": 1457.5709228515625,
      "mid_mean": -18.68545150756836,
      "mid_to_side_loudness": -7.7088398933410645,
      "mid_to_side_loudness_range": 11.702674865722656,
      "side_mean": -26.22937774658203
    },
    {
      "high_freq": 4349.24462890625,
      "loudness": -22.471073150634766,
      "loudness_range": 10.808296203613281,
      "low_freq": 2549.74365234375,
      "mid_mean": -19.86773109436035,
      "mid_to_side_loudness": -6.5171074867248535,
      "mid_to_side_loudness_range": 10.658734321594238,
      "side_mean": -26.073457717895508
    },
    {
      "high_freq": 7314.1640625,
      "loudness": -26.739490509033203,
      "loudness_range": 13.140037536621094,
      "low_freq": 4349.24462890625,
      "mid_mean": -23.53752899169922,
      "mid_to_side_loudness": -10.774975776672363,
      "mid_to_side_loudness_range": 13.267265319824219,
      "side_mean": -34.089012145996094
    },
    {
      "high_freq": 12199.2666015625,
      "loudness": -30.845745086669922,
      "loudness_range": 14.583858489990234,
      "low_freq": 7314.1640625,
      "mid_mean": -27.635026931762695,
      "mid_to_side_loudness": -12.109515190124512,
      "mid_to_side_loudness_range": 17.669567108154297,
      "side_mean": -39.19461441040039
    },
    {
      "loudness": -37.35329055786133,
      "loudness_range": 14.301385879516602,
      "low_freq": 12199.2666015625,
      "mid_mean": -34.06475067138672,
      "mid_to_side_loudness": -13.917277336120605,
      "mid_to_side_loudness_range": 22.21823501586914,
      "side_mean": -48.17964172363281
    }
  ],
  "bands_short": [
    {
      "high_freq": 148.1999969482422,
      "loudness": -16.505727767944336,
      "loudness_range": 8.849835395812988,
      "mid_mean": -12.854087829589844,
      "mid_to_side_loudness": -36.45674133300781,
      "mid_to_side_loudness_range": 30.467681884765625,
      "side_mean": -50.45880126953125
    },
    {
      "high_freq": 392.3793640136719,
      "loudness": -20.507423400878906,
      "loudness_range": 13.055952072143555,
      "low_freq": 148.1999969482422,
      "mid_mean": -17.06192970275879,
      "mid_to_side_loudness": -16.82659339904785,
      "mid_to_side_loudness_range": 22.127361297607422,
      "side_mean": -33.775909423828125
    },
    {
      "high_freq": 794.6976318359375,
      "loudness": -22.323135375976562,
      "loudness_range": 14.171799659729004,
      "low_freq": 392.3793640136719,
      "mid_mean": -19.844694137573242,
      "mid_to_side_loudness": -6.649795055389404,
      "mid_to_side_loudness_range": 13.66549301147461,
      "side_mean": -26.075115203857422
    },
    {
      "high_freq": 1457.5709228515625,
      "loudness": -22.98893928527832,
      "loudness_range": 18.633140563964844,
      "low_freq": 794.6976318359375,
      "mid_mean": -20.05223846435547,
      "mid_to_side_loudness": -9.661893844604492,
      "mid_to_side_loudness_range": 16.606962203979492,
      "side_mean": -29.86053466796875
    },
    {
      "high_freq": 2549.74365234375,
      "loudness": -22.755159378051758,
      "loudness_range": 16.852638244628906,
      "low_freq": 1457.5709228515625,
      "mid_mean": -20.058073043823242,
      "mid_to_side_loudness": -8.138461112976074,
      "mid_to_side_loudness_range": 15.823780059814453,
      "side_mean": -28.368450164794922
    },
    {
      "high_freq": 4349.24462890625,
      "loudness": -23.7508544921875,
      "loudness_range": 16.329477310180664,
      "low_freq": 2549.74365234375,
      "mid_mean": -21.073978424072266,
      "mid_to_side_loudness": -7.83439826965332,
      "mid_to_side_loudness_range": 14.95023250579834,
      "side_mean": -28.867197036743164
    },
    {
      "high_freq": 7314.1640625,
      "loudness": -27.573974609375,
      "loudness_range": 16.451196670532227,
      "low_freq": 4349.24462890625,
      "mid_mean": -24.422319412231445,
      "mid_to_side_loudness": -11.293941497802734,
      "mid_to_side_loudness_range": 16.954017639160156,
      "side_mean": -35.49696731567383
    },
    {
      "high_freq": 12199.2666015625,
      "loudness": -31.80718231201172,
      "loudness_range": 17.485363006591797,
      "low_freq": 7314.1640625,
      "mid_mean": -28.615251541137695,
      "mid_to_side_loudness": -11.585076332092285,
      "mid_to_side_loudness_range": 18.551177978515625,
      "side_mean": -39.99827575683594
    },
    {
      "loudness": -38.311973571777344,
      "loudness_range": 17.445459365844727,
      "low_freq": 12199.2666015625,
      "mid_mean": -35.06787109375,
      "mid_to_side_loudness": -11.980426788330078,
      "mid_to_side_loudness_range": 19.894203186035156,
      "side_mean": -52.55354309082031
    }
  ],
  "bandwidth": 451.7682189941406,
  "channels": 2,
  "covariance": [
    [
      4.8992743492126465,
      0.3458724617958069,
      1.2254267930984497,
      -1.7849760055541992,
      0.5532190203666687,
      0.3128981292247772,
      1.2770578861236572,
      0.7634698748588562,
      1.0315511226654053,
      1.5978151559829712,
      1.632178783416748,
      2.875467538833618,
      1.0093584060668945,
      0.0416007824242115,
      2.712869882583618,
      -0.3542638123035431,
      3.827669858932495,
      0.3533073663711548
    ],
    [
      0.3458724617958069,
      65.44390869140625,
      1.8775889873504639,
      15.512858390808105,
      9.011507034301758,
      4.913713455200195,
      11.584973335266113,
      16.393558502197266,
      10.102624893188477,
      14.195699691772461,
      10.101104736328125,
      10.987765312194824,
      18.570507049560547,
      30.98548126220703,
      16.949295043945312,
      33.4307975769043,
      14.479880332946777,
      38.935279846191406
    ],
    [
      1.2254267930984497,
      1.8775889873504639,
      6.06886100769043,
      3.3157706260681152,
      1.422999382019043,
      0.7889392971992493,
      -0.986587405204773,
      0.6440693140029907,
      -1.0376166105270386,
      0.24183599650859833,
      0.6497712135314941,
      -0.14304865896701813,
      0.9939141869544983,
      0.6422449946403503,
      2.7112138271331787,
      1.1013538837432861,
      2.4414310455322266,
      1.6419941186904907
    ],
    [
      -1.7849760055541992,
      15.512858390808105,
      3.3157706260681152,
      32.572696685791016,
      8.7937593460083,
      11.61169147491455,
      3.226501941680908,
      12.491877555847168,
      2.624532699584961,
      5.569948673248291,
      1.7448874711990356,
      1.1762754917144775,
      5.75093936920166,
      11.271720886230469,
      3.928905725479126,
      17.197721481323242,
      -0.19309179484844208,
      19.95110511779785
    ],
    [
      0.5532190203666687,
      9.011507034301758,
      1.422999382019043,
      8.7937593460083,
      17.402835845947266,
      11.854355812072754,
      11.327677726745605,
      10.126742362976074,
      7.626052379608154,
      6.86691427230835,
      7.883848190307617,
      5.7132954597473145,
      7.123410701751709,
      9.755687713623047,
      8.548639297485352,
      13.850622177124023,
      4.635805606842041,
      13.057839393615723
    ],
    [
      0.3128981292247772,
      4.913713455200195,
      0.7889392971992493,
      11.61169147491455,
      11.854355812072754,
      19.8890438079834,
      8.025848388671875,
      13.223725318908691,
      6.211911678314209,
      9.21863842010498,
      5.46351432800293,
      7.366992473602295,
      4.372897624969482,
      10.547805786132812,
      6.071111679077148,
      13.011860847473145,
      1.8265001773834229,
      12.667149543762207
    ],
    [
      1.2770578861236572,
      11.584973335266113,
      -0.986587405204773,
      3.226501941680908,
      11.327677726745605,
      8.025848388671875,
      29.187583923339844,
      14.602720260620117,
      17.293601989746094,
      9.483448028564453,
      11.035117149353027,
      9.65113353729248,
      11.481681823730469,
      13.925819396972656,
      9.717707633972168,
      14.144786834716797,
      8.608542442321777,
      14.82942008972168
    ],
    [
      0.7634698748588562,
      16.393558502197266,
      0.6440693140029907,
      12.491877555847168,
      10.126742362976074,
      13.223725318908691,
      14.602720260620117,
      25.47144889831543,
      10.4128999710083,
      16.798723220825195,
      7.881762981414795,
      13.624242782592773,
      10.299357414245605,
      19.10835838317871,
      13.551703453063965,
      24.25975227355957,
      8.440742492675781,
      26.168682098388672
    ],
    [
      1.0315511226654053,
      10.102624893188477,
      -1.0376166105270386,
      2.624532699584961,
      7.626052379608154,
      6.211911678314209,
      17.293601989746094,
      10.4128999710083,
      19.503101348876953,
      9.274405479431152,
      12.394903182983398,
      8.631166458129883,
      11.02425765991211,
      11.761556625366211,
      6.338904857635498,
      9.926183700561523,
      6.007681846618652,
      12.312795639038086
    ],
    [
      1.5978151559829712,
      14.195699691772461,
      0.24183599650859833,
      5.569948673248291,
      6.86691427230835,
      9.21863842010498,
      9.483448028564453,
      16.798723220825195,
      9.274405479431152,
      19.57862663269043,
      8.370329856872559,
      15.70458698272705,
      9.145713806152344,
      15.085049629211426,
      12.230080604553223,
      16.55348777770996,
      9.234498023986816,
      19.295223236083984
    ],
    [
      1.632178783416748,
      10.101104736328125,
      0.6497712135314941,
      1.7448874711990356,
      7.883848190307617,
      5.46351432800293,
      11.035117149353027,
      7.881762981414795,
      12.394903182983398,
      8.370329856872559,
      17.420459747314453,
      11.067037582397461,
      13.410168647766113,
      12.513683319091797,
      8.891441345214844,
      9.166939735412598,
      7.247359275817871,
      10.292335510253906
    ],
    [
      2.875467538833618,
      10.987765312194824,
      -0.14304865896701813,
      1.1762754917144775,
      5.7132954597473145,
      7.366992473602295,
      9.65113353729248,
      13.624242782592773,
      8.631166458129883,
      15.70458698272705,
      11.067037582397461,
      22.56538200378418,
      10.821517944335938,
      17.862369537353516,
      14.529438018798828,
      14.246440887451172,
      12.544106483459473,
      14.56571102142334
    ],
    [
      1.0093584060668945,
      18.570507049560547,
      0.9939141869544983,
      5.75093936920166,
      7.123410701751709,
      4.372897624969482,
      11.481681823730469,
      10.299357414245605,
      11.02425765991211,
      9.145713806152344,
      13.410168647766113,
      10.821517944335938,
      21.042877197265625,
      21.687898635864258,
      15.688223838806152,
      19.352745056152344,
      11.741303443908691,
      20.65673065185547
    ],
    [
      0.0416007824242115,
      30.98548126220703,
      0.6422449946403503,
      11.271720886230469,
      9.755687713623047,
      10.547805786132812,
      13.925819396972656,
      19.10835838317871,
      11.761556625366211,
      15.085049629211426,
      12.513683319091797,
      17.862369537353516,
      21.687898635864258,
      46.29741287231445,
      19.090557098388672,
      39.069915771484375,
      14.160786628723145,
      39.38457107543945
    ],
    [
      2.712869882583618,
      16.949295043945312,
      2.7112138271331787,
      3.928905725479126,
      8.548639297485352,
      6.071111679077148,
      9.717707633972168,
      13.551703453063965,
      6.338904857635498,
      12.230080604553223,
      8.891441345214844,
      14.529438018798828,
      15.688223838806152,
      19.090557098388672,
      28.84444808959961,
      28.5180721282959,
      22.705324172973633,
      29.427886962890625
    ],
    [
      -0.3542638123035431,
      33.4307975769043,
      1.1013538837432861,
      17.197721481323242,
      13.850622177124023,
      13.011860847473145,
      14.144786834716797,
      24.25975227355957,
      9.926183700561523,
      16.55348777770996,
      9.166939735412598,
      14.246440887451172,
      19.352745056152344,
      39.069915771484375,
      28.5180721282959,
      70.25813293457031,
      19.506668090820312,
      67.7603530883789
    ],
    [
      3.827669858932495,
      14.479880332946777,
      2.4414310455322266,
      -0.19309179484844208,
      4.635805606842041,
      1.8265001773834229,
      8.608542442321777,
      8.440742492675781,
      6.007681846618652,
      9.234498023986816,
      7.247359275817871,
      12.544106483459473,
      11.741303443908691,
      14.160786628723145,
      22.705324172973633,
      19.506668090820312,
      26.555099487304688,
      25.964202880859375
    ],
    [
      0.3533073663711548,
      38.935279846191406,
      1.6419941186904907,
      19.95110511779785,
      13.057839393615723,
      12.667149543762207,
      14.82942008972168,
      26.168682098388672,
      12.312795639038086,
      19.295223236083984,
      10.292335510253906,
      14.56571102142334,
      20.65673065185547,
      39.38457107543945,
      29.427886962890625,
      67.7603530883789,
      25.964202880859375,
      94.10681915283203
    ]
  ],
  "covariance_short": [
    [
      16.768413543701172,
      7.377737998962402,
      5.375246047973633,
      -1.2841213941574097,
      2.4324467182159424,
      2.79095721244812,
      2.986233711242676,
      1.002002239227295,
      3.1077115535736084,
      3.0612664222717285,
      3.2789363861083984,
      4.226861476898193,
      2.2171387672424316,
      1.7299937009811401,
      5.2594895362854,
      2.8163299560546875,
      6.839590072631836,
      4.75506591796875
    ],
    [
      7.377737998962402,
      98.41280364990234,
      7.48015022277832,
      23.10498046875,
      17.300281524658203,
      18.59206771850586,
      16.806779861450195,
      28.03891372680664,
      19.40327262878418,
      33.7015495300293,
      20.04237174987793,
      34.23782730102539,
      25.77079200744629,
      40.002281188964844,
      25.722909927368164,
      33.2165641784668,
      22.1932315826416,
      56.30669403076172
    ],
    [
      5.375246047973633,
      7.48015022277832,
      22.19036293029785,
      4.219696998596191,
      3.6012625694274902,
      0.6895262598991394,
      0.5861987471580505,
      -1.5097171068191528,
      0.7671499848365784,
      -1.2933226823806763,
      1.3133149147033691,
      -1.4104852676391602,
      0.8014612197875977,
      1.1933012008666992,
      3.418325901031494,
      5.758118629455566,
      5.833089351654053,
      9.710837364196777
    ],
    [
      -1.2841213941574097,
      23.10498046875,
      4.219696998596191,
      47.35643005371094,
      11.702264785766602,
      18.591571807861328,
      6.86517858505249,
      17.60867691040039,
      6.331201553344727,
      16.187217712402344,
      6.403075695037842,
      12.148210525512695,
      9.307029724121094,
      14.233050346374512,
      5.749182224273682,
      14.53792953491211,
      3.3638179302215576,
      26.066076278686523
    ],
    [
      2.4324467182159424,
      17.300281524658203,
      3.6012625694274902,
      11.702264785766602,
      29.781286239624023,
      19.475570678710938,
      14.409383773803711,
      15.755230903625488,
      13.070972442626953,
      16.56679344177246,
      14.162406921386719,
      17.616119384765625,
      11.370351791381836,
      15.4187593460083,
      11.526803016662598,
      16.68217658996582,
      8.881914138793945,
      24.750587463378906
    ],
    [
      2.79095721244812,
      18.59206771850586,
      0.6895262598991394,
      18.591571807861328,
      19.475570678710938,
      37.57662582397461,
      11.981359481811523,
      24.90448570251465,
      14.121973991394043,
      27.35222053527832,
      14.524033546447754,
      27.235261917114258,
      12.015766143798828,
      21.25702667236328,
      12.990724563598633,
      19.199918746948242,
      10.36571979522705,
      26.187774658203125
    ],
    [
      2.986233711242676,
      16.806779861450195,
      0.5861987471580505,
      6.86517858505249,
      14.409383773803711,
      11.981359481811523,
      46.47650146484375,
      24.656124114990234,
      29.70383071899414,
      19.974437713623047,
      18.93317985534668,
      18.20271110534668,
      17.46108627319336,
      17.744640350341797,
      12.819400787353516,
      17.28223419189453,
      12.548004150390625,
      23.727170944213867
    ],
    [
      1.002002239227295,
      28.03891372680664,
      -1.5097171068191528,
      17.60867691040039,
      15.755230903625488,
      24.90448570251465,
      24.656124114990234,
      48.98843002319336,
      21.246694564819336,
      40.87009048461914,
      16.810575485229492,
      35.78150939941406,
      18.325634002685547,
      30.346763610839844,
      20.803916931152344,
      28.80081558227539,
      15.618446350097656,
      41.61117935180664
    ],
    [
      3.1077115535736084,
      19.40327262878418,
      0.7671499848365784,
      6.331201553344727,
      13.070972442626953,
      14.121973991394043,
      29.70383071899414,
      21.246694564819336,
      41.89490509033203,
      26.23497772216797,
      25.825952529907227,
      25.32094955444336,
      20.41462516784668,
      21.40095329284668,
      12.479291915893555,
      15.027480125427246,
      12.470015525817871,
      25.246192932128906
    ],
    [
      3.0612664222717285,
      33.7015495300293,
      -1.2933226823806763,
      16.187217712402344,
      16.56679344177246,
      27.35222053527832,
      19.974437713623047,
      40.87009048461914,
      26.23497772216797,
      60.20465087890625,
      22.848825454711914,
      50.97169876098633,
      21.210479736328125,
      35.848899841308594,
      23.75816535949707,
      28.53183364868164,
      19.94183349609375,
      42.60289001464844
    ],
    [
      3.2789363861083984,
      20.04237174987793,
      1.3133149147033691,
      6.403075695037842,
      14.162406921386719,
      14.524033546447754,
      18.93317985534668,
      16.810575485229492,
      25.825952529907227,
      22.848825454711914,
      36.15671920776367,
      30.025041580200195,
      24.720212936401367,
      24.69814682006836,
      15.331299781799316,
      15.397693634033203,
      12.484097480773926,
      22.755155563354492
    ],
    [
      4.226861476898193,
      34.23782730102539,
      -1.4104852676391602,
      12.148210525512695,
      17.616119384765625,
      27.235261917114258,
      18.20271110534668,
      35.78150939941406,
      25.32094955444336,
      50.97169876098633,
      30.025041580200195,
      68.54939270019531,
      25.92938995361328,
      45.609413146972656,
      26.429033279418945,
      30.304004669189453,
      22.350025177001953,
      38.633094787597656
    ],
    [
      2.2171387672424316,
      25.77079200744629,
      0.8014612197875977,
      9.307029724121094,
      11.370351791381836,
      12.015766143798828,
      17.46108627319336,
      18.325634002685547,
      20.41462516784668,
      21.210479736328125,
      24.720212936401367,
      25.92938995361328,
      34.723697662353516,
      34.09299850463867,
      23.02474594116211,
      25.33719253540039,
      17.034984588623047,
      29.640087127685547
    ],
    [
      1.7299937009811401,
      40.002281188964844,
      1.1933012008666992,
      14.233050346374512,
      15.4187593460083,
      21.25702667236328,
      17.744640350341797,
      30.346763610839844,
      21.40095329284668,
      35.848899841308594,
      24.69814682006836,
      45.609413146972656,
      34.09299850463867,
      74.38321685791016,
      28.99786949157715,
      49.35282897949219,
      22.610200881958008,
      59.03572463989258
    ],
    [
      5.2594895362854,
      25.722909927368164,
      3.418325901031494,
      5.749182224273682,
      11.526803016662598,
      12.990724563598633,
      12.819400787353516,
      20.803916931152344,
      12.479291915893555,
      23.75816535949707,
      15.331299781799316,
      26.429033279418945,
      23.02474594116211,
      28.99786949157715,
      41.58351135253906,
      40.050506591796875,
      31.57794761657715,
      42.61832809448242
    ],
    [
      2.8163299560546875,
      33.2165641784668,
      5.758118629455566,
      14.53792953491211,
      16.68217658996582,
      19.199918746948242,
      17.28223419189453,
      28.80081558227539,
      15.027480125427246,
      28.53183364868164,
      15.397693634033203,
      30.304004669189453,
      25.33719253540039,
      49.35282897949219,
      40.050506591796875,
      93.51032257080078,
      29.907859802246094,
      91.08296203613281
    ],
    [
      6.839590072631836,
      22.1932315826416,
      5.833089351654053,
      3.3638179302215576,
      8.881914138793945,
      10.36571979522705,
      12.548004150390625,
      15.618446350097656,
      12.470015525817871,
      19.94183349609375,
      12.484097480773926,
      22.350025177001953,
      17.034984588623047,
      22.610200881958008,
      31.57794761657715,
      29.907859802246094,
      42.799991607666016,
      40.390010833740234
    ],
    [
      4.75506591796875,
      56.30669403076172,
      9.710837364196777,
      26.066076278686523,
      24.750587463378906,
      26.187774658203125,
      23.727170944213867,
      41.61117935180664,
      25.246192932128906,
      42.60289001464844,
      22.755155563354492,
      38.633094787597656,
      29.640087127685547,
      59.03572463989258,
      42.61832809448242,
      91.08296203613281,
      40.390010833740234,
      161.63180541992188
    ]
  ],
  "damage": -1.7851622104644775,
  "diff_bandwidth": 474.990478515625,
  "dissonance": 8.581193666232622,
  "drr": 12.908514022827148,
  "dynamics": 1.9421747922897339,
  "format": 1245190,
  "frames": 9192384,
  "loudness": -7.724435329437256,
  "loudness_range": 3.957016944885254,
  "loudness_range_short": 6.452029705047607,
  "lowpass_true_peak_15khz": 1.0352370738983154,
  "mastering3_acoustic_entropies": [
    {
      "acoustic_entropy": 7.118757724761963,
      "acoustic_entropy_mono": 6.614810466766357,
      "band_eliminated_acoustic_entropies": [
        {
          "acoustic_entropy": 7.0495500564575195,
          "acoustic_entropy_side": 7.118840217590332,
          "hz": 129.47220167065723
        },
        {
          "acoustic_entropy": 6.97780179977417,
          "acoustic_entropy_side": 7.118217945098877,
          "hz": 202.92927478742237
        },
        {
          "acoustic_entropy": 7.316895008087158,
          "acoustic_entropy_side": 7.11424446105957,
          "hz": 282.89161906338205
        },
        {
          "acoustic_entropy": 7.0307536125183105,
          "acoustic_entropy_side": 7.227763652801514,
          "hz": 369.9353335868758
        },
        {
          "acoustic_entropy": 7.67034912109375,
          "acoustic_entropy_side": 7.100501537322998,
          "hz": 464.6875360973435
        },
        {
          "acoustic_entropy": 6.916532039642334,
          "acoustic_entropy_side": 6.91588830947876,
          "hz": 567.8308811364784
        },
        {
          "acoustic_entropy": 6.446670055389404,
          "acoustic_entropy_side": 6.944265365600586,
          "hz": 680.1084783214808
        },
        {
          "acoustic_entropy": 6.53397274017334,
          "acoustic_entropy_side": 6.900916576385498,
          "hz": 802.3292461747484
        },
        {
          "acoustic_entropy": 6.825660705566406,
          "acoustic_entropy_side": 7.205233097076416,
          "hz": 935.3737400823702
        },
        {
          "acoustic_entropy": 6.573111534118652,
          "acoustic_entropy_side": 6.827834129333496,
          "hz": 1080.2004963696966
        },
        {
          "acoustic_entropy": 7.135538578033447,
          "acoustic_entropy_side": 7.128779411315918,
          "hz": 1237.8529382007157
        },
        {
          "acoustic_entropy": 6.526087284088135,
          "acoustic_entropy_side": 7.051001071929932,
          "hz": 1409.4668930556702
        },
        {
          "acoustic_entropy": 6.4977641105651855,
          "acoustic_entropy_side": 7.090406894683838,
          "hz": 1596.2787759475705
        },
        {
          "acoustic_entropy": 7.272217273712158,
          "acoustic_entropy_side": 7.108748912811279,
          "hz": 1799.6344973346393
        },
        {
          "acoustic_entropy": 6.926244258880615,
          "acoustic_entropy_side": 6.90823221206665,
          "hz": 2020.9991599069049
        },
        {
          "acoustic_entropy": 7.150737285614014,
          "acoustic_entropy_side": 6.911942481994629,
          "hz": 2261.9676141086993
        },
        {
          "acoustic_entropy": 6.834300518035889,
          "acoustic_entropy_side": 6.899284839630127,
          "hz": 2524.2759484456974
        },
        {
          "acoustic_entropy": 7.112525939941406,
          "acoustic_entropy_side": 6.896660804748535,
          "hz": 2809.813997359896
        },
        {
          "acoustic_entropy": 6.696617126464844,
          "acoustic_entropy_side": 6.696437358856201,
          "hz": 3120.6389567871424
        },
        {
          "acoustic_entropy": 6.580952167510986,
          "acoustic_entropy_side": 6.598785400390625,
          "hz": 3458.990205492291
        },
        {
          "acoustic_entropy": 6.7881903648376465,
          "acoustic_entropy_side": 6.757485389709473,
          "hz": 3827.305438964164
        },
        {
          "acoustic_entropy": 6.943905353546143,
          "acoustic_entropy_side": 7.052790641784668,
          "hz": 4228.238232109126
        },
        {
          "acoustic_entropy": 7.121668338775635,
          "acoustic_entropy_side": 7.113447189331055,
          "hz": 4664.6771572759235
        },
        {
          "acoustic_entropy": 7.10588264465332,
          "acoustic_entropy_side": 7.176756858825684,
          "hz": 5139.766595350093
        },
        {
          "acoustic_entropy": 6.9610772132873535,
          "acoustic_entropy_side": 7.052559852600098,
          "hz": 5656.929389854203
        },
        {
          "acoustic_entropy": 6.99768590927124,
          "acoustic_entropy_side": 7.109920501708984,
          "hz": 6219.891507268283
        },
        {
          "acoustic_entropy": 7.020626544952393,
          "acoustic_entropy_side": 7.122608184814453,
          "hz": 6832.70888123896
        },
        {
          "acoustic_entropy": 7.186612606048584,
          "acoustic_entropy_side": 7.122385025024414,
          "hz": 7499.796634079867
        },
        {
          "acoustic_entropy": 7.1968841552734375,
          "acoustic_entropy_side": 7.118760108947754,
          "hz": 8225.96088609342
        },
        {
          "acoustic_entropy": 7.0421366691589355,
          "acoustic_entropy_side": 7.110739231109619,
          "hz": 9016.43338188839
        },
        {
          "acoustic_entropy": 6.974623203277588,
          "acoustic_entropy_side": 7.094668865203857,
          "hz": 9876.909183162974
        },
        {
          "acoustic_entropy": 6.996912956237793,
          "acoustic_entropy_side": 7.081149578094482,
          "hz": 10813.587699516042
        },
        {
          "acoustic_entropy": 7.080583572387695,
          "acoustic_entropy_side": 7.076038360595703,
          "hz": 11833.21735289826
        },
        {
          "acoustic_entropy": 7.194973468780518,
          "acoustic_entropy_side": 7.09032678604126,
          "hz": 12943.144197493959
        },
        {
          "acoustic_entropy": 7.089900493621826,
          "acoustic_entropy_side": 7.103515148162842,
          "hz": 14151.364845322005
        },
        {
          "acoustic_entropy": 7.1067070960998535,
          "acoustic_entropy_side": 7.10941219329834,
          "hz": 15466.58407886509
        },
        {
          "acoustic_entropy": 7.117262840270996,
          "acoustic_entropy_side": 7.115932464599609,
          "hz": 16898.27756580493
        },
        {
          "acoustic_entropy": 7.120957851409912,
          "acoustic_entropy_side": 7.118015766143799,
          "hz": 18456.760127700032
        },
        {
          "acoustic_entropy": 7.11877965927124,
          "acoustic_entropy_side": 7.118472576141357,
          "hz": 20153.260054456492
        },
        {
          "acoustic_entropy": 7.112274646759033,
          "acoustic_entropy_side": 7.11845588684082,
          "hz": 22000.00000000001
        }
      ],
      "diff_acoustic_entropy": 6.825178146362305,
      "sn": 6
    },
    {
      "acoustic_entropy": 11.193913459777832,
      "acoustic_entropy_mono": 10.609466552734375,
      "band_eliminated_acoustic_entropies": [
        {
          "acoustic_entropy": 12.082253456115723,
          "acoustic_entropy_side": 11.19527530670166,
          "hz": 129.47220167065723
        },
        {
          "acoustic_entropy": 11.884634017944336,
          "acoustic_entropy_side": 11.191455841064453,
          "hz": 202.92927478742237
        },
        {
          "acoustic_entropy": 12.108713150024414,
          "acoustic_entropy_side": 11.181557655334473,
          "hz": 282.89161906338205
        },
        {
          "acoustic_entropy": 11.690876007080078,
          "acoustic_entropy_side": 11.281679153442383,
          "hz": 369.9353335868758
        },
        {
          "acoustic_entropy": 11.985522270202637,
          "acoustic_entropy_side": 11.680153846740723,
          "hz": 464.6875360973435
        },
        {
          "acoustic_entropy": 11.622477531433105,
          "acoustic_entropy_side": 11.151150703430176,
          "hz": 567.8308811364784
        },
        {
          "acoustic_entropy": 11.178114891052246,
          "acoustic_entropy_side": 11.862404823303223,
          "hz": 680.1084783214808
        },
        {
          "acoustic_entropy": 12.854910850524902,
          "acoustic_entropy_side": 11.7530517578125,
          "hz": 802.3292461747484
        },
        {
          "acoustic_entropy": 11.562055587768555,
          "acoustic_entropy_side": 11.741742134094238,
          "hz": 935.3737400823702
        },
        {
          "acoustic_entropy": 11.652191162109375,
          "acoustic_entropy_side": 11.807870864868164,
          "hz": 1080.2004963696966
        },
        {
          "acoustic_entropy": 11.656988143920898,
          "acoustic_entropy_side": 11.214910507202148,
          "hz": 1237.8529382007157
        },
        {
          "acoustic_entropy": 11.396964073181152,
          "acoustic_entropy_side": 11.151280403137207,
          "hz": 1409.4668930556702
        },
        {
          "acoustic_entropy": 11.45625114440918,
          "acoustic_entropy_side": 11.32939338684082,
          "hz": 1596.2787759475705
        },
        {
          "acoustic_entropy": 11.548515319824219,
          "acoustic_entropy_side": 11.116948127746582,
          "hz": 1799.6344973346393
        },
        {
          "acoustic_entropy": 11.967597007751465,
          "acoustic_entropy_side": 11.359164237976074,
          "hz": 2020.9991599069049
        },
        {
          "acoustic_entropy": 11.819506645202637,
          "acoustic_entropy_side": 11.240950584411621,
          "hz": 2261.9676141086993
        },
        {
          "acoustic_entropy": 11.695162773132324,
          "acoustic_entropy_side": 11.049966812133789,
          "hz": 2524.2759484456974
        },
        {
          "acoustic_entropy": 11.649003028869629,
          "acoustic_entropy_side": 11.109395980834961,
          "hz": 2809.813997359896
        },
        {
          "acoustic_entropy": 11.309540748596191,
          "acoustic_entropy_side": 11.228209495544434,
          "hz": 3120.6389567871424
        },
        {
          "acoustic_entropy": 11.07839584350586,
          "acoustic_entropy_side": 11.21435260772705,
          "hz": 3458.990205492291
        },
        {
          "acoustic_entropy": 10.966755867004395,
          "acoustic_entropy_side": 11.11335277557373,
          "hz": 3827.305438964164
        },
        {
          "acoustic_entropy": 11.019429206848145,
          "acoustic_entropy_side": 11.261239051818848,
          "hz": 4228.238232109126
        },
        {
          "acoustic_entropy": 10.994036674499512,
          "acoustic_entropy_side": 11.314708709716797,
          "hz": 4664.6771572759235
        },
        {
          "acoustic_entropy": 11.134230613708496,
          "acoustic_entropy_side": 11.072735786437988,
          "hz": 5139.766595350093
        },
        {
          "acoustic_entropy": 10.856500625610352,
          "acoustic_entropy_side": 10.925148963928223,
          "hz": 5656.929389854203
        },
        {
          "acoustic_entropy": 11.483111381530762,
          "acoustic_entropy_side": 11.289045333862305,
          "hz": 6219.891507268283
        },
        {
          "acoustic_entropy": 11.345602989196777,
          "acoustic_entropy_side": 11.323386192321777,
          "hz": 6832.70888123896
        },
        {
          "acoustic_entropy": 11.521154403686523,
          "acoustic_entropy_side": 11.290695190429688,
          "hz": 7499.796634079867
        },
        {
          "acoustic_entropy": 11.541170120239258,
          "acoustic_entropy_side": 11.32495403289795,
          "hz": 8225.96088609342
        },
        {
          "acoustic_entropy": 11.35612678527832,
          "acoustic_entropy_side": 11.285701751708984,
          "hz": 9016.43338188839
        },
        {
          "acoustic_entropy": 11.239611625671387,
          "acoustic_entropy_side": 11.237144470214844,
          "hz": 9876.909183162974
        },
        {
          "acoustic_entropy": 11.159738540649414,
          "acoustic_entropy_side": 11.214492797851562,
          "hz": 10813.587699516042
        },
        {
          "acoustic_entropy": 10.984379768371582,
          "acoustic_entropy_side": 11.15690803527832,
          "hz": 11833.21735289826
        },
        {
          "acoustic_entropy": 11.017707824707031,
          "acoustic_entropy_side": 11.155502319335938,
          "hz": 12943.144197493959
        },
        {
          "acoustic_entropy": 11.178749084472656,
          "acoustic_entropy_side": 11.175642967224121,
          "hz": 14151.364845322005
        },
        {
          "acoustic_entropy": 11.173351287841797,
          "acoustic_entropy_side": 11.187159538269043,
          "hz": 15466.58407886509
        },
        {
          "acoustic_entropy": 11.185803413391113,
          "acoustic_entropy_side": 11.195219039916992,
          "hz": 16898.27756580493
        },
        {
          "acoustic_entropy": 11.218364715576172,
          "acoustic_entropy_side": 11.19648551940918,
          "hz": 18456.760127700032
        },
        {
          "acoustic_entropy": 11.236775398254395,
          "acoustic_entropy_side": 11.194640159606934,
          "hz": 20153.260054456492
        },
        {
          "acoustic_entropy": 11.23548698425293,
          "acoustic_entropy_side": 11.194550514221191,
          "hz": 22000.00000000001
        }
      ],
      "diff_acoustic_entropy": 11.697595596313477,
      "sn": 12
    },
    {
      "acoustic_entropy": 17.983306884765625,
      "acoustic_entropy_mono": 14.194991111755371,
      "band_eliminated_acoustic_entropies": [
        {
          "acoustic_entropy": 18.10342788696289,
          "acoustic_entropy_side": 17.911823272705078,
          "hz": 129.47220167065723
        },
        {
          "acoustic_entropy": 17.902828216552734,
          "acoustic_entropy_side": 17.698495864868164,
          "hz": 202.92927478742237
        },
        {
          "acoustic_entropy": 17.71697998046875,
          "acoustic_entropy_side": 17.430368423461914,
          "hz": 282.89161906338205
        },
        {
          "acoustic_entropy": 17.631242752075195,
          "acoustic_entropy_side": 17.382963180541992,
          "hz": 369.9353335868758
        },
        {
          "acoustic_entropy": 18.548093795776367,
          "acoustic_entropy_side": 18.648334503173828,
          "hz": 464.6875360973435
        },
        {
          "acoustic_entropy": 17.430519104003906,
          "acoustic_entropy_side": 17.228384017944336,
          "hz": 567.8308811364784
        },
        {
          "acoustic_entropy": 18.847021102905273,
          "acoustic_entropy_side": 18.728099822998047,
          "hz": 680.1084783214808
        },
        {
          "acoustic_entropy": 18.710771560668945,
          "acoustic_entropy_side": 18.43132972717285,
          "hz": 802.3292461747484
        },
        {
          "acoustic_entropy": 18.26884651184082,
          "acoustic_entropy_side": 17.842761993408203,
          "hz": 935.3737400823702
        },
        {
          "acoustic_entropy": 18.90081787109375,
          "acoustic_entropy_side": 17.943359375,
          "hz": 1080.2004963696966
        },
        {
          "acoustic_entropy": 18.848817825317383,
          "acoustic_entropy_side": 18.648645401000977,
          "hz": 1237.8529382007157
        },
        {
          "acoustic_entropy": 18.495779037475586,
          "acoustic_entropy_side": 17.994125366210938,
          "hz": 1409.4668930556702
        },
        {
          "acoustic_entropy": 17.804399490356445,
          "acoustic_entropy_side": 18.156614303588867,
          "hz": 1596.2787759475705
        },
        {
          "acoustic_entropy": 17.816667556762695,
          "acoustic_entropy_side": 17.966270446777344,
          "hz": 1799.6344973346393
        },
        {
          "acoustic_entropy": 17.778831481933594,
          "acoustic_entropy_side": 17.999908447265625,
          "hz": 2020.9991599069049
        },
        {
          "acoustic_entropy": 17.5825138092041,
          "acoustic_entropy_side": 18.15697479248047,
          "hz": 2261.9676141086993
        },
        {
          "acoustic_entropy": 17.763023376464844,
          "acoustic_entropy_side": 18.090599060058594,
          "hz": 2524.2759484456974
        },
        {
          "acoustic_entropy": 18.258312225341797,
          "acoustic_entropy_side": 18.298370361328125,
          "hz": 2809.813997359896
        },
        {
