{
  "acoustic_entropy": 215.0707244873047,
  "bands": [
    {
      "high_freq": 148.1999969482422,
      "loudness": -21.64129066467285,
      "loudness_range": 14.59959888458252,
      "mid_mean": -18.20320701599121,
      "mid_to_side_loudness": -16.92856788635254,
      "mid_to_side_loudness_range": 17.977420806884766,
      "side_mean": -36.45445251464844
    },
    {
      "high_freq": 392.3793640136719,
      "loudness": -20.674367904663086,
      "loudness_range": 10.965499877929688,
      "low_freq": 148.1999969482422,
      "mid_mean": -18.245275497436523,
      "mid_to_side_loudness": -6.413614273071289,
      "mid_to_side_loudness_range": 14.663026809692383,
      "side_mean": -25.056995391845703
    },
    {
      "high_freq": 794.6976318359375,
      "loudness": -23.082534790039062,
      "loudness_range": 13.793567657470703,
      "low_freq": 392.3793640136719,
      "mid_mean": -20.138822555541992,
      "mid_to_side_loudness": -8.262580871582031,
      "mid_to_side_loudness_range": 10.931840896606445,
      "side_mean": -28.867490768432617
    },
    {
      "high_freq": 1457.5709228515625,
      "loudness": -27.296363830566406,
      "loudness_range": 19.13165283203125,
      "low_freq": 794.6976318359375,
      "mid_mean": -24.323097229003906,
      "mid_to_side_loudness": -9.101804733276367,
      "mid_to_side_loudness_range": 13.333569526672363,
      "side_mean": -33.897525787353516
    },
    {
      "high_freq": 2549.74365234375,
      "loudness": -30.02745246887207,
      "loudness_range": 19.651994705200195,
      "low_freq": 1457.5709228515625,
      "mid_mean": -27.138412475585938,
      "mid_to_side_loudness": -7.955785274505615,
      "mid_to_side_loudness_range": 12.111066818237305,
      "side_mean": -35.74112319946289
    },
    {
      "high_freq": 4349.24462890625,
      "loudness": -31.672849655151367,
      "loudness_range": 19.18181037902832,
      "low_freq": 2549.74365234375,
      "mid_mean": -28.825092315673828,
      "mid_to_side_loudness": -7.759937286376953,
      "mid_to_side_loudness_range": 12.846522331237793,
      "side_mean": -37.27503204345703
    },
    {
      "high_freq": 7314.1640625,
      "loudness": -33.24031448364258,
      "loudness_range": 20.088069915771484,
      "low_freq": 4349.24462890625,
      "mid_mean": -30.505083084106445,
      "mid_to_side_loudness": -7.881824970245361,
      "mid_to_side_loudness_range": 15.09433650970459,
      "side_mean": -39.04105758666992
    },
    {
      "high_freq": 12199.2666015625,
      "loudness": -35.04344177246094,
      "loudness_range": 16.861204147338867,
      "low_freq": 7314.1640625,
      "mid_mean": -32.41231155395508,
      "mid_to_side_loudness": -7.635008335113525,
      "mid_to_side_loudness_range": 15.848814964294434,
      "side_mean": -40.73529815673828
    },
    {
      "loudness": -44.16897201538086,
      "loudness_range": 21.875164031982422,
      "low_freq": 12199.2666015625,
      "mid_mean": -42.069496154785156,
      "mid_to_side_loudness": -5.110989570617676,
      "mid_to_side_loudness_range": 14.14891242980957,
      "side_mean": -47.68143844604492
    }
  ],
  "bands_short": [
    {
      "high_freq": 148.1999969482422,
      "loudness": -24.719308853149414,
      "loudness_range": 25.139677047729492,
      "mid_mean": -21.438610076904297,
      "mid_to_side_loudness": -17.40237808227539,
      "mid_to_side_loudness_range": 24.550853729248047,
      "side_mean": -41.429019927978516
    },
    {
      "high_freq": 392.3793640136719,
      "loudness": -20.386104583740234,
      "loudness_range": 12.602293014526367,
      "low_freq": 148.1999969482422,
      "mid_mean": -17.80982780456543,
      "mid_to_side_loudness": -7.254003047943115,
      "mid_to_side_loudness_range": 14.868049621582031,
      "side_mean": -25.338415145874023
    },
    {
      "high_freq": 794.6976318359375,
      "loudness": -23.89874267578125,
      "loudness_range": 15.498881340026855,
      "low_freq": 392.3793640136719,
      "mid_mean": -21.093095779418945,
      "mid_to_side_loudness": -8.132326126098633,
      "mid_to_side_loudness_range": 14.276960372924805,
      "side_mean": -29.66975212097168
    },
    {
      "high_freq": 1457.5709228515625,
      "loudness": -27.092077255249023,
      "loudness_range": 20.444217681884766,
      "low_freq": 794.6976318359375,
      "mid_mean": -24.39098358154297,
      "mid_to_side_loudness": -7.89504337310791,
      "mid_to_side_loudness_range": 15.903047561645508,
      "side_mean": -32.74458312988281
    },
    {
      "high_freq": 2549.74365234375,
      "loudness": -31.154436111450195,
      "loudness_range": 21.769773483276367,
      "low_freq": 1457.5709228515625,
      "mid_mean": -28.392793655395508,
      "mid_to_side_loudness": -7.60675573348999,
      "mid_to_side_loudness_range": 13.630661964416504,
      "side_mean": -36.60115432739258
    },
    {
      "high_freq": 4349.24462890625,
      "loudness": -32.7845573425293,
      "loudness_range": 21.772220611572266,
      "low_freq": 2549.74365234375,
      "mid_mean": -30.079225540161133,
      "mid_to_side_loudness": -7.45949125289917,
      "mid_to_side_loudness_range": 14.188173294067383,
      "side_mean": -38.175743103027344
    },
    {
      "high_freq": 7314.1640625,
      "loudness": -34.87345504760742,
      "loudness_range": 24.806974411010742,
      "low_freq": 4349.24462890625,
      "mid_mean": -32.21428298950195,
      "mid_to_side_loudness": -7.8787736892700195,
      "mid_to_side_loudness_range": 16.127349853515625,
      "side_mean": -40.78379440307617
    },
    {
      "high_freq": 12199.2666015625,
      "loudness": -36.75035095214844,
      "loudness_range": 21.618471145629883,
      "low_freq": 7314.1640625,
      "mid_mean": -34.13618087768555,
      "mid_to_side_loudness": -8.210975646972656,
      "mid_to_side_loudness_range": 16.589035034179688,
      "side_mean": -43.33237838745117
    },
    {
      "loudness": -48.313289642333984,
      "loudness_range": 28.56781005859375,
      "low_freq": 12199.2666015625,
      "mid_mean": -46.055049896240234,
      "mid_to_side_loudness": -7.088446140289307,
      "mid_to_side_loudness_range": 15.103195190429688,
      "side_mean": -54.027862548828125
    }
  ],
  "bandwidth": 482.3480529785156,
  "channels": 2,
  "covariance": [
    [
      46.5357551574707,
      20.270540237426758,
      19.43560028076172,
      12.639659881591797,
      10.218160629272461,
      10.528003692626953,
      9.00144100189209,
      8.989651679992676,
      14.441010475158691,
      18.078414916992188,
      14.464043617248535,
      20.450273513793945,
      16.04715347290039,
      22.76173210144043,
      12.762566566467285,
      22.375675201416016,
      15.211907386779785,
      29.118045806884766
    ],
    [
      20.270540237426758,
      29.1638240814209,
      6.859732627868652,
      11.933660507202148,
      3.7620105743408203,
      8.05115795135498,
      6.2960429191589355,
      9.010702133178711,
      1.2898706197738647,
      8.539945602416992,
      2.357128858566284,
      13.170390129089355,
      4.321122169494629,
      16.548288345336914,
      2.5431981086730957,
      17.766014099121094,
      9.862272262573242,
      24.005830764770508
    ],
    [
      19.43560028076172,
      6.859732627868652,
      28.241880416870117,
      8.816253662109375,
      10.009013175964355,
      8.803523063659668,
      2.2345573902130127,
      2.725449323654175,
      13.127181053161621,
      13.812948226928711,
      13.352179527282715,
      14.168274879455566,
      16.73178482055664,
      13.95305061340332,
      14.252854347229004,
      12.214859008789062,
      11.910761833190918,
      14.854729652404785
    ],
    [
      12.639659881591797,
      11.933660507202148,
      8.816253662109375,
      19.065855026245117,
      8.564682006835938,
      14.022717475891113,
      9.298648834228516,
      12.01519775390625,
      5.542333602905273,
      12.132068634033203,
      6.518487930297852,
      14.571772575378418,
      6.3581719398498535,
      14.196402549743652,
      5.45073127746582,
      13.983064651489258,
      6.84303617477417,
      16.10015106201172
    ],
    [
      10.218160629272461,
      3.7620105743408203,
      10.009013175964355,
      8.564682006835938,
      33.78096008300781,
      19.575151443481445,
      25.687166213989258,
      13.86383056640625,
      27.35524559020996,
      21.56568145751953,
      27.523319244384766,
      21.059396743774414,
      23.772411346435547,
      16.445241928100586,
      20.795516967773438,
      13.809097290039062,
      13.917755126953125,
      10.695643424987793
    ],
    [
      10.528003692626953,
      8.05115795135498,
      8.803523063659668,
      14.022717475891113,
      19.575151443481445,
      24.66805076599121,
      15.922462463378906,
      14.779754638671875,
      15.88651180267334,
      18.425016403198242,
      17.027843475341797,
      20.679689407348633,
      15.645756721496582,
      18.292978286743164,
      13.402532577514648,
      16.14859390258789,
      10.811062812805176,
      14.919105529785156
    ],
    [
      9.00144100189209,
      6.2960429191589355,
      2.2345573902130127,
      9.298648834228516,
      25.687166213989258,
      15.922462463378906,
      50.707008361816406,
      28.596487045288086,
      21.052940368652344,
      19.060436248779297,
      20.70659637451172,
      18.11895179748535,
      16.61065673828125,
      15.187658309936523,
      15.241720199584961,
      12.686423301696777,
      10.138968467712402,
      11.017241477966309
    ],
    [
      8.989651679992676,
      9.010702133178711,
      2.725449323654175,
      12.01519775390625,
      13.86383056640625,
      14.779754638671875,
      28.596487045288086,
      30.589630126953125,
      9.35977840423584,
      15.584213256835938,
      9.267435073852539,
      16.381256103515625,
      7.581035137176514,
      14.480690956115723,
      6.636718273162842,
      13.886128425598145,
      6.33264684677124,
      13.852957725524902
    ],
    [
      14.441010475158691,
      1.2898706197738647,
      13.127181053161621,
      5.542333602905273,
      27.35524559020996,
      15.88651180267334,
      21.052940368652344,
      9.35977840423584,
      52.779144287109375,
      31.069747924804688,
      46.21298599243164,
      29.725934982299805,
      41.84862518310547,
      24.96699333190918,
      29.937549591064453,
      18.348770141601562,
      19.51696014404297,
      14.535452842712402
    ],
    [
      18.078414916992188,
      8.539945602416992,
      13.812948226928711,
      12.132068634033203,
      21.56568145751953,
      18.425016403198242,
      19.060436248779297,
      15.584213256835938,
      31.069747924804688,
      31.09439468383789,
      29.416736602783203,
      30.014869689941406,
      27.109130859375,
      26.61667251586914,
      20.487070083618164,
      22.594762802124023,
      17.023290634155273,
      22.508121490478516
    ],
    [
      14.464043617248535,
      2.357128858566284,
      13.352179527282715,
      6.518487930297852,
      27.523319244384766,
      17.027843475341797,
      20.70659637451172,
      9.267435073852539,
      46.21298599243164,
      29.416736602783203,
      51.91809844970703,
      34.29789733886719,
      46.04458999633789,
      31.071386337280273,
      32.925148010253906,
      24.08995819091797,
      23.704587936401367,
      20.937042236328125
    ],
    [
      20.450273513793945,
      13.170390129089355,
      14.168274879455566,
      14.571772575378418,
      21.059396743774414,
      20.679689407348633,
      18.11895179748535,
      16.381256103515625,
      29.725934982299805,
      30.014869689941406,
      34.29789733886719,
      41.578575134277344,
      33.438106536865234,
      40.08011245727539,
      24.828472137451172,
      35.678733825683594,
      24.69884490966797,
      35.423805236816406
    ],
    [
      16.04715347290039,
      4.321122169494629,
      16.73178482055664,
      6.3581719398498535,
      23.772411346435547,
      15.645756721496582,
      16.61065673828125,
      7.581035137176514,
      41.84862518310547,
      27.109130859375,
      46.04458999633789,
      33.438106536865234,
      57.22527313232422,
      38.549808502197266,
      40.32633590698242,
      31.347200393676758,
      34.11330032348633,
      31.23963737487793
    ],
    [
      22.76173210144043,
      16.548288345336914,
      13.95305061340332,
      14.196402549743652,
      16.445241928100586,
      18.292978286743164,
      15.187658309936523,
      14.480690956115723,
      24.96699333190918,
      26.61667251586914,
      31.071386337280273,
      40.08011245727539,
      38.549808502197266,
      52.60997772216797,
      28.394716262817383,
      48.015235900878906,
      35.86299514770508,
      53.52384948730469
    ],
    [
      12.762566566467285,
      2.5431981086730957,
      14.252854347229004,
      5.45073127746582,
      20.795516967773438,
      13.402532577514648,
      15.241720199584961,
      6.636718273162842,
      29.937549591064453,
      20.487070083618164,
      32.925148010253906,
      24.828472137451172,
      40.32633590698242,
      28.394716262817383,
      42.44256591796875,
      28.345012664794922,
      35.607608795166016,
      27.790712356567383
    ],
    [
      22.375675201416016,
      17.766014099121094,
      12.214859008789062,
      13.983064651489258,
      13.809097290039062,
      16.14859390258789,
      12.686423301696777,
      13.886128425598145,
      18.348770141601562,
      22.594762802124023,
      24.08995819091797,
      35.678733825683594,
      31.347200393676758,
      48.015235900878906,
      28.345012664794922,
      53.203365325927734,
      40.536312103271484,
      60.54610824584961
    ],
    [
      15.211907386779785,
      9.862272262573242,
      11.910761833190918,
      6.84303617477417,
      13.917755126953125,
      10.811062812805176,
      10.138968467712402,
      6.33264684677124,
      19.51696014404297,
      17.023290634155273,
      23.704587936401367,
      24.69884490966797,
      34.11330032348633,
      35.86299514770508,
      35.607608795166016,
      40.536312103271484,
      53.96160888671875,
      57.62522888183594
    ],
    [
      29.118045806884766,
      24.005830764770508,
      14.854729652404785,
      16.10015106201172,
      10.695643424987793,
      14.919105529785156,
      11.017241477966309,
      13.852957725524902,
      14.535452842712402,
      22.508121490478516,
      20.937042236328125,
      35.423805236816406,
      31.23963737487793,
      53.52384948730469,
      27.790712356567383,
      60.54610824584961,
      57.62522888183594,
      94.08143615722656
    ]
  ],
  "covariance_short": [
    [
      94.03014373779297,
      34.556488037109375,
      20.463518142700195,
      4.250727653503418,
      16.322595596313477,
      6.600466728210449,
      9.949440002441406,
      6.071834087371826,
      36.6223258972168,
      27.097253799438477,
      37.39434051513672,
      26.81716537475586,
      40.00668716430664,
      28.630836486816406,
      32.311588287353516,
      30.750886917114258,
      29.76535987854004,
      28.266740798950195
    ],
    [
      34.556488037109375,
      45.03972625732422,
      17.162656784057617,
      11.758965492248535,
      11.22768783569336,
      8.902612686157227,
      10.797515869140625,
      11.14082145690918,
      16.590723037719727,
      18.582918167114258,
      17.913511276245117,
      21.372705459594727,
      20.081605911254883,
      25.09829330444336,
      15.518786430358887,
      25.18842887878418,
      19.523569107055664,
      27.716697692871094
    ],
    [
      20.463518142700195,
      17.162656784057617,
      28.061063766479492,
      10.323907852172852,
      9.641212463378906,
      7.840633869171143,
      3.440913438796997,
      5.624905109405518,
      9.832797050476074,
      11.808686256408691,
      9.734102249145508,
      11.523161888122559,
      11.054765701293945,
      11.747681617736816,
      10.202912330627441,
      11.643548011779785,
      11.740700721740723,
      14.551987648010254
    ],
    [
      4.250727653503418,
      11.758965492248535,
      10.323907852172852,
      22.209115982055664,
      8.341849327087402,
      13.524770736694336,
      9.012701988220215,
      12.671793937683105,
      5.9779486656188965,
      12.390482902526855,
      7.033510208129883,
      14.938669204711914,
      6.377406120300293,
      15.413589477539062,
      5.002785682678223,
      13.906871795654297,
      7.124645709991455,
      16.887495040893555
    ],
    [
      16.322595596313477,
      11.22768783569336,
      9.641212463378906,
      8.341849327087402,
      41.780242919921875,
      21.051883697509766,
      29.667198181152344,
      16.48838996887207,
      31.197307586669922,
      23.488887786865234,
      31.232593536376953,
      23.152021408081055,
      28.658775329589844,
      20.575197219848633,
      24.246482849121094,
      17.38385581970215,
      21.040550231933594,
      14.862991333007812
    ],
    [
      6.600466728210449,
      8.902612686157227,
      7.840633869171143,
      13.524770736694336,
      21.051883697509766,
      27.545124053955078,
      17.612117767333984,
      16.646793365478516,
      17.482528686523438,
      19.430997848510742,
      18.566890716552734,
      21.158172607421875,
      17.13775634765625,
      20.03415298461914,
      13.477046012878418,
      16.733413696289062,
      13.718587875366211,
      17.50408363342285
    ],
    [
      9.949440002441406,
      10.797515869140625,
      3.440913438796997,
      9.012701988220215,
      29.667198181152344,
      17.612117767333984,
      60.514305114746094,
      29.5888671875,
      31.63117027282715,
      24.179540634155273,
      32.19194412231445,
      25.28355598449707,
      29.42262077331543,
      23.516998291015625,
      24.082277297973633,
      19.842641830444336,
      20.997900009155273,
      16.77526092529297
    ],
    [
      6.071834087371826,
      11.14082145690918,
      5.624905109405518,
      12.671793937683105,
      16.48838996887207,
      16.646793365478516,
      29.5888671875,
      32.93478775024414,
      16.672889709472656,
      20.18514060974121,
      17.713855743408203,
      22.894960403442383,
      15.933236122131348,
      21.50789451599121,
      11.901252746582031,
      19.227596282958984,
      13.318489074707031,
      19.66844940185547
    ],
    [
      36.6223258972168,
      16.590723037719727,
      9.832797050476074,
      5.9779486656188965,
      31.197307586669922,
      17.482528686523438,
      31.63117027282715,
      16.672889709472656,
      63.62015914916992,
      36.621665954589844,
      54.273990631103516,
      35.201847076416016,
      51.83260726928711,
      33.39067077636719,
      36.3731689453125,
      28.23114013671875,
      30.45064353942871,
      22.970781326293945
    ],
    [
      27.097253799438477,
      18.582918167114258,
      11.808686256408691,
      12.390482902526855,
      23.488887786865234,
      19.430997848510742,
      24.179540634155273,
      20.18514060974121,
      36.621665954589844,
      36.80998992919922,
      34.884559631347656,
      34.89848709106445,
      32.9523811340332,
      32.47726821899414,
      23.963781356811523,
      28.381532669067383,
      23.607500076293945,
      27.492769241333008
    ],
    [
      37.39434051513672,
      17.913511276245117,
      9.734102249145508,
      7.033510208129883,
      31.232593536376953,
      18.566890716552734,
      32.19194412231445,
      17.713855743408203,
      54.273990631103516,
      34.884559631347656,
      64.7831802368164,
      41.76282501220703,
      59.14574432373047,
      41.44548034667969,
      42.059017181396484,
      36.314918518066406,
      37.5537223815918,
      31.454330444335938
    ],
    [
      26.81716537475586,
      21.372705459594727,
      11.523161888122559,
      14.938669204711914,
      23.152021408081055,
      21.158172607421875,
      25.28355598449707,
      22.894960403442383,
      35.201847076416016,
      34.89848709106445,
      41.76282501220703,
      49.313804626464844,
      40.595848083496094,
      48.1052131652832,
      29.71125030517578,
      43.49749755859375,
      32.46165466308594,
      42.83496856689453
    ],
    [
      40.00668716430664,
      20.081605911254883,
      11.054765701293945,
      6.377406120300293,
      28.658775329589844,
      17.13775634765625,
      29.42262077331543,
      15.933236122131348,
      51.83260726928711,
      32.9523811340332,
      59.14574432373047,
      40.595848083496094,
      78.47903442382812,
      52.25334930419922,
      54.03718948364258,
      46.588680267333984,
      51.63957214355469,
      44.38395309448242
    ],
    [
      28.630836486816406,
      25.09829330444336,
      11.747681617736816,
      15.413589477539062,
      20.575197219848633,
      20.03415298461914,
      23.516998291015625,
      21.50789451599121,
      33.39067077636719,
      32.47726821899414,
      41.44548034667969,
      48.1052131652832,
      52.25334930419922,
      67.03067016601562,
      37.805301666259766,
      60.946861267089844,
      46.43655776977539,
      63.49224853515625
    ],
    [
      32.311588287353516,
      15.518786430358887,
      10.202912330627441,
      5.002785682678223,
      24.246482849121094,
      13.477046012878418,
      24.082277297973633,
      11.901252746582031,
      36.3731689453125,
      23.963781356811523,
      42.059017181396484,
      29.71125030517578,
      54.03718948364258,
      37.805301666259766,
      63.05506134033203,
      44.70644760131836,
      55.61640548706055,
      43.1988410949707
    ],
    [
      30.750886917114258,
      25.18842887878418,
      11.643548011779785,
      13.906871795654297,
      17.38385581970215,
      16.733413696289062,
      19.842641830444336,
      19.227596282958984,
      28.23114013671875,
      28.381532669067383,
      36.314918518066406,
      43.49749755859375,
      46.588680267333984,
      60.946861267089844,
      44.70644760131836,
      74.2039566040039,
      56.5366096496582,
      75.63858032226562
    ],
    [
      29.76535987854004,
      19.523569107055664,
      11.740700721740723,
      7.124645709991455,
      21.040550231933594,
      13.718587875366211,
      20.997900009155273,
      13.318489074707031,
      30.45064353942871,
      23.607500076293945,
      37.5537223815918,
      32.46165466308594,
      51.63957214355469,
      46.43655776977539,
      55.61640548706055,
      56.5366096496582,
      81.5540542602539,
      75.14525604248047
    ],
    [
      28.266740798950195,
      27.716697692871094,
      14.551987648010254,
      16.887495040893555,
      14.862991333007812,
      17.50408363342285,
      16.77526092529297,
      19.66844940185547,
      22.970781326293945,
      27.492769241333008,
      31.454330444335938,
      42.83496856689453,
      44.38395309448242,
      63.49224853515625,
      43.1988410949707,
      75.63858032226562,
      75.14525604248047,
      110.32806396484375
    ]
  ],
  "damage": -6.133113384246826,
  "diff_bandwidth": 548.4714965820312,
  "dissonance": 6.704316453751113,
  "drr": 14.256784439086914,
  "dynamics": 2.893087863922119,
  "format": 1245190,
  "frames": 11338992,
  "loudness": -11.089630126953125,
  "loudness_range": 7.499190330505371,
  "loudness_range_short": 9.979742050170898,
  "lowpass_true_peak_15khz": 1.0590513944625854,
  "mastering3_acoustic_entropies": [
    {
      "acoustic_entropy": 10.279139518737793,
      "acoustic_entropy_mono": 10.01976490020752,
      "band_eliminated_acoustic_entropies": [
        {
          "acoustic_entropy": 10.136058807373047,
          "acoustic_entropy_side": 10.279078483581543,
          "hz": 129.47220167065723
        },
        {
          "acoustic_entropy": 9.94747257232666,
          "acoustic_entropy_side": 10.272507667541504,
          "hz": 202.92927478742237
        },
        {
          "acoustic_entropy": 10.340888023376465,
          "acoustic_entropy_side": 10.134868621826172,
          "hz": 282.89161906338205
        },
        {
          "acoustic_entropy": 10.171948432922363,
          "acoustic_entropy_side": 10.12116813659668,
          "hz": 369.9353335868758
        },
        {
          "acoustic_entropy": 9.871729850769043,
          "acoustic_entropy_side": 10.132959365844727,
          "hz": 464.6875360973435
        },
        {
          "acoustic_entropy": 10.431396484375,
          "acoustic_entropy_side": 10.032411575317383,
          "hz": 567.8308811364784
        },
        {
          "acoustic_entropy": 9.505698204040527,
          "acoustic_entropy_side": 10.143889427185059,
          "hz": 680.1084783214808
        },
        {
          "acoustic_entropy": 10.11725902557373,
          "acoustic_entropy_side": 10.246686935424805,
          "hz": 802.3292461747484
        },
        {
          "acoustic_entropy": 10.647045135498047,
          "acoustic_entropy_side": 10.073590278625488,
          "hz": 935.3737400823702
        },
        {
          "acoustic_entropy": 10.131443977355957,
          "acoustic_entropy_side": 10.305227279663086,
          "hz": 1080.2004963696966
        },
        {
          "acoustic_entropy": 10.160713195800781,
          "acoustic_entropy_side": 10.306873321533203,
          "hz": 1237.8529382007157
        },
        {
          "acoustic_entropy": 9.82367992401123,
          "acoustic_entropy_side": 10.306129455566406,
          "hz": 1409.4668930556702
        },
        {
          "acoustic_entropy": 10.356229782104492,
          "acoustic_entropy_side": 10.308826446533203,
          "hz": 1596.2787759475705
        },
        {
          "acoustic_entropy": 10.358050346374512,
          "acoustic_entropy_side": 10.275470733642578,
          "hz": 1799.6344973346393
        },
        {
          "acoustic_entropy": 9.673487663269043,
          "acoustic_entropy_side": 10.278462409973145,
          "hz": 2020.9991599069049
        },
        {
          "acoustic_entropy": 10.227535247802734,
          "acoustic_entropy_side": 10.285640716552734,
          "hz": 2261.9676141086993
        },
        {
          "acoustic_entropy": 10.417947769165039,
          "acoustic_entropy_side": 10.282031059265137,
          "hz": 2524.2759484456974
        },
        {
          "acoustic_entropy": 10.56447696685791,
          "acoustic_entropy_side": 10.281601905822754,
          "hz": 2809.813997359896
        },
        {
          "acoustic_entropy": 10.533190727233887,
          "acoustic_entropy_side": 10.285164833068848,
          "hz": 3120.6389567871424
        },
        {
          "acoustic_entropy": 10.220979690551758,
          "acoustic_entropy_side": 10.287471771240234,
          "hz": 3458.990205492291
        },
        {
          "acoustic_entropy": 10.239361763000488,
          "acoustic_entropy_side": 10.295350074768066,
          "hz": 3827.305438964164
        },
        {
          "acoustic_entropy": 10.388864517211914,
          "acoustic_entropy_side": 10.30437183380127,
          "hz": 4228.238232109126
        },
        {
          "acoustic_entropy": 10.242327690124512,
          "acoustic_entropy_side": 10.288116455078125,
          "hz": 4664.6771572759235
        },
        {
          "acoustic_entropy": 10.006509780883789,
          "acoustic_entropy_side": 10.278406143188477,
          "hz": 5139.766595350093
        },
        {
          "acoustic_entropy": 10.339258193969727,
          "acoustic_entropy_side": 10.318634033203125,
          "hz": 5656.929389854203
        },
        {
          "acoustic_entropy": 10.580940246582031,
          "acoustic_entropy_side": 10.322272300720215,
          "hz": 6219.891507268283
        },
        {
          "acoustic_entropy": 10.659198760986328,
          "acoustic_entropy_side": 10.34889030456543,
          "hz": 6832.70888123896
        },
        {
          "acoustic_entropy": 10.652506828308105,
          "acoustic_entropy_side": 10.354350090026855,
          "hz": 7499.796634079867
        },
        {
          "acoustic_entropy": 10.62235164642334,
          "acoustic_entropy_side": 10.366368293762207,
          "hz": 8225.96088609342
        },
        {
          "acoustic_entropy": 10.610051155090332,
          "acoustic_entropy_side": 10.377257347106934,
          "hz": 9016.43338188839
        },
        {
          "acoustic_entropy": 10.598824501037598,
          "acoustic_entropy_side": 10.307487487792969,
          "hz": 9876.909183162974
        },
        {
          "acoustic_entropy": 10.805874824523926,
          "acoustic_entropy_side": 10.292250633239746,
          "hz": 10813.587699516042
        },
        {
          "acoustic_entropy": 10.575830459594727,
          "acoustic_entropy_side": 10.28357219696045,
          "hz": 11833.21735289826
        },
        {
          "acoustic_entropy": 10.36271858215332,
          "acoustic_entropy_side": 10.284235000610352,
          "hz": 12943.144197493959
        },
        {
          "acoustic_entropy": 10.438716888427734,
          "acoustic_entropy_side": 10.295668601989746,
          "hz": 14151.364845322005
        },
        {
          "acoustic_entropy": 10.316530227661133,
          "acoustic_entropy_side": 10.294839859008789,
          "hz": 15466.58407886509
        },
        {
          "acoustic_entropy": 10.28253173828125,
          "acoustic_entropy_side": 10.295454025268555,
          "hz": 16898.27756580493
        },
        {
          "acoustic_entropy": 10.281184196472168,
          "acoustic_entropy_side": 10.2835111618042,
          "hz": 18456.760127700032
        },
        {
          "acoustic_entropy": 10.28059196472168,
          "acoustic_entropy_side": 10.280638694763184,
          "hz": 20153.260054456492
        },
        {
          "acoustic_entropy": 10.279390335083008,
          "acoustic_entropy_side": 10.27935791015625,
          "hz": 22000.00000000001
        }
      ],
      "diff_acoustic_entropy": 7.2228240966796875,
      "sn": 6
    },
    {
      "acoustic_entropy": 15.881431579589844,
      "acoustic_entropy_mono": 15.429032325744629,
      "band_eliminated_acoustic_entropies": [
        {
          "acoustic_entropy": 16.063861846923828,
          "acoustic_entropy_side": 15.880959510803223,
          "hz": 129.47220167065723
        },
        {
          "acoustic_entropy": 15.629040718078613,
          "acoustic_entropy_side": 15.847346305847168,
          "hz": 202.92927478742237
        },
        {
          "acoustic_entropy": 16.163541793823242,
          "acoustic_entropy_side": 15.925851821899414,
          "hz": 282.89161906338205
        },
        {
          "acoustic_entropy": 14.38700008392334,
          "acoustic_entropy_side": 15.703214645385742,
          "hz": 369.9353335868758
        },
        {
          "acoustic_entropy": 16.039718627929688,
          "acoustic_entropy_side": 15.611980438232422,
          "hz": 464.6875360973435
        },
        {
          "acoustic_entropy": 15.706351280212402,
          "acoustic_entropy_side": 16.010623931884766,
          "hz": 567.8308811364784
        },
        {
          "acoustic_entropy": 14.159367561340332,
          "acoustic_entropy_side": 15.762857437133789,
          "hz": 680.1084783214808
        },
        {
          "acoustic_entropy": 15.090444564819336,
          "acoustic_entropy_side": 15.642328262329102,
          "hz": 802.3292461747484
        },
        {
          "acoustic_entropy": 15.243102073669434,
          "acoustic_entropy_side": 15.706171035766602,
          "hz": 935.3737400823702
        },
        {
          "acoustic_entropy": 15.306824684143066,
          "acoustic_entropy_side": 15.771211624145508,
          "hz": 1080.2004963696966
        },
        {
          "acoustic_entropy": 14.99606990814209,
          "acoustic_entropy_side": 15.502333641052246,
          "hz": 1237.8529382007157
        },
        {
          "acoustic_entropy": 15.223109245300293,
          "acoustic_entropy_side": 15.6712064743042,
          "hz": 1409.4668930556702
        },
        {
          "acoustic_entropy": 15.715106964111328,
          "acoustic_entropy_side": 16.109630584716797,
          "hz": 1596.2787759475705
        },
        {
          "acoustic_entropy": 15.840712547302246,
          "acoustic_entropy_side": 15.840110778808594,
          "hz": 1799.6344973346393
        },
        {
          "acoustic_entropy": 15.314351081848145,
          "acoustic_entropy_side": 15.902158737182617,
          "hz": 2020.9991599069049
        },
        {
          "acoustic_entropy": 15.31436538696289,
          "acoustic_entropy_side": 15.784069061279297,
          "hz": 2261.9676141086993
        },
        {
          "acoustic_entropy": 15.988222122192383,
          "acoustic_entropy_side": 15.933656692504883,
          "hz": 2524.2759484456974
        },
        {
          "acoustic_entropy": 15.73644733428955,
          "acoustic_entropy_side": 15.911121368408203,
          "hz": 2809.813997359896
        },
        {
          "acoustic_entropy": 15.862407684326172,
          "acoustic_entropy_side": 15.928033828735352,
          "hz": 3120.6389567871424
        },
        {
          "acoustic_entropy": 15.690131187438965,
          "acoustic_entropy_side": 15.839115142822266,
          "hz": 3458.990205492291
        },
        {
          "acoustic_entropy": 15.912731170654297,
          "acoustic_entropy_side": 15.841653823852539,
          "hz": 3827.305438964164
        },
        {
          "acoustic_entropy": 15.801159858703613,
          "acoustic_entropy_side": 15.849666595458984,
          "hz": 4228.238232109126
        },
        {
          "acoustic_entropy": 15.84727668762207,
          "acoustic_entropy_side": 15.734357833862305,
          "hz": 4664.6771572759235
        },
        {
          "acoustic_entropy": 16.100589752197266,
          "acoustic_entropy_side": 15.771848678588867,
          "hz": 5139.766595350093
        },
        {
          "acoustic_entropy": 16.026325225830078,
          "acoustic_entropy_side": 15.766770362854004,
          "hz": 5656.929389854203
        },
        {
          "acoustic_entropy": 15.61284065246582,
          "acoustic_entropy_side": 15.787771224975586,
          "hz": 6219.891507268283
        },
        {
          "acoustic_entropy": 15.640666961669922,
          "acoustic_entropy_side": 15.759570121765137,
          "hz": 6832.70888123896
        },
        {
          "acoustic_entropy": 15.62196159362793,
          "acoustic_entropy_side": 15.75587272644043,
          "hz": 7499.796634079867
        },
        {
          "acoustic_entropy": 15.536182403564453,
          "acoustic_entropy_side": 15.769012451171875,
          "hz": 8225.96088609342
        },
        {
          "acoustic_entropy": 15.524751663208008,
          "acoustic_entropy_side": 15.721397399902344,
          "hz": 9016.43338188839
        },
        {
          "acoustic_entropy": 15.697206497192383,
          "acoustic_entropy_side": 15.810839653015137,
          "hz": 9876.909183162974
        },
        {
          "acoustic_entropy": 16.091474533081055,
          "acoustic_entropy_side": 15.864450454711914,
          "hz": 10813.587699516042
        },
        {
          "acoustic_entropy": 15.784601211547852,
          "acoustic_entropy_side": 15.890125274658203,
          "hz": 11833.21735289826
        },
        {
          "acoustic_entropy": 15.544452667236328,
          "acoustic_entropy_side": 15.880537033081055,
          "hz": 12943.144197493959
        },
        {
          "acoustic_entropy": 15.317811012268066,
          "acoustic_entropy_side": 15.845410346984863,
          "hz": 14151.364845322005
        },
        {
          "acoustic_entropy": 15.330008506774902,
          "acoustic_entropy_side": 15.792530059814453,
          "hz": 15466.58407886509
        },
        {
          "acoustic_entropy": 15.3840970993042,
          "acoustic_entropy_side": 15.766718864440918,
          "hz": 16898.27756580493
        },
        {
          "acoustic_entropy": 15.804727554321289,
          "acoustic_entropy_side": 15.851937294006348,
          "hz": 18456.760127700032
        },
        {
          "acoustic_entropy": 15.876790046691895,
          "acoustic_entropy_side": 15.880608558654785,
          "hz": 20153.260054456492
        },
        {
          "acoustic_entropy": 15.882162094116211,
          "acoustic_entropy_side": 15.881963729858398,
          "hz": 22000.00000000001
        }
      ],
      "diff_acoustic_entropy": 10.751861572265625,
      "sn": 12
    },
    {
      "acoustic_entropy": 23.282493591308594,
      "acoustic_entropy_mono": 20.550806045532227,
      "band_eliminated_acoustic_entropies": [
        {
          "acoustic_entropy": 21.6236572265625,
          "acoustic_entropy_side": 23.26163673400879,
          "hz": 129.47220167065723
        },
        {
          "acoustic_entropy": 23.07335662841797,
          "acoustic_entropy_side": 23.247127532958984,
          "hz": 202.92927478742237
        },
        {
          "acoustic_entropy": 22.409414291381836,
          "acoustic_entropy_side": 22.43588638305664,
          "hz": 282.89161906338205
        },
        {
          "acoustic_entropy": 22.09899139404297,
          "acoustic_entropy_side": 23.080991744995117,
          "hz": 369.9353335868758
        },
        {
          "acoustic_entropy": 23.498666763305664,
          "acoustic_entropy_side": 22.988265991210938,
          "hz": 464.6875360973435
        },
        {
          "acoustic_entropy": 21.93695640563965,
          "acoustic_entropy_side": 22.741073608398438,
          "hz": 567.8308811364784
        },
        {
          "acoustic_entropy": 21.384777069091797,
          "acoustic_entropy_side": 22.798221588134766,
          "hz": 680.1084783214808
        },
        {
          "acoustic_entropy": 21.916650772094727,
          "acoustic_entropy_side": 22.510278701782227,
          "hz": 802.3292461747484
        },
        {
          "acoustic_entropy": 22.110872268676758,
          "acoustic_entropy_side": 22.239383697509766,
          "hz": 935.3737400823702
        },
        {
          "acoustic_entropy": 22.787736892700195,
          "acoustic_entropy_side": 22.934621810913086,
          "hz": 1080.2004963696966
        },
        {
          "acoustic_entropy": 22.301603317260742,
          "acoustic_entropy_side": 23.281892776489258,
          "hz": 1237.8529382007157
        },
        {
          "acoustic_entropy": 22.851909637451172,
          "acoustic_entropy_side": 23.048145294189453,
          "hz": 1409.4668930556702
        },
        {
          "acoustic_entropy": 22.071882247924805,
          "acoustic_entropy_side": 22.895214080810547,
          "hz": 1596.2787759475705
        },
        {
          "acoustic_entropy": 23.22208023071289,
          "acoustic_entropy_side": 23.136632919311523,
          "hz": 1799.6344973346393
        },
        {
          "acoustic_entropy": 22.431285858154297,
          "acoustic_entropy_side": 23.04726219177246,
          "hz": 2020.9991599069049
        },
        {
          "acoustic_entropy": 23.210254669189453,
          "acoustic_entropy_side": 23.151018142700195,
          "hz": 2261.9676141086993
        },
        {
          "acoustic_entropy": 23.308841705322266,
          "acoustic_entropy_side": 23.16619873046875,
          "hz": 2524.2759484456974
        },
        {
          "acoustic_entropy": 21.93932342529297,
          "acoustic_entropy_side": 22.296222686767578,
