{
  "acoustic_entropy": 202.94627380371094,
  "bands": [
    {
      "high_freq": 148.1999969482422,
      "loudness": -18.69057846069336,
      "loudness_range": 3.2453994750976562,
      "mid_mean": -15.036863327026367,
      "mid_to_side_loudness": -31.487224578857422,
      "mid_to_side_loudness_range": 23.86308479309082,
      "side_mean": -47.68439865112305
    },
    {
      "high_freq": 392.3793640136719,
      "loudness": -20.755016326904297,
      "loudness_range": 8.223461151123047,
      "low_freq": 148.1999969482422,
      "mid_mean": -17.722064971923828,
      "mid_to_side_loudness": -9.187604904174805,
      "mid_to_side_loudness_range": 13.122005462646484,
      "side_mean": -27.127561569213867
    },
    {
      "high_freq": 794.6976318359375,
      "loudness": -21.01731300354004,
      "loudness_range": 10.482388496398926,
      "low_freq": 392.3793640136719,
      "mid_mean": -18.223800659179688,
      "mid_to_side_loudness": -7.389708518981934,
      "mid_to_side_loudness_range": 12.974224090576172,
      "side_mean": -25.921613693237305
    },
    {
      "high_freq": 1457.5709228515625,
      "loudness": -21.21171760559082,
      "loudness_range": 11.631403923034668,
      "low_freq": 794.6976318359375,
      "mid_mean": -18.549264907836914,
      "mid_to_side_loudness": -6.689119338989258,
      "mid_to_side_loudness_range": 11.550585746765137,
      "side_mean": -25.450841903686523
    },
    {
      "high_freq": 2549.74365234375,
      "loudness": -20.842927932739258,
      "loudness_range": 12.081278800964355,
      "low_freq": 1457.5709228515625,
      "mid_mean": -17.90773582458496,
      "mid_to_side_loudness": -8.648784637451172,
      "mid_to_side_loudness_range": 12.651028633117676,
      "side_mean": -26.879165649414062
    },
    {
      "high_freq": 4349.24462890625,
      "loudness": -21.523719787597656,
      "loudness_range": 11.664285659790039,
      "low_freq": 2549.74365234375,
      "mid_mean": -18.236719131469727,
      "mid_to_side_loudness": -11.42330265045166,
      "mid_to_side_loudness_range": 13.335622787475586,
      "side_mean": -30.587448120117188
    },
    {
      "high_freq": 7314.1640625,
      "loudness": -24.1757869720459,
      "loudness_range": 10.162576675415039,
      "low_freq": 4349.24462890625,
      "mid_mean": -21.028221130371094,
      "mid_to_side_loudness": -9.600780487060547,
      "mid_to_side_loudness_range": 9.239338874816895,
      "side_mean": -30.84125328063965
    },
    {
      "high_freq": 12199.2666015625,
      "loudness": -27.47471809387207,
      "loudness_range": 10.613861083984375,
      "low_freq": 7314.1640625,
      "mid_mean": -24.318281173706055,
      "mid_to_side_loudness": -9.624738693237305,
      "mid_to_side_loudness_range": 10.78616714477539,
      "side_mean": -34.18896484375
    },
    {
      "loudness": -31.016420364379883,
      "loudness_range": 9.571477890014648,
      "low_freq": 12199.2666015625,
      "mid_mean": -27.7891845703125,
      "mid_to_side_loudness": -9.807870864868164,
      "mid_to_side_loudness_range": 5.369405269622803,
      "side_mean": -37.80342483520508
    }
  ],
  "bands_short": [
    {
      "high_freq": 148.1999969482422,
      "loudness": -19.864152908325195,
      "loudness_range": 7.788477897644043,
      "mid_mean": -16.196414947509766,
      "mid_to_side_loudness": -37.06507110595703,
      "mid_to_side_loudness_range": 34.124549865722656,
      "side_mean": -55.30825424194336
    },
    {
      "high_freq": 392.3793640136719,
      "loudness": -21.59136962890625,
      "loudness_range": 11.47329044342041,
      "low_freq": 148.1999969482422,
      "mid_mean": -18.58262062072754,
      "mid_to_side_loudness": -10.20712947845459,
      "mid_to_side_loudness_range": 16.07611083984375,
      "side_mean": -28.910015106201172
    },
    {
      "high_freq": 794.6976318359375,
      "loudness": -21.528852462768555,
      "loudness_range": 14.422555923461914,
      "low_freq": 392.3793640136719,
      "mid_mean": -18.98926544189453,
      "mid_to_side_loudness": -6.869654178619385,
      "mid_to_side_loudness_range": 14.897866249084473,
      "side_mean": -26.128049850463867
    },
    {
      "high_freq": 1457.5709228515625,
      "loudness": -22.246923446655273,
      "loudness_range": 15.260799407958984,
      "low_freq": 794.6976318359375,
      "mid_mean": -19.814781188964844,
      "mid_to_side_loudness": -6.505342960357666,
      "mid_to_side_loudness_range": 15.222169876098633,
      "side_mean": -26.53211212158203
    },
    {
      "high_freq": 2549.74365234375,
      "loudness": -22.045154571533203,
      "loudness_range": 16.228466033935547,
      "low_freq": 1457.5709228515625,
      "mid_mean": -19.21302604675293,
      "mid_to_side_loudness": -8.677204132080078,
      "mid_to_side_loudness_range": 16.899578094482422,
      "side_mean": -28.38663673400879
    },
    {
      "high_freq": 4349.24462890625,
      "loudness": -22.746517181396484,
      "loudness_range": 16.96951675415039,
      "low_freq": 2549.74365234375,
      "mid_mean": -19.497217178344727,
      "mid_to_side_loudness": -10.869402885437012,
      "mid_to_side_loudness_range": 17.69097900390625,
      "side_mean": -31.352581024169922
    },
    {
      "high_freq": 7314.1640625,
      "loudness": -25.189990997314453,
      "loudness_range": 14.371017456054688,
      "low_freq": 4349.24462890625,
      "mid_mean": -22.068456649780273,
      "mid_to_side_loudness": -9.541372299194336,
      "mid_to_side_loudness_range": 12.00633430480957,
      "side_mean": -32.27558517456055
    },
    {
      "high_freq": 12199.2666015625,
      "loudness": -28.609331130981445,
      "loudness_range": 14.646100997924805,
      "low_freq": 7314.1640625,
      "mid_mean": -25.51251220703125,
      "mid_to_side_loudness": -9.410494804382324,
      "mid_to_side_loudness_range": 13.673807144165039,
      "side_mean": -35.60402297973633
    },
    {
      "loudness": -32.9088134765625,
      "loudness_range": 16.65262222290039,
      "low_freq": 12199.2666015625,
      "mid_mean": -29.668176651000977,
      "mid_to_side_loudness": -10.31610107421875,
      "mid_to_side_loudness_range": 12.719108581542969,
      "side_mean": -40.033504486083984
    }
  ],
  "bandwidth": 733.92822265625,
  "channels": 2,
  "covariance": [
    [
      6.127655982971191,
      1.1420624256134033,
      2.341437339782715,
      2.017240524291992,
      2.408268928527832,
      1.0932137966156006,
      1.564110517501831,
      0.43817710876464844,
      1.920135498046875,
      0.7446706295013428,
      0.7264938354492188,
      1.6899946928024292,
      0.5680234432220459,
      -0.0627167746424675,
      0.6151149868965149,
      0.7528555393218994,
      -0.18686045706272125,
      -0.2783246338367462
    ],
    [
      1.1420624256134033,
      49.43216323852539,
      0.008772519417107105,
      -0.10064413398504257,
      -0.10242617130279541,
      -1.660002589225769,
      1.8697856664657593,
      -0.4754696786403656,
      0.974634051322937,
      -1.700912594795227,
      -0.3617934584617615,
      -2.2713940143585205,
      -1.4623693227767944,
      -3.5749402046203613,
      -3.0405757427215576,
      -8.369112014770508,
      -6.85186767578125,
      -12.718082427978516
    ],
    [
      2.341437339782715,
      0.008772519417107105,
      11.915031433105469,
      4.313395977020264,
      5.878811836242676,
      3.0249855518341064,
      0.7204885482788086,
      0.39238834381103516,
      1.614737629890442,
      -0.4009109139442444,
      1.9944323301315308,
      2.5681891441345215,
      2.5158915519714355,
      0.9339064955711365,
      2.3734710216522217,
      1.0913925170898438,
      1.0517525672912598,
      1.1151827573776245
    ],
    [
      2.017240524291992,
      -0.10064413398504257,
      4.313395977020264,
      15.969974517822266,
      5.711709022521973,
      7.241507530212402,
      2.770589590072632,
      5.503241062164307,
      2.0781044960021973,
      8.138477325439453,
      4.396056175231934,
      11.943285942077637,
      3.7455310821533203,
      6.76188850402832,
      5.154238700866699,
      8.334362030029297,
      4.405149459838867,
      4.694403171539307
    ],
    [
      2.408268928527832,
      -0.10242617130279541,
      5.878811836242676,
      5.711709022521973,
      20.36998748779297,
      11.429950714111328,
      12.520744323730469,
      5.821902751922607,
      12.994590759277344,
      10.233123779296875,
      10.248348236083984,
      15.573143005371094,
      8.719505310058594,
      6.107287406921387,
      7.321779727935791,
      8.507817268371582,
      4.503788948059082,
      6.405716419219971
    ],
    [
      1.0932137966156006,
      -1.660002589225769,
      3.0249855518341064,
      7.241507530212402,
      11.429950714111328,
      19.304088592529297,
      10.948946952819824,
      8.7100830078125,
      10.196159362792969,
      15.274706840515137,
      8.827898979187012,
      19.878494262695312,
      7.524540424346924,
      9.724342346191406,
      8.459227561950684,
      12.738443374633789,
      7.659060001373291,
      10.142064094543457
    ],
    [
      1.564110517501831,
      1.8697856664657593,
      0.7204885482788086,
      2.770589590072632,
      12.520744323730469,
      10.948946952819824,
      23.280920028686523,
      9.240652084350586,
      18.526002883911133,
      14.95032787322998,
      11.343379974365234,
      17.18416976928711,
      8.572120666503906,
      6.752355098724365,
      6.305595874786377,
      7.339381694793701,
      4.0148701667785645,
      6.153107643127441
    ],
    [
      0.43817710876464844,
      -0.4754696786403656,
      0.39238834381103516,
      5.503241062164307,
      5.821902751922607,
      8.7100830078125,
      9.240652084350586,
      9.587552070617676,
      6.971916675567627,
      12.49825382232666,
      5.976951599121094,
      13.019781112670898,
      5.215460300445557,
      6.273313999176025,
      5.809391021728516,
      7.647233963012695,
      5.1332807540893555,
      6.839337348937988
    ],
    [
      1.920135498046875,
      0.974634051322937,
      1.614737629890442,
      2.0781044960021973,
      12.994590759277344,
      10.196159362792969,
      18.526002883911133,
      6.971916675567627,
      23.084012985229492,
      14.733731269836426,
      12.92049789428711,
      18.40997886657715,
      10.435120582580566,
      7.572604179382324,
      7.375673294067383,
      8.460031509399414,
      4.786966800689697,
      6.842228889465332
    ],
    [
      0.7446706295013428,
      -1.700912594795227,
      -0.4009109139442444,
      8.138477325439453,
      10.233123779296875,
      15.274706840515137,
      14.95032787322998,
      12.49825382232666,
      14.733731269836426,
      26.284677505493164,
      12.157675743103027,
      26.527023315429688,
      9.544501304626465,
      12.602685928344727,
      10.379353523254395,
      15.774898529052734,
      9.481786727905273,
      12.709334373474121
    ],
    [
      0.7264938354492188,
      -0.3617934584617615,
      1.9944323301315308,
      4.396056175231934,
      10.248348236083984,
      8.827898979187012,
      11.343379974365234,
      5.976951599121094,
      12.92049789428711,
      12.157675743103027,
      19.138763427734375,
      16.741344451904297,
      11.813216209411621,
      9.799211502075195,
      7.127354621887207,
      10.1355619430542,
      2.9959218502044678,
      6.513559341430664
    ],
    [
      1.6899946928024292,
      -2.2713940143585205,
      2.5681891441345215,
      11.943285942077637,
      15.573143005371094,
      19.878494262695312,
      17.18416976928711,
      13.019781112670898,
      18.40997886657715,
      26.527023315429688,
      16.741344451904297,
      39.95089340209961,
      14.9405517578125,
      20.93393898010254,
      14.789525985717773,
      22.506404876708984,
      11.288771629333496,
      15.724725723266602
    ],
    [
      0.5680234432220459,
      -1.4623693227767944,
      2.5158915519714355,
      3.7455310821533203,
      8.719505310058594,
      7.524540424346924,
      8.572120666503906,
      5.215460300445557,
      10.435120582580566,
      9.544501304626465,
      11.813216209411621,
      14.9405517578125,
      14.999616622924805,
      12.639914512634277,
      10.227075576782227,
      12.86171817779541,
      4.901947975158691,
      8.426301002502441
    ],
    [
      -0.0627167746424675,
      -3.5749402046203613,
      0.9339064955711365,
      6.76188850402832,
      6.107287406921387,
      9.724342346191406,
      6.752355098724365,
      6.273313999176025,
      7.572604179382324,
      12.602685928344727,
      9.799211502075195,
      20.93393898010254,
      12.639914512634277,
      22.981698989868164,
      11.223323822021484,
      21.29705810546875,
      7.79148006439209,
      12.661150932312012
    ],
    [
      0.6151149868965149,
      -3.0405757427215576,
      2.3734710216522217,
      5.154238700866699,
      7.321779727935791,
      8.459227561950684,
      6.305595874786377,
      5.809391021728516,
      7.375673294067383,
      10.379353523254395,
      7.127354621887207,
      14.789525985717773,
      10.227075576782227,
      11.223323822021484,
      14.989001274108887,
      15.631022453308105,
      10.460783004760742,
      12.814188957214355
    ],
    [
      0.7528555393218994,
      -8.369112014770508,
      1.0913925170898438,
      8.334362030029297,
      8.507817268371582,
      12.738443374633789,
      7.339381694793701,
      7.647233963012695,
      8.460031509399414,
      15.774898529052734,
      10.1355619430542,
      22.506404876708984,
      12.86171817779541,
      21.29705810546875,
      15.631022453308105,
      32.14349365234375,
      13.185934066772461,
      23.092912673950195
    ],
    [
      -0.18686045706272125,
      -6.85186767578125,
      1.0517525672912598,
      4.405149459838867,
      4.503788948059082,
      7.659060001373291,
      4.0148701667785645,
      5.1332807540893555,
      4.786966800689697,
      9.481786727905273,
      2.9959218502044678,
      11.288771629333496,
      4.901947975158691,
      7.79148006439209,
      10.460783004760742,
      13.185934066772461,
      15.083288192749023,
      18.180524826049805
    ],
    [
      -0.2783246338367462,
      -12.718082427978516,
      1.1151827573776245,
      4.694403171539307,
      6.405716419219971,
      10.142064094543457,
      6.153107643127441,
      6.839337348937988,
      6.842228889465332,
      12.709334373474121,
      6.513559341430664,
      15.724725723266602,
      8.426301002502441,
      12.661150932312012,
      12.814188957214355,
      23.092912673950195,
      18.180524826049805,
      33.485557556152344
    ]
  ],
  "covariance_short": [
    [
      12.622992515563965,
      0.9226245880126953,
      -0.6787265539169312,
      1.1279867887496948,
      -0.8187200427055359,
      0.34612393379211426,
      -1.1983757019042969,
      -0.14422844350337982,
      -1.4801682233810425,
      -1.0978028774261475,
      -1.7022579908370972,
      -0.776343047618866,
      -1.8493560552597046,
      -1.2927755117416382,
      -1.110297679901123,
      -0.9443758130073547,
      -2.5073606967926025,
      -3.814899206161499
    ],
    [
      0.9226245880126953,
      85.24406433105469,
      9.366817474365234,
      11.504429817199707,
      11.370863914489746,
      6.2875542640686035,
      13.368119239807129,
      7.441891193389893,
      12.323009490966797,
      9.988785743713379,
      10.819084167480469,
      10.211176872253418,
      10.280900955200195,
      10.13953685760498,
      6.3991193771362305,
      4.413820266723633,
      -3.1807968616485596,
      -4.316213130950928
    ],
    [
      -0.6787265539169312,
      9.366817474365234,
      21.625102996826172,
      7.992707252502441,
      8.346537590026855,
      5.450678825378418,
      2.8119959831237793,
      3.8776237964630127,
      2.6860177516937256,
      3.2061007022857666,
      4.575408935546875,
      2.9983811378479004,
      4.452001094818115,
      4.57140588760376,
      4.2804646492004395,
      4.388182640075684,
      5.395763874053955,
      6.313769340515137
    ],
    [
      1.1279867887496948,
      11.504429817199707,
      7.992707252502441,
      28.1610164642334,
      8.982868194580078,
      12.881153106689453,
      6.303772926330566,
      12.573348045349121,
      4.969766139984131,
      15.390891075134277,
      7.505797386169434,
      14.175596237182617,
      6.859767913818359,
      10.90703010559082,
      8.111879348754883,
      11.48630428314209,
      8.239158630371094,
      9.994939804077148
    ],
    [
      -0.8187200427055359,
      11.370863914489746,
      8.346537590026855,
      8.982868194580078,
      33.09872055053711,
      16.968976974487305,
      18.97191619873047,
      11.331781387329102,
      18.588665008544922,
      16.18558692932129,
      17.920318603515625,
      19.525386810302734,
      12.721156120300293,
      12.939671516418457,
      10.621238708496094,
      13.86344051361084,
      8.774735450744629,
      12.703790664672852
    ],
    [
      0.34612393379211426,
      6.2875542640686035,
      5.450678825378418,
      12.881153106689453,
      16.968976974487305,
      30.084915161132812,
      14.31435775756836,
      16.451904296875,
      13.124760627746582,
      23.727176666259766,
      12.087281227111816,
      24.982168197631836,
      10.294095993041992,
      15.829647064208984,
      12.610455513000488,
      19.124279022216797,
      14.039852142333984,
      17.687397003173828
    ],
    [
      -1.1983757019042969,
      13.368119239807129,
      2.8119959831237793,
      6.303772926330566,
      18.97191619873047,
      14.31435775756836,
      38.457298278808594,
      16.67683982849121,
      29.221242904663086,
      24.258346557617188,
      22.936336517333984,
      22.558433532714844,
      16.07662582397461,
      14.46750545501709,
      12.074520111083984,
      13.373529434204102,
      9.652667999267578,
      12.648147583007812
    ],
    [
      -0.14422844350337982,
      7.441891193389893,
      3.8776237964630127,
      12.573348045349121,
      11.331781387329102,
      16.451904296875,
      16.67683982849121,
      24.984174728393555,
      12.709457397460938,
      24.41290283203125,
      11.805764198303223,
      20.294679641723633,
      10.293798446655273,
      14.028470039367676,
      11.481959342956543,
      15.05311107635498,
      12.32565689086914,
      15.374908447265625
    ],
    [
      -1.4801682233810425,
      12.323009490966797,
      2.6860177516937256,
      4.969766139984131,
      18.588665008544922,
      13.124760627746582,
      29.221242904663086,
      12.709457397460938,
      36.66115188598633,
      23.972227096557617,
      26.288663864135742,
      23.388490676879883,
      18.87479591369629,
      16.475038528442383,
      13.90242862701416,
      15.417974472045898,
      11.323166847229004,
      14.079344749450684
    ],
    [
      -1.0978028774261475,
      9.988785743713379,
      3.2061007022857666,
      15.390891075134277,
      16.18558692932129,
      23.727176666259766,
      24.258346557617188,
      24.41290283203125,
      23.972227096557617,
      48.82976150512695,
      20.658342361450195,
      38.8000373840332,
      17.13076400756836,
      24.79192543029785,
      18.679250717163086,
      26.51932144165039,
      20.777372360229492,
      25.206628799438477
    ],
    [
      -1.7022579908370972,
      10.819084167480469,
      4.575408935546875,
      7.505797386169434,
      17.920318603515625,
      12.087281227111816,
      22.936336517333984,
      11.805764198303223,
      26.288663864135742,
      20.658342361450195,
      34.249263763427734,
      23.71977996826172,
      22.864627838134766,
      18.746402740478516,
      15.611335754394531,
      16.819887161254883,
      10.948307037353516,
      13.987035751342773
    ],
    [
      -0.776343047618866,
      10.211176872253418,
      2.9983811378479004,
      14.175596237182617,
      19.525386810302734,
      24.982168197631836,
      22.558433532714844,
      20.294679641723633,
      23.388490676879883,
      38.8000373840332,
      23.71977996826172,
      51.570762634277344,
      20.84485626220703,
      32.54023361206055,
      21.554059982299805,
      32.25383758544922,
      20.214946746826172,
      26.412572860717773
    ],
    [
      -1.8493560552597046,
      10.280900955200195,
      4.452001094818115,
      6.859767913818359,
      12.721156120300293,
      10.294095993041992,
      16.07662582397461,
      10.293798446655273,
      18.87479591369629,
      17.13076400756836,
      22.864627838134766,
      20.84485626220703,
      26.448314666748047,
      23.520925521850586,
      20.278427124023438,
      23.158361434936523,
      14.769122123718262,
      18.504167556762695
    ],
    [
      -1.2927755117416382,
      10.13953685760498,
      4.57140588760376,
      10.90703010559082,
      12.939671516418457,
      15.829647064208984,
      14.46750545501709,
      14.028470039367676,
      16.475038528442383,
      24.79192543029785,
      18.746402740478516,
      32.54023361206055,
      23.520925521850586,
      42.6175537109375,
      23.173519134521484,
      39.653324127197266,
      20.36343765258789,
      29.380674362182617
    ],
    [
      -1.110297679901123,
      6.3991193771362305,
      4.2804646492004395,
      8.111879348754883,
      10.621238708496094,
      12.610455513000488,
      12.074520111083984,
      11.481959342956543,
      13.90242862701416,
      18.679250717163086,
      15.611335754394531,
      21.554059982299805,
      20.278427124023438,
      23.173519134521484,
      27.194669723510742,
      28.741731643676758,
      24.05181884765625,
      27.334531784057617
    ],
    [
      -0.9443758130073547,
      4.413820266723633,
      4.388182640075684,
      11.48630428314209,
      13.86344051361084,
      19.124279022216797,
      13.373529434204102,
      15.05311107635498,
      15.417974472045898,
      26.51932144165039,
      16.819887161254883,
      32.25383758544922,
      23.158361434936523,
      39.653324127197266,
      28.741731643676758,
      54.46942901611328,
      28.565532684326172,
      42.68855285644531
    ],
    [
      -2.5073606967926025,
      -3.1807968616485596,
      5.395763874053955,
      8.239158630371094,
      8.774735450744629,
      14.039852142333984,
      9.652667999267578,
      12.32565689086914,
      11.323166847229004,
      20.777372360229492,
      10.948307037353516,
      20.214946746826172,
      14.769122123718262,
      20.36343765258789,
      24.05181884765625,
      28.565532684326172,
      35.81700134277344,
      40.623756408691406
    ],
    [
      -3.814899206161499,
      -4.316213130950928,
      6.313769340515137,
      9.994939804077148,
      12.703790664672852,
      17.687397003173828,
      12.648147583007812,
      15.374908447265625,
      14.079344749450684,
      25.206628799438477,
      13.987035751342773,
      26.412572860717773,
      18.504167556762695,
      29.380674362182617,
      27.334531784057617,
      42.68855285644531,
      40.623756408691406,
      67.7105712890625
    ]
  ],
  "damage": -5.757807731628418,
  "diff_bandwidth": 751.2230834960938,
  "dissonance": 10.083503683528361,
  "drr": 4.389278888702393,
  "dynamics": 2.2891385555267334,
  "format": 1245190,
  "frames": 9083840,
  "loudness": -8.328388214111328,
  "loudness_range": 5.464643955230713,
  "loudness_range_short": 8.013773918151855,
  "lowpass_true_peak_15khz": 1.29801607131958,
  "mastering3_acoustic_entropies": [
    {
      "acoustic_entropy": 6.653872966766357,
      "acoustic_entropy_mono": 6.727229595184326,
      "band_eliminated_acoustic_entropies": [
        {
          "acoustic_entropy": 6.6774983406066895,
          "acoustic_entropy_side": 6.653870105743408,
          "hz": 129.47220167065723
        },
        {
          "acoustic_entropy": 6.705345153808594,
          "acoustic_entropy_side": 6.65391731262207,
          "hz": 202.92927478742237
        },
        {
          "acoustic_entropy": 6.7312164306640625,
          "acoustic_entropy_side": 6.654791831970215,
          "hz": 282.89161906338205
        },
        {
          "acoustic_entropy": 6.408503532409668,
          "acoustic_entropy_side": 6.648796081542969,
          "hz": 369.9353335868758
        },
        {
          "acoustic_entropy": 6.365082263946533,
          "acoustic_entropy_side": 6.655344486236572,
          "hz": 464.6875360973435
        },
        {
          "acoustic_entropy": 6.49497127532959,
          "acoustic_entropy_side": 6.644787788391113,
          "hz": 567.8308811364784
        },
        {
          "acoustic_entropy": 6.662155628204346,
          "acoustic_entropy_side": 6.738509178161621,
          "hz": 680.1084783214808
        },
        {
          "acoustic_entropy": 6.971385955810547,
          "acoustic_entropy_side": 6.724483966827393,
          "hz": 802.3292461747484
        },
        {
          "acoustic_entropy": 6.986219882965088,
          "acoustic_entropy_side": 6.67228889465332,
          "hz": 935.3737400823702
        },
        {
          "acoustic_entropy": 6.52700662612915,
          "acoustic_entropy_side": 6.652797222137451,
          "hz": 1080.2004963696966
        },
        {
          "acoustic_entropy": 6.0890350341796875,
          "acoustic_entropy_side": 6.676013469696045,
          "hz": 1237.8529382007157
        },
        {
          "acoustic_entropy": 6.546933650970459,
          "acoustic_entropy_side": 6.665493965148926,
          "hz": 1409.4668930556702
        },
        {
          "acoustic_entropy": 6.536993026733398,
          "acoustic_entropy_side": 6.6642985343933105,
          "hz": 1596.2787759475705
        },
        {
          "acoustic_entropy": 6.25614595413208,
          "acoustic_entropy_side": 6.681674957275391,
          "hz": 1799.6344973346393
        },
        {
          "acoustic_entropy": 6.789600849151611,
          "acoustic_entropy_side": 6.792447566986084,
          "hz": 2020.9991599069049
        },
        {
          "acoustic_entropy": 6.840810775756836,
          "acoustic_entropy_side": 6.653689384460449,
          "hz": 2261.9676141086993
        },
        {
          "acoustic_entropy": 6.388657569885254,
          "acoustic_entropy_side": 6.440322399139404,
          "hz": 2524.2759484456974
        },
        {
          "acoustic_entropy": 6.838089466094971,
          "acoustic_entropy_side": 6.574220657348633,
          "hz": 2809.813997359896
        },
        {
          "acoustic_entropy": 6.403204441070557,
          "acoustic_entropy_side": 6.589627742767334,
          "hz": 3120.6389567871424
        },
        {
          "acoustic_entropy": 6.350958824157715,
          "acoustic_entropy_side": 6.60581111907959,
          "hz": 3458.990205492291
        },
        {
          "acoustic_entropy": 6.611642837524414,
          "acoustic_entropy_side": 6.594509124755859,
          "hz": 3827.305438964164
        },
        {
          "acoustic_entropy": 6.469254970550537,
          "acoustic_entropy_side": 6.516001224517822,
          "hz": 4228.238232109126
        },
        {
          "acoustic_entropy": 6.451455593109131,
          "acoustic_entropy_side": 6.567840576171875,
          "hz": 4664.6771572759235
        },
        {
          "acoustic_entropy": 6.5125250816345215,
          "acoustic_entropy_side": 6.584173202514648,
          "hz": 5139.766595350093
        },
        {
          "acoustic_entropy": 6.571864604949951,
          "acoustic_entropy_side": 6.623007774353027,
          "hz": 5656.929389854203
        },
        {
          "acoustic_entropy": 6.683305263519287,
          "acoustic_entropy_side": 6.620649814605713,
          "hz": 6219.891507268283
        },
        {
          "acoustic_entropy": 6.736612796783447,
          "acoustic_entropy_side": 6.594827651977539,
          "hz": 6832.70888123896
        },
        {
          "acoustic_entropy": 6.761358261108398,
          "acoustic_entropy_side": 6.627304553985596,
          "hz": 7499.796634079867
        },
        {
          "acoustic_entropy": 6.603917598724365,
          "acoustic_entropy_side": 6.637540817260742,
          "hz": 8225.96088609342
        },
        {
          "acoustic_entropy": 6.561653137207031,
          "acoustic_entropy_side": 6.641151428222656,
          "hz": 9016.43338188839
        },
        {
          "acoustic_entropy": 6.568050384521484,
          "acoustic_entropy_side": 6.647207260131836,
          "hz": 9876.909183162974
        },
        {
          "acoustic_entropy": 6.627226829528809,
          "acoustic_entropy_side": 6.678860664367676,
          "hz": 10813.587699516042
        },
        {
          "acoustic_entropy": 6.725966930389404,
          "acoustic_entropy_side": 6.741408348083496,
          "hz": 11833.21735289826
        },
        {
          "acoustic_entropy": 6.558211803436279,
          "acoustic_entropy_side": 6.692136764526367,
          "hz": 12943.144197493959
        },
        {
          "acoustic_entropy": 6.611530780792236,
          "acoustic_entropy_side": 6.675201416015625,
          "hz": 14151.364845322005
        },
        {
          "acoustic_entropy": 6.393003463745117,
          "acoustic_entropy_side": 6.656818866729736,
          "hz": 15466.58407886509
        },
        {
          "acoustic_entropy": 6.58221960067749,
          "acoustic_entropy_side": 6.652663230895996,
          "hz": 16898.27756580493
        },
        {
          "acoustic_entropy": 6.592604160308838,
          "acoustic_entropy_side": 6.652794361114502,
          "hz": 18456.760127700032
        },
        {
          "acoustic_entropy": 6.616610527038574,
          "acoustic_entropy_side": 6.653170585632324,
          "hz": 20153.260054456492
        },
        {
          "acoustic_entropy": 6.64730167388916,
          "acoustic_entropy_side": 6.6537909507751465,
          "hz": 22000.00000000001
        }
      ],
      "diff_acoustic_entropy": 6.0907464027404785,
      "sn": 6
    },
    {
      "acoustic_entropy": 10.01374626159668,
      "acoustic_entropy_mono": 11.10204029083252,
      "band_eliminated_acoustic_entropies": [
        {
          "acoustic_entropy": 10.017292022705078,
          "acoustic_entropy_side": 10.013700485229492,
          "hz": 129.47220167065723
        },
        {
          "acoustic_entropy": 10.162535667419434,
          "acoustic_entropy_side": 10.013607025146484,
          "hz": 202.92927478742237
        },
        {
          "acoustic_entropy": 9.716591835021973,
          "acoustic_entropy_side": 10.046862602233887,
          "hz": 282.89161906338205
        },
        {
          "acoustic_entropy": 10.85412311553955,
          "acoustic_entropy_side": 10.232815742492676,
          "hz": 369.9353335868758
        },
        {
          "acoustic_entropy": 8.993080139160156,
          "acoustic_entropy_side": 9.82568359375,
          "hz": 464.6875360973435
        },
        {
          "acoustic_entropy": 10.549581527709961,
          "acoustic_entropy_side": 9.984740257263184,
          "hz": 567.8308811364784
        },
        {
          "acoustic_entropy": 10.520483016967773,
          "acoustic_entropy_side": 10.017685890197754,
          "hz": 680.1084783214808
        },
        {
          "acoustic_entropy": 11.119551658630371,
          "acoustic_entropy_side": 10.622503280639648,
          "hz": 802.3292461747484
        },
        {
          "acoustic_entropy": 11.00760555267334,
          "acoustic_entropy_side": 10.430304527282715,
          "hz": 935.3737400823702
        },
        {
          "acoustic_entropy": 10.643723487854004,
          "acoustic_entropy_side": 10.092970848083496,
          "hz": 1080.2004963696966
        },
        {
          "acoustic_entropy": 9.761768341064453,
          "acoustic_entropy_side": 10.225982666015625,
          "hz": 1237.8529382007157
        },
        {
          "acoustic_entropy": 10.397347450256348,
          "acoustic_entropy_side": 9.936935424804688,
          "hz": 1409.4668930556702
        },
        {
          "acoustic_entropy": 10.433831214904785,
          "acoustic_entropy_side": 10.203559875488281,
          "hz": 1596.2787759475705
        },
        {
          "acoustic_entropy": 10.631658554077148,
          "acoustic_entropy_side": 10.25461483001709,
          "hz": 1799.6344973346393
        },
        {
          "acoustic_entropy": 10.225737571716309,
          "acoustic_entropy_side": 10.030088424682617,
          "hz": 2020.9991599069049
        },
        {
          "acoustic_entropy": 9.72563362121582,
          "acoustic_entropy_side": 9.654272079467773,
          "hz": 2261.9676141086993
        },
        {
          "acoustic_entropy": 9.503124237060547,
          "acoustic_entropy_side": 9.717954635620117,
          "hz": 2524.2759484456974
        },
        {
          "acoustic_entropy": 10.1556396484375,
          "acoustic_entropy_side": 10.128581047058105,
          "hz": 2809.813997359896
        },
        {
          "acoustic_entropy": 10.413531303405762,
          "acoustic_entropy_side": 10.166955947875977,
          "hz": 3120.6389567871424
        },
        {
          "acoustic_entropy": 10.1622314453125,
          "acoustic_entropy_side": 10.147137641906738,
          "hz": 3458.990205492291
        },
        {
          "acoustic_entropy": 9.971733093261719,
          "acoustic_entropy_side": 9.95999813079834,
          "hz": 3827.305438964164
        },
        {
          "acoustic_entropy": 9.749916076660156,
          "acoustic_entropy_side": 9.930329322814941,
          "hz": 4228.238232109126
        },
        {
          "acoustic_entropy": 10.082351684570312,
          "acoustic_entropy_side": 10.006194114685059,
          "hz": 4664.6771572759235
        },
        {
          "acoustic_entropy": 10.045268058776855,
          "acoustic_entropy_side": 10.049239158630371,
          "hz": 5139.766595350093
        },
        {
          "acoustic_entropy": 9.786232948303223,
          "acoustic_entropy_side": 10.18427848815918,
          "hz": 5656.929389854203
        },
        {
          "acoustic_entropy": 10.194268226623535,
          "acoustic_entropy_side": 10.354833602905273,
          "hz": 6219.891507268283
        },
        {
          "acoustic_entropy": 10.102240562438965,
          "acoustic_entropy_side": 10.336804389953613,
          "hz": 6832.70888123896
        },
        {
          "acoustic_entropy": 10.14317512512207,
          "acoustic_entropy_side": 10.268259048461914,
          "hz": 7499.796634079867
        },
        {
          "acoustic_entropy": 10.167963027954102,
          "acoustic_entropy_side": 10.08985710144043,
          "hz": 8225.96088609342
        },
        {
          "acoustic_entropy": 10.090291976928711,
          "acoustic_entropy_side": 10.042156219482422,
          "hz": 9016.43338188839
        },
        {
          "acoustic_entropy": 10.422026634216309,
          "acoustic_entropy_side": 10.070255279541016,
          "hz": 9876.909183162974
        },
        {
          "acoustic_entropy": 10.154031753540039,
          "acoustic_entropy_side": 9.988165855407715,
          "hz": 10813.587699516042
        },
        {
          "acoustic_entropy": 9.832903861999512,
          "acoustic_entropy_side": 9.993764877319336,
          "hz": 11833.21735289826
        },
        {
          "acoustic_entropy": 10.055944442749023,
          "acoustic_entropy_side": 10.088210105895996,
          "hz": 12943.144197493959
        },
        {
          "acoustic_entropy": 9.980744361877441,
          "acoustic_entropy_side": 10.034947395324707,
          "hz": 14151.364845322005
        },
        {
          "acoustic_entropy": 9.753637313842773,
          "acoustic_entropy_side": 9.983201026916504,
          "hz": 15466.58407886509
        },
        {
          "acoustic_entropy": 9.743977546691895,
          "acoustic_entropy_side": 9.979747772216797,
          "hz": 16898.27756580493
        },
        {
          "acoustic_entropy": 9.745380401611328,
          "acoustic_entropy_side": 9.979985237121582,
          "hz": 18456.760127700032
        },
        {
          "acoustic_entropy": 9.94612979888916,
          "acoustic_entropy_side": 9.98240852355957,
          "hz": 20153.260054456492
        },
        {
          "acoustic_entropy": 10.007771492004395,
          "acoustic_entropy_side": 10.001716613769531,
          "hz": 22000.00000000001
        }
      ],
      "diff_acoustic_entropy": 9.032959938049316,
      "sn": 12
    },
    {
      "acoustic_entropy": 15.946807861328125,
      "acoustic_entropy_mono": 14.08251667022705,
      "band_eliminated_acoustic_entropies": [
        {
          "acoustic_entropy": 15.808895111083984,
          "acoustic_entropy_side": 15.948823928833008,
          "hz": 129.47220167065723
        },
        {
          "acoustic_entropy": 16.430395126342773,
          "acoustic_entropy_side": 15.8436918258667,
          "hz": 202.92927478742237
        },
        {
          "acoustic_entropy": 16.632837295532227,
          "acoustic_entropy_side": 16.02256965637207,
          "hz": 282.89161906338205
        },
        {
          "acoustic_entropy": 16.733182907104492,
          "acoustic_entropy_side": 16.344526290893555,
          "hz": 369.9353335868758
        },
        {
          "acoustic_entropy": 15.278940200805664,
          "acoustic_entropy_side": 16.097366333007812,
          "hz": 464.6875360973435
        },
        {
          "acoustic_entropy": 17.039485931396484,
          "acoustic_entropy_side": 16.417877197265625,
          "hz": 567.8308811364784
        },
        {
          "acoustic_entropy": 16.168659210205078,
          "acoustic_entropy_side": 15.992349624633789,
          "hz": 680.1084783214808
        },
        {
          "acoustic_entropy": 15.725204467773438,
          "acoustic_entropy_side": 16.56062126159668,
          "hz": 802.3292461747484
        },
        {
          "acoustic_entropy": 16.412736892700195,
          "acoustic_entropy_side": 16.72002601623535,
          "hz": 935.3737400823702
        },
        {
          "acoustic_entropy": 16.86471939086914,
          "acoustic_entropy_side": 16.235740661621094,
          "hz": 1080.2004963696966
        },
        {
          "acoustic_entropy": 16.028728485107422,
          "acoustic_entropy_side": 16.209857940673828,
          "hz": 1237.8529382007157
        },
        {
          "acoustic_entropy": 16.355321884155273,
          "acoustic_entropy_side": 16.074434280395508,
          "hz": 1409.4668930556702
        },
        {
          "acoustic_entropy": 16.179990768432617,
          "acoustic_entropy_side": 15.567524909973145,
          "hz": 1596.2787759475705
        },
        {
          "acoustic_entropy": 16.704561233520508,
          "acoustic_entropy_side": 16.617788314819336,
          "hz": 1799.6344973346393
        },
        {
          "acoustic_entropy": 15.81762409210205,
          "acoustic_entropy_side": 16.259313583374023,
          "hz": 2020.9991599069049
        },
        {
          "acoustic_entropy": 16.115880966186523,
          "acoustic_entropy_side": 15.446797370910645,
          "hz": 2261.9676141086993
        },
        {
          "acoustic_entropy": 16.75235366821289,
          "acoustic_entropy_side": 15.966655731201172,
          "hz": 2524.2759484456974
        },
        {
          "acoustic_entropy": 15.637569427490234,
          "acoustic_entropy_side": 16.082378387451172,
