{
  "acoustic_entropy": 127.33952331542969,
  "bands": [
    {
      "high_freq": 148.1999969482422,
      "loudness": -54.73092269897461,
      "loudness_range": 19.50786590576172,
      "mid_mean": -50.99985885620117,
      "mid_to_side_loudness": -18.2365665435791,
      "mid_to_side_loudness_range": 6.91075325012207,
      "side_mean": -65.7702865600586
    },
    {
      "high_freq": 392.3793640136719,
      "loudness": -36.050048828125,
      "loudness_range": 20.737396240234375,
      "low_freq": 148.1999969482422,
      "mid_mean": -33.17992401123047,
      "mid_to_side_loudness": -7.666317462921143,
      "mid_to_side_loudness_range": 7.600046157836914,
      "side_mean": -41.001766204833984
    },
    {
      "high_freq": 794.6976318359375,
      "loudness": -33.73252487182617,
      "loudness_range": 19.98614501953125,
      "low_freq": 392.3793640136719,
      "mid_mean": -32.37200164794922,
      "mid_to_side_loudness": -2.0593059062957764,
      "mid_to_side_loudness_range": 10.396345138549805,
      "side_mean": -34.60076904296875
    },
    {
      "high_freq": 1457.5709228515625,
      "loudness": -38.91787338256836,
      "loudness_range": 19.392581939697266,
      "low_freq": 794.6976318359375,
      "mid_mean": -38.65323257446289,
      "mid_to_side_loudness": 0.05554405599832535,
      "mid_to_side_loudness_range": 10.906096458435059,
      "side_mean": -38.47799301147461
    },
    {
      "high_freq": 2549.74365234375,
      "loudness": -45.31812286376953,
      "loudness_range": 19.460803985595703,
      "low_freq": 1457.5709228515625,
      "mid_mean": -43.78650665283203,
      "mid_to_side_loudness": -2.5487728118896484,
      "mid_to_side_loudness_range": 7.985219478607178,
      "side_mean": -46.464481353759766
    },
    {
      "high_freq": 4349.24462890625,
      "loudness": -56.496360778808594,
      "loudness_range": 23.744293212890625,
      "low_freq": 2549.74365234375,
      "mid_mean": -55.63688659667969,
      "mid_to_side_loudness": -2.388219118118286,
      "mid_to_side_loudness_range": 9.068950653076172,
      "side_mean": -57.774009704589844
    },
    {
      "high_freq": 7314.1640625,
      "loudness": -69.02238464355469,
      "loudness_range": 22.902645111083984,
      "low_freq": 4349.24462890625,
      "mid_mean": -66.19091796875,
      "mid_to_side_loudness": -0.2626516819000244,
      "mid_to_side_loudness_range": 6.742417335510254,
      "side_mean": -66.36573791503906
    },
    {
      "high_freq": 12199.2666015625,
      "loudness": -77.51358032226562,
      "loudness_range": 20.421062469482422,
      "low_freq": 7314.1640625,
      "mid_mean": -69.49353790283203,
      "mid_to_side_loudness": -1.1875582933425903,
      "mid_to_side_loudness_range": 3.4976303577423096,
      "side_mean": -69.58952331542969
    },
    {
      "loudness": 0,
      "loudness_range": 0,
      "low_freq": 12199.2666015625,
      "mid_mean": -69.98077392578125,
      "mid_to_side_loudness": -2.5052719116210938,
      "mid_to_side_loudness_range": 3.557133197784424,
      "side_mean": -69.98558807373047
    }
  ],
  "bands_short": [
    {
      "high_freq": 148.1999969482422,
      "loudness": -57.61588668823242,
      "loudness_range": 18.533161163330078,
      "mid_mean": -53.76759719848633,
      "mid_to_side_loudness": -19.162532806396484,
      "mid_to_side_loudness_range": 11.780802726745605,
      "side_mean": -67.76272583007812
    },
    {
      "high_freq": 392.3793640136719,
      "loudness": -37.28590774536133,
      "loudness_range": 22.419090270996094,
      "low_freq": 148.1999969482422,
      "mid_mean": -34.53671646118164,
      "mid_to_side_loudness": -8.05306339263916,
      "mid_to_side_loudness_range": 10.347705841064453,
      "side_mean": -42.46474075317383
    },
    {
      "high_freq": 794.6976318359375,
      "loudness": -33.89561080932617,
      "loudness_range": 20.35667610168457,
      "low_freq": 392.3793640136719,
      "mid_mean": -32.59956359863281,
      "mid_to_side_loudness": -2.118225574493408,
      "mid_to_side_loudness_range": 11.265288352966309,
      "side_mean": -35.06560516357422
    },
    {
      "high_freq": 1457.5709228515625,
      "loudness": -39.65211486816406,
      "loudness_range": 22.332096099853516,
      "low_freq": 794.6976318359375,
      "mid_mean": -39.57316207885742,
      "mid_to_side_loudness": 0.1565956473350525,
      "mid_to_side_loudness_range": 12.390249252319336,
      "side_mean": -39.399600982666016
    },
    {
      "high_freq": 2549.74365234375,
      "loudness": -46.54381561279297,
      "loudness_range": 22.231365203857422,
      "low_freq": 1457.5709228515625,
      "mid_mean": -45.23960494995117,
      "mid_to_side_loudness": -2.3080391883850098,
      "mid_to_side_loudness_range": 10.278180122375488,
      "side_mean": -47.77351760864258
    },
    {
      "high_freq": 4349.24462890625,
      "loudness": -57.295291900634766,
      "loudness_range": 26.159332275390625,
      "low_freq": 2549.74365234375,
      "mid_mean": -56.76025390625,
      "mid_to_side_loudness": -1.781327247619629,
      "mid_to_side_loudness_range": 10.9627046585083,
      "side_mean": -58.28353500366211
    },
    {
      "high_freq": 7314.1640625,
      "loudness": -69.3357925415039,
      "loudness_range": 24.590293884277344,
      "low_freq": 4349.24462890625,
      "mid_mean": -66.17021179199219,
      "mid_to_side_loudness": -1.3072950839996338,
      "mid_to_side_loudness_range": 10.300725936889648,
      "side_mean": -66.7220687866211
    },
    {
      "high_freq": 12199.2666015625,
      "loudness": -77.10858917236328,
      "loudness_range": 20.036720275878906,
      "low_freq": 7314.1640625,
      "mid_mean": -69.62603759765625,
      "mid_to_side_loudness": -1.2301127910614014,
      "mid_to_side_loudness_range": 4.492091178894043,
      "side_mean": -69.68917083740234
    },
    {
      "loudness": -82.42478942871094,
      "loudness_range": 14.138328552246094,
      "low_freq": 12199.2666015625,
      "mid_mean": -69.98101806640625,
      "mid_to_side_loudness": -2.882025957107544,
      "mid_to_side_loudness_range": 5.175591945648193,
      "side_mean": -69.98638153076172
    }
  ],
  "bandwidth": 646.883544921875,
  "channels": 2,
  "covariance": [
    [
      38.24357604980469,
      22.21537971496582,
      21.261474609375,
      17.098745346069336,
      18.314542770385742,
      13.437982559204102,
      20.557527542114258,
      18.50136947631836,
      23.75088119506836,
      24.55238151550293,
      30.792415618896484,
      27.823984146118164,
      12.296696662902832,
      13.286155700683594,
      1.7853132486343384,
      1.4678833484649658,
      0.03322415053844452,
      0.04173361510038376
    ],
    [
      22.21537971496582,
      17.484792709350586,
      14.677623748779297,
      10.914870262145996,
      6.588029861450195,
      3.7978696823120117,
      9.084283828735352,
      8.425740242004395,
      9.071541786193848,
      10.64067554473877,
      12.198921203613281,
      11.153240203857422,
      4.8486104011535645,
      5.966550350189209,
      0.8014078140258789,
      0.672493577003479,
      0.014128065668046474,
      0.016812512651085854
    ],
    [
      21.261474609375,
      14.677623748779297,
      50.80171203613281,
      47.0474739074707,
      16.37643051147461,
      14.242620468139648,
      17.053422927856445,
      16.816951751708984,
      19.817564010620117,
      24.766386032104492,
      16.552473068237305,
      19.836524963378906,
      9.277576446533203,
      10.719029426574707,
      2.351346731185913,
      1.8219945430755615,
      0.033833786845207214,
      0.04359966143965721
    ],
    [
      17.098745346069336,
      10.914870262145996,
      47.0474739074707,
      53.38064193725586,
      16.367990493774414,
      14.893503189086914,
      17.611249923706055,
      16.171205520629883,
      19.144609451293945,
      23.784128189086914,
      15.307110786437988,
      18.779006958007812,
      8.838824272155762,
      9.751193046569824,
      2.3715994358062744,
      1.7824761867523193,
      0.03434830531477928,
      0.04463690519332886
    ],
    [
      18.314542770385742,
      6.588029861450195,
      16.37643051147461,
      16.367990493774414,
      53.983360290527344,
      48.13582229614258,
      22.77936553955078,
      18.32125473022461,
      36.07944869995117,
      34.588199615478516,
      34.85100555419922,
      31.636089324951172,
      12.712296485900879,
      14.98452091217041,
      2.701589345932007,
      1.9766602516174316,
      0.04839615151286125,
      0.060011520981788635
    ],
    [
      13.437982559204102,
      3.7978696823120117,
      14.242620468139648,
      14.893503189086914,
      48.13582229614258,
      55.425777435302734,
      16.36826515197754,
      12.675277709960938,
      29.61510467529297,
      28.68436050415039,
      28.82328987121582,
      29.321935653686523,
      9.407185554504395,
      11.571718215942383,
      1.8110668659210205,
      1.2314462661743164,
      0.03507617861032486,
      0.042553506791591644
    ],
    [
      20.557527542114258,
      9.084283828735352,
      17.053422927856445,
      17.611249923706055,
      22.77936553955078,
      16.36826515197754,
      48.35812759399414,
      41.65024948120117,
      40.15273666381836,
      37.981666564941406,
      46.66328048706055,
      39.58966064453125,
      24.570690155029297,
      22.204214096069336,
      5.20359992980957,
      4.253164291381836,
      0.07333768904209137,
      0.09294786304235458
    ],
    [
      18.50136947631836,
      8.425740242004395,
      16.816951751708984,
      16.171205520629883,
      18.32125473022461,
      12.675277709960938,
      41.65024948120117,
      49.654014587402344,
      39.31660079956055,
      36.22348403930664,
      47.74715042114258,
      40.50525665283203,
      25.064559936523438,
      22.558425903320312,
      5.1833577156066895,
      4.364832878112793,
      0.07618926465511322,
      0.0963057428598404
    ],
    [
      23.75088119506836,
      9.071541786193848,
      19.817564010620117,
      19.144609451293945,
      36.07944869995117,
      29.61510467529297,
      40.15273666381836,
      39.31660079956055,
      52.828365325927734,
      45.41162109375,
      52.48168182373047,
      46.20686721801758,
      25.003761291503906,
      24.345272064208984,
      4.765565872192383,
      3.8588662147521973,
      0.06834883242845535,
      0.0865187793970108
    ],
    [
      24.55238151550293,
      10.64067554473877,
      24.766386032104492,
      23.784128189086914,
      34.588199615478516,
      28.68436050415039,
      37.981666564941406,
      36.22348403930664,
      45.41162109375,
      47.65251922607422,
      47.280601501464844,
      42.55710220336914,
      22.41431999206543,
      21.987943649291992,
      4.647254943847656,
      3.7306125164031982,
      0.06839080154895782,
      0.08716657757759094
    ],
    [
      30.792415618896484,
      12.198921203613281,
      16.552473068237305,
      15.307110786437988,
      34.85100555419922,
      28.82328987121582,
      46.66328048706055,
      47.74715042114258,
      52.48168182373047,
      47.280601501464844,
      73.26963806152344,
      60.150299072265625,
      31.54648208618164,
      30.264366149902344,
      6.138810634613037,
      4.980811595916748,
      0.09379217028617859,
      0.11833891272544861
    ],
    [
      27.823984146118164,
      11.153240203857422,
      19.836524963378906,
      18.779006958007812,
      31.636089324951172,
      29.321935653686523,
      39.58966064453125,
      40.50525665283203,
      46.20686721801758,
      42.55710220336914,
      60.150299072265625,
      56.1005744934082,
      27.122791290283203,
      26.03545379638672,
      5.256610870361328,
      4.311489582061768,
      0.07912851125001907,
      0.09973034262657166
    ],
    [
      12.296696662902832,
      4.8486104011535645,
      9.277576446533203,
      8.838824272155762,
      12.712296485900879,
      9.407185554504395,
      24.570690155029297,
      25.064559936523438,
      25.003761291503906,
      22.41431999206543,
      31.54648208618164,
      27.122791290283203,
      21.941497802734375,
      19.74687385559082,
      4.838376045227051,
      4.005021095275879,
      0.07512179762125015,
      0.09544321894645691
    ],
    [
      13.286155700683594,
      5.966550350189209,
      10.719029426574707,
      9.751193046569824,
      14.98452091217041,
      11.571718215942383,
      22.204214096069336,
      22.558425903320312,
      24.345272064208984,
      21.987943649291992,
      30.264366149902344,
      26.03545379638672,
      19.74687385559082,
      19.959230422973633,
      4.244358539581299,
      3.469381809234619,
      0.07259129732847214,
      0.09221924841403961
    ],
    [
      1.7853132486343384,
      0.8014078140258789,
      2.351346731185913,
      2.3715994358062744,
      2.701589345932007,
      1.8110668659210205,
      5.20359992980957,
      5.1833577156066895,
      4.765565872192383,
      4.647254943847656,
      6.138810634613037,
      5.256610870361328,
      4.838376045227051,
      4.244358539581299,
      2.4345860481262207,
      1.9406181573867798,
      0.046841200441122055,
      0.060190316289663315
    ],
    [
      1.4678833484649658,
      0.672493577003479,
      1.8219945430755615,
      1.7824761867523193,
      1.9766602516174316,
      1.2314462661743164,
      4.253164291381836,
      4.364832878112793,
      3.8588662147521973,
      3.7306125164031982,
      4.980811595916748,
      4.311489582061768,
      4.005021095275879,
      3.469381809234619,
      1.9406181573867798,
      1.6176719665527344,
      0.03517526388168335,
      0.045105766505002975
    ],
    [
      0.03322415053844452,
      0.014128065668046474,
      0.033833786845207214,
      0.03434830531477928,
      0.04839615151286125,
      0.03507617861032486,
      0.07333768904209137,
      0.07618926465511322,
      0.06834883242845535,
      0.06839080154895782,
      0.09379217028617859,
      0.07912851125001907,
      0.07512179762125015,
      0.07259129732847214,
      0.046841200441122055,
      0.03517526388168335,
      0.003017755225300789,
      0.0039906310848891735
    ],
    [
      0.04173361510038376,
      0.016812512651085854,
      0.04359966143965721,
      0.04463690519332886,
      0.060011520981788635,
      0.042553506791591644,
      0.09294786304235458,
      0.0963057428598404,
      0.0865187793970108,
      0.08716657757759094,
      0.11833891272544861,
      0.09973034262657166,
      0.09544321894645691,
      0.09221924841403961,
      0.060190316289663315,
      0.045105766505002975,
      0.0039906310848891735,
      0.005363931879401207
    ]
  ],
  "covariance_short": [
    [
      36.06245040893555,
      9.323661804199219,
      21.947547912597656,
      18.786602020263672,
      19.554471969604492,
      16.42828369140625,
      24.55780792236328,
      22.716808319091797,
      27.253189086914062,
      27.781557083129883,
      32.87179946899414,
      29.098684310913086,
      12.889692306518555,
      12.731769561767578,
      1.3394129276275635,
      1.1545071601867676,
      0.026834864169359207,
      0.03403068706393242
    ],
    [
      9.323661804199219,
      4.4496355056762695,
      8.617454528808594,
      8.06721019744873,
      6.202083587646484,
      5.0184407234191895,
      6.782093524932861,
      6.382913589477539,
      7.904398441314697,
      8.415218353271484,
      8.676856994628906,
      7.9414567947387695,
      3.212268352508545,
      3.7209246158599854,
      0.3351167142391205,
      0.27385661005973816,
      0.005525263026356697,
      0.007954845204949379
    ],
    [
      21.947547912597656,
      8.617454528808594,
      62.4752197265625,
      53.54326248168945,
      25.02208709716797,
      20.757463455200195,
      22.13566780090332,
      21.895383834838867,
      25.801546096801758,
      32.385799407958984,
      22.67828369140625,
      22.24614906311035,
      9.104742050170898,
      11.018718719482422,
      1.773187279701233,
      1.4073963165283203,
      0.02429172210395336,
      0.029497412964701653
    ],
    [
      18.786602020263672,
      8.06721019744873,
      53.54326248168945,
      61.090003967285156,
      22.773672103881836,
      20.344392776489258,
      20.062931060791016,
      18.992828369140625,
      23.049697875976562,
      29.28679084777832,
      19.030879974365234,
      19.249601364135742,
      6.590155124664307,
      8.704164505004883,
      1.5209933519363403,
      1.1411330699920654,
      0.019381361082196236,
      0.02457584999501705
    ],
    [
      19.554471969604492,
      6.202083587646484,
      25.02208709716797,
      22.773672103881836,
      54.93699645996094,
      48.321651458740234,
      25.130077362060547,
      21.13701629638672,
      37.825714111328125,
      38.142879486083984,
      34.664695739746094,
      31.919246673583984,
      15.963202476501465,
      15.740038871765137,
      1.786719560623169,
      1.4301424026489258,
      0.03762832656502724,
      0.042654071003198624
    ],
    [
      16.42828369140625,
      5.0184407234191895,
      20.757463455200195,
      20.344392776489258,
      48.321651458740234,
      59.68000030517578,
      19.861234664916992,
      17.225465774536133,
      33.32963562011719,
      34.67217254638672,
      29.94026756286621,
      29.999797821044922,
      13.276318550109863,
      12.180978775024414,
      1.1966603994369507,
      0.858932614326477,
      0.02535857819020748,
      0.02766004391014576
    ],
    [
      24.55780792236328,
      6.782093524932861,
      22.13566780090332,
      20.062931060791016,
      25.130077362060547,
      19.861234664916992,
      63.401363372802734,
      51.19597625732422,
      49.24729537963867,
      46.72848892211914,
      56.00439453125,
      48.3223991394043,
      26.558795928955078,
      24.78119659423828,
      4.588962554931641,
      3.8743932247161865,
      0.08159778267145157,
      0.09718360006809235
    ],
    [
      22.716808319091797,
      6.382913589477539,
      21.895383834838867,
      18.992828369140625,
      21.13701629638672,
      17.225465774536133,
      51.19597625732422,
      59.79184341430664,
      47.491539001464844,
      45.470462799072266,
      53.25855255126953,
      46.07685089111328,
      28.00081443786621,
      24.625804901123047,
      4.470422267913818,
      3.8406617641448975,
      0.08108387887477875,
      0.09693242609500885
    ],
    [
      27.253189086914062,
      7.904398441314697,
      25.801546096801758,
      23.049697875976562,
      37.825714111328125,
      33.32963562011719,
      49.24729537963867,
      47.491539001464844,
      66.13949584960938,
      54.717262268066406,
      59.24713134765625,
      52.02603530883789,
      30.05025291442871,
      26.87451934814453,
      4.231285572052002,
      3.541313886642456,
      0.07899634540081024,
      0.092153400182724
    ],
    [
      27.781557083129883,
      8.415218353271484,
      32.385799407958984,
      29.28679084777832,
      38.142879486083984,
      34.67217254638672,
      46.72848892211914,
      45.470462799072266,
      54.717262268066406,
      60.40189743041992,
      53.94072723388672,
      48.19512939453125,
      26.495052337646484,
      24.18597412109375,
      3.945423126220703,
      3.315200090408325,
      0.0709681436419487,
      0.08559026569128036
    ],
    [
      32.87179946899414,
      8.676856994628906,
      22.67828369140625,
      19.030879974365234,
      34.664695739746094,
      29.94026756286621,
      56.00439453125,
      53.25855255126953,
      59.24713134765625,
      53.94072723388672,
      80.12535095214844,
      66.75228118896484,
      36.44535446166992,
      32.784847259521484,
      5.199578285217285,
      4.313167572021484,
      0.10816256701946259,
      0.12759411334991455
    ],
    [
      29.098684310913086,
      7.9414567947387695,
      22.24614906311035,
      19.249601364135742,
      31.919246673583984,
      29.999797821044922,
      48.3223991394043,
      46.07685089111328,
      52.02603530883789,
      48.19512939453125,
      66.75228118896484,
      64.74610900878906,
      32.56743240356445,
      29.1986026763916,
      4.524251461029053,
      3.8060412406921387,
      0.09425508230924606,
      0.1105283722281456
    ],
    [
      12.889692306518555,
      3.212268352508545,
      9.104742050170898,
      6.590155124664307,
      15.963202476501465,
      13.276318550109863,
      26.558795928955078,
      28.00081443786621,
      30.05025291442871,
      26.495052337646484,
      36.44535446166992,
      32.56743240356445,
      26.186141967773438,
      21.665817260742188,
      4.276096343994141,
      3.722705125808716,
      0.08957105875015259,
      0.10483106225728989
    ],
    [
      12.731769561767578,
      3.7209246158599854,
      11.018718719482422,
      8.704164505004883,
      15.740038871765137,
      12.180978775024414,
      24.78119659423828,
      24.625804901123047,
      26.87451934814453,
      24.18597412109375,
      32.784847259521484,
      29.1986026763916,
      21.665817260742188,
      21.195457458496094,
      3.862217426300049,
      3.323859691619873,
      0.08712618052959442,
      0.1024528369307518
    ],
    [
      1.3394129276275635,
      0.3351167142391205,
      1.773187279701233,
      1.5209933519363403,
      1.786719560623169,
      1.1966603994369507,
      4.588962554931641,
      4.470422267913818,
      4.231285572052002,
      3.945423126220703,
      5.199578285217285,
      4.524251461029053,
      4.276096343994141,
      3.862217426300049,
      1.9997466802597046,
      1.6219855546951294,
      0.06265324354171753,
      0.07220625877380371
    ],
    [
      1.1545071601867676,
      0.27385661005973816,
      1.4073963165283203,
      1.1411330699920654,
      1.4301424026489258,
      0.858932614326477,
      3.8743932247161865,
      3.8406617641448975,
      3.541313886642456,
      3.315200090408325,
      4.313167572021484,
      3.8060412406921387,
      3.722705125808716,
      3.323859691619873,
      1.6219855546951294,
      1.4643491506576538,
      0.05052023380994797,
      0.05778687074780464
    ],
    [
      0.026834864169359207,
      0.005525263026356697,
      0.02429172210395336,
      0.019381361082196236,
      0.03762832656502724,
      0.02535857819020748,
      0.08159778267145157,
      0.08108387887477875,
      0.07899634540081024,
      0.0709681436419487,
      0.10816256701946259,
      0.09425508230924606,
      0.08957105875015259,
      0.08712618052959442,
      0.06265324354171753,
      0.05052023380994797,
      0.008212356828153133,
      0.00948743149638176
    ],
    [
      0.03403068706393242,
      0.007954845204949379,
      0.029497412964701653,
      0.02457584999501705,
      0.042654071003198624,
      0.02766004391014576,
      0.09718360006809235,
      0.09693242609500885,
      0.092153400182724,
      0.08559026569128036,
      0.12759411334991455,
      0.1105283722281456,
      0.10483106225728989,
      0.1024528369307518,
      0.07220625877380371,
      0.05778687074780464,
      0.00948743149638176,
      0.011502116918563843
    ]
  ],
  "damage": -14.606714248657227,
  "diff_bandwidth": 670.9221801757812,
  "dissonance": 3.874310823690019,
  "drr": 8.229533195495605,
  "dynamics": 4.804828643798828,
  "format": 1245190,
  "frames": 5697472,
  "loudness": -25.212350845336914,
  "loudness_range": 13.651525497436523,
  "loudness_range_short": 16.059551239013672,
  "lowpass_true_peak_15khz": -5.066249370574951,
  "mastering3_acoustic_entropies": [
    {
      "acoustic_entropy": 7.697772979736328,
      "acoustic_entropy_mono": 6.9592204093933105,
      "band_eliminated_acoustic_entropies": [
        {
          "acoustic_entropy": 7.6977434158325195,
          "acoustic_entropy_side": 7.69777250289917,
          "hz": 129.47220167065723
        },
        {
          "acoustic_entropy": 7.705333709716797,
          "acoustic_entropy_side": 7.697947025299072,
          "hz": 202.92927478742237
        },
        {
          "acoustic_entropy": 7.803327560424805,
          "acoustic_entropy_side": 7.715324878692627,
          "hz": 282.89161906338205
        },
        {
          "acoustic_entropy": 7.776818752288818,
          "acoustic_entropy_side": 7.72136116027832,
          "hz": 369.9353335868758
        },
        {
          "acoustic_entropy": 7.744365692138672,
          "acoustic_entropy_side": 7.812542915344238,
          "hz": 464.6875360973435
        },
        {
          "acoustic_entropy": 8.023862838745117,
          "acoustic_entropy_side": 8.099172592163086,
          "hz": 567.8308811364784
        },
        {
          "acoustic_entropy": 7.039259910583496,
          "acoustic_entropy_side": 7.76704740524292,
          "hz": 680.1084783214808
        },
        {
          "acoustic_entropy": 7.742588520050049,
          "acoustic_entropy_side": 8.087532043457031,
          "hz": 802.3292461747484
        },
        {
          "acoustic_entropy": 7.317641735076904,
          "acoustic_entropy_side": 7.550479412078857,
          "hz": 935.3737400823702
        },
        {
          "acoustic_entropy": 7.074601173400879,
          "acoustic_entropy_side": 7.198060035705566,
          "hz": 1080.2004963696966
        },
        {
          "acoustic_entropy": 7.085446834564209,
          "acoustic_entropy_side": 7.647589206695557,
          "hz": 1237.8529382007157
        },
        {
          "acoustic_entropy": 7.140312194824219,
          "acoustic_entropy_side": 7.588270664215088,
          "hz": 1409.4668930556702
        },
        {
          "acoustic_entropy": 7.8225274085998535,
          "acoustic_entropy_side": 7.654722213745117,
          "hz": 1596.2787759475705
        },
        {
          "acoustic_entropy": 7.796393871307373,
          "acoustic_entropy_side": 7.725986480712891,
          "hz": 1799.6344973346393
        },
        {
          "acoustic_entropy": 7.588571071624756,
          "acoustic_entropy_side": 7.6696271896362305,
          "hz": 2020.9991599069049
        },
        {
          "acoustic_entropy": 7.618809223175049,
          "acoustic_entropy_side": 7.702564716339111,
          "hz": 2261.9676141086993
        },
        {
          "acoustic_entropy": 7.621844291687012,
          "acoustic_entropy_side": 7.678402900695801,
          "hz": 2524.2759484456974
        },
        {
          "acoustic_entropy": 7.694132328033447,
          "acoustic_entropy_side": 7.700458526611328,
          "hz": 2809.813997359896
        },
        {
          "acoustic_entropy": 7.67868709564209,
          "acoustic_entropy_side": 7.691427230834961,
          "hz": 3120.6389567871424
        },
        {
          "acoustic_entropy": 7.69851541519165,
          "acoustic_entropy_side": 7.6969146728515625,
          "hz": 3458.990205492291
        },
        {
          "acoustic_entropy": 7.694127559661865,
          "acoustic_entropy_side": 7.696465015411377,
          "hz": 3827.305438964164
        },
        {
          "acoustic_entropy": 7.698457717895508,
          "acoustic_entropy_side": 7.697576522827148,
          "hz": 4228.238232109126
        },
        {
          "acoustic_entropy": 7.6979289054870605,
          "acoustic_entropy_side": 7.697698593139648,
          "hz": 4664.6771572759235
        },
        {
          "acoustic_entropy": 7.697509288787842,
          "acoustic_entropy_side": 7.6977314949035645,
          "hz": 5139.766595350093
        },
        {
          "acoustic_entropy": 7.69775915145874,
          "acoustic_entropy_side": 7.6977667808532715,
          "hz": 5656.929389854203
        },
        {
          "acoustic_entropy": 7.697768211364746,
          "acoustic_entropy_side": 7.697771072387695,
          "hz": 6219.891507268283
        },
        {
          "acoustic_entropy": 7.697775363922119,
          "acoustic_entropy_side": 7.697772979736328,
          "hz": 6832.70888123896
        },
        {
          "acoustic_entropy": 7.697774887084961,
          "acoustic_entropy_side": 7.6977739334106445,
          "hz": 7499.796634079867
        },
        {
          "acoustic_entropy": 7.6977739334106445,
          "acoustic_entropy_side": 7.6977739334106445,
          "hz": 8225.96088609342
        },
        {
          "acoustic_entropy": 7.697772026062012,
          "acoustic_entropy_side": 7.697772979736328,
          "hz": 9016.43338188839
        },
        {
          "acoustic_entropy": 7.697772979736328,
          "acoustic_entropy_side": 7.697772979736328,
          "hz": 9876.909183162974
        },
        {
          "acoustic_entropy": 7.697772979736328,
          "acoustic_entropy_side": 7.697772979736328,
          "hz": 10813.587699516042
        },
        {
          "acoustic_entropy": 7.697772979736328,
          "acoustic_entropy_side": 7.697772979736328,
          "hz": 11833.21735289826
        },
        {
          "acoustic_entropy": 7.697772979736328,
          "acoustic_entropy_side": 7.697772979736328,
          "hz": 12943.144197493959
        },
        {
          "acoustic_entropy": 7.697772979736328,
          "acoustic_entropy_side": 7.697772979736328,
          "hz": 14151.364845322005
        },
        {
          "acoustic_entropy": 7.697772979736328,
          "acoustic_entropy_side": 7.697772979736328,
          "hz": 15466.58407886509
        },
        {
          "acoustic_entropy": 7.697772979736328,
          "acoustic_entropy_side": 7.697772979736328,
          "hz": 16898.27756580493
        },
        {
          "acoustic_entropy": 7.697772979736328,
          "acoustic_entropy_side": 7.697772979736328,
          "hz": 18456.760127700032
        },
        {
          "acoustic_entropy": 7.697772979736328,
          "acoustic_entropy_side": 7.697772979736328,
          "hz": 20153.260054456492
        },
        {
          "acoustic_entropy": 7.697772979736328,
          "acoustic_entropy_side": 7.697772979736328,
          "hz": 22000.00000000001
        }
      ],
      "diff_acoustic_entropy": 4.912918567657471,
      "sn": 6
    },
    {
      "acoustic_entropy": 11.743463516235352,
      "acoustic_entropy_mono": 10.93232250213623,
      "band_eliminated_acoustic_entropies": [
        {
          "acoustic_entropy": 11.74454402923584,
          "acoustic_entropy_side": 11.743464469909668,
          "hz": 129.47220167065723
        },
        {
          "acoustic_entropy": 11.643339157104492,
          "acoustic_entropy_side": 11.740105628967285,
          "hz": 202.92927478742237
        },
        {
          "acoustic_entropy": 11.416086196899414,
          "acoustic_entropy_side": 11.590776443481445,
          "hz": 282.89161906338205
        },
        {
          "acoustic_entropy": 11.769166946411133,
          "acoustic_entropy_side": 11.844076156616211,
          "hz": 369.9353335868758
        },
        {
          "acoustic_entropy": 11.452019691467285,
          "acoustic_entropy_side": 11.905004501342773,
          "hz": 464.6875360973435
        },
        {
          "acoustic_entropy": 12.666662216186523,
          "acoustic_entropy_side": 12.416425704956055,
          "hz": 567.8308811364784
        },
        {
          "acoustic_entropy": 11.089725494384766,
          "acoustic_entropy_side": 11.970354080200195,
          "hz": 680.1084783214808
        },
        {
          "acoustic_entropy": 11.163838386535645,
          "acoustic_entropy_side": 11.820220947265625,
          "hz": 802.3292461747484
        },
        {
          "acoustic_entropy": 10.5576810836792,
          "acoustic_entropy_side": 11.57343864440918,
          "hz": 935.3737400823702
        },
        {
          "acoustic_entropy": 11.639372825622559,
          "acoustic_entropy_side": 11.677891731262207,
          "hz": 1080.2004963696966
        },
        {
          "acoustic_entropy": 11.128971099853516,
          "acoustic_entropy_side": 11.941295623779297,
          "hz": 1237.8529382007157
        },
        {
          "acoustic_entropy": 11.343368530273438,
          "acoustic_entropy_side": 11.956598281860352,
          "hz": 1409.4668930556702
        },
        {
          "acoustic_entropy": 11.716742515563965,
          "acoustic_entropy_side": 11.327692985534668,
          "hz": 1596.2787759475705
        },
        {
          "acoustic_entropy": 12.17294692993164,
          "acoustic_entropy_side": 11.6370267868042,
          "hz": 1799.6344973346393
        },
        {
          "acoustic_entropy": 11.454246520996094,
          "acoustic_entropy_side": 11.758529663085938,
          "hz": 2020.9991599069049
        },
        {
          "acoustic_entropy": 11.59135913848877,
          "acoustic_entropy_side": 11.782344818115234,
          "hz": 2261.9676141086993
        },
        {
          "acoustic_entropy": 11.941651344299316,
          "acoustic_entropy_side": 11.822591781616211,
          "hz": 2524.2759484456974
        },
        {
          "acoustic_entropy": 11.94826889038086,
          "acoustic_entropy_side": 11.799200057983398,
          "hz": 2809.813997359896
        },
        {
          "acoustic_entropy": 11.90613079071045,
          "acoustic_entropy_side": 11.899920463562012,
          "hz": 3120.6389567871424
        },
        {
          "acoustic_entropy": 11.737773895263672,
          "acoustic_entropy_side": 11.761281967163086,
          "hz": 3458.990205492291
        },
        {
          "acoustic_entropy": 11.649296760559082,
          "acoustic_entropy_side": 11.810981750488281,
          "hz": 3827.305438964164
        },
        {
          "acoustic_entropy": 11.85954475402832,
          "acoustic_entropy_side": 11.786808967590332,
          "hz": 4228.238232109126
        },
        {
          "acoustic_entropy": 11.745647430419922,
          "acoustic_entropy_side": 11.749825477600098,
          "hz": 4664.6771572759235
        },
        {
          "acoustic_entropy": 11.792482376098633,
          "acoustic_entropy_side": 11.760963439941406,
          "hz": 5139.766595350093
        },
        {
          "acoustic_entropy": 11.750025749206543,
          "acoustic_entropy_side": 11.746764183044434,
          "hz": 5656.929389854203
        },
        {
          "acoustic_entropy": 11.74494457244873,
          "acoustic_entropy_side": 11.743907928466797,
          "hz": 6219.891507268283
        },
        {
          "acoustic_entropy": 11.744357109069824,
          "acoustic_entropy_side": 11.743695259094238,
          "hz": 6832.70888123896
        },
        {
          "acoustic_entropy": 11.744037628173828,
          "acoustic_entropy_side": 11.743711471557617,
          "hz": 7499.796634079867
        },
        {
          "acoustic_entropy": 11.74403190612793,
          "acoustic_entropy_side": 11.743706703186035,
          "hz": 8225.96088609342
        },
        {
          "acoustic_entropy": 11.743522644042969,
          "acoustic_entropy_side": 11.743480682373047,
          "hz": 9016.43338188839
        },
        {
          "acoustic_entropy": 11.7434720993042,
          "acoustic_entropy_side": 11.743467330932617,
          "hz": 9876.909183162974
        },
        {
          "acoustic_entropy": 11.74346923828125,
          "acoustic_entropy_side": 11.743465423583984,
          "hz": 10813.587699516042
        },
        {
          "acoustic_entropy": 11.743464469909668,
          "acoustic_entropy_side": 11.743463516235352,
          "hz": 11833.21735289826
        },
        {
          "acoustic_entropy": 11.743463516235352,
          "acoustic_entropy_side": 11.743463516235352,
          "hz": 12943.144197493959
        },
        {
          "acoustic_entropy": 11.743463516235352,
          "acoustic_entropy_side": 11.743463516235352,
          "hz": 14151.364845322005
        },
        {
          "acoustic_entropy": 11.743463516235352,
          "acoustic_entropy_side": 11.743463516235352,
          "hz": 15466.58407886509
        },
        {
          "acoustic_entropy": 11.743463516235352,
          "acoustic_entropy_side": 11.743463516235352,
          "hz": 16898.27756580493
        },
        {
          "acoustic_entropy": 11.743463516235352,
          "acoustic_entropy_side": 11.743463516235352,
          "hz": 18456.760127700032
        },
        {
          "acoustic_entropy": 11.743463516235352,
          "acoustic_entropy_side": 11.743463516235352,
          "hz": 20153.260054456492
        },
        {
          "acoustic_entropy": 11.743463516235352,
          "acoustic_entropy_side": 11.743463516235352,
          "hz": 22000.00000000001
        }
      ],
      "diff_acoustic_entropy": 7.267184257507324,
      "sn": 12
    },
    {
      "acoustic_entropy": 19.267738342285156,
      "acoustic_entropy_mono": 18.455507278442383,
      "band_eliminated_acoustic_entropies": [
        {
          "acoustic_entropy": 19.206396102905273,
          "acoustic_entropy_side": 19.26815414428711,
          "hz": 129.47220167065723
        },
        {
          "acoustic_entropy": 19.001279830932617,
          "acoustic_entropy_side": 19.439674377441406,
          "hz": 202.92927478742237
        },
        {
          "acoustic_entropy": 20.111913681030273,
          "acoustic_entropy_side": 19.554973602294922,
          "hz": 282.89161906338205
        },
        {
          "acoustic_entropy": 18.459047317504883,
          "acoustic_entropy_side": 19.5922794342041,
          "hz": 369.9353335868758
        },
        {
          "acoustic_entropy": 19.34056282043457,
          "acoustic_entropy_side": 19.453922271728516,
          "hz": 464.6875360973435
        },
        {
          "acoustic_entropy": 20.405170440673828,
          "acoustic_entropy_side": 20.06085205078125,
          "hz": 567.8308811364784
        },
        {
          "acoustic_entropy": 18.541736602783203,
          "acoustic_entropy_side": 18.962209701538086,
          "hz": 680.1084783214808
        },
        {
          "acoustic_entropy": 18.60011863708496,
          "acoustic_entropy_side": 19.349157333374023,
          "hz": 802.3292461747484
        },
        {
          "acoustic_entropy": 18.987974166870117,
          "acoustic_entropy_side": 19.0745906829834,
          "hz": 935.3737400823702
        },
        {
          "acoustic_entropy": 18.544462203979492,
          "acoustic_entropy_side": 19.213777542114258,
          "hz": 1080.2004963696966
        },
        {
          "acoustic_entropy": 18.04236602783203,
          "acoustic_entropy_side": 18.245328903198242,
          "hz": 1237.8529382007157
        },
        {
          "acoustic_entropy": 18.80705451965332,
          "acoustic_entropy_side": 19.415904998779297,
          "hz": 1409.4668930556702
        },
        {
          "acoustic_entropy": 20.095699310302734,
          "acoustic_entropy_side": 19.174789428710938,
          "hz": 1596.2787759475705
        },
        {
          "acoustic_entropy": 18.762664794921875,
          "acoustic_entropy_side": 19.470165252685547,
          "hz": 1799.6344973346393
        },
        {
          "acoustic_entropy": 19.317705154418945,
          "acoustic_entropy_side": 18.827077865600586,
          "hz": 2020.9991599069049
        },
        {
          "acoustic_entropy": 19.087743759155273,
          "acoustic_entropy_side": 18.281511306762695,
          "hz": 2261.9676141086993
        },
        {
          "acoustic_entropy": 19.483015060424805,
          "acoustic_entropy_side": 20.200014114379883,
          "hz": 2524.2759484456974
        },
        {
          "acoustic_entropy": 19.635234832763672,
