{
  "acoustic_entropy": 153.7145233154297,
  "bands": [
    {
      "high_freq": 148.1999969482422,
      "loudness": -15.994132041931152,
      "loudness_range": 6.012516975402832,
      "mid_mean": -12.591282844543457,
      "mid_to_side_loudness": -13.681163787841797,
      "mid_to_side_loudness_range": 16.247596740722656,
      "side_mean": -26.887487411499023
    },
    {
      "high_freq": 392.3793640136719,
      "loudness": -19.343168258666992,
      "loudness_range": 6.230428695678711,
      "low_freq": 148.1999969482422,
      "mid_mean": -16.125497817993164,
      "mid_to_side_loudness": -9.756270408630371,
      "mid_to_side_loudness_range": 11.8069429397583,
      "side_mean": -26.538408279418945
    },
    {
      "high_freq": 794.6976318359375,
      "loudness": -25.42051124572754,
      "loudness_range": 11.920146942138672,
      "low_freq": 392.3793640136719,
      "mid_mean": -22.450401306152344,
      "mid_to_side_loudness": -8.118444442749023,
      "mid_to_side_loudness_range": 10.633529663085938,
      "side_mean": -31.087387084960938
    },
    {
      "high_freq": 1457.5709228515625,
      "loudness": -28.987401962280273,
      "loudness_range": 14.419675827026367,
      "low_freq": 794.6976318359375,
      "mid_mean": -26.15565299987793,
      "mid_to_side_loudness": -7.51263427734375,
      "mid_to_side_loudness_range": 11.062143325805664,
      "side_mean": -33.85857009887695
    },
    {
      "high_freq": 2549.74365234375,
      "loudness": -28.711467742919922,
      "loudness_range": 13.303791046142578,
      "low_freq": 1457.5709228515625,
      "mid_mean": -25.709375381469727,
      "mid_to_side_loudness": -9.275710105895996,
      "mid_to_side_loudness_range": 13.1891508102417,
      "side_mean": -35.27857208251953
    },
    {
      "high_freq": 4349.24462890625,
      "loudness": -30.205951690673828,
      "loudness_range": 13.83535385131836,
      "low_freq": 2549.74365234375,
      "mid_mean": -27.09775733947754,
      "mid_to_side_loudness": -11.306194305419922,
      "mid_to_side_loudness_range": 16.770336151123047,
      "side_mean": -38.51184844970703
    },
    {
      "high_freq": 7314.1640625,
      "loudness": -32.55063247680664,
      "loudness_range": 14.262523651123047,
      "low_freq": 4349.24462890625,
      "mid_mean": -29.54301643371582,
      "mid_to_side_loudness": -10.780060768127441,
      "mid_to_side_loudness_range": 18.570369720458984,
      "side_mean": -40.92854309082031
    },
    {
      "high_freq": 12199.2666015625,
      "loudness": -32.18610763549805,
      "loudness_range": 17.491455078125,
      "low_freq": 7314.1640625,
      "mid_mean": -29.360458374023438,
      "mid_to_side_loudness": -10.091919898986816,
      "mid_to_side_loudness_range": 20.16612434387207,
      "side_mean": -40.5186882019043
    },
    {
      "loudness": -35.19575500488281,
      "loudness_range": 18.538129806518555,
      "low_freq": 12199.2666015625,
      "mid_mean": -32.806034088134766,
      "mid_to_side_loudness": -8.065869331359863,
      "mid_to_side_loudness_range": 23.08101463317871,
      "side_mean": -41.8596076965332
    }
  ],
  "bands_short": [
    {
      "high_freq": 148.1999969482422,
      "loudness": -18.716434478759766,
      "loudness_range": 14.32406234741211,
      "mid_mean": -15.6359224319458,
      "mid_to_side_loudness": -14.293121337890625,
      "mid_to_side_loudness_range": 26.81246566772461,
      "side_mean": -30.75616455078125
    },
    {
      "high_freq": 392.3793640136719,
      "loudness": -19.06136131286621,
      "loudness_range": 10.431875228881836,
      "low_freq": 148.1999969482422,
      "mid_mean": -16.081724166870117,
      "mid_to_side_loudness": -8.751134872436523,
      "mid_to_side_loudness_range": 13.954422950744629,
      "side_mean": -25.351850509643555
    },
    {
      "high_freq": 794.6976318359375,
      "loudness": -25.616411209106445,
      "loudness_range": 14.08060073852539,
      "low_freq": 392.3793640136719,
      "mid_mean": -22.85753631591797,
      "mid_to_side_loudness": -7.724279880523682,
      "mid_to_side_loudness_range": 14.172028541564941,
      "side_mean": -31.10584259033203
    },
    {
      "high_freq": 1457.5709228515625,
      "loudness": -29.58295249938965,
      "loudness_range": 20.192564010620117,
      "low_freq": 794.6976318359375,
      "mid_mean": -27.073078155517578,
      "mid_to_side_loudness": -6.898048400878906,
      "mid_to_side_loudness_range": 14.994714736938477,
      "side_mean": -34.155967712402344
    },
    {
      "high_freq": 2549.74365234375,
      "loudness": -30.415653228759766,
      "loudness_range": 19.209129333496094,
      "low_freq": 1457.5709228515625,
      "mid_mean": -27.654151916503906,
      "mid_to_side_loudness": -8.200490951538086,
      "mid_to_side_loudness_range": 15.84351921081543,
      "side_mean": -36.303062438964844
    },
    {
      "high_freq": 4349.24462890625,
      "loudness": -32.47801971435547,
      "loudness_range": 21.479080200195312,
      "low_freq": 2549.74365234375,
      "mid_mean": -29.64329719543457,
      "mid_to_side_loudness": -10.210613250732422,
      "mid_to_side_loudness_range": 19.748186111450195,
      "side_mean": -40.14542770385742
    },
    {
      "high_freq": 7314.1640625,
      "loudness": -35.334503173828125,
      "loudness_range": 23.145002365112305,
      "low_freq": 4349.24462890625,
      "mid_mean": -32.572879791259766,
      "mid_to_side_loudness": -9.99182415008545,
      "mid_to_side_loudness_range": 21.956724166870117,
      "side_mean": -44.49440002441406
    },
    {
      "high_freq": 12199.2666015625,
      "loudness": -34.36799240112305,
      "loudness_range": 22.385160446166992,
      "low_freq": 7314.1640625,
      "mid_mean": -31.605173110961914,
      "mid_to_side_loudness": -10.575136184692383,
      "mid_to_side_loudness_range": 23.2679500579834,
      "side_mean": -46.041446685791016
    },
    {
      "loudness": -38.54061508178711,
      "loudness_range": 26.539146423339844,
      "low_freq": 12199.2666015625,
      "mid_mean": -36.1279411315918,
      "mid_to_side_loudness": -10.003402709960938,
      "mid_to_side_loudness_range": 26.643537521362305,
      "side_mean": -55.89345169067383
    }
  ],
  "bandwidth": 263.1223449707031,
  "channels": 2,
  "covariance": [
    [
      7.325921535491943,
      -1.5661572217941284,
      1.1726523637771606,
      -0.96303790807724,
      -1.6387120485305786,
      -0.7514451742172241,
      -1.0843186378479004,
      -2.144742250442505,
      0.5806741714477539,
      -1.9325224161148071,
      2.785526990890503,
      -0.5725403428077698,
      3.942272901535034,
      0.22504769265651703,
      3.5632543563842773,
      1.909088134765625,
      3.5377390384674072,
      2.9736762046813965
    ],
    [
      -1.5661572217941284,
      16.55569076538086,
      0.40607839822769165,
      1.3591105937957764,
      -5.507914066314697,
      -2.762422800064087,
      -8.930890083312988,
      -6.966944694519043,
      -7.5170979499816895,
      -6.251836776733398,
      -6.305361270904541,
      -6.1095805168151855,
      -5.348535060882568,
      -6.493531703948975,
      -4.745510578155518,
      -6.902192115783691,
      -5.739894866943359,
      -10.052963256835938
    ],
    [
      1.1726523637771606,
      0.40607839822769165,
      9.343791007995605,
      3.588496685028076,
      2.4513280391693115,
      1.3602949380874634,
      1.817875862121582,
      -0.40272098779678345,
      3.0351696014404297,
      0.2924724519252777,
      4.7385358810424805,
      2.554529905319214,
      4.668671131134033,
      2.566511392593384,
      3.5701324939727783,
      1.7277600765228271,
      2.6077682971954346,
      1.6872295141220093
    ],
    [
      -0.96303790807724,
      1.3591105937957764,
      3.588496685028076,
      9.515530586242676,
      3.4625043869018555,
      3.2058169841766357,
      1.8726181983947754,
      2.089540719985962,
      1.4460784196853638,
      3.664001941680908,
      2.6267499923706055,
      6.439854145050049,
      0.8019131422042847,
      3.733016014099121,
      -0.6524999141693115,
      0.2997068762779236,
      -0.6614976525306702,
      0.1514953225851059
    ],
    [
      -1.6387120485305786,
      -5.507914066314697,
      2.4513280391693115,
      3.4625043869018555,
      25.995838165283203,
      13.734081268310547,
      19.658824920654297,
      15.43858528137207,
      15.315457344055176,
      15.148327827453613,
      10.627998352050781,
      9.65894603729248,
      5.113651275634766,
      10.16136360168457,
      4.6766676902771,
      11.94344425201416,
      8.589056015014648,
      19.798860549926758
    ],
    [
      -0.7514451742172241,
      -2.762422800064087,
      1.3602949380874634,
      3.2058169841766357,
      13.734081268310547,
      18.817977905273438,
      14.644597053527832,
      15.464117050170898,
      12.323908805847168,
      18.157777786254883,
      8.241109848022461,
      8.957573890686035,
      4.965912818908691,
      7.1558637619018555,
      4.853843688964844,
      7.052237033843994,
      6.6555633544921875,
      9.600117683410645
    ],
    [
      -1.0843186378479004,
      -8.930890083312988,
      1.817875862121582,
      1.8726181983947754,
      19.658824920654297,
      14.644597053527832,
      31.853702545166016,
      22.833105087280273,
      22.196273803710938,
      23.62107276916504,
      14.998613357543945,
      16.098657608032227,
      9.7584810256958,
      16.799699783325195,
      6.3205976486206055,
      17.064767837524414,
      12.413491249084473,
      28.63267707824707
    ],
    [
      -2.144742250442505,
      -6.966944694519043,
      -0.40272098779678345,
      2.089540719985962,
      15.43858528137207,
      15.464117050170898,
      22.833105087280273,
      28.634723663330078,
      17.660764694213867,
      29.124467849731445,
      10.574264526367188,
      20.107440948486328,
      5.955654621124268,
      19.060836791992188,
      2.8969292640686035,
      16.690349578857422,
      8.955488204956055,
      27.06783103942871
    ],
    [
      0.5806741714477539,
      -7.5170979499816895,
      3.0351696014404297,
      1.4460784196853638,
      15.315457344055176,
      12.323908805847168,
      22.196273803710938,
      17.660764694213867,
      25.773088455200195,
      21.734830856323242,
      18.90597915649414,
      15.422303199768066,
      13.379765510559082,
      14.206197738647461,
      8.911376953125,
      12.599658012390137,
      12.394639015197754,
      21.160137176513672
    ],
    [
      -1.9325224161148071,
      -6.251836776733398,
      0.2924724519252777,
      3.664001941680908,
      15.148327827453613,
      18.157777786254883,
      23.62107276916504,
      29.124467849731445,
      21.734830856323242,
      40.97056198120117,
      11.91356086730957,
      28.329153060913086,
      4.603625774383545,
      23.172040939331055,
      1.5866907835006714,
      16.321292877197266,
      6.225603103637695,
      23.52806282043457
    ],
    [
      2.785526990890503,
      -6.305361270904541,
      4.7385358810424805,
      2.6267499923706055,
      10.627998352050781,
      8.241109848022461,
      14.998613357543945,
      10.574264526367188,
      18.90597915649414,
      11.91356086730957,
      30.37690544128418,
      15.70935344696045,
      24.29538917541504,
      14.516819953918457,
      20.07550811767578,
      13.850985527038574,
      20.908687591552734,
      21.0823974609375
    ],
    [
      -0.5725403428077698,
      -6.1095805168151855,
      2.554529905319214,
      6.439854145050049,
      9.65894603729248,
      8.957573890686035,
      16.098657608032227,
      20.107440948486328,
      15.422303199768066,
      28.329153060913086,
      15.70935344696045,
      37.51068115234375,
      9.2525053024292,
      28.02313804626465,
      5.333231449127197,
      19.40348243713379,
      8.930907249450684,
      23.468652725219727
    ],
    [
      3.942272901535034,
      -5.348535060882568,
      4.668671131134033,
      0.8019131422042847,
      5.113651275634766,
      4.965912818908691,
      9.7584810256958,
      5.955654621124268,
      13.379765510559082,
      4.603625774383545,
      24.29538917541504,
      9.2525053024292,
      34.2358512878418,
      14.021547317504883,
      30.727571487426758,
      15.880959510803223,
      29.776351928710938,
      25.5274715423584
    ],
    [
      0.22504769265651703,
      -6.493531703948975,
      2.566511392593384,
      3.733016014099121,
      10.16136360168457,
      7.1558637619018555,
      16.799699783325195,
      19.060836791992188,
      14.206197738647461,
      23.172040939331055,
      14.516819953918457,
      28.02313804626465,
      14.021547317504883,
      42.887413024902344,
      11.642088890075684,
      39.11262893676758,
      19.66788673400879,
      49.92589569091797
    ],
    [
      3.5632543563842773,
      -4.745510578155518,
      3.5701324939727783,
      -0.6524999141693115,
      4.6766676902771,
      4.853843688964844,
      6.3205976486206055,
      2.8969292640686035,
      8.911376953125,
      1.5866907835006714,
      20.07550811767578,
      5.333231449127197,
      30.727571487426758,
      11.642088890075684,
      42.63638687133789,
      18.864646911621094,
      37.082523345947266,
      29.390987396240234
    ],
    [
      1.909088134765625,
      -6.902192115783691,
      1.7277600765228271,
      0.2997068762779236,
      11.94344425201416,
      7.052237033843994,
      17.064767837524414,
      16.690349578857422,
      12.599658012390137,
      16.321292877197266,
      13.850985527038574,
      19.40348243713379,
      15.880959510803223,
      39.11262893676758,
      18.864646911621094,
      60.94584655761719,
      32.16498565673828,
      78.57492065429688
    ],
    [
      3.5377390384674072,
      -5.739894866943359,
      2.6077682971954346,
      -0.6614976525306702,
      8.589056015014648,
      6.6555633544921875,
      12.413491249084473,
      8.955488204956055,
      12.394639015197754,
      6.225603103637695,
      20.908687591552734,
      8.930907249450684,
      29.776351928710938,
      19.66788673400879,
      37.082523345947266,
      32.16498565673828,
      49.28819274902344,
      55.11134338378906
    ],
    [
      2.9736762046813965,
      -10.052963256835938,
      1.6872295141220093,
      0.1514953225851059,
      19.798860549926758,
      9.600117683410645,
      28.63267707824707,
      27.06783103942871,
      21.160137176513672,
      23.52806282043457,
      21.0823974609375,
      23.468652725219727,
      25.5274715423584,
      49.92589569091797,
      29.390987396240234,
      78.57492065429688,
      55.11134338378906,
      152.0486602783203
    ]
  ],
  "covariance_short": [
    [
      34.026371002197266,
      -8.319219589233398,
      -2.57249116897583,
      -3.912372589111328,
      -3.0569515228271484,
      -0.634675920009613,
      -3.4089057445526123,
      -4.352200508117676,
      -2.1534459590911865,
      -3.7588157653808594,
      1.0840424299240112,
      -1.5146540403366089,
      4.127788543701172,
      -2.7385220527648926,
      1.4898768663406372,
      -0.931140661239624,
      1.6315317153930664,
      -4.97799015045166
    ],
    [
      -8.319219589233398,
      30.30388641357422,
      0.3634951412677765,
      7.383667945861816,
      -5.72270393371582,
      -2.7425425052642822,
      -11.068315505981445,
      -5.963240623474121,
      -11.099210739135742,
      -7.054243087768555,
      -10.234909057617188,
      -8.031423568725586,
      -9.232205390930176,
      -7.589402198791504,
      -7.065423011779785,
      -7.022961616516113,
      -7.0036187171936035,
      -7.505925178527832
    ],
    [
      -2.57249116897583,
      0.3634951412677765,
      16.23567771911621,
      3.0009210109710693,
      4.512715816497803,
      2.1594433784484863,
      3.7239315509796143,
      0.6729411482810974,
      6.1265387535095215,
      2.1508758068084717,
      8.388219833374023,
      4.680571556091309,
      7.669122695922852,
      6.3660807609558105,
      6.463972568511963,
      10.334649085998535,
      8.175642013549805,
      13.583765029907227
    ],
    [
      -3.912372589111328,
      7.383667945861816,
      3.0009210109710693,
      11.85721206665039,
      -0.026733839884400368,
      0.9057175517082214,
      -3.2009806632995605,
      -1.5533279180526733,
      -2.9390339851379395,
      -1.1769579648971558,
      -1.7349474430084229,
      0.7153285145759583,
      -0.9809777140617371,
      2.2709434032440186,
      -1.475712776184082,
      3.1617393493652344,
      -1.1795381307601929,
      3.1198627948760986
    ],
    [
      -3.0569515228271484,
      -5.72270393371582,
      4.512715816497803,
      -0.026733839884400368,
      34.58885955810547,
      14.572709083557129,
      30.97305679321289,
      20.966129302978516,
      24.677734375,
      20.909605026245117,
      21.01430320739746,
      17.702369689941406,
      13.11408805847168,
      16.315893173217773,
      10.344757080078125,
      14.617992401123047,
      14.146344184875488,
      31.879871368408203
    ],
    [
      -0.634675920009613,
      -2.7425425052642822,
      2.1594433784484863,
      0.9057175517082214,
      14.572709083557129,
      21.60256576538086,
      18.00699806213379,
      17.565906524658203,
      14.694778442382812,
      20.748422622680664,
      12.615913391113281,
      14.265522956848145,
      8.743693351745605,
      12.396319389343262,
      6.690260887145996,
      10.911677360534668,
      7.8676438331604,
      23.586894989013672
    ],
    [
      -3.4089057445526123,
      -11.068315505981445,
      3.7239315509796143,
      -3.2009806632995605,
      30.97305679321289,
      18.00699806213379,
      60.06193923950195,
      36.18070983886719,
      42.74494552612305,
      37.44160842895508,
      33.6341552734375,
      31.143888473510742,
      25.669851303100586,
      30.588687896728516,
      18.48316192626953,
      27.906105041503906,
      25.52217674255371,
      53.444393157958984
    ],
    [
      -4.352200508117676,
      -5.963240623474121,
      0.6729411482810974,
      -1.5533279180526733,
      20.966129302978516,
      17.565906524658203,
      36.18070983886719,
      41.322872161865234,
      28.5616455078125,
      39.17776107788086,
      21.407638549804688,
      30.973247528076172,
      15.397008895874023,
      29.104082107543945,
      8.694870948791504,
      23.11322784423828,
      14.847307205200195,
      45.855506896972656
    ],
    [
      -2.1534459590911865,
      -11.099210739135742,
      6.1265387535095215,
      -2.9390339851379395,
      24.677734375,
      14.694778442382812,
      42.74494552612305,
      28.5616455078125,
      51.29663848876953,
      37.01720428466797,
      41.36836242675781,
      33.309661865234375,
      31.303237915039062,
      34.77732849121094,
      21.324743270874023,
      32.10969161987305,
      27.393564224243164,
      51.838661193847656
    ],
    [
      -3.7588157653808594,
      -7.054243087768555,
      2.1508758068084717,
      -1.1769579648971558,
      20.909605026245117,
      20.748422622680664,
      37.44160842895508,
      39.17776107788086,
      37.01720428466797,
      58.23908233642578,
      26.01170539855957,
      46.222286224365234,
      15.645343780517578,
      43.37678909301758,
      8.75657844543457,
      33.155548095703125,
      16.03219985961914,
      58.33285903930664
    ],
    [
      1.0840424299240112,
      -10.234909057617188,
      8.388219833374023,
      -1.7349474430084229,
      21.01430320739746,
      12.615913391113281,
      33.6341552734375,
      21.407638549804688,
      41.36836242675781,
      26.01170539855957,
      61.77158737182617,
      34.834617614746094,
      49.83803176879883,
      36.94682693481445,
      37.22456359863281,
      40.28172302246094,
      39.904544830322266,
      52.67493438720703
    ],
    [
      -1.5146540403366089,
      -8.031423568725586,
      4.680571556091309,
      0.7153285145759583,
      17.702369689941406,
      14.265522956848145,
      31.143888473510742,
      30.973247528076172,
      33.309661865234375,
      46.222286224365234,
      34.834617614746094,
      62.98210525512695,
      24.14275550842285,
      58.52688980102539,
      13.597999572753906,
      49.229881286621094,
      21.324621200561523,
      70.46664428710938
    ],
    [
      4.127788543701172,
      -9.232205390930176,
      7.669122695922852,
      -0.9809777140617371,
      13.11408805847168,
      8.743693351745605,
      25.669851303100586,
      15.397008895874023,
      31.303237915039062,
      15.645343780517578,
      49.83803176879883,
      24.14275550842285,
      68.63081359863281,
      35.02153778076172,
      54.37749099731445,
      45.75794219970703,
      56.47980499267578,
      52.33478927612305
    ],
    [
      -2.7385220527648926,
      -7.589402198791504,
      6.3660807609558105,
      2.2709434032440186,
      16.315893173217773,
      12.396319389343262,
      30.588687896728516,
      29.104082107543945,
      34.77732849121094,
      43.37678909301758,
      36.94682693481445,
      58.52688980102539,
      35.02153778076172,
      90.42353820800781,
      23.959888458251953,
      82.65357971191406,
      35.15903854370117,
      108.11322784423828
    ],
    [
      1.4898768663406372,
      -7.065423011779785,
      6.463972568511963,
      -1.475712776184082,
      10.344757080078125,
      6.690260887145996,
      18.48316192626953,
      8.694870948791504,
      21.324743270874023,
      8.75657844543457,
      37.22456359863281,
      13.597999572753906,
      54.37749099731445,
      23.959888458251953,
      71.8738021850586,
      36.381187438964844,
      62.753028869628906,
      40.674560546875
    ],
    [
      -0.931140661239624,
      -7.022961616516113,
      10.334649085998535,
      3.1617393493652344,
      14.617992401123047,
      10.911677360534668,
      27.906105041503906,
      23.11322784423828,
      32.10969161987305,
      33.155548095703125,
      40.28172302246094,
      49.229881286621094,
      45.75794219970703,
      82.65357971191406,
      36.381187438964844,
      123.79830932617188,
      50.6522331237793,
      153.6410369873047
    ],
    [
      1.6315317153930664,
      -7.0036187171936035,
      8.175642013549805,
      -1.1795381307601929,
      14.146344184875488,
      7.8676438331604,
      25.52217674255371,
      14.847307205200195,
      27.393564224243164,
      16.03219985961914,
      39.904544830322266,
      21.324621200561523,
      56.47980499267578,
      35.15903854370117,
      62.753028869628906,
      50.6522331237793,
      88.96278381347656,
      69.35135650634766
    ],
    [
      -4.97799015045166,
      -7.505925178527832,
      13.583765029907227,
      3.1198627948760986,
      31.879871368408203,
      23.586894989013672,
      53.444393157958984,
      45.855506896972656,
      51.838661193847656,
      58.33285903930664,
      52.67493438720703,
      70.46664428710938,
      52.33478927612305,
      108.11322784423828,
      40.674560546875,
      153.6410369873047,
      69.35135650634766,
      244.38882446289062
    ]
  ],
  "damage": -1.7232085466384888,
  "diff_bandwidth": 231.41551208496094,
  "dissonance": 7.657688134384805,
  "drr": 15.74793815612793,
  "dynamics": 1.8503799438476562,
  "format": 1245190,
  "frames": 8793024,
  "loudness": -9.631335258483887,
  "loudness_range": 3.144315719604492,
  "loudness_range_short": 7.217215061187744,
  "lowpass_true_peak_15khz": 0.35380062460899353,
  "mastering3_acoustic_entropies": [
    {
      "acoustic_entropy": 7.436817646026611,
      "acoustic_entropy_mono": 7.266632080078125,
      "band_eliminated_acoustic_entropies": [
        {
          "acoustic_entropy": 6.428301811218262,
          "acoustic_entropy_side": 7.4337286949157715,
          "hz": 129.47220167065723
        },
        {
          "acoustic_entropy": 7.886366367340088,
          "acoustic_entropy_side": 7.348221302032471,
          "hz": 202.92927478742237
        },
        {
          "acoustic_entropy": 7.516427516937256,
          "acoustic_entropy_side": 7.380102634429932,
          "hz": 282.89161906338205
        },
        {
          "acoustic_entropy": 7.737689971923828,
          "acoustic_entropy_side": 7.470682621002197,
          "hz": 369.9353335868758
        },
        {
          "acoustic_entropy": 7.053907871246338,
          "acoustic_entropy_side": 7.434725284576416,
          "hz": 464.6875360973435
        },
        {
          "acoustic_entropy": 7.766654014587402,
          "acoustic_entropy_side": 7.444127559661865,
          "hz": 567.8308811364784
        },
        {
          "acoustic_entropy": 7.2242960929870605,
          "acoustic_entropy_side": 7.412510871887207,
          "hz": 680.1084783214808
        },
        {
          "acoustic_entropy": 7.0509843826293945,
          "acoustic_entropy_side": 7.368904113769531,
          "hz": 802.3292461747484
        },
        {
          "acoustic_entropy": 7.407927513122559,
          "acoustic_entropy_side": 7.351507663726807,
          "hz": 935.3737400823702
        },
        {
          "acoustic_entropy": 7.292230129241943,
          "acoustic_entropy_side": 7.389540195465088,
          "hz": 1080.2004963696966
        },
        {
          "acoustic_entropy": 7.645663261413574,
          "acoustic_entropy_side": 7.312503337860107,
          "hz": 1237.8529382007157
        },
        {
          "acoustic_entropy": 7.363326072692871,
          "acoustic_entropy_side": 7.298059940338135,
          "hz": 1409.4668930556702
        },
        {
          "acoustic_entropy": 7.228104114532471,
          "acoustic_entropy_side": 7.296873092651367,
          "hz": 1596.2787759475705
        },
        {
          "acoustic_entropy": 7.289250373840332,
          "acoustic_entropy_side": 7.302443504333496,
          "hz": 1799.6344973346393
        },
        {
          "acoustic_entropy": 7.262157917022705,
          "acoustic_entropy_side": 7.257674694061279,
          "hz": 2020.9991599069049
        },
        {
          "acoustic_entropy": 7.284980773925781,
          "acoustic_entropy_side": 7.380046367645264,
          "hz": 2261.9676141086993
        },
        {
          "acoustic_entropy": 7.308847904205322,
          "acoustic_entropy_side": 7.360348224639893,
          "hz": 2524.2759484456974
        },
        {
          "acoustic_entropy": 7.3079047203063965,
          "acoustic_entropy_side": 7.3848652839660645,
          "hz": 2809.813997359896
        },
        {
          "acoustic_entropy": 7.478670120239258,
          "acoustic_entropy_side": 7.409564971923828,
          "hz": 3120.6389567871424
        },
        {
          "acoustic_entropy": 7.451451301574707,
          "acoustic_entropy_side": 7.3869218826293945,
          "hz": 3458.990205492291
        },
        {
          "acoustic_entropy": 7.3698883056640625,
          "acoustic_entropy_side": 7.3616108894348145,
          "hz": 3827.305438964164
        },
        {
          "acoustic_entropy": 7.379239559173584,
          "acoustic_entropy_side": 7.368544101715088,
          "hz": 4228.238232109126
        },
        {
          "acoustic_entropy": 7.339858531951904,
          "acoustic_entropy_side": 7.40435791015625,
          "hz": 4664.6771572759235
        },
        {
          "acoustic_entropy": 7.470739841461182,
          "acoustic_entropy_side": 7.385321617126465,
          "hz": 5139.766595350093
        },
        {
          "acoustic_entropy": 7.53975248336792,
          "acoustic_entropy_side": 7.43843412399292,
          "hz": 5656.929389854203
        },
        {
          "acoustic_entropy": 7.432097911834717,
          "acoustic_entropy_side": 7.492250919342041,
          "hz": 6219.891507268283
        },
        {
          "acoustic_entropy": 7.578543663024902,
          "acoustic_entropy_side": 7.495588302612305,
          "hz": 6832.70888123896
        },
        {
          "acoustic_entropy": 7.544011116027832,
          "acoustic_entropy_side": 7.494592189788818,
          "hz": 7499.796634079867
        },
        {
          "acoustic_entropy": 7.4059882164001465,
          "acoustic_entropy_side": 7.462698459625244,
          "hz": 8225.96088609342
        },
        {
          "acoustic_entropy": 7.054829120635986,
          "acoustic_entropy_side": 7.4582719802856445,
          "hz": 9016.43338188839
        },
        {
          "acoustic_entropy": 7.279131889343262,
          "acoustic_entropy_side": 7.467560291290283,
          "hz": 9876.909183162974
        },
        {
          "acoustic_entropy": 7.652396202087402,
          "acoustic_entropy_side": 7.486724376678467,
          "hz": 10813.587699516042
        },
        {
          "acoustic_entropy": 7.4416303634643555,
          "acoustic_entropy_side": 7.488143444061279,
          "hz": 11833.21735289826
        },
        {
          "acoustic_entropy": 7.439223766326904,
          "acoustic_entropy_side": 7.49280309677124,
          "hz": 12943.144197493959
        },
        {
          "acoustic_entropy": 7.597487926483154,
          "acoustic_entropy_side": 7.417774677276611,
          "hz": 14151.364845322005
        },
        {
          "acoustic_entropy": 7.549628257751465,
          "acoustic_entropy_side": 7.406309604644775,
          "hz": 15466.58407886509
        },
        {
          "acoustic_entropy": 7.640931129455566,
          "acoustic_entropy_side": 7.395161151885986,
          "hz": 16898.27756580493
        },
        {
          "acoustic_entropy": 7.5601487159729,
          "acoustic_entropy_side": 7.471336841583252,
          "hz": 18456.760127700032
        },
        {
          "acoustic_entropy": 7.455422878265381,
          "acoustic_entropy_side": 7.460866928100586,
          "hz": 20153.260054456492
        },
        {
          "acoustic_entropy": 7.440996170043945,
          "acoustic_entropy_side": 7.437450885772705,
          "hz": 22000.00000000001
        }
      ],
      "diff_acoustic_entropy": 7.4608917236328125,
      "sn": 6
    },
    {
      "acoustic_entropy": 11.909285545349121,
      "acoustic_entropy_mono": 10.810858726501465,
      "band_eliminated_acoustic_entropies": [
        {
          "acoustic_entropy": 10.312333106994629,
          "acoustic_entropy_side": 11.924946784973145,
          "hz": 129.47220167065723
        },
        {
          "acoustic_entropy": 11.377265930175781,
          "acoustic_entropy_side": 11.655303955078125,
          "hz": 202.92927478742237
        },
        {
          "acoustic_entropy": 11.435354232788086,
          "acoustic_entropy_side": 11.88552188873291,
          "hz": 282.89161906338205
        },
        {
          "acoustic_entropy": 11.783007621765137,
          "acoustic_entropy_side": 12.008885383605957,
          "hz": 369.9353335868758
        },
        {
          "acoustic_entropy": 11.83543872833252,
          "acoustic_entropy_side": 11.96058464050293,
          "hz": 464.6875360973435
        },
        {
          "acoustic_entropy": 12.836810111999512,
          "acoustic_entropy_side": 11.887824058532715,
          "hz": 567.8308811364784
        },
        {
          "acoustic_entropy": 12.11976146697998,
          "acoustic_entropy_side": 11.851714134216309,
          "hz": 680.1084783214808
        },
        {
          "acoustic_entropy": 11.633905410766602,
          "acoustic_entropy_side": 11.79928207397461,
          "hz": 802.3292461747484
        },
        {
          "acoustic_entropy": 11.302264213562012,
          "acoustic_entropy_side": 11.75723648071289,
          "hz": 935.3737400823702
        },
        {
          "acoustic_entropy": 11.852633476257324,
          "acoustic_entropy_side": 11.882586479187012,
          "hz": 1080.2004963696966
        },
        {
          "acoustic_entropy": 11.987998962402344,
          "acoustic_entropy_side": 11.993618965148926,
          "hz": 1237.8529382007157
        },
        {
          "acoustic_entropy": 11.927292823791504,
          "acoustic_entropy_side": 11.903669357299805,
          "hz": 1409.4668930556702
        },
        {
          "acoustic_entropy": 11.503154754638672,
          "acoustic_entropy_side": 11.86370849609375,
          "hz": 1596.2787759475705
        },
        {
          "acoustic_entropy": 11.82194709777832,
          "acoustic_entropy_side": 11.756340980529785,
          "hz": 1799.6344973346393
        },
        {
          "acoustic_entropy": 11.666175842285156,
          "acoustic_entropy_side": 11.881867408752441,
          "hz": 2020.9991599069049
        },
        {
          "acoustic_entropy": 11.848111152648926,
          "acoustic_entropy_side": 11.87962818145752,
          "hz": 2261.9676141086993
        },
        {
          "acoustic_entropy": 11.956870079040527,
          "acoustic_entropy_side": 11.938806533813477,
          "hz": 2524.2759484456974
        },
        {
          "acoustic_entropy": 11.92127513885498,
          "acoustic_entropy_side": 11.94096565246582,
          "hz": 2809.813997359896
        },
        {
          "acoustic_entropy": 11.866863250732422,
          "acoustic_entropy_side": 11.928403854370117,
          "hz": 3120.6389567871424
        },
        {
          "acoustic_entropy": 11.529990196228027,
          "acoustic_entropy_side": 11.903863906860352,
          "hz": 3458.990205492291
        },
        {
          "acoustic_entropy": 11.915101051330566,
          "acoustic_entropy_side": 11.821184158325195,
          "hz": 3827.305438964164
        },
        {
          "acoustic_entropy": 11.999478340148926,
          "acoustic_entropy_side": 11.834657669067383,
          "hz": 4228.238232109126
        },
        {
          "acoustic_entropy": 11.948980331420898,
          "acoustic_entropy_side": 11.829195976257324,
          "hz": 4664.6771572759235
        },
        {
          "acoustic_entropy": 11.851690292358398,
          "acoustic_entropy_side": 11.84933090209961,
          "hz": 5139.766595350093
        },
        {
          "acoustic_entropy": 11.875330924987793,
          "acoustic_entropy_side": 11.886754989624023,
          "hz": 5656.929389854203
        },
        {
          "acoustic_entropy": 11.910216331481934,
          "acoustic_entropy_side": 11.84456729888916,
          "hz": 6219.891507268283
        },
        {
          "acoustic_entropy": 11.681427001953125,
          "acoustic_entropy_side": 11.812378883361816,
          "hz": 6832.70888123896
        },
        {
          "acoustic_entropy": 11.693771362304688,
          "acoustic_entropy_side": 11.792226791381836,
          "hz": 7499.796634079867
        },
        {
          "acoustic_entropy": 11.786093711853027,
          "acoustic_entropy_side": 11.836133003234863,
          "hz": 8225.96088609342
        },
        {
          "acoustic_entropy": 11.772562980651855,
          "acoustic_entropy_side": 11.843301773071289,
          "hz": 9016.43338188839
        },
        {
          "acoustic_entropy": 11.791986465454102,
          "acoustic_entropy_side": 11.814306259155273,
          "hz": 9876.909183162974
        },
        {
          "acoustic_entropy": 11.858991622924805,
          "acoustic_entropy_side": 11.76269817352295,
          "hz": 10813.587699516042
        },
        {
          "acoustic_entropy": 11.825316429138184,
          "acoustic_entropy_side": 11.731341361999512,
          "hz": 11833.21735289826
        },
        {
          "acoustic_entropy": 11.989480018615723,
          "acoustic_entropy_side": 11.674389839172363,
          "hz": 12943.144197493959
        },
        {
          "acoustic_entropy": 11.855079650878906,
          "acoustic_entropy_side": 11.676966667175293,
          "hz": 14151.364845322005
        },
        {
          "acoustic_entropy": 11.655197143554688,
          "acoustic_entropy_side": 11.704187393188477,
          "hz": 15466.58407886509
        },
        {
          "acoustic_entropy": 11.575854301452637,
          "acoustic_entropy_side": 11.70357608795166,
          "hz": 16898.27756580493
        },
        {
          "acoustic_entropy": 11.527436256408691,
          "acoustic_entropy_side": 11.707818984985352,
          "hz": 18456.760127700032
        },
        {
          "acoustic_entropy": 11.778861999511719,
          "acoustic_entropy_side": 11.833385467529297,
          "hz": 20153.260054456492
        },
        {
          "acoustic_entropy": 11.885150909423828,
          "acoustic_entropy_side": 11.898283004760742,
          "hz": 22000.00000000001
        }
      ],
      "diff_acoustic_entropy": 10.183551788330078,
      "sn": 12
    },
    {
      "acoustic_entropy": 17.561614990234375,
      "acoustic_entropy_mono": 14.325053215026855,
      "band_eliminated_acoustic_entropies": [
        {
          "acoustic_entropy": 16.218332290649414,
          "acoustic_entropy_side": 17.58139419555664,
          "hz": 129.47220167065723
        },
        {
          "acoustic_entropy": 17.454479217529297,
          "acoustic_entropy_side": 17.32196044921875,
          "hz": 202.92927478742237
        },
        {
          "acoustic_entropy": 17.44780921936035,
          "acoustic_entropy_side": 17.623918533325195,
          "hz": 282.89161906338205
        },
        {
          "acoustic_entropy": 18.392881393432617,
          "acoustic_entropy_side": 17.70600128173828,
          "hz": 369.9353335868758
        },
        {
          "acoustic_entropy": 18.05591583251953,
          "acoustic_entropy_side": 17.69875717163086,
          "hz": 464.6875360973435
        },
        {
          "acoustic_entropy": 17.46269416809082,
          "acoustic_entropy_side": 17.58437728881836,
          "hz": 567.8308811364784
        },
        {
          "acoustic_entropy": 17.49291229248047,
          "acoustic_entropy_side": 17.510072708129883,
          "hz": 680.1084783214808
        },
        {
          "acoustic_entropy": 17.62346076965332,
          "acoustic_entropy_side": 17.40191078186035,
          "hz": 802.3292461747484
        },
        {
          "acoustic_entropy": 17.207412719726562,
          "acoustic_entropy_side": 17.377897262573242,
          "hz": 935.3737400823702
        },
        {
          "acoustic_entropy": 17.759634017944336,
          "acoustic_entropy_side": 17.699264526367188,
          "hz": 1080.2004963696966
        },
        {
          "acoustic_entropy": 17.740550994873047,
          "acoustic_entropy_side": 17.571191787719727,
          "hz": 1237.8529382007157
        },
        {
          "acoustic_entropy": 17.578454971313477,
          "acoustic_entropy_side": 17.453907012939453,
          "hz": 1409.4668930556702
        },
        {
          "acoustic_entropy": 17.675132751464844,
          "acoustic_entropy_side": 17.5692138671875,
          "hz": 1596.2787759475705
        },
        {
          "acoustic_entropy": 17.415695190429688,
          "acoustic_entropy_side": 17.84748649597168,
          "hz": 1799.6344973346393
        },
        {
          "acoustic_entropy": 17.359479904174805,
          "acoustic_entropy_side": 17.744895935058594,
          "hz": 2020.9991599069049
        },
        {
          "acoustic_entropy": 17.339767456054688,
          "acoustic_entropy_side": 17.538801193237305,
          "hz": 2261.9676141086993
        },
        {
          "acoustic_entropy": 17.6363468170166,
          "acoustic_entropy_side": 17.664438247680664,
          "hz": 2524.2759484456974
        },
        {
          "acoustic_entropy": 17.574064254760742,
          "acoustic_entropy_side": 17.641048431396484,
