{
  "acoustic_entropy": 115.5149154663086,
  "bands": [
    {
      "high_freq": 148.1999969482422,
      "loudness": -59.981773376464844,
      "loudness_range": 3.254619598388672,
      "mid_mean": -57.10834884643555,
      "mid_to_side_loudness": -23.07193946838379,
      "mid_to_side_loudness_range": 12.291605949401855,
      "side_mean": -69.60990905761719
    },
    {
      "high_freq": 392.3793640136719,
      "loudness": -61.73935317993164,
      "loudness_range": 41.99331283569336,
      "low_freq": 148.1999969482422,
      "mid_mean": -58.534019470214844,
      "mid_to_side_loudness": -13.11566162109375,
      "mid_to_side_loudness_range": 14.896919250488281,
      "side_mean": -65.04835510253906
    },
    {
      "high_freq": 794.6976318359375,
      "loudness": -51.30424880981445,
      "loudness_range": 34.60408020019531,
      "low_freq": 392.3793640136719,
      "mid_mean": -54.915592193603516,
      "mid_to_side_loudness": -11.74496078491211,
      "mid_to_side_loudness_range": 16.570613861083984,
      "side_mean": -63.30347442626953
    },
    {
      "high_freq": 1457.5709228515625,
      "loudness": -55.435302734375,
      "loudness_range": 30.465377807617188,
      "low_freq": 794.6976318359375,
      "mid_mean": -54.47127151489258,
      "mid_to_side_loudness": -13.352376937866211,
      "mid_to_side_loudness_range": 17.570302963256836,
      "side_mean": -64.63936614990234
    },
    {
      "high_freq": 2549.74365234375,
      "loudness": -47.53166580200195,
      "loudness_range": 24.49249267578125,
      "low_freq": 1457.5709228515625,
      "mid_mean": -50.455101013183594,
      "mid_to_side_loudness": -12.277253150939941,
      "mid_to_side_loudness_range": 16.978761672973633,
      "side_mean": -60.48706817626953
    },
    {
      "high_freq": 4349.24462890625,
      "loudness": -49.835601806640625,
      "loudness_range": 32.662357330322266,
      "low_freq": 2549.74365234375,
      "mid_mean": -55.515323638916016,
      "mid_to_side_loudness": -12.961814880371094,
      "mid_to_side_loudness_range": 20.433483123779297,
      "side_mean": -63.88995361328125
    },
    {
      "high_freq": 7314.1640625,
      "loudness": -52.16165542602539,
      "loudness_range": 35.4004020690918,
      "low_freq": 4349.24462890625,
      "mid_mean": -59.05261993408203,
      "mid_to_side_loudness": -14.6437406539917,
      "mid_to_side_loudness_range": 24.241981506347656,
      "side_mean": -66.40739440917969
    },
    {
      "high_freq": 12199.2666015625,
      "loudness": -70.06441497802734,
      "loudness_range": 26.58218765258789,
      "low_freq": 7314.1640625,
      "mid_mean": -64.81008911132812,
      "mid_to_side_loudness": -17.161014556884766,
      "mid_to_side_loudness_range": 27.502878189086914,
      "side_mean": -69.758056640625
    },
    {
      "loudness": -74.37358856201172,
      "loudness_range": 12.194992065429688,
      "low_freq": 12199.2666015625,
      "mid_mean": -67.15154266357422,
      "mid_to_side_loudness": -15.662647247314453,
      "mid_to_side_loudness_range": 22.46099281311035,
      "side_mean": -69.927001953125
    }
  ],
  "bands_short": [
    {
      "high_freq": 148.1999969482422,
      "loudness": -60.96592330932617,
      "loudness_range": 9.253257751464844,
      "mid_mean": -57.996551513671875,
      "mid_to_side_loudness": -24.401968002319336,
      "mid_to_side_loudness_range": 13.585458755493164,
      "side_mean": -69.70697784423828
    },
    {
      "high_freq": 392.3793640136719,
      "loudness": -61.32896041870117,
      "loudness_range": 35.83888626098633,
      "low_freq": 148.1999969482422,
      "mid_mean": -58.21662902832031,
      "mid_to_side_loudness": -14.394155502319336,
      "mid_to_side_loudness_range": 16.35399055480957,
      "side_mean": -65.45262908935547
    },
    {
      "high_freq": 794.6976318359375,
      "loudness": -52.343666076660156,
      "loudness_range": 35.07770919799805,
      "low_freq": 392.3793640136719,
      "mid_mean": -56.048866271972656,
      "mid_to_side_loudness": -10.66478443145752,
      "mid_to_side_loudness_range": 16.809587478637695,
      "side_mean": -63.266666412353516
    },
    {
      "high_freq": 1457.5709228515625,
      "loudness": -57.06936264038086,
      "loudness_range": 30.276561737060547,
      "low_freq": 794.6976318359375,
      "mid_mean": -55.94187545776367,
      "mid_to_side_loudness": -12.377058029174805,
      "mid_to_side_loudness_range": 17.25160026550293,
      "side_mean": -65.00251770019531
    },
    {
      "high_freq": 2549.74365234375,
      "loudness": -48.68086242675781,
      "loudness_range": 25.463848114013672,
      "low_freq": 1457.5709228515625,
      "mid_mean": -51.632720947265625,
      "mid_to_side_loudness": -11.708311080932617,
      "mid_to_side_loudness_range": 16.39649200439453,
      "side_mean": -61.05199432373047
    },
    {
      "high_freq": 4349.24462890625,
      "loudness": -50.31890869140625,
      "loudness_range": 33.33159637451172,
      "low_freq": 2549.74365234375,
      "mid_mean": -56.63817596435547,
      "mid_to_side_loudness": -11.941340446472168,
      "mid_to_side_loudness_range": 18.362363815307617,
      "side_mean": -64.17537689208984
    },
    {
      "high_freq": 7314.1640625,
      "loudness": -52.97502136230469,
      "loudness_range": 34.92890548706055,
      "low_freq": 4349.24462890625,
      "mid_mean": -60.905487060546875,
      "mid_to_side_loudness": -12.763254165649414,
      "mid_to_side_loudness_range": 17.895709991455078,
      "side_mean": -66.72254943847656
    },
    {
      "high_freq": 12199.2666015625,
      "loudness": -72.7352066040039,
      "loudness_range": 27.48574447631836,
      "low_freq": 7314.1640625,
      "mid_mean": -66.46302032470703,
      "mid_to_side_loudness": -14.610166549682617,
      "mid_to_side_loudness_range": 19.785634994506836,
      "side_mean": -69.7737045288086
    },
    {
      "loudness": -75.18310546875,
      "loudness_range": 4.632255554199219,
      "low_freq": 12199.2666015625,
      "mid_mean": -67.72750091552734,
      "mid_to_side_loudness": -14.51373291015625,
      "mid_to_side_loudness_range": 17.290414810180664,
      "side_mean": -69.9263916015625
    }
  ],
  "bandwidth": 945.051513671875,
  "channels": 2,
  "covariance": [
    [
      17.285905838012695,
      0.5077025294303894,
      13.293783187866211,
      5.56762170791626,
      20.70387077331543,
      9.27203369140625,
      21.230297088623047,
      7.629936218261719,
      28.807100296020508,
      14.119372367858887,
      20.128265380859375,
      8.691378593444824,
      14.691352844238281,
      4.806931972503662,
      6.723418712615967,
      0.2224583923816681,
      3.796077251434326,
      0.014820083044469357
    ],
    [
      0.5077025294303894,
      0.023063505068421364,
      0.538067102432251,
      0.32718729972839355,
      0.6511799693107605,
      0.2886735200881958,
      0.6942667365074158,
      0.24030156433582306,
      0.7058245539665222,
      0.4021349251270294,
      0.5081111788749695,
      0.22368788719177246,
      0.39730027318000793,
      0.13541606068611145,
      0.20532123744487762,
      0.01471740286797285,
      0.11498527228832245,
      0.0005158516578376293
    ],
    [
      13.293783187866211,
      0.538067102432251,
      143.87313842773438,
      96.0062026977539,
      120.6949691772461,
      58.07085037231445,
      101.244140625,
      40.19939422607422,
      96.70579528808594,
      59.48325729370117,
      108.47438049316406,
      45.64772033691406,
      114.09193420410156,
      37.689449310302734,
      67.58661651611328,
      3.9192662239074707,
      22.008649826049805,
      0.07860952615737915
    ],
    [
      5.56762170791626,
      0.32718729972839355,
      96.0062026977539,
      79.44279479980469,
      79.64791870117188,
      46.76739501953125,
      59.66645812988281,
      28.169403076171875,
      58.12493896484375,
      44.84956359863281,
      71.26542663574219,
      33.989646911621094,
      80.12763214111328,
      31.001747131347656,
      47.73788070678711,
      3.3285787105560303,
      12.2136812210083,
      0.04187474399805069
    ],
    [
      20.70387077331543,
      0.6511799693107605,
      120.6949691772461,
      79.64791870117188,
      190.37815856933594,
      91.94483947753906,
      126.8120346069336,
      47.79914093017578,
      114.2884521484375,
      66.74574279785156,
      137.213134765625,
      64.6154556274414,
      125.07992553710938,
      43.753204345703125,
      60.13393783569336,
      3.329033136367798,
      19.102643966674805,
      0.058767132461071014
    ],
    [
      9.27203369140625,
      0.2886735200881958,
      58.07085037231445,
      46.76739501953125,
      91.94483947753906,
      56.360633850097656,
      59.31951141357422,
      25.869009017944336,
      56.20497131347656,
      37.49791717529297,
      68.53820037841797,
      33.47992706298828,
      68.78224182128906,
      26.818470001220703,
      31.990428924560547,
      2.035764217376709,
      7.856468200683594,
      0.01695556752383709
    ],
    [
      21.230297088623047,
      0.6942667365074158,
      101.244140625,
      59.66645812988281,
      126.8120346069336,
      59.31951141357422,
      123.99283599853516,
      45.65776062011719,
      94.05973815917969,
      48.774173736572266,
      119.97760772705078,
      51.517276763916016,
      104.30309295654297,
      34.85236358642578,
      50.63796615600586,
      2.7306458950042725,
      17.33598518371582,
      0.0559023879468441
    ],
    [
      7.629936218261719,
      0.24030156433582306,
      40.19939422607422,
      28.169403076171875,
      47.79914093017578,
      25.869009017944336,
      45.65776062011719,
      24.623533248901367,
      37.322914123535156,
      23.183420181274414,
      52.73674011230469,
      26.5765323638916,
      46.67218780517578,
      18.40441131591797,
      21.547521591186523,
      1.2458562850952148,
      6.759021759033203,
      0.017848629504442215
    ],
    [
      28.807100296020508,
      0.7058245539665222,
      96.70579528808594,
      58.12493896484375,
      114.2884521484375,
      56.20497131347656,
      94.05973815917969,
      37.322914123535156,
      171.10194396972656,
      94.82036590576172,
      129.58558654785156,
      54.506526947021484,
      115.05901336669922,
      40.16682815551758,
      53.803428649902344,
      2.5115420818328857,
      19.79100799560547,
      0.05608312413096428
    ],
    [
      14.119372367858887,
      0.4021349251270294,
      59.48325729370117,
      44.84956359863281,
      66.74574279785156,
      37.49791717529297,
      48.774173736572266,
      23.183420181274414,
      94.82036590576172,
      65.17411041259766,
      77.34083557128906,
      38.99812698364258,
      70.94263458251953,
      30.83263397216797,
      31.120573043823242,
      1.9214017391204834,
      8.766794204711914,
      0.03440045192837715
    ],
    [
      20.128265380859375,
      0.5081111788749695,
      108.47438049316406,
      71.26542663574219,
      137.213134765625,
      68.53820037841797,
      119.97760772705078,
      52.73674011230469,
      129.58558654785156,
      77.34083557128906,
      196.55148315429688,
      94.13592529296875,
      160.6730499267578,
      63.24411392211914,
      66.37218475341797,
      3.454149007797241,
      22.100082397460938,
      0.10014573484659195
    ],
    [
      8.691378593444824,
      0.22368788719177246,
      45.64772033691406,
      33.989646911621094,
      64.6154556274414,
      33.47992706298828,
      51.517276763916016,
      26.5765323638916,
      54.506526947021484,
      38.99812698364258,
      94.13592529296875,
      58.13146209716797,
      71.9138412475586,
      34.84660720825195,
      24.152502059936523,
      1.4927828311920166,
      6.26170539855957,
      0.03971770778298378
    ],
    [
      14.691352844238281,
      0.39730027318000793,
      114.09193420410156,
      80.12763214111328,
      125.07992553710938,
      68.78224182128906,
      104.30309295654297,
      46.67218780517578,
      115.05901336669922,
      70.94263458251953,
      160.6730499267578,
      71.9138412475586,
      165.31573486328125,
      62.57224655151367,
      75.03419494628906,
      4.186458587646484,
      23.568349838256836,
      0.08520688861608505
    ],
    [
      4.806931972503662,
      0.13541606068611145,
      37.689449310302734,
      31.001747131347656,
      43.753204345703125,
      26.818470001220703,
      34.85236358642578,
      18.40441131591797,
      40.16682815551758,
      30.83263397216797,
      63.24411392211914,
      34.84660720825195,
      62.57224655151367,
      31.717649459838867,
      22.610410690307617,
      1.674720048904419,
      5.491064071655273,
      0.03842896223068237
    ],
    [
      6.723418712615967,
      0.20532123744487762,
      67.58661651611328,
      47.73788070678711,
      60.13393783569336,
      31.990428924560547,
      50.63796615600586,
      21.547521591186523,
      53.803428649902344,
      31.120573043823242,
      66.37218475341797,
      24.152502059936523,
      75.03419494628906,
      22.610410690307617,
      49.084266662597656,
      2.366608142852783,
      13.973410606384277,
      0.014809800311923027
    ],
    [
      0.2224583923816681,
      0.01471740286797285,
      3.9192662239074707,
      3.3285787105560303,
      3.329033136367798,
      2.035764217376709,
      2.7306458950042725,
      1.2458562850952148,
      2.5115420818328857,
      1.9214017391204834,
      3.454149007797241,
      1.4927828311920166,
      4.186458587646484,
      1.674720048904419,
      2.366608142852783,
      0.2457958459854126,
      0.49966666102409363,
      0.002373349852859974
    ],
    [
      3.796077251434326,
      0.11498527228832245,
      22.008649826049805,
      12.2136812210083,
      19.102643966674805,
      7.856468200683594,
      17.33598518371582,
      6.759021759033203,
      19.79100799560547,
      8.766794204711914,
      22.100082397460938,
      6.26170539855957,
      23.568349838256836,
      5.491064071655273,
      13.973410606384277,
      0.49966666102409363,
      7.3983635902404785,
      0.016621749848127365
    ],
    [
      0.014820083044469357,
      0.0005158516578376293,
      0.07860952615737915,
      0.04187474399805069,
      0.058767132461071014,
      0.01695556752383709,
      0.0559023879468441,
      0.017848629504442215,
      0.05608312413096428,
      0.03440045192837715,
      0.10014573484659195,
      0.03971770778298378,
      0.08520688861608505,
      0.03842896223068237,
      0.014809800311923027,
      0.002373349852859974,
      0.016621749848127365,
      0.0010021444177255034
    ]
  ],
  "covariance_short": [
    [
      21.44632911682129,
      0.37694302201271057,
      13.853761672973633,
      5.270564079284668,
      18.58983612060547,
      9.087453842163086,
      18.407642364501953,
      6.995928764343262,
      26.78312873840332,
      13.204123497009277,
      17.961299896240234,
      8.150384902954102,
      11.821069717407227,
      4.361048698425293,
      4.304213047027588,
      0.2127295881509781,
      2.934560537338257,
      0.01462341658771038
    ],
    [
      0.37694302201271057,
      0.04520883783698082,
      0.5464832186698914,
      0.3562951683998108,
      0.4416620135307312,
      0.28985080122947693,
      0.5250725150108337,
      0.19503602385520935,
      0.6119241714477539,
      0.37251192331314087,
      0.42017266154289246,
      0.16216979920864105,
      0.3676113188266754,
      0.15898098051548004,
      0.1790860891342163,
      0.01863144524395466,
      0.10378842800855637,
      0.0007121367962099612
    ],
    [
      13.853761672973633,
      0.5464832186698914,
      118.68399047851562,
      80.1693344116211,
      110.97351837158203,
      62.33403396606445,
      87.4959487915039,
      36.375343322753906,
      81.68033599853516,
      51.90043640136719,
      94.42890930175781,
      42.311885833740234,
      87.02354431152344,
      32.344520568847656,
      39.265113830566406,
      3.466627359390259,
      10.892130851745605,
      0.04131064563989639
    ],
    [
      5.270564079284668,
      0.3562951683998108,
      80.1693344116211,
      71.0318603515625,
      75.66473388671875,
      53.09435272216797,
      54.65375900268555,
      25.654884338378906,
      48.7392578125,
      40.179771423339844,
      65.76018524169922,
      32.403926849365234,
      64.81966400146484,
      26.71629524230957,
      29.243755340576172,
      2.9180803298950195,
      6.4301042556762695,
      0.035280708223581314
    ],
    [
      18.58983612060547,
      0.4416620135307312,
      110.97351837158203,
      75.66473388671875,
      190.8634033203125,
      95.94161987304688,
      123.1851577758789,
      47.282196044921875,
      105.51937103271484,
      62.98539733886719,
      131.05404663085938,
      61.75901794433594,
      110.31240844726562,
      41.039649963378906,
      42.14035415649414,
      3.238096237182617,
      11.291365623474121,
      0.02903958410024643
    ],
    [
      9.087453842163086,
      0.28985080122947693,
      62.33403396606445,
      53.09435272216797,
      95.94161987304688,
      65.0964584350586,
      62.575462341308594,
      27.95086669921875,
      56.13426208496094,
      39.818424224853516,
      72.7564468383789,
      35.04270935058594,
      67.47327423095703,
      26.876949310302734,
      26.14205551147461,
      2.2563669681549072,
      6.141552925109863,
      0.019950618967413902
    ],
    [
      18.407642364501953,
      0.5250725150108337,
      87.4959487915039,
      54.65375900268555,
      123.1851577758789,
      62.575462341308594,
      120.43221282958984,
      43.281368255615234,
      81.06024169921875,
      43.67279815673828,
      113.98007202148438,
      49.85664367675781,
      88.89981842041016,
      31.92238998413086,
      34.25007629394531,
      2.679318904876709,
      10.769927978515625,
      0.03202759847044945
    ],
    [
      6.995928764343262,
      0.19503602385520935,
      36.375343322753906,
      25.654884338378906,
      47.282196044921875,
      27.95086669921875,
      43.281368255615234,
      24.996278762817383,
      32.69046401977539,
      21.580259323120117,
      48.31313705444336,
      24.967679977416992,
      38.69459915161133,
      16.469541549682617,
      12.625269889831543,
      1.1466107368469238,
      3.7211058139801025,
      0.023390062153339386
    ],
    [
      26.78312873840332,
      0.6119241714477539,
      81.68033599853516,
      48.7392578125,
      105.51937103271484,
      56.13426208496094,
      81.06024169921875,
      32.69046401977539,
      170.35122680664062,
      90.33185577392578,
      117.45833587646484,
      49.73249816894531,
      95.93067169189453,
      35.69145202636719,
      35.587318420410156,
      2.357509136199951,
      11.997289657592773,
      0.00787337776273489
    ],
    [
      13.204123497009277,
      0.37251192331314087,
      51.90043640136719,
      40.179771423339844,
      62.98539733886719,
      39.818424224853516,
      43.67279815673828,
      21.580259323120117,
      90.33185577392578,
      65.07328796386719,
      71.423583984375,
      37.197696685791016,
      58.90511703491211,
      27.904327392578125,
      18.765714645385742,
      1.79893159866333,
      4.850184440612793,
      0.028759166598320007
    ],
    [
      17.961299896240234,
      0.42017266154289246,
      94.42890930175781,
      65.76018524169922,
      131.05404663085938,
      72.7564468383789,
      113.98007202148438,
      48.31313705444336,
      117.45833587646484,
      71.423583984375,
      190.565185546875,
      88.35311889648438,
      143.55126953125,
      57.8463134765625,
      44.4097900390625,
      3.329759120941162,
      12.872491836547852,
      0.07189076393842697
    ],
    [
      8.150384902954102,
      0.16216979920864105,
      42.311885833740234,
      32.403926849365234,
      61.75901794433594,
      35.04270935058594,
      49.85664367675781,
      24.967679977416992,
      49.73249816894531,
      37.197696685791016,
      88.35311889648438,
      56.390262603759766,
      62.97690200805664,
      31.874849319458008,
      13.460540771484375,
      1.489780068397522,
      3.6086313724517822,
      0.042190857231616974
    ],
    [
      11.821069717407227,
      0.3676113188266754,
      87.02354431152344,
      64.81966400146484,
      110.31240844726562,
      67.47327423095703,
      88.89981842041016,
      38.69459915161133,
      95.93067169189453,
      58.90511703491211,
      143.55126953125,
      62.97690200805664,
      144.46409606933594,
      53.43567657470703,
      54.335018157958984,
      3.6080541610717773,
      14.375377655029297,
      0.05564962327480316
    ],
    [
      4.361048698425293,
      0.15898098051548004,
      32.344520568847656,
      26.71629524230957,
      41.039649963378906,
      26.876949310302734,
      31.92238998413086,
      16.469541549682617,
      35.69145202636719,
      27.904327392578125,
      57.8463134765625,
      31.874849319458008,
      53.43567657470703,
      29.744794845581055,
      13.700407028198242,
      1.6131219863891602,
      2.670830249786377,
      0.044377174228429794
    ],
    [
      4.304213047027588,
      0.1790860891342163,
      39.265113830566406,
      29.243755340576172,
      42.14035415649414,
      26.14205551147461,
      34.25007629394531,
      12.625269889831543,
      35.587318420410156,
      18.765714645385742,
      44.4097900390625,
      13.460540771484375,
      54.335018157958984,
      13.700407028198242,
      35.53529739379883,
      1.7592648267745972,
      9.326251029968262,
      -0.006882959045469761
    ],
    [
      0.2127295881509781,
      0.01863144524395466,
      3.466627359390259,
      2.9180803298950195,
      3.238096237182617,
      2.2563669681549072,
      2.679318904876709,
      1.1466107368469238,
      2.357509136199951,
      1.79893159866333,
      3.329759120941162,
      1.489780068397522,
      3.6080541610717773,
      1.6131219863891602,
      1.7592648267745972,
      0.34099188446998596,
      0.315757155418396,
      0.006733791437000036
    ],
    [
      2.934560537338257,
      0.10378842800855637,
      10.892130851745605,
      6.4301042556762695,
      11.291365623474121,
      6.141552925109863,
      10.769927978515625,
      3.7211058139801025,
      11.997289657592773,
      4.850184440612793,
      12.872491836547852,
      3.6086313724517822,
      14.375377655029297,
      2.670830249786377,
      9.326251029968262,
      0.315757155418396,
      5.2983245849609375,
      0.00024214967561420053
    ],
    [
      0.01462341658771038,
      0.0007121367962099612,
      0.04131064563989639,
      0.035280708223581314,
      0.02903958410024643,
      0.019950618967413902,
      0.03202759847044945,
      0.023390062153339386,
      0.00787337776273489,
      0.028759166598320007,
      0.07189076393842697,
      0.042190857231616974,
      0.05564962327480316,
      0.044377174228429794,
      -0.006882959045469761,
      0.006733791437000036,
      0.00024214967561420053,
      0.0023550414480268955
    ]
  ],
  "damage": -24.58537483215332,
  "diff_bandwidth": 976.1727294921875,
  "dissonance": 4.293541750232505,
  "drr": -7.306161403656006,
  "dynamics": 7.7581000328063965,
  "format": 1245190,
  "frames": 880576,
  "loudness": -35.35698699951172,
  "loudness_range": 31.651681900024414,
  "loudness_range_short": 30.992572784423828,
  "lowpass_true_peak_15khz": -11.319316864013672,
  "mastering3_acoustic_entropies": [
    {
      "acoustic_entropy": 11.248409271240234,
      "acoustic_entropy_mono": 11.477667808532715,
      "band_eliminated_acoustic_entropies": [
        {
          "acoustic_entropy": 11.248886108398438,
          "acoustic_entropy_side": 11.248409271240234,
          "hz": 129.47220167065723
        },
        {
          "acoustic_entropy": 11.248770713806152,
          "acoustic_entropy_side": 11.248409271240234,
          "hz": 202.92927478742237
        },
        {
          "acoustic_entropy": 11.167662620544434,
          "acoustic_entropy_side": 11.250792503356934,
          "hz": 282.89161906338205
        },
        {
          "acoustic_entropy": 10.89507007598877,
          "acoustic_entropy_side": 11.331012725830078,
          "hz": 369.9353335868758
        },
        {
          "acoustic_entropy": 11.411031723022461,
          "acoustic_entropy_side": 11.220553398132324,
          "hz": 464.6875360973435
        },
        {
          "acoustic_entropy": 9.504441261291504,
          "acoustic_entropy_side": 11.21236515045166,
          "hz": 567.8308811364784
        },
        {
          "acoustic_entropy": 11.253888130187988,
          "acoustic_entropy_side": 11.24838638305664,
          "hz": 680.1084783214808
        },
        {
          "acoustic_entropy": 11.249252319335938,
          "acoustic_entropy_side": 11.24840259552002,
          "hz": 802.3292461747484
        },
        {
          "acoustic_entropy": 11.249103546142578,
          "acoustic_entropy_side": 11.248235702514648,
          "hz": 935.3737400823702
        },
        {
          "acoustic_entropy": 11.601802825927734,
          "acoustic_entropy_side": 11.24886703491211,
          "hz": 1080.2004963696966
        },
        {
          "acoustic_entropy": 11.479252815246582,
          "acoustic_entropy_side": 11.250412940979004,
          "hz": 1237.8529382007157
        },
        {
          "acoustic_entropy": 10.967392921447754,
          "acoustic_entropy_side": 11.24753475189209,
          "hz": 1409.4668930556702
        },
        {
          "acoustic_entropy": 11.137285232543945,
          "acoustic_entropy_side": 11.248269081115723,
          "hz": 1596.2787759475705
        },
        {
          "acoustic_entropy": 11.344249725341797,
          "acoustic_entropy_side": 11.248245239257812,
          "hz": 1799.6344973346393
        },
        {
          "acoustic_entropy": 11.143006324768066,
          "acoustic_entropy_side": 11.267003059387207,
          "hz": 2020.9991599069049
        },
        {
          "acoustic_entropy": 10.905876159667969,
          "acoustic_entropy_side": 11.314279556274414,
          "hz": 2261.9676141086993
        },
        {
          "acoustic_entropy": 10.493247032165527,
          "acoustic_entropy_side": 11.244040489196777,
          "hz": 2524.2759484456974
        },
        {
          "acoustic_entropy": 12.030038833618164,
          "acoustic_entropy_side": 11.235913276672363,
          "hz": 2809.813997359896
        },
        {
          "acoustic_entropy": 11.492562294006348,
          "acoustic_entropy_side": 11.251984596252441,
          "hz": 3120.6389567871424
        },
        {
          "acoustic_entropy": 11.021445274353027,
          "acoustic_entropy_side": 11.245172500610352,
          "hz": 3458.990205492291
        },
        {
          "acoustic_entropy": 10.686355590820312,
          "acoustic_entropy_side": 11.329463958740234,
          "hz": 3827.305438964164
        },
        {
          "acoustic_entropy": 11.450189590454102,
          "acoustic_entropy_side": 11.2538423538208,
          "hz": 4228.238232109126
        },
        {
          "acoustic_entropy": 11.436025619506836,
          "acoustic_entropy_side": 11.2476167678833,
          "hz": 4664.6771572759235
        },
        {
          "acoustic_entropy": 11.687485694885254,
          "acoustic_entropy_side": 11.247770309448242,
          "hz": 5139.766595350093
        },
        {
          "acoustic_entropy": 11.514354705810547,
          "acoustic_entropy_side": 11.256978988647461,
          "hz": 5656.929389854203
        },
        {
          "acoustic_entropy": 11.16637134552002,
          "acoustic_entropy_side": 11.248146057128906,
          "hz": 6219.891507268283
        },
        {
          "acoustic_entropy": 11.559983253479004,
          "acoustic_entropy_side": 11.246113777160645,
          "hz": 6832.70888123896
        },
        {
          "acoustic_entropy": 11.634993553161621,
          "acoustic_entropy_side": 11.238927841186523,
          "hz": 7499.796634079867
        },
        {
          "acoustic_entropy": 11.019441604614258,
          "acoustic_entropy_side": 11.248296737670898,
          "hz": 8225.96088609342
        },
        {
          "acoustic_entropy": 11.146567344665527,
          "acoustic_entropy_side": 11.24840259552002,
          "hz": 9016.43338188839
        },
        {
          "acoustic_entropy": 11.227185249328613,
          "acoustic_entropy_side": 11.24841022491455,
          "hz": 9876.909183162974
        },
        {
          "acoustic_entropy": 11.261592864990234,
          "acoustic_entropy_side": 11.248412132263184,
          "hz": 10813.587699516042
        },
        {
          "acoustic_entropy": 11.258734703063965,
          "acoustic_entropy_side": 11.248409271240234,
          "hz": 11833.21735289826
        },
        {
          "acoustic_entropy": 11.246546745300293,
          "acoustic_entropy_side": 11.248409271240234,
          "hz": 12943.144197493959
        },
        {
          "acoustic_entropy": 11.24415111541748,
          "acoustic_entropy_side": 11.248409271240234,
          "hz": 14151.364845322005
        },
        {
          "acoustic_entropy": 11.248443603515625,
          "acoustic_entropy_side": 11.248409271240234,
          "hz": 15466.58407886509
        },
        {
          "acoustic_entropy": 11.248300552368164,
          "acoustic_entropy_side": 11.248409271240234,
          "hz": 16898.27756580493
        },
        {
          "acoustic_entropy": 11.248340606689453,
          "acoustic_entropy_side": 11.248409271240234,
          "hz": 18456.760127700032
        },
        {
          "acoustic_entropy": 11.248353958129883,
          "acoustic_entropy_side": 11.248409271240234,
          "hz": 20153.260054456492
        },
        {
          "acoustic_entropy": 11.248405456542969,
          "acoustic_entropy_side": 11.248409271240234,
          "hz": 22000.00000000001
        }
      ],
      "diff_acoustic_entropy": 6.171441078186035,
      "sn": 6
    },
    {
      "acoustic_entropy": 15.282779693603516,
      "acoustic_entropy_mono": 14.880167007446289,
      "band_eliminated_acoustic_entropies": [
        {
          "acoustic_entropy": 15.285672187805176,
          "acoustic_entropy_side": 15.282779693603516,
          "hz": 129.47220167065723
        },
        {
          "acoustic_entropy": 15.281978607177734,
          "acoustic_entropy_side": 15.2827787399292,
          "hz": 202.92927478742237
        },
        {
          "acoustic_entropy": 15.24007511138916,
          "acoustic_entropy_side": 15.275779724121094,
          "hz": 282.89161906338205
        },
        {
          "acoustic_entropy": 14.54379940032959,
          "acoustic_entropy_side": 15.099493980407715,
          "hz": 369.9353335868758
        },
        {
          "acoustic_entropy": 15.23662281036377,
          "acoustic_entropy_side": 14.775054931640625,
          "hz": 464.6875360973435
        },
        {
          "acoustic_entropy": 14.22304630279541,
          "acoustic_entropy_side": 15.252613067626953,
          "hz": 567.8308811364784
        },
        {
          "acoustic_entropy": 15.310622215270996,
          "acoustic_entropy_side": 15.282881736755371,
          "hz": 680.1084783214808
        },
        {
          "acoustic_entropy": 15.284730911254883,
          "acoustic_entropy_side": 15.282670974731445,
          "hz": 802.3292461747484
        },
        {
          "acoustic_entropy": 15.320347785949707,
          "acoustic_entropy_side": 15.282317161560059,
          "hz": 935.3737400823702
        },
        {
          "acoustic_entropy": 15.44771957397461,
          "acoustic_entropy_side": 15.282625198364258,
          "hz": 1080.2004963696966
        },
        {
          "acoustic_entropy": 15.012059211730957,
          "acoustic_entropy_side": 15.282350540161133,
          "hz": 1237.8529382007157
        },
        {
          "acoustic_entropy": 15.169439315795898,
          "acoustic_entropy_side": 15.271153450012207,
          "hz": 1409.4668930556702
        },
        {
          "acoustic_entropy": 14.84108829498291,
          "acoustic_entropy_side": 15.291389465332031,
          "hz": 1596.2787759475705
        },
        {
          "acoustic_entropy": 15.321035385131836,
          "acoustic_entropy_side": 15.282280921936035,
          "hz": 1799.6344973346393
        },
        {
          "acoustic_entropy": 14.92629337310791,
          "acoustic_entropy_side": 15.250994682312012,
          "hz": 2020.9991599069049
        },
        {
          "acoustic_entropy": 14.646617889404297,
          "acoustic_entropy_side": 15.339875221252441,
          "hz": 2261.9676141086993
        },
        {
          "acoustic_entropy": 14.38011360168457,
          "acoustic_entropy_side": 14.918974876403809,
          "hz": 2524.2759484456974
        },
        {
          "acoustic_entropy": 15.264336585998535,
          "acoustic_entropy_side": 15.092796325683594,
          "hz": 2809.813997359896
        },
        {
          "acoustic_entropy": 14.874439239501953,
          "acoustic_entropy_side": 15.228921890258789,
          "hz": 3120.6389567871424
        },
        {
          "acoustic_entropy": 15.060895919799805,
          "acoustic_entropy_side": 15.237775802612305,
          "hz": 3458.990205492291
        },
        {
          "acoustic_entropy": 14.225976943969727,
          "acoustic_entropy_side": 15.305635452270508,
          "hz": 3827.305438964164
        },
        {
          "acoustic_entropy": 15.341301918029785,
          "acoustic_entropy_side": 15.299527168273926,
          "hz": 4228.238232109126
        },
        {
          "acoustic_entropy": 15.226567268371582,
          "acoustic_entropy_side": 15.277308464050293,
          "hz": 4664.6771572759235
        },
        {
          "acoustic_entropy": 15.418561935424805,
          "acoustic_entropy_side": 15.287604331970215,
          "hz": 5139.766595350093
        },
        {
          "acoustic_entropy": 14.904903411865234,
          "acoustic_entropy_side": 15.326959609985352,
          "hz": 5656.929389854203
        },
        {
          "acoustic_entropy": 15.249485969543457,
          "acoustic_entropy_side": 15.281603813171387,
          "hz": 6219.891507268283
        },
        {
          "acoustic_entropy": 15.51646900177002,
          "acoustic_entropy_side": 15.182625770568848,
          "hz": 6832.70888123896
        },
        {
          "acoustic_entropy": 14.950797080993652,
          "acoustic_entropy_side": 15.270415306091309,
          "hz": 7499.796634079867
        },
        {
          "acoustic_entropy": 15.36463451385498,
          "acoustic_entropy_side": 15.281686782836914,
          "hz": 8225.96088609342
        },
        {
          "acoustic_entropy": 15.227540016174316,
          "acoustic_entropy_side": 15.28275203704834,
          "hz": 9016.43338188839
        },
        {
          "acoustic_entropy": 15.197994232177734,
          "acoustic_entropy_side": 15.282779693603516,
          "hz": 9876.909183162974
        },
        {
          "acoustic_entropy": 15.193519592285156,
          "acoustic_entropy_side": 15.282788276672363,
          "hz": 10813.587699516042
        },
        {
          "acoustic_entropy": 15.426360130310059,
          "acoustic_entropy_side": 15.2827787399292,
          "hz": 11833.21735289826
        },
        {
          "acoustic_entropy": 15.231476783752441,
          "acoustic_entropy_side": 15.282779693603516,
          "hz": 12943.144197493959
        },
        {
          "acoustic_entropy": 15.214561462402344,
          "acoustic_entropy_side": 15.282779693603516,
          "hz": 14151.364845322005
        },
        {
          "acoustic_entropy": 15.25956916809082,
          "acoustic_entropy_side": 15.282779693603516,
          "hz": 15466.58407886509
        },
        {
          "acoustic_entropy": 15.278465270996094,
          "acoustic_entropy_side": 15.282779693603516,
          "hz": 16898.27756580493
        },
        {
          "acoustic_entropy": 15.28255844116211,
          "acoustic_entropy_side": 15.282779693603516,
          "hz": 18456.760127700032
        },
        {
          "acoustic_entropy": 15.28271770477295,
          "acoustic_entropy_side": 15.282779693603516,
          "hz": 20153.260054456492
        },
        {
          "acoustic_entropy": 15.282783508300781,
          "acoustic_entropy_side": 15.282779693603516,
          "hz": 22000.00000000001
        }
      ],
      "diff_acoustic_entropy": 9.32190227508545,
      "sn": 12
    },
    {
      "acoustic_entropy": 21.42862319946289,
      "acoustic_entropy_mono": 20.577444076538086,
      "band_eliminated_acoustic_entropies": [
        {
          "acoustic_entropy": 21.40877914428711,
          "acoustic_entropy_side": 21.428569793701172,
          "hz": 129.47220167065723
        },
        {
          "acoustic_entropy": 21.385986328125,
          "acoustic_entropy_side": 21.4285888671875,
          "hz": 202.92927478742237
        },
        {
          "acoustic_entropy": 21.25969886779785,
          "acoustic_entropy_side": 21.361175537109375,
          "hz": 282.89161906338205
        },
        {
          "acoustic_entropy": 21.415889739990234,
          "acoustic_entropy_side": 21.17806053161621,
          "hz": 369.9353335868758
        },
        {
          "acoustic_entropy": 22.114397048950195,
          "acoustic_entropy_side": 22.332691192626953,
          "hz": 464.6875360973435
        },
        {
          "acoustic_entropy": 21.536848068237305,
          "acoustic_entropy_side": 22.21971893310547,
          "hz": 567.8308811364784
        },
        {
          "acoustic_entropy": 21.50934410095215,
          "acoustic_entropy_side": 21.437894821166992,
          "hz": 680.1084783214808
        },
        {
          "acoustic_entropy": 21.43521499633789,
          "acoustic_entropy_side": 21.426448822021484,
          "hz": 802.3292461747484
        },
        {
          "acoustic_entropy": 21.778423309326172,
          "acoustic_entropy_side": 21.450223922729492,
          "hz": 935.3737400823702
        },
        {
          "acoustic_entropy": 21.25223731994629,
          "acoustic_entropy_side": 21.606735229492188,
          "hz": 1080.2004963696966
        },
        {
          "acoustic_entropy": 20.99650001525879,
          "acoustic_entropy_side": 21.734214782714844,
          "hz": 1237.8529382007157
        },
        {
          "acoustic_entropy": 20.94228172302246,
          "acoustic_entropy_side": 21.606586456298828,
          "hz": 1409.4668930556702
        },
        {
          "acoustic_entropy": 21.019882202148438,
          "acoustic_entropy_side": 21.58562469482422,
          "hz": 1596.2787759475705
        },
        {
          "acoustic_entropy": 20.862958908081055,
          "acoustic_entropy_side": 21.401996612548828,
          "hz": 1799.6344973346393
        },
        {
          "acoustic_entropy": 20.369535446166992,
          "acoustic_entropy_side": 21.239564895629883,
          "hz": 2020.9991599069049
        },
        {
          "acoustic_entropy": 20.737035751342773,
          "acoustic_entropy_side": 21.33645248413086,
          "hz": 2261.9676141086993
        },
        {
          "acoustic_entropy": 20.659616470336914,
          "acoustic_entropy_side": 21.343393325805664,
          "hz": 2524.2759484456974
        },
        {
