{
  "acoustic_entropy": 205.70779418945312,
  "bands": [
    {
      "high_freq": 148.1999969482422,
      "loudness": -17.73259925842285,
      "loudness_range": 8.654742240905762,
      "mid_mean": -14.397725105285645,
      "mid_to_side_loudness": -15.280320167541504,
      "mid_to_side_loudness_range": 15.60377311706543,
      "side_mean": -29.475017547607422
    },
    {
      "high_freq": 392.3793640136719,
      "loudness": -18.237852096557617,
      "loudness_range": 8.485754013061523,
      "low_freq": 148.1999969482422,
      "mid_mean": -15.145984649658203,
      "mid_to_side_loudness": -10.273789405822754,
      "mid_to_side_loudness_range": 13.502950668334961,
      "side_mean": -25.387653350830078
    },
    {
      "high_freq": 794.6976318359375,
      "loudness": -20.1508846282959,
      "loudness_range": 10.487274169921875,
      "low_freq": 392.3793640136719,
      "mid_mean": -17.561203002929688,
      "mid_to_side_loudness": -6.910261154174805,
      "mid_to_side_loudness_range": 12.433440208435059,
      "side_mean": -24.444501876831055
    },
    {
      "high_freq": 1457.5709228515625,
      "loudness": -19.041902542114258,
      "loudness_range": 13.854585647583008,
      "low_freq": 794.6976318359375,
      "mid_mean": -16.567480087280273,
      "mid_to_side_loudness": -7.3705854415893555,
      "mid_to_side_loudness_range": 16.060338973999023,
      "side_mean": -23.98038673400879
    },
    {
      "high_freq": 2549.74365234375,
      "loudness": -18.196687698364258,
      "loudness_range": 13.166211128234863,
      "low_freq": 1457.5709228515625,
      "mid_mean": -15.702988624572754,
      "mid_to_side_loudness": -5.673586368560791,
      "mid_to_side_loudness_range": 7.907563209533691,
      "side_mean": -21.244367599487305
    },
    {
      "high_freq": 4349.24462890625,
      "loudness": -21.3305606842041,
      "loudness_range": 13.711121559143066,
      "low_freq": 2549.74365234375,
      "mid_mean": -18.849258422851562,
      "mid_to_side_loudness": -5.731103420257568,
      "mid_to_side_loudness_range": 8.507149696350098,
      "side_mean": -24.41048240661621
    },
    {
      "high_freq": 7314.1640625,
      "loudness": -24.97781753540039,
      "loudness_range": 15.206844329833984,
      "low_freq": 4349.24462890625,
      "mid_mean": -22.502399444580078,
      "mid_to_side_loudness": -5.878934383392334,
      "mid_to_side_loudness_range": 10.642441749572754,
      "side_mean": -27.360136032104492
    },
    {
      "high_freq": 12199.2666015625,
      "loudness": -28.342172622680664,
      "loudness_range": 12.109012603759766,
      "low_freq": 7314.1640625,
      "mid_mean": -25.31587791442871,
      "mid_to_side_loudness": -9.61746883392334,
      "mid_to_side_loudness_range": 17.35149383544922,
      "side_mean": -34.00288391113281
    },
    {
      "loudness": -34.26068115234375,
      "loudness_range": 16.311471939086914,
      "low_freq": 12199.2666015625,
      "mid_mean": -31.267595291137695,
      "mid_to_side_loudness": -8.455788612365723,
      "mid_to_side_loudness_range": 10.039335250854492,
      "side_mean": -37.79177474975586
    }
  ],
  "bands_short": [
    {
      "high_freq": 148.1999969482422,
      "loudness": -22.65618324279785,
      "loudness_range": 19.779552459716797,
      "mid_mean": -19.339799880981445,
      "mid_to_side_loudness": -16.60541343688965,
      "mid_to_side_loudness_range": 22.61283302307129,
      "side_mean": -35.85565185546875
    },
    {
      "high_freq": 392.3793640136719,
      "loudness": -17.127498626708984,
      "loudness_range": 9.546794891357422,
      "low_freq": 148.1999969482422,
      "mid_mean": -14.022369384765625,
      "mid_to_side_loudness": -10.7998628616333,
      "mid_to_side_loudness_range": 15.369624137878418,
      "side_mean": -24.847400665283203
    },
    {
      "high_freq": 794.6976318359375,
      "loudness": -20.481508255004883,
      "loudness_range": 12.102653503417969,
      "low_freq": 392.3793640136719,
      "mid_mean": -18.08558464050293,
      "mid_to_side_loudness": -6.617376804351807,
      "mid_to_side_loudness_range": 14.789545059204102,
      "side_mean": -24.698265075683594
    },
    {
      "high_freq": 1457.5709228515625,
      "loudness": -19.660520553588867,
      "loudness_range": 15.743654251098633,
      "low_freq": 794.6976318359375,
      "mid_mean": -17.344865798950195,
      "mid_to_side_loudness": -7.082625389099121,
      "mid_to_side_loudness_range": 17.55875587463379,
      "side_mean": -24.4780216217041
    },
    {
      "high_freq": 2549.74365234375,
      "loudness": -18.551443099975586,
      "loudness_range": 14.825552940368652,
      "low_freq": 1457.5709228515625,
      "mid_mean": -16.157695770263672,
      "mid_to_side_loudness": -5.585049152374268,
      "mid_to_side_loudness_range": 9.88383960723877,
      "side_mean": -21.61764907836914
    },
    {
      "high_freq": 4349.24462890625,
      "loudness": -21.675344467163086,
      "loudness_range": 15.160300254821777,
      "low_freq": 2549.74365234375,
      "mid_mean": -19.30795669555664,
      "mid_to_side_loudness": -5.489380836486816,
      "mid_to_side_loudness_range": 10.028572082519531,
      "side_mean": -24.65514373779297
    },
    {
      "high_freq": 7314.1640625,
      "loudness": -25.204235076904297,
      "loudness_range": 16.43288230895996,
      "low_freq": 4349.24462890625,
      "mid_mean": -22.923046112060547,
      "mid_to_side_loudness": -5.5962066650390625,
      "mid_to_side_loudness_range": 11.717055320739746,
      "side_mean": -27.558012008666992
    },
    {
      "high_freq": 12199.2666015625,
      "loudness": -29.072900772094727,
      "loudness_range": 14.687585830688477,
      "low_freq": 7314.1640625,
      "mid_mean": -26.075937271118164,
      "mid_to_side_loudness": -9.290729522705078,
      "mid_to_side_loudness_range": 15.860076904296875,
      "side_mean": -35.121761322021484
    },
    {
      "loudness": -35.501495361328125,
      "loudness_range": 19.81952667236328,
      "low_freq": 12199.2666015625,
      "mid_mean": -32.57356262207031,
      "mid_to_side_loudness": -8.267728805541992,
      "mid_to_side_loudness_range": 11.243156433105469,
      "side_mean": -39.82406997680664
    }
  ],
  "bandwidth": 730.4760131835938,
  "channels": 2,
  "covariance": [
    [
      24.587932586669922,
      11.75164794921875,
      3.3884036540985107,
      7.934216499328613,
      4.2332024574279785,
      5.222017765045166,
      5.497557163238525,
      6.524938583374023,
      7.400824546813965,
      8.285247802734375,
      8.321028709411621,
      10.314580917358398,
      8.492834091186523,
      8.381339073181152,
      2.5908639430999756,
      4.984681606292725,
      4.399165630340576,
      0.9120935201644897
    ],
    [
      11.75164794921875,
      34.051307678222656,
      2.4509494304656982,
      12.027135848999023,
      1.9634203910827637,
      1.3284871578216553,
      1.5933772325515747,
      2.3702821731567383,
      4.997600078582764,
      4.076442241668701,
      3.4639782905578613,
      5.024127960205078,
      1.088509440422058,
      0.5937850475311279,
      -2.4733335971832275,
      -6.382050514221191,
      -5.93624210357666,
      -15.681319236755371
    ],
    [
      3.3884036540985107,
      2.4509494304656982,
      14.0491361618042,
      5.692686557769775,
      3.080953598022461,
      2.6051738262176514,
      -2.3635194301605225,
      0.09938584268093109,
      -0.5113603472709656,
      1.651053786277771,
      1.1562342643737793,
      0.5531792044639587,
      1.2678591012954712,
      1.8841297626495361,
      1.2503726482391357,
      -0.18420682847499847,
      0.6732613444328308,
      -1.5981892347335815
    ],
    [
      7.934216499328613,
      12.027135848999023,
      5.692686557769775,
      23.728700637817383,
      7.204219341278076,
      8.292585372924805,
      5.412978172302246,
      5.143609523773193,
      11.662121772766113,
      14.375526428222656,
      11.868178367614746,
      13.670809745788574,
      10.232565879821777,
      10.592318534851074,
      5.785492420196533,
      4.286195278167725,
      5.971995830535889,
      -3.134965419769287
    ],
    [
      4.2332024574279785,
      1.9634203910827637,
      3.080953598022461,
      7.204219341278076,
      18.75937843322754,
      6.869296550750732,
      14.544225692749023,
      3.2442736625671387,
      13.05349063873291,
      10.002423286437988,
      13.331730842590332,
      11.002880096435547,
      13.76032829284668,
      10.114011764526367,
      8.972288131713867,
      7.900341033935547,
      7.348560810089111,
      1.1134979724884033
    ],
    [
      5.222017765045166,
      1.3284871578216553,
      2.6051738262176514,
      8.292585372924805,
      6.869296550750732,
      14.686325073242188,
      6.346171855926514,
      7.639837265014648,
      9.29937744140625,
      12.516463279724121,
      9.461346626281738,
      12.947198867797852,
      9.64597225189209,
      11.007264137268066,
      5.314358711242676,
      9.267934799194336,
      6.094705104827881,
      4.10776948928833
    ],
    [
      5.497557163238525,
      1.5933772325515747,
      -2.3635194301605225,
      5.412978172302246,
      14.544225692749023,
      6.346171855926514,
      31.35162353515625,
      8.920756340026855,
      18.600248336791992,
      11.829879760742188,
      13.881434440612793,
      14.063963890075684,
      16.186107635498047,
      12.574980735778809,
      8.495444297790527,
      10.20350456237793,
      7.108053207397461,
      2.67167592048645
    ],
    [
      6.524938583374023,
      2.3702821731567383,
      0.09938584268093109,
      5.143609523773193,
      3.2442736625671387,
      7.639837265014648,
      8.920756340026855,
      19.182903289794922,
      9.001307487487793,
      11.927532196044922,
      9.589351654052734,
      14.729331970214844,
      9.782801628112793,
      11.917296409606934,
      3.3252620697021484,
      7.469174385070801,
      4.449686050415039,
      2.6936464309692383
    ],
    [
      7.400824546813965,
      4.997600078582764,
      -0.5113603472709656,
      11.662121772766113,
      13.05349063873291,
      9.29937744140625,
      18.600248336791992,
      9.001307487487793,
      24.874311447143555,
      19.88471794128418,
      19.578744888305664,
      21.097009658813477,
      19.969968795776367,
      17.46695899963379,
      11.776899337768555,
      13.267707824707031,
      11.652263641357422,
      1.8327711820602417
    ],
    [
      8.285247802734375,
      4.076442241668701,
      1.651053786277771,
      14.375526428222656,
      10.002423286437988,
      12.516463279724121,
      11.829879760742188,
      11.927532196044922,
      19.88471794128418,
      27.275659561157227,
      19.42181396484375,
      26.329360961914062,
      19.218719482421875,
      22.673307418823242,
      11.31113338470459,
      17.34296417236328,
      13.367324829101562,
      5.117030620574951
    ],
    [
      8.321028709411621,
      3.4639782905578613,
      1.1562342643737793,
      11.868178367614746,
      13.331730842590332,
      9.461346626281738,
      13.881434440612793,
      9.589351654052734,
      19.578744888305664,
      19.42181396484375,
      26.404890060424805,
      24.34299659729004,
      24.177217483520508,
      21.370962142944336,
      13.915204048156738,
      17.145681381225586,
      14.036392211914062,
      4.934139251708984
    ],
    [
      10.314580917358398,
      5.024127960205078,
      0.5531792044639587,
      13.670809745788574,
      11.002880096435547,
      12.947198867797852,
      14.063963890075684,
      14.729331970214844,
      21.097009658813477,
      26.329360961914062,
      24.34299659729004,
      33.8132438659668,
      23.881725311279297,
      28.403377532958984,
      13.254772186279297,
      23.547983169555664,
      16.36601448059082,
      8.030529975891113
    ],
    [
      8.492834091186523,
      1.088509440422058,
      1.2678591012954712,
      10.232565879821777,
      13.76032829284668,
      9.64597225189209,
      16.186107635498047,
      9.782801628112793,
      19.969968795776367,
      19.218719482421875,
      24.177217483520508,
      23.881725311279297,
      28.83001136779785,
      23.10587501525879,
      16.822528839111328,
      20.85173988342285,
      16.544431686401367,
      7.937662601470947
    ],
    [
      8.381339073181152,
      0.5937850475311279,
      1.8841297626495361,
      10.592318534851074,
      10.114011764526367,
      11.007264137268066,
      12.574980735778809,
      11.917296409606934,
      17.46695899963379,
      22.673307418823242,
      21.370962142944336,
      28.403377532958984,
      23.10587501525879,
      37.57209396362305,
      14.436888694763184,
      30.797224044799805,
      17.974462509155273,
      13.215747833251953
    ],
    [
      2.5908639430999756,
      -2.4733335971832275,
      1.2503726482391357,
      5.785492420196533,
      8.972288131713867,
      5.314358711242676,
      8.495444297790527,
      3.3252620697021484,
      11.776899337768555,
      11.31113338470459,
      13.915204048156738,
      13.254772186279297,
      16.822528839111328,
      14.436888694763184,
      19.174104690551758,
      18.89483070373535,
      20.046630859375,
      13.949637413024902
    ],
    [
      4.984681606292725,
      -6.382050514221191,
      -0.18420682847499847,
      4.286195278167725,
      7.900341033935547,
      9.267934799194336,
      10.20350456237793,
      7.469174385070801,
      13.267707824707031,
      17.34296417236328,
      17.145681381225586,
      23.547983169555664,
      20.85173988342285,
      30.797224044799805,
      18.89483070373535,
      53.682064056396484,
      31.237552642822266,
      35.65773391723633
    ],
    [
      4.399165630340576,
      -5.93624210357666,
      0.6732613444328308,
      5.971995830535889,
      7.348560810089111,
      6.094705104827881,
      7.108053207397461,
      4.449686050415039,
      11.652263641357422,
      13.367324829101562,
      14.036392211914062,
      16.36601448059082,
      16.544431686401367,
      17.974462509155273,
      20.046630859375,
      31.237552642822266,
      35.14692306518555,
      31.21334457397461
    ],
    [
      0.9120935201644897,
      -15.681319236755371,
      -1.5981892347335815,
      -3.134965419769287,
      1.1134979724884033,
      4.10776948928833,
      2.67167592048645,
      2.6936464309692383,
      1.8327711820602417,
      5.117030620574951,
      4.934139251708984,
      8.030529975891113,
      7.937662601470947,
      13.215747833251953,
      13.949637413024902,
      35.65773391723633,
      31.21334457397461,
      53.605186462402344
    ]
  ],
  "covariance_short": [
    [
      54.86420440673828,
      19.26667022705078,
      9.482207298278809,
      11.728524208068848,
      5.673830032348633,
      6.818256378173828,
      7.728424549102783,
      8.90366268157959,
      12.157600402832031,
      13.530699729919434,
      13.711913108825684,
      15.748200416564941,
      12.448077201843262,
      12.64238166809082,
      4.853863716125488,
      8.508137702941895,
      8.050350189208984,
      3.2932381629943848
    ],
    [
      19.26667022705078,
      55.42316436767578,
      3.792402505874634,
      17.228609085083008,
      1.5594723224639893,
      1.5867613554000854,
      2.767029047012329,
      4.067165374755859,
      7.1270060539245605,
      5.88748025894165,
      6.071288585662842,
      8.023805618286133,
      2.7424685955047607,
      3.0822224617004395,
      -1.4763935804367065,
      -4.460357189178467,
      -4.604434967041016,
      -14.993155479431152
    ],
    [
      9.482207298278809,
      3.792402505874634,
      19.18093490600586,
      8.111892700195312,
      4.6523261070251465,
      4.334813117980957,
      0.0880206972360611,
      2.244790554046631,
      3.147193670272827,
      4.994597434997559,
      4.6578145027160645,
      4.373506546020508,
      3.121605157852173,
      4.145799160003662,
      1.1357817649841309,
      2.258723020553589,
      1.5360976457595825,
      0.28596165776252747
    ],
    [
      11.728524208068848,
      17.228609085083008,
      8.111892700195312,
      30.296878814697266,
      7.20977258682251,
      7.9345808029174805,
      5.616671562194824,
      5.3986687660217285,
      11.914518356323242,
      13.245537757873535,
      11.109800338745117,
      12.892218589782715,
      8.895662307739258,
      7.958352088928223,
      4.757973670959473,
      4.1185302734375,
      4.4923176765441895,
      -4.457436561584473
    ],
    [
      5.673830032348633,
      1.5594723224639893,
      4.6523261070251465,
      7.20977258682251,
      25.791677474975586,
      7.980032444000244,
      18.404827117919922,
      5.2724432945251465,
      14.711742401123047,
      10.988734245300293,
      15.64408016204834,
      12.601375579833984,
      15.251519203186035,
      10.645209312438965,
      10.370823860168457,
      10.660564422607422,
      8.119392395019531,
      4.774303913116455
    ],
    [
      6.818256378173828,
      1.5867613554000854,
      4.334813117980957,
      7.9345808029174805,
      7.980032444000244,
      18.267017364501953,
      7.465423107147217,
      8.88663101196289,
      10.263345718383789,
      13.826226234436035,
      10.522735595703125,
      14.440064430236816,
      10.377425193786621,
      11.962203025817871,
      5.872247219085693,
      11.459419250488281,
      7.227439880371094,
      7.032845497131348
    ],
    [
      7.728424549102783,
      2.767029047012329,
      0.0880206972360611,
      5.616671562194824,
      18.404827117919922,
      7.465423107147217,
      40.60844039916992,
      11.950700759887695,
      22.06096649169922,
      13.995842933654785,
      17.15620994567871,
      16.464210510253906,
      19.00425148010254,
      14.23386001586914,
      10.945842742919922,
      13.889530181884766,
      8.749199867248535,
      6.304728984832764
    ],
    [
      8.90366268157959,
      4.067165374755859,
      2.244790554046631,
      5.3986687660217285,
      5.2724432945251465,
      8.88663101196289,
      11.950700759887695,
      23.395109176635742,
      11.955986976623535,
      14.860139846801758,
      12.17179012298584,
      17.386844635009766,
      11.966836929321289,
      13.80872917175293,
      4.816555976867676,
      10.769491195678711,
      6.156611442565918,
      4.685910224914551
    ],
    [
      12.157600402832031,
      7.1270060539245605,
      3.147193670272827,
      11.914518356323242,
      14.711742401123047,
      10.263345718383789,
      22.06096649169922,
      11.955986976623535,
      30.50204086303711,
      23.06700897216797,
      22.397706985473633,
      23.955965042114258,
      22.042936325073242,
      19.375497817993164,
      13.439897537231445,
      17.30475616455078,
      12.974259376525879,
      6.9768452644348145
    ],
    [
      13.530699729919434,
      5.88748025894165,
      4.994597434997559,
      13.245537757873535,
      10.988734245300293,
      13.826226234436035,
      13.995842933654785,
      14.860139846801758,
      23.06700897216797,
      32.305179595947266,
      21.76517105102539,
      29.08688735961914,
      20.92000961303711,
      24.674421310424805,
      12.137798309326172,
      21.021900177001953,
      13.932782173156738,
      10.441794395446777
    ],
    [
      13.711913108825684,
      6.071288585662842,
      4.6578145027160645,
      11.109800338745117,
      15.64408016204834,
      10.522735595703125,
      17.15620994567871,
      12.17179012298584,
      22.397706985473633,
      21.76517105102539,
      32.95450973510742,
      27.31528663635254,
      27.97913360595703,
      24.161436080932617,
      16.90618133544922,
      23.08354949951172,
      16.258968353271484,
      11.876468658447266
    ],
    [
      15.748200416564941,
      8.023805618286133,
      4.373506546020508,
      12.892218589782715,
      12.601375579833984,
      14.440064430236816,
      16.464210510253906,
      17.386844635009766,
      23.955965042114258,
      29.08688735961914,
      27.31528663635254,
      38.45648193359375,
      26.08367156982422,
      31.15863609313965,
      14.732195854187012,
      28.417695999145508,
      17.25670051574707,
      14.383308410644531
    ],
    [
      12.448077201843262,
      2.7424685955047607,
      3.121605157852173,
      8.895662307739258,
      15.251519203186035,
      10.377425193786621,
      19.00425148010254,
      11.966836929321289,
      22.042936325073242,
      20.92000961303711,
      27.97913360595703,
      26.08367156982422,
      35.45561599731445,
      26.485076904296875,
      21.55290412902832,
      28.247642517089844,
      20.320499420166016,
      17.217355728149414
    ],
    [
      12.64238166809082,
      3.0822224617004395,
      4.145799160003662,
      7.958352088928223,
      10.645209312438965,
      11.962203025817871,
      14.23386001586914,
      13.80872917175293,
      19.375497817993164,
      24.674421310424805,
      24.161436080932617,
      31.15863609313965,
      26.485076904296875,
      41.65740966796875,
      16.301349639892578,
      36.026039123535156,
      19.65256118774414,
      21.547460556030273
    ],
    [
      4.853863716125488,
      -1.4763935804367065,
      1.1357817649841309,
      4.757973670959473,
      10.370823860168457,
      5.872247219085693,
      10.945842742919922,
      4.816555976867676,
      13.439897537231445,
      12.137798309326172,
      16.90618133544922,
      14.732195854187012,
      21.55290412902832,
      16.301349639892578,
      28.616304397583008,
      27.95328712463379,
      28.202186584472656,
      26.533506393432617
    ],
    [
      8.508137702941895,
      -4.460357189178467,
      2.258723020553589,
      4.1185302734375,
      10.660564422607422,
      11.459419250488281,
      13.889530181884766,
      10.769491195678711,
      17.30475616455078,
      21.021900177001953,
      23.08354949951172,
      28.417695999145508,
      28.247642517089844,
      36.026039123535156,
      27.95328712463379,
      66.86044311523438,
      40.39177703857422,
      53.15846252441406
    ],
    [
      8.050350189208984,
      -4.604434967041016,
      1.5360976457595825,
      4.4923176765441895,
      8.119392395019531,
      7.227439880371094,
      8.749199867248535,
      6.156611442565918,
      12.974259376525879,
      13.932782173156738,
      16.258968353271484,
      17.25670051574707,
      20.320499420166016,
      19.65256118774414,
      28.202186584472656,
      40.39177703857422,
      47.842681884765625,
      47.78007125854492
    ],
    [
      3.2932381629943848,
      -14.993155479431152,
      0.28596165776252747,
      -4.457436561584473,
      4.774303913116455,
      7.032845497131348,
      6.304728984832764,
      4.685910224914551,
      6.9768452644348145,
      10.441794395446777,
      11.876468658447266,
      14.383308410644531,
      17.217355728149414,
      21.547460556030273,
      26.533506393432617,
      53.15846252441406,
      47.78007125854492,
      79.14747619628906
    ]
  ],
  "damage": -2.193572998046875,
  "diff_bandwidth": 729.3475341796875,
  "dissonance": 9.505227918161586,
  "drr": 1.3659940958023071,
  "dynamics": 2.5312001705169678,
  "format": 1245190,
  "frames": 14979072,
  "loudness": -6.806796073913574,
  "loudness_range": 6.48207426071167,
  "loudness_range_short": 7.43223762512207,
  "lowpass_true_peak_15khz": 1.1411464214324951,
  "mastering3_acoustic_entropies": [
    {
      "acoustic_entropy": 7.897852420806885,
      "acoustic_entropy_mono": 7.100976467132568,
      "band_eliminated_acoustic_entropies": [
        {
          "acoustic_entropy": 7.9891157150268555,
          "acoustic_entropy_side": 7.898374557495117,
          "hz": 129.47220167065723
        },
        {
          "acoustic_entropy": 7.878631114959717,
          "acoustic_entropy_side": 7.948247909545898,
          "hz": 202.92927478742237
        },
        {
          "acoustic_entropy": 8.051945686340332,
          "acoustic_entropy_side": 7.954776763916016,
          "hz": 282.89161906338205
        },
        {
          "acoustic_entropy": 7.171352863311768,
          "acoustic_entropy_side": 7.910582542419434,
          "hz": 369.9353335868758
        },
        {
          "acoustic_entropy": 8.244706153869629,
          "acoustic_entropy_side": 7.894834518432617,
          "hz": 464.6875360973435
        },
        {
          "acoustic_entropy": 7.361622333526611,
          "acoustic_entropy_side": 7.832555770874023,
          "hz": 567.8308811364784
        },
        {
          "acoustic_entropy": 6.820514678955078,
          "acoustic_entropy_side": 7.915119171142578,
          "hz": 680.1084783214808
        },
        {
          "acoustic_entropy": 7.6099162101745605,
          "acoustic_entropy_side": 7.897220611572266,
          "hz": 802.3292461747484
        },
        {
          "acoustic_entropy": 7.833497524261475,
          "acoustic_entropy_side": 7.421051502227783,
          "hz": 935.3737400823702
        },
        {
          "acoustic_entropy": 7.979211807250977,
          "acoustic_entropy_side": 7.6831488609313965,
          "hz": 1080.2004963696966
        },
        {
          "acoustic_entropy": 7.993602275848389,
          "acoustic_entropy_side": 7.938263416290283,
          "hz": 1237.8529382007157
        },
        {
          "acoustic_entropy": 7.936400413513184,
          "acoustic_entropy_side": 7.869687080383301,
          "hz": 1409.4668930556702
        },
        {
          "acoustic_entropy": 7.892861843109131,
          "acoustic_entropy_side": 7.861617088317871,
          "hz": 1596.2787759475705
        },
        {
          "acoustic_entropy": 7.8898396492004395,
          "acoustic_entropy_side": 7.878787994384766,
          "hz": 1799.6344973346393
        },
        {
          "acoustic_entropy": 7.566965103149414,
          "acoustic_entropy_side": 7.907946586608887,
          "hz": 2020.9991599069049
        },
        {
          "acoustic_entropy": 7.922247886657715,
          "acoustic_entropy_side": 7.981625080108643,
          "hz": 2261.9676141086993
        },
        {
          "acoustic_entropy": 7.998981475830078,
          "acoustic_entropy_side": 7.945411682128906,
          "hz": 2524.2759484456974
        },
        {
          "acoustic_entropy": 7.8927531242370605,
          "acoustic_entropy_side": 7.8848981857299805,
          "hz": 2809.813997359896
        },
        {
          "acoustic_entropy": 7.452263832092285,
          "acoustic_entropy_side": 7.887948036193848,
          "hz": 3120.6389567871424
        },
        {
          "acoustic_entropy": 7.5671868324279785,
          "acoustic_entropy_side": 7.8895392417907715,
          "hz": 3458.990205492291
        },
        {
          "acoustic_entropy": 7.79400634765625,
          "acoustic_entropy_side": 7.894976615905762,
          "hz": 3827.305438964164
        },
        {
          "acoustic_entropy": 7.958385467529297,
          "acoustic_entropy_side": 7.906754970550537,
          "hz": 4228.238232109126
        },
        {
          "acoustic_entropy": 7.812451362609863,
          "acoustic_entropy_side": 7.903111457824707,
          "hz": 4664.6771572759235
        },
        {
          "acoustic_entropy": 7.772426128387451,
          "acoustic_entropy_side": 7.904195785522461,
          "hz": 5139.766595350093
        },
        {
          "acoustic_entropy": 7.895874977111816,
          "acoustic_entropy_side": 7.909898281097412,
          "hz": 5656.929389854203
        },
        {
          "acoustic_entropy": 7.851907730102539,
          "acoustic_entropy_side": 7.911772727966309,
          "hz": 6219.891507268283
        },
        {
          "acoustic_entropy": 7.7866435050964355,
          "acoustic_entropy_side": 7.911818027496338,
          "hz": 6832.70888123896
        },
        {
          "acoustic_entropy": 7.793537139892578,
          "acoustic_entropy_side": 7.908829212188721,
          "hz": 7499.796634079867
        },
        {
          "acoustic_entropy": 7.927937984466553,
          "acoustic_entropy_side": 7.902449131011963,
          "hz": 8225.96088609342
        },
        {
          "acoustic_entropy": 7.908299922943115,
          "acoustic_entropy_side": 7.894423961639404,
          "hz": 9016.43338188839
        },
        {
          "acoustic_entropy": 7.8963623046875,
          "acoustic_entropy_side": 7.894247055053711,
          "hz": 9876.909183162974
        },
        {
          "acoustic_entropy": 7.85666561126709,
          "acoustic_entropy_side": 7.895169734954834,
          "hz": 10813.587699516042
        },
        {
          "acoustic_entropy": 7.797740936279297,
          "acoustic_entropy_side": 7.8905534744262695,
          "hz": 11833.21735289826
        },
        {
          "acoustic_entropy": 7.820294380187988,
          "acoustic_entropy_side": 7.891668319702148,
          "hz": 12943.144197493959
        },
        {
          "acoustic_entropy": 7.814447402954102,
          "acoustic_entropy_side": 7.891661167144775,
          "hz": 14151.364845322005
        },
        {
          "acoustic_entropy": 7.824394702911377,
          "acoustic_entropy_side": 7.890405178070068,
          "hz": 15466.58407886509
        },
        {
          "acoustic_entropy": 7.868288993835449,
          "acoustic_entropy_side": 7.8893256187438965,
          "hz": 16898.27756580493
        },
        {
          "acoustic_entropy": 7.885076999664307,
          "acoustic_entropy_side": 7.891778945922852,
          "hz": 18456.760127700032
        },
        {
          "acoustic_entropy": 7.877244472503662,
          "acoustic_entropy_side": 7.896372318267822,
          "hz": 20153.260054456492
        },
        {
          "acoustic_entropy": 7.8964948654174805,
          "acoustic_entropy_side": 7.89778470993042,
          "hz": 22000.00000000001
        }
      ],
      "diff_acoustic_entropy": 5.101319789886475,
      "sn": 6
    },
    {
      "acoustic_entropy": 12.845169067382812,
      "acoustic_entropy_mono": 12.150471687316895,
      "band_eliminated_acoustic_entropies": [
        {
          "acoustic_entropy": 12.29301643371582,
          "acoustic_entropy_side": 12.8413724899292,
          "hz": 129.47220167065723
        },
        {
          "acoustic_entropy": 12.965181350708008,
          "acoustic_entropy_side": 12.798022270202637,
          "hz": 202.92927478742237
        },
        {
          "acoustic_entropy": 13.22225284576416,
          "acoustic_entropy_side": 12.89516544342041,
          "hz": 282.89161906338205
        },
        {
          "acoustic_entropy": 12.871806144714355,
          "acoustic_entropy_side": 12.971718788146973,
          "hz": 369.9353335868758
        },
        {
          "acoustic_entropy": 12.978558540344238,
          "acoustic_entropy_side": 13.063405990600586,
          "hz": 464.6875360973435
        },
        {
          "acoustic_entropy": 11.828629493713379,
          "acoustic_entropy_side": 12.67003345489502,
          "hz": 567.8308811364784
        },
        {
          "acoustic_entropy": 12.192167282104492,
          "acoustic_entropy_side": 12.849617004394531,
          "hz": 680.1084783214808
        },
        {
          "acoustic_entropy": 12.550394058227539,
          "acoustic_entropy_side": 12.73500919342041,
          "hz": 802.3292461747484
        },
        {
          "acoustic_entropy": 12.182169914245605,
          "acoustic_entropy_side": 12.242843627929688,
          "hz": 935.3737400823702
        },
        {
          "acoustic_entropy": 12.746933937072754,
          "acoustic_entropy_side": 12.399035453796387,
          "hz": 1080.2004963696966
        },
        {
          "acoustic_entropy": 12.60149097442627,
          "acoustic_entropy_side": 12.83764934539795,
          "hz": 1237.8529382007157
        },
        {
          "acoustic_entropy": 12.650848388671875,
          "acoustic_entropy_side": 12.783995628356934,
          "hz": 1409.4668930556702
        },
        {
          "acoustic_entropy": 12.88597583770752,
          "acoustic_entropy_side": 12.874253273010254,
          "hz": 1596.2787759475705
        },
        {
          "acoustic_entropy": 13.187239646911621,
          "acoustic_entropy_side": 12.821981430053711,
          "hz": 1799.6344973346393
        },
        {
          "acoustic_entropy": 12.629429817199707,
          "acoustic_entropy_side": 12.746021270751953,
          "hz": 2020.9991599069049
        },
        {
          "acoustic_entropy": 12.618346214294434,
          "acoustic_entropy_side": 12.758479118347168,
          "hz": 2261.9676141086993
        },
        {
          "acoustic_entropy": 13.239521026611328,
          "acoustic_entropy_side": 12.562226295471191,
          "hz": 2524.2759484456974
        },
        {
          "acoustic_entropy": 12.575122833251953,
          "acoustic_entropy_side": 12.711152076721191,
          "hz": 2809.813997359896
        },
        {
          "acoustic_entropy": 12.423144340515137,
          "acoustic_entropy_side": 12.77143669128418,
          "hz": 3120.6389567871424
        },
        {
          "acoustic_entropy": 12.330944061279297,
          "acoustic_entropy_side": 12.778584480285645,
          "hz": 3458.990205492291
        },
        {
          "acoustic_entropy": 12.658028602600098,
          "acoustic_entropy_side": 12.839007377624512,
          "hz": 3827.305438964164
        },
        {
          "acoustic_entropy": 12.878479957580566,
          "acoustic_entropy_side": 12.940591812133789,
          "hz": 4228.238232109126
        },
        {
          "acoustic_entropy": 12.722550392150879,
          "acoustic_entropy_side": 12.901206016540527,
          "hz": 4664.6771572759235
        },
        {
          "acoustic_entropy": 12.475948333740234,
          "acoustic_entropy_side": 12.905592918395996,
          "hz": 5139.766595350093
        },
        {
          "acoustic_entropy": 12.91886043548584,
          "acoustic_entropy_side": 12.936328887939453,
          "hz": 5656.929389854203
        },
        {
          "acoustic_entropy": 12.959229469299316,
          "acoustic_entropy_side": 12.982817649841309,
          "hz": 6219.891507268283
        },
        {
          "acoustic_entropy": 13.148810386657715,
          "acoustic_entropy_side": 13.06559944152832,
          "hz": 6832.70888123896
        },
        {
          "acoustic_entropy": 13.28213119506836,
          "acoustic_entropy_side": 13.100362777709961,
          "hz": 7499.796634079867
        },
        {
          "acoustic_entropy": 13.08645248413086,
          "acoustic_entropy_side": 13.047937393188477,
          "hz": 8225.96088609342
        },
        {
          "acoustic_entropy": 13.110355377197266,
          "acoustic_entropy_side": 12.997718811035156,
          "hz": 9016.43338188839
        },
        {
          "acoustic_entropy": 12.931427955627441,
          "acoustic_entropy_side": 12.954591751098633,
          "hz": 9876.909183162974
        },
        {
          "acoustic_entropy": 12.963065147399902,
          "acoustic_entropy_side": 12.907903671264648,
          "hz": 10813.587699516042
        },
        {
          "acoustic_entropy": 12.914511680603027,
          "acoustic_entropy_side": 12.884764671325684,
          "hz": 11833.21735289826
        },
        {
          "acoustic_entropy": 12.838207244873047,
          "acoustic_entropy_side": 12.867511749267578,
          "hz": 12943.144197493959
        },
        {
          "acoustic_entropy": 12.830810546875,
          "acoustic_entropy_side": 12.866683959960938,
          "hz": 14151.364845322005
        },
        {
          "acoustic_entropy": 12.86150074005127,
          "acoustic_entropy_side": 12.865096092224121,
          "hz": 15466.58407886509
        },
        {
          "acoustic_entropy": 12.779701232910156,
          "acoustic_entropy_side": 12.862019538879395,
          "hz": 16898.27756580493
        },
        {
          "acoustic_entropy": 12.762885093688965,
          "acoustic_entropy_side": 12.854218482971191,
          "hz": 18456.760127700032
        },
        {
          "acoustic_entropy": 12.755165100097656,
          "acoustic_entropy_side": 12.843082427978516,
          "hz": 20153.260054456492
        },
        {
          "acoustic_entropy": 12.839364051818848,
          "acoustic_entropy_side": 12.84511947631836,
          "hz": 22000.00000000001
        }
      ],
      "diff_acoustic_entropy": 8.963510513305664,
      "sn": 12
    },
    {
      "acoustic_entropy": 20.459556579589844,
      "acoustic_entropy_mono": 16.900344848632812,
      "band_eliminated_acoustic_entropies": [
        {
          "acoustic_entropy": 19.732309341430664,
          "acoustic_entropy_side": 20.482646942138672,
          "hz": 129.47220167065723
        },
        {
          "acoustic_entropy": 21.509981155395508,
          "acoustic_entropy_side": 21.01459312438965,
          "hz": 202.92927478742237
        },
        {
          "acoustic_entropy": 21.296051025390625,
          "acoustic_entropy_side": 20.252845764160156,
          "hz": 282.89161906338205
        },
        {
          "acoustic_entropy": 21.596107482910156,
          "acoustic_entropy_side": 20.57993507385254,
          "hz": 369.9353335868758
        },
        {
          "acoustic_entropy": 21.151273727416992,
          "acoustic_entropy_side": 21.066635131835938,
          "hz": 464.6875360973435
        },
        {
          "acoustic_entropy": 18.386592864990234,
          "acoustic_entropy_side": 20.385168075561523,
          "hz": 567.8308811364784
        },
        {
          "acoustic_entropy": 20.24439239501953,
          "acoustic_entropy_side": 21.285968780517578,
          "hz": 680.1084783214808
        },
        {
          "acoustic_entropy": 20.815689086914062,
          "acoustic_entropy_side": 20.76961898803711,
          "hz": 802.3292461747484
        },
        {
          "acoustic_entropy": 21.315876007080078,
          "acoustic_entropy_side": 20.744943618774414,
          "hz": 935.3737400823702
        },
        {
          "acoustic_entropy": 20.281835556030273,
          "acoustic_entropy_side": 20.252744674682617,
          "hz": 1080.2004963696966
        },
        {
          "acoustic_entropy": 19.89794158935547,
          "acoustic_entropy_side": 20.285480499267578,
          "hz": 1237.8529382007157
        },
        {
          "acoustic_entropy": 21.065710067749023,
          "acoustic_entropy_side": 20.392736434936523,
          "hz": 1409.4668930556702
        },
        {
          "acoustic_entropy": 20.603925704956055,
          "acoustic_entropy_side": 20.5010929107666,
          "hz": 1596.2787759475705
        },
        {
          "acoustic_entropy": 21.232654571533203,
          "acoustic_entropy_side": 20.57080841064453,
          "hz": 1799.6344973346393
        },
        {
          "acoustic_entropy": 20.434131622314453,
          "acoustic_entropy_side": 20.387264251708984,
          "hz": 2020.9991599069049
        },
        {
          "acoustic_entropy": 19.825849533081055,
          "acoustic_entropy_side": 20.115894317626953,
          "hz": 2261.9676141086993
        },
        {
          "acoustic_entropy": 20.709548950195312,
          "acoustic_entropy_side": 20.40854835510254,
          "hz": 2524.2759484456974
        },
        {
          "acoustic_entropy": 20.43793296813965,
          "acoustic_entropy_side": 20.5003662109375,
          "hz": 2809.813997359896
        },
        {
