{
  "acoustic_entropy": 223.0967559814453,
  "bands": [
    {
      "high_freq": 148.1999969482422,
      "loudness": -41.746028900146484,
      "loudness_range": 30.64872169494629,
      "mid_mean": -41.22502136230469,
      "mid_to_side_loudness": -5.379147529602051,
      "mid_to_side_loudness_range": 8.05870532989502,
      "side_mean": -49.049949645996094
    },
    {
      "high_freq": 392.3793640136719,
      "loudness": -35.6357307434082,
      "loudness_range": 26.2782039642334,
      "low_freq": 148.1999969482422,
      "mid_mean": -33.96849060058594,
      "mid_to_side_loudness": -3.8233704566955566,
      "mid_to_side_loudness_range": 8.19645881652832,
      "side_mean": -37.987796783447266
    },
    {
      "high_freq": 794.6976318359375,
      "loudness": -34.80146026611328,
      "loudness_range": 22.004669189453125,
      "low_freq": 392.3793640136719,
      "mid_mean": -33.99488067626953,
      "mid_to_side_loudness": -0.8551967144012451,
      "mid_to_side_loudness_range": 6.816317558288574,
      "side_mean": -35.07023239135742
    },
    {
      "high_freq": 1457.5709228515625,
      "loudness": -34.8924446105957,
      "loudness_range": 23.21170997619629,
      "low_freq": 794.6976318359375,
      "mid_mean": -34.45357894897461,
      "mid_to_side_loudness": -0.1860387921333313,
      "mid_to_side_loudness_range": 6.209774971008301,
      "side_mean": -34.60720443725586
    },
    {
      "high_freq": 2549.74365234375,
      "loudness": -36.85468673706055,
      "loudness_range": 25.448389053344727,
      "low_freq": 1457.5709228515625,
      "mid_mean": -36.436622619628906,
      "mid_to_side_loudness": -0.20297478139400482,
      "mid_to_side_loudness_range": 5.298155784606934,
      "side_mean": -36.64183807373047
    },
    {
      "high_freq": 4349.24462890625,
      "loudness": -40.894317626953125,
      "loudness_range": 26.972387313842773,
      "low_freq": 2549.74365234375,
      "mid_mean": -40.65639114379883,
      "mid_to_side_loudness": -0.6244925260543823,
      "mid_to_side_loudness_range": 4.38831090927124,
      "side_mean": -41.3680419921875
    },
    {
      "high_freq": 7314.1640625,
      "loudness": -50.31306457519531,
      "loudness_range": 28.717525482177734,
      "low_freq": 4349.24462890625,
      "mid_mean": -52.453216552734375,
      "mid_to_side_loudness": -0.7364210486412048,
      "mid_to_side_loudness_range": 4.062082767486572,
      "side_mean": -53.0737419128418
    },
    {
      "high_freq": 12199.2666015625,
      "loudness": -57.028724670410156,
      "loudness_range": 29.888519287109375,
      "low_freq": 7314.1640625,
      "mid_mean": -58.78315353393555,
      "mid_to_side_loudness": -1.0500719547271729,
      "mid_to_side_loudness_range": 3.9280104637145996,
      "side_mean": -59.421871185302734
    },
    {
      "loudness": -68.08926391601562,
      "loudness_range": 25.611949920654297,
      "low_freq": 12199.2666015625,
      "mid_mean": -63.50395584106445,
      "mid_to_side_loudness": -3.272432327270508,
      "mid_to_side_loudness_range": 7.092838764190674,
      "side_mean": -64.57880401611328
    }
  ],
  "bands_short": [
    {
      "high_freq": 148.1999969482422,
      "loudness": -45.43998336791992,
      "loudness_range": 31.98228645324707,
      "mid_mean": -46.32322311401367,
      "mid_to_side_loudness": -5.931191921234131,
      "mid_to_side_loudness_range": 14.016648292541504,
      "side_mean": -52.50392532348633
    },
    {
      "high_freq": 392.3793640136719,
      "loudness": -35.78319549560547,
      "loudness_range": 27.28352165222168,
      "low_freq": 148.1999969482422,
      "mid_mean": -34.241943359375,
      "mid_to_side_loudness": -4.124020099639893,
      "mid_to_side_loudness_range": 10.296527862548828,
      "side_mean": -38.62776184082031
    },
    {
      "high_freq": 794.6976318359375,
      "loudness": -34.99399185180664,
      "loudness_range": 22.419431686401367,
      "low_freq": 392.3793640136719,
      "mid_mean": -34.24946212768555,
      "mid_to_side_loudness": -0.9727897644042969,
      "mid_to_side_loudness_range": 9.501684188842773,
      "side_mean": -35.437564849853516
    },
    {
      "high_freq": 1457.5709228515625,
      "loudness": -34.90892791748047,
      "loudness_range": 23.384634017944336,
      "low_freq": 794.6976318359375,
      "mid_mean": -34.60761260986328,
      "mid_to_side_loudness": -0.1887926608324051,
      "mid_to_side_loudness_range": 9.508009910583496,
      "side_mean": -34.747955322265625
    },
    {
      "high_freq": 2549.74365234375,
      "loudness": -36.98873519897461,
      "loudness_range": 25.71884536743164,
      "low_freq": 1457.5709228515625,
      "mid_mean": -36.717437744140625,
      "mid_to_side_loudness": -0.21128760278224945,
      "mid_to_side_loudness_range": 8.493036270141602,
      "side_mean": -36.91981887817383
    },
    {
      "high_freq": 4349.24462890625,
      "loudness": -40.944976806640625,
      "loudness_range": 27.181081771850586,
      "low_freq": 2549.74365234375,
      "mid_mean": -40.77513122558594,
      "mid_to_side_loudness": -0.6081670522689819,
      "mid_to_side_loudness_range": 7.0915350914001465,
      "side_mean": -41.48031234741211
    },
    {
      "high_freq": 7314.1640625,
      "loudness": -50.598976135253906,
      "loudness_range": 29.213104248046875,
      "low_freq": 4349.24462890625,
      "mid_mean": -52.92917251586914,
      "mid_to_side_loudness": -0.7076924443244934,
      "mid_to_side_loudness_range": 6.273940563201904,
      "side_mean": -53.51650619506836
    },
    {
      "high_freq": 12199.2666015625,
      "loudness": -57.641151428222656,
      "loudness_range": 30.46424102783203,
      "low_freq": 7314.1640625,
      "mid_mean": -59.47751998901367,
      "mid_to_side_loudness": -0.9828934073448181,
      "mid_to_side_loudness_range": 5.28575325012207,
      "side_mean": -60.04426574707031
    },
    {
      "loudness": -68.8021469116211,
      "loudness_range": 25.632850646972656,
      "low_freq": 12199.2666015625,
      "mid_mean": -63.98109436035156,
      "mid_to_side_loudness": -3.4004414081573486,
      "mid_to_side_loudness_range": 7.61231803894043,
      "side_mean": -65.03181457519531
    }
  ],
  "bandwidth": 700.9266967773438,
  "channels": 2,
  "covariance": [
    [
      135.57884216308594,
      128.10073852539062,
      87.66865539550781,
      82.18405151367188,
      65.44429016113281,
      59.86494445800781,
      60.79436111450195,
      56.99360656738281,
      60.35111618041992,
      57.71538543701172,
      62.06929016113281,
      61.755699157714844,
      81.0350341796875,
      78.26570892333984,
      59.436222076416016,
      55.706424713134766,
      32.12687301635742,
      30.862916946411133
    ],
    [
      128.10073852539062,
      167.68124389648438,
      99.06925964355469,
      91.7169418334961,
      82.7253189086914,
      78.08672332763672,
      77.61024475097656,
      73.49947357177734,
      79.9664077758789,
      76.98814392089844,
      76.52505493164062,
      76.046630859375,
      103.24222564697266,
      98.96382904052734,
      74.70675659179688,
      70.47469329833984,
      39.50171661376953,
      38.84115219116211
    ],
    [
      87.66865539550781,
      99.06925964355469,
      92.54835510253906,
      80.29439544677734,
      63.633514404296875,
      60.558712005615234,
      56.48649597167969,
      51.92461395263672,
      55.38323974609375,
      52.26055145263672,
      59.94795227050781,
      60.10332489013672,
      71.58334350585938,
      69.06867218017578,
      53.19892883300781,
      50.14680480957031,
      27.75046157836914,
      26.794374465942383
    ],
    [
      82.18405151367188,
      91.7169418334961,
      80.29439544677734,
      82.36956787109375,
      60.31766891479492,
      57.153785705566406,
      53.10517120361328,
      48.79634475708008,
      51.49483108520508,
      48.506900787353516,
      54.94818878173828,
      55.16374588012695,
      67.31983947753906,
      64.93489074707031,
      50.048439025878906,
      47.363441467285156,
      26.6514892578125,
      25.805814743041992
    ],
    [
      65.44429016113281,
      82.7253189086914,
      63.633514404296875,
      60.31766891479492,
      69.70995330810547,
      61.44852828979492,
      57.83298110961914,
      54.74125289916992,
      56.68989944458008,
      53.55722427368164,
      59.79021453857422,
      60.01075744628906,
      70.7052230834961,
      68.41046905517578,
      53.627845764160156,
      51.01328659057617,
      29.50943946838379,
      28.8519229888916
    ],
    [
      59.86494445800781,
      78.08672332763672,
      60.558712005615234,
      57.153785705566406,
      61.44852828979492,
      63.18665313720703,
      55.45174026489258,
      52.415706634521484,
      55.080963134765625,
      51.937232971191406,
      57.761165618896484,
      58.29847717285156,
      68.88651275634766,
      66.619140625,
      52.40447235107422,
      49.944496154785156,
      28.700515747070312,
      28.106002807617188
    ],
    [
      60.79436111450195,
      77.61024475097656,
      56.48649597167969,
      53.10517120361328,
      57.83298110961914,
      55.45174026489258,
      71.9754409790039,
      66.521484375,
      64.32901000976562,
      61.66847610473633,
      66.5484619140625,
      66.87495422363281,
      78.7872314453125,
      76.37205505371094,
      61.14166259765625,
      58.7094612121582,
      34.07951736450195,
      33.64874267578125
    ],
    [
      56.99360656738281,
      73.49947357177734,
      51.92461395263672,
      48.79634475708008,
      54.74125289916992,
      52.415706634521484,
      66.521484375,
      68.40044403076172,
      60.81397247314453,
      58.2447624206543,
      62.653194427490234,
      62.73801803588867,
      74.28905487060547,
      72.06688690185547,
      57.21532440185547,
      55.03573226928711,
      32.11624526977539,
      31.728069305419922
    ],
    [
      60.35111618041992,
      79.9664077758789,
      55.38323974609375,
      51.49483108520508,
      56.68989944458008,
      55.080963134765625,
      64.32901000976562,
      60.81397247314453,
      87.96488189697266,
      81.89553833007812,
      72.52079010009766,
      72.93621826171875,
      89.76207733154297,
      87.13463592529297,
      70.344970703125,
      67.92417907714844,
      40.25431442260742,
      40.14595413208008
    ],
    [
      57.71538543701172,
      76.98814392089844,
      52.26055145263672,
      48.506900787353516,
      53.55722427368164,
      51.937232971191406,
      61.66847610473633,
      58.2447624206543,
      81.89553833007812,
      82.51830291748047,
      68.74449157714844,
      69.39818572998047,
      86.15169525146484,
      83.62459564208984,
      67.60395812988281,
      65.30321502685547,
      38.887691497802734,
      38.873329162597656
    ],
    [
      62.06929016113281,
      76.52505493164062,
      59.94795227050781,
      54.94818878173828,
      59.79021453857422,
      57.761165618896484,
      66.5484619140625,
      62.653194427490234,
      72.52079010009766,
      68.74449157714844,
      97.12181091308594,
      93.93006896972656,
      93.86344146728516,
      91.69744873046875,
      74.76470184326172,
      71.9952621459961,
      41.422462463378906,
      41.14736557006836
    ],
    [
      61.755699157714844,
      76.046630859375,
      60.10332489013672,
      55.16374588012695,
      60.01075744628906,
      58.29847717285156,
      66.87495422363281,
      62.73801803588867,
      72.93621826171875,
      69.39818572998047,
      93.93006896972656,
      98.81663513183594,
      94.30265045166016,
      92.22059631347656,
      75.20783233642578,
      72.4140396118164,
      41.4208869934082,
      41.2393798828125
    ],
    [
      81.0350341796875,
      103.24222564697266,
      71.58334350585938,
      67.31983947753906,
      70.7052230834961,
      68.88651275634766,
      78.7872314453125,
      74.28905487060547,
      89.76207733154297,
      86.15169525146484,
      93.86344146728516,
      94.30265045166016,
      131.0854034423828,
      126.24781036376953,
      102.06813049316406,
      97.93443298339844,
      57.921382904052734,
      58.247745513916016
    ],
    [
      78.26570892333984,
      98.96382904052734,
      69.06867218017578,
      64.93489074707031,
      68.41046905517578,
      66.619140625,
      76.37205505371094,
      72.06688690185547,
      87.13463592529297,
      83.62459564208984,
      91.69744873046875,
      92.22059631347656,
      126.24781036376953,
      123.30477905273438,
      98.41878509521484,
      94.48382568359375,
      55.81155776977539,
      56.12997817993164
    ],
    [
      59.436222076416016,
      74.70675659179688,
      53.19892883300781,
      50.048439025878906,
      53.627845764160156,
      52.40447235107422,
      61.14166259765625,
      57.21532440185547,
      70.344970703125,
      67.60395812988281,
      74.76470184326172,
      75.20783233642578,
      102.06813049316406,
      98.41878509521484,
      99.43160247802734,
      95.57122039794922,
      57.93673324584961,
      58.061241149902344
    ],
    [
      55.706424713134766,
      70.47469329833984,
      50.14680480957031,
      47.363441467285156,
      51.01328659057617,
      49.944496154785156,
      58.7094612121582,
      55.03573226928711,
      67.92417907714844,
      65.30321502685547,
      71.9952621459961,
      72.4140396118164,
      97.93443298339844,
      94.48382568359375,
      95.57122039794922,
      93.012939453125,
      56.28350830078125,
      56.43330383300781
    ],
    [
      32.12687301635742,
      39.50171661376953,
      27.75046157836914,
      26.6514892578125,
      29.50943946838379,
      28.700515747070312,
      34.07951736450195,
      32.11624526977539,
      40.25431442260742,
      38.887691497802734,
      41.422462463378906,
      41.4208869934082,
      57.921382904052734,
      55.81155776977539,
      57.93673324584961,
      56.28350830078125,
      42.444114685058594,
      42.16396713256836
    ],
    [
      30.862916946411133,
      38.84115219116211,
      26.794374465942383,
      25.805814743041992,
      28.8519229888916,
      28.106002807617188,
      33.64874267578125,
      31.728069305419922,
      40.14595413208008,
      38.873329162597656,
      41.14736557006836,
      41.2393798828125,
      58.247745513916016,
      56.12997817993164,
      58.061241149902344,
      56.43330383300781,
      42.16396713256836,
      42.793670654296875
    ]
  ],
  "covariance_short": [
    [
      158.10671997070312,
      137.14793395996094,
      96.53677368164062,
      94.22089385986328,
      77.18270111083984,
      70.8975830078125,
      71.88636016845703,
      68.5524673461914,
      73.87938690185547,
      70.78260040283203,
      71.18246459960938,
      70.19928741455078,
      95.7274398803711,
      92.26142883300781,
      68.10845184326172,
      64.42367553710938,
      34.17951965332031,
      33.50081253051758
    ],
    [
      137.14793395996094,
      145.71682739257812,
      92.36737823486328,
      90.64653778076172,
      74.62037658691406,
      69.27041625976562,
      69.9277114868164,
      67.08447265625,
      71.78919982910156,
      69.09440612792969,
      69.2626724243164,
      68.42830657958984,
      94.33533477783203,
      90.64395141601562,
      66.439208984375,
      62.87648010253906,
      33.36629104614258,
      33.04893112182617
    ],
    [
      96.53677368164062,
      92.36737823486328,
      98.8416748046875,
      85.2175521850586,
      63.36662673950195,
      58.509246826171875,
      56.74333190917969,
      52.287925720214844,
      54.66618347167969,
      51.44013214111328,
      57.40874481201172,
      57.67898178100586,
      70.31754302978516,
      67.7522201538086,
      51.475364685058594,
      48.59453582763672,
      26.023948669433594,
      25.188020706176758
    ],
    [
      94.22089385986328,
      90.64653778076172,
      85.2175521850586,
      94.8170394897461,
      63.589561462402344,
      58.707069396972656,
      55.966793060302734,
      51.48247528076172,
      53.158897399902344,
      50.113040924072266,
      56.00715255737305,
      55.90732955932617,
      68.97416687011719,
      66.56107330322266,
      50.48042678833008,
      47.88724899291992,
      25.959840774536133,
      25.1829891204834
    ],
    [
      77.18270111083984,
      74.62037658691406,
      63.36662673950195,
      63.589561462402344,
      72.84184265136719,
      60.906272888183594,
      57.34812927246094,
      54.66300964355469,
      55.490211486816406,
      52.789459228515625,
      58.00505447387695,
      57.88417434692383,
      70.03062438964844,
      67.79578399658203,
      52.41983413696289,
      50.0077018737793,
      27.407377243041992,
      26.93982696533203
    ],
    [
      70.8975830078125,
      69.27041625976562,
      58.509246826171875,
      58.707069396972656,
      60.906272888183594,
      64.41439056396484,
      53.55669021606445,
      51.22587585449219,
      52.69841766357422,
      49.8181037902832,
      54.82185745239258,
      55.22766876220703,
      66.58655548095703,
      64.5655517578125,
      49.96516036987305,
      47.7371826171875,
      26.036523818969727,
      25.629043579101562
    ],
    [
      71.88636016845703,
      69.9277114868164,
      56.74333190917969,
      55.966793060302734,
      57.34812927246094,
      53.55669021606445,
      73.8847885131836,
      65.29011535644531,
      64.09454345703125,
      61.38693618774414,
      66.0130844116211,
      65.7831039428711,
      78.74784851074219,
      76.29509735107422,
      60.0486946105957,
      57.705421447753906,
      32.19696807861328,
      31.978351593017578
    ],
    [
      68.5524673461914,
      67.08447265625,
      52.287925720214844,
      51.48247528076172,
      54.66300964355469,
      51.22587585449219,
      65.29011535644531,
      71.03426361083984,
      61.08891677856445,
      58.82050704956055,
      62.464744567871094,
      62.07362747192383,
      74.92101287841797,
      72.71792602539062,
      56.60251998901367,
      54.515296936035156,
      30.55117416381836,
      30.376659393310547
    ],
    [
      73.87938690185547,
      71.78919982910156,
      54.66618347167969,
      53.158897399902344,
      55.490211486816406,
      52.69841766357422,
      64.09454345703125,
      61.08891677856445,
      89.97858428955078,
      80.55641174316406,
      72.60538482666016,
      72.68209075927734,
      89.7404556274414,
      87.17293548583984,
      69.62353515625,
      67.20372772216797,
      38.23404312133789,
      38.32974624633789
    ],
    [
      70.78260040283203,
      69.09440612792969,
      51.44013214111328,
      50.113040924072266,
      52.789459228515625,
      49.8181037902832,
      61.38693618774414,
      58.82050704956055,
      80.55641174316406,
      85.0140151977539,
      69.36963653564453,
      69.31625366210938,
      86.15497589111328,
      83.70511627197266,
      66.89149475097656,
      64.5793228149414,
      36.86434555053711,
      37.027645111083984
    ],
    [
      71.18246459960938,
      69.2626724243164,
      57.40874481201172,
      56.00715255737305,
      58.00505447387695,
      54.82185745239258,
      66.0130844116211,
      62.464744567871094,
      72.60538482666016,
      69.36963653564453,
      98.84898376464844,
      92.26470184326172,
      94.10879516601562,
      91.91172790527344,
      74.51806640625,
      71.79039001464844,
      39.75239944458008,
      39.69490432739258
    ],
    [
      70.19928741455078,
      68.42830657958984,
      57.67898178100586,
      55.90732955932617,
      57.88417434692383,
      55.22766876220703,
      65.7831039428711,
      62.07362747192383,
      72.68209075927734,
      69.31625366210938,
      92.26470184326172,
      99.93485260009766,
      94.32877349853516,
      92.25200653076172,
      74.69522857666016,
      71.98014068603516,
      39.52393341064453,
      39.53532028198242
    ],
    [
      95.7274398803711,
      94.33533477783203,
      70.31754302978516,
      68.97416687011719,
      70.03062438964844,
      66.58655548095703,
      78.74784851074219,
      74.92101287841797,
      89.7404556274414,
      86.15497589111328,
      94.10879516601562,
      94.32877349853516,
      133.21554565429688,
      127.37129211425781,
      102.1308822631836,
      98.05486297607422,
      55.848106384277344,
      56.4040641784668
    ],
    [
      92.26142883300781,
      90.64395141601562,
      67.7522201538086,
      66.56107330322266,
      67.79578399658203,
      64.5655517578125,
      76.29509735107422,
      72.71792602539062,
      87.17293548583984,
      83.70511627197266,
      91.91172790527344,
      92.25200653076172,
      127.37129211425781,
      125.4604721069336,
      98.53812408447266,
      94.66744232177734,
      53.75440216064453,
      54.30252456665039
    ],
    [
      68.10845184326172,
      66.439208984375,
      51.475364685058594,
      50.48042678833008,
      52.41983413696289,
      49.96516036987305,
      60.0486946105957,
      56.60251998901367,
      69.62353515625,
      66.89149475097656,
      74.51806640625,
      74.69522857666016,
      102.1308822631836,
      98.53812408447266,
      98.48174285888672,
      93.9979476928711,
      55.81863784790039,
      55.95382308959961
    ],
    [
      64.42367553710938,
      62.87648010253906,
      48.59453582763672,
      47.88724899291992,
      50.0077018737793,
      47.7371826171875,
      57.705421447753906,
      54.515296936035156,
      67.20372772216797,
      64.5793228149414,
      71.79039001464844,
      71.98014068603516,
      98.05486297607422,
      94.66744232177734,
      93.9979476928711,
      91.7780532836914,
      54.10915756225586,
      54.29374694824219
    ],
    [
      34.17951965332031,
      33.36629104614258,
      26.023948669433594,
      25.959840774536133,
      27.407377243041992,
      26.036523818969727,
      32.19696807861328,
      30.55117416381836,
      38.23404312133789,
      36.86434555053711,
      39.75239944458008,
      39.52393341064453,
      55.848106384277344,
      53.75440216064453,
      55.81863784790039,
      54.10915756225586,
      40.765907287597656,
      40.2250862121582
    ],
    [
      33.50081253051758,
      33.04893112182617,
      25.188020706176758,
      25.1829891204834,
      26.93982696533203,
      25.629043579101562,
      31.978351593017578,
      30.376659393310547,
      38.32974624633789,
      37.027645111083984,
      39.69490432739258,
      39.53532028198242,
      56.4040641784668,
      54.30252456665039,
      55.95382308959961,
      54.29374694824219,
      40.2250862121582,
      40.91445541381836
    ]
  ],
  "damage": -18.35308265686035,
  "diff_bandwidth": 692.9208984375,
  "dissonance": 8.557290855423949,
  "drr": 12.248480796813965,
  "dynamics": 6.230362415313721,
  "format": 1245190,
  "frames": 27640768,
  "loudness": -23.633949279785156,
  "loudness_range": 22.50340461730957,
  "loudness_range_short": 22.976381301879883,
  "lowpass_true_peak_15khz": 0.030416537076234818,
  "mastering3_acoustic_entropies": [
    {
      "acoustic_entropy": 3.8475584983825684,
      "acoustic_entropy_mono": 4.010153293609619,
      "band_eliminated_acoustic_entropies": [
        {
          "acoustic_entropy": 3.763052225112915,
          "acoustic_entropy_side": 3.840496778488159,
          "hz": 129.47220167065723
        },
        {
          "acoustic_entropy": 3.662602424621582,
          "acoustic_entropy_side": 3.648620128631592,
          "hz": 202.92927478742237
        },
        {
          "acoustic_entropy": 3.8206937313079834,
          "acoustic_entropy_side": 3.847698211669922,
          "hz": 282.89161906338205
        },
        {
          "acoustic_entropy": 3.679471969604492,
          "acoustic_entropy_side": 3.8035738468170166,
          "hz": 369.9353335868758
        },
        {
          "acoustic_entropy": 3.909109354019165,
          "acoustic_entropy_side": 3.8344902992248535,
          "hz": 464.6875360973435
        },
        {
          "acoustic_entropy": 4.1437554359436035,
          "acoustic_entropy_side": 3.7744545936584473,
          "hz": 567.8308811364784
        },
        {
          "acoustic_entropy": 4.210112571716309,
          "acoustic_entropy_side": 4.029373645782471,
          "hz": 680.1084783214808
        },
        {
          "acoustic_entropy": 3.9261393547058105,
          "acoustic_entropy_side": 3.887329339981079,
          "hz": 802.3292461747484
        },
        {
          "acoustic_entropy": 4.296117305755615,
          "acoustic_entropy_side": 4.289074897766113,
          "hz": 935.3737400823702
        },
        {
          "acoustic_entropy": 4.032919883728027,
          "acoustic_entropy_side": 4.1652374267578125,
          "hz": 1080.2004963696966
        },
        {
          "acoustic_entropy": 3.872192859649658,
          "acoustic_entropy_side": 3.647061347961426,
          "hz": 1237.8529382007157
        },
        {
          "acoustic_entropy": 3.9057281017303467,
          "acoustic_entropy_side": 3.928731918334961,
          "hz": 1409.4668930556702
        },
        {
          "acoustic_entropy": 3.800581455230713,
          "acoustic_entropy_side": 4.167283535003662,
          "hz": 1596.2787759475705
        },
        {
          "acoustic_entropy": 3.8933489322662354,
          "acoustic_entropy_side": 3.8519043922424316,
          "hz": 1799.6344973346393
        },
        {
          "acoustic_entropy": 4.186042308807373,
          "acoustic_entropy_side": 4.121007442474365,
          "hz": 2020.9991599069049
        },
        {
          "acoustic_entropy": 3.6712069511413574,
          "acoustic_entropy_side": 3.848402261734009,
          "hz": 2261.9676141086993
        },
        {
          "acoustic_entropy": 3.8392605781555176,
          "acoustic_entropy_side": 3.857017993927002,
          "hz": 2524.2759484456974
        },
        {
          "acoustic_entropy": 3.861778974533081,
          "acoustic_entropy_side": 3.8669750690460205,
          "hz": 2809.813997359896
        },
        {
          "acoustic_entropy": 3.852212429046631,
          "acoustic_entropy_side": 3.9499659538269043,
          "hz": 3120.6389567871424
        },
        {
          "acoustic_entropy": 3.9064981937408447,
          "acoustic_entropy_side": 3.8852434158325195,
          "hz": 3458.990205492291
        },
        {
          "acoustic_entropy": 3.772301435470581,
          "acoustic_entropy_side": 3.8286142349243164,
          "hz": 3827.305438964164
        },
        {
          "acoustic_entropy": 3.856846332550049,
          "acoustic_entropy_side": 3.8680782318115234,
          "hz": 4228.238232109126
        },
        {
          "acoustic_entropy": 3.8117194175720215,
          "acoustic_entropy_side": 3.8250911235809326,
          "hz": 4664.6771572759235
        },
        {
          "acoustic_entropy": 3.809394359588623,
          "acoustic_entropy_side": 3.8307249546051025,
          "hz": 5139.766595350093
        },
        {
          "acoustic_entropy": 3.8242616653442383,
          "acoustic_entropy_side": 3.838057279586792,
          "hz": 5656.929389854203
        },
        {
          "acoustic_entropy": 3.8174710273742676,
          "acoustic_entropy_side": 3.8328421115875244,
          "hz": 6219.891507268283
        },
        {
          "acoustic_entropy": 3.8223042488098145,
          "acoustic_entropy_side": 3.834686040878296,
          "hz": 6832.70888123896
        },
        {
          "acoustic_entropy": 3.818357467651367,
          "acoustic_entropy_side": 3.8293375968933105,
          "hz": 7499.796634079867
        },
        {
          "acoustic_entropy": 3.8209850788116455,
          "acoustic_entropy_side": 3.829672336578369,
          "hz": 8225.96088609342
        },
        {
          "acoustic_entropy": 3.822155475616455,
          "acoustic_entropy_side": 3.834914207458496,
          "hz": 9016.43338188839
        },
        {
          "acoustic_entropy": 3.8192636966705322,
          "acoustic_entropy_side": 3.8262932300567627,
          "hz": 9876.909183162974
        },
        {
          "acoustic_entropy": 3.8309578895568848,
          "acoustic_entropy_side": 3.832831621170044,
          "hz": 10813.587699516042
        },
        {
          "acoustic_entropy": 3.8415651321411133,
          "acoustic_entropy_side": 3.843339681625366,
          "hz": 11833.21735289826
        },
        {
          "acoustic_entropy": 3.8429343700408936,
          "acoustic_entropy_side": 3.8447749614715576,
          "hz": 12943.144197493959
        },
        {
          "acoustic_entropy": 3.8413987159729004,
          "acoustic_entropy_side": 3.844576358795166,
          "hz": 14151.364845322005
        },
        {
          "acoustic_entropy": 3.843491315841675,
          "acoustic_entropy_side": 3.8468663692474365,
          "hz": 15466.58407886509
        },
        {
          "acoustic_entropy": 3.844878911972046,
          "acoustic_entropy_side": 3.847458839416504,
          "hz": 16898.27756580493
        },
        {
          "acoustic_entropy": 3.847238302230835,
          "acoustic_entropy_side": 3.8475377559661865,
          "hz": 18456.760127700032
        },
        {
          "acoustic_entropy": 3.8474934101104736,
          "acoustic_entropy_side": 3.84753155708313,
          "hz": 20153.260054456492
        },
        {
          "acoustic_entropy": 3.8475537300109863,
          "acoustic_entropy_side": 3.8475546836853027,
          "hz": 22000.00000000001
        }
      ],
      "diff_acoustic_entropy": 0.9617675542831421,
      "sn": 6
    },
    {
      "acoustic_entropy": 7.900725364685059,
      "acoustic_entropy_mono": 7.280611038208008,
      "band_eliminated_acoustic_entropies": [
        {
          "acoustic_entropy": 7.758870601654053,
          "acoustic_entropy_side": 7.8721418380737305,
          "hz": 129.47220167065723
        },
        {
          "acoustic_entropy": 7.462344169616699,
          "acoustic_entropy_side": 7.730974197387695,
          "hz": 202.92927478742237
        },
        {
          "acoustic_entropy": 7.802157878875732,
          "acoustic_entropy_side": 7.9361162185668945,
          "hz": 282.89161906338205
        },
        {
          "acoustic_entropy": 7.688029766082764,
          "acoustic_entropy_side": 7.932349681854248,
          "hz": 369.9353335868758
        },
        {
          "acoustic_entropy": 8.075006484985352,
          "acoustic_entropy_side": 8.08480453491211,
          "hz": 464.6875360973435
        },
        {
          "acoustic_entropy": 8.334220886230469,
          "acoustic_entropy_side": 8.20382022857666,
          "hz": 567.8308811364784
        },
        {
          "acoustic_entropy": 7.945559978485107,
          "acoustic_entropy_side": 8.041644096374512,
          "hz": 680.1084783214808
        },
        {
          "acoustic_entropy": 7.89167594909668,
          "acoustic_entropy_side": 7.989531517028809,
          "hz": 802.3292461747484
        },
        {
          "acoustic_entropy": 7.7682671546936035,
          "acoustic_entropy_side": 7.920958995819092,
          "hz": 935.3737400823702
        },
        {
          "acoustic_entropy": 7.807096004486084,
          "acoustic_entropy_side": 7.971829414367676,
          "hz": 1080.2004963696966
        },
        {
          "acoustic_entropy": 7.60231351852417,
          "acoustic_entropy_side": 7.424306869506836,
          "hz": 1237.8529382007157
        },
        {
          "acoustic_entropy": 8.148530960083008,
          "acoustic_entropy_side": 8.483951568603516,
          "hz": 1409.4668930556702
        },
        {
          "acoustic_entropy": 7.904618740081787,
          "acoustic_entropy_side": 8.64584732055664,
          "hz": 1596.2787759475705
        },
        {
          "acoustic_entropy": 8.11679458618164,
          "acoustic_entropy_side": 8.161079406738281,
          "hz": 1799.6344973346393
        },
        {
          "acoustic_entropy": 7.746425628662109,
          "acoustic_entropy_side": 8.066454887390137,
          "hz": 2020.9991599069049
        },
        {
          "acoustic_entropy": 7.90518856048584,
          "acoustic_entropy_side": 7.882287979125977,
          "hz": 2261.9676141086993
        },
        {
          "acoustic_entropy": 7.8385910987854,
          "acoustic_entropy_side": 7.717272758483887,
          "hz": 2524.2759484456974
        },
        {
          "acoustic_entropy": 8.112344741821289,
          "acoustic_entropy_side": 8.068525314331055,
          "hz": 2809.813997359896
        },
        {
          "acoustic_entropy": 7.0970282554626465,
          "acoustic_entropy_side": 7.574103832244873,
          "hz": 3120.6389567871424
        },
        {
          "acoustic_entropy": 7.730674743652344,
          "acoustic_entropy_side": 7.518343448638916,
          "hz": 3458.990205492291
        },
        {
          "acoustic_entropy": 7.977864742279053,
          "acoustic_entropy_side": 7.950469970703125,
          "hz": 3827.305438964164
        },
        {
          "acoustic_entropy": 8.00816535949707,
          "acoustic_entropy_side": 7.974616050720215,
          "hz": 4228.238232109126
        },
        {
          "acoustic_entropy": 7.896852493286133,
          "acoustic_entropy_side": 7.89746618270874,
          "hz": 4664.6771572759235
        },
        {
          "acoustic_entropy": 7.810366153717041,
          "acoustic_entropy_side": 7.85274076461792,
          "hz": 5139.766595350093
        },
        {
          "acoustic_entropy": 7.8031792640686035,
          "acoustic_entropy_side": 7.852338790893555,
          "hz": 5656.929389854203
        },
        {
          "acoustic_entropy": 7.819528579711914,
          "acoustic_entropy_side": 7.857665538787842,
          "hz": 6219.891507268283
        },
        {
          "acoustic_entropy": 7.804774284362793,
          "acoustic_entropy_side": 7.861865520477295,
          "hz": 6832.70888123896
        },
        {
          "acoustic_entropy": 7.753310680389404,
          "acoustic_entropy_side": 7.836643695831299,
          "hz": 7499.796634079867
        },
        {
          "acoustic_entropy": 7.765354633331299,
          "acoustic_entropy_side": 7.843880653381348,
          "hz": 8225.96088609342
        },
        {
          "acoustic_entropy": 7.768433094024658,
          "acoustic_entropy_side": 7.849630355834961,
          "hz": 9016.43338188839
        },
        {
          "acoustic_entropy": 7.779521942138672,
          "acoustic_entropy_side": 7.854516983032227,
          "hz": 9876.909183162974
        },
        {
          "acoustic_entropy": 7.813032627105713,
          "acoustic_entropy_side": 7.861335754394531,
          "hz": 10813.587699516042
        },
        {
          "acoustic_entropy": 7.827575206756592,
          "acoustic_entropy_side": 7.868434429168701,
          "hz": 11833.21735289826
        },
        {
          "acoustic_entropy": 7.863275051116943,
          "acoustic_entropy_side": 7.883424758911133,
          "hz": 12943.144197493959
        },
        {
          "acoustic_entropy": 7.866875171661377,
          "acoustic_entropy_side": 7.890108585357666,
          "hz": 14151.364845322005
        },
        {
          "acoustic_entropy": 7.871931552886963,
          "acoustic_entropy_side": 7.8896050453186035,
          "hz": 15466.58407886509
        },
        {
          "acoustic_entropy": 7.885318756103516,
          "acoustic_entropy_side": 7.895168304443359,
          "hz": 16898.27756580493
        },
        {
          "acoustic_entropy": 7.8909406661987305,
          "acoustic_entropy_side": 7.896965980529785,
          "hz": 18456.760127700032
        },
        {
          "acoustic_entropy": 7.897484302520752,
          "acoustic_entropy_side": 7.899229526519775,
          "hz": 20153.260054456492
        },
        {
          "acoustic_entropy": 7.900315284729004,
          "acoustic_entropy_side": 7.900574207305908,
          "hz": 22000.00000000001
        }
      ],
      "diff_acoustic_entropy": 2.428276538848877,
      "sn": 12
    },
    {
      "acoustic_entropy": 14.733457565307617,
      "acoustic_entropy_mono": 15.016215324401855,
      "band_eliminated_acoustic_entropies": [
        {
          "acoustic_entropy": 14.868929862976074,
          "acoustic_entropy_side": 14.572588920593262,
          "hz": 129.47220167065723
        },
        {
          "acoustic_entropy": 15.119768142700195,
          "acoustic_entropy_side": 14.788203239440918,
          "hz": 202.92927478742237
        },
        {
          "acoustic_entropy": 15.756501197814941,
          "acoustic_entropy_side": 15.198765754699707,
          "hz": 282.89161906338205
        },
        {
          "acoustic_entropy": 14.6493501663208,
          "acoustic_entropy_side": 14.737626075744629,
          "hz": 369.9353335868758
        },
        {
          "acoustic_entropy": 15.911388397216797,
          "acoustic_entropy_side": 15.434087753295898,
          "hz": 464.6875360973435
        },
        {
          "acoustic_entropy": 14.952749252319336,
          "acoustic_entropy_side": 15.014150619506836,
          "hz": 567.8308811364784
        },
        {
          "acoustic_entropy": 15.630786895751953,
          "acoustic_entropy_side": 15.449772834777832,
          "hz": 680.1084783214808
        },
        {
          "acoustic_entropy": 14.981155395507812,
          "acoustic_entropy_side": 15.273405075073242,
          "hz": 802.3292461747484
        },
        {
          "acoustic_entropy": 14.24244213104248,
          "acoustic_entropy_side": 14.528702735900879,
          "hz": 935.3737400823702
        },
        {
          "acoustic_entropy": 14.079178810119629,
          "acoustic_entropy_side": 15.413749694824219,
          "hz": 1080.2004963696966
        },
        {
          "acoustic_entropy": 14.702001571655273,
          "acoustic_entropy_side": 15.032781600952148,
          "hz": 1237.8529382007157
        },
        {
          "acoustic_entropy": 15.274497985839844,
          "acoustic_entropy_side": 15.258456230163574,
          "hz": 1409.4668930556702
        },
        {
          "acoustic_entropy": 15.343179702758789,
          "acoustic_entropy_side": 15.314589500427246,
          "hz": 1596.2787759475705
        },
        {
          "acoustic_entropy": 14.640088081359863,
          "acoustic_entropy_side": 15.253257751464844,
          "hz": 1799.6344973346393
        },
        {
          "acoustic_entropy": 14.560465812683105,
          "acoustic_entropy_side": 14.86214828491211,
          "hz": 2020.9991599069049
        },
        {
          "acoustic_entropy": 15.063538551330566,
          "acoustic_entropy_side": 14.629836082458496,
          "hz": 2261.9676141086993
        },
        {
          "acoustic_entropy": 14.599355697631836,
          "acoustic_entropy_side": 14.80966854095459,
          "hz": 2524.2759484456974
        },
        {
          "acoustic_entropy": 15.21015453338623,
          "acoustic_entropy_side": 15.194226264953613,
          "hz": 2809.813997359896
        },
        {
          "acoustic_entropy": 15.483255386352539,
          "acoustic_entropy_side": 15.330450057983398,
          "hz": 3120.6389567871424
        },
        {
          "acoustic_entropy": 15.14344310760498,
          "acoustic_entropy_side": 15.494812965393066,
          "hz": 3458.990205492291
        },
        {
          "acoustic_entropy": 14.618019104003906,
