{
  "acoustic_entropy": 155.7632598876953,
  "bands": [
    {
      "high_freq": 148.1999969482422,
      "loudness": -18.873294830322266,
      "loudness_range": 13.648513793945312,
      "mid_mean": -15.24973201751709,
      "mid_to_side_loudness": -28.95053482055664,
      "mid_to_side_loudness_range": 28.131576538085938,
      "side_mean": -48.420127868652344
    },
    {
      "high_freq": 392.3793640136719,
      "loudness": -23.489173889160156,
      "loudness_range": 13.040216445922852,
      "low_freq": 148.1999969482422,
      "mid_mean": -19.958839416503906,
      "mid_to_side_loudness": -17.187347412109375,
      "mid_to_side_loudness_range": 16.76806640625,
      "side_mean": -37.606143951416016
    },
    {
      "high_freq": 794.6976318359375,
      "loudness": -32.647762298583984,
      "loudness_range": 9.080263137817383,
      "low_freq": 392.3793640136719,
      "mid_mean": -29.35232162475586,
      "mid_to_side_loudness": -11.84099292755127,
      "mid_to_side_loudness_range": 10.734734535217285,
      "side_mean": -40.129913330078125
    },
    {
      "high_freq": 1457.5709228515625,
      "loudness": -29.22165298461914,
      "loudness_range": 14.94052505493164,
      "low_freq": 794.6976318359375,
      "mid_mean": -26.01924705505371,
      "mid_to_side_loudness": -9.998766899108887,
      "mid_to_side_loudness_range": 7.274900436401367,
      "side_mean": -34.96695327758789
    },
    {
      "high_freq": 2549.74365234375,
      "loudness": -27.174970626831055,
      "loudness_range": 9.269277572631836,
      "low_freq": 1457.5709228515625,
      "mid_mean": -24.10639762878418,
      "mid_to_side_loudness": -8.766660690307617,
      "mid_to_side_loudness_range": 6.648087024688721,
      "side_mean": -32.47751235961914
    },
    {
      "high_freq": 4349.24462890625,
      "loudness": -26.85262680053711,
      "loudness_range": 6.771429061889648,
      "low_freq": 2549.74365234375,
      "mid_mean": -23.730083465576172,
      "mid_to_side_loudness": -8.94509220123291,
      "mid_to_side_loudness_range": 4.765587329864502,
      "side_mean": -32.61670684814453
    },
    {
      "high_freq": 7314.1640625,
      "loudness": -26.627901077270508,
      "loudness_range": 8.103435516357422,
      "low_freq": 4349.24462890625,
      "mid_mean": -23.497783660888672,
      "mid_to_side_loudness": -9.329936027526855,
      "mid_to_side_loudness_range": 8.067127227783203,
      "side_mean": -32.839202880859375
    },
    {
      "high_freq": 12199.2666015625,
      "loudness": -30.412261962890625,
      "loudness_range": 13.406915664672852,
      "low_freq": 7314.1640625,
      "mid_mean": -27.108516693115234,
      "mid_to_side_loudness": -11.831846237182617,
      "mid_to_side_loudness_range": 15.00401782989502,
      "side_mean": -39.32288360595703
    },
    {
      "loudness": -39.99720001220703,
      "loudness_range": 16.292938232421875,
      "low_freq": 12199.2666015625,
      "mid_mean": -36.718257904052734,
      "mid_to_side_loudness": -10.92263126373291,
      "mid_to_side_loudness_range": 15.249300956726074,
      "side_mean": -48.274803161621094
    }
  ],
  "bands_short": [
    {
      "high_freq": 148.1999969482422,
      "loudness": -23.64636993408203,
      "loudness_range": 30.903087615966797,
      "mid_mean": -20.040884017944336,
      "mid_to_side_loudness": -28.372011184692383,
      "mid_to_side_loudness_range": 31.698884963989258,
      "side_mean": -54.29948043823242
    },
    {
      "high_freq": 392.3793640136719,
      "loudness": -26.802093505859375,
      "loudness_range": 24.87389373779297,
      "low_freq": 148.1999969482422,
      "mid_mean": -23.571287155151367,
      "mid_to_side_loudness": -14.102507591247559,
      "mid_to_side_loudness_range": 24.64185905456543,
      "side_mean": -38.44667434692383
    },
    {
      "high_freq": 794.6976318359375,
      "loudness": -34.773834228515625,
      "loudness_range": 19.39974021911621,
      "low_freq": 392.3793640136719,
      "mid_mean": -31.73516273498535,
      "mid_to_side_loudness": -10.299612998962402,
      "mid_to_side_loudness_range": 16.60538673400879,
      "side_mean": -41.73133850097656
    },
    {
      "high_freq": 1457.5709228515625,
      "loudness": -30.712432861328125,
      "loudness_range": 18.368858337402344,
      "low_freq": 794.6976318359375,
      "mid_mean": -27.627904891967773,
      "mid_to_side_loudness": -9.704825401306152,
      "mid_to_side_loudness_range": 11.890416145324707,
      "side_mean": -36.70601272583008
    },
    {
      "high_freq": 2549.74365234375,
      "loudness": -28.9742374420166,
      "loudness_range": 16.5157470703125,
      "low_freq": 1457.5709228515625,
      "mid_mean": -26.055089950561523,
      "mid_to_side_loudness": -8.501351356506348,
      "mid_to_side_loudness_range": 10.939400672912598,
      "side_mean": -33.89577102661133
    },
    {
      "high_freq": 4349.24462890625,
      "loudness": -28.662628173828125,
      "loudness_range": 15.258644104003906,
      "low_freq": 2549.74365234375,
      "mid_mean": -25.691940307617188,
      "mid_to_side_loudness": -8.834829330444336,
      "mid_to_side_loudness_range": 12.43043327331543,
      "side_mean": -34.08960723876953
    },
    {
      "high_freq": 7314.1640625,
      "loudness": -28.211307525634766,
      "loudness_range": 15.404314041137695,
      "low_freq": 4349.24462890625,
      "mid_mean": -25.17310905456543,
      "mid_to_side_loudness": -9.4773588180542,
      "mid_to_side_loudness_range": 13.506317138671875,
      "side_mean": -34.34405517578125
    },
    {
      "high_freq": 12199.2666015625,
      "loudness": -32.395652770996094,
      "loudness_range": 19.25473403930664,
      "low_freq": 7314.1640625,
      "mid_mean": -29.175357818603516,
      "mid_to_side_loudness": -11.370981216430664,
      "mid_to_side_loudness_range": 16.76388931274414,
      "side_mean": -40.81723403930664
    },
    {
      "loudness": -42.47810745239258,
      "loudness_range": 22.151248931884766,
      "low_freq": 12199.2666015625,
      "mid_mean": -39.35118865966797,
      "mid_to_side_loudness": -10.890408515930176,
      "mid_to_side_loudness_range": 19.331493377685547,
      "side_mean": -52.40486526489258
    }
  ],
  "bandwidth": 349.5020446777344,
  "channels": 2,
  "covariance": [
    [
      39.44456100463867,
      16.552467346191406,
      15.633569717407227,
      4.2113800048828125,
      1.2845174074172974,
      2.76175856590271,
      -4.357314109802246,
      -1.8095729351043701,
      -2.7502176761627197,
      -1.7526510953903198,
      -2.7198572158813477,
      -1.8550364971160889,
      -4.26357364654541,
      -0.6300304532051086,
      -5.645924091339111,
      3.338031768798828,
      -4.246909141540527,
      3.3766281604766846
    ],
    [
      16.552467346191406,
      23.819168090820312,
      14.999832153320312,
      5.425490379333496,
      3.806777000427246,
      -2.031985282897949,
      -3.591033935546875,
      -6.44085693359375,
      -1.6656246185302734,
      -0.8704769015312195,
      -0.08987845480442047,
      0.6469071507453918,
      2.2540736198425293,
      5.089142322540283,
      6.049746990203857,
      12.459835052490234,
      8.110138893127441,
      15.757013320922852
    ],
    [
      15.633569717407227,
      14.999832153320312,
      27.07416343688965,
      8.415974617004395,
      4.589272499084473,
      -1.8495131731033325,
      -4.353644371032715,
      -6.114767551422119,
      -1.1354546546936035,
      -2.9588382244110107,
      1.7648391723632812,
      -0.21856160461902618,
      3.4617817401885986,
      3.482182025909424,
      10.570343017578125,
      13.033429145812988,
      14.245097160339355,
      17.235170364379883
    ],
    [
      4.2113800048828125,
      5.425490379333496,
      8.415974617004395,
      36.06468963623047,
      6.197413444519043,
      5.608423233032227,
      7.949184417724609,
      3.8477635383605957,
      6.401214599609375,
      10.69303035736084,
      3.7218563556671143,
      12.160590171813965,
      0.3239034116268158,
      11.572254180908203,
      -1.232096552848816,
      15.124213218688965,
      -0.6678420901298523,
      15.154467582702637
    ],
    [
      1.2845174074172974,
      3.806777000427246,
      4.589272499084473,
      6.197413444519043,
      10.498404502868652,
      6.723896026611328,
      2.702883243560791,
      -0.8849072456359863,
      4.0011982917785645,
      5.289831638336182,
      3.6559853553771973,
      6.011899948120117,
      4.004266262054443,
      6.662977695465088,
      4.930858612060547,
      7.801642894744873,
      5.181210517883301,
      8.853740692138672
    ],
    [
      2.76175856590271,
      -2.031985282897949,
      -1.8495131731033325,
      5.608423233032227,
      6.723896026611328,
      20.95747947692871,
      8.689046859741211,
      14.025893211364746,
      7.727176666259766,
      14.048702239990234,
      4.935640811920166,
      9.165301322937012,
      2.066318988800049,
      4.839657306671143,
      -0.9497091770172119,
      1.9906741380691528,
      -0.6658862233161926,
      0.9032101631164551
    ],
    [
      -4.357314109802246,
      -3.591033935546875,
      -4.353644371032715,
      7.949184417724609,
      2.702883243560791,
      8.689046859741211,
      23.016651153564453,
      21.235671997070312,
      11.278716087341309,
      13.952818870544434,
      6.1286492347717285,
      10.858595848083496,
      3.0770797729492188,
      8.692580223083496,
      0.3310890793800354,
      4.561145782470703,
      1.0772054195404053,
      4.166755676269531
    ],
    [
      -1.8095729351043701,
      -6.44085693359375,
      -6.114767551422119,
      3.8477635383605957,
      -0.8849072456359863,
      14.025893211364746,
      21.235671997070312,
      31.407413482666016,
      9.833967208862305,
      14.909856796264648,
      5.44468355178833,
      8.572249412536621,
      2.0374319553375244,
      3.4846739768981934,
      -2.117949962615967,
      -2.6130917072296143,
      -1.1589539051055908,
      -3.35248064994812
    ],
    [
      -2.7502176761627197,
      -1.6656246185302734,
      -1.1354546546936035,
      6.401214599609375,
      4.0011982917785645,
      7.727176666259766,
      11.278716087341309,
      9.833967208862305,
      11.642242431640625,
      12.17714786529541,
      6.538854122161865,
      9.334991455078125,
      4.123496055603027,
      7.844346523284912,
      2.9480011463165283,
      6.94156551361084,
      3.3071541786193848,
      6.702024936676025
    ],
    [
      -1.7526510953903198,
      -0.8704769015312195,
      -2.9588382244110107,
      10.69303035736084,
      5.289831638336182,
      14.048702239990234,
      13.952818870544434,
      14.909856796264648,
      12.17714786529541,
      24.02060317993164,
      6.719233512878418,
      14.990224838256836,
      3.5242011547088623,
      11.169185638427734,
      0.7249636054039001,
      10.069331169128418,
      0.7797815203666687,
      8.908392906188965
    ],
    [
      -2.7198572158813477,
      -0.08987845480442047,
      1.7648391723632812,
      3.7218563556671143,
      3.6559853553771973,
      4.935640811920166,
      6.1286492347717285,
      5.44468355178833,
      6.538854122161865,
      6.719233512878418,
      7.283634185791016,
      7.674927234649658,
      6.446377754211426,
      7.131280422210693,
      6.860503673553467,
      8.72236156463623,
      7.567805767059326,
      10.769217491149902
    ],
    [
      -1.8550364971160889,
      0.6469071507453918,
      -0.21856160461902618,
      12.160590171813965,
      6.011899948120117,
      9.165301322937012,
      10.858595848083496,
      8.572249412536621,
      9.334991455078125,
      14.990224838256836,
      7.674927234649658,
      16.9647216796875,
      5.393058776855469,
      14.309137344360352,
      3.4147894382476807,
      15.198297500610352,
      3.775778293609619,
      16.032142639160156
    ],
    [
      -4.26357364654541,
      2.2540736198425293,
      3.4617817401885986,
      0.3239034116268158,
      4.004266262054443,
      2.066318988800049,
      3.0770797729492188,
      2.0374319553375244,
      4.123496055603027,
      3.5242011547088623,
      6.446377754211426,
      5.393058776855469,
      8.894815444946289,
      6.9237589836120605,
      11.892623901367188,
      9.715755462646484,
      13.297067642211914,
      14.099686622619629
    ],
    [
      -0.6300304532051086,
      5.089142322540283,
      3.482182025909424,
      11.572254180908203,
      6.662977695465088,
      4.839657306671143,
      8.692580223083496,
      3.4846739768981934,
      7.844346523284912,
      11.169185638427734,
      7.131280422210693,
      14.309137344360352,
      6.9237589836120605,
      18.26506996154785,
      6.359572887420654,
      21.406747817993164,
      7.528119087219238,
      23.635637283325195
    ],
    [
      -5.645924091339111,
      6.049746990203857,
      10.570343017578125,
      -1.232096552848816,
      4.930858612060547,
      -0.9497091770172119,
      0.3310890793800354,
      -2.117949962615967,
      2.9480011463165283,
      0.7249636054039001,
      6.860503673553467,
      3.4147894382476807,
      11.892623901367188,
      6.359572887420654,
      23.242839813232422,
      14.015868186950684,
      26.350339889526367,
      21.656204223632812
    ],
    [
      3.338031768798828,
      12.459835052490234,
      13.033429145812988,
      15.124213218688965,
      7.801642894744873,
      1.9906741380691528,
      4.561145782470703,
      -2.6130917072296143,
      6.94156551361084,
      10.069331169128418,
      8.72236156463623,
      15.198297500610352,
      9.715755462646484,
      21.406747817993164,
      14.015868186950684,
      42.1633415222168,
      17.527498245239258,
      46.0294189453125
    ],
    [
      -4.246909141540527,
      8.110138893127441,
      14.245097160339355,
      -0.6678420901298523,
      5.181210517883301,
      -0.6658862233161926,
      1.0772054195404053,
      -1.1589539051055908,
      3.3071541786193848,
      0.7797815203666687,
      7.567805767059326,
      3.775778293609619,
      13.297067642211914,
      7.528119087219238,
      26.350339889526367,
      17.527498245239258,
      33.12731170654297,
      27.07430076599121
    ],
    [
      3.3766281604766846,
      15.757013320922852,
      17.235170364379883,
      15.154467582702637,
      8.853740692138672,
      0.9032101631164551,
      4.166755676269531,
      -3.35248064994812,
      6.702024936676025,
      8.908392906188965,
      10.769217491149902,
      16.032142639160156,
      14.099686622619629,
      23.635637283325195,
      21.656204223632812,
      46.0294189453125,
      27.07430076599121,
      63.20421600341797
    ]
  ],
  "covariance_short": [
    [
      114.60269165039062,
      53.959381103515625,
      19.461219787597656,
      -0.16820017993450165,
      -2.276251792907715,
      -0.2912188172340393,
      -9.96683120727539,
      -7.521470069885254,
      -8.544939994812012,
      -4.049127101898193,
      -3.9131882190704346,
      -6.452831745147705,
      -8.261404037475586,
      -9.279461860656738,
      -9.725083351135254,
      -4.8028435707092285,
      -7.226808071136475,
      1.722264051437378
    ],
    [
      53.959381103515625,
      60.542789459228516,
      19.087778091430664,
      9.568862915039062,
      0.41598963737487793,
      0.6551509499549866,
      -3.992414712905884,
      -4.31564998626709,
      -2.5428576469421387,
      -0.5863261222839355,
      0.41544288396835327,
      -0.6580225229263306,
      0.0890759602189064,
      0.15285751223564148,
      2.9421842098236084,
      6.851456165313721,
      5.307732582092285,
      15.606502532958984
    ],
    [
      19.461219787597656,
      19.087778091430664,
      79.2767105102539,
      18.35531234741211,
      30.625011444091797,
      5.470635890960693,
      6.37717342376709,
      0.235619455575943,
      15.47861099243164,
      5.58343505859375,
      21.634431838989258,
      11.519625663757324,
      18.434722900390625,
      11.158233642578125,
      24.672365188598633,
      18.925851821899414,
      30.72052764892578,
      29.009050369262695
    ],
    [
      -0.16820017993450165,
      9.568862915039062,
      18.35531234741211,
      44.801578521728516,
      11.904447555541992,
      13.254499435424805,
      8.479724884033203,
      6.639432430267334,
      9.805543899536133,
      9.081857681274414,
      8.206989288330078,
      11.537617683410645,
      3.0069494247436523,
      8.672200202941895,
      2.249335765838623,
      11.261109352111816,
      2.2112910747528076,
      17.520322799682617
    ],
    [
      -2.276251792907715,
      0.41598963737487793,
      30.625011444091797,
      11.904447555541992,
      48.469505310058594,
      25.10504722595215,
      19.303176879882812,
      16.181861877441406,
      23.842126846313477,
      18.229084014892578,
      25.031267166137695,
      20.83770751953125,
      20.879228591918945,
      18.074716567993164,
      20.618663787841797,
      18.566377639770508,
      22.029394149780273,
      26.206445693969727
    ],
    [
      -0.2912188172340393,
      0.6551509499549866,
      5.470635890960693,
      13.254499435424805,
      25.10504722595215,
      41.90785217285156,
      17.572975158691406,
      23.080772399902344,
      16.884700775146484,
      22.94513511657715,
      14.245401382446289,
      20.910253524780273,
      9.086559295654297,
      15.51479434967041,
      5.417874336242676,
      11.897737503051758,
      6.251591682434082,
      17.478618621826172
    ],
    [
      -9.96683120727539,
      -3.992414712905884,
      6.37717342376709,
      8.479724884033203,
      19.303176879882812,
      17.572975158691406,
      45.242958068847656,
      34.51591873168945,
      23.270360946655273,
      20.091657638549805,
      18.828001022338867,
      19.318267822265625,
      13.285929679870605,
      15.828381538391113,
      10.837747573852539,
      12.664351463317871,
      12.63833999633789,
      17.439027786254883
    ],
    [
      -7.521470069885254,
      -4.31564998626709,
      0.235619455575943,
      6.639432430267334,
      16.181861877441406,
      23.080772399902344,
      34.51591873168945,
      49.37308883666992,
      21.21293067932129,
      27.759031295776367,
      17.87523651123047,
      24.467205047607422,
      12.614237785339355,
      17.521753311157227,
      8.077559471130371,
      12.234886169433594,
      8.929231643676758,
      15.471396446228027
    ],
    [
      -8.544939994812012,
      -2.5428576469421387,
      15.47861099243164,
      9.805543899536133,
      23.842126846313477,
      16.884700775146484,
      23.270360946655273,
      21.21293067932129,
      36.087215423583984,
      26.364046096801758,
      27.184322357177734,
      24.792104721069336,
      21.0291690826416,
      21.29932403564453,
      19.29419708251953,
      20.343965530395508,
      19.846967697143555,
      27.50307273864746
    ],
    [
      -4.049127101898193,
      -0.5863261222839355,
      5.58343505859375,
      9.081857681274414,
      18.229084014892578,
      22.94513511657715,
      20.091657638549805,
      27.759031295776367,
      26.364046096801758,
      37.33380889892578,
      20.67624855041504,
      30.342878341674805,
      16.220500946044922,
      25.263975143432617,
      12.5568208694458,
      22.977798461914062,
      11.62283706665039,
      28.953439712524414
    ],
    [
      -3.9131882190704346,
      0.41544288396835327,
      21.634431838989258,
      8.206989288330078,
      25.031267166137695,
      14.245401382446289,
      18.828001022338867,
      17.87523651123047,
      27.184322357177734,
      20.67624855041504,
      32.94492721557617,
      25.975507736206055,
      26.9789981842041,
      22.491853713989258,
      25.495487213134766,
      22.873558044433594,
      26.123178482055664,
      32.1752815246582
    ],
    [
      -6.452831745147705,
      -0.6580225229263306,
      11.519625663757324,
      11.537617683410645,
      20.83770751953125,
      20.910253524780273,
      19.318267822265625,
      24.467205047607422,
      24.792104721069336,
      30.342878341674805,
      25.975507736206055,
      39.356483459472656,
      21.334760665893555,
      32.40481185913086,
      17.33896255493164,
      30.37654685974121,
      16.42975616455078,
      38.187110900878906
    ],
    [
      -8.261404037475586,
      0.0890759602189064,
      18.434722900390625,
      3.0069494247436523,
      20.879228591918945,
      9.086559295654297,
      13.285929679870605,
      12.614237785339355,
      21.0291690826416,
      16.220500946044922,
      26.9789981842041,
      21.334760665893555,
      30.771669387817383,
      22.59005355834961,
      32.01111602783203,
      25.090192794799805,
      32.68441390991211,
      34.15794372558594
    ],
    [
      -9.279461860656738,
      0.15285751223564148,
      11.158233642578125,
      8.672200202941895,
      18.074716567993164,
      15.51479434967041,
      15.828381538391113,
      17.521753311157227,
      21.29932403564453,
      25.263975143432617,
      22.491853713989258,
      32.40481185913086,
      22.59005355834961,
      39.34209442138672,
      19.07194709777832,
      35.851531982421875,
      17.84651756286621,
      45.31167984008789
    ],
    [
      -9.725083351135254,
      2.9421842098236084,
      24.672365188598633,
      2.249335765838623,
      20.618663787841797,
      5.417874336242676,
      10.837747573852539,
      8.077559471130371,
      19.29419708251953,
      12.5568208694458,
      25.495487213134766,
      17.33896255493164,
      32.01111602783203,
      19.07194709777832,
      47.080448150634766,
      29.068593978881836,
      48.099388122558594,
      36.576168060302734
    ],
    [
      -4.8028435707092285,
      6.851456165313721,
      18.925851821899414,
      11.261109352111816,
      18.566377639770508,
      11.897737503051758,
      12.664351463317871,
      12.234886169433594,
      20.343965530395508,
      22.977798461914062,
      22.873558044433594,
      30.37654685974121,
      25.090192794799805,
      35.851531982421875,
      29.068593978881836,
      56.512481689453125,
      28.48500633239746,
      63.343841552734375
    ],
    [
      -7.226808071136475,
      5.307732582092285,
      30.72052764892578,
      2.2112910747528076,
      22.029394149780273,
      6.251591682434082,
      12.63833999633789,
      8.929231643676758,
      19.846967697143555,
      11.62283706665039,
      26.123178482055664,
      16.42975616455078,
      32.68441390991211,
      17.84651756286621,
      48.099388122558594,
      28.48500633239746,
      59.98515319824219,
      39.091026306152344
    ],
    [
      1.722264051437378,
      15.606502532958984,
      29.009050369262695,
      17.520322799682617,
      26.206445693969727,
      17.478618621826172,
      17.439027786254883,
      15.471396446228027,
      27.50307273864746,
      28.953439712524414,
      32.1752815246582,
      38.187110900878906,
      34.15794372558594,
      45.31167984008789,
      36.576168060302734,
      63.343841552734375,
      39.091026306152344,
      95.69076538085938
    ]
  ],
  "damage": -4.429767608642578,
  "diff_bandwidth": 316.40020751953125,
  "dissonance": 9.035519610462645,
  "drr": 0.6433002948760986,
  "dynamics": 3.0769662857055664,
  "format": 1245190,
  "frames": 9028544,
  "loudness": -11.97684097290039,
  "loudness_range": 7.614117622375488,
  "loudness_range_short": 12.030204772949219,
  "lowpass_true_peak_15khz": -0.4379693269729614,
  "mastering3_acoustic_entropies": [
    {
      "acoustic_entropy": 8.203150749206543,
      "acoustic_entropy_mono": 7.896039962768555,
      "band_eliminated_acoustic_entropies": [
        {
          "acoustic_entropy": 8.121546745300293,
          "acoustic_entropy_side": 8.203133583068848,
          "hz": 129.47220167065723
        },
        {
          "acoustic_entropy": 8.360766410827637,
          "acoustic_entropy_side": 8.204122543334961,
          "hz": 202.92927478742237
        },
        {
          "acoustic_entropy": 8.744056701660156,
          "acoustic_entropy_side": 8.207686424255371,
          "hz": 282.89161906338205
        },
        {
          "acoustic_entropy": 8.476539611816406,
          "acoustic_entropy_side": 8.213764190673828,
          "hz": 369.9353335868758
        },
        {
          "acoustic_entropy": 8.190308570861816,
          "acoustic_entropy_side": 8.198762893676758,
          "hz": 464.6875360973435
        },
        {
          "acoustic_entropy": 8.138279914855957,
          "acoustic_entropy_side": 8.19239330291748,
          "hz": 567.8308811364784
        },
        {
          "acoustic_entropy": 8.123664855957031,
          "acoustic_entropy_side": 8.201273918151855,
          "hz": 680.1084783214808
        },
        {
          "acoustic_entropy": 8.115923881530762,
          "acoustic_entropy_side": 8.1942138671875,
          "hz": 802.3292461747484
        },
        {
          "acoustic_entropy": 7.7030439376831055,
          "acoustic_entropy_side": 8.149978637695312,
          "hz": 935.3737400823702
        },
        {
          "acoustic_entropy": 7.666114330291748,
          "acoustic_entropy_side": 8.148953437805176,
          "hz": 1080.2004963696966
        },
        {
          "acoustic_entropy": 7.301901817321777,
          "acoustic_entropy_side": 7.915034294128418,
          "hz": 1237.8529382007157
        },
        {
          "acoustic_entropy": 8.063435554504395,
          "acoustic_entropy_side": 8.188621520996094,
          "hz": 1409.4668930556702
        },
        {
          "acoustic_entropy": 8.056747436523438,
          "acoustic_entropy_side": 8.168061256408691,
          "hz": 1596.2787759475705
        },
        {
          "acoustic_entropy": 8.585803985595703,
          "acoustic_entropy_side": 8.215938568115234,
          "hz": 1799.6344973346393
        },
        {
          "acoustic_entropy": 7.326182842254639,
          "acoustic_entropy_side": 8.28493595123291,
          "hz": 2020.9991599069049
        },
        {
          "acoustic_entropy": 8.199941635131836,
          "acoustic_entropy_side": 8.192066192626953,
          "hz": 2261.9676141086993
        },
        {
          "acoustic_entropy": 8.28859806060791,
          "acoustic_entropy_side": 8.19960880279541,
          "hz": 2524.2759484456974
        },
        {
          "acoustic_entropy": 7.383692264556885,
          "acoustic_entropy_side": 8.052933692932129,
          "hz": 2809.813997359896
        },
        {
          "acoustic_entropy": 8.205948829650879,
          "acoustic_entropy_side": 8.142220497131348,
          "hz": 3120.6389567871424
        },
        {
          "acoustic_entropy": 7.845241546630859,
          "acoustic_entropy_side": 8.156106948852539,
          "hz": 3458.990205492291
        },
        {
          "acoustic_entropy": 8.102777481079102,
          "acoustic_entropy_side": 8.219475746154785,
          "hz": 3827.305438964164
        },
        {
          "acoustic_entropy": 8.10253620147705,
          "acoustic_entropy_side": 8.119047164916992,
          "hz": 4228.238232109126
        },
        {
          "acoustic_entropy": 8.253888130187988,
          "acoustic_entropy_side": 8.006796836853027,
          "hz": 4664.6771572759235
        },
        {
          "acoustic_entropy": 8.317728996276855,
          "acoustic_entropy_side": 8.176993370056152,
          "hz": 5139.766595350093
        },
        {
          "acoustic_entropy": 8.200112342834473,
          "acoustic_entropy_side": 8.19415283203125,
          "hz": 5656.929389854203
        },
        {
          "acoustic_entropy": 8.233091354370117,
          "acoustic_entropy_side": 8.135333061218262,
          "hz": 6219.891507268283
        },
        {
          "acoustic_entropy": 8.061857223510742,
          "acoustic_entropy_side": 8.102957725524902,
          "hz": 6832.70888123896
        },
        {
          "acoustic_entropy": 7.789196968078613,
          "acoustic_entropy_side": 7.898608684539795,
          "hz": 7499.796634079867
        },
        {
          "acoustic_entropy": 7.827013969421387,
          "acoustic_entropy_side": 7.961881160736084,
          "hz": 8225.96088609342
        },
        {
          "acoustic_entropy": 7.985909461975098,
          "acoustic_entropy_side": 8.018043518066406,
          "hz": 9016.43338188839
        },
        {
          "acoustic_entropy": 8.080037117004395,
          "acoustic_entropy_side": 8.107409477233887,
          "hz": 9876.909183162974
        },
        {
          "acoustic_entropy": 8.108979225158691,
          "acoustic_entropy_side": 8.129918098449707,
          "hz": 10813.587699516042
        },
        {
          "acoustic_entropy": 8.100274085998535,
          "acoustic_entropy_side": 8.141936302185059,
          "hz": 11833.21735289826
        },
        {
          "acoustic_entropy": 8.138581275939941,
          "acoustic_entropy_side": 8.170516967773438,
          "hz": 12943.144197493959
        },
        {
          "acoustic_entropy": 8.160996437072754,
          "acoustic_entropy_side": 8.188719749450684,
          "hz": 14151.364845322005
        },
        {
          "acoustic_entropy": 8.177842140197754,
          "acoustic_entropy_side": 8.194016456604004,
          "hz": 15466.58407886509
        },
        {
          "acoustic_entropy": 8.189530372619629,
          "acoustic_entropy_side": 8.19936752319336,
          "hz": 16898.27756580493
        },
        {
          "acoustic_entropy": 8.197247505187988,
          "acoustic_entropy_side": 8.201348304748535,
          "hz": 18456.760127700032
        },
        {
          "acoustic_entropy": 8.200987815856934,
          "acoustic_entropy_side": 8.20268726348877,
          "hz": 20153.260054456492
        },
        {
          "acoustic_entropy": 8.203092575073242,
          "acoustic_entropy_side": 8.203137397766113,
          "hz": 22000.00000000001
        }
      ],
      "diff_acoustic_entropy": 8.45098876953125,
      "sn": 6
    },
    {
      "acoustic_entropy": 12.820623397827148,
      "acoustic_entropy_mono": 11.246906280517578,
      "band_eliminated_acoustic_entropies": [
        {
          "acoustic_entropy": 11.838114738464355,
          "acoustic_entropy_side": 12.820898056030273,
          "hz": 129.47220167065723
        },
        {
          "acoustic_entropy": 12.428446769714355,
          "acoustic_entropy_side": 12.75686264038086,
          "hz": 202.92927478742237
        },
        {
          "acoustic_entropy": 12.822498321533203,
          "acoustic_entropy_side": 12.68028736114502,
          "hz": 282.89161906338205
        },
        {
          "acoustic_entropy": 12.5173978805542,
          "acoustic_entropy_side": 12.730137825012207,
          "hz": 369.9353335868758
        },
        {
          "acoustic_entropy": 11.84479808807373,
          "acoustic_entropy_side": 12.72630500793457,
          "hz": 464.6875360973435
        },
        {
          "acoustic_entropy": 12.600309371948242,
          "acoustic_entropy_side": 12.867623329162598,
          "hz": 567.8308811364784
        },
        {
          "acoustic_entropy": 12.904180526733398,
          "acoustic_entropy_side": 12.814836502075195,
          "hz": 680.1084783214808
        },
        {
          "acoustic_entropy": 12.860633850097656,
          "acoustic_entropy_side": 12.870684623718262,
          "hz": 802.3292461747484
        },
        {
          "acoustic_entropy": 13.321816444396973,
          "acoustic_entropy_side": 12.917019844055176,
          "hz": 935.3737400823702
        },
        {
          "acoustic_entropy": 12.53036880493164,
          "acoustic_entropy_side": 12.700297355651855,
          "hz": 1080.2004963696966
        },
        {
          "acoustic_entropy": 11.68765640258789,
          "acoustic_entropy_side": 12.504685401916504,
          "hz": 1237.8529382007157
        },
        {
          "acoustic_entropy": 13.080771446228027,
          "acoustic_entropy_side": 13.069452285766602,
          "hz": 1409.4668930556702
        },
        {
          "acoustic_entropy": 11.421746253967285,
          "acoustic_entropy_side": 12.835196495056152,
          "hz": 1596.2787759475705
        },
        {
          "acoustic_entropy": 12.952587127685547,
          "acoustic_entropy_side": 12.700815200805664,
          "hz": 1799.6344973346393
        },
        {
          "acoustic_entropy": 11.97598934173584,
          "acoustic_entropy_side": 12.156439781188965,
          "hz": 2020.9991599069049
        },
        {
          "acoustic_entropy": 12.855081558227539,
          "acoustic_entropy_side": 12.90897274017334,
          "hz": 2261.9676141086993
        },
        {
          "acoustic_entropy": 12.837015151977539,
          "acoustic_entropy_side": 13.059138298034668,
          "hz": 2524.2759484456974
        },
        {
          "acoustic_entropy": 12.659790992736816,
          "acoustic_entropy_side": 12.694639205932617,
          "hz": 2809.813997359896
        },
        {
          "acoustic_entropy": 13.115007400512695,
          "acoustic_entropy_side": 12.774293899536133,
          "hz": 3120.6389567871424
        },
        {
          "acoustic_entropy": 12.182768821716309,
          "acoustic_entropy_side": 12.675154685974121,
          "hz": 3458.990205492291
        },
        {
          "acoustic_entropy": 12.840832710266113,
          "acoustic_entropy_side": 12.931380271911621,
          "hz": 3827.305438964164
        },
        {
          "acoustic_entropy": 12.877083778381348,
          "acoustic_entropy_side": 12.811347007751465,
          "hz": 4228.238232109126
        },
        {
          "acoustic_entropy": 12.842474937438965,
          "acoustic_entropy_side": 12.717325210571289,
          "hz": 4664.6771572759235
        },
        {
          "acoustic_entropy": 12.837660789489746,
          "acoustic_entropy_side": 12.817991256713867,
          "hz": 5139.766595350093
        },
        {
          "acoustic_entropy": 12.847511291503906,
          "acoustic_entropy_side": 12.77846908569336,
          "hz": 5656.929389854203
        },
        {
          "acoustic_entropy": 12.79868221282959,
          "acoustic_entropy_side": 12.73597526550293,
          "hz": 6219.891507268283
        },
        {
          "acoustic_entropy": 12.79833984375,
          "acoustic_entropy_side": 12.821654319763184,
          "hz": 6832.70888123896
        },
        {
          "acoustic_entropy": 12.760756492614746,
          "acoustic_entropy_side": 12.808734893798828,
          "hz": 7499.796634079867
        },
        {
          "acoustic_entropy": 12.747298240661621,
          "acoustic_entropy_side": 12.828573226928711,
          "hz": 8225.96088609342
        },
        {
          "acoustic_entropy": 12.779693603515625,
          "acoustic_entropy_side": 12.816584587097168,
          "hz": 9016.43338188839
        },
        {
          "acoustic_entropy": 12.762414932250977,
          "acoustic_entropy_side": 12.82307243347168,
          "hz": 9876.909183162974
        },
        {
          "acoustic_entropy": 12.7848482131958,
          "acoustic_entropy_side": 12.864529609680176,
          "hz": 10813.587699516042
        },
        {
          "acoustic_entropy": 12.802660942077637,
          "acoustic_entropy_side": 12.87196159362793,
          "hz": 11833.21735289826
        },
        {
          "acoustic_entropy": 12.781128883361816,
          "acoustic_entropy_side": 12.856778144836426,
          "hz": 12943.144197493959
        },
        {
          "acoustic_entropy": 12.802786827087402,
          "acoustic_entropy_side": 12.8571138381958,
          "hz": 14151.364845322005
        },
        {
          "acoustic_entropy": 12.813899040222168,
          "acoustic_entropy_side": 12.829896926879883,
          "hz": 15466.58407886509
        },
        {
          "acoustic_entropy": 12.82230281829834,
          "acoustic_entropy_side": 12.824824333190918,
          "hz": 16898.27756580493
        },
        {
          "acoustic_entropy": 12.82680606842041,
          "acoustic_entropy_side": 12.82568359375,
          "hz": 18456.760127700032
        },
        {
          "acoustic_entropy": 12.83971881866455,
          "acoustic_entropy_side": 12.823339462280273,
          "hz": 20153.260054456492
        },
        {
          "acoustic_entropy": 12.826905250549316,
          "acoustic_entropy_side": 12.820798873901367,
          "hz": 22000.00000000001
        }
      ],
      "diff_acoustic_entropy": 11.728409767150879,
      "sn": 12
    },
    {
      "acoustic_entropy": 16.66179656982422,
      "acoustic_entropy_mono": 14.021116256713867,
      "band_eliminated_acoustic_entropies": [
        {
          "acoustic_entropy": 15.76414966583252,
          "acoustic_entropy_side": 16.664072036743164,
          "hz": 129.47220167065723
        },
        {
          "acoustic_entropy": 16.830751419067383,
          "acoustic_entropy_side": 16.680335998535156,
          "hz": 202.92927478742237
        },
        {
          "acoustic_entropy": 16.57106590270996,
          "acoustic_entropy_side": 16.28965950012207,
          "hz": 282.89161906338205
        },
        {
          "acoustic_entropy": 16.484121322631836,
          "acoustic_entropy_side": 16.428627014160156,
          "hz": 369.9353335868758
        },
        {
          "acoustic_entropy": 16.942272186279297,
          "acoustic_entropy_side": 16.717050552368164,
          "hz": 464.6875360973435
        },
        {
          "acoustic_entropy": 16.924665451049805,
          "acoustic_entropy_side": 16.89139747619629,
          "hz": 567.8308811364784
        },
        {
          "acoustic_entropy": 16.949819564819336,
          "acoustic_entropy_side": 16.61227035522461,
          "hz": 680.1084783214808
        },
        {
          "acoustic_entropy": 16.539518356323242,
          "acoustic_entropy_side": 16.985427856445312,
          "hz": 802.3292461747484
        },
        {
          "acoustic_entropy": 16.63852310180664,
          "acoustic_entropy_side": 16.857603073120117,
          "hz": 935.3737400823702
        },
        {
          "acoustic_entropy": 16.393268585205078,
          "acoustic_entropy_side": 16.91031265258789,
          "hz": 1080.2004963696966
        },
        {
          "acoustic_entropy": 16.16558837890625,
          "acoustic_entropy_side": 16.192264556884766,
          "hz": 1237.8529382007157
        },
        {
          "acoustic_entropy": 17.153976440429688,
          "acoustic_entropy_side": 16.994949340820312,
          "hz": 1409.4668930556702
        },
        {
          "acoustic_entropy": 15.9107666015625,
          "acoustic_entropy_side": 16.382795333862305,
          "hz": 1596.2787759475705
        },
        {
          "acoustic_entropy": 16.72689437866211,
          "acoustic_entropy_side": 16.677885055541992,
          "hz": 1799.6344973346393
        },
        {
          "acoustic_entropy": 16.57541847229004,
          "acoustic_entropy_side": 17.008113861083984,
          "hz": 2020.9991599069049
        },
        {
          "acoustic_entropy": 17.04331398010254,
          "acoustic_entropy_side": 16.74444007873535,
          "hz": 2261.9676141086993
        },
        {
          "acoustic_entropy": 16.178524017333984,
          "acoustic_entropy_side": 16.311824798583984,
          "hz": 2524.2759484456974
        },
        {
          "acoustic_entropy": 15.653203010559082,
          "acoustic_entropy_side": 16.112581253051758,
