{
  "acoustic_entropy": 129.345458984375,
  "bands": [
    {
      "high_freq": 148.1999969482422,
      "loudness": -40.860172271728516,
      "loudness_range": 25.004776000976562,
      "mid_mean": -38.02604675292969,
      "mid_to_side_loudness": -7.408154010772705,
      "mid_to_side_loudness_range": 8.887287139892578,
      "side_mean": -45.492427825927734
    },
    {
      "high_freq": 392.3793640136719,
      "loudness": -26.991050720214844,
      "loudness_range": 18.106725692749023,
      "low_freq": 148.1999969482422,
      "mid_mean": -24.752939224243164,
      "mid_to_side_loudness": -4.938065052032471,
      "mid_to_side_loudness_range": 12.17957878112793,
      "side_mean": -29.73599624633789
    },
    {
      "high_freq": 794.6976318359375,
      "loudness": -20.91085433959961,
      "loudness_range": 19.07647132873535,
      "low_freq": 392.3793640136719,
      "mid_mean": -19.09547996520996,
      "mid_to_side_loudness": -4.356147289276123,
      "mid_to_side_loudness_range": 12.882956504821777,
      "side_mean": -23.55015754699707
    },
    {
      "high_freq": 1457.5709228515625,
      "loudness": -27.080326080322266,
      "loudness_range": 17.89771270751953,
      "low_freq": 794.6976318359375,
      "mid_mean": -24.815622329711914,
      "mid_to_side_loudness": -5.764930725097656,
      "mid_to_side_loudness_range": 8.521831512451172,
      "side_mean": -30.52996826171875
    },
    {
      "high_freq": 2549.74365234375,
      "loudness": -30.683866500854492,
      "loudness_range": 19.310047149658203,
      "low_freq": 1457.5709228515625,
      "mid_mean": -28.699617385864258,
      "mid_to_side_loudness": -4.342299938201904,
      "mid_to_side_loudness_range": 10.14277172088623,
      "side_mean": -32.7911491394043
    },
    {
      "high_freq": 4349.24462890625,
      "loudness": -39.63975143432617,
      "loudness_range": 19.745800018310547,
      "low_freq": 2549.74365234375,
      "mid_mean": -37.245365142822266,
      "mid_to_side_loudness": -5.8159637451171875,
      "mid_to_side_loudness_range": 5.944146156311035,
      "side_mean": -43.46376419067383
    },
    {
      "high_freq": 7314.1640625,
      "loudness": -52.50019836425781,
      "loudness_range": 27.256366729736328,
      "low_freq": 4349.24462890625,
      "mid_mean": -52.3873405456543,
      "mid_to_side_loudness": -4.39605188369751,
      "mid_to_side_loudness_range": 5.229668140411377,
      "side_mean": -55.95709228515625
    },
    {
      "high_freq": 12199.2666015625,
      "loudness": -63.20598602294922,
      "loudness_range": 19.524436950683594,
      "low_freq": 7314.1640625,
      "mid_mean": -59.939979553222656,
      "mid_to_side_loudness": -5.14870548248291,
      "mid_to_side_loudness_range": 3.638092041015625,
      "side_mean": -63.69268798828125
    },
    {
      "loudness": -65.51173400878906,
      "loudness_range": 0.9517135620117188,
      "low_freq": 12199.2666015625,
      "mid_mean": -62.04331588745117,
      "mid_to_side_loudness": -5.5759735107421875,
      "mid_to_side_loudness_range": 0.8372554779052734,
      "side_mean": -66.0934829711914
    }
  ],
  "bands_short": [
    {
      "high_freq": 148.1999969482422,
      "loudness": -47.364051818847656,
      "loudness_range": 25.98965835571289,
      "mid_mean": -44.79151153564453,
      "mid_to_side_loudness": -6.372992992401123,
      "mid_to_side_loudness_range": 11.762701034545898,
      "side_mean": -51.45956039428711
    },
    {
      "high_freq": 392.3793640136719,
      "loudness": -28.803054809570312,
      "loudness_range": 23.57268714904785,
      "low_freq": 148.1999969482422,
      "mid_mean": -26.734909057617188,
      "mid_to_side_loudness": -5.271035671234131,
      "mid_to_side_loudness_range": 15.354238510131836,
      "side_mean": -31.829042434692383
    },
    {
      "high_freq": 794.6976318359375,
      "loudness": -22.793048858642578,
      "loudness_range": 25.157909393310547,
      "low_freq": 392.3793640136719,
      "mid_mean": -21.36756706237793,
      "mid_to_side_loudness": -4.24910831451416,
      "mid_to_side_loudness_range": 15.642160415649414,
      "side_mean": -25.62852668762207
    },
    {
      "high_freq": 1457.5709228515625,
      "loudness": -29.00551986694336,
      "loudness_range": 23.73018455505371,
      "low_freq": 794.6976318359375,
      "mid_mean": -26.88737678527832,
      "mid_to_side_loudness": -5.475325584411621,
      "mid_to_side_loudness_range": 10.344327926635742,
      "side_mean": -32.472843170166016
    },
    {
      "high_freq": 2549.74365234375,
      "loudness": -33.313751220703125,
      "loudness_range": 26.009126663208008,
      "low_freq": 1457.5709228515625,
      "mid_mean": -31.319839477539062,
      "mid_to_side_loudness": -4.611363410949707,
      "mid_to_side_loudness_range": 11.167367935180664,
      "side_mean": -35.721099853515625
    },
    {
      "high_freq": 4349.24462890625,
      "loudness": -41.93191909790039,
      "loudness_range": 25.42891502380371,
      "low_freq": 2549.74365234375,
      "mid_mean": -39.975955963134766,
      "mid_to_side_loudness": -5.541812419891357,
      "mid_to_side_loudness_range": 8.753325462341309,
      "side_mean": -46.482688903808594
    },
    {
      "high_freq": 7314.1640625,
      "loudness": -58.34730529785156,
      "loudness_range": 33.6695671081543,
      "low_freq": 4349.24462890625,
      "mid_mean": -55.57027053833008,
      "mid_to_side_loudness": -4.478878974914551,
      "mid_to_side_loudness_range": 6.925629138946533,
      "side_mean": -58.90385437011719
    },
    {
      "high_freq": 12199.2666015625,
      "loudness": -65.12925720214844,
      "loudness_range": 18.904197692871094,
      "low_freq": 7314.1640625,
      "mid_mean": -61.6530647277832,
      "mid_to_side_loudness": -5.175727844238281,
      "mid_to_side_loudness_range": 4.4353837966918945,
      "side_mean": -65.0677719116211
    },
    {
      "loudness": -65.54649353027344,
      "loudness_range": 1.2884445190429688,
      "low_freq": 12199.2666015625,
      "mid_mean": -62.06321334838867,
      "mid_to_side_loudness": -5.6084136962890625,
      "mid_to_side_loudness_range": 1.518148422241211,
      "side_mean": -66.12006378173828
    }
  ],
  "bandwidth": 690.2408447265625,
  "channels": 2,
  "covariance": [
    [
      69.71761322021484,
      66.11096954345703,
      28.1147518157959,
      31.626113891601562,
      15.192790985107422,
      18.147811889648438,
      17.66501808166504,
      18.967037200927734,
      26.343605041503906,
      21.37394142150879,
      14.776490211486816,
      17.752216339111328,
      35.28745651245117,
      32.825958251953125,
      14.218257904052734,
      12.020832061767578,
      1.0560415983200073,
      0.9919901490211487
    ],
    [
      66.11096954345703,
      71.61100769042969,
      28.148902893066406,
      33.299903869628906,
      16.914140701293945,
      19.281421661376953,
      19.038127899169922,
      20.45059585571289,
      27.396150588989258,
      21.636842727661133,
      15.565641403198242,
      19.071727752685547,
      35.19822692871094,
      32.593257904052734,
      14.647056579589844,
      12.497763633728027,
      1.145084023475647,
      1.0459693670272827
    ],
    [
      28.1147518157959,
      28.148902893066406,
      46.25156021118164,
      38.184654235839844,
      18.454103469848633,
      19.985836029052734,
      15.985234260559082,
      17.09295654296875,
      22.89760398864746,
      20.93004035949707,
      17.241926193237305,
      20.626930236816406,
      26.987926483154297,
      26.797300338745117,
      11.453130722045898,
      9.95023250579834,
      0.444369375705719,
      0.5589551329612732
    ],
    [
      31.626113891601562,
      33.299903869628906,
      38.184654235839844,
      45.05978012084961,
      24.182817459106445,
      22.936595916748047,
      21.909963607788086,
      19.079919815063477,
      22.195106506347656,
      19.900991439819336,
      15.418538093566895,
      19.48619842529297,
      24.325971603393555,
      23.288185119628906,
      8.406535148620605,
      7.253641128540039,
      0.4476691782474518,
      0.5127798318862915
    ],
    [
      15.192790985107422,
      16.914140701293945,
      18.454103469848633,
      24.182817459106445,
      56.57650375366211,
      39.9880485534668,
      30.807409286499023,
      28.149940490722656,
      32.91191864013672,
      38.02699661254883,
      27.39877700805664,
      30.196619033813477,
      41.3708610534668,
      38.32496643066406,
      17.041566848754883,
      16.328433990478516,
      0.8028112649917603,
      1.0082303285598755
    ],
    [
      18.147811889648438,
      19.281421661376953,
      19.985836029052734,
      22.936595916748047,
      39.9880485534668,
      49.76943588256836,
      32.21746826171875,
      31.384056091308594,
      40.370304107666016,
      36.481197357177734,
      35.786048889160156,
      38.81736755371094,
      51.137386322021484,
      47.56398010253906,
      25.906938552856445,
      23.181241989135742,
      0.9251530766487122,
      1.1588473320007324
    ],
    [
      17.66501808166504,
      19.038127899169922,
      15.985234260559082,
      21.909963607788086,
      30.807409286499023,
      32.21746826171875,
      49.14144515991211,
      39.54658126831055,
      31.452896118164062,
      31.860729217529297,
      29.82869529724121,
      33.26506042480469,
      44.07980728149414,
      38.29668045043945,
      16.160377502441406,
      14.338582038879395,
      0.967545211315155,
      0.9135115742683411
    ],
    [
      18.967037200927734,
      20.45059585571289,
      17.09295654296875,
      19.079919815063477,
      28.149940490722656,
      31.384056091308594,
      39.54658126831055,
      42.54844665527344,
      34.85841751098633,
      32.90311050415039,
      31.785831451416016,
      36.56533432006836,
      47.687957763671875,
      42.74356460571289,
      21.366363525390625,
      18.48067283630371,
      1.041351318359375,
      1.0536103248596191
    ],
    [
      26.343605041503906,
      27.396150588989258,
      22.89760398864746,
      22.195106506347656,
      32.91191864013672,
      40.370304107666016,
      31.452896118164062,
      34.85841751098633,
      51.111812591552734,
      42.49932861328125,
      37.736663818359375,
      41.962074279785156,
      55.563438415527344,
      51.81708908081055,
      28.53502655029297,
      24.775577545166016,
      1.1713851690292358,
      1.3198096752166748
    ],
    [
      21.37394142150879,
      21.636842727661133,
      20.93004035949707,
      19.900991439819336,
      38.02699661254883,
      36.481197357177734,
      31.860729217529297,
      32.90311050415039,
      42.49932861328125,
      50.89325714111328,
      38.53806686401367,
      40.64910888671875,
      53.52682876586914,
      49.57277297973633,
      25.41861343383789,
      23.04192352294922,
      0.9698473215103149,
      1.1747713088989258
    ],
    [
      14.776490211486816,
      15.565641403198242,
      17.241926193237305,
      15.418538093566895,
      27.39877700805664,
      35.786048889160156,
      29.82869529724121,
      31.785831451416016,
      37.736663818359375,
      38.53806686401367,
      54.49296569824219,
      51.54270553588867,
      59.56568145751953,
      56.87823486328125,
      30.821239471435547,
      27.340269088745117,
      1.0476020574569702,
      1.2912278175354004
    ],
    [
      17.752216339111328,
      19.071727752685547,
      20.626930236816406,
      19.48619842529297,
      30.196619033813477,
      38.81736755371094,
      33.26506042480469,
      36.56533432006836,
      41.962074279785156,
      40.64910888671875,
      51.54270553588867,
      58.9447021484375,
      62.642601013183594,
      59.083133697509766,
      32.19535446166992,
      28.277843475341797,
      1.1228030920028687,
      1.3639878034591675
    ],
    [
      35.28745651245117,
      35.19822692871094,
      26.987926483154297,
      24.325971603393555,
      41.3708610534668,
      51.137386322021484,
      44.07980728149414,
      47.687957763671875,
      55.563438415527344,
      53.52682876586914,
      59.56568145751953,
      62.642601013183594,
      103.3661880493164,
      94.5171127319336,
      51.606781005859375,
      44.21980285644531,
      4.481188774108887,
      3.489799737930298
    ],
    [
      32.825958251953125,
      32.593257904052734,
      26.797300338745117,
      23.288185119628906,
      38.32496643066406,
      47.56398010253906,
      38.29668045043945,
      42.74356460571289,
      51.81708908081055,
      49.57277297973633,
      56.87823486328125,
      59.083133697509766,
      94.5171127319336,
      89.78471374511719,
      49.63399124145508,
      42.94003677368164,
      3.814333200454712,
      3.1008362770080566
    ],
    [
      14.218257904052734,
      14.647056579589844,
      11.453130722045898,
      8.406535148620605,
      17.041566848754883,
      25.906938552856445,
      16.160377502441406,
      21.366363525390625,
      28.53502655029297,
      25.41861343383789,
      30.821239471435547,
      32.19535446166992,
      51.606781005859375,
      49.63399124145508,
      38.49498748779297,
      32.48332595825195,
      2.6335108280181885,
      2.1419477462768555
    ],
    [
      12.020832061767578,
      12.497763633728027,
      9.95023250579834,
      7.253641128540039,
      16.328433990478516,
      23.181241989135742,
      14.338582038879395,
      18.48067283630371,
      24.775577545166016,
      23.04192352294922,
      27.340269088745117,
      28.277843475341797,
      44.21980285644531,
      42.94003677368164,
      32.48332595825195,
      28.44428825378418,
      1.9858803749084473,
      1.7483385801315308
    ],
    [
      1.0560415983200073,
      1.145084023475647,
      0.444369375705719,
      0.4476691782474518,
      0.8028112649917603,
      0.9251530766487122,
      0.967545211315155,
      1.041351318359375,
      1.1713851690292358,
      0.9698473215103149,
      1.0476020574569702,
      1.1228030920028687,
      4.481188774108887,
      3.814333200454712,
      2.6335108280181885,
      1.9858803749084473,
      1.1441730260849,
      0.6248316168785095
    ],
    [
      0.9919901490211487,
      1.0459693670272827,
      0.5589551329612732,
      0.5127798318862915,
      1.0082303285598755,
      1.1588473320007324,
      0.9135115742683411,
      1.0536103248596191,
      1.3198096752166748,
      1.1747713088989258,
      1.2912278175354004,
      1.3639878034591675,
      3.489799737930298,
      3.1008362770080566,
      2.1419477462768555,
      1.7483385801315308,
      0.6248316168785095,
      0.39656326174736023
    ]
  ],
  "covariance_short": [
    [
      76.71733093261719,
      65.21710968017578,
      35.716800689697266,
      34.326087951660156,
      24.314027786254883,
      24.371496200561523,
      24.805517196655273,
      27.549562454223633,
      33.32651138305664,
      27.232189178466797,
      25.955087661743164,
      32.40529251098633,
      34.0758056640625,
      32.68069839477539,
      13.005197525024414,
      11.433042526245117,
      1.0689932107925415,
      1.0200610160827637
    ],
    [
      65.21710968017578,
      75.15916442871094,
      33.03102493286133,
      33.655303955078125,
      23.44878578186035,
      22.50347137451172,
      23.16786003112793,
      25.843828201293945,
      30.55129051208496,
      25.37751007080078,
      24.848222732543945,
      30.331134796142578,
      35.676578521728516,
      32.868595123291016,
      15.053584098815918,
      12.615302085876465,
      3.4149179458618164,
      2.1537885665893555
    ],
    [
      35.716800689697266,
      33.03102493286133,
      70.80231475830078,
      59.259361267089844,
      33.829647064208984,
      35.15836715698242,
      31.63703727722168,
      34.49128723144531,
      38.70838928222656,
      37.90016174316406,
      36.340213775634766,
      39.9167366027832,
      38.09197998046875,
      37.77246856689453,
      14.40327262878418,
      12.629250526428223,
      0.6848470568656921,
      0.7753199934959412
    ],
    [
      34.326087951660156,
      33.655303955078125,
      59.259361267089844,
      71.13935089111328,
      41.91493225097656,
      37.91633605957031,
      36.79644012451172,
      34.89363098144531,
      38.245277404785156,
      37.7498664855957,
      34.24697494506836,
      41.45314407348633,
      35.328773498535156,
      34.04209518432617,
      11.824235916137695,
      10.47067928314209,
      0.7225562334060669,
      0.7610817551612854
    ],
    [
      24.314027786254883,
      23.44878578186035,
      33.829647064208984,
      41.91493225097656,
      86.054443359375,
      60.457679748535156,
      48.81929397583008,
      48.32413101196289,
      51.599369049072266,
      57.86341094970703,
      49.03432083129883,
      60.03509521484375,
      56.139610290527344,
      49.76161193847656,
      19.167484283447266,
      19.074392318725586,
      1.283825159072876,
      1.3908097743988037
    ],
    [
      24.371496200561523,
      22.50347137451172,
      35.15836715698242,
      37.91633605957031,
      60.457679748535156,
      74.89263153076172,
      51.198974609375,
      52.19044876098633,
      60.608055114746094,
      57.57122039794922,
      57.85382080078125,
      62.62173843383789,
      64.29539489746094,
      59.430423736572266,
      27.88310432434082,
      25.414546966552734,
      1.3707795143127441,
      1.5224614143371582
    ],
    [
      24.805517196655273,
      23.16786003112793,
      31.63703727722168,
      36.79644012451172,
      48.81929397583008,
      51.198974609375,
      73.83806610107422,
      62.327823638916016,
      57.22089385986328,
      55.51115036010742,
      56.63481140136719,
      64.24497985839844,
      63.01353454589844,
      56.451148986816406,
      22.301164627075195,
      19.905860900878906,
      1.6162183284759521,
      1.5528080463409424
    ],
    [
      27.549562454223633,
      25.843828201293945,
      34.49128723144531,
      34.89363098144531,
      48.32413101196289,
      52.19044876098633,
      62.327823638916016,
      70.35540771484375,
      61.103816986083984,
      56.999332427978516,
      57.89902877807617,
      64.47484588623047,
      66.06314849853516,
      59.4963264465332,
      25.398929595947266,
      22.78064727783203,
      1.7329397201538086,
      1.7409340143203735
    ],
    [
      33.32651138305664,
      30.55129051208496,
      38.70838928222656,
      38.245277404785156,
      51.599369049072266,
      60.608055114746094,
      57.22089385986328,
      61.103816986083984,
      79.55782318115234,
      68.61384582519531,
      67.28205871582031,
      72.46166229248047,
      72.77536010742188,
      67.31328582763672,
      31.777956008911133,
      28.48652458190918,
      1.7892227172851562,
      1.878114104270935
    ],
    [
      27.232189178466797,
      25.37751007080078,
      37.90016174316406,
      37.7498664855957,
      57.86341094970703,
      57.57122039794922,
      55.51115036010742,
      56.999332427978516,
      68.61384582519531,
      78.56785583496094,
      65.98998260498047,
      73.3779067993164,
      71.83600616455078,
      65.052734375,
      28.67332649230957,
      27.042827606201172,
      1.6829001903533936,
      1.8462235927581787
    ],
    [
      25.955087661743164,
      24.848222732543945,
      36.340213775634766,
      34.24697494506836,
      49.03432083129883,
      57.85382080078125,
      56.63481140136719,
      57.89902877807617,
      67.28205871582031,
      65.98998260498047,
      87.79708862304688,
      80.25382232666016,
      80.7894058227539,
      75.26693725585938,
      34.4234619140625,
      30.97728729248047,
      1.826297402381897,
      1.981540560722351
    ],
    [
      32.40529251098633,
      30.331134796142578,
      39.9167366027832,
      41.45314407348633,
      60.03509521484375,
      62.62173843383789,
      64.24497985839844,
      64.47484588623047,
      72.46166229248047,
      73.3779067993164,
      80.25382232666016,
      97.39632415771484,
      86.63288879394531,
      79.4368667602539,
      35.763465881347656,
      32.163814544677734,
      1.9743045568466187,
      2.0766541957855225
    ],
    [
      34.0758056640625,
      35.676578521728516,
      38.09197998046875,
      35.328773498535156,
      56.139610290527344,
      64.29539489746094,
      63.01353454589844,
      66.06314849853516,
      72.77536010742188,
      71.83600616455078,
      80.7894058227539,
      86.63288879394531,
      105.78162384033203,
      95.2752685546875,
      46.06756591796875,
      40.64109802246094,
      4.6149210929870605,
      3.7161338329315186
    ],
    [
      32.68069839477539,
      32.868595123291016,
      37.77246856689453,
      34.04209518432617,
      49.76161193847656,
      59.430423736572266,
      56.451148986816406,
      59.4963264465332,
      67.31328582763672,
      65.052734375,
      75.26693725585938,
      79.4368667602539,
      95.2752685546875,
      90.8149185180664,
      44.279441833496094,
      39.09251022338867,
      3.9476613998413086,
      3.320768117904663
    ],
    [
      13.005197525024414,
      15.053584098815918,
      14.40327262878418,
      11.824235916137695,
      19.167484283447266,
      27.88310432434082,
      22.301164627075195,
      25.398929595947266,
      31.777956008911133,
      28.67332649230957,
      34.4234619140625,
      35.763465881347656,
      46.06756591796875,
      44.279441833496094,
      32.304344177246094,
      27.433368682861328,
      2.7763235569000244,
      2.300168991088867
    ],
    [
      11.433042526245117,
      12.615302085876465,
      12.629250526428223,
      10.47067928314209,
      19.074392318725586,
      25.414546966552734,
      19.905860900878906,
      22.78064727783203,
      28.48652458190918,
      27.042827606201172,
      30.97728729248047,
      32.163814544677734,
      40.64109802246094,
      39.09251022338867,
      27.433368682861328,
      24.921110153198242,
      2.1702215671539307,
      1.9395605325698853
    ],
    [
      1.0689932107925415,
      3.4149179458618164,
      0.6848470568656921,
      0.7225562334060669,
      1.283825159072876,
      1.3707795143127441,
      1.6162183284759521,
      1.7329397201538086,
      1.7892227172851562,
      1.6829001903533936,
      1.826297402381897,
      1.9743045568466187,
      4.6149210929870605,
      3.9476613998413086,
      2.7763235569000244,
      2.1702215671539307,
      1.3440918922424316,
      0.7320435643196106
    ],
    [
      1.0200610160827637,
      2.1537885665893555,
      0.7753199934959412,
      0.7610817551612854,
      1.3908097743988037,
      1.5224614143371582,
      1.5528080463409424,
      1.7409340143203735,
      1.878114104270935,
      1.8462235927581787,
      1.981540560722351,
      2.0766541957855225,
      3.7161338329315186,
      3.320768117904663,
      2.300168991088867,
      1.9395605325698853,
      0.7320435643196106,
      0.5263750553131104
    ]
  ],
  "damage": -3.815547227859497,
  "diff_bandwidth": 710.265869140625,
  "dissonance": 4.7603420336788895,
  "drr": 2.873824119567871,
  "dynamics": 4.4310808181762695,
  "format": 1245190,
  "frames": 5000128,
  "loudness": -13.220702171325684,
  "loudness_range": 12.465985298156738,
  "loudness_range_short": 22.586641311645508,
  "lowpass_true_peak_15khz": 0.18510691821575165,
  "mastering3_acoustic_entropies": [
    {
      "acoustic_entropy": 7.759871482849121,
      "acoustic_entropy_mono": 7.899093151092529,
      "band_eliminated_acoustic_entropies": [
        {
          "acoustic_entropy": 7.756173610687256,
          "acoustic_entropy_side": 7.759742736816406,
          "hz": 129.47220167065723
        },
        {
          "acoustic_entropy": 7.924935817718506,
          "acoustic_entropy_side": 7.757109642028809,
          "hz": 202.92927478742237
        },
        {
          "acoustic_entropy": 7.642931938171387,
          "acoustic_entropy_side": 7.856659412384033,
          "hz": 282.89161906338205
        },
        {
          "acoustic_entropy": 7.704063892364502,
          "acoustic_entropy_side": 8.027212142944336,
          "hz": 369.9353335868758
        },
        {
          "acoustic_entropy": 7.841495990753174,
          "acoustic_entropy_side": 7.720250129699707,
          "hz": 464.6875360973435
        },
        {
          "acoustic_entropy": 7.591083526611328,
          "acoustic_entropy_side": 8.372588157653809,
          "hz": 567.8308811364784
        },
        {
          "acoustic_entropy": 7.256678104400635,
          "acoustic_entropy_side": 7.294470310211182,
          "hz": 680.1084783214808
        },
        {
          "acoustic_entropy": 7.679335594177246,
          "acoustic_entropy_side": 7.890645503997803,
          "hz": 802.3292461747484
        },
        {
          "acoustic_entropy": 7.921739101409912,
          "acoustic_entropy_side": 8.029082298278809,
          "hz": 935.3737400823702
        },
        {
          "acoustic_entropy": 8.050048828125,
          "acoustic_entropy_side": 7.935728073120117,
          "hz": 1080.2004963696966
        },
        {
          "acoustic_entropy": 7.836137771606445,
          "acoustic_entropy_side": 7.936118125915527,
          "hz": 1237.8529382007157
        },
        {
          "acoustic_entropy": 7.535129547119141,
          "acoustic_entropy_side": 7.7928948402404785,
          "hz": 1409.4668930556702
        },
        {
          "acoustic_entropy": 7.732022762298584,
          "acoustic_entropy_side": 8.00440788269043,
          "hz": 1596.2787759475705
        },
        {
          "acoustic_entropy": 7.621162414550781,
          "acoustic_entropy_side": 7.728744983673096,
          "hz": 1799.6344973346393
        },
        {
          "acoustic_entropy": 8.306392669677734,
          "acoustic_entropy_side": 7.7821221351623535,
          "hz": 2020.9991599069049
        },
        {
          "acoustic_entropy": 7.613961696624756,
          "acoustic_entropy_side": 7.559769630432129,
          "hz": 2261.9676141086993
        },
        {
          "acoustic_entropy": 7.813960075378418,
          "acoustic_entropy_side": 7.787548542022705,
          "hz": 2524.2759484456974
        },
        {
          "acoustic_entropy": 7.918293476104736,
          "acoustic_entropy_side": 7.768535137176514,
          "hz": 2809.813997359896
        },
        {
          "acoustic_entropy": 7.667808532714844,
          "acoustic_entropy_side": 7.765810966491699,
          "hz": 3120.6389567871424
        },
        {
          "acoustic_entropy": 7.756982326507568,
          "acoustic_entropy_side": 7.765390396118164,
          "hz": 3458.990205492291
        },
        {
          "acoustic_entropy": 7.763240337371826,
          "acoustic_entropy_side": 7.758786678314209,
          "hz": 3827.305438964164
        },
        {
          "acoustic_entropy": 7.703744411468506,
          "acoustic_entropy_side": 7.761941909790039,
          "hz": 4228.238232109126
        },
        {
          "acoustic_entropy": 7.76726770401001,
          "acoustic_entropy_side": 7.761666297912598,
          "hz": 4664.6771572759235
        },
        {
          "acoustic_entropy": 7.767627716064453,
          "acoustic_entropy_side": 7.760767936706543,
          "hz": 5139.766595350093
        },
        {
          "acoustic_entropy": 7.761109352111816,
          "acoustic_entropy_side": 7.758267402648926,
          "hz": 5656.929389854203
        },
        {
          "acoustic_entropy": 7.764491081237793,
          "acoustic_entropy_side": 7.760196685791016,
          "hz": 6219.891507268283
        },
        {
          "acoustic_entropy": 7.760311603546143,
          "acoustic_entropy_side": 7.759950160980225,
          "hz": 6832.70888123896
        },
        {
          "acoustic_entropy": 7.76030158996582,
          "acoustic_entropy_side": 7.759903430938721,
          "hz": 7499.796634079867
        },
        {
          "acoustic_entropy": 7.760523796081543,
          "acoustic_entropy_side": 7.759908676147461,
          "hz": 8225.96088609342
        },
        {
          "acoustic_entropy": 7.760194778442383,
          "acoustic_entropy_side": 7.7598981857299805,
          "hz": 9016.43338188839
        },
        {
          "acoustic_entropy": 7.75997257232666,
          "acoustic_entropy_side": 7.75988245010376,
          "hz": 9876.909183162974
        },
        {
          "acoustic_entropy": 7.759890556335449,
          "acoustic_entropy_side": 7.759872913360596,
          "hz": 10813.587699516042
        },
        {
          "acoustic_entropy": 7.759875774383545,
          "acoustic_entropy_side": 7.759871482849121,
          "hz": 11833.21735289826
        },
        {
          "acoustic_entropy": 7.759871959686279,
          "acoustic_entropy_side": 7.759871482849121,
          "hz": 12943.144197493959
        },
        {
          "acoustic_entropy": 7.759871482849121,
          "acoustic_entropy_side": 7.759871482849121,
          "hz": 14151.364845322005
        },
        {
          "acoustic_entropy": 7.759871482849121,
          "acoustic_entropy_side": 7.759871482849121,
          "hz": 15466.58407886509
        },
        {
          "acoustic_entropy": 7.759871482849121,
          "acoustic_entropy_side": 7.759871482849121,
          "hz": 16898.27756580493
        },
        {
          "acoustic_entropy": 7.759871482849121,
          "acoustic_entropy_side": 7.759871482849121,
          "hz": 18456.760127700032
        },
        {
          "acoustic_entropy": 7.759871482849121,
          "acoustic_entropy_side": 7.759871482849121,
          "hz": 20153.260054456492
        },
        {
          "acoustic_entropy": 7.759871482849121,
          "acoustic_entropy_side": 7.759871482849121,
          "hz": 22000.00000000001
        }
      ],
      "diff_acoustic_entropy": 8.44975757598877,
      "sn": 6
    },
    {
      "acoustic_entropy": 12.24277114868164,
      "acoustic_entropy_mono": 11.091693878173828,
      "band_eliminated_acoustic_entropies": [
        {
          "acoustic_entropy": 12.249558448791504,
          "acoustic_entropy_side": 12.243531227111816,
          "hz": 129.47220167065723
        },
        {
          "acoustic_entropy": 12.05457592010498,
          "acoustic_entropy_side": 12.267313003540039,
          "hz": 202.92927478742237
        },
        {
          "acoustic_entropy": 11.284823417663574,
          "acoustic_entropy_side": 12.155924797058105,
          "hz": 282.89161906338205
        },
        {
          "acoustic_entropy": 11.91865062713623,
          "acoustic_entropy_side": 12.095954895019531,
          "hz": 369.9353335868758
        },
        {
          "acoustic_entropy": 12.461973190307617,
          "acoustic_entropy_side": 11.838081359863281,
          "hz": 464.6875360973435
        },
        {
          "acoustic_entropy": 11.426815032958984,
          "acoustic_entropy_side": 12.748126983642578,
          "hz": 567.8308811364784
        },
        {
          "acoustic_entropy": 10.571049690246582,
          "acoustic_entropy_side": 10.964146614074707,
          "hz": 680.1084783214808
        },
        {
          "acoustic_entropy": 11.795549392700195,
          "acoustic_entropy_side": 12.349245071411133,
          "hz": 802.3292461747484
        },
        {
          "acoustic_entropy": 11.585880279541016,
          "acoustic_entropy_side": 11.878469467163086,
          "hz": 935.3737400823702
        },
        {
          "acoustic_entropy": 11.948862075805664,
          "acoustic_entropy_side": 12.232446670532227,
          "hz": 1080.2004963696966
        },
        {
          "acoustic_entropy": 12.003873825073242,
          "acoustic_entropy_side": 12.398543357849121,
          "hz": 1237.8529382007157
        },
        {
          "acoustic_entropy": 11.472311973571777,
          "acoustic_entropy_side": 12.207328796386719,
          "hz": 1409.4668930556702
        },
        {
          "acoustic_entropy": 11.35782527923584,
          "acoustic_entropy_side": 12.050036430358887,
          "hz": 1596.2787759475705
        },
        {
          "acoustic_entropy": 11.816743850708008,
          "acoustic_entropy_side": 12.452404022216797,
          "hz": 1799.6344973346393
        },
        {
          "acoustic_entropy": 12.254350662231445,
          "acoustic_entropy_side": 12.03797721862793,
          "hz": 2020.9991599069049
        },
        {
          "acoustic_entropy": 11.9006986618042,
          "acoustic_entropy_side": 11.829492568969727,
          "hz": 2261.9676141086993
        },
        {
          "acoustic_entropy": 11.879764556884766,
          "acoustic_entropy_side": 12.18183708190918,
          "hz": 2524.2759484456974
        },
        {
          "acoustic_entropy": 12.298907279968262,
          "acoustic_entropy_side": 12.288426399230957,
          "hz": 2809.813997359896
        },
        {
          "acoustic_entropy": 12.04084300994873,
          "acoustic_entropy_side": 12.137958526611328,
          "hz": 3120.6389567871424
        },
        {
          "acoustic_entropy": 12.225125312805176,
          "acoustic_entropy_side": 12.276433944702148,
          "hz": 3458.990205492291
        },
        {
          "acoustic_entropy": 12.198765754699707,
          "acoustic_entropy_side": 12.203231811523438,
          "hz": 3827.305438964164
        },
        {
          "acoustic_entropy": 12.112749099731445,
          "acoustic_entropy_side": 12.199317932128906,
          "hz": 4228.238232109126
        },
        {
          "acoustic_entropy": 12.141876220703125,
          "acoustic_entropy_side": 12.226051330566406,
          "hz": 4664.6771572759235
        },
        {
          "acoustic_entropy": 12.180987358093262,
          "acoustic_entropy_side": 12.233946800231934,
          "hz": 5139.766595350093
        },
        {
          "acoustic_entropy": 12.184969902038574,
          "acoustic_entropy_side": 12.232254028320312,
          "hz": 5656.929389854203
        },
        {
          "acoustic_entropy": 12.23324966430664,
          "acoustic_entropy_side": 12.24112319946289,
          "hz": 6219.891507268283
        },
        {
          "acoustic_entropy": 12.244199752807617,
          "acoustic_entropy_side": 12.24248218536377,
          "hz": 6832.70888123896
        },
        {
          "acoustic_entropy": 12.241915702819824,
          "acoustic_entropy_side": 12.242626190185547,
          "hz": 7499.796634079867
        },
        {
          "acoustic_entropy": 12.240972518920898,
          "acoustic_entropy_side": 12.242676734924316,
          "hz": 8225.96088609342
        },
        {
          "acoustic_entropy": 12.242110252380371,
          "acoustic_entropy_side": 12.242741584777832,
          "hz": 9016.43338188839
        },
        {
          "acoustic_entropy": 12.242568969726562,
          "acoustic_entropy_side": 12.242757797241211,
          "hz": 9876.909183162974
        },
        {
          "acoustic_entropy": 12.242751121520996,
          "acoustic_entropy_side": 12.242761611938477,
          "hz": 10813.587699516042
        },
        {
          "acoustic_entropy": 12.242777824401855,
          "acoustic_entropy_side": 12.242772102355957,
          "hz": 11833.21735289826
        },
        {
          "acoustic_entropy": 12.242772102355957,
          "acoustic_entropy_side": 12.242770195007324,
          "hz": 12943.144197493959
        },
        {
          "acoustic_entropy": 12.242770195007324,
          "acoustic_entropy_side": 12.24277114868164,
          "hz": 14151.364845322005
        },
        {
          "acoustic_entropy": 12.24277114868164,
          "acoustic_entropy_side": 12.24277114868164,
          "hz": 15466.58407886509
        },
        {
          "acoustic_entropy": 12.24277114868164,
          "acoustic_entropy_side": 12.24277114868164,
          "hz": 16898.27756580493
        },
        {
          "acoustic_entropy": 12.24277114868164,
          "acoustic_entropy_side": 12.24277114868164,
          "hz": 18456.760127700032
        },
        {
          "acoustic_entropy": 12.24277114868164,
          "acoustic_entropy_side": 12.24277114868164,
          "hz": 20153.260054456492
        },
        {
          "acoustic_entropy": 12.24277114868164,
          "acoustic_entropy_side": 12.24277114868164,
          "hz": 22000.00000000001
        }
      ],
      "diff_acoustic_entropy": 12.687115669250488,
      "sn": 12
    },
    {
      "acoustic_entropy": 17.416290283203125,
      "acoustic_entropy_mono": 16.68090057373047,
      "band_eliminated_acoustic_entropies": [
        {
          "acoustic_entropy": 17.442882537841797,
          "acoustic_entropy_side": 17.4245548248291,
          "hz": 129.47220167065723
        },
        {
          "acoustic_entropy": 17.126466751098633,
          "acoustic_entropy_side": 17.553396224975586,
          "hz": 202.92927478742237
        },
        {
          "acoustic_entropy": 17.635560989379883,
          "acoustic_entropy_side": 17.337791442871094,
          "hz": 282.89161906338205
        },
        {
          "acoustic_entropy": 17.80712127685547,
          "acoustic_entropy_side": 18.192852020263672,
          "hz": 369.9353335868758
        },
        {
          "acoustic_entropy": 17.731069564819336,
          "acoustic_entropy_side": 17.324548721313477,
          "hz": 464.6875360973435
        },
        {
          "acoustic_entropy": 18.326831817626953,
          "acoustic_entropy_side": 18.1700439453125,
          "hz": 567.8308811364784
        },
        {
          "acoustic_entropy": 17.473247528076172,
          "acoustic_entropy_side": 18.05948257446289,
          "hz": 680.1084783214808
        },
        {
          "acoustic_entropy": 17.76527214050293,
          "acoustic_entropy_side": 17.71333885192871,
          "hz": 802.3292461747484
        },
        {
          "acoustic_entropy": 18.47161102294922,
          "acoustic_entropy_side": 18.457599639892578,
          "hz": 935.3737400823702
        },
        {
          "acoustic_entropy": 18.375690460205078,
          "acoustic_entropy_side": 17.855201721191406,
          "hz": 1080.2004963696966
        },
        {
          "acoustic_entropy": 18.61419677734375,
          "acoustic_entropy_side": 17.344341278076172,
          "hz": 1237.8529382007157
        },
        {
          "acoustic_entropy": 17.206884384155273,
          "acoustic_entropy_side": 18.244903564453125,
          "hz": 1409.4668930556702
        },
        {
          "acoustic_entropy": 18.927732467651367,
          "acoustic_entropy_side": 17.919536590576172,
          "hz": 1596.2787759475705
        },
        {
          "acoustic_entropy": 17.718385696411133,
          "acoustic_entropy_side": 17.670597076416016,
          "hz": 1799.6344973346393
        },
        {
          "acoustic_entropy": 18.344524383544922,
          "acoustic_entropy_side": 17.523677825927734,
          "hz": 2020.9991599069049
        },
        {
          "acoustic_entropy": 17.996164321899414,
          "acoustic_entropy_side": 17.554941177368164,
          "hz": 2261.9676141086993
        },
        {
          "acoustic_entropy": 18.64543342590332,
          "acoustic_entropy_side": 17.567691802978516,
          "hz": 2524.2759484456974
        },
        {
          "acoustic_entropy": 18.077556610107422,
          "acoustic_entropy_side": 17.360559463500977,
          "hz": 2809.813997359896
        },
        {
          "acoustic_entropy": 18.17938804626465,
