{
  "acoustic_entropy": 141.5703125,
  "bands": [
    {
      "high_freq": 148.1999969482422,
      "loudness": -55.174198150634766,
      "loudness_range": 26.417831420898438,
      "mid_mean": -52.609432220458984,
      "mid_to_side_loudness": -8.981256484985352,
      "mid_to_side_loudness_range": 9.305497169494629,
      "side_mean": -59.79829406738281
    },
    {
      "high_freq": 392.3793640136719,
      "loudness": -46.27554702758789,
      "loudness_range": 16.83059310913086,
      "low_freq": 148.1999969482422,
      "mid_mean": -43.963314056396484,
      "mid_to_side_loudness": -6.056780815124512,
      "mid_to_side_loudness_range": 8.132320404052734,
      "side_mean": -51.786624908447266
    },
    {
      "high_freq": 794.6976318359375,
      "loudness": -45.18572235107422,
      "loudness_range": 27.29467010498047,
      "low_freq": 392.3793640136719,
      "mid_mean": -44.37132263183594,
      "mid_to_side_loudness": -1.1393479108810425,
      "mid_to_side_loudness_range": 7.749690532684326,
      "side_mean": -45.45901107788086
    },
    {
      "high_freq": 1457.5709228515625,
      "loudness": -46.881690979003906,
      "loudness_range": 24.54049301147461,
      "low_freq": 794.6976318359375,
      "mid_mean": -46.07328414916992,
      "mid_to_side_loudness": -1.7484241724014282,
      "mid_to_side_loudness_range": 8.629015922546387,
      "side_mean": -48.22390365600586
    },
    {
      "high_freq": 2549.74365234375,
      "loudness": -57.43526077270508,
      "loudness_range": 25.44448471069336,
      "low_freq": 1457.5709228515625,
      "mid_mean": -56.385353088378906,
      "mid_to_side_loudness": -2.5974690914154053,
      "mid_to_side_loudness_range": 6.364813804626465,
      "side_mean": -58.56088638305664
    },
    {
      "high_freq": 4349.24462890625,
      "loudness": -61.71528244018555,
      "loudness_range": 29.818321228027344,
      "low_freq": 2549.74365234375,
      "mid_mean": -60.06499481201172,
      "mid_to_side_loudness": -2.0840535163879395,
      "mid_to_side_loudness_range": 4.884910583496094,
      "side_mean": -61.430137634277344
    },
    {
      "high_freq": 7314.1640625,
      "loudness": -73.54100036621094,
      "loudness_range": 24.457904815673828,
      "low_freq": 4349.24462890625,
      "mid_mean": -67.07099914550781,
      "mid_to_side_loudness": -2.7884957790374756,
      "mid_to_side_loudness_range": 3.2851929664611816,
      "side_mean": -67.92420959472656
    },
    {
      "high_freq": 12199.2666015625,
      "loudness": -73.23921203613281,
      "loudness_range": 24.82115936279297,
      "low_freq": 7314.1640625,
      "mid_mean": -67.91813659667969,
      "mid_to_side_loudness": -2.5046775341033936,
      "mid_to_side_loudness_range": 3.1931400299072266,
      "side_mean": -68.48432922363281
    },
    {
      "loudness": -74.75228118896484,
      "loudness_range": 7.803260803222656,
      "low_freq": 12199.2666015625,
      "mid_mean": -67.39615631103516,
      "mid_to_side_loudness": -14.228780746459961,
      "mid_to_side_loudness_range": 12.831613540649414,
      "side_mean": -69.53578186035156
    }
  ],
  "bands_short": [
    {
      "high_freq": 148.1999969482422,
      "loudness": -57.78477478027344,
      "loudness_range": 26.688961029052734,
      "mid_mean": -54.913978576660156,
      "mid_to_side_loudness": -8.68055534362793,
      "mid_to_side_loudness_range": 14.368111610412598,
      "side_mean": -61.447418212890625
    },
    {
      "high_freq": 392.3793640136719,
      "loudness": -46.73197937011719,
      "loudness_range": 17.81869125366211,
      "low_freq": 148.1999969482422,
      "mid_mean": -44.729530334472656,
      "mid_to_side_loudness": -6.284764289855957,
      "mid_to_side_loudness_range": 11.169334411621094,
      "side_mean": -52.528499603271484
    },
    {
      "high_freq": 794.6976318359375,
      "loudness": -45.371585845947266,
      "loudness_range": 27.26992416381836,
      "low_freq": 392.3793640136719,
      "mid_mean": -44.607234954833984,
      "mid_to_side_loudness": -1.3612099885940552,
      "mid_to_side_loudness_range": 11.563362121582031,
      "side_mean": -46.0468864440918
    },
    {
      "high_freq": 1457.5709228515625,
      "loudness": -47.334529876708984,
      "loudness_range": 25.43277359008789,
      "low_freq": 794.6976318359375,
      "mid_mean": -46.63545608520508,
      "mid_to_side_loudness": -1.8777546882629395,
      "mid_to_side_loudness_range": 11.704007148742676,
      "side_mean": -49.7129020690918
    },
    {
      "high_freq": 2549.74365234375,
      "loudness": -58.01947021484375,
      "loudness_range": 25.796417236328125,
      "low_freq": 1457.5709228515625,
      "mid_mean": -57.06597137451172,
      "mid_to_side_loudness": -2.4192333221435547,
      "mid_to_side_loudness_range": 9.043533325195312,
      "side_mean": -59.07196807861328
    },
    {
      "high_freq": 4349.24462890625,
      "loudness": -62.31863784790039,
      "loudness_range": 28.942157745361328,
      "low_freq": 2549.74365234375,
      "mid_mean": -60.60906982421875,
      "mid_to_side_loudness": -2.0436997413635254,
      "mid_to_side_loudness_range": 6.350803375244141,
      "side_mean": -61.91169738769531
    },
    {
      "high_freq": 7314.1640625,
      "loudness": -74.18147277832031,
      "loudness_range": 23.51766586303711,
      "low_freq": 4349.24462890625,
      "mid_mean": -67.35292053222656,
      "mid_to_side_loudness": -2.7183921337127686,
      "mid_to_side_loudness_range": 4.411332130432129,
      "side_mean": -68.12601470947266
    },
    {
      "high_freq": 12199.2666015625,
      "loudness": -74.59424591064453,
      "loudness_range": 23.456958770751953,
      "low_freq": 7314.1640625,
      "mid_mean": -68.24911499023438,
      "mid_to_side_loudness": -2.4488167762756348,
      "mid_to_side_loudness_range": 3.880016326904297,
      "side_mean": -68.73988342285156
    },
    {
      "loudness": -75.00013732910156,
      "loudness_range": 6.872283935546875,
      "low_freq": 12199.2666015625,
      "mid_mean": -67.51325225830078,
      "mid_to_side_loudness": -14.627777099609375,
      "mid_to_side_loudness_range": 12.198753356933594,
      "side_mean": -69.64738464355469
    }
  ],
  "bandwidth": 726.3536376953125,
  "channels": 2,
  "covariance": [
    [
      77.65206909179688,
      54.728206634521484,
      30.691116333007812,
      45.44011688232422,
      33.15345764160156,
      32.04227066040039,
      9.692102432250977,
      17.141319274902344,
      35.64940643310547,
      33.68230056762695,
      30.972017288208008,
      28.691545486450195,
      13.273805618286133,
      9.771759033203125,
      8.675748825073242,
      6.147850513458252,
      3.2364935874938965,
      1.589181900024414
    ],
    [
      54.728206634521484,
      44.4569206237793,
      26.76712417602539,
      37.7146110534668,
      27.996082305908203,
      26.996597290039062,
      9.946967124938965,
      15.80398178100586,
      29.662246704101562,
      28.023231506347656,
      25.99181365966797,
      23.93794059753418,
      11.4662504196167,
      8.615554809570312,
      7.940627098083496,
      5.724409103393555,
      2.945730209350586,
      1.5699608325958252
    ],
    [
      30.691116333007812,
      26.76712417602539,
      47.00003433227539,
      38.08344650268555,
      28.35823631286621,
      28.622251510620117,
      20.098377227783203,
      24.787200927734375,
      30.543434143066406,
      27.486364364624023,
      27.530702590942383,
      24.67300033569336,
      10.608048439025879,
      7.677359580993652,
      6.107397556304932,
      4.028717041015625,
      1.8052544593811035,
      0.6969312429428101
    ],
    [
      45.44011688232422,
      37.7146110534668,
      38.08344650268555,
      65.6082992553711,
      34.5311279296875,
      33.09283447265625,
      17.91368293762207,
      22.745262145996094,
      40.2618408203125,
      36.75423812866211,
      36.158023834228516,
      32.01190185546875,
      13.390436172485352,
      9.827969551086426,
      8.490489959716797,
      5.972801208496094,
      2.0995194911956787,
      1.3474068641662598
    ],
    [
      33.15345764160156,
      27.996082305908203,
      28.35823631286621,
      34.5311279296875,
      79.59233093261719,
      77.73120880126953,
      48.44300842285156,
      57.40227508544922,
      55.82256317138672,
      52.35993194580078,
      62.9469108581543,
      58.41175842285156,
      24.50434684753418,
      18.74042510986328,
      17.606725692749023,
      13.087593078613281,
      5.031859874725342,
      2.9746079444885254
    ],
    [
      32.04227066040039,
      26.996597290039062,
      28.622251510620117,
      33.09283447265625,
      77.73120880126953,
      85.08130645751953,
      53.2332878112793,
      62.197689056396484,
      59.91658020019531,
      56.50285339355469,
      65.80950927734375,
      61.20332336425781,
      27.065107345581055,
      20.939035415649414,
      19.234527587890625,
      14.248085021972656,
      5.298828125,
      3.130549907684326
    ],
    [
      9.692102432250977,
      9.946967124938965,
      20.098377227783203,
      17.91368293762207,
      48.44300842285156,
      53.2332878112793,
      76.71218872070312,
      72.06846618652344,
      46.474002838134766,
      41.025577545166016,
      49.90790939331055,
      46.373538970947266,
      19.714366912841797,
      14.58691120147705,
      12.115143775939941,
      8.234551429748535,
      1.8688725233078003,
      0.7468457818031311
    ],
    [
      17.141319274902344,
      15.80398178100586,
      24.787200927734375,
      22.745262145996094,
      57.40227508544922,
      62.197689056396484,
      72.06846618652344,
      83.49826049804688,
      55.853004455566406,
      50.27184295654297,
      57.93151092529297,
      53.86786651611328,
      22.348783493041992,
      16.71860694885254,
      14.253609657287598,
      9.944960594177246,
      2.7834713459014893,
      1.3316138982772827
    ],
    [
      35.64940643310547,
      29.662246704101562,
      30.543434143066406,
      40.2618408203125,
      55.82256317138672,
      59.91658020019531,
      46.474002838134766,
      55.853004455566406,
      78.22160339355469,
      70.94221496582031,
      62.48236083984375,
      58.556793212890625,
      27.036178588867188,
      20.498449325561523,
      18.946622848510742,
      14.187660217285156,
      4.338685512542725,
      3.5093119144439697
    ],
    [
      33.68230056762695,
      28.023231506347656,
      27.486364364624023,
      36.75423812866211,
      52.35993194580078,
      56.50285339355469,
      41.025577545166016,
      50.27184295654297,
      70.94221496582031,
      68.1429672241211,
      57.732425689697266,
      54.28644943237305,
      25.245332717895508,
      19.28782081604004,
      17.79537010192871,
      13.33227825164795,
      4.139772891998291,
      3.305086851119995
    ],
    [
      30.972017288208008,
      25.99181365966797,
      27.530702590942383,
      36.158023834228516,
      62.9469108581543,
      65.80950927734375,
      49.90790939331055,
      57.93151092529297,
      62.48236083984375,
      57.732425689697266,
      71.72337341308594,
      65.97201538085938,
      29.01300048828125,
      22.229394912719727,
      20.857580184936523,
      15.684593200683594,
      5.169055461883545,
      3.761136770248413
    ],
    [
      28.691545486450195,
      23.93794059753418,
      24.67300033569336,
      32.01190185546875,
      58.41175842285156,
      61.20332336425781,
      46.373538970947266,
      53.86786651611328,
      58.556793212890625,
      54.28644943237305,
      65.97201538085938,
      62.4806022644043,
      26.947389602661133,
      20.78971290588379,
      19.627761840820312,
      14.869691848754883,
      4.935679912567139,
      3.6309406757354736
    ],
    [
      13.273805618286133,
      11.4662504196167,
      10.608048439025879,
      13.390436172485352,
      24.50434684753418,
      27.065107345581055,
      19.714366912841797,
      22.348783493041992,
      27.036178588867188,
      25.245332717895508,
      29.01300048828125,
      26.947389602661133,
      19.283260345458984,
      15.18214225769043,
      15.697795867919922,
      12.32080364227295,
      4.832282066345215,
      4.047906398773193
    ],
    [
      9.771759033203125,
      8.615554809570312,
      7.677359580993652,
      9.827969551086426,
      18.74042510986328,
      20.939035415649414,
      14.58691120147705,
      16.71860694885254,
      20.498449325561523,
      19.28782081604004,
      22.229394912719727,
      20.78971290588379,
      15.18214225769043,
      12.408352851867676,
      12.668719291687012,
      10.076638221740723,
      4.026453971862793,
      3.4274790287017822
    ],
    [
      8.675748825073242,
      7.940627098083496,
      6.107397556304932,
      8.490489959716797,
      17.606725692749023,
      19.234527587890625,
      12.115143775939941,
      14.253609657287598,
      18.946622848510742,
      17.79537010192871,
      20.857580184936523,
      19.627761840820312,
      15.697795867919922,
      12.668719291687012,
      16.130348205566406,
      13.004846572875977,
      6.048911094665527,
      5.442734718322754
    ],
    [
      6.147850513458252,
      5.724409103393555,
      4.028717041015625,
      5.972801208496094,
      13.087593078613281,
      14.248085021972656,
      8.234551429748535,
      9.944960594177246,
      14.187660217285156,
      13.33227825164795,
      15.684593200683594,
      14.869691848754883,
      12.32080364227295,
      10.076638221740723,
      13.004846572875977,
      10.913097381591797,
      5.082869052886963,
      4.720848083496094
    ],
    [
      3.2364935874938965,
      2.945730209350586,
      1.8052544593811035,
      2.0995194911956787,
      5.031859874725342,
      5.298828125,
      1.8688725233078003,
      2.7834713459014893,
      4.338685512542725,
      4.139772891998291,
      5.169055461883545,
      4.935679912567139,
      4.832282066345215,
      4.026453971862793,
      6.048911094665527,
      5.082869052886963,
      3.4507036209106445,
      2.9242537021636963
    ],
    [
      1.589181900024414,
      1.5699608325958252,
      0.6969312429428101,
      1.3474068641662598,
      2.9746079444885254,
      3.130549907684326,
      0.7468457818031311,
      1.3316138982772827,
      3.5093119144439697,
      3.305086851119995,
      3.761136770248413,
      3.6309406757354736,
      4.047906398773193,
      3.4274790287017822,
      5.442734718322754,
      4.720848083496094,
      2.9242537021636963,
      2.8844988346099854
    ]
  ],
  "covariance_short": [
    [
      71.8398208618164,
      46.364566802978516,
      32.4619140625,
      41.39439010620117,
      30.948646545410156,
      29.880695343017578,
      11.000821113586426,
      24.495262145996094,
      29.588970184326172,
      28.271778106689453,
      26.814964294433594,
      24.77936363220215,
      9.91921329498291,
      7.3236517906188965,
      6.134227752685547,
      4.4438581466674805,
      2.7144503593444824,
      0.8389809131622314
    ],
    [
      46.364566802978516,
      41.02679443359375,
      27.4246883392334,
      34.28380584716797,
      26.29370880126953,
      25.663978576660156,
      12.320948600769043,
      22.643447875976562,
      25.97882080078125,
      24.677404403686523,
      22.985994338989258,
      21.10335350036621,
      9.220844268798828,
      6.862970352172852,
      5.962161540985107,
      4.312313556671143,
      2.360666513442993,
      0.9020071625709534
    ],
    [
      32.4619140625,
      27.4246883392334,
      57.39738845825195,
      43.94242858886719,
      30.376426696777344,
      29.797569274902344,
      20.793834686279297,
      31.333396911621094,
      31.591798782348633,
      28.461509704589844,
      27.52123260498047,
      24.668020248413086,
      10.680883407592773,
      7.695374011993408,
      5.928237438201904,
      3.8756308555603027,
      1.7531695365905762,
      0.5783699750900269
    ],
    [
      41.39439010620117,
      34.28380584716797,
      43.94242858886719,
      68.83160400390625,
      34.01054763793945,
      33.47184371948242,
      18.665233612060547,
      35.48991012573242,
      39.02358627319336,
      35.29755783081055,
      34.67337417602539,
      30.711017608642578,
      12.319805145263672,
      9.028141021728516,
      7.044383525848389,
      4.791550159454346,
      1.6675736904144287,
      0.7890323400497437
    ],
    [
      30.948646545410156,
      26.29370880126953,
      30.376426696777344,
      34.01054763793945,
      80.64775085449219,
      75.01742553710938,
      48.18654251098633,
      58.43362808227539,
      52.64383316040039,
      48.67366409301758,
      58.343780517578125,
      54.41539001464844,
      21.187591552734375,
      16.224830627441406,
      14.069426536560059,
      10.295536041259766,
      3.658811330795288,
      1.6508443355560303
    ],
    [
      29.880695343017578,
      25.663978576660156,
      29.797569274902344,
      33.47184371948242,
      75.01742553710938,
      88.10960388183594,
      53.26787185668945,
      64.08806610107422,
      58.00471115112305,
      54.000484466552734,
      62.446407318115234,
      58.190101623535156,
      24.020936965942383,
      18.616344451904297,
      16.04419708251953,
      11.762641906738281,
      4.024753093719482,
      1.95474374294281
    ],
    [
      11.000821113586426,
      12.320948600769043,
      20.793834686279297,
      18.665233612060547,
      48.18654251098633,
      53.26787185668945,
      79.35272216796875,
      71.91742706298828,
      47.3148307800293,
      41.892906188964844,
      48.29392623901367,
      45.0682487487793,
      18.12190818786621,
      13.350438117980957,
      10.683298110961914,
      7.215783596038818,
      1.6523125171661377,
      0.502204179763794
    ],
    [
      24.495262145996094,
      22.643447875976562,
      31.333396911621094,
      35.48991012573242,
      58.43362808227539,
      64.08806610107422,
      71.91742706298828,
      100.59521484375,
      64.75822448730469,
      57.87785339355469,
      61.53375244140625,
      56.88072967529297,
      21.770723342895508,
      16.15416717529297,
      13.3284330368042,
      9.243577003479004,
      2.303623914718628,
      1.0752317905426025
    ],
    [
      29.588970184326172,
      25.97882080078125,
      31.591798782348633,
      39.02358627319336,
      52.64383316040039,
      58.00471115112305,
      47.3148307800293,
      64.75822448730469,
      76.48612213134766,
      67.40208435058594,
      58.918174743652344,
      55.03987503051758,
      23.99202537536621,
      18.130247116088867,
      15.437747955322266,
      11.314567565917969,
      2.8649392127990723,
      2.042382001876831
    ],
    [
      28.271778106689453,
      24.677404403686523,
      28.461509704589844,
      35.29755783081055,
      48.67366409301758,
      54.000484466552734,
      41.892906188964844,
      57.87785339355469,
      67.40208435058594,
      66.5297622680664,
      54.41231155395508,
      51.057003021240234,
      22.37744903564453,
      17.066011428833008,
      14.533550262451172,
      10.678544044494629,
      2.7982678413391113,
      1.988240361213684
    ],
    [
      26.814964294433594,
      22.985994338989258,
      27.52123260498047,
      34.67337417602539,
      58.343780517578125,
      62.446407318115234,
      48.29392623901367,
      61.53375244140625,
      58.918174743652344,
      54.41231155395508,
      68.23626708984375,
      62.1099967956543,
      25.678619384765625,
      19.756956100463867,
      17.299129486083984,
      12.81830883026123,
      3.717958927154541,
      2.4075562953948975
    ],
    [
      24.77936363220215,
      21.10335350036621,
      24.668020248413086,
      30.711017608642578,
      54.41539001464844,
      58.190101623535156,
      45.0682487487793,
      56.88072967529297,
      55.03987503051758,
      51.057003021240234,
      62.1099967956543,
      59.59996032714844,
      23.88484764099121,
      18.502315521240234,
      16.24114227294922,
      12.124500274658203,
      3.5451650619506836,
      2.3119845390319824
    ],
    [
      9.91921329498291,
      9.220844268798828,
      10.680883407592773,
      12.319805145263672,
      21.187591552734375,
      24.020936965942383,
      18.12190818786621,
      21.770723342895508,
      23.99202537536621,
      22.37744903564453,
      25.678619384765625,
      23.88484764099121,
      17.43267822265625,
      13.675661087036133,
      13.246668815612793,
      10.326092720031738,
      3.864084482192993,
      3.1363141536712646
    ],
    [
      7.3236517906188965,
      6.862970352172852,
      7.695374011993408,
      9.028141021728516,
      16.224830627441406,
      18.616344451904297,
      13.350438117980957,
      16.15416717529297,
      18.130247116088867,
      17.066011428833008,
      19.756956100463867,
      18.502315521240234,
      13.675661087036133,
      11.373434066772461,
      10.740519523620605,
      8.494040489196777,
      3.239905834197998,
      2.6829285621643066
    ],
    [
      6.134227752685547,
      5.962161540985107,
      5.928237438201904,
      7.044383525848389,
      14.069426536560059,
      16.04419708251953,
      10.683298110961914,
      13.3284330368042,
      15.437747955322266,
      14.533550262451172,
      17.299129486083984,
      16.24114227294922,
      13.246668815612793,
      10.740519523620605,
      13.071890830993652,
      10.390218734741211,
      4.5874481201171875,
      4.020908355712891
    ],
    [
      4.4438581466674805,
      4.312313556671143,
      3.8756308555603027,
      4.791550159454346,
      10.295536041259766,
      11.762641906738281,
      7.215783596038818,
      9.243577003479004,
      11.314567565917969,
      10.678544044494629,
      12.81830883026123,
      12.124500274658203,
      10.326092720031738,
      8.494040489196777,
      10.390218734741211,
      8.785127639770508,
      3.8480563163757324,
      3.4993042945861816
    ],
    [
      2.7144503593444824,
      2.360666513442993,
      1.7531695365905762,
      1.6675736904144287,
      3.658811330795288,
      4.024753093719482,
      1.6523125171661377,
      2.303623914718628,
      2.8649392127990723,
      2.7982678413391113,
      3.717958927154541,
      3.5451650619506836,
      3.864084482192993,
      3.239905834197998,
      4.5874481201171875,
      3.8480563163757324,
      2.8258585929870605,
      2.243669033050537
    ],
    [
      0.8389809131622314,
      0.9020071625709534,
      0.5783699750900269,
      0.7890323400497437,
      1.6508443355560303,
      1.95474374294281,
      0.502204179763794,
      1.0752317905426025,
      2.042382001876831,
      1.988240361213684,
      2.4075562953948975,
      2.3119845390319824,
      3.1363141536712646,
      2.6829285621643066,
      4.020908355712891,
      3.4993042945861816,
      2.243669033050537,
      2.189211368560791
    ]
  ],
  "damage": -21.863399505615234,
  "diff_bandwidth": 758.7154541015625,
  "dissonance": 6.532688379898737,
  "drr": 8.089879035949707,
  "dynamics": 6.330303192138672,
  "format": 1245190,
  "frames": 12625856,
  "loudness": -35.6241455078125,
  "loudness_range": 20.343467712402344,
  "loudness_range_short": 20.80974769592285,
  "lowpass_true_peak_15khz": -6.6639814376831055,
  "mastering3_acoustic_entropies": [
    {
      "acoustic_entropy": 6.585013389587402,
      "acoustic_entropy_mono": 6.354742527008057,
      "band_eliminated_acoustic_entropies": [
        {
          "acoustic_entropy": 6.583550930023193,
          "acoustic_entropy_side": 6.584999084472656,
          "hz": 129.47220167065723
        },
        {
          "acoustic_entropy": 6.6489057540893555,
          "acoustic_entropy_side": 6.585517406463623,
          "hz": 202.92927478742237
        },
        {
          "acoustic_entropy": 6.818587303161621,
          "acoustic_entropy_side": 6.59041166305542,
          "hz": 282.89161906338205
        },
        {
          "acoustic_entropy": 6.7730255126953125,
          "acoustic_entropy_side": 6.6739277839660645,
          "hz": 369.9353335868758
        },
        {
          "acoustic_entropy": 6.7553791999816895,
          "acoustic_entropy_side": 6.638642311096191,
          "hz": 464.6875360973435
        },
        {
          "acoustic_entropy": 6.645038604736328,
          "acoustic_entropy_side": 6.229416847229004,
          "hz": 567.8308811364784
        },
        {
          "acoustic_entropy": 6.077099323272705,
          "acoustic_entropy_side": 6.945669651031494,
          "hz": 680.1084783214808
        },
        {
          "acoustic_entropy": 6.138802528381348,
          "acoustic_entropy_side": 6.392014503479004,
          "hz": 802.3292461747484
        },
        {
          "acoustic_entropy": 6.376691818237305,
          "acoustic_entropy_side": 6.475368022918701,
          "hz": 935.3737400823702
        },
        {
          "acoustic_entropy": 6.030518054962158,
          "acoustic_entropy_side": 6.617945671081543,
          "hz": 1080.2004963696966
        },
        {
          "acoustic_entropy": 6.367793560028076,
          "acoustic_entropy_side": 6.842478275299072,
          "hz": 1237.8529382007157
        },
        {
          "acoustic_entropy": 5.019320964813232,
          "acoustic_entropy_side": 6.372088432312012,
          "hz": 1409.4668930556702
        },
        {
          "acoustic_entropy": 6.55490255355835,
          "acoustic_entropy_side": 5.990723133087158,
          "hz": 1596.2787759475705
        },
        {
          "acoustic_entropy": 6.405570983886719,
          "acoustic_entropy_side": 6.657190799713135,
          "hz": 1799.6344973346393
        },
        {
          "acoustic_entropy": 6.642613410949707,
          "acoustic_entropy_side": 6.511446952819824,
          "hz": 2020.9991599069049
        },
        {
          "acoustic_entropy": 6.420942306518555,
          "acoustic_entropy_side": 6.540302276611328,
          "hz": 2261.9676141086993
        },
        {
          "acoustic_entropy": 6.538183212280273,
          "acoustic_entropy_side": 6.57316255569458,
          "hz": 2524.2759484456974
        },
        {
          "acoustic_entropy": 6.519207954406738,
          "acoustic_entropy_side": 6.554577350616455,
          "hz": 2809.813997359896
        },
        {
          "acoustic_entropy": 6.608997344970703,
          "acoustic_entropy_side": 6.593494415283203,
          "hz": 3120.6389567871424
        },
        {
          "acoustic_entropy": 6.767278671264648,
          "acoustic_entropy_side": 6.63145637512207,
          "hz": 3458.990205492291
        },
        {
          "acoustic_entropy": 6.6766767501831055,
          "acoustic_entropy_side": 6.591053009033203,
          "hz": 3827.305438964164
        },
        {
          "acoustic_entropy": 6.643715858459473,
          "acoustic_entropy_side": 6.584155082702637,
          "hz": 4228.238232109126
        },
        {
          "acoustic_entropy": 6.588563442230225,
          "acoustic_entropy_side": 6.585247993469238,
          "hz": 4664.6771572759235
        },
        {
          "acoustic_entropy": 6.587090492248535,
          "acoustic_entropy_side": 6.585610389709473,
          "hz": 5139.766595350093
        },
        {
          "acoustic_entropy": 6.586126804351807,
          "acoustic_entropy_side": 6.585496425628662,
          "hz": 5656.929389854203
        },
        {
          "acoustic_entropy": 6.586212635040283,
          "acoustic_entropy_side": 6.585387229919434,
          "hz": 6219.891507268283
        },
        {
          "acoustic_entropy": 6.586263656616211,
          "acoustic_entropy_side": 6.585166931152344,
          "hz": 6832.70888123896
        },
        {
          "acoustic_entropy": 6.583854675292969,
          "acoustic_entropy_side": 6.585031986236572,
          "hz": 7499.796634079867
        },
        {
          "acoustic_entropy": 6.58195161819458,
          "acoustic_entropy_side": 6.584017276763916,
          "hz": 8225.96088609342
        },
        {
          "acoustic_entropy": 6.570766925811768,
          "acoustic_entropy_side": 6.583680152893066,
          "hz": 9016.43338188839
        },
        {
          "acoustic_entropy": 6.567043304443359,
          "acoustic_entropy_side": 6.581325054168701,
          "hz": 9876.909183162974
        },
        {
          "acoustic_entropy": 6.564812660217285,
          "acoustic_entropy_side": 6.582302570343018,
          "hz": 10813.587699516042
        },
        {
          "acoustic_entropy": 6.567932605743408,
          "acoustic_entropy_side": 6.582119941711426,
          "hz": 11833.21735289826
        },
        {
          "acoustic_entropy": 6.574335098266602,
          "acoustic_entropy_side": 6.583104610443115,
          "hz": 12943.144197493959
        },
        {
          "acoustic_entropy": 6.580154895782471,
          "acoustic_entropy_side": 6.583942413330078,
          "hz": 14151.364845322005
        },
        {
          "acoustic_entropy": 6.58302116394043,
          "acoustic_entropy_side": 6.584470748901367,
          "hz": 15466.58407886509
        },
        {
          "acoustic_entropy": 6.584378242492676,
          "acoustic_entropy_side": 6.584824085235596,
          "hz": 16898.27756580493
        },
        {
          "acoustic_entropy": 6.584794998168945,
          "acoustic_entropy_side": 6.584941864013672,
          "hz": 18456.760127700032
        },
        {
          "acoustic_entropy": 6.584956645965576,
          "acoustic_entropy_side": 6.584990501403809,
          "hz": 20153.260054456492
        },
        {
          "acoustic_entropy": 6.585010051727295,
          "acoustic_entropy_side": 6.585012912750244,
          "hz": 22000.00000000001
        }
      ],
      "diff_acoustic_entropy": 2.6514828205108643,
      "sn": 6
    },
    {
      "acoustic_entropy": 10.835716247558594,
      "acoustic_entropy_mono": 10.500250816345215,
      "band_eliminated_acoustic_entropies": [
        {
          "acoustic_entropy": 10.807859420776367,
          "acoustic_entropy_side": 10.834609985351562,
          "hz": 129.47220167065723
        },
        {
          "acoustic_entropy": 10.065258026123047,
          "acoustic_entropy_side": 10.789103507995605,
          "hz": 202.92927478742237
        },
        {
          "acoustic_entropy": 10.18896198272705,
          "acoustic_entropy_side": 10.666342735290527,
          "hz": 282.89161906338205
        },
        {
          "acoustic_entropy": 10.823075294494629,
          "acoustic_entropy_side": 10.648110389709473,
          "hz": 369.9353335868758
        },
        {
          "acoustic_entropy": 10.260587692260742,
          "acoustic_entropy_side": 10.70363712310791,
          "hz": 464.6875360973435
        },
        {
          "acoustic_entropy": 10.556035041809082,
          "acoustic_entropy_side": 10.934603691101074,
          "hz": 567.8308811364784
        },
        {
          "acoustic_entropy": 10.406452178955078,
          "acoustic_entropy_side": 10.770771980285645,
          "hz": 680.1084783214808
        },
        {
          "acoustic_entropy": 9.87027645111084,
          "acoustic_entropy_side": 10.6901273727417,
          "hz": 802.3292461747484
        },
        {
          "acoustic_entropy": 9.475955963134766,
          "acoustic_entropy_side": 10.359795570373535,
          "hz": 935.3737400823702
        },
        {
          "acoustic_entropy": 10.01602554321289,
          "acoustic_entropy_side": 10.767892837524414,
          "hz": 1080.2004963696966
        },
        {
          "acoustic_entropy": 10.412859916687012,
          "acoustic_entropy_side": 11.02212905883789,
          "hz": 1237.8529382007157
        },
        {
          "acoustic_entropy": 9.269990921020508,
          "acoustic_entropy_side": 10.33195686340332,
          "hz": 1409.4668930556702
        },
        {
          "acoustic_entropy": 10.280512809753418,
          "acoustic_entropy_side": 10.591886520385742,
          "hz": 1596.2787759475705
        },
        {
          "acoustic_entropy": 11.031494140625,
          "acoustic_entropy_side": 11.367793083190918,
          "hz": 1799.6344973346393
        },
        {
          "acoustic_entropy": 10.666620254516602,
          "acoustic_entropy_side": 10.691861152648926,
          "hz": 2020.9991599069049
        },
        {
          "acoustic_entropy": 10.623887062072754,
          "acoustic_entropy_side": 10.74970817565918,
          "hz": 2261.9676141086993
        },
        {
          "acoustic_entropy": 10.721160888671875,
          "acoustic_entropy_side": 10.790628433227539,
          "hz": 2524.2759484456974
        },
        {
          "acoustic_entropy": 10.711852073669434,
          "acoustic_entropy_side": 10.764513969421387,
          "hz": 2809.813997359896
        },
        {
          "acoustic_entropy": 10.763659477233887,
          "acoustic_entropy_side": 10.802659034729004,
          "hz": 3120.6389567871424
        },
        {
          "acoustic_entropy": 10.631422996520996,
          "acoustic_entropy_side": 10.78096866607666,
          "hz": 3458.990205492291
        },
        {
          "acoustic_entropy": 10.672855377197266,
          "acoustic_entropy_side": 10.78478717803955,
          "hz": 3827.305438964164
        },
        {
          "acoustic_entropy": 10.721872329711914,
          "acoustic_entropy_side": 10.822288513183594,
          "hz": 4228.238232109126
        },
        {
          "acoustic_entropy": 10.818415641784668,
          "acoustic_entropy_side": 10.808985710144043,
          "hz": 4664.6771572759235
        },
        {
          "acoustic_entropy": 10.793697357177734,
          "acoustic_entropy_side": 10.818672180175781,
          "hz": 5139.766595350093
        },
        {
          "acoustic_entropy": 10.811724662780762,
          "acoustic_entropy_side": 10.827218055725098,
          "hz": 5656.929389854203
        },
        {
          "acoustic_entropy": 10.822686195373535,
          "acoustic_entropy_side": 10.836718559265137,
          "hz": 6219.891507268283
        },
        {
          "acoustic_entropy": 10.837844848632812,
          "acoustic_entropy_side": 10.841113090515137,
          "hz": 6832.70888123896
        },
        {
          "acoustic_entropy": 10.841245651245117,
          "acoustic_entropy_side": 10.844173431396484,
          "hz": 7499.796634079867
        },
        {
          "acoustic_entropy": 10.80267333984375,
          "acoustic_entropy_side": 10.848627090454102,
          "hz": 8225.96088609342
        },
        {
          "acoustic_entropy": 10.761960983276367,
          "acoustic_entropy_side": 10.828350067138672,
          "hz": 9016.43338188839
        },
        {
          "acoustic_entropy": 10.747549057006836,
          "acoustic_entropy_side": 10.79627799987793,
          "hz": 9876.909183162974
        },
        {
          "acoustic_entropy": 10.74209213256836,
          "acoustic_entropy_side": 10.803356170654297,
          "hz": 10813.587699516042
        },
        {
          "acoustic_entropy": 10.715556144714355,
          "acoustic_entropy_side": 10.793428421020508,
          "hz": 11833.21735289826
        },
        {
          "acoustic_entropy": 10.729373931884766,
          "acoustic_entropy_side": 10.804856300354004,
          "hz": 12943.144197493959
        },
        {
          "acoustic_entropy": 10.755061149597168,
          "acoustic_entropy_side": 10.81888484954834,
          "hz": 14151.364845322005
        },
        {
          "acoustic_entropy": 10.797934532165527,
          "acoustic_entropy_side": 10.826301574707031,
          "hz": 15466.58407886509
        },
        {
          "acoustic_entropy": 10.826329231262207,
          "acoustic_entropy_side": 10.831999778747559,
          "hz": 16898.27756580493
        },
        {
          "acoustic_entropy": 10.831547737121582,
          "acoustic_entropy_side": 10.834315299987793,
          "hz": 18456.760127700032
        },
        {
          "acoustic_entropy": 10.834234237670898,
          "acoustic_entropy_side": 10.835140228271484,
          "hz": 20153.260054456492
        },
        {
          "acoustic_entropy": 10.835576057434082,
          "acoustic_entropy_side": 10.83565902709961,
          "hz": 22000.00000000001
        }
      ],
      "diff_acoustic_entropy": 4.290512561798096,
      "sn": 12
    },
    {
      "acoustic_entropy": 18.63605499267578,
      "acoustic_entropy_mono": 17.10186767578125,
      "band_eliminated_acoustic_entropies": [
        {
          "acoustic_entropy": 18.35437774658203,
          "acoustic_entropy_side": 18.6358642578125,
          "hz": 129.47220167065723
        },
        {
          "acoustic_entropy": 18.490802764892578,
          "acoustic_entropy_side": 18.58962059020996,
          "hz": 202.92927478742237
        },
        {
          "acoustic_entropy": 19.056493759155273,
          "acoustic_entropy_side": 18.748443603515625,
          "hz": 282.89161906338205
        },
        {
          "acoustic_entropy": 18.840869903564453,
          "acoustic_entropy_side": 18.131607055664062,
          "hz": 369.9353335868758
        },
        {
          "acoustic_entropy": 19.540143966674805,
          "acoustic_entropy_side": 19.989978790283203,
          "hz": 464.6875360973435
        },
        {
          "acoustic_entropy": 18.851577758789062,
          "acoustic_entropy_side": 19.302196502685547,
          "hz": 567.8308811364784
        },
        {
          "acoustic_entropy": 17.90934181213379,
          "acoustic_entropy_side": 18.311569213867188,
          "hz": 680.1084783214808
        },
        {
          "acoustic_entropy": 17.312761306762695,
          "acoustic_entropy_side": 18.79857635498047,
          "hz": 802.3292461747484
        },
        {
          "acoustic_entropy": 17.491836547851562,
          "acoustic_entropy_side": 18.869380950927734,
          "hz": 935.3737400823702
        },
        {
          "acoustic_entropy": 17.806541442871094,
          "acoustic_entropy_side": 18.784095764160156,
          "hz": 1080.2004963696966
        },
        {
          "acoustic_entropy": 18.344331741333008,
          "acoustic_entropy_side": 18.679590225219727,
          "hz": 1237.8529382007157
        },
        {
          "acoustic_entropy": 17.930660247802734,
          "acoustic_entropy_side": 19.330747604370117,
          "hz": 1409.4668930556702
        },
        {
          "acoustic_entropy": 17.210819244384766,
          "acoustic_entropy_side": 17.90732192993164,
          "hz": 1596.2787759475705
        },
        {
          "acoustic_entropy": 17.77353286743164,
          "acoustic_entropy_side": 18.048683166503906,
          "hz": 1799.6344973346393
        },
        {
          "acoustic_entropy": 18.074434280395508,
          "acoustic_entropy_side": 18.454137802124023,
          "hz": 2020.9991599069049
        },
        {
          "acoustic_entropy": 18.43357276916504,
          "acoustic_entropy_side": 18.570663452148438,
          "hz": 2261.9676141086993
        },
        {
          "acoustic_entropy": 19.03816795349121,
          "acoustic_entropy_side": 18.853300094604492,
          "hz": 2524.2759484456974
        },
        {
          "acoustic_entropy": 18.10807991027832,
          "acoustic_entropy_side": 18.648069381713867,
          "hz": 2809.813997359896
        },
        {
          "acoustic_entropy": 18.66498374938965,
          "acoustic_entropy_side": 18.563188552856445,
          "hz": 3120.6389567871424
