{
  "acoustic_entropy": 211.99606323242188,
  "bands": [
    {
      "high_freq": 148.1999969482422,
      "loudness": -35.680110931396484,
      "loudness_range": 23.674728393554688,
      "mid_mean": -33.206356048583984,
      "mid_to_side_loudness": -6.531087875366211,
      "mid_to_side_loudness_range": 13.127367973327637,
      "side_mean": -39.96289825439453
    },
    {
      "high_freq": 392.3793640136719,
      "loudness": -24.391395568847656,
      "loudness_range": 11.428876876831055,
      "low_freq": 148.1999969482422,
      "mid_mean": -21.766069412231445,
      "mid_to_side_loudness": -6.3999834060668945,
      "mid_to_side_loudness_range": 9.817190170288086,
      "side_mean": -28.352561950683594
    },
    {
      "high_freq": 794.6976318359375,
      "loudness": -25.44010353088379,
      "loudness_range": 16.744356155395508,
      "low_freq": 392.3793640136719,
      "mid_mean": -22.964521408081055,
      "mid_to_side_loudness": -5.5088067054748535,
      "mid_to_side_loudness_range": 10.885456085205078,
      "side_mean": -28.84149169921875
    },
    {
      "high_freq": 1457.5709228515625,
      "loudness": -26.983057022094727,
      "loudness_range": 19.735872268676758,
      "low_freq": 794.6976318359375,
      "mid_mean": -24.537912368774414,
      "mid_to_side_loudness": -5.58230447769165,
      "mid_to_side_loudness_range": 10.875960350036621,
      "side_mean": -30.331743240356445
    },
    {
      "high_freq": 2549.74365234375,
      "loudness": -27.78756332397461,
      "loudness_range": 20.5872859954834,
      "low_freq": 1457.5709228515625,
      "mid_mean": -25.158458709716797,
      "mid_to_side_loudness": -6.592223167419434,
      "mid_to_side_loudness_range": 11.348917961120605,
      "side_mean": -31.982812881469727
    },
    {
      "high_freq": 4349.24462890625,
      "loudness": -31.1590576171875,
      "loudness_range": 18.07219123840332,
      "low_freq": 2549.74365234375,
      "mid_mean": -28.271615982055664,
      "mid_to_side_loudness": -8.099488258361816,
      "mid_to_side_loudness_range": 12.57172679901123,
      "side_mean": -36.69002151489258
    },
    {
      "high_freq": 7314.1640625,
      "loudness": -37.5970458984375,
      "loudness_range": 23.925634384155273,
      "low_freq": 4349.24462890625,
      "mid_mean": -34.95026397705078,
      "mid_to_side_loudness": -9.86933708190918,
      "mid_to_side_loudness_range": 14.92557144165039,
      "side_mean": -45.261558532714844
    },
    {
      "high_freq": 12199.2666015625,
      "loudness": -41.60621643066406,
      "loudness_range": 22.41960906982422,
      "low_freq": 7314.1640625,
      "mid_mean": -38.679466247558594,
      "mid_to_side_loudness": -11.431869506835938,
      "mid_to_side_loudness_range": 18.688976287841797,
      "side_mean": -52.521636962890625
    },
    {
      "loudness": -51.05305862426758,
      "loudness_range": 25.934642791748047,
      "low_freq": 12199.2666015625,
      "mid_mean": -51.13285827636719,
      "mid_to_side_loudness": -13.43873405456543,
      "mid_to_side_loudness_range": 24.52457046508789,
      "side_mean": -61.36807632446289
    }
  ],
  "bands_short": [
    {
      "high_freq": 148.1999969482422,
      "loudness": -38.04459762573242,
      "loudness_range": 26.660593032836914,
      "mid_mean": -36.06877899169922,
      "mid_to_side_loudness": -6.113317966461182,
      "mid_to_side_loudness_range": 20.9932918548584,
      "side_mean": -42.51361083984375
    },
    {
      "high_freq": 392.3793640136719,
      "loudness": -25.882482528686523,
      "loudness_range": 14.98436164855957,
      "low_freq": 148.1999969482422,
      "mid_mean": -23.707124710083008,
      "mid_to_side_loudness": -5.6647443771362305,
      "mid_to_side_loudness_range": 15.05993938446045,
      "side_mean": -29.502477645874023
    },
    {
      "high_freq": 794.6976318359375,
      "loudness": -25.850175857543945,
      "loudness_range": 18.46792984008789,
      "low_freq": 392.3793640136719,
      "mid_mean": -23.820484161376953,
      "mid_to_side_loudness": -4.72072172164917,
      "mid_to_side_loudness_range": 14.72525405883789,
      "side_mean": -28.859861373901367
    },
    {
      "high_freq": 1457.5709228515625,
      "loudness": -27.424423217773438,
      "loudness_range": 22.037628173828125,
      "low_freq": 794.6976318359375,
      "mid_mean": -25.298349380493164,
      "mid_to_side_loudness": -5.0189290046691895,
      "mid_to_side_loudness_range": 13.460121154785156,
      "side_mean": -30.537891387939453
    },
    {
      "high_freq": 2549.74365234375,
      "loudness": -28.86421012878418,
      "loudness_range": 23.240407943725586,
      "low_freq": 1457.5709228515625,
      "mid_mean": -26.596410751342773,
      "mid_to_side_loudness": -5.775689125061035,
      "mid_to_side_loudness_range": 13.346654891967773,
      "side_mean": -32.64708709716797
    },
    {
      "high_freq": 4349.24462890625,
      "loudness": -32.397891998291016,
      "loudness_range": 22.001811981201172,
      "low_freq": 2549.74365234375,
      "mid_mean": -29.867250442504883,
      "mid_to_side_loudness": -7.106599807739258,
      "mid_to_side_loudness_range": 14.649801254272461,
      "side_mean": -37.30028533935547
    },
    {
      "high_freq": 7314.1640625,
      "loudness": -39.448997497558594,
      "loudness_range": 29.605100631713867,
      "low_freq": 4349.24462890625,
      "mid_mean": -37.096893310546875,
      "mid_to_side_loudness": -8.113080978393555,
      "mid_to_side_loudness_range": 15.667511940002441,
      "side_mean": -46.415714263916016
    },
    {
      "high_freq": 12199.2666015625,
      "loudness": -45.66985321044922,
      "loudness_range": 31.96539878845215,
      "low_freq": 7314.1640625,
      "mid_mean": -43.42012405395508,
      "mid_to_side_loudness": -8.639345169067383,
      "mid_to_side_loudness_range": 16.788137435913086,
      "side_mean": -54.332847595214844
    },
    {
      "loudness": -55.77347946166992,
      "loudness_range": 34.529319763183594,
      "low_freq": 12199.2666015625,
      "mid_mean": -56.3577995300293,
      "mid_to_side_loudness": -8.471726417541504,
      "mid_to_side_loudness_range": 16.868074417114258,
      "side_mean": -63.030601501464844
    }
  ],
  "bandwidth": 784.5037231445312,
  "channels": 2,
  "covariance": [
    [
      82.22118377685547,
      76.1341323852539,
      22.104127883911133,
      23.05181884765625,
      35.02360153198242,
      39.10673141479492,
      36.60221481323242,
      36.42703628540039,
      37.20600128173828,
      35.130340576171875,
      34.37915802001953,
      29.546527862548828,
      45.8978385925293,
      47.31778335571289,
      39.99408721923828,
      57.01654052734375,
      52.89842224121094,
      57.63777160644531
    ],
    [
      76.1341323852539,
      92.42352294921875,
      17.29438018798828,
      23.007814407348633,
      32.15046691894531,
      40.490177154541016,
      34.43378829956055,
      35.69956970214844,
      38.92024230957031,
      39.01780319213867,
      35.10049057006836,
      32.749080657958984,
      48.551334381103516,
      54.808494567871094,
      39.45359802246094,
      65.06192016601562,
      46.31416320800781,
      63.402252197265625
    ],
    [
      22.104127883911133,
      17.29438018798828,
      19.192861557006836,
      13.35104751586914,
      18.296852111816406,
      16.35346221923828,
      16.2486515045166,
      12.538058280944824,
      14.698790550231934,
      9.686697006225586,
      14.00650405883789,
      9.497735023498535,
      16.466758728027344,
      13.284507751464844,
      15.319314002990723,
      16.450481414794922,
      23.398223876953125,
      13.166449546813965
    ],
    [
      23.05181884765625,
      23.007814407348633,
      13.35104751586914,
      19.543712615966797,
      14.61358642578125,
      20.034170150756836,
      10.198987007141113,
      12.596362113952637,
      10.575197219848633,
      12.12490177154541,
      8.216423034667969,
      10.08767318725586,
      10.157157897949219,
      13.316227912902832,
      11.379072189331055,
      18.190486907958984,
      15.378767013549805,
      15.886248588562012
    ],
    [
      35.02360153198242,
      32.15046691894531,
      18.296852111816406,
      14.61358642578125,
      37.5068473815918,
      33.22323226928711,
      34.03957748413086,
      29.059152603149414,
      34.67859649658203,
      27.92345428466797,
      31.18685531616211,
      24.410802841186523,
      34.6424560546875,
      31.516948699951172,
      24.0883846282959,
      30.229663848876953,
      34.0064697265625,
      26.88457679748535
    ],
    [
      39.10673141479492,
      40.490177154541016,
      16.35346221923828,
      20.034170150756836,
      33.22323226928711,
      43.29746627807617,
      29.13421630859375,
      32.31083679199219,
      29.71129608154297,
      32.33964157104492,
      25.523441314697266,
      26.788410186767578,
      29.95179557800293,
      35.16436767578125,
      24.061004638671875,
      36.67120361328125,
      30.796125411987305,
      32.46412658691406
    ],
    [
      36.60221481323242,
      34.43378829956055,
      16.2486515045166,
      10.198987007141113,
      34.03957748413086,
      29.13421630859375,
      47.26326370239258,
      39.5211296081543,
      39.892398834228516,
      31.834388732910156,
      38.652286529541016,
      31.009624481201172,
      42.94171905517578,
      39.89720153808594,
      29.583236694335938,
      38.77054977416992,
      41.746437072753906,
      36.2064208984375
    ],
    [
      36.42703628540039,
      35.69956970214844,
      12.538058280944824,
      12.596362113952637,
      29.059152603149414,
      32.31083679199219,
      39.5211296081543,
      45.23222732543945,
      33.266746520996094,
      35.94197082519531,
      30.644800186157227,
      33.527801513671875,
      34.08748245239258,
      40.629825592041016,
      24.512351989746094,
      38.50236129760742,
      33.840476989746094,
      36.754337310791016
    ],
    [
      37.20600128173828,
      38.92024230957031,
      14.698790550231934,
      10.575197219848633,
      34.67859649658203,
      29.71129608154297,
      39.892398834228516,
      33.266746520996094,
      51.76333999633789,
      43.49683380126953,
      45.10334014892578,
      38.19805908203125,
      53.952598571777344,
      53.849212646484375,
      34.65927505493164,
      47.96379852294922,
      42.14569854736328,
      39.96088790893555
    ],
    [
      35.130340576171875,
      39.01780319213867,
      9.686697006225586,
      12.12490177154541,
      27.92345428466797,
      32.33964157104492,
      31.834388732910156,
      35.94197082519531,
      43.49683380126953,
      50.04610824584961,
      36.59379196166992,
      42.21485900878906,
      44.96371078491211,
      57.28811264038086,
      30.374773025512695,
      49.57655334472656,
      34.80693817138672,
      41.23268508911133
    ],
    [
      34.37915802001953,
      35.10049057006836,
      14.00650405883789,
      8.216423034667969,
      31.18685531616211,
      25.523441314697266,
      38.652286529541016,
      30.644800186157227,
      45.10334014892578,
      36.59379196166992,
      45.69506072998047,
      36.333370208740234,
      55.28041458129883,
      52.3388557434082,
      36.937747955322266,
      47.560150146484375,
      43.60628890991211,
      38.552249908447266
    ],
    [
      29.546527862548828,
      32.749080657958984,
      9.497735023498535,
      10.08767318725586,
      24.410802841186523,
      26.788410186767578,
      31.009624481201172,
      33.527801513671875,
      38.19805908203125,
      42.21485900878906,
      36.333370208740234,
      43.45939254760742,
      44.877071380615234,
      57.35001754760742,
      30.45716094970703,
      48.21695327758789,
      33.122562408447266,
      37.30095291137695
    ],
    [
      45.8978385925293,
      48.551334381103516,
      16.466758728027344,
      10.157157897949219,
      34.6424560546875,
      29.95179557800293,
      42.94171905517578,
      34.08748245239258,
      53.952598571777344,
      44.96371078491211,
      55.28041458129883,
      44.877071380615234,
      80.78077697753906,
      75.3844985961914,
      59.57743453979492,
      74.68525695800781,
      66.01892852783203,
      60.915130615234375
    ],
    [
      47.31778335571289,
      54.808494567871094,
      13.284507751464844,
      13.316227912902832,
      31.516948699951172,
      35.16436767578125,
      39.89720153808594,
      40.629825592041016,
      53.849212646484375,
      57.28811264038086,
      52.3388557434082,
      57.35001754760742,
      75.3844985961914,
      94.19529724121094,
      55.93377685546875,
      88.03234100341797,
      58.637672424316406,
      70.01983642578125
    ],
    [
      39.99408721923828,
      39.45359802246094,
      15.319314002990723,
      11.379072189331055,
      24.0883846282959,
      24.061004638671875,
      29.583236694335938,
      24.512351989746094,
      34.65927505493164,
      30.374773025512695,
      36.937747955322266,
      30.45716094970703,
      59.57743453979492,
      55.93377685546875,
      68.557861328125,
      71.54725646972656,
      71.4703369140625,
      65.04132080078125
    ],
    [
      57.01654052734375,
      65.06192016601562,
      16.450481414794922,
      18.190486907958984,
      30.229663848876953,
      36.67120361328125,
      38.77054977416992,
      38.50236129760742,
      47.96379852294922,
      49.57655334472656,
      47.560150146484375,
      48.21695327758789,
      74.68525695800781,
      88.03234100341797,
      71.54725646972656,
      127.98249816894531,
      100.54894256591797,
      102.37659454345703
    ],
    [
      52.89842224121094,
      46.31416320800781,
      23.398223876953125,
      15.378767013549805,
      34.0064697265625,
      30.796125411987305,
      41.746437072753906,
      33.840476989746094,
      42.14569854736328,
      34.80693817138672,
      43.60628890991211,
      33.122562408447266,
      66.01892852783203,
      58.637672424316406,
      71.4703369140625,
      100.54894256591797,
      119.73711395263672,
      85.9285659790039
    ],
    [
      57.63777160644531,
      63.402252197265625,
      13.166449546813965,
      15.886248588562012,
      26.88457679748535,
      32.46412658691406,
      36.2064208984375,
      36.754337310791016,
      39.96088790893555,
      41.23268508911133,
      38.552249908447266,
      37.30095291137695,
      60.915130615234375,
      70.01983642578125,
      65.04132080078125,
      102.37659454345703,
      85.9285659790039,
      100.88925170898438
    ]
  ],
  "covariance_short": [
    [
      100.0920639038086,
      72.79536437988281,
      29.15618896484375,
      21.99252700805664,
      34.665775299072266,
      35.581260681152344,
      35.27460479736328,
      32.399940490722656,
      33.735382080078125,
      31.2052059173584,
      33.37790298461914,
      27.98873519897461,
      41.46479415893555,
      44.140506744384766,
      44.25992965698242,
      47.5034065246582,
      53.778541564941406,
      45.355464935302734
    ],
    [
      72.79536437988281,
      98.55076599121094,
      20.25166130065918,
      23.581769943237305,
      28.68332862854004,
      34.5359001159668,
      30.169614791870117,
      30.07207489013672,
      32.14541244506836,
      33.24318313598633,
      30.71754264831543,
      29.363658905029297,
      44.5230827331543,
      49.03968048095703,
      43.60646057128906,
      52.017372131347656,
      48.03894805908203,
      47.58427047729492
    ],
    [
      29.15618896484375,
      20.25166130065918,
      36.29616165161133,
      16.68988037109375,
      29.502988815307617,
      21.75343894958496,
      27.27729606628418,
      18.954675674438477,
      25.261367797851562,
      15.93846321105957,
      26.081998825073242,
      15.837823867797852,
      26.718385696411133,
      22.78134536743164,
      30.852628707885742,
      24.457904815673828,
      35.75246810913086,
      17.900402069091797
    ],
    [
      21.99252700805664,
      23.581769943237305,
      16.68988037109375,
      25.415781021118164,
      16.77341079711914,
      22.326751708984375,
      13.859953880310059,
      15.532520294189453,
      12.929057121276855,
      14.907709121704102,
      11.292227745056152,
      13.194357872009277,
      14.944578170776367,
      18.237394332885742,
      16.653709411621094,
      20.821359634399414,
      17.736888885498047,
      16.661523818969727
    ],
    [
      34.665775299072266,
      28.68332862854004,
      29.502988815307617,
      16.77341079711914,
      52.364864349365234,
      35.84586715698242,
      43.565269470214844,
      31.92913818359375,
      43.84542465209961,
      31.00601577758789,
      43.704566955566406,
      28.152355194091797,
      44.14328384399414,
      37.03752136230469,
      41.8440055847168,
      33.24424362182617,
      45.56262969970703,
      24.61900520324707
    ],
    [
      35.581260681152344,
      34.5359001159668,
      21.75343894958496,
      22.326751708984375,
      35.84586715698242,
      45.09822082519531,
      31.200159072875977,
      32.034507751464844,
      30.51961898803711,
      32.047889709472656,
      27.7993106842041,
      26.5640926361084,
      30.29773712158203,
      34.22270965576172,
      29.370813369750977,
      33.281620025634766,
      32.381690979003906,
      25.785655975341797
    ],
    [
      35.27460479736328,
      30.169614791870117,
      27.27729606628418,
      13.859953880310059,
      43.565269470214844,
      31.200159072875977,
      64.8509521484375,
      46.34101867675781,
      55.86748504638672,
      40.48534393310547,
      56.10945129394531,
      38.24821853637695,
      56.68838882446289,
      49.60513687133789,
      50.111244201660156,
      41.86448669433594,
      58.02328872680664,
      34.1595344543457
    ],
    [
      32.399940490722656,
      30.07207489013672,
      18.954675674438477,
      15.532520294189453,
      31.92913818359375,
      32.034507751464844,
      46.34101867675781,
      50.96762466430664,
      40.728431701660156,
      40.549644470214844,
      38.906246185302734,
      37.8073844909668,
      39.90678024291992,
      45.25612258911133,
      34.01323318481445,
      37.04347229003906,
      40.86845016479492,
      31.008882522583008
    ],
    [
      33.735382080078125,
      32.14541244506836,
      25.261367797851562,
      12.929057121276855,
      43.84542465209961,
      30.51961898803711,
      55.86748504638672,
      40.728431701660156,
      71.26068115234375,
      51.39201354980469,
      64.04241180419922,
      45.49079132080078,
      69.2253189086914,
      63.27141189575195,
      57.9038200378418,
      50.578758239746094,
      61.07659912109375,
      36.96806716918945
    ],
    [
      31.2052059173584,
      33.24318313598633,
      15.93846321105957,
      14.907709121704102,
      31.00601577758789,
      32.047889709472656,
      40.48534393310547,
      40.549644470214844,
      51.39201354980469,
      56.187442779541016,
      45.13114547729492,
      46.292327880859375,
      51.50722885131836,
      62.14191818237305,
      41.37510681152344,
      49.197322845458984,
      44.09418487548828,
      35.647979736328125
    ],
    [
      33.37790298461914,
      30.71754264831543,
      26.081998825073242,
      11.292227745056152,
      43.704566955566406,
      27.7993106842041,
      56.10945129394531,
      38.906246185302734,
      64.04241180419922,
      45.13114547729492,
      69.69830322265625,
      45.60611343383789,
      73.67169952392578,
      63.25518035888672,
      65.18148040771484,
      53.690311431884766,
      68.08085632324219,
      39.149959564208984
    ],
    [
      27.98873519897461,
      29.363658905029297,
      15.837823867797852,
      13.194357872009277,
      28.152355194091797,
      26.5640926361084,
      38.24821853637695,
      37.8073844909668,
      45.49079132080078,
      46.292327880859375,
      45.60611343383789,
      49.959205627441406,
      51.58736801147461,
      63.173011779785156,
      44.111900329589844,
      51.011131286621094,
      44.698036193847656,
      35.65557098388672
    ],
    [
      41.46479415893555,
      44.5230827331543,
      26.718385696411133,
      14.944578170776367,
      44.14328384399414,
      30.29773712158203,
      56.68838882446289,
      39.90678024291992,
      69.2253189086914,
      51.50722885131836,
      73.67169952392578,
      51.58736801147461,
      110.68318176269531,
      85.78485107421875,
      102.56364440917969,
      81.39777374267578,
      99.26302337646484,
      62.881343841552734
    ],
    [
      44.140506744384766,
      49.03968048095703,
      22.78134536743164,
      18.237394332885742,
      37.03752136230469,
      34.22270965576172,
      49.60513687133789,
      45.25612258911133,
      63.27141189575195,
      62.14191818237305,
      63.25518035888672,
      63.173011779785156,
      85.78485107421875,
      103.21308135986328,
      80.43132781982422,
      92.39312744140625,
      80.08120727539062,
      66.53633880615234
    ],
    [
      44.25992965698242,
      43.60646057128906,
      30.852628707885742,
      16.653709411621094,
      41.8440055847168,
      29.370813369750977,
      50.111244201660156,
      34.01323318481445,
      57.9038200378418,
      41.37510681152344,
      65.18148040771484,
      44.111900329589844,
      102.56364440917969,
      80.43132781982422,
      125.98914337158203,
      95.95836639404297,
      121.46542358398438,
      76.78271484375
    ],
    [
      47.5034065246582,
      52.017372131347656,
      24.457904815673828,
      20.821359634399414,
      33.24424362182617,
      33.281620025634766,
      41.86448669433594,
      37.04347229003906,
      50.578758239746094,
      49.197322845458984,
      53.690311431884766,
      51.011131286621094,
      81.39777374267578,
      92.39312744140625,
      95.95836639404297,
      120.44860076904297,
      107.0676498413086,
      87.38765716552734
    ],
    [
      53.778541564941406,
      48.03894805908203,
      35.75246810913086,
      17.736888885498047,
      45.56262969970703,
      32.381690979003906,
      58.02328872680664,
      40.86845016479492,
      61.07659912109375,
      44.09418487548828,
      68.08085632324219,
      44.698036193847656,
      99.26302337646484,
      80.08120727539062,
      121.46542358398438,
      107.0676498413086,
      143.89955139160156,
      89.0948257446289
    ],
    [
      45.355464935302734,
      47.58427047729492,
      17.900402069091797,
      16.661523818969727,
      24.61900520324707,
      25.785655975341797,
      34.1595344543457,
      31.008882522583008,
      36.96806716918945,
      35.647979736328125,
      39.149959564208984,
      35.65557098388672,
      62.881343841552734,
      66.53633880615234,
      76.78271484375,
      87.38765716552734,
      89.0948257446289,
      82.1849365234375
    ]
  ],
  "damage": -9.573864936828613,
  "diff_bandwidth": 833.9512329101562,
  "dissonance": 7.88525693980704,
  "drr": 8.390809059143066,
  "dynamics": 4.693411827087402,
  "format": 1245190,
  "frames": 4081600,
  "loudness": -14.876007080078125,
  "loudness_range": 12.458300590515137,
  "loudness_range_short": 15.9791259765625,
  "lowpass_true_peak_15khz": -0.24200208485126495,
  "mastering3_acoustic_entropies": [
    {
      "acoustic_entropy": 6.802537441253662,
      "acoustic_entropy_mono": 6.4570183753967285,
      "band_eliminated_acoustic_entropies": [
        {
          "acoustic_entropy": 6.800346374511719,
          "acoustic_entropy_side": 6.8052215576171875,
          "hz": 129.47220167065723
        },
        {
          "acoustic_entropy": 6.753744602203369,
          "acoustic_entropy_side": 6.810126781463623,
          "hz": 202.92927478742237
        },
        {
          "acoustic_entropy": 6.503608703613281,
          "acoustic_entropy_side": 6.799724578857422,
          "hz": 282.89161906338205
        },
        {
          "acoustic_entropy": 6.229740619659424,
          "acoustic_entropy_side": 6.646410942077637,
          "hz": 369.9353335868758
        },
        {
          "acoustic_entropy": 6.379300117492676,
          "acoustic_entropy_side": 6.683012008666992,
          "hz": 464.6875360973435
        },
        {
          "acoustic_entropy": 7.192788600921631,
          "acoustic_entropy_side": 6.973970413208008,
          "hz": 567.8308811364784
        },
        {
          "acoustic_entropy": 6.673752784729004,
          "acoustic_entropy_side": 6.699131011962891,
          "hz": 680.1084783214808
        },
        {
          "acoustic_entropy": 6.842929363250732,
          "acoustic_entropy_side": 6.817385673522949,
          "hz": 802.3292461747484
        },
        {
          "acoustic_entropy": 6.900811195373535,
          "acoustic_entropy_side": 6.692354679107666,
          "hz": 935.3737400823702
        },
        {
          "acoustic_entropy": 6.562735557556152,
          "acoustic_entropy_side": 6.636937141418457,
          "hz": 1080.2004963696966
        },
        {
          "acoustic_entropy": 6.258355617523193,
          "acoustic_entropy_side": 6.616995334625244,
          "hz": 1237.8529382007157
        },
        {
          "acoustic_entropy": 6.187901973724365,
          "acoustic_entropy_side": 6.936346054077148,
          "hz": 1409.4668930556702
        },
        {
          "acoustic_entropy": 6.228076457977295,
          "acoustic_entropy_side": 6.545397758483887,
          "hz": 1596.2787759475705
        },
        {
          "acoustic_entropy": 6.794604778289795,
          "acoustic_entropy_side": 6.60152530670166,
          "hz": 1799.6344973346393
        },
        {
          "acoustic_entropy": 6.256438255310059,
          "acoustic_entropy_side": 6.589869976043701,
          "hz": 2020.9991599069049
        },
        {
          "acoustic_entropy": 6.456002235412598,
          "acoustic_entropy_side": 6.516337871551514,
          "hz": 2261.9676141086993
        },
        {
          "acoustic_entropy": 6.624049186706543,
          "acoustic_entropy_side": 6.66276741027832,
          "hz": 2524.2759484456974
        },
        {
          "acoustic_entropy": 6.601016521453857,
          "acoustic_entropy_side": 6.851044654846191,
          "hz": 2809.813997359896
        },
        {
          "acoustic_entropy": 6.771453380584717,
          "acoustic_entropy_side": 6.788229942321777,
          "hz": 3120.6389567871424
        },
        {
          "acoustic_entropy": 6.699251174926758,
          "acoustic_entropy_side": 6.75702428817749,
          "hz": 3458.990205492291
        },
        {
          "acoustic_entropy": 6.5691704750061035,
          "acoustic_entropy_side": 6.7169084548950195,
          "hz": 3827.305438964164
        },
        {
          "acoustic_entropy": 6.748655796051025,
          "acoustic_entropy_side": 6.777424335479736,
          "hz": 4228.238232109126
        },
        {
          "acoustic_entropy": 6.763219833374023,
          "acoustic_entropy_side": 6.7993364334106445,
          "hz": 4664.6771572759235
        },
        {
          "acoustic_entropy": 6.745421409606934,
          "acoustic_entropy_side": 6.804154872894287,
          "hz": 5139.766595350093
        },
        {
          "acoustic_entropy": 6.874636650085449,
          "acoustic_entropy_side": 6.812078952789307,
          "hz": 5656.929389854203
        },
        {
          "acoustic_entropy": 6.8703389167785645,
          "acoustic_entropy_side": 6.810957431793213,
          "hz": 6219.891507268283
        },
        {
          "acoustic_entropy": 6.897502422332764,
          "acoustic_entropy_side": 6.812903881072998,
          "hz": 6832.70888123896
        },
        {
          "acoustic_entropy": 6.9556779861450195,
          "acoustic_entropy_side": 6.821006774902344,
          "hz": 7499.796634079867
        },
        {
          "acoustic_entropy": 6.906325340270996,
          "acoustic_entropy_side": 6.81395149230957,
          "hz": 8225.96088609342
        },
        {
          "acoustic_entropy": 6.862218856811523,
          "acoustic_entropy_side": 6.810172080993652,
          "hz": 9016.43338188839
        },
        {
          "acoustic_entropy": 6.804831027984619,
          "acoustic_entropy_side": 6.806804180145264,
          "hz": 9876.909183162974
        },
        {
          "acoustic_entropy": 6.737854957580566,
          "acoustic_entropy_side": 6.801660537719727,
          "hz": 10813.587699516042
        },
        {
          "acoustic_entropy": 6.703251361846924,
          "acoustic_entropy_side": 6.800022602081299,
          "hz": 11833.21735289826
        },
        {
          "acoustic_entropy": 6.65162467956543,
          "acoustic_entropy_side": 6.798998832702637,
          "hz": 12943.144197493959
        },
        {
          "acoustic_entropy": 6.672879695892334,
          "acoustic_entropy_side": 6.802713394165039,
          "hz": 14151.364845322005
        },
        {
          "acoustic_entropy": 6.771821975708008,
          "acoustic_entropy_side": 6.806544780731201,
          "hz": 15466.58407886509
        },
        {
          "acoustic_entropy": 6.805480480194092,
          "acoustic_entropy_side": 6.804229736328125,
          "hz": 16898.27756580493
        },
        {
          "acoustic_entropy": 6.807329177856445,
          "acoustic_entropy_side": 6.803567886352539,
          "hz": 18456.760127700032
        },
        {
          "acoustic_entropy": 6.804997444152832,
          "acoustic_entropy_side": 6.803685188293457,
          "hz": 20153.260054456492
        },
        {
          "acoustic_entropy": 6.8028764724731445,
          "acoustic_entropy_side": 6.80271053314209,
          "hz": 22000.00000000001
        }
      ],
      "diff_acoustic_entropy": 5.081506252288818,
      "sn": 6
    },
    {
      "acoustic_entropy": 10.788103103637695,
      "acoustic_entropy_mono": 9.92238998413086,
      "band_eliminated_acoustic_entropies": [
        {
          "acoustic_entropy": 10.887147903442383,
          "acoustic_entropy_side": 10.77267837524414,
          "hz": 129.47220167065723
        },
        {
          "acoustic_entropy": 10.222729682922363,
          "acoustic_entropy_side": 10.9667387008667,
          "hz": 202.92927478742237
        },
        {
          "acoustic_entropy": 11.007283210754395,
          "acoustic_entropy_side": 10.779047966003418,
          "hz": 282.89161906338205
        },
        {
          "acoustic_entropy": 10.44024658203125,
          "acoustic_entropy_side": 10.999300003051758,
          "hz": 369.9353335868758
        },
        {
          "acoustic_entropy": 11.067422866821289,
          "acoustic_entropy_side": 10.79456901550293,
          "hz": 464.6875360973435
        },
        {
          "acoustic_entropy": 10.424827575683594,
          "acoustic_entropy_side": 10.171622276306152,
          "hz": 567.8308811364784
        },
        {
          "acoustic_entropy": 10.782593727111816,
          "acoustic_entropy_side": 11.360535621643066,
          "hz": 680.1084783214808
        },
        {
          "acoustic_entropy": 10.940964698791504,
          "acoustic_entropy_side": 10.609356880187988,
          "hz": 802.3292461747484
        },
        {
          "acoustic_entropy": 11.54505729675293,
          "acoustic_entropy_side": 11.320042610168457,
          "hz": 935.3737400823702
        },
        {
          "acoustic_entropy": 11.457132339477539,
          "acoustic_entropy_side": 10.441906929016113,
          "hz": 1080.2004963696966
        },
        {
          "acoustic_entropy": 11.002976417541504,
          "acoustic_entropy_side": 10.699101448059082,
          "hz": 1237.8529382007157
        },
        {
          "acoustic_entropy": 10.657614707946777,
          "acoustic_entropy_side": 10.906224250793457,
          "hz": 1409.4668930556702
        },
        {
          "acoustic_entropy": 11.148200035095215,
          "acoustic_entropy_side": 10.90157413482666,
          "hz": 1596.2787759475705
        },
        {
          "acoustic_entropy": 12.112327575683594,
          "acoustic_entropy_side": 11.218202590942383,
          "hz": 1799.6344973346393
        },
        {
          "acoustic_entropy": 10.600484848022461,
          "acoustic_entropy_side": 10.641435623168945,
          "hz": 2020.9991599069049
        },
        {
          "acoustic_entropy": 10.54312801361084,
          "acoustic_entropy_side": 10.96822452545166,
          "hz": 2261.9676141086993
        },
        {
          "acoustic_entropy": 10.718432426452637,
          "acoustic_entropy_side": 10.834352493286133,
          "hz": 2524.2759484456974
        },
        {
          "acoustic_entropy": 10.667490005493164,
          "acoustic_entropy_side": 10.846385955810547,
          "hz": 2809.813997359896
        },
        {
          "acoustic_entropy": 11.02977466583252,
          "acoustic_entropy_side": 10.862387657165527,
          "hz": 3120.6389567871424
        },
        {
          "acoustic_entropy": 10.646883964538574,
          "acoustic_entropy_side": 10.946904182434082,
          "hz": 3458.990205492291
        },
        {
          "acoustic_entropy": 10.593303680419922,
          "acoustic_entropy_side": 10.620681762695312,
          "hz": 3827.305438964164
        },
        {
          "acoustic_entropy": 10.732353210449219,
          "acoustic_entropy_side": 10.767875671386719,
          "hz": 4228.238232109126
        },
        {
          "acoustic_entropy": 10.714631080627441,
          "acoustic_entropy_side": 10.743017196655273,
          "hz": 4664.6771572759235
        },
        {
          "acoustic_entropy": 10.703397750854492,
          "acoustic_entropy_side": 10.80659294128418,
          "hz": 5139.766595350093
        },
        {
          "acoustic_entropy": 10.656962394714355,
          "acoustic_entropy_side": 10.795469284057617,
          "hz": 5656.929389854203
        },
        {
          "acoustic_entropy": 10.637327194213867,
          "acoustic_entropy_side": 10.769634246826172,
          "hz": 6219.891507268283
        },
        {
          "acoustic_entropy": 10.635075569152832,
          "acoustic_entropy_side": 10.763081550598145,
          "hz": 6832.70888123896
        },
        {
          "acoustic_entropy": 10.587910652160645,
          "acoustic_entropy_side": 10.745152473449707,
          "hz": 7499.796634079867
        },
        {
          "acoustic_entropy": 10.674189567565918,
          "acoustic_entropy_side": 10.769081115722656,
          "hz": 8225.96088609342
        },
        {
          "acoustic_entropy": 10.683080673217773,
          "acoustic_entropy_side": 10.753372192382812,
          "hz": 9016.43338188839
        },
        {
          "acoustic_entropy": 10.756158828735352,
          "acoustic_entropy_side": 10.747450828552246,
          "hz": 9876.909183162974
        },
        {
          "acoustic_entropy": 10.829763412475586,
          "acoustic_entropy_side": 10.755538940429688,
          "hz": 10813.587699516042
        },
        {
          "acoustic_entropy": 10.911820411682129,
          "acoustic_entropy_side": 10.753702163696289,
          "hz": 11833.21735289826
        },
        {
          "acoustic_entropy": 10.899415969848633,
          "acoustic_entropy_side": 10.759210586547852,
          "hz": 12943.144197493959
        },
        {
          "acoustic_entropy": 10.809572219848633,
          "acoustic_entropy_side": 10.786433219909668,
          "hz": 14151.364845322005
        },
        {
          "acoustic_entropy": 10.794136047363281,
          "acoustic_entropy_side": 10.791199684143066,
          "hz": 15466.58407886509
        },
        {
          "acoustic_entropy": 10.797524452209473,
          "acoustic_entropy_side": 10.792333602905273,
          "hz": 16898.27756580493
        },
        {
          "acoustic_entropy": 10.797165870666504,
          "acoustic_entropy_side": 10.791232109069824,
          "hz": 18456.760127700032
        },
        {
          "acoustic_entropy": 10.801182746887207,
          "acoustic_entropy_side": 10.791918754577637,
          "hz": 20153.260054456492
        },
        {
          "acoustic_entropy": 10.793856620788574,
          "acoustic_entropy_side": 10.788273811340332,
          "hz": 22000.00000000001
        }
      ],
      "diff_acoustic_entropy": 8.26735782623291,
      "sn": 12
    },
    {
      "acoustic_entropy": 15.393094062805176,
      "acoustic_entropy_mono": 14.308578491210938,
      "band_eliminated_acoustic_entropies": [
        {
          "acoustic_entropy": 15.75220775604248,
          "acoustic_entropy_side": 15.407206535339355,
          "hz": 129.47220167065723
        },
        {
          "acoustic_entropy": 15.821372985839844,
          "acoustic_entropy_side": 16.088396072387695,
          "hz": 202.92927478742237
        },
        {
          "acoustic_entropy": 15.015800476074219,
          "acoustic_entropy_side": 15.034518241882324,
          "hz": 282.89161906338205
        },
        {
          "acoustic_entropy": 15.209549903869629,
          "acoustic_entropy_side": 14.976995468139648,
          "hz": 369.9353335868758
        },
        {
          "acoustic_entropy": 16.12075424194336,
          "acoustic_entropy_side": 16.192232131958008,
          "hz": 464.6875360973435
        },
        {
          "acoustic_entropy": 14.870485305786133,
          "acoustic_entropy_side": 15.220308303833008,
          "hz": 567.8308811364784
        },
        {
          "acoustic_entropy": 15.579048156738281,
          "acoustic_entropy_side": 15.730949401855469,
          "hz": 680.1084783214808
        },
        {
          "acoustic_entropy": 15.891860008239746,
          "acoustic_entropy_side": 15.471327781677246,
          "hz": 802.3292461747484
        },
        {
          "acoustic_entropy": 15.849076271057129,
          "acoustic_entropy_side": 15.67133903503418,
          "hz": 935.3737400823702
        },
        {
          "acoustic_entropy": 15.720149040222168,
          "acoustic_entropy_side": 15.148021697998047,
          "hz": 1080.2004963696966
        },
        {
          "acoustic_entropy": 15.916197776794434,
          "acoustic_entropy_side": 15.774137496948242,
          "hz": 1237.8529382007157
        },
        {
          "acoustic_entropy": 15.303997993469238,
          "acoustic_entropy_side": 15.4740571975708,
          "hz": 1409.4668930556702
        },
        {
          "acoustic_entropy": 16.08041000366211,
          "acoustic_entropy_side": 16.09880828857422,
          "hz": 1596.2787759475705
        },
        {
          "acoustic_entropy": 16.00597381591797,
          "acoustic_entropy_side": 16.0872859954834,
          "hz": 1799.6344973346393
        },
        {
          "acoustic_entropy": 15.027920722961426,
          "acoustic_entropy_side": 15.160587310791016,
          "hz": 2020.9991599069049
        },
        {
          "acoustic_entropy": 15.430746078491211,
          "acoustic_entropy_side": 15.840996742248535,
          "hz": 2261.9676141086993
        },
        {
          "acoustic_entropy": 15.769190788269043,
          "acoustic_entropy_side": 15.676911354064941,
          "hz": 2524.2759484456974
        },
        {
          "acoustic_entropy": 15.762739181518555,
          "acoustic_entropy_side": 15.710851669311523,
          "hz": 2809.813997359896
        },
        {
          "acoustic_entropy": 15.47304630279541,
          "acoustic_entropy_side": 15.59503173828125,
          "hz": 3120.6389567871424
        },
        {
