{
  "acoustic_entropy": 207.33888244628906,
  "bands": [
    {
      "high_freq": 148.1999969482422,
      "loudness": -30.17961311340332,
      "loudness_range": 25.91948699951172,
      "mid_mean": -26.949871063232422,
      "mid_to_side_loudness": -10.354364395141602,
      "mid_to_side_loudness_range": 16.727737426757812,
      "side_mean": -39.006595611572266
    },
    {
      "high_freq": 392.3793640136719,
      "loudness": -26.709997177124023,
      "loudness_range": 18.229732513427734,
      "low_freq": 148.1999969482422,
      "mid_mean": -24.020566940307617,
      "mid_to_side_loudness": -6.783710479736328,
      "mid_to_side_loudness_range": 13.629083633422852,
      "side_mean": -31.092918395996094
    },
    {
      "high_freq": 794.6976318359375,
      "loudness": -25.551677703857422,
      "loudness_range": 20.078954696655273,
      "low_freq": 392.3793640136719,
      "mid_mean": -23.090953826904297,
      "mid_to_side_loudness": -6.200333118438721,
      "mid_to_side_loudness_range": 13.44521713256836,
      "side_mean": -29.34954071044922
    },
    {
      "high_freq": 1457.5709228515625,
      "loudness": -25.482547760009766,
      "loudness_range": 26.432777404785156,
      "low_freq": 794.6976318359375,
      "mid_mean": -22.57600975036621,
      "mid_to_side_loudness": -8.223410606384277,
      "mid_to_side_loudness_range": 15.391355514526367,
      "side_mean": -31.735551834106445
    },
    {
      "high_freq": 2549.74365234375,
      "loudness": -27.980506896972656,
      "loudness_range": 27.5703067779541,
      "low_freq": 1457.5709228515625,
      "mid_mean": -24.977895736694336,
      "mid_to_side_loudness": -8.193872451782227,
      "mid_to_side_loudness_range": 13.512883186340332,
      "side_mean": -33.9993782043457
    },
    {
      "high_freq": 4349.24462890625,
      "loudness": -30.383604049682617,
      "loudness_range": 25.95240592956543,
      "low_freq": 2549.74365234375,
      "mid_mean": -27.407760620117188,
      "mid_to_side_loudness": -9.143376350402832,
      "mid_to_side_loudness_range": 14.250978469848633,
      "side_mean": -36.680320739746094
    },
    {
      "high_freq": 7314.1640625,
      "loudness": -36.04616928100586,
      "loudness_range": 27.230140686035156,
      "low_freq": 4349.24462890625,
      "mid_mean": -33.16078567504883,
      "mid_to_side_loudness": -9.452899932861328,
      "mid_to_side_loudness_range": 14.5947265625,
      "side_mean": -43.28540802001953
    },
    {
      "high_freq": 12199.2666015625,
      "loudness": -38.42141342163086,
      "loudness_range": 25.61064338684082,
      "low_freq": 7314.1640625,
      "mid_mean": -35.53814697265625,
      "mid_to_side_loudness": -10.56290054321289,
      "mid_to_side_loudness_range": 17.41753387451172,
      "side_mean": -47.86350631713867
    },
    {
      "loudness": -47.90549087524414,
      "loudness_range": 33.1796875,
      "low_freq": 12199.2666015625,
      "mid_mean": -44.839439392089844,
      "mid_to_side_loudness": -8.706390380859375,
      "mid_to_side_loudness_range": 14.894461631774902,
      "side_mean": -54.121116638183594
    }
  ],
  "bands_short": [
    {
      "high_freq": 148.1999969482422,
      "loudness": -32.60588073730469,
      "loudness_range": 27.672056198120117,
      "mid_mean": -29.535499572753906,
      "mid_to_side_loudness": -11.126415252685547,
      "mid_to_side_loudness_range": 19.430580139160156,
      "side_mean": -43.1093864440918
    },
    {
      "high_freq": 392.3793640136719,
      "loudness": -27.09251594543457,
      "loudness_range": 20.5283145904541,
      "low_freq": 148.1999969482422,
      "mid_mean": -24.469345092773438,
      "mid_to_side_loudness": -6.610417366027832,
      "mid_to_side_loudness_range": 14.80901050567627,
      "side_mean": -31.525922775268555
    },
    {
      "high_freq": 794.6976318359375,
      "loudness": -25.8734188079834,
      "loudness_range": 21.295270919799805,
      "low_freq": 392.3793640136719,
      "mid_mean": -23.657224655151367,
      "mid_to_side_loudness": -5.60667610168457,
      "mid_to_side_loudness_range": 15.581084251403809,
      "side_mean": -29.482149124145508
    },
    {
      "high_freq": 1457.5709228515625,
      "loudness": -26.405609130859375,
      "loudness_range": 28.39373779296875,
      "low_freq": 794.6976318359375,
      "mid_mean": -23.7692928314209,
      "mid_to_side_loudness": -7.365128517150879,
      "mid_to_side_loudness_range": 17.51570701599121,
      "side_mean": -32.127079010009766
    },
    {
      "high_freq": 2549.74365234375,
      "loudness": -29.039104461669922,
      "loudness_range": 29.230506896972656,
      "low_freq": 1457.5709228515625,
      "mid_mean": -26.32094955444336,
      "mid_to_side_loudness": -7.330352306365967,
      "mid_to_side_loudness_range": 15.479331016540527,
      "side_mean": -34.436771392822266
    },
    {
      "high_freq": 4349.24462890625,
      "loudness": -30.956157684326172,
      "loudness_range": 27.536149978637695,
      "low_freq": 2549.74365234375,
      "mid_mean": -28.169885635375977,
      "mid_to_side_loudness": -8.189752578735352,
      "mid_to_side_loudness_range": 15.562591552734375,
      "side_mean": -36.88380813598633
    },
    {
      "high_freq": 7314.1640625,
      "loudness": -37.06426239013672,
      "loudness_range": 29.68311309814453,
      "low_freq": 4349.24462890625,
      "mid_mean": -34.41859436035156,
      "mid_to_side_loudness": -8.181403160095215,
      "mid_to_side_loudness_range": 15.035919189453125,
      "side_mean": -43.702392578125
    },
    {
      "high_freq": 12199.2666015625,
      "loudness": -40.005897521972656,
      "loudness_range": 28.255455017089844,
      "low_freq": 7314.1640625,
      "mid_mean": -37.391483306884766,
      "mid_to_side_loudness": -9.049481391906738,
      "mid_to_side_loudness_range": 15.528204917907715,
      "side_mean": -50.453304290771484
    },
    {
      "loudness": -51.270931243896484,
      "loudness_range": 36.71563720703125,
      "low_freq": 12199.2666015625,
      "mid_mean": -48.302581787109375,
      "mid_to_side_loudness": -7.334062576293945,
      "mid_to_side_loudness_range": 14.015894889831543,
      "side_mean": -55.47378158569336
    }
  ],
  "bandwidth": 836.8116455078125,
  "channels": 2,
  "covariance": [
    [
      86.61964416503906,
      62.6206169128418,
      30.813016891479492,
      38.7875862121582,
      29.97174072265625,
      34.593379974365234,
      33.473201751708984,
      42.50517272949219,
      42.183815002441406,
      46.850223541259766,
      38.052669525146484,
      41.732791900634766,
      42.56609344482422,
      60.38470458984375,
      39.32036209106445,
      67.16182708740234,
      55.298824310302734,
      59.800697326660156
    ],
    [
      62.6206169128418,
      77.7298812866211,
      31.060047149658203,
      41.97306442260742,
      29.092830657958984,
      36.320953369140625,
      31.833175659179688,
      40.16039276123047,
      40.415985107421875,
      45.803627014160156,
      37.1253776550293,
      43.7830696105957,
      42.630401611328125,
      59.56917190551758,
      38.52132034301758,
      65.80485534667969,
      50.95114517211914,
      58.78260040283203
    ],
    [
      30.813016891479492,
      31.060047149658203,
      45.13500213623047,
      37.381980895996094,
      33.123870849609375,
      31.4209041595459,
      24.6973819732666,
      32.903106689453125,
      30.780733108520508,
      35.91569137573242,
      29.815114974975586,
      32.18605422973633,
      29.605588912963867,
      38.169456481933594,
      24.01722526550293,
      44.076629638671875,
      38.57893371582031,
      40.810909271240234
    ],
    [
      38.7875862121582,
      41.97306442260742,
      37.381980895996094,
      54.58876037597656,
      37.483333587646484,
      43.75242233276367,
      34.024566650390625,
      44.30467224121094,
      40.91427230834961,
      48.9813117980957,
      39.09046936035156,
      44.5766487121582,
      41.79481506347656,
      54.47781753540039,
      34.8696403503418,
      57.99399948120117,
      47.652801513671875,
      53.25839614868164
    ],
    [
      29.97174072265625,
      29.092830657958984,
      33.123870849609375,
      37.483333587646484,
      55.09114456176758,
      45.04532241821289,
      47.95454788208008,
      50.208152770996094,
      52.79753875732422,
      53.745948791503906,
      47.861698150634766,
      47.86528396606445,
      42.74992370605469,
      53.35678482055664,
      32.41728973388672,
      57.94376754760742,
      45.51491165161133,
      50.31418991088867
    ],
    [
      34.593379974365234,
      36.320953369140625,
      31.4209041595459,
      43.75242233276367,
      45.04532241821289,
      58.92057418823242,
      44.310829162597656,
      56.123199462890625,
      51.74163055419922,
      60.79969024658203,
      48.216121673583984,
      57.70161056518555,
      47.767723083496094,
      63.40085983276367,
      38.820796966552734,
      65.85750579833984,
      47.08218002319336,
      55.764556884765625
    ],
    [
      33.473201751708984,
      31.833175659179688,
      24.6973819732666,
      34.024566650390625,
      47.95454788208008,
      44.310829162597656,
      88.31731414794922,
      64.26942443847656,
      75.6630630493164,
      67.15533447265625,
      61.99940490722656,
      58.428890228271484,
      55.44231033325195,
      65.75889587402344,
      42.88811111450195,
      69.48287963867188,
      54.052276611328125,
      59.72080993652344
    ],
    [
      42.50517272949219,
      40.16039276123047,
      32.903106689453125,
      44.30467224121094,
      50.208152770996094,
      56.123199462890625,
      64.26942443847656,
      80.33667755126953,
      70.21678161621094,
      77.78123474121094,
      60.88930130004883,
      68.16300201416016,
      59.14338302612305,
      77.550537109375,
      49.935184478759766,
      82.14952850341797,
      61.497188568115234,
      72.60934448242188
    ],
    [
      42.183815002441406,
      40.415985107421875,
      30.780733108520508,
      40.91427230834961,
      52.79753875732422,
      51.74163055419922,
      75.6630630493164,
      70.21678161621094,
      99.7774658203125,
      79.68152618408203,
      78.5151596069336,
      71.37726593017578,
      70.79926300048828,
      84.57149505615234,
      55.440093994140625,
      86.52989196777344,
      67.51795196533203,
      72.373291015625
    ],
    [
      46.850223541259766,
      45.803627014160156,
      35.91569137573242,
      48.9813117980957,
      53.745948791503906,
      60.79969024658203,
      67.15533447265625,
      77.78123474121094,
      79.68152618408203,
      93.13379669189453,
      69.44520568847656,
      78.7036361694336,
      68.61194610595703,
      89.2262954711914,
      57.54376220703125,
      94.57291412353516,
      71.41773986816406,
      82.7698745727539
    ],
    [
      38.052669525146484,
      37.1253776550293,
      29.815114974975586,
      39.09046936035156,
      47.861698150634766,
      48.216121673583984,
      61.99940490722656,
      60.88930130004883,
      78.5151596069336,
      69.44520568847656,
      85.07551574707031,
      67.5693359375,
      70.36727905273438,
      79.7100830078125,
      52.93830871582031,
      81.08557891845703,
      62.449562072753906,
      66.19910430908203
    ],
    [
      41.732791900634766,
      43.7830696105957,
      32.18605422973633,
      44.5766487121582,
      47.86528396606445,
      57.70161056518555,
      58.428890228271484,
      68.16300201416016,
      71.37726593017578,
      78.7036361694336,
      67.5693359375,
      89.25877380371094,
      68.06039428710938,
      93.17138671875,
      56.16889190673828,
      95.67809295654297,
      65.61251831054688,
      77.53085327148438
    ],
    [
      42.56609344482422,
      42.630401611328125,
      29.605588912963867,
      41.79481506347656,
      42.74992370605469,
      47.767723083496094,
      55.44231033325195,
      59.14338302612305,
      70.79926300048828,
      68.61194610595703,
      70.36727905273438,
      68.06039428710938,
      91.55361938476562,
      91.1252212524414,
      71.97256469726562,
      93.56324768066406,
      80.58306884765625,
      81.78862762451172
    ],
    [
      60.38470458984375,
      59.56917190551758,
      38.169456481933594,
      54.47781753540039,
      53.35678482055664,
      63.40085983276367,
      65.75889587402344,
      77.550537109375,
      84.57149505615234,
      89.2262954711914,
      79.7100830078125,
      93.17138671875,
      91.1252212524414,
      131.42599487304688,
      78.0376968383789,
      129.63836669921875,
      93.44317626953125,
      110.41710662841797
    ],
    [
      39.32036209106445,
      38.52132034301758,
      24.01722526550293,
      34.8696403503418,
      32.41728973388672,
      38.820796966552734,
      42.88811111450195,
      49.935184478759766,
      55.440093994140625,
      57.54376220703125,
      52.93830871582031,
      56.16889190673828,
      71.97256469726562,
      78.0376968383789,
      84.96702575683594,
      90.88138580322266,
      88.22640991210938,
      83.53652954101562
    ],
    [
      67.16182708740234,
      65.80485534667969,
      44.076629638671875,
      57.99399948120117,
      57.94376754760742,
      65.85750579833984,
      69.48287963867188,
      82.14952850341797,
      86.52989196777344,
      94.57291412353516,
      81.08557891845703,
      95.67809295654297,
      93.56324768066406,
      129.63836669921875,
      90.88138580322266,
      158.8557586669922,
      117.59880828857422,
      132.60513305664062
    ],
    [
      55.298824310302734,
      50.95114517211914,
      38.57893371582031,
      47.652801513671875,
      45.51491165161133,
      47.08218002319336,
      54.052276611328125,
      61.497188568115234,
      67.51795196533203,
      71.41773986816406,
      62.449562072753906,
      65.61251831054688,
      80.58306884765625,
      93.44317626953125,
      88.22640991210938,
      117.59880828857422,
      132.6162872314453,
      118.70057678222656
    ],
    [
      59.800697326660156,
      58.78260040283203,
      40.810909271240234,
      53.25839614868164,
      50.31418991088867,
      55.764556884765625,
      59.72080993652344,
      72.60934448242188,
      72.373291015625,
      82.7698745727539,
      66.19910430908203,
      77.53085327148438,
      81.78862762451172,
      110.41710662841797,
      83.53652954101562,
      132.60513305664062,
      118.70057678222656,
      133.54139709472656
    ]
  ],
  "covariance_short": [
    [
      96.34027862548828,
      66.23660278320312,
      38.251224517822266,
      39.10832214355469,
      27.293292999267578,
      31.551742553710938,
      34.27831268310547,
      40.803367614746094,
      40.937068939208984,
      43.17767333984375,
      36.99964904785156,
      39.719905853271484,
      43.53458023071289,
      55.44179916381836,
      39.67364501953125,
      65.93878936767578,
      53.23798751831055,
      52.454132080078125
    ],
    [
      66.23660278320312,
      97.09942626953125,
      39.35961151123047,
      49.09627914428711,
      32.152618408203125,
      39.22103500366211,
      40.26070785522461,
      46.311119079589844,
      47.61751937866211,
      49.78015899658203,
      44.13572692871094,
      47.724246978759766,
      51.02427673339844,
      65.40280151367188,
      45.533164978027344,
      75.379150390625,
      56.55927658081055,
      59.056068420410156
    ],
    [
      38.251224517822266,
      39.35961151123047,
      56.40262985229492,
      42.18820571899414,
      35.66641616821289,
      35.099098205566406,
      30.61308479309082,
      37.12911605834961,
      36.869041442871094,
      39.83353042602539,
      34.99236297607422,
      36.74835968017578,
      35.838687896728516,
      43.91814041137695,
      28.8951358795166,
      55.04164123535156,
      45.787906646728516,
      42.42701721191406
    ],
    [
      39.10832214355469,
      49.09627914428711,
      42.18820571899414,
      58.91037368774414,
      37.460365295410156,
      44.396183013916016,
      37.241920471191406,
      45.34027099609375,
      44.034061431884766,
      49.24360275268555,
      41.52973937988281,
      46.077354431152344,
      46.079708099365234,
      56.29619216918945,
      38.78703689575195,
      64.88671112060547,
      51.44784927368164,
      50.4712028503418
    ],
    [
      27.293292999267578,
      32.152618408203125,
      35.66641616821289,
      37.460365295410156,
      61.783103942871094,
      44.9904899597168,
      52.205448150634766,
      49.81841278076172,
      55.87732696533203,
      52.4687385559082,
      51.43915939331055,
      49.19535446166992,
      46.103641510009766,
      52.354644775390625,
      36.225006103515625,
      62.73515319824219,
      51.069427490234375,
      46.22037887573242
    ],
    [
      31.551742553710938,
      39.22103500366211,
      35.099098205566406,
      44.396183013916016,
      44.9904899597168,
      61.633567810058594,
      47.0858268737793,
      56.05436325073242,
      53.112403869628906,
      59.111244201660156,
      49.43900680541992,
      57.315818786621094,
      49.8860969543457,
      61.85552215576172,
      41.31014633178711,
      71.77466583251953,
      52.107154846191406,
      51.11353302001953
    ],
    [
      34.27831268310547,
      40.26070785522461,
      30.61308479309082,
      37.241920471191406,
      52.205448150634766,
      47.0858268737793,
      104.53450012207031,
      70.11878967285156,
      88.1126480102539,
      70.68656921386719,
      72.51435089111328,
      64.2711410522461,
      66.18566131591797,
      70.79475402832031,
      51.405731201171875,
      78.21156311035156,
      61.39323043823242,
      58.64990234375
    ],
    [
      40.803367614746094,
      46.311119079589844,
      37.12911605834961,
      45.34027099609375,
      49.81841278076172,
      56.05436325073242,
      70.11878967285156,
      84.89557647705078,
      74.33938598632812,
      78.11968994140625,
      64.53746795654297,
      71.41348266601562,
      65.04450988769531,
      79.56805419921875,
      55.59992218017578,
      91.92570495605469,
      68.76618957519531,
      68.53231048583984
    ],
    [
      40.937068939208984,
      47.61751937866211,
      36.869041442871094,
      44.034061431884766,
      55.87732696533203,
      53.112403869628906,
      88.1126480102539,
      74.33938598632812,
      114.67821502685547,
      84.02957916259766,
      88.5931167602539,
      77.77491760253906,
      81.93390655517578,
      88.54036712646484,
      64.30240631103516,
      95.84113311767578,
      73.12904357910156,
      70.25297546386719
    ],
    [
      43.17767333984375,
      49.78015899658203,
      39.83353042602539,
      49.24360275268555,
      52.4687385559082,
      59.111244201660156,
      70.68656921386719,
      78.11968994140625,
      84.02957916259766,
      94.44944763183594,
      72.43807983398438,
      80.53605651855469,
      73.78038024902344,
      89.34996795654297,
      62.862327575683594,
      102.42523956298828,
      75.80162048339844,
      76.25410461425781
    ],
    [
      36.99964904785156,
      44.13572692871094,
      34.99236297607422,
      41.52973937988281,
      51.43915939331055,
      49.43900680541992,
      72.51435089111328,
      64.53746795654297,
      88.5931167602539,
      72.43807983398438,
      98.68444061279297,
      74.58157348632812,
      83.89067840576172,
      86.14454650878906,
      65.01415252685547,
      88.74403381347656,
      68.49646759033203,
      65.26557159423828
    ],
    [
      39.719905853271484,
      47.724246978759766,
      36.74835968017578,
      46.077354431152344,
      49.19535446166992,
      57.315818786621094,
      64.2711410522461,
      71.41348266601562,
      77.77491760253906,
      80.53605651855469,
      74.58157348632812,
      94.19660186767578,
      75.59961700439453,
      96.03040313720703,
      63.69995880126953,
      102.98763275146484,
      72.39697265625,
      75.34882354736328
    ],
    [
      43.53458023071289,
      51.02427673339844,
      35.838687896728516,
      46.079708099365234,
      46.103641510009766,
      49.8860969543457,
      66.18566131591797,
      65.04450988769531,
      81.93390655517578,
      73.78038024902344,
      83.89067840576172,
      75.59961700439453,
      112.36675262451172,
      101.7474594116211,
      87.6389389038086,
      104.68714141845703,
      90.87002563476562,
      83.52954864501953
    ],
    [
      55.44179916381836,
      65.40280151367188,
      43.91814041137695,
      56.29619216918945,
      52.354644775390625,
      61.85552215576172,
      70.79475402832031,
      79.56805419921875,
      88.54036712646484,
      89.34996795654297,
      86.14454650878906,
      96.03040313720703,
      101.7474594116211,
      135.54901123046875,
      88.43866729736328,
      136.50831604003906,
      99.4952163696289,
      106.73129272460938
    ],
    [
      39.67364501953125,
      45.533164978027344,
      28.8951358795166,
      38.78703689575195,
      36.225006103515625,
      41.31014633178711,
      51.405731201171875,
      55.59992218017578,
      64.30240631103516,
      62.862327575683594,
      65.01415252685547,
      63.69995880126953,
      87.6389389038086,
      88.43866729736328,
      102.19972229003906,
      100.83289337158203,
      98.1521987915039,
      85.41050720214844
    ],
    [
      65.93878936767578,
      75.379150390625,
      55.04164123535156,
      64.88671112060547,
      62.73515319824219,
      71.77466583251953,
      78.21156311035156,
      91.92570495605469,
      95.84113311767578,
      102.42523956298828,
      88.74403381347656,
      102.98763275146484,
      104.68714141845703,
      136.50831604003906,
      100.83289337158203,
      181.1077880859375,
      131.66661071777344,
      136.2510986328125
    ],
    [
      53.23798751831055,
      56.55927658081055,
      45.787906646728516,
      51.44784927368164,
      51.069427490234375,
      52.107154846191406,
      61.39323043823242,
      68.76618957519531,
      73.12904357910156,
      75.80162048339844,
      68.49646759033203,
      72.39697265625,
      90.87002563476562,
      99.4952163696289,
      98.1521987915039,
      131.66661071777344,
      142.3218231201172,
      115.9814224243164
    ],
    [
      52.454132080078125,
      59.056068420410156,
      42.42701721191406,
      50.4712028503418,
      46.22037887573242,
      51.11353302001953,
      58.64990234375,
      68.53231048583984,
      70.25297546386719,
      76.25410461425781,
      65.26557159423828,
      75.34882354736328,
      83.52954864501953,
      106.73129272460938,
      85.41050720214844,
      136.2510986328125,
      115.9814224243164,
      123.27910614013672
    ]
  ],
  "damage": -6.031651496887207,
  "diff_bandwidth": 885.7544555664062,
  "dissonance": 8.982714214119586,
  "drr": 14.354947090148926,
  "dynamics": 5.442567825317383,
  "format": 1245190,
  "frames": 15608768,
  "loudness": -13.206772804260254,
  "loudness_range": 18.94457244873047,
  "loudness_range_short": 20.10898208618164,
  "lowpass_true_peak_15khz": 0.3498222827911377,
  "mastering3_acoustic_entropies": [
    {
      "acoustic_entropy": 9.253117561340332,
      "acoustic_entropy_mono": 8.9224214553833,
      "band_eliminated_acoustic_entropies": [
        {
          "acoustic_entropy": 9.195587158203125,
          "acoustic_entropy_side": 9.252486228942871,
          "hz": 129.47220167065723
        },
        {
          "acoustic_entropy": 8.865455627441406,
          "acoustic_entropy_side": 9.2417573928833,
          "hz": 202.92927478742237
        },
        {
          "acoustic_entropy": 8.8145112991333,
          "acoustic_entropy_side": 9.237016677856445,
          "hz": 282.89161906338205
        },
        {
          "acoustic_entropy": 9.300349235534668,
          "acoustic_entropy_side": 9.268987655639648,
          "hz": 369.9353335868758
        },
        {
          "acoustic_entropy": 8.743169784545898,
          "acoustic_entropy_side": 9.271416664123535,
          "hz": 464.6875360973435
        },
        {
          "acoustic_entropy": 9.374310493469238,
          "acoustic_entropy_side": 9.435277938842773,
          "hz": 567.8308811364784
        },
        {
          "acoustic_entropy": 9.044947624206543,
          "acoustic_entropy_side": 9.372940063476562,
          "hz": 680.1084783214808
        },
        {
          "acoustic_entropy": 9.340991020202637,
          "acoustic_entropy_side": 9.417531967163086,
          "hz": 802.3292461747484
        },
        {
          "acoustic_entropy": 9.47119426727295,
          "acoustic_entropy_side": 9.479042053222656,
          "hz": 935.3737400823702
        },
        {
          "acoustic_entropy": 9.363256454467773,
          "acoustic_entropy_side": 9.25207233428955,
          "hz": 1080.2004963696966
        },
        {
          "acoustic_entropy": 8.071757316589355,
          "acoustic_entropy_side": 9.212127685546875,
          "hz": 1237.8529382007157
        },
        {
          "acoustic_entropy": 9.487458229064941,
          "acoustic_entropy_side": 9.167078018188477,
          "hz": 1409.4668930556702
        },
        {
          "acoustic_entropy": 8.95159912109375,
          "acoustic_entropy_side": 9.324997901916504,
          "hz": 1596.2787759475705
        },
        {
          "acoustic_entropy": 9.446748733520508,
          "acoustic_entropy_side": 9.291542053222656,
          "hz": 1799.6344973346393
        },
        {
          "acoustic_entropy": 9.579141616821289,
          "acoustic_entropy_side": 9.33936882019043,
          "hz": 2020.9991599069049
        },
        {
          "acoustic_entropy": 9.089705467224121,
          "acoustic_entropy_side": 9.299903869628906,
          "hz": 2261.9676141086993
        },
        {
          "acoustic_entropy": 9.279423713684082,
          "acoustic_entropy_side": 9.289698600769043,
          "hz": 2524.2759484456974
        },
        {
          "acoustic_entropy": 9.098437309265137,
          "acoustic_entropy_side": 9.245235443115234,
          "hz": 2809.813997359896
        },
        {
          "acoustic_entropy": 9.154984474182129,
          "acoustic_entropy_side": 9.223184585571289,
          "hz": 3120.6389567871424
        },
        {
          "acoustic_entropy": 9.138409614562988,
          "acoustic_entropy_side": 9.239233016967773,
          "hz": 3458.990205492291
        },
        {
          "acoustic_entropy": 9.178730010986328,
          "acoustic_entropy_side": 9.205924034118652,
          "hz": 3827.305438964164
        },
        {
          "acoustic_entropy": 9.123357772827148,
          "acoustic_entropy_side": 9.227811813354492,
          "hz": 4228.238232109126
        },
        {
          "acoustic_entropy": 9.109570503234863,
          "acoustic_entropy_side": 9.22321605682373,
          "hz": 4664.6771572759235
        },
        {
          "acoustic_entropy": 9.155855178833008,
          "acoustic_entropy_side": 9.255850791931152,
          "hz": 5139.766595350093
        },
        {
          "acoustic_entropy": 9.302003860473633,
          "acoustic_entropy_side": 9.261896133422852,
          "hz": 5656.929389854203
        },
        {
          "acoustic_entropy": 9.266401290893555,
          "acoustic_entropy_side": 9.268766403198242,
          "hz": 6219.891507268283
        },
        {
          "acoustic_entropy": 9.231195449829102,
          "acoustic_entropy_side": 9.271987915039062,
          "hz": 6832.70888123896
        },
        {
          "acoustic_entropy": 9.228267669677734,
          "acoustic_entropy_side": 9.267723083496094,
          "hz": 7499.796634079867
        },
        {
          "acoustic_entropy": 9.269742012023926,
          "acoustic_entropy_side": 9.274144172668457,
          "hz": 8225.96088609342
        },
        {
          "acoustic_entropy": 9.228768348693848,
          "acoustic_entropy_side": 9.26984977722168,
          "hz": 9016.43338188839
        },
        {
          "acoustic_entropy": 9.096404075622559,
          "acoustic_entropy_side": 9.258345603942871,
          "hz": 9876.909183162974
        },
        {
          "acoustic_entropy": 8.958921432495117,
          "acoustic_entropy_side": 9.24804401397705,
          "hz": 10813.587699516042
        },
        {
          "acoustic_entropy": 9.020373344421387,
          "acoustic_entropy_side": 9.246539115905762,
          "hz": 11833.21735289826
        },
        {
          "acoustic_entropy": 9.033075332641602,
          "acoustic_entropy_side": 9.246760368347168,
          "hz": 12943.144197493959
        },
        {
          "acoustic_entropy": 9.066283226013184,
          "acoustic_entropy_side": 9.247106552124023,
          "hz": 14151.364845322005
        },
        {
          "acoustic_entropy": 9.099259376525879,
          "acoustic_entropy_side": 9.2482271194458,
          "hz": 15466.58407886509
        },
        {
          "acoustic_entropy": 9.090100288391113,
          "acoustic_entropy_side": 9.24886417388916,
          "hz": 16898.27756580493
        },
        {
          "acoustic_entropy": 9.095046043395996,
          "acoustic_entropy_side": 9.250322341918945,
          "hz": 18456.760127700032
        },
        {
          "acoustic_entropy": 9.181674003601074,
          "acoustic_entropy_side": 9.25286865234375,
          "hz": 20153.260054456492
        },
        {
          "acoustic_entropy": 9.199959754943848,
          "acoustic_entropy_side": 9.252996444702148,
          "hz": 22000.00000000001
        }
      ],
      "diff_acoustic_entropy": 6.468825817108154,
      "sn": 6
    },
    {
      "acoustic_entropy": 13.950020790100098,
      "acoustic_entropy_mono": 13.299620628356934,
      "band_eliminated_acoustic_entropies": [
        {
          "acoustic_entropy": 14.171140670776367,
          "acoustic_entropy_side": 13.92687702178955,
          "hz": 129.47220167065723
        },
        {
          "acoustic_entropy": 13.794888496398926,
          "acoustic_entropy_side": 13.594979286193848,
          "hz": 202.92927478742237
        },
        {
          "acoustic_entropy": 14.306376457214355,
          "acoustic_entropy_side": 13.683810234069824,
          "hz": 282.89161906338205
        },
        {
          "acoustic_entropy": 13.062379837036133,
          "acoustic_entropy_side": 14.177628517150879,
          "hz": 369.9353335868758
        },
        {
          "acoustic_entropy": 13.691709518432617,
          "acoustic_entropy_side": 14.046998023986816,
          "hz": 464.6875360973435
        },
        {
          "acoustic_entropy": 14.27575397491455,
          "acoustic_entropy_side": 14.65471363067627,
          "hz": 567.8308811364784
        },
        {
          "acoustic_entropy": 13.93002700805664,
          "acoustic_entropy_side": 14.361747741699219,
          "hz": 680.1084783214808
        },
        {
          "acoustic_entropy": 14.07501220703125,
          "acoustic_entropy_side": 13.77220630645752,
          "hz": 802.3292461747484
        },
        {
          "acoustic_entropy": 14.245257377624512,
          "acoustic_entropy_side": 14.155058860778809,
          "hz": 935.3737400823702
        },
        {
          "acoustic_entropy": 14.293780326843262,
          "acoustic_entropy_side": 13.83867073059082,
          "hz": 1080.2004963696966
        },
        {
          "acoustic_entropy": 12.93199634552002,
          "acoustic_entropy_side": 13.978404998779297,
          "hz": 1237.8529382007157
        },
        {
          "acoustic_entropy": 13.964369773864746,
          "acoustic_entropy_side": 14.20181655883789,
          "hz": 1409.4668930556702
        },
        {
          "acoustic_entropy": 13.59129810333252,
          "acoustic_entropy_side": 13.885912895202637,
          "hz": 1596.2787759475705
        },
        {
          "acoustic_entropy": 13.953821182250977,
          "acoustic_entropy_side": 14.360251426696777,
          "hz": 1799.6344973346393
        },
        {
          "acoustic_entropy": 14.973135948181152,
          "acoustic_entropy_side": 13.975099563598633,
          "hz": 2020.9991599069049
        },
        {
          "acoustic_entropy": 14.459879875183105,
          "acoustic_entropy_side": 13.937224388122559,
          "hz": 2261.9676141086993
        },
        {
          "acoustic_entropy": 14.711409568786621,
          "acoustic_entropy_side": 13.85339069366455,
          "hz": 2524.2759484456974
        },
        {
          "acoustic_entropy": 13.696667671203613,
          "acoustic_entropy_side": 13.854905128479004,
          "hz": 2809.813997359896
        },
        {
          "acoustic_entropy": 14.12086009979248,
          "acoustic_entropy_side": 13.819929122924805,
          "hz": 3120.6389567871424
        },
        {
          "acoustic_entropy": 14.020257949829102,
          "acoustic_entropy_side": 13.907525062561035,
          "hz": 3458.990205492291
        },
        {
          "acoustic_entropy": 13.674722671508789,
          "acoustic_entropy_side": 13.804718971252441,
          "hz": 3827.305438964164
        },
        {
          "acoustic_entropy": 13.821691513061523,
          "acoustic_entropy_side": 13.80031681060791,
          "hz": 4228.238232109126
        },
        {
          "acoustic_entropy": 13.767109870910645,
          "acoustic_entropy_side": 13.875362396240234,
          "hz": 4664.6771572759235
        },
        {
          "acoustic_entropy": 13.795635223388672,
          "acoustic_entropy_side": 13.925250053405762,
          "hz": 5139.766595350093
        },
        {
          "acoustic_entropy": 13.939160346984863,
          "acoustic_entropy_side": 13.894222259521484,
          "hz": 5656.929389854203
        },
        {
          "acoustic_entropy": 13.862754821777344,
          "acoustic_entropy_side": 13.890326499938965,
          "hz": 6219.891507268283
        },
        {
          "acoustic_entropy": 14.005850791931152,
          "acoustic_entropy_side": 13.926169395446777,
          "hz": 6832.70888123896
        },
        {
          "acoustic_entropy": 13.97726058959961,
          "acoustic_entropy_side": 13.882903099060059,
          "hz": 7499.796634079867
        },
        {
          "acoustic_entropy": 14.059800148010254,
          "acoustic_entropy_side": 13.905804634094238,
          "hz": 8225.96088609342
        },
        {
          "acoustic_entropy": 14.081460952758789,
          "acoustic_entropy_side": 13.960430145263672,
          "hz": 9016.43338188839
        },
        {
          "acoustic_entropy": 14.036458015441895,
          "acoustic_entropy_side": 13.96022891998291,
          "hz": 9876.909183162974
        },
        {
          "acoustic_entropy": 13.933797836303711,
          "acoustic_entropy_side": 13.960749626159668,
          "hz": 10813.587699516042
        },
        {
          "acoustic_entropy": 13.7486572265625,
          "acoustic_entropy_side": 13.947458267211914,
          "hz": 11833.21735289826
        },
        {
          "acoustic_entropy": 13.728504180908203,
          "acoustic_entropy_side": 13.976168632507324,
          "hz": 12943.144197493959
        },
        {
          "acoustic_entropy": 13.77410888671875,
          "acoustic_entropy_side": 13.988554954528809,
          "hz": 14151.364845322005
        },
        {
          "acoustic_entropy": 13.75621223449707,
          "acoustic_entropy_side": 13.986614227294922,
          "hz": 15466.58407886509
        },
        {
          "acoustic_entropy": 13.777729034423828,
          "acoustic_entropy_side": 13.973363876342773,
          "hz": 16898.27756580493
        },
        {
          "acoustic_entropy": 13.796339988708496,
          "acoustic_entropy_side": 13.969051361083984,
          "hz": 18456.760127700032
        },
        {
          "acoustic_entropy": 13.806259155273438,
          "acoustic_entropy_side": 13.965597152709961,
          "hz": 20153.260054456492
        },
        {
          "acoustic_entropy": 13.804804801940918,
          "acoustic_entropy_side": 13.95433521270752,
          "hz": 22000.00000000001
        }
      ],
      "diff_acoustic_entropy": 8.869465827941895,
      "sn": 12
    },
    {
      "acoustic_entropy": 19.733779907226562,
      "acoustic_entropy_mono": 20.119300842285156,
      "band_eliminated_acoustic_entropies": [
        {
          "acoustic_entropy": 20.345991134643555,
          "acoustic_entropy_side": 20.113924026489258,
          "hz": 129.47220167065723
        },
        {
          "acoustic_entropy": 20.581018447875977,
          "acoustic_entropy_side": 20.7906494140625,
          "hz": 202.92927478742237
        },
        {
          "acoustic_entropy": 21.92070960998535,
          "acoustic_entropy_side": 20.467885971069336,
          "hz": 282.89161906338205
        },
        {
          "acoustic_entropy": 21.152080535888672,
          "acoustic_entropy_side": 20.40524673461914,
          "hz": 369.9353335868758
        },
        {
          "acoustic_entropy": 20.557523727416992,
          "acoustic_entropy_side": 20.090492248535156,
          "hz": 464.6875360973435
        },
        {
          "acoustic_entropy": 20.406686782836914,
          "acoustic_entropy_side": 20.63629150390625,
          "hz": 567.8308811364784
        },
        {
          "acoustic_entropy": 21.089204788208008,
          "acoustic_entropy_side": 20.855260848999023,
          "hz": 680.1084783214808
        },
        {
          "acoustic_entropy": 21.246076583862305,
          "acoustic_entropy_side": 20.038606643676758,
          "hz": 802.3292461747484
        },
        {
          "acoustic_entropy": 21.17745018005371,
          "acoustic_entropy_side": 20.1833553314209,
          "hz": 935.3737400823702
        },
        {
          "acoustic_entropy": 20.590351104736328,
          "acoustic_entropy_side": 20.518640518188477,
          "hz": 1080.2004963696966
        },
        {
          "acoustic_entropy": 21.095327377319336,
          "acoustic_entropy_side": 20.271394729614258,
          "hz": 1237.8529382007157
        },
        {
          "acoustic_entropy": 20.59160041809082,
          "acoustic_entropy_side": 19.80181121826172,
          "hz": 1409.4668930556702
        },
        {
          "acoustic_entropy": 20.158828735351562,
          "acoustic_entropy_side": 19.617046356201172,
          "hz": 1596.2787759475705
        },
        {
          "acoustic_entropy": 19.517333984375,
          "acoustic_entropy_side": 19.656349182128906,
          "hz": 1799.6344973346393
        },
        {
          "acoustic_entropy": 19.470745086669922,
          "acoustic_entropy_side": 19.60259437561035,
          "hz": 2020.9991599069049
        },
        {
          "acoustic_entropy": 19.714214324951172,
          "acoustic_entropy_side": 19.82794189453125,
          "hz": 2261.9676141086993
        },
        {
          "acoustic_entropy": 20.226036071777344,
          "acoustic_entropy_side": 19.42820930480957,
          "hz": 2524.2759484456974
        },
        {
          "acoustic_entropy": 20.536455154418945,
          "acoustic_entropy_side": 19.87186622619629,
          "hz": 2809.813997359896
        },
        {
          "acoustic_entropy": 19.58943748474121,
          "acoustic_entropy_side": 19.82770347595215,
          "hz": 3120.6389567871424
        },
        {
          "acoustic_entropy": 19.540803909301758,
          "acoustic_entropy_side": 19.613849639892578,
          "hz": 3458.990205492291
        },
        {
