{
  "acoustic_entropy": 124.62248992919922,
  "bands": [
    {
      "high_freq": 148.1999969482422,
      "loudness": -49.310543060302734,
      "loudness_range": 30.654281616210938,
      "mid_mean": -45.53035354614258,
      "mid_to_side_loudness": -23.33509635925293,
      "mid_to_side_loudness_range": 13.375770568847656,
      "side_mean": -64.20978546142578
    },
    {
      "high_freq": 392.3793640136719,
      "loudness": -32.335086822509766,
      "loudness_range": 20.36914825439453,
      "low_freq": 148.1999969482422,
      "mid_mean": -28.83995246887207,
      "mid_to_side_loudness": -18.83251190185547,
      "mid_to_side_loudness_range": 14.233880996704102,
      "side_mean": -47.774024963378906
    },
    {
      "high_freq": 794.6976318359375,
      "loudness": -33.10474395751953,
      "loudness_range": 22.13543701171875,
      "low_freq": 392.3793640136719,
      "mid_mean": -29.5731258392334,
      "mid_to_side_loudness": -17.527233123779297,
      "mid_to_side_loudness_range": 12.670056343078613,
      "side_mean": -47.13654708862305
    },
    {
      "high_freq": 1457.5709228515625,
      "loudness": -35.430545806884766,
      "loudness_range": 25.351320266723633,
      "low_freq": 794.6976318359375,
      "mid_mean": -31.87824249267578,
      "mid_to_side_loudness": -19.10526466369629,
      "mid_to_side_loudness_range": 13.20925235748291,
      "side_mean": -52.11519241333008
    },
    {
      "high_freq": 2549.74365234375,
      "loudness": -45.15266799926758,
      "loudness_range": 27.489391326904297,
      "low_freq": 1457.5709228515625,
      "mid_mean": -41.86689376831055,
      "mid_to_side_loudness": -18.290565490722656,
      "mid_to_side_loudness_range": 15.597143173217773,
      "side_mean": -59.60214614868164
    },
    {
      "high_freq": 4349.24462890625,
      "loudness": -55.77840042114258,
      "loudness_range": 27.216590881347656,
      "low_freq": 2549.74365234375,
      "mid_mean": -52.65043258666992,
      "mid_to_side_loudness": -20.662324905395508,
      "mid_to_side_loudness_range": 11.11404800415039,
      "side_mean": -66.54190826416016
    },
    {
      "high_freq": 7314.1640625,
      "loudness": -66.0075454711914,
      "loudness_range": 23.360698699951172,
      "low_freq": 4349.24462890625,
      "mid_mean": -61.273719787597656,
      "mid_to_side_loudness": -27.607751846313477,
      "mid_to_side_loudness_range": 18.6304874420166,
      "side_mean": -69.67803955078125
    },
    {
      "high_freq": 12199.2666015625,
      "loudness": -73.645751953125,
      "loudness_range": 8.091987609863281,
      "low_freq": 7314.1640625,
      "mid_mean": -66.884033203125,
      "mid_to_side_loudness": -23.815156936645508,
      "mid_to_side_loudness_range": 12.08981704711914,
      "side_mean": -69.98289489746094
    },
    {
      "loudness": 0,
      "loudness_range": 0,
      "low_freq": 12199.2666015625,
      "mid_mean": -68.31916046142578,
      "mid_to_side_loudness": -8.516582489013672,
      "mid_to_side_loudness_range": 2.6375083923339844,
      "side_mean": -69.74209594726562
    }
  ],
  "bands_short": [
    {
      "high_freq": 148.1999969482422,
      "loudness": -50.6372184753418,
      "loudness_range": 32.36967468261719,
      "mid_mean": -47.04706573486328,
      "mid_to_side_loudness": -23.052675247192383,
      "mid_to_side_loudness_range": 17.25602149963379,
      "side_mean": -64.7442626953125
    },
    {
      "high_freq": 392.3793640136719,
      "loudness": -33.48295974731445,
      "loudness_range": 20.31710433959961,
      "low_freq": 148.1999969482422,
      "mid_mean": -29.966516494750977,
      "mid_to_side_loudness": -19.08576774597168,
      "mid_to_side_loudness_range": 16.430255889892578,
      "side_mean": -50.307640075683594
    },
    {
      "high_freq": 794.6976318359375,
      "loudness": -32.33896255493164,
      "loudness_range": 22.835725784301758,
      "low_freq": 392.3793640136719,
      "mid_mean": -28.833330154418945,
      "mid_to_side_loudness": -17.193803787231445,
      "mid_to_side_loudness_range": 14.931620597839355,
      "side_mean": -46.397186279296875
    },
    {
      "high_freq": 1457.5709228515625,
      "loudness": -35.66729736328125,
      "loudness_range": 26.167438507080078,
      "low_freq": 794.6976318359375,
      "mid_mean": -32.2069091796875,
      "mid_to_side_loudness": -18.708770751953125,
      "mid_to_side_loudness_range": 16.45003318786621,
      "side_mean": -52.33481216430664
    },
    {
      "high_freq": 2549.74365234375,
      "loudness": -45.9047737121582,
      "loudness_range": 28.38260269165039,
      "low_freq": 1457.5709228515625,
      "mid_mean": -42.673274993896484,
      "mid_to_side_loudness": -17.914661407470703,
      "mid_to_side_loudness_range": 16.803226470947266,
      "side_mean": -60.122196197509766
    },
    {
      "high_freq": 4349.24462890625,
      "loudness": -55.04664611816406,
      "loudness_range": 28.291587829589844,
      "low_freq": 2549.74365234375,
      "mid_mean": -52.04173278808594,
      "mid_to_side_loudness": -19.956331253051758,
      "mid_to_side_loudness_range": 16.871780395507812,
      "side_mean": -65.94712829589844
    },
    {
      "high_freq": 7314.1640625,
      "loudness": -66.32006072998047,
      "loudness_range": 23.118133544921875,
      "low_freq": 4349.24462890625,
      "mid_mean": -61.48857498168945,
      "mid_to_side_loudness": -26.839317321777344,
      "mid_to_side_loudness_range": 19.62371826171875,
      "side_mean": -69.6874771118164
    },
    {
      "high_freq": 12199.2666015625,
      "loudness": -73.71492767333984,
      "loudness_range": 8.463653564453125,
      "low_freq": 7314.1640625,
      "mid_mean": -66.90876770019531,
      "mid_to_side_loudness": -23.963369369506836,
      "mid_to_side_loudness_range": 13.179313659667969,
      "side_mean": -69.98332977294922
    },
    {
      "loudness": -76.28421783447266,
      "loudness_range": 2.0653076171875,
      "low_freq": 12199.2666015625,
      "mid_mean": -68.31310272216797,
      "mid_to_side_loudness": -8.554412841796875,
      "mid_to_side_loudness_range": 3.552705764770508,
      "side_mean": -69.74170684814453
    }
  ],
  "bandwidth": 648.5540161132812,
  "channels": 2,
  "covariance": [
    [
      129.5713653564453,
      59.49742889404297,
      33.47319412231445,
      34.97215270996094,
      41.81730270385742,
      43.5035400390625,
      62.64323043823242,
      61.259552001953125,
      63.461666107177734,
      48.93674087524414,
      77.19481658935547,
      32.565696716308594,
      53.615501403808594,
      3.505793333053589,
      10.92497444152832,
      -0.026561539620161057,
      1.7295832633972168,
      0.004056684207171202
    ],
    [
      59.49742889404297,
      39.1897087097168,
      17.042444229125977,
      18.083728790283203,
      20.283266067504883,
      19.271936416625977,
      28.971923828125,
      30.865083694458008,
      30.268821716308594,
      24.589208602905273,
      41.963470458984375,
      16.9139404296875,
      28.38231086730957,
      1.7394754886627197,
      7.614385604858398,
      -0.006767923012375832,
      1.4487838745117188,
      0.053814250975847244
    ],
    [
      33.47319412231445,
      17.042444229125977,
      53.467552185058594,
      43.15033721923828,
      31.61920166015625,
      30.012447357177734,
      32.3427734375,
      26.522159576416016,
      35.163841247558594,
      25.827533721923828,
      39.87871551513672,
      15.44820499420166,
      28.278608322143555,
      1.8160300254821777,
      4.970576763153076,
      -0.01805427297949791,
      0.8657703399658203,
      -0.006948153022676706
    ],
    [
      34.97215270996094,
      18.083728790283203,
      43.15033721923828,
      62.64466094970703,
      32.269622802734375,
      34.56273651123047,
      33.42129898071289,
      32.71110534667969,
      34.8645133972168,
      25.94843292236328,
      32.851749420166016,
      11.751029968261719,
      21.744422912597656,
      1.343114972114563,
      4.680527687072754,
      -0.016352906823158264,
      0.8853272199630737,
      0.00012446065375115722
    ],
    [
      41.81730270385742,
      20.283266067504883,
      31.61920166015625,
      32.269622802734375,
      54.480899810791016,
      44.266048431396484,
      43.66972732543945,
      40.79350280761719,
      49.93885803222656,
      37.52986145019531,
      46.626434326171875,
      18.871843338012695,
      30.929351806640625,
      2.3854315280914307,
      6.2764387130737305,
      -0.006346965208649635,
      0.9048433303833008,
      0.011622720398008823
    ],
    [
      43.5035400390625,
      19.271936416625977,
      30.012447357177734,
      34.56273651123047,
      44.266048431396484,
      52.6732292175293,
      38.08259201049805,
      38.5417366027832,
      45.78304672241211,
      38.24233627319336,
      42.43436050415039,
      17.554012298583984,
      27.978843688964844,
      2.2186601161956787,
      5.353459358215332,
      -0.011665438301861286,
      0.8318734169006348,
      0.012505263090133667
    ],
    [
      62.64323043823242,
      28.971923828125,
      32.3427734375,
      33.42129898071289,
      43.66972732543945,
      38.08259201049805,
      77.97311401367188,
      68.33973693847656,
      66.0128173828125,
      47.60456085205078,
      66.06088256835938,
      24.302345275878906,
      42.32076644897461,
      2.8125176429748535,
      7.291543006896973,
      -0.021798579022288322,
      1.2759517431259155,
      0.019789142534136772
    ],
    [
      61.259552001953125,
      30.865083694458008,
      26.522159576416016,
      32.71110534667969,
      40.79350280761719,
      38.5417366027832,
      68.33973693847656,
      87.85064697265625,
      60.806556701660156,
      55.852142333984375,
      72.33358764648438,
      24.264005661010742,
      42.97473907470703,
      2.4765496253967285,
      9.230515480041504,
      -0.021798856556415558,
      2.53269624710083,
      0.2005920559167862
    ],
    [
      63.461666107177734,
      30.268821716308594,
      35.163841247558594,
      34.8645133972168,
      49.93885803222656,
      45.78304672241211,
      66.0128173828125,
      60.806556701660156,
      91.49365234375,
      61.14436340332031,
      73.12316131591797,
      28.353124618530273,
      47.61652374267578,
      3.3431715965270996,
      7.428913593292236,
      -0.019651545211672783,
      1.1777654886245728,
      0.02672155760228634
    ],
    [
      48.93674087524414,
      24.589208602905273,
      25.827533721923828,
      25.94843292236328,
      37.52986145019531,
      38.24233627319336,
      47.60456085205078,
      55.852142333984375,
      61.14436340332031,
      58.93486785888672,
      61.15924835205078,
      23.76897621154785,
      39.530975341796875,
      2.775484085083008,
      6.621408939361572,
      -0.01517578773200512,
      1.5979377031326294,
      0.12579230964183807
    ],
    [
      77.19481658935547,
      41.963470458984375,
      39.87871551513672,
      32.851749420166016,
      46.626434326171875,
      42.43436050415039,
      66.06088256835938,
      72.33358764648438,
      73.12316131591797,
      61.15924835205078,
      99.92080688476562,
      37.48725128173828,
      63.55253982543945,
      4.261178016662598,
      12.361930847167969,
      -0.024477586150169373,
      2.925081491470337,
      0.18497413396835327
    ],
    [
      32.565696716308594,
      16.9139404296875,
      15.44820499420166,
      11.751029968261719,
      18.871843338012695,
      17.554012298583984,
      24.302345275878906,
      24.264005661010742,
      28.353124618530273,
      23.76897621154785,
      37.48725128173828,
      18.42632484436035,
      26.025609970092773,
      2.1894445419311523,
      4.368819713592529,
      -0.007296500727534294,
      0.8658478260040283,
      0.03816283866763115
    ],
    [
      53.615501403808594,
      28.38231086730957,
      28.278608322143555,
      21.744422912597656,
      30.929351806640625,
      27.978843688964844,
      42.32076644897461,
      42.97473907470703,
      47.61652374267578,
      39.530975341796875,
      63.55253982543945,
      26.025609970092773,
      49.09275817871094,
      3.9177112579345703,
      8.285268783569336,
      -0.014591578394174576,
      1.7771461009979248,
      0.09617653489112854
    ],
    [
      3.505793333053589,
      1.7394754886627197,
      1.8160300254821777,
      1.343114972114563,
      2.3854315280914307,
      2.2186601161956787,
      2.8125176429748535,
      2.4765496253967285,
      3.3431715965270996,
      2.775484085083008,
      4.261178016662598,
      2.1894445419311523,
      3.9177112579345703,
      0.573502242565155,
      0.43281349539756775,
      -0.000725611113011837,
      0.08339626342058182,
      0.004532884806394577
    ],
    [
      10.92497444152832,
      7.614385604858398,
      4.970576763153076,
      4.680527687072754,
      6.2764387130737305,
      5.353459358215332,
      7.291543006896973,
      9.230515480041504,
      7.428913593292236,
      6.621408939361572,
      12.361930847167969,
      4.368819713592529,
      8.285268783569336,
      0.43281349539756775,
      3.6136035919189453,
      -0.0008379797218367457,
      0.6984035968780518,
      0.028993450105190277
    ],
    [
      -0.026561539620161057,
      -0.006767923012375832,
      -0.01805427297949791,
      -0.016352906823158264,
      -0.006346965208649635,
      -0.011665438301861286,
      -0.021798579022288322,
      -0.021798856556415558,
      -0.019651545211672783,
      -0.01517578773200512,
      -0.024477586150169373,
      -0.007296500727534294,
      -0.014591578394174576,
      -0.000725611113011837,
      -0.0008379797218367457,
      0.00014920342073310167,
      0.00011750063276849687,
      3.4296241210540757e-05
    ],
    [
      1.7295832633972168,
      1.4487838745117188,
      0.8657703399658203,
      0.8853272199630737,
      0.9048433303833008,
      0.8318734169006348,
      1.2759517431259155,
      2.53269624710083,
      1.1777654886245728,
      1.5979377031326294,
      2.925081491470337,
      0.8658478260040283,
      1.7771461009979248,
      0.08339626342058182,
      0.6984035968780518,
      0.00011750063276849687,
      0.2152775377035141,
      0.01624341309070587
    ],
    [
      0.004056684207171202,
      0.053814250975847244,
      -0.006948153022676706,
      0.00012446065375115722,
      0.011622720398008823,
      0.012505263090133667,
      0.019789142534136772,
      0.2005920559167862,
      0.02672155760228634,
      0.12579230964183807,
      0.18497413396835327,
      0.03816283866763115,
      0.09617653489112854,
      0.004532884806394577,
      0.028993450105190277,
      3.4296241210540757e-05,
      0.01624341309070587,
      0.0026160385459661484
    ]
  ],
  "covariance_short": [
    [
      133.6201934814453,
      56.044769287109375,
      33.402156829833984,
      33.39716720581055,
      42.9888801574707,
      45.127769470214844,
      62.22364807128906,
      58.49396896362305,
      63.972755432128906,
      46.404823303222656,
      77.38621520996094,
      33.3621826171875,
      52.9616813659668,
      3.450218439102173,
      10.670222282409668,
      -0.027011234313249588,
      1.7035080194473267,
      0.0019711891654878855
    ],
    [
      56.044769287109375,
      36.382266998291016,
      13.7577486038208,
      19.852956771850586,
      19.024173736572266,
      18.822494506835938,
      26.3160343170166,
      27.481374740600586,
      27.82256317138672,
      21.092233657836914,
      37.42801284790039,
      15.181817054748535,
      25.387939453125,
      1.553745150566101,
      7.000185489654541,
      -0.005393038969486952,
      1.345706820487976,
      0.047471269965171814
    ],
    [
      33.402156829833984,
      13.7577486038208,
      51.31934356689453,
      37.33433532714844,
      35.13982009887695,
      31.5736141204834,
      31.557212829589844,
      25.167390823364258,
      33.89085388183594,
      23.138744354248047,
      38.84230422973633,
      15.720711708068848,
      25.970111846923828,
      1.677777886390686,
      4.6515212059021,
      -0.015230217948555946,
      0.8141171932220459,
      -0.005693018436431885
    ],
    [
      33.39716720581055,
      19.852956771850586,
      37.33433532714844,
      77.2340316772461,
      35.00926971435547,
      38.771644592285156,
      32.63105010986328,
      45.548377990722656,
      33.61513900756836,
      31.925622940063477,
      47.33872985839844,
      16.066791534423828,
      25.853479385375977,
      1.3794126510620117,
      6.781874656677246,
      -0.013000326231122017,
      2.2464215755462646,
      0.19695010781288147
    ],
    [
      42.9888801574707,
      19.024173736572266,
      35.13982009887695,
      35.00926971435547,
      58.68045425415039,
      45.44814682006836,
      44.61122512817383,
      41.65153121948242,
      50.28848648071289,
      35.853416442871094,
      49.01587677001953,
      20.661569595336914,
      31.211442947387695,
      2.2229576110839844,
      6.300450325012207,
      -0.009047949686646461,
      0.9541266560554504,
      0.0075605264864861965
    ],
    [
      45.127769470214844,
      18.822494506835938,
      31.5736141204834,
      38.771644592285156,
      45.44814682006836,
      57.442893981933594,
      39.21495819091797,
      40.66706848144531,
      45.84759521484375,
      36.2996940612793,
      45.93598175048828,
      20.955263137817383,
      27.831857681274414,
      2.1062211990356445,
      5.152923107147217,
      -0.014273176901042461,
      0.8271303772926331,
      0.011443753726780415
    ],
    [
      62.22364807128906,
      26.3160343170166,
      31.557212829589844,
      32.63105010986328,
      44.61122512817383,
      39.21495819091797,
      83.61104583740234,
      68.77851867675781,
      69.4207992553711,
      46.80242919921875,
      68.63531494140625,
      25.805007934570312,
      42.71712875366211,
      2.756519317626953,
      7.439088344573975,
      -0.02228263020515442,
      1.3220609426498413,
      0.021539829671382904
    ],
    [
      58.49396896362305,
      27.481374740600586,
      25.167390823364258,
      45.548377990722656,
      41.65153121948242,
      40.66706848144531,
      68.77851867675781,
      91.19404602050781,
      62.83940124511719,
      55.116859436035156,
      73.958740234375,
      25.691448211669922,
      42.410987854003906,
      2.4519705772399902,
      9.06566047668457,
      -0.022605329751968384,
      2.4908194541931152,
      0.19501391053199768
    ],
    [
      63.972755432128906,
      27.82256317138672,
      33.89085388183594,
      33.61513900756836,
      50.28848648071289,
      45.84759521484375,
      69.4207992553711,
      62.83940124511719,
      98.50740051269531,
      60.12818908691406,
      76.3102798461914,
      30.247684478759766,
      47.75005340576172,
      3.1831564903259277,
      7.86122465133667,
      -0.021641602739691734,
      1.2672096490859985,
      0.029414787888526917
    ],
    [
      46.404823303222656,
      21.092233657836914,
      23.138744354248047,
      31.925622940063477,
      35.853416442871094,
      36.2996940612793,
      46.80242919921875,
      55.116859436035156,
      60.12818908691406,
      58.21536636352539,
      60.83317184448242,
      25.95192527770996,
      37.472564697265625,
      2.536022663116455,
      6.504782199859619,
      -0.015241595916450024,
      1.560957431793213,
      0.11819647252559662
    ],
    [
      77.38621520996094,
      37.42801284790039,
      38.84230422973633,
      47.33872985839844,
      49.01587677001953,
      45.93598175048828,
      68.63531494140625,
      73.958740234375,
      76.3102798461914,
      60.83317184448242,
      104.92354583740234,
      40.531185150146484,
      62.81853103637695,
      4.171502590179443,
      12.12855052947998,
      -0.022905930876731873,
      2.9342403411865234,
      0.18809624016284943
    ],
    [
      33.3621826171875,
      15.181817054748535,
      15.720711708068848,
      16.066791534423828,
      20.661569595336914,
      20.955263137817383,
      25.805007934570312,
      25.691448211669922,
      30.247684478759766,
      25.95192527770996,
      40.531185150146484,
      23.329086303710938,
      26.279279708862305,
      2.2661383152008057,
      4.178530693054199,
      -0.006054408382624388,
      0.8559316992759705,
      0.043300561606884
    ],
    [
      52.9616813659668,
      25.387939453125,
      25.970111846923828,
      25.853479385375977,
      31.211442947387695,
      27.831857681274414,
      42.71712875366211,
      42.410987854003906,
      47.75005340576172,
      37.472564697265625,
      62.81853103637695,
      26.279279708862305,
      48.787017822265625,
      3.629875421524048,
      8.314315795898438,
      -0.014086051844060421,
      1.7890570163726807,
      0.09161177277565002
    ],
    [
      3.450218439102173,
      1.553745150566101,
      1.677777886390686,
      1.3794126510620117,
      2.2229576110839844,
      2.1062211990356445,
      2.756519317626953,
      2.4519705772399902,
      3.1831564903259277,
      2.536022663116455,
      4.171502590179443,
      2.2661383152008057,
      3.629875421524048,
      0.622215986251831,
      0.41321995854377747,
      -0.0006029450451023877,
      0.08191997557878494,
      0.004168982617557049
    ],
    [
      10.670222282409668,
      7.000185489654541,
      4.6515212059021,
      6.781874656677246,
      6.300450325012207,
      5.152923107147217,
      7.439088344573975,
      9.06566047668457,
      7.86122465133667,
      6.504782199859619,
      12.12855052947998,
      4.178530693054199,
      8.314315795898438,
      0.41321995854377747,
      3.7280800342559814,
      -0.0008454165072180331,
      0.7167264223098755,
      0.028167014941573143
    ],
    [
      -0.027011234313249588,
      -0.005393038969486952,
      -0.015230217948555946,
      -0.013000326231122017,
      -0.009047949686646461,
      -0.014273176901042461,
      -0.02228263020515442,
      -0.022605329751968384,
      -0.021641602739691734,
      -0.015241595916450024,
      -0.022905930876731873,
      -0.006054408382624388,
      -0.014086051844060421,
      -0.0006029450451023877,
      -0.0008454165072180331,
      0.0001743179018376395,
      9.43172926781699e-05,
      2.828999095072504e-05
    ],
    [
      1.7035080194473267,
      1.345706820487976,
      0.8141171932220459,
      2.2464215755462646,
      0.9541266560554504,
      0.8271303772926331,
      1.3220609426498413,
      2.4908194541931152,
      1.2672096490859985,
      1.560957431793213,
      2.9342403411865234,
      0.8559316992759705,
      1.7890570163726807,
      0.08191997557878494,
      0.7167264223098755,
      9.43172926781699e-05,
      0.2384175807237625,
      0.016064485535025597
    ],
    [
      0.0019711891654878855,
      0.047471269965171814,
      -0.005693018436431885,
      0.19695010781288147,
      0.0075605264864861965,
      0.011443753726780415,
      0.021539829671382904,
      0.19501391053199768,
      0.029414787888526917,
      0.11819647252559662,
      0.18809624016284943,
      0.043300561606884,
      0.09161177277565002,
      0.004168982617557049,
      0.028167014941573143,
      2.828999095072504e-05,
      0.016064485535025597,
      0.003771254327148199
    ]
  ],
  "damage": -14.198545455932617,
  "diff_bandwidth": 662.8300170898438,
  "dissonance": 1.8722752818316637,
  "drr": 11.258056640625,
  "dynamics": 5.209404945373535,
  "format": 1245190,
  "frames": 7268288,
  "loudness": -22.508769989013672,
  "loudness_range": 18.621265411376953,
  "loudness_range_short": 19.773584365844727,
  "lowpass_true_peak_15khz": -4.799648284912109,
  "mastering3_acoustic_entropies": [
    {
      "acoustic_entropy": 10.307130813598633,
      "acoustic_entropy_mono": 10.302180290222168,
      "band_eliminated_acoustic_entropies": [
        {
          "acoustic_entropy": 10.315115928649902,
          "acoustic_entropy_side": 10.307133674621582,
          "hz": 129.47220167065723
        },
        {
          "acoustic_entropy": 10.396639823913574,
          "acoustic_entropy_side": 10.306856155395508,
          "hz": 202.92927478742237
        },
        {
          "acoustic_entropy": 10.158336639404297,
          "acoustic_entropy_side": 10.306984901428223,
          "hz": 282.89161906338205
        },
        {
          "acoustic_entropy": 10.142965316772461,
          "acoustic_entropy_side": 10.30725383758545,
          "hz": 369.9353335868758
        },
        {
          "acoustic_entropy": 9.518217086791992,
          "acoustic_entropy_side": 10.305721282958984,
          "hz": 464.6875360973435
        },
        {
          "acoustic_entropy": 9.432352066040039,
          "acoustic_entropy_side": 10.324360847473145,
          "hz": 567.8308811364784
        },
        {
          "acoustic_entropy": 9.143331527709961,
          "acoustic_entropy_side": 10.33683967590332,
          "hz": 680.1084783214808
        },
        {
          "acoustic_entropy": 9.264252662658691,
          "acoustic_entropy_side": 10.308396339416504,
          "hz": 802.3292461747484
        },
        {
          "acoustic_entropy": 9.80606460571289,
          "acoustic_entropy_side": 10.313958168029785,
          "hz": 935.3737400823702
        },
        {
          "acoustic_entropy": 11.27959156036377,
          "acoustic_entropy_side": 10.3968505859375,
          "hz": 1080.2004963696966
        },
        {
          "acoustic_entropy": 9.6758394241333,
          "acoustic_entropy_side": 10.258089065551758,
          "hz": 1237.8529382007157
        },
        {
          "acoustic_entropy": 9.710626602172852,
          "acoustic_entropy_side": 10.307648658752441,
          "hz": 1409.4668930556702
        },
        {
          "acoustic_entropy": 9.383346557617188,
          "acoustic_entropy_side": 10.305785179138184,
          "hz": 1596.2787759475705
        },
        {
          "acoustic_entropy": 9.840612411499023,
          "acoustic_entropy_side": 10.308120727539062,
          "hz": 1799.6344973346393
        },
        {
          "acoustic_entropy": 10.556736946105957,
          "acoustic_entropy_side": 10.308168411254883,
          "hz": 2020.9991599069049
        },
        {
          "acoustic_entropy": 10.342578887939453,
          "acoustic_entropy_side": 10.30712890625,
          "hz": 2261.9676141086993
        },
        {
          "acoustic_entropy": 10.288110733032227,
          "acoustic_entropy_side": 10.30692195892334,
          "hz": 2524.2759484456974
        },
        {
          "acoustic_entropy": 10.264530181884766,
          "acoustic_entropy_side": 10.307077407836914,
          "hz": 2809.813997359896
        },
        {
          "acoustic_entropy": 10.311225891113281,
          "acoustic_entropy_side": 10.307134628295898,
          "hz": 3120.6389567871424
        },
        {
          "acoustic_entropy": 10.311331748962402,
          "acoustic_entropy_side": 10.30713939666748,
          "hz": 3458.990205492291
        },
        {
          "acoustic_entropy": 10.317866325378418,
          "acoustic_entropy_side": 10.307137489318848,
          "hz": 3827.305438964164
        },
        {
          "acoustic_entropy": 10.306456565856934,
          "acoustic_entropy_side": 10.307130813598633,
          "hz": 4228.238232109126
        },
        {
          "acoustic_entropy": 10.31214427947998,
          "acoustic_entropy_side": 10.30713176727295,
          "hz": 4664.6771572759235
        },
        {
          "acoustic_entropy": 10.30820369720459,
          "acoustic_entropy_side": 10.307130813598633,
          "hz": 5139.766595350093
        },
        {
          "acoustic_entropy": 10.30608081817627,
          "acoustic_entropy_side": 10.307130813598633,
          "hz": 5656.929389854203
        },
        {
          "acoustic_entropy": 10.30698299407959,
          "acoustic_entropy_side": 10.307130813598633,
          "hz": 6219.891507268283
        },
        {
          "acoustic_entropy": 10.307132720947266,
          "acoustic_entropy_side": 10.307130813598633,
          "hz": 6832.70888123896
        },
        {
          "acoustic_entropy": 10.307134628295898,
          "acoustic_entropy_side": 10.307130813598633,
          "hz": 7499.796634079867
        },
        {
          "acoustic_entropy": 10.307132720947266,
          "acoustic_entropy_side": 10.307130813598633,
          "hz": 8225.96088609342
        },
        {
          "acoustic_entropy": 10.30713176727295,
          "acoustic_entropy_side": 10.307130813598633,
          "hz": 9016.43338188839
        },
        {
          "acoustic_entropy": 10.30713176727295,
          "acoustic_entropy_side": 10.307130813598633,
          "hz": 9876.909183162974
        },
        {
          "acoustic_entropy": 10.307130813598633,
          "acoustic_entropy_side": 10.307130813598633,
          "hz": 10813.587699516042
        },
        {
          "acoustic_entropy": 10.307130813598633,
          "acoustic_entropy_side": 10.307130813598633,
          "hz": 11833.21735289826
        },
        {
          "acoustic_entropy": 10.307130813598633,
          "acoustic_entropy_side": 10.307130813598633,
          "hz": 12943.144197493959
        },
        {
          "acoustic_entropy": 10.307130813598633,
          "acoustic_entropy_side": 10.307130813598633,
          "hz": 14151.364845322005
        },
        {
          "acoustic_entropy": 10.307130813598633,
          "acoustic_entropy_side": 10.307130813598633,
          "hz": 15466.58407886509
        },
        {
          "acoustic_entropy": 10.307130813598633,
          "acoustic_entropy_side": 10.307130813598633,
          "hz": 16898.27756580493
        },
        {
          "acoustic_entropy": 10.307130813598633,
          "acoustic_entropy_side": 10.307130813598633,
          "hz": 18456.760127700032
        },
        {
          "acoustic_entropy": 10.307130813598633,
          "acoustic_entropy_side": 10.307130813598633,
          "hz": 20153.260054456492
        },
        {
          "acoustic_entropy": 10.307130813598633,
          "acoustic_entropy_side": 10.307130813598633,
          "hz": 22000.00000000001
        }
      ],
      "diff_acoustic_entropy": 2.4193179607391357,
      "sn": 6
    },
    {
      "acoustic_entropy": 13.985427856445312,
      "acoustic_entropy_mono": 14.334714889526367,
      "band_eliminated_acoustic_entropies": [
        {
          "acoustic_entropy": 13.868598937988281,
          "acoustic_entropy_side": 13.98543643951416,
          "hz": 129.47220167065723
        },
        {
          "acoustic_entropy": 13.762896537780762,
          "acoustic_entropy_side": 13.989891052246094,
          "hz": 202.92927478742237
        },
        {
          "acoustic_entropy": 13.780076026916504,
          "acoustic_entropy_side": 13.979327201843262,
          "hz": 282.89161906338205
        },
        {
          "acoustic_entropy": 13.834676742553711,
          "acoustic_entropy_side": 13.992634773254395,
          "hz": 369.9353335868758
        },
        {
          "acoustic_entropy": 12.974778175354004,
          "acoustic_entropy_side": 13.772374153137207,
          "hz": 464.6875360973435
        },
        {
          "acoustic_entropy": 12.527606010437012,
          "acoustic_entropy_side": 14.013848304748535,
          "hz": 567.8308811364784
        },
        {
          "acoustic_entropy": 12.321670532226562,
          "acoustic_entropy_side": 13.911396980285645,
          "hz": 680.1084783214808
        },
        {
          "acoustic_entropy": 13.579097747802734,
          "acoustic_entropy_side": 13.91440486907959,
          "hz": 802.3292461747484
        },
        {
          "acoustic_entropy": 13.322951316833496,
          "acoustic_entropy_side": 14.162495613098145,
          "hz": 935.3737400823702
        },
        {
          "acoustic_entropy": 14.26640796661377,
          "acoustic_entropy_side": 13.986249923706055,
          "hz": 1080.2004963696966
        },
        {
          "acoustic_entropy": 13.747035026550293,
          "acoustic_entropy_side": 13.944148063659668,
          "hz": 1237.8529382007157
        },
        {
          "acoustic_entropy": 13.165738105773926,
          "acoustic_entropy_side": 13.958972930908203,
          "hz": 1409.4668930556702
        },
        {
          "acoustic_entropy": 13.641980171203613,
          "acoustic_entropy_side": 13.971275329589844,
          "hz": 1596.2787759475705
        },
        {
          "acoustic_entropy": 14.259490966796875,
          "acoustic_entropy_side": 13.972281455993652,
          "hz": 1799.6344973346393
        },
        {
          "acoustic_entropy": 14.07172679901123,
          "acoustic_entropy_side": 13.976078033447266,
          "hz": 2020.9991599069049
        },
        {
          "acoustic_entropy": 13.82473087310791,
          "acoustic_entropy_side": 13.985353469848633,
          "hz": 2261.9676141086993
        },
        {
          "acoustic_entropy": 13.897717475891113,
          "acoustic_entropy_side": 13.98220443725586,
          "hz": 2524.2759484456974
        },
        {
          "acoustic_entropy": 14.379579544067383,
          "acoustic_entropy_side": 13.987719535827637,
          "hz": 2809.813997359896
        },
        {
          "acoustic_entropy": 13.915474891662598,
          "acoustic_entropy_side": 13.98541259765625,
          "hz": 3120.6389567871424
        },
        {
          "acoustic_entropy": 13.997547149658203,
          "acoustic_entropy_side": 13.985468864440918,
          "hz": 3458.990205492291
        },
        {
          "acoustic_entropy": 13.91385269165039,
          "acoustic_entropy_side": 13.985223770141602,
          "hz": 3827.305438964164
        },
        {
          "acoustic_entropy": 13.994319915771484,
          "acoustic_entropy_side": 13.985419273376465,
          "hz": 4228.238232109126
        },
        {
          "acoustic_entropy": 14.017448425292969,
          "acoustic_entropy_side": 13.985427856445312,
          "hz": 4664.6771572759235
        },
        {
          "acoustic_entropy": 13.99351978302002,
          "acoustic_entropy_side": 13.985428810119629,
          "hz": 5139.766595350093
        },
        {
          "acoustic_entropy": 13.990195274353027,
          "acoustic_entropy_side": 13.985427856445312,
          "hz": 5656.929389854203
        },
        {
          "acoustic_entropy": 13.986008644104004,
          "acoustic_entropy_side": 13.985427856445312,
          "hz": 6219.891507268283
        },
        {
          "acoustic_entropy": 13.985526084899902,
          "acoustic_entropy_side": 13.985427856445312,
          "hz": 6832.70888123896
        },
        {
          "acoustic_entropy": 13.985442161560059,
          "acoustic_entropy_side": 13.985427856445312,
          "hz": 7499.796634079867
        },
        {
          "acoustic_entropy": 13.985411643981934,
          "acoustic_entropy_side": 13.985427856445312,
          "hz": 8225.96088609342
        },
        {
          "acoustic_entropy": 13.98542594909668,
          "acoustic_entropy_side": 13.985427856445312,
          "hz": 9016.43338188839
        },
        {
          "acoustic_entropy": 13.985424995422363,
          "acoustic_entropy_side": 13.985427856445312,
          "hz": 9876.909183162974
        },
        {
          "acoustic_entropy": 13.985426902770996,
          "acoustic_entropy_side": 13.985427856445312,
          "hz": 10813.587699516042
        },
        {
          "acoustic_entropy": 13.985428810119629,
          "acoustic_entropy_side": 13.985427856445312,
          "hz": 11833.21735289826
        },
        {
          "acoustic_entropy": 13.985428810119629,
          "acoustic_entropy_side": 13.985427856445312,
          "hz": 12943.144197493959
        },
        {
          "acoustic_entropy": 13.985427856445312,
          "acoustic_entropy_side": 13.985427856445312,
          "hz": 14151.364845322005
        },
        {
          "acoustic_entropy": 13.985427856445312,
          "acoustic_entropy_side": 13.985427856445312,
          "hz": 15466.58407886509
        },
        {
          "acoustic_entropy": 13.985427856445312,
          "acoustic_entropy_side": 13.985427856445312,
          "hz": 16898.27756580493
        },
        {
          "acoustic_entropy": 13.985427856445312,
          "acoustic_entropy_side": 13.985427856445312,
          "hz": 18456.760127700032
        },
        {
          "acoustic_entropy": 13.985427856445312,
          "acoustic_entropy_side": 13.985427856445312,
          "hz": 20153.260054456492
        },
        {
          "acoustic_entropy": 13.985427856445312,
          "acoustic_entropy_side": 13.985427856445312,
          "hz": 22000.00000000001
        }
      ],
      "diff_acoustic_entropy": 4.324901103973389,
      "sn": 12
    },
    {
      "acoustic_entropy": 20.121051788330078,
      "acoustic_entropy_mono": 19.063251495361328,
      "band_eliminated_acoustic_entropies": [
        {
          "acoustic_entropy": 20.35112762451172,
          "acoustic_entropy_side": 20.120481491088867,
          "hz": 129.47220167065723
        },
        {
          "acoustic_entropy": 19.577743530273438,
          "acoustic_entropy_side": 20.135526657104492,
          "hz": 202.92927478742237
        },
        {
          "acoustic_entropy": 19.39899444580078,
          "acoustic_entropy_side": 19.933578491210938,
          "hz": 282.89161906338205
        },
        {
          "acoustic_entropy": 19.186037063598633,
          "acoustic_entropy_side": 19.900062561035156,
          "hz": 369.9353335868758
        },
        {
          "acoustic_entropy": 21.362642288208008,
          "acoustic_entropy_side": 20.51036262512207,
          "hz": 464.6875360973435
        },
        {
          "acoustic_entropy": 20.631689071655273,
          "acoustic_entropy_side": 19.968584060668945,
          "hz": 567.8308811364784
        },
        {
          "acoustic_entropy": 20.27488899230957,
          "acoustic_entropy_side": 19.930110931396484,
          "hz": 680.1084783214808
        },
        {
          "acoustic_entropy": 20.795562744140625,
          "acoustic_entropy_side": 19.736169815063477,
          "hz": 802.3292461747484
        },
        {
          "acoustic_entropy": 20.26927947998047,
          "acoustic_entropy_side": 20.386972427368164,
          "hz": 935.3737400823702
        },
        {
          "acoustic_entropy": 19.57124137878418,
          "acoustic_entropy_side": 20.409709930419922,
          "hz": 1080.2004963696966
        },
        {
          "acoustic_entropy": 20.597148895263672,
          "acoustic_entropy_side": 20.230758666992188,
          "hz": 1237.8529382007157
        },
        {
          "acoustic_entropy": 20.418498992919922,
          "acoustic_entropy_side": 20.189044952392578,
          "hz": 1409.4668930556702
        },
        {
          "acoustic_entropy": 18.042896270751953,
          "acoustic_entropy_side": 20.003942489624023,
          "hz": 1596.2787759475705
        },
        {
          "acoustic_entropy": 21.392440795898438,
          "acoustic_entropy_side": 20.14497947692871,
          "hz": 1799.6344973346393
        },
        {
          "acoustic_entropy": 20.200376510620117,
          "acoustic_entropy_side": 20.45560646057129,
          "hz": 2020.9991599069049
        },
        {
          "acoustic_entropy": 20.031648635864258,
          "acoustic_entropy_side": 20.211755752563477,
          "hz": 2261.9676141086993
        },
        {
