{
  "acoustic_entropy": 193.61427307128906,
  "bands": [
    {
      "high_freq": 148.1999969482422,
      "loudness": -31.856285095214844,
      "loudness_range": 15.817922592163086,
      "mid_mean": -29.14008903503418,
      "mid_to_side_loudness": -8.124306678771973,
      "mid_to_side_loudness_range": 9.397637367248535,
      "side_mean": -37.993980407714844
    },
    {
      "high_freq": 392.3793640136719,
      "loudness": -28.828594207763672,
      "loudness_range": 11.381635665893555,
      "low_freq": 148.1999969482422,
      "mid_mean": -26.43846321105957,
      "mid_to_side_loudness": -7.909615516662598,
      "mid_to_side_loudness_range": 14.92513656616211,
      "side_mean": -34.480106353759766
    },
    {
      "high_freq": 794.6976318359375,
      "loudness": -30.625038146972656,
      "loudness_range": 10.827714920043945,
      "low_freq": 392.3793640136719,
      "mid_mean": -29.49314308166504,
      "mid_to_side_loudness": -4.300098419189453,
      "mid_to_side_loudness_range": 12.240622520446777,
      "side_mean": -32.134300231933594
    },
    {
      "high_freq": 1457.5709228515625,
      "loudness": -30.324987411499023,
      "loudness_range": 14.406030654907227,
      "low_freq": 794.6976318359375,
      "mid_mean": -29.327682495117188,
      "mid_to_side_loudness": -2.702322006225586,
      "mid_to_side_loudness_range": 7.34439754486084,
      "side_mean": -30.93206787109375
    },
    {
      "high_freq": 2549.74365234375,
      "loudness": -32.23619842529297,
      "loudness_range": 11.415307998657227,
      "low_freq": 1457.5709228515625,
      "mid_mean": -31.585670471191406,
      "mid_to_side_loudness": -0.6717047095298767,
      "mid_to_side_loudness_range": 1.9689205884933472,
      "side_mean": -31.761428833007812
    },
    {
      "high_freq": 4349.24462890625,
      "loudness": -34.62034225463867,
      "loudness_range": 11.14377212524414,
      "low_freq": 2549.74365234375,
      "mid_mean": -35.36878967285156,
      "mid_to_side_loudness": 1.85763680934906,
      "mid_to_side_loudness_range": 9.90909194946289,
      "side_mean": -33.209285736083984
    },
    {
      "high_freq": 7314.1640625,
      "loudness": -40.10628890991211,
      "loudness_range": 11.010982513427734,
      "low_freq": 4349.24462890625,
      "mid_mean": -41.026920318603516,
      "mid_to_side_loudness": 1.3502424955368042,
      "mid_to_side_loudness_range": 4.572226047515869,
      "side_mean": -38.98054122924805
    },
    {
      "high_freq": 12199.2666015625,
      "loudness": -44.870853424072266,
      "loudness_range": 14.853565216064453,
      "low_freq": 7314.1640625,
      "mid_mean": -44.7352294921875,
      "mid_to_side_loudness": -4.3646650314331055,
      "mid_to_side_loudness_range": 7.3154730796813965,
      "side_mean": -51.392189025878906
    },
    {
      "loudness": -56.82844924926758,
      "loudness_range": 22.37542724609375,
      "low_freq": 12199.2666015625,
      "mid_mean": -57.229583740234375,
      "mid_to_side_loudness": 2.830531358718872,
      "mid_to_side_loudness_range": 5.975154876708984,
      "side_mean": -54.46799850463867
    }
  ],
  "bands_short": [
    {
      "high_freq": 148.1999969482422,
      "loudness": -35.237632751464844,
      "loudness_range": 22.39499282836914,
      "mid_mean": -33.03290939331055,
      "mid_to_side_loudness": -7.945069789886475,
      "mid_to_side_loudness_range": 13.77923583984375,
      "side_mean": -41.47050476074219
    },
    {
      "high_freq": 392.3793640136719,
      "loudness": -28.50969696044922,
      "loudness_range": 13.167966842651367,
      "low_freq": 148.1999969482422,
      "mid_mean": -26.445716857910156,
      "mid_to_side_loudness": -6.527769565582275,
      "mid_to_side_loudness_range": 14.172187805175781,
      "side_mean": -33.24960708618164
    },
    {
      "high_freq": 794.6976318359375,
      "loudness": -31.7305965423584,
      "loudness_range": 16.606767654418945,
      "low_freq": 392.3793640136719,
      "mid_mean": -31.072328567504883,
      "mid_to_side_loudness": -4.015509605407715,
      "mid_to_side_loudness_range": 13.81486701965332,
      "side_mean": -33.24060821533203
    },
    {
      "high_freq": 1457.5709228515625,
      "loudness": -31.705352783203125,
      "loudness_range": 19.698448181152344,
      "low_freq": 794.6976318359375,
      "mid_mean": -30.874008178710938,
      "mid_to_side_loudness": -2.1312055587768555,
      "mid_to_side_loudness_range": 8.8275728225708,
      "side_mean": -32.356834411621094
    },
    {
      "high_freq": 2549.74365234375,
      "loudness": -33.23479080200195,
      "loudness_range": 15.911178588867188,
      "low_freq": 1457.5709228515625,
      "mid_mean": -32.84442901611328,
      "mid_to_side_loudness": -0.4215144217014313,
      "mid_to_side_loudness_range": 4.060472011566162,
      "side_mean": -32.749874114990234
    },
    {
      "high_freq": 4349.24462890625,
      "loudness": -35.28872299194336,
      "loudness_range": 15.389612197875977,
      "low_freq": 2549.74365234375,
      "mid_mean": -36.53584671020508,
      "mid_to_side_loudness": 2.050546646118164,
      "mid_to_side_loudness_range": 10.023826599121094,
      "side_mean": -34.037410736083984
    },
    {
      "high_freq": 7314.1640625,
      "loudness": -40.78656768798828,
      "loudness_range": 14.149620056152344,
      "low_freq": 4349.24462890625,
      "mid_mean": -42.20763397216797,
      "mid_to_side_loudness": 1.6032181978225708,
      "mid_to_side_loudness_range": 5.694298267364502,
      "side_mean": -39.721256256103516
    },
    {
      "high_freq": 12199.2666015625,
      "loudness": -47.8044548034668,
      "loudness_range": 28.088497161865234,
      "low_freq": 7314.1640625,
      "mid_mean": -48.28230285644531,
      "mid_to_side_loudness": -4.130003929138184,
      "mid_to_side_loudness_range": 7.806525707244873,
      "side_mean": -52.585296630859375
    },
    {
      "loudness": -58.135826110839844,
      "loudness_range": 23.579017639160156,
      "low_freq": 12199.2666015625,
      "mid_mean": -58.34988021850586,
      "mid_to_side_loudness": 2.7409942150115967,
      "mid_to_side_loudness_range": 6.980877876281738,
      "side_mean": -55.697994232177734
    }
  ],
  "bandwidth": 594.8824462890625,
  "channels": 2,
  "covariance": [
    [
      57.28091812133789,
      48.98390197753906,
      20.457616806030273,
      3.510740041732788,
      6.637988567352295,
      2.808243751525879,
      -0.23916850984096527,
      -4.821605205535889,
      3.535205125808716,
      3.806487798690796,
      4.453056335449219,
      10.553174018859863,
      15.423945426940918,
      18.102130889892578,
      14.12458324432373,
      11.496505737304688,
      12.916316032409668,
      17.997154235839844
    ],
    [
      48.98390197753906,
      57.25438690185547,
      23.263761520385742,
      10.011499404907227,
      10.033398628234863,
      7.193542957305908,
      0.5713008046150208,
      -2.914689779281616,
      5.022566318511963,
      5.479977130889893,
      5.0883026123046875,
      10.359481811523438,
      14.678342819213867,
      17.79120635986328,
      16.31516456604004,
      12.353301048278809,
      13.92306137084961,
      20.030025482177734
    ],
    [
      20.457616806030273,
      23.263761520385742,
      38.00653839111328,
      23.94504737854004,
      22.868425369262695,
      9.949743270874023,
      12.27320671081543,
      3.5952680110931396,
      11.970070838928223,
      7.928816318511963,
      10.820566177368164,
      13.525068283081055,
      17.784879684448242,
      20.640642166137695,
      30.18474578857422,
      23.067462921142578,
      15.058263778686523,
      22.541086196899414
    ],
    [
      3.510740041732788,
      10.011499404907227,
      23.94504737854004,
      45.22945022583008,
      28.572298049926758,
      22.79592514038086,
      24.28133201599121,
      17.146682739257812,
      14.266034126281738,
      18.642683029174805,
      10.64887523651123,
      14.893041610717773,
      12.64691162109375,
      17.21466064453125,
      35.18181228637695,
      27.24608039855957,
      17.347911834716797,
      25.4111385345459
    ],
    [
      6.637988567352295,
      10.033398628234863,
      22.868425369262695,
      28.572298049926758,
      42.232669830322266,
      19.028026580810547,
      31.094335556030273,
      20.925832748413086,
      21.86520767211914,
      21.972824096679688,
      16.794038772583008,
      20.621177673339844,
      20.178293228149414,
      23.472259521484375,
      34.27048873901367,
      27.682659149169922,
      17.907215118408203,
      26.023935317993164
    ],
    [
      2.808243751525879,
      7.193542957305908,
      9.949743270874023,
      22.79592514038086,
      19.028026580810547,
      30.039371490478516,
      23.144380569458008,
      26.94869613647461,
      17.14773178100586,
      17.48015594482422,
      16.08970832824707,
      7.79299259185791,
      10.16862964630127,
      8.812287330627441,
      12.18248462677002,
      12.235759735107422,
      11.558686256408691,
      13.553678512573242
    ],
    [
      -0.23916850984096527,
      0.5713008046150208,
      12.27320671081543,
      24.28133201599121,
      31.094335556030273,
      23.144380569458008,
      43.569580078125,
      31.843029022216797,
      25.735496520996094,
      26.97807502746582,
      20.079833984375,
      18.629955291748047,
      17.051929473876953,
      18.97713851928711,
      22.232669830322266,
      20.89712142944336,
      15.373527526855469,
      20.790620803833008
    ],
    [
      -4.821605205535889,
      -2.914689779281616,
      3.5952680110931396,
      17.146682739257812,
      20.925832748413086,
      26.94869613647461,
      31.843029022216797,
      38.44584274291992,
      26.65593910217285,
      26.860153198242188,
      22.906064987182617,
      13.108675003051758,
      15.138327598571777,
      11.964117050170898,
      12.106182098388672,
      13.821889877319336,
      11.951780319213867,
      13.05783748626709
    ],
    [
      3.535205125808716,
      5.022566318511963,
      11.970070838928223,
      14.266034126281738,
      21.86520767211914,
      17.14773178100586,
      25.735496520996094,
      26.65593910217285,
      30.222579956054688,
      27.477815628051758,
      24.597837448120117,
      20.278005599975586,
      21.202322006225586,
      21.365333557128906,
      17.473974227905273,
      17.014387130737305,
      10.55269718170166,
      14.930204391479492
    ],
    [
      3.806487798690796,
      5.479977130889893,
      7.928816318511963,
      18.642683029174805,
      21.972824096679688,
      17.48015594482422,
      26.97807502746582,
      26.860153198242188,
      27.477815628051758,
      31.959253311157227,
      21.744850158691406,
      23.327367782592773,
      19.21564292907715,
      21.10892105102539,
      16.197168350219727,
      15.89055061340332,
      9.482306480407715,
      13.744776725769043
    ],
    [
      4.453056335449219,
      5.0883026123046875,
      10.820566177368164,
      10.64887523651123,
      16.794038772583008,
      16.08970832824707,
      20.079833984375,
      22.906064987182617,
      24.597837448120117,
      21.744850158691406,
      26.647890090942383,
      19.69001579284668,
      21.157861709594727,
      19.91515350341797,
      15.684894561767578,
      15.97735595703125,
      9.312921524047852,
      12.552947998046875
    ],
    [
      10.553174018859863,
      10.359481811523438,
      13.525068283081055,
      14.893041610717773,
      20.621177673339844,
      7.79299259185791,
      18.629955291748047,
      13.108675003051758,
      20.278005599975586,
      23.327367782592773,
      19.69001579284668,
      30.222625732421875,
      23.34161949157715,
      26.86378288269043,
      23.335399627685547,
      19.81620979309082,
      8.289660453796387,
      13.635360717773438
    ],
    [
      15.423945426940918,
      14.678342819213867,
      17.784879684448242,
      12.64691162109375,
      20.178293228149414,
      10.16862964630127,
      17.051929473876953,
      15.138327598571777,
      21.202322006225586,
      19.21564292907715,
      21.157861709594727,
      23.34161949157715,
      28.751678466796875,
      26.563465118408203,
      28.819517135620117,
      25.506071090698242,
      16.175106048583984,
      22.362667083740234
    ],
    [
      18.102130889892578,
      17.79120635986328,
      20.640642166137695,
      17.21466064453125,
      23.472259521484375,
      8.812287330627441,
      18.97713851928711,
      11.964117050170898,
      21.365333557128906,
      21.10892105102539,
      19.91515350341797,
      26.86378288269043,
      26.563465118408203,
      33.471988677978516,
      27.170228958129883,
      22.91431427001953,
      13.25119686126709,
      21.42717170715332
    ],
    [
      14.12458324432373,
      16.31516456604004,
      30.18474578857422,
      35.18181228637695,
      34.27048873901367,
      12.18248462677002,
      22.232669830322266,
      12.106182098388672,
      17.473974227905273,
      16.197168350219727,
      15.684894561767578,
      23.335399627685547,
      28.819517135620117,
      27.170228958129883,
      78.86669158935547,
      62.13507080078125,
      41.210723876953125,
      54.745819091796875
    ],
    [
      11.496505737304688,
      12.353301048278809,
      23.067462921142578,
      27.24608039855957,
      27.682659149169922,
      12.235759735107422,
      20.89712142944336,
      13.821889877319336,
      17.014387130737305,
      15.89055061340332,
      15.97735595703125,
      19.81620979309082,
      25.506071090698242,
      22.91431427001953,
      62.13507080078125,
      77.61408996582031,
      50.33245086669922,
      65.17932891845703
    ],
    [
      12.916316032409668,
      13.92306137084961,
      15.058263778686523,
      17.347911834716797,
      17.907215118408203,
      11.558686256408691,
      15.373527526855469,
      11.951780319213867,
      10.55269718170166,
      9.482306480407715,
      9.312921524047852,
      8.289660453796387,
      16.175106048583984,
      13.25119686126709,
      41.210723876953125,
      50.33245086669922,
      39.97486877441406,
      49.74237060546875
    ],
    [
      17.997154235839844,
      20.030025482177734,
      22.541086196899414,
      25.4111385345459,
      26.023935317993164,
      13.553678512573242,
      20.790620803833008,
      13.05783748626709,
      14.930204391479492,
      13.744776725769043,
      12.552947998046875,
      13.635360717773438,
      22.362667083740234,
      21.42717170715332,
      54.745819091796875,
      65.17932891845703,
      49.74237060546875,
      64.99580383300781
    ]
  ],
  "covariance_short": [
    [
      88.53075408935547,
      59.72471237182617,
      36.16425704956055,
      22.967802047729492,
      8.847074508666992,
      3.0245933532714844,
      3.607639789581299,
      -2.005685567855835,
      5.6471967697143555,
      5.390409469604492,
      6.006700038909912,
      14.574566841125488,
      18.464031219482422,
      25.927066802978516,
      27.75021743774414,
      20.187301635742188,
      17.025602340698242,
      25.674571990966797
    ],
    [
      59.72471237182617,
      62.872962951660156,
      24.891189575195312,
      21.66639518737793,
      12.596290588378906,
      10.363704681396484,
      6.300825595855713,
      3.8302500247955322,
      8.868316650390625,
      8.739192008972168,
      9.250237464904785,
      14.608562469482422,
      17.93401336669922,
      21.812246322631836,
      27.16106605529785,
      19.641300201416016,
      15.794594764709473,
      23.365398406982422
    ],
    [
      36.16425704956055,
      24.891189575195312,
      46.386539459228516,
      25.205158233642578,
      17.190412521362305,
      7.944337844848633,
      5.942845344543457,
      1.2326650619506836,
      8.034175872802734,
      6.030984401702881,
      9.160633087158203,
      14.63931655883789,
      19.70450782775879,
      23.70298194885254,
      25.530208587646484,
      19.181325912475586,
      13.130340576171875,
      18.56473159790039
    ],
    [
      22.967802047729492,
      21.66639518737793,
      25.205158233642578,
      40.130428314208984,
      25.530187606811523,
      22.312908172607422,
      17.21282196044922,
      14.423666000366211,
      14.580925941467285,
      15.117047309875488,
      16.35123062133789,
      19.98214340209961,
      22.068483352661133,
      23.54025650024414,
      25.760459899902344,
      20.088010787963867,
      12.381484031677246,
      17.85749626159668
    ],
    [
      8.847074508666992,
      12.596290588378906,
      17.190412521362305,
      25.530187606811523,
      61.66984558105469,
      32.65438461303711,
      38.43474197387695,
      31.389930725097656,
      25.099225997924805,
      22.14616584777832,
      23.038537979125977,
      24.957958221435547,
      28.285263061523438,
      25.518814086914062,
      47.68236541748047,
      39.13349533081055,
      25.728181838989258,
      33.544864654541016
    ],
    [
      3.0245933532714844,
      10.363704681396484,
      7.944337844848633,
      22.312908172607422,
      32.65438461303711,
      46.839874267578125,
      32.90314483642578,
      38.20450210571289,
      24.162504196166992,
      24.004806518554688,
      26.2230281829834,
      16.193857192993164,
      19.487205505371094,
      15.207487106323242,
      17.694156646728516,
      17.990779876708984,
      16.334104537963867,
      18.29386329650879
    ],
    [
      3.607639789581299,
      6.300825595855713,
      5.942845344543457,
      17.21282196044922,
      38.43474197387695,
      32.90314483642578,
      55.786903381347656,
      47.09759521484375,
      33.61468505859375,
      31.156078338623047,
      30.80857276916504,
      26.115955352783203,
      25.97900390625,
      21.44565200805664,
      28.911590576171875,
      27.2950382232666,
      19.717453002929688,
      24.20439338684082
    ],
    [
      -2.005685567855835,
      3.8302500247955322,
      1.2326650619506836,
      14.423666000366211,
      31.389930725097656,
      38.20450210571289,
      47.09759521484375,
      56.205867767333984,
      33.32984924316406,
      31.92626953125,
      32.09396743774414,
      22.074913024902344,
      22.20623779296875,
      14.851701736450195,
      20.632368087768555,
      21.910310745239258,
      17.641523361206055,
      19.799549102783203
    ],
    [
      5.6471967697143555,
      8.868316650390625,
      8.034175872802734,
      14.580925941467285,
      25.099225997924805,
      24.162504196166992,
      33.61468505859375,
      33.32984924316406,
      42.311683654785156,
      34.234336853027344,
      36.336185455322266,
      29.89879608154297,
      27.542898178100586,
      27.601173400878906,
      20.127416610717773,
      20.271760940551758,
      11.284404754638672,
      16.57619285583496
    ],
    [
      5.390409469604492,
      8.739192008972168,
      6.030984401702881,
      15.117047309875488,
      22.14616584777832,
      24.004806518554688,
      31.156078338623047,
      31.92626953125,
      34.234336853027344,
      35.50400161743164,
      31.999229431152344,
      28.902690887451172,
      25.159162521362305,
      22.931015014648438,
      19.495756149291992,
      19.000503540039062,
      10.593162536621094,
      14.015398979187012
    ],
    [
      6.006700038909912,
      9.250237464904785,
      9.160633087158203,
      16.35123062133789,
      23.038537979125977,
      26.2230281829834,
      30.80857276916504,
      32.09396743774414,
      36.336185455322266,
      31.999229431152344,
      41.09234619140625,
      31.641223907470703,
      30.667762756347656,
      29.267677307128906,
      21.593791961669922,
      21.927505493164062,
      10.530707359313965,
      15.561790466308594
    ],
    [
      14.574566841125488,
      14.608562469482422,
      14.63931655883789,
      19.98214340209961,
      24.957958221435547,
      16.193857192993164,
      26.115955352783203,
      22.074913024902344,
      29.89879608154297,
      28.902690887451172,
      31.641223907470703,
      41.208133697509766,
      34.14765167236328,
      34.383785247802734,
      34.202598571777344,
      29.284385681152344,
      12.165843963623047,
      18.631784439086914
    ],
    [
      18.464031219482422,
      17.93401336669922,
      19.70450782775879,
      22.068483352661133,
      28.285263061523438,
      19.487205505371094,
      25.97900390625,
      22.20623779296875,
      27.542898178100586,
      25.159162521362305,
      30.667762756347656,
      34.14765167236328,
      47.845458984375,
      37.97954177856445,
      46.84684371948242,
      40.723289489746094,
      23.325782775878906,
      31.8509464263916
    ],
    [
      25.927066802978516,
      21.812246322631836,
      23.70298194885254,
      23.54025650024414,
      25.518814086914062,
      15.207487106323242,
      21.44565200805664,
      14.851701736450195,
      27.601173400878906,
      22.931015014648438,
      29.267677307128906,
      34.383785247802734,
      37.97954177856445,
      45.353782653808594,
      40.28976821899414,
      34.22539520263672,
      18.809843063354492,
      28.758493423461914
    ],
    [
      27.75021743774414,
      27.16106605529785,
      25.530208587646484,
      25.760459899902344,
      47.68236541748047,
      17.694156646728516,
      28.911590576171875,
      20.632368087768555,
      20.127416610717773,
      19.495756149291992,
      21.593791961669922,
      34.202598571777344,
      46.84684371948242,
      40.28976821899414,
      126.19182586669922,
      100.21234893798828,
      60.30179977416992,
      81.0938491821289
    ],
    [
      20.187301635742188,
      19.641300201416016,
      19.181325912475586,
      20.088010787963867,
      39.13349533081055,
      17.990779876708984,
      27.2950382232666,
      21.910310745239258,
      20.271760940551758,
      19.000503540039062,
      21.927505493164062,
      29.284385681152344,
      40.723289489746094,
      34.22539520263672,
      100.21234893798828,
      84.95094299316406,
      52.26163101196289,
      68.60135650634766
    ],
    [
      17.025602340698242,
      15.794594764709473,
      13.130340576171875,
      12.381484031677246,
      25.728181838989258,
      16.334104537963867,
      19.717453002929688,
      17.641523361206055,
      11.284404754638672,
      10.593162536621094,
      10.530707359313965,
      12.165843963623047,
      23.325782775878906,
      18.809843063354492,
      60.30179977416992,
      52.26163101196289,
      41.56547927856445,
      51.17803192138672
    ],
    [
      25.674571990966797,
      23.365398406982422,
      18.56473159790039,
      17.85749626159668,
      33.544864654541016,
      18.29386329650879,
      24.20439338684082,
      19.799549102783203,
      16.57619285583496,
      14.015398979187012,
      15.561790466308594,
      18.631784439086914,
      31.8509464263916,
      28.758493423461914,
      81.0938491821289,
      68.60135650634766,
      51.17803192138672,
      67.61150360107422
    ]
  ],
  "damage": -14.100460052490234,
  "diff_bandwidth": 628.61328125,
  "dissonance": 7.921668275263212,
  "drr": 1.8023563623428345,
  "dynamics": 3.495323419570923,
  "format": 1245190,
  "frames": 1701824,
  "loudness": -19.063077926635742,
  "loudness_range": 8.460700988769531,
  "loudness_range_short": 11.004316329956055,
  "lowpass_true_peak_15khz": -2.004880666732788,
  "mastering3_acoustic_entropies": [
    {
      "acoustic_entropy": 7.070530414581299,
      "acoustic_entropy_mono": 6.1338701248168945,
      "band_eliminated_acoustic_entropies": [
        {
          "acoustic_entropy": 6.940761566162109,
          "acoustic_entropy_side": 7.069631576538086,
          "hz": 129.47220167065723
        },
        {
          "acoustic_entropy": 6.722262382507324,
          "acoustic_entropy_side": 7.035465240478516,
          "hz": 202.92927478742237
        },
        {
          "acoustic_entropy": 7.4335832595825195,
          "acoustic_entropy_side": 7.11039924621582,
          "hz": 282.89161906338205
        },
        {
          "acoustic_entropy": 6.795492172241211,
          "acoustic_entropy_side": 6.7747907638549805,
          "hz": 369.9353335868758
        },
        {
          "acoustic_entropy": 6.893824577331543,
          "acoustic_entropy_side": 6.9401421546936035,
          "hz": 464.6875360973435
        },
        {
          "acoustic_entropy": 7.100322723388672,
          "acoustic_entropy_side": 7.077476978302002,
          "hz": 567.8308811364784
        },
        {
          "acoustic_entropy": 6.6816301345825195,
          "acoustic_entropy_side": 6.676609516143799,
          "hz": 680.1084783214808
        },
        {
          "acoustic_entropy": 7.146285057067871,
          "acoustic_entropy_side": 7.137241840362549,
          "hz": 802.3292461747484
        },
        {
          "acoustic_entropy": 6.060675144195557,
          "acoustic_entropy_side": 6.969503879547119,
          "hz": 935.3737400823702
        },
        {
          "acoustic_entropy": 6.8792877197265625,
          "acoustic_entropy_side": 6.964415073394775,
          "hz": 1080.2004963696966
        },
        {
          "acoustic_entropy": 6.5598273277282715,
          "acoustic_entropy_side": 6.804637432098389,
          "hz": 1237.8529382007157
        },
        {
          "acoustic_entropy": 6.618535041809082,
          "acoustic_entropy_side": 6.812951564788818,
          "hz": 1409.4668930556702
        },
        {
          "acoustic_entropy": 6.696375370025635,
          "acoustic_entropy_side": 6.981100082397461,
          "hz": 1596.2787759475705
        },
        {
          "acoustic_entropy": 6.980626106262207,
          "acoustic_entropy_side": 6.7375102043151855,
          "hz": 1799.6344973346393
        },
        {
          "acoustic_entropy": 6.654528617858887,
          "acoustic_entropy_side": 6.7341485023498535,
          "hz": 2020.9991599069049
        },
        {
          "acoustic_entropy": 7.0044050216674805,
          "acoustic_entropy_side": 7.028958797454834,
          "hz": 2261.9676141086993
        },
        {
          "acoustic_entropy": 7.095324993133545,
          "acoustic_entropy_side": 7.090285301208496,
          "hz": 2524.2759484456974
        },
        {
          "acoustic_entropy": 7.031018257141113,
          "acoustic_entropy_side": 7.063751697540283,
          "hz": 2809.813997359896
        },
        {
          "acoustic_entropy": 7.136458873748779,
          "acoustic_entropy_side": 7.1373138427734375,
          "hz": 3120.6389567871424
        },
        {
          "acoustic_entropy": 7.098814487457275,
          "acoustic_entropy_side": 7.130929946899414,
          "hz": 3458.990205492291
        },
        {
          "acoustic_entropy": 7.1102375984191895,
          "acoustic_entropy_side": 7.166842460632324,
          "hz": 3827.305438964164
        },
        {
          "acoustic_entropy": 7.164827823638916,
          "acoustic_entropy_side": 7.171154022216797,
          "hz": 4228.238232109126
        },
        {
          "acoustic_entropy": 7.084911823272705,
          "acoustic_entropy_side": 7.1210713386535645,
          "hz": 4664.6771572759235
        },
        {
          "acoustic_entropy": 7.107868671417236,
          "acoustic_entropy_side": 7.1415629386901855,
          "hz": 5139.766595350093
        },
        {
          "acoustic_entropy": 7.150923252105713,
          "acoustic_entropy_side": 7.141380786895752,
          "hz": 5656.929389854203
        },
        {
          "acoustic_entropy": 7.126714706420898,
          "acoustic_entropy_side": 7.108541488647461,
          "hz": 6219.891507268283
        },
        {
          "acoustic_entropy": 7.135209083557129,
          "acoustic_entropy_side": 7.103011608123779,
          "hz": 6832.70888123896
        },
        {
          "acoustic_entropy": 7.1241044998168945,
          "acoustic_entropy_side": 7.087986469268799,
          "hz": 7499.796634079867
        },
        {
          "acoustic_entropy": 7.11555814743042,
          "acoustic_entropy_side": 7.075972080230713,
          "hz": 8225.96088609342
        },
        {
          "acoustic_entropy": 7.128437519073486,
          "acoustic_entropy_side": 7.071255207061768,
          "hz": 9016.43338188839
        },
        {
          "acoustic_entropy": 7.093959808349609,
          "acoustic_entropy_side": 7.072402477264404,
          "hz": 9876.909183162974
        },
        {
          "acoustic_entropy": 7.104402542114258,
          "acoustic_entropy_side": 7.0780029296875,
          "hz": 10813.587699516042
        },
        {
          "acoustic_entropy": 7.093733310699463,
          "acoustic_entropy_side": 7.083123683929443,
          "hz": 11833.21735289826
        },
        {
          "acoustic_entropy": 7.08359432220459,
          "acoustic_entropy_side": 7.081928253173828,
          "hz": 12943.144197493959
        },
        {
          "acoustic_entropy": 7.078493118286133,
          "acoustic_entropy_side": 7.078227996826172,
          "hz": 14151.364845322005
        },
        {
          "acoustic_entropy": 7.073976993560791,
          "acoustic_entropy_side": 7.073559761047363,
          "hz": 15466.58407886509
        },
        {
          "acoustic_entropy": 7.0717387199401855,
          "acoustic_entropy_side": 7.071195125579834,
          "hz": 16898.27756580493
        },
        {
          "acoustic_entropy": 7.070831775665283,
          "acoustic_entropy_side": 7.0705671310424805,
          "hz": 18456.760127700032
        },
        {
          "acoustic_entropy": 7.070597171783447,
          "acoustic_entropy_side": 7.070531368255615,
          "hz": 20153.260054456492
        },
        {
          "acoustic_entropy": 7.070532321929932,
          "acoustic_entropy_side": 7.070530414581299,
          "hz": 22000.00000000001
        }
      ],
      "diff_acoustic_entropy": 5.77196741104126,
      "sn": 6
    },
    {
      "acoustic_entropy": 10.448992729187012,
      "acoustic_entropy_mono": 9.56225872039795,
      "band_eliminated_acoustic_entropies": [
        {
          "acoustic_entropy": 10.317171096801758,
          "acoustic_entropy_side": 10.485383987426758,
          "hz": 129.47220167065723
        },
        {
          "acoustic_entropy": 9.96411418914795,
          "acoustic_entropy_side": 10.34589672088623,
          "hz": 202.92927478742237
        },
        {
          "acoustic_entropy": 10.753402709960938,
          "acoustic_entropy_side": 10.645447731018066,
          "hz": 282.89161906338205
        },
        {
          "acoustic_entropy": 10.80575180053711,
          "acoustic_entropy_side": 10.515564918518066,
          "hz": 369.9353335868758
        },
        {
          "acoustic_entropy": 10.163183212280273,
          "acoustic_entropy_side": 10.554781913757324,
          "hz": 464.6875360973435
        },
        {
          "acoustic_entropy": 10.397979736328125,
          "acoustic_entropy_side": 10.479548454284668,
          "hz": 567.8308811364784
        },
        {
          "acoustic_entropy": 10.097346305847168,
          "acoustic_entropy_side": 10.00389289855957,
          "hz": 680.1084783214808
        },
        {
          "acoustic_entropy": 11.129019737243652,
          "acoustic_entropy_side": 10.230351448059082,
          "hz": 802.3292461747484
        },
        {
          "acoustic_entropy": 9.656859397888184,
          "acoustic_entropy_side": 10.689390182495117,
          "hz": 935.3737400823702
        },
        {
          "acoustic_entropy": 10.550708770751953,
          "acoustic_entropy_side": 10.376501083374023,
          "hz": 1080.2004963696966
        },
        {
          "acoustic_entropy": 10.423582077026367,
          "acoustic_entropy_side": 10.772533416748047,
          "hz": 1237.8529382007157
        },
        {
          "acoustic_entropy": 10.002346992492676,
          "acoustic_entropy_side": 10.342833518981934,
          "hz": 1409.4668930556702
        },
        {
          "acoustic_entropy": 10.53724479675293,
          "acoustic_entropy_side": 10.696552276611328,
          "hz": 1596.2787759475705
        },
        {
          "acoustic_entropy": 10.348095893859863,
          "acoustic_entropy_side": 10.213555335998535,
          "hz": 1799.6344973346393
        },
        {
          "acoustic_entropy": 10.115641593933105,
          "acoustic_entropy_side": 10.6427640914917,
          "hz": 2020.9991599069049
        },
        {
          "acoustic_entropy": 10.303095817565918,
          "acoustic_entropy_side": 10.359600067138672,
          "hz": 2261.9676141086993
        },
        {
          "acoustic_entropy": 10.46677017211914,
          "acoustic_entropy_side": 10.461942672729492,
          "hz": 2524.2759484456974
        },
        {
          "acoustic_entropy": 10.555562973022461,
          "acoustic_entropy_side": 10.506623268127441,
          "hz": 2809.813997359896
        },
        {
          "acoustic_entropy": 10.633079528808594,
          "acoustic_entropy_side": 10.397109031677246,
          "hz": 3120.6389567871424
        },
        {
          "acoustic_entropy": 10.463212013244629,
          "acoustic_entropy_side": 10.461969375610352,
          "hz": 3458.990205492291
        },
        {
          "acoustic_entropy": 10.577351570129395,
          "acoustic_entropy_side": 10.640857696533203,
          "hz": 3827.305438964164
        },
        {
          "acoustic_entropy": 10.788052558898926,
          "acoustic_entropy_side": 10.865812301635742,
          "hz": 4228.238232109126
        },
        {
          "acoustic_entropy": 10.640847206115723,
          "acoustic_entropy_side": 10.463269233703613,
          "hz": 4664.6771572759235
        },
        {
          "acoustic_entropy": 10.487049102783203,
          "acoustic_entropy_side": 10.56521224975586,
          "hz": 5139.766595350093
        },
        {
          "acoustic_entropy": 10.526905059814453,
          "acoustic_entropy_side": 10.542717933654785,
          "hz": 5656.929389854203
        },
        {
          "acoustic_entropy": 10.484172821044922,
          "acoustic_entropy_side": 10.464289665222168,
          "hz": 6219.891507268283
        },
        {
          "acoustic_entropy": 10.536345481872559,
          "acoustic_entropy_side": 10.490438461303711,
          "hz": 6832.70888123896
        },
        {
          "acoustic_entropy": 10.477033615112305,
          "acoustic_entropy_side": 10.462794303894043,
          "hz": 7499.796634079867
        },
        {
          "acoustic_entropy": 10.447504997253418,
          "acoustic_entropy_side": 10.451986312866211,
          "hz": 8225.96088609342
        },
        {
          "acoustic_entropy": 10.511146545410156,
          "acoustic_entropy_side": 10.472389221191406,
          "hz": 9016.43338188839
        },
        {
          "acoustic_entropy": 10.543371200561523,
          "acoustic_entropy_side": 10.466062545776367,
          "hz": 9876.909183162974
        },
        {
          "acoustic_entropy": 10.459436416625977,
          "acoustic_entropy_side": 10.45659065246582,
          "hz": 10813.587699516042
        },
        {
          "acoustic_entropy": 10.43822193145752,
          "acoustic_entropy_side": 10.449676513671875,
          "hz": 11833.21735289826
        },
        {
          "acoustic_entropy": 10.470324516296387,
          "acoustic_entropy_side": 10.462530136108398,
          "hz": 12943.144197493959
        },
        {
          "acoustic_entropy": 10.493699073791504,
          "acoustic_entropy_side": 10.486658096313477,
          "hz": 14151.364845322005
        },
        {
          "acoustic_entropy": 10.490278244018555,
          "acoustic_entropy_side": 10.491151809692383,
          "hz": 15466.58407886509
        },
        {
          "acoustic_entropy": 10.46326732635498,
          "acoustic_entropy_side": 10.452701568603516,
          "hz": 16898.27756580493
        },
        {
          "acoustic_entropy": 10.44786548614502,
          "acoustic_entropy_side": 10.449731826782227,
          "hz": 18456.760127700032
        },
        {
          "acoustic_entropy": 10.448698043823242,
          "acoustic_entropy_side": 10.449047088623047,
          "hz": 20153.260054456492
        },
        {
          "acoustic_entropy": 10.448995590209961,
          "acoustic_entropy_side": 10.448991775512695,
          "hz": 22000.00000000001
        }
      ],
      "diff_acoustic_entropy": 8.193608283996582,
      "sn": 12
    },
    {
      "acoustic_entropy": 16.48621368408203,
      "acoustic_entropy_mono": 13.579907417297363,
      "band_eliminated_acoustic_entropies": [
        {
          "acoustic_entropy": 16.204425811767578,
          "acoustic_entropy_side": 16.37635040283203,
          "hz": 129.47220167065723
        },
        {
          "acoustic_entropy": 16.54161834716797,
          "acoustic_entropy_side": 16.32039451599121,
          "hz": 202.92927478742237
        },
        {
          "acoustic_entropy": 16.89691734313965,
          "acoustic_entropy_side": 16.496496200561523,
          "hz": 282.89161906338205
        },
        {
          "acoustic_entropy": 16.805973052978516,
          "acoustic_entropy_side": 16.530147552490234,
          "hz": 369.9353335868758
        },
        {
          "acoustic_entropy": 16.128990173339844,
          "acoustic_entropy_side": 16.233022689819336,
          "hz": 464.6875360973435
        },
        {
          "acoustic_entropy": 16.550119400024414,
          "acoustic_entropy_side": 16.62105369567871,
          "hz": 567.8308811364784
        },
        {
          "acoustic_entropy": 16.54595375061035,
          "acoustic_entropy_side": 16.241117477416992,
          "hz": 680.1084783214808
        },
        {
          "acoustic_entropy": 16.831016540527344,
          "acoustic_entropy_side": 16.0076904296875,
          "hz": 802.3292461747484
        },
        {
          "acoustic_entropy": 15.385632514953613,
          "acoustic_entropy_side": 16.34816551208496,
          "hz": 935.3737400823702
        },
        {
          "acoustic_entropy": 16.153356552124023,
          "acoustic_entropy_side": 16.132604598999023,
          "hz": 1080.2004963696966
        },
        {
          "acoustic_entropy": 16.464691162109375,
          "acoustic_entropy_side": 16.51869010925293,
          "hz": 1237.8529382007157
        },
        {
          "acoustic_entropy": 16.240222930908203,
          "acoustic_entropy_side": 16.12562370300293,
          "hz": 1409.4668930556702
        },
        {
          "acoustic_entropy": 16.17330551147461,
          "acoustic_entropy_side": 16.567180633544922,
          "hz": 1596.2787759475705
        },
        {
          "acoustic_entropy": 16.395288467407227,
          "acoustic_entropy_side": 16.374134063720703,
          "hz": 1799.6344973346393
        },
        {
          "acoustic_entropy": 15.16330337524414,
          "acoustic_entropy_side": 15.939537048339844,
          "hz": 2020.9991599069049
        },
        {
          "acoustic_entropy": 16.787399291992188,
          "acoustic_entropy_side": 16.63153648376465,
          "hz": 2261.9676141086993
        },
        {
          "acoustic_entropy": 16.534040451049805,
          "acoustic_entropy_side": 16.469575881958008,
          "hz": 2524.2759484456974
        },
        {
          "acoustic_entropy": 16.611061096191406,
          "acoustic_entropy_side": 16.477027893066406,
          "hz": 2809.813997359896
        },
        {
