{
  "acoustic_entropy": 213.4171142578125,
  "bands": [
    {
      "high_freq": 148.1999969482422,
      "loudness": -50.65745162963867,
      "loudness_range": 32.43840789794922,
      "mid_mean": -49.01420974731445,
      "mid_to_side_loudness": -3.895064353942871,
      "mid_to_side_loudness_range": 11.556730270385742,
      "side_mean": -53.101165771484375
    },
    {
      "high_freq": 392.3793640136719,
      "loudness": -32.490074157714844,
      "loudness_range": 24.998933792114258,
      "low_freq": 148.1999969482422,
      "mid_mean": -30.6234188079834,
      "mid_to_side_loudness": -4.099050998687744,
      "mid_to_side_loudness_range": 10.382071495056152,
      "side_mean": -34.52159881591797
    },
    {
      "high_freq": 794.6976318359375,
      "loudness": -29.951427459716797,
      "loudness_range": 16.773391723632812,
      "low_freq": 392.3793640136719,
      "mid_mean": -27.738637924194336,
      "mid_to_side_loudness": -4.6944050788879395,
      "mid_to_side_loudness_range": 9.407487869262695,
      "side_mean": -32.46794128417969
    },
    {
      "high_freq": 1457.5709228515625,
      "loudness": -30.2263126373291,
      "loudness_range": 13.269163131713867,
      "low_freq": 794.6976318359375,
      "mid_mean": -28.086467742919922,
      "mid_to_side_loudness": -4.471989154815674,
      "mid_to_side_loudness_range": 9.472625732421875,
      "side_mean": -32.57623291015625
    },
    {
      "high_freq": 2549.74365234375,
      "loudness": -30.979026794433594,
      "loudness_range": 15.800056457519531,
      "low_freq": 1457.5709228515625,
      "mid_mean": -28.984935760498047,
      "mid_to_side_loudness": -3.9027607440948486,
      "mid_to_side_loudness_range": 8.524530410766602,
      "side_mean": -32.876766204833984
    },
    {
      "high_freq": 4349.24462890625,
      "loudness": -33.5272331237793,
      "loudness_range": 20.90423583984375,
      "low_freq": 2549.74365234375,
      "mid_mean": -31.853322982788086,
      "mid_to_side_loudness": -3.470813751220703,
      "mid_to_side_loudness_range": 9.050960540771484,
      "side_mean": -35.166378021240234
    },
    {
      "high_freq": 7314.1640625,
      "loudness": -43.09883117675781,
      "loudness_range": 25.323158264160156,
      "low_freq": 4349.24462890625,
      "mid_mean": -41.44080352783203,
      "mid_to_side_loudness": -3.578098773956299,
      "mid_to_side_loudness_range": 8.831812858581543,
      "side_mean": -45.0872917175293
    },
    {
      "high_freq": 12199.2666015625,
      "loudness": -52.03676986694336,
      "loudness_range": 30.05792999267578,
      "low_freq": 7314.1640625,
      "mid_mean": -51.022254943847656,
      "mid_to_side_loudness": -3.6038687229156494,
      "mid_to_side_loudness_range": 9.284716606140137,
      "side_mean": -54.28223419189453
    },
    {
      "loudness": -64.78816986083984,
      "loudness_range": 31.09732437133789,
      "low_freq": 12199.2666015625,
      "mid_mean": -61.120933532714844,
      "mid_to_side_loudness": -5.055953025817871,
      "mid_to_side_loudness_range": 12.86938762664795,
      "side_mean": -64.64833068847656
    }
  ],
  "bands_short": [
    {
      "high_freq": 148.1999969482422,
      "loudness": -54.52537155151367,
      "loudness_range": 31.75674057006836,
      "mid_mean": -53.33391571044922,
      "mid_to_side_loudness": -4.089890003204346,
      "mid_to_side_loudness_range": 15.443819999694824,
      "side_mean": -56.60176086425781
    },
    {
      "high_freq": 392.3793640136719,
      "loudness": -33.18214416503906,
      "loudness_range": 25.43868637084961,
      "low_freq": 148.1999969482422,
      "mid_mean": -31.422901153564453,
      "mid_to_side_loudness": -4.158317565917969,
      "mid_to_side_loudness_range": 12.766120910644531,
      "side_mean": -35.6163215637207
    },
    {
      "high_freq": 794.6976318359375,
      "loudness": -30.155845642089844,
      "loudness_range": 17.1770076751709,
      "low_freq": 392.3793640136719,
      "mid_mean": -28.128860473632812,
      "mid_to_side_loudness": -4.540170192718506,
      "mid_to_side_loudness_range": 12.134340286254883,
      "side_mean": -32.71465301513672
    },
    {
      "high_freq": 1457.5709228515625,
      "loudness": -30.252323150634766,
      "loudness_range": 13.972541809082031,
      "low_freq": 794.6976318359375,
      "mid_mean": -28.30552101135254,
      "mid_to_side_loudness": -4.211511135101318,
      "mid_to_side_loudness_range": 11.9364595413208,
      "side_mean": -32.562259674072266
    },
    {
      "high_freq": 2549.74365234375,
      "loudness": -31.31553077697754,
      "loudness_range": 16.611587524414062,
      "low_freq": 1457.5709228515625,
      "mid_mean": -29.52447509765625,
      "mid_to_side_loudness": -3.7537622451782227,
      "mid_to_side_loudness_range": 11.251176834106445,
      "side_mean": -33.27411651611328
    },
    {
      "high_freq": 4349.24462890625,
      "loudness": -33.708213806152344,
      "loudness_range": 21.248443603515625,
      "low_freq": 2549.74365234375,
      "mid_mean": -32.19005584716797,
      "mid_to_side_loudness": -3.2704591751098633,
      "mid_to_side_loudness_range": 11.21291446685791,
      "side_mean": -35.43098449707031
    },
    {
      "high_freq": 7314.1640625,
      "loudness": -43.43604278564453,
      "loudness_range": 25.30144691467285,
      "low_freq": 4349.24462890625,
      "mid_mean": -42.064273834228516,
      "mid_to_side_loudness": -3.0906498432159424,
      "mid_to_side_loudness_range": 10.757326126098633,
      "side_mean": -45.25905990600586
    },
    {
      "high_freq": 12199.2666015625,
      "loudness": -52.65469741821289,
      "loudness_range": 29.11655044555664,
      "low_freq": 7314.1640625,
      "mid_mean": -51.81961441040039,
      "mid_to_side_loudness": -2.9825098514556885,
      "mid_to_side_loudness_range": 10.122295379638672,
      "side_mean": -54.46503448486328
    },
    {
      "loudness": -66.01978302001953,
      "loudness_range": 28.057918548583984,
      "low_freq": 12199.2666015625,
      "mid_mean": -62.333641052246094,
      "mid_to_side_loudness": -4.043872833251953,
      "mid_to_side_loudness_range": 11.906110763549805,
      "side_mean": -64.91981506347656
    }
  ],
  "bandwidth": 817.8387451171875,
  "channels": 2,
  "covariance": [
    [
      105.39549255371094,
      105.70820617675781,
      56.06484603881836,
      67.27650451660156,
      26.27826690673828,
      40.68022918701172,
      19.478866577148438,
      33.7396354675293,
      23.193265914916992,
      33.41307830810547,
      29.04914093017578,
      34.10844421386719,
      33.320560455322266,
      36.979373931884766,
      29.45199966430664,
      28.315929412841797,
      11.807451248168945,
      11.15815544128418
    ],
    [
      105.70820617675781,
      124.6740951538086,
      64.6480712890625,
      76.77754974365234,
      30.68926429748535,
      46.63863754272461,
      21.835559844970703,
      38.90851593017578,
      25.25566291809082,
      38.333396911621094,
      30.298120498657227,
      37.795379638671875,
      34.00143814086914,
      40.16670608520508,
      39.42811965942383,
      38.66771697998047,
      16.410648345947266,
      15.67601490020752
    ],
    [
      56.06484603881836,
      64.6480712890625,
      74.89334869384766,
      72.7933578491211,
      26.39959716796875,
      35.298606872558594,
      16.473947525024414,
      28.927814483642578,
      21.97113800048828,
      31.134052276611328,
      17.53146743774414,
      25.709815979003906,
      23.22736358642578,
      29.735319137573242,
      21.36305809020996,
      25.94028091430664,
      3.0618393421173096,
      8.499244689941406
    ],
    [
      67.27650451660156,
      76.77754974365234,
      72.7933578491211,
      86.23213195800781,
      26.295183181762695,
      39.81031799316406,
      18.221328735351562,
      34.022762298583984,
      24.392580032348633,
      37.16471862792969,
      24.0903263092041,
      33.51844024658203,
      28.254568099975586,
      37.305667877197266,
      23.557350158691406,
      29.784570693969727,
      3.096404790878296,
      9.587479591369629
    ],
    [
      26.27826690673828,
      30.68926429748535,
      26.39959716796875,
      26.295183181762695,
      28.18279457092285,
      29.02556610107422,
      15.649005889892578,
      19.426435470581055,
      16.28081703186035,
      18.61041259765625,
      14.624458312988281,
      17.612085342407227,
      18.21855926513672,
      18.464981079101562,
      16.145708084106445,
      14.634620666503906,
      10.684999465942383,
      8.12091064453125
    ],
    [
      40.68022918701172,
      46.63863754272461,
      35.298606872558594,
      39.81031799316406,
      29.02556610107422,
      42.040260314941406,
      17.36611557006836,
      27.12735366821289,
      20.099519729614258,
      26.77485466003418,
      20.71689796447754,
      27.021596908569336,
      24.796615600585938,
      28.244667053222656,
      21.70458221435547,
      21.4613037109375,
      13.270832061767578,
      11.495779991149902
    ],
    [
      19.478866577148438,
      21.835559844970703,
      16.473947525024414,
      18.221328735351562,
      15.649005889892578,
      17.36611557006836,
      21.12987518310547,
      20.386520385742188,
      22.475923538208008,
      23.475234985351562,
      26.752662658691406,
      24.188127517700195,
      29.103715896606445,
      26.733369827270508,
      30.253664016723633,
      24.665878295898438,
      21.68456268310547,
      13.91540241241455
    ],
    [
      33.7396354675293,
      38.90851593017578,
      28.927814483642578,
      34.022762298583984,
      19.426435470581055,
      27.12735366821289,
      20.386520385742188,
      31.220378875732422,
      24.289316177368164,
      31.778963088989258,
      30.1607723236084,
      33.19438552856445,
      33.30101013183594,
      35.91926193237305,
      31.47719955444336,
      29.49580192565918,
      19.633472442626953,
      15.698695182800293
    ],
    [
      23.193265914916992,
      25.25566291809082,
      21.97113800048828,
      24.392580032348633,
      16.28081703186035,
      20.099519729614258,
      22.475923538208008,
      24.289316177368164,
      32.65119552612305,
      32.7958869934082,
      37.10687255859375,
      33.879783630371094,
      41.868167877197266,
      37.761390686035156,
      42.056175231933594,
      33.437801361083984,
      30.427528381347656,
      18.719261169433594
    ],
    [
      33.41307830810547,
      38.333396911621094,
      31.134052276611328,
      37.16471862792969,
      18.61041259765625,
      26.77485466003418,
      23.475234985351562,
      31.778963088989258,
      32.7958869934082,
      42.693016052246094,
      41.333614349365234,
      43.10664367675781,
      45.48281478881836,
      47.454254150390625,
      44.618770599365234,
      39.95241165161133,
      28.943567276000977,
      21.09892463684082
    ],
    [
      29.04914093017578,
      30.298120498657227,
      17.53146743774414,
      24.0903263092041,
      14.624458312988281,
      20.71689796447754,
      26.752662658691406,
      30.1607723236084,
      37.10687255859375,
      41.333614349365234,
      58.91565704345703,
      51.18128204345703,
      61.300392150878906,
      54.237998962402344,
      63.964805603027344,
      50.252044677734375,
      47.336605072021484,
      27.961551666259766
    ],
    [
      34.10844421386719,
      37.795379638671875,
      25.709815979003906,
      33.51844024658203,
      17.612085342407227,
      27.021596908569336,
      24.188127517700195,
      33.19438552856445,
      33.879783630371094,
      43.10664367675781,
      51.18128204345703,
      57.9260139465332,
      57.22661209106445,
      58.155174255371094,
      55.7479133605957,
      49.50254821777344,
      37.802242279052734,
      26.39008903503418
    ],
    [
      33.320560455322266,
      34.00143814086914,
      23.22736358642578,
      28.254568099975586,
      18.21855926513672,
      24.796615600585938,
      29.103715896606445,
      33.30101013183594,
      41.868167877197266,
      45.48281478881836,
      61.300392150878906,
      57.22661209106445,
      78.31828308105469,
      66.02070617675781,
      77.04532623291016,
      59.55667495727539,
      59.663246154785156,
      35.48958206176758
    ],
    [
      36.979373931884766,
      40.16670608520508,
      29.735319137573242,
      37.305667877197266,
      18.464981079101562,
      28.244667053222656,
      26.733369827270508,
      35.91926193237305,
      37.761390686035156,
      47.454254150390625,
      54.237998962402344,
      58.155174255371094,
      66.02070617675781,
      68.99371337890625,
      68.50333404541016,
      60.21404266357422,
      47.999446868896484,
      32.97425842285156
    ],
    [
      29.45199966430664,
      39.42811965942383,
      21.36305809020996,
      23.557350158691406,
      16.145708084106445,
      21.70458221435547,
      30.253664016723633,
      31.47719955444336,
      42.056175231933594,
      44.618770599365234,
      63.964805603027344,
      55.7479133605957,
      77.04532623291016,
      68.50333404541016,
      108.07209777832031,
      84.87470245361328,
      79.48284149169922,
      45.97183609008789
    ],
    [
      28.315929412841797,
      38.66771697998047,
      25.94028091430664,
      29.784570693969727,
      14.634620666503906,
      21.4613037109375,
      24.665878295898438,
      29.49580192565918,
      33.437801361083984,
      39.95241165161133,
      50.252044677734375,
      49.50254821777344,
      59.55667495727539,
      60.21404266357422,
      84.87470245361328,
      74.5635986328125,
      57.123477935791016,
      37.97318649291992
    ],
    [
      11.807451248168945,
      16.410648345947266,
      3.0618393421173096,
      3.096404790878296,
      10.684999465942383,
      13.270832061767578,
      21.68456268310547,
      19.633472442626953,
      30.427528381347656,
      28.943567276000977,
      47.336605072021484,
      37.802242279052734,
      59.663246154785156,
      47.999446868896484,
      79.48284149169922,
      57.123477935791016,
      75.1579818725586,
      40.815467834472656
    ],
    [
      11.15815544128418,
      15.67601490020752,
      8.499244689941406,
      9.587479591369629,
      8.12091064453125,
      11.495779991149902,
      13.91540241241455,
      15.698695182800293,
      18.719261169433594,
      21.09892463684082,
      27.961551666259766,
      26.39008903503418,
      35.48958206176758,
      32.97425842285156,
      45.97183609008789,
      37.97318649291992,
      40.815467834472656,
      27.38211441040039
    ]
  ],
  "covariance_short": [
    [
      109.57588195800781,
      95.4495849609375,
      60.75894546508789,
      71.4915771484375,
      28.75884246826172,
      42.1544303894043,
      17.071237564086914,
      32.47609329223633,
      23.325054168701172,
      33.444923400878906,
      25.887401580810547,
      33.497249603271484,
      29.302061080932617,
      34.709896087646484,
      34.75585174560547,
      33.77733612060547,
      12.794873237609863,
      12.032652854919434
    ],
    [
      95.4495849609375,
      102.08910369873047,
      60.67980194091797,
      72.64179992675781,
      28.328807830810547,
      41.2628173828125,
      16.997417449951172,
      32.2938346862793,
      22.55428695678711,
      33.31859588623047,
      24.018478393554688,
      31.65233612060547,
      27.499603271484375,
      33.22264862060547,
      31.19297218322754,
      31.346220016479492,
      11.421608924865723,
      11.46880054473877
    ],
    [
      60.75894546508789,
      60.67980194091797,
      84.6954345703125,
      78.17693328857422,
      30.24100112915039,
      37.252685546875,
      17.584545135498047,
      28.7283992767334,
      25.07657241821289,
      32.688777923583984,
      18.89573097229004,
      27.663782119750977,
      23.99274444580078,
      30.523967742919922,
      23.013341903686523,
      27.024324417114258,
      4.631107330322266,
      9.368927001953125
    ],
    [
      71.4915771484375,
      72.64179992675781,
      78.17693328857422,
      94.62923431396484,
      30.771747589111328,
      43.28970718383789,
      18.943527221679688,
      33.6981086730957,
      27.074613571166992,
      38.03916931152344,
      24.200227737426758,
      34.783817291259766,
      28.819477081298828,
      37.833885192871094,
      26.61905860900879,
      31.921466827392578,
      5.799327850341797,
      11.07094669342041
    ],
    [
      28.75884246826172,
      28.328807830810547,
      30.24100112915039,
      30.771747589111328,
      34.34379577636719,
      30.175281524658203,
      17.361169815063477,
      20.676868438720703,
      17.71242332458496,
      19.803627014160156,
      15.378352165222168,
      18.14824867248535,
      17.80841064453125,
      18.697031021118164,
      15.864867210388184,
      15.217147827148438,
      8.928321838378906,
      7.793254375457764
    ],
    [
      42.1544303894043,
      41.2628173828125,
      37.252685546875,
      43.28970718383789,
      30.175281524658203,
      45.780303955078125,
      17.757680892944336,
      27.41462516784668,
      21.12151527404785,
      27.83424186706543,
      21.023374557495117,
      27.52654457092285,
      24.315139770507812,
      28.354747772216797,
      21.631210327148438,
      22.252859115600586,
      11.316043853759766,
      11.14794921875
    ],
    [
      17.071237564086914,
      16.997417449951172,
      17.584545135498047,
      18.943527221679688,
      17.361169815063477,
      17.757680892944336,
      25.763347625732422,
      20.287878036499023,
      24.731327056884766,
      23.76319694519043,
      27.27957534790039,
      24.673086166381836,
      29.7685489654541,
      26.73201560974121,
      30.037994384765625,
      24.416015625,
      20.374753952026367,
      13.715371131896973
    ],
    [
      32.47609329223633,
      32.2938346862793,
      28.7283992767334,
      33.6981086730957,
      20.676868438720703,
      27.41462516784668,
      20.287878036499023,
      32.420528411865234,
      25.313751220703125,
      31.296661376953125,
      29.460538864135742,
      33.16455078125,
      33.22426223754883,
      34.66092300415039,
      30.377105712890625,
      28.67332649230957,
      17.799842834472656,
      15.1183500289917
    ],
    [
      23.325054168701172,
      22.55428695678711,
      25.07657241821289,
      27.074613571166992,
      17.71242332458496,
      21.12151527404785,
      24.731327056884766,
      25.313751220703125,
      39.73745346069336,
      34.903709411621094,
      38.21369552612305,
      35.208106994628906,
      42.97700119018555,
      39.00406265258789,
      42.273780822753906,
      34.23067092895508,
      27.87919807434082,
      18.449981689453125
    ],
    [
      33.444923400878906,
      33.31859588623047,
      32.688777923583984,
      38.03916931152344,
      19.803627014160156,
      27.83424186706543,
      23.76319694519043,
      31.296661376953125,
      34.903709411621094,
      46.79831314086914,
      40.380516052246094,
      43.57801055908203,
      45.502960205078125,
      47.59001159667969,
      43.87293243408203,
      40.15179443359375,
      26.11290168762207,
      20.624618530273438
    ],
    [
      25.887401580810547,
      24.018478393554688,
      18.89573097229004,
      24.200227737426758,
      15.378352165222168,
      21.023374557495117,
      27.27957534790039,
      29.460538864135742,
      38.21369552612305,
      40.380516052246094,
      61.20557403564453,
      50.86784744262695,
      62.20291519165039,
      53.64658737182617,
      62.39170455932617,
      49.42036437988281,
      42.91587448120117,
      26.995601654052734
    ],
    [
      33.497249603271484,
      31.65233612060547,
      27.663782119750977,
      34.783817291259766,
      18.14824867248535,
      27.52654457092285,
      24.673086166381836,
      33.16455078125,
      35.208106994628906,
      43.57801055908203,
      50.86784744262695,
      60.51545715332031,
      56.35190963745117,
      58.58467483520508,
      55.37533950805664,
      50.60279846191406,
      33.64459228515625,
      25.553991317749023
    ],
    [
      29.302061080932617,
      27.499603271484375,
      23.99274444580078,
      28.819477081298828,
      17.80841064453125,
      24.315139770507812,
      29.7685489654541,
      33.22426223754883,
      42.97700119018555,
      45.502960205078125,
      62.20291519165039,
      56.35190963745117,
      80.15526580810547,
      65.47819519042969,
      75.45958709716797,
      59.52329635620117,
      53.51036834716797,
      34.35588455200195
    ],
    [
      34.709896087646484,
      33.22264862060547,
      30.523967742919922,
      37.833885192871094,
      18.697031021118164,
      28.354747772216797,
      26.73201560974121,
      34.66092300415039,
      39.00406265258789,
      47.59001159667969,
      53.64658737182617,
      58.58467483520508,
      65.47819519042969,
      70.75151824951172,
      66.98118591308594,
      61.16434097290039,
      41.65250778198242,
      31.615604400634766
    ],
    [
      34.75585174560547,
      31.19297218322754,
      23.013341903686523,
      26.61905860900879,
      15.864867210388184,
      21.631210327148438,
      30.037994384765625,
      30.377105712890625,
      42.273780822753906,
      43.87293243408203,
      62.39170455932617,
      55.37533950805664,
      75.45958709716797,
      66.98118591308594,
      103.87863159179688,
      83.48969268798828,
      68.44480895996094,
      43.208045959472656
    ],
    [
      33.77733612060547,
      31.346220016479492,
      27.024324417114258,
      31.921466827392578,
      15.217147827148438,
      22.252859115600586,
      24.416015625,
      28.67332649230957,
      34.23067092895508,
      40.15179443359375,
      49.42036437988281,
      50.60279846191406,
      59.52329635620117,
      61.16434097290039,
      83.48969268798828,
      76.82868957519531,
      49.221405029296875,
      36.57595443725586
    ],
    [
      12.794873237609863,
      11.421608924865723,
      4.631107330322266,
      5.799327850341797,
      8.928321838378906,
      11.316043853759766,
      20.374753952026367,
      17.799842834472656,
      27.87919807434082,
      26.11290168762207,
      42.91587448120117,
      33.64459228515625,
      53.51036834716797,
      41.65250778198242,
      68.44480895996094,
      49.221405029296875,
      61.16404342651367,
      34.99343490600586
    ],
    [
      12.032652854919434,
      11.46880054473877,
      9.368927001953125,
      11.07094669342041,
      7.793254375457764,
      11.14794921875,
      13.715371131896973,
      15.1183500289917,
      18.449981689453125,
      20.624618530273438,
      26.995601654052734,
      25.553991317749023,
      34.35588455200195,
      31.615604400634766,
      43.208045959472656,
      36.57595443725586,
      34.99343490600586,
      25.543354034423828
    ]
  ],
  "damage": -13.243711471557617,
  "diff_bandwidth": 884.7619018554688,
  "dissonance": 7.423274546557891,
  "drr": 5.905138969421387,
  "dynamics": 4.601301193237305,
  "format": 1245190,
  "frames": 4759552,
  "loudness": -19.588281631469727,
  "loudness_range": 14.298903465270996,
  "loudness_range_short": 14.70892333984375,
  "lowpass_true_peak_15khz": -0.14907781779766083,
  "mastering3_acoustic_entropies": [
    {
      "acoustic_entropy": 5.572113037109375,
      "acoustic_entropy_mono": 6.148965835571289,
      "band_eliminated_acoustic_entropies": [
        {
          "acoustic_entropy": 5.573514461517334,
          "acoustic_entropy_side": 5.572617053985596,
          "hz": 129.47220167065723
        },
        {
          "acoustic_entropy": 5.236741065979004,
          "acoustic_entropy_side": 5.563706398010254,
          "hz": 202.92927478742237
        },
        {
          "acoustic_entropy": 5.309022903442383,
          "acoustic_entropy_side": 5.457089424133301,
          "hz": 282.89161906338205
        },
        {
          "acoustic_entropy": 5.482081890106201,
          "acoustic_entropy_side": 5.379946708679199,
          "hz": 369.9353335868758
        },
        {
          "acoustic_entropy": 5.3029584884643555,
          "acoustic_entropy_side": 5.551043510437012,
          "hz": 464.6875360973435
        },
        {
          "acoustic_entropy": 5.2698655128479,
          "acoustic_entropy_side": 5.425920486450195,
          "hz": 567.8308811364784
        },
        {
          "acoustic_entropy": 6.1694016456604,
          "acoustic_entropy_side": 5.422405242919922,
          "hz": 680.1084783214808
        },
        {
          "acoustic_entropy": 5.1343255043029785,
          "acoustic_entropy_side": 5.3696064949035645,
          "hz": 802.3292461747484
        },
        {
          "acoustic_entropy": 5.5296502113342285,
          "acoustic_entropy_side": 5.562565326690674,
          "hz": 935.3737400823702
        },
        {
          "acoustic_entropy": 5.305983066558838,
          "acoustic_entropy_side": 5.691335678100586,
          "hz": 1080.2004963696966
        },
        {
          "acoustic_entropy": 5.480570316314697,
          "acoustic_entropy_side": 5.697554111480713,
          "hz": 1237.8529382007157
        },
        {
          "acoustic_entropy": 5.600270748138428,
          "acoustic_entropy_side": 5.6103434562683105,
          "hz": 1409.4668930556702
        },
        {
          "acoustic_entropy": 5.709194183349609,
          "acoustic_entropy_side": 5.480180263519287,
          "hz": 1596.2787759475705
        },
        {
          "acoustic_entropy": 5.381113052368164,
          "acoustic_entropy_side": 5.429292678833008,
          "hz": 1799.6344973346393
        },
        {
          "acoustic_entropy": 5.51063871383667,
          "acoustic_entropy_side": 5.564117431640625,
          "hz": 2020.9991599069049
        },
        {
          "acoustic_entropy": 6.054968357086182,
          "acoustic_entropy_side": 5.777014255523682,
          "hz": 2261.9676141086993
        },
        {
          "acoustic_entropy": 5.62213659286499,
          "acoustic_entropy_side": 5.7093987464904785,
          "hz": 2524.2759484456974
        },
        {
          "acoustic_entropy": 5.720609664916992,
          "acoustic_entropy_side": 5.72700309753418,
          "hz": 2809.813997359896
        },
        {
          "acoustic_entropy": 5.425643444061279,
          "acoustic_entropy_side": 5.5269365310668945,
          "hz": 3120.6389567871424
        },
        {
          "acoustic_entropy": 5.727681636810303,
          "acoustic_entropy_side": 5.723099231719971,
          "hz": 3458.990205492291
        },
        {
          "acoustic_entropy": 5.240513324737549,
          "acoustic_entropy_side": 5.431578159332275,
          "hz": 3827.305438964164
        },
        {
          "acoustic_entropy": 5.556332111358643,
          "acoustic_entropy_side": 5.602686882019043,
          "hz": 4228.238232109126
        },
        {
          "acoustic_entropy": 5.330716609954834,
          "acoustic_entropy_side": 5.644308090209961,
          "hz": 4664.6771572759235
        },
        {
          "acoustic_entropy": 5.3901896476745605,
          "acoustic_entropy_side": 5.57452917098999,
          "hz": 5139.766595350093
        },
        {
          "acoustic_entropy": 5.386142253875732,
          "acoustic_entropy_side": 5.59268045425415,
          "hz": 5656.929389854203
        },
        {
          "acoustic_entropy": 5.588488578796387,
          "acoustic_entropy_side": 5.580800533294678,
          "hz": 6219.891507268283
        },
        {
          "acoustic_entropy": 5.510505199432373,
          "acoustic_entropy_side": 5.599260330200195,
          "hz": 6832.70888123896
        },
        {
          "acoustic_entropy": 5.442149639129639,
          "acoustic_entropy_side": 5.559664726257324,
          "hz": 7499.796634079867
        },
        {
          "acoustic_entropy": 5.4224853515625,
          "acoustic_entropy_side": 5.560539722442627,
          "hz": 8225.96088609342
        },
        {
          "acoustic_entropy": 5.443789958953857,
          "acoustic_entropy_side": 5.561556816101074,
          "hz": 9016.43338188839
        },
        {
          "acoustic_entropy": 5.460571765899658,
          "acoustic_entropy_side": 5.567898750305176,
          "hz": 9876.909183162974
        },
        {
          "acoustic_entropy": 5.4114532470703125,
          "acoustic_entropy_side": 5.567637920379639,
          "hz": 10813.587699516042
        },
        {
          "acoustic_entropy": 5.430122375488281,
          "acoustic_entropy_side": 5.567859649658203,
          "hz": 11833.21735289826
        },
        {
          "acoustic_entropy": 5.442418575286865,
          "acoustic_entropy_side": 5.569032669067383,
          "hz": 12943.144197493959
        },
        {
          "acoustic_entropy": 5.496196746826172,
          "acoustic_entropy_side": 5.571166515350342,
          "hz": 14151.364845322005
        },
        {
          "acoustic_entropy": 5.541211128234863,
          "acoustic_entropy_side": 5.571854591369629,
          "hz": 15466.58407886509
        },
        {
          "acoustic_entropy": 5.563329219818115,
          "acoustic_entropy_side": 5.572045803070068,
          "hz": 16898.27756580493
        },
        {
          "acoustic_entropy": 5.569847583770752,
          "acoustic_entropy_side": 5.572098255157471,
          "hz": 18456.760127700032
        },
        {
          "acoustic_entropy": 5.571673393249512,
          "acoustic_entropy_side": 5.572110176086426,
          "hz": 20153.260054456492
        },
        {
          "acoustic_entropy": 5.572099208831787,
          "acoustic_entropy_side": 5.572113037109375,
          "hz": 22000.00000000001
        }
      ],
      "diff_acoustic_entropy": 2.224477529525757,
      "sn": 6
    },
    {
      "acoustic_entropy": 9.794000625610352,
      "acoustic_entropy_mono": 9.931339263916016,
      "band_eliminated_acoustic_entropies": [
        {
          "acoustic_entropy": 9.78044605255127,
          "acoustic_entropy_side": 9.79130744934082,
          "hz": 129.47220167065723
        },
        {
          "acoustic_entropy": 9.240910530090332,
          "acoustic_entropy_side": 9.505879402160645,
          "hz": 202.92927478742237
        },
        {
          "acoustic_entropy": 10.006695747375488,
          "acoustic_entropy_side": 9.887016296386719,
          "hz": 282.89161906338205
        },
        {
          "acoustic_entropy": 10.083296775817871,
          "acoustic_entropy_side": 10.161279678344727,
          "hz": 369.9353335868758
        },
        {
          "acoustic_entropy": 9.468052864074707,
          "acoustic_entropy_side": 9.884238243103027,
          "hz": 464.6875360973435
        },
        {
          "acoustic_entropy": 9.799612998962402,
          "acoustic_entropy_side": 10.473127365112305,
          "hz": 567.8308811364784
        },
        {
          "acoustic_entropy": 10.207927703857422,
          "acoustic_entropy_side": 9.583441734313965,
          "hz": 680.1084783214808
        },
        {
          "acoustic_entropy": 9.707392692565918,
          "acoustic_entropy_side": 9.943252563476562,
          "hz": 802.3292461747484
        },
        {
          "acoustic_entropy": 10.249656677246094,
          "acoustic_entropy_side": 9.929585456848145,
          "hz": 935.3737400823702
        },
        {
          "acoustic_entropy": 9.687270164489746,
          "acoustic_entropy_side": 9.932565689086914,
          "hz": 1080.2004963696966
        },
        {
          "acoustic_entropy": 9.804271697998047,
          "acoustic_entropy_side": 9.522295951843262,
          "hz": 1237.8529382007157
        },
        {
          "acoustic_entropy": 9.637533187866211,
          "acoustic_entropy_side": 9.719844818115234,
          "hz": 1409.4668930556702
        },
        {
          "acoustic_entropy": 10.30237102508545,
          "acoustic_entropy_side": 9.740273475646973,
          "hz": 1596.2787759475705
        },
        {
          "acoustic_entropy": 9.693671226501465,
          "acoustic_entropy_side": 9.734984397888184,
          "hz": 1799.6344973346393
        },
        {
          "acoustic_entropy": 9.64698314666748,
          "acoustic_entropy_side": 9.542828559875488,
          "hz": 2020.9991599069049
        },
        {
          "acoustic_entropy": 10.596936225891113,
          "acoustic_entropy_side": 9.577431678771973,
          "hz": 2261.9676141086993
        },
        {
          "acoustic_entropy": 9.92322063446045,
          "acoustic_entropy_side": 9.649934768676758,
          "hz": 2524.2759484456974
        },
        {
          "acoustic_entropy": 9.81071662902832,
          "acoustic_entropy_side": 9.553373336791992,
          "hz": 2809.813997359896
        },
        {
          "acoustic_entropy": 9.584415435791016,
          "acoustic_entropy_side": 9.718867301940918,
          "hz": 3120.6389567871424
        },
        {
          "acoustic_entropy": 10.055659294128418,
          "acoustic_entropy_side": 9.805692672729492,
          "hz": 3458.990205492291
        },
        {
          "acoustic_entropy": 9.735907554626465,
          "acoustic_entropy_side": 9.885795593261719,
          "hz": 3827.305438964164
        },
        {
          "acoustic_entropy": 9.79447078704834,
          "acoustic_entropy_side": 9.780393600463867,
          "hz": 4228.238232109126
        },
        {
          "acoustic_entropy": 9.850491523742676,
          "acoustic_entropy_side": 9.843914031982422,
          "hz": 4664.6771572759235
        },
        {
          "acoustic_entropy": 9.74826717376709,
          "acoustic_entropy_side": 9.861427307128906,
          "hz": 5139.766595350093
        },
        {
          "acoustic_entropy": 9.818613052368164,
          "acoustic_entropy_side": 9.81975269317627,
          "hz": 5656.929389854203
        },
        {
          "acoustic_entropy": 9.916400909423828,
          "acoustic_entropy_side": 9.809947967529297,
          "hz": 6219.891507268283
        },
        {
          "acoustic_entropy": 9.86495590209961,
          "acoustic_entropy_side": 9.799898147583008,
          "hz": 6832.70888123896
        },
        {
          "acoustic_entropy": 9.696940422058105,
          "acoustic_entropy_side": 9.840860366821289,
          "hz": 7499.796634079867
        },
        {
          "acoustic_entropy": 9.718544960021973,
          "acoustic_entropy_side": 9.834152221679688,
          "hz": 8225.96088609342
        },
        {
          "acoustic_entropy": 9.692665100097656,
          "acoustic_entropy_side": 9.814581871032715,
          "hz": 9016.43338188839
        },
        {
          "acoustic_entropy": 9.663918495178223,
          "acoustic_entropy_side": 9.804149627685547,
          "hz": 9876.909183162974
        },
        {
          "acoustic_entropy": 9.662060737609863,
          "acoustic_entropy_side": 9.803862571716309,
          "hz": 10813.587699516042
        },
        {
          "acoustic_entropy": 9.65141773223877,
          "acoustic_entropy_side": 9.801262855529785,
          "hz": 11833.21735289826
        },
        {
          "acoustic_entropy": 9.623924255371094,
          "acoustic_entropy_side": 9.790903091430664,
          "hz": 12943.144197493959
        },
        {
          "acoustic_entropy": 9.637093544006348,
          "acoustic_entropy_side": 9.791604995727539,
          "hz": 14151.364845322005
        },
        {
          "acoustic_entropy": 9.69861888885498,
          "acoustic_entropy_side": 9.79273796081543,
          "hz": 15466.58407886509
        },
        {
          "acoustic_entropy": 9.745001792907715,
          "acoustic_entropy_side": 9.793534278869629,
          "hz": 16898.27756580493
        },
        {
          "acoustic_entropy": 9.780324935913086,
          "acoustic_entropy_side": 9.793899536132812,
          "hz": 18456.760127700032
        },
        {
          "acoustic_entropy": 9.791475296020508,
          "acoustic_entropy_side": 9.793988227844238,
          "hz": 20153.260054456492
        },
        {
          "acoustic_entropy": 9.79387378692627,
          "acoustic_entropy_side": 9.794000625610352,
          "hz": 22000.00000000001
        }
      ],
      "diff_acoustic_entropy": 3.976067304611206,
      "sn": 12
    },
    {
      "acoustic_entropy": 15.929486274719238,
      "acoustic_entropy_mono": 14.32210636138916,
      "band_eliminated_acoustic_entropies": [
        {
          "acoustic_entropy": 16.10923194885254,
          "acoustic_entropy_side": 16.00687026977539,
          "hz": 129.47220167065723
        },
        {
          "acoustic_entropy": 15.574568748474121,
          "acoustic_entropy_side": 15.997210502624512,
          "hz": 202.92927478742237
        },
        {
          "acoustic_entropy": 15.187064170837402,
          "acoustic_entropy_side": 16.012359619140625,
          "hz": 282.89161906338205
        },
        {
          "acoustic_entropy": 14.732254028320312,
          "acoustic_entropy_side": 16.347728729248047,
          "hz": 369.9353335868758
        },
        {
          "acoustic_entropy": 15.901952743530273,
          "acoustic_entropy_side": 15.641077041625977,
          "hz": 464.6875360973435
        },
        {
          "acoustic_entropy": 15.576882362365723,
          "acoustic_entropy_side": 16.589984893798828,
          "hz": 567.8308811364784
        },
        {
          "acoustic_entropy": 15.987926483154297,
          "acoustic_entropy_side": 15.87249755859375,
          "hz": 680.1084783214808
        },
        {
          "acoustic_entropy": 15.854092597961426,
          "acoustic_entropy_side": 16.133222579956055,
          "hz": 802.3292461747484
        },
        {
          "acoustic_entropy": 16.195037841796875,
          "acoustic_entropy_side": 16.11931037902832,
          "hz": 935.3737400823702
        },
        {
          "acoustic_entropy": 15.353559494018555,
          "acoustic_entropy_side": 15.620954513549805,
          "hz": 1080.2004963696966
        },
        {
          "acoustic_entropy": 15.388747215270996,
          "acoustic_entropy_side": 15.693135261535645,
          "hz": 1237.8529382007157
        },
        {
          "acoustic_entropy": 16.078079223632812,
          "acoustic_entropy_side": 15.617725372314453,
          "hz": 1409.4668930556702
        },
        {
          "acoustic_entropy": 15.89228343963623,
          "acoustic_entropy_side": 16.22901153564453,
          "hz": 1596.2787759475705
        },
        {
          "acoustic_entropy": 15.67129898071289,
          "acoustic_entropy_side": 16.109811782836914,
          "hz": 1799.6344973346393
        },
        {
          "acoustic_entropy": 15.413094520568848,
          "acoustic_entropy_side": 14.993243217468262,
          "hz": 2020.9991599069049
        },
        {
          "acoustic_entropy": 16.33204460144043,
          "acoustic_entropy_side": 16.12063980102539,
          "hz": 2261.9676141086993
        },
        {
          "acoustic_entropy": 15.559001922607422,
          "acoustic_entropy_side": 15.667916297912598,
          "hz": 2524.2759484456974
        },
        {
          "acoustic_entropy": 16.01772117614746,
          "acoustic_entropy_side": 15.619986534118652,
          "hz": 2809.813997359896
        },
        {
          "acoustic_entropy": 15.768199920654297,
          "acoustic_entropy_side": 15.849470138549805,
          "hz": 3120.6389567871424
        },
        {
          "acoustic_entropy": 15.907673835754395,
