{
  "acoustic_entropy": 210.63380432128906,
  "bands": [
    {
      "high_freq": 148.1999969482422,
      "loudness": -34.54914093017578,
      "loudness_range": 26.537120819091797,
      "mid_mean": -33.66859817504883,
      "mid_to_side_loudness": -2.255997657775879,
      "mid_to_side_loudness_range": 10.708711624145508,
      "side_mean": -34.51647186279297
    },
    {
      "high_freq": 392.3793640136719,
      "loudness": -30.566301345825195,
      "loudness_range": 17.627216339111328,
      "low_freq": 148.1999969482422,
      "mid_mean": -29.672513961791992,
      "mid_to_side_loudness": -0.8737519383430481,
      "mid_to_side_loudness_range": 6.976703643798828,
      "side_mean": -30.501815795898438
    },
    {
      "high_freq": 794.6976318359375,
      "loudness": -29.940336227416992,
      "loudness_range": 17.685497283935547,
      "low_freq": 392.3793640136719,
      "mid_mean": -29.156021118164062,
      "mid_to_side_loudness": -0.4763690233230591,
      "mid_to_side_loudness_range": 6.182716369628906,
      "side_mean": -29.6381893157959
    },
    {
      "high_freq": 1457.5709228515625,
      "loudness": -32.523765563964844,
      "loudness_range": 18.029949188232422,
      "low_freq": 794.6976318359375,
      "mid_mean": -31.991382598876953,
      "mid_to_side_loudness": -0.09634044766426086,
      "mid_to_side_loudness_range": 6.777468681335449,
      "side_mean": -32.06535339355469
    },
    {
      "high_freq": 2549.74365234375,
      "loudness": -35.69011688232422,
      "loudness_range": 20.802410125732422,
      "low_freq": 1457.5709228515625,
      "mid_mean": -34.850040435791016,
      "mid_to_side_loudness": -0.6178997159004211,
      "mid_to_side_loudness_range": 5.168506622314453,
      "side_mean": -35.328460693359375
    },
    {
      "high_freq": 4349.24462890625,
      "loudness": -40.87755584716797,
      "loudness_range": 25.09093475341797,
      "low_freq": 2549.74365234375,
      "mid_mean": -40.10850524902344,
      "mid_to_side_loudness": -0.48377737402915955,
      "mid_to_side_loudness_range": 3.0288872718811035,
      "side_mean": -40.464447021484375
    },
    {
      "high_freq": 7314.1640625,
      "loudness": -50.28296661376953,
      "loudness_range": 29.461307525634766,
      "low_freq": 4349.24462890625,
      "mid_mean": -50.826995849609375,
      "mid_to_side_loudness": -0.6485409140586853,
      "mid_to_side_loudness_range": 3.004612445831299,
      "side_mean": -51.41832733154297
    },
    {
      "high_freq": 12199.2666015625,
      "loudness": -56.533958435058594,
      "loudness_range": 30.19292449951172,
      "low_freq": 7314.1640625,
      "mid_mean": -56.5661735534668,
      "mid_to_side_loudness": -0.6427354216575623,
      "mid_to_side_loudness_range": 2.6799509525299072,
      "side_mean": -57.10649108886719
    },
    {
      "loudness": -66.65300750732422,
      "loudness_range": 24.901737213134766,
      "low_freq": 12199.2666015625,
      "mid_mean": -62.89551544189453,
      "mid_to_side_loudness": -0.6350772976875305,
      "mid_to_side_loudness_range": 2.6405224800109863,
      "side_mean": -63.459632873535156
    }
  ],
  "bands_short": [
    {
      "high_freq": 148.1999969482422,
      "loudness": -37.09789276123047,
      "loudness_range": 28.530982971191406,
      "mid_mean": -36.914817810058594,
      "mid_to_side_loudness": -2.58664870262146,
      "mid_to_side_loudness_range": 16.869413375854492,
      "side_mean": -38.05542755126953
    },
    {
      "high_freq": 392.3793640136719,
      "loudness": -30.676528930664062,
      "loudness_range": 19.116056442260742,
      "low_freq": 148.1999969482422,
      "mid_mean": -29.921463012695312,
      "mid_to_side_loudness": -0.9267749190330505,
      "mid_to_side_loudness_range": 10.15457534790039,
      "side_mean": -30.729679107666016
    },
    {
      "high_freq": 794.6976318359375,
      "loudness": -30.19851303100586,
      "loudness_range": 18.820592880249023,
      "low_freq": 392.3793640136719,
      "mid_mean": -29.51823616027832,
      "mid_to_side_loudness": -0.5795333981513977,
      "mid_to_side_loudness_range": 9.551738739013672,
      "side_mean": -30.116973876953125
    },
    {
      "high_freq": 1457.5709228515625,
      "loudness": -32.456966400146484,
      "loudness_range": 18.76466941833496,
      "low_freq": 794.6976318359375,
      "mid_mean": -32.03702926635742,
      "mid_to_side_loudness": -0.07929913699626923,
      "mid_to_side_loudness_range": 9.902847290039062,
      "side_mean": -32.09349822998047
    },
    {
      "high_freq": 2549.74365234375,
      "loudness": -36.10243225097656,
      "loudness_range": 21.48930549621582,
      "low_freq": 1457.5709228515625,
      "mid_mean": -35.36665344238281,
      "mid_to_side_loudness": -0.6619504690170288,
      "mid_to_side_loudness_range": 7.971585273742676,
      "side_mean": -35.85255813598633
    },
    {
      "high_freq": 4349.24462890625,
      "loudness": -40.81342315673828,
      "loudness_range": 25.29990005493164,
      "low_freq": 2549.74365234375,
      "mid_mean": -40.161956787109375,
      "mid_to_side_loudness": -0.5082262754440308,
      "mid_to_side_loudness_range": 5.350823402404785,
      "side_mean": -40.52517318725586
    },
    {
      "high_freq": 7314.1640625,
      "loudness": -50.35420227050781,
      "loudness_range": 29.373680114746094,
      "low_freq": 4349.24462890625,
      "mid_mean": -51.16523742675781,
      "mid_to_side_loudness": -0.5700814723968506,
      "mid_to_side_loudness_range": 4.583439350128174,
      "side_mean": -51.715206146240234
    },
    {
      "high_freq": 12199.2666015625,
      "loudness": -56.887115478515625,
      "loudness_range": 29.85395050048828,
      "low_freq": 7314.1640625,
      "mid_mean": -57.063987731933594,
      "mid_to_side_loudness": -0.5672804713249207,
      "mid_to_side_loudness_range": 3.2141799926757812,
      "side_mean": -57.53158950805664
    },
    {
      "loudness": -67.26811981201172,
      "loudness_range": 24.401294708251953,
      "low_freq": 12199.2666015625,
      "mid_mean": -63.441917419433594,
      "mid_to_side_loudness": -0.4674745798110962,
      "mid_to_side_loudness_range": 2.1214191913604736,
      "side_mean": -63.84235382080078
    }
  ],
  "bandwidth": 592.1410522460938,
  "channels": 2,
  "covariance": [
    [
      86.48003387451172,
      70.73365020751953,
      41.53654479980469,
      41.66499328613281,
      34.12982177734375,
      34.599449157714844,
      39.65501403808594,
      40.72121810913086,
      45.77995300292969,
      47.83401107788086,
      53.9603385925293,
      53.13494110107422,
      68.53960418701172,
      66.7323226928711,
      62.844974517822266,
      59.9329833984375,
      39.74357986450195,
      35.58710861206055
    ],
    [
      70.73365020751953,
      85.43560791015625,
      36.9473876953125,
      36.88154602050781,
      30.97726058959961,
      31.34081268310547,
      33.76985168457031,
      33.058441162109375,
      40.60211181640625,
      41.72845458984375,
      48.569374084472656,
      48.2718391418457,
      60.187007904052734,
      58.552608489990234,
      56.49259948730469,
      53.92977523803711,
      37.210609436035156,
      33.42484664916992
    ],
    [
      41.53654479980469,
      36.9473876953125,
      38.417320251464844,
      37.37083053588867,
      29.67123031616211,
      29.47977638244629,
      30.48777961730957,
      30.101659774780273,
      34.600555419921875,
      34.84355163574219,
      40.29701232910156,
      39.68175506591797,
      50.07959747314453,
      48.55279541015625,
      45.71204376220703,
      43.520408630371094,
      28.976268768310547,
      25.843997955322266
    ],
    [
      41.66499328613281,
      36.88154602050781,
      37.37083053588867,
      43.5106315612793,
      30.592477798461914,
      30.267045974731445,
      30.79977798461914,
      30.340152740478516,
      35.72700881958008,
      36.051822662353516,
      43.15067672729492,
      41.96427536010742,
      52.0910758972168,
      50.52458953857422,
      46.8857421875,
      44.830326080322266,
      29.099197387695312,
      26.09649658203125
    ],
    [
      34.12982177734375,
      30.97726058959961,
      29.67123031616211,
      30.592477798461914,
      40.49406051635742,
      37.19961929321289,
      32.89015197753906,
      32.7642707824707,
      35.8389778137207,
      36.14419937133789,
      39.268157958984375,
      38.06983184814453,
      47.81977081298828,
      46.43274688720703,
      42.92594909667969,
      41.2155876159668,
      26.187978744506836,
      23.66579246520996
    ],
    [
      34.599449157714844,
      31.34081268310547,
      29.47977638244629,
      30.267045974731445,
      37.19961929321289,
      39.45780944824219,
      32.93986892700195,
      32.806278228759766,
      36.125205993652344,
      36.59889221191406,
      39.696144104003906,
      38.30448532104492,
      47.85729217529297,
      46.467891693115234,
      43.760162353515625,
      41.99662399291992,
      26.97296714782715,
      24.36771583557129
    ],
    [
      39.65501403808594,
      33.76985168457031,
      30.48777961730957,
      30.79977798461914,
      32.89015197753906,
      32.93986892700195,
      43.189273834228516,
      41.627986907958984,
      40.873653411865234,
      41.18587875366211,
      43.36125564575195,
      42.2121696472168,
      53.62737274169922,
      52.21399688720703,
      48.91064453125,
      47.11265182495117,
      30.774309158325195,
      27.84403419494629
    ],
    [
      40.72121810913086,
      33.058441162109375,
      30.101659774780273,
      30.340152740478516,
      32.7642707824707,
      32.806278228759766,
      41.627986907958984,
      46.98588943481445,
      41.86997985839844,
      43.437862396240234,
      44.92964553833008,
      43.90107345581055,
      55.849456787109375,
      54.73737716674805,
      50.86452865600586,
      48.886329650878906,
      31.968875885009766,
      28.88942527770996
    ],
    [
      45.77995300292969,
      40.60211181640625,
      34.600555419921875,
      35.72700881958008,
      35.8389778137207,
      36.125205993652344,
      40.873653411865234,
      41.86997985839844,
      51.70105743408203,
      51.86103057861328,
      56.00825119018555,
      54.629642486572266,
      68.48092651367188,
      66.73918914794922,
      62.993408203125,
      60.359962463378906,
      39.302791595458984,
      35.47465515136719
    ],
    [
      47.83401107788086,
      41.72845458984375,
      34.84355163574219,
      36.051822662353516,
      36.14419937133789,
      36.59889221191406,
      41.18587875366211,
      43.437862396240234,
      51.86103057861328,
      57.73983383178711,
      58.20673370361328,
      57.27300262451172,
      71.41564178466797,
      69.8366470336914,
      66.1991958618164,
      63.39532470703125,
      41.13439178466797,
      37.132354736328125
    ],
    [
      53.9603385925293,
      48.569374084472656,
      40.29701232910156,
      43.15067672729492,
      39.268157958984375,
      39.696144104003906,
      43.36125564575195,
      44.92964553833008,
      56.00825119018555,
      58.20673370361328,
      76.87565612792969,
      74.33988189697266,
      88.47441101074219,
      86.54051208496094,
      81.93721771240234,
      78.13551330566406,
      51.080780029296875,
      46.13601303100586
    ],
    [
      53.13494110107422,
      48.2718391418457,
      39.68175506591797,
      41.96427536010742,
      38.06983184814453,
      38.30448532104492,
      42.2121696472168,
      43.90107345581055,
      54.629642486572266,
      57.27300262451172,
      74.33988189697266,
      75.98638153076172,
      87.12409973144531,
      85.54464721679688,
      80.96603393554688,
      77.33743286132812,
      50.4281005859375,
      45.68550109863281
    ],
    [
      68.53960418701172,
      60.187007904052734,
      50.07959747314453,
      52.0910758972168,
      47.81977081298828,
      47.85729217529297,
      53.62737274169922,
      55.849456787109375,
      68.48092651367188,
      71.41564178466797,
      88.47441101074219,
      87.12409973144531,
      117.70220184326172,
      114.5378189086914,
      106.86703491210938,
      101.65254974365234,
      66.47007751464844,
      59.71591567993164
    ],
    [
      66.7323226928711,
      58.552608489990234,
      48.55279541015625,
      50.52458953857422,
      46.43274688720703,
      46.467891693115234,
      52.21399688720703,
      54.73737716674805,
      66.73918914794922,
      69.8366470336914,
      86.54051208496094,
      85.54464721679688,
      114.5378189086914,
      112.49432373046875,
      103.94515991210938,
      99.15492248535156,
      64.66754913330078,
      58.42406463623047
    ],
    [
      62.844974517822266,
      56.49259948730469,
      45.71204376220703,
      46.8857421875,
      42.92594909667969,
      43.760162353515625,
      48.91064453125,
      50.86452865600586,
      62.993408203125,
      66.1991958618164,
      81.93721771240234,
      80.96603393554688,
      106.86703491210938,
      103.94515991210938,
      102.79490661621094,
      97.31390380859375,
      66.54949951171875,
      59.300052642822266
    ],
    [
      59.9329833984375,
      53.92977523803711,
      43.520408630371094,
      44.830326080322266,
      41.2155876159668,
      41.99662399291992,
      47.11265182495117,
      48.886329650878906,
      60.359962463378906,
      63.39532470703125,
      78.13551330566406,
      77.33743286132812,
      101.65254974365234,
      99.15492248535156,
      97.31390380859375,
      92.91158294677734,
      62.680442810058594,
      56.39273452758789
    ],
    [
      39.74357986450195,
      37.210609436035156,
      28.976268768310547,
      29.099197387695312,
      26.187978744506836,
      26.97296714782715,
      30.774309158325195,
      31.968875885009766,
      39.302791595458984,
      41.13439178466797,
      51.080780029296875,
      50.4281005859375,
      66.47007751464844,
      64.66754913330078,
      66.54949951171875,
      62.680442810058594,
      48.55931854248047,
      43.199520111083984
    ],
    [
      35.58710861206055,
      33.42484664916992,
      25.843997955322266,
      26.09649658203125,
      23.66579246520996,
      24.36771583557129,
      27.84403419494629,
      28.88942527770996,
      35.47465515136719,
      37.132354736328125,
      46.13601303100586,
      45.68550109863281,
      59.71591567993164,
      58.42406463623047,
      59.300052642822266,
      56.39273452758789,
      43.199520111083984,
      39.2490119934082
    ]
  ],
  "covariance_short": [
    [
      101.81991577148438,
      77.59404754638672,
      45.52592849731445,
      44.70650100708008,
      37.83063507080078,
      38.042972564697266,
      38.55683135986328,
      38.44667434692383,
      44.69560623168945,
      46.14512252807617,
      52.623046875,
      51.15557861328125,
      65.4295883178711,
      63.54621887207031,
      57.7421875,
      55.285404205322266,
      33.80443572998047,
      30.974044799804688
    ],
    [
      77.59404754638672,
      105.64006805419922,
      40.63115692138672,
      39.811134338378906,
      33.083866119384766,
      33.25408172607422,
      32.77192687988281,
      32.364776611328125,
      39.69474792480469,
      41.256141662597656,
      46.73020553588867,
      46.11058807373047,
      57.34654998779297,
      55.98664474487305,
      52.579620361328125,
      50.48181915283203,
      32.33245849609375,
      29.732398986816406
    ],
    [
      45.52592849731445,
      40.63115692138672,
      46.823482513427734,
      40.63926696777344,
      32.662757873535156,
      32.43650817871094,
      31.079299926757812,
      30.896215438842773,
      36.47062301635742,
      36.42839813232422,
      41.82661056518555,
      41.159454345703125,
      51.57347106933594,
      49.90074157714844,
      46.12450408935547,
      44.07913589477539,
      27.415510177612305,
      25.006057739257812
    ],
    [
      44.70650100708008,
      39.811134338378906,
      40.63926696777344,
      49.22636795043945,
      32.511409759521484,
      32.47069549560547,
      30.903730392456055,
      30.52194595336914,
      36.59091567993164,
      36.52305221557617,
      42.70549011230469,
      41.80058288574219,
      51.939674377441406,
      50.28916549682617,
      45.94026565551758,
      44.104454040527344,
      26.8845157623291,
      24.690736770629883
    ],
    [
      37.83063507080078,
      33.083866119384766,
      32.662757873535156,
      32.511409759521484,
      45.8824348449707,
      39.56399154663086,
      34.29292297363281,
      34.22727966308594,
      36.8403205871582,
      37.220645904541016,
      40.75819396972656,
      39.600765228271484,
      49.484642028808594,
      47.978233337402344,
      43.09554672241211,
      41.44690704345703,
      24.93606185913086,
      22.952667236328125
    ],
    [
      38.042972564697266,
      33.25408172607422,
      32.43650817871094,
      32.47069549560547,
      39.56399154663086,
      45.315711975097656,
      34.67470169067383,
      34.44892501831055,
      37.47565460205078,
      37.90977478027344,
      41.598907470703125,
      40.3515510559082,
      50.19334411621094,
      48.80281066894531,
      44.38950729370117,
      42.740604400634766,
      25.80130958557129,
      23.79230499267578
    ],
    [
      38.55683135986328,
      32.77192687988281,
      31.079299926757812,
      30.903730392456055,
      34.29292297363281,
      34.67470169067383,
      45.87509536743164,
      40.702728271484375,
      40.66859436035156,
      41.2181396484375,
      43.22122573852539,
      42.06332015991211,
      52.624778747558594,
      51.13819885253906,
      46.825897216796875,
      45.361549377441406,
      27.840848922729492,
      25.831331253051758
    ],
    [
      38.44667434692383,
      32.364776611328125,
      30.896215438842773,
      30.52194595336914,
      34.22727966308594,
      34.44892501831055,
      40.702728271484375,
      48.98134994506836,
      41.89724349975586,
      42.94194030761719,
      44.80388259887695,
      43.807945251464844,
      54.44813537597656,
      53.2908935546875,
      48.53422164916992,
      46.93411636352539,
      28.81421661376953,
      26.730178833007812
    ],
    [
      44.69560623168945,
      39.69474792480469,
      36.47062301635742,
      36.59091567993164,
      36.8403205871582,
      37.47565460205078,
      40.66859436035156,
      41.89724349975586,
      55.410335540771484,
      52.9768180847168,
      56.70246124267578,
      55.52052307128906,
      68.96086120605469,
      67.26210021972656,
      62.10801696777344,
      59.856849670410156,
      36.6951789855957,
      33.90625
    ],
    [
      46.14512252807617,
      41.256141662597656,
      36.42839813232422,
      36.52305221557617,
      37.220645904541016,
      37.90977478027344,
      41.2181396484375,
      42.94194030761719,
      52.9768180847168,
      61.44321060180664,
      59.18864440917969,
      58.50349807739258,
      72.07658386230469,
      70.37908935546875,
      65.40257263183594,
      62.98681640625,
      38.45014572143555,
      35.571292877197266
    ],
    [
      52.623046875,
      46.73020553588867,
      41.82661056518555,
      42.70549011230469,
      40.75819396972656,
      41.598907470703125,
      43.22122573852539,
      44.80388259887695,
      56.70246124267578,
      59.18864440917969,
      79.64347839355469,
      75.5687255859375,
      88.48107147216797,
      86.4847412109375,
      80.48506164550781,
      77.19502258300781,
      47.551509857177734,
      43.864341735839844
    ],
    [
      51.15557861328125,
      46.11058807373047,
      41.159454345703125,
      41.80058288574219,
      39.600765228271484,
      40.3515510559082,
      42.06332015991211,
      43.807945251464844,
      55.52052307128906,
      58.50349807739258,
      75.5687255859375,
      78.98235321044922,
      87.16581726074219,
      85.5689468383789,
      79.53688049316406,
      76.47014617919922,
      46.8199577331543,
      43.41445541381836
    ],
    [
      65.4295883178711,
      57.34654998779297,
      51.57347106933594,
      51.939674377441406,
      49.484642028808594,
      50.19334411621094,
      52.624778747558594,
      54.44813537597656,
      68.96086120605469,
      72.07658386230469,
      88.48107147216797,
      87.16581726074219,
      118.56871032714844,
      114.7062759399414,
      104.73812866210938,
      100.11024475097656,
      61.482810974121094,
      56.372920989990234
    ],
    [
      63.54621887207031,
      55.98664474487305,
      49.90074157714844,
      50.28916549682617,
      47.978233337402344,
      48.80281066894531,
      51.13819885253906,
      53.2908935546875,
      67.26210021972656,
      70.37908935546875,
      86.4847412109375,
      85.5689468383789,
      114.7062759399414,
      113.22511291503906,
      101.83995819091797,
      97.78921508789062,
      59.59235763549805,
      55.088871002197266
    ],
    [
      57.7421875,
      52.579620361328125,
      46.12450408935547,
      45.94026565551758,
      43.09554672241211,
      44.38950729370117,
      46.825897216796875,
      48.53422164916992,
      62.10801696777344,
      65.40257263183594,
      80.48506164550781,
      79.53688049316406,
      104.73812866210938,
      101.83995819091797,
      99.78942108154297,
      94.7236099243164,
      60.91535186767578,
      55.40690231323242
    ],
    [
      55.285404205322266,
      50.48181915283203,
      44.07913589477539,
      44.104454040527344,
      41.44690704345703,
      42.740604400634766,
      45.361549377441406,
      46.93411636352539,
      59.856849670410156,
      62.98681640625,
      77.19502258300781,
      76.47014617919922,
      100.11024475097656,
      97.78921508789062,
      94.7236099243164,
      91.25212860107422,
      57.48542022705078,
      52.9365119934082
    ],
    [
      33.80443572998047,
      32.33245849609375,
      27.415510177612305,
      26.8845157623291,
      24.93606185913086,
      25.80130958557129,
      27.840848922729492,
      28.81421661376953,
      36.6951789855957,
      38.45014572143555,
      47.551509857177734,
      46.8199577331543,
      61.482810974121094,
      59.59235763549805,
      60.91535186767578,
      57.48542022705078,
      43.26231384277344,
      39.00709915161133
    ],
    [
      30.974044799804688,
      29.732398986816406,
      25.006057739257812,
      24.690736770629883,
      22.952667236328125,
      23.79230499267578,
      25.831331253051758,
      26.730178833007812,
      33.90625,
      35.571292877197266,
      43.864341735839844,
      43.41445541381836,
      56.372920989990234,
      55.088871002197266,
      55.40690231323242,
      52.9365119934082,
      39.00709915161133,
      36.128761291503906
    ]
  ],
  "damage": -13.91002368927002,
  "diff_bandwidth": 607.8076171875,
  "dissonance": 7.7559723168399675,
  "drr": 13.347079277038574,
  "dynamics": 5.117335796356201,
  "format": 1245190,
  "frames": 14620608,
  "loudness": -20.500988006591797,
  "loudness_range": 16.387996673583984,
  "loudness_range_short": 16.86103057861328,
  "lowpass_true_peak_15khz": 0.05989916995167732,
  "mastering3_acoustic_entropies": [
    {
      "acoustic_entropy": 4.030163764953613,
      "acoustic_entropy_mono": 3.861747980117798,
      "band_eliminated_acoustic_entropies": [
        {
          "acoustic_entropy": 4.056613922119141,
          "acoustic_entropy_side": 4.048874378204346,
          "hz": 129.47220167065723
        },
        {
          "acoustic_entropy": 3.910771131515503,
          "acoustic_entropy_side": 4.086965084075928,
          "hz": 202.92927478742237
        },
        {
          "acoustic_entropy": 4.02783727645874,
          "acoustic_entropy_side": 4.098734378814697,
          "hz": 282.89161906338205
        },
        {
          "acoustic_entropy": 4.004425525665283,
          "acoustic_entropy_side": 3.897286891937256,
          "hz": 369.9353335868758
        },
        {
          "acoustic_entropy": 3.857961893081665,
          "acoustic_entropy_side": 3.910734176635742,
          "hz": 464.6875360973435
        },
        {
          "acoustic_entropy": 3.897639513015747,
          "acoustic_entropy_side": 4.102471351623535,
          "hz": 567.8308811364784
        },
        {
          "acoustic_entropy": 3.9652099609375,
          "acoustic_entropy_side": 4.066633224487305,
          "hz": 680.1084783214808
        },
        {
          "acoustic_entropy": 3.964667320251465,
          "acoustic_entropy_side": 3.9183244705200195,
          "hz": 802.3292461747484
        },
        {
          "acoustic_entropy": 4.2088775634765625,
          "acoustic_entropy_side": 4.153764724731445,
          "hz": 935.3737400823702
        },
        {
          "acoustic_entropy": 4.107152462005615,
          "acoustic_entropy_side": 4.2739973068237305,
          "hz": 1080.2004963696966
        },
        {
          "acoustic_entropy": 3.9499332904815674,
          "acoustic_entropy_side": 3.8725273609161377,
          "hz": 1237.8529382007157
        },
        {
          "acoustic_entropy": 4.689693927764893,
          "acoustic_entropy_side": 4.495454788208008,
          "hz": 1409.4668930556702
        },
        {
          "acoustic_entropy": 4.110098838806152,
          "acoustic_entropy_side": 4.114482402801514,
          "hz": 1596.2787759475705
        },
        {
          "acoustic_entropy": 4.198765277862549,
          "acoustic_entropy_side": 4.041726112365723,
          "hz": 1799.6344973346393
        },
        {
          "acoustic_entropy": 4.155713081359863,
          "acoustic_entropy_side": 4.125024318695068,
          "hz": 2020.9991599069049
        },
        {
          "acoustic_entropy": 4.073237419128418,
          "acoustic_entropy_side": 4.041165351867676,
          "hz": 2261.9676141086993
        },
        {
          "acoustic_entropy": 3.9254863262176514,
          "acoustic_entropy_side": 3.9591686725616455,
          "hz": 2524.2759484456974
        },
        {
          "acoustic_entropy": 4.019407272338867,
          "acoustic_entropy_side": 4.050998687744141,
          "hz": 2809.813997359896
        },
        {
          "acoustic_entropy": 3.9823598861694336,
          "acoustic_entropy_side": 4.005876541137695,
          "hz": 3120.6389567871424
        },
        {
          "acoustic_entropy": 3.9842333793640137,
          "acoustic_entropy_side": 4.016157627105713,
          "hz": 3458.990205492291
        },
        {
          "acoustic_entropy": 4.034591197967529,
          "acoustic_entropy_side": 4.025297164916992,
          "hz": 3827.305438964164
        },
        {
          "acoustic_entropy": 4.0699310302734375,
          "acoustic_entropy_side": 4.047654628753662,
          "hz": 4228.238232109126
        },
        {
          "acoustic_entropy": 4.079319477081299,
          "acoustic_entropy_side": 4.045694828033447,
          "hz": 4664.6771572759235
        },
        {
          "acoustic_entropy": 4.112268924713135,
          "acoustic_entropy_side": 4.058429718017578,
          "hz": 5139.766595350093
        },
        {
          "acoustic_entropy": 4.095283508300781,
          "acoustic_entropy_side": 4.054356575012207,
          "hz": 5656.929389854203
        },
        {
          "acoustic_entropy": 4.100868225097656,
          "acoustic_entropy_side": 4.053259372711182,
          "hz": 6219.891507268283
        },
        {
          "acoustic_entropy": 4.09060525894165,
          "acoustic_entropy_side": 4.052037715911865,
          "hz": 6832.70888123896
        },
        {
          "acoustic_entropy": 4.105240345001221,
          "acoustic_entropy_side": 4.0537896156311035,
          "hz": 7499.796634079867
        },
        {
          "acoustic_entropy": 4.1353583335876465,
          "acoustic_entropy_side": 4.059639930725098,
          "hz": 8225.96088609342
        },
        {
          "acoustic_entropy": 4.10630989074707,
          "acoustic_entropy_side": 4.0506062507629395,
          "hz": 9016.43338188839
        },
        {
          "acoustic_entropy": 4.096095085144043,
          "acoustic_entropy_side": 4.045316696166992,
          "hz": 9876.909183162974
        },
        {
          "acoustic_entropy": 4.083478927612305,
          "acoustic_entropy_side": 4.040897369384766,
          "hz": 10813.587699516042
        },
        {
          "acoustic_entropy": 4.05819845199585,
          "acoustic_entropy_side": 4.0365519523620605,
          "hz": 11833.21735289826
        },
        {
          "acoustic_entropy": 4.047826290130615,
          "acoustic_entropy_side": 4.034539222717285,
          "hz": 12943.144197493959
        },
        {
          "acoustic_entropy": 4.040901184082031,
          "acoustic_entropy_side": 4.0332818031311035,
          "hz": 14151.364845322005
        },
        {
          "acoustic_entropy": 4.037008285522461,
          "acoustic_entropy_side": 4.032054424285889,
          "hz": 15466.58407886509
        },
        {
          "acoustic_entropy": 4.032266616821289,
          "acoustic_entropy_side": 4.030479907989502,
          "hz": 16898.27756580493
        },
        {
          "acoustic_entropy": 4.028238296508789,
          "acoustic_entropy_side": 4.0301289558410645,
          "hz": 18456.760127700032
        },
        {
          "acoustic_entropy": 4.028854846954346,
          "acoustic_entropy_side": 4.0302815437316895,
          "hz": 20153.260054456492
        },
        {
          "acoustic_entropy": 4.030163764953613,
          "acoustic_entropy_side": 4.030203819274902,
          "hz": 22000.00000000001
        }
      ],
      "diff_acoustic_entropy": 1.6481127738952637,
      "sn": 6
    },
    {
      "acoustic_entropy": 7.922007083892822,
      "acoustic_entropy_mono": 8.111909866333008,
      "band_eliminated_acoustic_entropies": [
        {
          "acoustic_entropy": 8.058382987976074,
          "acoustic_entropy_side": 7.960756778717041,
          "hz": 129.47220167065723
        },
        {
          "acoustic_entropy": 8.49171257019043,
          "acoustic_entropy_side": 8.29988956451416,
          "hz": 202.92927478742237
        },
        {
          "acoustic_entropy": 7.7967658042907715,
          "acoustic_entropy_side": 7.39607572555542,
          "hz": 282.89161906338205
        },
        {
          "acoustic_entropy": 8.980438232421875,
          "acoustic_entropy_side": 9.1021728515625,
          "hz": 369.9353335868758
        },
        {
          "acoustic_entropy": 7.968144416809082,
          "acoustic_entropy_side": 8.618127822875977,
          "hz": 464.6875360973435
        },
        {
          "acoustic_entropy": 7.87249755859375,
          "acoustic_entropy_side": 8.049979209899902,
          "hz": 567.8308811364784
        },
        {
          "acoustic_entropy": 7.853173732757568,
          "acoustic_entropy_side": 8.479825973510742,
          "hz": 680.1084783214808
        },
        {
          "acoustic_entropy": 7.676239490509033,
          "acoustic_entropy_side": 7.540637969970703,
          "hz": 802.3292461747484
        },
        {
          "acoustic_entropy": 8.565826416015625,
          "acoustic_entropy_side": 8.317424774169922,
          "hz": 935.3737400823702
        },
        {
          "acoustic_entropy": 8.460943222045898,
          "acoustic_entropy_side": 8.723726272583008,
          "hz": 1080.2004963696966
        },
        {
          "acoustic_entropy": 8.185188293457031,
          "acoustic_entropy_side": 8.594795227050781,
          "hz": 1237.8529382007157
        },
        {
          "acoustic_entropy": 7.999908447265625,
          "acoustic_entropy_side": 8.250045776367188,
          "hz": 1409.4668930556702
        },
        {
          "acoustic_entropy": 8.5837984085083,
          "acoustic_entropy_side": 8.799506187438965,
          "hz": 1596.2787759475705
        },
        {
          "acoustic_entropy": 7.768839359283447,
          "acoustic_entropy_side": 7.892262935638428,
          "hz": 1799.6344973346393
        },
        {
          "acoustic_entropy": 8.47289752960205,
          "acoustic_entropy_side": 8.3460693359375,
          "hz": 2020.9991599069049
        },
        {
          "acoustic_entropy": 7.815665245056152,
          "acoustic_entropy_side": 7.748061656951904,
          "hz": 2261.9676141086993
        },
        {
          "acoustic_entropy": 8.096869468688965,
          "acoustic_entropy_side": 8.129841804504395,
          "hz": 2524.2759484456974
        },
        {
          "acoustic_entropy": 7.5653815269470215,
          "acoustic_entropy_side": 7.844489574432373,
          "hz": 2809.813997359896
        },
        {
          "acoustic_entropy": 7.655381202697754,
          "acoustic_entropy_side": 7.772268295288086,
          "hz": 3120.6389567871424
        },
        {
          "acoustic_entropy": 7.530035495758057,
          "acoustic_entropy_side": 7.794111251831055,
          "hz": 3458.990205492291
        },
        {
          "acoustic_entropy": 7.852522373199463,
          "acoustic_entropy_side": 7.878177165985107,
          "hz": 3827.305438964164
        },
        {
          "acoustic_entropy": 7.884428977966309,
          "acoustic_entropy_side": 7.900718688964844,
          "hz": 4228.238232109126
        },
        {
          "acoustic_entropy": 7.9343132972717285,
          "acoustic_entropy_side": 7.9314284324646,
          "hz": 4664.6771572759235
        },
        {
          "acoustic_entropy": 7.8906025886535645,
          "acoustic_entropy_side": 7.91383171081543,
          "hz": 5139.766595350093
        },
        {
          "acoustic_entropy": 7.928367614746094,
          "acoustic_entropy_side": 7.923506259918213,
          "hz": 5656.929389854203
        },
        {
          "acoustic_entropy": 7.89139461517334,
          "acoustic_entropy_side": 7.911635875701904,
          "hz": 6219.891507268283
        },
        {
          "acoustic_entropy": 7.8877410888671875,
          "acoustic_entropy_side": 7.909461498260498,
          "hz": 6832.70888123896
        },
        {
          "acoustic_entropy": 7.880981922149658,
          "acoustic_entropy_side": 7.906448841094971,
          "hz": 7499.796634079867
        },
        {
          "acoustic_entropy": 7.845982551574707,
          "acoustic_entropy_side": 7.884995937347412,
          "hz": 8225.96088609342
        },
        {
          "acoustic_entropy": 7.815392971038818,
          "acoustic_entropy_side": 7.878052234649658,
          "hz": 9016.43338188839
        },
        {
          "acoustic_entropy": 7.789790153503418,
          "acoustic_entropy_side": 7.8711957931518555,
          "hz": 9876.909183162974
        },
        {
          "acoustic_entropy": 7.785890102386475,
          "acoustic_entropy_side": 7.8730058670043945,
          "hz": 10813.587699516042
        },
        {
          "acoustic_entropy": 7.811572551727295,
          "acoustic_entropy_side": 7.881032943725586,
          "hz": 11833.21735289826
        },
        {
          "acoustic_entropy": 7.836305618286133,
          "acoustic_entropy_side": 7.889703750610352,
          "hz": 12943.144197493959
        },
        {
          "acoustic_entropy": 7.859573841094971,
          "acoustic_entropy_side": 7.897610664367676,
          "hz": 14151.364845322005
        },
        {
          "acoustic_entropy": 7.877854347229004,
          "acoustic_entropy_side": 7.906382083892822,
          "hz": 15466.58407886509
        },
        {
          "acoustic_entropy": 7.899679183959961,
          "acoustic_entropy_side": 7.914835453033447,
          "hz": 16898.27756580493
        },
        {
          "acoustic_entropy": 7.9144978523254395,
          "acoustic_entropy_side": 7.921121120452881,
          "hz": 18456.760127700032
        },
        {
          "acoustic_entropy": 7.923049449920654,
          "acoustic_entropy_side": 7.9252424240112305,
          "hz": 20153.260054456492
        },
        {
          "acoustic_entropy": 7.927070617675781,
          "acoustic_entropy_side": 7.924322605133057,
          "hz": 22000.00000000001
        }
      ],
      "diff_acoustic_entropy": 3.317150592803955,
      "sn": 12
    },
    {
      "acoustic_entropy": 14.483139038085938,
      "acoustic_entropy_mono": 14.37342357635498,
      "band_eliminated_acoustic_entropies": [
        {
          "acoustic_entropy": 14.814416885375977,
          "acoustic_entropy_side": 14.80296516418457,
          "hz": 129.47220167065723
        },
        {
          "acoustic_entropy": 14.824487686157227,
          "acoustic_entropy_side": 14.749434471130371,
          "hz": 202.92927478742237
        },
        {
          "acoustic_entropy": 15.723577499389648,
          "acoustic_entropy_side": 15.662334442138672,
          "hz": 282.89161906338205
        },
        {
          "acoustic_entropy": 15.651390075683594,
          "acoustic_entropy_side": 15.504992485046387,
          "hz": 369.9353335868758
        },
        {
          "acoustic_entropy": 14.981813430786133,
          "acoustic_entropy_side": 15.289406776428223,
          "hz": 464.6875360973435
        },
        {
          "acoustic_entropy": 15.076688766479492,
          "acoustic_entropy_side": 15.629551887512207,
          "hz": 567.8308811364784
        },
        {
          "acoustic_entropy": 14.539277076721191,
          "acoustic_entropy_side": 15.455911636352539,
          "hz": 680.1084783214808
        },
        {
          "acoustic_entropy": 14.847625732421875,
          "acoustic_entropy_side": 15.239825248718262,
          "hz": 802.3292461747484
        },
        {
          "acoustic_entropy": 14.50401496887207,
          "acoustic_entropy_side": 15.154343605041504,
          "hz": 935.3737400823702
        },
        {
          "acoustic_entropy": 15.312602043151855,
          "acoustic_entropy_side": 15.817401885986328,
          "hz": 1080.2004963696966
        },
        {
          "acoustic_entropy": 14.699051856994629,
          "acoustic_entropy_side": 16.02933692932129,
          "hz": 1237.8529382007157
        },
        {
          "acoustic_entropy": 14.794177055358887,
          "acoustic_entropy_side": 15.867284774780273,
          "hz": 1409.4668930556702
        },
        {
          "acoustic_entropy": 14.88038158416748,
          "acoustic_entropy_side": 15.18137264251709,
          "hz": 1596.2787759475705
        },
        {
          "acoustic_entropy": 15.087099075317383,
          "acoustic_entropy_side": 14.972602844238281,
          "hz": 1799.6344973346393
        },
        {
          "acoustic_entropy": 14.374239921569824,
          "acoustic_entropy_side": 14.219758033752441,
          "hz": 2020.9991599069049
        },
        {
          "acoustic_entropy": 15.002378463745117,
          "acoustic_entropy_side": 14.987849235534668,
          "hz": 2261.9676141086993
        },
        {
          "acoustic_entropy": 14.91023063659668,
          "acoustic_entropy_side": 15.306803703308105,
          "hz": 2524.2759484456974
        },
        {
          "acoustic_entropy": 14.676268577575684,
          "acoustic_entropy_side": 14.94374942779541,
          "hz": 2809.813997359896
        },
        {
          "acoustic_entropy": 14.291142463684082,
          "acoustic_entropy_side": 14.369621276855469,
          "hz": 3120.6389567871424
        },
        {
          "acoustic_entropy": 14.285235404968262,
          "acoustic_entropy_side": 14.504447937011719,
          "hz": 3458.990205492291
        },
        {
