{
  "acoustic_entropy": 223.50091552734375,
  "bands": [
    {
      "high_freq": 148.1999969482422,
      "loudness": -22.846939086914062,
      "loudness_range": 20.206892013549805,
      "mid_mean": -19.51216697692871,
      "mid_to_side_loudness": -15.479263305664062,
      "mid_to_side_loudness_range": 25.834794998168945,
      "side_mean": -36.17909622192383
    },
    {
      "high_freq": 392.3793640136719,
      "loudness": -19.295516967773438,
      "loudness_range": 10.216752052307129,
      "low_freq": 148.1999969482422,
      "mid_mean": -16.313037872314453,
      "mid_to_side_loudness": -8.107787132263184,
      "mid_to_side_loudness_range": 10.678211212158203,
      "side_mean": -24.715675354003906
    },
    {
      "high_freq": 794.6976318359375,
      "loudness": -20.772592544555664,
      "loudness_range": 11.217659950256348,
      "low_freq": 392.3793640136719,
      "mid_mean": -18.213855743408203,
      "mid_to_side_loudness": -7.883512020111084,
      "mid_to_side_loudness_range": 17.378843307495117,
      "side_mean": -26.305341720581055
    },
    {
      "high_freq": 1457.5709228515625,
      "loudness": -22.4791316986084,
      "loudness_range": 15.332413673400879,
      "low_freq": 794.6976318359375,
      "mid_mean": -20.134334564208984,
      "mid_to_side_loudness": -6.794376373291016,
      "mid_to_side_loudness_range": 16.863574981689453,
      "side_mean": -27.128177642822266
    },
    {
      "high_freq": 2549.74365234375,
      "loudness": -19.555768966674805,
      "loudness_range": 11.324106216430664,
      "low_freq": 1457.5709228515625,
      "mid_mean": -17.350696563720703,
      "mid_to_side_loudness": -5.039061069488525,
      "mid_to_side_loudness_range": 12.054078102111816,
      "side_mean": -22.522216796875
    },
    {
      "high_freq": 4349.24462890625,
      "loudness": -22.03367805480957,
      "loudness_range": 13.042224884033203,
      "low_freq": 2549.74365234375,
      "mid_mean": -19.818424224853516,
      "mid_to_side_loudness": -4.98973274230957,
      "mid_to_side_loudness_range": 11.014911651611328,
      "side_mean": -24.87483024597168
    },
    {
      "high_freq": 7314.1640625,
      "loudness": -25.63043785095215,
      "loudness_range": 10.84433364868164,
      "low_freq": 4349.24462890625,
      "mid_mean": -22.79837417602539,
      "mid_to_side_loudness": -8.446346282958984,
      "mid_to_side_loudness_range": 15.418418884277344,
      "side_mean": -31.372861862182617
    },
    {
      "high_freq": 12199.2666015625,
      "loudness": -32.99375534057617,
      "loudness_range": 10.323047637939453,
      "low_freq": 7314.1640625,
      "mid_mean": -30.28853416442871,
      "mid_to_side_loudness": -6.931079864501953,
      "mid_to_side_loudness_range": 13.327533721923828,
      "side_mean": -37.32542037963867
    },
    {
      "loudness": -38.431278228759766,
      "loudness_range": 13.267047882080078,
      "low_freq": 12199.2666015625,
      "mid_mean": -35.72801971435547,
      "mid_to_side_loudness": -6.906418323516846,
      "mid_to_side_loudness_range": 12.266252517700195,
      "side_mean": -42.64171600341797
    }
  ],
  "bands_short": [
    {
      "high_freq": 148.1999969482422,
      "loudness": -28.132482528686523,
      "loudness_range": 26.46127700805664,
      "mid_mean": -24.628692626953125,
      "mid_to_side_loudness": -15.203631401062012,
      "mid_to_side_loudness_range": 28.524850845336914,
      "side_mean": -42.18901062011719
    },
    {
      "high_freq": 392.3793640136719,
      "loudness": -19.15595054626465,
      "loudness_range": 13.562536239624023,
      "low_freq": 148.1999969482422,
      "mid_mean": -16.169300079345703,
      "mid_to_side_loudness": -8.897465705871582,
      "mid_to_side_loudness_range": 13.968873023986816,
      "side_mean": -25.410770416259766
    },
    {
      "high_freq": 794.6976318359375,
      "loudness": -21.51728057861328,
      "loudness_range": 14.787248611450195,
      "low_freq": 392.3793640136719,
      "mid_mean": -19.330408096313477,
      "mid_to_side_loudness": -6.68726921081543,
      "mid_to_side_loudness_range": 19.254539489746094,
      "side_mean": -26.268171310424805
    },
    {
      "high_freq": 1457.5709228515625,
      "loudness": -23.313817977905273,
      "loudness_range": 18.37320327758789,
      "low_freq": 794.6976318359375,
      "mid_mean": -21.323503494262695,
      "mid_to_side_loudness": -5.813645839691162,
      "mid_to_side_loudness_range": 19.01458740234375,
      "side_mean": -27.428144454956055
    },
    {
      "high_freq": 2549.74365234375,
      "loudness": -20.354692459106445,
      "loudness_range": 14.222538948059082,
      "low_freq": 1457.5709228515625,
      "mid_mean": -18.35797691345215,
      "mid_to_side_loudness": -4.70876407623291,
      "mid_to_side_loudness_range": 13.781791687011719,
      "side_mean": -23.26931381225586
    },
    {
      "high_freq": 4349.24462890625,
      "loudness": -22.259307861328125,
      "loudness_range": 15.179134368896484,
      "low_freq": 2549.74365234375,
      "mid_mean": -20.190214157104492,
      "mid_to_side_loudness": -4.693242073059082,
      "mid_to_side_loudness_range": 12.469295501708984,
      "side_mean": -24.88956069946289
    },
    {
      "high_freq": 7314.1640625,
      "loudness": -26.277084350585938,
      "loudness_range": 14.87137222290039,
      "low_freq": 4349.24462890625,
      "mid_mean": -23.571338653564453,
      "mid_to_side_loudness": -7.897073745727539,
      "mid_to_side_loudness_range": 16.8966007232666,
      "side_mean": -31.795223236083984
    },
    {
      "high_freq": 12199.2666015625,
      "loudness": -34.25590133666992,
      "loudness_range": 14.61484146118164,
      "low_freq": 7314.1640625,
      "mid_mean": -31.60468292236328,
      "mid_to_side_loudness": -6.858543395996094,
      "mid_to_side_loudness_range": 14.294953346252441,
      "side_mean": -38.68949508666992
    },
    {
      "loudness": -40.8757209777832,
      "loudness_range": 20.06867027282715,
      "low_freq": 12199.2666015625,
      "mid_mean": -38.224891662597656,
      "mid_to_side_loudness": -7.512529373168945,
      "mid_to_side_loudness_range": 17.049156188964844,
      "side_mean": -45.760807037353516
    }
  ],
  "bandwidth": 762.003662109375,
  "channels": 2,
  "covariance": [
    [
      61.45805740356445,
      14.248756408691406,
      19.56435203552246,
      15.532816886901855,
      7.802672386169434,
      23.713817596435547,
      9.504913330078125,
      20.11043930053711,
      15.124730110168457,
      27.700809478759766,
      19.371545791625977,
      29.28820037841797,
      17.22355842590332,
      25.561588287353516,
      6.9833245277404785,
      15.961101531982422,
      -1.7821497917175293,
      12.43738842010498
    ],
    [
      14.248756408691406,
      38.51414489746094,
      6.029843807220459,
      11.918340682983398,
      -2.91878342628479,
      10.657021522521973,
      -0.953281044960022,
      8.947269439697266,
      4.8642144203186035,
      13.25661849975586,
      9.930703163146973,
      19.2775936126709,
      6.174379348754883,
      20.864912033081055,
      2.088162660598755,
      15.936431884765625,
      -2.7551114559173584,
      4.64116096496582
    ],
    [
      19.56435203552246,
      6.029843807220459,
      16.5711727142334,
      11.473526000976562,
      3.996119976043701,
      13.366806983947754,
      3.8915927410125732,
      11.560589790344238,
      8.537226676940918,
      16.220521926879883,
      12.311542510986328,
      18.897659301757812,
      11.138550758361816,
      18.64537811279297,
      7.179408550262451,
      12.203454971313477,
      1.8200937509536743,
      8.848400115966797
    ],
    [
      15.532816886901855,
      11.918340682983398,
      11.473526000976562,
      20.923398971557617,
      0.9085122346878052,
      17.3918514251709,
      2.7124688625335693,
      14.805893898010254,
      8.136921882629395,
      20.97816276550293,
      13.067757606506348,
      26.120311737060547,
      9.202052116394043,
      24.017271041870117,
      4.496038913726807,
      13.498673439025879,
      -0.33365556597709656,
      6.620728492736816
    ],
    [
      7.802672386169434,
      -2.91878342628479,
      3.996119976043701,
      0.9085122346878052,
      26.667421340942383,
      8.022472381591797,
      18.779447555541992,
      3.940988779067993,
      8.229479789733887,
      4.433910846710205,
      3.473834276199341,
      1.4183539152145386,
      8.015841484069824,
      0.670635998249054,
      4.654977321624756,
      3.8369438648223877,
      3.801128387451172,
      6.360235214233398
    ],
    [
      23.713817596435547,
      10.657021522521973,
      13.366806983947754,
      17.3918514251709,
      8.022472381591797,
      27.222763061523438,
      8.690919876098633,
      18.212011337280273,
      11.928834915161133,
      24.966209411621094,
      15.619811058044434,
      28.91664695739746,
      12.776726722717285,
      25.437368392944336,
      5.681380271911621,
      14.130741119384766,
      -1.5117459297180176,
      8.38320255279541
    ],
    [
      9.504913330078125,
      -0.953281044960022,
      3.8915927410125732,
      2.7124688625335693,
      18.779447555541992,
      8.690919876098633,
      36.69071578979492,
      10.232131004333496,
      12.312000274658203,
      8.217691421508789,
      6.278017997741699,
      5.710875988006592,
      10.541342735290527,
      6.261366844177246,
      3.8649654388427734,
      5.982110500335693,
      3.374312162399292,
      5.361397743225098
    ],
    [
      20.11043930053711,
      8.947269439697266,
      11.560589790344238,
      14.805893898010254,
      3.940988779067993,
      18.212011337280273,
      10.232131004333496,
      22.702573776245117,
      10.154247283935547,
      21.964359283447266,
      13.624098777770996,
      24.17375946044922,
      10.896076202392578,
      21.9472713470459,
      4.850632667541504,
      11.532586097717285,
      -0.35673198103904724,
      6.631241321563721
    ],
    [
      15.124730110168457,
      4.8642144203186035,
      8.537226676940918,
      8.136921882629395,
      8.229479789733887,
      11.928834915161133,
      12.312000274658203,
      10.154247283935547,
      18.745073318481445,
      16.675968170166016,
      13.982417106628418,
      16.373443603515625,
      14.677306175231934,
      15.72348690032959,
      5.8087053298950195,
      10.23525333404541,
      -0.013059043325483799,
      7.748898506164551
    ],
    [
      27.700809478759766,
      13.25661849975586,
      16.220521926879883,
      20.97816276550293,
      4.433910846710205,
      24.966209411621094,
      8.217691421508789,
      21.964359283447266,
      16.675968170166016,
      36.80124282836914,
      21.75865936279297,
      37.72886276245117,
      16.58779525756836,
      33.7853889465332,
      7.085565567016602,
      17.74247932434082,
      -1.9628490209579468,
      10.858573913574219
    ],
    [
      19.371545791625977,
      9.930703163146973,
      12.311542510986328,
      13.067757606506348,
      3.473834276199341,
      15.619811058044434,
      6.278017997741699,
      13.624098777770996,
      13.982417106628418,
      21.75865936279297,
      20.51651954650879,
      25.81217384338379,
      15.802565574645996,
      24.594711303710938,
      6.2512526512146,
      15.172661781311035,
      -1.2899565696716309,
      9.16219425201416
    ],
    [
      29.28820037841797,
      19.2775936126709,
      18.897659301757812,
      26.120311737060547,
      1.4183539152145386,
      28.91664695739746,
      5.710875988006592,
      24.17375946044922,
      16.373443603515625,
      37.72886276245117,
      25.81217384338379,
      49.981319427490234,
      17.55158233642578,
      45.26417541503906,
      8.895169258117676,
      25.136585235595703,
      -1.02616548538208,
      12.255741119384766
    ],
    [
      17.22355842590332,
      6.174379348754883,
      11.138550758361816,
      9.202052116394043,
      8.015841484069824,
      12.776726722717285,
      10.541342735290527,
      10.896076202392578,
      14.677306175231934,
      16.58779525756836,
      15.802565574645996,
      17.55158233642578,
      19.648096084594727,
      18.72931671142578,
      9.599124908447266,
      13.486298561096191,
      1.6557047367095947,
      9.93862247467041
    ],
    [
      25.561588287353516,
      20.864912033081055,
      18.64537811279297,
      24.017271041870117,
      0.670635998249054,
      25.437368392944336,
      6.261366844177246,
      21.9472713470459,
      15.72348690032959,
      33.7853889465332,
      24.594711303710938,
      45.26417541503906,
      18.72931671142578,
      48.15403366088867,
      11.559968948364258,
      30.953453063964844,
      3.3874199390411377,
      15.799919128417969
    ],
    [
      6.9833245277404785,
      2.088162660598755,
      7.179408550262451,
      4.496038913726807,
      4.654977321624756,
      5.681380271911621,
      3.8649654388427734,
      4.850632667541504,
      5.8087053298950195,
      7.085565567016602,
      6.2512526512146,
      8.895169258117676,
      9.599124908447266,
      11.559968948364258,
      17.853734970092773,
      11.740839004516602,
      13.094842910766602,
      11.460722923278809
    ],
    [
      15.961101531982422,
      15.936431884765625,
      12.203454971313477,
      13.498673439025879,
      3.8369438648223877,
      14.130741119384766,
      5.982110500335693,
      11.532586097717285,
      10.23525333404541,
      17.74247932434082,
      15.172661781311035,
      25.136585235595703,
      13.486298561096191,
      30.953453063964844,
      11.740839004516602,
      35.51529312133789,
      9.594576835632324,
      23.724599838256836
    ],
    [
      -1.7821497917175293,
      -2.7551114559173584,
      1.8200937509536743,
      -0.33365556597709656,
      3.801128387451172,
      -1.5117459297180176,
      3.374312162399292,
      -0.35673198103904724,
      -0.013059043325483799,
      -1.9628490209579468,
      -1.2899565696716309,
      -1.02616548538208,
      1.6557047367095947,
      3.3874199390411377,
      13.094842910766602,
      9.594576835632324,
      27.716365814208984,
      14.757197380065918
    ],
    [
      12.43738842010498,
      4.64116096496582,
      8.848400115966797,
      6.620728492736816,
      6.360235214233398,
      8.38320255279541,
      5.361397743225098,
      6.631241321563721,
      7.748898506164551,
      10.858573913574219,
      9.16219425201416,
      12.255741119384766,
      9.93862247467041,
      15.799919128417969,
      11.460722923278809,
      23.724599838256836,
      14.757197380065918,
      27.612815856933594
    ]
  ],
  "covariance_short": [
    [
      85.40531921386719,
      24.897533416748047,
      24.286293029785156,
      13.490561485290527,
      7.984749794006348,
      22.507150650024414,
      11.714460372924805,
      19.94420051574707,
      15.055584907531738,
      25.794042587280273,
      18.793893814086914,
      30.28430938720703,
      15.27282428741455,
      28.396352767944336,
      7.90255069732666,
      18.155588150024414,
      0.7528347373008728,
      15.915608406066895
    ],
    [
      24.897533416748047,
      59.562801361083984,
      12.710887908935547,
      14.955825805664062,
      1.9048863649368286,
      13.827080726623535,
      2.695608139038086,
      12.38815689086914,
      8.17581558227539,
      17.34330940246582,
      13.235783576965332,
      24.054414749145508,
      9.194703102111816,
      24.02324867248535,
      5.381787300109863,
      13.760895729064941,
      0.5267238616943359,
      7.397751331329346
    ],
    [
      24.286293029785156,
      12.710887908935547,
      26.563444137573242,
      13.036033630371094,
      7.357253551483154,
      15.31960391998291,
      6.622397422790527,
      14.3806791305542,
      12.06661605834961,
      20.195079803466797,
      16.659976959228516,
      24.081295013427734,
      15.151521682739258,
      24.221233367919922,
      12.067351341247559,
      16.39324188232422,
      6.460624694824219,
      13.945992469787598
    ],
    [
      13.490561485290527,
      14.955825805664062,
      13.036033630371094,
      24.704879760742188,
      2.737680435180664,
      17.27989959716797,
      4.7737507820129395,
      15.671416282653809,
      9.586816787719727,
      21.08234405517578,
      14.403231620788574,
      26.516366958618164,
      10.611970901489258,
      25.238487243652344,
      6.966771602630615,
      15.623418807983398,
      2.267622709274292,
      9.511407852172852
    ],
    [
      7.984749794006348,
      1.9048863649368286,
      7.357253551483154,
      2.737680435180664,
      37.15986633300781,
      10.455395698547363,
      23.887649536132812,
      6.561373710632324,
      14.078408241271973,
      8.306127548217773,
      9.594097137451172,
      7.008513450622559,
      13.656607627868652,
      5.960026741027832,
      6.926461219787598,
      7.133521556854248,
      2.880824089050293,
      7.3292365074157715
    ],
    [
      22.507150650024414,
      13.827080726623535,
      15.31960391998291,
      17.27989959716797,
      10.455395698547363,
      32.744319915771484,
      10.849017143249512,
      20.247438430786133,
      14.360142707824707,
      27.501163482666016,
      18.184391021728516,
      31.94013786315918,
      14.634515762329102,
      29.084497451782227,
      7.832704544067383,
      16.524185180664062,
      -0.5639975070953369,
      11.943389892578125
    ],
    [
      11.714460372924805,
      2.695608139038086,
      6.622397422790527,
      4.7737507820129395,
      23.887649536132812,
      10.849017143249512,
      49.27801513671875,
      13.491847038269043,
      19.48055648803711,
      11.813004493713379,
      11.944602966308594,
      11.281719207763672,
      17.184831619262695,
      10.920302391052246,
      6.550174236297607,
      9.622366905212402,
      4.735798358917236,
      8.762451171875
    ],
    [
      19.94420051574707,
      12.38815689086914,
      14.3806791305542,
      15.671416282653809,
      6.561373710632324,
      20.247438430786133,
      13.491847038269043,
      28.13420867919922,
      13.122702598571777,
      24.708251953125,
      16.157081604003906,
      27.950910568237305,
      13.613239288330078,
      26.54140281677246,
      7.978326320648193,
      15.903321266174316,
      2.4955453872680664,
      12.064128875732422
    ],
    [
      15.055584907531738,
      8.17581558227539,
      12.06661605834961,
      9.586816787719727,
      14.078408241271973,
      14.360142707824707,
      19.48055648803711,
      13.122702598571777,
      29.75503158569336,
      21.44881820678711,
      21.10963249206543,
      22.631614685058594,
      21.725692749023438,
      21.898271560668945,
      10.410225868225098,
      15.599842071533203,
      3.8162434101104736,
      13.1707124710083
    ],
    [
      25.794042587280273,
      17.34330940246582,
      20.195079803466797,
      21.08234405517578,
      8.306127548217773,
      27.501163482666016,
      11.813004493713379,
      24.708251953125,
      21.44881820678711,
      43.10882568359375,
      26.389551162719727,
      43.72431182861328,
      20.326387405395508,
      39.80281448364258,
      11.952681541442871,
      24.1777400970459,
      3.2018587589263916,
      19.17693519592285
    ],
    [
      18.793893814086914,
      13.235783576965332,
      16.659976959228516,
      14.403231620788574,
      9.594097137451172,
      18.184391021728516,
      11.944602966308594,
      16.157081604003906,
      21.10963249206543,
      26.389551162719727,
      30.65045928955078,
      33.354251861572266,
      23.540281295776367,
      31.87542152404785,
      13.327367782592773,
      22.103649139404297,
      4.908259391784668,
      17.820873260498047
    ],
    [
      30.28430938720703,
      24.054414749145508,
      24.081295013427734,
      26.516366958618164,
      7.008513450622559,
      31.94013786315918,
      11.281719207763672,
      27.950910568237305,
      22.631614685058594,
      43.72431182861328,
      33.354251861572266,
      60.03794860839844,
      23.737836837768555,
      53.2694091796875,
      15.433259963989258,
      32.32830810546875,
      5.92424201965332,
      23.290376663208008
    ],
    [
      15.27282428741455,
      9.194703102111816,
      15.151521682739258,
      10.611970901489258,
      13.656607627868652,
      14.634515762329102,
      17.184831619262695,
      13.613239288330078,
      21.725692749023438,
      20.326387405395508,
      23.540281295776367,
      23.737836837768555,
      32.796836853027344,
      25.769136428833008,
      19.407737731933594,
      21.66166877746582,
      9.79340648651123,
      18.283737182617188
    ],
    [
      28.396352767944336,
      24.02324867248535,
      24.221233367919922,
      25.238487243652344,
      5.960026741027832,
      29.084497451782227,
      10.920302391052246,
      26.54140281677246,
      21.898271560668945,
      39.80281448364258,
      31.87542152404785,
      53.2694091796875,
      25.769136428833008,
      59.806488037109375,
      19.200054168701172,
      38.290428161621094,
      12.042673110961914,
      28.673032760620117
    ],
    [
      7.90255069732666,
      5.381787300109863,
      12.067351341247559,
      6.966771602630615,
      6.926461219787598,
      7.832704544067383,
      6.550174236297607,
      7.978326320648193,
      10.410225868225098,
      11.952681541442871,
      13.327367782592773,
      15.433259963989258,
      19.407737731933594,
      19.200054168701172,
      31.217395782470703,
      23.418306350708008,
      26.73322105407715,
      24.598295211791992
    ],
    [
      18.155588150024414,
      13.760895729064941,
      16.39324188232422,
      15.623418807983398,
      7.133521556854248,
      16.524185180664062,
      9.622366905212402,
      15.903321266174316,
      15.599842071533203,
      24.1777400970459,
      22.103649139404297,
      32.32830810546875,
      21.66166877746582,
      38.290428161621094,
      23.418306350708008,
      50.227500915527344,
      22.80385971069336,
      42.665870666503906
    ],
    [
      0.7528347373008728,
      0.5267238616943359,
      6.460624694824219,
      2.267622709274292,
      2.880824089050293,
      -0.5639975070953369,
      4.735798358917236,
      2.4955453872680664,
      3.8162434101104736,
      3.2018587589263916,
      4.908259391784668,
      5.92424201965332,
      9.79340648651123,
      12.042673110961914,
      26.73322105407715,
      22.80385971069336,
      52.22394943237305,
      34.35767364501953
    ],
    [
      15.915608406066895,
      7.397751331329346,
      13.945992469787598,
      9.511407852172852,
      7.3292365074157715,
      11.943389892578125,
      8.762451171875,
      12.064128875732422,
      13.1707124710083,
      19.17693519592285,
      17.820873260498047,
      23.290376663208008,
      18.283737182617188,
      28.673032760620117,
      24.598295211791992,
      42.665870666503906,
      34.35767364501953,
      61.81953430175781
    ]
  ],
  "damage": -4.993401527404785,
  "diff_bandwidth": 750.3615112304688,
  "dissonance": 9.561867546054035,
  "drr": 4.37239933013916,
  "dynamics": 2.841104745864868,
  "format": 1245190,
  "frames": 14421952,
  "loudness": -8.46701431274414,
  "loudness_range": 6.832691192626953,
  "loudness_range_short": 9.466913223266602,
  "lowpass_true_peak_15khz": 0.6651173233985901,
  "mastering3_acoustic_entropies": [
    {
      "acoustic_entropy": 6.820194244384766,
      "acoustic_entropy_mono": 6.663154125213623,
      "band_eliminated_acoustic_entropies": [
        {
          "acoustic_entropy": 6.8426513671875,
          "acoustic_entropy_side": 6.820517063140869,
          "hz": 129.47220167065723
        },
        {
          "acoustic_entropy": 6.429506778717041,
          "acoustic_entropy_side": 6.8230085372924805,
          "hz": 202.92927478742237
        },
        {
          "acoustic_entropy": 7.552927017211914,
          "acoustic_entropy_side": 6.811670303344727,
          "hz": 282.89161906338205
        },
        {
          "acoustic_entropy": 6.880787372589111,
          "acoustic_entropy_side": 6.820953845977783,
          "hz": 369.9353335868758
        },
        {
          "acoustic_entropy": 6.677918910980225,
          "acoustic_entropy_side": 6.831862926483154,
          "hz": 464.6875360973435
        },
        {
          "acoustic_entropy": 7.137475490570068,
          "acoustic_entropy_side": 6.804275989532471,
          "hz": 567.8308811364784
        },
        {
          "acoustic_entropy": 6.585878849029541,
          "acoustic_entropy_side": 6.764786720275879,
          "hz": 680.1084783214808
        },
        {
          "acoustic_entropy": 7.501558303833008,
          "acoustic_entropy_side": 6.826964855194092,
          "hz": 802.3292461747484
        },
        {
          "acoustic_entropy": 6.556247234344482,
          "acoustic_entropy_side": 6.817168712615967,
          "hz": 935.3737400823702
        },
        {
          "acoustic_entropy": 7.273595333099365,
          "acoustic_entropy_side": 6.802968978881836,
          "hz": 1080.2004963696966
        },
        {
          "acoustic_entropy": 6.4132256507873535,
          "acoustic_entropy_side": 6.833882808685303,
          "hz": 1237.8529382007157
        },
        {
          "acoustic_entropy": 6.317808151245117,
          "acoustic_entropy_side": 6.830151081085205,
          "hz": 1409.4668930556702
        },
        {
          "acoustic_entropy": 6.837516784667969,
          "acoustic_entropy_side": 6.808121204376221,
          "hz": 1596.2787759475705
        },
        {
          "acoustic_entropy": 6.671513557434082,
          "acoustic_entropy_side": 6.814605236053467,
          "hz": 1799.6344973346393
        },
        {
          "acoustic_entropy": 6.4202985763549805,
          "acoustic_entropy_side": 6.825943470001221,
          "hz": 2020.9991599069049
        },
        {
          "acoustic_entropy": 6.6150641441345215,
          "acoustic_entropy_side": 6.824464797973633,
          "hz": 2261.9676141086993
        },
        {
          "acoustic_entropy": 6.783792018890381,
          "acoustic_entropy_side": 6.753868579864502,
          "hz": 2524.2759484456974
        },
        {
          "acoustic_entropy": 6.834234237670898,
          "acoustic_entropy_side": 6.79911470413208,
          "hz": 2809.813997359896
        },
        {
          "acoustic_entropy": 6.725452899932861,
          "acoustic_entropy_side": 6.669631481170654,
          "hz": 3120.6389567871424
        },
        {
          "acoustic_entropy": 6.747459411621094,
          "acoustic_entropy_side": 6.765378475189209,
          "hz": 3458.990205492291
        },
        {
          "acoustic_entropy": 6.786409854888916,
          "acoustic_entropy_side": 6.792285919189453,
          "hz": 3827.305438964164
        },
        {
          "acoustic_entropy": 6.806921005249023,
          "acoustic_entropy_side": 6.740819931030273,
          "hz": 4228.238232109126
        },
        {
          "acoustic_entropy": 6.764560222625732,
          "acoustic_entropy_side": 6.787868976593018,
          "hz": 4664.6771572759235
        },
        {
          "acoustic_entropy": 6.700881481170654,
          "acoustic_entropy_side": 6.770554065704346,
          "hz": 5139.766595350093
        },
        {
          "acoustic_entropy": 6.775657653808594,
          "acoustic_entropy_side": 6.7961530685424805,
          "hz": 5656.929389854203
        },
        {
          "acoustic_entropy": 6.856499671936035,
          "acoustic_entropy_side": 6.807713508605957,
          "hz": 6219.891507268283
        },
        {
          "acoustic_entropy": 6.991643905639648,
          "acoustic_entropy_side": 6.815168857574463,
          "hz": 6832.70888123896
        },
        {
          "acoustic_entropy": 7.021293640136719,
          "acoustic_entropy_side": 6.817754745483398,
          "hz": 7499.796634079867
        },
        {
          "acoustic_entropy": 7.018284797668457,
          "acoustic_entropy_side": 6.8201518058776855,
          "hz": 8225.96088609342
        },
        {
          "acoustic_entropy": 6.827391624450684,
          "acoustic_entropy_side": 6.821617603302002,
          "hz": 9016.43338188839
        },
        {
          "acoustic_entropy": 6.926467418670654,
          "acoustic_entropy_side": 6.8226141929626465,
          "hz": 9876.909183162974
        },
        {
          "acoustic_entropy": 6.913653373718262,
          "acoustic_entropy_side": 6.824112415313721,
          "hz": 10813.587699516042
        },
        {
          "acoustic_entropy": 6.975347995758057,
          "acoustic_entropy_side": 6.823799133300781,
          "hz": 11833.21735289826
        },
        {
          "acoustic_entropy": 6.9982781410217285,
          "acoustic_entropy_side": 6.822610378265381,
          "hz": 12943.144197493959
        },
        {
          "acoustic_entropy": 6.890530109405518,
          "acoustic_entropy_side": 6.82222843170166,
          "hz": 14151.364845322005
        },
        {
          "acoustic_entropy": 6.83989143371582,
          "acoustic_entropy_side": 6.822077751159668,
          "hz": 15466.58407886509
        },
        {
          "acoustic_entropy": 6.833415508270264,
          "acoustic_entropy_side": 6.821740627288818,
          "hz": 16898.27756580493
        },
        {
          "acoustic_entropy": 6.825815677642822,
          "acoustic_entropy_side": 6.821081638336182,
          "hz": 18456.760127700032
        },
        {
          "acoustic_entropy": 6.829627990722656,
          "acoustic_entropy_side": 6.8206682205200195,
          "hz": 20153.260054456492
        },
        {
          "acoustic_entropy": 6.821957588195801,
          "acoustic_entropy_side": 6.820291042327881,
          "hz": 22000.00000000001
        }
      ],
      "diff_acoustic_entropy": 5.959470748901367,
      "sn": 6
    },
    {
      "acoustic_entropy": 11.167657852172852,
      "acoustic_entropy_mono": 9.782678604125977,
      "band_eliminated_acoustic_entropies": [
        {
          "acoustic_entropy": 11.293253898620605,
          "acoustic_entropy_side": 11.163667678833008,
          "hz": 129.47220167065723
        },
        {
          "acoustic_entropy": 11.187788009643555,
          "acoustic_entropy_side": 11.063616752624512,
          "hz": 202.92927478742237
        },
        {
          "acoustic_entropy": 11.770872116088867,
          "acoustic_entropy_side": 11.132017135620117,
          "hz": 282.89161906338205
        },
        {
          "acoustic_entropy": 11.4292573928833,
          "acoustic_entropy_side": 11.186287879943848,
          "hz": 369.9353335868758
        },
        {
          "acoustic_entropy": 11.204727172851562,
          "acoustic_entropy_side": 11.420770645141602,
          "hz": 464.6875360973435
        },
        {
          "acoustic_entropy": 10.977631568908691,
          "acoustic_entropy_side": 11.160202980041504,
          "hz": 567.8308811364784
        },
        {
          "acoustic_entropy": 11.666807174682617,
          "acoustic_entropy_side": 10.982065200805664,
          "hz": 680.1084783214808
        },
        {
          "acoustic_entropy": 11.167939186096191,
          "acoustic_entropy_side": 11.468131065368652,
          "hz": 802.3292461747484
        },
        {
          "acoustic_entropy": 11.583184242248535,
          "acoustic_entropy_side": 11.201828956604004,
          "hz": 935.3737400823702
        },
        {
          "acoustic_entropy": 12.001097679138184,
          "acoustic_entropy_side": 11.45917797088623,
          "hz": 1080.2004963696966
        },
        {
          "acoustic_entropy": 11.134552001953125,
          "acoustic_entropy_side": 11.153728485107422,
          "hz": 1237.8529382007157
        },
        {
          "acoustic_entropy": 11.331050872802734,
          "acoustic_entropy_side": 11.155150413513184,
          "hz": 1409.4668930556702
        },
        {
          "acoustic_entropy": 11.551025390625,
          "acoustic_entropy_side": 10.892040252685547,
          "hz": 1596.2787759475705
        },
        {
          "acoustic_entropy": 11.163308143615723,
          "acoustic_entropy_side": 11.045221328735352,
          "hz": 1799.6344973346393
        },
        {
          "acoustic_entropy": 11.586284637451172,
          "acoustic_entropy_side": 11.310821533203125,
          "hz": 2020.9991599069049
        },
        {
          "acoustic_entropy": 11.597970008850098,
          "acoustic_entropy_side": 11.267595291137695,
          "hz": 2261.9676141086993
        },
        {
          "acoustic_entropy": 11.268539428710938,
          "acoustic_entropy_side": 11.237730026245117,
          "hz": 2524.2759484456974
        },
        {
          "acoustic_entropy": 11.23667049407959,
          "acoustic_entropy_side": 11.189598083496094,
          "hz": 2809.813997359896
        },
        {
          "acoustic_entropy": 11.14592170715332,
          "acoustic_entropy_side": 11.129207611083984,
          "hz": 3120.6389567871424
        },
        {
          "acoustic_entropy": 11.159524917602539,
          "acoustic_entropy_side": 11.175853729248047,
          "hz": 3458.990205492291
        },
        {
          "acoustic_entropy": 11.231111526489258,
          "acoustic_entropy_side": 11.162052154541016,
          "hz": 3827.305438964164
        },
        {
          "acoustic_entropy": 11.171951293945312,
          "acoustic_entropy_side": 11.123908996582031,
          "hz": 4228.238232109126
        },
        {
          "acoustic_entropy": 10.95556926727295,
          "acoustic_entropy_side": 11.149240493774414,
          "hz": 4664.6771572759235
        },
        {
          "acoustic_entropy": 11.394002914428711,
          "acoustic_entropy_side": 11.17330265045166,
          "hz": 5139.766595350093
        },
        {
          "acoustic_entropy": 11.300286293029785,
          "acoustic_entropy_side": 11.13201904296875,
          "hz": 5656.929389854203
        },
        {
          "acoustic_entropy": 11.329902648925781,
          "acoustic_entropy_side": 11.17627239227295,
          "hz": 6219.891507268283
        },
        {
          "acoustic_entropy": 11.297779083251953,
          "acoustic_entropy_side": 11.160734176635742,
          "hz": 6832.70888123896
        },
        {
          "acoustic_entropy": 11.178699493408203,
          "acoustic_entropy_side": 11.149344444274902,
          "hz": 7499.796634079867
        },
        {
          "acoustic_entropy": 10.961008071899414,
          "acoustic_entropy_side": 11.163344383239746,
          "hz": 8225.96088609342
        },
        {
          "acoustic_entropy": 10.861955642700195,
          "acoustic_entropy_side": 11.159823417663574,
          "hz": 9016.43338188839
        },
        {
          "acoustic_entropy": 10.730269432067871,
          "acoustic_entropy_side": 11.184260368347168,
          "hz": 9876.909183162974
        },
        {
          "acoustic_entropy": 10.585333824157715,
          "acoustic_entropy_side": 11.182331085205078,
          "hz": 10813.587699516042
        },
        {
          "acoustic_entropy": 10.778858184814453,
          "acoustic_entropy_side": 11.175467491149902,
          "hz": 11833.21735289826
        },
        {
          "acoustic_entropy": 10.89806079864502,
          "acoustic_entropy_side": 11.172989845275879,
          "hz": 12943.144197493959
        },
        {
          "acoustic_entropy": 10.947030067443848,
          "acoustic_entropy_side": 11.16751766204834,
          "hz": 14151.364845322005
        },
        {
          "acoustic_entropy": 10.951302528381348,
          "acoustic_entropy_side": 11.167997360229492,
          "hz": 15466.58407886509
        },
        {
          "acoustic_entropy": 10.935615539550781,
          "acoustic_entropy_side": 11.169994354248047,
          "hz": 16898.27756580493
        },
        {
          "acoustic_entropy": 10.893363952636719,
          "acoustic_entropy_side": 11.163588523864746,
          "hz": 18456.760127700032
        },
        {
          "acoustic_entropy": 11.021478652954102,
          "acoustic_entropy_side": 11.162284851074219,
          "hz": 20153.260054456492
        },
        {
          "acoustic_entropy": 11.159710884094238,
          "acoustic_entropy_side": 11.166393280029297,
          "hz": 22000.00000000001
        }
      ],
      "diff_acoustic_entropy": 9.449307441711426,
      "sn": 12
    },
    {
      "acoustic_entropy": 18.815792083740234,
      "acoustic_entropy_mono": 16.460193634033203,
      "band_eliminated_acoustic_entropies": [
        {
          "acoustic_entropy": 18.037620544433594,
          "acoustic_entropy_side": 19.001598358154297,
          "hz": 129.47220167065723
        },
        {
          "acoustic_entropy": 19.115745544433594,
          "acoustic_entropy_side": 18.615886688232422,
          "hz": 202.92927478742237
        },
        {
          "acoustic_entropy": 19.306354522705078,
          "acoustic_entropy_side": 18.478015899658203,
          "hz": 282.89161906338205
        },
        {
          "acoustic_entropy": 19.518953323364258,
          "acoustic_entropy_side": 18.93146324157715,
          "hz": 369.9353335868758
        },
        {
          "acoustic_entropy": 19.037376403808594,
          "acoustic_entropy_side": 18.739500045776367,
          "hz": 464.6875360973435
        },
        {
          "acoustic_entropy": 19.8489933013916,
          "acoustic_entropy_side": 18.578638076782227,
          "hz": 567.8308811364784
        },
        {
          "acoustic_entropy": 19.95223045349121,
          "acoustic_entropy_side": 18.902629852294922,
          "hz": 680.1084783214808
        },
        {
          "acoustic_entropy": 18.72764778137207,
          "acoustic_entropy_side": 18.667455673217773,
          "hz": 802.3292461747484
        },
        {
          "acoustic_entropy": 19.472074508666992,
          "acoustic_entropy_side": 18.932344436645508,
          "hz": 935.3737400823702
        },
        {
          "acoustic_entropy": 19.06672477722168,
          "acoustic_entropy_side": 18.86611557006836,
          "hz": 1080.2004963696966
        },
        {
          "acoustic_entropy": 19.58977699279785,
          "acoustic_entropy_side": 19.257179260253906,
          "hz": 1237.8529382007157
        },
        {
          "acoustic_entropy": 18.53061294555664,
          "acoustic_entropy_side": 18.56841468811035,
          "hz": 1409.4668930556702
        },
        {
          "acoustic_entropy": 19.757654190063477,
          "acoustic_entropy_side": 19.12714195251465,
          "hz": 1596.2787759475705
        },
        {
          "acoustic_entropy": 19.09895896911621,
          "acoustic_entropy_side": 19.03536033630371,
          "hz": 1799.6344973346393
        },
        {
          "acoustic_entropy": 19.789684295654297,
          "acoustic_entropy_side": 19.081769943237305,
          "hz": 2020.9991599069049
        },
        {
          "acoustic_entropy": 18.961301803588867,
          "acoustic_entropy_side": 19.00198745727539,
          "hz": 2261.9676141086993
        },
        {
          "acoustic_entropy": 18.08795166015625,
          "acoustic_entropy_side": 18.4527645111084,
          "hz": 2524.2759484456974
        },
        {
          "acoustic_entropy": 19.56521224975586,
          "acoustic_entropy_side": 18.598751068115234,
          "hz": 2809.813997359896
        },
        {
