{
  "acoustic_entropy": 143.78013610839844,
  "bands": [
    {
      "high_freq": 148.1999969482422,
      "loudness": -42.95861053466797,
      "loudness_range": 18.528095245361328,
      "mid_mean": -39.427730560302734,
      "mid_to_side_loudness": -19.328218460083008,
      "mid_to_side_loudness_range": 20.524003982543945,
      "side_mean": -60.63767623901367
    },
    {
      "high_freq": 392.3793640136719,
      "loudness": -39.28966522216797,
      "loudness_range": 10.22604751586914,
      "low_freq": 148.1999969482422,
      "mid_mean": -35.71794509887695,
      "mid_to_side_loudness": -29.09203338623047,
      "mid_to_side_loudness_range": 23.48912811279297,
      "side_mean": -65.56057739257812
    },
    {
      "high_freq": 794.6976318359375,
      "loudness": -33.89532470703125,
      "loudness_range": 8.570228576660156,
      "low_freq": 392.3793640136719,
      "mid_mean": -30.391006469726562,
      "mid_to_side_loudness": -26.54325294494629,
      "mid_to_side_loudness_range": 23.670307159423828,
      "side_mean": -59.92746353149414
    },
    {
      "high_freq": 1457.5709228515625,
      "loudness": -27.363967895507812,
      "loudness_range": 9.684539794921875,
      "low_freq": 794.6976318359375,
      "mid_mean": -24.009721755981445,
      "mid_to_side_loudness": -23.285120010375977,
      "mid_to_side_loudness_range": 18.857494354248047,
      "side_mean": -51.26995849609375
    },
    {
      "high_freq": 2549.74365234375,
      "loudness": -24.079076766967773,
      "loudness_range": 11.804054260253906,
      "low_freq": 1457.5709228515625,
      "mid_mean": -20.817249298095703,
      "mid_to_side_loudness": -20.043251037597656,
      "mid_to_side_loudness_range": 22.66375160217285,
      "side_mean": -42.659568786621094
    },
    {
      "high_freq": 4349.24462890625,
      "loudness": -28.648845672607422,
      "loudness_range": 16.194934844970703,
      "low_freq": 2549.74365234375,
      "mid_mean": -25.347957611083984,
      "mid_to_side_loudness": -16.55099105834961,
      "mid_to_side_loudness_range": 20.43170738220215,
      "side_mean": -43.693511962890625
    },
    {
      "high_freq": 7314.1640625,
      "loudness": -36.42685317993164,
      "loudness_range": 14.2119140625,
      "low_freq": 4349.24462890625,
      "mid_mean": -33.20826721191406,
      "mid_to_side_loudness": -11.745445251464844,
      "mid_to_side_loudness_range": 14.837735176086426,
      "side_mean": -46.964691162109375
    },
    {
      "high_freq": 12199.2666015625,
      "loudness": -51.95762634277344,
      "loudness_range": 19.254215240478516,
      "low_freq": 7314.1640625,
      "mid_mean": -50.699623107910156,
      "mid_to_side_loudness": -6.004437446594238,
      "mid_to_side_loudness_range": 8.120485305786133,
      "side_mean": -56.47245788574219
    },
    {
      "loudness": -61.19061279296875,
      "loudness_range": 16.794532775878906,
      "low_freq": 12199.2666015625,
      "mid_mean": -59.55659484863281,
      "mid_to_side_loudness": -0.4950268864631653,
      "mid_to_side_loudness_range": 3.1522655487060547,
      "side_mean": -59.98741149902344
    }
  ],
  "bands_short": [
    {
      "high_freq": 148.1999969482422,
      "loudness": -45.000240325927734,
      "loudness_range": 24.134815216064453,
      "mid_mean": -41.51005935668945,
      "mid_to_side_loudness": -18.537721633911133,
      "mid_to_side_loudness_range": 21.2723445892334,
      "side_mean": -61.600013732910156
    },
    {
      "high_freq": 392.3793640136719,
      "loudness": -40.875709533691406,
      "loudness_range": 15.75033187866211,
      "low_freq": 148.1999969482422,
      "mid_mean": -37.28839111328125,
      "mid_to_side_loudness": -28.159042358398438,
      "mid_to_side_loudness_range": 25.397560119628906,
      "side_mean": -65.85652923583984
    },
    {
      "high_freq": 794.6976318359375,
      "loudness": -34.84538269042969,
      "loudness_range": 12.985912322998047,
      "low_freq": 392.3793640136719,
      "mid_mean": -31.33184814453125,
      "mid_to_side_loudness": -26.50811767578125,
      "mid_to_side_loudness_range": 25.434507369995117,
      "side_mean": -60.8850212097168
    },
    {
      "high_freq": 1457.5709228515625,
      "loudness": -28.322269439697266,
      "loudness_range": 13.246984481811523,
      "low_freq": 794.6976318359375,
      "mid_mean": -24.80527114868164,
      "mid_to_side_loudness": -23.12836456298828,
      "mid_to_side_loudness_range": 22.44247817993164,
      "side_mean": -52.46805191040039
    },
    {
      "high_freq": 2549.74365234375,
      "loudness": -24.759044647216797,
      "loudness_range": 14.928993225097656,
      "low_freq": 1457.5709228515625,
      "mid_mean": -21.445655822753906,
      "mid_to_side_loudness": -20.05685043334961,
      "mid_to_side_loudness_range": 24.162057876586914,
      "side_mean": -43.59099197387695
    },
    {
      "high_freq": 4349.24462890625,
      "loudness": -28.966060638427734,
      "loudness_range": 17.04894256591797,
      "low_freq": 2549.74365234375,
      "mid_mean": -25.901514053344727,
      "mid_to_side_loudness": -16.709918975830078,
      "mid_to_side_loudness_range": 21.54779624938965,
      "side_mean": -44.671295166015625
    },
    {
      "high_freq": 7314.1640625,
      "loudness": -36.53416442871094,
      "loudness_range": 15.429533004760742,
      "low_freq": 4349.24462890625,
      "mid_mean": -33.77174377441406,
      "mid_to_side_loudness": -11.797130584716797,
      "mid_to_side_loudness_range": 15.922776222229004,
      "side_mean": -49.698455810546875
    },
    {
      "high_freq": 12199.2666015625,
      "loudness": -52.939414978027344,
      "loudness_range": 24.710464477539062,
      "low_freq": 7314.1640625,
      "mid_mean": -51.61893081665039,
      "mid_to_side_loudness": -5.835635185241699,
      "mid_to_side_loudness_range": 9.015668869018555,
      "side_mean": -57.209896087646484
    },
    {
      "loudness": -61.57785415649414,
      "loudness_range": 17.04053497314453,
      "low_freq": 12199.2666015625,
      "mid_mean": -59.936126708984375,
      "mid_to_side_loudness": -0.2517062723636627,
      "mid_to_side_loudness_range": 4.748845100402832,
      "side_mean": -60.40415573120117
    }
  ],
  "bandwidth": 1351.8314208984375,
  "channels": 2,
  "covariance": [
    [
      45.053749084472656,
      30.12411117553711,
      6.6647047996521,
      0.898754358291626,
      14.063483238220215,
      11.072582244873047,
      8.778461456298828,
      11.728072166442871,
      9.334576606750488,
      10.912373542785645,
      12.717716217041016,
      12.736990928649902,
      9.277860641479492,
      13.326489448547363,
      6.4689226150512695,
      3.420262098312378,
      2.0533156394958496,
      2.322464942932129
    ],
    [
      30.12411117553711,
      30.26116180419922,
      3.982227087020874,
      3.5731918811798096,
      9.95820426940918,
      15.57027530670166,
      5.689864158630371,
      22.975666046142578,
      6.40895414352417,
      6.855515480041504,
      9.237821578979492,
      9.552644729614258,
      6.460870265960693,
      10.663125991821289,
      18.000516891479492,
      11.794960975646973,
      8.081156730651855,
      7.94985294342041
    ],
    [
      6.6647047996521,
      3.982227087020874,
      19.482215881347656,
      7.651153564453125,
      9.46189022064209,
      6.271456241607666,
      9.906071662902832,
      8.829010009765625,
      5.742894649505615,
      4.898955345153809,
      4.709236145019531,
      3.838322639465332,
      3.518860101699829,
      6.0580244064331055,
      8.24875545501709,
      5.85296106338501,
      2.832078218460083,
      2.64211106300354
    ],
    [
      0.898754358291626,
      3.5731918811798096,
      7.651153564453125,
      6.664698123931885,
      2.0952134132385254,
      7.16109561920166,
      1.8772391080856323,
      11.16202163696289,
      -1.1836940050125122,
      -1.6186803579330444,
      -0.972629964351654,
      -1.0948354005813599,
      -1.3832916021347046,
      1.4719865322113037,
      9.113131523132324,
      6.267024517059326,
      3.521317720413208,
      3.505657911300659
    ],
    [
      14.063483238220215,
      9.95820426940918,
      9.46189022064209,
      2.0952134132385254,
      19.357900619506836,
      13.400341033935547,
      15.37928295135498,
      14.385857582092285,
      15.545583724975586,
      13.52357006072998,
      20.302885055541992,
      19.423152923583984,
      16.334884643554688,
      17.566112518310547,
      17.187644958496094,
      13.951671600341797,
      10.655333518981934,
      10.591293334960938
    ],
    [
      11.072582244873047,
      15.57027530670166,
      6.271456241607666,
      7.16109561920166,
      13.400341033935547,
      23.065277099609375,
      10.07474136352539,
      32.75674057006836,
      8.414623260498047,
      8.229507446289062,
      13.96499252319336,
      14.408514022827148,
      11.243581771850586,
      18.552753448486328,
      32.07696533203125,
      24.116958618164062,
      16.712621688842773,
      16.96500015258789
    ],
    [
      8.778461456298828,
      5.689864158630371,
      9.906071662902832,
      1.8772391080856323,
      15.37928295135498,
      10.07474136352539,
      22.423629760742188,
      20.35655403137207,
      16.82888412475586,
      14.615811347961426,
      22.469507217407227,
      20.918697357177734,
      18.504798889160156,
      20.479907989501953,
      23.54338264465332,
      19.114028930664062,
      14.035855293273926,
      13.393959045410156
    ],
    [
      11.728072166442871,
      22.975666046142578,
      8.829010009765625,
      11.16202163696289,
      14.385857582092285,
      32.75674057006836,
      20.35655403137207,
      61.10835266113281,
      15.682708740234375,
      14.676445007324219,
      21.876453399658203,
      22.240764617919922,
      19.012880325317383,
      31.59673500061035,
      58.12322998046875,
      42.784664154052734,
      28.880308151245117,
      28.44044303894043
    ],
    [
      9.334576606750488,
      6.40895414352417,
      5.742894649505615,
      -1.1836940050125122,
      15.545583724975586,
      8.414623260498047,
      16.82888412475586,
      15.682708740234375,
      32.578495025634766,
      31.315223693847656,
      26.88026237487793,
      27.205577850341797,
      27.268997192382812,
      26.90278434753418,
      25.266016006469727,
      20.797786712646484,
      15.022561073303223,
      14.62630844116211
    ],
    [
      10.912373542785645,
      6.855515480041504,
      4.898955345153809,
      -1.6186803579330444,
      13.52357006072998,
      8.229507446289062,
      14.615811347961426,
      14.676445007324219,
      31.315223693847656,
      34.694705963134766,
      24.668041229248047,
      27.336469650268555,
      26.311304092407227,
      26.721477508544922,
      23.872753143310547,
      21.01567268371582,
      13.590306282043457,
      14.564531326293945
    ],
    [
      12.717716217041016,
      9.237821578979492,
      4.709236145019531,
      -0.972629964351654,
      20.302885055541992,
      13.96499252319336,
      22.469507217407227,
      21.876453399658203,
      26.88026237487793,
      24.668041229248047,
      36.7714729309082,
      35.157230377197266,
      30.787668228149414,
      30.216108322143555,
      32.25600051879883,
      27.284109115600586,
      22.16740608215332,
      21.659969329833984
    ],
    [
      12.736990928649902,
      9.552644729614258,
      3.838322639465332,
      -1.0948354005813599,
      19.423152923583984,
      14.408514022827148,
      20.918697357177734,
      22.240764617919922,
      27.205577850341797,
      27.336469650268555,
      35.157230377197266,
      36.991172790527344,
      30.09360122680664,
      32.162330627441406,
      30.26116180419922,
      27.466278076171875,
      20.09539794921875,
      21.305967330932617
    ],
    [
      9.277860641479492,
      6.460870265960693,
      3.518860101699829,
      -1.3832916021347046,
      16.334884643554688,
      11.243581771850586,
      18.504798889160156,
      19.012880325317383,
      27.268997192382812,
      26.311304092407227,
      30.787668228149414,
      30.09360122680664,
      34.18707275390625,
      31.634765625,
      28.594606399536133,
      23.332223892211914,
      19.029130935668945,
      18.4293155670166
    ],
    [
      13.326489448547363,
      10.663125991821289,
      6.0580244064331055,
      1.4719865322113037,
      17.566112518310547,
      18.552753448486328,
      20.479907989501953,
      31.59673500061035,
      26.90278434753418,
      26.721477508544922,
      30.216108322143555,
      32.162330627441406,
      31.634765625,
      45.45426559448242,
      37.45338439941406,
      30.84800910949707,
      21.575456619262695,
      22.328462600708008
    ],
    [
      6.4689226150512695,
      18.000516891479492,
      8.24875545501709,
      9.113131523132324,
      17.187644958496094,
      32.07696533203125,
      23.54338264465332,
      58.12322998046875,
      25.266016006469727,
      23.872753143310547,
      32.25600051879883,
      30.26116180419922,
      28.594606399536133,
      37.45338439941406,
      74.57598876953125,
      57.688316345214844,
      42.174110412597656,
      40.59596633911133
    ],
    [
      3.420262098312378,
      11.794960975646973,
      5.85296106338501,
      6.267024517059326,
      13.951671600341797,
      24.116958618164062,
      19.114028930664062,
      42.784664154052734,
      20.797786712646484,
      21.01567268371582,
      27.284109115600586,
      27.466278076171875,
      23.332223892211914,
      30.84800910949707,
      57.688316345214844,
      47.37030792236328,
      34.01365661621094,
      33.98875045776367
    ],
    [
      2.0533156394958496,
      8.081156730651855,
      2.832078218460083,
      3.521317720413208,
      10.655333518981934,
      16.712621688842773,
      14.035855293273926,
      28.880308151245117,
      15.022561073303223,
      13.590306282043457,
      22.16740608215332,
      20.09539794921875,
      19.029130935668945,
      21.575456619262695,
      42.174110412597656,
      34.01365661621094,
      27.914737701416016,
      26.579374313354492
    ],
    [
      2.322464942932129,
      7.94985294342041,
      2.64211106300354,
      3.505657911300659,
      10.591293334960938,
      16.96500015258789,
      13.393959045410156,
      28.44044303894043,
      14.62630844116211,
      14.564531326293945,
      21.659969329833984,
      21.305967330932617,
      18.4293155670166,
      22.328462600708008,
      40.59596633911133,
      33.98875045776367,
      26.579374313354492,
      26.421939849853516
    ]
  ],
  "covariance_short": [
    [
      62.34318542480469,
      39.41598892211914,
      17.0363826751709,
      6.8485026359558105,
      18.1375675201416,
      14.867521286010742,
      8.416839599609375,
      15.535455703735352,
      8.250874519348145,
      8.085240364074707,
      10.283814430236816,
      11.700429916381836,
      6.591582298278809,
      16.865507125854492,
      7.498900413513184,
      5.517000198364258,
      2.7594738006591797,
      3.5986850261688232
    ],
    [
      39.41598892211914,
      34.15431594848633,
      9.802605628967285,
      6.407693862915039,
      11.145030975341797,
      15.252495765686035,
      4.307385444641113,
      21.637073516845703,
      4.582275867462158,
      4.553287029266357,
      6.203984260559082,
      6.797967910766602,
      3.510226011276245,
      22.302934646606445,
      17.488224029541016,
      11.964061737060547,
      7.830618858337402,
      7.736819744110107
    ],
    [
      17.0363826751709,
      9.802605628967285,
      34.631553649902344,
      14.250245094299316,
      15.786725997924805,
      10.747522354125977,
      9.369637489318848,
      8.933831214904785,
      4.452164173126221,
      3.312793254852295,
      4.527524471282959,
      4.309782028198242,
      1.677634358406067,
      4.886988639831543,
      8.539234161376953,
      6.1216139793396,
      3.6537277698516846,
      3.3484184741973877
    ],
    [
      6.8485026359558105,
      6.407693862915039,
      14.250245094299316,
      10.008279800415039,
      5.605848789215088,
      9.389396667480469,
      2.8958628177642822,
      12.127851486206055,
      -0.19251340627670288,
      -0.007848295383155346,
      0.6818369626998901,
      1.1319206953048706,
      -0.591475248336792,
      9.79937744140625,
      9.924574851989746,
      7.129746913909912,
      4.23081111907959,
      4.34124755859375
    ],
    [
      18.1375675201416,
      11.145030975341797,
      15.786725997924805,
      5.605848789215088,
      28.843286514282227,
      20.654497146606445,
      17.057748794555664,
      17.717159271240234,
      16.187240600585938,
      14.238317489624023,
      21.47974395751953,
      20.514888763427734,
      17.321786880493164,
      20.392230987548828,
      21.692890167236328,
      16.896350860595703,
      12.665231704711914,
      12.300273895263672
    ],
    [
      14.867521286010742,
      15.252495765686035,
      10.747522354125977,
      9.389396667480469,
      20.654497146606445,
      28.377878189086914,
      11.643498420715332,
      34.39617156982422,
      9.233108520507812,
      10.470635414123535,
      15.9162015914917,
      17.7700138092041,
      12.197113990783691,
      35.66441345214844,
      33.14080047607422,
      25.412105560302734,
      16.86860466003418,
      17.66889190673828
    ],
    [
      8.416839599609375,
      4.307385444641113,
      9.369637489318848,
      2.8958628177642822,
      17.057748794555664,
      11.643498420715332,
      30.576356887817383,
      28.579349517822266,
      22.367650985717773,
      20.062536239624023,
      28.866884231567383,
      27.520719528198242,
      25.778715133666992,
      26.310697555541992,
      27.710416793823242,
      20.99595069885254,
      14.948701858520508,
      14.209868431091309
    ],
    [
      15.535455703735352,
      21.637073516845703,
      8.933831214904785,
      12.127851486206055,
      17.717159271240234,
      34.39617156982422,
      28.579349517822266,
      70.5035400390625,
      21.23505210876465,
      22.4354190826416,
      28.64846420288086,
      31.49355125427246,
      25.658456802368164,
      68.95486450195312,
      61.94465637207031,
      45.38129806518555,
      29.192747116088867,
      29.617008209228516
    ],
    [
      8.250874519348145,
      4.582275867462158,
      4.452164173126221,
      -0.19251340627670288,
      16.187240600585938,
      9.233108520507812,
      22.367650985717773,
      21.23505210876465,
      44.79471206665039,
      43.1596794128418,
      35.94195556640625,
      35.5181884765625,
      37.75777816772461,
      37.39076614379883,
      34.96204376220703,
      26.49508285522461,
      17.942455291748047,
      17.204946517944336
    ],
    [
      8.085240364074707,
      4.553287029266357,
      3.312793254852295,
      -0.007848295383155346,
      14.238317489624023,
      10.470635414123535,
      20.062536239624023,
      22.4354190826416,
      43.1596794128418,
      49.87091827392578,
      34.026641845703125,
      39.304046630859375,
      35.99357223510742,
      39.85122299194336,
      33.2291259765625,
      28.358726501464844,
      16.074838638305664,
      18.17820930480957
    ],
    [
      10.283814430236816,
      6.203984260559082,
      4.527524471282959,
      0.6818369626998901,
      21.47974395751953,
      15.9162015914917,
      28.866884231567383,
      28.64846420288086,
      35.94195556640625,
      34.026641845703125,
      50.748207092285156,
      47.17869186401367,
      43.414485931396484,
      42.162532806396484,
      43.126895904541016,
      33.33858871459961,
      25.76100730895996,
      24.619449615478516
    ],
    [
      11.700429916381836,
      6.797967910766602,
      4.309782028198242,
      1.1319206953048706,
      20.514888763427734,
      17.7700138092041,
      27.520719528198242,
      31.49355125427246,
      35.5181884765625,
      39.304046630859375,
      47.17869186401367,
      54.92540740966797,
      42.46499252319336,
      47.06671905517578,
      41.092018127441406,
      35.4885139465332,
      23.16950035095215,
      25.631635665893555
    ],
    [
      6.591582298278809,
      3.510226011276245,
      1.677634358406067,
      -0.591475248336792,
      17.321786880493164,
      12.197113990783691,
      25.778715133666992,
      25.658456802368164,
      37.75777816772461,
      35.99357223510742,
      43.414485931396484,
      42.46499252319336,
      52.34954071044922,
      47.099246978759766,
      43.2486686706543,
      33.16785430908203,
      24.659149169921875,
      23.63499641418457
    ],
    [
      16.865507125854492,
      22.302934646606445,
      4.886988639831543,
      9.79937744140625,
      20.392230987548828,
      35.66441345214844,
      26.310697555541992,
      68.95486450195312,
      37.39076614379883,
      39.85122299194336,
      42.162532806396484,
      47.06671905517578,
      47.099246978759766,
      92.92328643798828,
      76.93578338623047,
      57.672019958496094,
      37.253257751464844,
      38.01569747924805
    ],
    [
      7.498900413513184,
      17.488224029541016,
      8.539234161376953,
      9.924574851989746,
      21.692890167236328,
      33.14080047607422,
      27.710416793823242,
      61.94465637207031,
      34.96204376220703,
      33.2291259765625,
      43.126895904541016,
      41.092018127441406,
      43.2486686706543,
      76.93578338623047,
      85.76284790039062,
      63.388031005859375,
      46.0500602722168,
      43.44076919555664
    ],
    [
      5.517000198364258,
      11.964061737060547,
      6.1216139793396,
      7.129746913909912,
      16.896350860595703,
      25.412105560302734,
      20.99595069885254,
      45.38129806518555,
      26.49508285522461,
      28.358726501464844,
      33.33858871459961,
      35.4885139465332,
      33.16785430908203,
      57.672019958496094,
      63.388031005859375,
      50.63945770263672,
      35.499210357666016,
      35.64322280883789
    ],
    [
      2.7594738006591797,
      7.830618858337402,
      3.6537277698516846,
      4.23081111907959,
      12.665231704711914,
      16.86860466003418,
      14.948701858520508,
      29.192747116088867,
      17.942455291748047,
      16.074838638305664,
      25.76100730895996,
      23.16950035095215,
      24.659149169921875,
      37.253257751464844,
      46.0500602722168,
      35.499210357666016,
      29.830419540405273,
      27.67118263244629
    ],
    [
      3.5986850261688232,
      7.736819744110107,
      3.3484184741973877,
      4.34124755859375,
      12.300273895263672,
      17.66889190673828,
      14.209868431091309,
      29.617008209228516,
      17.204946517944336,
      18.17820930480957,
      24.619449615478516,
      25.631635665893555,
      23.63499641418457,
      38.01569747924805,
      43.44076919555664,
      35.64322280883789,
      27.67118263244629,
      27.75686264038086
    ]
  ],
  "damage": -9.601354598999023,
  "diff_bandwidth": 1380.061279296875,
  "dissonance": 9.537626752607933,
  "drr": 1.4899766445159912,
  "dynamics": 3.49375057220459,
  "format": 1245190,
  "frames": 1679296,
  "loudness": -17.01987075805664,
  "loudness_range": 9.006379127502441,
  "loudness_range_short": 11.822310447692871,
  "lowpass_true_peak_15khz": -2.8244545459747314,
  "mastering3_acoustic_entropies": [
    {
      "acoustic_entropy": 7.236211776733398,
      "acoustic_entropy_mono": 7.262353420257568,
      "band_eliminated_acoustic_entropies": [
        {
          "acoustic_entropy": 7.236545085906982,
          "acoustic_entropy_side": 7.236212253570557,
          "hz": 129.47220167065723
        },
        {
          "acoustic_entropy": 7.236241340637207,
          "acoustic_entropy_side": 7.236211776733398,
          "hz": 202.92927478742237
        },
        {
          "acoustic_entropy": 7.237260818481445,
          "acoustic_entropy_side": 7.236211776733398,
          "hz": 282.89161906338205
        },
        {
          "acoustic_entropy": 7.227752208709717,
          "acoustic_entropy_side": 7.236211776733398,
          "hz": 369.9353335868758
        },
        {
          "acoustic_entropy": 7.263713836669922,
          "acoustic_entropy_side": 7.236211776733398,
          "hz": 464.6875360973435
        },
        {
          "acoustic_entropy": 7.292279243469238,
          "acoustic_entropy_side": 7.236211776733398,
          "hz": 567.8308811364784
        },
        {
          "acoustic_entropy": 7.425326347351074,
          "acoustic_entropy_side": 7.236213207244873,
          "hz": 680.1084783214808
        },
        {
          "acoustic_entropy": 7.338672161102295,
          "acoustic_entropy_side": 7.2362141609191895,
          "hz": 802.3292461747484
        },
        {
          "acoustic_entropy": 7.376932621002197,
          "acoustic_entropy_side": 7.236214637756348,
          "hz": 935.3737400823702
        },
        {
          "acoustic_entropy": 7.517457008361816,
          "acoustic_entropy_side": 7.236320972442627,
          "hz": 1080.2004963696966
        },
        {
          "acoustic_entropy": 7.0572662353515625,
          "acoustic_entropy_side": 7.23625373840332,
          "hz": 1237.8529382007157
        },
        {
          "acoustic_entropy": 7.124470233917236,
          "acoustic_entropy_side": 7.2356977462768555,
          "hz": 1409.4668930556702
        },
        {
          "acoustic_entropy": 7.416815757751465,
          "acoustic_entropy_side": 7.236247539520264,
          "hz": 1596.2787759475705
        },
        {
          "acoustic_entropy": 7.2755818367004395,
          "acoustic_entropy_side": 7.235964775085449,
          "hz": 1799.6344973346393
        },
        {
          "acoustic_entropy": 6.43663215637207,
          "acoustic_entropy_side": 7.239014148712158,
          "hz": 2020.9991599069049
        },
        {
          "acoustic_entropy": 7.900852203369141,
          "acoustic_entropy_side": 7.223475933074951,
          "hz": 2261.9676141086993
        },
        {
          "acoustic_entropy": 6.995611190795898,
          "acoustic_entropy_side": 7.236264228820801,
          "hz": 2524.2759484456974
        },
        {
          "acoustic_entropy": 7.435419082641602,
          "acoustic_entropy_side": 7.229885101318359,
          "hz": 2809.813997359896
        },
        {
          "acoustic_entropy": 7.359372138977051,
          "acoustic_entropy_side": 7.2659525871276855,
          "hz": 3120.6389567871424
        },
        {
          "acoustic_entropy": 7.180268287658691,
          "acoustic_entropy_side": 7.250815391540527,
          "hz": 3458.990205492291
        },
        {
          "acoustic_entropy": 7.053256034851074,
          "acoustic_entropy_side": 7.234532356262207,
          "hz": 3827.305438964164
        },
        {
          "acoustic_entropy": 7.288816928863525,
          "acoustic_entropy_side": 7.23587703704834,
          "hz": 4228.238232109126
        },
        {
          "acoustic_entropy": 7.176934719085693,
          "acoustic_entropy_side": 7.235828399658203,
          "hz": 4664.6771572759235
        },
        {
          "acoustic_entropy": 7.349382400512695,
          "acoustic_entropy_side": 7.237542629241943,
          "hz": 5139.766595350093
        },
        {
          "acoustic_entropy": 7.236188888549805,
          "acoustic_entropy_side": 7.235968112945557,
          "hz": 5656.929389854203
        },
        {
          "acoustic_entropy": 7.226913928985596,
          "acoustic_entropy_side": 7.236544609069824,
          "hz": 6219.891507268283
        },
        {
          "acoustic_entropy": 7.227932929992676,
          "acoustic_entropy_side": 7.236126899719238,
          "hz": 6832.70888123896
        },
        {
          "acoustic_entropy": 7.228731155395508,
          "acoustic_entropy_side": 7.2360687255859375,
          "hz": 7499.796634079867
        },
        {
          "acoustic_entropy": 7.227260112762451,
          "acoustic_entropy_side": 7.2355427742004395,
          "hz": 8225.96088609342
        },
        {
          "acoustic_entropy": 7.233016490936279,
          "acoustic_entropy_side": 7.235099792480469,
          "hz": 9016.43338188839
        },
        {
          "acoustic_entropy": 7.236670970916748,
          "acoustic_entropy_side": 7.235066890716553,
          "hz": 9876.909183162974
        },
        {
          "acoustic_entropy": 7.236035346984863,
          "acoustic_entropy_side": 7.235138416290283,
          "hz": 10813.587699516042
        },
        {
          "acoustic_entropy": 7.235616683959961,
          "acoustic_entropy_side": 7.23533821105957,
          "hz": 11833.21735289826
        },
        {
          "acoustic_entropy": 7.235461711883545,
          "acoustic_entropy_side": 7.235894203186035,
          "hz": 12943.144197493959
        },
        {
          "acoustic_entropy": 7.235823631286621,
          "acoustic_entropy_side": 7.236039638519287,
          "hz": 14151.364845322005
        },
        {
          "acoustic_entropy": 7.236103534698486,
          "acoustic_entropy_side": 7.236159801483154,
          "hz": 15466.58407886509
        },
        {
          "acoustic_entropy": 7.236179351806641,
          "acoustic_entropy_side": 7.236196041107178,
          "hz": 16898.27756580493
        },
        {
          "acoustic_entropy": 7.236201763153076,
          "acoustic_entropy_side": 7.236206531524658,
          "hz": 18456.760127700032
        },
        {
          "acoustic_entropy": 7.236208915710449,
          "acoustic_entropy_side": 7.236209392547607,
          "hz": 20153.260054456492
        },
        {
          "acoustic_entropy": 7.23621129989624,
          "acoustic_entropy_side": 7.236210823059082,
          "hz": 22000.00000000001
        }
      ],
      "diff_acoustic_entropy": 5.133217811584473,
      "sn": 6
    },
    {
      "acoustic_entropy": 8.870529174804688,
      "acoustic_entropy_mono": 9.022363662719727,
      "band_eliminated_acoustic_entropies": [
        {
          "acoustic_entropy": 8.84252643585205,
          "acoustic_entropy_side": 8.870527267456055,
          "hz": 129.47220167065723
        },
        {
          "acoustic_entropy": 8.850271224975586,
          "acoustic_entropy_side": 8.870527267456055,
          "hz": 202.92927478742237
        },
        {
          "acoustic_entropy": 8.861540794372559,
          "acoustic_entropy_side": 8.870528221130371,
          "hz": 282.89161906338205
        },
        {
          "acoustic_entropy": 8.804113388061523,
          "acoustic_entropy_side": 8.870529174804688,
          "hz": 369.9353335868758
        },
        {
          "acoustic_entropy": 8.954099655151367,
          "acoustic_entropy_side": 8.870529174804688,
          "hz": 464.6875360973435
        },
        {
          "acoustic_entropy": 8.92916488647461,
          "acoustic_entropy_side": 8.870529174804688,
          "hz": 567.8308811364784
        },
        {
          "acoustic_entropy": 8.821276664733887,
          "acoustic_entropy_side": 8.870518684387207,
          "hz": 680.1084783214808
        },
        {
          "acoustic_entropy": 8.338387489318848,
          "acoustic_entropy_side": 8.870417594909668,
          "hz": 802.3292461747484
        },
        {
          "acoustic_entropy": 8.970230102539062,
          "acoustic_entropy_side": 8.870463371276855,
          "hz": 935.3737400823702
        },
        {
          "acoustic_entropy": 8.415627479553223,
          "acoustic_entropy_side": 8.869756698608398,
          "hz": 1080.2004963696966
        },
        {
          "acoustic_entropy": 8.576802253723145,
          "acoustic_entropy_side": 8.870182037353516,
          "hz": 1237.8529382007157
        },
        {
          "acoustic_entropy": 8.825868606567383,
          "acoustic_entropy_side": 8.869532585144043,
          "hz": 1409.4668930556702
        },
        {
          "acoustic_entropy": 8.880631446838379,
          "acoustic_entropy_side": 8.86925983428955,
          "hz": 1596.2787759475705
        },
        {
          "acoustic_entropy": 8.84885025024414,
          "acoustic_entropy_side": 8.866273880004883,
          "hz": 1799.6344973346393
        },
        {
          "acoustic_entropy": 8.439449310302734,
          "acoustic_entropy_side": 8.890936851501465,
          "hz": 2020.9991599069049
        },
        {
          "acoustic_entropy": 9.495368957519531,
          "acoustic_entropy_side": 8.796643257141113,
          "hz": 2261.9676141086993
        },
        {
          "acoustic_entropy": 8.320019721984863,
          "acoustic_entropy_side": 8.750853538513184,
          "hz": 2524.2759484456974
        },
        {
          "acoustic_entropy": 9.096385955810547,
          "acoustic_entropy_side": 8.849289894104004,
          "hz": 2809.813997359896
        },
        {
          "acoustic_entropy": 8.842905044555664,
          "acoustic_entropy_side": 9.008404731750488,
          "hz": 3120.6389567871424
        },
        {
          "acoustic_entropy": 8.825636863708496,
          "acoustic_entropy_side": 8.90977668762207,
          "hz": 3458.990205492291
        },
        {
          "acoustic_entropy": 8.665929794311523,
          "acoustic_entropy_side": 8.889666557312012,
          "hz": 3827.305438964164
        },
        {
          "acoustic_entropy": 8.840641021728516,
          "acoustic_entropy_side": 8.870351791381836,
          "hz": 4228.238232109126
        },
        {
          "acoustic_entropy": 8.81986141204834,
          "acoustic_entropy_side": 8.861751556396484,
          "hz": 4664.6771572759235
        },
        {
          "acoustic_entropy": 8.828049659729004,
          "acoustic_entropy_side": 8.850778579711914,
          "hz": 5139.766595350093
        },
        {
          "acoustic_entropy": 8.789506912231445,
          "acoustic_entropy_side": 8.86314868927002,
          "hz": 5656.929389854203
        },
        {
          "acoustic_entropy": 8.877089500427246,
          "acoustic_entropy_side": 8.86644172668457,
          "hz": 6219.891507268283
        },
        {
          "acoustic_entropy": 8.832228660583496,
          "acoustic_entropy_side": 8.867744445800781,
          "hz": 6832.70888123896
        },
        {
          "acoustic_entropy": 8.915462493896484,
          "acoustic_entropy_side": 8.871902465820312,
          "hz": 7499.796634079867
        },
        {
          "acoustic_entropy": 8.881717681884766,
          "acoustic_entropy_side": 8.871822357177734,
          "hz": 8225.96088609342
        },
        {
          "acoustic_entropy": 8.909770011901855,
          "acoustic_entropy_side": 8.877532958984375,
          "hz": 9016.43338188839
        },
        {
          "acoustic_entropy": 8.882270812988281,
          "acoustic_entropy_side": 8.877492904663086,
          "hz": 9876.909183162974
        },
        {
          "acoustic_entropy": 8.87570858001709,
          "acoustic_entropy_side": 8.876559257507324,
          "hz": 10813.587699516042
        },
        {
          "acoustic_entropy": 8.885602951049805,
          "acoustic_entropy_side": 8.876873016357422,
          "hz": 11833.21735289826
        },
        {
          "acoustic_entropy": 8.881027221679688,
          "acoustic_entropy_side": 8.874001502990723,
          "hz": 12943.144197493959
        },
        {
          "acoustic_entropy": 8.876137733459473,
          "acoustic_entropy_side": 8.872735977172852,
          "hz": 14151.364845322005
        },
        {
          "acoustic_entropy": 8.872960090637207,
          "acoustic_entropy_side": 8.87163257598877,
          "hz": 15466.58407886509
        },
        {
          "acoustic_entropy": 8.871548652648926,
          "acoustic_entropy_side": 8.871070861816406,
          "hz": 16898.27756580493
        },
        {
          "acoustic_entropy": 8.870955467224121,
          "acoustic_entropy_side": 8.870793342590332,
          "hz": 18456.760127700032
        },
        {
          "acoustic_entropy": 8.870675086975098,
          "acoustic_entropy_side": 8.870635032653809,
          "hz": 20153.260054456492
        },
        {
          "acoustic_entropy": 8.8705472946167,
          "acoustic_entropy_side": 8.870542526245117,
          "hz": 22000.00000000001
        }
      ],
      "diff_acoustic_entropy": 6.978355407714844,
      "sn": 12
    },
    {
      "acoustic_entropy": 13.409451484680176,
      "acoustic_entropy_mono": 12.987546920776367,
      "band_eliminated_acoustic_entropies": [
        {
          "acoustic_entropy": 12.739092826843262,
          "acoustic_entropy_side": 13.4096040725708,
          "hz": 129.47220167065723
        },
        {
          "acoustic_entropy": 13.37900161743164,
          "acoustic_entropy_side": 13.40953254699707,
          "hz": 202.92927478742237
        },
        {
          "acoustic_entropy": 13.508614540100098,
          "acoustic_entropy_side": 13.40944766998291,
          "hz": 282.89161906338205
        },
        {
          "acoustic_entropy": 13.280570030212402,
          "acoustic_entropy_side": 13.409473419189453,
          "hz": 369.9353335868758
        },
        {
          "acoustic_entropy": 12.91653823852539,
          "acoustic_entropy_side": 13.409357070922852,
          "hz": 464.6875360973435
        },
        {
          "acoustic_entropy": 13.718801498413086,
          "acoustic_entropy_side": 13.408873558044434,
          "hz": 567.8308811364784
        },
        {
          "acoustic_entropy": 13.556315422058105,
          "acoustic_entropy_side": 13.407136917114258,
          "hz": 680.1084783214808
        },
        {
          "acoustic_entropy": 13.000925064086914,
          "acoustic_entropy_side": 13.408940315246582,
          "hz": 802.3292461747484
        },
        {
          "acoustic_entropy": 13.29556941986084,
          "acoustic_entropy_side": 13.427868843078613,
          "hz": 935.3737400823702
        },
        {
          "acoustic_entropy": 12.89587688446045,
          "acoustic_entropy_side": 13.485821723937988,
          "hz": 1080.2004963696966
        },
        {
          "acoustic_entropy": 12.465774536132812,
          "acoustic_entropy_side": 13.404892921447754,
          "hz": 1237.8529382007157
        },
        {
          "acoustic_entropy": 13.169854164123535,
          "acoustic_entropy_side": 13.675905227661133,
          "hz": 1409.4668930556702
        },
        {
          "acoustic_entropy": 13.561519622802734,
          "acoustic_entropy_side": 13.632126808166504,
          "hz": 1596.2787759475705
        },
        {
          "acoustic_entropy": 13.493367195129395,
          "acoustic_entropy_side": 13.226484298706055,
          "hz": 1799.6344973346393
        },
        {
          "acoustic_entropy": 12.883855819702148,
          "acoustic_entropy_side": 13.355903625488281,
          "hz": 2020.9991599069049
        },
        {
          "acoustic_entropy": 14.632942199707031,
          "acoustic_entropy_side": 13.638570785522461,
          "hz": 2261.9676141086993
        },
        {
          "acoustic_entropy": 13.518339157104492,
          "acoustic_entropy_side": 13.469978332519531,
          "hz": 2524.2759484456974
        },
        {
          "acoustic_entropy": 12.761818885803223,
          "acoustic_entropy_side": 13.151956558227539,
          "hz": 2809.813997359896
        },
        {
          "acoustic_entropy": 13.13331413269043,
          "acoustic_entropy_side": 13.218832969665527,
          "hz": 3120.6389567871424
        },
        {
