{
  "acoustic_entropy": 131.61463928222656,
  "bands": [
    {
      "high_freq": 148.1999969482422,
      "loudness": -38.88998031616211,
      "loudness_range": 13.123006820678711,
      "mid_mean": -35.52168655395508,
      "mid_to_side_loudness": -25.629058837890625,
      "mid_to_side_loudness_range": 7.233514785766602,
      "side_mean": -61.741363525390625
    },
    {
      "high_freq": 392.3793640136719,
      "loudness": -29.649574279785156,
      "loudness_range": 11.59097671508789,
      "low_freq": 148.1999969482422,
      "mid_mean": -26.04967498779297,
      "mid_to_side_loudness": -22.911197662353516,
      "mid_to_side_loudness_range": 10.204771041870117,
      "side_mean": -52.621307373046875
    },
    {
      "high_freq": 794.6976318359375,
      "loudness": -25.09112548828125,
      "loudness_range": 12.501091003417969,
      "low_freq": 392.3793640136719,
      "mid_mean": -21.581857681274414,
      "mid_to_side_loudness": -22.546274185180664,
      "mid_to_side_loudness_range": 11.336925506591797,
      "side_mean": -44.71811294555664
    },
    {
      "high_freq": 1457.5709228515625,
      "loudness": -29.835651397705078,
      "loudness_range": 17.088918685913086,
      "low_freq": 794.6976318359375,
      "mid_mean": -26.52701187133789,
      "mid_to_side_loudness": -22.570335388183594,
      "mid_to_side_loudness_range": 10.077377319335938,
      "side_mean": -52.7174072265625
    },
    {
      "high_freq": 2549.74365234375,
      "loudness": -32.88274002075195,
      "loudness_range": 21.181903839111328,
      "low_freq": 1457.5709228515625,
      "mid_mean": -29.585832595825195,
      "mid_to_side_loudness": -22.275999069213867,
      "mid_to_side_loudness_range": 8.754873275756836,
      "side_mean": -54.89799499511719
    },
    {
      "high_freq": 4349.24462890625,
      "loudness": -43.421791076660156,
      "loudness_range": 20.941646575927734,
      "low_freq": 2549.74365234375,
      "mid_mean": -40.44921112060547,
      "mid_to_side_loudness": -23.517414093017578,
      "mid_to_side_loudness_range": 8.997629165649414,
      "side_mean": -63.141944885253906
    },
    {
      "high_freq": 7314.1640625,
      "loudness": -47.70816421508789,
      "loudness_range": 16.88819122314453,
      "low_freq": 4349.24462890625,
      "mid_mean": -46.57024002075195,
      "mid_to_side_loudness": -28.31555938720703,
      "mid_to_side_loudness_range": 10.69998550415039,
      "side_mean": -67.88125610351562
    },
    {
      "high_freq": 12199.2666015625,
      "loudness": -51.50613021850586,
      "loudness_range": 25.270950317382812,
      "low_freq": 7314.1640625,
      "mid_mean": -52.35443115234375,
      "mid_to_side_loudness": -33.46916198730469,
      "mid_to_side_loudness_range": 17.34330940246582,
      "side_mean": -69.39972686767578
    },
    {
      "loudness": -63.12145233154297,
      "loudness_range": 19.07156753540039,
      "low_freq": 12199.2666015625,
      "mid_mean": -60.144676208496094,
      "mid_to_side_loudness": -31.707008361816406,
      "mid_to_side_loudness_range": 21.457448959350586,
      "side_mean": -69.96723937988281
    }
  ],
  "bands_short": [
    {
      "high_freq": 148.1999969482422,
      "loudness": -43.69430923461914,
      "loudness_range": 18.639942169189453,
      "mid_mean": -40.32492446899414,
      "mid_to_side_loudness": -25.52470588684082,
      "mid_to_side_loudness_range": 15.502155303955078,
      "side_mean": -64.6666259765625
    },
    {
      "high_freq": 392.3793640136719,
      "loudness": -30.445310592651367,
      "loudness_range": 13.182014465332031,
      "low_freq": 148.1999969482422,
      "mid_mean": -26.899927139282227,
      "mid_to_side_loudness": -22.731063842773438,
      "mid_to_side_loudness_range": 13.270115852355957,
      "side_mean": -53.17609405517578
    },
    {
      "high_freq": 794.6976318359375,
      "loudness": -25.508333206176758,
      "loudness_range": 14.92650032043457,
      "low_freq": 392.3793640136719,
      "mid_mean": -22.039169311523438,
      "mid_to_side_loudness": -22.254304885864258,
      "mid_to_side_loudness_range": 13.84893798828125,
      "side_mean": -44.88443374633789
    },
    {
      "high_freq": 1457.5709228515625,
      "loudness": -30.29898452758789,
      "loudness_range": 18.06639862060547,
      "low_freq": 794.6976318359375,
      "mid_mean": -27.03793716430664,
      "mid_to_side_loudness": -22.120569229125977,
      "mid_to_side_loudness_range": 14.137857437133789,
      "side_mean": -52.901493072509766
    },
    {
      "high_freq": 2549.74365234375,
      "loudness": -33.68675231933594,
      "loudness_range": 22.610111236572266,
      "low_freq": 1457.5709228515625,
      "mid_mean": -30.583358764648438,
      "mid_to_side_loudness": -21.580806732177734,
      "mid_to_side_loudness_range": 12.717673301696777,
      "side_mean": -55.27988052368164
    },
    {
      "high_freq": 4349.24462890625,
      "loudness": -43.488582611083984,
      "loudness_range": 21.716026306152344,
      "low_freq": 2549.74365234375,
      "mid_mean": -40.33395004272461,
      "mid_to_side_loudness": -22.45147132873535,
      "mid_to_side_loudness_range": 13.856749534606934,
      "side_mean": -62.74790954589844
    },
    {
      "high_freq": 7314.1640625,
      "loudness": -50.56077575683594,
      "loudness_range": 25.972030639648438,
      "low_freq": 4349.24462890625,
      "mid_mean": -51.81511306762695,
      "mid_to_side_loudness": -25.933990478515625,
      "mid_to_side_loudness_range": 19.347671508789062,
      "side_mean": -67.97044372558594
    },
    {
      "high_freq": 12199.2666015625,
      "loudness": -58.75077438354492,
      "loudness_range": 31.1986083984375,
      "low_freq": 7314.1640625,
      "mid_mean": -56.77116012573242,
      "mid_to_side_loudness": -27.655256271362305,
      "mid_to_side_loudness_range": 27.09490203857422,
      "side_mean": -69.46326446533203
    },
    {
      "loudness": -68.11442565917969,
      "loudness_range": 22.312252044677734,
      "low_freq": 12199.2666015625,
      "mid_mean": -63.745338439941406,
      "mid_to_side_loudness": -25.941862106323242,
      "mid_to_side_loudness_range": 19.590530395507812,
      "side_mean": -69.96709442138672
    }
  ],
  "bandwidth": 726.280517578125,
  "channels": 2,
  "covariance": [
    [
      35.09775924682617,
      19.762226104736328,
      18.335187911987305,
      14.869927406311035,
      16.74496841430664,
      17.64045524597168,
      20.22290802001953,
      29.40875244140625,
      23.69903564453125,
      30.61598014831543,
      25.80170249938965,
      17.08636474609375,
      36.193973541259766,
      5.160796165466309,
      35.16718673706055,
      1.9511967897415161,
      20.93686866760254,
      -0.007116617169231176
    ],
    [
      19.762226104736328,
      24.02862548828125,
      10.949760437011719,
      31.99371910095215,
      11.159624099731445,
      11.837265014648438,
      13.955278396606445,
      40.50090408325195,
      17.521421432495117,
      39.32792663574219,
      17.846343994140625,
      19.5452880859375,
      25.504425048828125,
      6.081001281738281,
      45.619503021240234,
      2.111499547958374,
      26.494050979614258,
      0.024808669462800026
    ],
    [
      18.335187911987305,
      10.949760437011719,
      23.92184829711914,
      13.855206489562988,
      16.92641830444336,
      19.570024490356445,
      19.32269859313965,
      24.160490036010742,
      20.569725036621094,
      24.38206672668457,
      24.278799057006836,
      15.64062786102295,
      30.32904052734375,
      4.92400598526001,
      27.59334945678711,
      1.353176236152649,
      15.066569328308105,
      -0.007905899547040462
    ],
    [
      14.869927406311035,
      31.99371910095215,
      13.855206489562988,
      65.45452880859375,
      9.758598327636719,
      13.211653709411621,
      10.83316421508789,
      68.2403335571289,
      11.138936042785645,
      61.30811309814453,
      13.918747901916504,
      30.252635955810547,
      26.259960174560547,
      9.405426025390625,
      69.49034881591797,
      2.639540672302246,
      38.52250289916992,
      0.05569326505064964
    ],
    [
      16.74496841430664,
      11.159624099731445,
      16.92641830444336,
      9.758598327636719,
      29.422157287597656,
      26.568037033081055,
      26.09271240234375,
      26.729211807250977,
      33.144752502441406,
      28.540313720703125,
      33.9484977722168,
      18.635204315185547,
      34.036537170410156,
      5.664315223693848,
      29.367992401123047,
      1.1069968938827515,
      15.679295539855957,
      -0.010401224717497826
    ],
    [
      17.64045524597168,
      11.837265014648438,
      19.570024490356445,
      13.211653709411621,
      26.568037033081055,
      37.81975555419922,
      24.43905258178711,
      31.956016540527344,
      28.45418357849121,
      29.917346954345703,
      31.004043579101562,
      18.469478607177734,
      37.77105712890625,
      6.442757606506348,
      32.20390701293945,
      1.1157052516937256,
      17.090316772460938,
      -0.010814941488206387
    ],
    [
      20.22290802001953,
      13.955278396606445,
      19.32269859313965,
      10.83316421508789,
      26.09271240234375,
      24.43905258178711,
      46.4532470703125,
      39.29018783569336,
      41.3023681640625,
      35.409637451171875,
      42.751930236816406,
      22.723814010620117,
      47.32394790649414,
      7.214739799499512,
      41.014915466308594,
      1.5656747817993164,
      23.038230895996094,
      -0.02128739282488823
    ],
    [
      29.40875244140625,
      40.50090408325195,
      24.160490036010742,
      68.2403335571289,
      26.729211807250977,
      31.956016540527344,
      39.29018783569336,
      99.49601745605469,
      37.29496383666992,
      82.47296905517578,
      41.294612884521484,
      42.122562408447266,
      60.84259033203125,
      13.697867393493652,
      94.6792221069336,
      3.160599708557129,
      52.683815002441406,
      0.035206157714128494
    ],
    [
      23.69903564453125,
      17.521421432495117,
      20.569725036621094,
      11.138936042785645,
      33.144752502441406,
      28.45418357849121,
      41.3023681640625,
      37.29496383666992,
      64.69915008544922,
      52.97115707397461,
      56.428897857666016,
      32.65164566040039,
      55.354087829589844,
      9.549757957458496,
      53.70759201049805,
      2.87465500831604,
      31.732389450073242,
      -0.005374664906412363
    ],
    [
      30.61598014831543,
      39.32792663574219,
      24.38206672668457,
      61.30811309814453,
      28.540313720703125,
      29.917346954345703,
      35.409637451171875,
      82.47296905517578,
      52.97115707397461,
      89.29310607910156,
      49.68587875366211,
      46.55170440673828,
      61.421241760253906,
      13.755258560180664,
      94.35624694824219,
      4.079470634460449,
      54.202754974365234,
      0.04079383984208107
    ],
    [
      25.80170249938965,
      17.846343994140625,
      24.278799057006836,
      13.918747901916504,
      33.9484977722168,
      31.004043579101562,
      42.751930236816406,
      41.294612884521484,
      56.428897857666016,
      49.68587875366211,
      68.29212188720703,
      35.5103645324707,
      65.99710083007812,
      10.385276794433594,
      61.520591735839844,
      3.0424628257751465,
      33.86788558959961,
      -0.011325327679514885
    ],
    [
      17.08636474609375,
      19.5452880859375,
      15.64062786102295,
      30.252635955810547,
      18.635204315185547,
      18.469478607177734,
      22.723814010620117,
      42.122562408447266,
      32.65164566040039,
      46.55170440673828,
      35.5103645324707,
      30.249792098999023,
      39.484981536865234,
      8.07801342010498,
      52.28177261352539,
      2.3095850944519043,
      29.678564071655273,
      0.024674825370311737
    ],
    [
      36.193973541259766,
      25.504425048828125,
      30.32904052734375,
      26.259960174560547,
      34.036537170410156,
      37.77105712890625,
      47.32394790649414,
      60.84259033203125,
      55.354087829589844,
      61.421241760253906,
      65.99710083007812,
      39.484981536865234,
      91.51536560058594,
      13.49272632598877,
      84.92931365966797,
      3.8169078826904297,
      48.074459075927734,
      -0.04530797898769379
    ],
    [
      5.160796165466309,
      6.081001281738281,
      4.92400598526001,
      9.405426025390625,
      5.664315223693848,
      6.442757606506348,
      7.214739799499512,
      13.697867393493652,
      9.549757957458496,
      13.755258560180664,
      10.385276794433594,
      8.07801342010498,
      13.49272632598877,
      3.5087292194366455,
      17.0355224609375,
      0.9830317497253418,
      9.598987579345703,
      0.013080460019409657
    ],
    [
      35.16718673706055,
      45.619503021240234,
      27.59334945678711,
      69.49034881591797,
      29.367992401123047,
      32.20390701293945,
      41.014915466308594,
      94.6792221069336,
      53.70759201049805,
      94.35624694824219,
      61.520591735839844,
      52.28177261352539,
      84.92931365966797,
      17.0355224609375,
      128.53872680664062,
      5.966945171356201,
      75.47772216796875,
      0.05795848369598389
    ],
    [
      1.9511967897415161,
      2.111499547958374,
      1.353176236152649,
      2.639540672302246,
      1.1069968938827515,
      1.1157052516937256,
      1.5656747817993164,
      3.160599708557129,
      2.87465500831604,
      4.079470634460449,
      3.0424628257751465,
      2.3095850944519043,
      3.8169078826904297,
      0.9830317497253418,
      5.966945171356201,
      0.6534376740455627,
      3.630697250366211,
      0.008938352577388287
    ],
    [
      20.93686866760254,
      26.494050979614258,
      15.066569328308105,
      38.52250289916992,
      15.679295539855957,
      17.090316772460938,
      23.038230895996094,
      52.683815002441406,
      31.732389450073242,
      54.202754974365234,
      33.86788558959961,
      29.678564071655273,
      48.074459075927734,
      9.598987579345703,
      75.47772216796875,
      3.630697250366211,
      47.30902862548828,
      0.036501444876194
    ],
    [
      -0.007116617169231176,
      0.024808669462800026,
      -0.007905899547040462,
      0.05569326505064964,
      -0.010401224717497826,
      -0.010814941488206387,
      -0.02128739282488823,
      0.035206157714128494,
      -0.005374664906412363,
      0.04079383984208107,
      -0.011325327679514885,
      0.024674825370311737,
      -0.04530797898769379,
      0.013080460019409657,
      0.05795848369598389,
      0.008938352577388287,
      0.036501444876194,
      0.00095004728063941
    ]
  ],
  "covariance_short": [
    [
      51.040550231933594,
      16.637042999267578,
      19.308122634887695,
      14.423901557922363,
      12.256053924560547,
      10.807924270629883,
      15.449498176574707,
      22.77345848083496,
      16.587881088256836,
      22.937387466430664,
      16.22970199584961,
      12.041512489318848,
      24.163970947265625,
      2.9936444759368896,
      18.92691993713379,
      0.9088473320007324,
      8.240205764770508,
      -0.0351857915520668
    ],
    [
      16.637042999267578,
      15.252041816711426,
      8.056449890136719,
      19.849485397338867,
      5.695751667022705,
      4.723703384399414,
      7.194219589233398,
      23.604204177856445,
      9.587982177734375,
      22.854045867919922,
      8.39233684539795,
      11.546772956848145,
      25.835670471191406,
      3.050161600112915,
      19.736452102661133,
      0.9528098106384277,
      9.285208702087402,
      0.008136039599776268
    ],
    [
      19.308122634887695,
      8.056449890136719,
      28.07244873046875,
      12.648472785949707,
      18.823944091796875,
      18.422609329223633,
      20.42111587524414,
      23.712230682373047,
      21.46956443786621,
      23.588577270507812,
      21.193096160888672,
      14.62586784362793,
      28.11345863342285,
      3.9947400093078613,
      21.74530792236328,
      1.0877865552902222,
      9.523918151855469,
      -0.016391653567552567
    ],
    [
      14.423901557922363,
      19.849485397338867,
      12.648472785949707,
      63.044273376464844,
      9.103837966918945,
      11.513504028320312,
      9.513201713562012,
      65.32264709472656,
      10.492152214050293,
      58.074615478515625,
      10.014910697937012,
      29.98799705505371,
      68.27339935302734,
      8.43202018737793,
      49.96952438354492,
      2.31923246383667,
      22.9271297454834,
      0.05174023658037186
    ],
    [
      12.256053924560547,
      5.695751667022705,
      18.823944091796875,
      9.103837966918945,
      37.4560432434082,
      28.57111358642578,
      27.882511138916016,
      26.85519790649414,
      34.7540397644043,
      28.295373916625977,
      33.197547912597656,
      19.758390426635742,
      35.61867904663086,
      5.473362445831299,
      23.47936248779297,
      0.8279527425765991,
      8.409737586975098,
      -0.008735127747058868
    ],
    [
      10.807924270629883,
      4.723703384399414,
      18.422609329223633,
      11.513504028320312,
      28.57111358642578,
      40.660316467285156,
      23.96566390991211,
      31.301387786865234,
      28.92224884033203,
      29.199987411499023,
      26.618587493896484,
      19.487817764282227,
      35.308372497558594,
      6.2667365074157715,
      22.13775634765625,
      0.9577504992485046,
      7.547252178192139,
      -0.004844430834054947
    ],
    [
      15.449498176574707,
      7.194219589233398,
      20.42111587524414,
      9.513201713562012,
      27.882511138916016,
      23.96566390991211,
      51.282745361328125,
      37.96894454956055,
      42.836456298828125,
      33.92955017089844,
      41.77227020263672,
      22.78540802001953,
      46.27661895751953,
      6.505239963531494,
      31.603452682495117,
      1.1459040641784668,
      13.512086868286133,
      -0.026301784440875053
    ],
    [
      22.77345848083496,
      23.604204177856445,
      23.712230682373047,
      65.32264709472656,
      26.85519790649414,
      31.301387786865234,
      37.96894454956055,
      100.11859893798828,
      37.69770050048828,
      80.31768035888672,
      35.72677230834961,
      43.99822235107422,
      98.27734375,
      12.879938125610352,
      68.67526245117188,
      2.719003677368164,
      30.155593872070312,
      0.03565264865756035
    ],
    [
      16.587881088256836,
      9.587982177734375,
      21.46956443786621,
      10.492152214050293,
      34.7540397644043,
      28.92224884033203,
      42.836456298828125,
      37.69770050048828,
      74.8536605834961,
      54.022586822509766,
      57.56916046142578,
      35.03810501098633,
      56.836055755615234,
      9.215594291687012,
      38.543338775634766,
      2.360710859298706,
      16.34196662902832,
      -0.01557826902717352
    ],
    [
      22.937387466430664,
      22.854045867919922,
      23.588577270507812,
      58.074615478515625,
      28.295373916625977,
      29.199987411499023,
      33.92955017089844,
      80.31768035888672,
      54.022586822509766,
      89.28352355957031,
      44.55668640136719,
      48.45371627807617,
      90.58843994140625,
      12.824339866638184,
      64.77828979492188,
      3.47137188911438,
      29.108806610107422,
      0.0344252809882164
    ],
    [
      16.22970199584961,
      8.39233684539795,
      21.193096160888672,
      10.014910697937012,
      33.197547912597656,
      26.618587493896484,
      41.77227020263672,
      35.72677230834961,
      57.56916046142578,
      44.55668640136719,
      66.85492706298828,
      33.112648010253906,
      61.759552001953125,
      8.72571086883545,
      44.40288162231445,
      2.0821573734283447,
      19.5963191986084,
      -0.017452657222747803
    ],
    [
      12.041512489318848,
      11.546772956848145,
      14.62586784362793,
      29.98799705505371,
      19.758390426635742,
      19.487817764282227,
      22.78540802001953,
      43.99822235107422,
      35.03810501098633,
      48.45371627807617,
      33.112648010253906,
      33.61479949951172,
      53.958770751953125,
      8.016069412231445,
      38.95936584472656,
      2.0260696411132812,
      17.147207260131836,
      0.023959942162036896
    ],
    [
      24.163970947265625,
      25.835670471191406,
      28.11345863342285,
      68.27339935302734,
      35.61867904663086,
      35.308372497558594,
      46.27661895751953,
      98.27734375,
      56.836055755615234,
      90.58843994140625,
      61.759552001953125,
      53.958770751953125,
      136.7320556640625,
      16.644187927246094,
      103.48800659179688,
      4.235124111175537,
      51.99448776245117,
      0.035625435411930084
    ],
    [
      2.9936444759368896,
      3.050161600112915,
      3.9947400093078613,
      8.43202018737793,
      5.473362445831299,
      6.2667365074157715,
      6.505239963531494,
      12.879938125610352,
      9.215594291687012,
      12.824339866638184,
      8.72571086883545,
      8.016069412231445,
      16.644187927246094,
      4.100440502166748,
      11.704301834106445,
      1.0974918603897095,
      5.314240455627441,
      0.01976723223924637
    ],
    [
      18.92691993713379,
      19.736452102661133,
      21.74530792236328,
      49.96952438354492,
      23.47936248779297,
      22.13775634765625,
      31.603452682495117,
      68.67526245117188,
      38.543338775634766,
      64.77828979492188,
      44.40288162231445,
      38.95936584472656,
      103.48800659179688,
      11.704301834106445,
      94.85920715332031,
      4.060094356536865,
      53.77706527709961,
      0.025288615375757217
    ],
    [
      0.9088473320007324,
      0.9528098106384277,
      1.0877865552902222,
      2.31923246383667,
      0.8279527425765991,
      0.9577504992485046,
      1.1459040641784668,
      2.719003677368164,
      2.360710859298706,
      3.47137188911438,
      2.0821573734283447,
      2.0260696411132812,
      4.235124111175537,
      1.0974918603897095,
      4.060094356536865,
      0.970368504524231,
      2.325742483139038,
      0.015466663986444473
    ],
    [
      8.240205764770508,
      9.285208702087402,
      9.523918151855469,
      22.9271297454834,
      8.409737586975098,
      7.547252178192139,
      13.512086868286133,
      30.155593872070312,
      16.34196662902832,
      29.108806610107422,
      19.5963191986084,
      17.147207260131836,
      51.99448776245117,
      5.314240455627441,
      53.77706527709961,
      2.325742483139038,
      37.878944396972656,
      0.021887920796871185
    ],
    [
      -0.0351857915520668,
      0.008136039599776268,
      -0.016391653567552567,
      0.05174023658037186,
      -0.008735127747058868,
      -0.004844430834054947,
      -0.026301784440875053,
      0.03565264865756035,
      -0.01557826902717352,
      0.0344252809882164,
      -0.017452657222747803,
      0.023959942162036896,
      0.035625435411930084,
      0.01976723223924637,
      0.025288615375757217,
      0.015466663986444473,
      0.021887920796871185,
      0.002997041679918766
    ]
  ],
  "damage": -11.052821159362793,
  "diff_bandwidth": 732.7496337890625,
  "dissonance": 5.3717548189194275,
  "drr": 11.396199226379395,
  "dynamics": 3.872459888458252,
  "format": 1245190,
  "frames": 3266496,
  "loudness": -17.844755172729492,
  "loudness_range": 11.499825477600098,
  "loudness_range_short": 12.831581115722656,
  "lowpass_true_peak_15khz": -1.2892452478408813,
  "mastering3_acoustic_entropies": [
    {
      "acoustic_entropy": 7.215734958648682,
      "acoustic_entropy_mono": 7.22183895111084,
      "band_eliminated_acoustic_entropies": [
        {
          "acoustic_entropy": 7.215836524963379,
          "acoustic_entropy_side": 7.215734958648682,
          "hz": 129.47220167065723
        },
        {
          "acoustic_entropy": 7.205866813659668,
          "acoustic_entropy_side": 7.215734958648682,
          "hz": 202.92927478742237
        },
        {
          "acoustic_entropy": 7.245397567749023,
          "acoustic_entropy_side": 7.215739727020264,
          "hz": 282.89161906338205
        },
        {
          "acoustic_entropy": 7.456871509552002,
          "acoustic_entropy_side": 7.21577262878418,
          "hz": 369.9353335868758
        },
        {
          "acoustic_entropy": 6.72349214553833,
          "acoustic_entropy_side": 7.2159104347229,
          "hz": 464.6875360973435
        },
        {
          "acoustic_entropy": 7.044291973114014,
          "acoustic_entropy_side": 7.2159905433654785,
          "hz": 567.8308811364784
        },
        {
          "acoustic_entropy": 6.895200252532959,
          "acoustic_entropy_side": 7.215225696563721,
          "hz": 680.1084783214808
        },
        {
          "acoustic_entropy": 5.810618877410889,
          "acoustic_entropy_side": 7.208183765411377,
          "hz": 802.3292461747484
        },
        {
          "acoustic_entropy": 7.062211513519287,
          "acoustic_entropy_side": 7.229288578033447,
          "hz": 935.3737400823702
        },
        {
          "acoustic_entropy": 6.855947017669678,
          "acoustic_entropy_side": 7.218761444091797,
          "hz": 1080.2004963696966
        },
        {
          "acoustic_entropy": 7.427090167999268,
          "acoustic_entropy_side": 7.215701103210449,
          "hz": 1237.8529382007157
        },
        {
          "acoustic_entropy": 7.1795244216918945,
          "acoustic_entropy_side": 7.216183662414551,
          "hz": 1409.4668930556702
        },
        {
          "acoustic_entropy": 7.350173473358154,
          "acoustic_entropy_side": 7.2160258293151855,
          "hz": 1596.2787759475705
        },
        {
          "acoustic_entropy": 6.45306396484375,
          "acoustic_entropy_side": 7.215266704559326,
          "hz": 1799.6344973346393
        },
        {
          "acoustic_entropy": 6.350726127624512,
          "acoustic_entropy_side": 7.214962959289551,
          "hz": 2020.9991599069049
        },
        {
          "acoustic_entropy": 7.355816841125488,
          "acoustic_entropy_side": 7.215550422668457,
          "hz": 2261.9676141086993
        },
        {
          "acoustic_entropy": 6.646030902862549,
          "acoustic_entropy_side": 7.215398788452148,
          "hz": 2524.2759484456974
        },
        {
          "acoustic_entropy": 7.099064826965332,
          "acoustic_entropy_side": 7.215440273284912,
          "hz": 2809.813997359896
        },
        {
          "acoustic_entropy": 7.190598487854004,
          "acoustic_entropy_side": 7.215734481811523,
          "hz": 3120.6389567871424
        },
        {
          "acoustic_entropy": 7.216700553894043,
          "acoustic_entropy_side": 7.215734958648682,
          "hz": 3458.990205492291
        },
        {
          "acoustic_entropy": 7.220933437347412,
          "acoustic_entropy_side": 7.215734004974365,
          "hz": 3827.305438964164
        },
        {
          "acoustic_entropy": 7.219940185546875,
          "acoustic_entropy_side": 7.215734958648682,
          "hz": 4228.238232109126
        },
        {
          "acoustic_entropy": 7.213813304901123,
          "acoustic_entropy_side": 7.215734958648682,
          "hz": 4664.6771572759235
        },
        {
          "acoustic_entropy": 7.213962554931641,
          "acoustic_entropy_side": 7.215734958648682,
          "hz": 5139.766595350093
        },
        {
          "acoustic_entropy": 7.2111687660217285,
          "acoustic_entropy_side": 7.215734958648682,
          "hz": 5656.929389854203
        },
        {
          "acoustic_entropy": 7.226342678070068,
          "acoustic_entropy_side": 7.215734958648682,
          "hz": 6219.891507268283
        },
        {
          "acoustic_entropy": 7.223901271820068,
          "acoustic_entropy_side": 7.215734958648682,
          "hz": 6832.70888123896
        },
        {
          "acoustic_entropy": 7.217008590698242,
          "acoustic_entropy_side": 7.215734958648682,
          "hz": 7499.796634079867
        },
        {
          "acoustic_entropy": 7.218997001647949,
          "acoustic_entropy_side": 7.215734958648682,
          "hz": 8225.96088609342
        },
        {
          "acoustic_entropy": 7.218770980834961,
          "acoustic_entropy_side": 7.215734958648682,
          "hz": 9016.43338188839
        },
        {
          "acoustic_entropy": 7.218049049377441,
          "acoustic_entropy_side": 7.215734958648682,
          "hz": 9876.909183162974
        },
        {
          "acoustic_entropy": 7.215091705322266,
          "acoustic_entropy_side": 7.215734958648682,
          "hz": 10813.587699516042
        },
        {
          "acoustic_entropy": 7.212030410766602,
          "acoustic_entropy_side": 7.215734958648682,
          "hz": 11833.21735289826
        },
        {
          "acoustic_entropy": 7.212625026702881,
          "acoustic_entropy_side": 7.215734958648682,
          "hz": 12943.144197493959
        },
        {
          "acoustic_entropy": 7.214108943939209,
          "acoustic_entropy_side": 7.215734958648682,
          "hz": 14151.364845322005
        },
        {
          "acoustic_entropy": 7.21532678604126,
          "acoustic_entropy_side": 7.215734958648682,
          "hz": 15466.58407886509
        },
        {
          "acoustic_entropy": 7.215671539306641,
          "acoustic_entropy_side": 7.215734958648682,
          "hz": 16898.27756580493
        },
        {
          "acoustic_entropy": 7.2157301902771,
          "acoustic_entropy_side": 7.215734958648682,
          "hz": 18456.760127700032
        },
        {
          "acoustic_entropy": 7.215734958648682,
          "acoustic_entropy_side": 7.215734958648682,
          "hz": 20153.260054456492
        },
        {
          "acoustic_entropy": 7.215734958648682,
          "acoustic_entropy_side": 7.215734958648682,
          "hz": 22000.00000000001
        }
      ],
      "diff_acoustic_entropy": 3.677665948867798,
      "sn": 6
    },
    {
      "acoustic_entropy": 9.807599067687988,
      "acoustic_entropy_mono": 9.71217155456543,
      "band_eliminated_acoustic_entropies": [
        {
          "acoustic_entropy": 9.798468589782715,
          "acoustic_entropy_side": 9.807598114013672,
          "hz": 129.47220167065723
        },
        {
          "acoustic_entropy": 9.736089706420898,
          "acoustic_entropy_side": 9.807584762573242,
          "hz": 202.92927478742237
        },
        {
          "acoustic_entropy": 9.776376724243164,
          "acoustic_entropy_side": 9.807706832885742,
          "hz": 282.89161906338205
        },
        {
          "acoustic_entropy": 9.740381240844727,
          "acoustic_entropy_side": 9.809022903442383,
          "hz": 369.9353335868758
        },
        {
          "acoustic_entropy": 9.988348007202148,
          "acoustic_entropy_side": 9.803910255432129,
          "hz": 464.6875360973435
        },
        {
          "acoustic_entropy": 9.41191291809082,
          "acoustic_entropy_side": 9.810648918151855,
          "hz": 567.8308811364784
        },
        {
          "acoustic_entropy": 9.73940658569336,
          "acoustic_entropy_side": 9.800483703613281,
          "hz": 680.1084783214808
        },
        {
          "acoustic_entropy": 8.725197792053223,
          "acoustic_entropy_side": 9.764165878295898,
          "hz": 802.3292461747484
        },
        {
          "acoustic_entropy": 9.892843246459961,
          "acoustic_entropy_side": 9.848560333251953,
          "hz": 935.3737400823702
        },
        {
          "acoustic_entropy": 9.672161102294922,
          "acoustic_entropy_side": 9.831156730651855,
          "hz": 1080.2004963696966
        },
        {
          "acoustic_entropy": 9.20943832397461,
          "acoustic_entropy_side": 9.807877540588379,
          "hz": 1237.8529382007157
        },
        {
          "acoustic_entropy": 9.470030784606934,
          "acoustic_entropy_side": 9.8055419921875,
          "hz": 1409.4668930556702
        },
        {
          "acoustic_entropy": 9.904330253601074,
          "acoustic_entropy_side": 9.811540603637695,
          "hz": 1596.2787759475705
        },
        {
          "acoustic_entropy": 9.369717597961426,
          "acoustic_entropy_side": 9.806666374206543,
          "hz": 1799.6344973346393
        },
        {
          "acoustic_entropy": 9.214410781860352,
          "acoustic_entropy_side": 9.810647010803223,
          "hz": 2020.9991599069049
        },
        {
          "acoustic_entropy": 9.88523006439209,
          "acoustic_entropy_side": 9.810945510864258,
          "hz": 2261.9676141086993
        },
        {
          "acoustic_entropy": 9.491171836853027,
          "acoustic_entropy_side": 9.805621147155762,
          "hz": 2524.2759484456974
        },
        {
          "acoustic_entropy": 9.858423233032227,
          "acoustic_entropy_side": 9.806904792785645,
          "hz": 2809.813997359896
        },
        {
          "acoustic_entropy": 9.881677627563477,
          "acoustic_entropy_side": 9.807753562927246,
          "hz": 3120.6389567871424
        },
        {
          "acoustic_entropy": 9.625395774841309,
          "acoustic_entropy_side": 9.807600975036621,
          "hz": 3458.990205492291
        },
        {
          "acoustic_entropy": 9.775096893310547,
          "acoustic_entropy_side": 9.807585716247559,
          "hz": 3827.305438964164
        },
        {
          "acoustic_entropy": 9.71798038482666,
          "acoustic_entropy_side": 9.807595252990723,
          "hz": 4228.238232109126
        },
        {
          "acoustic_entropy": 9.809430122375488,
          "acoustic_entropy_side": 9.807597160339355,
          "hz": 4664.6771572759235
        },
        {
          "acoustic_entropy": 9.809873580932617,
          "acoustic_entropy_side": 9.807599067687988,
          "hz": 5139.766595350093
        },
        {
          "acoustic_entropy": 9.83725357055664,
          "acoustic_entropy_side": 9.807598114013672,
          "hz": 5656.929389854203
        },
        {
          "acoustic_entropy": 9.927650451660156,
          "acoustic_entropy_side": 9.807599067687988,
          "hz": 6219.891507268283
        },
        {
          "acoustic_entropy": 9.909634590148926,
          "acoustic_entropy_side": 9.807599067687988,
          "hz": 6832.70888123896
        },
        {
          "acoustic_entropy": 9.799405097961426,
          "acoustic_entropy_side": 9.807599067687988,
          "hz": 7499.796634079867
        },
        {
          "acoustic_entropy": 9.640830039978027,
          "acoustic_entropy_side": 9.807598114013672,
          "hz": 8225.96088609342
        },
        {
          "acoustic_entropy": 9.76368236541748,
          "acoustic_entropy_side": 9.807599067687988,
          "hz": 9016.43338188839
        },
        {
          "acoustic_entropy": 9.75291633605957,
          "acoustic_entropy_side": 9.807599067687988,
          "hz": 9876.909183162974
        },
        {
          "acoustic_entropy": 9.841484069824219,
          "acoustic_entropy_side": 9.807599067687988,
          "hz": 10813.587699516042
        },
        {
          "acoustic_entropy": 9.83985710144043,
          "acoustic_entropy_side": 9.807599067687988,
          "hz": 11833.21735289826
        },
        {
          "acoustic_entropy": 9.830641746520996,
          "acoustic_entropy_side": 9.807599067687988,
          "hz": 12943.144197493959
        },
        {
          "acoustic_entropy": 9.819334030151367,
          "acoustic_entropy_side": 9.807599067687988,
          "hz": 14151.364845322005
        },
        {
          "acoustic_entropy": 9.810758590698242,
          "acoustic_entropy_side": 9.807599067687988,
          "hz": 15466.58407886509
        },
        {
          "acoustic_entropy": 9.808149337768555,
          "acoustic_entropy_side": 9.807599067687988,
          "hz": 16898.27756580493
        },
        {
          "acoustic_entropy": 9.807647705078125,
          "acoustic_entropy_side": 9.807599067687988,
          "hz": 18456.760127700032
        },
        {
          "acoustic_entropy": 9.807599067687988,
          "acoustic_entropy_side": 9.807599067687988,
          "hz": 20153.260054456492
        },
        {
          "acoustic_entropy": 9.807599067687988,
          "acoustic_entropy_side": 9.807599067687988,
          "hz": 22000.00000000001
        }
      ],
      "diff_acoustic_entropy": 6.053777694702148,
      "sn": 12
    },
    {
      "acoustic_entropy": 14.179442405700684,
      "acoustic_entropy_mono": 13.536072731018066,
      "band_eliminated_acoustic_entropies": [
        {
          "acoustic_entropy": 14.242362022399902,
          "acoustic_entropy_side": 14.179452896118164,
          "hz": 129.47220167065723
        },
        {
          "acoustic_entropy": 14.385878562927246,
          "acoustic_entropy_side": 14.179780960083008,
          "hz": 202.92927478742237
        },
        {
          "acoustic_entropy": 14.284326553344727,
          "acoustic_entropy_side": 14.161918640136719,
          "hz": 282.89161906338205
        },
        {
          "acoustic_entropy": 14.055185317993164,
          "acoustic_entropy_side": 14.146602630615234,
          "hz": 369.9353335868758
        },
        {
          "acoustic_entropy": 14.383057594299316,
          "acoustic_entropy_side": 14.179412841796875,
          "hz": 464.6875360973435
        },
        {
          "acoustic_entropy": 13.785589218139648,
          "acoustic_entropy_side": 14.252275466918945,
          "hz": 567.8308811364784
        },
        {
          "acoustic_entropy": 14.142931938171387,
          "acoustic_entropy_side": 13.85208511352539,
          "hz": 680.1084783214808
        },
        {
          "acoustic_entropy": 13.91161060333252,
          "acoustic_entropy_side": 14.09880542755127,
          "hz": 802.3292461747484
        },
        {
          "acoustic_entropy": 13.521007537841797,
          "acoustic_entropy_side": 14.612905502319336,
          "hz": 935.3737400823702
        },
        {
          "acoustic_entropy": 14.198857307434082,
          "acoustic_entropy_side": 14.391453742980957,
          "hz": 1080.2004963696966
        },
        {
          "acoustic_entropy": 14.1874418258667,
          "acoustic_entropy_side": 14.09382152557373,
          "hz": 1237.8529382007157
        },
        {
          "acoustic_entropy": 13.700492858886719,
          "acoustic_entropy_side": 13.817134857177734,
          "hz": 1409.4668930556702
        },
        {
          "acoustic_entropy": 13.851104736328125,
          "acoustic_entropy_side": 13.875068664550781,
          "hz": 1596.2787759475705
        },
        {
          "acoustic_entropy": 14.595698356628418,
          "acoustic_entropy_side": 14.143577575683594,
          "hz": 1799.6344973346393
        },
        {
          "acoustic_entropy": 14.114036560058594,
          "acoustic_entropy_side": 14.44003963470459,
          "hz": 2020.9991599069049
        },
        {
          "acoustic_entropy": 14.182801246643066,
          "acoustic_entropy_side": 14.232208251953125,
          "hz": 2261.9676141086993
        },
        {
          "acoustic_entropy": 13.365840911865234,
          "acoustic_entropy_side": 14.162825584411621,
          "hz": 2524.2759484456974
        },
        {
          "acoustic_entropy": 14.234527587890625,
          "acoustic_entropy_side": 14.226688385009766,
          "hz": 2809.813997359896
        },
        {
