{
  "acoustic_entropy": 119.46537017822266,
  "bands": [
    {
      "high_freq": 148.1999969482422,
      "loudness": -63.80005645751953,
      "loudness_range": 20.02178955078125,
      "mid_mean": -59.698814392089844,
      "mid_to_side_loudness": -10.15652847290039,
      "mid_to_side_loudness_range": 9.909418106079102,
      "side_mean": -66.07967376708984
    },
    {
      "high_freq": 392.3793640136719,
      "loudness": -47.11662292480469,
      "loudness_range": 23.920665740966797,
      "low_freq": 148.1999969482422,
      "mid_mean": -44.576175689697266,
      "mid_to_side_loudness": -7.221887111663818,
      "mid_to_side_loudness_range": 10.762212753295898,
      "side_mean": -52.619388580322266
    },
    {
      "high_freq": 794.6976318359375,
      "loudness": -47.564876556396484,
      "loudness_range": 25.545734405517578,
      "low_freq": 392.3793640136719,
      "mid_mean": -47.2170295715332,
      "mid_to_side_loudness": -0.9261582493782043,
      "mid_to_side_loudness_range": 12.833114624023438,
      "side_mean": -48.55218505859375
    },
    {
      "high_freq": 1457.5709228515625,
      "loudness": -55.267189025878906,
      "loudness_range": 29.197486877441406,
      "low_freq": 794.6976318359375,
      "mid_mean": -55.15347671508789,
      "mid_to_side_loudness": -0.4974905550479889,
      "mid_to_side_loudness_range": 8.952844619750977,
      "side_mean": -55.53532791137695
    },
    {
      "high_freq": 2549.74365234375,
      "loudness": -61.24319839477539,
      "loudness_range": 29.377796173095703,
      "low_freq": 1457.5709228515625,
      "mid_mean": -60.913177490234375,
      "mid_to_side_loudness": -0.6281043887138367,
      "mid_to_side_loudness_range": 9.458925247192383,
      "side_mean": -61.15666198730469
    },
    {
      "high_freq": 4349.24462890625,
      "loudness": -70.15939331054688,
      "loudness_range": 23.924468994140625,
      "low_freq": 2549.74365234375,
      "mid_mean": -67.41317749023438,
      "mid_to_side_loudness": 0.5605326890945435,
      "mid_to_side_loudness_range": 9.717049598693848,
      "side_mean": -66.87755584716797
    },
    {
      "high_freq": 7314.1640625,
      "loudness": -79.58167266845703,
      "loudness_range": 18.7252197265625,
      "low_freq": 4349.24462890625,
      "mid_mean": -69.54658508300781,
      "mid_to_side_loudness": -0.7880793809890747,
      "mid_to_side_loudness_range": 4.390024185180664,
      "side_mean": -69.57746124267578
    },
    {
      "high_freq": 12199.2666015625,
      "loudness": -84.17337799072266,
      "loudness_range": 9.857017517089844,
      "low_freq": 7314.1640625,
      "mid_mean": -69.90155792236328,
      "mid_to_side_loudness": -0.7355995774269104,
      "mid_to_side_loudness_range": 2.1704602241516113,
      "side_mean": -69.9197006225586
    },
    {
      "loudness": 0,
      "loudness_range": 0,
      "low_freq": 12199.2666015625,
      "mid_mean": -69.9671401977539,
      "mid_to_side_loudness": -0.7010633945465088,
      "mid_to_side_loudness_range": 2.0384268760681152,
      "side_mean": -69.96989440917969
    }
  ],
  "bands_short": [
    {
      "high_freq": 148.1999969482422,
      "loudness": -65.69364929199219,
      "loudness_range": 20.239646911621094,
      "mid_mean": -61.080047607421875,
      "mid_to_side_loudness": -11.798794746398926,
      "mid_to_side_loudness_range": 12.416690826416016,
      "side_mean": -67.6852798461914
    },
    {
      "high_freq": 392.3793640136719,
      "loudness": -48.98629379272461,
      "loudness_range": 25.581214904785156,
      "low_freq": 148.1999969482422,
      "mid_mean": -46.696170806884766,
      "mid_to_side_loudness": -7.321347236633301,
      "mid_to_side_loudness_range": 12.461976051330566,
      "side_mean": -54.43739700317383
    },
    {
      "high_freq": 794.6976318359375,
      "loudness": -47.02824020385742,
      "loudness_range": 25.812713623046875,
      "low_freq": 392.3793640136719,
      "mid_mean": -46.3767204284668,
      "mid_to_side_loudness": -1.8269269466400146,
      "mid_to_side_loudness_range": 13.64193344116211,
      "side_mean": -48.616249084472656
    },
    {
      "high_freq": 1457.5709228515625,
      "loudness": -55.941368103027344,
      "loudness_range": 29.084957122802734,
      "low_freq": 794.6976318359375,
      "mid_mean": -55.64561080932617,
      "mid_to_side_loudness": -0.3341354429721832,
      "mid_to_side_loudness_range": 10.47153091430664,
      "side_mean": -56.00060272216797
    },
    {
      "high_freq": 2549.74365234375,
      "loudness": -62.154598236083984,
      "loudness_range": 28.846656799316406,
      "low_freq": 1457.5709228515625,
      "mid_mean": -61.687767028808594,
      "mid_to_side_loudness": -0.43030059337615967,
      "mid_to_side_loudness_range": 11.718591690063477,
      "side_mean": -61.930633544921875
    },
    {
      "high_freq": 4349.24462890625,
      "loudness": -69.82752227783203,
      "loudness_range": 24.636486053466797,
      "low_freq": 2549.74365234375,
      "mid_mean": -67.11134338378906,
      "mid_to_side_loudness": -0.1847301423549652,
      "mid_to_side_loudness_range": 12.675497055053711,
      "side_mean": -67.00959777832031
    },
    {
      "high_freq": 7314.1640625,
      "loudness": -79.07225799560547,
      "loudness_range": 18.508529663085938,
      "low_freq": 4349.24462890625,
      "mid_mean": -69.59427642822266,
      "mid_to_side_loudness": -0.8545848727226257,
      "mid_to_side_loudness_range": 8.870695114135742,
      "side_mean": -69.61457061767578
    },
    {
      "high_freq": 12199.2666015625,
      "loudness": -83.0862045288086,
      "loudness_range": 9.7650146484375,
      "low_freq": 7314.1640625,
      "mid_mean": -69.91238403320312,
      "mid_to_side_loudness": -0.8034669756889343,
      "mid_to_side_loudness_range": 3.637399673461914,
      "side_mean": -69.92493438720703
    },
    {
      "loudness": 0,
      "loudness_range": 0,
      "low_freq": 12199.2666015625,
      "mid_mean": -69.96703338623047,
      "mid_to_side_loudness": -0.8093705773353577,
      "mid_to_side_loudness_range": 3.521630048751831,
      "side_mean": -69.96977233886719
    }
  ],
  "bandwidth": 624.8392333984375,
  "channels": 2,
  "covariance": [
    [
      29.087783813476562,
      19.398391723632812,
      18.389554977416992,
      26.703325271606445,
      17.461746215820312,
      22.614839553833008,
      23.078439712524414,
      24.64151954650879,
      17.08214569091797,
      15.921426773071289,
      6.6668243408203125,
      8.260501861572266,
      1.5168355703353882,
      1.437574863433838,
      0.2571486234664917,
      0.20238006114959717,
      0.04952194169163704,
      0.04865049198269844
    ],
    [
      19.398391723632812,
      18.642744064331055,
      10.057126998901367,
      16.85186004638672,
      5.6689300537109375,
      9.116665840148926,
      8.713983535766602,
      9.627737045288086,
      5.924994468688965,
      5.52993106842041,
      2.108931303024292,
      2.7284202575683594,
      0.42126479744911194,
      0.4114881753921509,
      0.08948760479688644,
      0.06477228552103043,
      0.011710150167346,
      0.01195521280169487
    ],
    [
      18.389554977416992,
      10.057126998901367,
      72.4439697265625,
      58.917137145996094,
      56.18864059448242,
      56.58898162841797,
      47.65399169921875,
      48.92654037475586,
      34.92835235595703,
      35.25778579711914,
      14.108530044555664,
      15.936707496643066,
      2.837745189666748,
      2.8036322593688965,
      0.4731914699077606,
      0.4348558187484741,
      0.15485084056854248,
      0.14819630980491638
    ],
    [
      26.703325271606445,
      16.85186004638672,
      58.917137145996094,
      72.48528289794922,
      51.12596893310547,
      54.974365234375,
      50.11521911621094,
      50.686153411865234,
      37.87662887573242,
      37.20427322387695,
      14.589597702026367,
      16.779626846313477,
      2.761817455291748,
      2.6850616931915283,
      0.4702506959438324,
      0.3987547755241394,
      0.13591592013835907,
      0.13074462115764618
    ],
    [
      17.461746215820312,
      5.6689300537109375,
      56.18864059448242,
      51.12596893310547,
      86.11234283447266,
      78.73939514160156,
      63.10846710205078,
      62.480743408203125,
      45.547237396240234,
      42.32059860229492,
      21.263206481933594,
      23.000925064086914,
      3.6355762481689453,
      3.657170534133911,
      0.49046817421913147,
      0.4636733829975128,
      0.15458738803863525,
      0.14939726889133453
    ],
    [
      22.614839553833008,
      9.116665840148926,
      56.58898162841797,
      54.974365234375,
      78.73939514160156,
      91.93609619140625,
      68.43297576904297,
      69.1595230102539,
      49.390594482421875,
      44.59554672241211,
      24.013286590576172,
      25.711578369140625,
      4.171655178070068,
      4.186132431030273,
      0.5880428552627563,
      0.5590065717697144,
      0.16624076664447784,
      0.16254262626171112
    ],
    [
      23.078439712524414,
      8.713983535766602,
      47.65399169921875,
      50.11521911621094,
      63.10846710205078,
      68.43297576904297,
      83.03925323486328,
      84.39325714111328,
      59.10222244262695,
      56.277950286865234,
      24.860624313354492,
      29.852922439575195,
      5.380815029144287,
      5.2660932540893555,
      0.7866772413253784,
      0.6588858962059021,
      0.16717912256717682,
      0.16361522674560547
    ],
    [
      24.64151954650879,
      9.627737045288086,
      48.92654037475586,
      50.686153411865234,
      62.480743408203125,
      69.1595230102539,
      84.39325714111328,
      92.78632354736328,
      61.33912658691406,
      58.72701644897461,
      25.71812629699707,
      31.40403938293457,
      5.9773149490356445,
      5.847433567047119,
      0.8786424994468689,
      0.7278369069099426,
      0.17546263337135315,
      0.17281389236450195
    ],
    [
      17.08214569091797,
      5.924994468688965,
      34.92835235595703,
      37.87662887573242,
      45.547237396240234,
      49.390594482421875,
      59.10222244262695,
      61.33912658691406,
      70.56981658935547,
      68.69781494140625,
      25.940284729003906,
      33.07871627807617,
      6.576860427856445,
      5.910001277923584,
      0.9619207978248596,
      0.6779686808586121,
      0.11918240040540695,
      0.11863257735967636
    ],
    [
      15.921426773071289,
      5.52993106842041,
      35.25778579711914,
      37.20427322387695,
      42.32059860229492,
      44.59554672241211,
      56.277950286865234,
      58.72701644897461,
      68.69781494140625,
      72.3377685546875,
      24.734933853149414,
      31.963193893432617,
      6.804429054260254,
      6.098753452301025,
      1.0661239624023438,
      0.7250440120697021,
      0.12063802778720856,
      0.11975634098052979
    ],
    [
      6.6668243408203125,
      2.108931303024292,
      14.108530044555664,
      14.589597702026367,
      21.263206481933594,
      24.013286590576172,
      24.860624313354492,
      25.71812629699707,
      25.940284729003906,
      24.734933853149414,
      14.960328102111816,
      16.82875633239746,
      3.453795909881592,
      3.343618154525757,
      0.5164910554885864,
      0.3791273236274719,
      0.052760690450668335,
      0.052494361996650696
    ],
    [
      8.260501861572266,
      2.7284202575683594,
      15.936707496643066,
      16.779626846313477,
      23.000925064086914,
      25.711578369140625,
      29.852922439575195,
      31.40403938293457,
      33.07871627807617,
      31.963193893432617,
      16.82875633239746,
      21.501840591430664,
      4.19582986831665,
      3.972715377807617,
      0.6103907227516174,
      0.43703728914260864,
      0.058080434799194336,
      0.05850499868392944
    ],
    [
      1.5168355703353882,
      0.42126479744911194,
      2.837745189666748,
      2.761817455291748,
      3.6355762481689453,
      4.171655178070068,
      5.380815029144287,
      5.9773149490356445,
      6.576860427856445,
      6.804429054260254,
      3.453795909881592,
      4.19582986831665,
      1.6880558729171753,
      1.4738132953643799,
      0.23857706785202026,
      0.16623923182487488,
      0.015340075828135014,
      0.01537244115024805
    ],
    [
      1.437574863433838,
      0.4114881753921509,
      2.8036322593688965,
      2.6850616931915283,
      3.657170534133911,
      4.186132431030273,
      5.2660932540893555,
      5.847433567047119,
      5.910001277923584,
      6.098753452301025,
      3.343618154525757,
      3.972715377807617,
      1.4738132953643799,
      1.4712120294570923,
      0.23028908669948578,
      0.16256597638130188,
      0.014079649932682514,
      0.01437247171998024
    ],
    [
      0.2571486234664917,
      0.08948760479688644,
      0.4731914699077606,
      0.4702506959438324,
      0.49046817421913147,
      0.5880428552627563,
      0.7866772413253784,
      0.8786424994468689,
      0.9619207978248596,
      1.0661239624023438,
      0.5164910554885864,
      0.6103907227516174,
      0.23857706785202026,
      0.23028908669948578,
      0.10327987372875214,
      0.06267048418521881,
      0.005324661266058683,
      0.0052567943930625916
    ],
    [
      0.20238006114959717,
      0.06477228552103043,
      0.4348558187484741,
      0.3987547755241394,
      0.4636733829975128,
      0.5590065717697144,
      0.6588858962059021,
      0.7278369069099426,
      0.6779686808586121,
      0.7250440120697021,
      0.3791273236274719,
      0.43703728914260864,
      0.16623923182487488,
      0.16256597638130188,
      0.06267048418521881,
      0.04357229918241501,
      0.004837458487600088,
      0.004730139393359423
    ],
    [
      0.04952194169163704,
      0.011710150167346,
      0.15485084056854248,
      0.13591592013835907,
      0.15458738803863525,
      0.16624076664447784,
      0.16717912256717682,
      0.17546263337135315,
      0.11918240040540695,
      0.12063802778720856,
      0.052760690450668335,
      0.058080434799194336,
      0.015340075828135014,
      0.014079649932682514,
      0.005324661266058683,
      0.004837458487600088,
      0.0019966200925409794,
      0.0018748838920146227
    ],
    [
      0.04865049198269844,
      0.01195521280169487,
      0.14819630980491638,
      0.13074462115764618,
      0.14939726889133453,
      0.16254262626171112,
      0.16361522674560547,
      0.17281389236450195,
      0.11863257735967636,
      0.11975634098052979,
      0.052494361996650696,
      0.05850499868392944,
      0.01537244115024805,
      0.01437247171998024,
      0.0052567943930625916,
      0.004730139393359423,
      0.0018748838920146227,
      0.001787948771379888
    ]
  ],
  "covariance_short": [
    [
      30.850500106811523,
      11.918770790100098,
      17.1286678314209,
      22.631086349487305,
      15.032977104187012,
      20.313222885131836,
      19.874637603759766,
      20.573909759521484,
      14.30797290802002,
      13.304445266723633,
      6.5991668701171875,
      7.218529224395752,
      1.343198537826538,
      1.267532467842102,
      0.20166166126728058,
      0.17315064370632172,
      0.038675036281347275,
      0.03889843076467514
    ],
    [
      11.918770790100098,
      7.884361743927002,
      7.640755653381348,
      10.355849266052246,
      4.826264381408691,
      7.2375168800354,
      6.287263870239258,
      6.923804759979248,
      3.634463310241699,
      3.4223556518554688,
      2.0648586750030518,
      2.119472026824951,
      0.38286471366882324,
      0.350484699010849,
      0.05610053241252899,
      0.04960199445486069,
      0.011227564886212349,
      0.011397454887628555
    ],
    [
      17.1286678314209,
      7.640755653381348,
      81.80261993408203,
      61.48526382446289,
      57.56822204589844,
      59.57481002807617,
      48.558773040771484,
      49.55278396606445,
      31.992210388183594,
      33.27925491333008,
      15.918272972106934,
      14.823172569274902,
      2.562758684158325,
      2.55767822265625,
      0.436018168926239,
      0.40174758434295654,
      0.15646208822727203,
      0.15046370029449463
    ],
    [
      22.631086349487305,
      10.355849266052246,
      61.48526382446289,
      68.1944580078125,
      48.6815185546875,
      53.43204879760742,
      45.37877655029297,
      45.89237594604492,
      30.92236328125,
      30.888418197631836,
      13.968172073364258,
      13.702512741088867,
      2.1886072158813477,
      2.159250020980835,
      0.3617574870586395,
      0.3223786950111389,
      0.12214061617851257,
      0.1180032417178154
    ],
    [
      15.032977104187012,
      4.826264381408691,
      57.56822204589844,
      48.6815185546875,
      88.88641357421875,
      79.47000122070312,
      64.67039489746094,
      62.52756118774414,
      46.273475646972656,
      44.34239959716797,
      24.452260971069336,
      23.76382827758789,
      3.6946513652801514,
      3.6839535236358643,
      0.5063571929931641,
      0.4637439250946045,
      0.15675558149814606,
      0.15259280800819397
    ],
    [
      20.313222885131836,
      7.2375168800354,
      59.57481002807617,
      53.43204879760742,
      79.47000122070312,
      93.68341064453125,
      70.01557922363281,
      69.09234619140625,
      49.985076904296875,
      46.1422004699707,
      27.92580223083496,
      26.478391647338867,
      4.210862636566162,
      4.137101650238037,
      0.5675809383392334,
      0.53096604347229,
      0.16588309407234192,
      0.1631072461605072
    ],
    [
      19.874637603759766,
      6.287263870239258,
      48.558773040771484,
      45.37877655029297,
      64.67039489746094,
      70.01557922363281,
      84.4422378540039,
      81.86407470703125,
      55.9033317565918,
      53.4606819152832,
      29.83678436279297,
      29.8978214263916,
      5.206791400909424,
      5.135966777801514,
      0.7630332112312317,
      0.6551386117935181,
      0.18210163712501526,
      0.18009111285209656
    ],
    [
      20.573909759521484,
      6.923804759979248,
      49.55278396606445,
      45.89237594604492,
      62.52756118774414,
      69.09234619140625,
      81.86407470703125,
      88.49844360351562,
      55.969520568847656,
      53.94817352294922,
      30.733137130737305,
      30.60835075378418,
      5.6234450340271,
      5.581399440765381,
      0.8441206812858582,
      0.7183600068092346,
      0.19067524373531342,
      0.18948552012443542
    ],
    [
      14.30797290802002,
      3.634463310241699,
      31.992210388183594,
      30.92236328125,
      46.273475646972656,
      49.985076904296875,
      55.9033317565918,
      55.969520568847656,
      66.3545913696289,
      61.421730041503906,
      27.48658561706543,
      31.215377807617188,
      5.806889533996582,
      5.3292670249938965,
      0.8121446371078491,
      0.6294317841529846,
      0.12646271288394928,
      0.12765075266361237
    ],
    [
      13.304445266723633,
      3.4223556518554688,
      33.27925491333008,
      30.888418197631836,
      44.34239959716797,
      46.1422004699707,
      53.4606819152832,
      53.94817352294922,
      61.421730041503906,
      65.11885833740234,
      26.087772369384766,
      29.871326446533203,
      6.008471488952637,
      5.594271183013916,
      0.9005110859870911,
      0.6892116069793701,
      0.12993332743644714,
      0.13093975186347961
    ],
    [
      6.5991668701171875,
      2.0648586750030518,
      15.918272972106934,
      13.968172073364258,
      24.452260971069336,
      27.92580223083496,
      29.83678436279297,
      30.733137130737305,
      27.48658561706543,
      26.087772369384766,
      19.78056526184082,
      18.609201431274414,
      3.6564834117889404,
      3.67873215675354,
      0.527740478515625,
      0.42946454882621765,
      0.07725881785154343,
      0.0777553915977478
    ],
    [
      7.218529224395752,
      2.119472026824951,
      14.823172569274902,
      13.702512741088867,
      23.76382827758789,
      26.478391647338867,
      29.8978214263916,
      30.60835075378418,
      31.215377807617188,
      29.871326446533203,
      18.609201431274414,
      21.405685424804688,
      4.001677513122559,
      3.872728109359741,
      0.5505814552307129,
      0.43850281834602356,
      0.06981880217790604,
      0.07126445323228836
    ],
    [
      1.343198537826538,
      0.38286471366882324,
      2.562758684158325,
      2.1886072158813477,
      3.6946513652801514,
      4.210862636566162,
      5.206791400909424,
      5.6234450340271,
      5.806889533996582,
      6.008471488952637,
      3.6564834117889404,
      4.001677513122559,
      1.7250412702560425,
      1.4962886571884155,
      0.23476769030094147,
      0.1888572722673416,
      0.02147882990539074,
      0.021612491458654404
    ],
    [
      1.267532467842102,
      0.350484699010849,
      2.55767822265625,
      2.159250020980835,
      3.6839535236358643,
      4.137101650238037,
      5.135966777801514,
      5.581399440765381,
      5.3292670249938965,
      5.594271183013916,
      3.67873215675354,
      3.872728109359741,
      1.4962886571884155,
      1.5925737619400024,
      0.23008279502391815,
      0.1866532862186432,
      0.02022850699722767,
      0.020614858716726303
    ],
    [
      0.20166166126728058,
      0.05610053241252899,
      0.436018168926239,
      0.3617574870586395,
      0.5063571929931641,
      0.5675809383392334,
      0.7630332112312317,
      0.8441206812858582,
      0.8121446371078491,
      0.9005110859870911,
      0.527740478515625,
      0.5505814552307129,
      0.23476769030094147,
      0.23008279502391815,
      0.1147063672542572,
      0.07905992865562439,
      0.010325558483600616,
      0.010374545119702816
    ],
    [
      0.17315064370632172,
      0.04960199445486069,
      0.40174758434295654,
      0.3223786950111389,
      0.4637439250946045,
      0.53096604347229,
      0.6551386117935181,
      0.7183600068092346,
      0.6294317841529846,
      0.6892116069793701,
      0.42946454882621765,
      0.43850281834602356,
      0.1888572722673416,
      0.1866532862186432,
      0.07905992865562439,
      0.06621191650629044,
      0.009402843192219734,
      0.009403388015925884
    ],
    [
      0.038675036281347275,
      0.011227564886212349,
      0.15646208822727203,
      0.12214061617851257,
      0.15675558149814606,
      0.16588309407234192,
      0.18210163712501526,
      0.19067524373531342,
      0.12646271288394928,
      0.12993332743644714,
      0.07725881785154343,
      0.06981880217790604,
      0.02147882990539074,
      0.02022850699722767,
      0.010325558483600616,
      0.009402843192219734,
      0.004347578622400761,
      0.004144452046602964
    ],
    [
      0.03889843076467514,
      0.011397454887628555,
      0.15046370029449463,
      0.1180032417178154,
      0.15259280800819397,
      0.1631072461605072,
      0.18009111285209656,
      0.18948552012443542,
      0.12765075266361237,
      0.13093975186347961,
      0.0777553915977478,
      0.07126445323228836,
      0.021612491458654404,
      0.020614858716726303,
      0.010374545119702816,
      0.009403388015925884,
      0.004144452046602964,
      0.004102122038602829
    ]
  ],
  "damage": -26.510000228881836,
  "diff_bandwidth": 659.0180053710938,
  "dissonance": 3.543357161970385,
  "drr": 10.58448314666748,
  "dynamics": 6.423957824707031,
  "format": 1245190,
  "frames": 14368768,
  "loudness": -37.14365768432617,
  "loudness_range": 23.22277069091797,
  "loudness_range_short": 24.443744659423828,
  "lowpass_true_peak_15khz": -13.886442184448242,
  "mastering3_acoustic_entropies": [
    {
      "acoustic_entropy": 7.310527801513672,
      "acoustic_entropy_mono": 5.677157878875732,
      "band_eliminated_acoustic_entropies": [
        {
          "acoustic_entropy": 7.312589645385742,
          "acoustic_entropy_side": 7.3105645179748535,
          "hz": 129.47220167065723
        },
        {
          "acoustic_entropy": 7.349705696105957,
          "acoustic_entropy_side": 7.315726280212402,
          "hz": 202.92927478742237
        },
        {
          "acoustic_entropy": 7.6533308029174805,
          "acoustic_entropy_side": 7.381253242492676,
          "hz": 282.89161906338205
        },
        {
          "acoustic_entropy": 7.434778690338135,
          "acoustic_entropy_side": 7.41289758682251,
          "hz": 369.9353335868758
        },
        {
          "acoustic_entropy": 6.638146877288818,
          "acoustic_entropy_side": 7.293740272521973,
          "hz": 464.6875360973435
        },
        {
          "acoustic_entropy": 7.139780521392822,
          "acoustic_entropy_side": 7.27223539352417,
          "hz": 567.8308811364784
        },
        {
          "acoustic_entropy": 6.718969821929932,
          "acoustic_entropy_side": 6.957116603851318,
          "hz": 680.1084783214808
        },
        {
          "acoustic_entropy": 7.2454400062561035,
          "acoustic_entropy_side": 7.094490051269531,
          "hz": 802.3292461747484
        },
        {
          "acoustic_entropy": 7.255993366241455,
          "acoustic_entropy_side": 6.849636554718018,
          "hz": 935.3737400823702
        },
        {
          "acoustic_entropy": 6.764469146728516,
          "acoustic_entropy_side": 7.006002426147461,
          "hz": 1080.2004963696966
        },
        {
          "acoustic_entropy": 7.759615421295166,
          "acoustic_entropy_side": 7.5080485343933105,
          "hz": 1237.8529382007157
        },
        {
          "acoustic_entropy": 7.170003414154053,
          "acoustic_entropy_side": 7.410829544067383,
          "hz": 1409.4668930556702
        },
        {
          "acoustic_entropy": 7.2532782554626465,
          "acoustic_entropy_side": 7.2369256019592285,
          "hz": 1596.2787759475705
        },
        {
          "acoustic_entropy": 7.310963153839111,
          "acoustic_entropy_side": 6.692246913909912,
          "hz": 1799.6344973346393
        },
        {
          "acoustic_entropy": 7.184970855712891,
          "acoustic_entropy_side": 7.283627033233643,
          "hz": 2020.9991599069049
        },
        {
          "acoustic_entropy": 7.330775260925293,
          "acoustic_entropy_side": 7.342254161834717,
          "hz": 2261.9676141086993
        },
        {
          "acoustic_entropy": 7.326756477355957,
          "acoustic_entropy_side": 7.320563793182373,
          "hz": 2524.2759484456974
        },
        {
          "acoustic_entropy": 7.314676284790039,
          "acoustic_entropy_side": 7.311795234680176,
          "hz": 2809.813997359896
        },
        {
          "acoustic_entropy": 7.3161115646362305,
          "acoustic_entropy_side": 7.315197467803955,
          "hz": 3120.6389567871424
        },
        {
          "acoustic_entropy": 7.31953239440918,
          "acoustic_entropy_side": 7.318566799163818,
          "hz": 3458.990205492291
        },
        {
          "acoustic_entropy": 7.313074588775635,
          "acoustic_entropy_side": 7.313177108764648,
          "hz": 3827.305438964164
        },
        {
          "acoustic_entropy": 7.311407089233398,
          "acoustic_entropy_side": 7.311387538909912,
          "hz": 4228.238232109126
        },
        {
          "acoustic_entropy": 7.310701847076416,
          "acoustic_entropy_side": 7.310701847076416,
          "hz": 4664.6771572759235
        },
        {
          "acoustic_entropy": 7.310609817504883,
          "acoustic_entropy_side": 7.310585975646973,
          "hz": 5139.766595350093
        },
        {
          "acoustic_entropy": 7.3106913566589355,
          "acoustic_entropy_side": 7.310547828674316,
          "hz": 5656.929389854203
        },
        {
          "acoustic_entropy": 7.310583591461182,
          "acoustic_entropy_side": 7.310546875,
          "hz": 6219.891507268283
        },
        {
          "acoustic_entropy": 7.310527801513672,
          "acoustic_entropy_side": 7.310528755187988,
          "hz": 6832.70888123896
        },
        {
          "acoustic_entropy": 7.310531139373779,
          "acoustic_entropy_side": 7.310530185699463,
          "hz": 7499.796634079867
        },
        {
          "acoustic_entropy": 7.31053352355957,
          "acoustic_entropy_side": 7.3105292320251465,
          "hz": 8225.96088609342
        },
        {
          "acoustic_entropy": 7.310525894165039,
          "acoustic_entropy_side": 7.31052827835083,
          "hz": 9016.43338188839
        },
        {
          "acoustic_entropy": 7.310527324676514,
          "acoustic_entropy_side": 7.310527801513672,
          "hz": 9876.909183162974
        },
        {
          "acoustic_entropy": 7.310527324676514,
          "acoustic_entropy_side": 7.310527324676514,
          "hz": 10813.587699516042
        },
        {
          "acoustic_entropy": 7.310527801513672,
          "acoustic_entropy_side": 7.310527801513672,
          "hz": 11833.21735289826
        },
        {
          "acoustic_entropy": 7.310527801513672,
          "acoustic_entropy_side": 7.310527801513672,
          "hz": 12943.144197493959
        },
        {
          "acoustic_entropy": 7.310527801513672,
          "acoustic_entropy_side": 7.310527801513672,
          "hz": 14151.364845322005
        },
        {
          "acoustic_entropy": 7.310527801513672,
          "acoustic_entropy_side": 7.310527801513672,
          "hz": 15466.58407886509
        },
        {
          "acoustic_entropy": 7.310527801513672,
          "acoustic_entropy_side": 7.310527801513672,
          "hz": 16898.27756580493
        },
        {
          "acoustic_entropy": 7.310527801513672,
          "acoustic_entropy_side": 7.310527801513672,
          "hz": 18456.760127700032
        },
        {
          "acoustic_entropy": 7.310527801513672,
          "acoustic_entropy_side": 7.310527801513672,
          "hz": 20153.260054456492
        },
        {
          "acoustic_entropy": 7.310527801513672,
          "acoustic_entropy_side": 7.310527801513672,
          "hz": 22000.00000000001
        }
      ],
      "diff_acoustic_entropy": 3.176527738571167,
      "sn": 6
    },
    {
      "acoustic_entropy": 9.366132736206055,
      "acoustic_entropy_mono": 8.73124885559082,
      "band_eliminated_acoustic_entropies": [
        {
          "acoustic_entropy": 9.369844436645508,
          "acoustic_entropy_side": 9.366238594055176,
          "hz": 129.47220167065723
        },
        {
          "acoustic_entropy": 9.438706398010254,
          "acoustic_entropy_side": 9.374178886413574,
          "hz": 202.92927478742237
        },
        {
          "acoustic_entropy": 10.115157127380371,
          "acoustic_entropy_side": 9.441238403320312,
          "hz": 282.89161906338205
        },
        {
          "acoustic_entropy": 10.737249374389648,
          "acoustic_entropy_side": 9.352256774902344,
          "hz": 369.9353335868758
        },
        {
          "acoustic_entropy": 9.754005432128906,
          "acoustic_entropy_side": 9.340718269348145,
          "hz": 464.6875360973435
        },
        {
          "acoustic_entropy": 9.56612777709961,
          "acoustic_entropy_side": 9.885781288146973,
          "hz": 567.8308811364784
        },
        {
          "acoustic_entropy": 9.868812561035156,
          "acoustic_entropy_side": 9.583667755126953,
          "hz": 680.1084783214808
        },
        {
          "acoustic_entropy": 9.954986572265625,
          "acoustic_entropy_side": 9.4264497756958,
          "hz": 802.3292461747484
        },
        {
          "acoustic_entropy": 9.519865989685059,
          "acoustic_entropy_side": 9.45003890991211,
          "hz": 935.3737400823702
        },
        {
          "acoustic_entropy": 9.334339141845703,
          "acoustic_entropy_side": 9.319327354431152,
          "hz": 1080.2004963696966
        },
        {
          "acoustic_entropy": 9.758687973022461,
          "acoustic_entropy_side": 9.982794761657715,
          "hz": 1237.8529382007157
        },
        {
          "acoustic_entropy": 9.813800811767578,
          "acoustic_entropy_side": 9.864885330200195,
          "hz": 1409.4668930556702
        },
        {
          "acoustic_entropy": 9.890095710754395,
          "acoustic_entropy_side": 9.790706634521484,
          "hz": 1596.2787759475705
        },
        {
          "acoustic_entropy": 9.773947715759277,
          "acoustic_entropy_side": 9.564231872558594,
          "hz": 1799.6344973346393
        },
        {
          "acoustic_entropy": 10.030001640319824,
          "acoustic_entropy_side": 9.891068458557129,
          "hz": 2020.9991599069049
        },
        {
          "acoustic_entropy": 9.564393043518066,
          "acoustic_entropy_side": 9.508947372436523,
          "hz": 2261.9676141086993
        },
        {
          "acoustic_entropy": 9.271730422973633,
          "acoustic_entropy_side": 9.281801223754883,
          "hz": 2524.2759484456974
        },
        {
          "acoustic_entropy": 9.292932510375977,
          "acoustic_entropy_side": 9.34569263458252,
          "hz": 2809.813997359896
        },
        {
          "acoustic_entropy": 9.345174789428711,
          "acoustic_entropy_side": 9.361336708068848,
          "hz": 3120.6389567871424
        },
        {
          "acoustic_entropy": 9.359703063964844,
          "acoustic_entropy_side": 9.35645866394043,
          "hz": 3458.990205492291
        },
        {
          "acoustic_entropy": 9.388577461242676,
          "acoustic_entropy_side": 9.389151573181152,
          "hz": 3827.305438964164
        },
        {
          "acoustic_entropy": 9.3607759475708,
          "acoustic_entropy_side": 9.364290237426758,
          "hz": 4228.238232109126
        },
        {
          "acoustic_entropy": 9.363147735595703,
          "acoustic_entropy_side": 9.365330696105957,
          "hz": 4664.6771572759235
        },
        {
          "acoustic_entropy": 9.364542007446289,
          "acoustic_entropy_side": 9.365364074707031,
          "hz": 5139.766595350093
        },
        {
          "acoustic_entropy": 9.36715030670166,
          "acoustic_entropy_side": 9.366104125976562,
          "hz": 5656.929389854203
        },
        {
          "acoustic_entropy": 9.36640453338623,
          "acoustic_entropy_side": 9.366134643554688,
          "hz": 6219.891507268283
        },
        {
          "acoustic_entropy": 9.366141319274902,
          "acoustic_entropy_side": 9.36613941192627,
          "hz": 6832.70888123896
        },
        {
          "acoustic_entropy": 9.366191864013672,
          "acoustic_entropy_side": 9.366183280944824,
          "hz": 7499.796634079867
        },
        {
          "acoustic_entropy": 9.366191864013672,
          "acoustic_entropy_side": 9.366156578063965,
          "hz": 8225.96088609342
        },
        {
          "acoustic_entropy": 9.366161346435547,
          "acoustic_entropy_side": 9.366134643554688,
          "hz": 9016.43338188839
        },
        {
          "acoustic_entropy": 9.366127967834473,
          "acoustic_entropy_side": 9.366127967834473,
          "hz": 9876.909183162974
        },
        {
          "acoustic_entropy": 9.366130828857422,
          "acoustic_entropy_side": 9.366129875183105,
          "hz": 10813.587699516042
        },
        {
          "acoustic_entropy": 9.366130828857422,
          "acoustic_entropy_side": 9.366131782531738,
          "hz": 11833.21735289826
        },
        {
          "acoustic_entropy": 9.366130828857422,
          "acoustic_entropy_side": 9.366132736206055,
          "hz": 12943.144197493959
        },
        {
          "acoustic_entropy": 9.366132736206055,
          "acoustic_entropy_side": 9.366132736206055,
          "hz": 14151.364845322005
        },
        {
          "acoustic_entropy": 9.366132736206055,
          "acoustic_entropy_side": 9.366132736206055,
          "hz": 15466.58407886509
        },
        {
          "acoustic_entropy": 9.366132736206055,
          "acoustic_entropy_side": 9.366132736206055,
          "hz": 16898.27756580493
        },
        {
          "acoustic_entropy": 9.366132736206055,
          "acoustic_entropy_side": 9.366132736206055,
          "hz": 18456.760127700032
        },
        {
          "acoustic_entropy": 9.366132736206055,
          "acoustic_entropy_side": 9.366132736206055,
          "hz": 20153.260054456492
        },
        {
          "acoustic_entropy": 9.366132736206055,
          "acoustic_entropy_side": 9.366132736206055,
          "hz": 22000.00000000001
        }
      ],
      "diff_acoustic_entropy": 5.00309944152832,
      "sn": 12
    },
    {
      "acoustic_entropy": 14.934784889221191,
      "acoustic_entropy_mono": 13.180692672729492,
      "band_eliminated_acoustic_entropies": [
        {
          "acoustic_entropy": 14.94192123413086,
          "acoustic_entropy_side": 14.934998512268066,
          "hz": 129.47220167065723
        },
        {
          "acoustic_entropy": 15.10159969329834,
          "acoustic_entropy_side": 14.859679222106934,
          "hz": 202.92927478742237
        },
        {
          "acoustic_entropy": 14.137273788452148,
          "acoustic_entropy_side": 14.25860595703125,
          "hz": 282.89161906338205
        },
        {
          "acoustic_entropy": 14.919334411621094,
          "acoustic_entropy_side": 14.723999977111816,
          "hz": 369.9353335868758
        },
        {
          "acoustic_entropy": 15.388642311096191,
          "acoustic_entropy_side": 14.936813354492188,
          "hz": 464.6875360973435
        },
        {
          "acoustic_entropy": 14.937620162963867,
          "acoustic_entropy_side": 15.833512306213379,
          "hz": 567.8308811364784
        },
        {
          "acoustic_entropy": 14.58565902709961,
          "acoustic_entropy_side": 14.546344757080078,
          "hz": 680.1084783214808
        },
        {
          "acoustic_entropy": 14.906609535217285,
          "acoustic_entropy_side": 15.372852325439453,
          "hz": 802.3292461747484
        },
        {
          "acoustic_entropy": 15.34274959564209,
          "acoustic_entropy_side": 14.655433654785156,
          "hz": 935.3737400823702
        },
        {
          "acoustic_entropy": 15.753983497619629,
          "acoustic_entropy_side": 16.409210205078125,
          "hz": 1080.2004963696966
        },
        {
          "acoustic_entropy": 15.275598526000977,
          "acoustic_entropy_side": 15.148266792297363,
          "hz": 1237.8529382007157
        },
        {
          "acoustic_entropy": 14.441396713256836,
          "acoustic_entropy_side": 14.86613655090332,
          "hz": 1409.4668930556702
        },
        {
          "acoustic_entropy": 14.897941589355469,
          "acoustic_entropy_side": 15.155604362487793,
          "hz": 1596.2787759475705
        },
        {
          "acoustic_entropy": 15.544960021972656,
          "acoustic_entropy_side": 15.10031795501709,
          "hz": 1799.6344973346393
        },
        {
          "acoustic_entropy": 14.761004447937012,
          "acoustic_entropy_side": 14.889622688293457,
          "hz": 2020.9991599069049
        },
        {
          "acoustic_entropy": 14.923251152038574,
          "acoustic_entropy_side": 15.30539321899414,
          "hz": 2261.9676141086993
        },
        {
          "acoustic_entropy": 15.53419303894043,
          "acoustic_entropy_side": 15.16917610168457,
          "hz": 2524.2759484456974
        },
        {
          "acoustic_entropy": 15.18639087677002,
