{
  "acoustic_entropy": 194.07969665527344,
  "bands": [
    {
      "high_freq": 148.1999969482422,
      "loudness": -30.777236938476562,
      "loudness_range": 14.215946197509766,
      "mid_mean": -27.37653350830078,
      "mid_to_side_loudness": -14.950003623962402,
      "mid_to_side_loudness_range": 14.424297332763672,
      "side_mean": -42.921363830566406
    },
    {
      "high_freq": 392.3793640136719,
      "loudness": -21.961774826049805,
      "loudness_range": 12.924863815307617,
      "low_freq": 148.1999969482422,
      "mid_mean": -19.700130462646484,
      "mid_to_side_loudness": -8.522926330566406,
      "mid_to_side_loudness_range": 8.731229782104492,
      "side_mean": -28.8658504486084
    },
    {
      "high_freq": 794.6976318359375,
      "loudness": -23.85017967224121,
      "loudness_range": 13.347660064697266,
      "low_freq": 392.3793640136719,
      "mid_mean": -20.63821029663086,
      "mid_to_side_loudness": -10.920673370361328,
      "mid_to_side_loudness_range": 8.806835174560547,
      "side_mean": -32.27696990966797
    },
    {
      "high_freq": 1457.5709228515625,
      "loudness": -22.94575309753418,
      "loudness_range": 10.910606384277344,
      "low_freq": 794.6976318359375,
      "mid_mean": -19.626493453979492,
      "mid_to_side_loudness": -11.936995506286621,
      "mid_to_side_loudness_range": 9.021916389465332,
      "side_mean": -32.12523651123047
    },
    {
      "high_freq": 2549.74365234375,
      "loudness": -22.350276947021484,
      "loudness_range": 10.287532806396484,
      "low_freq": 1457.5709228515625,
      "mid_mean": -19.005643844604492,
      "mid_to_side_loudness": -12.441054344177246,
      "mid_to_side_loudness_range": 9.683389663696289,
      "side_mean": -31.95332145690918
    },
    {
      "high_freq": 4349.24462890625,
      "loudness": -25.738399505615234,
      "loudness_range": 9.267784118652344,
      "low_freq": 2549.74365234375,
      "mid_mean": -22.921504974365234,
      "mid_to_side_loudness": -10.310994148254395,
      "mid_to_side_loudness_range": 8.400274276733398,
      "side_mean": -33.11809158325195
    },
    {
      "high_freq": 7314.1640625,
      "loudness": -29.329565048217773,
      "loudness_range": 9.600032806396484,
      "low_freq": 4349.24462890625,
      "mid_mean": -26.308420181274414,
      "mid_to_side_loudness": -11.807641983032227,
      "mid_to_side_loudness_range": 8.400559425354004,
      "side_mean": -37.64826583862305
    },
    {
      "high_freq": 12199.2666015625,
      "loudness": -28.64220428466797,
      "loudness_range": 9.366004943847656,
      "low_freq": 7314.1640625,
      "mid_mean": -25.476375579833984,
      "mid_to_side_loudness": -15.601232528686523,
      "mid_to_side_loudness_range": 7.903399467468262,
      "side_mean": -41.12892532348633
    },
    {
      "loudness": -33.10783767700195,
      "loudness_range": 9.644372940063477,
      "low_freq": 12199.2666015625,
      "mid_mean": -29.79267120361328,
      "mid_to_side_loudness": -16.476022720336914,
      "mid_to_side_loudness_range": 9.315080642700195,
      "side_mean": -46.95722198486328
    }
  ],
  "bands_short": [
    {
      "high_freq": 148.1999969482422,
      "loudness": -35.90226364135742,
      "loudness_range": 18.36827850341797,
      "mid_mean": -32.61720275878906,
      "mid_to_side_loudness": -15.288415908813477,
      "mid_to_side_loudness_range": 18.781217575073242,
      "side_mean": -50.6087760925293
    },
    {
      "high_freq": 392.3793640136719,
      "loudness": -22.61724281311035,
      "loudness_range": 16.76079750061035,
      "low_freq": 148.1999969482422,
      "mid_mean": -20.31828498840332,
      "mid_to_side_loudness": -8.760993003845215,
      "mid_to_side_loudness_range": 11.355619430541992,
      "side_mean": -29.468523025512695
    },
    {
      "high_freq": 794.6976318359375,
      "loudness": -24.322298049926758,
      "loudness_range": 15.32474136352539,
      "low_freq": 392.3793640136719,
      "mid_mean": -21.49925422668457,
      "mid_to_side_loudness": -10.854784965515137,
      "mid_to_side_loudness_range": 12.842787742614746,
      "side_mean": -33.001556396484375
    },
    {
      "high_freq": 1457.5709228515625,
      "loudness": -23.31940269470215,
      "loudness_range": 13.850345611572266,
      "low_freq": 794.6976318359375,
      "mid_mean": -20.172494888305664,
      "mid_to_side_loudness": -11.743671417236328,
      "mid_to_side_loudness_range": 13.092095375061035,
      "side_mean": -32.498802185058594
    },
    {
      "high_freq": 2549.74365234375,
      "loudness": -23.203393936157227,
      "loudness_range": 13.105878829956055,
      "low_freq": 1457.5709228515625,
      "mid_mean": -20.04283332824707,
      "mid_to_side_loudness": -12.031539916992188,
      "mid_to_side_loudness_range": 13.680633544921875,
      "side_mean": -32.689517974853516
    },
    {
      "high_freq": 4349.24462890625,
      "loudness": -26.53933334350586,
      "loudness_range": 13.201820373535156,
      "low_freq": 2549.74365234375,
      "mid_mean": -23.7893009185791,
      "mid_to_side_loudness": -10.692375183105469,
      "mid_to_side_loudness_range": 12.72974967956543,
      "side_mean": -34.49776077270508
    },
    {
      "high_freq": 7314.1640625,
      "loudness": -31.427806854248047,
      "loudness_range": 19.488798141479492,
      "low_freq": 4349.24462890625,
      "mid_mean": -28.648265838623047,
      "mid_to_side_loudness": -11.22782039642334,
      "mid_to_side_loudness_range": 13.637439727783203,
      "side_mean": -39.69928741455078
    },
    {
      "high_freq": 12199.2666015625,
      "loudness": -30.758047103881836,
      "loudness_range": 19.324268341064453,
      "low_freq": 7314.1640625,
      "mid_mean": -27.74227523803711,
      "mid_to_side_loudness": -14.331229209899902,
      "mid_to_side_loudness_range": 12.888940811157227,
      "side_mean": -42.3993034362793
    },
    {
      "loudness": -35.30928039550781,
      "loudness_range": 19.116384506225586,
      "low_freq": 12199.2666015625,
      "mid_mean": -32.229549407958984,
      "mid_to_side_loudness": -15.147375106811523,
      "mid_to_side_loudness_range": 13.900080680847168,
      "side_mean": -50.217315673828125
    }
  ],
  "bandwidth": 883.4170532226562,
  "channels": 2,
  "covariance": [
    [
      32.448448181152344,
      31.19990348815918,
      20.46276092529297,
      19.654191970825195,
      19.89484977722168,
      17.077327728271484,
      17.69706153869629,
      16.16514778137207,
      14.323984146118164,
      12.062273025512695,
      13.899005889892578,
      15.486135482788086,
      16.409313201904297,
      13.8266019821167,
      16.384727478027344,
      14.808883666992188,
      17.119375228881836,
      20.752042770385742
    ],
    [
      31.19990348815918,
      49.57924270629883,
      27.707332611083984,
      28.39156150817871,
      23.84164047241211,
      22.496389389038086,
      18.919206619262695,
      21.669822692871094,
      14.667818069458008,
      16.495197296142578,
      18.159334182739258,
      18.0067138671875,
      18.08769416809082,
      15.029023170471191,
      20.609333038330078,
      18.71714210510254,
      20.803298950195312,
      25.405353546142578
    ],
    [
      20.46276092529297,
      27.707332611083984,
      49.737876892089844,
      41.91380310058594,
      30.008710861206055,
      26.42693328857422,
      17.942426681518555,
      21.493379592895508,
      13.428757667541504,
      19.06737518310547,
      18.513229370117188,
      21.5667667388916,
      16.98674201965332,
      17.841156005859375,
      16.138025283813477,
      21.57520866394043,
      15.721720695495605,
      25.67485237121582
    ],
    [
      19.654191970825195,
      28.39156150817871,
      41.91380310058594,
      51.162391662597656,
      28.51111602783203,
      29.033533096313477,
      15.115357398986816,
      24.203847885131836,
      10.195063591003418,
      17.47003936767578,
      17.288856506347656,
      18.019487380981445,
      17.650497436523438,
      15.238075256347656,
      16.063133239746094,
      18.472434997558594,
      16.176843643188477,
      27.098648071289062
    ],
    [
      19.89484977722168,
      23.84164047241211,
      30.008710861206055,
      28.51111602783203,
      33.612125396728516,
      25.967798233032227,
      19.078937530517578,
      20.186010360717773,
      16.049711227416992,
      18.591876983642578,
      19.38933563232422,
      23.819246292114258,
      19.454978942871094,
      22.363033294677734,
      18.268259048461914,
      23.818195343017578,
      17.50066566467285,
      26.56010627746582
    ],
    [
      17.077327728271484,
      22.496389389038086,
      26.42693328857422,
      29.033533096313477,
      25.967798233032227,
      32.404693603515625,
      14.264033317565918,
      20.796594619750977,
      12.518851280212402,
      20.225379943847656,
      20.7286319732666,
      20.32233428955078,
      21.781200408935547,
      18.87286949157715,
      21.49216079711914,
      23.270904541015625,
      20.421533584594727,
      30.379066467285156
    ],
    [
      17.69706153869629,
      18.919206619262695,
      17.942426681518555,
      15.115357398986816,
      19.078937530517578,
      14.264033317565918,
      25.671037673950195,
      15.770299911499023,
      17.478404998779297,
      12.716102600097656,
      15.962196350097656,
      19.070587158203125,
      17.498912811279297,
      18.493345260620117,
      17.437734603881836,
      17.66197395324707,
      17.553428649902344,
      18.20501136779785
    ],
    [
      16.16514778137207,
      21.669822692871094,
      21.493379592895508,
      24.203847885131836,
      20.186010360717773,
      20.796594619750977,
      15.770299911499023,
      22.131153106689453,
      13.13111400604248,
      18.419536590576172,
      18.803516387939453,
      19.639097213745117,
      19.642946243286133,
      16.566492080688477,
      18.99651336669922,
      21.211313247680664,
      18.371376037597656,
      24.450441360473633
    ],
    [
      14.323984146118164,
      14.667818069458008,
      13.428757667541504,
      10.195063591003418,
      16.049711227416992,
      12.518851280212402,
      17.478404998779297,
      13.13111400604248,
      20.681577682495117,
      13.62285327911377,
      15.568204879760742,
      15.230048179626465,
      16.527462005615234,
      13.861187934875488,
      17.02924919128418,
      15.874817848205566,
      15.999739646911621,
      16.108386993408203
    ],
    [
      12.062273025512695,
      16.495197296142578,
      19.06737518310547,
      17.47003936767578,
      18.591876983642578,
      20.225379943847656,
      12.716102600097656,
      18.419536590576172,
      13.62285327911377,
      22.40476417541504,
      19.805492401123047,
      19.737485885620117,
      19.309913635253906,
      15.381782531738281,
      19.330509185791016,
      24.348587036132812,
      17.98394012451172,
      23.44120216369629
    ],
    [
      13.899005889892578,
      18.159334182739258,
      18.513229370117188,
      17.288856506347656,
      19.38933563232422,
      20.7286319732666,
      15.962196350097656,
      18.803516387939453,
      15.568204879760742,
      19.805492401123047,
      30.54448127746582,
      22.365785598754883,
      23.987201690673828,
      21.009477615356445,
      24.923383712768555,
      24.676118850708008,
      22.291629791259766,
      25.653127670288086
    ],
    [
      15.486135482788086,
      18.0067138671875,
      21.5667667388916,
      18.019487380981445,
      23.819246292114258,
      20.32233428955078,
      19.070587158203125,
      19.639097213745117,
      15.230048179626465,
      19.737485885620117,
      22.365785598754883,
      28.527761459350586,
      21.797122955322266,
      24.654319763183594,
      20.624853134155273,
      26.965190887451172,
      19.41398811340332,
      25.831764221191406
    ],
    [
      16.409313201904297,
      18.08769416809082,
      16.98674201965332,
      17.650497436523438,
      19.454978942871094,
      21.781200408935547,
      17.498912811279297,
      19.642946243286133,
      16.527462005615234,
      19.309913635253906,
      23.987201690673828,
      21.797122955322266,
      32.04254913330078,
      22.412487030029297,
      30.251934051513672,
      25.843107223510742,
      28.526132583618164,
      27.8414306640625
    ],
    [
      13.8266019821167,
      15.029023170471191,
      17.841156005859375,
      15.238075256347656,
      22.363033294677734,
      18.87286949157715,
      18.493345260620117,
      16.566492080688477,
      13.861187934875488,
      15.381782531738281,
      21.009477615356445,
      24.654319763183594,
      22.412487030029297,
      30.543624877929688,
      20.264202117919922,
      23.296031951904297,
      19.37726402282715,
      24.094755172729492
    ],
    [
      16.384727478027344,
      20.609333038330078,
      16.138025283813477,
      16.063133239746094,
      18.268259048461914,
      21.49216079711914,
      17.437734603881836,
      18.99651336669922,
      17.02924919128418,
      19.330509185791016,
      24.923383712768555,
      20.624853134155273,
      30.251934051513672,
      20.264202117919922,
      32.45816421508789,
      25.280799865722656,
      30.27996826171875,
      28.113019943237305
    ],
    [
      14.808883666992188,
      18.71714210510254,
      21.57520866394043,
      18.472434997558594,
      23.818195343017578,
      23.270904541015625,
      17.66197395324707,
      21.211313247680664,
      15.874817848205566,
      24.348587036132812,
      24.676118850708008,
      26.965190887451172,
      25.843107223510742,
      23.296031951904297,
      25.280799865722656,
      31.600860595703125,
      23.40985679626465,
      28.860519409179688
    ],
    [
      17.119375228881836,
      20.803298950195312,
      15.721720695495605,
      16.176843643188477,
      17.50066566467285,
      20.421533584594727,
      17.553428649902344,
      18.371376037597656,
      15.999739646911621,
      17.98394012451172,
      22.291629791259766,
      19.41398811340332,
      28.526132583618164,
      19.37726402282715,
      30.27996826171875,
      23.40985679626465,
      30.315593719482422,
      26.870580673217773
    ],
    [
      20.752042770385742,
      25.405353546142578,
      25.67485237121582,
      27.098648071289062,
      26.56010627746582,
      30.379066467285156,
      18.20501136779785,
      24.450441360473633,
      16.108386993408203,
      23.44120216369629,
      25.653127670288086,
      25.831764221191406,
      27.8414306640625,
      24.094755172729492,
      28.113019943237305,
      28.860519409179688,
      26.870580673217773,
      38.28417205810547
    ]
  ],
  "covariance_short": [
    [
      45.85421371459961,
      26.968368530273438,
      20.05389976501465,
      13.494146347045898,
      20.077171325683594,
      13.330745697021484,
      19.00659942626953,
      13.41452407836914,
      15.326837539672852,
      11.288657188415527,
      13.08768081665039,
      15.008867263793945,
      14.572704315185547,
      16.43246841430664,
      13.786481857299805,
      15.211978912353516,
      15.813220977783203,
      19.29899024963379
    ],
    [
      26.968368530273438,
      79.13134002685547,
      22.7641658782959,
      23.525630950927734,
      21.557605743408203,
      19.89151382446289,
      16.096256256103516,
      16.42976188659668,
      13.731396675109863,
      14.483211517333984,
      16.178550720214844,
      13.414369583129883,
      18.296846389770508,
      15.016195297241211,
      19.40561294555664,
      17.412269592285156,
      20.27608299255371,
      60.39278030395508
    ],
    [
      20.05389976501465,
      22.7641658782959,
      62.640140533447266,
      50.006813049316406,
      34.93445587158203,
      30.117753982543945,
      20.991901397705078,
      22.84037208557129,
      15.114858627319336,
      19.7959041595459,
      18.78504180908203,
      18.822917938232422,
      15.855603218078613,
      19.261165618896484,
      14.725906372070312,
      20.572654724121094,
      15.503409385681152,
      27.161148071289062
    ],
    [
      13.494146347045898,
      23.525630950927734,
      50.006813049316406,
      62.1891975402832,
      30.26970100402832,
      32.13711929321289,
      15.800642967224121,
      23.05730438232422,
      9.295594215393066,
      18.350379943847656,
      15.895452499389648,
      13.764376640319824,
      14.141131401062012,
      14.764451026916504,
      12.750360488891602,
      16.896352767944336,
      13.30311107635498,
      26.252967834472656
    ],
    [
      20.077171325683594,
      21.557605743408203,
      34.93445587158203,
      30.26970100402832,
      48.320457458496094,
      33.38500213623047,
      25.249258041381836,
      23.147953033447266,
      20.785432815551758,
      21.310787200927734,
      25.33208656311035,
      26.42399024963379,
      26.970964431762695,
      28.423805236816406,
      24.373592376708984,
      28.27132225036621,
      25.610605239868164,
      32.455177307128906
    ],
    [
      13.330745697021484,
      19.89151382446289,
      30.117753982543945,
      32.13711929321289,
      33.38500213623047,
      40.665348052978516,
      17.29237937927246,
      24.88047218322754,
      16.687484741210938,
      24.81891441345215,
      24.746299743652344,
      25.40265655517578,
      27.77545928955078,
      26.587078094482422,
      25.355737686157227,
      29.77764320373535,
      24.293933868408203,
      34.96115493774414
    ],
    [
      19.00659942626953,
      16.096256256103516,
      20.991901397705078,
      15.800642967224121,
      25.249258041381836,
      17.29237937927246,
      36.81178665161133,
      19.11740493774414,
      26.6646785736084,
      17.178667068481445,
      22.603662490844727,
      22.504743576049805,
      20.632991790771484,
      23.181493759155273,
      20.459997177124023,
      21.737524032592773,
      21.632722854614258,
      22.619020462036133
    ],
    [
      13.41452407836914,
      16.42976188659668,
      22.84037208557129,
      23.05730438232422,
      23.147953033447266,
      24.88047218322754,
      19.11740493774414,
      26.248695373535156,
      17.130786895751953,
      23.142988204956055,
      22.978042602539062,
      24.18865203857422,
      22.897878646850586,
      25.234994888305664,
      21.98536491394043,
      26.812959671020508,
      21.2034969329834,
      28.754039764404297
    ],
    [
      15.326837539672852,
      13.731396675109863,
      15.114858627319336,
      9.295594215393066,
      20.785432815551758,
      16.687484741210938,
      26.6646785736084,
      17.130786895751953,
      34.78064727783203,
      18.901817321777344,
      24.539335250854492,
      22.028989791870117,
      25.86525535583496,
      23.025054931640625,
      24.96360969543457,
      23.526342391967773,
      23.76559829711914,
      22.99591064453125
    ],
    [
      11.288657188415527,
      14.483211517333984,
      19.7959041595459,
      18.350379943847656,
      21.310787200927734,
      24.81891441345215,
      17.178667068481445,
      23.142988204956055,
      18.901817321777344,
      30.012495040893555,
      25.208091735839844,
      26.84162712097168,
      25.328466415405273,
      27.48174476623535,
      24.379196166992188,
      30.820688247680664,
      21.967323303222656,
      30.674339294433594
    ],
    [
      13.08768081665039,
      16.178550720214844,
      18.78504180908203,
      15.895452499389648,
      25.33208656311035,
      24.746299743652344,
      22.603662490844727,
      22.978042602539062,
      24.539335250854492,
      25.208091735839844,
      43.28139877319336,
      30.261367797851562,
      37.19463348388672,
      32.506797790527344,
      39.32821273803711,
      33.92504119873047,
      34.11396789550781,
      33.74308395385742
    ],
    [
      15.008867263793945,
      13.414369583129883,
      18.822917938232422,
      13.764376640319824,
      26.42399024963379,
      25.40265655517578,
      22.504743576049805,
      24.18865203857422,
      22.028989791870117,
      26.84162712097168,
      30.261367797851562,
      42.215084075927734,
      33.438926696777344,
      41.90683364868164,
      29.949520111083984,
      39.038814544677734,
      27.607316970825195,
      36.96792984008789
    ],
    [
      14.572704315185547,
      18.296846389770508,
      15.855603218078613,
      14.141131401062012,
      26.970964431762695,
      27.77545928955078,
      20.632991790771484,
      22.897878646850586,
      25.86525535583496,
      25.328466415405273,
      37.19463348388672,
      33.438926696777344,
      61.22279739379883,
      40.54616165161133,
      53.16510009765625,
      40.0194091796875,
      50.30097579956055,
      42.345703125
    ],
    [
      16.43246841430664,
      15.016195297241211,
      19.261165618896484,
      14.764451026916504,
      28.423805236816406,
      26.587078094482422,
      23.181493759155273,
      25.234994888305664,
      23.025054931640625,
      27.48174476623535,
      32.506797790527344,
      41.90683364868164,
      40.54616165161133,
      49.89482879638672,
      35.02537536621094,
      41.608882904052734,
      33.256996154785156,
      40.42386245727539
    ],
    [
      13.786481857299805,
      19.40561294555664,
      14.725906372070312,
      12.750360488891602,
      24.373592376708984,
      25.355737686157227,
      20.459997177124023,
      21.98536491394043,
      24.96360969543457,
      24.379196166992188,
      39.32821273803711,
      29.949520111083984,
      53.16510009765625,
      35.02537536621094,
      58.35192108154297,
      37.73097610473633,
      54.25654602050781,
      40.41738510131836
    ],
    [
      15.211978912353516,
      17.412269592285156,
      20.572654724121094,
      16.896352767944336,
      28.27132225036621,
      29.77764320373535,
      21.737524032592773,
      26.812959671020508,
      23.526342391967773,
      30.820688247680664,
      33.92504119873047,
      39.038814544677734,
      40.0194091796875,
      41.608882904052734,
      37.73097610473633,
      45.225830078125,
      34.706993103027344,
      41.40187072753906
    ],
    [
      15.813220977783203,
      20.27608299255371,
      15.503409385681152,
      13.30311107635498,
      25.610605239868164,
      24.293933868408203,
      21.632722854614258,
      21.2034969329834,
      23.76559829711914,
      21.967323303222656,
      34.11396789550781,
      27.607316970825195,
      50.30097579956055,
      33.256996154785156,
      54.25654602050781,
      34.706993103027344,
      57.610416412353516,
      39.6359748840332
    ],
    [
      19.29899024963379,
      60.39278030395508,
      27.161148071289062,
      26.252967834472656,
      32.455177307128906,
      34.96115493774414,
      22.619020462036133,
      28.754039764404297,
      22.99591064453125,
      30.674339294433594,
      33.74308395385742,
      36.96792984008789,
      42.345703125,
      40.42386245727539,
      40.41738510131836,
      41.40187072753906,
      39.6359748840332,
      84.7623062133789
    ]
  ],
  "damage": -9.266561508178711,
  "diff_bandwidth": 901.8238525390625,
  "dissonance": 10.271933830174426,
  "drr": 7.286074161529541,
  "dynamics": 2.787029504776001,
  "format": 1245190,
  "frames": 1998848,
  "loudness": -11.343823432922363,
  "loudness_range": 6.589835166931152,
  "loudness_range_short": 10.007087707519531,
  "lowpass_true_peak_15khz": 0.6939969658851624,
  "mastering3_acoustic_entropies": [
    {
      "acoustic_entropy": 7.854907989501953,
      "acoustic_entropy_mono": 7.780945301055908,
      "band_eliminated_acoustic_entropies": [
        {
          "acoustic_entropy": 7.855471611022949,
          "acoustic_entropy_side": 7.8549394607543945,
          "hz": 129.47220167065723
        },
        {
          "acoustic_entropy": 8.254899024963379,
          "acoustic_entropy_side": 7.869045734405518,
          "hz": 202.92927478742237
        },
        {
          "acoustic_entropy": 7.896595478057861,
          "acoustic_entropy_side": 7.862208843231201,
          "hz": 282.89161906338205
        },
        {
          "acoustic_entropy": 7.958723068237305,
          "acoustic_entropy_side": 7.889832019805908,
          "hz": 369.9353335868758
        },
        {
          "acoustic_entropy": 8.070806503295898,
          "acoustic_entropy_side": 7.854740619659424,
          "hz": 464.6875360973435
        },
        {
          "acoustic_entropy": 7.907044887542725,
          "acoustic_entropy_side": 7.839604377746582,
          "hz": 567.8308811364784
        },
        {
          "acoustic_entropy": 7.887043476104736,
          "acoustic_entropy_side": 7.853270053863525,
          "hz": 680.1084783214808
        },
        {
          "acoustic_entropy": 7.804985046386719,
          "acoustic_entropy_side": 7.855637550354004,
          "hz": 802.3292461747484
        },
        {
          "acoustic_entropy": 7.6109938621521,
          "acoustic_entropy_side": 7.862971305847168,
          "hz": 935.3737400823702
        },
        {
          "acoustic_entropy": 6.855855464935303,
          "acoustic_entropy_side": 7.852542400360107,
          "hz": 1080.2004963696966
        },
        {
          "acoustic_entropy": 7.491674900054932,
          "acoustic_entropy_side": 7.852409362792969,
          "hz": 1237.8529382007157
        },
        {
          "acoustic_entropy": 7.326000690460205,
          "acoustic_entropy_side": 7.854766368865967,
          "hz": 1409.4668930556702
        },
        {
          "acoustic_entropy": 7.969688415527344,
          "acoustic_entropy_side": 7.854518890380859,
          "hz": 1596.2787759475705
        },
        {
          "acoustic_entropy": 7.117996692657471,
          "acoustic_entropy_side": 7.897071361541748,
          "hz": 1799.6344973346393
        },
        {
          "acoustic_entropy": 7.6825852394104,
          "acoustic_entropy_side": 7.840601444244385,
          "hz": 2020.9991599069049
        },
        {
          "acoustic_entropy": 7.419322490692139,
          "acoustic_entropy_side": 7.85244083404541,
          "hz": 2261.9676141086993
        },
        {
          "acoustic_entropy": 7.360513687133789,
          "acoustic_entropy_side": 7.860350131988525,
          "hz": 2524.2759484456974
        },
        {
          "acoustic_entropy": 7.526443958282471,
          "acoustic_entropy_side": 7.855542182922363,
          "hz": 2809.813997359896
        },
        {
          "acoustic_entropy": 7.194388389587402,
          "acoustic_entropy_side": 7.8677449226379395,
          "hz": 3120.6389567871424
        },
        {
          "acoustic_entropy": 7.576108455657959,
          "acoustic_entropy_side": 7.873556613922119,
          "hz": 3458.990205492291
        },
        {
          "acoustic_entropy": 7.921245098114014,
          "acoustic_entropy_side": 7.863297939300537,
          "hz": 3827.305438964164
        },
        {
          "acoustic_entropy": 7.718308925628662,
          "acoustic_entropy_side": 7.857246398925781,
          "hz": 4228.238232109126
        },
        {
          "acoustic_entropy": 7.8509016036987305,
          "acoustic_entropy_side": 7.860537528991699,
          "hz": 4664.6771572759235
        },
        {
          "acoustic_entropy": 7.706780910491943,
          "acoustic_entropy_side": 7.851273059844971,
          "hz": 5139.766595350093
        },
        {
          "acoustic_entropy": 7.805364608764648,
          "acoustic_entropy_side": 7.856640815734863,
          "hz": 5656.929389854203
        },
        {
          "acoustic_entropy": 7.794656276702881,
          "acoustic_entropy_side": 7.849422454833984,
          "hz": 6219.891507268283
        },
        {
          "acoustic_entropy": 7.840127468109131,
          "acoustic_entropy_side": 7.8522467613220215,
          "hz": 6832.70888123896
        },
        {
          "acoustic_entropy": 8.076457023620605,
          "acoustic_entropy_side": 7.851444721221924,
          "hz": 7499.796634079867
        },
        {
          "acoustic_entropy": 7.865497589111328,
          "acoustic_entropy_side": 7.853637218475342,
          "hz": 8225.96088609342
        },
        {
          "acoustic_entropy": 7.8397698402404785,
          "acoustic_entropy_side": 7.85518741607666,
          "hz": 9016.43338188839
        },
        {
          "acoustic_entropy": 7.806149482727051,
          "acoustic_entropy_side": 7.855926513671875,
          "hz": 9876.909183162974
        },
        {
          "acoustic_entropy": 7.776554584503174,
          "acoustic_entropy_side": 7.856627941131592,
          "hz": 10813.587699516042
        },
        {
          "acoustic_entropy": 7.83012056350708,
          "acoustic_entropy_side": 7.855588912963867,
          "hz": 11833.21735289826
        },
        {
          "acoustic_entropy": 7.85528039932251,
          "acoustic_entropy_side": 7.855465412139893,
          "hz": 12943.144197493959
        },
        {
          "acoustic_entropy": 7.923205852508545,
          "acoustic_entropy_side": 7.855066776275635,
          "hz": 14151.364845322005
        },
        {
          "acoustic_entropy": 7.903156280517578,
          "acoustic_entropy_side": 7.8548970222473145,
          "hz": 15466.58407886509
        },
        {
          "acoustic_entropy": 7.8069634437561035,
          "acoustic_entropy_side": 7.854846477508545,
          "hz": 16898.27756580493
        },
        {
          "acoustic_entropy": 7.8820648193359375,
          "acoustic_entropy_side": 7.8548688888549805,
          "hz": 18456.760127700032
        },
        {
          "acoustic_entropy": 7.875294208526611,
          "acoustic_entropy_side": 7.854885101318359,
          "hz": 20153.260054456492
        },
        {
          "acoustic_entropy": 7.86093282699585,
          "acoustic_entropy_side": 7.8549089431762695,
          "hz": 22000.00000000001
        }
      ],
      "diff_acoustic_entropy": 5.239953994750977,
      "sn": 6
    },
    {
      "acoustic_entropy": 10.763301849365234,
      "acoustic_entropy_mono": 10.538728713989258,
      "band_eliminated_acoustic_entropies": [
        {
          "acoustic_entropy": 10.786763191223145,
          "acoustic_entropy_side": 10.763668060302734,
          "hz": 129.47220167065723
        },
        {
          "acoustic_entropy": 10.658157348632812,
          "acoustic_entropy_side": 10.917163848876953,
          "hz": 202.92927478742237
        },
        {
          "acoustic_entropy": 10.292281150817871,
          "acoustic_entropy_side": 10.936871528625488,
          "hz": 282.89161906338205
        },
        {
          "acoustic_entropy": 10.99516773223877,
          "acoustic_entropy_side": 10.556797981262207,
          "hz": 369.9353335868758
        },
        {
          "acoustic_entropy": 10.945978164672852,
          "acoustic_entropy_side": 10.675873756408691,
          "hz": 464.6875360973435
        },
        {
          "acoustic_entropy": 10.581398010253906,
          "acoustic_entropy_side": 10.790839195251465,
          "hz": 567.8308811364784
        },
        {
          "acoustic_entropy": 10.305017471313477,
          "acoustic_entropy_side": 10.74901008605957,
          "hz": 680.1084783214808
        },
        {
          "acoustic_entropy": 10.365089416503906,
          "acoustic_entropy_side": 10.738537788391113,
          "hz": 802.3292461747484
        },
        {
          "acoustic_entropy": 11.741915702819824,
          "acoustic_entropy_side": 10.796051979064941,
          "hz": 935.3737400823702
        },
        {
          "acoustic_entropy": 9.301584243774414,
          "acoustic_entropy_side": 10.787332534790039,
          "hz": 1080.2004963696966
        },
        {
          "acoustic_entropy": 11.29592514038086,
          "acoustic_entropy_side": 10.827549934387207,
          "hz": 1237.8529382007157
        },
        {
          "acoustic_entropy": 9.918631553649902,
          "acoustic_entropy_side": 10.712479591369629,
          "hz": 1409.4668930556702
        },
        {
          "acoustic_entropy": 11.036430358886719,
          "acoustic_entropy_side": 10.664410591125488,
          "hz": 1596.2787759475705
        },
        {
          "acoustic_entropy": 10.04004955291748,
          "acoustic_entropy_side": 10.772652626037598,
          "hz": 1799.6344973346393
        },
        {
          "acoustic_entropy": 10.845867156982422,
          "acoustic_entropy_side": 10.726219177246094,
          "hz": 2020.9991599069049
        },
        {
          "acoustic_entropy": 10.434249877929688,
          "acoustic_entropy_side": 10.62703800201416,
          "hz": 2261.9676141086993
        },
        {
          "acoustic_entropy": 10.282913208007812,
          "acoustic_entropy_side": 10.860970497131348,
          "hz": 2524.2759484456974
        },
        {
          "acoustic_entropy": 10.36784553527832,
          "acoustic_entropy_side": 10.766322135925293,
          "hz": 2809.813997359896
        },
        {
          "acoustic_entropy": 9.860800743103027,
          "acoustic_entropy_side": 10.582243919372559,
          "hz": 3120.6389567871424
        },
        {
          "acoustic_entropy": 10.103281021118164,
          "acoustic_entropy_side": 10.777626991271973,
          "hz": 3458.990205492291
        },
        {
          "acoustic_entropy": 10.485772132873535,
          "acoustic_entropy_side": 10.830659866333008,
          "hz": 3827.305438964164
        },
        {
          "acoustic_entropy": 10.881891250610352,
          "acoustic_entropy_side": 10.813274383544922,
          "hz": 4228.238232109126
        },
        {
          "acoustic_entropy": 10.56375503540039,
          "acoustic_entropy_side": 10.666027069091797,
          "hz": 4664.6771572759235
        },
        {
          "acoustic_entropy": 10.868224143981934,
          "acoustic_entropy_side": 10.829983711242676,
          "hz": 5139.766595350093
        },
        {
          "acoustic_entropy": 10.680678367614746,
          "acoustic_entropy_side": 10.71864128112793,
          "hz": 5656.929389854203
        },
        {
          "acoustic_entropy": 10.976869583129883,
          "acoustic_entropy_side": 10.857223510742188,
          "hz": 6219.891507268283
        },
        {
          "acoustic_entropy": 10.717718124389648,
          "acoustic_entropy_side": 10.7714262008667,
          "hz": 6832.70888123896
        },
        {
          "acoustic_entropy": 10.873994827270508,
          "acoustic_entropy_side": 10.845547676086426,
          "hz": 7499.796634079867
        },
        {
          "acoustic_entropy": 10.793375015258789,
          "acoustic_entropy_side": 10.797094345092773,
          "hz": 8225.96088609342
        },
        {
          "acoustic_entropy": 10.671817779541016,
          "acoustic_entropy_side": 10.772442817687988,
          "hz": 9016.43338188839
        },
        {
          "acoustic_entropy": 10.834378242492676,
          "acoustic_entropy_side": 10.754366874694824,
          "hz": 9876.909183162974
        },
        {
          "acoustic_entropy": 10.830951690673828,
          "acoustic_entropy_side": 10.760847091674805,
          "hz": 10813.587699516042
        },
        {
          "acoustic_entropy": 10.799234390258789,
          "acoustic_entropy_side": 10.758728981018066,
          "hz": 11833.21735289826
        },
        {
          "acoustic_entropy": 10.628861427307129,
          "acoustic_entropy_side": 10.755854606628418,
          "hz": 12943.144197493959
        },
        {
          "acoustic_entropy": 10.751452445983887,
          "acoustic_entropy_side": 10.758604049682617,
          "hz": 14151.364845322005
        },
        {
          "acoustic_entropy": 10.710173606872559,
          "acoustic_entropy_side": 10.760128021240234,
          "hz": 15466.58407886509
        },
        {
          "acoustic_entropy": 10.777134895324707,
          "acoustic_entropy_side": 10.763691902160645,
          "hz": 16898.27756580493
        },
        {
          "acoustic_entropy": 10.760469436645508,
          "acoustic_entropy_side": 10.764333724975586,
          "hz": 18456.760127700032
        },
        {
          "acoustic_entropy": 10.822007179260254,
          "acoustic_entropy_side": 10.763248443603516,
          "hz": 20153.260054456492
        },
        {
          "acoustic_entropy": 10.780702590942383,
          "acoustic_entropy_side": 10.7633056640625,
          "hz": 22000.00000000001
        }
      ],
      "diff_acoustic_entropy": 8.720440864562988,
      "sn": 12
    },
    {
      "acoustic_entropy": 14.980932235717773,
      "acoustic_entropy_mono": 13.165266036987305,
      "band_eliminated_acoustic_entropies": [
        {
          "acoustic_entropy": 15.0192289352417,
          "acoustic_entropy_side": 14.988868713378906,
          "hz": 129.47220167065723
        },
        {
          "acoustic_entropy": 15.624768257141113,
          "acoustic_entropy_side": 14.45949649810791,
          "hz": 202.92927478742237
        },
        {
          "acoustic_entropy": 15.613114356994629,
          "acoustic_entropy_side": 14.674358367919922,
          "hz": 282.89161906338205
        },
        {
          "acoustic_entropy": 14.951929092407227,
          "acoustic_entropy_side": 14.62901782989502,
          "hz": 369.9353335868758
        },
        {
          "acoustic_entropy": 14.555001258850098,
          "acoustic_entropy_side": 14.767511367797852,
          "hz": 464.6875360973435
        },
        {
          "acoustic_entropy": 15.55039119720459,
          "acoustic_entropy_side": 15.142314910888672,
          "hz": 567.8308811364784
        },
        {
          "acoustic_entropy": 14.940791130065918,
          "acoustic_entropy_side": 15.205223083496094,
          "hz": 680.1084783214808
        },
        {
          "acoustic_entropy": 15.35334300994873,
          "acoustic_entropy_side": 15.093022346496582,
          "hz": 802.3292461747484
        },
        {
          "acoustic_entropy": 15.276002883911133,
          "acoustic_entropy_side": 14.461774826049805,
          "hz": 935.3737400823702
        },
        {
          "acoustic_entropy": 14.4662446975708,
          "acoustic_entropy_side": 15.028461456298828,
          "hz": 1080.2004963696966
        },
        {
          "acoustic_entropy": 15.478767395019531,
          "acoustic_entropy_side": 15.014176368713379,
          "hz": 1237.8529382007157
        },
        {
          "acoustic_entropy": 14.835076332092285,
          "acoustic_entropy_side": 15.15758228302002,
          "hz": 1409.4668930556702
        },
        {
          "acoustic_entropy": 15.77376651763916,
          "acoustic_entropy_side": 15.096535682678223,
          "hz": 1596.2787759475705
        },
        {
          "acoustic_entropy": 15.80168342590332,
          "acoustic_entropy_side": 14.636337280273438,
          "hz": 1799.6344973346393
        },
        {
          "acoustic_entropy": 13.962597846984863,
          "acoustic_entropy_side": 14.637892723083496,
          "hz": 2020.9991599069049
        },
        {
          "acoustic_entropy": 15.706453323364258,
          "acoustic_entropy_side": 15.05982780456543,
          "hz": 2261.9676141086993
        },
        {
          "acoustic_entropy": 14.549521446228027,
          "acoustic_entropy_side": 15.023231506347656,
          "hz": 2524.2759484456974
        },
        {
          "acoustic_entropy": 15.156734466552734,
          "acoustic_entropy_side": 14.922039985656738,
