{
  "acoustic_entropy": 172.21334838867188,
  "bands": [
    {
      "high_freq": 148.1999969482422,
      "loudness": -23.584442138671875,
      "loudness_range": 18.51383399963379,
      "mid_mean": -20.30272674560547,
      "mid_to_side_loudness": -10.557977676391602,
      "mid_to_side_loudness_range": 12.322707176208496,
      "side_mean": -30.576162338256836
    },
    {
      "high_freq": 392.3793640136719,
      "loudness": -22.096519470214844,
      "loudness_range": 14.696718215942383,
      "low_freq": 148.1999969482422,
      "mid_mean": -19.686952590942383,
      "mid_to_side_loudness": -6.246009826660156,
      "mid_to_side_loudness_range": 13.104256629943848,
      "side_mean": -25.19127082824707
    },
    {
      "high_freq": 794.6976318359375,
      "loudness": -24.723899841308594,
      "loudness_range": 13.673189163208008,
      "low_freq": 392.3793640136719,
      "mid_mean": -22.25201988220215,
      "mid_to_side_loudness": -6.444732666015625,
      "mid_to_side_loudness_range": 13.742222785949707,
      "side_mean": -27.195741653442383
    },
    {
      "high_freq": 1457.5709228515625,
      "loudness": -26.905704498291016,
      "loudness_range": 22.53849220275879,
      "low_freq": 794.6976318359375,
      "mid_mean": -24.51787757873535,
      "mid_to_side_loudness": -6.547373294830322,
      "mid_to_side_loudness_range": 12.516347885131836,
      "side_mean": -28.530149459838867
    },
    {
      "high_freq": 2549.74365234375,
      "loudness": -20.54583740234375,
      "loudness_range": 16.861675262451172,
      "low_freq": 1457.5709228515625,
      "mid_mean": -17.80974769592285,
      "mid_to_side_loudness": -7.225709915161133,
      "mid_to_side_loudness_range": 12.477880477905273,
      "side_mean": -23.571887969970703
    },
    {
      "high_freq": 4349.24462890625,
      "loudness": -20.728750228881836,
      "loudness_range": 12.86422348022461,
      "low_freq": 2549.74365234375,
      "mid_mean": -19.523727416992188,
      "mid_to_side_loudness": -3.3650710582733154,
      "mid_to_side_loudness_range": 8.82303237915039,
      "side_mean": -21.02173614501953
    },
    {
      "high_freq": 7314.1640625,
      "loudness": -26.647443771362305,
      "loudness_range": 11.767681121826172,
      "low_freq": 4349.24462890625,
      "mid_mean": -24.769283294677734,
      "mid_to_side_loudness": -4.245721340179443,
      "mid_to_side_loudness_range": 6.877999782562256,
      "side_mean": -28.026464462280273
    },
    {
      "high_freq": 12199.2666015625,
      "loudness": -30.3841552734375,
      "loudness_range": 12.059703826904297,
      "low_freq": 7314.1640625,
      "mid_mean": -29.18730354309082,
      "mid_to_side_loudness": -2.970355272293091,
      "mid_to_side_loudness_range": 7.710051536560059,
      "side_mean": -31.192699432373047
    },
    {
      "loudness": -38.1688117980957,
      "loudness_range": 15.55618667602539,
      "low_freq": 12199.2666015625,
      "mid_mean": -36.88493347167969,
      "mid_to_side_loudness": -3.4181041717529297,
      "mid_to_side_loudness_range": 6.433320999145508,
      "side_mean": -39.17759323120117
    }
  ],
  "bands_short": [
    {
      "high_freq": 148.1999969482422,
      "loudness": -27.91097640991211,
      "loudness_range": 21.700916290283203,
      "mid_mean": -24.705522537231445,
      "mid_to_side_loudness": -11.060718536376953,
      "mid_to_side_loudness_range": 15.954885482788086,
      "side_mean": -35.99897384643555
    },
    {
      "high_freq": 392.3793640136719,
      "loudness": -21.97418212890625,
      "loudness_range": 18.694765090942383,
      "low_freq": 148.1999969482422,
      "mid_mean": -19.25401496887207,
      "mid_to_side_loudness": -8.230228424072266,
      "mid_to_side_loudness_range": 15.177238464355469,
      "side_mean": -27.086376190185547
    },
    {
      "high_freq": 794.6976318359375,
      "loudness": -24.970834732055664,
      "loudness_range": 16.491527557373047,
      "low_freq": 392.3793640136719,
      "mid_mean": -22.680444717407227,
      "mid_to_side_loudness": -6.074873447418213,
      "mid_to_side_loudness_range": 15.551356315612793,
      "side_mean": -27.396968841552734
    },
    {
      "high_freq": 1457.5709228515625,
      "loudness": -27.000057220458984,
      "loudness_range": 23.178295135498047,
      "low_freq": 794.6976318359375,
      "mid_mean": -24.819852828979492,
      "mid_to_side_loudness": -6.3328752517700195,
      "mid_to_side_loudness_range": 14.228816986083984,
      "side_mean": -28.652908325195312
    },
    {
      "high_freq": 2549.74365234375,
      "loudness": -20.883758544921875,
      "loudness_range": 17.840129852294922,
      "low_freq": 1457.5709228515625,
      "mid_mean": -18.30944061279297,
      "mid_to_side_loudness": -7.1963653564453125,
      "mid_to_side_loudness_range": 12.942996978759766,
      "side_mean": -24.03664779663086
    },
    {
      "high_freq": 4349.24462890625,
      "loudness": -20.6551513671875,
      "loudness_range": 13.261238098144531,
      "low_freq": 2549.74365234375,
      "mid_mean": -19.396902084350586,
      "mid_to_side_loudness": -3.2978696823120117,
      "mid_to_side_loudness_range": 9.530826568603516,
      "side_mean": -21.158056259155273
    },
    {
      "high_freq": 7314.1640625,
      "loudness": -26.955698013305664,
      "loudness_range": 13.703954696655273,
      "low_freq": 4349.24462890625,
      "mid_mean": -25.18791961669922,
      "mid_to_side_loudness": -4.164965629577637,
      "mid_to_side_loudness_range": 8.193892478942871,
      "side_mean": -28.403858184814453
    },
    {
      "high_freq": 12199.2666015625,
      "loudness": -30.729736328125,
      "loudness_range": 15.925392150878906,
      "low_freq": 7314.1640625,
      "mid_mean": -29.770389556884766,
      "mid_to_side_loudness": -2.8707268238067627,
      "mid_to_side_loudness_range": 7.731588363647461,
      "side_mean": -31.53744125366211
    },
    {
      "loudness": -38.84585189819336,
      "loudness_range": 20.16114044189453,
      "low_freq": 12199.2666015625,
      "mid_mean": -37.788063049316406,
      "mid_to_side_loudness": -3.480973720550537,
      "mid_to_side_loudness_range": 7.145434856414795,
      "side_mean": -39.93210983276367
    }
  ],
  "bandwidth": 862.9091186523438,
  "channels": 2,
  "covariance": [
    [
      47.4825439453125,
      33.490806579589844,
      25.742149353027344,
      19.299829483032227,
      23.84609031677246,
      13.410344123840332,
      24.65639877319336,
      16.070011138916016,
      9.40078067779541,
      15.51534366607666,
      5.3060994148254395,
      10.548635482788086,
      5.3036956787109375,
      6.072392463684082,
      8.975953102111816,
      9.334380149841309,
      5.819767951965332,
      0.5221323370933533
    ],
    [
      33.490806579589844,
      43.80154800415039,
      18.986366271972656,
      27.093242645263672,
      19.123641967773438,
      12.458879470825195,
      22.953739166259766,
      10.7505521774292,
      13.488848686218262,
      10.195955276489258,
      9.512898445129395,
      5.114234447479248,
      0.6909318566322327,
      2.458618402481079,
      3.656770706176758,
      3.7246577739715576,
      -1.6427264213562012,
      -4.483262062072754
    ],
    [
      25.742149353027344,
      18.986366271972656,
      30.737281799316406,
      24.77619171142578,
      26.224611282348633,
      13.153836250305176,
      26.09381675720215,
      12.04271125793457,
      9.74701976776123,
      11.389073371887207,
      9.716835021972656,
      8.55500602722168,
      11.290032386779785,
      10.774495124816895,
      15.574397087097168,
      15.315176010131836,
      11.575722694396973,
      5.850977420806885
    ],
    [
      19.299829483032227,
      27.093242645263672,
      24.77619171142578,
      50.343379974365234,
      29.236061096191406,
      23.679859161376953,
      37.93812942504883,
      17.85245704650879,
      22.85861587524414,
      16.466859817504883,
      25.854331970214844,
      11.652316093444824,
      12.557991981506348,
      12.262904167175293,
      14.437336921691895,
      15.250144958496094,
      5.515949249267578,
      4.610571384429932
    ],
    [
      23.84609031677246,
      19.123641967773438,
      26.224611282348633,
      29.236061096191406,
      41.49041748046875,
      14.394288063049316,
      37.75446319580078,
      14.030902862548828,
      18.623497009277344,
      14.214938163757324,
      19.079421997070312,
      12.451652526855469,
      15.942154884338379,
      14.958300590515137,
      19.801708221435547,
      20.284910202026367,
      15.451749801635742,
      12.935617446899414
    ],
    [
      13.410344123840332,
      12.458879470825195,
      13.153836250305176,
      23.679859161376953,
      14.394288063049316,
      28.349416732788086,
      21.802120208740234,
      21.064258575439453,
      18.67766571044922,
      16.83811378479004,
      21.03085708618164,
      13.775124549865723,
      12.96692943572998,
      14.020073890686035,
      14.991467475891113,
      16.999797821044922,
      10.552157402038574,
      11.034299850463867
    ],
    [
      24.65639877319336,
      22.953739166259766,
      26.09381675720215,
      37.93812942504883,
      37.75446319580078,
      21.802120208740234,
      61.48417282104492,
      25.34990119934082,
      32.51007080078125,
      25.288631439208984,
      33.957603454589844,
      22.097213745117188,
      22.06269073486328,
      22.011404037475586,
      22.68106460571289,
      23.666645050048828,
      17.7850399017334,
      19.17560577392578
    ],
    [
      16.070011138916016,
      10.7505521774292,
      12.04271125793457,
      17.85245704650879,
      14.030902862548828,
      21.064258575439453,
      25.34990119934082,
      28.42426872253418,
      20.857770919799805,
      24.812870025634766,
      21.62693214416504,
      20.072834014892578,
      15.342768669128418,
      17.048248291015625,
      16.716617584228516,
      19.277482986450195,
      13.273012161254883,
      16.571561813354492
    ],
    [
      9.40078067779541,
      13.488848686218262,
      9.74701976776123,
      22.85861587524414,
      18.623497009277344,
      18.67766571044922,
      32.51007080078125,
      20.857770919799805,
      44.37016296386719,
      29.856292724609375,
      41.88835906982422,
      26.522762298583984,
      20.24534034729004,
      19.56658363342285,
      22.111661911010742,
      25.028526306152344,
      20.896818161010742,
      27.696678161621094
    ],
    [
      15.51534366607666,
      10.195955276489258,
      11.389073371887207,
      16.466859817504883,
      14.214938163757324,
      16.83811378479004,
      25.288631439208984,
      24.812870025634766,
      29.856292724609375,
      36.74088668823242,
      30.167797088623047,
      30.407312393188477,
      17.95849609375,
      20.07281494140625,
      17.91948127746582,
      20.801837921142578,
      17.111074447631836,
      23.332416534423828
    ],
    [
      5.3060994148254395,
      9.512898445129395,
      9.716835021972656,
      25.854331970214844,
      19.079421997070312,
      21.03085708618164,
      33.957603454589844,
      21.62693214416504,
      41.88835906982422,
      30.167797088623047,
      49.3050537109375,
      29.739013671875,
      23.05658721923828,
      23.720687866210938,
      22.689950942993164,
      26.073158264160156,
      23.233665466308594,
      30.75450325012207
    ],
    [
      10.548635482788086,
      5.114234447479248,
      8.55500602722168,
      11.652316093444824,
      12.451652526855469,
      13.775124549865723,
      22.097213745117188,
      20.072834014892578,
      26.522762298583984,
      30.407312393188477,
      29.739013671875,
      34.223567962646484,
      19.654184341430664,
      21.51410484313965,
      19.069103240966797,
      20.457822799682617,
      18.908611297607422,
      22.944652557373047
    ],
    [
      5.3036956787109375,
      0.6909318566322327,
      11.290032386779785,
      12.557991981506348,
      15.942154884338379,
      12.96692943572998,
      22.06269073486328,
      15.342768669128418,
      20.24534034729004,
      17.95849609375,
      23.05658721923828,
      19.654184341430664,
      27.010995864868164,
      24.43319320678711,
      25.520544052124023,
      26.289955139160156,
      21.946802139282227,
      20.42470359802246
    ],
    [
      6.072392463684082,
      2.458618402481079,
      10.774495124816895,
      12.262904167175293,
      14.958300590515137,
      14.020073890686035,
      22.011404037475586,
      17.048248291015625,
      19.56658363342285,
      20.07281494140625,
      23.720687866210938,
      21.51410484313965,
      24.43319320678711,
      28.065467834472656,
      26.65233612060547,
      28.040061950683594,
      23.32467269897461,
      22.655929565429688
    ],
    [
      8.975953102111816,
      3.656770706176758,
      15.574397087097168,
      14.437336921691895,
      19.801708221435547,
      14.991467475891113,
      22.68106460571289,
      16.716617584228516,
      22.111661911010742,
      17.91948127746582,
      22.689950942993164,
      19.069103240966797,
      25.520544052124023,
      26.65233612060547,
      40.34707260131836,
      39.04003143310547,
      35.284000396728516,
      31.409259796142578
    ],
    [
      9.334380149841309,
      3.7246577739715576,
      15.315176010131836,
      15.250144958496094,
      20.284910202026367,
      16.999797821044922,
      23.666645050048828,
      19.277482986450195,
      25.028526306152344,
      20.801837921142578,
      26.073158264160156,
      20.457822799682617,
      26.289955139160156,
      28.040061950683594,
      39.04003143310547,
      47.609130859375,
      37.44691848754883,
      36.17538833618164
    ],
    [
      5.819767951965332,
      -1.6427264213562012,
      11.575722694396973,
      5.515949249267578,
      15.451749801635742,
      10.552157402038574,
      17.7850399017334,
      13.273012161254883,
      20.896818161010742,
      17.111074447631836,
      23.233665466308594,
      18.908611297607422,
      21.946802139282227,
      23.32467269897461,
      35.284000396728516,
      37.44691848754883,
      48.92704391479492,
      44.3317756652832
    ],
    [
      0.5221323370933533,
      -4.483262062072754,
      5.850977420806885,
      4.610571384429932,
      12.935617446899414,
      11.034299850463867,
      19.17560577392578,
      16.571561813354492,
      27.696678161621094,
      23.332416534423828,
      30.75450325012207,
      22.944652557373047,
      20.42470359802246,
      22.655929565429688,
      31.409259796142578,
      36.17538833618164,
      44.3317756652832,
      55.16317367553711
    ]
  ],
  "covariance_short": [
    [
      57.7449951171875,
      50.39134979248047,
      29.29556655883789,
      25.226118087768555,
      20.428754806518555,
      15.236882209777832,
      25.883920669555664,
      19.245006561279297,
      14.78166389465332,
      16.939777374267578,
      11.539876937866211,
      13.141371726989746,
      6.887387275695801,
      7.081153392791748,
      10.185481071472168,
      10.572607040405273,
      9.12586498260498,
      5.478724479675293
    ],
    [
      50.39134979248047,
      77.84881591796875,
      28.530168533325195,
      34.09684753417969,
      20.562843322753906,
      17.55487823486328,
      29.620330810546875,
      16.269559860229492,
      19.258642196655273,
      14.9850492477417,
      10.817030906677246,
      8.103730201721191,
      -0.9913057088851929,
      -0.18081218004226685,
      0.4402506947517395,
      0.9979923367500305,
      -2.289999485015869,
      -5.18223762512207
    ],
    [
      29.29556655883789,
      28.530168533325195,
      40.291690826416016,
      26.17778968811035,
      27.49366569519043,
      17.64189338684082,
      23.589000701904297,
      15.848713874816895,
      7.362481594085693,
      12.223611831665039,
      6.268600940704346,
      9.308947563171387,
      9.150166511535645,
      9.029067993164062,
      13.360734939575195,
      12.928850173950195,
      9.877829551696777,
      4.203289031982422
    ],
    [
      25.226118087768555,
      34.09684753417969,
      26.17778968811035,
      50.406436920166016,
      27.092031478881836,
      25.81855010986328,
      28.43583869934082,
      13.438074111938477,
      13.018240928649902,
      7.729419708251953,
      10.65406322479248,
      4.694352626800537,
      7.674535274505615,
      6.630528450012207,
      9.690498352050781,
      8.40765380859375,
      3.730404853820801,
      -0.01640157960355282
    ],
    [
      20.428754806518555,
      20.562843322753906,
      27.49366569519043,
      27.092031478881836,
      45.10690689086914,
      16.983814239501953,
      36.15726852416992,
      14.309706687927246,
      16.728219985961914,
      13.565791130065918,
      16.78966522216797,
      11.407087326049805,
      16.387407302856445,
      14.780155181884766,
      18.493268966674805,
      18.21626091003418,
      15.129508972167969,
      11.927457809448242
    ],
    [
      15.236882209777832,
      17.55487823486328,
      17.64189338684082,
      25.81855010986328,
      16.983814239501953,
      36.89080047607422,
      23.248228073120117,
      21.136520385742188,
      20.262897491455078,
      16.29824447631836,
      19.495298385620117,
      13.88757038116455,
      14.851354598999023,
      14.995262145996094,
      16.610639572143555,
      16.573680877685547,
      13.095653533935547,
      11.255684852600098
    ],
    [
      25.883920669555664,
      29.620330810546875,
      23.589000701904297,
      28.43583869934082,
      36.15726852416992,
      23.248228073120117,
      66.45586395263672,
      27.854324340820312,
      35.86014938354492,
      26.584651947021484,
      30.884321212768555,
      22.205610275268555,
      24.11212921142578,
      22.662195205688477,
      23.936471939086914,
      23.56886863708496,
      20.803863525390625,
      20.400150299072266
    ],
    [
      19.245006561279297,
      16.269559860229492,
      15.848713874816895,
      13.438074111938477,
      14.309706687927246,
      21.136520385742188,
      27.854324340820312,
      32.605167388916016,
      22.61246681213379,
      26.871068954467773,
      20.98014259338379,
      21.859813690185547,
      17.16189956665039,
      18.567466735839844,
      18.47673797607422,
      19.600955963134766,
      16.80575942993164,
      17.881275177001953
    ],
    [
      14.78166389465332,
      19.258642196655273,
      7.362481594085693,
      13.018240928649902,
      16.728219985961914,
      20.262897491455078,
      35.86014938354492,
      22.61246681213379,
      50.76666259765625,
      32.888004302978516,
      38.54344940185547,
      28.168718338012695,
      23.35352897644043,
      22.1143798828125,
      24.53365135192871,
      24.89475440979004,
      24.848947525024414,
      28.794857025146484
    ],
    [
      16.939777374267578,
      14.9850492477417,
      12.223611831665039,
      7.729419708251953,
      13.565791130065918,
      16.29824447631836,
      26.584651947021484,
      26.871068954467773,
      32.888004302978516,
      40.811641693115234,
      30.065237045288086,
      32.0112419128418,
      20.366085052490234,
      22.130857467651367,
      19.435434341430664,
      20.950286865234375,
      20.904062271118164,
      24.66490936279297
    ],
    [
      11.539876937866211,
      10.817030906677246,
      6.268600940704346,
      10.65406322479248,
      16.78966522216797,
      19.495298385620117,
      30.884321212768555,
      20.98014259338379,
      38.54344940185547,
      30.065237045288086,
      46.49468231201172,
      31.751615524291992,
      26.760887145996094,
      26.125228881835938,
      25.187232971191406,
      24.738649368286133,
      26.695953369140625,
      29.727645874023438
    ],
    [
      13.141371726989746,
      8.103730201721191,
      9.308947563171387,
      4.694352626800537,
      11.407087326049805,
      13.88757038116455,
      22.205610275268555,
      21.859813690185547,
      28.168718338012695,
      32.0112419128418,
      31.751615524291992,
      37.740692138671875,
      22.544767379760742,
      23.504268646240234,
      20.88722801208496,
      21.447214126586914,
      22.570762634277344,
      25.812881469726562
    ],
    [
      6.887387275695801,
      -0.9913057088851929,
      9.150166511535645,
      7.674535274505615,
      16.387407302856445,
      14.851354598999023,
      24.11212921142578,
      17.16189956665039,
      23.35352897644043,
      20.366085052490234,
      26.760887145996094,
      22.544767379760742,
      34.88496780395508,
      30.639299392700195,
      33.06915283203125,
      32.11437225341797,
      31.219112396240234,
      29.02646255493164
    ],
    [
      7.081153392791748,
      -0.18081218004226685,
      9.029067993164062,
      6.630528450012207,
      14.780155181884766,
      14.995262145996094,
      22.662195205688477,
      18.567466735839844,
      22.1143798828125,
      22.130857467651367,
      26.125228881835938,
      23.504268646240234,
      30.639299392700195,
      34.489044189453125,
      33.33504867553711,
      34.49954605102539,
      32.41569900512695,
      31.61225128173828
    ],
    [
      10.185481071472168,
      0.4402506947517395,
      13.360734939575195,
      9.690498352050781,
      18.493268966674805,
      16.610639572143555,
      23.936471939086914,
      18.47673797607422,
      24.53365135192871,
      19.435434341430664,
      25.187232971191406,
      20.88722801208496,
      33.06915283203125,
      33.33504867553711,
      50.672279357910156,
      47.636898040771484,
      47.504459381103516,
      42.593833923339844
    ],
    [
      10.572607040405273,
      0.9979923367500305,
      12.928850173950195,
      8.40765380859375,
      18.21626091003418,
      16.573680877685547,
      23.56886863708496,
      19.600955963134766,
      24.89475440979004,
      20.950286865234375,
      24.738649368286133,
      21.447214126586914,
      32.11437225341797,
      34.49954605102539,
      47.636898040771484,
      54.51060104370117,
      48.14751052856445,
      45.638267517089844
    ],
    [
      9.12586498260498,
      -2.289999485015869,
      9.877829551696777,
      3.730404853820801,
      15.129508972167969,
      13.095653533935547,
      20.803863525390625,
      16.80575942993164,
      24.848947525024414,
      20.904062271118164,
      26.695953369140625,
      22.570762634277344,
      31.219112396240234,
      32.41569900512695,
      47.504459381103516,
      48.14751052856445,
      64.6775131225586,
      59.8166389465332
    ],
    [
      5.478724479675293,
      -5.18223762512207,
      4.203289031982422,
      -0.01640157960355282,
      11.927457809448242,
      11.255684852600098,
      20.400150299072266,
      17.881275177001953,
      28.794857025146484,
      24.66490936279297,
      29.727645874023438,
      25.812881469726562,
      29.02646255493164,
      31.61225128173828,
      42.593833923339844,
      45.638267517089844,
      59.8166389465332,
      68.52045440673828
    ]
  ],
  "damage": -6.875677108764648,
  "diff_bandwidth": 871.014892578125,
  "dissonance": 11.246765050767788,
  "drr": 3.058164596557617,
  "dynamics": 2.782705307006836,
  "format": 1245190,
  "frames": 6645696,
  "loudness": -9.49249267578125,
  "loudness_range": 10.218481063842773,
  "loudness_range_short": 12.705900192260742,
  "lowpass_true_peak_15khz": 0.25922492146492004,
  "mastering3_acoustic_entropies": [
    {
      "acoustic_entropy": 5.042318820953369,
      "acoustic_entropy_mono": 4.613736152648926,
      "band_eliminated_acoustic_entropies": [
        {
          "acoustic_entropy": 5.065512657165527,
          "acoustic_entropy_side": 5.043674945831299,
          "hz": 129.47220167065723
        },
        {
          "acoustic_entropy": 5.032097816467285,
          "acoustic_entropy_side": 5.052210330963135,
          "hz": 202.92927478742237
        },
        {
          "acoustic_entropy": 5.062983512878418,
          "acoustic_entropy_side": 4.977969169616699,
          "hz": 282.89161906338205
        },
        {
          "acoustic_entropy": 5.069453716278076,
          "acoustic_entropy_side": 4.977290153503418,
          "hz": 369.9353335868758
        },
        {
          "acoustic_entropy": 5.079405307769775,
          "acoustic_entropy_side": 4.967644214630127,
          "hz": 464.6875360973435
        },
        {
          "acoustic_entropy": 4.930429935455322,
          "acoustic_entropy_side": 5.022334098815918,
          "hz": 567.8308811364784
        },
        {
          "acoustic_entropy": 4.8896565437316895,
          "acoustic_entropy_side": 5.029903411865234,
          "hz": 680.1084783214808
        },
        {
          "acoustic_entropy": 5.048648357391357,
          "acoustic_entropy_side": 5.033934116363525,
          "hz": 802.3292461747484
        },
        {
          "acoustic_entropy": 5.15391206741333,
          "acoustic_entropy_side": 5.037388801574707,
          "hz": 935.3737400823702
        },
        {
          "acoustic_entropy": 4.927585601806641,
          "acoustic_entropy_side": 5.050196170806885,
          "hz": 1080.2004963696966
        },
        {
          "acoustic_entropy": 5.046942234039307,
          "acoustic_entropy_side": 5.049391746520996,
          "hz": 1237.8529382007157
        },
        {
          "acoustic_entropy": 5.139301776885986,
          "acoustic_entropy_side": 5.052221775054932,
          "hz": 1409.4668930556702
        },
        {
          "acoustic_entropy": 5.26913595199585,
          "acoustic_entropy_side": 5.043846130371094,
          "hz": 1596.2787759475705
        },
        {
          "acoustic_entropy": 5.200062274932861,
          "acoustic_entropy_side": 5.050107955932617,
          "hz": 1799.6344973346393
        },
        {
          "acoustic_entropy": 5.026981830596924,
          "acoustic_entropy_side": 5.053566932678223,
          "hz": 2020.9991599069049
        },
        {
          "acoustic_entropy": 4.985836505889893,
          "acoustic_entropy_side": 5.066503524780273,
          "hz": 2261.9676141086993
        },
        {
          "acoustic_entropy": 4.826788902282715,
          "acoustic_entropy_side": 5.099935054779053,
          "hz": 2524.2759484456974
        },
        {
          "acoustic_entropy": 4.981637001037598,
          "acoustic_entropy_side": 5.026587009429932,
          "hz": 2809.813997359896
        },
        {
          "acoustic_entropy": 5.0189924240112305,
          "acoustic_entropy_side": 5.027123928070068,
          "hz": 3120.6389567871424
        },
        {
          "acoustic_entropy": 5.029082775115967,
          "acoustic_entropy_side": 5.004602432250977,
          "hz": 3458.990205492291
        },
        {
          "acoustic_entropy": 5.072087287902832,
          "acoustic_entropy_side": 5.023390293121338,
          "hz": 3827.305438964164
        },
        {
          "acoustic_entropy": 5.097177982330322,
          "acoustic_entropy_side": 5.0487236976623535,
          "hz": 4228.238232109126
        },
        {
          "acoustic_entropy": 5.082428932189941,
          "acoustic_entropy_side": 5.054102420806885,
          "hz": 4664.6771572759235
        },
        {
          "acoustic_entropy": 5.016987323760986,
          "acoustic_entropy_side": 5.0125017166137695,
          "hz": 5139.766595350093
        },
        {
          "acoustic_entropy": 5.030313014984131,
          "acoustic_entropy_side": 5.003591537475586,
          "hz": 5656.929389854203
        },
        {
          "acoustic_entropy": 5.020636558532715,
          "acoustic_entropy_side": 5.008625030517578,
          "hz": 6219.891507268283
        },
        {
          "acoustic_entropy": 4.964626312255859,
          "acoustic_entropy_side": 4.977596759796143,
          "hz": 6832.70888123896
        },
        {
          "acoustic_entropy": 4.987687587738037,
          "acoustic_entropy_side": 5.003345012664795,
          "hz": 7499.796634079867
        },
        {
          "acoustic_entropy": 5.016047954559326,
          "acoustic_entropy_side": 5.016617298126221,
          "hz": 8225.96088609342
        },
        {
          "acoustic_entropy": 5.01772403717041,
          "acoustic_entropy_side": 5.019459247589111,
          "hz": 9016.43338188839
        },
        {
          "acoustic_entropy": 5.009263515472412,
          "acoustic_entropy_side": 5.028670310974121,
          "hz": 9876.909183162974
        },
        {
          "acoustic_entropy": 5.016843318939209,
          "acoustic_entropy_side": 5.0335235595703125,
          "hz": 10813.587699516042
        },
        {
          "acoustic_entropy": 5.0168023109436035,
          "acoustic_entropy_side": 5.034897804260254,
          "hz": 11833.21735289826
        },
        {
          "acoustic_entropy": 4.99713134765625,
          "acoustic_entropy_side": 5.035955429077148,
          "hz": 12943.144197493959
        },
        {
          "acoustic_entropy": 5.0094733238220215,
          "acoustic_entropy_side": 5.031090259552002,
          "hz": 14151.364845322005
        },
        {
          "acoustic_entropy": 5.023134231567383,
          "acoustic_entropy_side": 5.034580707550049,
          "hz": 15466.58407886509
        },
        {
          "acoustic_entropy": 5.033154487609863,
          "acoustic_entropy_side": 5.034832954406738,
          "hz": 16898.27756580493
        },
        {
          "acoustic_entropy": 5.0338521003723145,
          "acoustic_entropy_side": 5.039963245391846,
          "hz": 18456.760127700032
        },
        {
          "acoustic_entropy": 5.040719032287598,
          "acoustic_entropy_side": 5.041897773742676,
          "hz": 20153.260054456492
        },
        {
          "acoustic_entropy": 5.042208194732666,
          "acoustic_entropy_side": 5.042287826538086,
          "hz": 22000.00000000001
        }
      ],
      "diff_acoustic_entropy": 2.6067986488342285,
      "sn": 6
    },
    {
      "acoustic_entropy": 7.8647990226745605,
      "acoustic_entropy_mono": 8.028494834899902,
      "band_eliminated_acoustic_entropies": [
        {
          "acoustic_entropy": 7.984230995178223,
          "acoustic_entropy_side": 7.879278659820557,
          "hz": 129.47220167065723
        },
        {
          "acoustic_entropy": 7.800930500030518,
          "acoustic_entropy_side": 8.012965202331543,
          "hz": 202.92927478742237
        },
        {
          "acoustic_entropy": 8.005996704101562,
          "acoustic_entropy_side": 7.817084312438965,
          "hz": 282.89161906338205
        },
        {
          "acoustic_entropy": 7.8239898681640625,
          "acoustic_entropy_side": 7.6367363929748535,
          "hz": 369.9353335868758
        },
        {
          "acoustic_entropy": 7.9593000411987305,
          "acoustic_entropy_side": 7.724870204925537,
          "hz": 464.6875360973435
        },
        {
          "acoustic_entropy": 8.18244457244873,
          "acoustic_entropy_side": 7.795589447021484,
          "hz": 567.8308811364784
        },
        {
          "acoustic_entropy": 7.901468753814697,
          "acoustic_entropy_side": 7.897525787353516,
          "hz": 680.1084783214808
        },
        {
          "acoustic_entropy": 8.132740020751953,
          "acoustic_entropy_side": 7.865107536315918,
          "hz": 802.3292461747484
        },
        {
          "acoustic_entropy": 8.1032075881958,
          "acoustic_entropy_side": 7.863013744354248,
          "hz": 935.3737400823702
        },
        {
          "acoustic_entropy": 7.40304708480835,
          "acoustic_entropy_side": 7.799403667449951,
          "hz": 1080.2004963696966
        },
        {
          "acoustic_entropy": 8.066776275634766,
          "acoustic_entropy_side": 7.831570148468018,
          "hz": 1237.8529382007157
        },
        {
          "acoustic_entropy": 7.852745056152344,
          "acoustic_entropy_side": 7.84126615524292,
          "hz": 1409.4668930556702
        },
        {
          "acoustic_entropy": 8.044473648071289,
          "acoustic_entropy_side": 7.849959850311279,
          "hz": 1596.2787759475705
        },
        {
          "acoustic_entropy": 7.912548065185547,
          "acoustic_entropy_side": 7.862186908721924,
          "hz": 1799.6344973346393
        },
        {
          "acoustic_entropy": 8.101412773132324,
          "acoustic_entropy_side": 7.863437652587891,
          "hz": 2020.9991599069049
        },
        {
          "acoustic_entropy": 7.95442008972168,
          "acoustic_entropy_side": 7.871206283569336,
          "hz": 2261.9676141086993
        },
        {
          "acoustic_entropy": 7.943884372711182,
          "acoustic_entropy_side": 7.915372371673584,
          "hz": 2524.2759484456974
        },
        {
          "acoustic_entropy": 7.97548246383667,
          "acoustic_entropy_side": 7.87132453918457,
          "hz": 2809.813997359896
        },
        {
          "acoustic_entropy": 7.91524600982666,
          "acoustic_entropy_side": 7.8896484375,
          "hz": 3120.6389567871424
        },
        {
          "acoustic_entropy": 7.875059127807617,
          "acoustic_entropy_side": 7.909342288970947,
          "hz": 3458.990205492291
        },
        {
          "acoustic_entropy": 8.16186237335205,
          "acoustic_entropy_side": 8.023117065429688,
          "hz": 3827.305438964164
        },
        {
          "acoustic_entropy": 7.843444347381592,
          "acoustic_entropy_side": 7.86907434463501,
          "hz": 4228.238232109126
        },
        {
          "acoustic_entropy": 7.854231357574463,
          "acoustic_entropy_side": 7.860413074493408,
          "hz": 4664.6771572759235
        },
        {
          "acoustic_entropy": 8.015076637268066,
          "acoustic_entropy_side": 7.9399542808532715,
          "hz": 5139.766595350093
        },
        {
          "acoustic_entropy": 7.937767505645752,
          "acoustic_entropy_side": 7.91301155090332,
          "hz": 5656.929389854203
        },
        {
          "acoustic_entropy": 7.92889928817749,
          "acoustic_entropy_side": 7.914614677429199,
          "hz": 6219.891507268283
        },
        {
          "acoustic_entropy": 7.979758262634277,
          "acoustic_entropy_side": 7.943811416625977,
          "hz": 6832.70888123896
        },
        {
          "acoustic_entropy": 7.937371730804443,
          "acoustic_entropy_side": 7.885581016540527,
          "hz": 7499.796634079867
        },
        {
          "acoustic_entropy": 7.883203983306885,
          "acoustic_entropy_side": 7.865405082702637,
          "hz": 8225.96088609342
        },
        {
          "acoustic_entropy": 7.837677955627441,
          "acoustic_entropy_side": 7.869636535644531,
          "hz": 9016.43338188839
        },
        {
          "acoustic_entropy": 7.726106643676758,
          "acoustic_entropy_side": 7.851436138153076,
          "hz": 9876.909183162974
        },
        {
          "acoustic_entropy": 7.804678440093994,
          "acoustic_entropy_side": 7.845177173614502,
          "hz": 10813.587699516042
        },
        {
          "acoustic_entropy": 7.787644863128662,
          "acoustic_entropy_side": 7.839241027832031,
          "hz": 11833.21735289826
        },
        {
          "acoustic_entropy": 7.8182692527771,
          "acoustic_entropy_side": 7.8551225662231445,
          "hz": 12943.144197493959
        },
        {
          "acoustic_entropy": 7.830628871917725,
          "acoustic_entropy_side": 7.851034164428711,
          "hz": 14151.364845322005
        },
        {
          "acoustic_entropy": 7.875123500823975,
          "acoustic_entropy_side": 7.875869274139404,
          "hz": 15466.58407886509
        },
        {
          "acoustic_entropy": 7.892158031463623,
          "acoustic_entropy_side": 7.8813886642456055,
          "hz": 16898.27756580493
        },
        {
          "acoustic_entropy": 7.879084587097168,
          "acoustic_entropy_side": 7.873176097869873,
          "hz": 18456.760127700032
        },
        {
          "acoustic_entropy": 7.86723518371582,
          "acoustic_entropy_side": 7.866057872772217,
          "hz": 20153.260054456492
        },
        {
          "acoustic_entropy": 7.86492395401001,
          "acoustic_entropy_side": 7.864886283874512,
          "hz": 22000.00000000001
        }
      ],
      "diff_acoustic_entropy": 4.947192192077637,
      "sn": 12
    },
    {
      "acoustic_entropy": 13.36823558807373,
      "acoustic_entropy_mono": 12.317346572875977,
      "band_eliminated_acoustic_entropies": [
        {
          "acoustic_entropy": 12.779154777526855,
          "acoustic_entropy_side": 13.108949661254883,
          "hz": 129.47220167065723
        },
        {
          "acoustic_entropy": 12.605265617370605,
          "acoustic_entropy_side": 12.944339752197266,
          "hz": 202.92927478742237
        },
        {
          "acoustic_entropy": 13.230192184448242,
          "acoustic_entropy_side": 13.184993743896484,
          "hz": 282.89161906338205
        },
        {
          "acoustic_entropy": 13.427791595458984,
          "acoustic_entropy_side": 13.243229866027832,
          "hz": 369.9353335868758
        },
        {
          "acoustic_entropy": 12.797804832458496,
          "acoustic_entropy_side": 13.030570983886719,
          "hz": 464.6875360973435
        },
        {
          "acoustic_entropy": 13.145196914672852,
          "acoustic_entropy_side": 13.41455364227295,
          "hz": 567.8308811364784
        },
        {
          "acoustic_entropy": 13.16781997680664,
          "acoustic_entropy_side": 13.284273147583008,
          "hz": 680.1084783214808
        },
        {
          "acoustic_entropy": 13.518694877624512,
          "acoustic_entropy_side": 13.392074584960938,
          "hz": 802.3292461747484
        },
        {
          "acoustic_entropy": 13.456207275390625,
          "acoustic_entropy_side": 13.410375595092773,
          "hz": 935.3737400823702
        },
        {
          "acoustic_entropy": 12.999992370605469,
          "acoustic_entropy_side": 13.293867111206055,
          "hz": 1080.2004963696966
        },
        {
          "acoustic_entropy": 13.232173919677734,
          "acoustic_entropy_side": 13.299395561218262,
          "hz": 1237.8529382007157
        },
        {
          "acoustic_entropy": 13.03565788269043,
          "acoustic_entropy_side": 13.132856369018555,
          "hz": 1409.4668930556702
        },
        {
          "acoustic_entropy": 13.212935447692871,
          "acoustic_entropy_side": 13.290689468383789,
          "hz": 1596.2787759475705
        },
        {
          "acoustic_entropy": 13.24735164642334,
          "acoustic_entropy_side": 13.244062423706055,
          "hz": 1799.6344973346393
        },
        {
          "acoustic_entropy": 13.479602813720703,
          "acoustic_entropy_side": 13.388895034790039,
          "hz": 2020.9991599069049
        },
        {
          "acoustic_entropy": 13.27501106262207,
          "acoustic_entropy_side": 13.332433700561523,
          "hz": 2261.9676141086993
        },
        {
          "acoustic_entropy": 13.26064682006836,
          "acoustic_entropy_side": 13.342741966247559,
          "hz": 2524.2759484456974
        },
        {
          "acoustic_entropy": 13.275318145751953,
          "acoustic_entropy_side": 13.384946823120117,
          "hz": 2809.813997359896
        },
        {
          "acoustic_entropy": 13.47675609588623,
