{
  "acoustic_entropy": 206.8008575439453,
  "bands": [
    {
      "high_freq": 148.1999969482422,
      "loudness": -37.81018829345703,
      "loudness_range": 15.477828979492188,
      "mid_mean": -34.8399658203125,
      "mid_to_side_loudness": -9.96578598022461,
      "mid_to_side_loudness_range": 16.037160873413086,
      "side_mean": -44.785552978515625
    },
    {
      "high_freq": 392.3793640136719,
      "loudness": -32.81142807006836,
      "loudness_range": 14.094600677490234,
      "low_freq": 148.1999969482422,
      "mid_mean": -31.06934928894043,
      "mid_to_side_loudness": -4.656018257141113,
      "mid_to_side_loudness_range": 16.909963607788086,
      "side_mean": -35.655548095703125
    },
    {
      "high_freq": 794.6976318359375,
      "loudness": -33.675193786621094,
      "loudness_range": 18.190410614013672,
      "low_freq": 392.3793640136719,
      "mid_mean": -32.70576477050781,
      "mid_to_side_loudness": -3.0241832733154297,
      "mid_to_side_loudness_range": 19.665294647216797,
      "side_mean": -35.50523376464844
    },
    {
      "high_freq": 1457.5709228515625,
      "loudness": -34.093135833740234,
      "loudness_range": 16.849634170532227,
      "low_freq": 794.6976318359375,
      "mid_mean": -33.11042404174805,
      "mid_to_side_loudness": -2.30302357673645,
      "mid_to_side_loudness_range": 16.257015228271484,
      "side_mean": -35.32322311401367
    },
    {
      "high_freq": 2549.74365234375,
      "loudness": -29.686460494995117,
      "loudness_range": 19.02691650390625,
      "low_freq": 1457.5709228515625,
      "mid_mean": -28.626386642456055,
      "mid_to_side_loudness": -2.01715350151062,
      "mid_to_side_loudness_range": 13.04157829284668,
      "side_mean": -30.449996948242188
    },
    {
      "high_freq": 4349.24462890625,
      "loudness": -33.89025115966797,
      "loudness_range": 24.389408111572266,
      "low_freq": 2549.74365234375,
      "mid_mean": -32.803871154785156,
      "mid_to_side_loudness": -2.332188367843628,
      "mid_to_side_loudness_range": 13.959370613098145,
      "side_mean": -34.25273895263672
    },
    {
      "high_freq": 7314.1640625,
      "loudness": -41.40089797973633,
      "loudness_range": 29.995920181274414,
      "low_freq": 4349.24462890625,
      "mid_mean": -40.542579650878906,
      "mid_to_side_loudness": -0.9233016967773438,
      "mid_to_side_loudness_range": 7.840122222900391,
      "side_mean": -41.53379440307617
    },
    {
      "high_freq": 12199.2666015625,
      "loudness": -56.79671859741211,
      "loudness_range": 28.765796661376953,
      "low_freq": 7314.1640625,
      "mid_mean": -55.82453155517578,
      "mid_to_side_loudness": 0.45118725299835205,
      "mid_to_side_loudness_range": 5.762536525726318,
      "side_mean": -55.453102111816406
    },
    {
      "loudness": -65.69355010986328,
      "loudness_range": 14.814956665039062,
      "low_freq": 12199.2666015625,
      "mid_mean": -64.09953308105469,
      "mid_to_side_loudness": 1.52114999294281,
      "mid_to_side_loudness_range": 5.3374924659729,
      "side_mean": -62.884395599365234
    }
  ],
  "bands_short": [
    {
      "high_freq": 148.1999969482422,
      "loudness": -44.144432067871094,
      "loudness_range": 16.336559295654297,
      "mid_mean": -41.66255187988281,
      "mid_to_side_loudness": -8.077781677246094,
      "mid_to_side_loudness_range": 19.387432098388672,
      "side_mean": -49.83961868286133
    },
    {
      "high_freq": 392.3793640136719,
      "loudness": -31.996553421020508,
      "loudness_range": 13.623693466186523,
      "low_freq": 148.1999969482422,
      "mid_mean": -29.795711517333984,
      "mid_to_side_loudness": -6.573905944824219,
      "mid_to_side_loudness_range": 17.85040283203125,
      "side_mean": -36.3097038269043
    },
    {
      "high_freq": 794.6976318359375,
      "loudness": -34.00905990600586,
      "loudness_range": 18.831907272338867,
      "low_freq": 392.3793640136719,
      "mid_mean": -33.26112747192383,
      "mid_to_side_loudness": -2.9536571502685547,
      "mid_to_side_loudness_range": 22.098241806030273,
      "side_mean": -35.942562103271484
    },
    {
      "high_freq": 1457.5709228515625,
      "loudness": -34.66602325439453,
      "loudness_range": 18.743656158447266,
      "low_freq": 794.6976318359375,
      "mid_mean": -33.7442741394043,
      "mid_to_side_loudness": -2.2485415935516357,
      "mid_to_side_loudness_range": 16.830066680908203,
      "side_mean": -35.85297393798828
    },
    {
      "high_freq": 2549.74365234375,
      "loudness": -30.491878509521484,
      "loudness_range": 19.94994354248047,
      "low_freq": 1457.5709228515625,
      "mid_mean": -29.4278621673584,
      "mid_to_side_loudness": -2.1482436656951904,
      "mid_to_side_loudness_range": 13.955286026000977,
      "side_mean": -31.296951293945312
    },
    {
      "high_freq": 4349.24462890625,
      "loudness": -34.60188293457031,
      "loudness_range": 26.1853084564209,
      "low_freq": 2549.74365234375,
      "mid_mean": -33.549400329589844,
      "mid_to_side_loudness": -2.5003678798675537,
      "mid_to_side_loudness_range": 14.661800384521484,
      "side_mean": -35.05817413330078
    },
    {
      "high_freq": 7314.1640625,
      "loudness": -43.20309066772461,
      "loudness_range": 31.340429306030273,
      "low_freq": 4349.24462890625,
      "mid_mean": -42.44472122192383,
      "mid_to_side_loudness": -0.9478211402893066,
      "mid_to_side_loudness_range": 8.683470726013184,
      "side_mean": -43.4647216796875
    },
    {
      "high_freq": 12199.2666015625,
      "loudness": -58.679962158203125,
      "loudness_range": 27.75756072998047,
      "low_freq": 7314.1640625,
      "mid_mean": -57.56550979614258,
      "mid_to_side_loudness": 0.45875284075737,
      "mid_to_side_loudness_range": 6.494075298309326,
      "side_mean": -57.200538635253906
    },
    {
      "loudness": -66.49809265136719,
      "loudness_range": 13.019630432128906,
      "low_freq": 12199.2666015625,
      "mid_mean": -64.70767974853516,
      "mid_to_side_loudness": 1.5020567178726196,
      "mid_to_side_loudness_range": 5.77994966506958,
      "side_mean": -63.5291862487793
    }
  ],
  "bandwidth": 1048.6805419921875,
  "channels": 2,
  "covariance": [
    [
      30.26454734802246,
      10.122978210449219,
      7.48405122756958,
      -3.3334550857543945,
      7.633101463317871,
      -4.554714679718018,
      6.243901252746582,
      -0.7880286574363708,
      2.5014965534210205,
      -3.315647840499878,
      1.9081670045852661,
      -4.11168909072876,
      -4.235329627990723,
      -6.3111138343811035,
      -3.771655559539795,
      -3.1728897094726562,
      0.5200814604759216,
      2.7835521697998047
    ],
    [
      10.122978210449219,
      21.895475387573242,
      5.126002788543701,
      17.112855911254883,
      8.69730281829834,
      21.398225784301758,
      10.180707931518555,
      22.23048973083496,
      13.110459327697754,
      23.016094207763672,
      17.818645477294922,
      23.967578887939453,
      17.85723114013672,
      23.542644500732422,
      7.477073669433594,
      8.12231731414795,
      -1.4699674844741821,
      -4.123743057250977
    ],
    [
      7.48405122756958,
      5.126002788543701,
      24.180328369140625,
      17.72947120666504,
      18.863882064819336,
      11.63879108428955,
      20.194196701049805,
      15.208263397216797,
      20.77838706970215,
      14.978285789489746,
      22.49137306213379,
      12.98314094543457,
      19.642887115478516,
      17.380582809448242,
      13.154132843017578,
      13.302937507629395,
      2.5914435386657715,
      4.461302280426025
    ],
    [
      -3.3334550857543945,
      17.112855911254883,
      17.72947120666504,
      46.95927429199219,
      16.108232498168945,
      40.94437026977539,
      24.24286460876465,
      44.77040481567383,
      31.8519287109375,
      47.48031234741211,
      42.008323669433594,
      49.73652267456055,
      45.893333435058594,
      54.57051467895508,
      27.321863174438477,
      27.332275390625,
      -0.10842692852020264,
      -4.963551044464111
    ],
    [
      7.633101463317871,
      8.69730281829834,
      18.863882064819336,
      16.108232498168945,
      37.044673919677734,
      29.79944610595703,
      29.069446563720703,
      23.792083740234375,
      29.078767776489258,
      24.4979248046875,
      31.69949722290039,
      25.69936180114746,
      36.80342102050781,
      36.15546798706055,
      33.51706314086914,
      33.76677703857422,
      11.899335861206055,
      14.0460205078125
    ],
    [
      -4.554714679718018,
      21.398225784301758,
      11.63879108428955,
      40.94437026977539,
      29.79944610595703,
      70.64034271240234,
      31.87323760986328,
      59.729736328125,
      41.215030670166016,
      63.0941047668457,
      57.84677505493164,
      72.27985382080078,
      68.88671875,
      81.04852294921875,
      45.18656539916992,
      46.395530700683594,
      5.518938064575195,
      -0.15833158791065216
    ],
    [
      6.243901252746582,
      10.180707931518555,
      20.194196701049805,
      24.24286460876465,
      29.069446563720703,
      31.87323760986328,
      31.7172908782959,
      30.928977966308594,
      31.716848373413086,
      32.108665466308594,
      36.891937255859375,
      33.00186538696289,
      39.61857986450195,
      40.75712203979492,
      29.018983840942383,
      29.554872512817383,
      7.2498273849487305,
      7.578751087188721
    ],
    [
      -0.7880286574363708,
      22.23048973083496,
      15.208263397216797,
      44.77040481567383,
      23.792083740234375,
      59.729736328125,
      30.928977966308594,
      62.24171829223633,
      40.27171325683594,
      63.644779205322266,
      55.943424224853516,
      68.28996276855469,
      61.76954650878906,
      73.8457260131836,
      35.93799591064453,
      36.964599609375,
      1.3076351881027222,
      -4.631156921386719
    ],
    [
      2.5014965534210205,
      13.110459327697754,
      20.77838706970215,
      31.8519287109375,
      29.078767776489258,
      41.215030670166016,
      31.716848373413086,
      40.27171325683594,
      39.04646301269531,
      45.174041748046875,
      47.33760452270508,
      46.66343307495117,
      51.00189971923828,
      55.52376174926758,
      33.90666580200195,
      34.2859992980957,
      5.963691711425781,
      4.514911651611328
    ],
    [
      -3.315647840499878,
      23.016094207763672,
      14.978285789489746,
      47.48031234741211,
      24.4979248046875,
      63.0941047668457,
      32.108665466308594,
      63.644779205322266,
      45.174041748046875,
      73.88862609863281,
      62.241050720214844,
      76.03524017333984,
      69.41290283203125,
      82.991943359375,
      38.87446212768555,
      40.272850036621094,
      1.0576306581497192,
      -5.448183536529541
    ],
    [
      1.9081670045852661,
      17.818645477294922,
      22.49137306213379,
      42.008323669433594,
      31.69949722290039,
      57.84677505493164,
      36.891937255859375,
      55.943424224853516,
      47.33760452270508,
      62.241050720214844,
      67.51045227050781,
      69.39640808105469,
      72.26508331298828,
      80.6550521850586,
      45.22450256347656,
      45.69554138183594,
      5.502941608428955,
      1.7897452116012573
    ],
    [
      -4.11168909072876,
      23.967578887939453,
      12.98314094543457,
      49.73652267456055,
      25.69936180114746,
      72.27985382080078,
      33.00186538696289,
      68.28996276855469,
      46.66343307495117,
      76.03524017333984,
      69.39640808105469,
      98.93854522705078,
      82.80414581298828,
      98.72003173828125,
      51.16301727294922,
      52.019195556640625,
      3.9688689708709717,
      -3.6745784282684326
    ],
    [
      -4.235329627990723,
      17.85723114013672,
      19.642887115478516,
      45.893333435058594,
      36.80342102050781,
      68.88671875,
      39.61857986450195,
      61.76954650878906,
      51.00189971923828,
      69.41290283203125,
      72.26508331298828,
      82.80414581298828,
      100.2763671875,
      106.91571807861328,
      69.09974670410156,
      68.50579071044922,
      13.300177574157715,
      8.502480506896973
    ],
    [
      -6.3111138343811035,
      23.542644500732422,
      17.380582809448242,
      54.57051467895508,
      36.15546798706055,
      81.04852294921875,
      40.75712203979492,
      73.8457260131836,
      55.52376174926758,
      82.991943359375,
      80.6550521850586,
      98.72003173828125,
      106.91571807861328,
      125.17794799804688,
      72.65000915527344,
      73.5506362915039,
      11.206830978393555,
      4.41888952255249
    ],
    [
      -3.771655559539795,
      7.477073669433594,
      13.154132843017578,
      27.321863174438477,
      33.51706314086914,
      45.18656539916992,
      29.018983840942383,
      35.93799591064453,
      33.90666580200195,
      38.87446212768555,
      45.22450256347656,
      51.16301727294922,
      69.09974670410156,
      72.65000915527344,
      73.20236206054688,
      70.5068359375,
      22.82228660583496,
      21.7490177154541
    ],
    [
      -3.1728897094726562,
      8.12231731414795,
      13.302937507629395,
      27.332275390625,
      33.76677703857422,
      46.395530700683594,
      29.554872512817383,
      36.964599609375,
      34.2859992980957,
      40.272850036621094,
      45.69554138183594,
      52.019195556640625,
      68.50579071044922,
      73.5506362915039,
      70.5068359375,
      71.07073974609375,
      21.750429153442383,
      21.092517852783203
    ],
    [
      0.5200814604759216,
      -1.4699674844741821,
      2.5914435386657715,
      -0.10842692852020264,
      11.899335861206055,
      5.518938064575195,
      7.2498273849487305,
      1.3076351881027222,
      5.963691711425781,
      1.0576306581497192,
      5.502941608428955,
      3.9688689708709717,
      13.300177574157715,
      11.206830978393555,
      22.82228660583496,
      21.750429153442383,
      14.118212699890137,
      15.404550552368164
    ],
    [
      2.7835521697998047,
      -4.123743057250977,
      4.461302280426025,
      -4.963551044464111,
      14.0460205078125,
      -0.15833158791065216,
      7.578751087188721,
      -4.631156921386719,
      4.514911651611328,
      -5.448183536529541,
      1.7897452116012573,
      -3.6745784282684326,
      8.502480506896973,
      4.41888952255249,
      21.7490177154541,
      21.092517852783203,
      15.404550552368164,
      19.141931533813477
    ]
  ],
  "covariance_short": [
    [
      40.49754333496094,
      9.617624282836914,
      16.626195907592773,
      5.736324787139893,
      12.049087524414062,
      -1.0542371273040771,
      11.614989280700684,
      4.348112106323242,
      7.15771484375,
      1.2478033304214478,
      5.440532684326172,
      1.7535353899002075,
      1.9696005582809448,
      -0.4238533675670624,
      1.665228247642517,
      2.243438482284546,
      2.4348034858703613,
      4.743005752563477
    ],
    [
      9.617624282836914,
      27.483457565307617,
      6.521291255950928,
      22.044677734375,
      10.36296272277832,
      28.768421173095703,
      14.763952255249023,
      29.714170455932617,
      17.68731689453125,
      30.52667236328125,
      26.14115333557129,
      34.026458740234375,
      26.883445739746094,
      33.5704460144043,
      11.237844467163086,
      11.967100143432617,
      -1.8247407674789429,
      -5.150123596191406
    ],
    [
      16.626195907592773,
      6.521291255950928,
      24.469850540161133,
      13.785482406616211,
      17.57811164855957,
      8.772695541381836,
      18.235654830932617,
      13.225266456604004,
      16.83426856994629,
      11.032242774963379,
      18.176881790161133,
      10.33865737915039,
      15.710670471191406,
      12.971176147460938,
      9.546833992004395,
      9.860467910766602,
      2.7501816749572754,
      4.8055500984191895
    ],
    [
      5.736324787139893,
      22.044677734375,
      13.785482406616211,
      43.57741928100586,
      17.16269302368164,
      40.61174774169922,
      25.3429012298584,
      43.577117919921875,
      29.71332550048828,
      43.78902053833008,
      39.77888107299805,
      47.1366081237793,
      43.57939529418945,
      51.16302490234375,
      22.778600692749023,
      22.88071060180664,
      -0.9035651683807373,
      -5.100278854370117
    ],
    [
      12.049087524414062,
      10.36296272277832,
      17.57811164855957,
      17.16269302368164,
      40.36933135986328,
      31.416284561157227,
      32.28834533691406,
      24.959604263305664,
      30.15411949157715,
      24.559072494506836,
      33.84518814086914,
      27.256349563598633,
      38.8237190246582,
      37.257625579833984,
      31.50644302368164,
      31.642879486083984,
      9.529892921447754,
      11.783363342285156
    ],
    [
      -1.0542371273040771,
      28.768421173095703,
      8.772695541381836,
      40.61174774169922,
      31.416284561157227,
      78.91687774658203,
      37.6187629699707,
      62.91804885864258,
      43.3479118347168,
      64.42474365234375,
      62.03812789916992,
      75.82804107666016,
      71.99322509765625,
      84.00470733642578,
      40.90145492553711,
      42.15214538574219,
      1.3943846225738525,
      -4.651003837585449
    ],
    [
      11.614989280700684,
      14.763952255249023,
      18.235654830932617,
      25.3429012298584,
      32.28834533691406,
      37.6187629699707,
      39.62714385986328,
      36.05831527709961,
      35.37791061401367,
      35.465755462646484,
      41.89339065551758,
      38.112342834472656,
      46.33816909790039,
      47.06907272338867,
      30.57862663269043,
      31.210681915283203,
      6.61937952041626,
      6.9568963050842285
    ],
    [
      4.348112106323242,
      29.714170455932617,
      13.225266456604004,
      43.577117919921875,
      24.959604263305664,
      62.91804885864258,
      36.05831527709961,
      66.2718276977539,
      41.529327392578125,
      63.86906433105469,
      59.12016296386719,
      70.909423828125,
      64.16586303710938,
      75.61705780029297,
      32.78080368041992,
      33.94468688964844,
      -0.704450786113739,
      -6.56014347076416
    ],
    [
      7.15771484375,
      17.68731689453125,
      16.83426856994629,
      29.71332550048828,
      30.15411949157715,
      43.3479118347168,
      35.37791061401367,
      41.529327392578125,
      41.69095993041992,
      46.091796875,
      49.32057189941406,
      47.58263397216797,
      53.522918701171875,
      57.217735290527344,
      31.53429412841797,
      32.031944274902344,
      4.514843463897705,
      3.2497763633728027
    ],
    [
      1.2478033304214478,
      30.52667236328125,
      11.032242774963379,
      43.78902053833008,
      24.559072494506836,
      64.42474365234375,
      35.465755462646484,
      63.86906433105469,
      46.091796875,
      75.06766510009766,
      63.508907318115234,
      76.15843963623047,
      70.11995697021484,
      82.8508529663086,
      33.70777130126953,
      35.00992965698242,
      -1.313889503479004,
      -7.824527740478516
    ],
    [
      5.440532684326172,
      26.14115333557129,
      18.176881790161133,
      39.77888107299805,
      33.84518814086914,
      62.03812789916992,
      41.89339065551758,
      59.12016296386719,
      49.32057189941406,
      63.508907318115234,
      71.9610366821289,
      72.29973602294922,
      76.36863708496094,
      84.139892578125,
      43.31497573852539,
      43.90253829956055,
      4.475686073303223,
      0.7414382100105286
    ],
    [
      1.7535353899002075,
      34.026458740234375,
      10.33865737915039,
      47.1366081237793,
      27.256349563598633,
      75.82804107666016,
      38.112342834472656,
      70.909423828125,
      47.58263397216797,
      76.15843963623047,
      72.29973602294922,
      103.20394134521484,
      84.68621063232422,
      100.01838684082031,
      46.612308502197266,
      47.51015090942383,
      1.1125681400299072,
      -6.632472515106201
    ],
    [
      1.9696005582809448,
      26.883445739746094,
      15.710670471191406,
      43.57939529418945,
      38.8237190246582,
      71.99322509765625,
      46.33816909790039,
      64.16586303710938,
      53.522918701171875,
      70.11995697021484,
      76.36863708496094,
      84.68621063232422,
      104.73014831542969,
      109.62449645996094,
      65.23614501953125,
      64.44959259033203,
      10.228767395019531,
      5.702071189880371
    ],
    [
      -0.4238533675670624,
      33.5704460144043,
      12.971176147460938,
      51.16302490234375,
      37.257625579833984,
      84.00470733642578,
      47.06907272338867,
      75.61705780029297,
      57.217735290527344,
      82.8508529663086,
      84.139892578125,
      100.01838684082031,
      109.62449645996094,
      126.8817367553711,
      66.5866928100586,
      67.44821166992188,
      7.1685004234313965,
      0.5025604963302612
    ],
    [
      1.665228247642517,
      11.237844467163086,
      9.546833992004395,
      22.778600692749023,
      31.50644302368164,
      40.90145492553711,
      30.57862663269043,
      32.78080368041992,
      31.53429412841797,
      33.70777130126953,
      43.31497573852539,
      46.612308502197266,
      65.23614501953125,
      66.5866928100586,
      67.30643463134766,
      64.14417266845703,
      18.495826721191406,
      18.130935668945312
    ],
    [
      2.243438482284546,
      11.967100143432617,
      9.860467910766602,
      22.88071060180664,
      31.642879486083984,
      42.15214538574219,
      31.210681915283203,
      33.94468688964844,
      32.031944274902344,
      35.00992965698242,
      43.90253829956055,
      47.51015090942383,
      64.44959259033203,
      67.44821166992188,
      64.14417266845703,
      65.11802673339844,
      17.482328414916992,
      17.521717071533203
    ],
    [
      2.4348034858703613,
      -1.8247407674789429,
      2.7501816749572754,
      -0.9035651683807373,
      9.529892921447754,
      1.3943846225738525,
      6.61937952041626,
      -0.704450786113739,
      4.514843463897705,
      -1.313889503479004,
      4.475686073303223,
      1.1125681400299072,
      10.228767395019531,
      7.1685004234313965,
      18.495826721191406,
      17.482328414916992,
      12.132287979125977,
      13.550877571105957
    ],
    [
      4.743005752563477,
      -5.150123596191406,
      4.8055500984191895,
      -5.100278854370117,
      11.783363342285156,
      -4.651003837585449,
      6.9568963050842285,
      -6.56014347076416,
      3.2497763633728027,
      -7.824527740478516,
      0.7414382100105286,
      -6.632472515106201,
      5.702071189880371,
      0.5025604963302612,
      18.130935668945312,
      17.521717071533203,
      13.550877571105957,
      17.67561149597168
    ]
  ],
  "damage": -15.148552894592285,
  "diff_bandwidth": 1124.1182861328125,
  "dissonance": 8.00607732673419,
  "drr": 4.665748119354248,
  "dynamics": 5.014382362365723,
  "format": 1245190,
  "frames": 29482944,
  "loudness": -20.393653869628906,
  "loudness_range": 15.084654808044434,
  "loudness_range_short": 16.788036346435547,
  "lowpass_true_peak_15khz": -1.5405153036117554,
  "mastering3_acoustic_entropies": [
    {
      "acoustic_entropy": 5.825778484344482,
      "acoustic_entropy_mono": 4.259610652923584,
      "band_eliminated_acoustic_entropies": [
        {
          "acoustic_entropy": 5.816536903381348,
          "acoustic_entropy_side": 5.825708389282227,
          "hz": 129.47220167065723
        },
        {
          "acoustic_entropy": 5.727915287017822,
          "acoustic_entropy_side": 5.816439151763916,
          "hz": 202.92927478742237
        },
        {
          "acoustic_entropy": 5.898928165435791,
          "acoustic_entropy_side": 5.821054935455322,
          "hz": 282.89161906338205
        },
        {
          "acoustic_entropy": 5.8331379890441895,
          "acoustic_entropy_side": 5.910752296447754,
          "hz": 369.9353335868758
        },
        {
          "acoustic_entropy": 5.558379173278809,
          "acoustic_entropy_side": 5.645259857177734,
          "hz": 464.6875360973435
        },
        {
          "acoustic_entropy": 5.9383955001831055,
          "acoustic_entropy_side": 5.6310272216796875,
          "hz": 567.8308811364784
        },
        {
          "acoustic_entropy": 5.596625328063965,
          "acoustic_entropy_side": 5.531832695007324,
          "hz": 680.1084783214808
        },
        {
          "acoustic_entropy": 5.842687606811523,
          "acoustic_entropy_side": 5.7381439208984375,
          "hz": 802.3292461747484
        },
        {
          "acoustic_entropy": 5.923372745513916,
          "acoustic_entropy_side": 5.817868709564209,
          "hz": 935.3737400823702
        },
        {
          "acoustic_entropy": 5.990260601043701,
          "acoustic_entropy_side": 5.878953456878662,
          "hz": 1080.2004963696966
        },
        {
          "acoustic_entropy": 5.913503646850586,
          "acoustic_entropy_side": 5.828876972198486,
          "hz": 1237.8529382007157
        },
        {
          "acoustic_entropy": 6.128018379211426,
          "acoustic_entropy_side": 6.024990081787109,
          "hz": 1409.4668930556702
        },
        {
          "acoustic_entropy": 5.895918846130371,
          "acoustic_entropy_side": 5.888932704925537,
          "hz": 1596.2787759475705
        },
        {
          "acoustic_entropy": 5.129186153411865,
          "acoustic_entropy_side": 5.18841552734375,
          "hz": 1799.6344973346393
        },
        {
          "acoustic_entropy": 5.92863655090332,
          "acoustic_entropy_side": 5.902745246887207,
          "hz": 2020.9991599069049
        },
        {
          "acoustic_entropy": 5.981420516967773,
          "acoustic_entropy_side": 5.916727066040039,
          "hz": 2261.9676141086993
        },
        {
          "acoustic_entropy": 5.693068981170654,
          "acoustic_entropy_side": 5.762862205505371,
          "hz": 2524.2759484456974
        },
        {
          "acoustic_entropy": 5.187733173370361,
          "acoustic_entropy_side": 5.288127422332764,
          "hz": 2809.813997359896
        },
        {
          "acoustic_entropy": 5.969438552856445,
          "acoustic_entropy_side": 5.850215911865234,
          "hz": 3120.6389567871424
        },
        {
          "acoustic_entropy": 5.876047134399414,
          "acoustic_entropy_side": 5.895010948181152,
          "hz": 3458.990205492291
        },
        {
          "acoustic_entropy": 5.703553676605225,
          "acoustic_entropy_side": 5.776504039764404,
          "hz": 3827.305438964164
        },
        {
          "acoustic_entropy": 5.800947666168213,
          "acoustic_entropy_side": 5.837660312652588,
          "hz": 4228.238232109126
        },
        {
          "acoustic_entropy": 5.705605506896973,
          "acoustic_entropy_side": 5.755369663238525,
          "hz": 4664.6771572759235
        },
        {
          "acoustic_entropy": 5.776891231536865,
          "acoustic_entropy_side": 5.8280510902404785,
          "hz": 5139.766595350093
        },
        {
          "acoustic_entropy": 5.624632835388184,
          "acoustic_entropy_side": 5.667638778686523,
          "hz": 5656.929389854203
        },
        {
          "acoustic_entropy": 5.624054908752441,
          "acoustic_entropy_side": 5.686023712158203,
          "hz": 6219.891507268283
        },
        {
          "acoustic_entropy": 5.681936264038086,
          "acoustic_entropy_side": 5.725785255432129,
          "hz": 6832.70888123896
        },
        {
          "acoustic_entropy": 5.7184906005859375,
          "acoustic_entropy_side": 5.763816833496094,
          "hz": 7499.796634079867
        },
        {
          "acoustic_entropy": 5.779258728027344,
          "acoustic_entropy_side": 5.800966262817383,
          "hz": 8225.96088609342
        },
        {
          "acoustic_entropy": 5.794130802154541,
          "acoustic_entropy_side": 5.805922031402588,
          "hz": 9016.43338188839
        },
        {
          "acoustic_entropy": 5.805627822875977,
          "acoustic_entropy_side": 5.815288543701172,
          "hz": 9876.909183162974
        },
        {
          "acoustic_entropy": 5.812661170959473,
          "acoustic_entropy_side": 5.818816661834717,
          "hz": 10813.587699516042
        },
        {
          "acoustic_entropy": 5.817820072174072,
          "acoustic_entropy_side": 5.821272850036621,
          "hz": 11833.21735289826
        },
        {
          "acoustic_entropy": 5.8222808837890625,
          "acoustic_entropy_side": 5.823760986328125,
          "hz": 12943.144197493959
        },
        {
          "acoustic_entropy": 5.825429916381836,
          "acoustic_entropy_side": 5.825547695159912,
          "hz": 14151.364845322005
        },
        {
          "acoustic_entropy": 5.825710296630859,
          "acoustic_entropy_side": 5.825733661651611,
          "hz": 15466.58407886509
        },
        {
          "acoustic_entropy": 5.825760841369629,
          "acoustic_entropy_side": 5.825766563415527,
          "hz": 16898.27756580493
        },
        {
          "acoustic_entropy": 5.825769901275635,
          "acoustic_entropy_side": 5.825773239135742,
          "hz": 18456.760127700032
        },
        {
          "acoustic_entropy": 5.825774192810059,
          "acoustic_entropy_side": 5.825775623321533,
          "hz": 20153.260054456492
        },
        {
          "acoustic_entropy": 5.825778007507324,
          "acoustic_entropy_side": 5.825778007507324,
          "hz": 22000.00000000001
        }
      ],
      "diff_acoustic_entropy": 2.9524619579315186,
      "sn": 6
    },
    {
      "acoustic_entropy": 10.090670585632324,
      "acoustic_entropy_mono": 7.556682109832764,
      "band_eliminated_acoustic_entropies": [
        {
          "acoustic_entropy": 10.11216926574707,
          "acoustic_entropy_side": 10.090886116027832,
          "hz": 129.47220167065723
        },
        {
          "acoustic_entropy": 9.037561416625977,
          "acoustic_entropy_side": 10.053709983825684,
          "hz": 202.92927478742237
        },
        {
          "acoustic_entropy": 10.25894546508789,
          "acoustic_entropy_side": 10.091581344604492,
          "hz": 282.89161906338205
        },
        {
          "acoustic_entropy": 9.899306297302246,
          "acoustic_entropy_side": 9.769688606262207,
          "hz": 369.9353335868758
        },
        {
          "acoustic_entropy": 9.936750411987305,
          "acoustic_entropy_side": 9.876371383666992,
          "hz": 464.6875360973435
        },
        {
          "acoustic_entropy": 9.850144386291504,
          "acoustic_entropy_side": 9.679220199584961,
          "hz": 567.8308811364784
        },
        {
          "acoustic_entropy": 9.429278373718262,
          "acoustic_entropy_side": 9.581040382385254,
          "hz": 680.1084783214808
        },
        {
          "acoustic_entropy": 9.706546783447266,
          "acoustic_entropy_side": 10.094259262084961,
          "hz": 802.3292461747484
        },
        {
          "acoustic_entropy": 10.128145217895508,
          "acoustic_entropy_side": 9.995388984680176,
          "hz": 935.3737400823702
        },
        {
          "acoustic_entropy": 9.759514808654785,
          "acoustic_entropy_side": 10.104842185974121,
          "hz": 1080.2004963696966
        },
        {
          "acoustic_entropy": 10.478311538696289,
          "acoustic_entropy_side": 10.109914779663086,
          "hz": 1237.8529382007157
        },
        {
          "acoustic_entropy": 10.192399024963379,
          "acoustic_entropy_side": 10.184248924255371,
          "hz": 1409.4668930556702
        },
        {
          "acoustic_entropy": 10.248512268066406,
          "acoustic_entropy_side": 10.238401412963867,
          "hz": 1596.2787759475705
        },
        {
          "acoustic_entropy": 10.19375991821289,
          "acoustic_entropy_side": 10.253539085388184,
          "hz": 1799.6344973346393
        },
        {
          "acoustic_entropy": 10.494649887084961,
          "acoustic_entropy_side": 10.562519073486328,
          "hz": 2020.9991599069049
        },
        {
          "acoustic_entropy": 10.289999008178711,
          "acoustic_entropy_side": 10.29604721069336,
          "hz": 2261.9676141086993
        },
        {
          "acoustic_entropy": 10.256026268005371,
          "acoustic_entropy_side": 9.877145767211914,
          "hz": 2524.2759484456974
        },
        {
          "acoustic_entropy": 9.75780200958252,
          "acoustic_entropy_side": 10.054476737976074,
          "hz": 2809.813997359896
        },
        {
          "acoustic_entropy": 10.402617454528809,
          "acoustic_entropy_side": 10.205286026000977,
          "hz": 3120.6389567871424
        },
        {
          "acoustic_entropy": 9.920096397399902,
          "acoustic_entropy_side": 10.213005065917969,
          "hz": 3458.990205492291
        },
        {
          "acoustic_entropy": 9.947721481323242,
          "acoustic_entropy_side": 10.211562156677246,
          "hz": 3827.305438964164
        },
        {
          "acoustic_entropy": 9.992815017700195,
          "acoustic_entropy_side": 9.879081726074219,
          "hz": 4228.238232109126
        },
        {
          "acoustic_entropy": 10.04542064666748,
          "acoustic_entropy_side": 10.107714653015137,
          "hz": 4664.6771572759235
        },
        {
          "acoustic_entropy": 9.863666534423828,
          "acoustic_entropy_side": 9.904131889343262,
          "hz": 5139.766595350093
        },
        {
          "acoustic_entropy": 9.567116737365723,
          "acoustic_entropy_side": 9.89184856414795,
          "hz": 5656.929389854203
        },
        {
          "acoustic_entropy": 10.049476623535156,
          "acoustic_entropy_side": 9.969806671142578,
          "hz": 6219.891507268283
        },
        {
          "acoustic_entropy": 9.951557159423828,
          "acoustic_entropy_side": 9.984315872192383,
          "hz": 6832.70888123896
        },
        {
          "acoustic_entropy": 10.125019073486328,
          "acoustic_entropy_side": 10.098067283630371,
          "hz": 7499.796634079867
        },
        {
          "acoustic_entropy": 10.16060733795166,
          "acoustic_entropy_side": 10.12982177734375,
          "hz": 8225.96088609342
        },
        {
          "acoustic_entropy": 10.226048469543457,
          "acoustic_entropy_side": 10.144838333129883,
          "hz": 9016.43338188839
        },
        {
          "acoustic_entropy": 10.197285652160645,
          "acoustic_entropy_side": 10.195189476013184,
          "hz": 9876.909183162974
        },
        {
          "acoustic_entropy": 10.164929389953613,
          "acoustic_entropy_side": 10.170304298400879,
          "hz": 10813.587699516042
        },
        {
          "acoustic_entropy": 10.100342750549316,
          "acoustic_entropy_side": 10.13021183013916,
          "hz": 11833.21735289826
        },
        {
          "acoustic_entropy": 10.125423431396484,
          "acoustic_entropy_side": 10.114338874816895,
          "hz": 12943.144197493959
        },
        {
          "acoustic_entropy": 10.097091674804688,
          "acoustic_entropy_side": 10.094442367553711,
          "hz": 14151.364845322005
        },
        {
          "acoustic_entropy": 10.092323303222656,
          "acoustic_entropy_side": 10.091615676879883,
          "hz": 15466.58407886509
        },
        {
          "acoustic_entropy": 10.091151237487793,
          "acoustic_entropy_side": 10.090958595275879,
          "hz": 16898.27756580493
        },
        {
          "acoustic_entropy": 10.090912818908691,
          "acoustic_entropy_side": 10.0908203125,
          "hz": 18456.760127700032
        },
        {
          "acoustic_entropy": 10.090831756591797,
          "acoustic_entropy_side": 10.09076976776123,
          "hz": 20153.260054456492
        },
        {
          "acoustic_entropy": 10.090709686279297,
          "acoustic_entropy_side": 10.09069538116455,
          "hz": 22000.00000000001
        }
      ],
      "diff_acoustic_entropy": 5.677594184875488,
      "sn": 12
    },
    {
      "acoustic_entropy": 15.414850234985352,
      "acoustic_entropy_mono": 12.672775268554688,
      "band_eliminated_acoustic_entropies": [
        {
          "acoustic_entropy": 15.319454193115234,
          "acoustic_entropy_side": 15.415478706359863,
          "hz": 129.47220167065723
        },
        {
          "acoustic_entropy": 14.649629592895508,
          "acoustic_entropy_side": 14.972665786743164,
          "hz": 202.92927478742237
        },
        {
          "acoustic_entropy": 16.433977127075195,
          "acoustic_entropy_side": 15.775812149047852,
          "hz": 282.89161906338205
        },
        {
          "acoustic_entropy": 15.442026138305664,
          "acoustic_entropy_side": 15.759403228759766,
          "hz": 369.9353335868758
        },
        {
          "acoustic_entropy": 15.782024383544922,
          "acoustic_entropy_side": 15.744312286376953,
          "hz": 464.6875360973435
        },
        {
          "acoustic_entropy": 15.406061172485352,
          "acoustic_entropy_side": 15.733158111572266,
          "hz": 567.8308811364784
        },
        {
          "acoustic_entropy": 15.342833518981934,
          "acoustic_entropy_side": 15.170241355895996,
          "hz": 680.1084783214808
        },
        {
          "acoustic_entropy": 15.40721321105957,
          "acoustic_entropy_side": 15.984840393066406,
          "hz": 802.3292461747484
        },
        {
          "acoustic_entropy": 15.381875991821289,
          "acoustic_entropy_side": 15.317726135253906,
          "hz": 935.3737400823702
        },
        {
          "acoustic_entropy": 15.235072135925293,
          "acoustic_entropy_side": 15.1743803024292,
          "hz": 1080.2004963696966
        },
        {
          "acoustic_entropy": 15.33903694152832,
          "acoustic_entropy_side": 15.915566444396973,
          "hz": 1237.8529382007157
        },
        {
          "acoustic_entropy": 15.192031860351562,
          "acoustic_entropy_side": 15.063064575195312,
          "hz": 1409.4668930556702
        },
        {
          "acoustic_entropy": 15.86845874786377,
          "acoustic_entropy_side": 15.828822135925293,
          "hz": 1596.2787759475705
        },
        {
          "acoustic_entropy": 15.32574462890625,
          "acoustic_entropy_side": 15.11877155303955,
          "hz": 1799.6344973346393
        },
        {
          "acoustic_entropy": 15.474777221679688,
          "acoustic_entropy_side": 15.77578067779541,
          "hz": 2020.9991599069049
        },
        {
          "acoustic_entropy": 15.743409156799316,
          "acoustic_entropy_side": 15.47623348236084,
          "hz": 2261.9676141086993
        },
        {
          "acoustic_entropy": 15.23360538482666,
          "acoustic_entropy_side": 15.397539138793945,
          "hz": 2524.2759484456974
        },
        {
          "acoustic_entropy": 15.715967178344727,
          "acoustic_entropy_side": 15.645284652709961,
          "hz": 2809.813997359896
        },
        {
          "acoustic_entropy": 14.808247566223145,
          "acoustic_entropy_side": 14.76246166229248,
          "hz": 3120.6389567871424
        },
        {
