{
  "acoustic_entropy": 139.17478942871094,
  "bands": [
    {
      "high_freq": 148.1999969482422,
      "loudness": -35.41407012939453,
      "loudness_range": 21.668149948120117,
      "mid_mean": -32.05097198486328,
      "mid_to_side_loudness": -18.488494873046875,
      "mid_to_side_loudness_range": 21.708829879760742,
      "side_mean": -55.76095962524414
    },
    {
      "high_freq": 392.3793640136719,
      "loudness": -28.040283203125,
      "loudness_range": 7.381237030029297,
      "low_freq": 148.1999969482422,
      "mid_mean": -24.66782569885254,
      "mid_to_side_loudness": -14.067864418029785,
      "mid_to_side_loudness_range": 18.469146728515625,
      "side_mean": -40.15735626220703
    },
    {
      "high_freq": 794.6976318359375,
      "loudness": -29.2268009185791,
      "loudness_range": 9.760587692260742,
      "low_freq": 392.3793640136719,
      "mid_mean": -25.952354431152344,
      "mid_to_side_loudness": -15.653321266174316,
      "mid_to_side_loudness_range": 18.943408966064453,
      "side_mean": -42.9253044128418
    },
    {
      "high_freq": 1457.5709228515625,
      "loudness": -34.99946594238281,
      "loudness_range": 11.007728576660156,
      "low_freq": 794.6976318359375,
      "mid_mean": -31.7336483001709,
      "mid_to_side_loudness": -14.595389366149902,
      "mid_to_side_loudness_range": 19.922866821289062,
      "side_mean": -51.43181228637695
    },
    {
      "high_freq": 2549.74365234375,
      "loudness": -32.857601165771484,
      "loudness_range": 8.536977767944336,
      "low_freq": 1457.5709228515625,
      "mid_mean": -29.57164764404297,
      "mid_to_side_loudness": -15.679804801940918,
      "mid_to_side_loudness_range": 17.75468635559082,
      "side_mean": -50.578060150146484
    },
    {
      "high_freq": 4349.24462890625,
      "loudness": -38.72771072387695,
      "loudness_range": 7.667755126953125,
      "low_freq": 2549.74365234375,
      "mid_mean": -35.28090286254883,
      "mid_to_side_loudness": -15.910621643066406,
      "mid_to_side_loudness_range": 19.5776424407959,
      "side_mean": -55.871212005615234
    },
    {
      "high_freq": 7314.1640625,
      "loudness": -47.12751388549805,
      "loudness_range": 16.621253967285156,
      "low_freq": 4349.24462890625,
      "mid_mean": -43.737937927246094,
      "mid_to_side_loudness": -16.03633689880371,
      "mid_to_side_loudness_range": 20.142955780029297,
      "side_mean": -62.14039611816406
    },
    {
      "high_freq": 12199.2666015625,
      "loudness": -60.59307861328125,
      "loudness_range": 32.791900634765625,
      "low_freq": 7314.1640625,
      "mid_mean": -59.24660873413086,
      "mid_to_side_loudness": -15.824150085449219,
      "mid_to_side_loudness_range": 18.15604591369629,
      "side_mean": -67.1734619140625
    },
    {
      "loudness": -46.62687683105469,
      "loudness_range": 23.747676849365234,
      "low_freq": 12199.2666015625,
      "mid_mean": -65.63067626953125,
      "mid_to_side_loudness": -7.346075057983398,
      "mid_to_side_loudness_range": 12.39899730682373,
      "side_mean": -68.1121826171875
    }
  ],
  "bands_short": [
    {
      "high_freq": 148.1999969482422,
      "loudness": -42.341182708740234,
      "loudness_range": 26.847623825073242,
      "mid_mean": -40.03782653808594,
      "mid_to_side_loudness": -16.694669723510742,
      "mid_to_side_loudness_range": 21.499549865722656,
      "side_mean": -60.00173568725586
    },
    {
      "high_freq": 392.3793640136719,
      "loudness": -28.47854995727539,
      "loudness_range": 11.376504898071289,
      "low_freq": 148.1999969482422,
      "mid_mean": -25.291868209838867,
      "mid_to_side_loudness": -14.277692794799805,
      "mid_to_side_loudness_range": 24.392396926879883,
      "side_mean": -40.87395095825195
    },
    {
      "high_freq": 794.6976318359375,
      "loudness": -30.583295822143555,
      "loudness_range": 13.543689727783203,
      "low_freq": 392.3793640136719,
      "mid_mean": -27.463531494140625,
      "mid_to_side_loudness": -15.301640510559082,
      "mid_to_side_loudness_range": 22.40984344482422,
      "side_mean": -44.04944610595703
    },
    {
      "high_freq": 1457.5709228515625,
      "loudness": -34.579471588134766,
      "loudness_range": 8.856355667114258,
      "low_freq": 794.6976318359375,
      "mid_mean": -31.4123592376709,
      "mid_to_side_loudness": -14.77568531036377,
      "mid_to_side_loudness_range": 21.761402130126953,
      "side_mean": -51.35715103149414
    },
    {
      "high_freq": 2549.74365234375,
      "loudness": -33.56278610229492,
      "loudness_range": 9.772214889526367,
      "low_freq": 1457.5709228515625,
      "mid_mean": -30.35694694519043,
      "mid_to_side_loudness": -15.657347679138184,
      "mid_to_side_loudness_range": 19.350446701049805,
      "side_mean": -51.17644500732422
    },
    {
      "high_freq": 4349.24462890625,
      "loudness": -39.17235565185547,
      "loudness_range": 10.71441650390625,
      "low_freq": 2549.74365234375,
      "mid_mean": -35.80077362060547,
      "mid_to_side_loudness": -15.96534538269043,
      "mid_to_side_loudness_range": 20.169179916381836,
      "side_mean": -56.247650146484375
    },
    {
      "high_freq": 7314.1640625,
      "loudness": -48.52656173706055,
      "loudness_range": 20.46181869506836,
      "low_freq": 4349.24462890625,
      "mid_mean": -50.14593505859375,
      "mid_to_side_loudness": -15.949418067932129,
      "mid_to_side_loudness_range": 19.53050994873047,
      "side_mean": -62.79354476928711
    },
    {
      "high_freq": 12199.2666015625,
      "loudness": -63.34966278076172,
      "loudness_range": 37.65840148925781,
      "low_freq": 7314.1640625,
      "mid_mean": -61.07398986816406,
      "mid_to_side_loudness": -15.338637351989746,
      "mid_to_side_loudness_range": 18.883960723876953,
      "side_mean": -67.49100494384766
    },
    {
      "loudness": -53.324615478515625,
      "loudness_range": 34.03313446044922,
      "low_freq": 12199.2666015625,
      "mid_mean": -66.29606628417969,
      "mid_to_side_loudness": -6.245810508728027,
      "mid_to_side_loudness_range": 14.191069602966309,
      "side_mean": -68.35533142089844
    }
  ],
  "bandwidth": 587.18994140625,
  "channels": 2,
  "covariance": [
    [
      48.998313903808594,
      40.269405364990234,
      1.8168028593063354,
      -26.201583862304688,
      -8.114089012145996,
      -27.56925392150879,
      -15.267576217651367,
      -41.48788070678711,
      -12.69500732421875,
      -32.838008880615234,
      -10.12729263305664,
      -28.44717788696289,
      -26.109472274780273,
      -36.7196159362793,
      -53.74367904663086,
      -41.0885124206543,
      -60.4387092590332,
      -30.32666015625
    ],
    [
      40.269405364990234,
      89.950927734375,
      6.668459415435791,
      -9.91980266571045,
      4.290612697601318,
      -8.60270881652832,
      -1.42709219455719,
      36.274314880371094,
      0.2881120443344116,
      44.844993591308594,
      -2.533846855163574,
      32.35956573486328,
      -13.946160316467285,
      4.783920764923096,
      6.539939880371094,
      -17.062456130981445,
      -23.77709197998047,
      -13.608804702758789
    ],
    [
      1.8168028593063354,
      6.668459415435791,
      12.229970932006836,
      2.3459479808807373,
      3.482370615005493,
      -2.8509104251861572,
      4.478750705718994,
      -2.7831690311431885,
      3.5329771041870117,
      -3.4342458248138428,
      5.384263038635254,
      -1.2232204675674438,
      5.208774089813232,
      -0.24506278336048126,
      0.3217184245586395,
      -3.055781126022339,
      -3.1425440311431885,
      -1.8225358724594116
    ],
    [
      -26.201583862304688,
      -9.91980266571045,
      2.3459479808807373,
      29.242279052734375,
      7.87733793258667,
      24.864927291870117,
      15.481663703918457,
      32.22481155395508,
      13.785226821899414,
      26.764190673828125,
      8.33652400970459,
      24.17214584350586,
      17.79262351989746,
      25.907482147216797,
      38.69977951049805,
      26.63431739807129,
      39.41490173339844,
      18.999298095703125
    ],
    [
      -8.114089012145996,
      4.290612697601318,
      3.482370615005493,
      7.87733793258667,
      21.901582717895508,
      16.595867156982422,
      12.15788745880127,
      9.715658187866211,
      11.386984825134277,
      8.042786598205566,
      8.456231117248535,
      9.021523475646973,
      12.751287460327148,
      8.912992477416992,
      13.638055801391602,
      6.781365871429443,
      10.060975074768066,
      4.712674140930176
    ],
    [
      -27.56925392150879,
      -8.60270881652832,
      -2.8509104251861572,
      24.864927291870117,
      16.595867156982422,
      42.310123443603516,
      13.86727523803711,
      39.67678451538086,
      11.838132858276367,
      33.600486755371094,
      8.168745040893555,
      28.439321517944336,
      18.52386474609375,
      29.155794143676758,
      41.02796173095703,
      28.706750869750977,
      41.31203842163086,
      19.92373275756836
    ],
    [
      -15.267576217651367,
      -1.42709219455719,
      4.478750705718994,
      15.481663703918457,
      12.15788745880127,
      13.86727523803711,
      18.635847091674805,
      18.38230323791504,
      17.092777252197266,
      15.850051879882812,
      9.49364185333252,
      15.909366607666016,
      16.389036178588867,
      17.015289306640625,
      27.430591583251953,
      16.9252986907959,
      25.495147705078125,
      12.402461051940918
    ],
    [
      -41.48788070678711,
      36.274314880371094,
      -2.7831690311431885,
      32.22481155395508,
      9.715658187866211,
      39.67678451538086,
      18.38230323791504,
      116.59430694580078,
      15.524855613708496,
      112.3784408569336,
      10.675415992736816,
      85.90816497802734,
      25.3238468170166,
      64.41270446777344,
      91.07129669189453,
      47.31113815307617,
      69.54203033447266,
      33.11996078491211
    ],
    [
      -12.69500732421875,
      0.2881120443344116,
      3.5329771041870117,
      13.785226821899414,
      11.386984825134277,
      11.838132858276367,
      17.092777252197266,
      15.524855613708496,
      17.3843994140625,
      14.78129768371582,
      8.83719253540039,
      14.526927947998047,
      15.49944019317627,
      15.487807273864746,
      25.314395904541016,
      15.636421203613281,
      23.495277404785156,
      11.444722175598145
    ],
    [
      -32.838008880615234,
      44.844993591308594,
      -3.4342458248138428,
      26.764190673828125,
      8.042786598205566,
      33.600486755371094,
      15.850051879882812,
      112.3784408569336,
      14.78129768371582,
      111.51707458496094,
      8.777907371520996,
      84.50222778320312,
      20.92678451538086,
      60.39903259277344,
      85.43346405029297,
      41.83306121826172,
      61.53293228149414,
      29.09404182434082
    ],
    [
      -10.12729263305664,
      -2.533846855163574,
      5.384263038635254,
      8.33652400970459,
      8.456231117248535,
      8.168745040893555,
      9.49364185333252,
      10.675415992736816,
      8.83719253540039,
      8.777907371520996,
      11.316158294677734,
      9.787269592285156,
      13.845955848693848,
      11.744508743286133,
      19.48067855834961,
      12.50010871887207,
      18.98137092590332,
      9.252236366271973
    ],
    [
      -28.44717788696289,
      32.35956573486328,
      -1.2232204675674438,
      24.17214584350586,
      9.021523475646973,
      28.439321517944336,
      15.909366607666016,
      85.90816497802734,
      14.526927947998047,
      84.50222778320312,
      9.787269592285156,
      66.63605499267578,
      20.192108154296875,
      48.814701080322266,
      69.56920623779297,
      34.553375244140625,
      50.890445709228516,
      24.116775512695312
    ],
    [
      -26.109472274780273,
      -13.946160316467285,
      5.208774089813232,
      17.79262351989746,
      12.751287460327148,
      18.52386474609375,
      16.389036178588867,
      25.3238468170166,
      15.49944019317627,
      20.92678451538086,
      13.845955848693848,
      20.192108154296875,
      26.818946838378906,
      26.57877540588379,
      40.95907974243164,
      27.882780075073242,
      41.26291275024414,
      20.23443031311035
    ],
    [
      -36.7196159362793,
      4.783920764923096,
      -0.24506278336048126,
      25.907482147216797,
      8.912992477416992,
      29.155794143676758,
      17.015289306640625,
      64.41270446777344,
      15.487807273864746,
      60.39903259277344,
      11.744508743286133,
      48.814701080322266,
      26.57877540588379,
      43.83309555053711,
      63.00409698486328,
      37.38985061645508,
      54.67723846435547,
      26.549036026000977
    ],
    [
      -53.74367904663086,
      6.539939880371094,
      0.3217184245586395,
      38.69977951049805,
      13.638055801391602,
      41.02796173095703,
      27.430591583251953,
      91.07129669189453,
      25.314395904541016,
      85.43346405029297,
      19.48067855834961,
      69.56920623779297,
      40.95907974243164,
      63.00409698486328,
      94.57939910888672,
      56.34035110473633,
      82.76519012451172,
      40.369022369384766
    ],
    [
      -41.0885124206543,
      -17.062456130981445,
      -3.055781126022339,
      26.63431739807129,
      6.781365871429443,
      28.706750869750977,
      16.9252986907959,
      47.31113815307617,
      15.636421203613281,
      41.83306121826172,
      12.50010871887207,
      34.553375244140625,
      27.882780075073242,
      37.38985061645508,
      56.34035110473633,
      40.28334426879883,
      58.24149703979492,
      28.929237365722656
    ],
    [
      -60.4387092590332,
      -23.77709197998047,
      -3.1425440311431885,
      39.41490173339844,
      10.060975074768066,
      41.31203842163086,
      25.495147705078125,
      69.54203033447266,
      23.495277404785156,
      61.53293228149414,
      18.98137092590332,
      50.890445709228516,
      41.26291275024414,
      54.67723846435547,
      82.76519012451172,
      58.24149703979492,
      85.36473846435547,
      42.4312629699707
    ],
    [
      -30.32666015625,
      -13.608804702758789,
      -1.8225358724594116,
      18.999298095703125,
      4.712674140930176,
      19.92373275756836,
      12.402461051940918,
      33.11996078491211,
      11.444722175598145,
      29.09404182434082,
      9.252236366271973,
      24.116775512695312,
      20.23443031311035,
      26.549036026000977,
      40.369022369384766,
      28.929237365722656,
      42.4312629699707,
      21.31966209411621
    ]
  ],
  "covariance_short": [
    [
      111.36529541015625,
      65.57656860351562,
      17.951427459716797,
      -21.653472900390625,
      -5.559326648712158,
      -18.073749542236328,
      -0.0045210192911326885,
      -28.74952507019043,
      -0.8938125371932983,
      -23.36113929748535,
      4.487743854522705,
      -16.159460067749023,
      -12.334270477294922,
      -26.460857391357422,
      -38.650306701660156,
      -34.36492919921875,
      -46.67998123168945,
      -24.0983829498291
    ],
    [
      65.57656860351562,
      68.4263916015625,
      12.598588943481445,
      -5.2583112716674805,
      4.340400695800781,
      -0.5364744067192078,
      6.002636432647705,
      31.499919891357422,
      4.901575565338135,
      34.14207458496094,
      6.614313125610352,
      27.59712791442871,
      47.5872802734375,
      6.141622543334961,
      4.932122707366943,
      -10.158183097839355,
      -12.854094505310059,
      -7.880368232727051
    ],
    [
      17.951427459716797,
      12.598588943481445,
      27.701309204101562,
      4.932640075683594,
      6.448057174682617,
      -2.40018892288208,
      10.72310733795166,
      -2.8907384872436523,
      9.655887603759766,
      -4.148393154144287,
      7.183116436004639,
      -1.6727995872497559,
      7.464225769042969,
      -2.5898232460021973,
      -2.9883065223693848,
      -8.14538860321045,
      -9.848861694335938,
      -5.832940101623535
    ],
    [
      -21.653472900390625,
      -5.2583112716674805,
      4.932640075683594,
      32.279876708984375,
      6.278997898101807,
      22.020309448242188,
      12.618106842041016,
      26.614635467529297,
      13.332151412963867,
      23.066926956176758,
      7.817473888397217,
      20.803504943847656,
      23.385974884033203,
      21.550857543945312,
      30.086942672729492,
      18.77110481262207,
      26.180084228515625,
      12.430778503417969
    ],
    [
      -5.559326648712158,
      4.340400695800781,
      6.448057174682617,
      6.278997898101807,
      34.57298278808594,
      16.65141487121582,
      15.666123390197754,
      7.349749565124512,
      12.976806640625,
      4.873378276824951,
      8.957313537597656,
      5.910486698150635,
      13.948256492614746,
      4.079822063446045,
      5.956183433532715,
      0.47871482372283936,
      0.6983219981193542,
      0.8511049747467041
    ],
    [
      -18.073749542236328,
      -0.5364744067192078,
      -2.40018892288208,
      22.020309448242188,
      16.65141487121582,
      50.115943908691406,
      13.462693214416504,
      39.07190704345703,
      12.96519947052002,
      35.51361846923828,
      9.602376937866211,
      29.6939640045166,
      33.06914520263672,
      29.55001449584961,
      38.22892379760742,
      23.485380172729492,
      32.042057037353516,
      15.309187889099121
    ],
    [
      -0.0045210192911326885,
      6.002636432647705,
      10.72310733795166,
      12.618106842041016,
      15.666123390197754,
      13.462693214416504,
      23.497142791748047,
      14.120307922363281,
      18.592971801757812,
      12.467716217041016,
      12.943696975708008,
      14.153024673461914,
      23.2542724609375,
      13.969071388244629,
      21.629562377929688,
      9.660606384277344,
      14.480762481689453,
      7.189452648162842
    ],
    [
      -28.74952507019043,
      31.499919891357422,
      -2.8907384872436523,
      26.614635467529297,
      7.349749565124512,
      39.07190704345703,
      14.120307922363281,
      115.74308776855469,
      15.103172302246094,
      109.29442596435547,
      11.930070877075195,
      84.37104034423828,
      108.33209991455078,
      59.71141052246094,
      77.43623352050781,
      38.560546875,
      54.15350341796875,
      26.2182674407959
    ],
    [
      -0.8938125371932983,
      4.901575565338135,
      9.655887603759766,
      13.332151412963867,
      12.976806640625,
      12.96519947052002,
      18.592971801757812,
      15.103172302246094,
      22.56420135498047,
      16.100526809692383,
      13.909381866455078,
      16.83319091796875,
      25.78087043762207,
      16.855966567993164,
      26.074838638305664,
      12.902933120727539,
      19.368192672729492,
      9.255791664123535
    ],
    [
      -23.36113929748535,
      34.14207458496094,
      -4.148393154144287,
      23.066926956176758,
      4.873378276824951,
      35.51361846923828,
      12.467716217041016,
      109.29442596435547,
      16.100526809692383,
      110.70803833007812,
      12.015381813049316,
      84.17414093017578,
      109.34740447998047,
      58.563865661621094,
      76.69570922851562,
      37.32905197143555,
      52.46751403808594,
      25.1639347076416
    ],
    [
      4.487743854522705,
      6.614313125610352,
      7.183116436004639,
      7.817473888397217,
      8.957313537597656,
      9.602376937866211,
      12.943696975708008,
      11.930070877075195,
      13.909381866455078,
      12.015381813049316,
      19.533784866333008,
      14.667765617370605,
      22.724367141723633,
      16.72919273376465,
      26.93162727355957,
      13.73220157623291,
      21.082130432128906,
      9.969294548034668
    ],
    [
      -16.159460067749023,
      27.59712791442871,
      -1.6727995872497559,
      20.803504943847656,
      5.910486698150635,
      29.6939640045166,
      14.153024673461914,
      84.37104034423828,
      16.83319091796875,
      84.17414093017578,
      14.667765617370605,
      69.11310577392578,
      89.01835632324219,
      49.306148529052734,
      65.66063690185547,
      32.296382904052734,
      45.76645278930664,
      21.91416358947754
    ],
    [
      -12.334270477294922,
      47.5872802734375,
      7.464225769042969,
      23.385974884033203,
      13.948256492614746,
      33.06914520263672,
      23.2542724609375,
      108.33209991455078,
      25.78087043762207,
      109.34740447998047,
      22.724367141723633,
      89.01835632324219,
      131.9805145263672,
      63.917091369628906,
      87.13539123535156,
      35.905982971191406,
      52.56232833862305,
      23.881139755249023
    ],
    [
      -26.460857391357422,
      6.141622543334961,
      -2.5898232460021973,
      21.550857543945312,
      4.079822063446045,
      29.55001449584961,
      13.969071388244629,
      59.71141052246094,
      16.855966567993164,
      58.563865661621094,
      16.72919273376465,
      49.306148529052734,
      63.917091369628906,
      46.269527435302734,
      63.488433837890625,
      35.47975158691406,
      50.608272552490234,
      24.246809005737305
    ],
    [
      -38.650306701660156,
      4.932122707366943,
      -2.9883065223693848,
      30.086942672729492,
      5.956183433532715,
      38.22892379760742,
      21.629562377929688,
      77.43623352050781,
      26.074838638305664,
      76.69570922851562,
      26.93162727355957,
      65.66063690185547,
      87.13539123535156,
      63.488433837890625,
      94.28765869140625,
      52.71610641479492,
      75.83789825439453,
      36.61298751831055
    ],
    [
      -34.36492919921875,
      -10.158183097839355,
      -8.14538860321045,
      18.77110481262207,
      0.47871482372283936,
      23.485380172729492,
      9.660606384277344,
      38.560546875,
      12.902933120727539,
      37.32905197143555,
      13.73220157623291,
      32.296382904052734,
      35.905982971191406,
      35.47975158691406,
      52.71610641479492,
      36.545143127441406,
      51.21475601196289,
      25.9415225982666
    ],
    [
      -46.67998123168945,
      -12.854094505310059,
      -9.848861694335938,
      26.180084228515625,
      0.6983219981193542,
      32.042057037353516,
      14.480762481689453,
      54.15350341796875,
      19.368192672729492,
      52.46751403808594,
      21.082130432128906,
      45.76645278930664,
      52.56232833862305,
      50.608272552490234,
      75.83789825439453,
      51.21475601196289,
      74.03958129882812,
      37.184661865234375
    ],
    [
      -24.0983829498291,
      -7.880368232727051,
      -5.832940101623535,
      12.430778503417969,
      0.8511049747467041,
      15.309187889099121,
      7.189452648162842,
      26.2182674407959,
      9.255791664123535,
      25.1639347076416,
      9.969294548034668,
      21.91416358947754,
      23.881139755249023,
      24.246809005737305,
      36.61298751831055,
      25.9415225982666,
      37.184661865234375,
      19.522127151489258
    ]
  ],
  "damage": -15.416577339172363,
  "diff_bandwidth": 584.21630859375,
  "dissonance": 5.957171356136714,
  "drr": 2.53812837600708,
  "dynamics": 1.8826792240142822,
  "format": 1245190,
  "frames": 1241088,
  "loudness": -19.700735092163086,
  "loudness_range": 4.441183090209961,
  "loudness_range_short": 7.652631759643555,
  "lowpass_true_peak_15khz": -4.12666654586792,
  "mastering3_acoustic_entropies": [
    {
      "acoustic_entropy": 6.325368881225586,
      "acoustic_entropy_mono": 5.931668758392334,
      "band_eliminated_acoustic_entropies": [
        {
          "acoustic_entropy": 6.344880104064941,
          "acoustic_entropy_side": 6.325366497039795,
          "hz": 129.47220167065723
        },
        {
          "acoustic_entropy": 6.413835525512695,
          "acoustic_entropy_side": 6.325321674346924,
          "hz": 202.92927478742237
        },
        {
          "acoustic_entropy": 6.211414337158203,
          "acoustic_entropy_side": 6.324244022369385,
          "hz": 282.89161906338205
        },
        {
          "acoustic_entropy": 6.18203592300415,
          "acoustic_entropy_side": 6.245975494384766,
          "hz": 369.9353335868758
        },
        {
          "acoustic_entropy": 6.037993907928467,
          "acoustic_entropy_side": 6.2393059730529785,
          "hz": 464.6875360973435
        },
        {
          "acoustic_entropy": 6.166707515716553,
          "acoustic_entropy_side": 6.342004299163818,
          "hz": 567.8308811364784
        },
        {
          "acoustic_entropy": 6.071922779083252,
          "acoustic_entropy_side": 6.3377861976623535,
          "hz": 680.1084783214808
        },
        {
          "acoustic_entropy": 6.445094585418701,
          "acoustic_entropy_side": 6.274252414703369,
          "hz": 802.3292461747484
        },
        {
          "acoustic_entropy": 6.338971138000488,
          "acoustic_entropy_side": 6.3185930252075195,
          "hz": 935.3737400823702
        },
        {
          "acoustic_entropy": 6.41050910949707,
          "acoustic_entropy_side": 6.291723251342773,
          "hz": 1080.2004963696966
        },
        {
          "acoustic_entropy": 6.281078815460205,
          "acoustic_entropy_side": 6.308966159820557,
          "hz": 1237.8529382007157
        },
        {
          "acoustic_entropy": 6.3168745040893555,
          "acoustic_entropy_side": 6.248131275177002,
          "hz": 1409.4668930556702
        },
        {
          "acoustic_entropy": 6.2750983238220215,
          "acoustic_entropy_side": 6.320863246917725,
          "hz": 1596.2787759475705
        },
        {
          "acoustic_entropy": 6.314941883087158,
          "acoustic_entropy_side": 6.297161102294922,
          "hz": 1799.6344973346393
        },
        {
          "acoustic_entropy": 6.316188812255859,
          "acoustic_entropy_side": 6.315008640289307,
          "hz": 2020.9991599069049
        },
        {
          "acoustic_entropy": 6.1748046875,
          "acoustic_entropy_side": 6.316115856170654,
          "hz": 2261.9676141086993
        },
        {
          "acoustic_entropy": 6.3562116622924805,
          "acoustic_entropy_side": 6.325680255889893,
          "hz": 2524.2759484456974
        },
        {
          "acoustic_entropy": 6.264046669006348,
          "acoustic_entropy_side": 6.321918487548828,
          "hz": 2809.813997359896
        },
        {
          "acoustic_entropy": 6.36055326461792,
          "acoustic_entropy_side": 6.325376987457275,
          "hz": 3120.6389567871424
        },
        {
          "acoustic_entropy": 6.315615653991699,
          "acoustic_entropy_side": 6.325197696685791,
          "hz": 3458.990205492291
        },
        {
          "acoustic_entropy": 6.214658260345459,
          "acoustic_entropy_side": 6.323991775512695,
          "hz": 3827.305438964164
        },
        {
          "acoustic_entropy": 6.303354263305664,
          "acoustic_entropy_side": 6.325075626373291,
          "hz": 4228.238232109126
        },
        {
          "acoustic_entropy": 6.314878940582275,
          "acoustic_entropy_side": 6.3252177238464355,
          "hz": 4664.6771572759235
        },
        {
          "acoustic_entropy": 6.318427562713623,
          "acoustic_entropy_side": 6.325153350830078,
          "hz": 5139.766595350093
        },
        {
          "acoustic_entropy": 6.274145603179932,
          "acoustic_entropy_side": 6.32342529296875,
          "hz": 5656.929389854203
        },
        {
          "acoustic_entropy": 6.265544414520264,
          "acoustic_entropy_side": 6.323484897613525,
          "hz": 6219.891507268283
        },
        {
          "acoustic_entropy": 6.316318988800049,
          "acoustic_entropy_side": 6.325124263763428,
          "hz": 6832.70888123896
        },
        {
          "acoustic_entropy": 6.294488906860352,
          "acoustic_entropy_side": 6.325191974639893,
          "hz": 7499.796634079867
        },
        {
          "acoustic_entropy": 6.315802097320557,
          "acoustic_entropy_side": 6.325284481048584,
          "hz": 8225.96088609342
        },
        {
          "acoustic_entropy": 6.296978950500488,
          "acoustic_entropy_side": 6.32509708404541,
          "hz": 9016.43338188839
        },
        {
          "acoustic_entropy": 6.256054401397705,
          "acoustic_entropy_side": 6.324580669403076,
          "hz": 9876.909183162974
        },
        {
          "acoustic_entropy": 6.241898059844971,
          "acoustic_entropy_side": 6.325058460235596,
          "hz": 10813.587699516042
        },
        {
          "acoustic_entropy": 6.245136260986328,
          "acoustic_entropy_side": 6.325159549713135,
          "hz": 11833.21735289826
        },
        {
          "acoustic_entropy": 6.246564865112305,
          "acoustic_entropy_side": 6.325307846069336,
          "hz": 12943.144197493959
        },
        {
          "acoustic_entropy": 6.2618913650512695,
          "acoustic_entropy_side": 6.325305461883545,
          "hz": 14151.364845322005
        },
        {
          "acoustic_entropy": 6.295730113983154,
          "acoustic_entropy_side": 6.325334548950195,
          "hz": 15466.58407886509
        },
        {
          "acoustic_entropy": 6.318859577178955,
          "acoustic_entropy_side": 6.325368881225586,
          "hz": 16898.27756580493
        },
        {
          "acoustic_entropy": 6.3212809562683105,
          "acoustic_entropy_side": 6.325338840484619,
          "hz": 18456.760127700032
        },
        {
          "acoustic_entropy": 6.324981212615967,
          "acoustic_entropy_side": 6.325364589691162,
          "hz": 20153.260054456492
        },
        {
          "acoustic_entropy": 6.325362682342529,
          "acoustic_entropy_side": 6.325368881225586,
          "hz": 22000.00000000001
        }
      ],
      "diff_acoustic_entropy": 7.2229461669921875,
      "sn": 6
    },
    {
      "acoustic_entropy": 9.252214431762695,
      "acoustic_entropy_mono": 9.097732543945312,
      "band_eliminated_acoustic_entropies": [
        {
          "acoustic_entropy": 9.287615776062012,
          "acoustic_entropy_side": 9.252246856689453,
          "hz": 129.47220167065723
        },
        {
          "acoustic_entropy": 8.606203079223633,
          "acoustic_entropy_side": 9.260711669921875,
          "hz": 202.92927478742237
        },
        {
          "acoustic_entropy": 9.151036262512207,
          "acoustic_entropy_side": 9.216718673706055,
          "hz": 282.89161906338205
        },
        {
          "acoustic_entropy": 8.462644577026367,
          "acoustic_entropy_side": 9.115901947021484,
          "hz": 369.9353335868758
        },
        {
          "acoustic_entropy": 8.933155059814453,
          "acoustic_entropy_side": 9.346295356750488,
          "hz": 464.6875360973435
        },
        {
          "acoustic_entropy": 9.237717628479004,
          "acoustic_entropy_side": 9.164549827575684,
          "hz": 567.8308811364784
        },
        {
          "acoustic_entropy": 9.283781051635742,
          "acoustic_entropy_side": 9.11386775970459,
          "hz": 680.1084783214808
        },
        {
          "acoustic_entropy": 9.419065475463867,
          "acoustic_entropy_side": 9.382769584655762,
          "hz": 802.3292461747484
        },
        {
          "acoustic_entropy": 9.013375282287598,
          "acoustic_entropy_side": 9.190078735351562,
          "hz": 935.3737400823702
        },
        {
          "acoustic_entropy": 9.601222038269043,
          "acoustic_entropy_side": 9.496299743652344,
          "hz": 1080.2004963696966
        },
        {
          "acoustic_entropy": 9.136606216430664,
          "acoustic_entropy_side": 9.204662322998047,
          "hz": 1237.8529382007157
        },
        {
          "acoustic_entropy": 9.313993453979492,
          "acoustic_entropy_side": 9.22994327545166,
          "hz": 1409.4668930556702
        },
        {
          "acoustic_entropy": 9.305745124816895,
          "acoustic_entropy_side": 9.229921340942383,
          "hz": 1596.2787759475705
        },
        {
          "acoustic_entropy": 9.109827041625977,
          "acoustic_entropy_side": 9.218334197998047,
          "hz": 1799.6344973346393
        },
        {
          "acoustic_entropy": 9.37729549407959,
          "acoustic_entropy_side": 9.239982604980469,
          "hz": 2020.9991599069049
        },
        {
          "acoustic_entropy": 9.375527381896973,
          "acoustic_entropy_side": 9.306546211242676,
          "hz": 2261.9676141086993
        },
        {
          "acoustic_entropy": 9.145515441894531,
          "acoustic_entropy_side": 9.253307342529297,
          "hz": 2524.2759484456974
        },
        {
          "acoustic_entropy": 9.033832550048828,
          "acoustic_entropy_side": 9.246490478515625,
          "hz": 2809.813997359896
        },
        {
          "acoustic_entropy": 9.355436325073242,
          "acoustic_entropy_side": 9.254955291748047,
          "hz": 3120.6389567871424
        },
        {
          "acoustic_entropy": 9.148837089538574,
          "acoustic_entropy_side": 9.259733200073242,
          "hz": 3458.990205492291
        },
        {
          "acoustic_entropy": 9.270703315734863,
          "acoustic_entropy_side": 9.262826919555664,
          "hz": 3827.305438964164
        },
        {
          "acoustic_entropy": 9.269670486450195,
          "acoustic_entropy_side": 9.251999855041504,
          "hz": 4228.238232109126
        },
        {
          "acoustic_entropy": 9.209131240844727,
          "acoustic_entropy_side": 9.25155258178711,
          "hz": 4664.6771572759235
        },
        {
          "acoustic_entropy": 9.177653312683105,
          "acoustic_entropy_side": 9.252411842346191,
          "hz": 5139.766595350093
        },
        {
          "acoustic_entropy": 9.208337783813477,
          "acoustic_entropy_side": 9.254597663879395,
          "hz": 5656.929389854203
        },
        {
          "acoustic_entropy": 9.218934059143066,
          "acoustic_entropy_side": 9.251665115356445,
          "hz": 6219.891507268283
        },
        {
          "acoustic_entropy": 9.235017776489258,
          "acoustic_entropy_side": 9.252386093139648,
          "hz": 6832.70888123896
        },
        {
          "acoustic_entropy": 9.246969223022461,
          "acoustic_entropy_side": 9.251715660095215,
          "hz": 7499.796634079867
        },
        {
          "acoustic_entropy": 9.254039764404297,
          "acoustic_entropy_side": 9.252208709716797,
          "hz": 8225.96088609342
        },
        {
          "acoustic_entropy": 9.253763198852539,
          "acoustic_entropy_side": 9.252852439880371,
          "hz": 9016.43338188839
        },
        {
          "acoustic_entropy": 9.248068809509277,
          "acoustic_entropy_side": 9.252789497375488,
          "hz": 9876.909183162974
        },
        {
          "acoustic_entropy": 9.247538566589355,
          "acoustic_entropy_side": 9.250941276550293,
          "hz": 10813.587699516042
        },
        {
          "acoustic_entropy": 9.241952896118164,
          "acoustic_entropy_side": 9.250621795654297,
          "hz": 11833.21735289826
        },
        {
          "acoustic_entropy": 9.242026329040527,
          "acoustic_entropy_side": 9.251995086669922,
          "hz": 12943.144197493959
        },
        {
          "acoustic_entropy": 9.246175765991211,
          "acoustic_entropy_side": 9.252015113830566,
          "hz": 14151.364845322005
        },
        {
          "acoustic_entropy": 9.254596710205078,
          "acoustic_entropy_side": 9.252134323120117,
          "hz": 15466.58407886509
        },
        {
          "acoustic_entropy": 9.249690055847168,
          "acoustic_entropy_side": 9.251709938049316,
          "hz": 16898.27756580493
        },
        {
          "acoustic_entropy": 9.254165649414062,
          "acoustic_entropy_side": 9.250771522521973,
          "hz": 18456.760127700032
        },
        {
          "acoustic_entropy": 9.252643585205078,
          "acoustic_entropy_side": 9.25225830078125,
          "hz": 20153.260054456492
        },
        {
          "acoustic_entropy": 9.252220153808594,
          "acoustic_entropy_side": 9.252216339111328,
          "hz": 22000.00000000001
        }
      ],
      "diff_acoustic_entropy": 9.136075019836426,
      "sn": 12
    },
    {
      "acoustic_entropy": 12.845939636230469,
      "acoustic_entropy_mono": 10.995923042297363,
      "band_eliminated_acoustic_entropies": [
        {
          "acoustic_entropy": 12.777596473693848,
          "acoustic_entropy_side": 12.856010437011719,
          "hz": 129.47220167065723
        },
        {
          "acoustic_entropy": 12.68259048461914,
          "acoustic_entropy_side": 12.684623718261719,
          "hz": 202.92927478742237
        },
        {
          "acoustic_entropy": 12.762199401855469,
          "acoustic_entropy_side": 12.89978313446045,
          "hz": 282.89161906338205
        },
        {
          "acoustic_entropy": 12.265524864196777,
          "acoustic_entropy_side": 12.556540489196777,
          "hz": 369.9353335868758
        },
        {
          "acoustic_entropy": 13.049538612365723,
          "acoustic_entropy_side": 12.925870895385742,
          "hz": 464.6875360973435
        },
        {
          "acoustic_entropy": 12.249938011169434,
          "acoustic_entropy_side": 12.794590950012207,
          "hz": 567.8308811364784
        },
        {
          "acoustic_entropy": 12.350661277770996,
          "acoustic_entropy_side": 12.32777214050293,
          "hz": 680.1084783214808
        },
        {
          "acoustic_entropy": 12.84988021850586,
          "acoustic_entropy_side": 12.77230453491211,
          "hz": 802.3292461747484
        },
        {
          "acoustic_entropy": 12.77684211730957,
          "acoustic_entropy_side": 12.390419006347656,
          "hz": 935.3737400823702
        },
        {
          "acoustic_entropy": 12.53044319152832,
          "acoustic_entropy_side": 12.836668014526367,
          "hz": 1080.2004963696966
        },
        {
          "acoustic_entropy": 12.544998168945312,
          "acoustic_entropy_side": 12.625511169433594,
          "hz": 1237.8529382007157
        },
        {
          "acoustic_entropy": 12.096543312072754,
          "acoustic_entropy_side": 12.68840217590332,
          "hz": 1409.4668930556702
        },
        {
          "acoustic_entropy": 12.65632152557373,
          "acoustic_entropy_side": 12.83209228515625,
          "hz": 1596.2787759475705
        },
        {
          "acoustic_entropy": 12.667831420898438,
          "acoustic_entropy_side": 12.96606159210205,
          "hz": 1799.6344973346393
        },
        {
          "acoustic_entropy": 12.50346565246582,
          "acoustic_entropy_side": 12.87984848022461,
          "hz": 2020.9991599069049
        },
        {
          "acoustic_entropy": 12.707855224609375,
          "acoustic_entropy_side": 12.838130950927734,
          "hz": 2261.9676141086993
        },
        {
          "acoustic_entropy": 12.947105407714844,
          "acoustic_entropy_side": 12.829468727111816,
          "hz": 2524.2759484456974
        },
        {
          "acoustic_entropy": 12.569194793701172,
          "acoustic_entropy_side": 12.820755004882812,
          "hz": 2809.813997359896
        },
        {
          "acoustic_entropy": 12.96088695526123,
          "acoustic_entropy_side": 12.858570098876953,
