{
  "acoustic_entropy": 29.52736473083496,
  "bands": [
    {
      "high_freq": 148.1999969482422,
      "loudness": -15.065485954284668,
      "loudness_range": 3.3580121994018555,
      "mid_mean": -50.56060028076172,
      "mid_to_side_loudness": -23.873430252075195,
      "mid_to_side_loudness_range": 45.3525276184082,
      "side_mean": -69.99999237060547
    },
    {
      "high_freq": 392.3793640136719,
      "loudness": -21.855178833007812,
      "loudness_range": 7.096181869506836,
      "low_freq": 148.1999969482422,
      "mid_mean": -52.81497573852539,
      "mid_to_side_loudness": -30.801847457885742,
      "mid_to_side_loudness_range": 49.0966796875,
      "side_mean": -69.99913787841797
    },
    {
      "high_freq": 794.6976318359375,
      "loudness": -42.783226013183594,
      "loudness_range": 14.559368133544922,
      "low_freq": 392.3793640136719,
      "mid_mean": -41.64327621459961,
      "mid_to_side_loudness": -42.98203659057617,
      "mid_to_side_loudness_range": 60.72494125366211,
      "side_mean": -69.99967956542969
    },
    {
      "high_freq": 1457.5709228515625,
      "loudness": -49.94902801513672,
      "loudness_range": 14.618202209472656,
      "low_freq": 794.6976318359375,
      "mid_mean": -54.71828842163086,
      "mid_to_side_loudness": -34.78419494628906,
      "mid_to_side_loudness_range": 56.36738204956055,
      "side_mean": -69.99987030029297
    },
    {
      "high_freq": 2549.74365234375,
      "loudness": -45.12102127075195,
      "loudness_range": 22.03838348388672,
      "low_freq": 1457.5709228515625,
      "mid_mean": -43.751182556152344,
      "mid_to_side_loudness": -41.564674377441406,
      "mid_to_side_loudness_range": 55.2325553894043,
      "side_mean": -69.99969482421875
    },
    {
      "high_freq": 4349.24462890625,
      "loudness": -48.0389518737793,
      "loudness_range": 18.995616912841797,
      "low_freq": 2549.74365234375,
      "mid_mean": -53.38419723510742,
      "mid_to_side_loudness": -30.769323348999023,
      "mid_to_side_loudness_range": 54.16337585449219,
      "side_mean": -69.99978637695312
    },
    {
      "high_freq": 7314.1640625,
      "loudness": -45.577335357666016,
      "loudness_range": 18.64472198486328,
      "low_freq": 4349.24462890625,
      "mid_mean": -52.456722259521484,
      "mid_to_side_loudness": -35.0631103515625,
      "mid_to_side_loudness_range": 47.92705154418945,
      "side_mean": -69.9996337890625
    },
    {
      "high_freq": 12199.2666015625,
      "loudness": -43.96319580078125,
      "loudness_range": 20.151168823242188,
      "low_freq": 7314.1640625,
      "mid_mean": -53.595314025878906,
      "mid_to_side_loudness": -29.27398681640625,
      "mid_to_side_loudness_range": 52.33222961425781,
      "side_mean": -69.99506378173828
    },
    {
      "loudness": -47.37943649291992,
      "loudness_range": 10.818737030029297,
      "low_freq": 12199.2666015625,
      "mid_mean": -56.82249450683594,
      "mid_to_side_loudness": -21.763099670410156,
      "mid_to_side_loudness_range": 49.93265914916992,
      "side_mean": -69.97547149658203
    }
  ],
  "bands_short": [
    {
      "high_freq": 148.1999969482422,
      "loudness": -17.45523452758789,
      "loudness_range": 6.876721382141113,
      "mid_mean": -51.918983459472656,
      "mid_to_side_loudness": -22.186363220214844,
      "mid_to_side_loudness_range": 48.728477478027344,
      "side_mean": -69.99999237060547
    },
    {
      "high_freq": 392.3793640136719,
      "loudness": -18.375642776489258,
      "loudness_range": 9.888079643249512,
      "low_freq": 148.1999969482422,
      "mid_mean": -52.196231842041016,
      "mid_to_side_loudness": -20.501405715942383,
      "mid_to_side_loudness_range": 49.37811279296875,
      "side_mean": -69.99952697753906
    },
    {
      "high_freq": 794.6976318359375,
      "loudness": -45.32477951049805,
      "loudness_range": 21.60512924194336,
      "low_freq": 392.3793640136719,
      "mid_mean": -55.69467544555664,
      "mid_to_side_loudness": -30.752948760986328,
      "mid_to_side_loudness_range": 55.28878402709961,
      "side_mean": -69.99932098388672
    },
    {
      "high_freq": 1457.5709228515625,
      "loudness": -53.9522819519043,
      "loudness_range": 33.516666412353516,
      "low_freq": 794.6976318359375,
      "mid_mean": -60.91968536376953,
      "mid_to_side_loudness": -26.288089752197266,
      "mid_to_side_loudness_range": 47.24144744873047,
      "side_mean": -69.99987030029297
    },
    {
      "high_freq": 2549.74365234375,
      "loudness": -47.40660858154297,
      "loudness_range": 32.126922607421875,
      "low_freq": 1457.5709228515625,
      "mid_mean": -59.22106170654297,
      "mid_to_side_loudness": -30.285860061645508,
      "mid_to_side_loudness_range": 52.64788055419922,
      "side_mean": -69.99969482421875
    },
    {
      "high_freq": 4349.24462890625,
      "loudness": -53.587646484375,
      "loudness_range": 35.80390548706055,
      "low_freq": 2549.74365234375,
      "mid_mean": -63.36635208129883,
      "mid_to_side_loudness": -27.43737030029297,
      "mid_to_side_loudness_range": 50.3282356262207,
      "side_mean": -69.99978637695312
    },
    {
      "high_freq": 7314.1640625,
      "loudness": -53.636314392089844,
      "loudness_range": 38.486083984375,
      "low_freq": 4349.24462890625,
      "mid_mean": -63.6268196105957,
      "mid_to_side_loudness": -26.62587547302246,
      "mid_to_side_loudness_range": 44.3648681640625,
      "side_mean": -69.9996337890625
    },
    {
      "high_freq": 12199.2666015625,
      "loudness": -51.636051177978516,
      "loudness_range": 39.36573028564453,
      "low_freq": 7314.1640625,
      "mid_mean": -65.22058868408203,
      "mid_to_side_loudness": -15.5929536819458,
      "mid_to_side_loudness_range": 28.34258270263672,
      "side_mean": -69.99514770507812
    },
    {
      "loudness": -54.714351654052734,
      "loudness_range": 36.43064498901367,
      "low_freq": 12199.2666015625,
      "mid_mean": -66.69217681884766,
      "mid_to_side_loudness": -5.8570637702941895,
      "mid_to_side_loudness_range": 15.846905708312988,
      "side_mean": -69.97541809082031
    }
  ],
  "bandwidth": 173.56640625,
  "channels": 2,
  "covariance": [
    [
      735.3280029296875,
      -0.00010497196490177885,
      650.1873168945312,
      0.03287767991423607,
      99.54911804199219,
      0.010543734766542912,
      170.40016174316406,
      0.0032812021672725677,
      21.79550552368164,
      0.0036412624176591635,
      141.16729736328125,
      -8.814491593511775e-05,
      148.2660369873047,
      -0.0009757468360476196,
      84.72296142578125,
      0.07602343708276749,
      55.87208938598633,
      0.34888380765914917
    ],
    [
      -0.00010497196490177885,
      4.3173550845487796e-10,
      -9.295951895182952e-05,
      -4.330787728434871e-09,
      -4.639189864974469e-05,
      -1.6377361966579684e-10,
      -2.8216076316311955e-05,
      7.494667109142483e-10,
      -2.404781298537273e-05,
      7.955161862582827e-09,
      -2.1814290448674e-05,
      9.84708314888394e-09,
      -2.5396630007890053e-05,
      1.4044578833249943e-08,
      -2.0756917365361005e-05,
      2.3725821307607475e-08,
      -1.81704690476181e-05,
      6.119416440242276e-08
    ],
    [
      650.1873168945312,
      -9.295951895182952e-05,
      576.9759521484375,
      0.03357871249318123,
      88.28245544433594,
      0.01083933562040329,
      151.1379852294922,
      0.0034264111891388893,
      18.082426071166992,
      0.00408811355009675,
      124.72980499267578,
      0.0002788322453852743,
      131.07887268066406,
      -0.00038753022090531886,
      72.81072998046875,
      0.0681542381644249,
      46.566925048828125,
      0.31028640270233154
    ],
    [
      0.03287767991423607,
      -4.330787728434871e-09,
      0.03357871249318123,
      9.04764310689643e-05,
      0.011166082695126534,
      3.044336335733533e-05,
      0.013747462071478367,
      1.0530837244004942e-05,
      6.168732943478972e-05,
      1.7272035620408133e-05,
      0.01092357188463211,
      7.0879214035812765e-06,
      0.0155109204351902,
      9.426906217413489e-06,
      -0.0010287968907505274,
      9.258780664822552e-06,
      -0.010537189431488514,
      1.61304105859017e-05
    ],
    [
      99.54911804199219,
      -4.639189864974469e-05,
      88.28245544433594,
      0.011166082695126534,
      94.81739044189453,
      0.003506035776808858,
      92.2003173828125,
      0.001112832222133875,
      82.84298706054688,
      0.0010222921846434474,
      98.86499786376953,
      -5.351572690415196e-05,
      107.03053283691406,
      -0.000493802537675947,
      106.01323699951172,
      0.001469206064939499,
      89.9405517578125,
      0.01570422202348709
    ],
    [
      0.010543734766542912,
      -1.6377361966579684e-10,
      0.01083933562040329,
      3.044336335733533e-05,
      0.003506035776808858,
      1.0257867870677728e-05,
      0.004522683564573526,
      3.5518232834874652e-06,
      -6.257770291995257e-05,
      5.8475507103139535e-06,
      0.003611090360209346,
      2.438834144413704e-06,
      0.005141621455550194,
      3.240171963625471e-06,
      -0.00040173091110773385,
      3.2012517294788267e-06,
      -0.00359999667853117,
      5.643951226375066e-06
    ],
    [
      170.40016174316406,
      -2.8216076316311955e-05,
      151.1379852294922,
      0.013747462071478367,
      92.2003173828125,
      0.004522683564573526,
      147.41714477539062,
      0.0015343200648203492,
      93.44620513916016,
      0.0021272702142596245,
      157.45460510253906,
      0.0008012440521270037,
      168.75933837890625,
      0.001053027925081551,
      159.83534240722656,
      0.020790468901395798,
      131.6554718017578,
      0.11189992725849152
    ],
    [
      0.0032812021672725677,
      7.494667109142483e-10,
      0.0034264111891388893,
      1.0530837244004942e-05,
      0.001112832222133875,
      3.5518232834874652e-06,
      0.0015343200648203492,
      1.2350639053693158e-06,
      -3.779200778808445e-05,
      2.0459792722249404e-06,
      0.0012499720323830843,
      8.67708820351254e-07,
      0.001773187192156911,
      1.1608190106926486e-06,
      -0.0001222857681568712,
      1.1759094604713027e-06,
      -0.0012314568739384413,
      2.1408973225334194e-06
    ],
    [
      21.79550552368164,
      -2.404781298537273e-05,
      18.082426071166992,
      6.168732943478972e-05,
      82.84298706054688,
      -6.257770291995257e-05,
      93.44620513916016,
      -3.779200778808445e-05,
      117.74088287353516,
      -0.0004338497528806329,
      115.58438110351562,
      -8.847565186442807e-05,
      123.55567932128906,
      -0.00017954954819288105,
      141.6922149658203,
      -0.003559401025995612,
      124.37188720703125,
      0.0035890834406018257
    ],
    [
      0.0036412624176591635,
      7.955161862582827e-09,
      0.00408811355009675,
      1.7272035620408133e-05,
      0.0010222921846434474,
      5.8475507103139535e-06,
      0.0021272702142596245,
      2.0459792722249404e-06,
      -0.0004338497528806329,
      3.5542734622140415e-06,
      0.0017846167320385575,
      1.6527596926607657e-06,
      0.002593192970380187,
      2.23183542402694e-06,
      -0.0004309114010538906,
      2.4467717594234273e-06,
      -0.002219183137640357,
      4.630664079741109e-06
    ],
    [
      141.16729736328125,
      -2.1814290448674e-05,
      124.72980499267578,
      0.01092357188463211,
      98.86499786376953,
      0.003611090360209346,
      157.45460510253906,
      0.0012499720323830843,
      115.58438110351562,
      0.0017846167320385575,
      179.00027465820312,
      0.0008237292058765888,
      192.33255004882812,
      0.001189901027828455,
      193.3492889404297,
      0.018341362476348877,
      161.24534606933594,
      0.10085035860538483
    ],
    [
      -8.814491593511775e-05,
      9.84708314888394e-09,
      0.0002788322453852743,
      7.0879214035812765e-06,
      -5.351572690415196e-05,
      2.438834144413704e-06,
      0.0008012440521270037,
      8.67708820351254e-07,
      -8.847565186442807e-05,
      1.6527596926607657e-06,
      0.0008237292058765888,
      1.011488848234876e-06,
      0.0011212857207283378,
      1.3545939054893097e-06,
      -3.852675945381634e-05,
      1.5804560007381951e-06,
      -0.0008129669004119933,
      3.158311074002995e-06
    ],
    [
      148.2660369873047,
      -2.5396630007890053e-05,
      131.07887268066406,
      0.0155109204351902,
      107.03053283691406,
      0.005141621455550194,
      168.75933837890625,
      0.001773187192156911,
      123.55567932128906,
      0.002593192970380187,
      192.33255004882812,
      0.0011212857207283378,
      208.84860229492188,
      0.0015717735514044762,
      208.4651336669922,
      0.01888822577893734,
      172.7974090576172,
      0.10197825729846954
    ],
    [
      -0.0009757468360476196,
      1.4044578833249943e-08,
      -0.00038753022090531886,
      9.426906217413489e-06,
      -0.000493802537675947,
      3.240171963625471e-06,
      0.001053027925081551,
      1.1608190106926486e-06,
      -0.00017954954819288105,
      2.23183542402694e-06,
      0.001189901027828455,
      1.3545939054893097e-06,
      0.0015717735514044762,
      1.8837076822819654e-06,
      2.4478758859913796e-05,
      2.4342132292076712e-06,
      -0.0010610619792714715,
      5.465566573548131e-06
    ],
    [
      84.72296142578125,
      -2.0756917365361005e-05,
      72.81072998046875,
      -0.0010287968907505274,
      106.01323699951172,
      -0.00040173091110773385,
      159.83534240722656,
      -0.0001222857681568712,
      141.6922149658203,
      -0.0004309114010538906,
      193.3492889404297,
      -3.852675945381634e-05,
      208.4651336669922,
      2.4478758859913796e-05,
      236.69003295898438,
      0.007358287926763296,
      205.508056640625,
      0.05532940849661827
    ],
    [
      0.07602343708276749,
      2.3725821307607475e-08,
      0.0681542381644249,
      9.258780664822552e-06,
      0.001469206064939499,
      3.2012517294788267e-06,
      0.020790468901395798,
      1.1759094604713027e-06,
      -0.003559401025995612,
      2.4467717594234273e-06,
      0.018341362476348877,
      1.5804560007381951e-06,
      0.01888822577893734,
      2.4342132292076712e-06,
      0.007358287926763296,
      2.1240435671643354e-05,
      0.0019196358043700457,
      8.369697025045753e-05
    ],
    [
      55.87208938598633,
      -1.81704690476181e-05,
      46.566925048828125,
      -0.010537189431488514,
      89.9405517578125,
      -0.00359999667853117,
      131.6554718017578,
      -0.0012314568739384413,
      124.37188720703125,
      -0.002219183137640357,
      161.24534606933594,
      -0.0008129669004119933,
      172.7974090576172,
      -0.0010610619792714715,
      205.508056640625,
      0.0019196358043700457,
      182.8045654296875,
      0.03135251626372337
    ],
    [
      0.34888380765914917,
      6.119416440242276e-08,
      0.31028640270233154,
      1.61304105859017e-05,
      0.01570422202348709,
      5.643951226375066e-06,
      0.11189992725849152,
      2.1408973225334194e-06,
      0.0035890834406018257,
      4.630664079741109e-06,
      0.10085035860538483,
      3.158311074002995e-06,
      0.10197825729846954,
      5.465566573548131e-06,
      0.05532940849661827,
      8.369697025045753e-05,
      0.03135251626372337,
      0.0003907179634552449
    ]
  ],
  "covariance_short": [
    [
      680.7938842773438,
      -8.438576332991943e-05,
      667.3848876953125,
      0.013930721208453178,
      279.0638122558594,
      0.019325051456689835,
      187.7561798095703,
      0.0023445524275302887,
      94.5565414428711,
      0.0025166035629808903,
      84.79617309570312,
      -0.0005037930677644908,
      76.29750061035156,
      -0.001547855674289167,
      33.56243133544922,
      0.07080329954624176,
      20.190370559692383,
      0.33585402369499207
    ],
    [
      -8.438576332991943e-05,
      1.6108715472640256e-09,
      -8.307521784445271e-05,
      -5.30970378775919e-10,
      -2.0764920918736607e-05,
      1.0401538519388964e-09,
      -3.232265225960873e-05,
      3.640452161945973e-09,
      4.663672825699905e-06,
      2.735280801857698e-08,
      -2.2162064851727337e-05,
      3.070379150926783e-08,
      -2.1182961063459516e-05,
      4.2221891760618746e-08,
      -1.6764583051553927e-05,
      7.220790365636276e-08,
      -1.3402413060248364e-05,
      1.7058343360076833e-07
    ],
    [
      667.3848876953125,
      -8.307521784445271e-05,
      659.1307983398438,
      0.014409090392291546,
      275.4833984375,
      0.019912000745534897,
      185.44003295898438,
      0.002453247318044305,
      88.77479553222656,
      0.0027061712462455034,
      81.20159149169922,
      -0.0003752565826289356,
      73.59945678710938,
      -0.0013788146898150444,
      32.27820587158203,
      0.07116185873746872,
      19.640117645263672,
      0.3333967924118042
    ],
    [
      0.013930721208453178,
      -5.30970378775919e-10,
      0.014409090392291546,
      0.000120863041956909,
      0.013282700441777706,
      0.00016704763402231038,
      0.012042424641549587,
      2.5139896024484187e-05,
      0.006626797839999199,
      4.229946716804989e-05,
      0.006096372846513987,
      1.7294602002948523e-05,
      0.005180762615054846,
      2.327427500858903e-05,
      -0.00044742150930687785,
      1.6542291632504202e-05,
      -0.001418392057530582,
      9.714980478747748e-06
    ],
    [
      279.0638122558594,
      -2.0764920918736607e-05,
      275.4833984375,
      0.013282700441777706,
      222.00143432617188,
      0.018477298319339752,
      162.71925354003906,
      0.0025546394754201174,
      163.3105010986328,
      0.003990162163972855,
      123.0257797241211,
      0.0016795077826827765,
      120.10777282714844,
      0.002216912107542157,
      94.8309097290039,
      0.03613255172967911,
      69.62094116210938,
      0.1913745254278183
    ],
    [
      0.019325051456689835,
      1.0401538519388964e-09,
      0.019912000745534897,
      0.00016704763402231038,
      0.018477298319339752,
      0.00023462325043510646,
      0.016818610951304436,
      3.491495590424165e-05,
      0.009514217264950275,
      5.9075449826195836e-05,
      0.008911964483559132,
      2.3831034923205152e-05,
      0.0078096468932926655,
      3.270980960223824e-05,
      -0.00033092484227381647,
      2.333490010641981e-05,
      -0.0020373628940433264,
      1.4198567441781051e-05
    ],
    [
      187.7561798095703,
      -3.232265225960873e-05,
      185.44003295898438,
      0.012042424641549587,
      162.71925354003906,
      0.016818610951304436,
      145.39239501953125,
      0.0022874407004565,
      131.5751190185547,
      0.0034140553325414658,
      113.89388275146484,
      0.0009034396498464048,
      112.7047348022461,
      0.0009418588015250862,
      93.56934356689453,
      0.013507758267223835,
      72.9091796875,
      0.09829104691743851
    ],
    [
      0.0023445524275302887,
      3.640452161945973e-09,
      0.002453247318044305,
      2.5139896024484187e-05,
      0.0025546394754201174,
      3.491495590424165e-05,
      0.0022874407004565,
      5.277207947074203e-06,
      0.0013544459361582994,
      8.950911251304206e-06,
      0.0011326411040499806,
      3.7488250654860167e-06,
      0.0009552426054142416,
      5.083030373498332e-06,
      -0.00017969369946513325,
      3.884675606968813e-06,
      -0.00036000501131638885,
      3.0106962185527664e-06
    ],
    [
      94.5565414428711,
      4.663672825699905e-06,
      88.77479553222656,
      0.006626797839999199,
      163.3105010986328,
      0.009514217264950275,
      131.5751190185547,
      0.0013544459361582994,
      205.482177734375,
      0.002478982787579298,
      146.58738708496094,
      0.0015987675869837403,
      144.55860900878906,
      0.002476839581504464,
      123.16705322265625,
      0.006229568738490343,
      90.30128479003906,
      0.09402509778738022
    ],
    [
      0.0025166035629808903,
      2.735280801857698e-08,
      0.0027061712462455034,
      4.229946716804989e-05,
      0.003990162163972855,
      5.9075449826195836e-05,
      0.0034140553325414658,
      8.950911251304206e-06,
      0.002478982787579298,
      1.592118678672705e-05,
      0.0017178870039060712,
      7.064445981086465e-06,
      0.0014883691910654306,
      9.662940101407003e-06,
      -0.0004307396593503654,
      8.096441888483241e-06,
      -0.0008039869135245681,
      8.088875802059192e-06
    ],
    [
      84.79617309570312,
      -2.2162064851727337e-05,
      81.20159149169922,
      0.006096372846513987,
      123.0257797241211,
      0.008911964483559132,
      113.89388275146484,
      0.0011326411040499806,
      146.58738708496094,
      0.0017178870039060712,
      125.68519592285156,
      0.00033574868575669825,
      125.8336410522461,
      0.00027459379634819925,
      108.1631088256836,
      -0.00583591777831316,
      83.02072143554688,
      0.028471138328313828
    ],
    [
      -0.0005037930677644908,
      3.070379150926783e-08,
      -0.0003752565826289356,
      1.7294602002948523e-05,
      0.0016795077826827765,
      2.3831034923205152e-05,
      0.0009034396498464048,
      3.7488250654860167e-06,
      0.0015987675869837403,
      7.064445981086465e-06,
      0.00033574868575669825,
      4.0967856875795405e-06,
      0.0001980314846150577,
      5.2932864491594955e-06,
      -0.0005057234084233642,
      5.329651685315184e-06,
      -0.0005562959122471511,
      7.082053343765438e-06
    ],
    [
      76.29750061035156,
      -2.1182961063459516e-05,
      73.59945678710938,
      0.005180762615054846,
      120.10777282714844,
      0.0078096468932926655,
      112.7047348022461,
      0.0009552426054142416,
      144.55860900878906,
      0.0014883691910654306,
      125.8336410522461,
      0.0001980314846150577,
      128.53652954101562,
      0.00020079892419744283,
      112.52872467041016,
      -0.00655402522534132,
      87.01398468017578,
      0.027608901262283325
    ],
    [
      -0.001547855674289167,
      4.2221891760618746e-08,
      -0.0013788146898150444,
      2.327427500858903e-05,
      0.002216912107542157,
      3.270980960223824e-05,
      0.0009418588015250862,
      5.083030373498332e-06,
      0.002476839581504464,
      9.662940101407003e-06,
      0.00027459379634819925,
      5.2932864491594955e-06,
      0.00020079892419744283,
      7.4958993536711205e-06,
      -0.0006882167654111981,
      8.342885848833248e-06,
      -0.0008187355706468225,
      1.3364910046220757e-05
    ],
    [
      33.56243133544922,
      -1.6764583051553927e-05,
      32.27820587158203,
      -0.00044742150930687785,
      94.8309097290039,
      -0.00033092484227381647,
      93.56934356689453,
      -0.00017969369946513325,
      123.16705322265625,
      -0.0004307396593503654,
      108.1631088256836,
      -0.0005057234084233642,
      112.52872467041016,
      -0.0006882167654111981,
      110.62954711914062,
      -0.009701487608253956,
      89.43343353271484,
      0.009141548536717892
    ],
    [
      0.07080329954624176,
      7.220790365636276e-08,
      0.07116185873746872,
      1.6542291632504202e-05,
      0.03613255172967911,
      2.333490010641981e-05,
      0.013507758267223835,
      3.884675606968813e-06,
      0.006229568738490343,
      8.096441888483241e-06,
      -0.00583591777831316,
      5.329651685315184e-06,
      -0.00655402522534132,
      8.342885848833248e-06,
      -0.009701487608253956,
      5.173976023797877e-05,
      -0.007591884583234787,
      0.00017095178191084415
    ],
    [
      20.190370559692383,
      -1.3402413060248364e-05,
      19.640117645263672,
      -0.001418392057530582,
      69.62094116210938,
      -0.0020373628940433264,
      72.9091796875,
      -0.00036000501131638885,
      90.30128479003906,
      -0.0008039869135245681,
      83.02072143554688,
      -0.0005562959122471511,
      87.01398468017578,
      -0.0008187355706468225,
      89.43343353271484,
      -0.007591884583234787,
      75.5757064819336,
      0.009040907956659794
    ],
    [
      0.33585402369499207,
      1.7058343360076833e-07,
      0.3333967924118042,
      9.714980478747748e-06,
      0.1913745254278183,
      1.4198567441781051e-05,
      0.09829104691743851,
      3.0106962185527664e-06,
      0.09402509778738022,
      8.088875802059192e-06,
      0.028471138328313828,
      7.082053343765438e-06,
      0.027608901262283325,
      1.3364910046220757e-05,
      0.009141548536717892,
      0.00017095178191084415,
      0.009040907956659794,
      0.0008935455116443336
    ]
  ],
  "damage": -6.182248592376709,
  "diff_bandwidth": 184.64306640625,
  "dissonance": 3.6175848392265815,
  "drr": 6.14449405670166,
  "dynamics": 10.845168113708496,
  "format": 1245190,
  "frames": 1488896,
  "loudness": -21.14427947998047,
  "loudness_range": 21.424091339111328,
  "loudness_range_short": 29.599746704101562,
  "lowpass_true_peak_15khz": -0.000310637173242867,
  "mastering3_acoustic_entropies": [
    {
      "acoustic_entropy": 5.454174995422363,
      "acoustic_entropy_mono": 5.454174995422363,
      "band_eliminated_acoustic_entropies": [
        {
          "acoustic_entropy": 5.404803276062012,
          "acoustic_entropy_side": 5.454174995422363,
          "hz": 129.47220167065723
        },
        {
          "acoustic_entropy": 4.853909492492676,
          "acoustic_entropy_side": 5.454174995422363,
          "hz": 202.92927478742237
        },
        {
          "acoustic_entropy": 5.6920366287231445,
          "acoustic_entropy_side": 5.454174995422363,
          "hz": 282.89161906338205
        },
        {
          "acoustic_entropy": 5.514109134674072,
          "acoustic_entropy_side": 5.454174995422363,
          "hz": 369.9353335868758
        },
        {
          "acoustic_entropy": 5.437912464141846,
          "acoustic_entropy_side": 5.454174995422363,
          "hz": 464.6875360973435
        },
        {
          "acoustic_entropy": 5.45792293548584,
          "acoustic_entropy_side": 5.454174995422363,
          "hz": 567.8308811364784
        },
        {
          "acoustic_entropy": 5.4561567306518555,
          "acoustic_entropy_side": 5.454174995422363,
          "hz": 680.1084783214808
        },
        {
          "acoustic_entropy": 5.50671911239624,
          "acoustic_entropy_side": 5.454174995422363,
          "hz": 802.3292461747484
        },
        {
          "acoustic_entropy": 5.486937999725342,
          "acoustic_entropy_side": 5.454174995422363,
          "hz": 935.3737400823702
        },
        {
          "acoustic_entropy": 5.4597954750061035,
          "acoustic_entropy_side": 5.454174995422363,
          "hz": 1080.2004963696966
        },
        {
          "acoustic_entropy": 5.461577415466309,
          "acoustic_entropy_side": 5.454174995422363,
          "hz": 1237.8529382007157
        },
        {
          "acoustic_entropy": 5.455187797546387,
          "acoustic_entropy_side": 5.454174995422363,
          "hz": 1409.4668930556702
        },
        {
          "acoustic_entropy": 5.454262733459473,
          "acoustic_entropy_side": 5.454174995422363,
          "hz": 1596.2787759475705
        },
        {
          "acoustic_entropy": 5.454895973205566,
          "acoustic_entropy_side": 5.454174995422363,
          "hz": 1799.6344973346393
        },
        {
          "acoustic_entropy": 5.383279800415039,
          "acoustic_entropy_side": 5.454174995422363,
          "hz": 2020.9991599069049
        },
        {
          "acoustic_entropy": 5.472748756408691,
          "acoustic_entropy_side": 5.454174995422363,
          "hz": 2261.9676141086993
        },
        {
          "acoustic_entropy": 5.4547119140625,
          "acoustic_entropy_side": 5.454174995422363,
          "hz": 2524.2759484456974
        },
        {
          "acoustic_entropy": 5.454300880432129,
          "acoustic_entropy_side": 5.454174995422363,
          "hz": 2809.813997359896
        },
        {
          "acoustic_entropy": 5.45512056350708,
          "acoustic_entropy_side": 5.454174995422363,
          "hz": 3120.6389567871424
        },
        {
          "acoustic_entropy": 5.45868444442749,
          "acoustic_entropy_side": 5.454174995422363,
          "hz": 3458.990205492291
        },
        {
          "acoustic_entropy": 5.458536148071289,
          "acoustic_entropy_side": 5.454174995422363,
          "hz": 3827.305438964164
        },
        {
          "acoustic_entropy": 5.456534385681152,
          "acoustic_entropy_side": 5.454174995422363,
          "hz": 4228.238232109126
        },
        {
          "acoustic_entropy": 5.473075866699219,
          "acoustic_entropy_side": 5.454174995422363,
          "hz": 4664.6771572759235
        },
        {
          "acoustic_entropy": 5.551806449890137,
          "acoustic_entropy_side": 5.454174995422363,
          "hz": 5139.766595350093
        },
        {
          "acoustic_entropy": 5.476908206939697,
          "acoustic_entropy_side": 5.454174995422363,
          "hz": 5656.929389854203
        },
        {
          "acoustic_entropy": 5.4579668045043945,
          "acoustic_entropy_side": 5.454174995422363,
          "hz": 6219.891507268283
        },
        {
          "acoustic_entropy": 5.462979793548584,
          "acoustic_entropy_side": 5.454174995422363,
          "hz": 6832.70888123896
        },
        {
          "acoustic_entropy": 5.465566635131836,
          "acoustic_entropy_side": 5.454174995422363,
          "hz": 7499.796634079867
        },
        {
          "acoustic_entropy": 5.456958770751953,
          "acoustic_entropy_side": 5.454174995422363,
          "hz": 8225.96088609342
        },
        {
          "acoustic_entropy": 5.472110271453857,
          "acoustic_entropy_side": 5.454174995422363,
          "hz": 9016.43338188839
        },
        {
          "acoustic_entropy": 5.479734897613525,
          "acoustic_entropy_side": 5.454174995422363,
          "hz": 9876.909183162974
        },
        {
          "acoustic_entropy": 5.456981182098389,
          "acoustic_entropy_side": 5.454174995422363,
          "hz": 10813.587699516042
        },
        {
          "acoustic_entropy": 5.460058689117432,
          "acoustic_entropy_side": 5.454174995422363,
          "hz": 11833.21735289826
        },
        {
          "acoustic_entropy": 5.459064960479736,
          "acoustic_entropy_side": 5.454174995422363,
          "hz": 12943.144197493959
        },
        {
          "acoustic_entropy": 5.470580101013184,
          "acoustic_entropy_side": 5.454174995422363,
          "hz": 14151.364845322005
        },
        {
          "acoustic_entropy": 5.45734167098999,
          "acoustic_entropy_side": 5.454174995422363,
          "hz": 15466.58407886509
        },
        {
          "acoustic_entropy": 5.45427131652832,
          "acoustic_entropy_side": 5.454174995422363,
          "hz": 16898.27756580493
        },
        {
          "acoustic_entropy": 5.454176425933838,
          "acoustic_entropy_side": 5.454174995422363,
          "hz": 18456.760127700032
        },
        {
          "acoustic_entropy": 5.4541754722595215,
          "acoustic_entropy_side": 5.454174995422363,
          "hz": 20153.260054456492
        },
        {
          "acoustic_entropy": 5.454174995422363,
          "acoustic_entropy_side": 5.454174995422363,
          "hz": 22000.00000000001
        }
      ],
      "diff_acoustic_entropy": 4.600295543670654,
      "sn": 6
    },
    {
      "acoustic_entropy": 7.573789119720459,
      "acoustic_entropy_mono": 7.573789119720459,
      "band_eliminated_acoustic_entropies": [
        {
          "acoustic_entropy": 7.783990859985352,
          "acoustic_entropy_side": 7.573789119720459,
          "hz": 129.47220167065723
        },
        {
          "acoustic_entropy": 7.178814888000488,
          "acoustic_entropy_side": 7.573789119720459,
          "hz": 202.92927478742237
        },
        {
          "acoustic_entropy": 7.90054988861084,
          "acoustic_entropy_side": 7.573789119720459,
          "hz": 282.89161906338205
        },
        {
          "acoustic_entropy": 7.649901390075684,
          "acoustic_entropy_side": 7.573789119720459,
          "hz": 369.9353335868758
        },
        {
          "acoustic_entropy": 7.571038722991943,
          "acoustic_entropy_side": 7.573789119720459,
          "hz": 464.6875360973435
        },
        {
          "acoustic_entropy": 7.621795177459717,
          "acoustic_entropy_side": 7.573789119720459,
          "hz": 567.8308811364784
        },
        {
          "acoustic_entropy": 7.628957748413086,
          "acoustic_entropy_side": 7.573789119720459,
          "hz": 680.1084783214808
        },
        {
          "acoustic_entropy": 7.62907600402832,
          "acoustic_entropy_side": 7.573789119720459,
          "hz": 802.3292461747484
        },
        {
          "acoustic_entropy": 7.695613384246826,
          "acoustic_entropy_side": 7.573789119720459,
          "hz": 935.3737400823702
        },
        {
          "acoustic_entropy": 7.622461795806885,
          "acoustic_entropy_side": 7.573789119720459,
          "hz": 1080.2004963696966
        },
        {
          "acoustic_entropy": 7.577352046966553,
          "acoustic_entropy_side": 7.573789119720459,
          "hz": 1237.8529382007157
        },
        {
          "acoustic_entropy": 7.5698652267456055,
          "acoustic_entropy_side": 7.573789119720459,
          "hz": 1409.4668930556702
        },
        {
          "acoustic_entropy": 7.565049648284912,
          "acoustic_entropy_side": 7.573789119720459,
          "hz": 1596.2787759475705
        },
        {
          "acoustic_entropy": 7.5495924949646,
          "acoustic_entropy_side": 7.573789119720459,
          "hz": 1799.6344973346393
        },
        {
          "acoustic_entropy": 7.074431419372559,
          "acoustic_entropy_side": 7.573789119720459,
          "hz": 2020.9991599069049
        },
        {
          "acoustic_entropy": 7.465195655822754,
          "acoustic_entropy_side": 7.573789119720459,
          "hz": 2261.9676141086993
        },
        {
          "acoustic_entropy": 7.558199882507324,
          "acoustic_entropy_side": 7.573789119720459,
          "hz": 2524.2759484456974
        },
        {
          "acoustic_entropy": 7.569050312042236,
          "acoustic_entropy_side": 7.573789119720459,
          "hz": 2809.813997359896
        },
        {
          "acoustic_entropy": 7.560029983520508,
          "acoustic_entropy_side": 7.573789119720459,
          "hz": 3120.6389567871424
        },
        {
          "acoustic_entropy": 7.442131042480469,
          "acoustic_entropy_side": 7.573789119720459,
          "hz": 3458.990205492291
        },
        {
          "acoustic_entropy": 7.519504547119141,
          "acoustic_entropy_side": 7.573789119720459,
          "hz": 3827.305438964164
        },
        {
          "acoustic_entropy": 7.544702529907227,
          "acoustic_entropy_side": 7.573789119720459,
          "hz": 4228.238232109126
        },
        {
          "acoustic_entropy": 7.527407169342041,
          "acoustic_entropy_side": 7.573789119720459,
          "hz": 4664.6771572759235
        },
        {
          "acoustic_entropy": 6.971735000610352,
          "acoustic_entropy_side": 7.573789119720459,
          "hz": 5139.766595350093
        },
        {
          "acoustic_entropy": 7.4566755294799805,
          "acoustic_entropy_side": 7.573789119720459,
          "hz": 5656.929389854203
        },
        {
          "acoustic_entropy": 7.5043158531188965,
          "acoustic_entropy_side": 7.573789119720459,
          "hz": 6219.891507268283
        },
        {
          "acoustic_entropy": 7.4844489097595215,
          "acoustic_entropy_side": 7.573789119720459,
          "hz": 6832.70888123896
        },
        {
          "acoustic_entropy": 7.417733669281006,
          "acoustic_entropy_side": 7.573789119720459,
          "hz": 7499.796634079867
        },
        {
          "acoustic_entropy": 7.484747886657715,
          "acoustic_entropy_side": 7.573789119720459,
          "hz": 8225.96088609342
        },
        {
          "acoustic_entropy": 7.394059658050537,
          "acoustic_entropy_side": 7.573789119720459,
          "hz": 9016.43338188839
        },
        {
          "acoustic_entropy": 7.393185138702393,
          "acoustic_entropy_side": 7.573789119720459,
          "hz": 9876.909183162974
        },
        {
          "acoustic_entropy": 7.492126941680908,
          "acoustic_entropy_side": 7.573789119720459,
          "hz": 10813.587699516042
        },
        {
          "acoustic_entropy": 7.4323225021362305,
          "acoustic_entropy_side": 7.573789119720459,
          "hz": 11833.21735289826
        },
        {
          "acoustic_entropy": 7.454855442047119,
          "acoustic_entropy_side": 7.573789119720459,
          "hz": 12943.144197493959
        },
        {
          "acoustic_entropy": 7.380492687225342,
          "acoustic_entropy_side": 7.573789119720459,
          "hz": 14151.364845322005
        },
        {
          "acoustic_entropy": 7.461673259735107,
          "acoustic_entropy_side": 7.573789119720459,
          "hz": 15466.58407886509
        },
        {
          "acoustic_entropy": 7.566024303436279,
          "acoustic_entropy_side": 7.573789119720459,
          "hz": 16898.27756580493
        },
        {
          "acoustic_entropy": 7.57368803024292,
          "acoustic_entropy_side": 7.573789119720459,
          "hz": 18456.760127700032
        },
        {
          "acoustic_entropy": 7.573789119720459,
          "acoustic_entropy_side": 7.573789119720459,
          "hz": 20153.260054456492
        },
        {
          "acoustic_entropy": 7.573789119720459,
          "acoustic_entropy_side": 7.573789119720459,
          "hz": 22000.00000000001
        }
      ],
      "diff_acoustic_entropy": 6.464965343475342,
      "sn": 12
    },
    {
      "acoustic_entropy": 11.599326133728027,
      "acoustic_entropy_mono": 11.599326133728027,
      "band_eliminated_acoustic_entropies": [
        {
          "acoustic_entropy": 11.657010078430176,
          "acoustic_entropy_side": 11.599326133728027,
          "hz": 129.47220167065723
        },
        {
          "acoustic_entropy": 11.47275447845459,
          "acoustic_entropy_side": 11.599326133728027,
          "hz": 202.92927478742237
        },
        {
          "acoustic_entropy": 11.867496490478516,
          "acoustic_entropy_side": 11.599326133728027,
          "hz": 282.89161906338205
        },
        {
          "acoustic_entropy": 11.780375480651855,
          "acoustic_entropy_side": 11.599326133728027,
          "hz": 369.9353335868758
        },
        {
          "acoustic_entropy": 11.42929458618164,
          "acoustic_entropy_side": 11.599326133728027,
          "hz": 464.6875360973435
        },
        {
          "acoustic_entropy": 11.631664276123047,
          "acoustic_entropy_side": 11.599326133728027,
          "hz": 567.8308811364784
        },
        {
          "acoustic_entropy": 11.673921585083008,
          "acoustic_entropy_side": 11.599326133728027,
          "hz": 680.1084783214808
        },
        {
          "acoustic_entropy": 12.350943565368652,
          "acoustic_entropy_side": 11.599326133728027,
          "hz": 802.3292461747484
        },
        {
          "acoustic_entropy": 12.159045219421387,
