{
  "acoustic_entropy": 150.22186279296875,
  "bands": [
    {
      "high_freq": 148.1999969482422,
      "loudness": -40.189727783203125,
      "loudness_range": 19.848052978515625,
      "mid_mean": -37.67074966430664,
      "mid_to_side_loudness": -5.469818115234375,
      "mid_to_side_loudness_range": 7.445573806762695,
      "side_mean": -43.16352844238281
    },
    {
      "high_freq": 392.3793640136719,
      "loudness": -28.577402114868164,
      "loudness_range": 17.475374221801758,
      "low_freq": 148.1999969482422,
      "mid_mean": -26.250934600830078,
      "mid_to_side_loudness": -4.968441009521484,
      "mid_to_side_loudness_range": 8.6225004196167,
      "side_mean": -31.283857345581055
    },
    {
      "high_freq": 794.6976318359375,
      "loudness": -23.31523323059082,
      "loudness_range": 19.734764099121094,
      "low_freq": 392.3793640136719,
      "mid_mean": -21.67894744873047,
      "mid_to_side_loudness": -3.6753015518188477,
      "mid_to_side_loudness_range": 14.851188659667969,
      "side_mean": -25.3857421875
    },
    {
      "high_freq": 1457.5709228515625,
      "loudness": -24.97138786315918,
      "loudness_range": 20.16494369506836,
      "low_freq": 794.6976318359375,
      "mid_mean": -22.895463943481445,
      "mid_to_side_loudness": -3.938915491104126,
      "mid_to_side_loudness_range": 7.3054375648498535,
      "side_mean": -26.890336990356445
    },
    {
      "high_freq": 2549.74365234375,
      "loudness": -31.629756927490234,
      "loudness_range": 16.276248931884766,
      "low_freq": 1457.5709228515625,
      "mid_mean": -29.224245071411133,
      "mid_to_side_loudness": -5.657166481018066,
      "mid_to_side_loudness_range": 9.575664520263672,
      "side_mean": -34.961544036865234
    },
    {
      "high_freq": 4349.24462890625,
      "loudness": -39.09857177734375,
      "loudness_range": 18.266658782958984,
      "low_freq": 2549.74365234375,
      "mid_mean": -36.69548416137695,
      "mid_to_side_loudness": -5.267323970794678,
      "mid_to_side_loudness_range": 7.2318339347839355,
      "side_mean": -41.96302795410156
    },
    {
      "high_freq": 7314.1640625,
      "loudness": -49.52192306518555,
      "loudness_range": 22.87615203857422,
      "low_freq": 4349.24462890625,
      "mid_mean": -47.50324630737305,
      "mid_to_side_loudness": -5.413501262664795,
      "mid_to_side_loudness_range": 6.471340179443359,
      "side_mean": -52.9276008605957
    },
    {
      "high_freq": 12199.2666015625,
      "loudness": -59.798011779785156,
      "loudness_range": 21.154273986816406,
      "low_freq": 7314.1640625,
      "mid_mean": -56.93241882324219,
      "mid_to_side_loudness": -5.2241411209106445,
      "mid_to_side_loudness_range": 5.429595947265625,
      "side_mean": -61.06802749633789
    },
    {
      "loudness": -64.89218139648438,
      "loudness_range": 2.71234130859375,
      "low_freq": 12199.2666015625,
      "mid_mean": -61.46956253051758,
      "mid_to_side_loudness": -6.016452789306641,
      "mid_to_side_loudness_range": 0.8402643203735352,
      "side_mean": -65.9509506225586
    }
  ],
  "bands_short": [
    {
      "high_freq": 148.1999969482422,
      "loudness": -46.4205207824707,
      "loudness_range": 23.783981323242188,
      "mid_mean": -44.03562927246094,
      "mid_to_side_loudness": -5.152060031890869,
      "mid_to_side_loudness_range": 8.976229667663574,
      "side_mean": -49.30074691772461
    },
    {
      "high_freq": 392.3793640136719,
      "loudness": -31.963668823242188,
      "loudness_range": 26.635013580322266,
      "low_freq": 148.1999969482422,
      "mid_mean": -29.761545181274414,
      "mid_to_side_loudness": -5.049810886383057,
      "mid_to_side_loudness_range": 10.802885055541992,
      "side_mean": -34.724822998046875
    },
    {
      "high_freq": 794.6976318359375,
      "loudness": -26.806537628173828,
      "loudness_range": 28.637374877929688,
      "low_freq": 392.3793640136719,
      "mid_mean": -25.32886505126953,
      "mid_to_side_loudness": -3.4929559230804443,
      "mid_to_side_loudness_range": 14.597054481506348,
      "side_mean": -29.00947380065918
    },
    {
      "high_freq": 1457.5709228515625,
      "loudness": -27.887653350830078,
      "loudness_range": 27.69873809814453,
      "low_freq": 794.6976318359375,
      "mid_mean": -25.97892189025879,
      "mid_to_side_loudness": -4.113781929016113,
      "mid_to_side_loudness_range": 9.883768081665039,
      "side_mean": -30.21725082397461
    },
    {
      "high_freq": 2549.74365234375,
      "loudness": -35.10178756713867,
      "loudness_range": 24.626487731933594,
      "low_freq": 1457.5709228515625,
      "mid_mean": -32.84138488769531,
      "mid_to_side_loudness": -5.408144474029541,
      "mid_to_side_loudness_range": 11.828298568725586,
      "side_mean": -38.329898834228516
    },
    {
      "high_freq": 4349.24462890625,
      "loudness": -41.75857162475586,
      "loudness_range": 26.315322875976562,
      "low_freq": 2549.74365234375,
      "mid_mean": -39.38565444946289,
      "mid_to_side_loudness": -5.513547897338867,
      "mid_to_side_loudness_range": 9.09255313873291,
      "side_mean": -45.072174072265625
    },
    {
      "high_freq": 7314.1640625,
      "loudness": -54.46908950805664,
      "loudness_range": 31.6552734375,
      "low_freq": 4349.24462890625,
      "mid_mean": -51.9768180847168,
      "mid_to_side_loudness": -5.33501672744751,
      "mid_to_side_loudness_range": 7.428198337554932,
      "side_mean": -56.60895919799805
    },
    {
      "high_freq": 12199.2666015625,
      "loudness": -62.69708251953125,
      "loudness_range": 21.142074584960938,
      "low_freq": 7314.1640625,
      "mid_mean": -59.3936653137207,
      "mid_to_side_loudness": -5.863543510437012,
      "mid_to_side_loudness_range": 6.047821521759033,
      "side_mean": -63.64452362060547
    },
    {
      "loudness": -65.03866577148438,
      "loudness_range": 2.2492332458496094,
      "low_freq": 12199.2666015625,
      "mid_mean": -61.59231185913086,
      "mid_to_side_loudness": -6.018235206604004,
      "mid_to_side_loudness_range": 1.480790615081787,
      "side_mean": -66.03609466552734
    }
  ],
  "bandwidth": 750.568115234375,
  "channels": 2,
  "covariance": [
    [
      43.252532958984375,
      43.43964385986328,
      10.489418983459473,
      11.99097728729248,
      3.962331533432007,
      5.449544429779053,
      -3.2369942665100098,
      0.5260802507400513,
      5.354595184326172,
      3.4132704734802246,
      6.011106491088867,
      5.100929260253906,
      4.873672962188721,
      6.153126239776611,
      0.702960193157196,
      1.3134796619415283,
      0.16061273217201233,
      0.19355793297290802
    ],
    [
      43.43964385986328,
      48.934200286865234,
      8.559211730957031,
      13.548664093017578,
      4.698771953582764,
      4.816936016082764,
      -2.2741568088531494,
      1.9124363660812378,
      5.688739776611328,
      3.37292742729187,
      7.0050835609436035,
      5.870484828948975,
      5.823827266693115,
      7.434546947479248,
      1.4652584791183472,
      2.053861379623413,
      0.3196449875831604,
      0.3120577335357666
    ],
    [
      10.489418983459473,
      8.559211730957031,
      36.062416076660156,
      30.916088104248047,
      8.544474601745605,
      18.552940368652344,
      -3.4991328716278076,
      -4.572017192840576,
      7.804869651794434,
      16.302249908447266,
      4.9070587158203125,
      1.9948821067810059,
      3.978299140930176,
      -0.06753145158290863,
      -3.0619194507598877,
      -1.8193870782852173,
      -0.43131065368652344,
      -0.280887246131897
    ],
    [
      11.99097728729248,
      13.548664093017578,
      30.916088104248047,
      34.82276916503906,
      10.083636283874512,
      17.168519973754883,
      -2.6228206157684326,
      -2.3472585678100586,
      10.166993141174316,
      17.847780227661133,
      9.426803588867188,
      5.89093542098999,
      8.258866310119629,
      5.341114044189453,
      0.17487391829490662,
      1.0733757019042969,
      -0.11789713054895401,
      0.0016547413542866707
    ],
    [
      3.962331533432007,
      4.698771953582764,
      8.544474601745605,
      10.083636283874512,
      53.17207717895508,
      40.30743408203125,
      8.163135528564453,
      11.566389083862305,
      25.481292724609375,
      20.97671127319336,
      25.215065002441406,
      22.649215698242188,
      28.027355194091797,
      26.041410446166992,
      15.51154613494873,
      11.83895492553711,
      0.98091721534729,
      1.010810136795044
    ],
    [
      5.449544429779053,
      4.816936016082764,
      18.552940368652344,
      17.168519973754883,
      40.30743408203125,
      49.869529724121094,
      7.261990070343018,
      8.379948616027832,
      26.449689865112305,
      28.757366180419922,
      23.525970458984375,
      21.408321380615234,
      23.891162872314453,
      20.54259490966797,
      14.459057807922363,
      13.091141700744629,
      1.005543828010559,
      1.0786503553390503
    ],
    [
      -3.2369942665100098,
      -2.2741568088531494,
      -3.4991328716278076,
      -2.6228206157684326,
      8.163135528564453,
      7.261990070343018,
      47.88421630859375,
      47.54707717895508,
      21.012046813964844,
      15.800979614257812,
      20.352354049682617,
      23.70185089111328,
      31.33616828918457,
      29.515169143676758,
      25.408376693725586,
      27.19158935546875,
      2.572664737701416,
      2.106994867324829
    ],
    [
      0.5260802507400513,
      1.9124363660812378,
      -4.572017192840576,
      -2.3472585678100586,
      11.566389083862305,
      8.379948616027832,
      47.54707717895508,
      54.724281311035156,
      24.074350357055664,
      17.31450653076172,
      23.731332778930664,
      27.08563232421875,
      35.385223388671875,
      34.75395584106445,
      29.156330108642578,
      30.38603973388672,
      2.731736183166504,
      2.2805912494659424
    ],
    [
      5.354595184326172,
      5.688739776611328,
      7.804869651794434,
      10.166993141174316,
      25.481292724609375,
      26.449689865112305,
      21.012046813964844,
      24.074350357055664,
      35.36957931518555,
      29.285964965820312,
      29.935344696044922,
      27.11231231689453,
      34.935882568359375,
      32.76939010620117,
      23.15133285522461,
      23.22694969177246,
      2.3490610122680664,
      2.0968754291534424
    ],
    [
      3.4132704734802246,
      3.37292742729187,
      16.302249908447266,
      17.847780227661133,
      20.97671127319336,
      28.757366180419922,
      15.800979614257812,
      17.31450653076172,
      29.285964965820312,
      34.987430572509766,
      26.03443145751953,
      24.37862777709961,
      29.306962966918945,
      26.564756393432617,
      18.503890991210938,
      18.923269271850586,
      1.8126229047775269,
      1.7051676511764526
    ],
    [
      6.011106491088867,
      7.0050835609436035,
      4.9070587158203125,
      9.426803588867188,
      25.215065002441406,
      23.525970458984375,
      20.352354049682617,
      23.731332778930664,
      29.935344696044922,
      26.03443145751953,
      42.13261032104492,
      38.8553352355957,
      46.399085998535156,
      45.085750579833984,
      29.37224769592285,
      28.242021560668945,
      2.7219059467315674,
      2.2710788249969482
    ],
    [
      5.100929260253906,
      5.870484828948975,
      1.9948821067810059,
      5.89093542098999,
      22.649215698242188,
      21.408321380615234,
      23.70185089111328,
      27.08563232421875,
      27.11231231689453,
      24.37862777709961,
      38.8553352355957,
      42.652828216552734,
      46.41153335571289,
      46.9723014831543,
      31.63142204284668,
      30.427518844604492,
      2.813616991043091,
      2.360541582107544
    ],
    [
      4.873672962188721,
      5.823827266693115,
      3.978299140930176,
      8.258866310119629,
      28.027355194091797,
      23.891162872314453,
      31.33616828918457,
      35.385223388671875,
      34.935882568359375,
      29.306962966918945,
      46.399085998535156,
      46.41153335571289,
      69.24646759033203,
      65.83580017089844,
      45.151329040527344,
      44.03127670288086,
      3.9699394702911377,
      3.1995630264282227
    ],
    [
      6.153126239776611,
      7.434546947479248,
      -0.06753145158290863,
      5.341114044189453,
      26.041410446166992,
      20.54259490966797,
      29.515169143676758,
      34.75395584106445,
      32.76939010620117,
      26.564756393432617,
      45.085750579833984,
      46.9723014831543,
      65.83580017089844,
      71.34422302246094,
      47.77414321899414,
      45.146785736083984,
      5.828219413757324,
      4.116365909576416
    ],
    [
      0.702960193157196,
      1.4652584791183472,
      -3.0619194507598877,
      0.17487391829490662,
      15.51154613494873,
      14.459057807922363,
      25.408376693725586,
      29.156330108642578,
      23.15133285522461,
      18.503890991210938,
      29.37224769592285,
      31.63142204284668,
      45.151329040527344,
      47.77414321899414,
      42.61399459838867,
      40.840824127197266,
      5.26016902923584,
      3.7693941593170166
    ],
    [
      1.3134796619415283,
      2.053861379623413,
      -1.8193870782852173,
      1.0733757019042969,
      11.83895492553711,
      13.091141700744629,
      27.19158935546875,
      30.38603973388672,
      23.22694969177246,
      18.923269271850586,
      28.242021560668945,
      30.427518844604492,
      44.03127670288086,
      45.146785736083984,
      40.840824127197266,
      41.89128112792969,
      4.98775053024292,
      3.661621570587158
    ],
    [
      0.16061273217201233,
      0.3196449875831604,
      -0.43131065368652344,
      -0.11789713054895401,
      0.98091721534729,
      1.005543828010559,
      2.572664737701416,
      2.731736183166504,
      2.3490610122680664,
      1.8126229047775269,
      2.7219059467315674,
      2.813616991043091,
      3.9699394702911377,
      5.828219413757324,
      5.26016902923584,
      4.98775053024292,
      1.5167527198791504,
      0.9299421310424805
    ],
    [
      0.19355793297290802,
      0.3120577335357666,
      -0.280887246131897,
      0.0016547413542866707,
      1.010810136795044,
      1.0786503553390503,
      2.106994867324829,
      2.2805912494659424,
      2.0968754291534424,
      1.7051676511764526,
      2.2710788249969482,
      2.360541582107544,
      3.1995630264282227,
      4.116365909576416,
      3.7693941593170166,
      3.661621570587158,
      0.9299421310424805,
      0.6348171234130859
    ]
  ],
  "covariance_short": [
    [
      63.29951858520508,
      59.11654281616211,
      27.604713439941406,
      26.54743766784668,
      20.83493423461914,
      23.30971336364746,
      13.22258472442627,
      17.13958168029785,
      20.975093841552734,
      19.247547149658203,
      21.04561996459961,
      18.36540412902832,
      21.794464111328125,
      21.570924758911133,
      9.623053550720215,
      9.672816276550293,
      1.104828953742981,
      0.9863646030426025
    ],
    [
      59.11654281616211,
      67.4327163696289,
      24.389902114868164,
      26.816673278808594,
      18.495285034179688,
      20.380369186401367,
      12.168718338012695,
      15.923444747924805,
      18.99390983581543,
      17.546789169311523,
      19.48776626586914,
      16.6536808013916,
      22.04460906982422,
      21.7982177734375,
      9.779688835144043,
      9.380677223205566,
      1.5490041971206665,
      1.2116875648498535
    ],
    [
      27.604713439941406,
      24.389902114868164,
      89.56732177734375,
      79.93001556396484,
      38.83650588989258,
      50.32781219482422,
      22.272056579589844,
      22.413057327270508,
      35.050506591796875,
      48.10394287109375,
      30.66640281677246,
      29.728261947631836,
      28.513086318969727,
      22.35062599182129,
      7.083340644836426,
      8.762853622436523,
      0.611437976360321,
      0.5776821374893188
    ],
    [
      26.54743766784668,
      26.816673278808594,
      79.93001556396484,
      85.22990417480469,
      38.53732681274414,
      48.120582580566406,
      24.235403060913086,
      25.406721115112305,
      36.21690368652344,
      48.471923828125,
      34.61871337890625,
      32.274898529052734,
      32.18315887451172,
      26.68175506591797,
      10.047287940979004,
      11.181734085083008,
      0.9752317667007446,
      0.9301237463951111
    ],
    [
      20.83493423461914,
      18.495285034179688,
      38.83650588989258,
      38.53732681274414,
      98.36858367919922,
      82.3407211303711,
      29.40190887451172,
      32.7945671081543,
      53.65964889526367,
      50.64762496948242,
      50.67603302001953,
      50.7857666015625,
      52.729652404785156,
      47.07050323486328,
      24.759395599365234,
      20.900394439697266,
      2.0970797538757324,
      2.016103744506836
    ],
    [
      23.30971336364746,
      20.380369186401367,
      50.32781219482422,
      48.120582580566406,
      82.3407211303711,
      95.83495330810547,
      32.64977264404297,
      35.377254486083984,
      56.14640426635742,
      59.033363342285156,
      50.408565521240234,
      51.202274322509766,
      51.76515579223633,
      45.571529388427734,
      24.735641479492188,
      23.124174118041992,
      2.1152517795562744,
      2.096726179122925
    ],
    [
      13.22258472442627,
      12.168718338012695,
      22.272056579589844,
      24.235403060913086,
      29.40190887451172,
      32.64977264404297,
      85.9096450805664,
      79.19182586669922,
      50.74785614013672,
      48.852577209472656,
      56.763023376464844,
      56.054141998291016,
      58.863304138183594,
      54.004127502441406,
      31.9389705657959,
      32.08564376831055,
      3.6079163551330566,
      3.1757140159606934
    ],
    [
      17.13958168029785,
      15.923444747924805,
      22.413057327270508,
      25.406721115112305,
      32.7945671081543,
      35.377254486083984,
      79.19182586669922,
      91.73017883300781,
      54.110137939453125,
      51.753639221191406,
      60.220550537109375,
      58.78084182739258,
      63.44038772583008,
      58.85865783691406,
      35.188350677490234,
      35.0554084777832,
      3.86667537689209,
      3.4231176376342773
    ],
    [
      20.975093841552734,
      18.99390983581543,
      35.050506591796875,
      36.21690368652344,
      53.65964889526367,
      56.14640426635742,
      50.74785614013672,
      54.110137939453125,
      70.84304809570312,
      62.4540901184082,
      60.98820877075195,
      59.29740905761719,
      63.77845001220703,
      57.685394287109375,
      32.91795349121094,
      32.11811065673828,
      3.508636713027954,
      3.2092154026031494
    ],
    [
      19.247547149658203,
      17.546789169311523,
      48.10394287109375,
      48.471923828125,
      50.64762496948242,
      59.033363342285156,
      48.852577209472656,
      51.753639221191406,
      62.4540901184082,
      73.78179168701172,
      57.78282928466797,
      57.421546936035156,
      60.02120590209961,
      53.24531555175781,
      29.781408309936523,
      29.785158157348633,
      3.221205949783325,
      2.9572110176086426
    ],
    [
      21.04561996459961,
      19.48776626586914,
      30.66640281677246,
      34.61871337890625,
      50.67603302001953,
      50.408565521240234,
      56.763023376464844,
      60.220550537109375,
      60.98820877075195,
      57.78282928466797,
      79.07827758789062,
      72.05615997314453,
      75.77139282226562,
      69.73746490478516,
      37.800575256347656,
      36.30986022949219,
      3.949866533279419,
      3.498728036880493
    ],
    [
      18.36540412902832,
      16.6536808013916,
      29.728261947631836,
      32.274898529052734,
      50.7857666015625,
      51.202274322509766,
      56.054141998291016,
      58.78084182739258,
      59.29740905761719,
      57.421546936035156,
      72.05615997314453,
      77.20820617675781,
      76.63671875,
      70.75201416015625,
      39.649776458740234,
      37.7862663269043,
      4.0356879234313965,
      3.5945444107055664
    ],
    [
      21.794464111328125,
      22.04460906982422,
      28.513086318969727,
      32.18315887451172,
      52.729652404785156,
      51.76515579223633,
      58.863304138183594,
      63.44038772583008,
      63.77845001220703,
      60.02120590209961,
      75.77139282226562,
      76.63671875,
      102.0271224975586,
      90.85469818115234,
      53.03620529174805,
      49.21937561035156,
      7.135900497436523,
      5.391031265258789
    ],
    [
      21.570924758911133,
      21.7982177734375,
      22.35062599182129,
      26.68175506591797,
      47.07050323486328,
      45.571529388427734,
      54.004127502441406,
      58.85865783691406,
      57.685394287109375,
      53.24531555175781,
      69.73746490478516,
      70.75201416015625,
      90.85469818115234,
      86.70777893066406,
      49.85395431518555,
      46.264671325683594,
      6.449710369110107,
      4.991075038909912
    ],
    [
      9.623053550720215,
      9.779688835144043,
      7.083340644836426,
      10.047287940979004,
      24.759395599365234,
      24.735641479492188,
      31.9389705657959,
      35.188350677490234,
      32.91795349121094,
      29.781408309936523,
      37.800575256347656,
      39.649776458740234,
      53.03620529174805,
      49.85395431518555,
      40.801239013671875,
      37.31912612915039,
      5.523331642150879,
      4.271549701690674
    ],
    [
      9.672816276550293,
      9.380677223205566,
      8.762853622436523,
      11.181734085083008,
      20.900394439697266,
      23.124174118041992,
      32.08564376831055,
      35.0554084777832,
      32.11811065673828,
      29.785158157348633,
      36.30986022949219,
      37.7862663269043,
      49.21937561035156,
      46.264671325683594,
      37.31912612915039,
      37.652183532714844,
      5.189147472381592,
      4.10335636138916
    ],
    [
      1.104828953742981,
      1.5490041971206665,
      0.611437976360321,
      0.9752317667007446,
      2.0970797538757324,
      2.1152517795562744,
      3.6079163551330566,
      3.86667537689209,
      3.508636713027954,
      3.221205949783325,
      3.949866533279419,
      4.0356879234313965,
      7.135900497436523,
      6.449710369110107,
      5.523331642150879,
      5.189147472381592,
      1.935389518737793,
      1.2551515102386475
    ],
    [
      0.9863646030426025,
      1.2116875648498535,
      0.5776821374893188,
      0.9301237463951111,
      2.016103744506836,
      2.096726179122925,
      3.1757140159606934,
      3.4231176376342773,
      3.2092154026031494,
      2.9572110176086426,
      3.498728036880493,
      3.5945444107055664,
      5.391031265258789,
      4.991075038909912,
      4.271549701690674,
      4.10335636138916,
      1.2551515102386475,
      0.9723334312438965
    ]
  ],
  "damage": -5.763179302215576,
  "diff_bandwidth": 776.169189453125,
  "dissonance": 4.716687884260235,
  "drr": 1.1481963396072388,
  "dynamics": 4.645457744598389,
  "format": 1245190,
  "frames": 6285248,
  "loudness": -13.747664451599121,
  "loudness_range": 10.897530555725098,
  "loudness_range_short": 22.576404571533203,
  "lowpass_true_peak_15khz": 0.13694187998771667,
  "mastering3_acoustic_entropies": [
    {
      "acoustic_entropy": 9.278414726257324,
      "acoustic_entropy_mono": 8.557177543640137,
      "band_eliminated_acoustic_entropies": [
        {
          "acoustic_entropy": 9.278543472290039,
          "acoustic_entropy_side": 9.278419494628906,
          "hz": 129.47220167065723
        },
        {
          "acoustic_entropy": 9.21713924407959,
          "acoustic_entropy_side": 9.276535034179688,
          "hz": 202.92927478742237
        },
        {
          "acoustic_entropy": 9.164525985717773,
          "acoustic_entropy_side": 9.256415367126465,
          "hz": 282.89161906338205
        },
        {
          "acoustic_entropy": 8.855571746826172,
          "acoustic_entropy_side": 9.21530532836914,
          "hz": 369.9353335868758
        },
        {
          "acoustic_entropy": 8.652742385864258,
          "acoustic_entropy_side": 9.219328880310059,
          "hz": 464.6875360973435
        },
        {
          "acoustic_entropy": 9.251782417297363,
          "acoustic_entropy_side": 9.120829582214355,
          "hz": 567.8308811364784
        },
        {
          "acoustic_entropy": 8.24041748046875,
          "acoustic_entropy_side": 9.02269458770752,
          "hz": 680.1084783214808
        },
        {
          "acoustic_entropy": 8.622676849365234,
          "acoustic_entropy_side": 9.16598892211914,
          "hz": 802.3292461747484
        },
        {
          "acoustic_entropy": 8.775352478027344,
          "acoustic_entropy_side": 9.479061126708984,
          "hz": 935.3737400823702
        },
        {
          "acoustic_entropy": 8.881203651428223,
          "acoustic_entropy_side": 9.4362154006958,
          "hz": 1080.2004963696966
        },
        {
          "acoustic_entropy": 8.506357192993164,
          "acoustic_entropy_side": 9.165839195251465,
          "hz": 1237.8529382007157
        },
        {
          "acoustic_entropy": 8.72870922088623,
          "acoustic_entropy_side": 9.443588256835938,
          "hz": 1409.4668930556702
        },
        {
          "acoustic_entropy": 9.009834289550781,
          "acoustic_entropy_side": 9.260344505310059,
          "hz": 1596.2787759475705
        },
        {
          "acoustic_entropy": 8.728195190429688,
          "acoustic_entropy_side": 9.267521858215332,
          "hz": 1799.6344973346393
        },
        {
          "acoustic_entropy": 9.084671020507812,
          "acoustic_entropy_side": 9.268815994262695,
          "hz": 2020.9991599069049
        },
        {
          "acoustic_entropy": 9.274608612060547,
          "acoustic_entropy_side": 9.270618438720703,
          "hz": 2261.9676141086993
        },
        {
          "acoustic_entropy": 9.216707229614258,
          "acoustic_entropy_side": 9.282880783081055,
          "hz": 2524.2759484456974
        },
        {
          "acoustic_entropy": 9.387898445129395,
          "acoustic_entropy_side": 9.286394119262695,
          "hz": 2809.813997359896
        },
        {
          "acoustic_entropy": 9.277436256408691,
          "acoustic_entropy_side": 9.276371955871582,
          "hz": 3120.6389567871424
        },
        {
          "acoustic_entropy": 9.287261962890625,
          "acoustic_entropy_side": 9.281119346618652,
          "hz": 3458.990205492291
        },
        {
          "acoustic_entropy": 9.297922134399414,
          "acoustic_entropy_side": 9.279850006103516,
          "hz": 3827.305438964164
        },
        {
          "acoustic_entropy": 9.310606002807617,
          "acoustic_entropy_side": 9.281205177307129,
          "hz": 4228.238232109126
        },
        {
          "acoustic_entropy": 9.286747932434082,
          "acoustic_entropy_side": 9.279501914978027,
          "hz": 4664.6771572759235
        },
        {
          "acoustic_entropy": 9.279712677001953,
          "acoustic_entropy_side": 9.27874755859375,
          "hz": 5139.766595350093
        },
        {
          "acoustic_entropy": 9.281759262084961,
          "acoustic_entropy_side": 9.279219627380371,
          "hz": 5656.929389854203
        },
        {
          "acoustic_entropy": 9.279708862304688,
          "acoustic_entropy_side": 9.278519630432129,
          "hz": 6219.891507268283
        },
        {
          "acoustic_entropy": 9.279026985168457,
          "acoustic_entropy_side": 9.278518676757812,
          "hz": 6832.70888123896
        },
        {
          "acoustic_entropy": 9.278772354125977,
          "acoustic_entropy_side": 9.278481483459473,
          "hz": 7499.796634079867
        },
        {
          "acoustic_entropy": 9.278520584106445,
          "acoustic_entropy_side": 9.278465270996094,
          "hz": 8225.96088609342
        },
        {
          "acoustic_entropy": 9.278504371643066,
          "acoustic_entropy_side": 9.278434753417969,
          "hz": 9016.43338188839
        },
        {
          "acoustic_entropy": 9.278438568115234,
          "acoustic_entropy_side": 9.278421401977539,
          "hz": 9876.909183162974
        },
        {
          "acoustic_entropy": 9.278424263000488,
          "acoustic_entropy_side": 9.278417587280273,
          "hz": 10813.587699516042
        },
        {
          "acoustic_entropy": 9.278424263000488,
          "acoustic_entropy_side": 9.278417587280273,
          "hz": 11833.21735289826
        },
        {
          "acoustic_entropy": 9.27841854095459,
          "acoustic_entropy_side": 9.278416633605957,
          "hz": 12943.144197493959
        },
        {
          "acoustic_entropy": 9.278416633605957,
          "acoustic_entropy_side": 9.278414726257324,
          "hz": 14151.364845322005
        },
        {
          "acoustic_entropy": 9.278414726257324,
          "acoustic_entropy_side": 9.278414726257324,
          "hz": 15466.58407886509
        },
        {
          "acoustic_entropy": 9.278414726257324,
          "acoustic_entropy_side": 9.278414726257324,
          "hz": 16898.27756580493
        },
        {
          "acoustic_entropy": 9.278414726257324,
          "acoustic_entropy_side": 9.278414726257324,
          "hz": 18456.760127700032
        },
        {
          "acoustic_entropy": 9.278414726257324,
          "acoustic_entropy_side": 9.278414726257324,
          "hz": 20153.260054456492
        },
        {
          "acoustic_entropy": 9.278414726257324,
          "acoustic_entropy_side": 9.278414726257324,
          "hz": 22000.00000000001
        }
      ],
      "diff_acoustic_entropy": 9.444038391113281,
      "sn": 6
    },
    {
      "acoustic_entropy": 12.898838996887207,
      "acoustic_entropy_mono": 12.969362258911133,
      "band_eliminated_acoustic_entropies": [
        {
          "acoustic_entropy": 12.910404205322266,
          "acoustic_entropy_side": 12.900203704833984,
          "hz": 129.47220167065723
        },
        {
          "acoustic_entropy": 12.87558650970459,
          "acoustic_entropy_side": 13.029799461364746,
          "hz": 202.92927478742237
        },
        {
          "acoustic_entropy": 13.239912033081055,
          "acoustic_entropy_side": 13.089009284973145,
          "hz": 282.89161906338205
        },
        {
          "acoustic_entropy": 12.689841270446777,
          "acoustic_entropy_side": 12.826544761657715,
          "hz": 369.9353335868758
        },
        {
          "acoustic_entropy": 13.391430854797363,
          "acoustic_entropy_side": 12.986796379089355,
          "hz": 464.6875360973435
        },
        {
          "acoustic_entropy": 12.778388023376465,
          "acoustic_entropy_side": 12.888855934143066,
          "hz": 567.8308811364784
        },
        {
          "acoustic_entropy": 12.163199424743652,
          "acoustic_entropy_side": 12.915512084960938,
          "hz": 680.1084783214808
        },
        {
          "acoustic_entropy": 12.486145973205566,
          "acoustic_entropy_side": 12.831696510314941,
          "hz": 802.3292461747484
        },
        {
          "acoustic_entropy": 12.970576286315918,
          "acoustic_entropy_side": 12.783411026000977,
          "hz": 935.3737400823702
        },
        {
          "acoustic_entropy": 13.074222564697266,
          "acoustic_entropy_side": 12.964597702026367,
          "hz": 1080.2004963696966
        },
        {
          "acoustic_entropy": 12.148187637329102,
          "acoustic_entropy_side": 13.156084060668945,
          "hz": 1237.8529382007157
        },
        {
          "acoustic_entropy": 12.375903129577637,
          "acoustic_entropy_side": 12.368050575256348,
          "hz": 1409.4668930556702
        },
        {
          "acoustic_entropy": 12.090509414672852,
          "acoustic_entropy_side": 13.085881233215332,
          "hz": 1596.2787759475705
        },
        {
          "acoustic_entropy": 11.769556045532227,
          "acoustic_entropy_side": 12.734467506408691,
          "hz": 1799.6344973346393
        },
        {
          "acoustic_entropy": 12.434069633483887,
          "acoustic_entropy_side": 12.908703804016113,
          "hz": 2020.9991599069049
        },
        {
          "acoustic_entropy": 12.867831230163574,
          "acoustic_entropy_side": 13.032482147216797,
          "hz": 2261.9676141086993
        },
        {
          "acoustic_entropy": 12.540454864501953,
          "acoustic_entropy_side": 12.826436996459961,
          "hz": 2524.2759484456974
        },
        {
          "acoustic_entropy": 12.68825912475586,
          "acoustic_entropy_side": 12.953303337097168,
          "hz": 2809.813997359896
        },
        {
          "acoustic_entropy": 12.862794876098633,
          "acoustic_entropy_side": 12.851279258728027,
          "hz": 3120.6389567871424
        },
        {
          "acoustic_entropy": 12.873489379882812,
          "acoustic_entropy_side": 12.92590045928955,
          "hz": 3458.990205492291
        },
        {
          "acoustic_entropy": 12.980636596679688,
          "acoustic_entropy_side": 12.893572807312012,
          "hz": 3827.305438964164
        },
        {
          "acoustic_entropy": 12.870036125183105,
          "acoustic_entropy_side": 12.898725509643555,
          "hz": 4228.238232109126
        },
        {
          "acoustic_entropy": 12.878705024719238,
          "acoustic_entropy_side": 12.896760940551758,
          "hz": 4664.6771572759235
        },
        {
          "acoustic_entropy": 12.954509735107422,
          "acoustic_entropy_side": 12.90167236328125,
          "hz": 5139.766595350093
        },
        {
          "acoustic_entropy": 12.932961463928223,
          "acoustic_entropy_side": 12.900290489196777,
          "hz": 5656.929389854203
        },
        {
          "acoustic_entropy": 12.915044784545898,
          "acoustic_entropy_side": 12.900142669677734,
          "hz": 6219.891507268283
        },
        {
          "acoustic_entropy": 12.896553993225098,
          "acoustic_entropy_side": 12.898833274841309,
          "hz": 6832.70888123896
        },
        {
          "acoustic_entropy": 12.89521598815918,
          "acoustic_entropy_side": 12.898663520812988,
          "hz": 7499.796634079867
        },
        {
          "acoustic_entropy": 12.898533821105957,
          "acoustic_entropy_side": 12.899224281311035,
          "hz": 8225.96088609342
        },
        {
          "acoustic_entropy": 12.899658203125,
          "acoustic_entropy_side": 12.898883819580078,
          "hz": 9016.43338188839
        },
        {
          "acoustic_entropy": 12.89910888671875,
          "acoustic_entropy_side": 12.898865699768066,
          "hz": 9876.909183162974
        },
        {
          "acoustic_entropy": 12.898981094360352,
          "acoustic_entropy_side": 12.898839950561523,
          "hz": 10813.587699516042
        },
        {
          "acoustic_entropy": 12.898941993713379,
          "acoustic_entropy_side": 12.898843765258789,
          "hz": 11833.21735289826
        },
        {
          "acoustic_entropy": 12.898866653442383,
          "acoustic_entropy_side": 12.898838996887207,
          "hz": 12943.144197493959
        },
        {
          "acoustic_entropy": 12.898838996887207,
          "acoustic_entropy_side": 12.89883804321289,
          "hz": 14151.364845322005
        },
        {
          "acoustic_entropy": 12.898837089538574,
          "acoustic_entropy_side": 12.898838996887207,
          "hz": 15466.58407886509
        },
        {
          "acoustic_entropy": 12.89883804321289,
          "acoustic_entropy_side": 12.898838996887207,
          "hz": 16898.27756580493
        },
        {
          "acoustic_entropy": 12.898838996887207,
          "acoustic_entropy_side": 12.898838996887207,
          "hz": 18456.760127700032
        },
        {
          "acoustic_entropy": 12.898838996887207,
          "acoustic_entropy_side": 12.898838996887207,
          "hz": 20153.260054456492
        },
        {
          "acoustic_entropy": 12.898838996887207,
          "acoustic_entropy_side": 12.898838996887207,
          "hz": 22000.00000000001
        }
      ],
      "diff_acoustic_entropy": 14.143247604370117,
      "sn": 12
    },
    {
      "acoustic_entropy": 19.641563415527344,
      "acoustic_entropy_mono": 18.45243263244629,
      "band_eliminated_acoustic_entropies": [
        {
          "acoustic_entropy": 19.666194915771484,
          "acoustic_entropy_side": 19.672189712524414,
          "hz": 129.47220167065723
        },
        {
          "acoustic_entropy": 20.630767822265625,
          "acoustic_entropy_side": 19.933576583862305,
          "hz": 202.92927478742237
        },
        {
          "acoustic_entropy": 20.187341690063477,
          "acoustic_entropy_side": 20.12783432006836,
          "hz": 282.89161906338205
        },
        {
          "acoustic_entropy": 20.51854133605957,
          "acoustic_entropy_side": 19.895183563232422,
          "hz": 369.9353335868758
        },
        {
          "acoustic_entropy": 19.7231388092041,
          "acoustic_entropy_side": 20.177263259887695,
          "hz": 464.6875360973435
        },
        {
          "acoustic_entropy": 20.463581085205078,
          "acoustic_entropy_side": 20.80740737915039,
          "hz": 567.8308811364784
        },
        {
          "acoustic_entropy": 19.450298309326172,
          "acoustic_entropy_side": 20.189334869384766,
          "hz": 680.1084783214808
        },
        {
          "acoustic_entropy": 19.816303253173828,
          "acoustic_entropy_side": 19.85889434814453,
          "hz": 802.3292461747484
        },
        {
          "acoustic_entropy": 19.3955078125,
          "acoustic_entropy_side": 20.109344482421875,
          "hz": 935.3737400823702
        },
        {
          "acoustic_entropy": 19.67616081237793,
          "acoustic_entropy_side": 21.013713836669922,
          "hz": 1080.2004963696966
        },
        {
          "acoustic_entropy": 19.82162857055664,
          "acoustic_entropy_side": 20.081008911132812,
          "hz": 1237.8529382007157
        },
        {
          "acoustic_entropy": 19.739917755126953,
          "acoustic_entropy_side": 19.599454879760742,
          "hz": 1409.4668930556702
        },
        {
          "acoustic_entropy": 20.975908279418945,
          "acoustic_entropy_side": 20.30506706237793,
          "hz": 1596.2787759475705
        },
        {
          "acoustic_entropy": 19.63347053527832,
          "acoustic_entropy_side": 20.334537506103516,
          "hz": 1799.6344973346393
        },
        {
          "acoustic_entropy": 20.56638526916504,
          "acoustic_entropy_side": 20.14780616760254,
          "hz": 2020.9991599069049
        },
        {
          "acoustic_entropy": 20.29029655456543,
          "acoustic_entropy_side": 20.229604721069336,
          "hz": 2261.9676141086993
        },
        {
          "acoustic_entropy": 20.223371505737305,
          "acoustic_entropy_side": 20.42547607421875,
          "hz": 2524.2759484456974
        },
        {
          "acoustic_entropy": 19.64945411682129,
          "acoustic_entropy_side": 19.524097442626953,
          "hz": 2809.813997359896
        },
        {
          "acoustic_entropy": 20.28832244873047,
          "acoustic_entropy_side": 20.685791015625,
