{
  "acoustic_entropy": 146.38075256347656,
  "bands": [
    {
      "high_freq": 148.1999969482422,
      "loudness": -27.216644287109375,
      "loudness_range": 15.744245529174805,
      "mid_mean": -23.52288055419922,
      "mid_to_side_loudness": -28.60129737854004,
      "mid_to_side_loudness_range": 9.00792121887207,
      "side_mean": -52.32063293457031
    },
    {
      "high_freq": 392.3793640136719,
      "loudness": -23.26880645751953,
      "loudness_range": 12.232488632202148,
      "low_freq": 148.1999969482422,
      "mid_mean": -19.586679458618164,
      "mid_to_side_loudness": -24.028398513793945,
      "mid_to_side_loudness_range": 6.174446105957031,
      "side_mean": -43.56502914428711
    },
    {
      "high_freq": 794.6976318359375,
      "loudness": -23.22075080871582,
      "loudness_range": 15.652606964111328,
      "low_freq": 392.3793640136719,
      "mid_mean": -19.540006637573242,
      "mid_to_side_loudness": -23.6903076171875,
      "mid_to_side_loudness_range": 6.019964218139648,
      "side_mean": -43.21630096435547
    },
    {
      "high_freq": 1457.5709228515625,
      "loudness": -28.55231285095215,
      "loudness_range": 17.799942016601562,
      "low_freq": 794.6976318359375,
      "mid_mean": -24.888927459716797,
      "mid_to_side_loudness": -20.637144088745117,
      "mid_to_side_loudness_range": 2.961496353149414,
      "side_mean": -45.51369094848633
    },
    {
      "high_freq": 2549.74365234375,
      "loudness": -31.09893798828125,
      "loudness_range": 16.985830307006836,
      "low_freq": 1457.5709228515625,
      "mid_mean": -27.490999221801758,
      "mid_to_side_loudness": -16.630844116210938,
      "mid_to_side_loudness_range": 1.6060466766357422,
      "side_mean": -44.10068893432617
    },
    {
      "high_freq": 4349.24462890625,
      "loudness": -33.8088493347168,
      "loudness_range": 18.2266788482666,
      "low_freq": 2549.74365234375,
      "mid_mean": -30.379161834716797,
      "mid_to_side_loudness": -11.908695220947266,
      "mid_to_side_loudness_range": 1.2179384231567383,
      "side_mean": -42.24223709106445
    },
    {
      "high_freq": 7314.1640625,
      "loudness": -35.615882873535156,
      "loudness_range": 14.713024139404297,
      "low_freq": 4349.24462890625,
      "mid_mean": -32.69237518310547,
      "mid_to_side_loudness": -7.079480171203613,
      "mid_to_side_loudness_range": 0.9111452102661133,
      "side_mean": -39.767303466796875
    },
    {
      "high_freq": 12199.2666015625,
      "loudness": -37.58070755004883,
      "loudness_range": 8.891548156738281,
      "low_freq": 7314.1640625,
      "mid_mean": -35.93727493286133,
      "mid_to_side_loudness": -2.1759653091430664,
      "mid_to_side_loudness_range": 0.5361441373825073,
      "side_mean": -38.10783004760742
    },
    {
      "loudness": -36.28754806518555,
      "loudness_range": 11.785432815551758,
      "low_freq": 12199.2666015625,
      "mid_mean": -37.97785568237305,
      "mid_to_side_loudness": 3.851158618927002,
      "mid_to_side_loudness_range": 0.6026413440704346,
      "side_mean": -34.080108642578125
    }
  ],
  "bands_short": [
    {
      "high_freq": 148.1999969482422,
      "loudness": -32.168453216552734,
      "loudness_range": 24.4038143157959,
      "mid_mean": -28.469511032104492,
      "mid_to_side_loudness": -30.358335494995117,
      "mid_to_side_loudness_range": 21.63547706604004,
      "side_mean": -57.822303771972656
    },
    {
      "high_freq": 392.3793640136719,
      "loudness": -23.750391006469727,
      "loudness_range": 14.532770156860352,
      "low_freq": 148.1999969482422,
      "mid_mean": -20.06831932067871,
      "mid_to_side_loudness": -24.964967727661133,
      "mid_to_side_loudness_range": 10.098987579345703,
      "side_mean": -44.939605712890625
    },
    {
      "high_freq": 794.6976318359375,
      "loudness": -24.938486099243164,
      "loudness_range": 22.254383087158203,
      "low_freq": 392.3793640136719,
      "mid_mean": -21.258756637573242,
      "mid_to_side_loudness": -24.050809860229492,
      "mid_to_side_loudness_range": 8.836814880371094,
      "side_mean": -45.23911666870117
    },
    {
      "high_freq": 1457.5709228515625,
      "loudness": -30.99239730834961,
      "loudness_range": 23.620161056518555,
      "low_freq": 794.6976318359375,
      "mid_mean": -27.326690673828125,
      "mid_to_side_loudness": -20.9575252532959,
      "mid_to_side_loudness_range": 4.164472579956055,
      "side_mean": -48.193878173828125
    },
    {
      "high_freq": 2549.74365234375,
      "loudness": -33.580726623535156,
      "loudness_range": 23.818431854248047,
      "low_freq": 1457.5709228515625,
      "mid_mean": -29.967832565307617,
      "mid_to_side_loudness": -16.85738182067871,
      "mid_to_side_loudness_range": 2.351459503173828,
      "side_mean": -46.7364501953125
    },
    {
      "high_freq": 4349.24462890625,
      "loudness": -36.53571701049805,
      "loudness_range": 22.962844848632812,
      "low_freq": 2549.74365234375,
      "mid_mean": -33.09524154663086,
      "mid_to_side_loudness": -12.083559036254883,
      "mid_to_side_loudness_range": 1.70831298828125,
      "side_mean": -45.13068771362305
    },
    {
      "high_freq": 7314.1640625,
      "loudness": -37.74439239501953,
      "loudness_range": 18.39619255065918,
      "low_freq": 4349.24462890625,
      "mid_mean": -34.81147766113281,
      "mid_to_side_loudness": -7.145406723022461,
      "mid_to_side_loudness_range": 1.318450927734375,
      "side_mean": -41.94221878051758
    },
    {
      "high_freq": 12199.2666015625,
      "loudness": -39.80195999145508,
      "loudness_range": 16.383275985717773,
      "low_freq": 7314.1640625,
      "mid_mean": -38.148704528808594,
      "mid_to_side_loudness": -2.214797258377075,
      "mid_to_side_loudness_range": 0.924680233001709,
      "side_mean": -40.35300827026367
    },
    {
      "loudness": -40.319156646728516,
      "loudness_range": 19.823434829711914,
      "low_freq": 12199.2666015625,
      "mid_mean": -41.928897857666016,
      "mid_to_side_loudness": 3.741528034210205,
      "mid_to_side_loudness_range": 0.8059589862823486,
      "side_mean": -38.170188903808594
    }
  ],
  "bandwidth": 603.9551391601562,
  "channels": 2,
  "covariance": [
    [
      28.813051223754883,
      29.166322708129883,
      1.570942759513855,
      -1.2741202116012573,
      1.12676203250885,
      0.5296695828437805,
      -0.949490487575531,
      -0.9988722801208496,
      0.045544400811195374,
      -0.127182736992836,
      -1.5243829488754272,
      -1.757532000541687,
      -0.623942494392395,
      -0.5544297695159912,
      0.5869300961494446,
      0.6797107458114624,
      0.5119845867156982,
      0.5140016078948975
    ],
    [
      29.166322708129883,
      45.80353927612305,
      0.9111253619194031,
      -1.2776005268096924,
      -0.5675233006477356,
      -1.1162165403366089,
      -3.3930625915527344,
      -3.6596243381500244,
      -3.3755276203155518,
      -3.6408767700195312,
      -4.1690568923950195,
      -4.581170082092285,
      -1.5576765537261963,
      -1.1799429655075073,
      5.907482147216797,
      6.097551345825195,
      2.108011484146118,
      1.614977240562439
    ],
    [
      1.570942759513855,
      0.9111253619194031,
      19.07896614074707,
      19.468849182128906,
      12.942185401916504,
      13.348002433776855,
      14.075472831726074,
      14.488707542419434,
      12.570537567138672,
      12.183135986328125,
      10.302741050720215,
      9.338239669799805,
      3.225297689437866,
      3.0859410762786865,
      0.4172741174697876,
      0.43279802799224854,
      -1.3524842262268066,
      -1.2258392572402954
    ],
    [
      -1.2741202116012573,
      -1.2776005268096924,
      19.468849182128906,
      24.710168838500977,
      12.057971000671387,
      14.230640411376953,
      14.594396591186523,
      15.871596336364746,
      14.151914596557617,
      14.134026527404785,
      13.883697509765625,
      13.356657028198242,
      5.369894504547119,
      5.095702648162842,
      2.5307092666625977,
      2.4573068618774414,
      1.0339341163635254,
      1.0926676988601685
    ],
    [
      1.12676203250885,
      -0.5675233006477356,
      12.942185401916504,
      12.057971000671387,
      28.547441482543945,
      27.38702392578125,
      25.063875198364258,
      24.99568748474121,
      22.216947555541992,
      21.455976486206055,
      15.165168762207031,
      14.561592102050781,
      9.169599533081055,
      8.475480079650879,
      -2.8348186016082764,
      -2.8886988162994385,
      -5.071182727813721,
      -5.043674468994141
    ],
    [
      0.5296695828437805,
      -1.1162165403366089,
      13.348002433776855,
      14.230640411376953,
      27.38702392578125,
      30.432214736938477,
      24.94499397277832,
      25.723360061645508,
      24.0521240234375,
      23.548297882080078,
      17.63671875,
      17.217933654785156,
      11.791573524475098,
      11.058806419372559,
      -1.0798176527023315,
      -1.1309679746627808,
      -2.8166096210479736,
      -2.7094757556915283
    ],
    [
      -0.949490487575531,
      -3.3930625915527344,
      14.075472831726074,
      14.594396591186523,
      25.063875198364258,
      24.94499397277832,
      35.422447204589844,
      35.96678161621094,
      31.369665145874023,
      31.439748764038086,
      27.667112350463867,
      27.20587730407715,
      17.038530349731445,
      16.287858963012695,
      -2.082350730895996,
      -2.18418025970459,
      -4.020197868347168,
      -3.961245536804199
    ],
    [
      -0.9988722801208496,
      -3.6596243381500244,
      14.488707542419434,
      15.871596336364746,
      24.99568748474121,
      25.723360061645508,
      35.96678161621094,
      37.9321403503418,
      33.675987243652344,
      34.072452545166016,
      30.840919494628906,
      30.407621383666992,
      19.224943161010742,
      18.467979431152344,
      -1.2702268362045288,
      -1.3775203227996826,
      -3.243807554244995,
      -3.1255860328674316
    ],
    [
      0.045544400811195374,
      -3.3755276203155518,
      12.570537567138672,
      14.151914596557617,
      22.216947555541992,
      24.0521240234375,
      31.369665145874023,
      33.675987243652344,
      36.69388961791992,
      37.198001861572266,
      32.29066467285156,
      32.227291107177734,
      21.490232467651367,
      20.587581634521484,
      -0.6821664571762085,
      -0.8005045652389526,
      -2.034283399581909,
      -1.908259630203247
    ],
    [
      -0.127182736992836,
      -3.6408767700195312,
      12.183135986328125,
      14.134026527404785,
      21.455976486206055,
      23.548297882080078,
      31.439748764038086,
      34.072452545166016,
      37.198001861572266,
      38.039649963378906,
      33.76011276245117,
      33.76128387451172,
      22.587663650512695,
      21.723377227783203,
      -0.251828670501709,
      -0.34051480889320374,
      -1.4893704652786255,
      -1.290086030960083
    ],
    [
      -1.5243829488754272,
      -4.1690568923950195,
      10.302741050720215,
      13.883697509765625,
      15.165168762207031,
      17.63671875,
      27.667112350463867,
      30.840919494628906,
      32.29066467285156,
      33.76011276245117,
      37.229156494140625,
      37.272918701171875,
      23.806499481201172,
      23.086578369140625,
      1.879572868347168,
      1.8002227544784546,
      1.159500241279602,
      1.3170171976089478
    ],
    [
      -1.757532000541687,
      -4.581170082092285,
      9.338239669799805,
      13.356657028198242,
      14.561592102050781,
      17.217933654785156,
      27.20587730407715,
      30.407621383666992,
      32.227291107177734,
      33.76128387451172,
      37.272918701171875,
      37.89581298828125,
      24.230531692504883,
      23.44623565673828,
      1.8030152320861816,
      1.681137204170227,
      1.413726806640625,
      1.5164518356323242
    ],
    [
      -0.623942494392395,
      -1.5576765537261963,
      3.225297689437866,
      5.369894504547119,
      9.169599533081055,
      11.791573524475098,
      17.038530349731445,
      19.224943161010742,
      21.490232467651367,
      22.587663650512695,
      23.806499481201172,
      24.230531692504883,
      20.632862091064453,
      20.304821014404297,
      4.784279823303223,
      4.728407859802246,
      4.99606990814209,
      5.246138095855713
    ],
    [
      -0.5544297695159912,
      -1.1799429655075073,
      3.0859410762786865,
      5.095702648162842,
      8.475480079650879,
      11.058806419372559,
      16.287858963012695,
      18.467979431152344,
      20.587581634521484,
      21.723377227783203,
      23.086578369140625,
      23.44623565673828,
      20.304821014404297,
      20.126991271972656,
      5.381866455078125,
      5.377894878387451,
      5.627002239227295,
      5.937976837158203
    ],
    [
      0.5869300961494446,
      5.907482147216797,
      0.4172741174697876,
      2.5307092666625977,
      -2.8348186016082764,
      -1.0798176527023315,
      -2.082350730895996,
      -1.2702268362045288,
      -0.6821664571762085,
      -0.251828670501709,
      1.879572868347168,
      1.8030152320861816,
      4.784279823303223,
      5.381866455078125,
      13.615418434143066,
      13.884246826171875,
      13.601197242736816,
      13.673625946044922
    ],
    [
      0.6797107458114624,
      6.097551345825195,
      0.43279802799224854,
      2.4573068618774414,
      -2.8886988162994385,
      -1.1309679746627808,
      -2.18418025970459,
      -1.3775203227996826,
      -0.8005045652389526,
      -0.34051480889320374,
      1.8002227544784546,
      1.681137204170227,
      4.728407859802246,
      5.377894878387451,
      13.884246826171875,
      14.23555850982666,
      13.978135108947754,
      14.125051498413086
    ],
    [
      0.5119845867156982,
      2.108011484146118,
      -1.3524842262268066,
      1.0339341163635254,
      -5.071182727813721,
      -2.8166096210479736,
      -4.020197868347168,
      -3.243807554244995,
      -2.034283399581909,
      -1.4893704652786255,
      1.159500241279602,
      1.413726806640625,
      4.99606990814209,
      5.627002239227295,
      13.601197242736816,
      13.978135108947754,
      19.90039825439453,
      19.989269256591797
    ],
    [
      0.5140016078948975,
      1.614977240562439,
      -1.2258392572402954,
      1.0926676988601685,
      -5.043674468994141,
      -2.7094757556915283,
      -3.961245536804199,
      -3.1255860328674316,
      -1.908259630203247,
      -1.290086030960083,
      1.3170171976089478,
      1.5164518356323242,
      5.246138095855713,
      5.937976837158203,
      13.673625946044922,
      14.125051498413086,
      19.989269256591797,
      20.788145065307617
    ]
  ],
  "covariance_short": [
    [
      64.03645324707031,
      51.958404541015625,
      14.476933479309082,
      11.237048149108887,
      5.274850368499756,
      5.640163421630859,
      3.951188325881958,
      3.554814338684082,
      6.454777717590332,
      6.275925159454346,
      4.704447269439697,
      4.977912902832031,
      6.505892753601074,
      6.575372695922852,
      8.744256973266602,
      8.804931640625,
      11.030587196350098,
      11.062725067138672
    ],
    [
      51.958404541015625,
      75.47135162353516,
      15.041548728942871,
      14.943276405334473,
      2.320807695388794,
      3.0426766872406006,
      0.9315720200538635,
      0.5056809782981873,
      2.3635783195495605,
      2.2373101711273193,
      2.164440393447876,
      2.303982734680176,
      5.509380340576172,
      5.862314701080322,
      11.892561912536621,
      11.963006019592285,
      13.39931583404541,
      13.152069091796875
    ],
    [
      14.476933479309082,
      15.041548728942871,
      29.67685317993164,
      31.425708770751953,
      21.654890060424805,
      23.31873893737793,
      22.689674377441406,
      23.348493576049805,
      21.82522964477539,
      21.60480499267578,
      19.058835983276367,
      18.734426498413086,
      11.391042709350586,
      10.922120094299316,
      7.717498779296875,
      7.6613030433654785,
      7.201758861541748,
      6.981052398681641
    ],
    [
      11.237048149108887,
      14.943276405334473,
      31.425708770751953,
      46.361881256103516,
      25.506210327148438,
      29.617088317871094,
      27.766895294189453,
      29.46286964416504,
      27.531187057495117,
      27.69386863708496,
      26.01233673095703,
      25.676218032836914,
      15.440775871276855,
      14.798665046691895,
      10.430135726928711,
      10.362594604492188,
      9.863155364990234,
      9.547171592712402
    ],
    [
      5.274850368499756,
      2.320807695388794,
      21.654890060424805,
      25.506210327148438,
      55.14254379272461,
      53.07463836669922,
      51.773277282714844,
      52.58494186401367,
      48.84259033203125,
      48.4092903137207,
      37.35783386230469,
      37.215660095214844,
      24.928085327148438,
      23.764558792114258,
      4.555118083953857,
      4.311326503753662,
      2.778877019882202,
      2.6008169651031494
    ],
    [
      5.640163421630859,
      3.0426766872406006,
      23.31873893737793,
      29.617088317871094,
      53.07463836669922,
      60.7975959777832,
      52.926536560058594,
      54.75660705566406,
      52.22427749633789,
      52.113258361816406,
      41.452247619628906,
      41.57292175292969,
      28.854284286499023,
      27.55423927307129,
      7.226393699645996,
      6.950999736785889,
      5.582927227020264,
      5.501044750213623
    ],
    [
      3.951188325881958,
      0.9315720200538635,
      22.689674377441406,
      27.766895294189453,
      51.773277282714844,
      52.926536560058594,
      67.71702575683594,
      68.33427429199219,
      61.31968688964844,
      61.593849182128906,
      53.35515213012695,
      53.38622283935547,
      35.6599006652832,
      34.20591735839844,
      6.178346633911133,
      5.775893688201904,
      3.2248754501342773,
      3.044572591781616
    ],
    [
      3.554814338684082,
      0.5056809782981873,
      23.348493576049805,
      29.46286964416504,
      52.58494186401367,
      54.75660705566406,
      68.33427429199219,
      71.83224487304688,
      64.38505554199219,
      65.10128021240234,
      57.179527282714844,
      57.44953918457031,
      38.652862548828125,
      37.17657470703125,
      7.334789276123047,
      6.925732135772705,
      3.9318811893463135,
      3.8075997829437256
    ],
    [
      6.454777717590332,
      2.3635783195495605,
      21.82522964477539,
      27.531187057495117,
      48.84259033203125,
      52.22427749633789,
      61.31968688964844,
      64.38505554199219,
      67.37657928466797,
      67.86521911621094,
      57.50303649902344,
      57.871009826660156,
      40.84348678588867,
      39.35475540161133,
      9.493419647216797,
      9.008570671081543,
      6.909270286560059,
      6.776059627532959
    ],
    [
      6.275925159454346,
      2.2373101711273193,
      21.60480499267578,
      27.69386863708496,
      48.4092903137207,
      52.113258361816406,
      61.593849182128906,
      65.10128021240234,
      67.86521911621094,
      69.06646728515625,
      59.13880157470703,
      59.69898986816406,
      42.18147277832031,
      40.758243560791016,
      9.92357063293457,
      9.485298156738281,
      7.258488178253174,
      7.238633632659912
    ],
    [
      4.704447269439697,
      2.164440393447876,
      19.058835983276367,
      26.01233673095703,
      37.35783386230469,
      41.452247619628906,
      53.35515213012695,
      57.179527282714844,
      57.50303649902344,
      59.13880157470703,
      61.58987808227539,
      62.11665725708008,
      44.01995086669922,
      42.66562271118164,
      13.15947437286377,
      12.654618263244629,
      10.908578872680664,
      10.806394577026367
    ],
    [
      4.977912902832031,
      2.303982734680176,
      18.734426498413086,
      25.676218032836914,
      37.215660095214844,
      41.57292175292969,
      53.38622283935547,
      57.44953918457031,
      57.871009826660156,
      59.69898986816406,
      62.11665725708008,
      63.146175384521484,
      44.91515350341797,
      43.70417022705078,
      13.55864143371582,
      13.185547828674316,
      11.488106727600098,
      11.608038902282715
    ],
    [
      6.505892753601074,
      5.509380340576172,
      11.391042709350586,
      15.440775871276855,
      24.928085327148438,
      28.854284286499023,
      35.6599006652832,
      38.652862548828125,
      40.84348678588867,
      42.18147277832031,
      44.01995086669922,
      44.91515350341797,
      39.231380462646484,
      38.50569152832031,
      17.3675479888916,
      16.935428619384766,
      16.425155639648438,
      16.504140853881836
    ],
    [
      6.575372695922852,
      5.862314701080322,
      10.922120094299316,
      14.798665046691895,
      23.764558792114258,
      27.55423927307129,
      34.20591735839844,
      37.17657470703125,
      39.35475540161133,
      40.758243560791016,
      42.66562271118164,
      43.70417022705078,
      38.50569152832031,
      38.117488861083984,
      17.908859252929688,
      17.617643356323242,
      17.032949447631836,
      17.311845779418945
    ],
    [
      8.744256973266602,
      11.892561912536621,
      7.717498779296875,
      10.430135726928711,
      4.555118083953857,
      7.226393699645996,
      6.178346633911133,
      7.334789276123047,
      9.493419647216797,
      9.92357063293457,
      13.15947437286377,
      13.55864143371582,
      17.3675479888916,
      17.908859252929688,
      26.70022201538086,
      26.572847366333008,
      29.283973693847656,
      29.259387969970703
    ],
    [
      8.804931640625,
      11.963006019592285,
      7.6613030433654785,
      10.362594604492188,
      4.311326503753662,
      6.950999736785889,
      5.775893688201904,
      6.925732135772705,
      9.008570671081543,
      9.485298156738281,
      12.654618263244629,
      13.185547828674316,
      16.935428619384766,
      17.617643356323242,
      26.572847366333008,
      26.805618286132812,
      29.383169174194336,
      29.67676544189453
    ],
    [
      11.030587196350098,
      13.39931583404541,
      7.201758861541748,
      9.863155364990234,
      2.778877019882202,
      5.582927227020264,
      3.2248754501342773,
      3.9318811893463135,
      6.909270286560059,
      7.258488178253174,
      10.908578872680664,
      11.488106727600098,
      16.425155639648438,
      17.032949447631836,
      29.283973693847656,
      29.383169174194336,
      38.521705627441406,
      38.465110778808594
    ],
    [
      11.062725067138672,
      13.152069091796875,
      6.981052398681641,
      9.547171592712402,
      2.6008169651031494,
      5.501044750213623,
      3.044572591781616,
      3.8075997829437256,
      6.776059627532959,
      7.238633632659912,
      10.806394577026367,
      11.608038902282715,
      16.504140853881836,
      17.311845779418945,
      29.259387969970703,
      29.67676544189453,
      38.465110778808594,
      39.289207458496094
    ]
  ],
  "damage": -6.807051181793213,
  "diff_bandwidth": 617.9424438476562,
  "dissonance": 6.837066983631126,
  "drr": 8.056347846984863,
  "dynamics": 3.5177035331726074,
  "format": 1245190,
  "frames": 3145007,
  "loudness": -13.623236656188965,
  "loudness_range": 7.40717887878418,
  "loudness_range_short": 14.614346504211426,
  "lowpass_true_peak_15khz": -0.35824888944625854,
  "mastering3_acoustic_entropies": [
    {
      "acoustic_entropy": 10.150604248046875,
      "acoustic_entropy_mono": 9.16043758392334,
      "band_eliminated_acoustic_entropies": [
        {
          "acoustic_entropy": 10.334650039672852,
          "acoustic_entropy_side": 10.150611877441406,
          "hz": 129.47220167065723
        },
        {
          "acoustic_entropy": 9.832232475280762,
          "acoustic_entropy_side": 10.15086555480957,
          "hz": 202.92927478742237
        },
        {
          "acoustic_entropy": 8.287074089050293,
          "acoustic_entropy_side": 10.149767875671387,
          "hz": 282.89161906338205
        },
        {
          "acoustic_entropy": 9.805853843688965,
          "acoustic_entropy_side": 10.150020599365234,
          "hz": 369.9353335868758
        },
        {
          "acoustic_entropy": 9.683815956115723,
          "acoustic_entropy_side": 10.148664474487305,
          "hz": 464.6875360973435
        },
        {
          "acoustic_entropy": 10.280452728271484,
          "acoustic_entropy_side": 10.15070629119873,
          "hz": 567.8308811364784
        },
        {
          "acoustic_entropy": 9.226284980773926,
          "acoustic_entropy_side": 10.14969253540039,
          "hz": 680.1084783214808
        },
        {
          "acoustic_entropy": 9.648158073425293,
          "acoustic_entropy_side": 10.131612777709961,
          "hz": 802.3292461747484
        },
        {
          "acoustic_entropy": 9.7736177444458,
          "acoustic_entropy_side": 10.149347305297852,
          "hz": 935.3737400823702
        },
        {
          "acoustic_entropy": 9.617932319641113,
          "acoustic_entropy_side": 10.149162292480469,
          "hz": 1080.2004963696966
        },
        {
          "acoustic_entropy": 10.403572082519531,
          "acoustic_entropy_side": 10.150096893310547,
          "hz": 1237.8529382007157
        },
        {
          "acoustic_entropy": 9.236224174499512,
          "acoustic_entropy_side": 10.140336036682129,
          "hz": 1409.4668930556702
        },
        {
          "acoustic_entropy": 10.02556324005127,
          "acoustic_entropy_side": 10.147842407226562,
          "hz": 1596.2787759475705
        },
        {
          "acoustic_entropy": 10.259176254272461,
          "acoustic_entropy_side": 10.1522798538208,
          "hz": 1799.6344973346393
        },
        {
          "acoustic_entropy": 9.738887786865234,
          "acoustic_entropy_side": 10.146218299865723,
          "hz": 2020.9991599069049
        },
        {
          "acoustic_entropy": 9.955928802490234,
          "acoustic_entropy_side": 10.149359703063965,
          "hz": 2261.9676141086993
        },
        {
          "acoustic_entropy": 10.075273513793945,
          "acoustic_entropy_side": 10.152003288269043,
          "hz": 2524.2759484456974
        },
        {
          "acoustic_entropy": 10.103890419006348,
          "acoustic_entropy_side": 10.15139102935791,
          "hz": 2809.813997359896
        },
        {
          "acoustic_entropy": 10.108379364013672,
          "acoustic_entropy_side": 10.151374816894531,
          "hz": 3120.6389567871424
        },
        {
          "acoustic_entropy": 10.14614486694336,
          "acoustic_entropy_side": 10.153770446777344,
          "hz": 3458.990205492291
        },
        {
          "acoustic_entropy": 10.205890655517578,
          "acoustic_entropy_side": 10.155513763427734,
          "hz": 3827.305438964164
        },
        {
          "acoustic_entropy": 10.233654022216797,
          "acoustic_entropy_side": 10.162858009338379,
          "hz": 4228.238232109126
        },
        {
          "acoustic_entropy": 10.162818908691406,
          "acoustic_entropy_side": 10.162994384765625,
          "hz": 4664.6771572759235
        },
        {
          "acoustic_entropy": 10.299652099609375,
          "acoustic_entropy_side": 10.171298027038574,
          "hz": 5139.766595350093
        },
        {
          "acoustic_entropy": 10.208084106445312,
          "acoustic_entropy_side": 10.159777641296387,
          "hz": 5656.929389854203
        },
        {
          "acoustic_entropy": 10.191866874694824,
          "acoustic_entropy_side": 10.16289234161377,
          "hz": 6219.891507268283
        },
        {
          "acoustic_entropy": 10.236470222473145,
          "acoustic_entropy_side": 10.181392669677734,
          "hz": 6832.70888123896
        },
        {
          "acoustic_entropy": 10.256501197814941,
          "acoustic_entropy_side": 10.176545143127441,
          "hz": 7499.796634079867
        },
        {
          "acoustic_entropy": 10.214110374450684,
          "acoustic_entropy_side": 10.170443534851074,
          "hz": 8225.96088609342
        },
        {
          "acoustic_entropy": 10.223872184753418,
          "acoustic_entropy_side": 10.174881935119629,
          "hz": 9016.43338188839
        },
        {
          "acoustic_entropy": 10.215487480163574,
          "acoustic_entropy_side": 10.175195693969727,
          "hz": 9876.909183162974
        },
        {
          "acoustic_entropy": 10.19316291809082,
          "acoustic_entropy_side": 10.169122695922852,
          "hz": 10813.587699516042
        },
        {
          "acoustic_entropy": 10.180984497070312,
          "acoustic_entropy_side": 10.16623592376709,
          "hz": 11833.21735289826
        },
        {
          "acoustic_entropy": 10.183490753173828,
          "acoustic_entropy_side": 10.170737266540527,
          "hz": 12943.144197493959
        },
        {
          "acoustic_entropy": 10.206099510192871,
          "acoustic_entropy_side": 10.18838119506836,
          "hz": 14151.364845322005
        },
        {
          "acoustic_entropy": 10.092198371887207,
          "acoustic_entropy_side": 10.132502555847168,
          "hz": 15466.58407886509
        },
        {
          "acoustic_entropy": 10.208080291748047,
          "acoustic_entropy_side": 10.213212966918945,
          "hz": 16898.27756580493
        },
        {
          "acoustic_entropy": 10.154824256896973,
          "acoustic_entropy_side": 10.154195785522461,
          "hz": 18456.760127700032
        },
        {
          "acoustic_entropy": 10.150622367858887,
          "acoustic_entropy_side": 10.150606155395508,
          "hz": 20153.260054456492
        },
        {
          "acoustic_entropy": 10.150603294372559,
          "acoustic_entropy_side": 10.150604248046875,
          "hz": 22000.00000000001
        }
      ],
      "diff_acoustic_entropy": 10.194403648376465,
      "sn": 6
    },
    {
      "acoustic_entropy": 12.90552043914795,
      "acoustic_entropy_mono": 13.262802124023438,
      "band_eliminated_acoustic_entropies": [
        {
          "acoustic_entropy": 13.127140998840332,
          "acoustic_entropy_side": 12.905576705932617,
          "hz": 129.47220167065723
        },
        {
          "acoustic_entropy": 12.41897964477539,
          "acoustic_entropy_side": 12.907048225402832,
          "hz": 202.92927478742237
        },
        {
          "acoustic_entropy": 12.07708740234375,
          "acoustic_entropy_side": 12.898149490356445,
          "hz": 282.89161906338205
        },
        {
          "acoustic_entropy": 13.419958114624023,
          "acoustic_entropy_side": 12.89659595489502,
          "hz": 369.9353335868758
        },
        {
          "acoustic_entropy": 12.314552307128906,
          "acoustic_entropy_side": 12.886761665344238,
          "hz": 464.6875360973435
        },
        {
          "acoustic_entropy": 13.1153564453125,
          "acoustic_entropy_side": 12.890084266662598,
          "hz": 567.8308811364784
        },
        {
          "acoustic_entropy": 13.256750106811523,
          "acoustic_entropy_side": 12.856016159057617,
          "hz": 680.1084783214808
        },
        {
          "acoustic_entropy": 12.74178695678711,
          "acoustic_entropy_side": 12.900300979614258,
          "hz": 802.3292461747484
        },
        {
          "acoustic_entropy": 13.694340705871582,
          "acoustic_entropy_side": 12.885217666625977,
          "hz": 935.3737400823702
        },
        {
          "acoustic_entropy": 12.821569442749023,
          "acoustic_entropy_side": 12.946773529052734,
          "hz": 1080.2004963696966
        },
        {
          "acoustic_entropy": 13.300873756408691,
          "acoustic_entropy_side": 12.92540454864502,
          "hz": 1237.8529382007157
        },
        {
          "acoustic_entropy": 12.5233154296875,
          "acoustic_entropy_side": 12.974247932434082,
          "hz": 1409.4668930556702
        },
        {
          "acoustic_entropy": 12.437582015991211,
          "acoustic_entropy_side": 12.880529403686523,
          "hz": 1596.2787759475705
        },
        {
          "acoustic_entropy": 12.723835945129395,
          "acoustic_entropy_side": 12.933497428894043,
          "hz": 1799.6344973346393
        },
        {
          "acoustic_entropy": 12.967011451721191,
          "acoustic_entropy_side": 12.886131286621094,
          "hz": 2020.9991599069049
        },
        {
          "acoustic_entropy": 12.996179580688477,
          "acoustic_entropy_side": 12.982295989990234,
          "hz": 2261.9676141086993
        },
        {
          "acoustic_entropy": 12.830558776855469,
          "acoustic_entropy_side": 12.916787147521973,
          "hz": 2524.2759484456974
        },
        {
          "acoustic_entropy": 12.875289916992188,
          "acoustic_entropy_side": 12.92001724243164,
          "hz": 2809.813997359896
        },
        {
          "acoustic_entropy": 12.747161865234375,
          "acoustic_entropy_side": 12.940903663635254,
          "hz": 3120.6389567871424
        },
        {
          "acoustic_entropy": 12.65554428100586,
          "acoustic_entropy_side": 12.934588432312012,
          "hz": 3458.990205492291
        },
        {
          "acoustic_entropy": 12.748208045959473,
          "acoustic_entropy_side": 12.946521759033203,
          "hz": 3827.305438964164
        },
        {
          "acoustic_entropy": 12.79523754119873,
          "acoustic_entropy_side": 12.930078506469727,
          "hz": 4228.238232109126
        },
        {
          "acoustic_entropy": 13.031577110290527,
          "acoustic_entropy_side": 12.968945503234863,
          "hz": 4664.6771572759235
        },
        {
          "acoustic_entropy": 13.091187477111816,
          "acoustic_entropy_side": 12.948991775512695,
          "hz": 5139.766595350093
        },
        {
          "acoustic_entropy": 12.925856590270996,
          "acoustic_entropy_side": 12.963502883911133,
          "hz": 5656.929389854203
        },
        {
          "acoustic_entropy": 12.991814613342285,
          "acoustic_entropy_side": 12.982725143432617,
          "hz": 6219.891507268283
        },
        {
          "acoustic_entropy": 13.085125923156738,
          "acoustic_entropy_side": 12.986346244812012,
          "hz": 6832.70888123896
        },
        {
          "acoustic_entropy": 13.042922973632812,
          "acoustic_entropy_side": 12.963574409484863,
          "hz": 7499.796634079867
        },
        {
          "acoustic_entropy": 12.93188762664795,
          "acoustic_entropy_side": 12.926689147949219,
          "hz": 8225.96088609342
        },
        {
          "acoustic_entropy": 12.858146667480469,
          "acoustic_entropy_side": 12.94796371459961,
          "hz": 9016.43338188839
        },
        {
          "acoustic_entropy": 12.894286155700684,
          "acoustic_entropy_side": 12.914050102233887,
          "hz": 9876.909183162974
        },
        {
          "acoustic_entropy": 12.928693771362305,
          "acoustic_entropy_side": 12.932140350341797,
          "hz": 10813.587699516042
        },
        {
          "acoustic_entropy": 12.920546531677246,
          "acoustic_entropy_side": 12.92618179321289,
          "hz": 11833.21735289826
        },
        {
          "acoustic_entropy": 12.852741241455078,
          "acoustic_entropy_side": 12.876291275024414,
          "hz": 12943.144197493959
        },
        {
          "acoustic_entropy": 12.688921928405762,
          "acoustic_entropy_side": 12.791297912597656,
          "hz": 14151.364845322005
        },
        {
          "acoustic_entropy": 12.561302185058594,
          "acoustic_entropy_side": 12.627192497253418,
          "hz": 15466.58407886509
        },
        {
          "acoustic_entropy": 12.579573631286621,
          "acoustic_entropy_side": 12.70606803894043,
          "hz": 16898.27756580493
        },
        {
          "acoustic_entropy": 12.904322624206543,
          "acoustic_entropy_side": 12.903066635131836,
          "hz": 18456.760127700032
        },
        {
          "acoustic_entropy": 12.905424118041992,
          "acoustic_entropy_side": 12.905532836914062,
          "hz": 20153.260054456492
        },
        {
          "acoustic_entropy": 12.905476570129395,
          "acoustic_entropy_side": 12.905521392822266,
          "hz": 22000.00000000001
        }
      ],
      "diff_acoustic_entropy": 12.818838119506836,
      "sn": 12
    },
    {
      "acoustic_entropy": 17.02507209777832,
      "acoustic_entropy_mono": 16.26266098022461,
      "band_eliminated_acoustic_entropies": [
        {
          "acoustic_entropy": 16.619112014770508,
          "acoustic_entropy_side": 17.02594757080078,
          "hz": 129.47220167065723
        },
        {
          "acoustic_entropy": 18.283159255981445,
          "acoustic_entropy_side": 17.067598342895508,
          "hz": 202.92927478742237
        },
        {
          "acoustic_entropy": 16.616193771362305,
          "acoustic_entropy_side": 16.98226547241211,
          "hz": 282.89161906338205
        },
        {
          "acoustic_entropy": 17.233415603637695,
          "acoustic_entropy_side": 17.177764892578125,
          "hz": 369.9353335868758
        },
        {
          "acoustic_entropy": 16.330808639526367,
          "acoustic_entropy_side": 17.24370002746582,
          "hz": 464.6875360973435
        },
        {
          "acoustic_entropy": 16.72843360900879,
          "acoustic_entropy_side": 16.978534698486328,
          "hz": 567.8308811364784
        },
        {
          "acoustic_entropy": 16.997596740722656,
          "acoustic_entropy_side": 17.324796676635742,
          "hz": 680.1084783214808
        },
        {
          "acoustic_entropy": 16.15206527709961,
          "acoustic_entropy_side": 16.882266998291016,
          "hz": 802.3292461747484
        },
        {
          "acoustic_entropy": 17.30939483642578,
          "acoustic_entropy_side": 17.078258514404297,
          "hz": 935.3737400823702
        },
        {
          "acoustic_entropy": 15.896835327148438,
          "acoustic_entropy_side": 16.87731170654297,
          "hz": 1080.2004963696966
        },
        {
          "acoustic_entropy": 17.17573356628418,
          "acoustic_entropy_side": 17.03777313232422,
          "hz": 1237.8529382007157
        },
        {
          "acoustic_entropy": 16.31144142150879,
          "acoustic_entropy_side": 16.848472595214844,
          "hz": 1409.4668930556702
        },
        {
          "acoustic_entropy": 16.163877487182617,
          "acoustic_entropy_side": 16.758874893188477,
          "hz": 1596.2787759475705
        },
        {
          "acoustic_entropy": 16.543655395507812,
          "acoustic_entropy_side": 17.18631935119629,
          "hz": 1799.6344973346393
        },
        {
          "acoustic_entropy": 16.456714630126953,
          "acoustic_entropy_side": 17.27220916748047,
          "hz": 2020.9991599069049
        },
        {
          "acoustic_entropy": 16.7791690826416,
          "acoustic_entropy_side": 16.964990615844727,
          "hz": 2261.9676141086993
        },
        {
          "acoustic_entropy": 16.87867546081543,
          "acoustic_entropy_side": 17.044261932373047,
          "hz": 2524.2759484456974
        },
        {
          "acoustic_entropy": 16.80559730529785,
