{
  "acoustic_entropy": 166.87771606445312,
  "bands": [
    {
      "high_freq": 148.1999969482422,
      "loudness": -29.472782135009766,
      "loudness_range": 10.176021575927734,
      "mid_mean": -25.936800003051758,
      "mid_to_side_loudness": -14.480655670166016,
      "mid_to_side_loudness_range": 6.988620758056641,
      "side_mean": -40.48881912231445
    },
    {
      "high_freq": 392.3793640136719,
      "loudness": -22.92384910583496,
      "loudness_range": 8.905839920043945,
      "low_freq": 148.1999969482422,
      "mid_mean": -19.28285026550293,
      "mid_to_side_loudness": -19.266700744628906,
      "mid_to_side_loudness_range": 6.889130592346191,
      "side_mean": -38.58494567871094
    },
    {
      "high_freq": 794.6976318359375,
      "loudness": -28.52716636657715,
      "loudness_range": 18.95485496520996,
      "low_freq": 392.3793640136719,
      "mid_mean": -24.926450729370117,
      "mid_to_side_loudness": -19.59406089782715,
      "mid_to_side_loudness_range": 13.421828269958496,
      "side_mean": -44.60087585449219
    },
    {
      "high_freq": 1457.5709228515625,
      "loudness": -31.94160270690918,
      "loudness_range": 21.152359008789062,
      "low_freq": 794.6976318359375,
      "mid_mean": -28.408206939697266,
      "mid_to_side_loudness": -16.916767120361328,
      "mid_to_side_loudness_range": 13.778343200683594,
      "side_mean": -45.43165588378906
    },
    {
      "high_freq": 2549.74365234375,
      "loudness": -33.009521484375,
      "loudness_range": 25.098033905029297,
      "low_freq": 1457.5709228515625,
      "mid_mean": -29.49144744873047,
      "mid_to_side_loudness": -14.90645980834961,
      "mid_to_side_loudness_range": 10.020502090454102,
      "side_mean": -44.410587310791016
    },
    {
      "high_freq": 4349.24462890625,
      "loudness": -33.165443420410156,
      "loudness_range": 21.64505386352539,
      "low_freq": 2549.74365234375,
      "mid_mean": -29.892858505249023,
      "mid_to_side_loudness": -10.495047569274902,
      "mid_to_side_loudness_range": 6.578973293304443,
      "side_mean": -40.37594223022461
    },
    {
      "high_freq": 7314.1640625,
      "loudness": -35.83674621582031,
      "loudness_range": 22.95349884033203,
      "low_freq": 4349.24462890625,
      "mid_mean": -33.359134674072266,
      "mid_to_side_loudness": -5.276669979095459,
      "mid_to_side_loudness_range": 5.9402079582214355,
      "side_mean": -38.60811233520508
    },
    {
      "high_freq": 12199.2666015625,
      "loudness": -43.41996765136719,
      "loudness_range": 25.756816864013672,
      "low_freq": 7314.1640625,
      "mid_mean": -42.1068229675293,
      "mid_to_side_loudness": -1.3247122764587402,
      "mid_to_side_loudness_range": 3.7485716342926025,
      "side_mean": -43.41250228881836
    },
    {
      "loudness": -55.75177001953125,
      "loudness_range": 25.553298950195312,
      "low_freq": 12199.2666015625,
      "mid_mean": -54.229305267333984,
      "mid_to_side_loudness": -0.34849968552589417,
      "mid_to_side_loudness_range": 3.258418560028076,
      "side_mean": -54.41508865356445
    }
  ],
  "bands_short": [
    {
      "high_freq": 148.1999969482422,
      "loudness": -33.983524322509766,
      "loudness_range": 16.767847061157227,
      "mid_mean": -30.535686492919922,
      "mid_to_side_loudness": -13.316869735717773,
      "mid_to_side_loudness_range": 9.4566650390625,
      "side_mean": -43.907657623291016
    },
    {
      "high_freq": 392.3793640136719,
      "loudness": -23.459436416625977,
      "loudness_range": 11.204277038574219,
      "low_freq": 148.1999969482422,
      "mid_mean": -19.839506149291992,
      "mid_to_side_loudness": -18.43505096435547,
      "mid_to_side_loudness_range": 8.666047096252441,
      "side_mean": -38.45167922973633
    },
    {
      "high_freq": 794.6976318359375,
      "loudness": -28.28539276123047,
      "loudness_range": 21.559986114501953,
      "low_freq": 392.3793640136719,
      "mid_mean": -24.698062896728516,
      "mid_to_side_loudness": -19.975282669067383,
      "mid_to_side_loudness_range": 14.890362739562988,
      "side_mean": -44.917545318603516
    },
    {
      "high_freq": 1457.5709228515625,
      "loudness": -33.8525276184082,
      "loudness_range": 25.876577377319336,
      "low_freq": 794.6976318359375,
      "mid_mean": -30.39423942565918,
      "mid_to_side_loudness": -17.758495330810547,
      "mid_to_side_loudness_range": 17.70103645324707,
      "side_mean": -48.40407943725586
    },
    {
      "high_freq": 2549.74365234375,
      "loudness": -34.16570281982422,
      "loudness_range": 29.618682861328125,
      "low_freq": 1457.5709228515625,
      "mid_mean": -30.669063568115234,
      "mid_to_side_loudness": -15.447607040405273,
      "mid_to_side_loudness_range": 12.331703186035156,
      "side_mean": -46.617347717285156
    },
    {
      "high_freq": 4349.24462890625,
      "loudness": -34.45945358276367,
      "loudness_range": 26.79710578918457,
      "low_freq": 2549.74365234375,
      "mid_mean": -31.20864486694336,
      "mid_to_side_loudness": -10.511914253234863,
      "mid_to_side_loudness_range": 7.84985876083374,
      "side_mean": -41.81407165527344
    },
    {
      "high_freq": 7314.1640625,
      "loudness": -37.3199462890625,
      "loudness_range": 27.568254470825195,
      "low_freq": 4349.24462890625,
      "mid_mean": -34.90222930908203,
      "mid_to_side_loudness": -5.155486583709717,
      "mid_to_side_loudness_range": 6.674379348754883,
      "side_mean": -40.04246139526367
    },
    {
      "high_freq": 12199.2666015625,
      "loudness": -45.168060302734375,
      "loudness_range": 30.869443893432617,
      "low_freq": 7314.1640625,
      "mid_mean": -43.85517120361328,
      "mid_to_side_loudness": -1.2862286567687988,
      "mid_to_side_loudness_range": 3.967405080795288,
      "side_mean": -45.101585388183594
    },
    {
      "loudness": -56.545230865478516,
      "loudness_range": 28.256370544433594,
      "low_freq": 12199.2666015625,
      "mid_mean": -54.81974792480469,
      "mid_to_side_loudness": -0.6214258074760437,
      "mid_to_side_loudness_range": 3.892131805419922,
      "side_mean": -55.22773361206055
    }
  ],
  "bandwidth": 679.0929565429688,
  "channels": 2,
  "covariance": [
    [
      14.271538734436035,
      8.492321014404297,
      -0.6075027585029602,
      -2.479506254196167,
      -4.964250564575195,
      -6.2794575691223145,
      -7.318698883056641,
      -4.011941432952881,
      -9.026747703552246,
      -5.768709182739258,
      -9.097253799438477,
      -6.710819244384766,
      -9.919022560119629,
      -7.657918930053711,
      -10.957717895507812,
      -9.988157272338867,
      -10.910646438598633,
      -11.25987434387207
    ],
    [
      8.492321014404297,
      8.4012451171875,
      -0.5870108604431152,
      -0.3852387070655823,
      -0.19786392152309418,
      0.9758731126785278,
      -0.1608181744813919,
      1.1963073015213013,
      0.3610525131225586,
      0.7603321075439453,
      0.6741628646850586,
      0.638329267501831,
      1.2175754308700562,
      0.9907545447349548,
      1.8557695150375366,
      1.6536544561386108,
      1.9472697973251343,
      2.071702003479004
    ],
    [
      -0.6075027585029602,
      -0.5870108604431152,
      10.183116912841797,
      8.178227424621582,
      7.101187229156494,
      5.1905012130737305,
      4.70493221282959,
      2.2779695987701416,
      4.348392963409424,
      2.6396377086639404,
      1.8442318439483643,
      1.429280400276184,
      0.8012826442718506,
      0.7240108251571655,
      1.5357736349105835,
      1.421852946281433,
      1.9491013288497925,
      1.988968849182129
    ],
    [
      -2.479506254196167,
      -0.3852387070655823,
      8.178227424621582,
      11.324599266052246,
      10.136377334594727,
      13.595565795898438,
      9.897104263305664,
      7.672382831573486,
      12.063093185424805,
      8.769400596618652,
      10.680557250976562,
      8.20620059967041,
      11.317815780639648,
      9.000617027282715,
      13.430112838745117,
      12.384772300720215,
      13.217318534851074,
      13.780780792236328
    ],
    [
      -4.964250564575195,
      -0.19786392152309418,
      7.101187229156494,
      10.136377334594727,
      44.607181549072266,
      39.066654205322266,
      36.178443908691406,
      21.476242065429688,
      41.026371002197266,
      27.31293487548828,
      35.40782928466797,
      26.130525588989258,
      35.39674758911133,
      27.64443016052246,
      40.78468322753906,
      37.352806091308594,
      39.371299743652344,
      40.77570724487305
    ],
    [
      -6.2794575691223145,
      0.9758731126785278,
      5.1905012130737305,
      13.595565795898438,
      39.066654205322266,
      52.989356994628906,
      39.323787689208984,
      30.174814224243164,
      48.85094451904297,
      35.46931457519531,
      47.1104621887207,
      35.173099517822266,
      50.35688018798828,
      39.65987014770508,
      57.84210205078125,
      53.34572982788086,
      55.46748733520508,
      57.95132064819336
    ],
    [
      -7.318698883056641,
      -0.1608181744813919,
      4.70493221282959,
      9.897104263305664,
      36.178443908691406,
      39.323787689208984,
      53.82512664794922,
      34.20060729980469,
      58.492916107177734,
      40.18792724609375,
      51.25528335571289,
      37.52230453491211,
      50.90369415283203,
      39.670711517333984,
      57.301727294921875,
      52.58293914794922,
      55.2301139831543,
      57.539180755615234
    ],
    [
      -4.011941432952881,
      1.1963073015213013,
      2.2779695987701416,
      7.672382831573486,
      21.476242065429688,
      30.174814224243164,
      34.20060729980469,
      36.58450698852539,
      38.95224380493164,
      31.98692512512207,
      35.1895637512207,
      26.889474868774414,
      34.97920227050781,
      27.775651931762695,
      38.8293571472168,
      36.16115188598633,
      37.498714447021484,
      39.376434326171875
    ],
    [
      -9.026747703552246,
      0.3610525131225586,
      4.348392963409424,
      12.063093185424805,
      41.026371002197266,
      48.85094451904297,
      58.492916107177734,
      38.95224380493164,
      77.39582061767578,
      53.455265045166016,
      68.0374984741211,
      49.980140686035156,
      69.0380630493164,
      54.029510498046875,
      76.72354888916016,
      70.82023620605469,
      72.81326293945312,
      76.07249450683594
    ],
    [
      -5.768709182739258,
      0.7603321075439453,
      2.6396377086639404,
      8.769400596618652,
      27.31293487548828,
      35.46931457519531,
      40.18792724609375,
      31.98692512512207,
      53.455265045166016,
      41.36896896362305,
      46.668174743652344,
      35.30913162231445,
      47.13821029663086,
      37.458438873291016,
      51.88255310058594,
      48.23938751220703,
      49.24761962890625,
      51.782474517822266
    ],
    [
      -9.097253799438477,
      0.6741628646850586,
      1.8442318439483643,
      10.680557250976562,
      35.40782928466797,
      47.1104621887207,
      51.25528335571289,
      35.1895637512207,
      68.0374984741211,
      46.668174743652344,
      71.20316314697266,
      52.321311950683594,
      73.55192565917969,
      57.97513961791992,
      80.76006317138672,
      74.93301391601562,
      74.85526275634766,
      78.37798309326172
    ],
    [
      -6.710819244384766,
      0.638329267501831,
      1.429280400276184,
      8.20620059967041,
      26.130525588989258,
      35.173099517822266,
      37.52230453491211,
      26.889474868774414,
      49.980140686035156,
      35.30913162231445,
      52.321311950683594,
      39.67378616333008,
      53.81877136230469,
      42.9965934753418,
      58.54780960083008,
      54.78586959838867,
      54.17563247680664,
      57.0281867980957
    ],
    [
      -9.919022560119629,
      1.2175754308700562,
      0.8012826442718506,
      11.317815780639648,
      35.39674758911133,
      50.35688018798828,
      50.90369415283203,
      34.97920227050781,
      69.0380630493164,
      47.13821029663086,
      73.55192565917969,
      53.81877136230469,
      89.49451446533203,
      70.4603271484375,
      98.69358825683594,
      91.31718444824219,
      85.8064193725586,
      90.55404663085938
    ],
    [
      -7.657918930053711,
      0.9907545447349548,
      0.7240108251571655,
      9.000617027282715,
      27.64443016052246,
      39.65987014770508,
      39.670711517333984,
      27.775651931762695,
      54.029510498046875,
      37.458438873291016,
      57.97513961791992,
      42.9965934753418,
      70.4603271484375,
      56.44642639160156,
      77.03404235839844,
      71.87604522705078,
      65.96153259277344,
      70.07071685791016
    ],
    [
      -10.957717895507812,
      1.8557695150375366,
      1.5357736349105835,
      13.430112838745117,
      40.78468322753906,
      57.84210205078125,
      57.301727294921875,
      38.8293571472168,
      76.72354888916016,
      51.88255310058594,
      80.76006317138672,
      58.54780960083008,
      98.69358825683594,
      77.03404235839844,
      114.80683898925781,
      105.39756774902344,
      99.82779693603516,
      104.88214874267578
    ],
    [
      -9.988157272338867,
      1.6536544561386108,
      1.421852946281433,
      12.384772300720215,
      37.352806091308594,
      53.34572982788086,
      52.58293914794922,
      36.16115188598633,
      70.82023620605469,
      48.23938751220703,
      74.93301391601562,
      54.78586959838867,
      91.31718444824219,
      71.87604522705078,
      105.39756774902344,
      97.66560363769531,
      90.69856262207031,
      95.84845733642578
    ],
    [
      -10.910646438598633,
      1.9472697973251343,
      1.9491013288497925,
      13.217318534851074,
      39.371299743652344,
      55.46748733520508,
      55.2301139831543,
      37.498714447021484,
      72.81326293945312,
      49.24761962890625,
      74.85526275634766,
      54.17563247680664,
      85.8064193725586,
      65.96153259277344,
      99.82779693603516,
      90.69856262207031,
      96.12632751464844,
      99.76643371582031
    ],
    [
      -11.25987434387207,
      2.071702003479004,
      1.988968849182129,
      13.780780792236328,
      40.77570724487305,
      57.95132064819336,
      57.539180755615234,
      39.376434326171875,
      76.07249450683594,
      51.782474517822266,
      78.37798309326172,
      57.0281867980957,
      90.55404663085938,
      70.07071685791016,
      104.88214874267578,
      95.84845733642578,
      99.76643371582031,
      104.36756896972656
    ]
  ],
  "covariance_short": [
    [
      35.11283493041992,
      25.791893005371094,
      4.084544658660889,
      5.8076958656311035,
      -0.5887294411659241,
      1.760679841041565,
      1.3278647661209106,
      3.237609624862671,
      4.020431041717529,
      3.4396615028381348,
      2.4926648139953613,
      1.3961834907531738,
      2.3844072818756104,
      1.1517448425292969,
      2.8875417709350586,
      2.4187028408050537,
      4.463461399078369,
      4.48203706741333
    ],
    [
      25.791893005371094,
      26.65965461730957,
      1.6054025888442993,
      5.01171875,
      2.2414326667785645,
      6.323299407958984,
      5.125275611877441,
      7.932372093200684,
      9.628766059875488,
      9.010857582092285,
      9.915946006774902,
      8.022421836853027,
      11.044415473937988,
      8.693470001220703,
      12.186691284179688,
      11.519733428955078,
      11.974308013916016,
      12.284623146057129
    ],
    [
      4.084544658660889,
      1.6054025888442993,
      20.14115333557129,
      15.057317733764648,
      9.828280448913574,
      6.961511135101318,
      5.448082447052002,
      4.189688682556152,
      2.3735909461975098,
      2.4600319862365723,
      -1.219388723373413,
      -0.7834794521331787,
      -4.545989036560059,
      -3.628434419631958,
      -4.294665336608887,
      -4.313295364379883,
      -1.5367372035980225,
      -1.7640591859817505
    ],
    [
      5.8076958656311035,
      5.01171875,
      15.057317733764648,
      19.675519943237305,
      10.212726593017578,
      14.594685554504395,
      8.888434410095215,
      12.109143257141113,
      9.629321098327637,
      10.10684585571289,
      8.263223648071289,
      7.317395210266113,
      7.062063217163086,
      5.998326301574707,
      7.822996139526367,
      7.602227210998535,
      8.494412422180176,
      8.861674308776855
    ],
    [
      -0.5887294411659241,
      2.2414326667785645,
      9.828280448913574,
      10.212726593017578,
      58.29331588745117,
      48.73196029663086,
      48.180789947509766,
      36.76239776611328,
      48.60282897949219,
      38.83889389038086,
      42.339813232421875,
      33.1705207824707,
      38.890708923339844,
      32.54676055908203,
      41.485313415527344,
      40.35972213745117,
      36.72470474243164,
      37.81702423095703
    ],
    [
      1.760679841041565,
      6.323299407958984,
      6.961511135101318,
      14.594685554504395,
      48.73196029663086,
      64.79669952392578,
      47.76612091064453,
      49.39642333984375,
      55.99376678466797,
      49.783843994140625,
      55.61539077758789,
      45.09123611450195,
      56.3414192199707,
      47.289127349853516,
      60.65404510498047,
      59.09922409057617,
      53.036842346191406,
      55.093807220458984
    ],
    [
      1.3278647661209106,
      5.125275611877441,
      5.448082447052002,
      8.888434410095215,
      48.180789947509766,
      47.76612091064453,
      80.32433319091797,
      62.772518157958984,
      74.93402862548828,
      61.687835693359375,
      65.67124938964844,
      51.76695251464844,
      61.069759368896484,
      50.828163146972656,
      64.21275329589844,
      62.20398712158203,
      55.29631423950195,
      57.38389587402344
    ],
    [
      3.237609624862671,
      7.932372093200684,
      4.189688682556152,
      12.109143257141113,
      36.76239776611328,
      49.39642333984375,
      62.772518157958984,
      80.64608764648438,
      63.35803985595703,
      65.11041259765625,
      60.1926383972168,
      51.81784439086914,
      57.861976623535156,
      50.05949020385742,
      61.400115966796875,
      60.35459899902344,
      52.21416091918945,
      54.57059097290039
    ],
    [
      4.020431041717529,
      9.628766059875488,
      2.3735909461975098,
      9.629321098327637,
      48.60282897949219,
      55.99376678466797,
      74.93402862548828,
      63.35803985595703,
      103.27464294433594,
      80.1041259765625,
      88.46469116210938,
      69.4377670288086,
      86.30479431152344,
      71.3761978149414,
      90.30130767822266,
      87.63615417480469,
      77.70296478271484,
      80.70907592773438
    ],
    [
      3.4396615028381348,
      9.010857582092285,
      2.4600319862365723,
      10.10684585571289,
      38.83889389038086,
      49.783843994140625,
      61.687835693359375,
      65.11041259765625,
      80.1041259765625,
      79.10267639160156,
      73.07896423339844,
      62.20859909057617,
      70.62154388427734,
      61.077388763427734,
      74.25405883789062,
      73.23870086669922,
      62.32643127441406,
      65.32141876220703
    ],
    [
      2.4926648139953613,
      9.915946006774902,
      -1.219388723373413,
      8.263223648071289,
      42.339813232421875,
      55.61539077758789,
      65.67124938964844,
      60.1926383972168,
      88.46469116210938,
      73.07896423339844,
      101.3322982788086,
      79.78810119628906,
      99.15857696533203,
      83.34222412109375,
      102.26396942138672,
      99.9773178100586,
      84.97711944580078,
      88.5656967163086
    ],
    [
      1.3961834907531738,
      8.022421836853027,
      -0.7834794521331787,
      7.317395210266113,
      33.1705207824707,
      45.09123611450195,
      51.76695251464844,
      51.81784439086914,
      69.4377670288086,
      62.20859909057617,
      79.78810119628906,
      68.07693481445312,
      78.62104797363281,
      68.3438491821289,
      80.34033966064453,
      79.78675079345703,
      65.44020080566406,
      68.76699829101562
    ],
    [
      2.3844072818756104,
      11.044415473937988,
      -4.545989036560059,
      7.062063217163086,
      38.890708923339844,
      56.3414192199707,
      61.069759368896484,
      57.861976623535156,
      86.30479431152344,
      70.62154388427734,
      99.15857696533203,
      78.62104797363281,
      115.03524017333984,
      95.28217315673828,
      118.02540588378906,
      114.45233154296875,
      95.68031311035156,
      100.24410247802734
    ],
    [
      1.1517448425292969,
      8.693470001220703,
      -3.628434419631958,
      5.998326301574707,
      32.54676055908203,
      47.289127349853516,
      50.828163146972656,
      50.05949020385742,
      71.3761978149414,
      61.077388763427734,
      83.34222412109375,
      68.3438491821289,
      95.28217315673828,
      82.12258911132812,
      97.0853500366211,
      95.49418640136719,
      76.9142837524414,
      81.27961730957031
    ],
    [
      2.8875417709350586,
      12.186691284179688,
      -4.294665336608887,
      7.822996139526367,
      41.485313415527344,
      60.65404510498047,
      64.21275329589844,
      61.400115966796875,
      90.30130767822266,
      74.25405883789062,
      102.26396942138672,
      80.34033966064453,
      118.02540588378906,
      97.0853500366211,
      130.75181579589844,
      125.33495330810547,
      105.97657775878906,
      110.40426635742188
    ],
    [
      2.4187028408050537,
      11.519733428955078,
      -4.313295364379883,
      7.602227210998535,
      40.35972213745117,
      59.09922409057617,
      62.20398712158203,
      60.35459899902344,
      87.63615417480469,
      73.23870086669922,
      99.9773178100586,
      79.78675079345703,
      114.45233154296875,
      95.49418640136719,
      125.33495330810547,
      121.76873779296875,
      100.42279815673828,
      105.44911193847656
    ],
    [
      4.463461399078369,
      11.974308013916016,
      -1.5367372035980225,
      8.494412422180176,
      36.72470474243164,
      53.036842346191406,
      55.29631423950195,
      52.21416091918945,
      77.70296478271484,
      62.32643127441406,
      84.97711944580078,
      65.44020080566406,
      95.68031311035156,
      76.9142837524414,
      105.97657775878906,
      100.42279815673828,
      94.05770874023438,
      96.8839111328125
    ],
    [
      4.48203706741333,
      12.284623146057129,
      -1.7640591859817505,
      8.861674308776855,
      37.81702423095703,
      55.093807220458984,
      57.38389587402344,
      54.57059097290039,
      80.70907592773438,
      65.32141876220703,
      88.5656967163086,
      68.76699829101562,
      100.24410247802734,
      81.27961730957031,
      110.40426635742188,
      105.44911193847656,
      96.8839111328125,
      101.05347442626953
    ]
  ],
  "damage": -10.1617431640625,
  "diff_bandwidth": 697.7380981445312,
  "dissonance": 7.612299311075398,
  "drr": 6.118643760681152,
  "dynamics": 3.3477272987365723,
  "format": 1245190,
  "frames": 13308864,
  "loudness": -15.145398139953613,
  "loudness_range": 8.348278045654297,
  "loudness_range_short": 10.913268089294434,
  "lowpass_true_peak_15khz": -1.3350051641464233,
  "mastering3_acoustic_entropies": [
    {
      "acoustic_entropy": 8.227553367614746,
      "acoustic_entropy_mono": 8.153679847717285,
      "band_eliminated_acoustic_entropies": [
        {
          "acoustic_entropy": 8.23109245300293,
          "acoustic_entropy_side": 8.227560997009277,
          "hz": 129.47220167065723
        },
        {
          "acoustic_entropy": 8.301697731018066,
          "acoustic_entropy_side": 8.227766990661621,
          "hz": 202.92927478742237
        },
        {
          "acoustic_entropy": 8.429512023925781,
          "acoustic_entropy_side": 8.227718353271484,
          "hz": 282.89161906338205
        },
        {
          "acoustic_entropy": 8.684494018554688,
          "acoustic_entropy_side": 8.228038787841797,
          "hz": 369.9353335868758
        },
        {
          "acoustic_entropy": 8.147825241088867,
          "acoustic_entropy_side": 8.228718757629395,
          "hz": 464.6875360973435
        },
        {
          "acoustic_entropy": 8.721190452575684,
          "acoustic_entropy_side": 8.230047225952148,
          "hz": 567.8308811364784
        },
        {
          "acoustic_entropy": 8.367536544799805,
          "acoustic_entropy_side": 8.23370361328125,
          "hz": 680.1084783214808
        },
        {
          "acoustic_entropy": 8.16128158569336,
          "acoustic_entropy_side": 8.226479530334473,
          "hz": 802.3292461747484
        },
        {
          "acoustic_entropy": 7.861756324768066,
          "acoustic_entropy_side": 8.22390079498291,
          "hz": 935.3737400823702
        },
        {
          "acoustic_entropy": 8.238999366760254,
          "acoustic_entropy_side": 8.229042053222656,
          "hz": 1080.2004963696966
        },
        {
          "acoustic_entropy": 7.592188358306885,
          "acoustic_entropy_side": 8.221576690673828,
          "hz": 1237.8529382007157
        },
        {
          "acoustic_entropy": 8.351053237915039,
          "acoustic_entropy_side": 8.230597496032715,
          "hz": 1409.4668930556702
        },
        {
          "acoustic_entropy": 8.049256324768066,
          "acoustic_entropy_side": 8.22894287109375,
          "hz": 1596.2787759475705
        },
        {
          "acoustic_entropy": 8.253134727478027,
          "acoustic_entropy_side": 8.226813316345215,
          "hz": 1799.6344973346393
        },
        {
          "acoustic_entropy": 8.22031021118164,
          "acoustic_entropy_side": 8.232669830322266,
          "hz": 2020.9991599069049
        },
        {
          "acoustic_entropy": 8.108460426330566,
          "acoustic_entropy_side": 8.234803199768066,
          "hz": 2261.9676141086993
        },
        {
          "acoustic_entropy": 8.086090087890625,
          "acoustic_entropy_side": 8.232129096984863,
          "hz": 2524.2759484456974
        },
        {
          "acoustic_entropy": 8.18575668334961,
          "acoustic_entropy_side": 8.228350639343262,
          "hz": 2809.813997359896
        },
        {
          "acoustic_entropy": 8.225407600402832,
          "acoustic_entropy_side": 8.230836868286133,
          "hz": 3120.6389567871424
        },
        {
          "acoustic_entropy": 8.260021209716797,
          "acoustic_entropy_side": 8.22990608215332,
          "hz": 3458.990205492291
        },
        {
          "acoustic_entropy": 8.118440628051758,
          "acoustic_entropy_side": 8.223872184753418,
          "hz": 3827.305438964164
        },
        {
          "acoustic_entropy": 8.108890533447266,
          "acoustic_entropy_side": 8.219865798950195,
          "hz": 4228.238232109126
        },
        {
          "acoustic_entropy": 8.190713882446289,
          "acoustic_entropy_side": 8.225118637084961,
          "hz": 4664.6771572759235
        },
        {
          "acoustic_entropy": 8.151226043701172,
          "acoustic_entropy_side": 8.222369194030762,
          "hz": 5139.766595350093
        },
        {
          "acoustic_entropy": 8.136710166931152,
          "acoustic_entropy_side": 8.220686912536621,
          "hz": 5656.929389854203
        },
        {
          "acoustic_entropy": 8.19120979309082,
          "acoustic_entropy_side": 8.233744621276855,
          "hz": 6219.891507268283
        },
        {
          "acoustic_entropy": 8.085518836975098,
          "acoustic_entropy_side": 8.20472240447998,
          "hz": 6832.70888123896
        },
        {
          "acoustic_entropy": 8.13613510131836,
          "acoustic_entropy_side": 8.210916519165039,
          "hz": 7499.796634079867
        },
        {
          "acoustic_entropy": 8.141006469726562,
          "acoustic_entropy_side": 8.208378791809082,
          "hz": 8225.96088609342
        },
        {
          "acoustic_entropy": 8.185698509216309,
          "acoustic_entropy_side": 8.21518611907959,
          "hz": 9016.43338188839
        },
        {
          "acoustic_entropy": 8.20285701751709,
          "acoustic_entropy_side": 8.218704223632812,
          "hz": 9876.909183162974
        },
        {
          "acoustic_entropy": 8.222306251525879,
          "acoustic_entropy_side": 8.225238800048828,
          "hz": 10813.587699516042
        },
        {
          "acoustic_entropy": 8.224740982055664,
          "acoustic_entropy_side": 8.22591781616211,
          "hz": 11833.21735289826
        },
        {
          "acoustic_entropy": 8.229912757873535,
          "acoustic_entropy_side": 8.22841739654541,
          "hz": 12943.144197493959
        },
        {
          "acoustic_entropy": 8.228333473205566,
          "acoustic_entropy_side": 8.22790241241455,
          "hz": 14151.364845322005
        },
        {
          "acoustic_entropy": 8.227750778198242,
          "acoustic_entropy_side": 8.227677345275879,
          "hz": 15466.58407886509
        },
        {
          "acoustic_entropy": 8.227792739868164,
          "acoustic_entropy_side": 8.227717399597168,
          "hz": 16898.27756580493
        },
        {
          "acoustic_entropy": 8.227568626403809,
          "acoustic_entropy_side": 8.227566719055176,
          "hz": 18456.760127700032
        },
        {
          "acoustic_entropy": 8.227553367614746,
          "acoustic_entropy_side": 8.227553367614746,
          "hz": 20153.260054456492
        },
        {
          "acoustic_entropy": 8.227553367614746,
          "acoustic_entropy_side": 8.227553367614746,
          "hz": 22000.00000000001
        }
      ],
      "diff_acoustic_entropy": 6.224000930786133,
      "sn": 6
    },
    {
      "acoustic_entropy": 11.264411926269531,
      "acoustic_entropy_mono": 11.736128807067871,
      "band_eliminated_acoustic_entropies": [
        {
          "acoustic_entropy": 11.248403549194336,
          "acoustic_entropy_side": 11.264488220214844,
          "hz": 129.47220167065723
        },
        {
          "acoustic_entropy": 10.804707527160645,
          "acoustic_entropy_side": 11.262429237365723,
          "hz": 202.92927478742237
        },
        {
          "acoustic_entropy": 11.203302383422852,
          "acoustic_entropy_side": 11.258363723754883,
          "hz": 282.89161906338205
        },
        {
          "acoustic_entropy": 11.020895957946777,
          "acoustic_entropy_side": 11.333136558532715,
          "hz": 369.9353335868758
        },
        {
          "acoustic_entropy": 10.41420841217041,
          "acoustic_entropy_side": 11.324522972106934,
          "hz": 464.6875360973435
        },
        {
          "acoustic_entropy": 11.274601936340332,
          "acoustic_entropy_side": 11.287729263305664,
          "hz": 567.8308811364784
        },
        {
          "acoustic_entropy": 12.005132675170898,
          "acoustic_entropy_side": 11.324645042419434,
          "hz": 680.1084783214808
        },
        {
          "acoustic_entropy": 11.33430290222168,
          "acoustic_entropy_side": 11.227344512939453,
          "hz": 802.3292461747484
        },
        {
          "acoustic_entropy": 11.210193634033203,
          "acoustic_entropy_side": 11.295754432678223,
          "hz": 935.3737400823702
        },
        {
          "acoustic_entropy": 11.56393814086914,
          "acoustic_entropy_side": 11.361650466918945,
          "hz": 1080.2004963696966
        },
        {
          "acoustic_entropy": 10.911697387695312,
          "acoustic_entropy_side": 11.24148178100586,
          "hz": 1237.8529382007157
        },
        {
          "acoustic_entropy": 12.011756896972656,
          "acoustic_entropy_side": 11.307167053222656,
          "hz": 1409.4668930556702
        },
        {
          "acoustic_entropy": 11.090920448303223,
          "acoustic_entropy_side": 11.288471221923828,
          "hz": 1596.2787759475705
        },
        {
          "acoustic_entropy": 11.183806419372559,
          "acoustic_entropy_side": 11.272235870361328,
          "hz": 1799.6344973346393
        },
        {
          "acoustic_entropy": 11.285544395446777,
          "acoustic_entropy_side": 11.276554107666016,
          "hz": 2020.9991599069049
        },
        {
          "acoustic_entropy": 11.329608917236328,
          "acoustic_entropy_side": 11.13628101348877,
          "hz": 2261.9676141086993
        },
        {
          "acoustic_entropy": 11.230188369750977,
          "acoustic_entropy_side": 11.072810173034668,
          "hz": 2524.2759484456974
        },
        {
          "acoustic_entropy": 11.228791236877441,
          "acoustic_entropy_side": 11.177349090576172,
          "hz": 2809.813997359896
        },
        {
          "acoustic_entropy": 11.314153671264648,
          "acoustic_entropy_side": 11.232340812683105,
          "hz": 3120.6389567871424
        },
        {
          "acoustic_entropy": 11.192838668823242,
          "acoustic_entropy_side": 11.284789085388184,
          "hz": 3458.990205492291
        },
        {
          "acoustic_entropy": 11.190339088439941,
          "acoustic_entropy_side": 11.241872787475586,
          "hz": 3827.305438964164
        },
        {
          "acoustic_entropy": 11.430586814880371,
          "acoustic_entropy_side": 11.283968925476074,
          "hz": 4228.238232109126
        },
        {
          "acoustic_entropy": 11.284400939941406,
          "acoustic_entropy_side": 11.291801452636719,
          "hz": 4664.6771572759235
        },
        {
          "acoustic_entropy": 11.319172859191895,
          "acoustic_entropy_side": 11.313385009765625,
          "hz": 5139.766595350093
        },
        {
          "acoustic_entropy": 11.414102554321289,
          "acoustic_entropy_side": 11.288451194763184,
          "hz": 5656.929389854203
        },
        {
          "acoustic_entropy": 11.095438003540039,
          "acoustic_entropy_side": 11.041961669921875,
          "hz": 6219.891507268283
        },
        {
          "acoustic_entropy": 11.161168098449707,
          "acoustic_entropy_side": 11.193280220031738,
          "hz": 6832.70888123896
        },
        {
          "acoustic_entropy": 11.253710746765137,
          "acoustic_entropy_side": 11.23067855834961,
          "hz": 7499.796634079867
        },
        {
          "acoustic_entropy": 11.265510559082031,
          "acoustic_entropy_side": 11.25646686553955,
          "hz": 8225.96088609342
        },
        {
          "acoustic_entropy": 11.28268051147461,
          "acoustic_entropy_side": 11.259110450744629,
          "hz": 9016.43338188839
        },
        {
          "acoustic_entropy": 11.367588996887207,
          "acoustic_entropy_side": 11.293654441833496,
          "hz": 9876.909183162974
        },
        {
          "acoustic_entropy": 11.281658172607422,
          "acoustic_entropy_side": 11.276844024658203,
          "hz": 10813.587699516042
        },
        {
          "acoustic_entropy": 11.26114559173584,
          "acoustic_entropy_side": 11.273040771484375,
          "hz": 11833.21735289826
        },
        {
          "acoustic_entropy": 11.256878852844238,
          "acoustic_entropy_side": 11.277008056640625,
          "hz": 12943.144197493959
        },
        {
          "acoustic_entropy": 11.281527519226074,
          "acoustic_entropy_side": 11.282211303710938,
          "hz": 14151.364845322005
        },
        {
          "acoustic_entropy": 11.278828620910645,
          "acoustic_entropy_side": 11.27489185333252,
          "hz": 15466.58407886509
        },
        {
          "acoustic_entropy": 11.271231651306152,
          "acoustic_entropy_side": 11.269637107849121,
          "hz": 16898.27756580493
        },
        {
          "acoustic_entropy": 11.265047073364258,
          "acoustic_entropy_side": 11.264928817749023,
          "hz": 18456.760127700032
        },
        {
          "acoustic_entropy": 11.26445484161377,
          "acoustic_entropy_side": 11.264450073242188,
          "hz": 20153.260054456492
        },
        {
          "acoustic_entropy": 11.26441478729248,
          "acoustic_entropy_side": 11.26441478729248,
          "hz": 22000.00000000001
        }
      ],
      "diff_acoustic_entropy": 10.149256706237793,
      "sn": 12
    },
    {
      "acoustic_entropy": 15.216179847717285,
      "acoustic_entropy_mono": 15.487550735473633,
      "band_eliminated_acoustic_entropies": [
        {
          "acoustic_entropy": 14.88851261138916,
          "acoustic_entropy_side": 15.225505828857422,
          "hz": 129.47220167065723
        },
        {
          "acoustic_entropy": 16.104293823242188,
          "acoustic_entropy_side": 15.18712043762207,
          "hz": 202.92927478742237
        },
        {
          "acoustic_entropy": 14.954280853271484,
          "acoustic_entropy_side": 15.058349609375,
          "hz": 282.89161906338205
        },
        {
          "acoustic_entropy": 15.202228546142578,
          "acoustic_entropy_side": 15.252132415771484,
          "hz": 369.9353335868758
        },
        {
          "acoustic_entropy": 15.308448791503906,
          "acoustic_entropy_side": 15.017816543579102,
          "hz": 464.6875360973435
        },
        {
          "acoustic_entropy": 16.48151206970215,
          "acoustic_entropy_side": 15.410308837890625,
          "hz": 567.8308811364784
        },
        {
          "acoustic_entropy": 15.55209732055664,
          "acoustic_entropy_side": 15.880882263183594,
          "hz": 680.1084783214808
        },
        {
          "acoustic_entropy": 16.517017364501953,
          "acoustic_entropy_side": 15.56258487701416,
          "hz": 802.3292461747484
        },
        {
          "acoustic_entropy": 15.777450561523438,
          "acoustic_entropy_side": 15.125787734985352,
          "hz": 935.3737400823702
        },
        {
          "acoustic_entropy": 15.708305358886719,
          "acoustic_entropy_side": 15.268940925598145,
          "hz": 1080.2004963696966
        },
        {
          "acoustic_entropy": 15.298269271850586,
          "acoustic_entropy_side": 15.0508451461792,
          "hz": 1237.8529382007157
        },
        {
          "acoustic_entropy": 15.746594429016113,
          "acoustic_entropy_side": 14.744324684143066,
          "hz": 1409.4668930556702
        },
        {
          "acoustic_entropy": 15.897276878356934,
          "acoustic_entropy_side": 15.161893844604492,
          "hz": 1596.2787759475705
        },
        {
          "acoustic_entropy": 15.073058128356934,
          "acoustic_entropy_side": 15.237848281860352,
          "hz": 1799.6344973346393
        },
        {
          "acoustic_entropy": 15.214411735534668,
          "acoustic_entropy_side": 15.283317565917969,
          "hz": 2020.9991599069049
        },
        {
          "acoustic_entropy": 15.055818557739258,
          "acoustic_entropy_side": 15.103330612182617,
          "hz": 2261.9676141086993
        },
        {
          "acoustic_entropy": 15.533209800720215,
          "acoustic_entropy_side": 15.607236862182617,
          "hz": 2524.2759484456974
        },
        {
          "acoustic_entropy": 15.427342414855957,
          "acoustic_entropy_side": 15.378708839416504,
          "hz": 2809.813997359896
        },
        {
          "acoustic_entropy": 15.253203392028809,
          "acoustic_entropy_side": 15.293187141418457,
          "hz": 3120.6389567871424
