{
  "acoustic_entropy": 91.10767364501953,
  "bands": [
    {
      "high_freq": 148.1999969482422,
      "loudness": -51.727909088134766,
      "loudness_range": 23.161357879638672,
      "mid_mean": -48.52552795410156,
      "mid_to_side_loudness": -9.532073974609375,
      "mid_to_side_loudness_range": 11.79460620880127,
      "side_mean": -57.4329833984375
    },
    {
      "high_freq": 392.3793640136719,
      "loudness": -30.32257652282715,
      "loudness_range": 11.512994766235352,
      "low_freq": 148.1999969482422,
      "mid_mean": -27.675031661987305,
      "mid_to_side_loudness": -7.280991554260254,
      "mid_to_side_loudness_range": 13.102828979492188,
      "side_mean": -34.80295944213867
    },
    {
      "high_freq": 794.6976318359375,
      "loudness": -32.45576858520508,
      "loudness_range": 13.685428619384766,
      "low_freq": 392.3793640136719,
      "mid_mean": -30.9007568359375,
      "mid_to_side_loudness": -2.9152050018310547,
      "mid_to_side_loudness_range": 12.343505859375,
      "side_mean": -33.467041015625
    },
    {
      "high_freq": 1457.5709228515625,
      "loudness": -40.85858154296875,
      "loudness_range": 12.915374755859375,
      "low_freq": 794.6976318359375,
      "mid_mean": -39.29648208618164,
      "mid_to_side_loudness": -2.1420087814331055,
      "mid_to_side_loudness_range": 5.531081199645996,
      "side_mean": -41.433921813964844
    },
    {
      "high_freq": 2549.74365234375,
      "loudness": -47.33342742919922,
      "loudness_range": 17.476261138916016,
      "low_freq": 1457.5709228515625,
      "mid_mean": -46.84122848510742,
      "mid_to_side_loudness": 0.3730159401893616,
      "mid_to_side_loudness_range": 8.772584915161133,
      "side_mean": -46.747596740722656
    },
    {
      "high_freq": 4349.24462890625,
      "loudness": -57.1741828918457,
      "loudness_range": 21.653575897216797,
      "low_freq": 2549.74365234375,
      "mid_mean": -56.85033416748047,
      "mid_to_side_loudness": -0.20270423591136932,
      "mid_to_side_loudness_range": 6.226561546325684,
      "side_mean": -57.28082275390625
    },
    {
      "high_freq": 7314.1640625,
      "loudness": -74.18048095703125,
      "loudness_range": 20.30725860595703,
      "low_freq": 4349.24462890625,
      "mid_mean": -67.83867645263672,
      "mid_to_side_loudness": -1.332790732383728,
      "mid_to_side_loudness_range": 7.747740745544434,
      "side_mean": -68.43329620361328
    },
    {
      "high_freq": 12199.2666015625,
      "loudness": 0,
      "loudness_range": 0,
      "low_freq": 7314.1640625,
      "mid_mean": -69.97771453857422,
      "mid_to_side_loudness": 1.370566487312317,
      "mid_to_side_loudness_range": 3.01485013961792,
      "side_mean": -69.97484588623047
    },
    {
      "loudness": 0,
      "loudness_range": 0,
      "low_freq": 12199.2666015625,
      "mid_mean": -69.99821472167969,
      "mid_to_side_loudness": 8.040167808532715,
      "mid_to_side_loudness_range": 9.517351150512695,
      "side_mean": -69.99148559570312
    }
  ],
  "bands_short": [
    {
      "high_freq": 148.1999969482422,
      "loudness": -58.90519714355469,
      "loudness_range": 20.95849609375,
      "mid_mean": -55.47294235229492,
      "mid_to_side_loudness": -10.292623519897461,
      "mid_to_side_loudness_range": 16.289276123046875,
      "side_mean": -63.60097122192383
    },
    {
      "high_freq": 392.3793640136719,
      "loudness": -30.822681427001953,
      "loudness_range": 11.463865280151367,
      "low_freq": 148.1999969482422,
      "mid_mean": -28.4206485748291,
      "mid_to_side_loudness": -7.124050617218018,
      "mid_to_side_loudness_range": 14.12686824798584,
      "side_mean": -35.08797073364258
    },
    {
      "high_freq": 794.6976318359375,
      "loudness": -32.10653305053711,
      "loudness_range": 13.851308822631836,
      "low_freq": 392.3793640136719,
      "mid_mean": -30.56218147277832,
      "mid_to_side_loudness": -3.7389914989471436,
      "mid_to_side_loudness_range": 14.022247314453125,
      "side_mean": -34.012062072753906
    },
    {
      "high_freq": 1457.5709228515625,
      "loudness": -39.98784255981445,
      "loudness_range": 13.726829528808594,
      "low_freq": 794.6976318359375,
      "mid_mean": -38.814064025878906,
      "mid_to_side_loudness": -1.4705519676208496,
      "mid_to_side_loudness_range": 6.828569412231445,
      "side_mean": -40.15538024902344
    },
    {
      "high_freq": 2549.74365234375,
      "loudness": -48.15456771850586,
      "loudness_range": 19.42507553100586,
      "low_freq": 1457.5709228515625,
      "mid_mean": -47.68860626220703,
      "mid_to_side_loudness": 0.1785251349210739,
      "mid_to_side_loudness_range": 9.01702880859375,
      "side_mean": -47.55773162841797
    },
    {
      "high_freq": 4349.24462890625,
      "loudness": -58.060142517089844,
      "loudness_range": 23.034503936767578,
      "low_freq": 2549.74365234375,
      "mid_mean": -57.6780891418457,
      "mid_to_side_loudness": -0.22067111730575562,
      "mid_to_side_loudness_range": 8.517294883728027,
      "side_mean": -58.01908874511719
    },
    {
      "high_freq": 7314.1640625,
      "loudness": -74.88897705078125,
      "loudness_range": 21.569480895996094,
      "low_freq": 4349.24462890625,
      "mid_mean": -68.29491424560547,
      "mid_to_side_loudness": -0.8442191481590271,
      "mid_to_side_loudness_range": 9.050979614257812,
      "side_mean": -68.72205352783203
    },
    {
      "high_freq": 12199.2666015625,
      "loudness": 0,
      "loudness_range": 0,
      "low_freq": 7314.1640625,
      "mid_mean": -69.97752380371094,
      "mid_to_side_loudness": 1.6457151174545288,
      "mid_to_side_loudness_range": 3.5132174491882324,
      "side_mean": -69.97460174560547
    },
    {
      "loudness": 0,
      "loudness_range": 0,
      "low_freq": 12199.2666015625,
      "mid_mean": -69.99810028076172,
      "mid_to_side_loudness": 11.40658950805664,
      "mid_to_side_loudness_range": 23.529813766479492,
      "side_mean": -69.99122619628906
    }
  ],
  "bandwidth": 507.2284851074219,
  "channels": 2,
  "covariance": [
    [
      55.139564514160156,
      43.80662536621094,
      2.842346429824829,
      10.911999702453613,
      1.451780080795288,
      2.435201406478882,
      7.433939456939697,
      7.806396484375,
      15.675354957580566,
      6.877480983734131,
      18.423870086669922,
      14.592777252197266,
      4.900721549987793,
      4.644746780395508,
      0.06915099918842316,
      0.03180483728647232,
      0.0028770635835826397,
      0.004497819114476442
    ],
    [
      43.80662536621094,
      48.427452087402344,
      -0.9639011025428772,
      13.792129516601562,
      1.7071136236190796,
      1.3722859621047974,
      5.74021577835083,
      5.728628635406494,
      11.433648109436035,
      3.3879151344299316,
      17.59773063659668,
      13.82966136932373,
      2.1686294078826904,
      2.149376153945923,
      0.04025416448712349,
      0.019919665530323982,
      0.0020853623282164335,
      0.004748016130179167
    ],
    [
      2.842346429824829,
      -0.9639011025428772,
      19.066858291625977,
      13.416083335876465,
      16.171371459960938,
      15.183293342590332,
      16.061086654663086,
      16.72330093383789,
      20.264463424682617,
      21.66419219970703,
      23.167139053344727,
      21.664636611938477,
      7.565362930297852,
      6.055520534515381,
      0.04636072367429733,
      0.03403302654623985,
      0.0032002143561840057,
      0.004510397091507912
    ],
    [
      10.911999702453613,
      13.792129516601562,
      13.416083335876465,
      26.88749122619629,
      14.735989570617676,
      18.39443016052246,
      17.9332275390625,
      20.60892677307129,
      25.856767654418945,
      24.077960968017578,
      25.410999298095703,
      21.793840408325195,
      5.650036334991455,
      4.3024582862854,
      0.035604339092969894,
      0.025110749527812004,
      0.0028794286772608757,
      0.004051649942994118
    ],
    [
      1.451780080795288,
      1.7071136236190796,
      16.171371459960938,
      14.735989570617676,
      26.59307289123535,
      20.97429656982422,
      17.66672134399414,
      18.421770095825195,
      22.854434967041016,
      23.72613525390625,
      28.366064071655273,
      27.041515350341797,
      8.447717666625977,
      5.486931800842285,
      0.035651691257953644,
      0.03799782693386078,
      0.0033369839657098055,
      0.004920553881675005
    ],
    [
      2.435201406478882,
      1.3722859621047974,
      15.183293342590332,
      18.39443016052246,
      20.97429656982422,
      33.64958953857422,
      21.244611740112305,
      22.812448501586914,
      32.83965301513672,
      31.476533889770508,
      34.26729202270508,
      32.6683349609375,
      11.225896835327148,
      7.291947841644287,
      0.06453989446163177,
      0.04566401243209839,
      0.0039615570567548275,
      0.004673318937420845
    ],
    [
      7.433939456939697,
      5.74021577835083,
      16.061086654663086,
      17.9332275390625,
      17.66672134399414,
      21.244611740112305,
      21.881999969482422,
      22.294771194458008,
      28.98824119567871,
      27.206418991088867,
      31.327333450317383,
      29.15300750732422,
      7.9683451652526855,
      5.689266204833984,
      0.04867878556251526,
      0.03635631874203682,
      0.003491063369438052,
      0.004459005780518055
    ],
    [
      7.806396484375,
      5.728628635406494,
      16.72330093383789,
      20.60892677307129,
      18.421770095825195,
      22.812448501586914,
      22.294771194458008,
      25.59756851196289,
      30.840648651123047,
      29.453350067138672,
      33.42904281616211,
      30.24809455871582,
      9.095444679260254,
      6.541580677032471,
      0.054471150040626526,
      0.04376763477921486,
      0.003745364025235176,
      0.0048168557696044445
    ],
    [
      15.675354957580566,
      11.433648109436035,
      20.264463424682617,
      25.856767654418945,
      22.854434967041016,
      32.83965301513672,
      28.98824119567871,
      30.840648651123047,
      48.98380661010742,
      40.19755172729492,
      48.00399398803711,
      43.81550216674805,
      13.09852409362793,
      9.384878158569336,
      0.09150908142328262,
      0.05861058458685875,
      0.005218348931521177,
      0.005840299651026726
    ],
    [
      6.877480983734131,
      3.3879151344299316,
      21.66419219970703,
      24.077960968017578,
      23.72613525390625,
      31.476533889770508,
      27.206418991088867,
      29.453350067138672,
      40.19755172729492,
      39.597923278808594,
      42.197357177734375,
      38.334999084472656,
      13.127391815185547,
      9.321205139160156,
      0.08023755997419357,
      0.05763014778494835,
      0.005085769109427929,
      0.006183946970850229
    ],
    [
      18.423870086669922,
      17.59773063659668,
      23.167139053344727,
      25.410999298095703,
      28.366064071655273,
      34.26729202270508,
      31.327333450317383,
      33.42904281616211,
      48.00399398803711,
      42.197357177734375,
      61.56663513183594,
      54.47567367553711,
      16.836265563964844,
      12.126452445983887,
      0.11390019208192825,
      0.08065637201070786,
      0.0060594030655920506,
      0.008519547991454601
    ],
    [
      14.592777252197266,
      13.82966136932373,
      21.664636611938477,
      21.793840408325195,
      27.041515350341797,
      32.6683349609375,
      29.15300750732422,
      30.24809455871582,
      43.81550216674805,
      38.334999084472656,
      54.47567367553711,
      50.963783264160156,
      14.601839065551758,
      10.137957572937012,
      0.09696320444345474,
      0.07052742689847946,
      0.005492761265486479,
      0.007765788119286299
    ],
    [
      4.900721549987793,
      2.1686294078826904,
      7.565362930297852,
      5.650036334991455,
      8.447717666625977,
      11.225896835327148,
      7.9683451652526855,
      9.095444679260254,
      13.09852409362793,
      13.127391815185547,
      16.836265563964844,
      14.601839065551758,
      9.434209823608398,
      6.860957145690918,
      0.05762973055243492,
      0.038499247282743454,
      0.002406130079180002,
      0.0033163558691740036
    ],
    [
      4.644746780395508,
      2.149376153945923,
      6.055520534515381,
      4.3024582862854,
      5.486931800842285,
      7.291947841644287,
      5.689266204833984,
      6.541580677032471,
      9.384878158569336,
      9.321205139160156,
      12.126452445983887,
      10.137957572937012,
      6.860957145690918,
      5.661482810974121,
      0.04662005230784416,
      0.029389386996626854,
      0.0019394515547901392,
      0.0025140445213764906
    ],
    [
      0.06915099918842316,
      0.04025416448712349,
      0.04636072367429733,
      0.035604339092969894,
      0.035651691257953644,
      0.06453989446163177,
      0.04867878556251526,
      0.054471150040626526,
      0.09150908142328262,
      0.08023755997419357,
      0.11390019208192825,
      0.09696320444345474,
      0.05762973055243492,
      0.04662005230784416,
      0.0008605573093518615,
      0.0003506670764181763,
      1.8706270566326566e-05,
      2.3220702132675797e-05
    ],
    [
      0.03180483728647232,
      0.019919665530323982,
      0.03403302654623985,
      0.025110749527812004,
      0.03799782693386078,
      0.04566401243209839,
      0.03635631874203682,
      0.04376763477921486,
      0.05861058458685875,
      0.05763014778494835,
      0.08065637201070786,
      0.07052742689847946,
      0.038499247282743454,
      0.029389386996626854,
      0.0003506670764181763,
      0.0002476979570928961,
      1.4118481885816436e-05,
      1.869410880317446e-05
    ],
    [
      0.0028770635835826397,
      0.0020853623282164335,
      0.0032002143561840057,
      0.0028794286772608757,
      0.0033369839657098055,
      0.0039615570567548275,
      0.003491063369438052,
      0.003745364025235176,
      0.005218348931521177,
      0.005085769109427929,
      0.0060594030655920506,
      0.005492761265486479,
      0.002406130079180002,
      0.0019394515547901392,
      1.8706270566326566e-05,
      1.4118481885816436e-05,
      1.6811407022032654e-06,
      2.237231456092559e-06
    ],
    [
      0.004497819114476442,
      0.004748016130179167,
      0.004510397091507912,
      0.004051649942994118,
      0.004920553881675005,
      0.004673318937420845,
      0.004459005780518055,
      0.0048168557696044445,
      0.005840299651026726,
      0.006183946970850229,
      0.008519547991454601,
      0.007765788119286299,
      0.0033163558691740036,
      0.0025140445213764906,
      2.3220702132675797e-05,
      1.869410880317446e-05,
      2.237231456092559e-06,
      4.26981705459184e-06
    ]
  ],
  "covariance_short": [
    [
      45.35245895385742,
      23.844667434692383,
      10.167588233947754,
      15.323391914367676,
      9.652066230773926,
      7.860483646392822,
      10.650640487670898,
      12.798489570617676,
      19.699655532836914,
      16.094934463500977,
      21.34837532043457,
      18.527942657470703,
      6.330347061157227,
      4.732289791107178,
      0.08264552056789398,
      0.05502762272953987,
      0.004527927376329899,
      0.006578232627362013
    ],
    [
      23.844667434692383,
      27.068361282348633,
      2.6969356536865234,
      15.766338348388672,
      5.873334884643555,
      5.453552722930908,
      6.542912483215332,
      8.247891426086426,
      12.551630973815918,
      8.244050979614258,
      14.998091697692871,
      11.442736625671387,
      2.134023904800415,
      1.5858756303787231,
      0.03058049827814102,
      0.021602056920528412,
      0.0016648879973217845,
      0.003652581013739109
    ],
    [
      10.167588233947754,
      2.6969356536865234,
      23.75555419921875,
      10.77972412109375,
      16.896650314331055,
      15.729592323303223,
      16.01903533935547,
      16.01612663269043,
      21.104759216308594,
      21.460269927978516,
      25.443042755126953,
      25.434650421142578,
      7.608763217926025,
      6.006428241729736,
      0.06501861661672592,
      0.04242487624287605,
      0.004210908897221088,
      0.0046777259558439255
    ],
    [
      15.323391914367676,
      15.766338348388672,
      10.77972412109375,
      26.510648727416992,
      14.360950469970703,
      18.765239715576172,
      15.648798942565918,
      17.023120880126953,
      24.79905891418457,
      21.847396850585938,
      24.070051193237305,
      20.841415405273438,
      4.7902092933654785,
      3.813051700592041,
      0.04161355644464493,
      0.023934902623295784,
      0.003004150465130806,
      0.003669752972200513
    ],
    [
      9.652066230773926,
      5.873334884643555,
      16.896650314331055,
      14.360950469970703,
      28.255250930786133,
      21.413501739501953,
      19.244592666625977,
      19.965482711791992,
      24.83135986328125,
      24.143184661865234,
      30.2611083984375,
      29.56212043762207,
      8.842863082885742,
      6.351474761962891,
      0.05790161341428757,
      0.0512707345187664,
      0.005124416667968035,
      0.006070069037377834
    ],
    [
      7.860483646392822,
      5.453552722930908,
      15.729592323303223,
      18.765239715576172,
      21.413501739501953,
      37.005916595458984,
      24.098617553710938,
      24.7927188873291,
      37.01079177856445,
      33.012054443359375,
      36.475521087646484,
      36.163536071777344,
      10.8656005859375,
      7.507105350494385,
      0.08251852542161942,
      0.05623570457100868,
      0.005309940781444311,
      0.005835745483636856
    ],
    [
      10.650640487670898,
      6.542912483215332,
      16.01903533935547,
      15.648798942565918,
      19.244592666625977,
      24.098617553710938,
      24.752710342407227,
      23.31645393371582,
      32.08106994628906,
      28.667940139770508,
      31.637653350830078,
      31.218717575073242,
      8.865229606628418,
      6.209900856018066,
      0.06690733879804611,
      0.049332235008478165,
      0.004843970760703087,
      0.0057348888367414474
    ],
    [
      12.798489570617676,
      8.247891426086426,
      16.01612663269043,
      17.023120880126953,
      19.965482711791992,
      24.7927188873291,
      23.31645393371582,
      27.099952697753906,
      31.950538635253906,
      29.292367935180664,
      32.094383239746094,
      31.046281814575195,
      9.642212867736816,
      6.6498942375183105,
      0.07048884779214859,
      0.05515555664896965,
      0.004839506931602955,
      0.0060488395392894745
    ],
    [
      19.699655532836914,
      12.551630973815918,
      21.104759216308594,
      24.79905891418457,
      24.83135986328125,
      37.01079177856445,
      32.08106994628906,
      31.950538635253906,
      53.04815673828125,
      43.454837799072266,
      49.79819869995117,
      47.19282150268555,
      13.65410327911377,
      9.967366218566895,
      0.12538863718509674,
      0.079503633081913,
      0.00791901908814907,
      0.009060025215148926
    ],
    [
      16.094934463500977,
      8.244050979614258,
      21.460269927978516,
      21.847396850585938,
      24.143184661865234,
      33.012054443359375,
      28.667940139770508,
      29.292367935180664,
      43.454837799072266,
      42.56120681762695,
      43.26718521118164,
      41.10218811035156,
      13.322854995727539,
      9.690688133239746,
      0.11361490935087204,
      0.07958816736936569,
      0.0075908531434834,
      0.009172869846224785
    ],
    [
      21.34837532043457,
      14.998091697692871,
      25.443042755126953,
      24.070051193237305,
      30.2611083984375,
      36.475521087646484,
      31.637653350830078,
      32.094383239746094,
      49.79819869995117,
      43.26718521118164,
      60.974815368652344,
      55.49470520019531,
      16.092784881591797,
      11.848655700683594,
      0.15121802687644958,
      0.10547369718551636,
      0.008618936873972416,
      0.010590801015496254
    ],
    [
      18.527942657470703,
      11.442736625671387,
      25.434650421142578,
      20.841415405273438,
      29.56212043762207,
      36.163536071777344,
      31.218717575073242,
      31.046281814575195,
      47.19282150268555,
      41.10218811035156,
      55.49470520019531,
      56.0267219543457,
      14.768577575683594,
      10.444363594055176,
      0.12795458734035492,
      0.09417110681533813,
      0.008240624330937862,
      0.010187572799623013
    ],
    [
      6.330347061157227,
      2.134023904800415,
      7.608763217926025,
      4.7902092933654785,
      8.842863082885742,
      10.8656005859375,
      8.865229606628418,
      9.642212867736816,
      13.65410327911377,
      13.322854995727539,
      16.092784881591797,
      14.768577575683594,
      9.436365127563477,
      6.940208911895752,
      0.08844000846147537,
      0.0593118742108345,
      0.004239075351506472,
      0.005662223324179649
    ],
    [
      4.732289791107178,
      1.5858756303787231,
      6.006428241729736,
      3.813051700592041,
      6.351474761962891,
      7.507105350494385,
      6.209900856018066,
      6.6498942375183105,
      9.967366218566895,
      9.690688133239746,
      11.848655700683594,
      10.444363594055176,
      6.940208911895752,
      5.803993225097656,
      0.0724436566233635,
      0.046795960515737534,
      0.003288353094831109,
      0.00432922737672925
    ],
    [
      0.08264552056789398,
      0.03058049827814102,
      0.06501861661672592,
      0.04161355644464493,
      0.05790161341428757,
      0.08251852542161942,
      0.06690733879804611,
      0.07048884779214859,
      0.12538863718509674,
      0.11361490935087204,
      0.15121802687644958,
      0.12795458734035492,
      0.08844000846147537,
      0.0724436566233635,
      0.0022626344580203295,
      0.0008975984528660774,
      5.780279389000498e-05,
      7.22198310540989e-05
    ],
    [
      0.05502762272953987,
      0.021602056920528412,
      0.04242487624287605,
      0.023934902623295784,
      0.0512707345187664,
      0.05623570457100868,
      0.049332235008478165,
      0.05515555664896965,
      0.079503633081913,
      0.07958816736936569,
      0.10547369718551636,
      0.09417110681533813,
      0.0593118742108345,
      0.046795960515737534,
      0.0008975984528660774,
      0.0007001208723522723,
      4.307528797653504e-05,
      5.426634379546158e-05
    ],
    [
      0.004527927376329899,
      0.0016648879973217845,
      0.004210908897221088,
      0.003004150465130806,
      0.005124416667968035,
      0.005309940781444311,
      0.004843970760703087,
      0.004839506931602955,
      0.00791901908814907,
      0.0075908531434834,
      0.008618936873972416,
      0.008240624330937862,
      0.004239075351506472,
      0.003288353094831109,
      5.780279389000498e-05,
      4.307528797653504e-05,
      7.656381967535708e-06,
      8.9840477812686e-06
    ],
    [
      0.006578232627362013,
      0.003652581013739109,
      0.0046777259558439255,
      0.003669752972200513,
      0.006070069037377834,
      0.005835745483636856,
      0.0057348888367414474,
      0.0060488395392894745,
      0.009060025215148926,
      0.009172869846224785,
      0.010590801015496254,
      0.010187572799623013,
      0.005662223324179649,
      0.00432922737672925,
      7.22198310540989e-05,
      5.426634379546158e-05,
      8.9840477812686e-06,
      1.673856604611501e-05
    ]
  ],
  "damage": -14.080446243286133,
  "diff_bandwidth": 516.19677734375,
  "dissonance": 3.336853783809395,
  "drr": 4.339174270629883,
  "dynamics": 3.817906618118286,
  "format": 1245190,
  "frames": 649152,
  "loudness": -24.234176635742188,
  "loudness_range": 11.176797866821289,
  "loudness_range_short": 11.827386856079102,
  "lowpass_true_peak_15khz": -7.36019229888916,
  "mastering3_acoustic_entropies": [
    {
      "acoustic_entropy": 5.897058010101318,
      "acoustic_entropy_mono": 4.39923620223999,
      "band_eliminated_acoustic_entropies": [
        {
          "acoustic_entropy": 5.896917819976807,
          "acoustic_entropy_side": 5.897098541259766,
          "hz": 129.47220167065723
        },
        {
          "acoustic_entropy": 5.890257835388184,
          "acoustic_entropy_side": 5.906630039215088,
          "hz": 202.92927478742237
        },
        {
          "acoustic_entropy": 5.349765300750732,
          "acoustic_entropy_side": 5.757153511047363,
          "hz": 282.89161906338205
        },
        {
          "acoustic_entropy": 5.512882709503174,
          "acoustic_entropy_side": 5.458243370056152,
          "hz": 369.9353335868758
        },
        {
          "acoustic_entropy": 5.060330867767334,
          "acoustic_entropy_side": 5.269333839416504,
          "hz": 464.6875360973435
        },
        {
          "acoustic_entropy": 5.019303321838379,
          "acoustic_entropy_side": 4.8848652839660645,
          "hz": 567.8308811364784
        },
        {
          "acoustic_entropy": 5.542622089385986,
          "acoustic_entropy_side": 5.955468654632568,
          "hz": 680.1084783214808
        },
        {
          "acoustic_entropy": 5.483920574188232,
          "acoustic_entropy_side": 5.508267402648926,
          "hz": 802.3292461747484
        },
        {
          "acoustic_entropy": 5.606292724609375,
          "acoustic_entropy_side": 5.465892791748047,
          "hz": 935.3737400823702
        },
        {
          "acoustic_entropy": 5.700297832489014,
          "acoustic_entropy_side": 5.833852767944336,
          "hz": 1080.2004963696966
        },
        {
          "acoustic_entropy": 5.677945137023926,
          "acoustic_entropy_side": 5.830737113952637,
          "hz": 1237.8529382007157
        },
        {
          "acoustic_entropy": 6.193364143371582,
          "acoustic_entropy_side": 6.170557022094727,
          "hz": 1409.4668930556702
        },
        {
          "acoustic_entropy": 6.142101764678955,
          "acoustic_entropy_side": 5.998923301696777,
          "hz": 1596.2787759475705
        },
        {
          "acoustic_entropy": 5.996913433074951,
          "acoustic_entropy_side": 5.804422855377197,
          "hz": 1799.6344973346393
        },
        {
          "acoustic_entropy": 5.965623378753662,
          "acoustic_entropy_side": 5.991285800933838,
          "hz": 2020.9991599069049
        },
        {
          "acoustic_entropy": 5.972922325134277,
          "acoustic_entropy_side": 5.952732563018799,
          "hz": 2261.9676141086993
        },
        {
          "acoustic_entropy": 5.97560977935791,
          "acoustic_entropy_side": 5.9154229164123535,
          "hz": 2524.2759484456974
        },
        {
          "acoustic_entropy": 5.973533630371094,
          "acoustic_entropy_side": 5.913721084594727,
          "hz": 2809.813997359896
        },
        {
          "acoustic_entropy": 5.96199893951416,
          "acoustic_entropy_side": 5.917491436004639,
          "hz": 3120.6389567871424
        },
        {
          "acoustic_entropy": 5.898858070373535,
          "acoustic_entropy_side": 5.8982648849487305,
          "hz": 3458.990205492291
        },
        {
          "acoustic_entropy": 5.903475761413574,
          "acoustic_entropy_side": 5.900863170623779,
          "hz": 3827.305438964164
        },
        {
          "acoustic_entropy": 5.901889801025391,
          "acoustic_entropy_side": 5.899664878845215,
          "hz": 4228.238232109126
        },
        {
          "acoustic_entropy": 5.897092819213867,
          "acoustic_entropy_side": 5.897067546844482,
          "hz": 4664.6771572759235
        },
        {
          "acoustic_entropy": 5.897083759307861,
          "acoustic_entropy_side": 5.897068977355957,
          "hz": 5139.766595350093
        },
        {
          "acoustic_entropy": 5.897060871124268,
          "acoustic_entropy_side": 5.897059917449951,
          "hz": 5656.929389854203
        },
        {
          "acoustic_entropy": 5.897057056427002,
          "acoustic_entropy_side": 5.897058010101318,
          "hz": 6219.891507268283
        },
        {
          "acoustic_entropy": 5.89705753326416,
          "acoustic_entropy_side": 5.897058010101318,
          "hz": 6832.70888123896
        },
        {
          "acoustic_entropy": 5.897058010101318,
          "acoustic_entropy_side": 5.897058010101318,
          "hz": 7499.796634079867
        },
        {
          "acoustic_entropy": 5.897058010101318,
          "acoustic_entropy_side": 5.897058010101318,
          "hz": 8225.96088609342
        },
        {
          "acoustic_entropy": 5.897058010101318,
          "acoustic_entropy_side": 5.897058010101318,
          "hz": 9016.43338188839
        },
        {
          "acoustic_entropy": 5.897058010101318,
          "acoustic_entropy_side": 5.897058010101318,
          "hz": 9876.909183162974
        },
        {
          "acoustic_entropy": 5.897058010101318,
          "acoustic_entropy_side": 5.897058010101318,
          "hz": 10813.587699516042
        },
        {
          "acoustic_entropy": 5.897058010101318,
          "acoustic_entropy_side": 5.897058010101318,
          "hz": 11833.21735289826
        },
        {
          "acoustic_entropy": 5.897058010101318,
          "acoustic_entropy_side": 5.897058010101318,
          "hz": 12943.144197493959
        },
        {
          "acoustic_entropy": 5.897058010101318,
          "acoustic_entropy_side": 5.897058010101318,
          "hz": 14151.364845322005
        },
        {
          "acoustic_entropy": 5.897058010101318,
          "acoustic_entropy_side": 5.897058010101318,
          "hz": 15466.58407886509
        },
        {
          "acoustic_entropy": 5.897058010101318,
          "acoustic_entropy_side": 5.897058010101318,
          "hz": 16898.27756580493
        },
        {
          "acoustic_entropy": 5.897058010101318,
          "acoustic_entropy_side": 5.897058010101318,
          "hz": 18456.760127700032
        },
        {
          "acoustic_entropy": 5.897058010101318,
          "acoustic_entropy_side": 5.897058010101318,
          "hz": 20153.260054456492
        },
        {
          "acoustic_entropy": 5.897058010101318,
          "acoustic_entropy_side": 5.897058010101318,
          "hz": 22000.00000000001
        }
      ],
      "diff_acoustic_entropy": 2.5812065601348877,
      "sn": 6
    },
    {
      "acoustic_entropy": 8.454327583312988,
      "acoustic_entropy_mono": 6.840539455413818,
      "band_eliminated_acoustic_entropies": [
        {
          "acoustic_entropy": 8.45180892944336,
          "acoustic_entropy_side": 8.454145431518555,
          "hz": 129.47220167065723
        },
        {
          "acoustic_entropy": 8.89663028717041,
          "acoustic_entropy_side": 8.502015113830566,
          "hz": 202.92927478742237
        },
        {
          "acoustic_entropy": 8.433459281921387,
          "acoustic_entropy_side": 8.467721939086914,
          "hz": 282.89161906338205
        },
        {
          "acoustic_entropy": 8.360654830932617,
          "acoustic_entropy_side": 8.349340438842773,
          "hz": 369.9353335868758
        },
        {
          "acoustic_entropy": 7.789790153503418,
          "acoustic_entropy_side": 8.24543285369873,
          "hz": 464.6875360973435
        },
        {
          "acoustic_entropy": 8.082286834716797,
          "acoustic_entropy_side": 7.649871826171875,
          "hz": 567.8308811364784
        },
        {
          "acoustic_entropy": 7.974318504333496,
          "acoustic_entropy_side": 8.544621467590332,
          "hz": 680.1084783214808
        },
        {
          "acoustic_entropy": 7.769366264343262,
          "acoustic_entropy_side": 8.554134368896484,
          "hz": 802.3292461747484
        },
        {
          "acoustic_entropy": 8.0404691696167,
          "acoustic_entropy_side": 8.22406005859375,
          "hz": 935.3737400823702
        },
        {
          "acoustic_entropy": 9.06667423248291,
          "acoustic_entropy_side": 8.872164726257324,
          "hz": 1080.2004963696966
        },
        {
          "acoustic_entropy": 8.402159690856934,
          "acoustic_entropy_side": 8.594805717468262,
          "hz": 1237.8529382007157
        },
        {
          "acoustic_entropy": 8.581987380981445,
          "acoustic_entropy_side": 8.69063663482666,
          "hz": 1409.4668930556702
        },
        {
          "acoustic_entropy": 8.7360200881958,
          "acoustic_entropy_side": 9.052433013916016,
          "hz": 1596.2787759475705
        },
        {
          "acoustic_entropy": 8.798627853393555,
          "acoustic_entropy_side": 8.528470993041992,
          "hz": 1799.6344973346393
        },
        {
          "acoustic_entropy": 8.101669311523438,
          "acoustic_entropy_side": 8.485457420349121,
          "hz": 2020.9991599069049
        },
        {
          "acoustic_entropy": 8.412240028381348,
          "acoustic_entropy_side": 8.496685028076172,
          "hz": 2261.9676141086993
        },
        {
          "acoustic_entropy": 8.2402982711792,
          "acoustic_entropy_side": 8.404214859008789,
          "hz": 2524.2759484456974
        },
        {
          "acoustic_entropy": 8.311984062194824,
          "acoustic_entropy_side": 8.428670883178711,
          "hz": 2809.813997359896
        },
        {
          "acoustic_entropy": 8.318351745605469,
          "acoustic_entropy_side": 8.42390251159668,
          "hz": 3120.6389567871424
        },
        {
          "acoustic_entropy": 8.440629959106445,
          "acoustic_entropy_side": 8.448531150817871,
          "hz": 3458.990205492291
        },
        {
          "acoustic_entropy": 8.421486854553223,
          "acoustic_entropy_side": 8.439783096313477,
          "hz": 3827.305438964164
        },
        {
          "acoustic_entropy": 8.437572479248047,
          "acoustic_entropy_side": 8.446073532104492,
          "hz": 4228.238232109126
        },
        {
          "acoustic_entropy": 8.454790115356445,
          "acoustic_entropy_side": 8.454615592956543,
          "hz": 4664.6771572759235
        },
        {
          "acoustic_entropy": 8.455284118652344,
          "acoustic_entropy_side": 8.45469856262207,
          "hz": 5139.766595350093
        },
        {
          "acoustic_entropy": 8.454484939575195,
          "acoustic_entropy_side": 8.454390525817871,
          "hz": 5656.929389854203
        },
        {
          "acoustic_entropy": 8.454363822937012,
          "acoustic_entropy_side": 8.454340934753418,
          "hz": 6219.891507268283
        },
        {
          "acoustic_entropy": 8.454327583312988,
          "acoustic_entropy_side": 8.454325675964355,
          "hz": 6832.70888123896
        },
        {
          "acoustic_entropy": 8.454327583312988,
          "acoustic_entropy_side": 8.454327583312988,
          "hz": 7499.796634079867
        },
        {
          "acoustic_entropy": 8.454327583312988,
          "acoustic_entropy_side": 8.454327583312988,
          "hz": 8225.96088609342
        },
        {
          "acoustic_entropy": 8.454327583312988,
          "acoustic_entropy_side": 8.454327583312988,
          "hz": 9016.43338188839
        },
        {
          "acoustic_entropy": 8.454327583312988,
          "acoustic_entropy_side": 8.454327583312988,
          "hz": 9876.909183162974
        },
        {
          "acoustic_entropy": 8.454327583312988,
          "acoustic_entropy_side": 8.454327583312988,
          "hz": 10813.587699516042
        },
        {
          "acoustic_entropy": 8.454327583312988,
          "acoustic_entropy_side": 8.454327583312988,
          "hz": 11833.21735289826
        },
        {
          "acoustic_entropy": 8.454327583312988,
          "acoustic_entropy_side": 8.454327583312988,
          "hz": 12943.144197493959
        },
        {
          "acoustic_entropy": 8.454327583312988,
          "acoustic_entropy_side": 8.454327583312988,
          "hz": 14151.364845322005
        },
        {
          "acoustic_entropy": 8.454327583312988,
          "acoustic_entropy_side": 8.454327583312988,
          "hz": 15466.58407886509
        },
        {
          "acoustic_entropy": 8.454327583312988,
          "acoustic_entropy_side": 8.454327583312988,
          "hz": 16898.27756580493
        },
        {
          "acoustic_entropy": 8.454327583312988,
          "acoustic_entropy_side": 8.454327583312988,
          "hz": 18456.760127700032
        },
        {
          "acoustic_entropy": 8.454327583312988,
          "acoustic_entropy_side": 8.454327583312988,
          "hz": 20153.260054456492
        },
        {
          "acoustic_entropy": 8.454327583312988,
          "acoustic_entropy_side": 8.454327583312988,
          "hz": 22000.00000000001
        }
      ],
      "diff_acoustic_entropy": 4.2671661376953125,
      "sn": 12
    },
    {
      "acoustic_entropy": 11.8350248336792,
      "acoustic_entropy_mono": 9.560750961303711,
      "band_eliminated_acoustic_entropies": [
        {
          "acoustic_entropy": 11.702204704284668,
          "acoustic_entropy_side": 11.823549270629883,
          "hz": 129.47220167065723
        },
        {
          "acoustic_entropy": 12.021566390991211,
          "acoustic_entropy_side": 11.907849311828613,
          "hz": 202.92927478742237
        },
        {
          "acoustic_entropy": 12.855555534362793,
          "acoustic_entropy_side": 12.063255310058594,
          "hz": 282.89161906338205
        },
        {
          "acoustic_entropy": 13.007800102233887,
          "acoustic_entropy_side": 12.594569206237793,
          "hz": 369.9353335868758
        },
        {
          "acoustic_entropy": 12.375631332397461,
          "acoustic_entropy_side": 11.593818664550781,
          "hz": 464.6875360973435
        },
        {
          "acoustic_entropy": 12.223506927490234,
          "acoustic_entropy_side": 10.963966369628906,
          "hz": 567.8308811364784
        },
        {
          "acoustic_entropy": 11.926545143127441,
          "acoustic_entropy_side": 11.118274688720703,
          "hz": 680.1084783214808
        },
        {
          "acoustic_entropy": 10.768900871276855,
          "acoustic_entropy_side": 11.707303047180176,
          "hz": 802.3292461747484
        },
        {
          "acoustic_entropy": 11.932863235473633,
          "acoustic_entropy_side": 11.500626564025879,
          "hz": 935.3737400823702
        },
        {
          "acoustic_entropy": 11.267855644226074,
          "acoustic_entropy_side": 11.515450477600098,
          "hz": 1080.2004963696966
        },
        {
          "acoustic_entropy": 11.629982948303223,
          "acoustic_entropy_side": 11.60609245300293,
          "hz": 1237.8529382007157
        },
        {
          "acoustic_entropy": 11.882325172424316,
          "acoustic_entropy_side": 11.716678619384766,
          "hz": 1409.4668930556702
        },
        {
          "acoustic_entropy": 11.558832168579102,
          "acoustic_entropy_side": 11.902521133422852,
          "hz": 1596.2787759475705
        },
        {
          "acoustic_entropy": 11.846368789672852,
          "acoustic_entropy_side": 11.612244606018066,
          "hz": 1799.6344973346393
        },
        {
          "acoustic_entropy": 11.73808765411377,
          "acoustic_entropy_side": 11.542167663574219,
          "hz": 2020.9991599069049
        },
        {
          "acoustic_entropy": 11.962006568908691,
          "acoustic_entropy_side": 12.08759593963623,
          "hz": 2261.9676141086993
        },
        {
