{
  "acoustic_entropy": 187.5167236328125,
  "bands": [
    {
      "high_freq": 148.1999969482422,
      "loudness": -18.21800994873047,
      "loudness_range": 16.495845794677734,
      "mid_mean": -14.608168601989746,
      "mid_to_side_loudness": -24.244415283203125,
      "mid_to_side_loudness_range": 27.14899444580078,
      "side_mean": -41.02543258666992
    },
    {
      "high_freq": 392.3793640136719,
      "loudness": -18.447221755981445,
      "loudness_range": 9.649845123291016,
      "low_freq": 148.1999969482422,
      "mid_mean": -15.01125431060791,
      "mid_to_side_loudness": -15.773563385009766,
      "mid_to_side_loudness_range": 18.105079650878906,
      "side_mean": -30.861103057861328
    },
    {
      "high_freq": 794.6976318359375,
      "loudness": -21.616281509399414,
      "loudness_range": 9.411426544189453,
      "low_freq": 392.3793640136719,
      "mid_mean": -18.325796127319336,
      "mid_to_side_loudness": -11.469069480895996,
      "mid_to_side_loudness_range": 10.956480026245117,
      "side_mean": -29.621862411499023
    },
    {
      "high_freq": 1457.5709228515625,
      "loudness": -25.438312530517578,
      "loudness_range": 16.085506439208984,
      "low_freq": 794.6976318359375,
      "mid_mean": -22.189376831054688,
      "mid_to_side_loudness": -11.545607566833496,
      "mid_to_side_loudness_range": 12.997068405151367,
      "side_mean": -33.64091873168945
    },
    {
      "high_freq": 2549.74365234375,
      "loudness": -25.436241149902344,
      "loudness_range": 17.345951080322266,
      "low_freq": 1457.5709228515625,
      "mid_mean": -22.14484214782715,
      "mid_to_side_loudness": -11.56930923461914,
      "mid_to_side_loudness_range": 12.03431510925293,
      "side_mean": -33.51958465576172
    },
    {
      "high_freq": 4349.24462890625,
      "loudness": -28.57261085510254,
      "loudness_range": 14.443855285644531,
      "low_freq": 2549.74365234375,
      "mid_mean": -25.259361267089844,
      "mid_to_side_loudness": -11.94679069519043,
      "mid_to_side_loudness_range": 11.893818855285645,
      "side_mean": -36.49250793457031
    },
    {
      "high_freq": 7314.1640625,
      "loudness": -31.11703872680664,
      "loudness_range": 21.330312728881836,
      "low_freq": 4349.24462890625,
      "mid_mean": -27.757158279418945,
      "mid_to_side_loudness": -11.87218189239502,
      "mid_to_side_loudness_range": 10.65172004699707,
      "side_mean": -39.24319839477539
    },
    {
      "high_freq": 12199.2666015625,
      "loudness": -27.81764793395996,
      "loudness_range": 21.068828582763672,
      "low_freq": 7314.1640625,
      "mid_mean": -24.375167846679688,
      "mid_to_side_loudness": -13.623104095458984,
      "mid_to_side_loudness_range": 10.00693130493164,
      "side_mean": -37.97965621948242
    },
    {
      "loudness": -28.983774185180664,
      "loudness_range": 28.735567092895508,
      "low_freq": 12199.2666015625,
      "mid_mean": -25.705888748168945,
      "mid_to_side_loudness": -12.906816482543945,
      "mid_to_side_loudness_range": 10.567070007324219,
      "side_mean": -38.28451156616211
    }
  ],
  "bands_short": [
    {
      "high_freq": 148.1999969482422,
      "loudness": -25.615331649780273,
      "loudness_range": 26.972394943237305,
      "mid_mean": -22.001163482666016,
      "mid_to_side_loudness": -22.483335494995117,
      "mid_to_side_loudness_range": 30.376874923706055,
      "side_mean": -46.2526969909668
    },
    {
      "high_freq": 392.3793640136719,
      "loudness": -17.254594802856445,
      "loudness_range": 13.01602840423584,
      "low_freq": 148.1999969482422,
      "mid_mean": -13.815579414367676,
      "mid_to_side_loudness": -17.320693969726562,
      "mid_to_side_loudness_range": 22.373592376708984,
      "side_mean": -31.513395309448242
    },
    {
      "high_freq": 794.6976318359375,
      "loudness": -22.277061462402344,
      "loudness_range": 12.234729766845703,
      "low_freq": 392.3793640136719,
      "mid_mean": -19.02603530883789,
      "mid_to_side_loudness": -11.464804649353027,
      "mid_to_side_loudness_range": 13.178370475769043,
      "side_mean": -30.320531845092773
    },
    {
      "high_freq": 1457.5709228515625,
      "loudness": -25.61910629272461,
      "loudness_range": 18.623714447021484,
      "low_freq": 794.6976318359375,
      "mid_mean": -22.374258041381836,
      "mid_to_side_loudness": -11.559942245483398,
      "mid_to_side_loudness_range": 14.826567649841309,
      "side_mean": -33.93372344970703
    },
    {
      "high_freq": 2549.74365234375,
      "loudness": -26.536514282226562,
      "loudness_range": 21.219398498535156,
      "low_freq": 1457.5709228515625,
      "mid_mean": -23.289138793945312,
      "mid_to_side_loudness": -11.51140022277832,
      "mid_to_side_loudness_range": 14.614581108093262,
      "side_mean": -34.87167739868164
    },
    {
      "high_freq": 4349.24462890625,
      "loudness": -30.07267951965332,
      "loudness_range": 19.647096633911133,
      "low_freq": 2549.74365234375,
      "mid_mean": -26.77324676513672,
      "mid_to_side_loudness": -12.148674964904785,
      "mid_to_side_loudness_range": 14.471595764160156,
      "side_mean": -38.60349655151367
    },
    {
      "high_freq": 7314.1640625,
      "loudness": -32.892765045166016,
      "loudness_range": 25.26325798034668,
      "low_freq": 4349.24462890625,
      "mid_mean": -29.55551528930664,
      "mid_to_side_loudness": -12.354955673217773,
      "mid_to_side_loudness_range": 14.387823104858398,
      "side_mean": -42.184173583984375
    },
    {
      "high_freq": 12199.2666015625,
      "loudness": -30.762371063232422,
      "loudness_range": 27.195423126220703,
      "low_freq": 7314.1640625,
      "mid_mean": -27.396177291870117,
      "mid_to_side_loudness": -14.212770462036133,
      "mid_to_side_loudness_range": 15.432598114013672,
      "side_mean": -42.79790115356445
    },
    {
      "loudness": -34.514427185058594,
      "loudness_range": 35.37129211425781,
      "low_freq": 12199.2666015625,
      "mid_mean": -31.38897705078125,
      "mid_to_side_loudness": -13.594205856323242,
      "mid_to_side_loudness_range": 14.768057823181152,
      "side_mean": -47.561187744140625
    }
  ],
  "bandwidth": 571.934814453125,
  "channels": 2,
  "covariance": [
    [
      39.3331298828125,
      -1.5340620279312134,
      4.268983364105225,
      -15.725979804992676,
      -1.5013327598571777,
      -12.082590103149414,
      -4.3869428634643555,
      -17.926000595092773,
      -6.811002731323242,
      -18.25506019592285,
      -2.7897419929504395,
      -9.898872375488281,
      16.280929565429688,
      12.577986717224121,
      20.24420928955078,
      21.038082122802734,
      19.913206100463867,
      23.688980102539062
    ],
    [
      -1.5340620279312134,
      33.150516510009766,
      3.9114322662353516,
      11.908087730407715,
      1.9356504678726196,
      6.915574550628662,
      7.2862443923950195,
      11.524772644042969,
      8.769859313964844,
      12.355927467346191,
      5.483558177947998,
      9.650680541992188,
      6.598456859588623,
      10.394732475280762,
      -6.049372673034668,
      0.020393194630742073,
      -9.72606372833252,
      -13.302440643310547
    ],
    [
      4.268983364105225,
      3.9114322662353516,
      12.882176399230957,
      3.0055994987487793,
      2.1000282764434814,
      -1.7117078304290771,
      0.7219765186309814,
      -2.9234979152679443,
      2.6126229763031006,
      -1.1351014375686646,
      4.296080589294434,
      1.0699394941329956,
      11.93310832977295,
      11.455835342407227,
      7.669836521148682,
      10.136009216308594,
      5.426784038543701,
      7.537229061126709
    ],
    [
      -15.725979804992676,
      11.908087730407715,
      3.0055994987487793,
      26.318124771118164,
      5.78848934173584,
      14.492592811584473,
      9.003271102905273,
      18.077558517456055,
      12.6472749710083,
      21.18885040283203,
      9.70689582824707,
      16.82398796081543,
      -3.8862216472625732,
      1.2594215869903564,
      -10.709711074829102,
      -8.647627830505371,
      -13.059584617614746,
      -18.055625915527344
    ],
    [
      -1.5013327598571777,
      1.9356504678726196,
      2.1000282764434814,
      5.78848934173584,
      13.1627197265625,
      13.538968086242676,
      11.575724601745605,
      12.277626037597656,
      9.836819648742676,
      10.128324508666992,
      9.27854061126709,
      10.91341495513916,
      3.5100367069244385,
      6.23595666885376,
      -0.11464203149080276,
      0.0836084857583046,
      -3.800049066543579,
      -3.638786554336548
    ],
    [
      -12.082590103149414,
      6.915574550628662,
      -1.7117078304290771,
      14.492592811584473,
      13.538968086242676,
      27.94938850402832,
      14.495255470275879,
      25.75420570373535,
      12.72945499420166,
      21.6621036529541,
      9.258111000061035,
      18.377317428588867,
      -6.076437473297119,
      1.2662239074707031,
      -14.492232322692871,
      -12.285527229309082,
      -19.578765869140625,
      -21.28995132446289
    ],
    [
      -4.3869428634643555,
      7.2862443923950195,
      0.7219765186309814,
      9.003271102905273,
      11.575724601745605,
      14.495255470275879,
      30.394868850708008,
      30.079811096191406,
      20.09539031982422,
      21.007951736450195,
      13.334335327148438,
      17.208982467651367,
      5.943264961242676,
      11.47031307220459,
      -2.5768849849700928,
      -0.19182677567005157,
      -7.633462905883789,
      -9.706342697143555
    ],
    [
      -17.926000595092773,
      11.524772644042969,
      -2.9234979152679443,
      18.077558517456055,
      12.277626037597656,
      25.75420570373535,
      30.079811096191406,
      47.70815658569336,
      21.163467407226562,
      34.05992126464844,
      14.990514755249023,
      26.202743530273438,
      -3.5130436420440674,
      6.419957160949707,
      -16.8980655670166,
      -13.84536361694336,
      -22.949737548828125,
      -28.103824615478516
    ],
    [
      -6.811002731323242,
      8.769859313964844,
      2.6126229763031006,
      12.6472749710083,
      9.836819648742676,
      12.72945499420166,
      20.09539031982422,
      21.163467407226562,
      34.45703125,
      32.4243049621582,
      22.08139991760254,
      24.428131103515625,
      10.23367691040039,
      12.977826118469238,
      3.774380922317505,
      5.688898086547852,
      1.2234323024749756,
      -3.261218786239624
    ],
    [
      -18.25506019592285,
      12.355927467346191,
      -1.1351014375686646,
      21.18885040283203,
      10.128324508666992,
      21.6621036529541,
      21.007951736450195,
      34.05992126464844,
      32.4243049621582,
      47.21296310424805,
      23.360673904418945,
      35.0422477722168,
      2.8998405933380127,
      11.574793815612793,
      -7.244822025299072,
      -3.2425150871276855,
      -11.069003105163574,
      -19.099903106689453
    ],
    [
      -2.7897419929504395,
      5.483558177947998,
      4.296080589294434,
      9.70689582824707,
      9.27854061126709,
      9.258111000061035,
      13.334335327148438,
      14.990514755249023,
      22.08139991760254,
      23.360673904418945,
      28.544002532958984,
      27.924537658691406,
      17.761960983276367,
      20.385040283203125,
      10.825654029846191,
      12.660074234008789,
      8.903956413269043,
      4.421322822570801
    ],
    [
      -9.898872375488281,
      9.650680541992188,
      1.0699394941329956,
      16.82398796081543,
      10.91341495513916,
      18.377317428588867,
      17.208982467651367,
      26.202743530273438,
      24.428131103515625,
      35.0422477722168,
      27.924537658691406,
      46.80905532836914,
      13.012566566467285,
      27.684038162231445,
      4.223601818084717,
      10.84411334991455,
      -0.0903002992272377,
      -6.855595111846924
    ],
    [
      16.280929565429688,
      6.598456859588623,
      11.93310832977295,
      -3.8862216472625732,
      3.5100367069244385,
      -6.076437473297119,
      5.943264961242676,
      -3.5130436420440674,
      10.23367691040039,
      2.8998405933380127,
      17.761960983276367,
      13.012566566467285,
      54.079368591308594,
      50.94309997558594,
      36.397762298583984,
      46.19025802612305,
      33.37125015258789,
      34.98481750488281
    ],
    [
      12.577986717224121,
      10.394732475280762,
      11.455835342407227,
      1.2594215869903564,
      6.23595666885376,
      1.2662239074707031,
      11.47031307220459,
      6.419957160949707,
      12.977826118469238,
      11.574793815612793,
      20.385040283203125,
      27.684038162231445,
      50.94309997558594,
      67.89701843261719,
      34.91880798339844,
      52.072025299072266,
      29.461231231689453,
      31.959318161010742
    ],
    [
      20.24420928955078,
      -6.049372673034668,
      7.669836521148682,
      -10.709711074829102,
      -0.11464203149080276,
      -14.492232322692871,
      -2.5768849849700928,
      -16.8980655670166,
      3.774380922317505,
      -7.244822025299072,
      10.825654029846191,
      4.223601818084717,
      36.397762298583984,
      34.91880798339844,
      56.75017166137695,
      54.59604263305664,
      60.871517181396484,
      60.809593200683594
    ],
    [
      21.038082122802734,
      0.020393194630742073,
      10.136009216308594,
      -8.647627830505371,
      0.0836084857583046,
      -12.285527229309082,
      -0.19182677567005157,
      -13.84536361694336,
      5.688898086547852,
      -3.2425150871276855,
      12.660074234008789,
      10.84411334991455,
      46.19025802612305,
      52.072025299072266,
      54.59604263305664,
      81.80775451660156,
      60.11086654663086,
      70.98575592041016
    ],
    [
      19.913206100463867,
      -9.72606372833252,
      5.426784038543701,
      -13.059584617614746,
      -3.800049066543579,
      -19.578765869140625,
      -7.633462905883789,
      -22.949737548828125,
      1.2234323024749756,
      -11.069003105163574,
      8.903956413269043,
      -0.0903002992272377,
      33.37125015258789,
      29.461231231689453,
      60.871517181396484,
      60.11086654663086,
      96.87886047363281,
      88.76934814453125
    ],
    [
      23.688980102539062,
      -13.302440643310547,
      7.537229061126709,
      -18.055625915527344,
      -3.638786554336548,
      -21.28995132446289,
      -9.706342697143555,
      -28.103824615478516,
      -3.261218786239624,
      -19.099903106689453,
      4.421322822570801,
      -6.855595111846924,
      34.98481750488281,
      31.959318161010742,
      60.809593200683594,
      70.98575592041016,
      88.76934814453125,
      111.74642181396484
    ]
  ],
  "covariance_short": [
    [
      92.95972442626953,
      17.76321792602539,
      18.974761962890625,
      -12.191003799438477,
      -1.6295706033706665,
      -13.181015968322754,
      -2.779362440109253,
      -15.638490676879883,
      -3.5990471839904785,
      -15.884916305541992,
      1.611089825630188,
      -8.555659294128418,
      21.650074005126953,
      15.750471115112305,
      25.090227127075195,
      26.660306930541992,
      31.366853713989258,
      41.76630401611328
    ],
    [
      17.76321792602539,
      49.074859619140625,
      4.756121635437012,
      12.811471939086914,
      2.7494912147521973,
      5.918078899383545,
      6.653582572937012,
      10.376851081848145,
      10.929769515991211,
      14.287235260009766,
      9.383280754089355,
      13.709234237670898,
      6.280476093292236,
      11.227900505065918,
      1.0576502084732056,
      6.7870707511901855,
      -0.6651012897491455,
      4.937170028686523
    ],
    [
      18.974761962890625,
      4.756121635437012,
      28.084285736083984,
      1.9524496793746948,
      3.82055401802063,
      -1.7346601486206055,
      0.9524613618850708,
      -4.467764377593994,
      1.2174946069717407,
      -5.383464336395264,
      3.195871353149414,
      -1.4958281517028809,
      15.664164543151855,
      13.636459350585938,
      14.377094268798828,
      16.58693504333496,
      14.145670890808105,
      20.79414939880371
    ],
    [
      -12.191003799438477,
      12.811471939086914,
      1.9524496793746948,
      34.004451751708984,
      9.203981399536133,
      18.659574508666992,
      11.259963035583496,
      20.40394401550293,
      16.328763961791992,
      25.67125129699707,
      13.472984313964844,
      22.44249153137207,
      -0.1755075752735138,
      7.882913112640381,
      -6.210838317871094,
      -0.9780169129371643,
      -11.052619934082031,
      -9.90133285522461
    ],
    [
      -1.6295706033706665,
      2.7494912147521973,
      3.82055401802063,
      9.203981399536133,
      22.965290069580078,
      20.376163482666016,
      17.635269165039062,
      18.301990509033203,
      16.591520309448242,
      17.561569213867188,
      17.48003578186035,
      18.724857330322266,
      8.746639251708984,
      12.553686141967773,
      3.626818895339966,
      6.054091453552246,
      0.06695661693811417,
      3.78956937789917
    ],
    [
      -13.181015968322754,
      5.918078899383545,
      -1.7346601486206055,
      18.659574508666992,
      20.376163482666016,
      39.93999099731445,
      20.658308029174805,
      33.12801742553711,
      19.821401596069336,
      31.371713638305664,
      17.655963897705078,
      28.63190460205078,
      -0.9110875129699707,
      9.515035629272461,
      -10.299635887145996,
      -3.7941129207611084,
      -15.973134994506836,
      -13.882803916931152
    ],
    [
      -2.779362440109253,
      6.653582572937012,
      0.9524613618850708,
      11.259963035583496,
      17.635269165039062,
      20.658308029174805,
      43.78807067871094,
      38.98225402832031,
      29.48116683959961,
      30.20410919189453,
      22.845722198486328,
      26.20510482788086,
      12.333945274353027,
      18.403470993041992,
      2.684813976287842,
      7.752825736999512,
      -2.9256649017333984,
      2.470715284347534
    ],
    [
      -15.638490676879883,
      10.376851081848145,
      -4.467764377593994,
      20.40394401550293,
      18.301990509033203,
      33.12801742553711,
      38.98225402832031,
      60.00151824951172,
      29.62945556640625,
      44.984134674072266,
      24.620582580566406,
      38.53582763671875,
      3.0823278427124023,
      16.938114166259766,
      -10.388521194458008,
      -0.014487304724752903,
      -17.374528884887695,
      -13.151897430419922
    ],
    [
      -3.5990471839904785,
      10.929769515991211,
      1.2174946069717407,
      16.328763961791992,
      16.591520309448242,
      19.821401596069336,
      29.48116683959961,
      29.62945556640625,
      53.869266510009766,
      47.03704071044922,
      34.41419219970703,
      37.71980285644531,
      17.659915924072266,
      22.111764907836914,
      8.903271675109863,
      13.979891777038574,
      3.6352970600128174,
      9.796564102172852
    ],
    [
      -15.884916305541992,
      14.287235260009766,
      -5.383464336395264,
      25.67125129699707,
      17.561569213867188,
      31.371713638305664,
      30.20410919189453,
      44.984134674072266,
      47.03704071044922,
      67.47402954101562,
      36.272987365722656,
      53.41221237182617,
      10.604207992553711,
      25.81285285949707,
      -1.592915654182434,
      11.09663200378418,
      -8.559769630432129,
      -1.9110323190689087
    ],
    [
      1.611089825630188,
      9.383280754089355,
      3.195871353149414,
      13.472984313964844,
      17.48003578186035,
      17.655963897705078,
      22.845722198486328,
      24.620582580566406,
      34.41419219970703,
      36.272987365722656,
      49.67701721191406,
      46.36994934082031,
      31.666513442993164,
      35.89280700683594,
      20.51068115234375,
      26.05792999267578,
      16.601123809814453,
      22.1527099609375
    ],
    [
      -8.555659294128418,
      13.709234237670898,
      -1.4958281517028809,
      22.44249153137207,
      18.724857330322266,
      28.63190460205078,
      26.20510482788086,
      38.53582763671875,
      37.71980285644531,
      53.41221237182617,
      46.36994934082031,
      73.1396484375,
      25.729089736938477,
      49.20789337158203,
      14.50377082824707,
      30.97770118713379,
      9.474687576293945,
      17.57762336730957
    ],
    [
      21.650074005126953,
      6.280476093292236,
      15.664164543151855,
      -0.1755075752735138,
      8.746639251708984,
      -0.9110875129699707,
      12.333945274353027,
      3.0823278427124023,
      17.659915924072266,
      10.604207992553711,
      31.666513442993164,
      25.729089736938477,
      73.46343994140625,
      66.52118682861328,
      58.57335662841797,
      72.3292236328125,
      55.69588851928711,
      77.122802734375
    ],
    [
      15.750471115112305,
      11.227900505065918,
      13.636459350585938,
      7.882913112640381,
      12.553686141967773,
      9.515035629272461,
      18.403470993041992,
      16.938114166259766,
      22.111764907836914,
      25.81285285949707,
      35.89280700683594,
      49.20789337158203,
      66.52118682861328,
      95.93964385986328,
      56.282779693603516,
      88.3534164428711,
      54.291656494140625,
      83.2669677734375
    ],
    [
      25.090227127075195,
      1.0576502084732056,
      14.377094268798828,
      -6.210838317871094,
      3.626818895339966,
      -10.299635887145996,
      2.684813976287842,
      -10.388521194458008,
      8.903271675109863,
      -1.592915654182434,
      20.51068115234375,
      14.50377082824707,
      58.57335662841797,
      56.282779693603516,
      88.61949157714844,
      86.55571746826172,
      94.8403549194336,
      106.00495147705078
    ],
    [
      26.660306930541992,
      6.7870707511901855,
      16.58693504333496,
      -0.9780169129371643,
      6.054091453552246,
      -3.7941129207611084,
      7.752825736999512,
      -0.014487304724752903,
      13.979891777038574,
      11.09663200378418,
      26.05792999267578,
      30.97770118713379,
      72.3292236328125,
      88.3534164428711,
      86.55571746826172,
      131.7637176513672,
      101.0561752319336,
      138.6870574951172
    ],
    [
      31.366853713989258,
      -0.6651012897491455,
      14.145670890808105,
      -11.052619934082031,
      0.06695661693811417,
      -15.973134994506836,
      -2.9256649017333984,
      -17.374528884887695,
      3.6352970600128174,
      -8.559769630432129,
      16.601123809814453,
      9.474687576293945,
      55.69588851928711,
      54.291656494140625,
      94.8403549194336,
      101.0561752319336,
      138.94970703125,
      139.3730926513672
    ],
    [
      41.76630401611328,
      4.937170028686523,
      20.79414939880371,
      -9.90133285522461,
      3.78956937789917,
      -13.882803916931152,
      2.470715284347534,
      -13.151897430419922,
      9.796564102172852,
      -1.9110323190689087,
      22.1527099609375,
      17.57762336730957,
      77.122802734375,
      83.2669677734375,
      106.00495147705078,
      138.6870574951172,
      139.3730926513672,
      190.69384765625
    ]
  ],
  "damage": -2.2809054851531982,
  "diff_bandwidth": 604.2611694335938,
  "dissonance": 9.86630541521858,
  "drr": 8.805951118469238,
  "dynamics": 2.5586650371551514,
  "format": 1245190,
  "frames": 12480512,
  "loudness": -8.640606880187988,
  "loudness_range": 6.350695610046387,
  "loudness_range_short": 8.886730194091797,
  "lowpass_true_peak_15khz": 3.16054105758667,
  "mastering3_acoustic_entropies": [
    {
      "acoustic_entropy": 10.18949031829834,
      "acoustic_entropy_mono": 9.286693572998047,
      "band_eliminated_acoustic_entropies": [
        {
          "acoustic_entropy": 10.160606384277344,
          "acoustic_entropy_side": 10.18947982788086,
          "hz": 129.47220167065723
        },
        {
          "acoustic_entropy": 9.75248908996582,
          "acoustic_entropy_side": 10.186660766601562,
          "hz": 202.92927478742237
        },
        {
          "acoustic_entropy": 10.64437484741211,
          "acoustic_entropy_side": 10.186856269836426,
          "hz": 282.89161906338205
        },
        {
          "acoustic_entropy": 10.178976058959961,
          "acoustic_entropy_side": 10.168055534362793,
          "hz": 369.9353335868758
        },
        {
          "acoustic_entropy": 9.961161613464355,
          "acoustic_entropy_side": 10.159526824951172,
          "hz": 464.6875360973435
        },
        {
          "acoustic_entropy": 10.027143478393555,
          "acoustic_entropy_side": 10.192099571228027,
          "hz": 567.8308811364784
        },
        {
          "acoustic_entropy": 9.256448745727539,
          "acoustic_entropy_side": 9.93758773803711,
          "hz": 680.1084783214808
        },
        {
          "acoustic_entropy": 9.324220657348633,
          "acoustic_entropy_side": 10.071474075317383,
          "hz": 802.3292461747484
        },
        {
          "acoustic_entropy": 9.820507049560547,
          "acoustic_entropy_side": 10.042634963989258,
          "hz": 935.3737400823702
        },
        {
          "acoustic_entropy": 10.189682960510254,
          "acoustic_entropy_side": 10.071887969970703,
          "hz": 1080.2004963696966
        },
        {
          "acoustic_entropy": 9.561410903930664,
          "acoustic_entropy_side": 9.761069297790527,
          "hz": 1237.8529382007157
        },
        {
          "acoustic_entropy": 9.409892082214355,
          "acoustic_entropy_side": 9.919254302978516,
          "hz": 1409.4668930556702
        },
        {
          "acoustic_entropy": 9.796331405639648,
          "acoustic_entropy_side": 9.956110954284668,
          "hz": 1596.2787759475705
        },
        {
          "acoustic_entropy": 10.037903785705566,
          "acoustic_entropy_side": 10.107600212097168,
          "hz": 1799.6344973346393
        },
        {
          "acoustic_entropy": 9.335248947143555,
          "acoustic_entropy_side": 10.214330673217773,
          "hz": 2020.9991599069049
        },
        {
          "acoustic_entropy": 9.775303840637207,
          "acoustic_entropy_side": 10.214154243469238,
          "hz": 2261.9676141086993
        },
        {
          "acoustic_entropy": 9.852435111999512,
          "acoustic_entropy_side": 10.140938758850098,
          "hz": 2524.2759484456974
        },
        {
          "acoustic_entropy": 10.078092575073242,
          "acoustic_entropy_side": 10.176247596740723,
          "hz": 2809.813997359896
        },
        {
          "acoustic_entropy": 9.947330474853516,
          "acoustic_entropy_side": 10.199139595031738,
          "hz": 3120.6389567871424
        },
        {
          "acoustic_entropy": 10.098932266235352,
          "acoustic_entropy_side": 10.185805320739746,
          "hz": 3458.990205492291
        },
        {
          "acoustic_entropy": 10.2285737991333,
          "acoustic_entropy_side": 10.185464859008789,
          "hz": 3827.305438964164
        },
        {
          "acoustic_entropy": 10.144145011901855,
          "acoustic_entropy_side": 10.18613338470459,
          "hz": 4228.238232109126
        },
        {
          "acoustic_entropy": 10.124398231506348,
          "acoustic_entropy_side": 10.187360763549805,
          "hz": 4664.6771572759235
        },
        {
          "acoustic_entropy": 10.077665328979492,
          "acoustic_entropy_side": 10.179300308227539,
          "hz": 5139.766595350093
        },
        {
          "acoustic_entropy": 10.048047065734863,
          "acoustic_entropy_side": 10.173652648925781,
          "hz": 5656.929389854203
        },
        {
          "acoustic_entropy": 10.016951560974121,
          "acoustic_entropy_side": 10.163725852966309,
          "hz": 6219.891507268283
        },
        {
          "acoustic_entropy": 10.025765419006348,
          "acoustic_entropy_side": 10.157115936279297,
          "hz": 6832.70888123896
        },
        {
          "acoustic_entropy": 10.011429786682129,
          "acoustic_entropy_side": 10.166679382324219,
          "hz": 7499.796634079867
        },
        {
          "acoustic_entropy": 10.079363822937012,
          "acoustic_entropy_side": 10.175433158874512,
          "hz": 8225.96088609342
        },
        {
          "acoustic_entropy": 10.085705757141113,
          "acoustic_entropy_side": 10.1802396774292,
          "hz": 9016.43338188839
        },
        {
          "acoustic_entropy": 10.089385032653809,
          "acoustic_entropy_side": 10.184941291809082,
          "hz": 9876.909183162974
        },
        {
          "acoustic_entropy": 10.14379596710205,
          "acoustic_entropy_side": 10.197412490844727,
          "hz": 10813.587699516042
        },
        {
          "acoustic_entropy": 10.218721389770508,
          "acoustic_entropy_side": 10.214006423950195,
          "hz": 11833.21735289826
        },
        {
          "acoustic_entropy": 10.277222633361816,
          "acoustic_entropy_side": 10.226283073425293,
          "hz": 12943.144197493959
        },
        {
          "acoustic_entropy": 10.301970481872559,
          "acoustic_entropy_side": 10.238866806030273,
          "hz": 14151.364845322005
        },
        {
          "acoustic_entropy": 10.30990219116211,
          "acoustic_entropy_side": 10.239404678344727,
          "hz": 15466.58407886509
        },
        {
          "acoustic_entropy": 10.27916145324707,
          "acoustic_entropy_side": 10.239240646362305,
          "hz": 16898.27756580493
        },
        {
          "acoustic_entropy": 10.208417892456055,
          "acoustic_entropy_side": 10.228265762329102,
          "hz": 18456.760127700032
        },
        {
          "acoustic_entropy": 10.239750862121582,
          "acoustic_entropy_side": 10.206433296203613,
          "hz": 20153.260054456492
        },
        {
          "acoustic_entropy": 10.216930389404297,
          "acoustic_entropy_side": 10.190333366394043,
          "hz": 22000.00000000001
        }
      ],
      "diff_acoustic_entropy": 8.171747207641602,
      "sn": 6
    },
    {
      "acoustic_entropy": 14.66555404663086,
      "acoustic_entropy_mono": 13.548772811889648,
      "band_eliminated_acoustic_entropies": [
        {
          "acoustic_entropy": 14.599593162536621,
          "acoustic_entropy_side": 14.6654052734375,
          "hz": 129.47220167065723
        },
        {
          "acoustic_entropy": 14.907647132873535,
          "acoustic_entropy_side": 14.653091430664062,
          "hz": 202.92927478742237
        },
        {
          "acoustic_entropy": 15.003125190734863,
          "acoustic_entropy_side": 14.65612506866455,
          "hz": 282.89161906338205
        },
        {
          "acoustic_entropy": 14.775470733642578,
          "acoustic_entropy_side": 14.542328834533691,
          "hz": 369.9353335868758
        },
        {
          "acoustic_entropy": 14.585417747497559,
          "acoustic_entropy_side": 14.684563636779785,
          "hz": 464.6875360973435
        },
        {
          "acoustic_entropy": 13.9686279296875,
          "acoustic_entropy_side": 14.770281791687012,
          "hz": 567.8308811364784
        },
        {
          "acoustic_entropy": 14.03579044342041,
          "acoustic_entropy_side": 14.15234375,
          "hz": 680.1084783214808
        },
        {
          "acoustic_entropy": 14.23330307006836,
          "acoustic_entropy_side": 14.433433532714844,
          "hz": 802.3292461747484
        },
        {
          "acoustic_entropy": 14.705013275146484,
          "acoustic_entropy_side": 14.84359359741211,
          "hz": 935.3737400823702
        },
        {
          "acoustic_entropy": 14.441376686096191,
          "acoustic_entropy_side": 14.638007164001465,
          "hz": 1080.2004963696966
        },
        {
          "acoustic_entropy": 14.418701171875,
          "acoustic_entropy_side": 14.535030364990234,
          "hz": 1237.8529382007157
        },
        {
          "acoustic_entropy": 14.641484260559082,
          "acoustic_entropy_side": 14.722731590270996,
          "hz": 1409.4668930556702
        },
        {
          "acoustic_entropy": 13.904842376708984,
          "acoustic_entropy_side": 14.49971866607666,
          "hz": 1596.2787759475705
        },
        {
          "acoustic_entropy": 14.352190971374512,
          "acoustic_entropy_side": 14.435349464416504,
          "hz": 1799.6344973346393
        },
        {
          "acoustic_entropy": 13.784768104553223,
          "acoustic_entropy_side": 14.682674407958984,
          "hz": 2020.9991599069049
        },
        {
          "acoustic_entropy": 14.644148826599121,
          "acoustic_entropy_side": 14.672694206237793,
          "hz": 2261.9676141086993
        },
        {
          "acoustic_entropy": 14.561931610107422,
          "acoustic_entropy_side": 14.630160331726074,
          "hz": 2524.2759484456974
        },
        {
          "acoustic_entropy": 14.865206718444824,
          "acoustic_entropy_side": 14.627002716064453,
          "hz": 2809.813997359896
        },
        {
          "acoustic_entropy": 14.53327751159668,
          "acoustic_entropy_side": 14.641087532043457,
          "hz": 3120.6389567871424
        },
        {
          "acoustic_entropy": 14.80916976928711,
          "acoustic_entropy_side": 14.67107105255127,
          "hz": 3458.990205492291
        },
        {
          "acoustic_entropy": 14.745018005371094,
          "acoustic_entropy_side": 14.654573440551758,
          "hz": 3827.305438964164
        },
        {
          "acoustic_entropy": 14.792753219604492,
          "acoustic_entropy_side": 14.653973579406738,
          "hz": 4228.238232109126
        },
        {
          "acoustic_entropy": 14.742241859436035,
          "acoustic_entropy_side": 14.665801048278809,
          "hz": 4664.6771572759235
        },
        {
          "acoustic_entropy": 14.64860725402832,
          "acoustic_entropy_side": 14.66103744506836,
          "hz": 5139.766595350093
        },
        {
          "acoustic_entropy": 14.555869102478027,
          "acoustic_entropy_side": 14.6748628616333,
          "hz": 5656.929389854203
        },
        {
          "acoustic_entropy": 14.591047286987305,
          "acoustic_entropy_side": 14.70635986328125,
          "hz": 6219.891507268283
        },
        {
          "acoustic_entropy": 14.563261032104492,
          "acoustic_entropy_side": 14.704634666442871,
          "hz": 6832.70888123896
        },
        {
          "acoustic_entropy": 14.573680877685547,
          "acoustic_entropy_side": 14.70426082611084,
          "hz": 7499.796634079867
        },
        {
          "acoustic_entropy": 14.593079566955566,
          "acoustic_entropy_side": 14.709892272949219,
          "hz": 8225.96088609342
        },
        {
          "acoustic_entropy": 14.607223510742188,
          "acoustic_entropy_side": 14.711889266967773,
          "hz": 9016.43338188839
        },
        {
          "acoustic_entropy": 14.644163131713867,
          "acoustic_entropy_side": 14.726319313049316,
          "hz": 9876.909183162974
        },
        {
          "acoustic_entropy": 14.70651626586914,
          "acoustic_entropy_side": 14.731261253356934,
          "hz": 10813.587699516042
        },
        {
          "acoustic_entropy": 14.728087425231934,
          "acoustic_entropy_side": 14.727950096130371,
          "hz": 11833.21735289826
        },
        {
          "acoustic_entropy": 14.748062133789062,
          "acoustic_entropy_side": 14.720099449157715,
          "hz": 12943.144197493959
        },
        {
          "acoustic_entropy": 14.735471725463867,
          "acoustic_entropy_side": 14.721452713012695,
          "hz": 14151.364845322005
        },
        {
          "acoustic_entropy": 14.74493408203125,
          "acoustic_entropy_side": 14.720001220703125,
          "hz": 15466.58407886509
        },
        {
          "acoustic_entropy": 14.760639190673828,
          "acoustic_entropy_side": 14.717243194580078,
          "hz": 16898.27756580493
        },
        {
          "acoustic_entropy": 14.727815628051758,
          "acoustic_entropy_side": 14.705845832824707,
          "hz": 18456.760127700032
        },
        {
          "acoustic_entropy": 14.678984642028809,
          "acoustic_entropy_side": 14.697078704833984,
          "hz": 20153.260054456492
        },
        {
          "acoustic_entropy": 14.678735733032227,
          "acoustic_entropy_side": 14.666754722595215,
          "hz": 22000.00000000001
        }
      ],
      "diff_acoustic_entropy": 11.225394248962402,
      "sn": 12
    },
    {
      "acoustic_entropy": 19.82114601135254,
      "acoustic_entropy_mono": 18.395206451416016,
      "band_eliminated_acoustic_entropies": [
        {
          "acoustic_entropy": 19.679609298706055,
          "acoustic_entropy_side": 19.77475357055664,
          "hz": 129.47220167065723
        },
        {
          "acoustic_entropy": 19.90245246887207,
          "acoustic_entropy_side": 19.938045501708984,
          "hz": 202.92927478742237
        },
        {
          "acoustic_entropy": 20.20636558532715,
          "acoustic_entropy_side": 19.795032501220703,
          "hz": 282.89161906338205
        },
        {
          "acoustic_entropy": 19.432884216308594,
          "acoustic_entropy_side": 20.39491081237793,
          "hz": 369.9353335868758
        },
        {
          "acoustic_entropy": 19.915800094604492,
          "acoustic_entropy_side": 20.291751861572266,
          "hz": 464.6875360973435
        },
        {
          "acoustic_entropy": 19.59294891357422,
          "acoustic_entropy_side": 20.52631950378418,
          "hz": 567.8308811364784
        },
        {
          "acoustic_entropy": 20.288928985595703,
          "acoustic_entropy_side": 20.56362533569336,
          "hz": 680.1084783214808
        },
        {
          "acoustic_entropy": 19.20623016357422,
          "acoustic_entropy_side": 19.76248550415039,
          "hz": 802.3292461747484
        },
        {
          "acoustic_entropy": 20.817312240600586,
          "acoustic_entropy_side": 20.6690616607666,
          "hz": 935.3737400823702
        },
        {
          "acoustic_entropy": 19.418882369995117,
          "acoustic_entropy_side": 19.541751861572266,
          "hz": 1080.2004963696966
        },
        {
          "acoustic_entropy": 19.9475040435791,
          "acoustic_entropy_side": 20.280517578125,
          "hz": 1237.8529382007157
        },
        {
          "acoustic_entropy": 20.005971908569336,
          "acoustic_entropy_side": 19.960350036621094,
          "hz": 1409.4668930556702
        },
        {
          "acoustic_entropy": 20.51519012451172,
          "acoustic_entropy_side": 20.223522186279297,
          "hz": 1596.2787759475705
        },
        {
          "acoustic_entropy": 20.678556442260742,
          "acoustic_entropy_side": 20.06747817993164,
          "hz": 1799.6344973346393
        },
        {
          "acoustic_entropy": 20.17633628845215,
          "acoustic_entropy_side": 19.859832763671875,
          "hz": 2020.9991599069049
        },
        {
          "acoustic_entropy": 20.11997413635254,
          "acoustic_entropy_side": 19.72715187072754,
          "hz": 2261.9676141086993
        },
        {
          "acoustic_entropy": 20.72593879699707,
          "acoustic_entropy_side": 20.109743118286133,
          "hz": 2524.2759484456974
        },
        {
