{
  "acoustic_entropy": 110.16184997558594,
  "bands": [
    {
      "high_freq": 148.1999969482422,
      "loudness": -43.00605010986328,
      "loudness_range": 6.370185852050781,
      "mid_mean": -41.59876251220703,
      "mid_to_side_loudness": -12.854901313781738,
      "mid_to_side_loudness_range": 16.485544204711914,
      "side_mean": -57.613792419433594
    },
    {
      "high_freq": 392.3793640136719,
      "loudness": -32.00355911254883,
      "loudness_range": 8.218482971191406,
      "low_freq": 148.1999969482422,
      "mid_mean": -29.313261032104492,
      "mid_to_side_loudness": -8.145492553710938,
      "mid_to_side_loudness_range": 12.163898468017578,
      "side_mean": -37.96561050415039
    },
    {
      "high_freq": 794.6976318359375,
      "loudness": -28.583702087402344,
      "loudness_range": 6.137371063232422,
      "low_freq": 392.3793640136719,
      "mid_mean": -25.859350204467773,
      "mid_to_side_loudness": -9.436022758483887,
      "mid_to_side_loudness_range": 7.304839611053467,
      "side_mean": -35.41942596435547
    },
    {
      "high_freq": 1457.5709228515625,
      "loudness": -33.47450256347656,
      "loudness_range": 5.202802658081055,
      "low_freq": 794.6976318359375,
      "mid_mean": -30.534221649169922,
      "mid_to_side_loudness": -7.325488567352295,
      "mid_to_side_loudness_range": 9.31005859375,
      "side_mean": -38.60563278198242
    },
    {
      "high_freq": 2549.74365234375,
      "loudness": -32.6331787109375,
      "loudness_range": 7.544023513793945,
      "low_freq": 1457.5709228515625,
      "mid_mean": -29.94268226623535,
      "mid_to_side_loudness": -7.8843092918396,
      "mid_to_side_loudness_range": 9.46279239654541,
      "side_mean": -38.386253356933594
    },
    {
      "high_freq": 4349.24462890625,
      "loudness": -34.52842330932617,
      "loudness_range": 5.98468017578125,
      "low_freq": 2549.74365234375,
      "mid_mean": -31.565256118774414,
      "mid_to_side_loudness": -7.15464448928833,
      "mid_to_side_loudness_range": 6.75596809387207,
      "side_mean": -39.504295349121094
    },
    {
      "high_freq": 7314.1640625,
      "loudness": -51.676918029785156,
      "loudness_range": 6.875556945800781,
      "low_freq": 4349.24462890625,
      "mid_mean": -53.120513916015625,
      "mid_to_side_loudness": -8.119758605957031,
      "mid_to_side_loudness_range": 3.616933822631836,
      "side_mean": -59.41679382324219
    },
    {
      "high_freq": 12199.2666015625,
      "loudness": -65.4501953125,
      "loudness_range": 7.793239593505859,
      "low_freq": 7314.1640625,
      "mid_mean": -62.84611892700195,
      "mid_to_side_loudness": -9.099628448486328,
      "mid_to_side_loudness_range": 3.0507545471191406,
      "side_mean": -67.63545989990234
    },
    {
      "loudness": 0,
      "loudness_range": 0,
      "low_freq": 12199.2666015625,
      "mid_mean": -67.81620025634766,
      "mid_to_side_loudness": -8.121896743774414,
      "mid_to_side_loudness_range": 1.4868388175964355,
      "side_mean": -69.53807830810547
    }
  ],
  "bands_short": [
    {
      "high_freq": 148.1999969482422,
      "loudness": -50.69453811645508,
      "loudness_range": 18.952804565429688,
      "mid_mean": -52.81517791748047,
      "mid_to_side_loudness": -11.682974815368652,
      "mid_to_side_loudness_range": 17.398151397705078,
      "side_mean": -61.27137756347656
    },
    {
      "high_freq": 392.3793640136719,
      "loudness": -31.6878662109375,
      "loudness_range": 7.6830596923828125,
      "low_freq": 148.1999969482422,
      "mid_mean": -28.818267822265625,
      "mid_to_side_loudness": -8.061158180236816,
      "mid_to_side_loudness_range": 11.197509765625,
      "side_mean": -37.77323532104492
    },
    {
      "high_freq": 794.6976318359375,
      "loudness": -29.114013671875,
      "loudness_range": 6.037746429443359,
      "low_freq": 392.3793640136719,
      "mid_mean": -26.338260650634766,
      "mid_to_side_loudness": -8.93254566192627,
      "mid_to_side_loudness_range": 8.731237411499023,
      "side_mean": -35.63263702392578
    },
    {
      "high_freq": 1457.5709228515625,
      "loudness": -31.788955688476562,
      "loudness_range": 7.769838333129883,
      "low_freq": 794.6976318359375,
      "mid_mean": -28.95183753967285,
      "mid_to_side_loudness": -8.359116554260254,
      "mid_to_side_loudness_range": 12.420063018798828,
      "side_mean": -38.12551498413086
    },
    {
      "high_freq": 2549.74365234375,
      "loudness": -32.58455276489258,
      "loudness_range": 7.917804718017578,
      "low_freq": 1457.5709228515625,
      "mid_mean": -29.980268478393555,
      "mid_to_side_loudness": -8.065863609313965,
      "mid_to_side_loudness_range": 10.608885765075684,
      "side_mean": -38.63154602050781
    },
    {
      "high_freq": 4349.24462890625,
      "loudness": -34.298561096191406,
      "loudness_range": 6.433063507080078,
      "low_freq": 2549.74365234375,
      "mid_mean": -31.765302658081055,
      "mid_to_side_loudness": -7.203525066375732,
      "mid_to_side_loudness_range": 7.941637992858887,
      "side_mean": -39.55689239501953
    },
    {
      "high_freq": 7314.1640625,
      "loudness": -51.6344108581543,
      "loudness_range": 7.926380157470703,
      "low_freq": 4349.24462890625,
      "mid_mean": -53.441898345947266,
      "mid_to_side_loudness": -8.195760726928711,
      "mid_to_side_loudness_range": 5.599687099456787,
      "side_mean": -59.692352294921875
    },
    {
      "high_freq": 12199.2666015625,
      "loudness": -65.67729949951172,
      "loudness_range": 8.410972595214844,
      "low_freq": 7314.1640625,
      "mid_mean": -62.928279876708984,
      "mid_to_side_loudness": -9.115005493164062,
      "mid_to_side_loudness_range": 3.209925651550293,
      "side_mean": -67.66033172607422
    },
    {
      "loudness": -74.26049041748047,
      "loudness_range": 6.4121856689453125,
      "low_freq": 12199.2666015625,
      "mid_mean": -67.8165283203125,
      "mid_to_side_loudness": -8.177042961120605,
      "mid_to_side_loudness_range": 1.9246630668640137,
      "side_mean": -69.53629302978516
    }
  ],
  "bandwidth": 780.0659790039062,
  "channels": 2,
  "covariance": [
    [
      53.64420700073242,
      28.871206283569336,
      8.579917907714844,
      16.64867401123047,
      24.781829833984375,
      17.117786407470703,
      5.144808292388916,
      7.012392520904541,
      14.326061248779297,
      22.398714065551758,
      9.379234313964844,
      15.060385704040527,
      19.015851974487305,
      11.048538208007812,
      12.289953231811523,
      5.427525520324707,
      4.140749931335449,
      0.9824652671813965
    ],
    [
      28.871206283569336,
      86.19824981689453,
      -11.455397605895996,
      -8.501165390014648,
      22.399539947509766,
      13.179458618164062,
      0.4237082004547119,
      0.3886871635913849,
      12.260856628417969,
      17.80293083190918,
      2.058347225189209,
      6.202820301055908,
      50.5330696105957,
      30.84860610961914,
      31.199520111083984,
      14.079863548278809,
      8.548839569091797,
      2.026672601699829
    ],
    [
      8.579917907714844,
      -11.455397605895996,
      24.412609100341797,
      18.50572395324707,
      13.436469078063965,
      8.306000709533691,
      8.603089332580566,
      13.88493537902832,
      11.751616477966309,
      9.385856628417969,
      6.895347595214844,
      15.544294357299805,
      17.404285430908203,
      12.135167121887207,
      4.558928489685059,
      0.4588346481323242,
      1.3594489097595215,
      0.2690154016017914
    ],
    [
      16.64867401123047,
      -8.501165390014648,
      18.50572395324707,
      26.429309844970703,
      13.080029487609863,
      10.535871505737305,
      7.792107105255127,
      13.09926700592041,
      10.408708572387695,
      11.956591606140137,
      8.3703031539917,
      12.724095344543457,
      16.885589599609375,
      11.704512596130371,
      5.001201629638672,
      0.5896830558776855,
      2.1429803371429443,
      0.49356767535209656
    ],
    [
      24.781829833984375,
      22.399539947509766,
      13.436469078063965,
      13.080029487609863,
      26.87820816040039,
      15.85944938659668,
      8.189742088317871,
      15.19054889678955,
      16.558320999145508,
      20.935283660888672,
      7.919475555419922,
      16.46868133544922,
      19.218379974365234,
      12.979531288146973,
      11.611034393310547,
      5.1940598487854,
      2.9739949703216553,
      0.7309309840202332
    ],
    [
      17.117786407470703,
      13.179458618164062,
      8.306000709533691,
      10.535871505737305,
      15.85944938659668,
      17.17253303527832,
      7.183560848236084,
      13.726241111755371,
      11.039040565490723,
      15.101066589355469,
      5.902748107910156,
      12.302691459655762,
      16.70345687866211,
      11.657671928405762,
      8.643952369689941,
      3.6409032344818115,
      2.307331085205078,
      0.537901759147644
    ],
    [
      5.144808292388916,
      0.4237082004547119,
      8.603089332580566,
      7.792107105255127,
      8.189742088317871,
      7.183560848236084,
      14.251337051391602,
      11.702009201049805,
      12.967957496643066,
      9.087996482849121,
      10.260732650756836,
      11.626761436462402,
      11.243087768554688,
      8.228625297546387,
      5.827114582061768,
      2.299901247024536,
      2.024221897125244,
      0.48616334795951843
    ],
    [
      7.012392520904541,
      0.3886871635913849,
      13.88493537902832,
      13.09926700592041,
      15.19054889678955,
      13.726241111755371,
      11.702009201049805,
      24.157974243164062,
      12.48823356628418,
      15.118254661560059,
      7.462615489959717,
      15.710013389587402,
      19.02347755432129,
      13.818070411682129,
      8.197360038757324,
      2.8922107219696045,
      2.3324294090270996,
      0.5303374528884888
    ],
    [
      14.326061248779297,
      12.260856628417969,
      11.751616477966309,
      10.408708572387695,
      16.558320999145508,
      11.039040565490723,
      12.967957496643066,
      12.48823356628418,
      22.851943969726562,
      17.51845359802246,
      12.467337608337402,
      18.361976623535156,
      15.202533721923828,
      10.766668319702148,
      9.247587203979492,
      4.127248287200928,
      2.809927225112915,
      0.7334413528442383
    ],
    [
      22.398714065551758,
      17.80293083190918,
      9.385856628417969,
      11.956591606140137,
      20.935283660888672,
      15.101066589355469,
      9.087996482849121,
      15.118254661560059,
      17.51845359802246,
      23.935922622680664,
      10.119452476501465,
      17.52093505859375,
      15.714082717895508,
      10.935750007629395,
      9.826395988464355,
      4.50992488861084,
      3.1510298252105713,
      0.7925136685371399
    ],
    [
      9.379234313964844,
      2.058347225189209,
      6.895347595214844,
      8.3703031539917,
      7.919475555419922,
      5.902748107910156,
      10.260732650756836,
      7.462615489959717,
      12.467337608337402,
      10.119452476501465,
      14.037792205810547,
      11.672422409057617,
      9.20338249206543,
      6.907622814178467,
      5.502137660980225,
      2.3287291526794434,
      2.185460090637207,
      0.5553475022315979
    ],
    [
      15.060385704040527,
      6.202820301055908,
      15.544294357299805,
      12.724095344543457,
      16.46868133544922,
      12.302691459655762,
      11.626761436462402,
      15.710013389587402,
      18.361976623535156,
      17.52093505859375,
      11.672422409057617,
      21.33405113220215,
      16.75198745727539,
      11.70956039428711,
      8.485123634338379,
      3.523752450942993,
      2.6962387561798096,
      0.6786010265350342
    ],
    [
      19.015851974487305,
      50.5330696105957,
      17.404285430908203,
      16.885589599609375,
      19.218379974365234,
      16.70345687866211,
      11.243087768554688,
      19.02347755432129,
      15.202533721923828,
      15.714082717895508,
      9.20338249206543,
      16.75198745727539,
      84.09761047363281,
      54.74052047729492,
      35.531524658203125,
      12.172390937805176,
      10.602534294128418,
      2.2953875064849854
    ],
    [
      11.048538208007812,
      30.84860610961914,
      12.135167121887207,
      11.704512596130371,
      12.979531288146973,
      11.657671928405762,
      8.228625297546387,
      13.818070411682129,
      10.766668319702148,
      10.935750007629395,
      6.907622814178467,
      11.70956039428711,
      54.74052047729492,
      36.515296936035156,
      22.767276763916016,
      7.746792316436768,
      6.793001174926758,
      1.473266363143921
    ],
    [
      12.289953231811523,
      31.199520111083984,
      4.558928489685059,
      5.001201629638672,
      11.611034393310547,
      8.643952369689941,
      5.827114582061768,
      8.197360038757324,
      9.247587203979492,
      9.826395988464355,
      5.502137660980225,
      8.485123634338379,
      35.531524658203125,
      22.767276763916016,
      18.074113845825195,
      7.143176555633545,
      5.242801189422607,
      1.1873477697372437
    ],
    [
      5.427525520324707,
      14.079863548278809,
      0.4588346481323242,
      0.5896830558776855,
      5.1940598487854,
      3.6409032344818115,
      2.299901247024536,
      2.8922107219696045,
      4.127248287200928,
      4.50992488861084,
      2.3287291526794434,
      3.523752450942993,
      12.172390937805176,
      7.746792316436768,
      7.143176555633545,
      3.168469190597534,
      2.0203495025634766,
      0.4761435389518738
    ],
    [
      4.140749931335449,
      8.548839569091797,
      1.3594489097595215,
      2.1429803371429443,
      2.9739949703216553,
      2.307331085205078,
      2.024221897125244,
      2.3324294090270996,
      2.809927225112915,
      3.1510298252105713,
      2.185460090637207,
      2.6962387561798096,
      10.602534294128418,
      6.793001174926758,
      5.242801189422607,
      2.0203495025634766,
      1.7229067087173462,
      0.3927149474620819
    ],
    [
      0.9824652671813965,
      2.026672601699829,
      0.2690154016017914,
      0.49356767535209656,
      0.7309309840202332,
      0.537901759147644,
      0.48616334795951843,
      0.5303374528884888,
      0.7334413528442383,
      0.7925136685371399,
      0.5553475022315979,
      0.6786010265350342,
      2.2953875064849854,
      1.473266363143921,
      1.1873477697372437,
      0.4761435389518738,
      0.3927149474620819,
      0.09226495772600174
    ]
  ],
  "covariance_short": [
    [
      144.24530029296875,
      76.25530242919922,
      6.839632034301758,
      20.56689453125,
      21.793537139892578,
      13.301787376403809,
      -6.230659008026123,
      -1.1294348239898682,
      16.589736938476562,
      18.085304260253906,
      7.899324893951416,
      12.398626327514648,
      74.13739776611328,
      45.024539947509766,
      34.847816467285156,
      12.443387031555176,
      10.571394920349121,
      2.5247068405151367
    ],
    [
      76.25530242919922,
      58.46319580078125,
      -3.471290111541748,
      4.219753742218018,
      14.092268943786621,
      9.554582595825195,
      4.297638893127441,
      3.0740251541137695,
      13.047735214233398,
      12.24305248260498,
      5.123534202575684,
      7.172266006469727,
      38.79201126098633,
      23.016712188720703,
      22.97077178955078,
      9.82762336730957,
      6.620079517364502,
      1.6667622327804565
    ],
    [
      6.839632034301758,
      -3.471290111541748,
      17.385835647583008,
      10.139256477355957,
      8.49515151977539,
      6.284757614135742,
      1.9173566102981567,
      7.9283671379089355,
      8.982860565185547,
      5.894572734832764,
      8.58327579498291,
      11.378602981567383,
      12.134893417358398,
      8.265673637390137,
      2.002026081085205,
      -0.4481169283390045,
      0.6437779664993286,
      0.09624600410461426
    ],
    [
      20.56689453125,
      4.219753742218018,
      10.139256477355957,
      26.645811080932617,
      11.725713729858398,
      13.92949390411377,
      0.8437617421150208,
      9.474802017211914,
      8.805938720703125,
      11.312811851501465,
      7.978026866912842,
      10.551386833190918,
      18.120994567871094,
      12.333401679992676,
      5.444815635681152,
      0.9732186198234558,
      2.1133556365966797,
      0.48968639969825745
    ],
    [
      21.793537139892578,
      14.092268943786621,
      8.49515151977539,
      11.725713729858398,
      23.272367477416992,
      15.410072326660156,
      9.266336441040039,
      11.332792282104492,
      15.559542655944824,
      18.073848724365234,
      10.339864730834961,
      15.117653846740723,
      17.637914657592773,
      11.352066040039062,
      9.415205001831055,
      4.002638339996338,
      2.3979105949401855,
      0.6001260280609131
    ],
    [
      13.301787376403809,
      9.554582595825195,
      6.284757614135742,
      13.92949390411377,
      15.410072326660156,
      21.278167724609375,
      8.831930160522461,
      12.06302261352539,
      10.765507698059082,
      14.623906135559082,
      7.750199794769287,
      11.564208984375,
      19.942110061645508,
      13.120997428894043,
      9.050814628601074,
      3.6047887802124023,
      2.344468355178833,
      0.5390785336494446
    ],
    [
      -6.230659008026123,
      4.297638893127441,
      1.9173566102981567,
      0.8437617421150208,
      9.266336441040039,
      8.831930160522461,
      20.406919479370117,
      10.686124801635742,
      12.198728561401367,
      9.528005599975586,
      10.918745040893555,
      10.438350677490234,
      12.338683128356934,
      8.43263053894043,
      8.034945487976074,
      3.978060722351074,
      2.00651216506958,
      0.47719308733940125
    ],
    [
      -1.1294348239898682,
      3.0740251541137695,
      7.9283671379089355,
      9.474802017211914,
      11.332792282104492,
      12.06302261352539,
      10.686124801635742,
      22.892009735107422,
      11.048108100891113,
      13.005705833435059,
      8.188170433044434,
      12.525615692138672,
      17.45389747619629,
      12.257822036743164,
      7.477114200592041,
      2.8252933025360107,
      1.9188374280929565,
      0.4350256025791168
    ],
    [
      16.589736938476562,
      13.047735214233398,
      8.982860565185547,
      8.805938720703125,
      15.559542655944824,
      10.765507698059082,
      12.198728561401367,
      11.048108100891113,
      24.588233947753906,
      16.746187210083008,
      16.794496536254883,
      18.6050968170166,
      16.168127059936523,
      11.084217071533203,
      8.907949447631836,
      4.091602325439453,
      2.7253758907318115,
      0.7407408356666565
    ],
    [
      18.085304260253906,
      12.24305248260498,
      5.894572734832764,
      11.312811851501465,
      18.073848724365234,
      14.623906135559082,
      9.528005599975586,
      13.005705833435059,
      16.746187210083008,
      27.406023025512695,
      12.821671485900879,
      16.780803680419922,
      17.381040573120117,
      12.035201072692871,
      9.676983833312988,
      4.52358865737915,
      3.1308882236480713,
      0.7962561249732971
    ],
    [
      7.899324893951416,
      5.123534202575684,
      8.58327579498291,
      7.978026866912842,
      10.339864730834961,
      7.750199794769287,
      10.918745040893555,
      8.188170433044434,
      16.794496536254883,
      12.821671485900879,
      22.151689529418945,
      16.625917434692383,
      14.179794311523438,
      9.962302207946777,
      6.878164768218994,
      3.0508785247802734,
      2.6754727363586426,
      0.7021545767784119
    ],
    [
      12.398626327514648,
      7.172266006469727,
      11.378602981567383,
      10.551386833190918,
      15.117653846740723,
      11.564208984375,
      10.438350677490234,
      12.525615692138672,
      18.6050968170166,
      16.780803680419922,
      16.625917434692383,
      23.57935905456543,
      17.08371353149414,
      11.956022262573242,
      7.985002040863037,
      3.5767107009887695,
      2.6449623107910156,
      0.7041981816291809
    ],
    [
      74.13739776611328,
      38.79201126098633,
      12.134893417358398,
      18.120994567871094,
      17.637914657592773,
      19.942110061645508,
      12.338683128356934,
      17.45389747619629,
      16.168127059936523,
      17.381040573120117,
      14.179794311523438,
      17.08371353149414,
      88.38292694091797,
      56.809810638427734,
      37.119564056396484,
      12.897747039794922,
      11.1610689163208,
      2.4579505920410156
    ],
    [
      45.024539947509766,
      23.016712188720703,
      8.265673637390137,
      12.333401679992676,
      11.352066040039062,
      13.120997428894043,
      8.43263053894043,
      12.257822036743164,
      11.084217071533203,
      12.035201072692871,
      9.962302207946777,
      11.956022262573242,
      56.809810638427734,
      38.53388977050781,
      23.504268646240234,
      8.225001335144043,
      7.119419574737549,
      1.577042579650879
    ],
    [
      34.847816467285156,
      22.97077178955078,
      2.002026081085205,
      5.444815635681152,
      9.415205001831055,
      9.050814628601074,
      8.034945487976074,
      7.477114200592041,
      8.907949447631836,
      9.676983833312988,
      6.878164768218994,
      7.985002040863037,
      37.119564056396484,
      23.504268646240234,
      18.815753936767578,
      7.4599199295043945,
      5.473697185516357,
      1.2568564414978027
    ],
    [
      12.443387031555176,
      9.82762336730957,
      -0.4481169283390045,
      0.9732186198234558,
      4.002638339996338,
      3.6047887802124023,
      3.978060722351074,
      2.8252933025360107,
      4.091602325439453,
      4.52358865737915,
      3.0508785247802734,
      3.5767107009887695,
      12.897747039794922,
      8.225001335144043,
      7.4599199295043945,
      3.411409378051758,
      2.158048152923584,
      0.5201129913330078
    ],
    [
      10.571394920349121,
      6.620079517364502,
      0.6437779664993286,
      2.1133556365966797,
      2.3979105949401855,
      2.344468355178833,
      2.00651216506958,
      1.9188374280929565,
      2.7253758907318115,
      3.1308882236480713,
      2.6754727363586426,
      2.6449623107910156,
      11.1610689163208,
      7.119419574737549,
      5.473697185516357,
      2.158048152923584,
      1.8599563837051392,
      0.42908939719200134
    ],
    [
      2.5247068405151367,
      1.6667622327804565,
      0.09624600410461426,
      0.48968639969825745,
      0.6001260280609131,
      0.5390785336494446,
      0.47719308733940125,
      0.4350256025791168,
      0.7407408356666565,
      0.7962561249732971,
      0.7021545767784119,
      0.7041981816291809,
      2.4579505920410156,
      1.577042579650879,
      1.2568564414978027,
      0.5201129913330078,
      0.42908939719200134,
      0.10455052554607391
    ]
  ],
  "damage": -15.933500289916992,
  "diff_bandwidth": 920.3853149414062,
  "dissonance": 2.557420987132158,
  "drr": -3.0599043369293213,
  "dynamics": 1.6682806015014648,
  "format": 1245190,
  "frames": 833536,
  "loudness": -20.852577209472656,
  "loudness_range": 3.1842212677001953,
  "loudness_range_short": 3.3587093353271484,
  "lowpass_true_peak_15khz": -6.960502624511719,
  "mastering3_acoustic_entropies": [
    {
      "acoustic_entropy": 5.517922401428223,
      "acoustic_entropy_mono": 5.6231818199157715,
      "band_eliminated_acoustic_entropies": [
        {
          "acoustic_entropy": 5.51777982711792,
          "acoustic_entropy_side": 5.517920017242432,
          "hz": 129.47220167065723
        },
        {
          "acoustic_entropy": 5.529860496520996,
          "acoustic_entropy_side": 5.517884731292725,
          "hz": 202.92927478742237
        },
        {
          "acoustic_entropy": 5.519820213317871,
          "acoustic_entropy_side": 5.522950172424316,
          "hz": 282.89161906338205
        },
        {
          "acoustic_entropy": 5.4883551597595215,
          "acoustic_entropy_side": 5.525076866149902,
          "hz": 369.9353335868758
        },
        {
          "acoustic_entropy": 5.360221862792969,
          "acoustic_entropy_side": 5.475931644439697,
          "hz": 464.6875360973435
        },
        {
          "acoustic_entropy": 5.4279913902282715,
          "acoustic_entropy_side": 5.5358076095581055,
          "hz": 567.8308811364784
        },
        {
          "acoustic_entropy": 5.346585750579834,
          "acoustic_entropy_side": 5.528274059295654,
          "hz": 680.1084783214808
        },
        {
          "acoustic_entropy": 5.618274211883545,
          "acoustic_entropy_side": 5.576837062835693,
          "hz": 802.3292461747484
        },
        {
          "acoustic_entropy": 4.899869918823242,
          "acoustic_entropy_side": 5.523396015167236,
          "hz": 935.3737400823702
        },
        {
          "acoustic_entropy": 5.080997943878174,
          "acoustic_entropy_side": 5.491743087768555,
          "hz": 1080.2004963696966
        },
        {
          "acoustic_entropy": 5.512539386749268,
          "acoustic_entropy_side": 5.519136428833008,
          "hz": 1237.8529382007157
        },
        {
          "acoustic_entropy": 5.617309093475342,
          "acoustic_entropy_side": 5.539361953735352,
          "hz": 1409.4668930556702
        },
        {
          "acoustic_entropy": 5.508584499359131,
          "acoustic_entropy_side": 5.492186546325684,
          "hz": 1596.2787759475705
        },
        {
          "acoustic_entropy": 5.566061973571777,
          "acoustic_entropy_side": 5.51896858215332,
          "hz": 1799.6344973346393
        },
        {
          "acoustic_entropy": 5.590003490447998,
          "acoustic_entropy_side": 5.522977828979492,
          "hz": 2020.9991599069049
        },
        {
          "acoustic_entropy": 5.222237586975098,
          "acoustic_entropy_side": 5.553252696990967,
          "hz": 2261.9676141086993
        },
        {
          "acoustic_entropy": 5.3587965965271,
          "acoustic_entropy_side": 5.501833438873291,
          "hz": 2524.2759484456974
        },
        {
          "acoustic_entropy": 5.4018731117248535,
          "acoustic_entropy_side": 5.515812873840332,
          "hz": 2809.813997359896
        },
        {
          "acoustic_entropy": 5.531121253967285,
          "acoustic_entropy_side": 5.524560451507568,
          "hz": 3120.6389567871424
        },
        {
          "acoustic_entropy": 5.6756415367126465,
          "acoustic_entropy_side": 5.527303695678711,
          "hz": 3458.990205492291
        },
        {
          "acoustic_entropy": 5.247289180755615,
          "acoustic_entropy_side": 5.556646347045898,
          "hz": 3827.305438964164
        },
        {
          "acoustic_entropy": 5.637210369110107,
          "acoustic_entropy_side": 5.522736072540283,
          "hz": 4228.238232109126
        },
        {
          "acoustic_entropy": 5.457217216491699,
          "acoustic_entropy_side": 5.528346538543701,
          "hz": 4664.6771572759235
        },
        {
          "acoustic_entropy": 5.5198516845703125,
          "acoustic_entropy_side": 5.517976760864258,
          "hz": 5139.766595350093
        },
        {
          "acoustic_entropy": 5.519116401672363,
          "acoustic_entropy_side": 5.517944812774658,
          "hz": 5656.929389854203
        },
        {
          "acoustic_entropy": 5.519158363342285,
          "acoustic_entropy_side": 5.517950057983398,
          "hz": 6219.891507268283
        },
        {
          "acoustic_entropy": 5.51845121383667,
          "acoustic_entropy_side": 5.517934322357178,
          "hz": 6832.70888123896
        },
        {
          "acoustic_entropy": 5.517928600311279,
          "acoustic_entropy_side": 5.517922401428223,
          "hz": 7499.796634079867
        },
        {
          "acoustic_entropy": 5.517951488494873,
          "acoustic_entropy_side": 5.5179219245910645,
          "hz": 8225.96088609342
        },
        {
          "acoustic_entropy": 5.517928600311279,
          "acoustic_entropy_side": 5.5179219245910645,
          "hz": 9016.43338188839
        },
        {
          "acoustic_entropy": 5.517923355102539,
          "acoustic_entropy_side": 5.517922401428223,
          "hz": 9876.909183162974
        },
        {
          "acoustic_entropy": 5.517922401428223,
          "acoustic_entropy_side": 5.517922401428223,
          "hz": 10813.587699516042
        },
        {
          "acoustic_entropy": 5.517921447753906,
          "acoustic_entropy_side": 5.517922401428223,
          "hz": 11833.21735289826
        },
        {
          "acoustic_entropy": 5.517922401428223,
          "acoustic_entropy_side": 5.517922401428223,
          "hz": 12943.144197493959
        },
        {
          "acoustic_entropy": 5.517922401428223,
          "acoustic_entropy_side": 5.517922401428223,
          "hz": 14151.364845322005
        },
        {
          "acoustic_entropy": 5.517922401428223,
          "acoustic_entropy_side": 5.517922401428223,
          "hz": 15466.58407886509
        },
        {
          "acoustic_entropy": 5.517922401428223,
          "acoustic_entropy_side": 5.517922401428223,
          "hz": 16898.27756580493
        },
        {
          "acoustic_entropy": 5.517922401428223,
          "acoustic_entropy_side": 5.517922401428223,
          "hz": 18456.760127700032
        },
        {
          "acoustic_entropy": 5.517922401428223,
          "acoustic_entropy_side": 5.517922401428223,
          "hz": 20153.260054456492
        },
        {
          "acoustic_entropy": 5.517922401428223,
          "acoustic_entropy_side": 5.517922401428223,
          "hz": 22000.00000000001
        }
      ],
      "diff_acoustic_entropy": 1.2381784915924072,
      "sn": 6
    },
    {
      "acoustic_entropy": 7.054440498352051,
      "acoustic_entropy_mono": 7.169035911560059,
      "band_eliminated_acoustic_entropies": [
        {
          "acoustic_entropy": 7.053917407989502,
          "acoustic_entropy_side": 7.054412364959717,
          "hz": 129.47220167065723
        },
        {
          "acoustic_entropy": 7.09644889831543,
          "acoustic_entropy_side": 7.053916931152344,
          "hz": 202.92927478742237
        },
        {
          "acoustic_entropy": 7.082125663757324,
          "acoustic_entropy_side": 7.0989580154418945,
          "hz": 282.89161906338205
        },
        {
          "acoustic_entropy": 7.251189231872559,
          "acoustic_entropy_side": 7.114355564117432,
          "hz": 369.9353335868758
        },
        {
          "acoustic_entropy": 7.104818820953369,
          "acoustic_entropy_side": 7.0138163566589355,
          "hz": 464.6875360973435
        },
        {
          "acoustic_entropy": 7.011260509490967,
          "acoustic_entropy_side": 7.019604682922363,
          "hz": 567.8308811364784
        },
        {
          "acoustic_entropy": 7.097133636474609,
          "acoustic_entropy_side": 7.1382598876953125,
          "hz": 680.1084783214808
        },
        {
          "acoustic_entropy": 7.112122535705566,
          "acoustic_entropy_side": 7.078979969024658,
          "hz": 802.3292461747484
        },
        {
          "acoustic_entropy": 6.606467247009277,
          "acoustic_entropy_side": 7.082491874694824,
          "hz": 935.3737400823702
        },
        {
          "acoustic_entropy": 6.493290424346924,
          "acoustic_entropy_side": 6.998275279998779,
          "hz": 1080.2004963696966
        },
        {
          "acoustic_entropy": 7.072277069091797,
          "acoustic_entropy_side": 7.072124004364014,
          "hz": 1237.8529382007157
        },
        {
          "acoustic_entropy": 7.1859025955200195,
          "acoustic_entropy_side": 7.127315521240234,
          "hz": 1409.4668930556702
        },
        {
          "acoustic_entropy": 7.193657875061035,
          "acoustic_entropy_side": 7.0300092697143555,
          "hz": 1596.2787759475705
        },
        {
          "acoustic_entropy": 7.284882545471191,
          "acoustic_entropy_side": 7.054569244384766,
          "hz": 1799.6344973346393
        },
        {
          "acoustic_entropy": 7.102552890777588,
          "acoustic_entropy_side": 7.07962703704834,
          "hz": 2020.9991599069049
        },
        {
          "acoustic_entropy": 6.895576000213623,
          "acoustic_entropy_side": 7.084089279174805,
          "hz": 2261.9676141086993
        },
        {
          "acoustic_entropy": 7.116001605987549,
          "acoustic_entropy_side": 7.019832134246826,
          "hz": 2524.2759484456974
        },
        {
          "acoustic_entropy": 7.145895481109619,
          "acoustic_entropy_side": 7.11475133895874,
          "hz": 2809.813997359896
        },
        {
          "acoustic_entropy": 7.039377212524414,
          "acoustic_entropy_side": 7.050609588623047,
          "hz": 3120.6389567871424
        },
        {
          "acoustic_entropy": 7.16518497467041,
          "acoustic_entropy_side": 7.033019065856934,
          "hz": 3458.990205492291
        },
        {
          "acoustic_entropy": 7.022883415222168,
          "acoustic_entropy_side": 7.058401584625244,
          "hz": 3827.305438964164
        },
        {
          "acoustic_entropy": 7.251235485076904,
          "acoustic_entropy_side": 7.098523139953613,
          "hz": 4228.238232109126
        },
        {
          "acoustic_entropy": 7.0137834548950195,
          "acoustic_entropy_side": 7.059417724609375,
          "hz": 4664.6771572759235
        },
        {
          "acoustic_entropy": 7.078350067138672,
          "acoustic_entropy_side": 7.0555419921875,
          "hz": 5139.766595350093
        },
        {
          "acoustic_entropy": 7.058933734893799,
          "acoustic_entropy_side": 7.054686069488525,
          "hz": 5656.929389854203
        },
        {
          "acoustic_entropy": 7.051194667816162,
          "acoustic_entropy_side": 7.054339408874512,
          "hz": 6219.891507268283
        },
        {
          "acoustic_entropy": 7.054291248321533,
          "acoustic_entropy_side": 7.054419040679932,
          "hz": 6832.70888123896
        },
        {
          "acoustic_entropy": 7.0544586181640625,
          "acoustic_entropy_side": 7.054442405700684,
          "hz": 7499.796634079867
        },
        {
          "acoustic_entropy": 7.0546159744262695,
          "acoustic_entropy_side": 7.054445266723633,
          "hz": 8225.96088609342
        },
        {
          "acoustic_entropy": 7.054475784301758,
          "acoustic_entropy_side": 7.054443359375,
          "hz": 9016.43338188839
        },
        {
          "acoustic_entropy": 7.0544753074646,
          "acoustic_entropy_side": 7.054442405700684,
          "hz": 9876.909183162974
        },
        {
          "acoustic_entropy": 7.054445743560791,
          "acoustic_entropy_side": 7.054440021514893,
          "hz": 10813.587699516042
        },
        {
          "acoustic_entropy": 7.054440498352051,
          "acoustic_entropy_side": 7.054440498352051,
          "hz": 11833.21735289826
        },
        {
          "acoustic_entropy": 7.054440498352051,
          "acoustic_entropy_side": 7.054440498352051,
          "hz": 12943.144197493959
        },
        {
          "acoustic_entropy": 7.054440498352051,
          "acoustic_entropy_side": 7.054440498352051,
          "hz": 14151.364845322005
        },
        {
          "acoustic_entropy": 7.054439544677734,
          "acoustic_entropy_side": 7.054440498352051,
          "hz": 15466.58407886509
        },
        {
          "acoustic_entropy": 7.054440498352051,
          "acoustic_entropy_side": 7.054440498352051,
          "hz": 16898.27756580493
        },
        {
          "acoustic_entropy": 7.054440975189209,
          "acoustic_entropy_side": 7.054440498352051,
          "hz": 18456.760127700032
        },
        {
          "acoustic_entropy": 7.054440498352051,
          "acoustic_entropy_side": 7.054440498352051,
          "hz": 20153.260054456492
        },
        {
          "acoustic_entropy": 7.054440498352051,
          "acoustic_entropy_side": 7.054440498352051,
          "hz": 22000.00000000001
        }
      ],
      "diff_acoustic_entropy": 2.424708366394043,
      "sn": 12
    },
    {
      "acoustic_entropy": 10.25287914276123,
      "acoustic_entropy_mono": 8.706361770629883,
      "band_eliminated_acoustic_entropies": [
        {
          "acoustic_entropy": 10.251564979553223,
          "acoustic_entropy_side": 10.2514009475708,
          "hz": 129.47220167065723
        },
        {
          "acoustic_entropy": 10.396560668945312,
          "acoustic_entropy_side": 10.290435791015625,
          "hz": 202.92927478742237
        },
        {
          "acoustic_entropy": 10.036532402038574,
          "acoustic_entropy_side": 10.00500774383545,
          "hz": 282.89161906338205
        },
        {
          "acoustic_entropy": 10.892573356628418,
          "acoustic_entropy_side": 10.633914947509766,
          "hz": 369.9353335868758
        },
        {
          "acoustic_entropy": 10.137561798095703,
          "acoustic_entropy_side": 10.270390510559082,
          "hz": 464.6875360973435
        },
        {
          "acoustic_entropy": 10.203476905822754,
          "acoustic_entropy_side": 10.282098770141602,
          "hz": 567.8308811364784
        },
        {
          "acoustic_entropy": 9.705924987792969,
          "acoustic_entropy_side": 10.239005088806152,
          "hz": 680.1084783214808
        },
        {
          "acoustic_entropy": 10.545493125915527,
          "acoustic_entropy_side": 10.617494583129883,
          "hz": 802.3292461747484
        },
        {
          "acoustic_entropy": 9.861271858215332,
          "acoustic_entropy_side": 10.2026948928833,
          "hz": 935.3737400823702
        },
        {
          "acoustic_entropy": 9.198920249938965,
          "acoustic_entropy_side": 9.92330551147461,
          "hz": 1080.2004963696966
        },
        {
          "acoustic_entropy": 10.37002182006836,
          "acoustic_entropy_side": 10.427932739257812,
          "hz": 1237.8529382007157
        },
        {
          "acoustic_entropy": 10.176127433776855,
          "acoustic_entropy_side": 10.11747932434082,
          "hz": 1409.4668930556702
        },
        {
          "acoustic_entropy": 10.05887222290039,
          "acoustic_entropy_side": 10.150057792663574,
          "hz": 1596.2787759475705
        },
        {
          "acoustic_entropy": 9.74553394317627,
          "acoustic_entropy_side": 9.849753379821777,
          "hz": 1799.6344973346393
        },
        {
          "acoustic_entropy": 10.088515281677246,
          "acoustic_entropy_side": 10.232376098632812,
          "hz": 2020.9991599069049
        },
        {
          "acoustic_entropy": 10.170866012573242,
          "acoustic_entropy_side": 10.157625198364258,
          "hz": 2261.9676141086993
        },
        {
          "acoustic_entropy": 10.238754272460938,
          "acoustic_entropy_side": 10.150457382202148,
          "hz": 2524.2759484456974
        },
        {
          "acoustic_entropy": 10.16578197479248,
          "acoustic_entropy_side": 10.26714038848877,
          "hz": 2809.813997359896
        },
        {
          "acoustic_entropy": 10.18010139465332,
          "acoustic_entropy_side": 10.20631217956543,
          "hz": 3120.6389567871424
