{
  "acoustic_entropy": 161.46633911132812,
  "bands": [
    {
      "high_freq": 148.1999969482422,
      "loudness": -40.395084381103516,
      "loudness_range": 18.660907745361328,
      "mid_mean": -38.25608825683594,
      "mid_to_side_loudness": -5.285602569580078,
      "mid_to_side_loudness_range": 13.630510330200195,
      "side_mean": -43.406436920166016
    },
    {
      "high_freq": 392.3793640136719,
      "loudness": -26.88142204284668,
      "loudness_range": 15.570592880249023,
      "low_freq": 148.1999969482422,
      "mid_mean": -24.172866821289062,
      "mid_to_side_loudness": -6.804152011871338,
      "mid_to_side_loudness_range": 8.733810424804688,
      "side_mean": -31.082300186157227
    },
    {
      "high_freq": 794.6976318359375,
      "loudness": -25.69405174255371,
      "loudness_range": 15.035221099853516,
      "low_freq": 392.3793640136719,
      "mid_mean": -23.77150535583496,
      "mid_to_side_loudness": -4.214497089385986,
      "mid_to_side_loudness_range": 9.116654396057129,
      "side_mean": -27.76247787475586
    },
    {
      "high_freq": 1457.5709228515625,
      "loudness": -33.58774948120117,
      "loudness_range": 19.947080612182617,
      "low_freq": 794.6976318359375,
      "mid_mean": -31.27765464782715,
      "mid_to_side_loudness": -5.026813983917236,
      "mid_to_side_loudness_range": 7.959711074829102,
      "side_mean": -36.23029708862305
    },
    {
      "high_freq": 2549.74365234375,
      "loudness": -36.548622131347656,
      "loudness_range": 20.253767013549805,
      "low_freq": 1457.5709228515625,
      "mid_mean": -33.97471618652344,
      "mid_to_side_loudness": -5.876706600189209,
      "mid_to_side_loudness_range": 6.816580295562744,
      "side_mean": -39.81446075439453
    },
    {
      "high_freq": 4349.24462890625,
      "loudness": -46.37836456298828,
      "loudness_range": 27.081340789794922,
      "low_freq": 2549.74365234375,
      "mid_mean": -44.515342712402344,
      "mid_to_side_loudness": -5.0420637130737305,
      "mid_to_side_loudness_range": 7.580196380615234,
      "side_mean": -50.1338996887207
    },
    {
      "high_freq": 7314.1640625,
      "loudness": -65.50728607177734,
      "loudness_range": 26.82125473022461,
      "low_freq": 4349.24462890625,
      "mid_mean": -61.11198043823242,
      "mid_to_side_loudness": -5.363847255706787,
      "mid_to_side_loudness_range": 6.16675329208374,
      "side_mean": -64.32783508300781
    },
    {
      "high_freq": 12199.2666015625,
      "loudness": -72.27767944335938,
      "loudness_range": 8.870353698730469,
      "low_freq": 7314.1640625,
      "mid_mean": -66.61125183105469,
      "mid_to_side_loudness": -5.5362324714660645,
      "mid_to_side_loudness_range": 1.8372817039489746,
      "side_mean": -68.6082534790039
    },
    {
      "loudness": -70.69764709472656,
      "loudness_range": 2.7220001220703125,
      "low_freq": 12199.2666015625,
      "mid_mean": -65.88912200927734,
      "mid_to_side_loudness": -5.584161281585693,
      "mid_to_side_loudness_range": 0.5479278564453125,
      "side_mean": -68.41557312011719
    }
  ],
  "bands_short": [
    {
      "high_freq": 148.1999969482422,
      "loudness": -46.24647903442383,
      "loudness_range": 21.058025360107422,
      "mid_mean": -43.77144241333008,
      "mid_to_side_loudness": -8.73351001739502,
      "mid_to_side_loudness_range": 20.487497329711914,
      "side_mean": -52.31199264526367
    },
    {
      "high_freq": 392.3793640136719,
      "loudness": -27.892053604125977,
      "loudness_range": 19.377676010131836,
      "low_freq": 148.1999969482422,
      "mid_mean": -25.1866512298584,
      "mid_to_side_loudness": -6.644042491912842,
      "mid_to_side_loudness_range": 10.047297477722168,
      "side_mean": -32.07246398925781
    },
    {
      "high_freq": 794.6976318359375,
      "loudness": -26.390512466430664,
      "loudness_range": 17.042726516723633,
      "low_freq": 392.3793640136719,
      "mid_mean": -24.473445892333984,
      "mid_to_side_loudness": -4.2727837562561035,
      "mid_to_side_loudness_range": 10.57572078704834,
      "side_mean": -28.452180862426758
    },
    {
      "high_freq": 1457.5709228515625,
      "loudness": -33.83478546142578,
      "loudness_range": 21.584125518798828,
      "low_freq": 794.6976318359375,
      "mid_mean": -31.55594253540039,
      "mid_to_side_loudness": -5.159592628479004,
      "mid_to_side_loudness_range": 9.647915840148926,
      "side_mean": -36.677608489990234
    },
    {
      "high_freq": 2549.74365234375,
      "loudness": -37.80095291137695,
      "loudness_range": 22.541948318481445,
      "low_freq": 1457.5709228515625,
      "mid_mean": -35.290950775146484,
      "mid_to_side_loudness": -5.833841800689697,
      "mid_to_side_loudness_range": 8.226092338562012,
      "side_mean": -41.080318450927734
    },
    {
      "high_freq": 4349.24462890625,
      "loudness": -47.32392120361328,
      "loudness_range": 28.52273941040039,
      "low_freq": 2549.74365234375,
      "mid_mean": -45.51754379272461,
      "mid_to_side_loudness": -5.28576135635376,
      "mid_to_side_loudness_range": 9.494665145874023,
      "side_mean": -51.23590087890625
    },
    {
      "high_freq": 7314.1640625,
      "loudness": -66.47712707519531,
      "loudness_range": 26.46670150756836,
      "low_freq": 4349.24462890625,
      "mid_mean": -61.89711380004883,
      "mid_to_side_loudness": -5.143829822540283,
      "mid_to_side_loudness_range": 6.909798622131348,
      "side_mean": -64.75634002685547
    },
    {
      "high_freq": 12199.2666015625,
      "loudness": -72.64686584472656,
      "loudness_range": 7.59454345703125,
      "low_freq": 7314.1640625,
      "mid_mean": -66.82431030273438,
      "mid_to_side_loudness": -5.5727972984313965,
      "mid_to_side_loudness_range": 2.2828283309936523,
      "side_mean": -68.73590850830078
    },
    {
      "loudness": -70.73299407958984,
      "loudness_range": 3.202850341796875,
      "low_freq": 12199.2666015625,
      "mid_mean": -65.90385437011719,
      "mid_to_side_loudness": -5.580206394195557,
      "mid_to_side_loudness_range": 1.3436927795410156,
      "side_mean": -68.4191665649414
    }
  ],
  "bandwidth": 598.8152465820312,
  "channels": 2,
  "covariance": [
    [
      41.165340423583984,
      40.10615921020508,
      14.976408958435059,
      21.58765411376953,
      14.430168151855469,
      14.304094314575195,
      19.050907135009766,
      18.80241584777832,
      21.94110107421875,
      21.86465072631836,
      26.449602127075195,
      28.82310676574707,
      15.82229232788086,
      12.377591133117676,
      3.003840923309326,
      1.8551757335662842,
      1.5085387229919434,
      0.7788462042808533
    ],
    [
      40.10615921020508,
      60.30158615112305,
      12.116602897644043,
      18.944265365600586,
      9.534392356872559,
      7.8459906578063965,
      13.35206413269043,
      12.575738906860352,
      16.06336212158203,
      15.380669593811035,
      22.832149505615234,
      22.89388084411621,
      14.067073822021484,
      10.77286434173584,
      2.894540548324585,
      1.9020706415176392,
      1.564416766166687,
      0.7662933468818665
    ],
    [
      14.976408958435059,
      12.116602897644043,
      36.51655578613281,
      28.815505981445312,
      17.207670211791992,
      13.774974822998047,
      14.83435344696045,
      14.310033798217773,
      15.536643981933594,
      14.868316650390625,
      14.217757225036621,
      16.936767578125,
      8.401609420776367,
      5.864241123199463,
      1.189490795135498,
      0.6360421776771545,
      1.3328596353530884,
      0.6658526659011841
    ],
    [
      21.58765411376953,
      18.944265365600586,
      28.815505981445312,
      32.18471145629883,
      18.031635284423828,
      14.461637496948242,
      17.32939338684082,
      16.997425079345703,
      19.930051803588867,
      19.282894134521484,
      20.22826385498047,
      21.808015823364258,
      11.474977493286133,
      8.764373779296875,
      2.0450148582458496,
      1.1794909238815308,
      1.4825525283813477,
      0.7528132200241089
    ],
    [
      14.430168151855469,
      9.534392356872559,
      17.207670211791992,
      18.031635284423828,
      31.93962287902832,
      27.409513473510742,
      22.32927703857422,
      22.965599060058594,
      25.4410457611084,
      26.91543197631836,
      30.56557273864746,
      36.02916717529297,
      20.661907196044922,
      14.483421325683594,
      3.6765804290771484,
      2.0393688678741455,
      2.1842117309570312,
      1.1011550426483154
    ],
    [
      14.304094314575195,
      7.8459906578063965,
      13.774974822998047,
      14.461637496948242,
      27.409513473510742,
      36.88740921020508,
      22.527284622192383,
      23.480619430541992,
      26.501399993896484,
      28.843172073364258,
      34.85856246948242,
      40.60637664794922,
      23.500629425048828,
      16.714527130126953,
      4.214515209197998,
      2.3159306049346924,
      2.290919542312622,
      1.1922253370285034
    ],
    [
      19.050907135009766,
      13.35206413269043,
      14.83435344696045,
      17.32939338684082,
      22.32927703857422,
      22.527284622192383,
      43.497188568115234,
      39.1458740234375,
      35.705589294433594,
      37.32686996459961,
      45.14808654785156,
      50.13394546508789,
      33.1547737121582,
      27.281572341918945,
      7.18353796005249,
      4.95176362991333,
      2.63664174079895,
      1.3795807361602783
    ],
    [
      18.80241584777832,
      12.575738906860352,
      14.310033798217773,
      16.997425079345703,
      22.965599060058594,
      23.480619430541992,
      39.1458740234375,
      43.462310791015625,
      36.19947814941406,
      37.413238525390625,
      45.29401779174805,
      49.24125671386719,
      32.09027099609375,
      26.132137298583984,
      7.226649284362793,
      4.58579683303833,
      2.6202101707458496,
      1.3856654167175293
    ],
    [
      21.94110107421875,
      16.06336212158203,
      15.536643981933594,
      19.930051803588867,
      25.4410457611084,
      26.501399993896484,
      35.705589294433594,
      36.19947814941406,
      49.973976135253906,
      47.2378044128418,
      56.74275207519531,
      59.673545837402344,
      38.0755500793457,
      29.36356544494629,
      7.073945999145508,
      4.309239387512207,
      2.970407485961914,
      1.5248826742172241
    ],
    [
      21.86465072631836,
      15.380669593811035,
      14.868316650390625,
      19.282894134521484,
      26.91543197631836,
      28.843172073364258,
      37.32686996459961,
      37.413238525390625,
      47.2378044128418,
      52.245853424072266,
      58.29796600341797,
      61.98712921142578,
      40.278038024902344,
      32.034019470214844,
      7.858494758605957,
      5.032947540283203,
      2.9359421730041504,
      1.5263049602508545
    ],
    [
      26.449602127075195,
      22.832149505615234,
      14.217757225036621,
      20.22826385498047,
      30.56557273864746,
      34.85856246948242,
      45.14808654785156,
      45.29401779174805,
      56.74275207519531,
      58.29796600341797,
      93.21897888183594,
      86.62242889404297,
      58.88727951049805,
      45.969146728515625,
      11.873444557189941,
      7.5368757247924805,
      4.1332478523254395,
      2.1413090229034424
    ],
    [
      28.82310676574707,
      22.89388084411621,
      16.936767578125,
      21.808015823364258,
      36.02916717529297,
      40.60637664794922,
      50.13394546508789,
      49.24125671386719,
      59.673545837402344,
      61.98712921142578,
      86.62242889404297,
      97.93002319335938,
      60.673973083496094,
      46.98551559448242,
      11.953385353088379,
      7.541699409484863,
      4.607763767242432,
      2.352444648742676
    ],
    [
      15.82229232788086,
      14.067073822021484,
      8.401609420776367,
      11.474977493286133,
      20.661907196044922,
      23.500629425048828,
      33.1547737121582,
      32.09027099609375,
      38.0755500793457,
      40.278038024902344,
      58.88727951049805,
      60.673973083496094,
      52.88859176635742,
      42.178466796875,
      11.21058464050293,
      7.431267261505127,
      3.0700838565826416,
      1.6268714666366577
    ],
    [
      12.377591133117676,
      10.77286434173584,
      5.864241123199463,
      8.764373779296875,
      14.483421325683594,
      16.714527130126953,
      27.281572341918945,
      26.132137298583984,
      29.36356544494629,
      32.034019470214844,
      45.969146728515625,
      46.98551559448242,
      42.178466796875,
      36.87739181518555,
      9.922577857971191,
      6.782725811004639,
      2.281644344329834,
      1.2456390857696533
    ],
    [
      3.003840923309326,
      2.894540548324585,
      1.189490795135498,
      2.0450148582458496,
      3.6765804290771484,
      4.214515209197998,
      7.18353796005249,
      7.226649284362793,
      7.073945999145508,
      7.858494758605957,
      11.873444557189941,
      11.953385353088379,
      11.21058464050293,
      9.922577857971191,
      4.058830738067627,
      2.737994909286499,
      0.6812387704849243,
      0.36863234639167786
    ],
    [
      1.8551757335662842,
      1.9020706415176392,
      0.6360421776771545,
      1.1794909238815308,
      2.0393688678741455,
      2.3159306049346924,
      4.95176362991333,
      4.58579683303833,
      4.309239387512207,
      5.032947540283203,
      7.5368757247924805,
      7.541699409484863,
      7.431267261505127,
      6.782725811004639,
      2.737994909286499,
      2.0488600730895996,
      0.4141867458820343,
      0.22873134911060333
    ],
    [
      1.5085387229919434,
      1.564416766166687,
      1.3328596353530884,
      1.4825525283813477,
      2.1842117309570312,
      2.290919542312622,
      2.63664174079895,
      2.6202101707458496,
      2.970407485961914,
      2.9359421730041504,
      4.1332478523254395,
      4.607763767242432,
      3.0700838565826416,
      2.281644344329834,
      0.6812387704849243,
      0.4141867458820343,
      0.3851432502269745,
      0.1852770745754242
    ],
    [
      0.7788462042808533,
      0.7662933468818665,
      0.6658526659011841,
      0.7528132200241089,
      1.1011550426483154,
      1.1922253370285034,
      1.3795807361602783,
      1.3856654167175293,
      1.5248826742172241,
      1.5263049602508545,
      2.1413090229034424,
      2.352444648742676,
      1.6268714666366577,
      1.2456390857696533,
      0.36863234639167786,
      0.22873134911060333,
      0.1852770745754242,
      0.09303641319274902
    ]
  ],
  "covariance_short": [
    [
      48.896297454833984,
      38.72789764404297,
      20.855491638183594,
      24.124570846557617,
      17.058622360229492,
      15.850871086120605,
      22.234241485595703,
      21.47863006591797,
      24.481033325195312,
      25.278568267822266,
      28.42783546447754,
      31.11796760559082,
      17.398666381835938,
      13.613752365112305,
      3.2009968757629395,
      1.9770221710205078,
      1.7522599697113037,
      0.9209135174751282
    ],
    [
      38.72789764404297,
      74.6256103515625,
      20.021541595458984,
      24.55642318725586,
      11.343708992004395,
      6.779726505279541,
      11.119895935058594,
      11.409235954284668,
      13.927578926086426,
      14.766545295715332,
      17.488487243652344,
      20.645666122436523,
      12.166054725646973,
      9.29655933380127,
      2.451155662536621,
      1.4815428256988525,
      1.5671330690383911,
      0.7535938620567322
    ],
    [
      20.855491638183594,
      20.021541595458984,
      51.05168914794922,
      41.768741607666016,
      23.93770980834961,
      17.54630470275879,
      20.194644927978516,
      21.1480770111084,
      22.822599411010742,
      21.817066192626953,
      19.742698669433594,
      22.424808502197266,
      11.45249080657959,
      8.105480194091797,
      2.042065143585205,
      1.0434476137161255,
      1.896347999572754,
      0.9540562629699707
    ],
    [
      24.124570846557617,
      24.55642318725586,
      41.768741607666016,
      48.179508209228516,
      22.84830093383789,
      17.391544342041016,
      21.389436721801758,
      23.2257080078125,
      26.20866584777832,
      25.150650024414062,
      25.10203742980957,
      27.01993179321289,
      14.00439167022705,
      10.507428169250488,
      2.684352159500122,
      1.5040674209594727,
      1.98838472366333,
      1.0174052715301514
    ],
    [
      17.058622360229492,
      11.343708992004395,
      23.93770980834961,
      22.84830093383789,
      39.32878875732422,
      32.80039978027344,
      25.80025291442871,
      26.952964782714844,
      31.52659797668457,
      31.86077117919922,
      35.96625518798828,
      39.55085754394531,
      20.827152252197266,
      15.18388557434082,
      3.5418033599853516,
      1.781491756439209,
      2.680483102798462,
      1.3461987972259521
    ],
    [
      15.850871086120605,
      6.779726505279541,
      17.54630470275879,
      17.391544342041016,
      32.80039978027344,
      44.3220329284668,
      26.720748901367188,
      27.544828414916992,
      33.39821243286133,
      34.76601791381836,
      41.00582504272461,
      44.54628372192383,
      25.072633743286133,
      19.126903533935547,
      4.346637725830078,
      2.3085875511169434,
      2.834806203842163,
      1.4732261896133423
    ],
    [
      22.234241485595703,
      11.119895935058594,
      20.194644927978516,
      21.389436721801758,
      25.80025291442871,
      26.720748901367188,
      53.64126205444336,
      45.41512680053711,
      43.62103271484375,
      45.170169830322266,
      53.85710906982422,
      56.97588348388672,
      35.724876403808594,
      28.778575897216797,
      7.294157981872559,
      5.0272650718688965,
      3.2427964210510254,
      1.7085767984390259
    ],
    [
      21.47863006591797,
      11.409235954284668,
      21.1480770111084,
      23.2257080078125,
      26.952964782714844,
      27.544828414916992,
      45.41512680053711,
      51.17634201049805,
      43.82537841796875,
      44.5600700378418,
      54.07235336303711,
      54.975582122802734,
      34.14480972290039,
      27.29391860961914,
      6.944000244140625,
      4.438206672668457,
      3.2390027046203613,
      1.711060643196106
    ],
    [
      24.481033325195312,
      13.927578926086426,
      22.822599411010742,
      26.20866584777832,
      31.52659797668457,
      33.39821243286133,
      43.62103271484375,
      43.82537841796875,
      62.24589538574219,
      57.47987747192383,
      66.52648162841797,
      66.8334732055664,
      40.37165069580078,
      30.913917541503906,
      7.03078556060791,
      4.326837062835693,
      3.730407238006592,
      1.9217021465301514
    ],
    [
      25.278568267822266,
      14.766545295715332,
      21.817066192626953,
      25.150650024414062,
      31.86077117919922,
      34.76601791381836,
      45.170169830322266,
      44.5600700378418,
      57.47987747192383,
      63.795570373535156,
      67.6019058227539,
      69.19180297851562,
      42.30126190185547,
      33.25096130371094,
      7.865715503692627,
      5.054944038391113,
      3.660599708557129,
      1.9111179113388062
    ],
    [
      28.42783546447754,
      17.488487243652344,
      19.742698669433594,
      25.10203742980957,
      35.96625518798828,
      41.00582504272461,
      53.85710906982422,
      54.07235336303711,
      66.52648162841797,
      67.6019058227539,
      102.55719757080078,
      93.28279876708984,
      59.635009765625,
      46.81227493286133,
      11.199909210205078,
      7.091689109802246,
      4.889597415924072,
      2.5556063652038574
    ],
    [
      31.11796760559082,
      20.645666122436523,
      22.424808502197266,
      27.01993179321289,
      39.55085754394531,
      44.54628372192383,
      56.97588348388672,
      54.975582122802734,
      66.8334732055664,
      69.19180297851562,
      93.28279876708984,
      103.65058898925781,
      59.834739685058594,
      46.74702453613281,
      11.134989738464355,
      7.01121187210083,
      5.113520622253418,
      2.6503570079803467
    ],
    [
      17.398666381835938,
      12.166054725646973,
      11.45249080657959,
      14.00439167022705,
      20.827152252197266,
      25.072633743286133,
      35.724876403808594,
      34.14480972290039,
      40.37165069580078,
      42.30126190185547,
      59.635009765625,
      59.834739685058594,
      51.760982513427734,
      41.22669982910156,
      9.918463706970215,
      6.637965679168701,
      3.4827117919921875,
      1.8719826936721802
    ],
    [
      13.613752365112305,
      9.29655933380127,
      8.105480194091797,
      10.507428169250488,
      15.18388557434082,
      19.126903533935547,
      28.778575897216797,
      27.29391860961914,
      30.913917541503906,
      33.25096130371094,
      46.81227493286133,
      46.74702453613281,
      41.22669982910156,
      36.46307373046875,
      8.61104965209961,
      5.911156177520752,
      2.6745223999023438,
      1.4710595607757568
    ],
    [
      3.2009968757629395,
      2.451155662536621,
      2.042065143585205,
      2.684352159500122,
      3.5418033599853516,
      4.346637725830078,
      7.294157981872559,
      6.944000244140625,
      7.03078556060791,
      7.865715503692627,
      11.199909210205078,
      11.134989738464355,
      9.918463706970215,
      8.61104965209961,
      3.7238590717315674,
      2.5128886699676514,
      0.7821074724197388,
      0.42712950706481934
    ],
    [
      1.9770221710205078,
      1.4815428256988525,
      1.0434476137161255,
      1.5040674209594727,
      1.781491756439209,
      2.3085875511169434,
      5.0272650718688965,
      4.438206672668457,
      4.326837062835693,
      5.054944038391113,
      7.091689109802246,
      7.01121187210083,
      6.637965679168701,
      5.911156177520752,
      2.5128886699676514,
      2.0188779830932617,
      0.48085466027259827,
      0.26821649074554443
    ],
    [
      1.7522599697113037,
      1.5671330690383911,
      1.896347999572754,
      1.98838472366333,
      2.680483102798462,
      2.834806203842163,
      3.2427964210510254,
      3.2390027046203613,
      3.730407238006592,
      3.660599708557129,
      4.889597415924072,
      5.113520622253418,
      3.4827117919921875,
      2.6745223999023438,
      0.7821074724197388,
      0.48085466027259827,
      0.5094017386436462,
      0.23557259142398834
    ],
    [
      0.9209135174751282,
      0.7535938620567322,
      0.9540562629699707,
      1.0174052715301514,
      1.3461987972259521,
      1.4732261896133423,
      1.7085767984390259,
      1.711060643196106,
      1.9217021465301514,
      1.9111179113388062,
      2.5556063652038574,
      2.6503570079803467,
      1.8719826936721802,
      1.4710595607757568,
      0.42712950706481934,
      0.26821649074554443,
      0.23557259142398834,
      0.12884438037872314
    ]
  ],
  "damage": -10.287127494812012,
  "diff_bandwidth": 631.4953002929688,
  "dissonance": 4.665753473693281,
  "drr": 0.7612606883049011,
  "dynamics": 4.02966833114624,
  "format": 1245190,
  "frames": 14053312,
  "loudness": -17.894561767578125,
  "loudness_range": 11.135885238647461,
  "loudness_range_short": 14.055169105529785,
  "lowpass_true_peak_15khz": -1.277074933052063,
  "mastering3_acoustic_entropies": [
    {
      "acoustic_entropy": 6.454196453094482,
      "acoustic_entropy_mono": 5.877369403839111,
      "band_eliminated_acoustic_entropies": [
        {
          "acoustic_entropy": 6.454712390899658,
          "acoustic_entropy_side": 6.454235076904297,
          "hz": 129.47220167065723
        },
        {
          "acoustic_entropy": 6.46703577041626,
          "acoustic_entropy_side": 6.467284679412842,
          "hz": 202.92927478742237
        },
        {
          "acoustic_entropy": 6.244955539703369,
          "acoustic_entropy_side": 6.472060203552246,
          "hz": 282.89161906338205
        },
        {
          "acoustic_entropy": 6.278350353240967,
          "acoustic_entropy_side": 6.376440525054932,
          "hz": 369.9353335868758
        },
        {
          "acoustic_entropy": 6.376936435699463,
          "acoustic_entropy_side": 6.454355716705322,
          "hz": 464.6875360973435
        },
        {
          "acoustic_entropy": 6.8830485343933105,
          "acoustic_entropy_side": 6.388520240783691,
          "hz": 567.8308811364784
        },
        {
          "acoustic_entropy": 6.164590358734131,
          "acoustic_entropy_side": 6.202239513397217,
          "hz": 680.1084783214808
        },
        {
          "acoustic_entropy": 5.763312816619873,
          "acoustic_entropy_side": 6.345418930053711,
          "hz": 802.3292461747484
        },
        {
          "acoustic_entropy": 5.881646633148193,
          "acoustic_entropy_side": 6.423390865325928,
          "hz": 935.3737400823702
        },
        {
          "acoustic_entropy": 6.270022392272949,
          "acoustic_entropy_side": 6.327848434448242,
          "hz": 1080.2004963696966
        },
        {
          "acoustic_entropy": 6.411866664886475,
          "acoustic_entropy_side": 6.386910915374756,
          "hz": 1237.8529382007157
        },
        {
          "acoustic_entropy": 6.30280876159668,
          "acoustic_entropy_side": 6.417489528656006,
          "hz": 1409.4668930556702
        },
        {
          "acoustic_entropy": 6.514396667480469,
          "acoustic_entropy_side": 6.470020771026611,
          "hz": 1596.2787759475705
        },
        {
          "acoustic_entropy": 6.277132034301758,
          "acoustic_entropy_side": 6.442443370819092,
          "hz": 1799.6344973346393
        },
        {
          "acoustic_entropy": 6.36386775970459,
          "acoustic_entropy_side": 6.418200492858887,
          "hz": 2020.9991599069049
        },
        {
          "acoustic_entropy": 6.4412031173706055,
          "acoustic_entropy_side": 6.516100883483887,
          "hz": 2261.9676141086993
        },
        {
          "acoustic_entropy": 6.495054244995117,
          "acoustic_entropy_side": 6.494765758514404,
          "hz": 2524.2759484456974
        },
        {
          "acoustic_entropy": 6.40444278717041,
          "acoustic_entropy_side": 6.438209056854248,
          "hz": 2809.813997359896
        },
        {
          "acoustic_entropy": 6.474250793457031,
          "acoustic_entropy_side": 6.46976900100708,
          "hz": 3120.6389567871424
        },
        {
          "acoustic_entropy": 6.416360378265381,
          "acoustic_entropy_side": 6.455776214599609,
          "hz": 3458.990205492291
        },
        {
          "acoustic_entropy": 6.409106731414795,
          "acoustic_entropy_side": 6.447688102722168,
          "hz": 3827.305438964164
        },
        {
          "acoustic_entropy": 6.432827949523926,
          "acoustic_entropy_side": 6.452789783477783,
          "hz": 4228.238232109126
        },
        {
          "acoustic_entropy": 6.4450483322143555,
          "acoustic_entropy_side": 6.453628063201904,
          "hz": 4664.6771572759235
        },
        {
          "acoustic_entropy": 6.453397750854492,
          "acoustic_entropy_side": 6.454042434692383,
          "hz": 5139.766595350093
        },
        {
          "acoustic_entropy": 6.453793048858643,
          "acoustic_entropy_side": 6.4540910720825195,
          "hz": 5656.929389854203
        },
        {
          "acoustic_entropy": 6.454145908355713,
          "acoustic_entropy_side": 6.4541916847229,
          "hz": 6219.891507268283
        },
        {
          "acoustic_entropy": 6.454130172729492,
          "acoustic_entropy_side": 6.454185962677002,
          "hz": 6832.70888123896
        },
        {
          "acoustic_entropy": 6.454161643981934,
          "acoustic_entropy_side": 6.454189777374268,
          "hz": 7499.796634079867
        },
        {
          "acoustic_entropy": 6.454188823699951,
          "acoustic_entropy_side": 6.454195022583008,
          "hz": 8225.96088609342
        },
        {
          "acoustic_entropy": 6.454193592071533,
          "acoustic_entropy_side": 6.454195976257324,
          "hz": 9016.43338188839
        },
        {
          "acoustic_entropy": 6.454195976257324,
          "acoustic_entropy_side": 6.454196453094482,
          "hz": 9876.909183162974
        },
        {
          "acoustic_entropy": 6.454196453094482,
          "acoustic_entropy_side": 6.454196453094482,
          "hz": 10813.587699516042
        },
        {
          "acoustic_entropy": 6.454196453094482,
          "acoustic_entropy_side": 6.454196453094482,
          "hz": 11833.21735289826
        },
        {
          "acoustic_entropy": 6.454196453094482,
          "acoustic_entropy_side": 6.454196453094482,
          "hz": 12943.144197493959
        },
        {
          "acoustic_entropy": 6.454196453094482,
          "acoustic_entropy_side": 6.454196453094482,
          "hz": 14151.364845322005
        },
        {
          "acoustic_entropy": 6.454196453094482,
          "acoustic_entropy_side": 6.454196453094482,
          "hz": 15466.58407886509
        },
        {
          "acoustic_entropy": 6.454196453094482,
          "acoustic_entropy_side": 6.454196453094482,
          "hz": 16898.27756580493
        },
        {
          "acoustic_entropy": 6.454196453094482,
          "acoustic_entropy_side": 6.454196453094482,
          "hz": 18456.760127700032
        },
        {
          "acoustic_entropy": 6.454196453094482,
          "acoustic_entropy_side": 6.454196453094482,
          "hz": 20153.260054456492
        },
        {
          "acoustic_entropy": 6.454196453094482,
          "acoustic_entropy_side": 6.454196453094482,
          "hz": 22000.00000000001
        }
      ],
      "diff_acoustic_entropy": 5.15980339050293,
      "sn": 6
    },
    {
      "acoustic_entropy": 10.628296852111816,
      "acoustic_entropy_mono": 10.09329605102539,
      "band_eliminated_acoustic_entropies": [
        {
          "acoustic_entropy": 10.623650550842285,
          "acoustic_entropy_side": 10.627469062805176,
          "hz": 129.47220167065723
        },
        {
          "acoustic_entropy": 10.482069969177246,
          "acoustic_entropy_side": 10.610661506652832,
          "hz": 202.92927478742237
        },
        {
          "acoustic_entropy": 10.657505989074707,
          "acoustic_entropy_side": 10.69434928894043,
          "hz": 282.89161906338205
        },
        {
          "acoustic_entropy": 11.007702827453613,
          "acoustic_entropy_side": 11.000428199768066,
          "hz": 369.9353335868758
        },
        {
          "acoustic_entropy": 10.558639526367188,
          "acoustic_entropy_side": 10.653182983398438,
          "hz": 464.6875360973435
        },
        {
          "acoustic_entropy": 11.012989044189453,
          "acoustic_entropy_side": 10.499398231506348,
          "hz": 567.8308811364784
        },
        {
          "acoustic_entropy": 9.873744010925293,
          "acoustic_entropy_side": 10.417781829833984,
          "hz": 680.1084783214808
        },
        {
          "acoustic_entropy": 9.919682502746582,
          "acoustic_entropy_side": 10.980049133300781,
          "hz": 802.3292461747484
        },
        {
          "acoustic_entropy": 10.063719749450684,
          "acoustic_entropy_side": 10.249675750732422,
          "hz": 935.3737400823702
        },
        {
          "acoustic_entropy": 10.209169387817383,
          "acoustic_entropy_side": 10.668603897094727,
          "hz": 1080.2004963696966
        },
        {
          "acoustic_entropy": 10.198837280273438,
          "acoustic_entropy_side": 10.407416343688965,
          "hz": 1237.8529382007157
        },
        {
          "acoustic_entropy": 9.902057647705078,
          "acoustic_entropy_side": 10.405487060546875,
          "hz": 1409.4668930556702
        },
        {
          "acoustic_entropy": 10.64816665649414,
          "acoustic_entropy_side": 10.54726791381836,
          "hz": 1596.2787759475705
        },
        {
          "acoustic_entropy": 10.240583419799805,
          "acoustic_entropy_side": 10.710320472717285,
          "hz": 1799.6344973346393
        },
        {
          "acoustic_entropy": 10.447041511535645,
          "acoustic_entropy_side": 10.57905101776123,
          "hz": 2020.9991599069049
        },
        {
          "acoustic_entropy": 10.113349914550781,
          "acoustic_entropy_side": 10.373602867126465,
          "hz": 2261.9676141086993
        },
        {
          "acoustic_entropy": 10.768838882446289,
          "acoustic_entropy_side": 10.832688331604004,
          "hz": 2524.2759484456974
        },
        {
          "acoustic_entropy": 10.671731948852539,
          "acoustic_entropy_side": 10.64992618560791,
          "hz": 2809.813997359896
        },
        {
          "acoustic_entropy": 10.337858200073242,
          "acoustic_entropy_side": 10.58609390258789,
          "hz": 3120.6389567871424
        },
        {
          "acoustic_entropy": 10.552694320678711,
          "acoustic_entropy_side": 10.609155654907227,
          "hz": 3458.990205492291
        },
        {
          "acoustic_entropy": 10.430516242980957,
          "acoustic_entropy_side": 10.633865356445312,
          "hz": 3827.305438964164
        },
        {
          "acoustic_entropy": 10.6696195602417,
          "acoustic_entropy_side": 10.64218521118164,
          "hz": 4228.238232109126
        },
        {
          "acoustic_entropy": 10.627635955810547,
          "acoustic_entropy_side": 10.636709213256836,
          "hz": 4664.6771572759235
        },
        {
          "acoustic_entropy": 10.635257720947266,
          "acoustic_entropy_side": 10.630678176879883,
          "hz": 5139.766595350093
        },
        {
          "acoustic_entropy": 10.629949569702148,
          "acoustic_entropy_side": 10.628536224365234,
          "hz": 5656.929389854203
        },
        {
          "acoustic_entropy": 10.6290922164917,
          "acoustic_entropy_side": 10.628382682800293,
          "hz": 6219.891507268283
        },
        {
          "acoustic_entropy": 10.62883186340332,
          "acoustic_entropy_side": 10.62836742401123,
          "hz": 6832.70888123896
        },
        {
          "acoustic_entropy": 10.629020690917969,
          "acoustic_entropy_side": 10.628357887268066,
          "hz": 7499.796634079867
        },
        {
          "acoustic_entropy": 10.628385543823242,
          "acoustic_entropy_side": 10.628311157226562,
          "hz": 8225.96088609342
        },
        {
          "acoustic_entropy": 10.628311157226562,
          "acoustic_entropy_side": 10.628297805786133,
          "hz": 9016.43338188839
        },
        {
          "acoustic_entropy": 10.628299713134766,
          "acoustic_entropy_side": 10.628297805786133,
          "hz": 9876.909183162974
        },
        {
          "acoustic_entropy": 10.628296852111816,
          "acoustic_entropy_side": 10.628296852111816,
          "hz": 10813.587699516042
        },
        {
          "acoustic_entropy": 10.628296852111816,
          "acoustic_entropy_side": 10.628296852111816,
          "hz": 11833.21735289826
        },
        {
          "acoustic_entropy": 10.628296852111816,
          "acoustic_entropy_side": 10.628296852111816,
          "hz": 12943.144197493959
        },
        {
          "acoustic_entropy": 10.628296852111816,
          "acoustic_entropy_side": 10.628296852111816,
          "hz": 14151.364845322005
        },
        {
          "acoustic_entropy": 10.628296852111816,
          "acoustic_entropy_side": 10.628296852111816,
          "hz": 15466.58407886509
        },
        {
          "acoustic_entropy": 10.628296852111816,
          "acoustic_entropy_side": 10.628296852111816,
          "hz": 16898.27756580493
        },
        {
          "acoustic_entropy": 10.628296852111816,
          "acoustic_entropy_side": 10.628296852111816,
          "hz": 18456.760127700032
        },
        {
          "acoustic_entropy": 10.628296852111816,
          "acoustic_entropy_side": 10.628296852111816,
          "hz": 20153.260054456492
        },
        {
          "acoustic_entropy": 10.628296852111816,
          "acoustic_entropy_side": 10.628296852111816,
          "hz": 22000.00000000001
        }
      ],
      "diff_acoustic_entropy": 9.149219512939453,
      "sn": 12
    },
    {
      "acoustic_entropy": 17.899038314819336,
      "acoustic_entropy_mono": 15.414932250976562,
      "band_eliminated_acoustic_entropies": [
        {
          "acoustic_entropy": 18.012319564819336,
          "acoustic_entropy_side": 17.95267677307129,
          "hz": 129.47220167065723
        },
        {
          "acoustic_entropy": 17.889673233032227,
          "acoustic_entropy_side": 17.802837371826172,
          "hz": 202.92927478742237
        },
        {
          "acoustic_entropy": 17.79960823059082,
          "acoustic_entropy_side": 17.258888244628906,
          "hz": 282.89161906338205
        },
        {
          "acoustic_entropy": 17.760358810424805,
          "acoustic_entropy_side": 17.95107078552246,
          "hz": 369.9353335868758
        },
        {
          "acoustic_entropy": 16.859233856201172,
          "acoustic_entropy_side": 17.773061752319336,
          "hz": 464.6875360973435
        },
        {
          "acoustic_entropy": 18.04938507080078,
          "acoustic_entropy_side": 18.19120979309082,
          "hz": 567.8308811364784
        },
        {
          "acoustic_entropy": 16.898693084716797,
          "acoustic_entropy_side": 17.788175582885742,
          "hz": 680.1084783214808
        },
        {
          "acoustic_entropy": 17.491607666015625,
          "acoustic_entropy_side": 18.332733154296875,
          "hz": 802.3292461747484
        },
        {
          "acoustic_entropy": 16.951040267944336,
          "acoustic_entropy_side": 17.08867073059082,
          "hz": 935.3737400823702
        },
        {
          "acoustic_entropy": 17.01544189453125,
          "acoustic_entropy_side": 17.339872360229492,
          "hz": 1080.2004963696966
        },
        {
          "acoustic_entropy": 16.734394073486328,
          "acoustic_entropy_side": 16.73872184753418,
          "hz": 1237.8529382007157
        },
        {
          "acoustic_entropy": 17.497156143188477,
          "acoustic_entropy_side": 18.14813804626465,
          "hz": 1409.4668930556702
        },
        {
          "acoustic_entropy": 17.284305572509766,
          "acoustic_entropy_side": 18.53130340576172,
          "hz": 1596.2787759475705
        },
        {
          "acoustic_entropy": 17.819345474243164,
          "acoustic_entropy_side": 17.87779998779297,
          "hz": 1799.6344973346393
        },
        {
          "acoustic_entropy": 17.753225326538086,
          "acoustic_entropy_side": 18.04088020324707,
          "hz": 2020.9991599069049
        },
        {
          "acoustic_entropy": 17.654542922973633,
          "acoustic_entropy_side": 18.236248016357422,
          "hz": 2261.9676141086993
        },
        {
          "acoustic_entropy": 17.144472122192383,
          "acoustic_entropy_side": 17.303701400756836,
          "hz": 2524.2759484456974
        },
        {
          "acoustic_entropy": 17.374698638916016,
          "acoustic_entropy_side": 18.077869415283203,
          "hz": 2809.813997359896
        },
        {
          "acoustic_entropy": 17.128639221191406,
