{
  "acoustic_entropy": 229.7872772216797,
  "bands": [
    {
      "high_freq": 148.1999969482422,
      "loudness": -24.607288360595703,
      "loudness_range": 8.859092712402344,
      "mid_mean": -23.246379852294922,
      "mid_to_side_loudness": -1.7999268770217896,
      "mid_to_side_loudness_range": 6.461395740509033,
      "side_mean": -25.090024948120117
    },
    {
      "high_freq": 392.3793640136719,
      "loudness": -28.988388061523438,
      "loudness_range": 12.373077392578125,
      "low_freq": 148.1999969482422,
      "mid_mean": -28.342571258544922,
      "mid_to_side_loudness": -0.12245073169469833,
      "mid_to_side_loudness_range": 4.559283256530762,
      "side_mean": -28.479080200195312
    },
    {
      "high_freq": 794.6976318359375,
      "loudness": -29.630615234375,
      "loudness_range": 19.9749698638916,
      "low_freq": 392.3793640136719,
      "mid_mean": -28.01585578918457,
      "mid_to_side_loudness": -2.845052719116211,
      "mid_to_side_loudness_range": 9.24302864074707,
      "side_mean": -31.16744613647461
    },
    {
      "high_freq": 1457.5709228515625,
      "loudness": -30.539230346679688,
      "loudness_range": 24.620241165161133,
      "low_freq": 794.6976318359375,
      "mid_mean": -28.728960037231445,
      "mid_to_side_loudness": -3.103180170059204,
      "mid_to_side_loudness_range": 9.968436241149902,
      "side_mean": -32.88260269165039
    },
    {
      "high_freq": 2549.74365234375,
      "loudness": -29.64181137084961,
      "loudness_range": 25.544296264648438,
      "low_freq": 1457.5709228515625,
      "mid_mean": -28.58853530883789,
      "mid_to_side_loudness": -1.546574592590332,
      "mid_to_side_loudness_range": 9.248457908630371,
      "side_mean": -31.06624984741211
    },
    {
      "high_freq": 4349.24462890625,
      "loudness": -30.90764808654785,
      "loudness_range": 23.836524963378906,
      "low_freq": 2549.74365234375,
      "mid_mean": -30.611051559448242,
      "mid_to_side_loudness": 0.2816150486469269,
      "mid_to_side_loudness_range": 7.860738754272461,
      "side_mean": -30.24249267578125
    },
    {
      "high_freq": 7314.1640625,
      "loudness": -28.59980010986328,
      "loudness_range": 14.383962631225586,
      "low_freq": 4349.24462890625,
      "mid_mean": -28.323627471923828,
      "mid_to_side_loudness": 0.6531226634979248,
      "mid_to_side_loudness_range": 3.442371129989624,
      "side_mean": -27.641633987426758
    },
    {
      "high_freq": 12199.2666015625,
      "loudness": -31.02700424194336,
      "loudness_range": 13.149150848388672,
      "low_freq": 7314.1640625,
      "mid_mean": -30.545612335205078,
      "mid_to_side_loudness": 0.3534485995769501,
      "mid_to_side_loudness_range": 0.5296688079833984,
      "side_mean": -30.16823959350586
    },
    {
      "loudness": -46.34261703491211,
      "loudness_range": 12.151653289794922,
      "low_freq": 12199.2666015625,
      "mid_mean": -45.72760009765625,
      "mid_to_side_loudness": 0.1760200709104538,
      "mid_to_side_loudness_range": 0.4681849181652069,
      "side_mean": -45.54850387573242
    }
  ],
  "bands_short": [
    {
      "high_freq": 148.1999969482422,
      "loudness": -27.728267669677734,
      "loudness_range": 17.6265869140625,
      "mid_mean": -26.636478424072266,
      "mid_to_side_loudness": -1.8483893871307373,
      "mid_to_side_loudness_range": 12.499971389770508,
      "side_mean": -28.536109924316406
    },
    {
      "high_freq": 392.3793640136719,
      "loudness": -28.18097496032715,
      "loudness_range": 14.589366912841797,
      "low_freq": 148.1999969482422,
      "mid_mean": -27.78523826599121,
      "mid_to_side_loudness": -0.036994997411966324,
      "mid_to_side_loudness_range": 9.526899337768555,
      "side_mean": -27.840595245361328
    },
    {
      "high_freq": 794.6976318359375,
      "loudness": -30.218259811401367,
      "loudness_range": 21.9841365814209,
      "low_freq": 392.3793640136719,
      "mid_mean": -28.845741271972656,
      "mid_to_side_loudness": -2.3390674591064453,
      "mid_to_side_loudness_range": 11.3349609375,
      "side_mean": -31.59808349609375
    },
    {
      "high_freq": 1457.5709228515625,
      "loudness": -32.1135139465332,
      "loudness_range": 27.7991943359375,
      "low_freq": 794.6976318359375,
      "mid_mean": -30.536752700805664,
      "mid_to_side_loudness": -2.879911184310913,
      "mid_to_side_loudness_range": 11.645014762878418,
      "side_mean": -34.32822036743164
    },
    {
      "high_freq": 2549.74365234375,
      "loudness": -31.646692276000977,
      "loudness_range": 30.387208938598633,
      "low_freq": 1457.5709228515625,
      "mid_mean": -30.782154083251953,
      "mid_to_side_loudness": -1.3248556852340698,
      "mid_to_side_loudness_range": 9.697531700134277,
      "side_mean": -32.69440841674805
    },
    {
      "high_freq": 4349.24462890625,
      "loudness": -31.310544967651367,
      "loudness_range": 23.246625900268555,
      "low_freq": 2549.74365234375,
      "mid_mean": -31.023513793945312,
      "mid_to_side_loudness": 0.2713129222393036,
      "mid_to_side_loudness_range": 7.905389308929443,
      "side_mean": -30.70553970336914
    },
    {
      "high_freq": 7314.1640625,
      "loudness": -30.149770736694336,
      "loudness_range": 19.6652889251709,
      "low_freq": 4349.24462890625,
      "mid_mean": -29.939626693725586,
      "mid_to_side_loudness": 0.6518087387084961,
      "mid_to_side_loudness_range": 4.7559404373168945,
      "side_mean": -29.25145149230957
    },
    {
      "high_freq": 12199.2666015625,
      "loudness": -34.474334716796875,
      "loudness_range": 22.02974510192871,
      "low_freq": 7314.1640625,
      "mid_mean": -34.08137893676758,
      "mid_to_side_loudness": 0.33362823724746704,
      "mid_to_side_loudness_range": 1.6605761051177979,
      "side_mean": -33.73823165893555
    },
    {
      "loudness": -48.60340881347656,
      "loudness_range": 17.32303237915039,
      "low_freq": 12199.2666015625,
      "mid_mean": -47.97495651245117,
      "mid_to_side_loudness": 0.18783199787139893,
      "mid_to_side_loudness_range": 1.3024786710739136,
      "side_mean": -47.78716278076172
    }
  ],
  "bandwidth": 819.9869995117188,
  "channels": 2,
  "covariance": [
    [
      17.2468204498291,
      13.892281532287598,
      4.475698471069336,
      4.566568851470947,
      2.0029172897338867,
      3.6776864528656006,
      1.4541937112808228,
      2.2877283096313477,
      1.1401479244232178,
      1.4875543117523193,
      3.3487935066223145,
      3.0356757640838623,
      2.869544744491577,
      2.7335054874420166,
      2.770888090133667,
      2.577296018600464,
      3.129055976867676,
      3.1945388317108154
    ],
    [
      13.892281532287598,
      15.759123802185059,
      3.704293727874756,
      4.318452835083008,
      0.9205180406570435,
      2.964691162109375,
      0.7567250728607178,
      1.1663179397583008,
      1.0670228004455566,
      0.18663734197616577,
      2.8405215740203857,
      2.115682601928711,
      2.5659422874450684,
      2.5114927291870117,
      2.4073798656463623,
      2.2388010025024414,
      3.2115590572357178,
      3.2719473838806152
    ],
    [
      4.475698471069336,
      3.704293727874756,
      23.45041847229004,
      21.584890365600586,
      20.258174896240234,
      19.211986541748047,
      17.88622283935547,
      18.7804012298584,
      18.83962059020996,
      20.467111587524414,
      24.74160385131836,
      23.22826385498047,
      14.592548370361328,
      14.386137008666992,
      13.775933265686035,
      13.7902250289917,
      12.224122047424316,
      12.407185554504395
    ],
    [
      4.566568851470947,
      4.318452835083008,
      21.584890365600586,
      23.575056076049805,
      19.616065979003906,
      19.6237850189209,
      16.724361419677734,
      18.58442497253418,
      18.35209846496582,
      20.447158813476562,
      23.35211944580078,
      22.123037338256836,
      13.593612670898438,
      13.519843101501465,
      12.721816062927246,
      12.695597648620605,
      11.450346946716309,
      11.620870590209961
    ],
    [
      2.0029172897338867,
      0.9205180406570435,
      20.258174896240234,
      19.616065979003906,
      58.929283142089844,
      41.66804504394531,
      42.791847229003906,
      44.02986145019531,
      44.0187873840332,
      48.162532806396484,
      44.84976577758789,
      42.427398681640625,
      24.334199905395508,
      24.398101806640625,
      21.62898826599121,
      21.722700119018555,
      19.339069366455078,
      19.51139259338379
    ],
    [
      3.6776864528656006,
      2.964691162109375,
      19.211986541748047,
      19.6237850189209,
      41.66804504394531,
      42.558128356933594,
      30.034217834472656,
      37.04637145996094,
      29.048213958740234,
      37.432037353515625,
      35.15751266479492,
      33.09859085083008,
      19.162187576293945,
      18.872039794921875,
      18.903989791870117,
      18.747373580932617,
      16.034576416015625,
      16.196664810180664
    ],
    [
      1.4541937112808228,
      0.7567250728607178,
      17.88622283935547,
      16.724361419677734,
      42.791847229003906,
      30.034217834472656,
      81.57637786865234,
      55.70115280151367,
      72.66152954101562,
      66.540771484375,
      55.56988525390625,
      51.871944427490234,
      28.541400909423828,
      28.87865447998047,
      21.42413330078125,
      21.25044822692871,
      21.337154388427734,
      21.38640022277832
    ],
    [
      2.2877283096313477,
      1.1663179397583008,
      18.7804012298584,
      18.58442497253418,
      44.02986145019531,
      37.04637145996094,
      55.70115280151367,
      59.92942428588867,
      51.100154876708984,
      56.337162017822266,
      45.11747360229492,
      44.78553771972656,
      23.572141647338867,
      24.138347625732422,
      20.724279403686523,
      20.485950469970703,
      18.457489013671875,
      18.561012268066406
    ],
    [
      1.1401479244232178,
      1.0670228004455566,
      18.83962059020996,
      18.35209846496582,
      44.0187873840332,
      29.048213958740234,
      72.66152954101562,
      51.100154876708984,
      94.65379333496094,
      77.36250305175781,
      62.92244338989258,
      57.6182746887207,
      32.052528381347656,
      32.40016555786133,
      22.899621963500977,
      22.58707618713379,
      23.617311477661133,
      23.81836700439453
    ],
    [
      1.4875543117523193,
      0.18663734197616577,
      20.467111587524414,
      20.447158813476562,
      48.162532806396484,
      37.432037353515625,
      66.540771484375,
      56.337162017822266,
      77.36250305175781,
      88.58946990966797,
      60.14973831176758,
      62.3145637512207,
      32.353092193603516,
      34.319393157958984,
      25.688072204589844,
      25.348262786865234,
      24.228042602539062,
      24.46527099609375
    ],
    [
      3.3487935066223145,
      2.8405215740203857,
      24.74160385131836,
      23.35211944580078,
      44.84976577758789,
      35.15751266479492,
      55.56988525390625,
      45.11747360229492,
      62.92244338989258,
      60.14973831176758,
      71.4913330078125,
      65.21724700927734,
      40.17843246459961,
      39.8688850402832,
      33.376556396484375,
      33.149261474609375,
      29.51987648010254,
      29.740718841552734
    ],
    [
      3.0356757640838623,
      2.115682601928711,
      23.22826385498047,
      22.123037338256836,
      42.427398681640625,
      33.09859085083008,
      51.871944427490234,
      44.78553771972656,
      57.6182746887207,
      62.3145637512207,
      65.21724700927734,
      66.59317779541016,
      37.90977096557617,
      39.72176742553711,
      31.971446990966797,
      31.871889114379883,
      27.932207107543945,
      28.141277313232422
    ],
    [
      2.869544744491577,
      2.5659422874450684,
      14.592548370361328,
      13.593612670898438,
      24.334199905395508,
      19.162187576293945,
      28.541400909423828,
      23.572141647338867,
      32.052528381347656,
      32.353092193603516,
      40.17843246459961,
      37.90977096557617,
      28.61648941040039,
      27.60261344909668,
      23.187952041625977,
      22.90044403076172,
      20.70566177368164,
      20.86842155456543
    ],
    [
      2.7335054874420166,
      2.5114927291870117,
      14.386137008666992,
      13.519843101501465,
      24.398101806640625,
      18.872039794921875,
      28.87865447998047,
      24.138347625732422,
      32.40016555786133,
      34.319393157958984,
      39.8688850402832,
      39.72176742553711,
      27.60261344909668,
      28.593421936035156,
      22.7946834564209,
      22.61997413635254,
      20.390987396240234,
      20.58039093017578
    ],
    [
      2.770888090133667,
      2.4073798656463623,
      13.775933265686035,
      12.721816062927246,
      21.62898826599121,
      18.903989791870117,
      21.42413330078125,
      20.724279403686523,
      22.899621963500977,
      25.688072204589844,
      33.376556396484375,
      31.971446990966797,
      23.187952041625977,
      22.7946834564209,
      23.032470703125,
      22.453458786010742,
      18.876264572143555,
      19.058780670166016
    ],
    [
      2.577296018600464,
      2.2388010025024414,
      13.7902250289917,
      12.695597648620605,
      21.722700119018555,
      18.747373580932617,
      21.25044822692871,
      20.485950469970703,
      22.58707618713379,
      25.348262786865234,
      33.149261474609375,
      31.871889114379883,
      22.90044403076172,
      22.61997413635254,
      22.453458786010742,
      22.769603729248047,
      18.729942321777344,
      18.922523498535156
    ],
    [
      3.129055976867676,
      3.2115590572357178,
      12.224122047424316,
      11.450346946716309,
      19.339069366455078,
      16.034576416015625,
      21.337154388427734,
      18.457489013671875,
      23.617311477661133,
      24.228042602539062,
      29.51987648010254,
      27.932207107543945,
      20.70566177368164,
      20.390987396240234,
      18.876264572143555,
      18.729942321777344,
      18.686161041259766,
      18.796207427978516
    ],
    [
      3.1945388317108154,
      3.2719473838806152,
      12.407185554504395,
      11.620870590209961,
      19.51139259338379,
      16.196664810180664,
      21.38640022277832,
      18.561012268066406,
      23.81836700439453,
      24.46527099609375,
      29.740718841552734,
      28.141277313232422,
      20.86842155456543,
      20.58039093017578,
      19.058780670166016,
      18.922523498535156,
      18.796207427978516,
      19.000226974487305
    ]
  ],
  "covariance_short": [
    [
      48.844112396240234,
      34.458885192871094,
      11.015372276306152,
      8.665164947509766,
      2.6253252029418945,
      4.293137550354004,
      2.039135694503784,
      2.990118980407715,
      2.261443614959717,
      3.447889566421509,
      2.6370649337768555,
      2.5470621585845947,
      1.0557811260223389,
      1.075640320777893,
      1.2375051975250244,
      1.1751457452774048,
      2.2848966121673584,
      2.447070598602295
    ],
    [
      34.458885192871094,
      39.60979461669922,
      9.924866676330566,
      12.025422096252441,
      2.290337562561035,
      4.378856182098389,
      1.4411814212799072,
      2.2710752487182617,
      2.069246530532837,
      2.9350743293762207,
      2.8799350261688232,
      2.500127077102661,
      2.2737762928009033,
      2.4080810546875,
      3.313770294189453,
      3.310293197631836,
      4.103194713592529,
      4.244890213012695
    ],
    [
      11.015372276306152,
      9.924866676330566,
      31.967823028564453,
      25.792984008789062,
      18.371530532836914,
      18.554834365844727,
      16.922048568725586,
      17.091148376464844,
      19.725643157958984,
      18.607269287109375,
      17.641115188598633,
      16.374237060546875,
      13.44269847869873,
      13.129709243774414,
      13.844663619995117,
      13.82717514038086,
      10.771784782409668,
      10.960365295410156
    ],
    [
      8.665164947509766,
      12.025422096252441,
      25.792984008789062,
      32.7486686706543,
      17.52064323425293,
      18.813737869262695,
      15.373273849487305,
      16.352508544921875,
      18.506568908691406,
      17.853349685668945,
      15.96550178527832,
      14.927410125732422,
      12.183958053588867,
      12.262365341186523,
      12.784090042114258,
      12.807260513305664,
      10.469786643981934,
      10.670708656311035
    ],
    [
      2.6253252029418945,
      2.290337562561035,
      18.371530532836914,
      17.52064323425293,
      67.8849105834961,
      47.584102630615234,
      56.23122787475586,
      51.417762756347656,
      61.95414352416992,
      58.386051177978516,
      44.27165985107422,
      41.83324432373047,
      25.91105842590332,
      26.023448944091797,
      21.673540115356445,
      21.426410675048828,
      16.688152313232422,
      16.839120864868164
    ],
    [
      4.293137550354004,
      4.378856182098389,
      18.554834365844727,
      18.813737869262695,
      47.584102630615234,
      51.848426818847656,
      39.508853912353516,
      44.07609939575195,
      45.53470993041992,
      47.479496002197266,
      35.484825134277344,
      33.53770065307617,
      19.782669067382812,
      19.503469467163086,
      18.46769142150879,
      18.324270248413086,
      14.10417366027832,
      14.307836532592773
    ],
    [
      2.039135694503784,
      1.4411814212799072,
      16.922048568725586,
      15.373273849487305,
      56.23122787475586,
      39.508853912353516,
      103.0080337524414,
      71.80635070800781,
      95.3982162475586,
      83.89474487304688,
      62.827980041503906,
      59.4569206237793,
      36.37986755371094,
      36.849525451660156,
      27.161428451538086,
      26.75149917602539,
      20.981727600097656,
      20.94437026977539
    ],
    [
      2.990118980407715,
      2.2710752487182617,
      17.091148376464844,
      16.352508544921875,
      51.417762756347656,
      44.07609939575195,
      71.80635070800781,
      73.18592834472656,
      69.2375259399414,
      68.13709259033203,
      47.54826736450195,
      47.367515563964844,
      27.010881423950195,
      27.533830642700195,
      22.527971267700195,
      22.221771240234375,
      17.100412368774414,
      17.1403751373291
    ],
    [
      2.261443614959717,
      2.069246530532837,
      19.725643157958984,
      18.506568908691406,
      61.95414352416992,
      45.53470993041992,
      95.3982162475586,
      69.2375259399414,
      125.37574768066406,
      104.84814453125,
      79.9937515258789,
      74.34646606445312,
      46.064247131347656,
      46.606719970703125,
      33.43470764160156,
      32.90789794921875,
      26.0268497467041,
      26.188913345336914
    ],
    [
      3.447889566421509,
      2.9350743293762207,
      18.607269287109375,
      17.853349685668945,
      58.386051177978516,
      47.479496002197266,
      83.89474487304688,
      68.13709259033203,
      104.84814453125,
      107.6988754272461,
      71.82611083984375,
      73.31365966796875,
      42.05624008178711,
      44.61930847167969,
      32.10553741455078,
      31.518253326416016,
      24.85736656188965,
      25.001218795776367
    ],
    [
      2.6370649337768555,
      2.8799350261688232,
      17.641115188598633,
      15.96550178527832,
      44.27165985107422,
      35.484825134277344,
      62.827980041503906,
      47.54826736450195,
      79.9937515258789,
      71.82611083984375,
      73.97689056396484,
      67.00823974609375,
      46.12266540527344,
      45.77911376953125,
      37.74692153930664,
      37.485355377197266,
      27.41607666015625,
      27.549562454223633
    ],
    [
      2.5470621585845947,
      2.500127077102661,
      16.374237060546875,
      14.927410125732422,
      41.83324432373047,
      33.53770065307617,
      59.4569206237793,
      47.367515563964844,
      74.34646606445312,
      73.31365966796875,
      67.00823974609375,
      69.31737518310547,
      44.02170944213867,
      46.405147552490234,
      37.101417541503906,
      36.67879867553711,
      26.696102142333984,
      26.777545928955078
    ],
    [
      1.0557811260223389,
      2.2737762928009033,
      13.44269847869873,
      12.183958053588867,
      25.91105842590332,
      19.782669067382812,
      36.37986755371094,
      27.010881423950195,
      46.064247131347656,
      42.05624008178711,
      46.12266540527344,
      44.02170944213867,
      47.84214782714844,
      46.17770767211914,
      45.847129821777344,
      45.69036865234375,
      32.389122009277344,
      32.48670959472656
    ],
    [
      1.075640320777893,
      2.4080810546875,
      13.129709243774414,
      12.262365341186523,
      26.023448944091797,
      19.503469467163086,
      36.849525451660156,
      27.533830642700195,
      46.606719970703125,
      44.61930847167969,
      45.77911376953125,
      46.405147552490234,
      46.17770767211914,
      48.341007232666016,
      45.55294418334961,
      45.450462341308594,
      32.21588134765625,
      32.34934616088867
    ],
    [
      1.2375051975250244,
      3.313770294189453,
      13.844663619995117,
      12.784090042114258,
      21.673540115356445,
      18.46769142150879,
      27.161428451538086,
      22.527971267700195,
      33.43470764160156,
      32.10553741455078,
      37.74692153930664,
      37.101417541503906,
      45.847129821777344,
      45.55294418334961,
      56.67343521118164,
      55.76008224487305,
      39.35893630981445,
      39.45779800415039
    ],
    [
      1.1751457452774048,
      3.310293197631836,
      13.82717514038086,
      12.807260513305664,
      21.426410675048828,
      18.324270248413086,
      26.75149917602539,
      22.221771240234375,
      32.90789794921875,
      31.518253326416016,
      37.485355377197266,
      36.67879867553711,
      45.69036865234375,
      45.450462341308594,
      55.76008224487305,
      56.83548355102539,
      39.357765197753906,
      39.446102142333984
    ],
    [
      2.2848966121673584,
      4.103194713592529,
      10.771784782409668,
      10.469786643981934,
      16.688152313232422,
      14.10417366027832,
      20.981727600097656,
      17.100412368774414,
      26.0268497467041,
      24.85736656188965,
      27.41607666015625,
      26.696102142333984,
      32.389122009277344,
      32.21588134765625,
      39.35893630981445,
      39.357765197753906,
      32.15957260131836,
      32.053340911865234
    ],
    [
      2.447070598602295,
      4.244890213012695,
      10.960365295410156,
      10.670708656311035,
      16.839120864868164,
      14.307836532592773,
      20.94437026977539,
      17.1403751373291,
      26.188913345336914,
      25.001218795776367,
      27.549562454223633,
      26.777545928955078,
      32.48670959472656,
      32.34934616088867,
      39.45779800415039,
      39.446102142333984,
      32.053340911865234,
      32.337188720703125
    ]
  ],
  "damage": -9.541266441345215,
  "diff_bandwidth": 830.6187133789062,
  "dissonance": 9.5153388623565,
  "drr": 4.111401081085205,
  "dynamics": 3.589616060256958,
  "format": 1245190,
  "frames": 15446016,
  "loudness": -14.730890274047852,
  "loudness_range": 9.778549194335938,
  "loudness_range_short": 12.687973976135254,
  "lowpass_true_peak_15khz": 2.0073862075805664,
  "mastering3_acoustic_entropies": [
    {
      "acoustic_entropy": 8.961371421813965,
      "acoustic_entropy_mono": 8.007126808166504,
      "band_eliminated_acoustic_entropies": [
        {
          "acoustic_entropy": 9.067514419555664,
          "acoustic_entropy_side": 8.995712280273438,
          "hz": 129.47220167065723
        },
        {
          "acoustic_entropy": 8.807254791259766,
          "acoustic_entropy_side": 9.630637168884277,
          "hz": 202.92927478742237
        },
        {
          "acoustic_entropy": 8.963159561157227,
          "acoustic_entropy_side": 8.837759971618652,
          "hz": 282.89161906338205
        },
        {
          "acoustic_entropy": 8.683544158935547,
          "acoustic_entropy_side": 8.69956111907959,
          "hz": 369.9353335868758
        },
        {
          "acoustic_entropy": 8.548908233642578,
          "acoustic_entropy_side": 8.835725784301758,
          "hz": 464.6875360973435
        },
        {
          "acoustic_entropy": 8.598211288452148,
          "acoustic_entropy_side": 8.891217231750488,
          "hz": 567.8308811364784
        },
        {
          "acoustic_entropy": 8.114204406738281,
          "acoustic_entropy_side": 8.915849685668945,
          "hz": 680.1084783214808
        },
        {
          "acoustic_entropy": 8.418981552124023,
          "acoustic_entropy_side": 8.907957077026367,
          "hz": 802.3292461747484
        },
        {
          "acoustic_entropy": 7.9958367347717285,
          "acoustic_entropy_side": 8.919145584106445,
          "hz": 935.3737400823702
        },
        {
          "acoustic_entropy": 7.917349338531494,
          "acoustic_entropy_side": 8.738934516906738,
          "hz": 1080.2004963696966
        },
        {
          "acoustic_entropy": 9.066288948059082,
          "acoustic_entropy_side": 8.968855857849121,
          "hz": 1237.8529382007157
        },
        {
          "acoustic_entropy": 9.060606002807617,
          "acoustic_entropy_side": 9.268390655517578,
          "hz": 1409.4668930556702
        },
        {
          "acoustic_entropy": 8.792518615722656,
          "acoustic_entropy_side": 8.932706832885742,
          "hz": 1596.2787759475705
        },
        {
          "acoustic_entropy": 8.713393211364746,
          "acoustic_entropy_side": 9.233257293701172,
          "hz": 1799.6344973346393
        },
        {
          "acoustic_entropy": 8.838172912597656,
          "acoustic_entropy_side": 8.750486373901367,
          "hz": 2020.9991599069049
        },
        {
          "acoustic_entropy": 8.845367431640625,
          "acoustic_entropy_side": 9.004600524902344,
          "hz": 2261.9676141086993
        },
        {
          "acoustic_entropy": 8.757967948913574,
          "acoustic_entropy_side": 8.842367172241211,
          "hz": 2524.2759484456974
        },
        {
          "acoustic_entropy": 8.280769348144531,
          "acoustic_entropy_side": 8.942179679870605,
          "hz": 2809.813997359896
        },
        {
          "acoustic_entropy": 8.31839656829834,
          "acoustic_entropy_side": 8.818750381469727,
          "hz": 3120.6389567871424
        },
        {
          "acoustic_entropy": 8.855264663696289,
          "acoustic_entropy_side": 9.048785209655762,
          "hz": 3458.990205492291
        },
        {
          "acoustic_entropy": 8.950850486755371,
          "acoustic_entropy_side": 8.99778938293457,
          "hz": 3827.305438964164
        },
        {
          "acoustic_entropy": 8.961677551269531,
          "acoustic_entropy_side": 8.991628646850586,
          "hz": 4228.238232109126
        },
        {
          "acoustic_entropy": 9.033611297607422,
          "acoustic_entropy_side": 9.075271606445312,
          "hz": 4664.6771572759235
        },
        {
          "acoustic_entropy": 8.899942398071289,
          "acoustic_entropy_side": 8.996698379516602,
          "hz": 5139.766595350093
        },
        {
          "acoustic_entropy": 8.862324714660645,
          "acoustic_entropy_side": 8.905560493469238,
          "hz": 5656.929389854203
        },
        {
          "acoustic_entropy": 8.970559120178223,
          "acoustic_entropy_side": 8.972784042358398,
          "hz": 6219.891507268283
        },
        {
          "acoustic_entropy": 8.889494895935059,
          "acoustic_entropy_side": 8.935402870178223,
          "hz": 6832.70888123896
        },
        {
          "acoustic_entropy": 8.97983169555664,
          "acoustic_entropy_side": 8.965372085571289,
          "hz": 7499.796634079867
        },
        {
          "acoustic_entropy": 8.97950553894043,
          "acoustic_entropy_side": 8.972188949584961,
          "hz": 8225.96088609342
        },
        {
          "acoustic_entropy": 8.915822982788086,
          "acoustic_entropy_side": 8.93669605255127,
          "hz": 9016.43338188839
        },
        {
          "acoustic_entropy": 8.865707397460938,
          "acoustic_entropy_side": 8.897717475891113,
          "hz": 9876.909183162974
        },
        {
          "acoustic_entropy": 8.703977584838867,
          "acoustic_entropy_side": 8.81174373626709,
          "hz": 10813.587699516042
        },
        {
          "acoustic_entropy": 8.773065567016602,
          "acoustic_entropy_side": 8.832073211669922,
          "hz": 11833.21735289826
        },
        {
          "acoustic_entropy": 8.89584732055664,
          "acoustic_entropy_side": 8.925352096557617,
          "hz": 12943.144197493959
        },
        {
          "acoustic_entropy": 8.956918716430664,
          "acoustic_entropy_side": 8.959734916687012,
          "hz": 14151.364845322005
        },
        {
          "acoustic_entropy": 8.961325645446777,
          "acoustic_entropy_side": 8.961414337158203,
          "hz": 15466.58407886509
        },
        {
          "acoustic_entropy": 8.96142292022705,
          "acoustic_entropy_side": 8.961402893066406,
          "hz": 16898.27756580493
        },
        {
          "acoustic_entropy": 8.961448669433594,
          "acoustic_entropy_side": 8.961420059204102,
          "hz": 18456.760127700032
        },
        {
          "acoustic_entropy": 8.961419105529785,
          "acoustic_entropy_side": 8.961400985717773,
          "hz": 20153.260054456492
        },
        {
          "acoustic_entropy": 8.961374282836914,
          "acoustic_entropy_side": 8.961372375488281,
          "hz": 22000.00000000001
        }
      ],
      "diff_acoustic_entropy": 8.247637748718262,
      "sn": 6
    },
    {
      "acoustic_entropy": 13.854515075683594,
      "acoustic_entropy_mono": 12.913753509521484,
      "band_eliminated_acoustic_entropies": [
        {
          "acoustic_entropy": 14.36819839477539,
          "acoustic_entropy_side": 14.117769241333008,
          "hz": 129.47220167065723
        },
        {
          "acoustic_entropy": 13.772208213806152,
          "acoustic_entropy_side": 14.227258682250977,
          "hz": 202.92927478742237
        },
        {
          "acoustic_entropy": 14.134299278259277,
          "acoustic_entropy_side": 14.373451232910156,
          "hz": 282.89161906338205
        },
        {
          "acoustic_entropy": 14.227456092834473,
          "acoustic_entropy_side": 13.890186309814453,
          "hz": 369.9353335868758
        },
        {
          "acoustic_entropy": 13.891240119934082,
          "acoustic_entropy_side": 13.430495262145996,
          "hz": 464.6875360973435
        },
        {
          "acoustic_entropy": 13.925740242004395,
          "acoustic_entropy_side": 13.506372451782227,
          "hz": 567.8308811364784
        },
        {
          "acoustic_entropy": 13.525993347167969,
          "acoustic_entropy_side": 14.621271133422852,
          "hz": 680.1084783214808
        },
        {
          "acoustic_entropy": 13.682207107543945,
          "acoustic_entropy_side": 13.828115463256836,
          "hz": 802.3292461747484
        },
        {
          "acoustic_entropy": 12.89633846282959,
          "acoustic_entropy_side": 13.735450744628906,
          "hz": 935.3737400823702
        },
        {
          "acoustic_entropy": 12.903970718383789,
          "acoustic_entropy_side": 13.817737579345703,
          "hz": 1080.2004963696966
        },
        {
          "acoustic_entropy": 13.699405670166016,
          "acoustic_entropy_side": 13.597029685974121,
          "hz": 1237.8529382007157
        },
        {
          "acoustic_entropy": 14.318214416503906,
          "acoustic_entropy_side": 14.019902229309082,
          "hz": 1409.4668930556702
        },
        {
          "acoustic_entropy": 12.97149658203125,
          "acoustic_entropy_side": 13.135503768920898,
          "hz": 1596.2787759475705
        },
        {
          "acoustic_entropy": 14.403020858764648,
          "acoustic_entropy_side": 14.052069664001465,
          "hz": 1799.6344973346393
        },
        {
          "acoustic_entropy": 13.74655818939209,
          "acoustic_entropy_side": 14.209694862365723,
          "hz": 2020.9991599069049
        },
        {
          "acoustic_entropy": 13.123257637023926,
          "acoustic_entropy_side": 13.694293022155762,
          "hz": 2261.9676141086993
        },
        {
          "acoustic_entropy": 14.056572914123535,
          "acoustic_entropy_side": 14.338019371032715,
          "hz": 2524.2759484456974
        },
        {
          "acoustic_entropy": 13.327329635620117,
          "acoustic_entropy_side": 13.350717544555664,
          "hz": 2809.813997359896
        },
        {
          "acoustic_entropy": 14.111944198608398,
          "acoustic_entropy_side": 13.831509590148926,
          "hz": 3120.6389567871424
        },
        {
          "acoustic_entropy": 13.752487182617188,
          "acoustic_entropy_side": 13.60283088684082,
          "hz": 3458.990205492291
        },
        {
          "acoustic_entropy": 13.848018646240234,
          "acoustic_entropy_side": 13.771270751953125,
          "hz": 3827.305438964164
        },
        {
          "acoustic_entropy": 13.632922172546387,
          "acoustic_entropy_side": 13.732856750488281,
          "hz": 4228.238232109126
        },
        {
          "acoustic_entropy": 13.732033729553223,
          "acoustic_entropy_side": 13.635638236999512,
          "hz": 4664.6771572759235
        },
        {
          "acoustic_entropy": 13.998899459838867,
          "acoustic_entropy_side": 14.051856994628906,
          "hz": 5139.766595350093
        },
        {
          "acoustic_entropy": 14.114405632019043,
          "acoustic_entropy_side": 13.929298400878906,
          "hz": 5656.929389854203
        },
        {
          "acoustic_entropy": 13.987431526184082,
          "acoustic_entropy_side": 13.837248802185059,
          "hz": 6219.891507268283
        },
        {
          "acoustic_entropy": 13.993722915649414,
          "acoustic_entropy_side": 13.99939250946045,
          "hz": 6832.70888123896
        },
        {
          "acoustic_entropy": 13.725970268249512,
          "acoustic_entropy_side": 13.715958595275879,
          "hz": 7499.796634079867
        },
        {
          "acoustic_entropy": 13.884997367858887,
          "acoustic_entropy_side": 13.867313385009766,
          "hz": 8225.96088609342
        },
        {
          "acoustic_entropy": 13.945183753967285,
          "acoustic_entropy_side": 13.900919914245605,
          "hz": 9016.43338188839
        },
        {
          "acoustic_entropy": 13.899019241333008,
          "acoustic_entropy_side": 13.879298210144043,
          "hz": 9876.909183162974
        },
        {
          "acoustic_entropy": 13.79641056060791,
          "acoustic_entropy_side": 13.847453117370605,
          "hz": 10813.587699516042
        },
        {
          "acoustic_entropy": 13.955588340759277,
          "acoustic_entropy_side": 13.895838737487793,
          "hz": 11833.21735289826
        },
        {
          "acoustic_entropy": 13.937702178955078,
          "acoustic_entropy_side": 13.915005683898926,
          "hz": 12943.144197493959
        },
        {
          "acoustic_entropy": 13.866779327392578,
          "acoustic_entropy_side": 13.858510971069336,
          "hz": 14151.364845322005
        },
        {
          "acoustic_entropy": 13.846184730529785,
          "acoustic_entropy_side": 13.849722862243652,
          "hz": 15466.58407886509
        },
        {
          "acoustic_entropy": 13.849096298217773,
          "acoustic_entropy_side": 13.851611137390137,
          "hz": 16898.27756580493
        },
        {
          "acoustic_entropy": 13.846903800964355,
          "acoustic_entropy_side": 13.8504638671875,
          "hz": 18456.760127700032
        },
        {
          "acoustic_entropy": 13.846396446228027,
          "acoustic_entropy_side": 13.850259780883789,
          "hz": 20153.260054456492
        },
        {
          "acoustic_entropy": 13.85368824005127,
          "acoustic_entropy_side": 13.854100227355957,
          "hz": 22000.00000000001
        }
      ],
      "diff_acoustic_entropy": 13.193222045898438,
      "sn": 12
    },
    {
      "acoustic_entropy": 19.074329376220703,
      "acoustic_entropy_mono": 17.17934799194336,
      "band_eliminated_acoustic_entropies": [
        {
          "acoustic_entropy": 18.54467010498047,
          "acoustic_entropy_side": 19.1370906829834,
          "hz": 129.47220167065723
        },
        {
          "acoustic_entropy": 18.754032135009766,
          "acoustic_entropy_side": 19.811622619628906,
          "hz": 202.92927478742237
        },
        {
          "acoustic_entropy": 18.099252700805664,
          "acoustic_entropy_side": 18.52354621887207,
          "hz": 282.89161906338205
        },
        {
          "acoustic_entropy": 18.55512046813965,
          "acoustic_entropy_side": 18.846519470214844,
          "hz": 369.9353335868758
        },
        {
          "acoustic_entropy": 19.456430435180664,
          "acoustic_entropy_side": 19.631458282470703,
          "hz": 464.6875360973435
        },
        {
          "acoustic_entropy": 19.312484741210938,
          "acoustic_entropy_side": 19.24307632446289,
          "hz": 567.8308811364784
        },
        {
          "acoustic_entropy": 18.47213363647461,
          "acoustic_entropy_side": 19.362655639648438,
          "hz": 680.1084783214808
        },
        {
          "acoustic_entropy": 17.76403045654297,
          "acoustic_entropy_side": 18.540916442871094,
          "hz": 802.3292461747484
        },
        {
          "acoustic_entropy": 17.348264694213867,
          "acoustic_entropy_side": 19.544057846069336,
          "hz": 935.3737400823702
        },
        {
          "acoustic_entropy": 17.95583724975586,
          "acoustic_entropy_side": 18.406423568725586,
          "hz": 1080.2004963696966
        },
        {
          "acoustic_entropy": 19.1209716796875,
          "acoustic_entropy_side": 19.10316276550293,
          "hz": 1237.8529382007157
        },
        {
          "acoustic_entropy": 18.633094787597656,
          "acoustic_entropy_side": 19.639699935913086,
          "hz": 1409.4668930556702
        },
        {
          "acoustic_entropy": 18.4469051361084,
          "acoustic_entropy_side": 18.85826301574707,
          "hz": 1596.2787759475705
        },
        {
          "acoustic_entropy": 19.36872673034668,
          "acoustic_entropy_side": 18.79905891418457,
          "hz": 1799.6344973346393
        },
        {
          "acoustic_entropy": 18.5831356048584,
          "acoustic_entropy_side": 18.543920516967773,
          "hz": 2020.9991599069049
        },
        {
          "acoustic_entropy": 18.49698257446289,
          "acoustic_entropy_side": 18.80153465270996,
          "hz": 2261.9676141086993
        },
        {
          "acoustic_entropy": 19.22689437866211,
          "acoustic_entropy_side": 19.321739196777344,
          "hz": 2524.2759484456974
        },
        {
          "acoustic_entropy": 18.42612075805664,
          "acoustic_entropy_side": 18.76427459716797,
          "hz": 2809.813997359896
        },
        {
          "acoustic_entropy": 18.37138557434082,
