{
  "acoustic_entropy": 205.2823486328125,
  "bands": [
    {
      "high_freq": 148.1999969482422,
      "loudness": -20.89423370361328,
      "loudness_range": 13.608966827392578,
      "mid_mean": -17.383615493774414,
      "mid_to_side_loudness": -17.863323211669922,
      "mid_to_side_loudness_range": 24.131166458129883,
      "side_mean": -35.506839752197266
    },
    {
      "high_freq": 392.3793640136719,
      "loudness": -21.799726486206055,
      "loudness_range": 9.301359176635742,
      "low_freq": 148.1999969482422,
      "mid_mean": -19.12764549255371,
      "mid_to_side_loudness": -10.290436744689941,
      "mid_to_side_loudness_range": 24.47751808166504,
      "side_mean": -29.568899154663086
    },
    {
      "high_freq": 794.6976318359375,
      "loudness": -23.481494903564453,
      "loudness_range": 10.714096069335938,
      "low_freq": 392.3793640136719,
      "mid_mean": -21.21824836730957,
      "mid_to_side_loudness": -7.608394622802734,
      "mid_to_side_loudness_range": 22.80466079711914,
      "side_mean": -28.50005531311035
    },
    {
      "high_freq": 1457.5709228515625,
      "loudness": -27.15188980102539,
      "loudness_range": 17.006994247436523,
      "low_freq": 794.6976318359375,
      "mid_mean": -24.926652908325195,
      "mid_to_side_loudness": -7.206465721130371,
      "mid_to_side_loudness_range": 21.185760498046875,
      "side_mean": -32.549591064453125
    },
    {
      "high_freq": 2549.74365234375,
      "loudness": -28.622455596923828,
      "loudness_range": 17.29449462890625,
      "low_freq": 1457.5709228515625,
      "mid_mean": -26.202058792114258,
      "mid_to_side_loudness": -8.637290000915527,
      "mid_to_side_loudness_range": 23.29259490966797,
      "side_mean": -35.332061767578125
    },
    {
      "high_freq": 4349.24462890625,
      "loudness": -28.219383239746094,
      "loudness_range": 18.5081787109375,
      "low_freq": 2549.74365234375,
      "mid_mean": -25.77651023864746,
      "mid_to_side_loudness": -8.834714889526367,
      "mid_to_side_loudness_range": 22.906513214111328,
      "side_mean": -34.86924362182617
    },
    {
      "high_freq": 7314.1640625,
      "loudness": -31.689189910888672,
      "loudness_range": 20.470788955688477,
      "low_freq": 4349.24462890625,
      "mid_mean": -28.79381561279297,
      "mid_to_side_loudness": -10.372597694396973,
      "mid_to_side_loudness_range": 20.4263973236084,
      "side_mean": -39.29857635498047
    },
    {
      "high_freq": 12199.2666015625,
      "loudness": -29.385051727294922,
      "loudness_range": 16.624181747436523,
      "low_freq": 7314.1640625,
      "mid_mean": -26.324888229370117,
      "mid_to_side_loudness": -10.622720718383789,
      "mid_to_side_loudness_range": 20.856992721557617,
      "side_mean": -37.71063232421875
    },
    {
      "loudness": -34.45585250854492,
      "loudness_range": 19.598102569580078,
      "low_freq": 12199.2666015625,
      "mid_mean": -31.480953216552734,
      "mid_to_side_loudness": -9.804533004760742,
      "mid_to_side_loudness_range": 17.788293838500977,
      "side_mean": -41.322975158691406
    }
  ],
  "bands_short": [
    {
      "high_freq": 148.1999969482422,
      "loudness": -22.647159576416016,
      "loudness_range": 17.320764541625977,
      "mid_mean": -19.171749114990234,
      "mid_to_side_loudness": -25.24345588684082,
      "mid_to_side_loudness_range": 34.989654541015625,
      "side_mean": -46.607051849365234
    },
    {
      "high_freq": 392.3793640136719,
      "loudness": -22.164464950561523,
      "loudness_range": 14.000541687011719,
      "low_freq": 148.1999969482422,
      "mid_mean": -19.531822204589844,
      "mid_to_side_loudness": -11.691460609436035,
      "mid_to_side_loudness_range": 30.184322357177734,
      "side_mean": -32.08999252319336
    },
    {
      "high_freq": 794.6976318359375,
      "loudness": -24.854158401489258,
      "loudness_range": 15.741884231567383,
      "low_freq": 392.3793640136719,
      "mid_mean": -22.655359268188477,
      "mid_to_side_loudness": -8.557040214538574,
      "mid_to_side_loudness_range": 29.950992584228516,
      "side_mean": -31.6297550201416
    },
    {
      "high_freq": 1457.5709228515625,
      "loudness": -29.032915115356445,
      "loudness_range": 24.249895095825195,
      "low_freq": 794.6976318359375,
      "mid_mean": -26.950042724609375,
      "mid_to_side_loudness": -7.929059982299805,
      "mid_to_side_loudness_range": 26.46706771850586,
      "side_mean": -34.28609848022461
    },
    {
      "high_freq": 2549.74365234375,
      "loudness": -31.394067764282227,
      "loudness_range": 25.800477981567383,
      "low_freq": 1457.5709228515625,
      "mid_mean": -29.312902450561523,
      "mid_to_side_loudness": -7.774455547332764,
      "mid_to_side_loudness_range": 25.43876075744629,
      "side_mean": -37.11689376831055
    },
    {
      "high_freq": 4349.24462890625,
      "loudness": -31.0692081451416,
      "loudness_range": 25.384275436401367,
      "low_freq": 2549.74365234375,
      "mid_mean": -29.01753044128418,
      "mid_to_side_loudness": -7.331530570983887,
      "mid_to_side_loudness_range": 23.923633575439453,
      "side_mean": -36.169376373291016
    },
    {
      "high_freq": 7314.1640625,
      "loudness": -35.3636360168457,
      "loudness_range": 26.95169448852539,
      "low_freq": 4349.24462890625,
      "mid_mean": -32.861595153808594,
      "mid_to_side_loudness": -8.564873695373535,
      "mid_to_side_loudness_range": 22.043245315551758,
      "side_mean": -40.846778869628906
    },
    {
      "high_freq": 12199.2666015625,
      "loudness": -33.47869110107422,
      "loudness_range": 26.03519630432129,
      "low_freq": 7314.1640625,
      "mid_mean": -30.92422866821289,
      "mid_to_side_loudness": -8.439651489257812,
      "mid_to_side_loudness_range": 21.698442459106445,
      "side_mean": -38.86570739746094
    },
    {
      "loudness": -41.16640090942383,
      "loudness_range": 30.680145263671875,
      "low_freq": 12199.2666015625,
      "mid_mean": -38.64094161987305,
      "mid_to_side_loudness": -7.571290969848633,
      "mid_to_side_loudness_range": 19.446813583374023,
      "side_mean": -50.645301818847656
    }
  ],
  "bandwidth": 486.208251953125,
  "channels": 2,
  "covariance": [
    [
      32.12403869628906,
      14.4108247756958,
      10.335432052612305,
      13.417694091796875,
      6.649641513824463,
      5.027103900909424,
      13.510586738586426,
      8.146801948547363,
      14.527417182922363,
      7.756373405456543,
      14.273119926452637,
      7.114071369171143,
      18.522815704345703,
      11.740209579467773,
      12.731524467468262,
      14.99686050415039,
      14.17232894897461,
      18.379484176635742
    ],
    [
      14.4108247756958,
      54.03060531616211,
      3.4512083530426025,
      16.637359619140625,
      1.3065359592437744,
      2.8245112895965576,
      7.784576892852783,
      9.175358772277832,
      10.131534576416016,
      5.581208229064941,
      11.837320327758789,
      2.334045886993408,
      20.055137634277344,
      9.566381454467773,
      17.47830581665039,
      8.538846015930176,
      11.778606414794922,
      3.6635143756866455
    ],
    [
      10.335432052612305,
      3.4512083530426025,
      12.427616119384766,
      2.901608943939209,
      4.410941123962402,
      -3.2588398456573486,
      5.396388053894043,
      -1.1015101671218872,
      7.634570121765137,
      -1.7014718055725098,
      9.021008491516113,
      -0.8583719730377197,
      10.757124900817871,
      1.8722654581069946,
      6.883624076843262,
      3.7354233264923096,
      5.654228210449219,
      5.9020514488220215
    ],
    [
      13.417694091796875,
      16.637359619140625,
      2.901608943939209,
      72.242431640625,
      7.491036415100098,
      47.74190139770508,
      7.376049995422363,
      36.94199752807617,
      10.983086585998535,
      52.64963912963867,
      11.05105209350586,
      50.08611297607422,
      15.44689655303955,
      37.132633209228516,
      9.803650856018066,
      46.02033615112305,
      12.025711059570312,
      32.03081130981445
    ],
    [
      6.649641513824463,
      1.3065359592437744,
      4.410941123962402,
      7.491036415100098,
      12.65218734741211,
      9.540555953979492,
      11.485014915466309,
      10.430992126464844,
      11.009354591369629,
      10.720130920410156,
      10.012133598327637,
      10.537131309509277,
      7.537587642669678,
      6.9406538009643555,
      4.153828144073486,
      6.776208877563477,
      4.021084785461426,
      6.186734199523926
    ],
    [
      5.027103900909424,
      2.8245112895965576,
      -3.2588398456573486,
      47.74190139770508,
      9.540555953979492,
      73.75442504882812,
      8.805267333984375,
      60.116127014160156,
      9.184144973754883,
      68.89774322509766,
      7.573381423950195,
      63.83186721801758,
      7.0436930656433105,
      43.0816650390625,
      2.9856457710266113,
      41.67034149169922,
      5.835061550140381,
      24.88571548461914
    ],
    [
      13.510586738586426,
      7.784576892852783,
      5.396388053894043,
      7.376049995422363,
      11.485014915466309,
      8.805267333984375,
      34.134403228759766,
      22.120820999145508,
      26.18041229248047,
      13.955496788024902,
      24.41725730895996,
      13.247400283813477,
      20.763954162597656,
      10.640824317932129,
      12.805889129638672,
      9.662389755249023,
      11.393630027770996,
      9.56171989440918
    ],
    [
      8.146801948547363,
      9.175358772277832,
      -1.1015101671218872,
      36.94199752807617,
      10.430992126464844,
      60.116127014160156,
      22.120820999145508,
      82.13992309570312,
      16.316877365112305,
      67.54935455322266,
      14.888744354248047,
      62.138668060302734,
      12.65900707244873,
      41.19085693359375,
      7.869089126586914,
      36.016624450683594,
      10.607542991638184,
      21.289613723754883
    ],
    [
      14.527417182922363,
      10.131534576416016,
      7.634570121765137,
      10.983086585998535,
      11.009354591369629,
      9.184144973754883,
      26.18041229248047,
      16.316877365112305,
      41.038089752197266,
      18.134693145751953,
      37.62480163574219,
      18.991121292114258,
      32.60811996459961,
      15.019288063049316,
      19.77507781982422,
      14.209379196166992,
      17.876148223876953,
      15.955151557922363
    ],
    [
      7.756373405456543,
      5.581208229064941,
      -1.7014718055725098,
      52.64963912963867,
      10.720130920410156,
      68.89774322509766,
      13.955496788024902,
      67.54935455322266,
      18.134693145751953,
      90.7585220336914,
      16.91181182861328,
      81.49992370605469,
      15.233962059020996,
      54.68785095214844,
      6.544198513031006,
      51.96202850341797,
      6.75560188293457,
      31.032346725463867
    ],
    [
      14.273119926452637,
      11.837320327758789,
      9.021008491516113,
      11.05105209350586,
      10.012133598327637,
      7.573381423950195,
      24.41725730895996,
      14.888744354248047,
      37.62480163574219,
      16.91181182861328,
      46.213069915771484,
      19.994958877563477,
      42.446327209472656,
      17.55930519104004,
      25.934253692626953,
      16.600727081298828,
      23.22991943359375,
      18.256912231445312
    ],
    [
      7.114071369171143,
      2.334045886993408,
      -0.8583719730377197,
      50.08611297607422,
      10.537131309509277,
      63.83186721801758,
      13.247400283813477,
      62.138668060302734,
      18.991121292114258,
      81.49992370605469,
      19.994958877563477,
      84.65251159667969,
      18.448598861694336,
      57.12134552001953,
      8.657805442810059,
      53.24417495727539,
      9.914787292480469,
      34.90328598022461
    ],
    [
      18.522815704345703,
      20.055137634277344,
      10.757124900817871,
      15.44689655303955,
      7.537587642669678,
      7.0436930656433105,
      20.763954162597656,
      12.65900707244873,
      32.60811996459961,
      15.233962059020996,
      42.446327209472656,
      18.448598861694336,
      56.20817565917969,
      23.92483139038086,
      37.51507568359375,
      25.123062133789062,
      35.423744201660156,
      28.196142196655273
    ],
    [
      11.740209579467773,
      9.566381454467773,
      1.8722654581069946,
      37.132633209228516,
      6.9406538009643555,
      43.0816650390625,
      10.640824317932129,
      41.19085693359375,
      15.019288063049316,
      54.68785095214844,
      17.55930519104004,
      57.12134552001953,
      23.92483139038086,
      56.81214904785156,
      15.341987609863281,
      54.67351150512695,
      18.048887252807617,
      41.797813415527344
    ],
    [
      12.731524467468262,
      17.47830581665039,
      6.883624076843262,
      9.803650856018066,
      4.153828144073486,
      2.9856457710266113,
      12.805889129638672,
      7.869089126586914,
      19.77507781982422,
      6.544198513031006,
      25.934253692626953,
      8.657805442810059,
      37.51507568359375,
      15.341987609863281,
      38.00810623168945,
      19.51123046875,
      36.99403762817383,
      23.06482696533203
    ],
    [
      14.99686050415039,
      8.538846015930176,
      3.7354233264923096,
      46.02033615112305,
      6.776208877563477,
      41.67034149169922,
      9.662389755249023,
      36.016624450683594,
      14.209379196166992,
      51.96202850341797,
      16.600727081298828,
      53.24417495727539,
      25.123062133789062,
      54.67351150512695,
      19.51123046875,
      74.43290710449219,
      26.893157958984375,
      61.65684509277344
    ],
    [
      14.17232894897461,
      11.778606414794922,
      5.654228210449219,
      12.025711059570312,
      4.021084785461426,
      5.835061550140381,
      11.393630027770996,
      10.607542991638184,
      17.876148223876953,
      6.75560188293457,
      23.22991943359375,
      9.914787292480469,
      35.423744201660156,
      18.048887252807617,
      36.99403762817383,
      26.893157958984375,
      57.16966247558594,
      43.262855529785156
    ],
    [
      18.379484176635742,
      3.6635143756866455,
      5.9020514488220215,
      32.03081130981445,
      6.186734199523926,
      24.88571548461914,
      9.56171989440918,
      21.289613723754883,
      15.955151557922363,
      31.032346725463867,
      18.256912231445312,
      34.90328598022461,
      28.196142196655273,
      41.797813415527344,
      23.06482696533203,
      61.65684509277344,
      43.262855529785156,
      81.09937286376953
    ]
  ],
  "covariance_short": [
    [
      48.06452560424805,
      18.13471794128418,
      18.05771255493164,
      14.801207542419434,
      6.533348560333252,
      4.850533485412598,
      11.58901309967041,
      5.2177839279174805,
      13.52258014678955,
      7.144894123077393,
      12.864270210266113,
      7.425217628479004,
      17.68303108215332,
      12.248459815979004,
      14.194215774536133,
      13.22580623626709,
      15.480142593383789,
      19.954416275024414
    ],
    [
      18.13471794128418,
      113.01780700683594,
      12.922111511230469,
      48.1453742980957,
      6.234683513641357,
      17.54081153869629,
      14.95802116394043,
      16.264177322387695,
      23.51276397705078,
      24.61946678161621,
      25.79388427734375,
      21.185787200927734,
      41.408756256103516,
      34.359073638916016,
      37.489036560058594,
      27.74135971069336,
      44.202186584472656,
      63.042884826660156
    ],
    [
      18.05771255493164,
      12.922111511230469,
      31.43368911743164,
      12.740013122558594,
      8.780317306518555,
      1.0986686944961548,
      8.6279296875,
      0.4954315721988678,
      12.610353469848633,
      2.137812852859497,
      13.334842681884766,
      3.3380680084228516,
      15.336065292358398,
      6.144272327423096,
      12.863243103027344,
      7.797423362731934,
      12.87099838256836,
      10.27464771270752
    ],
    [
      14.801207542419434,
      48.1453742980957,
      12.740013122558594,
      116.20216369628906,
      12.519317626953125,
      69.08211517333984,
      13.20311164855957,
      40.53927230834961,
      25.211380004882812,
      63.46535873413086,
      22.650819778442383,
      56.89680099487305,
      24.439311981201172,
      43.654422760009766,
      20.455379486083984,
      42.36433410644531,
      23.29718017578125,
      71.51695251464844
    ],
    [
      6.533348560333252,
      6.234683513641357,
      8.780317306518555,
      12.519317626953125,
      31.10317611694336,
      19.12958335876465,
      23.100887298583984,
      18.3227481842041,
      23.62656021118164,
      18.865049362182617,
      21.863428115844727,
      18.127845764160156,
      13.820531845092773,
      12.25788688659668,
      10.155962944030762,
      8.92939281463623,
      8.234272956848145,
      12.919318199157715
    ],
    [
      4.850533485412598,
      17.54081153869629,
      1.0986686944961548,
      69.08211517333984,
      19.12958335876465,
      134.67825317382812,
      24.589235305786133,
      93.56857299804688,
      29.87245750427246,
      102.36369323730469,
      24.575061798095703,
      92.67665100097656,
      16.897192001342773,
      59.889705657958984,
      10.182290077209473,
      52.18061828613281,
      11.251496315002441,
      69.9878158569336
    ],
    [
      11.58901309967041,
      14.95802116394043,
      8.6279296875,
      13.20311164855957,
      23.100887298583984,
      24.589235305786133,
      65.32939910888672,
      42.256343841552734,
      46.755958557128906,
      35.24146270751953,
      40.959716796875,
      30.527063369750977,
      28.992115020751953,
      24.02126121520996,
      20.919593811035156,
      16.907045364379883,
      21.840909957885742,
      29.628480911254883
    ],
    [
      5.2177839279174805,
      16.264177322387695,
      0.4954315721988678,
      40.53927230834961,
      18.3227481842041,
      93.56857299804688,
      42.256343841552734,
      125.97046661376953,
      36.04752731323242,
      100.03734588623047,
      28.54994773864746,
      86.88601684570312,
      18.08763885498047,
      54.85025405883789,
      11.328011512756348,
      40.88166809082031,
      14.522672653198242,
      63.03026580810547
    ],
    [
      13.52258014678955,
      23.51276397705078,
      12.610353469848633,
      25.211380004882812,
      23.62656021118164,
      29.87245750427246,
      46.755958557128906,
      36.04752731323242,
      77.89431762695312,
      51.3291015625,
      61.94428253173828,
      44.784793853759766,
      46.51682662963867,
      34.730064392089844,
      33.723243713378906,
      27.365415573120117,
      31.479780197143555,
      38.67241668701172
    ],
    [
      7.144894123077393,
      24.61946678161621,
      2.137812852859497,
      63.46535873413086,
      18.865049362182617,
      102.36369323730469,
      35.24146270751953,
      100.03734588623047,
      51.3291015625,
      140.99911499023438,
      42.75758361816406,
      113.40786743164062,
      29.69524383544922,
      77.58827209472656,
      18.9659366607666,
      61.78999710083008,
      21.41273307800293,
      81.53643798828125
    ],
    [
      12.864270210266113,
      25.79388427734375,
      13.334842681884766,
      22.650819778442383,
      21.863428115844727,
      24.575061798095703,
      40.959716796875,
      28.54994773864746,
      61.94428253173828,
      42.75758361816406,
      72.11140441894531,
      44.090721130371094,
      55.69097900390625,
      37.113502502441406,
      40.89497375488281,
      29.030532836914062,
      37.82817840576172,
      40.33738708496094
    ],
    [
      7.425217628479004,
      21.185787200927734,
      3.3380680084228516,
      56.89680099487305,
      18.127845764160156,
      92.67665100097656,
      30.527063369750977,
      86.88601684570312,
      44.784793853759766,
      113.40786743164062,
      44.090721130371094,
      122.29979705810547,
      32.898109436035156,
      79.56420135498047,
      20.590538024902344,
      62.76240158081055,
      22.097591400146484,
      79.91727447509766
    ],
    [
      17.68303108215332,
      41.408756256103516,
      15.336065292358398,
      24.439311981201172,
      13.820531845092773,
      16.897192001342773,
      28.992115020751953,
      18.08763885498047,
      46.51682662963867,
      29.69524383544922,
      55.69097900390625,
      32.898109436035156,
      77.42233276367188,
      46.81293869018555,
      63.500709533691406,
      43.11518096923828,
      64.69036102294922,
      59.44779586791992
    ],
    [
      12.248459815979004,
      34.359073638916016,
      6.144272327423096,
      43.654422760009766,
      12.25788688659668,
      59.889705657958984,
      24.02126121520996,
      54.85025405883789,
      34.730064392089844,
      77.58827209472656,
      37.113502502441406,
      79.56420135498047,
      46.81293869018555,
      94.50971984863281,
      38.72709655761719,
      73.5633544921875,
      43.58170700073242,
      94.43441009521484
    ],
    [
      14.194215774536133,
      37.489036560058594,
      12.863243103027344,
      20.455379486083984,
      10.155962944030762,
      10.182290077209473,
      20.919593811035156,
      11.328011512756348,
      33.723243713378906,
      18.9659366607666,
      40.89497375488281,
      20.590538024902344,
      63.500709533691406,
      38.72709655761719,
      79.05740356445312,
      48.36077117919922,
      80.19322204589844,
      60.99125671386719
    ],
    [
      13.22580623626709,
      27.74135971069336,
      7.797423362731934,
      42.36433410644531,
      8.92939281463623,
      52.18061828613281,
      16.907045364379883,
      40.88166809082031,
      27.365415573120117,
      61.78999710083008,
      29.030532836914062,
      62.76240158081055,
      43.11518096923828,
      73.5633544921875,
      48.36077117919922,
      98.91382598876953,
      54.406517028808594,
      98.73832702636719
    ],
    [
      15.480142593383789,
      44.202186584472656,
      12.87099838256836,
      23.29718017578125,
      8.234272956848145,
      11.251496315002441,
      21.840909957885742,
      14.522672653198242,
      31.479780197143555,
      21.41273307800293,
      37.82817840576172,
      22.097591400146484,
      64.69036102294922,
      43.58170700073242,
      80.19322204589844,
      54.406517028808594,
      103.06864166259766,
      83.85987091064453
    ],
    [
      19.954416275024414,
      63.042884826660156,
      10.27464771270752,
      71.51695251464844,
      12.919318199157715,
      69.9878158569336,
      29.628480911254883,
      63.03026580810547,
      38.67241668701172,
      81.53643798828125,
      40.33738708496094,
      79.91727447509766,
      59.44779586791992,
      94.43441009521484,
      60.99125671386719,
      98.73832702636719,
      83.85987091064453,
      187.80015563964844
    ]
  ],
  "damage": -5.217096328735352,
  "diff_bandwidth": 552.5240478515625,
  "dissonance": 9.725402788240533,
  "drr": 7.447970867156982,
  "dynamics": 3.015601634979248,
  "format": 1245190,
  "frames": 10627072,
  "loudness": -11.096510887145996,
  "loudness_range": 7.39707612991333,
  "loudness_range_short": 11.420257568359375,
  "lowpass_true_peak_15khz": 1.847179651260376,
  "mastering3_acoustic_entropies": [
    {
      "acoustic_entropy": 8.746051788330078,
      "acoustic_entropy_mono": 7.974757194519043,
      "band_eliminated_acoustic_entropies": [
        {
          "acoustic_entropy": 8.657613754272461,
          "acoustic_entropy_side": 8.743922233581543,
          "hz": 129.47220167065723
        },
        {
          "acoustic_entropy": 8.543499946594238,
          "acoustic_entropy_side": 8.754920959472656,
          "hz": 202.92927478742237
        },
        {
          "acoustic_entropy": 9.040879249572754,
          "acoustic_entropy_side": 8.701693534851074,
          "hz": 282.89161906338205
        },
        {
          "acoustic_entropy": 9.216367721557617,
          "acoustic_entropy_side": 8.59011173248291,
          "hz": 369.9353335868758
        },
        {
          "acoustic_entropy": 8.563558578491211,
          "acoustic_entropy_side": 8.09395980834961,
          "hz": 464.6875360973435
        },
        {
          "acoustic_entropy": 8.541438102722168,
          "acoustic_entropy_side": 8.536184310913086,
          "hz": 567.8308811364784
        },
        {
          "acoustic_entropy": 8.485600471496582,
          "acoustic_entropy_side": 8.533068656921387,
          "hz": 680.1084783214808
        },
        {
          "acoustic_entropy": 9.077505111694336,
          "acoustic_entropy_side": 8.36530876159668,
          "hz": 802.3292461747484
        },
        {
          "acoustic_entropy": 8.757087707519531,
          "acoustic_entropy_side": 8.458992958068848,
          "hz": 935.3737400823702
        },
        {
          "acoustic_entropy": 8.966867446899414,
          "acoustic_entropy_side": 8.695216178894043,
          "hz": 1080.2004963696966
        },
        {
          "acoustic_entropy": 8.99792194366455,
          "acoustic_entropy_side": 8.885435104370117,
          "hz": 1237.8529382007157
        },
        {
          "acoustic_entropy": 8.806471824645996,
          "acoustic_entropy_side": 8.655792236328125,
          "hz": 1409.4668930556702
        },
        {
          "acoustic_entropy": 9.038688659667969,
          "acoustic_entropy_side": 8.802838325500488,
          "hz": 1596.2787759475705
        },
        {
          "acoustic_entropy": 8.872604370117188,
          "acoustic_entropy_side": 8.79100513458252,
          "hz": 1799.6344973346393
        },
        {
          "acoustic_entropy": 8.798423767089844,
          "acoustic_entropy_side": 8.611411094665527,
          "hz": 2020.9991599069049
        },
        {
          "acoustic_entropy": 8.435338973999023,
          "acoustic_entropy_side": 8.539214134216309,
          "hz": 2261.9676141086993
        },
        {
          "acoustic_entropy": 8.196486473083496,
          "acoustic_entropy_side": 8.619535446166992,
          "hz": 2524.2759484456974
        },
        {
          "acoustic_entropy": 8.3253173828125,
          "acoustic_entropy_side": 8.658928871154785,
          "hz": 2809.813997359896
        },
        {
          "acoustic_entropy": 8.391824722290039,
          "acoustic_entropy_side": 8.63446044921875,
          "hz": 3120.6389567871424
        },
        {
          "acoustic_entropy": 8.301612854003906,
          "acoustic_entropy_side": 8.4351167678833,
          "hz": 3458.990205492291
        },
        {
          "acoustic_entropy": 8.37170124053955,
          "acoustic_entropy_side": 8.487751960754395,
          "hz": 3827.305438964164
        },
        {
          "acoustic_entropy": 8.355717658996582,
          "acoustic_entropy_side": 8.434882164001465,
          "hz": 4228.238232109126
        },
        {
          "acoustic_entropy": 8.41008186340332,
          "acoustic_entropy_side": 8.511301040649414,
          "hz": 4664.6771572759235
        },
        {
          "acoustic_entropy": 8.767383575439453,
          "acoustic_entropy_side": 8.794947624206543,
          "hz": 5139.766595350093
        },
        {
          "acoustic_entropy": 8.660935401916504,
          "acoustic_entropy_side": 8.800036430358887,
          "hz": 5656.929389854203
        },
        {
          "acoustic_entropy": 8.731437683105469,
          "acoustic_entropy_side": 8.782118797302246,
          "hz": 6219.891507268283
        },
        {
          "acoustic_entropy": 8.74802303314209,
          "acoustic_entropy_side": 8.771259307861328,
          "hz": 6832.70888123896
        },
        {
          "acoustic_entropy": 8.718348503112793,
          "acoustic_entropy_side": 8.760311126708984,
          "hz": 7499.796634079867
        },
        {
          "acoustic_entropy": 8.80733585357666,
          "acoustic_entropy_side": 8.743331909179688,
          "hz": 8225.96088609342
        },
        {
          "acoustic_entropy": 8.854562759399414,
          "acoustic_entropy_side": 8.739425659179688,
          "hz": 9016.43338188839
        },
        {
          "acoustic_entropy": 8.971514701843262,
          "acoustic_entropy_side": 8.826045989990234,
          "hz": 9876.909183162974
        },
        {
          "acoustic_entropy": 8.630138397216797,
          "acoustic_entropy_side": 8.968191146850586,
          "hz": 10813.587699516042
        },
        {
          "acoustic_entropy": 8.450873374938965,
          "acoustic_entropy_side": 8.837432861328125,
          "hz": 11833.21735289826
        },
        {
          "acoustic_entropy": 8.391148567199707,
          "acoustic_entropy_side": 8.745649337768555,
          "hz": 12943.144197493959
        },
        {
          "acoustic_entropy": 8.730905532836914,
          "acoustic_entropy_side": 8.75727367401123,
          "hz": 14151.364845322005
        },
        {
          "acoustic_entropy": 8.831670761108398,
          "acoustic_entropy_side": 8.75656795501709,
          "hz": 15466.58407886509
        },
        {
          "acoustic_entropy": 8.744537353515625,
          "acoustic_entropy_side": 8.75735855102539,
          "hz": 16898.27756580493
        },
        {
          "acoustic_entropy": 8.939818382263184,
          "acoustic_entropy_side": 8.748225212097168,
          "hz": 18456.760127700032
        },
        {
          "acoustic_entropy": 8.969332695007324,
          "acoustic_entropy_side": 8.74856948852539,
          "hz": 20153.260054456492
        },
        {
          "acoustic_entropy": 8.687845230102539,
          "acoustic_entropy_side": 8.745408058166504,
          "hz": 22000.00000000001
        }
      ],
      "diff_acoustic_entropy": 10.450301170349121,
      "sn": 6
    },
    {
      "acoustic_entropy": 15.876842498779297,
      "acoustic_entropy_mono": 13.025166511535645,
      "band_eliminated_acoustic_entropies": [
        {
          "acoustic_entropy": 15.074207305908203,
          "acoustic_entropy_side": 15.871914863586426,
          "hz": 129.47220167065723
        },
        {
          "acoustic_entropy": 14.394552230834961,
          "acoustic_entropy_side": 15.945422172546387,
          "hz": 202.92927478742237
        },
        {
          "acoustic_entropy": 15.783186912536621,
          "acoustic_entropy_side": 16.03291130065918,
          "hz": 282.89161906338205
        },
        {
          "acoustic_entropy": 15.153535842895508,
          "acoustic_entropy_side": 15.176616668701172,
          "hz": 369.9353335868758
        },
        {
          "acoustic_entropy": 15.621710777282715,
          "acoustic_entropy_side": 15.612821578979492,
          "hz": 464.6875360973435
        },
        {
          "acoustic_entropy": 15.346776008605957,
          "acoustic_entropy_side": 15.889204978942871,
          "hz": 567.8308811364784
        },
        {
          "acoustic_entropy": 15.515666007995605,
          "acoustic_entropy_side": 15.692319869995117,
          "hz": 680.1084783214808
        },
        {
          "acoustic_entropy": 15.24410629272461,
          "acoustic_entropy_side": 15.580778121948242,
          "hz": 802.3292461747484
        },
        {
          "acoustic_entropy": 15.499802589416504,
          "acoustic_entropy_side": 15.407988548278809,
          "hz": 935.3737400823702
        },
        {
          "acoustic_entropy": 16.283767700195312,
          "acoustic_entropy_side": 16.118898391723633,
          "hz": 1080.2004963696966
        },
        {
          "acoustic_entropy": 15.375142097473145,
          "acoustic_entropy_side": 15.529526710510254,
          "hz": 1237.8529382007157
        },
        {
          "acoustic_entropy": 15.593223571777344,
          "acoustic_entropy_side": 15.773428916931152,
          "hz": 1409.4668930556702
        },
        {
          "acoustic_entropy": 15.870214462280273,
          "acoustic_entropy_side": 15.724684715270996,
          "hz": 1596.2787759475705
        },
        {
          "acoustic_entropy": 16.115209579467773,
          "acoustic_entropy_side": 15.916326522827148,
          "hz": 1799.6344973346393
        },
        {
          "acoustic_entropy": 15.558465957641602,
          "acoustic_entropy_side": 15.904324531555176,
          "hz": 2020.9991599069049
        },
        {
          "acoustic_entropy": 15.823478698730469,
          "acoustic_entropy_side": 15.896780967712402,
          "hz": 2261.9676141086993
        },
        {
          "acoustic_entropy": 15.921890258789062,
          "acoustic_entropy_side": 15.863415718078613,
          "hz": 2524.2759484456974
        },
        {
          "acoustic_entropy": 15.167881965637207,
          "acoustic_entropy_side": 15.494009017944336,
          "hz": 2809.813997359896
        },
        {
          "acoustic_entropy": 15.349076271057129,
          "acoustic_entropy_side": 15.64671802520752,
          "hz": 3120.6389567871424
        },
        {
          "acoustic_entropy": 15.7691650390625,
          "acoustic_entropy_side": 15.852116584777832,
          "hz": 3458.990205492291
        },
        {
          "acoustic_entropy": 16.01668930053711,
          "acoustic_entropy_side": 15.802335739135742,
          "hz": 3827.305438964164
        },
        {
          "acoustic_entropy": 16.125308990478516,
          "acoustic_entropy_side": 15.775585174560547,
          "hz": 4228.238232109126
        },
        {
          "acoustic_entropy": 15.762553215026855,
          "acoustic_entropy_side": 15.650522232055664,
          "hz": 4664.6771572759235
        },
        {
          "acoustic_entropy": 15.836527824401855,
          "acoustic_entropy_side": 15.939760208129883,
          "hz": 5139.766595350093
        },
        {
          "acoustic_entropy": 15.815764427185059,
          "acoustic_entropy_side": 15.909231185913086,
          "hz": 5656.929389854203
        },
        {
          "acoustic_entropy": 15.647435188293457,
          "acoustic_entropy_side": 15.911059379577637,
          "hz": 6219.891507268283
        },
        {
          "acoustic_entropy": 15.693692207336426,
          "acoustic_entropy_side": 15.960278511047363,
          "hz": 6832.70888123896
        },
        {
          "acoustic_entropy": 15.832050323486328,
          "acoustic_entropy_side": 15.959161758422852,
          "hz": 7499.796634079867
        },
        {
          "acoustic_entropy": 15.803362846374512,
          "acoustic_entropy_side": 15.9597749710083,
          "hz": 8225.96088609342
        },
        {
          "acoustic_entropy": 15.879456520080566,
          "acoustic_entropy_side": 15.970718383789062,
          "hz": 9016.43338188839
        },
        {
          "acoustic_entropy": 15.986924171447754,
          "acoustic_entropy_side": 15.967606544494629,
          "hz": 9876.909183162974
        },
        {
          "acoustic_entropy": 15.755476951599121,
          "acoustic_entropy_side": 16.042768478393555,
          "hz": 10813.587699516042
        },
        {
          "acoustic_entropy": 15.898831367492676,
          "acoustic_entropy_side": 16.008588790893555,
          "hz": 11833.21735289826
        },
        {
          "acoustic_entropy": 15.943775177001953,
          "acoustic_entropy_side": 16.02125358581543,
          "hz": 12943.144197493959
        },
        {
          "acoustic_entropy": 16.12872886657715,
          "acoustic_entropy_side": 15.975173950195312,
          "hz": 14151.364845322005
        },
        {
          "acoustic_entropy": 16.00396728515625,
          "acoustic_entropy_side": 15.936437606811523,
          "hz": 15466.58407886509
        },
        {
          "acoustic_entropy": 15.920675277709961,
          "acoustic_entropy_side": 15.92419719696045,
          "hz": 16898.27756580493
        },
        {
          "acoustic_entropy": 15.229999542236328,
          "acoustic_entropy_side": 15.872401237487793,
          "hz": 18456.760127700032
        },
        {
          "acoustic_entropy": 14.756303787231445,
          "acoustic_entropy_side": 15.838482856750488,
          "hz": 20153.260054456492
        },
        {
          "acoustic_entropy": 15.663731575012207,
          "acoustic_entropy_side": 15.871247291564941,
          "hz": 22000.00000000001
        }
      ],
      "diff_acoustic_entropy": 17.800432205200195,
      "sn": 12
    },
    {
      "acoustic_entropy": 23.508956909179688,
      "acoustic_entropy_mono": 17.958511352539062,
      "band_eliminated_acoustic_entropies": [
        {
          "acoustic_entropy": 23.942550659179688,
          "acoustic_entropy_side": 24.206668853759766,
          "hz": 129.47220167065723
        },
        {
          "acoustic_entropy": 24.689207077026367,
          "acoustic_entropy_side": 24.015226364135742,
          "hz": 202.92927478742237
        },
        {
          "acoustic_entropy": 23.851329803466797,
          "acoustic_entropy_side": 23.916799545288086,
          "hz": 282.89161906338205
        },
        {
          "acoustic_entropy": 24.569578170776367,
          "acoustic_entropy_side": 23.95652961730957,
          "hz": 369.9353335868758
        },
        {
          "acoustic_entropy": 23.993396759033203,
          "acoustic_entropy_side": 24.709321975708008,
          "hz": 464.6875360973435
        },
        {
          "acoustic_entropy": 22.735034942626953,
          "acoustic_entropy_side": 23.168025970458984,
          "hz": 567.8308811364784
        },
        {
          "acoustic_entropy": 24.057846069335938,
          "acoustic_entropy_side": 24.2219295501709,
          "hz": 680.1084783214808
        },
        {
          "acoustic_entropy": 23.753803253173828,
          "acoustic_entropy_side": 23.667526245117188,
          "hz": 802.3292461747484
        },
        {
          "acoustic_entropy": 23.027278900146484,
          "acoustic_entropy_side": 23.617076873779297,
          "hz": 935.3737400823702
        },
        {
          "acoustic_entropy": 23.86747932434082,
          "acoustic_entropy_side": 24.2054500579834,
          "hz": 1080.2004963696966
        },
        {
          "acoustic_entropy": 24.341684341430664,
          "acoustic_entropy_side": 24.16119956970215,
          "hz": 1237.8529382007157
        },
        {
          "acoustic_entropy": 24.41990089416504,
          "acoustic_entropy_side": 24.140655517578125,
          "hz": 1409.4668930556702
        },
        {
          "acoustic_entropy": 23.456220626831055,
          "acoustic_entropy_side": 23.637889862060547,
          "hz": 1596.2787759475705
        },
        {
          "acoustic_entropy": 24.077165603637695,
          "acoustic_entropy_side": 24.152084350585938,
          "hz": 1799.6344973346393
        },
        {
          "acoustic_entropy": 24.034278869628906,
          "acoustic_entropy_side": 23.435482025146484,
          "hz": 2020.9991599069049
        },
        {
          "acoustic_entropy": 23.93486976623535,
          "acoustic_entropy_side": 23.806171417236328,
          "hz": 2261.9676141086993
        },
        {
          "acoustic_entropy": 24.7586727142334,
          "acoustic_entropy_side": 24.19183921813965,
          "hz": 2524.2759484456974
        },
        {
          "acoustic_entropy": 24.12872314453125,
          "acoustic_entropy_side": 24.140745162963867,
          "hz": 2809.813997359896
        },
        {
          "acoustic_entropy": 24.66145896911621,
          "acoustic_entropy_side": 24.357868194580078,
