{
  "acoustic_entropy": 130.79893493652344,
  "bands": [
    {
      "high_freq": 148.1999969482422,
      "loudness": -28.50689697265625,
      "loudness_range": 17.249006271362305,
      "mid_mean": -24.995203018188477,
      "mid_to_side_loudness": -19.53753662109375,
      "mid_to_side_loudness_range": 25.592077255249023,
      "side_mean": -44.852291107177734
    },
    {
      "high_freq": 392.3793640136719,
      "loudness": -29.982202529907227,
      "loudness_range": 14.367685317993164,
      "low_freq": 148.1999969482422,
      "mid_mean": -28.71251106262207,
      "mid_to_side_loudness": -2.2010841369628906,
      "mid_to_side_loudness_range": 10.679943084716797,
      "side_mean": -30.878156661987305
    },
    {
      "high_freq": 794.6976318359375,
      "loudness": -30.30138397216797,
      "loudness_range": 18.282991409301758,
      "low_freq": 392.3793640136719,
      "mid_mean": -31.763790130615234,
      "mid_to_side_loudness": 2.97084641456604,
      "mid_to_side_loudness_range": 9.817224502563477,
      "side_mean": -28.573326110839844
    },
    {
      "high_freq": 1457.5709228515625,
      "loudness": -38.403072357177734,
      "loudness_range": 19.50415802001953,
      "low_freq": 794.6976318359375,
      "mid_mean": -37.4482536315918,
      "mid_to_side_loudness": -1.2861729860305786,
      "mid_to_side_loudness_range": 9.815109252929688,
      "side_mean": -38.66954040527344
    },
    {
      "high_freq": 2549.74365234375,
      "loudness": -45.03446578979492,
      "loudness_range": 23.23098373413086,
      "low_freq": 1457.5709228515625,
      "mid_mean": -44.05643081665039,
      "mid_to_side_loudness": -1.3546310663223267,
      "mid_to_side_loudness_range": 8.562331199645996,
      "side_mean": -45.18606185913086
    },
    {
      "high_freq": 4349.24462890625,
      "loudness": -55.706703186035156,
      "loudness_range": 20.7198486328125,
      "low_freq": 2549.74365234375,
      "mid_mean": -53.501888275146484,
      "mid_to_side_loudness": -5.716214656829834,
      "mid_to_side_loudness_range": 12.024491310119629,
      "side_mean": -58.46968078613281
    },
    {
      "high_freq": 7314.1640625,
      "loudness": -57.81853485107422,
      "loudness_range": 13.610214233398438,
      "low_freq": 4349.24462890625,
      "mid_mean": -55.00440216064453,
      "mid_to_side_loudness": -8.677871704101562,
      "mid_to_side_loudness_range": 10.735838890075684,
      "side_mean": -62.56574630737305
    },
    {
      "high_freq": 12199.2666015625,
      "loudness": -61.463233947753906,
      "loudness_range": 16.87641143798828,
      "low_freq": 7314.1640625,
      "mid_mean": -58.207855224609375,
      "mid_to_side_loudness": -9.479668617248535,
      "mid_to_side_loudness_range": 11.866964340209961,
      "side_mean": -65.17666625976562
    },
    {
      "loudness": -67.81057739257812,
      "loudness_range": 24.195316314697266,
      "low_freq": 12199.2666015625,
      "mid_mean": -62.94932556152344,
      "mid_to_side_loudness": -9.004644393920898,
      "mid_to_side_loudness_range": 9.895894050598145,
      "side_mean": -67.01835632324219
    }
  ],
  "bands_short": [
    {
      "high_freq": 148.1999969482422,
      "loudness": -31.05530548095703,
      "loudness_range": 22.400997161865234,
      "mid_mean": -27.58845329284668,
      "mid_to_side_loudness": -19.383182525634766,
      "mid_to_side_loudness_range": 29.55584716796875,
      "side_mean": -48.09114074707031
    },
    {
      "high_freq": 392.3793640136719,
      "loudness": -29.444904327392578,
      "loudness_range": 14.949214935302734,
      "low_freq": 148.1999969482422,
      "mid_mean": -27.73540687561035,
      "mid_to_side_loudness": -3.983889102935791,
      "mid_to_side_loudness_range": 14.898812294006348,
      "side_mean": -31.827911376953125
    },
    {
      "high_freq": 794.6976318359375,
      "loudness": -30.92864990234375,
      "loudness_range": 19.916231155395508,
      "low_freq": 392.3793640136719,
      "mid_mean": -32.31099319458008,
      "mid_to_side_loudness": 2.725492238998413,
      "mid_to_side_loudness_range": 11.371736526489258,
      "side_mean": -29.332611083984375
    },
    {
      "high_freq": 1457.5709228515625,
      "loudness": -38.92829513549805,
      "loudness_range": 20.37307357788086,
      "low_freq": 794.6976318359375,
      "mid_mean": -38.08906173706055,
      "mid_to_side_loudness": -1.0881962776184082,
      "mid_to_side_loudness_range": 10.607227325439453,
      "side_mean": -39.19066619873047
    },
    {
      "high_freq": 2549.74365234375,
      "loudness": -46.35961151123047,
      "loudness_range": 25.083789825439453,
      "low_freq": 1457.5709228515625,
      "mid_mean": -45.589088439941406,
      "mid_to_side_loudness": -1.0996968746185303,
      "mid_to_side_loudness_range": 10.26583480834961,
      "side_mean": -46.588172912597656
    },
    {
      "high_freq": 4349.24462890625,
      "loudness": -56.534664154052734,
      "loudness_range": 22.028575897216797,
      "low_freq": 2549.74365234375,
      "mid_mean": -54.210506439208984,
      "mid_to_side_loudness": -5.943563938140869,
      "mid_to_side_loudness_range": 11.609716415405273,
      "side_mean": -59.290035247802734
    },
    {
      "high_freq": 7314.1640625,
      "loudness": -59.248008728027344,
      "loudness_range": 16.055461883544922,
      "low_freq": 4349.24462890625,
      "mid_mean": -56.30758285522461,
      "mid_to_side_loudness": -8.635144233703613,
      "mid_to_side_loudness_range": 11.05022144317627,
      "side_mean": -63.53059768676758
    },
    {
      "high_freq": 12199.2666015625,
      "loudness": -63.63897705078125,
      "loudness_range": 19.038475036621094,
      "low_freq": 7314.1640625,
      "mid_mean": -60.06818771362305,
      "mid_to_side_loudness": -9.243328094482422,
      "mid_to_side_loudness_range": 11.191886901855469,
      "side_mean": -66.23634338378906
    },
    {
      "loudness": -71.4401626586914,
      "loudness_range": 22.487773895263672,
      "low_freq": 12199.2666015625,
      "mid_mean": -65.2065658569336,
      "mid_to_side_loudness": -8.465237617492676,
      "mid_to_side_loudness_range": 9.505353927612305,
      "side_mean": -68.19831848144531
    }
  ],
  "bandwidth": 365.40679931640625,
  "channels": 2,
  "covariance": [
    [
      42.679542541503906,
      4.057122707366943,
      9.141145706176758,
      4.882168292999268,
      1.8259843587875366,
      1.348168969154358,
      5.256704807281494,
      3.838850975036621,
      4.63253116607666,
      2.3714048862457275,
      8.263182640075684,
      5.668272018432617,
      10.453193664550781,
      4.402266979217529,
      9.223342895507812,
      2.9845657348632812,
      4.679884910583496,
      1.0597838163375854
    ],
    [
      4.057122707366943,
      42.05680847167969,
      12.199185371398926,
      18.913211822509766,
      7.902883052825928,
      10.351778984069824,
      13.395133972167969,
      14.938095092773438,
      13.593107223510742,
      16.209829330444336,
      2.327741861343384,
      7.714395999908447,
      -1.053797960281372,
      0.5913271307945251,
      -1.0879051685333252,
      0.44066551327705383,
      -0.5351731181144714,
      0.2784475088119507
    ],
    [
      9.141145706176758,
      12.199185371398926,
      23.833772659301758,
      23.343242645263672,
      10.166183471679688,
      11.213216781616211,
      13.655708312988281,
      14.355814933776855,
      17.13262367248535,
      18.096240997314453,
      8.99317741394043,
      11.588753700256348,
      4.529852867126465,
      3.089327096939087,
      3.651716947555542,
      2.025782346725464,
      2.510897636413574,
      1.3427214622497559
    ],
    [
      4.882168292999268,
      18.913211822509766,
      23.343242645263672,
      39.81898498535156,
      14.509259223937988,
      19.572351455688477,
      20.54621124267578,
      24.871103286743164,
      23.893552780151367,
      28.417917251586914,
      10.19749641418457,
      17.44539451599121,
      2.374616861343384,
      2.760270118713379,
      2.0289337635040283,
      1.6511932611465454,
      1.6108291149139404,
      1.3229238986968994
    ],
    [
      1.8259843587875366,
      7.902883052825928,
      10.166183471679688,
      14.509259223937988,
      35.00185775756836,
      34.903446197509766,
      26.206310272216797,
      28.52805519104004,
      32.220001220703125,
      37.20389175415039,
      21.179628372192383,
      28.558685302734375,
      4.42726993560791,
      5.406246662139893,
      3.6203300952911377,
      2.3551275730133057,
      1.7138285636901855,
      0.744677722454071
    ],
    [
      1.348168969154358,
      10.351778984069824,
      11.213216781616211,
      19.572351455688477,
      34.903446197509766,
      47.58880615234375,
      30.47501564025879,
      34.52144241333008,
      35.53560256958008,
      42.83897018432617,
      22.229721069335938,
      33.27931594848633,
      3.489753007888794,
      4.171207904815674,
      3.338555097579956,
      1.8062467575073242,
      1.4499269723892212,
      0.4237855076789856
    ],
    [
      5.256704807281494,
      13.395133972167969,
      13.655708312988281,
      20.54621124267578,
      26.206310272216797,
      30.47501564025879,
      43.91197967529297,
      44.50664138793945,
      41.09964370727539,
      43.40221405029297,
      25.344024658203125,
      38.25411605834961,
      6.196599960327148,
      7.4347357749938965,
      4.653214454650879,
      2.35634446144104,
      1.941789150238037,
      0.479248970746994
    ],
    [
      3.838850975036621,
      14.938095092773438,
      14.355814933776855,
      24.871103286743164,
      28.52805519104004,
      34.52144241333008,
      44.50664138793945,
      57.76171875,
      45.420223236083984,
      51.608306884765625,
      26.078577041625977,
      41.69169998168945,
      6.399988174438477,
      8.59809684753418,
      5.207507610321045,
      3.013200283050537,
      2.6409289836883545,
      1.04949951171875
    ],
    [
      4.63253116607666,
      13.593107223510742,
      17.13262367248535,
      23.893552780151367,
      32.220001220703125,
      35.53560256958008,
      41.09964370727539,
      45.420223236083984,
      58.14121627807617,
      60.304195404052734,
      32.48197937011719,
      46.38288116455078,
      7.868528842926025,
      9.502168655395508,
      5.843225955963135,
      3.2199132442474365,
      2.7137081623077393,
      0.986884593963623
    ],
    [
      2.3714048862457275,
      16.209829330444336,
      18.096240997314453,
      28.417917251586914,
      37.20389175415039,
      42.83897018432617,
      43.40221405029297,
      51.608306884765625,
      60.304195404052734,
      75.20529174804688,
      32.37591552734375,
      49.2248649597168,
      6.366927146911621,
      9.456121444702148,
      4.544917106628418,
      3.2727582454681396,
      1.81365966796875,
      1.0416442155838013
    ],
    [
      8.263182640075684,
      2.327741861343384,
      8.99317741394043,
      10.19749641418457,
      21.179628372192383,
      22.229721069335938,
      25.344024658203125,
      26.078577041625977,
      32.48197937011719,
      32.37591552734375,
      41.49992752075195,
      43.65637969970703,
      22.359947204589844,
      17.23427963256836,
      19.782974243164062,
      10.08308219909668,
      13.83322525024414,
      6.097602844238281
    ],
    [
      5.668272018432617,
      7.714395999908447,
      11.588753700256348,
      17.44539451599121,
      28.558685302734375,
      33.27931594848633,
      38.25411605834961,
      41.69169998168945,
      46.38288116455078,
      49.2248649597168,
      43.65637969970703,
      58.62723922729492,
      16.384506225585938,
      16.67620277404785,
      13.872636795043945,
      8.62590217590332,
      9.570734024047852,
      5.054949760437012
    ],
    [
      10.453193664550781,
      -1.053797960281372,
      4.529852867126465,
      2.374616861343384,
      4.42726993560791,
      3.489753007888794,
      6.196599960327148,
      6.399988174438477,
      7.868528842926025,
      6.366927146911621,
      22.359947204589844,
      16.384506225585938,
      31.840486526489258,
      21.22285270690918,
      31.63365936279297,
      17.597137451171875,
      25.84757423400879,
      13.230084419250488
    ],
    [
      4.402266979217529,
      0.5913271307945251,
      3.089327096939087,
      2.760270118713379,
      5.406246662139893,
      4.171207904815674,
      7.4347357749938965,
      8.59809684753418,
      9.502168655395508,
      9.456121444702148,
      17.23427963256836,
      16.67620277404785,
      21.22285270690918,
      21.026954650878906,
      21.89042091369629,
      17.997446060180664,
      22.831058502197266,
      15.733074188232422
    ],
    [
      9.223342895507812,
      -1.0879051685333252,
      3.651716947555542,
      2.0289337635040283,
      3.6203300952911377,
      3.338555097579956,
      4.653214454650879,
      5.207507610321045,
      5.843225955963135,
      4.544917106628418,
      19.782974243164062,
      13.872636795043945,
      31.63365936279297,
      21.89042091369629,
      33.92044448852539,
      20.154630661010742,
      30.192195892333984,
      16.42526626586914
    ],
    [
      2.9845657348632812,
      0.44066551327705383,
      2.025782346725464,
      1.6511932611465454,
      2.3551275730133057,
      1.8062467575073242,
      2.35634446144104,
      3.013200283050537,
      3.2199132442474365,
      3.2727582454681396,
      10.08308219909668,
      8.62590217590332,
      17.597137451171875,
      17.997446060180664,
      20.154630661010742,
      18.839445114135742,
      23.93372344970703,
      17.989110946655273
    ],
    [
      4.679884910583496,
      -0.5351731181144714,
      2.510897636413574,
      1.6108291149139404,
      1.7138285636901855,
      1.4499269723892212,
      1.941789150238037,
      2.6409289836883545,
      2.7137081623077393,
      1.81365966796875,
      13.83322525024414,
      9.570734024047852,
      25.84757423400879,
      22.831058502197266,
      30.192195892333984,
      23.93372344970703,
      34.421653747558594,
      23.24162483215332
    ],
    [
      1.0597838163375854,
      0.2784475088119507,
      1.3427214622497559,
      1.3229238986968994,
      0.744677722454071,
      0.4237855076789856,
      0.479248970746994,
      1.04949951171875,
      0.986884593963623,
      1.0416442155838013,
      6.097602844238281,
      5.054949760437012,
      13.230084419250488,
      15.733074188232422,
      16.42526626586914,
      17.989110946655273,
      23.24162483215332,
      19.316570281982422
    ]
  ],
  "covariance_short": [
    [
      65.19584655761719,
      5.757165908813477,
      20.195756912231445,
      7.557770729064941,
      4.955140113830566,
      4.3334736824035645,
      8.065279006958008,
      6.826466083526611,
      6.838504314422607,
      5.080783843994141,
      9.284102439880371,
      7.5697526931762695,
      10.646698951721191,
      5.430384159088135,
      9.451431274414062,
      3.6113126277923584,
      4.746061325073242,
      1.171323299407959
    ],
    [
      5.757165908813477,
      57.85677719116211,
      11.417628288269043,
      22.222463607788086,
      9.8555326461792,
      13.205109596252441,
      15.676660537719727,
      17.656940460205078,
      16.182146072387695,
      19.163862228393555,
      4.044379234313965,
      9.102985382080078,
      -1.0061506032943726,
      1.2884986400604248,
      -0.7456466555595398,
      1.0558083057403564,
      0.285580575466156,
      0.9488986134529114
    ],
    [
      20.195756912231445,
      11.417628288269043,
      27.670541763305664,
      22.218786239624023,
      12.459052085876465,
      11.308032989501953,
      14.689274787902832,
      14.386384963989258,
      18.134197235107422,
      16.89633560180664,
      10.56488037109375,
      10.90230941772461,
      6.183225631713867,
      3.9665732383728027,
      5.030293941497803,
      2.7064852714538574,
      3.1074161529541016,
      1.4226977825164795
    ],
    [
      7.557770729064941,
      22.222463607788086,
      22.218786239624023,
      48.377906799316406,
      19.22808265686035,
      24.28919219970703,
      24.039169311523438,
      28.805191040039062,
      27.492862701416016,
      32.451446533203125,
      11.653748512268066,
      17.167675018310547,
      2.0313706398010254,
      2.6100783348083496,
      1.3885420560836792,
      1.3288120031356812,
      0.7889316082000732,
      0.7641881704330444
    ],
    [
      4.955140113830566,
      9.8555326461792,
      12.459052085876465,
      19.22808265686035,
      41.105384826660156,
      39.2667121887207,
      30.21356201171875,
      32.088539123535156,
      37.177032470703125,
      41.89971923828125,
      24.760047912597656,
      29.54970932006836,
      5.225601673126221,
      6.655837059020996,
      4.086588382720947,
      2.7572107315063477,
      2.440929651260376,
      1.1313378810882568
    ],
    [
      4.3334736824035645,
      13.205109596252441,
      11.308032989501953,
      24.28919219970703,
      39.2667121887207,
      54.943580627441406,
      35.03453826904297,
      38.50316619873047,
      40.84713363647461,
      48.24571228027344,
      25.26746940612793,
      33.559566497802734,
      3.994028091430664,
      5.2430500984191895,
      3.4732155799865723,
      2.036144256591797,
      1.7798264026641846,
      0.6797005534172058
    ],
    [
      8.065279006958008,
      15.676660537719727,
      14.689274787902832,
      24.039169311523438,
      30.21356201171875,
      35.03453826904297,
      49.32664489746094,
      47.056739807128906,
      46.93633270263672,
      48.98908615112305,
      29.346200942993164,
      38.6823616027832,
      7.158665180206299,
      8.542202949523926,
      5.362459659576416,
      3.1241345405578613,
      3.0577986240386963,
      1.2199264764785767
    ],
    [
      6.826466083526611,
      17.656940460205078,
      14.386384963989258,
      28.805191040039062,
      32.088539123535156,
      38.50316619873047,
      47.056739807128906,
      61.108551025390625,
      49.57132339477539,
      55.95121383666992,
      29.94685173034668,
      41.42991256713867,
      7.880479335784912,
      9.809233665466309,
      6.21331262588501,
      4.0738935470581055,
      3.9356813430786133,
      1.9397245645523071
    ],
    [
      6.838504314422607,
      16.182146072387695,
      18.134197235107422,
      27.492862701416016,
      37.177032470703125,
      40.84713363647461,
      46.93633270263672,
      49.57132339477539,
      68.08108520507812,
      67.96092987060547,
      40.064857482910156,
      48.878868103027344,
      10.820647239685059,
      11.900212287902832,
      8.424042701721191,
      4.842913627624512,
      5.339606761932373,
      2.2947006225585938
    ],
    [
      5.080783843994141,
      19.163862228393555,
      16.89633560180664,
      32.451446533203125,
      41.89971923828125,
      48.24571228027344,
      48.98908615112305,
      55.95121383666992,
      67.96092987060547,
      84.44596862792969,
      38.92551803588867,
      51.129520416259766,
      8.372314453125,
      11.553221702575684,
      6.263306617736816,
      4.520466327667236,
      3.785728931427002,
      2.079259157180786
    ],
    [
      9.284102439880371,
      4.044379234313965,
      10.56488037109375,
      11.653748512268066,
      24.760047912597656,
      25.26746940612793,
      29.346200942993164,
      29.94685173034668,
      40.064857482910156,
      38.92551803588867,
      49.91897964477539,
      47.852054595947266,
      25.915830612182617,
      20.945783615112305,
      22.603580474853516,
      12.042695045471191,
      15.972379684448242,
      7.063122749328613
    ],
    [
      7.5697526931762695,
      9.102985382080078,
      10.90230941772461,
      17.167675018310547,
      29.54970932006836,
      33.559566497802734,
      38.6823616027832,
      41.42991256713867,
      48.878868103027344,
      51.129520416259766,
      47.852054595947266,
      58.89760971069336,
      18.842140197753906,
      19.41445541381836,
      15.828218460083008,
      10.377286911010742,
      11.481119155883789,
      6.21606969833374
    ],
    [
      10.646698951721191,
      -1.0061506032943726,
      6.183225631713867,
      2.0313706398010254,
      5.225601673126221,
      3.994028091430664,
      7.158665180206299,
      7.880479335784912,
      10.820647239685059,
      8.372314453125,
      25.915830612182617,
      18.842140197753906,
      34.83085632324219,
      22.884424209594727,
      33.649166107177734,
      18.290849685668945,
      25.603961944580078,
      12.04188060760498
    ],
    [
      5.430384159088135,
      1.2884986400604248,
      3.9665732383728027,
      2.6100783348083496,
      6.655837059020996,
      5.2430500984191895,
      8.542202949523926,
      9.809233665466309,
      11.900212287902832,
      11.553221702575684,
      20.945783615112305,
      19.41445541381836,
      22.884424209594727,
      21.869014739990234,
      22.67897605895996,
      17.23867416381836,
      20.67255401611328,
      12.891057014465332
    ],
    [
      9.451431274414062,
      -0.7456466555595398,
      5.030293941497803,
      1.3885420560836792,
      4.086588382720947,
      3.4732155799865723,
      5.362459659576416,
      6.21331262588501,
      8.424042701721191,
      6.263306617736816,
      22.603580474853516,
      15.828218460083008,
      33.649166107177734,
      22.67897605895996,
      35.64988708496094,
      20.233755111694336,
      29.161924362182617,
      14.325285911560059
    ],
    [
      3.6113126277923584,
      1.0558083057403564,
      2.7064852714538574,
      1.3288120031356812,
      2.7572107315063477,
      2.036144256591797,
      3.1241345405578613,
      4.0738935470581055,
      4.842913627624512,
      4.520466327667236,
      12.042695045471191,
      10.377286911010742,
      18.290849685668945,
      17.23867416381836,
      20.233755111694336,
      17.060686111450195,
      20.482988357543945,
      13.95445728302002
    ],
    [
      4.746061325073242,
      0.285580575466156,
      3.1074161529541016,
      0.7889316082000732,
      2.440929651260376,
      1.7798264026641846,
      3.0577986240386963,
      3.9356813430786133,
      5.339606761932373,
      3.785728931427002,
      15.972379684448242,
      11.481119155883789,
      25.603961944580078,
      20.67255401611328,
      29.161924362182617,
      20.482988357543945,
      29.379858016967773,
      17.300029754638672
    ],
    [
      1.171323299407959,
      0.9488986134529114,
      1.4226977825164795,
      0.7641881704330444,
      1.1313378810882568,
      0.6797005534172058,
      1.2199264764785767,
      1.9397245645523071,
      2.2947006225585938,
      2.079259157180786,
      7.063122749328613,
      6.21606969833374,
      12.04188060760498,
      12.891057014465332,
      14.325285911560059,
      13.95445728302002,
      17.300029754638672,
      13.529773712158203
    ]
  ],
  "damage": -11.36401081085205,
  "diff_bandwidth": 382.5769958496094,
  "dissonance": 3.5963838051653303,
  "drr": 1.7693103551864624,
  "dynamics": 3.927882194519043,
  "format": 1245190,
  "frames": 17059776,
  "loudness": -19.188867568969727,
  "loudness_range": 10.081867218017578,
  "loudness_range_short": 13.649951934814453,
  "lowpass_true_peak_15khz": -0.7930867671966553,
  "mastering3_acoustic_entropies": [
    {
      "acoustic_entropy": 7.357467174530029,
      "acoustic_entropy_mono": 6.8919806480407715,
      "band_eliminated_acoustic_entropies": [
        {
          "acoustic_entropy": 7.504467964172363,
          "acoustic_entropy_side": 7.357609748840332,
          "hz": 129.47220167065723
        },
        {
          "acoustic_entropy": 7.302761554718018,
          "acoustic_entropy_side": 7.3837056159973145,
          "hz": 202.92927478742237
        },
        {
          "acoustic_entropy": 7.232908248901367,
          "acoustic_entropy_side": 7.424047470092773,
          "hz": 282.89161906338205
        },
        {
          "acoustic_entropy": 7.1388678550720215,
          "acoustic_entropy_side": 7.304591178894043,
          "hz": 369.9353335868758
        },
        {
          "acoustic_entropy": 7.653946399688721,
          "acoustic_entropy_side": 7.996336460113525,
          "hz": 464.6875360973435
        },
        {
          "acoustic_entropy": 7.505917072296143,
          "acoustic_entropy_side": 7.713049411773682,
          "hz": 567.8308811364784
        },
        {
          "acoustic_entropy": 7.830249786376953,
          "acoustic_entropy_side": 8.347403526306152,
          "hz": 680.1084783214808
        },
        {
          "acoustic_entropy": 7.7286810874938965,
          "acoustic_entropy_side": 7.427584648132324,
          "hz": 802.3292461747484
        },
        {
          "acoustic_entropy": 7.261818885803223,
          "acoustic_entropy_side": 7.312937259674072,
          "hz": 935.3737400823702
        },
        {
          "acoustic_entropy": 7.57004976272583,
          "acoustic_entropy_side": 7.845994472503662,
          "hz": 1080.2004963696966
        },
        {
          "acoustic_entropy": 7.632631301879883,
          "acoustic_entropy_side": 7.538768768310547,
          "hz": 1237.8529382007157
        },
        {
          "acoustic_entropy": 7.313155651092529,
          "acoustic_entropy_side": 7.350766181945801,
          "hz": 1409.4668930556702
        },
        {
          "acoustic_entropy": 7.502817630767822,
          "acoustic_entropy_side": 7.3766188621521,
          "hz": 1596.2787759475705
        },
        {
          "acoustic_entropy": 7.322728157043457,
          "acoustic_entropy_side": 7.3423075675964355,
          "hz": 1799.6344973346393
        },
        {
          "acoustic_entropy": 7.399623870849609,
          "acoustic_entropy_side": 7.371775150299072,
          "hz": 2020.9991599069049
        },
        {
          "acoustic_entropy": 7.387186050415039,
          "acoustic_entropy_side": 7.335998058319092,
          "hz": 2261.9676141086993
        },
        {
          "acoustic_entropy": 7.4914960861206055,
          "acoustic_entropy_side": 7.36964225769043,
          "hz": 2524.2759484456974
        },
        {
          "acoustic_entropy": 7.399042129516602,
          "acoustic_entropy_side": 7.368930816650391,
          "hz": 2809.813997359896
        },
        {
          "acoustic_entropy": 7.364598751068115,
          "acoustic_entropy_side": 7.348121166229248,
          "hz": 3120.6389567871424
        },
        {
          "acoustic_entropy": 7.366748809814453,
          "acoustic_entropy_side": 7.358244895935059,
          "hz": 3458.990205492291
        },
        {
          "acoustic_entropy": 7.3611578941345215,
          "acoustic_entropy_side": 7.3591742515563965,
          "hz": 3827.305438964164
        },
        {
          "acoustic_entropy": 7.358578681945801,
          "acoustic_entropy_side": 7.357944488525391,
          "hz": 4228.238232109126
        },
        {
          "acoustic_entropy": 7.357722282409668,
          "acoustic_entropy_side": 7.357504367828369,
          "hz": 4664.6771572759235
        },
        {
          "acoustic_entropy": 7.357518196105957,
          "acoustic_entropy_side": 7.357487678527832,
          "hz": 5139.766595350093
        },
        {
          "acoustic_entropy": 7.3574748039245605,
          "acoustic_entropy_side": 7.357473850250244,
          "hz": 5656.929389854203
        },
        {
          "acoustic_entropy": 7.357464790344238,
          "acoustic_entropy_side": 7.35746955871582,
          "hz": 6219.891507268283
        },
        {
          "acoustic_entropy": 7.357463359832764,
          "acoustic_entropy_side": 7.357467174530029,
          "hz": 6832.70888123896
        },
        {
          "acoustic_entropy": 7.357470989227295,
          "acoustic_entropy_side": 7.357466220855713,
          "hz": 7499.796634079867
        },
        {
          "acoustic_entropy": 7.357470989227295,
          "acoustic_entropy_side": 7.357466697692871,
          "hz": 8225.96088609342
        },
        {
          "acoustic_entropy": 7.357471942901611,
          "acoustic_entropy_side": 7.357466220855713,
          "hz": 9016.43338188839
        },
        {
          "acoustic_entropy": 7.357469081878662,
          "acoustic_entropy_side": 7.357466697692871,
          "hz": 9876.909183162974
        },
        {
          "acoustic_entropy": 7.357470512390137,
          "acoustic_entropy_side": 7.357465744018555,
          "hz": 10813.587699516042
        },
        {
          "acoustic_entropy": 7.357463836669922,
          "acoustic_entropy_side": 7.357467174530029,
          "hz": 11833.21735289826
        },
        {
          "acoustic_entropy": 7.357455730438232,
          "acoustic_entropy_side": 7.357465744018555,
          "hz": 12943.144197493959
        },
        {
          "acoustic_entropy": 7.357461452484131,
          "acoustic_entropy_side": 7.357467174530029,
          "hz": 14151.364845322005
        },
        {
          "acoustic_entropy": 7.357464790344238,
          "acoustic_entropy_side": 7.357465744018555,
          "hz": 15466.58407886509
        },
        {
          "acoustic_entropy": 7.357462406158447,
          "acoustic_entropy_side": 7.357466697692871,
          "hz": 16898.27756580493
        },
        {
          "acoustic_entropy": 7.357462406158447,
          "acoustic_entropy_side": 7.357466697692871,
          "hz": 18456.760127700032
        },
        {
          "acoustic_entropy": 7.357466220855713,
          "acoustic_entropy_side": 7.357466697692871,
          "hz": 20153.260054456492
        },
        {
          "acoustic_entropy": 7.357466697692871,
          "acoustic_entropy_side": 7.3574676513671875,
          "hz": 22000.00000000001
        }
      ],
      "diff_acoustic_entropy": 5.828040599822998,
      "sn": 6
    },
    {
      "acoustic_entropy": 10.682364463806152,
      "acoustic_entropy_mono": 10.034086227416992,
      "band_eliminated_acoustic_entropies": [
        {
          "acoustic_entropy": 10.531900405883789,
          "acoustic_entropy_side": 10.6826171875,
          "hz": 129.47220167065723
        },
        {
          "acoustic_entropy": 11.575654983520508,
          "acoustic_entropy_side": 10.643240928649902,
          "hz": 202.92927478742237
        },
        {
          "acoustic_entropy": 11.554018020629883,
          "acoustic_entropy_side": 11.339369773864746,
          "hz": 282.89161906338205
        },
        {
          "acoustic_entropy": 10.452470779418945,
          "acoustic_entropy_side": 10.923380851745605,
          "hz": 369.9353335868758
        },
        {
          "acoustic_entropy": 11.322264671325684,
          "acoustic_entropy_side": 11.146653175354004,
          "hz": 464.6875360973435
        },
        {
          "acoustic_entropy": 10.44838809967041,
          "acoustic_entropy_side": 11.254157066345215,
          "hz": 567.8308811364784
        },
        {
          "acoustic_entropy": 11.076043128967285,
          "acoustic_entropy_side": 11.66384220123291,
          "hz": 680.1084783214808
        },
        {
          "acoustic_entropy": 10.501500129699707,
          "acoustic_entropy_side": 10.345084190368652,
          "hz": 802.3292461747484
        },
        {
          "acoustic_entropy": 10.568015098571777,
          "acoustic_entropy_side": 10.336179733276367,
          "hz": 935.3737400823702
        },
        {
          "acoustic_entropy": 10.752228736877441,
          "acoustic_entropy_side": 11.244016647338867,
          "hz": 1080.2004963696966
        },
        {
          "acoustic_entropy": 10.484046936035156,
          "acoustic_entropy_side": 10.601059913635254,
          "hz": 1237.8529382007157
        },
        {
          "acoustic_entropy": 10.489608764648438,
          "acoustic_entropy_side": 10.64968204498291,
          "hz": 1409.4668930556702
        },
        {
          "acoustic_entropy": 10.797078132629395,
          "acoustic_entropy_side": 10.69394302368164,
          "hz": 1596.2787759475705
        },
        {
          "acoustic_entropy": 10.615340232849121,
          "acoustic_entropy_side": 10.56485366821289,
          "hz": 1799.6344973346393
        },
        {
          "acoustic_entropy": 10.754246711730957,
          "acoustic_entropy_side": 10.881229400634766,
          "hz": 2020.9991599069049
        },
        {
          "acoustic_entropy": 10.60790729522705,
          "acoustic_entropy_side": 10.694767951965332,
          "hz": 2261.9676141086993
        },
        {
          "acoustic_entropy": 10.745254516601562,
          "acoustic_entropy_side": 10.689711570739746,
          "hz": 2524.2759484456974
        },
        {
          "acoustic_entropy": 10.719072341918945,
          "acoustic_entropy_side": 10.689361572265625,
          "hz": 2809.813997359896
        },
        {
          "acoustic_entropy": 10.778240203857422,
          "acoustic_entropy_side": 10.681148529052734,
          "hz": 3120.6389567871424
        },
        {
          "acoustic_entropy": 10.729218482971191,
          "acoustic_entropy_side": 10.6863431930542,
          "hz": 3458.990205492291
        },
        {
          "acoustic_entropy": 10.680109977722168,
          "acoustic_entropy_side": 10.68251895904541,
          "hz": 3827.305438964164
        },
        {
          "acoustic_entropy": 10.677449226379395,
          "acoustic_entropy_side": 10.681400299072266,
          "hz": 4228.238232109126
        },
        {
          "acoustic_entropy": 10.6787691116333,
          "acoustic_entropy_side": 10.68218994140625,
          "hz": 4664.6771572759235
        },
        {
          "acoustic_entropy": 10.668538093566895,
          "acoustic_entropy_side": 10.682393074035645,
          "hz": 5139.766595350093
        },
        {
          "acoustic_entropy": 10.672277450561523,
          "acoustic_entropy_side": 10.682233810424805,
          "hz": 5656.929389854203
        },
        {
          "acoustic_entropy": 10.673843383789062,
          "acoustic_entropy_side": 10.682211875915527,
          "hz": 6219.891507268283
        },
        {
          "acoustic_entropy": 10.681713104248047,
          "acoustic_entropy_side": 10.682112693786621,
          "hz": 6832.70888123896
        },
        {
          "acoustic_entropy": 10.67969036102295,
          "acoustic_entropy_side": 10.682256698608398,
          "hz": 7499.796634079867
        },
        {
          "acoustic_entropy": 10.667534828186035,
          "acoustic_entropy_side": 10.682336807250977,
          "hz": 8225.96088609342
        },
        {
          "acoustic_entropy": 10.678199768066406,
          "acoustic_entropy_side": 10.682360649108887,
          "hz": 9016.43338188839
        },
        {
          "acoustic_entropy": 10.667436599731445,
          "acoustic_entropy_side": 10.682343482971191,
          "hz": 9876.909183162974
        },
        {
          "acoustic_entropy": 10.681967735290527,
          "acoustic_entropy_side": 10.68233585357666,
          "hz": 10813.587699516042
        },
        {
          "acoustic_entropy": 10.683294296264648,
          "acoustic_entropy_side": 10.682323455810547,
          "hz": 11833.21735289826
        },
        {
          "acoustic_entropy": 10.682684898376465,
          "acoustic_entropy_side": 10.682273864746094,
          "hz": 12943.144197493959
        },
        {
          "acoustic_entropy": 10.683181762695312,
          "acoustic_entropy_side": 10.682318687438965,
          "hz": 14151.364845322005
        },
        {
          "acoustic_entropy": 10.683599472045898,
          "acoustic_entropy_side": 10.682343482971191,
          "hz": 15466.58407886509
        },
        {
          "acoustic_entropy": 10.683479309082031,
          "acoustic_entropy_side": 10.682318687438965,
          "hz": 16898.27756580493
        },
        {
          "acoustic_entropy": 10.681648254394531,
          "acoustic_entropy_side": 10.682313919067383,
          "hz": 18456.760127700032
        },
        {
          "acoustic_entropy": 10.679673194885254,
          "acoustic_entropy_side": 10.682351112365723,
          "hz": 20153.260054456492
        },
        {
          "acoustic_entropy": 10.682328224182129,
          "acoustic_entropy_side": 10.682363510131836,
          "hz": 22000.00000000001
        }
      ],
      "diff_acoustic_entropy": 8.477835655212402,
      "sn": 12
    },
    {
      "acoustic_entropy": 18.73390007019043,
      "acoustic_entropy_mono": 15.045639038085938,
      "band_eliminated_acoustic_entropies": [
        {
          "acoustic_entropy": 17.5687255859375,
          "acoustic_entropy_side": 18.436180114746094,
          "hz": 129.47220167065723
        },
        {
          "acoustic_entropy": 18.596284866333008,
          "acoustic_entropy_side": 17.661264419555664,
          "hz": 202.92927478742237
        },
        {
          "acoustic_entropy": 18.74678611755371,
          "acoustic_entropy_side": 18.584901809692383,
          "hz": 282.89161906338205
        },
        {
          "acoustic_entropy": 18.294235229492188,
          "acoustic_entropy_side": 18.43240737915039,
          "hz": 369.9353335868758
        },
        {
          "acoustic_entropy": 17.3463077545166,
          "acoustic_entropy_side": 18.376731872558594,
          "hz": 464.6875360973435
        },
        {
          "acoustic_entropy": 18.937484741210938,
          "acoustic_entropy_side": 19.652463912963867,
          "hz": 567.8308811364784
        },
        {
          "acoustic_entropy": 18.455759048461914,
          "acoustic_entropy_side": 19.459409713745117,
          "hz": 680.1084783214808
        },
        {
          "acoustic_entropy": 18.548870086669922,
          "acoustic_entropy_side": 19.122333526611328,
          "hz": 802.3292461747484
        },
        {
          "acoustic_entropy": 18.20685386657715,
          "acoustic_entropy_side": 19.161684036254883,
          "hz": 935.3737400823702
        },
        {
          "acoustic_entropy": 18.157987594604492,
          "acoustic_entropy_side": 18.24134635925293,
          "hz": 1080.2004963696966
        },
        {
          "acoustic_entropy": 19.272705078125,
          "acoustic_entropy_side": 18.487110137939453,
          "hz": 1237.8529382007157
        },
        {
          "acoustic_entropy": 18.131513595581055,
          "acoustic_entropy_side": 18.4943904876709,
          "hz": 1409.4668930556702
        },
        {
          "acoustic_entropy": 18.121047973632812,
          "acoustic_entropy_side": 19.091136932373047,
          "hz": 1596.2787759475705
        },
        {
          "acoustic_entropy": 18.778589248657227,
          "acoustic_entropy_side": 18.526012420654297,
          "hz": 1799.6344973346393
        },
        {
          "acoustic_entropy": 18.218233108520508,
          "acoustic_entropy_side": 18.960784912109375,
          "hz": 2020.9991599069049
        },
        {
          "acoustic_entropy": 18.256669998168945,
          "acoustic_entropy_side": 18.302263259887695,
          "hz": 2261.9676141086993
        },
        {
          "acoustic_entropy": 18.783903121948242,
          "acoustic_entropy_side": 18.511734008789062,
          "hz": 2524.2759484456974
        },
        {
          "acoustic_entropy": 18.65481185913086,
          "acoustic_entropy_side": 18.864591598510742,
          "hz": 2809.813997359896
        },
        {
          "acoustic_entropy": 18.436046600341797,
