{
  "acoustic_entropy": 126.08223724365234,
  "bands": [
    {
      "high_freq": 148.1999969482422,
      "loudness": -33.381866455078125,
      "loudness_range": 12.81096076965332,
      "mid_mean": -30.578378677368164,
      "mid_to_side_loudness": -15.047351837158203,
      "mid_to_side_loudness_range": 24.27694320678711,
      "side_mean": -51.83443069458008
    },
    {
      "high_freq": 392.3793640136719,
      "loudness": -24.574729919433594,
      "loudness_range": 11.302642822265625,
      "low_freq": 148.1999969482422,
      "mid_mean": -22.180681228637695,
      "mid_to_side_loudness": -25.285886764526367,
      "mid_to_side_loudness_range": 30.788625717163086,
      "side_mean": -53.75829315185547
    },
    {
      "high_freq": 794.6976318359375,
      "loudness": -21.674711227416992,
      "loudness_range": 14.014557838439941,
      "low_freq": 392.3793640136719,
      "mid_mean": -18.73347282409668,
      "mid_to_side_loudness": -25.067766189575195,
      "mid_to_side_loudness_range": 23.288410186767578,
      "side_mean": -51.238189697265625
    },
    {
      "high_freq": 1457.5709228515625,
      "loudness": -32.7722053527832,
      "loudness_range": 13.122791290283203,
      "low_freq": 794.6976318359375,
      "mid_mean": -29.791757583618164,
      "mid_to_side_loudness": -16.159523010253906,
      "mid_to_side_loudness_range": 19.177974700927734,
      "side_mean": -52.761497497558594
    },
    {
      "high_freq": 2549.74365234375,
      "loudness": -32.76850891113281,
      "loudness_range": 15.923324584960938,
      "low_freq": 1457.5709228515625,
      "mid_mean": -30.121301651000977,
      "mid_to_side_loudness": -11.301740646362305,
      "mid_to_side_loudness_range": 13.030043601989746,
      "side_mean": -43.27402114868164
    },
    {
      "high_freq": 4349.24462890625,
      "loudness": -27.54126739501953,
      "loudness_range": 17.259483337402344,
      "low_freq": 2549.74365234375,
      "mid_mean": -26.283376693725586,
      "mid_to_side_loudness": -6.604697227478027,
      "mid_to_side_loudness_range": 8.337455749511719,
      "side_mean": -32.77240753173828
    },
    {
      "high_freq": 7314.1640625,
      "loudness": -27.575469970703125,
      "loudness_range": 17.167898178100586,
      "low_freq": 4349.24462890625,
      "mid_mean": -26.57149887084961,
      "mid_to_side_loudness": -3.498380661010742,
      "mid_to_side_loudness_range": 4.335044860839844,
      "side_mean": -30.24189567565918
    },
    {
      "high_freq": 12199.2666015625,
      "loudness": -35.46289825439453,
      "loudness_range": 12.8104248046875,
      "low_freq": 7314.1640625,
      "mid_mean": -37.922149658203125,
      "mid_to_side_loudness": 2.9535226821899414,
      "mid_to_side_loudness_range": 2.4925777912139893,
      "side_mean": -34.28702163696289
    },
    {
      "loudness": -50.98337173461914,
      "loudness_range": 16.13814926147461,
      "low_freq": 12199.2666015625,
      "mid_mean": -56.15676498413086,
      "mid_to_side_loudness": 2.4195737838745117,
      "mid_to_side_loudness_range": 8.332202911376953,
      "side_mean": -54.33740997314453
    }
  ],
  "bands_short": [
    {
      "high_freq": 148.1999969482422,
      "loudness": -38.96516799926758,
      "loudness_range": 19.92938804626465,
      "mid_mean": -36.605194091796875,
      "mid_to_side_loudness": -10.941000938415527,
      "mid_to_side_loudness_range": 25.620590209960938,
      "side_mean": -52.976802825927734
    },
    {
      "high_freq": 392.3793640136719,
      "loudness": -26.256601333618164,
      "loudness_range": 16.23406982421875,
      "low_freq": 148.1999969482422,
      "mid_mean": -24.068477630615234,
      "mid_to_side_loudness": -23.614822387695312,
      "mid_to_side_loudness_range": 30.705129623413086,
      "side_mean": -54.238014221191406
    },
    {
      "high_freq": 794.6976318359375,
      "loudness": -21.733234405517578,
      "loudness_range": 15.25797176361084,
      "low_freq": 392.3793640136719,
      "mid_mean": -19.272432327270508,
      "mid_to_side_loudness": -25.168338775634766,
      "mid_to_side_loudness_range": 23.118783950805664,
      "side_mean": -52.429874420166016
    },
    {
      "high_freq": 1457.5709228515625,
      "loudness": -33.30982971191406,
      "loudness_range": 16.30546760559082,
      "low_freq": 794.6976318359375,
      "mid_mean": -30.676809310913086,
      "mid_to_side_loudness": -16.303316116333008,
      "mid_to_side_loudness_range": 19.65889549255371,
      "side_mean": -54.07545471191406
    },
    {
      "high_freq": 2549.74365234375,
      "loudness": -34.49595260620117,
      "loudness_range": 18.42873764038086,
      "low_freq": 1457.5709228515625,
      "mid_mean": -32.26511764526367,
      "mid_to_side_loudness": -11.325879096984863,
      "mid_to_side_loudness_range": 14.013214111328125,
      "side_mean": -51.00925827026367
    },
    {
      "high_freq": 4349.24462890625,
      "loudness": -29.02594757080078,
      "loudness_range": 21.02553367614746,
      "low_freq": 2549.74365234375,
      "mid_mean": -27.765647888183594,
      "mid_to_side_loudness": -6.888918876647949,
      "mid_to_side_loudness_range": 8.005719184875488,
      "side_mean": -35.289939880371094
    },
    {
      "high_freq": 7314.1640625,
      "loudness": -29.24401092529297,
      "loudness_range": 21.403770446777344,
      "low_freq": 4349.24462890625,
      "mid_mean": -28.67043113708496,
      "mid_to_side_loudness": -3.5176780223846436,
      "mid_to_side_loudness_range": 4.507861137390137,
      "side_mean": -32.42030334472656
    },
    {
      "high_freq": 12199.2666015625,
      "loudness": -37.003456115722656,
      "loudness_range": 18.34455108642578,
      "low_freq": 7314.1640625,
      "mid_mean": -40.1472053527832,
      "mid_to_side_loudness": 2.994324207305908,
      "mid_to_side_loudness_range": 3.730914831161499,
      "side_mean": -36.68391418457031
    },
    {
      "loudness": -52.51249694824219,
      "loudness_range": 20.52725601196289,
      "low_freq": 12199.2666015625,
      "mid_mean": -58.02019500732422,
      "mid_to_side_loudness": 3.7868688106536865,
      "mid_to_side_loudness_range": 9.980186462402344,
      "side_mean": -55.18886947631836
    }
  ],
  "bandwidth": 808.2622680664062,
  "channels": 2,
  "covariance": [
    [
      52.80567932128906,
      12.684324264526367,
      40.88958740234375,
      23.11802101135254,
      27.726802825927734,
      36.075233459472656,
      22.609521865844727,
      33.6403694152832,
      25.48541831970215,
      37.009464263916016,
      34.19280242919922,
      22.93703842163086,
      19.53598403930664,
      20.2397403717041,
      31.919239044189453,
      24.044315338134766,
      25.441871643066406,
      28.549123764038086
    ],
    [
      12.684324264526367,
      94.96002197265625,
      10.680517196655273,
      88.23841094970703,
      9.127408981323242,
      103.87672424316406,
      5.497876167297363,
      96.01333618164062,
      8.086918830871582,
      16.680559158325195,
      10.088118553161621,
      4.803342819213867,
      4.441947937011719,
      3.2473652362823486,
      7.70703125,
      4.587512969970703,
      77.0748291015625,
      87.08198547363281
    ],
    [
      40.88958740234375,
      10.680517196655273,
      50.794456481933594,
      26.537616729736328,
      26.307205200195312,
      33.34242630004883,
      20.505815505981445,
      28.65734100341797,
      19.85873794555664,
      30.58867645263672,
      28.952598571777344,
      16.669397354125977,
      11.848665237426758,
      15.840534210205078,
      23.397308349609375,
      16.768810272216797,
      16.101051330566406,
      20.95649528503418
    ],
    [
      23.11802101135254,
      88.23841094970703,
      26.537616729736328,
      90.79115295410156,
      20.215023040771484,
      105.94927978515625,
      16.633146286010742,
      96.88469696044922,
      17.89024543762207,
      28.332361221313477,
      22.476621627807617,
      14.695847511291504,
      12.18758487701416,
      11.304877281188965,
      15.279118537902832,
      10.679341316223145,
      75.48522186279297,
      84.5264663696289
    ],
    [
      27.726802825927734,
      9.127408981323242,
      26.307205200195312,
      20.215023040771484,
      53.48759078979492,
      49.53561019897461,
      31.064294815063477,
      38.285560607910156,
      24.31134605407715,
      33.72532653808594,
      45.390289306640625,
      35.01607894897461,
      28.75856590270996,
      30.89948081970215,
      34.63160705566406,
      25.307079315185547,
      31.070362091064453,
      32.493858337402344
    ],
    [
      36.075233459472656,
      103.87672424316406,
      33.34242630004883,
      105.94927978515625,
      49.53561019897461,
      149.552978515625,
      38.15143966674805,
      133.03306579589844,
      37.854026794433594,
      56.13779830932617,
      57.8675651550293,
      51.56044387817383,
      46.598480224609375,
      45.606815338134766,
      44.00358963012695,
      36.04557418823242,
      108.07881927490234,
      115.86719512939453
    ],
    [
      22.609521865844727,
      5.497876167297363,
      20.505815505981445,
      16.633146286010742,
      31.064294815063477,
      38.15143966674805,
      47.19077682495117,
      41.190982818603516,
      28.79728889465332,
      30.845985412597656,
      45.70500564575195,
      42.659912109375,
      38.062583923339844,
      37.49014663696289,
      39.46992111206055,
      35.7589225769043,
      29.41630744934082,
      29.42410659790039
    ],
    [
      33.6403694152832,
      96.01333618164062,
      28.65734100341797,
      96.88469696044922,
      38.285560607910156,
      133.03306579589844,
      41.190982818603516,
      127.86135864257812,
      36.299617767333984,
      53.59133529663086,
      53.21344757080078,
      47.15296173095703,
      42.58797073364258,
      41.03813552856445,
      43.99318313598633,
      36.76923370361328,
      100.94524383544922,
      108.44686126708984
    ],
    [
      25.48541831970215,
      8.086918830871582,
      19.85873794555664,
      17.89024543762207,
      24.31134605407715,
      37.854026794433594,
      28.79728889465332,
      36.299617767333984,
      56.18500900268555,
      52.7430305480957,
      57.7879524230957,
      49.35075378417969,
      46.60399627685547,
      41.210357666015625,
      33.03404998779297,
      29.167184829711914,
      32.01264953613281,
      23.69449806213379
    ],
    [
      37.009464263916016,
      16.680559158325195,
      30.58867645263672,
      28.332361221313477,
      33.72532653808594,
      56.13779830932617,
      30.845985412597656,
      53.59133529663086,
      52.7430305480957,
      71.95447540283203,
      60.007869720458984,
      51.70216369628906,
      45.032527923583984,
      44.191741943359375,
      40.30865478515625,
      32.0855598449707,
      46.22357940673828,
      39.8646354675293
    ],
    [
      34.19280242919922,
      10.088118553161621,
      28.952598571777344,
      22.476621627807617,
      45.390289306640625,
      57.8675651550293,
      45.70500564575195,
      53.21344757080078,
      57.7879524230957,
      60.007869720458984,
      79.86629486083984,
      70.05242156982422,
      62.36121368408203,
      62.756839752197266,
      51.80240249633789,
      47.46324157714844,
      48.07569122314453,
      41.33088684082031
    ],
    [
      22.93703842163086,
      4.803342819213867,
      16.669397354125977,
      14.695847511291504,
      35.01607894897461,
      51.56044387817383,
      42.659912109375,
      47.15296173095703,
      49.35075378417969,
      51.70216369628906,
      70.05242156982422,
      74.94930267333984,
      68.14640045166016,
      66.59245300292969,
      49.69757080078125,
      50.948974609375,
      45.23783874511719,
      35.55512619018555
    ],
    [
      19.53598403930664,
      4.441947937011719,
      11.848665237426758,
      12.18758487701416,
      28.75856590270996,
      46.598480224609375,
      38.062583923339844,
      42.58797073364258,
      46.60399627685547,
      45.032527923583984,
      62.36121368408203,
      68.14640045166016,
      71.31700897216797,
      62.859134674072266,
      49.81340026855469,
      50.64352035522461,
      46.6509895324707,
      36.0771598815918
    ],
    [
      20.2397403717041,
      3.2473652362823486,
      15.840534210205078,
      11.304877281188965,
      30.89948081970215,
      45.606815338134766,
      37.49014663696289,
      41.03813552856445,
      41.210357666015625,
      44.191741943359375,
      62.756839752197266,
      66.59245300292969,
      62.859134674072266,
      67.62743377685547,
      48.35403823852539,
      48.772857666015625,
      44.16557312011719,
      33.83708953857422
    ],
    [
      31.919239044189453,
      7.70703125,
      23.397308349609375,
      15.279118537902832,
      34.63160705566406,
      44.00358963012695,
      39.46992111206055,
      43.99318313598633,
      33.03404998779297,
      40.30865478515625,
      51.80240249633789,
      49.69757080078125,
      49.81340026855469,
      48.35403823852539,
      56.501094818115234,
      47.9444694519043,
      44.02116012573242,
      40.24557876586914
    ],
    [
      24.044315338134766,
      4.587512969970703,
      16.768810272216797,
      10.679341316223145,
      25.307079315185547,
      36.04557418823242,
      35.7589225769043,
      36.76923370361328,
      29.167184829711914,
      32.0855598449707,
      47.46324157714844,
      50.948974609375,
      50.64352035522461,
      48.772857666015625,
      47.9444694519043,
      49.42166519165039,
      38.66946029663086,
      33.6442756652832
    ],
    [
      25.441871643066406,
      77.0748291015625,
      16.101051330566406,
      75.48522186279297,
      31.070362091064453,
      108.07881927490234,
      29.41630744934082,
      100.94524383544922,
      32.01264953613281,
      46.22357940673828,
      48.07569122314453,
      45.23783874511719,
      46.6509895324707,
      44.16557312011719,
      44.02116012573242,
      38.66946029663086,
      91.20559692382812,
      92.65752410888672
    ],
    [
      28.549123764038086,
      87.08198547363281,
      20.95649528503418,
      84.5264663696289,
      32.493858337402344,
      115.86719512939453,
      29.42410659790039,
      108.44686126708984,
      23.69449806213379,
      39.8646354675293,
      41.33088684082031,
      35.55512619018555,
      36.0771598815918,
      33.83708953857422,
      40.24557876586914,
      33.6442756652832,
      92.65752410888672,
      100.673583984375
    ]
  ],
  "covariance_short": [
    [
      75.75586700439453,
      13.129124641418457,
      40.407630920410156,
      20.92585563659668,
      24.77294158935547,
      40.417320251464844,
      22.319217681884766,
      34.88304138183594,
      18.26163101196289,
      32.175689697265625,
      22.605440139770508,
      24.128814697265625,
      16.07061767578125,
      15.95224666595459,
      34.76167297363281,
      31.393526077270508,
      22.107784271240234,
      34.26821517944336
    ],
    [
      13.129124641418457,
      93.3352279663086,
      6.893104076385498,
      83.0106201171875,
      5.193570613861084,
      94.60053253173828,
      4.950362205505371,
      86.31285858154297,
      5.803423881530762,
      102.8656005859375,
      5.2223429679870605,
      5.061605453491211,
      4.937613010406494,
      2.7516071796417236,
      8.357332229614258,
      6.813148498535156,
      65.04474639892578,
      80.28557586669922
    ],
    [
      40.407630920410156,
      6.893104076385498,
      73.63785552978516,
      28.186124801635742,
      30.641265869140625,
      37.92167663574219,
      29.5025634765625,
      31.24557113647461,
      32.76569366455078,
      35.5317497253418,
      26.931882858276367,
      27.311304092407227,
      13.244815826416016,
      16.17220687866211,
      32.270713806152344,
      27.235443115234375,
      11.69318962097168,
      18.001693725585938
    ],
    [
      20.92585563659668,
      83.0106201171875,
      28.186124801635742,
      91.61935424804688,
      14.602561950683594,
      99.5753402709961,
      16.917091369628906,
      90.71646881103516,
      18.065662384033203,
      106.81864929199219,
      14.957221031188965,
      15.181004524230957,
      12.224931716918945,
      9.921367645263672,
      16.831727981567383,
      14.229799270629883,
      66.41007995605469,
      79.5002670288086
    ],
    [
      24.77294158935547,
      5.193570613861084,
      30.641265869140625,
      14.602561950683594,
      71.7443618774414,
      60.915672302246094,
      48.51438522338867,
      46.500980377197266,
      42.49444580078125,
      44.4442024230957,
      52.713558197021484,
      49.199729919433594,
      49.133724212646484,
      44.19486618041992,
      46.397586822509766,
      40.10578918457031,
      32.745262145996094,
      31.637479782104492
    ],
    [
      40.417320251464844,
      94.60053253173828,
      37.92167663574219,
      99.5753402709961,
      60.915672302246094,
      151.9812469482422,
      50.96480178833008,
      131.9344024658203,
      54.53451919555664,
      149.3850555419922,
      62.34465408325195,
      67.95848846435547,
      58.504703521728516,
      56.97566604614258,
      58.935813903808594,
      54.63628005981445,
      100.1761245727539,
      111.36166381835938
    ],
    [
      22.319217681884766,
      4.950362205505371,
      29.5025634765625,
      16.917091369628906,
      48.51438522338867,
      50.96480178833008,
      68.64094543457031,
      55.156455993652344,
      49.04228973388672,
      45.67292404174805,
      59.40139389038086,
      55.42089080810547,
      53.853694915771484,
      49.24845504760742,
      46.523582458496094,
      46.12543869018555,
      35.31578063964844,
      32.68088912963867
    ],
    [
      34.88304138183594,
      86.31285858154297,
      31.24557113647461,
      90.71646881103516,
      46.500980377197266,
      131.9344024658203,
      55.156455993652344,
      127.77339172363281,
      50.87173080444336,
      137.56797790527344,
      59.8211669921875,
      64.74549102783203,
      57.371498107910156,
      55.44276809692383,
      59.278167724609375,
      54.905757904052734,
      95.2301025390625,
      104.41612243652344
    ],
    [
      18.26163101196289,
      5.803423881530762,
      32.76569366455078,
      18.065662384033203,
      42.49444580078125,
      54.53451919555664,
      49.04228973388672,
      50.87173080444336,
      82.8361587524414,
      71.6832504272461,
      79.2254409790039,
      77.81732177734375,
      67.50857543945312,
      65.62371063232422,
      53.77922821044922,
      53.20043182373047,
      44.06526565551758,
      34.36738204956055
    ],
    [
      32.175689697265625,
      102.8656005859375,
      35.5317497253418,
      106.81864929199219,
      44.4442024230957,
      149.3850555419922,
      45.67292404174805,
      137.56797790527344,
      71.6832504272461,
      171.92176818847656,
      73.21063995361328,
      77.09689331054688,
      66.12859344482422,
      64.43053436279297,
      62.95073699951172,
      57.91153335571289,
      109.55430603027344,
      118.29959869384766
    ],
    [
      22.605440139770508,
      5.2223429679870605,
      26.931882858276367,
      14.957221031188965,
      52.713558197021484,
      62.34465408325195,
      59.40139389038086,
      59.8211669921875,
      79.2254409790039,
      73.21063995361328,
      98.01842498779297,
      92.75568389892578,
      88.24945068359375,
      84.68975067138672,
      72.36734008789062,
      71.98363494873047,
      58.165374755859375,
      47.67097473144531
    ],
    [
      24.128814697265625,
      5.061605453491211,
      27.311304092407227,
      15.181004524230957,
      49.199729919433594,
      67.95848846435547,
      55.42089080810547,
      64.74549102783203,
      77.81732177734375,
      77.09689331054688,
      92.75568389892578,
      107.55936431884766,
      89.52119445800781,
      93.2314453125,
      77.78309631347656,
      78.35709381103516,
      63.85149002075195,
      50.50693893432617
    ],
    [
      16.07061767578125,
      4.937613010406494,
      13.244815826416016,
      12.224931716918945,
      49.133724212646484,
      58.504703521728516,
      53.853694915771484,
      57.371498107910156,
      67.50857543945312,
      66.12859344482422,
      88.24945068359375,
      89.52119445800781,
      102.03526306152344,
      89.48887634277344,
      74.72835540771484,
      76.63703918457031,
      64.18634033203125,
      49.69175720214844
    ],
    [
      15.95224666595459,
      2.7516071796417236,
      16.17220687866211,
      9.921367645263672,
      44.19486618041992,
      56.97566604614258,
      49.24845504760742,
      55.44276809692383,
      65.62371063232422,
      64.43053436279297,
      84.68975067138672,
      93.2314453125,
      89.48887634277344,
      98.51908874511719,
      74.53113555908203,
      74.93453979492188,
      62.388980865478516,
      47.51123809814453
    ],
    [
      34.76167297363281,
      8.357332229614258,
      32.270713806152344,
      16.831727981567383,
      46.397586822509766,
      58.935813903808594,
      46.523582458496094,
      59.278167724609375,
      53.77922821044922,
      62.95073699951172,
      72.36734008789062,
      77.78309631347656,
      74.72835540771484,
      74.53113555908203,
      87.36618041992188,
      82.037109375,
      62.39741516113281,
      56.602657318115234
    ],
    [
      31.393526077270508,
      6.813148498535156,
      27.235443115234375,
      14.229799270629883,
      40.10578918457031,
      54.63628005981445,
      46.12543869018555,
      54.905757904052734,
      53.20043182373047,
      57.91153335571289,
      71.98363494873047,
      78.35709381103516,
      76.63703918457031,
      74.93453979492188,
      82.037109375,
      84.76899719238281,
      59.688819885253906,
      53.498931884765625
    ],
    [
      22.107784271240234,
      65.04474639892578,
      11.69318962097168,
      66.41007995605469,
      32.745262145996094,
      100.1761245727539,
      35.31578063964844,
      95.2301025390625,
      44.06526565551758,
      109.55430603027344,
      58.165374755859375,
      63.85149002075195,
      64.18634033203125,
      62.388980865478516,
      62.39741516113281,
      59.688819885253906,
      88.56614685058594,
      89.05144500732422
    ],
    [
      34.26821517944336,
      80.28557586669922,
      18.001693725585938,
      79.5002670288086,
      31.637479782104492,
      111.36166381835938,
      32.68088912963867,
      104.41612243652344,
      34.36738204956055,
      118.29959869384766,
      47.67097473144531,
      50.50693893432617,
      49.69175720214844,
      47.51123809814453,
      56.602657318115234,
      53.498931884765625,
      89.05144500732422,
      100.65390014648438
    ]
  ],
  "damage": -6.837817668914795,
  "diff_bandwidth": 810.9434204101562,
  "dissonance": 9.489116078925782,
  "drr": -0.0899198055267334,
  "dynamics": 3.28420090675354,
  "format": 1245190,
  "frames": 698368,
  "loudness": -13.208367347717285,
  "loudness_range": 8.099516868591309,
  "loudness_range_short": 10.971426963806152,
  "lowpass_true_peak_15khz": -1.5970616340637207,
  "mastering3_acoustic_entropies": [
    {
      "acoustic_entropy": 7.357395172119141,
      "acoustic_entropy_mono": 6.995745658874512,
      "band_eliminated_acoustic_entropies": [
        {
          "acoustic_entropy": 7.357877254486084,
          "acoustic_entropy_side": 7.357394695281982,
          "hz": 129.47220167065723
        },
        {
          "acoustic_entropy": 7.3204193115234375,
          "acoustic_entropy_side": 7.357393741607666,
          "hz": 202.92927478742237
        },
        {
          "acoustic_entropy": 6.816401481628418,
          "acoustic_entropy_side": 7.357370376586914,
          "hz": 282.89161906338205
        },
        {
          "acoustic_entropy": 7.259332180023193,
          "acoustic_entropy_side": 7.357395648956299,
          "hz": 369.9353335868758
        },
        {
          "acoustic_entropy": 6.671647548675537,
          "acoustic_entropy_side": 7.35737419128418,
          "hz": 464.6875360973435
        },
        {
          "acoustic_entropy": 7.501766204833984,
          "acoustic_entropy_side": 7.357553482055664,
          "hz": 567.8308811364784
        },
        {
          "acoustic_entropy": 6.683925628662109,
          "acoustic_entropy_side": 7.359106063842773,
          "hz": 680.1084783214808
        },
        {
          "acoustic_entropy": 7.060354709625244,
          "acoustic_entropy_side": 7.357081413269043,
          "hz": 802.3292461747484
        },
        {
          "acoustic_entropy": 7.450679779052734,
          "acoustic_entropy_side": 7.3574700355529785,
          "hz": 935.3737400823702
        },
        {
          "acoustic_entropy": 7.248486042022705,
          "acoustic_entropy_side": 7.357140064239502,
          "hz": 1080.2004963696966
        },
        {
          "acoustic_entropy": 7.432115077972412,
          "acoustic_entropy_side": 7.357418060302734,
          "hz": 1237.8529382007157
        },
        {
          "acoustic_entropy": 7.34113073348999,
          "acoustic_entropy_side": 7.357800006866455,
          "hz": 1409.4668930556702
        },
        {
          "acoustic_entropy": 7.363992691040039,
          "acoustic_entropy_side": 7.358051300048828,
          "hz": 1596.2787759475705
        },
        {
          "acoustic_entropy": 7.309010028839111,
          "acoustic_entropy_side": 7.357176780700684,
          "hz": 1799.6344973346393
        },
        {
          "acoustic_entropy": 7.39985466003418,
          "acoustic_entropy_side": 7.3554792404174805,
          "hz": 2020.9991599069049
        },
        {
          "acoustic_entropy": 7.401131629943848,
          "acoustic_entropy_side": 7.3574538230896,
          "hz": 2261.9676141086993
        },
        {
          "acoustic_entropy": 7.388768196105957,
          "acoustic_entropy_side": 7.358731269836426,
          "hz": 2524.2759484456974
        },
        {
          "acoustic_entropy": 7.392172813415527,
          "acoustic_entropy_side": 7.353824615478516,
          "hz": 2809.813997359896
        },
        {
          "acoustic_entropy": 7.403880596160889,
          "acoustic_entropy_side": 7.3569865226745605,
          "hz": 3120.6389567871424
        },
        {
          "acoustic_entropy": 7.405796051025391,
          "acoustic_entropy_side": 7.364992618560791,
          "hz": 3458.990205492291
        },
        {
          "acoustic_entropy": 7.430917739868164,
          "acoustic_entropy_side": 7.363304138183594,
          "hz": 3827.305438964164
        },
        {
          "acoustic_entropy": 7.314382076263428,
          "acoustic_entropy_side": 7.357761383056641,
          "hz": 4228.238232109126
        },
        {
          "acoustic_entropy": 7.317618370056152,
          "acoustic_entropy_side": 7.3653340339660645,
          "hz": 4664.6771572759235
        },
        {
          "acoustic_entropy": 7.21602201461792,
          "acoustic_entropy_side": 7.321323871612549,
          "hz": 5139.766595350093
        },
        {
          "acoustic_entropy": 7.24081563949585,
          "acoustic_entropy_side": 7.340967178344727,
          "hz": 5656.929389854203
        },
        {
          "acoustic_entropy": 7.2922234535217285,
          "acoustic_entropy_side": 7.348215579986572,
          "hz": 6219.891507268283
        },
        {
          "acoustic_entropy": 7.282321929931641,
          "acoustic_entropy_side": 7.331325531005859,
          "hz": 6832.70888123896
        },
        {
          "acoustic_entropy": 7.278927326202393,
          "acoustic_entropy_side": 7.342324256896973,
          "hz": 7499.796634079867
        },
        {
          "acoustic_entropy": 6.791003227233887,
          "acoustic_entropy_side": 7.196532726287842,
          "hz": 8225.96088609342
        },
        {
          "acoustic_entropy": 7.013095378875732,
          "acoustic_entropy_side": 6.762060642242432,
          "hz": 9016.43338188839
        },
        {
          "acoustic_entropy": 6.709932327270508,
          "acoustic_entropy_side": 6.992675304412842,
          "hz": 9876.909183162974
        },
        {
          "acoustic_entropy": 7.171239376068115,
          "acoustic_entropy_side": 7.313013076782227,
          "hz": 10813.587699516042
        },
        {
          "acoustic_entropy": 7.376771926879883,
          "acoustic_entropy_side": 7.375520706176758,
          "hz": 11833.21735289826
        },
        {
          "acoustic_entropy": 7.365615367889404,
          "acoustic_entropy_side": 7.365386962890625,
          "hz": 12943.144197493959
        },
        {
          "acoustic_entropy": 7.36073112487793,
          "acoustic_entropy_side": 7.360767841339111,
          "hz": 14151.364845322005
        },
        {
          "acoustic_entropy": 7.3578901290893555,
          "acoustic_entropy_side": 7.358002185821533,
          "hz": 15466.58407886509
        },
        {
          "acoustic_entropy": 7.3574395179748535,
          "acoustic_entropy_side": 7.357438564300537,
          "hz": 16898.27756580493
        },
        {
          "acoustic_entropy": 7.357394695281982,
          "acoustic_entropy_side": 7.357392311096191,
          "hz": 18456.760127700032
        },
        {
          "acoustic_entropy": 7.357400894165039,
          "acoustic_entropy_side": 7.357390880584717,
          "hz": 20153.260054456492
        },
        {
          "acoustic_entropy": 7.357396602630615,
          "acoustic_entropy_side": 7.357395172119141,
          "hz": 22000.00000000001
        }
      ],
      "diff_acoustic_entropy": 5.8752617835998535,
      "sn": 6
    },
    {
      "acoustic_entropy": 9.494890213012695,
      "acoustic_entropy_mono": 9.33607292175293,
      "band_eliminated_acoustic_entropies": [
        {
          "acoustic_entropy": 9.497476577758789,
          "acoustic_entropy_side": 9.494876861572266,
          "hz": 129.47220167065723
        },
        {
          "acoustic_entropy": 9.54127025604248,
          "acoustic_entropy_side": 9.494877815246582,
          "hz": 202.92927478742237
        },
        {
          "acoustic_entropy": 9.059407234191895,
          "acoustic_entropy_side": 9.494622230529785,
          "hz": 282.89161906338205
        },
        {
          "acoustic_entropy": 9.581205368041992,
          "acoustic_entropy_side": 9.494900703430176,
          "hz": 369.9353335868758
        },
        {
          "acoustic_entropy": 9.522787094116211,
          "acoustic_entropy_side": 9.495179176330566,
          "hz": 464.6875360973435
        },
        {
          "acoustic_entropy": 10.628442764282227,
          "acoustic_entropy_side": 9.497183799743652,
          "hz": 567.8308811364784
        },
        {
          "acoustic_entropy": 9.016145706176758,
          "acoustic_entropy_side": 9.501373291015625,
          "hz": 680.1084783214808
        },
        {
          "acoustic_entropy": 9.432987213134766,
          "acoustic_entropy_side": 9.492274284362793,
          "hz": 802.3292461747484
        },
        {
          "acoustic_entropy": 9.598672866821289,
          "acoustic_entropy_side": 9.496140480041504,
          "hz": 935.3737400823702
        },
        {
          "acoustic_entropy": 9.486237525939941,
          "acoustic_entropy_side": 9.49441909790039,
          "hz": 1080.2004963696966
        },
        {
          "acoustic_entropy": 9.561395645141602,
          "acoustic_entropy_side": 9.496330261230469,
          "hz": 1237.8529382007157
        },
        {
          "acoustic_entropy": 9.456976890563965,
          "acoustic_entropy_side": 9.498692512512207,
          "hz": 1409.4668930556702
        },
        {
          "acoustic_entropy": 9.993589401245117,
          "acoustic_entropy_side": 9.504819869995117,
          "hz": 1596.2787759475705
        },
        {
          "acoustic_entropy": 9.45778751373291,
          "acoustic_entropy_side": 9.497014045715332,
          "hz": 1799.6344973346393
        },
        {
          "acoustic_entropy": 9.58515453338623,
          "acoustic_entropy_side": 9.49453353881836,
          "hz": 2020.9991599069049
        },
        {
          "acoustic_entropy": 9.649900436401367,
          "acoustic_entropy_side": 9.474077224731445,
          "hz": 2261.9676141086993
        },
        {
          "acoustic_entropy": 9.512468338012695,
          "acoustic_entropy_side": 9.450472831726074,
          "hz": 2524.2759484456974
        },
        {
          "acoustic_entropy": 9.494987487792969,
          "acoustic_entropy_side": 9.440139770507812,
          "hz": 2809.813997359896
        },
        {
          "acoustic_entropy": 9.60970401763916,
          "acoustic_entropy_side": 9.467996597290039,
          "hz": 3120.6389567871424
        },
        {
          "acoustic_entropy": 9.44381332397461,
          "acoustic_entropy_side": 9.479193687438965,
          "hz": 3458.990205492291
        },
        {
          "acoustic_entropy": 9.51105785369873,
          "acoustic_entropy_side": 9.551223754882812,
          "hz": 3827.305438964164
        },
        {
          "acoustic_entropy": 9.638799667358398,
          "acoustic_entropy_side": 9.562017440795898,
          "hz": 4228.238232109126
        },
        {
          "acoustic_entropy": 9.462574005126953,
          "acoustic_entropy_side": 9.53316879272461,
          "hz": 4664.6771572759235
        },
        {
          "acoustic_entropy": 9.39648151397705,
          "acoustic_entropy_side": 9.451224327087402,
          "hz": 5139.766595350093
        },
        {
          "acoustic_entropy": 9.67505168914795,
          "acoustic_entropy_side": 9.546232223510742,
          "hz": 5656.929389854203
        },
        {
          "acoustic_entropy": 9.641556739807129,
          "acoustic_entropy_side": 9.541170120239258,
          "hz": 6219.891507268283
        },
        {
          "acoustic_entropy": 9.559637069702148,
          "acoustic_entropy_side": 9.495927810668945,
          "hz": 6832.70888123896
        },
        {
          "acoustic_entropy": 9.487632751464844,
          "acoustic_entropy_side": 9.475723266601562,
          "hz": 7499.796634079867
        },
        {
          "acoustic_entropy": 9.565817832946777,
          "acoustic_entropy_side": 9.51015567779541,
          "hz": 8225.96088609342
        },
        {
          "acoustic_entropy": 9.442954063415527,
          "acoustic_entropy_side": 9.446769714355469,
          "hz": 9016.43338188839
        },
        {
          "acoustic_entropy": 9.445755958557129,
          "acoustic_entropy_side": 9.452301979064941,
          "hz": 9876.909183162974
        },
        {
          "acoustic_entropy": 9.469133377075195,
          "acoustic_entropy_side": 9.487371444702148,
          "hz": 10813.587699516042
        },
        {
          "acoustic_entropy": 9.503824234008789,
          "acoustic_entropy_side": 9.498502731323242,
          "hz": 11833.21735289826
        },
        {
          "acoustic_entropy": 9.495952606201172,
          "acoustic_entropy_side": 9.493122100830078,
          "hz": 12943.144197493959
        },
        {
          "acoustic_entropy": 9.500722885131836,
          "acoustic_entropy_side": 9.496795654296875,
          "hz": 14151.364845322005
        },
        {
          "acoustic_entropy": 9.496124267578125,
          "acoustic_entropy_side": 9.496490478515625,
          "hz": 15466.58407886509
        },
        {
          "acoustic_entropy": 9.495104789733887,
          "acoustic_entropy_side": 9.49509048461914,
          "hz": 16898.27756580493
        },
        {
          "acoustic_entropy": 9.494758605957031,
          "acoustic_entropy_side": 9.4948148727417,
          "hz": 18456.760127700032
        },
        {
          "acoustic_entropy": 9.494815826416016,
          "acoustic_entropy_side": 9.494762420654297,
          "hz": 20153.260054456492
        },
        {
          "acoustic_entropy": 9.494861602783203,
          "acoustic_entropy_side": 9.494858741760254,
          "hz": 22000.00000000001
        }
      ],
      "diff_acoustic_entropy": 8.318243026733398,
      "sn": 12
    },
    {
      "acoustic_entropy": 13.602485656738281,
      "acoustic_entropy_mono": 12.829717636108398,
      "band_eliminated_acoustic_entropies": [
        {
          "acoustic_entropy": 13.545063018798828,
          "acoustic_entropy_side": 13.596612930297852,
          "hz": 129.47220167065723
        },
        {
          "acoustic_entropy": 13.636670112609863,
          "acoustic_entropy_side": 13.60058307647705,
          "hz": 202.92927478742237
        },
        {
          "acoustic_entropy": 12.944804191589355,
          "acoustic_entropy_side": 13.643280982971191,
          "hz": 282.89161906338205
        },
        {
          "acoustic_entropy": 13.688512802124023,
          "acoustic_entropy_side": 13.633746147155762,
          "hz": 369.9353335868758
        },
        {
          "acoustic_entropy": 13.362741470336914,
          "acoustic_entropy_side": 13.560321807861328,
          "hz": 464.6875360973435
        },
        {
          "acoustic_entropy": 13.996593475341797,
          "acoustic_entropy_side": 13.626556396484375,
          "hz": 567.8308811364784
        },
        {
          "acoustic_entropy": 13.035111427307129,
          "acoustic_entropy_side": 13.648873329162598,
          "hz": 680.1084783214808
        },
        {
          "acoustic_entropy": 14.155231475830078,
          "acoustic_entropy_side": 13.747285842895508,
          "hz": 802.3292461747484
        },
        {
          "acoustic_entropy": 14.08564567565918,
          "acoustic_entropy_side": 13.522187232971191,
          "hz": 935.3737400823702
        },
        {
          "acoustic_entropy": 13.117816925048828,
          "acoustic_entropy_side": 13.565208435058594,
          "hz": 1080.2004963696966
        },
        {
          "acoustic_entropy": 13.840714454650879,
          "acoustic_entropy_side": 13.433296203613281,
          "hz": 1237.8529382007157
        },
        {
          "acoustic_entropy": 13.83732795715332,
          "acoustic_entropy_side": 13.651904106140137,
          "hz": 1409.4668930556702
        },
        {
          "acoustic_entropy": 12.955857276916504,
          "acoustic_entropy_side": 13.340188026428223,
          "hz": 1596.2787759475705
        },
        {
          "acoustic_entropy": 13.6193265914917,
          "acoustic_entropy_side": 13.60211181640625,
          "hz": 1799.6344973346393
        },
        {
          "acoustic_entropy": 13.0254487991333,
          "acoustic_entropy_side": 13.4697904586792,
          "hz": 2020.9991599069049
        },
        {
          "acoustic_entropy": 13.425248146057129,
          "acoustic_entropy_side": 13.585227966308594,
          "hz": 2261.9676141086993
        },
        {
          "acoustic_entropy": 13.491415023803711,
          "acoustic_entropy_side": 13.615801811218262,
          "hz": 2524.2759484456974
        },
        {
          "acoustic_entropy": 13.34847354888916,
          "acoustic_entropy_side": 13.5263032913208,
          "hz": 2809.813997359896
        },
        {
          "acoustic_entropy": 13.465140342712402,
          "acoustic_entropy_side": 13.559394836425781,
          "hz": 3120.6389567871424
        },
        {
          "acoustic_entropy": 13.475566864013672,
          "acoustic_entropy_side": 13.583806037902832,
          "hz": 3458.990205492291
        },
