{
  "acoustic_entropy": 226.43690490722656,
  "bands": [
    {
      "high_freq": 148.1999969482422,
      "loudness": -39.869014739990234,
      "loudness_range": 24.49529457092285,
      "mid_mean": -40.7073860168457,
      "mid_to_side_loudness": 0.3050656318664551,
      "mid_to_side_loudness_range": 10.728683471679688,
      "side_mean": -38.79719924926758
    },
    {
      "high_freq": 392.3793640136719,
      "loudness": -32.76737976074219,
      "loudness_range": 14.980093002319336,
      "low_freq": 148.1999969482422,
      "mid_mean": -32.733734130859375,
      "mid_to_side_loudness": 0.7821431159973145,
      "mid_to_side_loudness_range": 7.45546293258667,
      "side_mean": -31.980934143066406
    },
    {
      "high_freq": 794.6976318359375,
      "loudness": -33.314247131347656,
      "loudness_range": 15.206296920776367,
      "low_freq": 392.3793640136719,
      "mid_mean": -32.97404861450195,
      "mid_to_side_loudness": 0.18083006143569946,
      "mid_to_side_loudness_range": 8.260970115661621,
      "side_mean": -32.694522857666016
    },
    {
      "high_freq": 1457.5709228515625,
      "loudness": -36.23925018310547,
      "loudness_range": 18.193359375,
      "low_freq": 794.6976318359375,
      "mid_mean": -35.31538009643555,
      "mid_to_side_loudness": -0.6895076036453247,
      "mid_to_side_loudness_range": 5.844062328338623,
      "side_mean": -36.05316162109375
    },
    {
      "high_freq": 2549.74365234375,
      "loudness": -37.381690979003906,
      "loudness_range": 16.227386474609375,
      "low_freq": 1457.5709228515625,
      "mid_mean": -36.63087844848633,
      "mid_to_side_loudness": -0.3558402955532074,
      "mid_to_side_loudness_range": 4.830098628997803,
      "side_mean": -36.98967742919922
    },
    {
      "high_freq": 4349.24462890625,
      "loudness": -40.480228424072266,
      "loudness_range": 19.824047088623047,
      "low_freq": 2549.74365234375,
      "mid_mean": -40.01947021484375,
      "mid_to_side_loudness": 0.26806122064590454,
      "mid_to_side_loudness_range": 4.335798263549805,
      "side_mean": -39.75709915161133
    },
    {
      "high_freq": 7314.1640625,
      "loudness": -53.7450065612793,
      "loudness_range": 23.467052459716797,
      "low_freq": 4349.24462890625,
      "mid_mean": -53.616390228271484,
      "mid_to_side_loudness": -0.051188524812459946,
      "mid_to_side_loudness_range": 3.006639003753662,
      "side_mean": -53.64607238769531
    },
    {
      "high_freq": 12199.2666015625,
      "loudness": -61.39973831176758,
      "loudness_range": 25.000629425048828,
      "low_freq": 7314.1640625,
      "mid_mean": -60.20768356323242,
      "mid_to_side_loudness": 0.019439103081822395,
      "mid_to_side_loudness_range": 1.4785516262054443,
      "side_mean": -60.18613052368164
    },
    {
      "loudness": -67.16179656982422,
      "loudness_range": 24.58642578125,
      "low_freq": 12199.2666015625,
      "mid_mean": -64.43584442138672,
      "mid_to_side_loudness": -0.010494524613022804,
      "mid_to_side_loudness_range": 1.0753726959228516,
      "side_mean": -64.43955993652344
    }
  ],
  "bands_short": [
    {
      "high_freq": 148.1999969482422,
      "loudness": -46.2600212097168,
      "loudness_range": 29.425275802612305,
      "mid_mean": -47.019309997558594,
      "mid_to_side_loudness": -0.7803837656974792,
      "mid_to_side_loudness_range": 12.633275032043457,
      "side_mean": -46.090057373046875
    },
    {
      "high_freq": 392.3793640136719,
      "loudness": -33.41217803955078,
      "loudness_range": 18.02533721923828,
      "low_freq": 148.1999969482422,
      "mid_mean": -33.642181396484375,
      "mid_to_side_loudness": 0.9520640969276428,
      "mid_to_side_loudness_range": 10.125189781188965,
      "side_mean": -32.58818054199219
    },
    {
      "high_freq": 794.6976318359375,
      "loudness": -33.19719314575195,
      "loudness_range": 16.290800094604492,
      "low_freq": 392.3793640136719,
      "mid_mean": -32.975303649902344,
      "mid_to_side_loudness": 0.01029367744922638,
      "mid_to_side_loudness_range": 11.421091079711914,
      "side_mean": -32.9210090637207
    },
    {
      "high_freq": 1457.5709228515625,
      "loudness": -36.78533935546875,
      "loudness_range": 19.28588104248047,
      "low_freq": 794.6976318359375,
      "mid_mean": -36.06040954589844,
      "mid_to_side_loudness": -0.47940462827682495,
      "mid_to_side_loudness_range": 8.153902053833008,
      "side_mean": -36.61051559448242
    },
    {
      "high_freq": 2549.74365234375,
      "loudness": -38.42365264892578,
      "loudness_range": 18.8713321685791,
      "low_freq": 1457.5709228515625,
      "mid_mean": -37.768184661865234,
      "mid_to_side_loudness": -0.35250529646873474,
      "mid_to_side_loudness_range": 7.343710899353027,
      "side_mean": -38.1405143737793
    },
    {
      "high_freq": 4349.24462890625,
      "loudness": -41.42463684082031,
      "loudness_range": 22.466794967651367,
      "low_freq": 2549.74365234375,
      "mid_mean": -41.07972717285156,
      "mid_to_side_loudness": 0.2849084138870239,
      "mid_to_side_loudness_range": 6.251224994659424,
      "side_mean": -40.81011199951172
    },
    {
      "high_freq": 7314.1640625,
      "loudness": -54.977115631103516,
      "loudness_range": 26.38249969482422,
      "low_freq": 4349.24462890625,
      "mid_mean": -54.87739944458008,
      "mid_to_side_loudness": -0.04284246265888214,
      "mid_to_side_loudness_range": 4.712900161743164,
      "side_mean": -54.90989303588867
    },
    {
      "high_freq": 12199.2666015625,
      "loudness": -62.471858978271484,
      "loudness_range": 26.823009490966797,
      "low_freq": 7314.1640625,
      "mid_mean": -61.28025436401367,
      "mid_to_side_loudness": 0.01642610691487789,
      "mid_to_side_loudness_range": 2.715691328048706,
      "side_mean": -61.263885498046875
    },
    {
      "loudness": -67.78306579589844,
      "loudness_range": 25.709922790527344,
      "low_freq": 12199.2666015625,
      "mid_mean": -65.20516204833984,
      "mid_to_side_loudness": 0.05784150958061218,
      "mid_to_side_loudness_range": 2.2530810832977295,
      "side_mean": -65.20614624023438
    }
  ],
  "bandwidth": 629.5068359375,
  "channels": 2,
  "covariance": [
    [
      87.79265594482422,
      69.51541900634766,
      18.580541610717773,
      17.213300704956055,
      17.844520568847656,
      15.924135208129883,
      18.8710880279541,
      19.258420944213867,
      18.49897575378418,
      18.050241470336914,
      19.017513275146484,
      18.474674224853516,
      25.869897842407227,
      25.387218475341797,
      20.14455223083496,
      20.354049682617188,
      15.556092262268066,
      15.466422080993652
    ],
    [
      69.51541900634766,
      72.06892395019531,
      16.101221084594727,
      15.634517669677734,
      14.002525329589844,
      13.53082275390625,
      14.405089378356934,
      15.124765396118164,
      15.01695442199707,
      14.144082069396973,
      14.985015869140625,
      14.554798126220703,
      18.091371536254883,
      17.450008392333984,
      14.741809844970703,
      14.949752807617188,
      12.256863594055176,
      12.195164680480957
    ],
    [
      18.580541610717773,
      16.101221084594727,
      37.55034637451172,
      31.08837127685547,
      23.403390884399414,
      21.250003814697266,
      20.51200294494629,
      21.078088760375977,
      22.56980323791504,
      21.142032623291016,
      22.420368194580078,
      22.279254913330078,
      27.012447357177734,
      27.302501678466797,
      22.946041107177734,
      23.144607543945312,
      17.09896469116211,
      17.076101303100586
    ],
    [
      17.213300704956055,
      15.634517669677734,
      31.08837127685547,
      33.7215461730957,
      20.188730239868164,
      18.61920738220215,
      18.470516204833984,
      19.352054595947266,
      20.18557357788086,
      19.026927947998047,
      19.897003173828125,
      19.814044952392578,
      23.561336517333984,
      23.811817169189453,
      19.692068099975586,
      19.926834106445312,
      14.678220748901367,
      14.672944068908691
    ],
    [
      17.844520568847656,
      14.002525329589844,
      23.403390884399414,
      20.188730239868164,
      34.857059478759766,
      27.951332092285156,
      27.30950355529785,
      27.12752342224121,
      27.611495971679688,
      26.9476318359375,
      30.01918601989746,
      29.473684310913086,
      33.010562896728516,
      33.214786529541016,
      27.93614387512207,
      28.01479148864746,
      19.938505172729492,
      19.960800170898438
    ],
    [
      15.924135208129883,
      13.53082275390625,
      21.250003814697266,
      18.61920738220215,
      27.951332092285156,
      31.41162872314453,
      23.226516723632812,
      23.064544677734375,
      25.776466369628906,
      25.08709716796875,
      27.196102142333984,
      26.75712776184082,
      30.09600830078125,
      30.169910430908203,
      25.01155662536621,
      25.118986129760742,
      17.67949104309082,
      17.67037582397461
    ],
    [
      18.8710880279541,
      14.405089378356934,
      20.51200294494629,
      18.470516204833984,
      27.30950355529785,
      23.226516723632812,
      41.66996765136719,
      38.55570602416992,
      31.490217208862305,
      29.92497444152832,
      37.34452438354492,
      36.908573150634766,
      41.955833435058594,
      42.09170913696289,
      36.30080032348633,
      36.691978454589844,
      27.636682510375977,
      27.63702964782715
    ],
    [
      19.258420944213867,
      15.124765396118164,
      21.078088760375977,
      19.352054595947266,
      27.12752342224121,
      23.064544677734375,
      38.55570602416992,
      39.740848541259766,
      31.411848068237305,
      29.935258865356445,
      37.29716873168945,
      36.88502502441406,
      41.89989471435547,
      42.140846252441406,
      36.064979553222656,
      36.41420364379883,
      27.378324508666992,
      27.4010009765625
    ],
    [
      18.49897575378418,
      15.01695442199707,
      22.56980323791504,
      20.18557357788086,
      27.611495971679688,
      25.776466369628906,
      31.490217208862305,
      31.411848068237305,
      36.661781311035156,
      33.807186126708984,
      37.88132095336914,
      37.3536376953125,
      42.57181167602539,
      42.92860794067383,
      36.0982551574707,
      36.3647575378418,
      26.539958953857422,
      26.560564041137695
    ],
    [
      18.050241470336914,
      14.144082069396973,
      21.142032623291016,
      19.026927947998047,
      26.9476318359375,
      25.08709716796875,
      29.92497444152832,
      29.935258865356445,
      33.807186126708984,
      34.45695877075195,
      36.53395462036133,
      36.13995361328125,
      41.06111145019531,
      41.321720123291016,
      34.77471160888672,
      35.04374694824219,
      25.477252960205078,
      25.5090274810791
    ],
    [
      19.017513275146484,
      14.985015869140625,
      22.420368194580078,
      19.897003173828125,
      30.01918601989746,
      27.196102142333984,
      37.34452438354492,
      37.29716873168945,
      37.88132095336914,
      36.53395462036133,
      49.132713317871094,
      47.20232009887695,
      51.53116989135742,
      51.74567413330078,
      44.95077896118164,
      45.28988265991211,
      33.5405158996582,
      33.54774856567383
    ],
    [
      18.474674224853516,
      14.554798126220703,
      22.279254913330078,
      19.814044952392578,
      29.473684310913086,
      26.75712776184082,
      36.908573150634766,
      36.88502502441406,
      37.3536376953125,
      36.13995361328125,
      47.20232009887695,
      48.428985595703125,
      50.666446685791016,
      50.85994338989258,
      44.34071350097656,
      44.69002914428711,
      33.08157730102539,
      33.10329818725586
    ],
    [
      25.869897842407227,
      18.091371536254883,
      27.012447357177734,
      23.561336517333984,
      33.010562896728516,
      30.09600830078125,
      41.955833435058594,
      41.89989471435547,
      42.57181167602539,
      41.06111145019531,
      51.53116989135742,
      50.666446685791016,
      69.28858947753906,
      69.20563507080078,
      56.84154510498047,
      57.22636795043945,
      42.30597686767578,
      42.30356979370117
    ],
    [
      25.387218475341797,
      17.450008392333984,
      27.302501678466797,
      23.811817169189453,
      33.214786529541016,
      30.169910430908203,
      42.09170913696289,
      42.140846252441406,
      42.92860794067383,
      41.321720123291016,
      51.74567413330078,
      50.85994338989258,
      69.20563507080078,
      70.07524108886719,
      57.1157112121582,
      57.49798583984375,
      42.43998336791992,
      42.437808990478516
    ],
    [
      20.14455223083496,
      14.741809844970703,
      22.946041107177734,
      19.692068099975586,
      27.93614387512207,
      25.01155662536621,
      36.30080032348633,
      36.064979553222656,
      36.0982551574707,
      34.77471160888672,
      44.95077896118164,
      44.34071350097656,
      56.84154510498047,
      57.1157112121582,
      50.676658630371094,
      50.8908576965332,
      38.305179595947266,
      38.32140350341797
    ],
    [
      20.354049682617188,
      14.949752807617188,
      23.144607543945312,
      19.926834106445312,
      28.01479148864746,
      25.118986129760742,
      36.691978454589844,
      36.41420364379883,
      36.3647575378418,
      35.04374694824219,
      45.28988265991211,
      44.69002914428711,
      57.22636795043945,
      57.49798583984375,
      50.8908576965332,
      51.326141357421875,
      38.60554885864258,
      38.63166427612305
    ],
    [
      15.556092262268066,
      12.256863594055176,
      17.09896469116211,
      14.678220748901367,
      19.938505172729492,
      17.67949104309082,
      27.636682510375977,
      27.378324508666992,
      26.539958953857422,
      25.477252960205078,
      33.5405158996582,
      33.08157730102539,
      42.30597686767578,
      42.43998336791992,
      38.305179595947266,
      38.60554885864258,
      31.177282333374023,
      31.176082611083984
    ],
    [
      15.466422080993652,
      12.195164680480957,
      17.076101303100586,
      14.672944068908691,
      19.960800170898438,
      17.67037582397461,
      27.63702964782715,
      27.4010009765625,
      26.560564041137695,
      25.5090274810791,
      33.54774856567383,
      33.10329818725586,
      42.30356979370117,
      42.437808990478516,
      38.32140350341797,
      38.63166427612305,
      31.176082611083984,
      31.231273651123047
    ]
  ],
  "covariance_short": [
    [
      108.0593490600586,
      91.2537612915039,
      29.055110931396484,
      26.07831382751465,
      18.33728790283203,
      15.397066116333008,
      20.53290367126465,
      20.483848571777344,
      20.285921096801758,
      20.242511749267578,
      22.48997688293457,
      22.045473098754883,
      29.241077423095703,
      28.827260971069336,
      21.710857391357422,
      21.869556427001953,
      15.13814926147461,
      15.029964447021484
    ],
    [
      91.2537612915039,
      102.56837463378906,
      22.173107147216797,
      21.356945037841797,
      13.487163543701172,
      11.584375381469727,
      15.342673301696777,
      14.88257884979248,
      15.133997917175293,
      15.287681579589844,
      16.430967330932617,
      16.169952392578125,
      21.7183895111084,
      21.12152862548828,
      15.970952987670898,
      16.031185150146484,
      11.489068984985352,
      11.385944366455078
    ],
    [
      29.055110931396484,
      22.173107147216797,
      46.21674728393555,
      37.20249938964844,
      25.803512573242188,
      23.233623504638672,
      24.2656192779541,
      24.574378967285156,
      25.53017807006836,
      24.308210372924805,
      25.653425216674805,
      25.496204376220703,
      29.09300422668457,
      29.189208984375,
      23.534151077270508,
      23.72454833984375,
      16.844289779663086,
      16.815719604492188
    ],
    [
      26.07831382751465,
      21.356945037841797,
      37.20249938964844,
      43.94354248046875,
      24.301671981811523,
      22.404067993164062,
      23.37168312072754,
      24.039243698120117,
      24.475181579589844,
      23.513446807861328,
      24.62249183654785,
      24.577219009399414,
      27.295433044433594,
      27.364238739013672,
      21.83735466003418,
      22.045795440673828,
      15.62973403930664,
      15.600088119506836
    ],
    [
      18.33728790283203,
      13.487163543701172,
      25.803512573242188,
      24.301671981811523,
      39.18140411376953,
      29.189332962036133,
      27.720609664916992,
      27.270397186279297,
      29.35105323791504,
      28.92723274230957,
      31.13663673400879,
      30.92212677001953,
      32.6049690246582,
      32.77338790893555,
      26.69514274597168,
      26.761524200439453,
      18.273996353149414,
      18.254661560058594
    ],
    [
      15.397066116333008,
      11.584375381469727,
      23.233623504638672,
      22.404067993164062,
      29.189332962036133,
      37.0767707824707,
      24.518861770629883,
      24.045169830322266,
      28.28814125061035,
      27.912029266357422,
      29.29532814025879,
      29.039810180664062,
      30.631502151489258,
      30.722349166870117,
      24.240833282470703,
      24.326738357543945,
      16.379026412963867,
      16.338987350463867
    ],
    [
      20.53290367126465,
      15.342673301696777,
      24.2656192779541,
      23.37168312072754,
      27.720609664916992,
      24.518861770629883,
      47.0767936706543,
      41.567264556884766,
      35.93995666503906,
      35.02919387817383,
      42.493141174316406,
      42.49094009399414,
      45.454471588134766,
      45.573577880859375,
      37.48336410522461,
      37.786231994628906,
      27.17947006225586,
      27.1649227142334
    ],
    [
      20.483848571777344,
      14.88257884979248,
      24.574378967285156,
      24.039243698120117,
      27.270397186279297,
      24.045169830322266,
      41.567264556884766,
      45.116905212402344,
      35.513404846191406,
      34.807186126708984,
      41.947418212890625,
      41.93018341064453,
      45.486087799072266,
      45.587669372558594,
      37.169525146484375,
      37.43626403808594,
      26.771156311035156,
      26.78123664855957
    ],
    [
      20.285921096801758,
      15.133997917175293,
      25.53017807006836,
      24.475181579589844,
      29.35105323791504,
      28.28814125061035,
      35.93995666503906,
      35.513404846191406,
      45.773712158203125,
      40.48289108276367,
      45.09714126586914,
      44.955509185791016,
      48.43028259277344,
      48.63670349121094,
      39.09150314331055,
      39.32068634033203,
      27.49970245361328,
      27.495433807373047
    ],
    [
      20.242511749267578,
      15.287681579589844,
      24.308210372924805,
      23.513446807861328,
      28.92723274230957,
      27.912029266357422,
      35.02919387817383,
      34.807186126708984,
      40.48289108276367,
      43.44554901123047,
      43.709449768066406,
      43.56072235107422,
      47.042579650878906,
      47.20206069946289,
      37.81549835205078,
      38.057071685791016,
      26.49850845336914,
      26.510351181030273
    ],
    [
      22.48997688293457,
      16.430967330932617,
      25.653425216674805,
      24.62249183654785,
      31.13663673400879,
      29.29532814025879,
      42.493141174316406,
      41.947418212890625,
      45.09714126586914,
      43.709449768066406,
      60.08583068847656,
      57.12540054321289,
      59.158103942871094,
      59.31623077392578,
      49.20668029785156,
      49.51496887207031,
      34.95761489868164,
      34.94054412841797
    ],
    [
      22.045473098754883,
      16.169952392578125,
      25.496204376220703,
      24.577219009399414,
      30.92212677001953,
      29.039810180664062,
      42.49094009399414,
      41.93018341064453,
      44.955509185791016,
      43.56072235107422,
      57.12540054321289,
      60.45364761352539,
      58.86695861816406,
      58.95608901977539,
      49.055110931396484,
      49.35433578491211,
      34.87956237792969,
      34.87896728515625
    ],
    [
      29.241077423095703,
      21.7183895111084,
      29.09300422668457,
      27.295433044433594,
      32.6049690246582,
      30.631502151489258,
      45.454471588134766,
      45.486087799072266,
      48.43028259277344,
      47.042579650878906,
      59.158103942871094,
      58.86695861816406,
      76.43850708007812,
      75.56734466552734,
      59.83098602294922,
      60.165828704833984,
      42.82835388183594,
      42.82454299926758
    ],
    [
      28.827260971069336,
      21.12152862548828,
      29.189208984375,
      27.364238739013672,
      32.77338790893555,
      30.722349166870117,
      45.573577880859375,
      45.587669372558594,
      48.63670349121094,
      47.20206069946289,
      59.31623077392578,
      58.95608901977539,
      75.56734466552734,
      76.9422378540039,
      60.01555252075195,
      60.33879089355469,
      42.92232131958008,
      42.91851043701172
    ],
    [
      21.710857391357422,
      15.970952987670898,
      23.534151077270508,
      21.83735466003418,
      26.69514274597168,
      24.240833282470703,
      37.48336410522461,
      37.169525146484375,
      39.09150314331055,
      37.81549835205078,
      49.20668029785156,
      49.055110931396484,
      59.83098602294922,
      60.01555252075195,
      53.426612854003906,
      53.38316345214844,
      38.82573318481445,
      38.83940505981445
    ],
    [
      21.869556427001953,
      16.031185150146484,
      23.72454833984375,
      22.045795440673828,
      26.761524200439453,
      24.326738357543945,
      37.786231994628906,
      37.43626403808594,
      39.32068634033203,
      38.057071685791016,
      49.51496887207031,
      49.35433578491211,
      60.165828704833984,
      60.33879089355469,
      53.38316345214844,
      53.970611572265625,
      39.09890365600586,
      39.11888122558594
    ],
    [
      15.13814926147461,
      11.489068984985352,
      16.844289779663086,
      15.62973403930664,
      18.273996353149414,
      16.379026412963867,
      27.17947006225586,
      26.771156311035156,
      27.49970245361328,
      26.49850845336914,
      34.95761489868164,
      34.87956237792969,
      42.82835388183594,
      42.92232131958008,
      38.82573318481445,
      39.09890365600586,
      31.535886764526367,
      31.45701026916504
    ],
    [
      15.029964447021484,
      11.385944366455078,
      16.815719604492188,
      15.600088119506836,
      18.254661560058594,
      16.338987350463867,
      27.1649227142334,
      26.78123664855957,
      27.495433807373047,
      26.510351181030273,
      34.94054412841797,
      34.87896728515625,
      42.82454299926758,
      42.91851043701172,
      38.83940505981445,
      39.11888122558594,
      31.45701026916504,
      31.560579299926758
    ]
  ],
  "damage": -17.05457305908203,
  "diff_bandwidth": 670.2940063476562,
  "dissonance": 6.995434657033803,
  "drr": -3.965327262878418,
  "dynamics": 4.5615315437316895,
  "format": 1245190,
  "frames": 15229888,
  "loudness": -23.395771026611328,
  "loudness_range": 13.25941276550293,
  "loudness_range_short": 15.185129165649414,
  "lowpass_true_peak_15khz": -1.0526225566864014,
  "mastering3_acoustic_entropies": [
    {
      "acoustic_entropy": 6.013413906097412,
      "acoustic_entropy_mono": 5.321817398071289,
      "band_eliminated_acoustic_entropies": [
        {
          "acoustic_entropy": 5.990743637084961,
          "acoustic_entropy_side": 6.006558895111084,
          "hz": 129.47220167065723
        },
        {
          "acoustic_entropy": 6.0686936378479,
          "acoustic_entropy_side": 6.370718955993652,
          "hz": 202.92927478742237
        },
        {
          "acoustic_entropy": 6.020493984222412,
          "acoustic_entropy_side": 6.123297691345215,
          "hz": 282.89161906338205
        },
        {
          "acoustic_entropy": 5.873033046722412,
          "acoustic_entropy_side": 5.9586029052734375,
          "hz": 369.9353335868758
        },
        {
          "acoustic_entropy": 5.705593109130859,
          "acoustic_entropy_side": 5.828362464904785,
          "hz": 464.6875360973435
        },
        {
          "acoustic_entropy": 6.096256256103516,
          "acoustic_entropy_side": 6.053931713104248,
          "hz": 567.8308811364784
        },
        {
          "acoustic_entropy": 5.6940484046936035,
          "acoustic_entropy_side": 5.748386859893799,
          "hz": 680.1084783214808
        },
        {
          "acoustic_entropy": 6.274295330047607,
          "acoustic_entropy_side": 6.226640701293945,
          "hz": 802.3292461747484
        },
        {
          "acoustic_entropy": 6.35770320892334,
          "acoustic_entropy_side": 6.391988754272461,
          "hz": 935.3737400823702
        },
        {
          "acoustic_entropy": 5.671387195587158,
          "acoustic_entropy_side": 5.999969959259033,
          "hz": 1080.2004963696966
        },
        {
          "acoustic_entropy": 5.37955379486084,
          "acoustic_entropy_side": 6.045222282409668,
          "hz": 1237.8529382007157
        },
        {
          "acoustic_entropy": 5.934764862060547,
          "acoustic_entropy_side": 5.932632923126221,
          "hz": 1409.4668930556702
        },
        {
          "acoustic_entropy": 5.900322437286377,
          "acoustic_entropy_side": 5.766347885131836,
          "hz": 1596.2787759475705
        },
        {
          "acoustic_entropy": 6.085274696350098,
          "acoustic_entropy_side": 6.0718841552734375,
          "hz": 1799.6344973346393
        },
        {
          "acoustic_entropy": 5.960997104644775,
          "acoustic_entropy_side": 6.103140830993652,
          "hz": 2020.9991599069049
        },
        {
          "acoustic_entropy": 5.689813613891602,
          "acoustic_entropy_side": 5.930448532104492,
          "hz": 2261.9676141086993
        },
        {
          "acoustic_entropy": 5.618988513946533,
          "acoustic_entropy_side": 5.924933433532715,
          "hz": 2524.2759484456974
        },
        {
          "acoustic_entropy": 6.057088851928711,
          "acoustic_entropy_side": 6.038149356842041,
          "hz": 2809.813997359896
        },
        {
          "acoustic_entropy": 6.068153381347656,
          "acoustic_entropy_side": 6.132823467254639,
          "hz": 3120.6389567871424
        },
        {
          "acoustic_entropy": 5.83845329284668,
          "acoustic_entropy_side": 5.868383407592773,
          "hz": 3458.990205492291
        },
        {
          "acoustic_entropy": 6.01639986038208,
          "acoustic_entropy_side": 6.144947528839111,
          "hz": 3827.305438964164
        },
        {
          "acoustic_entropy": 5.874748229980469,
          "acoustic_entropy_side": 5.890140056610107,
          "hz": 4228.238232109126
        },
        {
          "acoustic_entropy": 5.927144527435303,
          "acoustic_entropy_side": 5.973172664642334,
          "hz": 4664.6771572759235
        },
        {
          "acoustic_entropy": 5.981695652008057,
          "acoustic_entropy_side": 5.997774124145508,
          "hz": 5139.766595350093
        },
        {
          "acoustic_entropy": 6.005368709564209,
          "acoustic_entropy_side": 6.007482528686523,
          "hz": 5656.929389854203
        },
        {
          "acoustic_entropy": 6.008448123931885,
          "acoustic_entropy_side": 6.0104660987854,
          "hz": 6219.891507268283
        },
        {
          "acoustic_entropy": 6.010288715362549,
          "acoustic_entropy_side": 6.012819766998291,
          "hz": 6832.70888123896
        },
        {
          "acoustic_entropy": 6.008172512054443,
          "acoustic_entropy_side": 6.010907173156738,
          "hz": 7499.796634079867
        },
        {
          "acoustic_entropy": 6.013283729553223,
          "acoustic_entropy_side": 6.013418197631836,
          "hz": 8225.96088609342
        },
        {
          "acoustic_entropy": 6.011171340942383,
          "acoustic_entropy_side": 6.012326240539551,
          "hz": 9016.43338188839
        },
        {
          "acoustic_entropy": 6.012465953826904,
          "acoustic_entropy_side": 6.012876033782959,
          "hz": 9876.909183162974
        },
        {
          "acoustic_entropy": 6.0127363204956055,
          "acoustic_entropy_side": 6.013034820556641,
          "hz": 10813.587699516042
        },
        {
          "acoustic_entropy": 6.013035297393799,
          "acoustic_entropy_side": 6.013183116912842,
          "hz": 11833.21735289826
        },
        {
          "acoustic_entropy": 6.013409614562988,
          "acoustic_entropy_side": 6.01339864730835,
          "hz": 12943.144197493959
        },
        {
          "acoustic_entropy": 6.013889312744141,
          "acoustic_entropy_side": 6.013666152954102,
          "hz": 14151.364845322005
        },
        {
          "acoustic_entropy": 6.0135087966918945,
          "acoustic_entropy_side": 6.013481140136719,
          "hz": 15466.58407886509
        },
        {
          "acoustic_entropy": 6.0133376121521,
          "acoustic_entropy_side": 6.013372898101807,
          "hz": 16898.27756580493
        },
        {
          "acoustic_entropy": 6.013382434844971,
          "acoustic_entropy_side": 6.013390064239502,
          "hz": 18456.760127700032
        },
        {
          "acoustic_entropy": 6.013408660888672,
          "acoustic_entropy_side": 6.01340913772583,
          "hz": 20153.260054456492
        },
        {
          "acoustic_entropy": 6.013413429260254,
          "acoustic_entropy_side": 6.013412952423096,
          "hz": 22000.00000000001
        }
      ],
      "diff_acoustic_entropy": 4.985764980316162,
      "sn": 6
    },
    {
      "acoustic_entropy": 10.03515338897705,
      "acoustic_entropy_mono": 10.20009708404541,
      "band_eliminated_acoustic_entropies": [
        {
          "acoustic_entropy": 10.124651908874512,
          "acoustic_entropy_side": 10.087873458862305,
          "hz": 129.47220167065723
        },
        {
          "acoustic_entropy": 10.523353576660156,
          "acoustic_entropy_side": 10.710382461547852,
          "hz": 202.92927478742237
        },
        {
          "acoustic_entropy": 10.88587474822998,
          "acoustic_entropy_side": 11.090165138244629,
          "hz": 282.89161906338205
        },
        {
          "acoustic_entropy": 10.781784057617188,
          "acoustic_entropy_side": 11.093301773071289,
          "hz": 369.9353335868758
        },
        {
          "acoustic_entropy": 10.421245574951172,
          "acoustic_entropy_side": 10.016422271728516,
          "hz": 464.6875360973435
        },
        {
          "acoustic_entropy": 10.105551719665527,
          "acoustic_entropy_side": 10.573573112487793,
          "hz": 567.8308811364784
        },
        {
          "acoustic_entropy": 10.54625129699707,
          "acoustic_entropy_side": 10.538915634155273,
          "hz": 680.1084783214808
        },
        {
          "acoustic_entropy": 9.815093040466309,
          "acoustic_entropy_side": 9.780326843261719,
          "hz": 802.3292461747484
        },
        {
          "acoustic_entropy": 10.332291603088379,
          "acoustic_entropy_side": 10.456428527832031,
          "hz": 935.3737400823702
        },
        {
          "acoustic_entropy": 9.736536026000977,
          "acoustic_entropy_side": 9.868209838867188,
          "hz": 1080.2004963696966
        },
        {
          "acoustic_entropy": 8.698751449584961,
          "acoustic_entropy_side": 9.69898509979248,
          "hz": 1237.8529382007157
        },
        {
          "acoustic_entropy": 10.335524559020996,
          "acoustic_entropy_side": 10.447541236877441,
          "hz": 1409.4668930556702
        },
        {
          "acoustic_entropy": 10.18043327331543,
          "acoustic_entropy_side": 10.220001220703125,
          "hz": 1596.2787759475705
        },
        {
          "acoustic_entropy": 10.130226135253906,
          "acoustic_entropy_side": 9.968391418457031,
          "hz": 1799.6344973346393
        },
        {
          "acoustic_entropy": 9.753371238708496,
          "acoustic_entropy_side": 9.908266067504883,
          "hz": 2020.9991599069049
        },
        {
          "acoustic_entropy": 10.870964050292969,
          "acoustic_entropy_side": 10.742865562438965,
          "hz": 2261.9676141086993
        },
        {
          "acoustic_entropy": 9.260039329528809,
          "acoustic_entropy_side": 10.061508178710938,
          "hz": 2524.2759484456974
        },
        {
          "acoustic_entropy": 9.8356294631958,
          "acoustic_entropy_side": 9.86072063446045,
          "hz": 2809.813997359896
        },
        {
          "acoustic_entropy": 10.027729034423828,
          "acoustic_entropy_side": 10.120463371276855,
          "hz": 3120.6389567871424
        },
        {
          "acoustic_entropy": 9.967144012451172,
          "acoustic_entropy_side": 10.29705810546875,
          "hz": 3458.990205492291
        },
        {
          "acoustic_entropy": 10.483802795410156,
          "acoustic_entropy_side": 10.168111801147461,
          "hz": 3827.305438964164
        },
        {
          "acoustic_entropy": 9.899049758911133,
          "acoustic_entropy_side": 9.942998886108398,
          "hz": 4228.238232109126
        },
        {
          "acoustic_entropy": 9.908628463745117,
          "acoustic_entropy_side": 9.989494323730469,
          "hz": 4664.6771572759235
        },
        {
          "acoustic_entropy": 9.918634414672852,
          "acoustic_entropy_side": 9.955840110778809,
          "hz": 5139.766595350093
        },
        {
          "acoustic_entropy": 9.86987590789795,
          "acoustic_entropy_side": 9.908218383789062,
          "hz": 5656.929389854203
        },
        {
          "acoustic_entropy": 9.888199806213379,
          "acoustic_entropy_side": 9.925889015197754,
          "hz": 6219.891507268283
        },
        {
          "acoustic_entropy": 9.911429405212402,
          "acoustic_entropy_side": 9.948243141174316,
          "hz": 6832.70888123896
        },
        {
          "acoustic_entropy": 9.931225776672363,
          "acoustic_entropy_side": 9.94896125793457,
          "hz": 7499.796634079867
        },
        {
          "acoustic_entropy": 9.947626113891602,
          "acoustic_entropy_side": 9.97594165802002,
          "hz": 8225.96088609342
        },
        {
          "acoustic_entropy": 9.952459335327148,
          "acoustic_entropy_side": 9.989632606506348,
          "hz": 9016.43338188839
        },
        {
          "acoustic_entropy": 9.977766036987305,
          "acoustic_entropy_side": 10.003947257995605,
          "hz": 9876.909183162974
        },
        {
          "acoustic_entropy": 9.975513458251953,
          "acoustic_entropy_side": 10.002375602722168,
          "hz": 10813.587699516042
        },
        {
          "acoustic_entropy": 9.986968040466309,
          "acoustic_entropy_side": 10.009865760803223,
          "hz": 11833.21735289826
        },
        {
          "acoustic_entropy": 9.978918075561523,
          "acoustic_entropy_side": 10.005677223205566,
          "hz": 12943.144197493959
        },
        {
          "acoustic_entropy": 9.990446090698242,
          "acoustic_entropy_side": 10.012578010559082,
          "hz": 14151.364845322005
        },
        {
          "acoustic_entropy": 10.010554313659668,
          "acoustic_entropy_side": 10.02295970916748,
          "hz": 15466.58407886509
        },
        {
          "acoustic_entropy": 10.021162986755371,
          "acoustic_entropy_side": 10.028233528137207,
          "hz": 16898.27756580493
        },
        {
          "acoustic_entropy": 10.027800559997559,
          "acoustic_entropy_side": 10.031636238098145,
          "hz": 18456.760127700032
        },
        {
          "acoustic_entropy": 10.029915809631348,
          "acoustic_entropy_side": 10.032605171203613,
          "hz": 20153.260054456492
        },
        {
          "acoustic_entropy": 10.035042762756348,
          "acoustic_entropy_side": 10.035100936889648,
          "hz": 22000.00000000001
        }
      ],
      "diff_acoustic_entropy": 7.963327884674072,
      "sn": 12
    },
    {
      "acoustic_entropy": 17.026805877685547,
      "acoustic_entropy_mono": 16.08135986328125,
      "band_eliminated_acoustic_entropies": [
        {
          "acoustic_entropy": 16.802326202392578,
          "acoustic_entropy_side": 16.87847328186035,
          "hz": 129.47220167065723
        },
        {
          "acoustic_entropy": 16.672998428344727,
          "acoustic_entropy_side": 16.31800079345703,
          "hz": 202.92927478742237
        },
        {
          "acoustic_entropy": 17.088979721069336,
          "acoustic_entropy_side": 17.608240127563477,
          "hz": 282.89161906338205
        },
        {
          "acoustic_entropy": 17.573793411254883,
          "acoustic_entropy_side": 16.959125518798828,
          "hz": 369.9353335868758
        },
        {
          "acoustic_entropy": 17.865718841552734,
          "acoustic_entropy_side": 16.86538314819336,
          "hz": 464.6875360973435
        },
        {
          "acoustic_entropy": 17.446598052978516,
          "acoustic_entropy_side": 17.28597640991211,
          "hz": 567.8308811364784
        },
        {
          "acoustic_entropy": 17.042299270629883,
          "acoustic_entropy_side": 17.222949981689453,
          "hz": 680.1084783214808
        },
        {
          "acoustic_entropy": 15.646451950073242,
          "acoustic_entropy_side": 16.05495834350586,
          "hz": 802.3292461747484
        },
        {
          "acoustic_entropy": 17.067747116088867,
          "acoustic_entropy_side": 17.480024337768555,
          "hz": 935.3737400823702
        },
        {
          "acoustic_entropy": 16.3928165435791,
          "acoustic_entropy_side": 17.37179946899414,
          "hz": 1080.2004963696966
        },
        {
          "acoustic_entropy": 16.51459312438965,
          "acoustic_entropy_side": 17.562204360961914,
          "hz": 1237.8529382007157
        },
        {
          "acoustic_entropy": 16.417131423950195,
          "acoustic_entropy_side": 17.255943298339844,
          "hz": 1409.4668930556702
        },
        {
          "acoustic_entropy": 16.820934295654297,
          "acoustic_entropy_side": 16.523941040039062,
          "hz": 1596.2787759475705
        },
        {
          "acoustic_entropy": 16.249340057373047,
          "acoustic_entropy_side": 16.449665069580078,
          "hz": 1799.6344973346393
        },
        {
          "acoustic_entropy": 17.102890014648438,
          "acoustic_entropy_side": 17.439838409423828,
          "hz": 2020.9991599069049
        },
        {
          "acoustic_entropy": 17.527565002441406,
          "acoustic_entropy_side": 17.915302276611328,
          "hz": 2261.9676141086993
        },
        {
          "acoustic_entropy": 15.39661693572998,
          "acoustic_entropy_side": 16.775192260742188,
          "hz": 2524.2759484456974
        },
        {
          "acoustic_entropy": 16.91097640991211,
          "acoustic_entropy_side": 16.830074310302734,
          "hz": 2809.813997359896
        },
        {
          "acoustic_entropy": 16.84467315673828,
          "acoustic_entropy_side": 17.043569564819336,
