{
  "acoustic_entropy": 183.40818786621094,
  "bands": [
    {
      "high_freq": 148.1999969482422,
      "loudness": -19.770492553710938,
      "loudness_range": 6.535989761352539,
      "mid_mean": -16.1435489654541,
      "mid_to_side_loudness": -22.421049118041992,
      "mid_to_side_loudness_range": 7.911226272583008,
      "side_mean": -38.73617935180664
    },
    {
      "high_freq": 392.3793640136719,
      "loudness": -25.118614196777344,
      "loudness_range": 6.147190093994141,
      "low_freq": 148.1999969482422,
      "mid_mean": -21.595327377319336,
      "mid_to_side_loudness": -17.96769905090332,
      "mid_to_side_loudness_range": 12.957438468933105,
      "side_mean": -39.81316375732422
    },
    {
      "high_freq": 794.6976318359375,
      "loudness": -26.532398223876953,
      "loudness_range": 6.509767532348633,
      "low_freq": 392.3793640136719,
      "mid_mean": -23.12131118774414,
      "mid_to_side_loudness": -14.488425254821777,
      "mid_to_side_loudness_range": 15.687646865844727,
      "side_mean": -37.63380813598633
    },
    {
      "high_freq": 1457.5709228515625,
      "loudness": -27.471052169799805,
      "loudness_range": 7.816303253173828,
      "low_freq": 794.6976318359375,
      "mid_mean": -24.265003204345703,
      "mid_to_side_loudness": -11.357383728027344,
      "mid_to_side_loudness_range": 13.371011734008789,
      "side_mean": -35.610172271728516
    },
    {
      "high_freq": 2549.74365234375,
      "loudness": -25.51799201965332,
      "loudness_range": 6.748987197875977,
      "low_freq": 1457.5709228515625,
      "mid_mean": -22.297868728637695,
      "mid_to_side_loudness": -10.927061080932617,
      "mid_to_side_loudness_range": 11.623847961425781,
      "side_mean": -33.22203063964844
    },
    {
      "high_freq": 4349.24462890625,
      "loudness": -26.002504348754883,
      "loudness_range": 7.847675323486328,
      "low_freq": 2549.74365234375,
      "mid_mean": -22.8740234375,
      "mid_to_side_loudness": -10.72939682006836,
      "mid_to_side_loudness_range": 13.877700805664062,
      "side_mean": -33.56892395019531
    },
    {
      "high_freq": 7314.1640625,
      "loudness": -30.580524444580078,
      "loudness_range": 8.835678100585938,
      "low_freq": 4349.24462890625,
      "mid_mean": -27.939775466918945,
      "mid_to_side_loudness": -7.123170375823975,
      "mid_to_side_loudness_range": 11.42676067352295,
      "side_mean": -35.00800704956055
    },
    {
      "high_freq": 12199.2666015625,
      "loudness": -32.51908874511719,
      "loudness_range": 8.891092300415039,
      "low_freq": 7314.1640625,
      "mid_mean": -29.976333618164062,
      "mid_to_side_loudness": -6.178040981292725,
      "mid_to_side_loudness_range": 8.677349090576172,
      "side_mean": -35.47651290893555
    },
    {
      "loudness": -29.941736221313477,
      "loudness_range": 9.850055694580078,
      "low_freq": 12199.2666015625,
      "mid_mean": -27.315820693969727,
      "mid_to_side_loudness": -9.186888694763184,
      "mid_to_side_loudness_range": 6.456000328063965,
      "side_mean": -36.12824249267578
    }
  ],
  "bands_short": [
    {
      "high_freq": 148.1999969482422,
      "loudness": -23.22376251220703,
      "loudness_range": 16.115083694458008,
      "mid_mean": -19.768924713134766,
      "mid_to_side_loudness": -22.181594848632812,
      "mid_to_side_loudness_range": 17.178014755249023,
      "side_mean": -42.141639709472656
    },
    {
      "high_freq": 392.3793640136719,
      "loudness": -24.97720718383789,
      "loudness_range": 15.918047904968262,
      "low_freq": 148.1999969482422,
      "mid_mean": -21.50702476501465,
      "mid_to_side_loudness": -17.233905792236328,
      "mid_to_side_loudness_range": 14.334615707397461,
      "side_mean": -39.1208381652832
    },
    {
      "high_freq": 794.6976318359375,
      "loudness": -27.48652458190918,
      "loudness_range": 11.960861206054688,
      "low_freq": 392.3793640136719,
      "mid_mean": -24.14946746826172,
      "mid_to_side_loudness": -14.617879867553711,
      "mid_to_side_loudness_range": 18.23053550720215,
      "side_mean": -38.925697326660156
    },
    {
      "high_freq": 1457.5709228515625,
      "loudness": -28.267822265625,
      "loudness_range": 12.604066848754883,
      "low_freq": 794.6976318359375,
      "mid_mean": -25.24844741821289,
      "mid_to_side_loudness": -11.155949592590332,
      "mid_to_side_loudness_range": 15.858532905578613,
      "side_mean": -36.156124114990234
    },
    {
      "high_freq": 2549.74365234375,
      "loudness": -26.33182716369629,
      "loudness_range": 11.281108856201172,
      "low_freq": 1457.5709228515625,
      "mid_mean": -23.27151107788086,
      "mid_to_side_loudness": -10.799006462097168,
      "mid_to_side_loudness_range": 13.758438110351562,
      "side_mean": -34.01298904418945
    },
    {
      "high_freq": 4349.24462890625,
      "loudness": -27.083417892456055,
      "loudness_range": 13.385477066040039,
      "low_freq": 2549.74365234375,
      "mid_mean": -24.123178482055664,
      "mid_to_side_loudness": -10.166435241699219,
      "mid_to_side_loudness_range": 15.463203430175781,
      "side_mean": -34.336509704589844
    },
    {
      "high_freq": 7314.1640625,
      "loudness": -31.83344268798828,
      "loudness_range": 14.8157958984375,
      "low_freq": 4349.24462890625,
      "mid_mean": -29.362279891967773,
      "mid_to_side_loudness": -6.695498943328857,
      "mid_to_side_loudness_range": 11.678566932678223,
      "side_mean": -35.788387298583984
    },
    {
      "high_freq": 12199.2666015625,
      "loudness": -34.17363739013672,
      "loudness_range": 16.444091796875,
      "low_freq": 7314.1640625,
      "mid_mean": -32.15235900878906,
      "mid_to_side_loudness": -5.3076958656311035,
      "mid_to_side_loudness_range": 10.12401294708252,
      "side_mean": -36.386810302734375
    },
    {
      "loudness": -35.908668518066406,
      "loudness_range": 30.425443649291992,
      "low_freq": 12199.2666015625,
      "mid_mean": -33.55918884277344,
      "mid_to_side_loudness": -7.433319091796875,
      "mid_to_side_loudness_range": 11.250286102294922,
      "side_mean": -41.14395523071289
    }
  ],
  "bandwidth": 508.6001892089844,
  "channels": 2,
  "covariance": [
    [
      10.036216735839844,
      8.828256607055664,
      5.4582672119140625,
      7.970868110656738,
      5.097376346588135,
      9.791528701782227,
      5.8670525550842285,
      11.192892074584961,
      5.074515342712402,
      10.38351058959961,
      5.430421829223633,
      10.029175758361816,
      5.817952632904053,
      9.31500244140625,
      8.118873596191406,
      7.693065643310547,
      9.112954139709473,
      9.978397369384766
    ],
    [
      8.828256607055664,
      16.161483764648438,
      9.485091209411621,
      9.606802940368652,
      8.258267402648926,
      7.906534194946289,
      7.178271770477295,
      9.946039199829102,
      7.9906439781188965,
      10.927743911743164,
      7.614823341369629,
      9.141864776611328,
      7.435262680053711,
      9.707000732421875,
      9.8350191116333,
      11.150339126586914,
      13.09001636505127,
      12.755341529846191
    ],
    [
      5.4582672119140625,
      9.485091209411621,
      12.651930809020996,
      7.018699645996094,
      7.0013203620910645,
      5.602949142456055,
      4.519603729248047,
      5.684058666229248,
      7.695836544036865,
      7.480242729187012,
      6.158738613128662,
      5.463469982147217,
      6.769510269165039,
      8.105182647705078,
      8.612859725952148,
      9.367716789245605,
      10.299125671386719,
      9.513921737670898
    ],
    [
      7.970868110656738,
      9.606802940368652,
      7.018699645996094,
      20.413454055786133,
      6.324384689331055,
      14.605599403381348,
      7.0059943199157715,
      14.013126373291016,
      5.611443996429443,
      12.508648872375488,
      5.890370845794678,
      11.666255950927734,
      6.0268073081970215,
      9.932296752929688,
      9.964693069458008,
      8.86395263671875,
      12.812780380249023,
      11.12201976776123
    ],
    [
      5.097376346588135,
      8.258267402648926,
      7.0013203620910645,
      6.324384689331055,
      11.314373970031738,
      8.948619842529297,
      6.121573448181152,
      9.014159202575684,
      7.744377136230469,
      9.439766883850098,
      8.034823417663574,
      7.7800822257995605,
      7.070268154144287,
      6.617033958435059,
      6.946779251098633,
      6.908944606781006,
      6.591505527496338,
      6.567589282989502
    ],
    [
      9.791528701782227,
      7.906534194946289,
      5.602949142456055,
      14.605599403381348,
      8.948619842529297,
      36.190086364746094,
      12.73685073852539,
      33.404823303222656,
      9.933502197265625,
      28.390623092651367,
      9.955334663391113,
      28.492046356201172,
      10.988177299499512,
      21.788122177124023,
      15.086814880371094,
      15.47406005859375,
      20.13010597229004,
      19.09176254272461
    ],
    [
      5.8670525550842285,
      7.178271770477295,
      4.519603729248047,
      7.0059943199157715,
      6.121573448181152,
      12.73685073852539,
      9.432947158813477,
      16.143556594848633,
      6.2802276611328125,
      12.406017303466797,
      7.3455328941345215,
      13.666397094726562,
      7.409412860870361,
      10.765602111816406,
      8.205707550048828,
      7.962749004364014,
      8.525588989257812,
      7.92446756362915
    ],
    [
      11.192892074584961,
      9.946039199829102,
      5.684058666229248,
      14.013126373291016,
      9.014159202575684,
      33.404823303222656,
      16.143556594848633,
      46.67084884643555,
      11.941733360290527,
      34.942657470703125,
      13.532723426818848,
      37.96808624267578,
      15.099175453186035,
      28.5972957611084,
      17.838712692260742,
      18.362295150756836,
      21.828197479248047,
      23.427047729492188
    ],
    [
      5.074515342712402,
      7.9906439781188965,
      7.695836544036865,
      5.611443996429443,
      7.744377136230469,
      9.933502197265625,
      6.2802276611328125,
      11.941733360290527,
      9.680615425109863,
      14.091643333435059,
      7.434742450714111,
      11.109624862670898,
      7.423230171203613,
      10.241013526916504,
      8.630498886108398,
      9.45002555847168,
      9.429561614990234,
      9.811851501464844
    ],
    [
      10.38351058959961,
      10.927743911743164,
      7.480242729187012,
      12.508648872375488,
      9.439766883850098,
      28.390623092651367,
      12.406017303466797,
      34.942657470703125,
      14.091643333435059,
      37.2735481262207,
      11.78885555267334,
      32.22193908691406,
      13.09673023223877,
      25.124197006225586,
      17.015623092651367,
      18.601831436157227,
      22.026020050048828,
      23.543346405029297
    ],
    [
      5.430421829223633,
      7.614823341369629,
      6.158738613128662,
      5.890370845794678,
      8.034823417663574,
      9.955334663391113,
      7.3455328941345215,
      13.532723426818848,
      7.434742450714111,
      11.78885555267334,
      10.467774391174316,
      14.605508804321289,
      9.151528358459473,
      11.271161079406738,
      8.79171085357666,
      8.754969596862793,
      5.993709087371826,
      7.102534770965576
    ],
    [
      10.029175758361816,
      9.141864776611328,
      5.463469982147217,
      11.666255950927734,
      7.7800822257995605,
      28.492046356201172,
      13.666397094726562,
      37.96808624267578,
      11.109624862670898,
      32.22193908691406,
      14.605508804321289,
      41.97846603393555,
      15.874199867248535,
      34.046077728271484,
      19.051565170288086,
      22.507919311523438,
      19.11977195739746,
      21.91946029663086
    ],
    [
      5.817952632904053,
      7.435262680053711,
      6.769510269165039,
      6.0268073081970215,
      7.070268154144287,
      10.988177299499512,
      7.409412860870361,
      15.099175453186035,
      7.423230171203613,
      13.09673023223877,
      9.151528358459473,
      15.874199867248535,
      11.781970024108887,
      16.688640594482422,
      11.404861450195312,
      11.678699493408203,
      7.967245101928711,
      8.197587966918945
    ],
    [
      9.31500244140625,
      9.707000732421875,
      8.105182647705078,
      9.932296752929688,
      6.617033958435059,
      21.788122177124023,
      10.765602111816406,
      28.5972957611084,
      10.241013526916504,
      25.124197006225586,
      11.271161079406738,
      34.046077728271484,
      16.688640594482422,
      42.160274505615234,
      21.23188018798828,
      28.169498443603516,
      18.93088722229004,
      16.558197021484375
    ],
    [
      8.118873596191406,
      9.8350191116333,
      8.612859725952148,
      9.964693069458008,
      6.946779251098633,
      15.086814880371094,
      8.205707550048828,
      17.838712692260742,
      8.630498886108398,
      17.015623092651367,
      8.79171085357666,
      19.051565170288086,
      11.404861450195312,
      21.23188018798828,
      17.099117279052734,
      16.462167739868164,
      16.319473266601562,
      14.401941299438477
    ],
    [
      7.693065643310547,
      11.150339126586914,
      9.367716789245605,
      8.86395263671875,
      6.908944606781006,
      15.47406005859375,
      7.962749004364014,
      18.362295150756836,
      9.45002555847168,
      18.601831436157227,
      8.754969596862793,
      22.507919311523438,
      11.678699493408203,
      28.169498443603516,
      16.462167739868164,
      30.8633975982666,
      21.396997451782227,
      19.272544860839844
    ],
    [
      9.112954139709473,
      13.09001636505127,
      10.299125671386719,
      12.812780380249023,
      6.591505527496338,
      20.13010597229004,
      8.525588989257812,
      21.828197479248047,
      9.429561614990234,
      22.026020050048828,
      5.993709087371826,
      19.11977195739746,
      7.967245101928711,
      18.93088722229004,
      16.319473266601562,
      21.396997451782227,
      44.72746658325195,
      35.90495300292969
    ],
    [
      9.978397369384766,
      12.755341529846191,
      9.513921737670898,
      11.12201976776123,
      6.567589282989502,
      19.09176254272461,
      7.92446756362915,
      23.427047729492188,
      9.811851501464844,
      23.543346405029297,
      7.102534770965576,
      21.91946029663086,
      8.197587966918945,
      16.558197021484375,
      14.401941299438477,
      19.272544860839844,
      35.90495300292969,
      48.580352783203125
    ]
  ],
  "covariance_short": [
    [
      45.030662536621094,
      21.31624984741211,
      16.512042999267578,
      13.944785118103027,
      8.023430824279785,
      12.559209823608398,
      11.728523254394531,
      11.986998558044434,
      9.234655380249023,
      12.555834770202637,
      10.956887245178223,
      13.057551383972168,
      10.747563362121582,
      10.247529029846191,
      16.36885643005371,
      11.4443941116333,
      30.259017944335938,
      29.391582489013672
    ],
    [
      21.31624984741211,
      40.055938720703125,
      12.278722763061523,
      11.76394271850586,
      8.785979270935059,
      5.977971076965332,
      7.6140971183776855,
      7.423216819763184,
      9.723333358764648,
      10.212714195251465,
      7.397990703582764,
      7.974943161010742,
      5.068935871124268,
      6.365309715270996,
      7.685340881347656,
      12.342040061950684,
      14.94024658203125,
      17.98590087890625
    ],
    [
      16.512042999267578,
      12.278722763061523,
      35.40401077270508,
      19.282949447631836,
      17.102182388305664,
      14.771807670593262,
      17.25567626953125,
      13.363042831420898,
      18.344703674316406,
      14.957783699035645,
      18.2450008392334,
      13.522185325622559,
      19.601329803466797,
      17.117738723754883,
      23.723663330078125,
      19.283931732177734,
      39.705810546875,
      37.77971649169922
    ],
    [
      13.944785118103027,
      11.76394271850586,
      19.282949447631836,
      29.69841194152832,
      12.043004035949707,
      18.431543350219727,
      14.745633125305176,
      15.841641426086426,
      13.159913063049316,
      14.981415748596191,
      13.693739891052246,
      14.900980949401855,
      13.12895679473877,
      12.00584602355957,
      16.39055633544922,
      11.58304214477539,
      23.534692764282227,
      21.541948318481445
    ],
    [
      8.023430824279785,
      8.785979270935059,
      17.102182388305664,
      12.043004035949707,
      24.76828956604004,
      13.228828430175781,
      14.317018508911133,
      10.048495292663574,
      16.621238708496094,
      12.357979774475098,
      17.336679458618164,
      10.465106010437012,
      15.582566261291504,
      8.771210670471191,
      14.345290184020996,
      11.278962135314941,
      22.946365356445312,
      20.957969665527344
    ],
    [
      12.559209823608398,
      5.977971076965332,
      14.771807670593262,
      18.431543350219727,
      13.228828430175781,
      41.360328674316406,
      18.393068313598633,
      32.357601165771484,
      15.225756645202637,
      27.634756088256836,
      16.389984130859375,
      27.779033660888672,
      16.96804428100586,
      19.494237899780273,
      17.56283950805664,
      12.453250885009766,
      23.849212646484375,
      23.248092651367188
    ],
    [
      11.728523254394531,
      7.6140971183776855,
      17.25567626953125,
      14.745633125305176,
      14.317018508911133,
      18.393068313598633,
      25.08786964416504,
      22.681825637817383,
      16.539291381835938,
      18.474647521972656,
      18.999975204467773,
      19.59181022644043,
      19.13006019592285,
      15.621294021606445,
      19.14274024963379,
      13.67851448059082,
      28.02200698852539,
      26.246173858642578
    ],
    [
      11.986998558044434,
      7.423216819763184,
      13.363042831420898,
      15.841641426086426,
      10.048495292663574,
      32.357601165771484,
      22.681825637817383,
      51.707733154296875,
      16.291234970092773,
      36.63615798950195,
      18.587059020996094,
      38.75381088256836,
      20.42135238647461,
      27.677106857299805,
      20.336318969726562,
      15.59675407409668,
      25.429948806762695,
      26.948932647705078
    ],
    [
      9.234655380249023,
      9.723333358764648,
      18.344703674316406,
      13.159913063049316,
      16.621238708496094,
      15.225756645202637,
      16.539291381835938,
      16.291234970092773,
      22.86409568786621,
      20.981449127197266,
      19.56024742126465,
      17.16669464111328,
      18.350889205932617,
      14.235081672668457,
      17.218582153320312,
      14.179632186889648,
      26.356000900268555,
      26.081192016601562
    ],
    [
      12.555834770202637,
      10.212714195251465,
      14.957783699035645,
      14.981415748596191,
      12.357979774475098,
      27.634756088256836,
      18.474647521972656,
      36.63615798950195,
      20.981449127197266,
      44.732330322265625,
      19.778623580932617,
      35.950374603271484,
      20.29692840576172,
      25.853408813476562,
      20.452634811401367,
      17.004486083984375,
      27.59007453918457,
      29.52226448059082
    ],
    [
      10.956887245178223,
      7.397990703582764,
      18.2450008392334,
      13.693739891052246,
      17.336679458618164,
      16.389984130859375,
      18.999975204467773,
      18.587059020996094,
      19.56024742126465,
      19.778623580932617,
      28.399539947509766,
      23.896862030029297,
      24.702014923095703,
      18.28744888305664,
      22.038599014282227,
      15.764891624450684,
      30.276628494262695,
      28.886716842651367
    ],
    [
      13.057551383972168,
      7.974943161010742,
      13.522185325622559,
      14.900980949401855,
      10.465106010437012,
      27.779033660888672,
      19.59181022644043,
      38.75381088256836,
      17.16669464111328,
      35.950374603271484,
      23.896862030029297,
      50.028228759765625,
      26.11844253540039,
      36.89163589477539,
      27.0593204498291,
      22.64440155029297,
      29.997461318969727,
      32.971126556396484
    ],
    [
      10.747563362121582,
      5.068935871124268,
      19.601329803466797,
      13.12895679473877,
      15.582566261291504,
      16.96804428100586,
      19.13006019592285,
      20.42135238647461,
      18.350889205932617,
      20.29692840576172,
      24.702014923095703,
      26.11844253540039,
      31.156246185302734,
      27.68924331665039,
      29.584638595581055,
      21.86733055114746,
      36.36527633666992,
      34.1121940612793
    ],
    [
      10.247529029846191,
      6.365309715270996,
      17.117738723754883,
      12.00584602355957,
      8.771210670471191,
      19.494237899780273,
      15.621294021606445,
      27.677106857299805,
      14.235081672668457,
      25.853408813476562,
      18.28744888305664,
      36.89163589477539,
      27.68924331665039,
      50.05213165283203,
      33.082427978515625,
      32.10590744018555,
      33.77033233642578,
      33.87881088256836
    ],
    [
      16.36885643005371,
      7.685340881347656,
      23.723663330078125,
      16.39055633544922,
      14.345290184020996,
      17.56283950805664,
      19.14274024963379,
      20.336318969726562,
      17.218582153320312,
      20.452634811401367,
      22.038599014282227,
      27.0593204498291,
      29.584638595581055,
      33.082427978515625,
      45.2949333190918,
      30.318708419799805,
      59.09324264526367,
      51.8992919921875
    ],
    [
      11.4443941116333,
      12.342040061950684,
      19.283931732177734,
      11.58304214477539,
      11.278962135314941,
      12.453250885009766,
      13.67851448059082,
      15.59675407409668,
      14.179632186889648,
      17.004486083984375,
      15.764891624450684,
      22.64440155029297,
      21.86733055114746,
      32.10590744018555,
      30.318708419799805,
      37.74869155883789,
      39.67576599121094,
      41.937583923339844
    ],
    [
      30.259017944335938,
      14.94024658203125,
      39.705810546875,
      23.534692764282227,
      22.946365356445312,
      23.849212646484375,
      28.02200698852539,
      25.429948806762695,
      26.356000900268555,
      27.59007453918457,
      30.276628494262695,
      29.997461318969727,
      36.36527633666992,
      33.77033233642578,
      59.09324264526367,
      39.67576599121094,
      132.9160614013672,
      106.1149673461914
    ],
    [
      29.391582489013672,
      17.98590087890625,
      37.77971649169922,
      21.541948318481445,
      20.957969665527344,
      23.248092651367188,
      26.246173858642578,
      26.948932647705078,
      26.081192016601562,
      29.52226448059082,
      28.886716842651367,
      32.971126556396484,
      34.1121940612793,
      33.87881088256836,
      51.8992919921875,
      41.937583923339844,
      106.1149673461914,
      107.0439453125
    ]
  ],
  "damage": -6.206119060516357,
  "diff_bandwidth": 482.33154296875,
  "dissonance": 9.512736069074938,
  "drr": 6.488010883331299,
  "dynamics": 2.202279806137085,
  "format": 1245190,
  "frames": 4370432,
  "loudness": -12.342350006103516,
  "loudness_range": 4.277379989624023,
  "loudness_range_short": 9.86143684387207,
  "lowpass_true_peak_15khz": 0.3309478163719177,
  "mastering3_acoustic_entropies": [
    {
      "acoustic_entropy": 5.13774299621582,
      "acoustic_entropy_mono": 5.098573684692383,
      "band_eliminated_acoustic_entropies": [
        {
          "acoustic_entropy": 4.9722981452941895,
          "acoustic_entropy_side": 5.137716770172119,
          "hz": 129.47220167065723
        },
        {
          "acoustic_entropy": 5.287348747253418,
          "acoustic_entropy_side": 5.137454509735107,
          "hz": 202.92927478742237
        },
        {
          "acoustic_entropy": 5.025113582611084,
          "acoustic_entropy_side": 5.137844085693359,
          "hz": 282.89161906338205
        },
        {
          "acoustic_entropy": 5.175803184509277,
          "acoustic_entropy_side": 5.137679100036621,
          "hz": 369.9353335868758
        },
        {
          "acoustic_entropy": 5.106157302856445,
          "acoustic_entropy_side": 5.144583702087402,
          "hz": 464.6875360973435
        },
        {
          "acoustic_entropy": 5.206906318664551,
          "acoustic_entropy_side": 5.137066841125488,
          "hz": 567.8308811364784
        },
        {
          "acoustic_entropy": 4.8644256591796875,
          "acoustic_entropy_side": 5.150017261505127,
          "hz": 680.1084783214808
        },
        {
          "acoustic_entropy": 4.939262390136719,
          "acoustic_entropy_side": 5.1534857749938965,
          "hz": 802.3292461747484
        },
        {
          "acoustic_entropy": 5.27701473236084,
          "acoustic_entropy_side": 5.098928451538086,
          "hz": 935.3737400823702
        },
        {
          "acoustic_entropy": 5.071364402770996,
          "acoustic_entropy_side": 5.145351886749268,
          "hz": 1080.2004963696966
        },
        {
          "acoustic_entropy": 5.408139705657959,
          "acoustic_entropy_side": 5.249096870422363,
          "hz": 1237.8529382007157
        },
        {
          "acoustic_entropy": 5.076513767242432,
          "acoustic_entropy_side": 5.086447238922119,
          "hz": 1409.4668930556702
        },
        {
          "acoustic_entropy": 5.343653678894043,
          "acoustic_entropy_side": 5.275467872619629,
          "hz": 1596.2787759475705
        },
        {
          "acoustic_entropy": 5.062875747680664,
          "acoustic_entropy_side": 5.096836090087891,
          "hz": 1799.6344973346393
        },
        {
          "acoustic_entropy": 4.955928802490234,
          "acoustic_entropy_side": 4.955075263977051,
          "hz": 2020.9991599069049
        },
        {
          "acoustic_entropy": 5.49128532409668,
          "acoustic_entropy_side": 5.278868675231934,
          "hz": 2261.9676141086993
        },
        {
          "acoustic_entropy": 5.199310779571533,
          "acoustic_entropy_side": 5.116127967834473,
          "hz": 2524.2759484456974
        },
        {
          "acoustic_entropy": 5.24247932434082,
          "acoustic_entropy_side": 5.1804633140563965,
          "hz": 2809.813997359896
        },
        {
          "acoustic_entropy": 5.281999111175537,
          "acoustic_entropy_side": 5.200543403625488,
          "hz": 3120.6389567871424
        },
        {
          "acoustic_entropy": 5.109828472137451,
          "acoustic_entropy_side": 5.18802547454834,
          "hz": 3458.990205492291
        },
        {
          "acoustic_entropy": 4.682246685028076,
          "acoustic_entropy_side": 4.821469783782959,
          "hz": 3827.305438964164
        },
        {
          "acoustic_entropy": 5.0635666847229,
          "acoustic_entropy_side": 5.072760105133057,
          "hz": 4228.238232109126
        },
        {
          "acoustic_entropy": 4.945116996765137,
          "acoustic_entropy_side": 5.202269077301025,
          "hz": 4664.6771572759235
        },
        {
          "acoustic_entropy": 5.077633380889893,
          "acoustic_entropy_side": 5.068758010864258,
          "hz": 5139.766595350093
        },
        {
          "acoustic_entropy": 5.06074857711792,
          "acoustic_entropy_side": 5.100042819976807,
          "hz": 5656.929389854203
        },
        {
          "acoustic_entropy": 5.065305233001709,
          "acoustic_entropy_side": 5.098114967346191,
          "hz": 6219.891507268283
        },
        {
          "acoustic_entropy": 5.006375312805176,
          "acoustic_entropy_side": 5.08484411239624,
          "hz": 6832.70888123896
        },
        {
          "acoustic_entropy": 5.0693230628967285,
          "acoustic_entropy_side": 5.082070350646973,
          "hz": 7499.796634079867
        },
        {
          "acoustic_entropy": 5.101467609405518,
          "acoustic_entropy_side": 5.094058036804199,
          "hz": 8225.96088609342
        },
        {
          "acoustic_entropy": 5.064080715179443,
          "acoustic_entropy_side": 5.090132713317871,
          "hz": 9016.43338188839
        },
        {
          "acoustic_entropy": 5.068418979644775,
          "acoustic_entropy_side": 5.090665817260742,
          "hz": 9876.909183162974
        },
        {
          "acoustic_entropy": 5.091917991638184,
          "acoustic_entropy_side": 5.108756065368652,
          "hz": 10813.587699516042
        },
        {
          "acoustic_entropy": 5.115391254425049,
          "acoustic_entropy_side": 5.119955539703369,
          "hz": 11833.21735289826
        },
        {
          "acoustic_entropy": 5.126706123352051,
          "acoustic_entropy_side": 5.117534637451172,
          "hz": 12943.144197493959
        },
        {
          "acoustic_entropy": 5.125797271728516,
          "acoustic_entropy_side": 5.1260881423950195,
          "hz": 14151.364845322005
        },
        {
          "acoustic_entropy": 5.122661113739014,
          "acoustic_entropy_side": 5.125707149505615,
          "hz": 15466.58407886509
        },
        {
          "acoustic_entropy": 5.129873752593994,
          "acoustic_entropy_side": 5.134154319763184,
          "hz": 16898.27756580493
        },
        {
          "acoustic_entropy": 5.044526100158691,
          "acoustic_entropy_side": 5.137849807739258,
          "hz": 18456.760127700032
        },
        {
          "acoustic_entropy": 4.95878791809082,
          "acoustic_entropy_side": 5.138848781585693,
          "hz": 20153.260054456492
        },
        {
          "acoustic_entropy": 5.123502254486084,
          "acoustic_entropy_side": 5.137765407562256,
          "hz": 22000.00000000001
        }
      ],
      "diff_acoustic_entropy": 4.64214563369751,
      "sn": 6
    },
    {
      "acoustic_entropy": 9.29347038269043,
      "acoustic_entropy_mono": 8.185418128967285,
      "band_eliminated_acoustic_entropies": [
        {
          "acoustic_entropy": 9.27817153930664,
          "acoustic_entropy_side": 9.293502807617188,
          "hz": 129.47220167065723
        },
        {
          "acoustic_entropy": 9.32018756866455,
          "acoustic_entropy_side": 9.298941612243652,
          "hz": 202.92927478742237
        },
        {
          "acoustic_entropy": 9.280108451843262,
          "acoustic_entropy_side": 9.303776741027832,
          "hz": 282.89161906338205
        },
        {
          "acoustic_entropy": 9.516572952270508,
          "acoustic_entropy_side": 9.3348388671875,
          "hz": 369.9353335868758
        },
        {
          "acoustic_entropy": 9.455846786499023,
          "acoustic_entropy_side": 9.34187126159668,
          "hz": 464.6875360973435
        },
        {
          "acoustic_entropy": 9.287734985351562,
          "acoustic_entropy_side": 9.339475631713867,
          "hz": 567.8308811364784
        },
        {
          "acoustic_entropy": 9.190157890319824,
          "acoustic_entropy_side": 9.371112823486328,
          "hz": 680.1084783214808
        },
        {
          "acoustic_entropy": 8.707948684692383,
          "acoustic_entropy_side": 9.25303840637207,
          "hz": 802.3292461747484
        },
        {
          "acoustic_entropy": 9.312623977661133,
          "acoustic_entropy_side": 9.167462348937988,
          "hz": 935.3737400823702
        },
        {
          "acoustic_entropy": 9.688525199890137,
          "acoustic_entropy_side": 9.431212425231934,
          "hz": 1080.2004963696966
        },
        {
          "acoustic_entropy": 9.250164985656738,
          "acoustic_entropy_side": 9.119195938110352,
          "hz": 1237.8529382007157
        },
        {
          "acoustic_entropy": 9.526077270507812,
          "acoustic_entropy_side": 9.392683029174805,
          "hz": 1409.4668930556702
        },
        {
          "acoustic_entropy": 9.106560707092285,
          "acoustic_entropy_side": 9.11259937286377,
          "hz": 1596.2787759475705
        },
        {
          "acoustic_entropy": 9.33876895904541,
          "acoustic_entropy_side": 9.472481727600098,
          "hz": 1799.6344973346393
        },
        {
          "acoustic_entropy": 9.110942840576172,
          "acoustic_entropy_side": 8.8651704788208,
          "hz": 2020.9991599069049
        },
        {
          "acoustic_entropy": 9.816762924194336,
          "acoustic_entropy_side": 9.695821762084961,
          "hz": 2261.9676141086993
        },
        {
          "acoustic_entropy": 9.570923805236816,
          "acoustic_entropy_side": 9.341409683227539,
          "hz": 2524.2759484456974
        },
        {
          "acoustic_entropy": 8.942228317260742,
          "acoustic_entropy_side": 8.961992263793945,
          "hz": 2809.813997359896
        },
        {
          "acoustic_entropy": 9.236461639404297,
          "acoustic_entropy_side": 9.135566711425781,
          "hz": 3120.6389567871424
        },
        {
          "acoustic_entropy": 9.445403099060059,
          "acoustic_entropy_side": 9.492745399475098,
          "hz": 3458.990205492291
        },
        {
          "acoustic_entropy": 9.101866722106934,
          "acoustic_entropy_side": 8.748470306396484,
          "hz": 3827.305438964164
        },
        {
          "acoustic_entropy": 9.214703559875488,
          "acoustic_entropy_side": 9.153512954711914,
          "hz": 4228.238232109126
        },
        {
          "acoustic_entropy": 9.184887886047363,
          "acoustic_entropy_side": 9.447344779968262,
          "hz": 4664.6771572759235
        },
        {
          "acoustic_entropy": 9.18307876586914,
          "acoustic_entropy_side": 9.22276496887207,
          "hz": 5139.766595350093
        },
        {
          "acoustic_entropy": 9.380934715270996,
          "acoustic_entropy_side": 9.23994255065918,
          "hz": 5656.929389854203
        },
        {
          "acoustic_entropy": 9.30225658416748,
          "acoustic_entropy_side": 9.222066879272461,
          "hz": 6219.891507268283
        },
        {
          "acoustic_entropy": 9.228464126586914,
          "acoustic_entropy_side": 9.26468563079834,
          "hz": 6832.70888123896
        },
        {
          "acoustic_entropy": 9.255051612854004,
          "acoustic_entropy_side": 9.247443199157715,
          "hz": 7499.796634079867
        },
        {
          "acoustic_entropy": 9.209245681762695,
          "acoustic_entropy_side": 9.233075141906738,
          "hz": 8225.96088609342
        },
        {
          "acoustic_entropy": 9.214630126953125,
          "acoustic_entropy_side": 9.256861686706543,
          "hz": 9016.43338188839
        },
        {
          "acoustic_entropy": 9.324936866760254,
          "acoustic_entropy_side": 9.311872482299805,
          "hz": 9876.909183162974
        },
        {
          "acoustic_entropy": 9.481697082519531,
          "acoustic_entropy_side": 9.471667289733887,
          "hz": 10813.587699516042
        },
        {
          "acoustic_entropy": 9.268411636352539,
          "acoustic_entropy_side": 9.250017166137695,
          "hz": 11833.21735289826
        },
        {
          "acoustic_entropy": 9.247037887573242,
          "acoustic_entropy_side": 9.28566837310791,
          "hz": 12943.144197493959
        },
        {
          "acoustic_entropy": 9.229267120361328,
          "acoustic_entropy_side": 9.306941032409668,
          "hz": 14151.364845322005
        },
        {
          "acoustic_entropy": 9.118046760559082,
          "acoustic_entropy_side": 9.329656600952148,
          "hz": 15466.58407886509
        },
        {
          "acoustic_entropy": 8.902938842773438,
          "acoustic_entropy_side": 9.33144474029541,
          "hz": 16898.27756580493
        },
        {
          "acoustic_entropy": 9.072342872619629,
          "acoustic_entropy_side": 9.301586151123047,
          "hz": 18456.760127700032
        },
        {
          "acoustic_entropy": 9.07629108428955,
          "acoustic_entropy_side": 9.282886505126953,
          "hz": 20153.260054456492
        },
        {
          "acoustic_entropy": 9.21012020111084,
          "acoustic_entropy_side": 9.309199333190918,
          "hz": 22000.00000000001
        }
      ],
      "diff_acoustic_entropy": 8.18889045715332,
      "sn": 12
    },
    {
      "acoustic_entropy": 16.521337509155273,
      "acoustic_entropy_mono": 11.266448020935059,
      "band_eliminated_acoustic_entropies": [
        {
          "acoustic_entropy": 15.879904747009277,
          "acoustic_entropy_side": 16.529211044311523,
          "hz": 129.47220167065723
        },
        {
          "acoustic_entropy": 16.4841365814209,
          "acoustic_entropy_side": 16.498680114746094,
          "hz": 202.92927478742237
        },
        {
          "acoustic_entropy": 15.672369956970215,
          "acoustic_entropy_side": 16.399389266967773,
          "hz": 282.89161906338205
        },
        {
          "acoustic_entropy": 17.055940628051758,
          "acoustic_entropy_side": 16.86741828918457,
          "hz": 369.9353335868758
        },
        {
          "acoustic_entropy": 16.664674758911133,
          "acoustic_entropy_side": 16.839624404907227,
          "hz": 464.6875360973435
        },
        {
          "acoustic_entropy": 16.790889739990234,
          "acoustic_entropy_side": 16.72528839111328,
          "hz": 567.8308811364784
        },
        {
          "acoustic_entropy": 16.531200408935547,
          "acoustic_entropy_side": 16.003253936767578,
          "hz": 680.1084783214808
        },
        {
          "acoustic_entropy": 14.943753242492676,
          "acoustic_entropy_side": 15.903084754943848,
          "hz": 802.3292461747484
        },
        {
          "acoustic_entropy": 16.100248336791992,
          "acoustic_entropy_side": 16.653324127197266,
          "hz": 935.3737400823702
        },
        {
          "acoustic_entropy": 16.172834396362305,
          "acoustic_entropy_side": 15.97817325592041,
          "hz": 1080.2004963696966
        },
        {
          "acoustic_entropy": 15.80654525756836,
          "acoustic_entropy_side": 16.36398696899414,
          "hz": 1237.8529382007157
        },
        {
          "acoustic_entropy": 16.120010375976562,
          "acoustic_entropy_side": 16.31192398071289,
          "hz": 1409.4668930556702
        },
        {
          "acoustic_entropy": 15.972798347473145,
          "acoustic_entropy_side": 16.253372192382812,
          "hz": 1596.2787759475705
        },
        {
          "acoustic_entropy": 16.45368194580078,
          "acoustic_entropy_side": 16.4281005859375,
          "hz": 1799.6344973346393
        },
        {
          "acoustic_entropy": 15.074662208557129,
          "acoustic_entropy_side": 14.836332321166992,
          "hz": 2020.9991599069049
        },
        {
          "acoustic_entropy": 16.220388412475586,
          "acoustic_entropy_side": 16.456451416015625,
          "hz": 2261.9676141086993
        },
        {
          "acoustic_entropy": 17.225364685058594,
          "acoustic_entropy_side": 17.275287628173828,
          "hz": 2524.2759484456974
        },
        {
          "acoustic_entropy": 16.202659606933594,
          "acoustic_entropy_side": 16.48152732849121,
          "hz": 2809.813997359896
        },
        {
          "acoustic_entropy": 16.618637084960938,
          "acoustic_entropy_side": 16.793975830078125,
          "hz": 3120.6389567871424
        },
        {
