{
  "acoustic_entropy": 221.20584106445312,
  "bands": [
    {
      "high_freq": 148.1999969482422,
      "loudness": -23.834671020507812,
      "loudness_range": 19.39265251159668,
      "mid_mean": -20.449865341186523,
      "mid_to_side_loudness": -15.287999153137207,
      "mid_to_side_loudness_range": 21.18081283569336,
      "side_mean": -36.65690994262695
    },
    {
      "high_freq": 392.3793640136719,
      "loudness": -20.982666015625,
      "loudness_range": 11.3894681930542,
      "low_freq": 148.1999969482422,
      "mid_mean": -18.2642765045166,
      "mid_to_side_loudness": -7.202083110809326,
      "mid_to_side_loudness_range": 11.151607513427734,
      "side_mean": -25.55845069885254
    },
    {
      "high_freq": 794.6976318359375,
      "loudness": -25.586151123046875,
      "loudness_range": 14.77644157409668,
      "low_freq": 392.3793640136719,
      "mid_mean": -22.603837966918945,
      "mid_to_side_loudness": -8.699299812316895,
      "mid_to_side_loudness_range": 11.775008201599121,
      "side_mean": -31.463712692260742
    },
    {
      "high_freq": 1457.5709228515625,
      "loudness": -30.921371459960938,
      "loudness_range": 20.155380249023438,
      "low_freq": 794.6976318359375,
      "mid_mean": -27.979490280151367,
      "mid_to_side_loudness": -9.20263957977295,
      "mid_to_side_loudness_range": 14.121359825134277,
      "side_mean": -37.484458923339844
    },
    {
      "high_freq": 2549.74365234375,
      "loudness": -30.980846405029297,
      "loudness_range": 16.732036590576172,
      "low_freq": 1457.5709228515625,
      "mid_mean": -28.23313331604004,
      "mid_to_side_loudness": -8.061311721801758,
      "mid_to_side_loudness_range": 13.688335418701172,
      "side_mean": -36.433311462402344
    },
    {
      "high_freq": 4349.24462890625,
      "loudness": -31.729351043701172,
      "loudness_range": 16.516698837280273,
      "low_freq": 2549.74365234375,
      "mid_mean": -28.8376407623291,
      "mid_to_side_loudness": -8.888082504272461,
      "mid_to_side_loudness_range": 13.906588554382324,
      "side_mean": -37.87400436401367
    },
    {
      "high_freq": 7314.1640625,
      "loudness": -33.60220718383789,
      "loudness_range": 17.40106773376465,
      "low_freq": 4349.24462890625,
      "mid_mean": -30.362947463989258,
      "mid_to_side_loudness": -11.446436882019043,
      "mid_to_side_loudness_range": 13.151693344116211,
      "side_mean": -42.38035583496094
    },
    {
      "high_freq": 12199.2666015625,
      "loudness": -36.89994430541992,
      "loudness_range": 15.150634765625,
      "low_freq": 7314.1640625,
      "mid_mean": -33.615272521972656,
      "mid_to_side_loudness": -11.758427619934082,
      "mid_to_side_loudness_range": 12.061795234680176,
      "side_mean": -45.945674896240234
    },
    {
      "loudness": -45.61185836791992,
      "loudness_range": 20.73706817626953,
      "low_freq": 12199.2666015625,
      "mid_mean": -42.46480178833008,
      "mid_to_side_loudness": -10.803967475891113,
      "mid_to_side_loudness_range": 10.345061302185059,
      "side_mean": -54.04896926879883
    }
  ],
  "bands_short": [
    {
      "high_freq": 148.1999969482422,
      "loudness": -27.15560531616211,
      "loudness_range": 25.537939071655273,
      "mid_mean": -23.878437042236328,
      "mid_to_side_loudness": -15.599797248840332,
      "mid_to_side_loudness_range": 25.359102249145508,
      "side_mean": -41.13126754760742
    },
    {
      "high_freq": 392.3793640136719,
      "loudness": -21.844266891479492,
      "loudness_range": 13.258301734924316,
      "low_freq": 148.1999969482422,
      "mid_mean": -19.264598846435547,
      "mid_to_side_loudness": -7.111819267272949,
      "mid_to_side_loudness_range": 13.361092567443848,
      "side_mean": -26.380027770996094
    },
    {
      "high_freq": 794.6976318359375,
      "loudness": -25.060619354248047,
      "loudness_range": 16.203338623046875,
      "low_freq": 392.3793640136719,
      "mid_mean": -22.25403594970703,
      "mid_to_side_loudness": -8.090400695800781,
      "mid_to_side_loudness_range": 13.188919067382812,
      "side_mean": -30.457605361938477
    },
    {
      "high_freq": 1457.5709228515625,
      "loudness": -30.460664749145508,
      "loudness_range": 22.284290313720703,
      "low_freq": 794.6976318359375,
      "mid_mean": -27.702133178710938,
      "mid_to_side_loudness": -9.01144027709961,
      "mid_to_side_loudness_range": 16.5590763092041,
      "side_mean": -37.1446647644043
    },
    {
      "high_freq": 2549.74365234375,
      "loudness": -31.770166397094727,
      "loudness_range": 19.181655883789062,
      "low_freq": 1457.5709228515625,
      "mid_mean": -29.243619918823242,
      "mid_to_side_loudness": -7.602659702301025,
      "mid_to_side_loudness_range": 15.51111125946045,
      "side_mean": -36.9358024597168
    },
    {
      "high_freq": 4349.24462890625,
      "loudness": -32.5444221496582,
      "loudness_range": 18.973400115966797,
      "low_freq": 2549.74365234375,
      "mid_mean": -29.802366256713867,
      "mid_to_side_loudness": -8.484724044799805,
      "mid_to_side_loudness_range": 15.602420806884766,
      "side_mean": -38.482723236083984
    },
    {
      "high_freq": 7314.1640625,
      "loudness": -35.00627899169922,
      "loudness_range": 21.988140106201172,
      "low_freq": 4349.24462890625,
      "mid_mean": -32.044986724853516,
      "mid_to_side_loudness": -10.712146759033203,
      "mid_to_side_loudness_range": 15.382034301757812,
      "side_mean": -43.28292465209961
    },
    {
      "high_freq": 12199.2666015625,
      "loudness": -38.642494201660156,
      "loudness_range": 20.352567672729492,
      "low_freq": 7314.1640625,
      "mid_mean": -35.5080451965332,
      "mid_to_side_loudness": -11.514999389648438,
      "mid_to_side_loudness_range": 14.314056396484375,
      "side_mean": -48.973838806152344
    },
    {
      "loudness": -49.339046478271484,
      "loudness_range": 27.530921936035156,
      "low_freq": 12199.2666015625,
      "mid_mean": -47.16614532470703,
      "mid_to_side_loudness": -10.837743759155273,
      "mid_to_side_loudness_range": 13.31386947631836,
      "side_mean": -57.71477127075195
    }
  ],
  "bandwidth": 451.5372619628906,
  "channels": 2,
  "covariance": [
    [
      55.37617111206055,
      12.984004974365234,
      7.695837497711182,
      10.260211944580078,
      14.443144798278809,
      20.043989181518555,
      11.95630931854248,
      19.61886978149414,
      9.812103271484375,
      20.426362991333008,
      10.258282661437988,
      17.642488479614258,
      7.573341369628906,
      16.199460983276367,
      9.164440155029297,
      18.201059341430664,
      20.33470916748047,
      27.009654998779297
    ],
    [
      12.984004974365234,
      29.29928970336914,
      4.058028697967529,
      6.74953031539917,
      4.916012763977051,
      5.49699592590332,
      6.071401119232178,
      10.160562515258789,
      8.309917449951172,
      9.100618362426758,
      6.378937244415283,
      6.860725402832031,
      3.7622668743133545,
      7.590928554534912,
      4.294859886169434,
      7.665738105773926,
      7.359127521514893,
      11.534905433654785
    ],
    [
      7.695837497711182,
      4.058028697967529,
      21.675945281982422,
      10.749369621276855,
      7.34919548034668,
      5.6325507164001465,
      11.319035530090332,
      9.30921745300293,
      9.298982620239258,
      7.476070880889893,
      9.234036445617676,
      5.08964729309082,
      10.70268440246582,
      6.934995651245117,
      11.496847152709961,
      10.324071884155273,
      11.108161926269531,
      13.14278793334961
    ],
    [
      10.260211944580078,
      6.74953031539917,
      10.749369621276855,
      16.15967559814453,
      9.811026573181152,
      10.859325408935547,
      11.73530387878418,
      14.404593467712402,
      9.124648094177246,
      11.692574501037598,
      9.493562698364258,
      10.471631050109863,
      8.13953685760498,
      9.222811698913574,
      7.181371688842773,
      9.26690673828125,
      10.709404945373535,
      13.989892959594727
    ],
    [
      14.443144798278809,
      4.916012763977051,
      7.34919548034668,
      9.811026573181152,
      34.2479362487793,
      26.02311134338379,
      27.01156997680664,
      25.679092407226562,
      23.360624313354492,
      24.164636611938477,
      21.353588104248047,
      20.51312255859375,
      18.570640563964844,
      21.611597061157227,
      14.416855812072754,
      19.104944229125977,
      22.18252944946289,
      25.300628662109375
    ],
    [
      20.043989181518555,
      5.49699592590332,
      5.6325507164001465,
      10.859325408935547,
      26.02311134338379,
      34.945682525634766,
      16.025989532470703,
      26.392276763916016,
      16.662900924682617,
      27.91482162475586,
      14.615896224975586,
      23.97411346435547,
      10.324897766113281,
      19.929967880249023,
      11.320354461669922,
      19.428184509277344,
      22.493511199951172,
      27.73548698425293
    ],
    [
      11.95630931854248,
      6.071401119232178,
      11.319035530090332,
      11.73530387878418,
      27.01156997680664,
      16.025989532470703,
      53.349037170410156,
      35.25605010986328,
      26.600406646728516,
      21.82326889038086,
      27.65447425842285,
      19.209354400634766,
      28.485797882080078,
      24.335189819335938,
      18.304664611816406,
      20.72997283935547,
      24.52614974975586,
      25.88544464111328
    ],
    [
      19.61886978149414,
      10.160562515258789,
      9.30921745300293,
      14.404593467712402,
      25.679092407226562,
      26.392276763916016,
      35.25605010986328,
      42.88456726074219,
      22.27333641052246,
      29.81690216064453,
      22.721172332763672,
      26.625028610229492,
      18.829635620117188,
      25.043073654174805,
      14.385675430297852,
      21.986801147460938,
      24.414234161376953,
      30.04768180847168
    ],
    [
      9.812103271484375,
      8.309917449951172,
      9.298982620239258,
      9.124648094177246,
      23.360624313354492,
      16.662900924682617,
      26.600406646728516,
      22.27333641052246,
      41.47412109375,
      28.274572372436523,
      34.35257339477539,
      23.460561752319336,
      29.38397979736328,
      27.710630416870117,
      20.966083526611328,
      23.451784133911133,
      27.83773422241211,
      27.869543075561523
    ],
    [
      20.426362991333008,
      9.100618362426758,
      7.476070880889893,
      11.692574501037598,
      24.164636611938477,
      27.91482162475586,
      21.82326889038086,
      29.81690216064453,
      28.274572372436523,
      39.302913665771484,
      23.72925567626953,
      31.33619499206543,
      18.312875747680664,
      27.195831298828125,
      15.289320945739746,
      23.781940460205078,
      26.057472229003906,
      30.576828002929688
    ],
    [
      10.258282661437988,
      6.378937244415283,
      9.234036445617676,
      9.493562698364258,
      21.353588104248047,
      14.615896224975586,
      27.65447425842285,
      22.721172332763672,
      34.35257339477539,
      23.72925567626953,
      39.74608612060547,
      25.354007720947266,
      32.766666412353516,
      29.796030044555664,
      22.287303924560547,
      24.253952026367188,
      27.184417724609375,
      26.899126052856445
    ],
    [
      17.642488479614258,
      6.860725402832031,
      5.08964729309082,
      10.471631050109863,
      20.51312255859375,
      23.97411346435547,
      19.209354400634766,
      26.625028610229492,
      23.460561752319336,
      31.33619499206543,
      25.354007720947266,
      37.02249526977539,
      19.01360321044922,
      30.179908752441406,
      14.25078010559082,
      23.935312271118164,
      23.73308753967285,
      27.78975486755371
    ],
    [
      7.573341369628906,
      3.7622668743133545,
      10.70268440246582,
      8.13953685760498,
      18.570640563964844,
      10.324897766113281,
      28.485797882080078,
      18.829635620117188,
      29.38397979736328,
      18.312875747680664,
      32.766666412353516,
      19.01360321044922,
      42.51893997192383,
      30.315263748168945,
      29.575817108154297,
      28.05803871154785,
      33.708805084228516,
      29.584609985351562
    ],
    [
      16.199460983276367,
      7.590928554534912,
      6.934995651245117,
      9.222811698913574,
      21.611597061157227,
      19.929967880249023,
      24.335189819335938,
      25.043073654174805,
      27.710630416870117,
      27.195831298828125,
      29.796030044555664,
      30.179908752441406,
      30.315263748168945,
      39.490936279296875,
      22.4644832611084,
      32.113956451416016,
      32.3196907043457,
      35.56650161743164
    ],
    [
      9.164440155029297,
      4.294859886169434,
      11.496847152709961,
      7.181371688842773,
      14.416855812072754,
      11.320354461669922,
      18.304664611816406,
      14.385675430297852,
      20.966083526611328,
      15.289320945739746,
      22.287303924560547,
      14.25078010559082,
      29.575817108154297,
      22.4644832611084,
      36.087196350097656,
      32.34220886230469,
      40.40454864501953,
      35.34395980834961
    ],
    [
      18.201059341430664,
      7.665738105773926,
      10.324071884155273,
      9.26690673828125,
      19.104944229125977,
      19.428184509277344,
      20.72997283935547,
      21.986801147460938,
      23.451784133911133,
      23.781940460205078,
      24.253952026367188,
      23.935312271118164,
      28.05803871154785,
      32.113956451416016,
      32.34220886230469,
      43.580650329589844,
      45.59578323364258,
      48.15821838378906
    ],
    [
      20.33470916748047,
      7.359127521514893,
      11.108161926269531,
      10.709404945373535,
      22.18252944946289,
      22.493511199951172,
      24.52614974975586,
      24.414234161376953,
      27.83773422241211,
      26.057472229003906,
      27.184417724609375,
      23.73308753967285,
      33.708805084228516,
      32.3196907043457,
      40.40454864501953,
      45.59578323364258,
      64.50332641601562,
      59.658782958984375
    ],
    [
      27.009654998779297,
      11.534905433654785,
      13.14278793334961,
      13.989892959594727,
      25.300628662109375,
      27.73548698425293,
      25.88544464111328,
      30.04768180847168,
      27.869543075561523,
      30.576828002929688,
      26.899126052856445,
      27.78975486755371,
      29.584609985351562,
      35.56650161743164,
      35.34395980834961,
      48.15821838378906,
      59.658782958984375,
      71.38678741455078
    ]
  ],
  "covariance_short": [
    [
      91.7979965209961,
      22.77695083618164,
      11.020601272583008,
      9.58671760559082,
      14.272659301757812,
      17.07474136352539,
      10.20822811126709,
      16.569360733032227,
      6.998910903930664,
      15.835341453552246,
      8.899385452270508,
      15.58373737335205,
      9.145986557006836,
      16.326372146606445,
      13.591785430908203,
      23.466089248657227,
      21.14948272705078,
      26.375825881958008
    ],
    [
      22.77695083618164,
      48.639427185058594,
      4.53065824508667,
      7.906199932098389,
      5.7217278480529785,
      8.09432601928711,
      6.7504754066467285,
      10.22659969329834,
      6.098644256591797,
      8.45390510559082,
      5.004969596862793,
      7.619913101196289,
      3.7914721965789795,
      7.558888912200928,
      3.66338849067688,
      10.570239067077637,
      8.910146713256836,
      11.695167541503906
    ],
    [
      11.020601272583008,
      4.53065824508667,
      30.82900047302246,
      13.768712043762207,
      9.308368682861328,
      7.923730850219727,
      9.492843627929688,
      9.723384857177734,
      9.917916297912598,
      9.012332916259766,
      9.194865226745605,
      7.094380855560303,
      11.580263137817383,
      8.199973106384277,
      14.742959022521973,
      21.382417678833008,
      20.36174964904785,
      15.405167579650879
    ],
    [
      9.58671760559082,
      7.906199932098389,
      13.768712043762207,
      21.2225284576416,
      10.02319622039795,
      11.25286865234375,
      10.94774341583252,
      14.707045555114746,
      9.528365135192871,
      11.835223197937012,
      9.82321834564209,
      11.303428649902344,
      8.894672393798828,
      10.34277629852295,
      8.628744125366211,
      14.887772560119629,
      14.421455383300781,
      12.676885604858398
    ],
    [
      14.272659301757812,
      5.7217278480529785,
      9.308368682861328,
      10.02319622039795,
      39.76143264770508,
      26.675996780395508,
      26.96925926208496,
      24.378917694091797,
      25.173540115356445,
      22.711633682250977,
      23.292858123779297,
      21.00035285949707,
      23.23579978942871,
      22.86399269104004,
      17.15911293029785,
      26.02474594116211,
      26.797218322753906,
      21.80394172668457
    ],
    [
      17.07474136352539,
      8.09432601928711,
      7.923730850219727,
      11.25286865234375,
      26.675996780395508,
      36.413055419921875,
      17.241161346435547,
      25.341238021850586,
      18.6057071685791,
      26.115726470947266,
      15.848234176635742,
      24.32811164855957,
      12.18481731414795,
      20.965293884277344,
      9.969230651855469,
      21.608049392700195,
      18.948232650756836,
      19.372556686401367
    ],
    [
      10.20822811126709,
      6.7504754066467285,
      9.492843627929688,
      10.94774341583252,
      26.96925926208496,
      17.241161346435547,
      67.2823486328125,
      39.609981536865234,
      34.94239044189453,
      25.67658233642578,
      34.12316131591797,
      24.548206329345703,
      39.09039306640625,
      31.699068069458008,
      24.80872344970703,
      32.48422622680664,
      37.69062042236328,
      27.747312545776367
    ],
    [
      16.569360733032227,
      10.22659969329834,
      9.723384857177734,
      14.707045555114746,
      24.378917694091797,
      25.341238021850586,
      39.609981536865234,
      50.60148239135742,
      25.794063568115234,
      32.657352447509766,
      24.314476013183594,
      30.820980072021484,
      19.977994918823242,
      28.826419830322266,
      13.966150283813477,
      28.370872497558594,
      25.82453155517578,
      25.367063522338867
    ],
    [
      6.998910903930664,
      6.098644256591797,
      9.917916297912598,
      9.528365135192871,
      25.173540115356445,
      18.6057071685791,
      34.94239044189453,
      25.794063568115234,
      53.340396881103516,
      32.1913948059082,
      41.74304962158203,
      29.34854507446289,
      39.95955276489258,
      34.126956939697266,
      26.881837844848633,
      33.86724853515625,
      37.884883880615234,
      29.264055252075195
    ],
    [
      15.835341453552246,
      8.45390510559082,
      9.012332916259766,
      11.835223197937012,
      22.711633682250977,
      26.115726470947266,
      25.67658233642578,
      32.657352447509766,
      32.1913948059082,
      44.432804107666016,
      25.54031753540039,
      35.07094192504883,
      19.931133270263672,
      30.251667022705078,
      14.613598823547363,
      28.21001625061035,
      24.78203773498535,
      25.54728126525879
    ],
    [
      8.899385452270508,
      5.004969596862793,
      9.194865226745605,
      9.82321834564209,
      23.292858123779297,
      15.848234176635742,
      34.12316131591797,
      24.314476013183594,
      41.74304962158203,
      25.54031753540039,
      50.76179504394531,
      31.108535766601562,
      45.08559036254883,
      37.145206451416016,
      29.60469627380371,
      34.87147903442383,
      37.91526794433594,
      29.492319107055664
    ],
    [
      15.58373737335205,
      7.619913101196289,
      7.094380855560303,
      11.303428649902344,
      21.00035285949707,
      24.32811164855957,
      24.548206329345703,
      30.820980072021484,
      29.34854507446289,
      35.07094192504883,
      31.108535766601562,
      45.8359489440918,
      23.474220275878906,
      35.53676223754883,
      15.505925178527832,
      29.824819564819336,
      25.090744018554688,
      26.699054718017578
    ],
    [
      9.145986557006836,
      3.7914721965789795,
      11.580263137817383,
      8.894672393798828,
      23.23579978942871,
      12.18481731414795,
      39.09039306640625,
      19.977994918823242,
      39.95955276489258,
      19.931133270263672,
      45.08559036254883,
      23.474220275878906,
      67.61830139160156,
      43.3250846862793,
      45.524864196777344,
      44.297393798828125,
      53.66495132446289,
      39.37437438964844
    ],
    [
      16.326372146606445,
      7.558888912200928,
      8.199973106384277,
      10.34277629852295,
      22.86399269104004,
      20.965293884277344,
      31.699068069458008,
      28.826419830322266,
      34.126956939697266,
      30.251667022705078,
      37.145206451416016,
      35.53676223754883,
      43.3250846862793,
      52.5736198425293,
      28.81593132019043,
      43.123756408691406,
      41.680076599121094,
      39.002540588378906
    ],
    [
      13.591785430908203,
      3.66338849067688,
      14.742959022521973,
      8.628744125366211,
      17.15911293029785,
      9.969230651855469,
      24.80872344970703,
      13.966150283813477,
      26.881837844848633,
      14.613598823547363,
      29.60469627380371,
      15.505925178527832,
      45.524864196777344,
      28.81593132019043,
      57.92074203491211,
      47.58609390258789,
      58.60470962524414,
      45.36247634887695
    ],
    [
      23.466089248657227,
      10.570239067077637,
      21.382417678833008,
      14.887772560119629,
      26.02474594116211,
      21.608049392700195,
      32.48422622680664,
      28.370872497558594,
      33.86724853515625,
      28.21001625061035,
      34.87147903442383,
      29.824819564819336,
      44.297393798828125,
      43.123756408691406,
      47.58609390258789,
      76.85848999023438,
      75.19725799560547,
      65.87562561035156
    ],
    [
      21.14948272705078,
      8.910146713256836,
      20.36174964904785,
      14.421455383300781,
      26.797218322753906,
      18.948232650756836,
      37.69062042236328,
      25.82453155517578,
      37.884883880615234,
      24.78203773498535,
      37.91526794433594,
      25.090744018554688,
      53.66495132446289,
      41.680076599121094,
      58.60470962524414,
      75.19725799560547,
      100.46255493164062,
      78.04344940185547
    ],
    [
      26.375825881958008,
      11.695167541503906,
      15.405167579650879,
      12.676885604858398,
      21.80394172668457,
      19.372556686401367,
      27.747312545776367,
      25.367063522338867,
      29.264055252075195,
      25.54728126525879,
      29.492319107055664,
      26.699054718017578,
      39.37437438964844,
      39.002540588378906,
      45.36247634887695,
      65.87562561035156,
      78.04344940185547,
      75.19889068603516
    ]
  ],
  "damage": -6.413074493408203,
  "diff_bandwidth": 464.3953857421875,
  "dissonance": 6.318364504348888,
  "drr": 2.675524950027466,
  "dynamics": 3.0697238445281982,
  "format": 1245190,
  "frames": 11291952,
  "loudness": -12.650215148925781,
  "loudness_range": 8.157238960266113,
  "loudness_range_short": 9.760478973388672,
  "lowpass_true_peak_15khz": 0.24954748153686523,
  "mastering3_acoustic_entropies": [
    {
      "acoustic_entropy": 9.700756072998047,
      "acoustic_entropy_mono": 10.418766021728516,
      "band_eliminated_acoustic_entropies": [
        {
          "acoustic_entropy": 9.236499786376953,
          "acoustic_entropy_side": 9.699538230895996,
          "hz": 129.47220167065723
        },
        {
          "acoustic_entropy": 9.183516502380371,
          "acoustic_entropy_side": 9.768662452697754,
          "hz": 202.92927478742237
        },
        {
          "acoustic_entropy": 9.055033683776855,
          "acoustic_entropy_side": 9.74848461151123,
          "hz": 282.89161906338205
        },
        {
          "acoustic_entropy": 10.477781295776367,
          "acoustic_entropy_side": 9.747117042541504,
          "hz": 369.9353335868758
        },
        {
          "acoustic_entropy": 9.299790382385254,
          "acoustic_entropy_side": 9.943825721740723,
          "hz": 464.6875360973435
        },
        {
          "acoustic_entropy": 8.694478034973145,
          "acoustic_entropy_side": 9.791204452514648,
          "hz": 567.8308811364784
        },
        {
          "acoustic_entropy": 9.563811302185059,
          "acoustic_entropy_side": 9.61557674407959,
          "hz": 680.1084783214808
        },
        {
          "acoustic_entropy": 8.791732788085938,
          "acoustic_entropy_side": 9.83977222442627,
          "hz": 802.3292461747484
        },
        {
          "acoustic_entropy": 8.403130531311035,
          "acoustic_entropy_side": 10.096990585327148,
          "hz": 935.3737400823702
        },
        {
          "acoustic_entropy": 9.308332443237305,
          "acoustic_entropy_side": 9.882652282714844,
          "hz": 1080.2004963696966
        },
        {
          "acoustic_entropy": 9.438118934631348,
          "acoustic_entropy_side": 9.875468254089355,
          "hz": 1237.8529382007157
        },
        {
          "acoustic_entropy": 9.486753463745117,
          "acoustic_entropy_side": 9.693488121032715,
          "hz": 1409.4668930556702
        },
        {
          "acoustic_entropy": 9.792420387268066,
          "acoustic_entropy_side": 9.692697525024414,
          "hz": 1596.2787759475705
        },
        {
          "acoustic_entropy": 9.925772666931152,
          "acoustic_entropy_side": 9.69914722442627,
          "hz": 1799.6344973346393
        },
        {
          "acoustic_entropy": 9.579983711242676,
          "acoustic_entropy_side": 9.672127723693848,
          "hz": 2020.9991599069049
        },
        {
          "acoustic_entropy": 9.403142929077148,
          "acoustic_entropy_side": 9.801374435424805,
          "hz": 2261.9676141086993
        },
        {
          "acoustic_entropy": 9.414347648620605,
          "acoustic_entropy_side": 9.645578384399414,
          "hz": 2524.2759484456974
        },
        {
          "acoustic_entropy": 9.452452659606934,
          "acoustic_entropy_side": 9.677239418029785,
          "hz": 2809.813997359896
        },
        {
          "acoustic_entropy": 9.466004371643066,
          "acoustic_entropy_side": 9.662147521972656,
          "hz": 3120.6389567871424
        },
        {
          "acoustic_entropy": 9.688094139099121,
          "acoustic_entropy_side": 9.696847915649414,
          "hz": 3458.990205492291
        },
        {
          "acoustic_entropy": 9.882473945617676,
          "acoustic_entropy_side": 9.731039047241211,
          "hz": 3827.305438964164
        },
        {
          "acoustic_entropy": 9.627897262573242,
          "acoustic_entropy_side": 9.698636054992676,
          "hz": 4228.238232109126
        },
        {
          "acoustic_entropy": 9.533479690551758,
          "acoustic_entropy_side": 9.673376083374023,
          "hz": 4664.6771572759235
        },
        {
          "acoustic_entropy": 9.997110366821289,
          "acoustic_entropy_side": 9.68456745147705,
          "hz": 5139.766595350093
        },
        {
          "acoustic_entropy": 9.800856590270996,
          "acoustic_entropy_side": 9.690868377685547,
          "hz": 5656.929389854203
        },
        {
          "acoustic_entropy": 9.714101791381836,
          "acoustic_entropy_side": 9.691669464111328,
          "hz": 6219.891507268283
        },
        {
          "acoustic_entropy": 9.753602981567383,
          "acoustic_entropy_side": 9.692176818847656,
          "hz": 6832.70888123896
        },
        {
          "acoustic_entropy": 9.806081771850586,
          "acoustic_entropy_side": 9.694950103759766,
          "hz": 7499.796634079867
        },
        {
          "acoustic_entropy": 9.81534481048584,
          "acoustic_entropy_side": 9.700818061828613,
          "hz": 8225.96088609342
        },
        {
          "acoustic_entropy": 9.796350479125977,
          "acoustic_entropy_side": 9.702585220336914,
          "hz": 9016.43338188839
        },
        {
          "acoustic_entropy": 9.840871810913086,
          "acoustic_entropy_side": 9.707646369934082,
          "hz": 9876.909183162974
        },
        {
          "acoustic_entropy": 9.699873924255371,
          "acoustic_entropy_side": 9.708334922790527,
          "hz": 10813.587699516042
        },
        {
          "acoustic_entropy": 9.749117851257324,
          "acoustic_entropy_side": 9.70608139038086,
          "hz": 11833.21735289826
        },
        {
          "acoustic_entropy": 9.746210098266602,
          "acoustic_entropy_side": 9.704000473022461,
          "hz": 12943.144197493959
        },
        {
          "acoustic_entropy": 9.76449203491211,
          "acoustic_entropy_side": 9.702877044677734,
          "hz": 14151.364845322005
        },
        {
          "acoustic_entropy": 9.789251327514648,
          "acoustic_entropy_side": 9.702550888061523,
          "hz": 15466.58407886509
        },
        {
          "acoustic_entropy": 9.74073314666748,
          "acoustic_entropy_side": 9.701583862304688,
          "hz": 16898.27756580493
        },
        {
          "acoustic_entropy": 9.713568687438965,
          "acoustic_entropy_side": 9.700953483581543,
          "hz": 18456.760127700032
        },
        {
          "acoustic_entropy": 9.703149795532227,
          "acoustic_entropy_side": 9.700787544250488,
          "hz": 20153.260054456492
        },
        {
          "acoustic_entropy": 9.700963020324707,
          "acoustic_entropy_side": 9.700758934020996,
          "hz": 22000.00000000001
        }
      ],
      "diff_acoustic_entropy": 5.107673645019531,
      "sn": 6
    },
    {
      "acoustic_entropy": 15.143814086914062,
      "acoustic_entropy_mono": 15.697369575500488,
      "band_eliminated_acoustic_entropies": [
        {
          "acoustic_entropy": 15.4683198928833,
          "acoustic_entropy_side": 15.142444610595703,
          "hz": 129.47220167065723
        },
        {
          "acoustic_entropy": 15.824874877929688,
          "acoustic_entropy_side": 15.159135818481445,
          "hz": 202.92927478742237
        },
        {
          "acoustic_entropy": 15.19335651397705,
          "acoustic_entropy_side": 14.701143264770508,
          "hz": 282.89161906338205
        },
        {
          "acoustic_entropy": 15.283550262451172,
          "acoustic_entropy_side": 15.31136703491211,
          "hz": 369.9353335868758
        },
        {
          "acoustic_entropy": 15.246485710144043,
          "acoustic_entropy_side": 15.780789375305176,
          "hz": 464.6875360973435
        },
        {
          "acoustic_entropy": 13.402183532714844,
          "acoustic_entropy_side": 14.634927749633789,
          "hz": 567.8308811364784
        },
        {
          "acoustic_entropy": 14.518346786499023,
          "acoustic_entropy_side": 14.610483169555664,
          "hz": 680.1084783214808
        },
        {
          "acoustic_entropy": 13.300846099853516,
          "acoustic_entropy_side": 15.068863868713379,
          "hz": 802.3292461747484
        },
        {
          "acoustic_entropy": 14.688557624816895,
          "acoustic_entropy_side": 15.94748306274414,
          "hz": 935.3737400823702
        },
        {
          "acoustic_entropy": 13.35825252532959,
          "acoustic_entropy_side": 15.25184440612793,
          "hz": 1080.2004963696966
        },
        {
          "acoustic_entropy": 15.114041328430176,
          "acoustic_entropy_side": 14.897371292114258,
          "hz": 1237.8529382007157
        },
        {
          "acoustic_entropy": 14.997903823852539,
          "acoustic_entropy_side": 15.2781400680542,
          "hz": 1409.4668930556702
        },
        {
          "acoustic_entropy": 15.05881404876709,
          "acoustic_entropy_side": 15.083598136901855,
          "hz": 1596.2787759475705
        },
        {
          "acoustic_entropy": 15.00268268585205,
          "acoustic_entropy_side": 15.043099403381348,
          "hz": 1799.6344973346393
        },
        {
          "acoustic_entropy": 15.416463851928711,
          "acoustic_entropy_side": 15.14571475982666,
          "hz": 2020.9991599069049
        },
        {
          "acoustic_entropy": 14.863593101501465,
          "acoustic_entropy_side": 14.917845726013184,
          "hz": 2261.9676141086993
        },
        {
          "acoustic_entropy": 15.1073579788208,
          "acoustic_entropy_side": 14.979313850402832,
          "hz": 2524.2759484456974
        },
        {
          "acoustic_entropy": 14.890357971191406,
          "acoustic_entropy_side": 15.164484024047852,
          "hz": 2809.813997359896
        },
        {
          "acoustic_entropy": 15.089969635009766,
          "acoustic_entropy_side": 15.0427885055542,
          "hz": 3120.6389567871424
        },
        {
          "acoustic_entropy": 15.128702163696289,
          "acoustic_entropy_side": 15.028347969055176,
          "hz": 3458.990205492291
        },
        {
          "acoustic_entropy": 14.93725872039795,
          "acoustic_entropy_side": 14.967146873474121,
          "hz": 3827.305438964164
        },
        {
          "acoustic_entropy": 15.094239234924316,
          "acoustic_entropy_side": 14.981775283813477,
          "hz": 4228.238232109126
        },
        {
          "acoustic_entropy": 14.913894653320312,
          "acoustic_entropy_side": 15.149201393127441,
          "hz": 4664.6771572759235
        },
        {
          "acoustic_entropy": 14.474119186401367,
          "acoustic_entropy_side": 15.163135528564453,
          "hz": 5139.766595350093
        },
        {
          "acoustic_entropy": 14.732884407043457,
          "acoustic_entropy_side": 15.101714134216309,
          "hz": 5656.929389854203
        },
        {
          "acoustic_entropy": 14.911409378051758,
          "acoustic_entropy_side": 15.109701156616211,
          "hz": 6219.891507268283
        },
        {
          "acoustic_entropy": 14.991415023803711,
          "acoustic_entropy_side": 15.140811920166016,
          "hz": 6832.70888123896
        },
        {
          "acoustic_entropy": 15.21284008026123,
          "acoustic_entropy_side": 15.153952598571777,
          "hz": 7499.796634079867
        },
        {
          "acoustic_entropy": 15.122322082519531,
          "acoustic_entropy_side": 15.154012680053711,
          "hz": 8225.96088609342
        },
        {
          "acoustic_entropy": 15.04139518737793,
          "acoustic_entropy_side": 15.155290603637695,
          "hz": 9016.43338188839
        },
        {
          "acoustic_entropy": 14.887503623962402,
          "acoustic_entropy_side": 15.151630401611328,
          "hz": 9876.909183162974
        },
        {
          "acoustic_entropy": 14.869858741760254,
          "acoustic_entropy_side": 15.138505935668945,
          "hz": 10813.587699516042
        },
        {
          "acoustic_entropy": 14.687681198120117,
          "acoustic_entropy_side": 15.135064125061035,
          "hz": 11833.21735289826
        },
        {
          "acoustic_entropy": 14.881229400634766,
          "acoustic_entropy_side": 15.136869430541992,
          "hz": 12943.144197493959
        },
        {
          "acoustic_entropy": 15.041082382202148,
          "acoustic_entropy_side": 15.1423921585083,
          "hz": 14151.364845322005
        },
        {
          "acoustic_entropy": 15.000492095947266,
          "acoustic_entropy_side": 15.139629364013672,
          "hz": 15466.58407886509
        },
        {
          "acoustic_entropy": 15.045755386352539,
          "acoustic_entropy_side": 15.140923500061035,
          "hz": 16898.27756580493
        },
        {
          "acoustic_entropy": 15.097506523132324,
          "acoustic_entropy_side": 15.143009185791016,
          "hz": 18456.760127700032
        },
        {
          "acoustic_entropy": 15.134655952453613,
          "acoustic_entropy_side": 15.143709182739258,
          "hz": 20153.260054456492
        },
        {
          "acoustic_entropy": 15.143218994140625,
          "acoustic_entropy_side": 15.14380931854248,
          "hz": 22000.00000000001
        }
      ],
      "diff_acoustic_entropy": 8.460053443908691,
      "sn": 12
    },
    {
      "acoustic_entropy": 22.06779670715332,
      "acoustic_entropy_mono": 22.362550735473633,
      "band_eliminated_acoustic_entropies": [
        {
          "acoustic_entropy": 21.763776779174805,
          "acoustic_entropy_side": 22.141454696655273,
          "hz": 129.47220167065723
        },
        {
          "acoustic_entropy": 22.336990356445312,
          "acoustic_entropy_side": 21.660463333129883,
          "hz": 202.92927478742237
        },
        {
          "acoustic_entropy": 22.629425048828125,
          "acoustic_entropy_side": 22.441171646118164,
          "hz": 282.89161906338205
        },
        {
          "acoustic_entropy": 22.061555862426758,
          "acoustic_entropy_side": 21.91668128967285,
          "hz": 369.9353335868758
        },
        {
          "acoustic_entropy": 23.12302017211914,
          "acoustic_entropy_side": 23.004276275634766,
          "hz": 464.6875360973435
        },
        {
          "acoustic_entropy": 22.66011619567871,
          "acoustic_entropy_side": 22.35104751586914,
          "hz": 567.8308811364784
        },
        {
          "acoustic_entropy": 22.227672576904297,
          "acoustic_entropy_side": 22.406753540039062,
          "hz": 680.1084783214808
        },
        {
          "acoustic_entropy": 22.24008560180664,
          "acoustic_entropy_side": 22.86902618408203,
          "hz": 802.3292461747484
        },
        {
          "acoustic_entropy": 20.88343620300293,
          "acoustic_entropy_side": 22.138267517089844,
          "hz": 935.3737400823702
        },
        {
          "acoustic_entropy": 21.86318588256836,
          "acoustic_entropy_side": 22.637510299682617,
          "hz": 1080.2004963696966
        },
        {
          "acoustic_entropy": 21.790510177612305,
          "acoustic_entropy_side": 21.725046157836914,
          "hz": 1237.8529382007157
        },
        {
          "acoustic_entropy": 23.127796173095703,
          "acoustic_entropy_side": 22.216726303100586,
          "hz": 1409.4668930556702
        },
        {
          "acoustic_entropy": 22.28709602355957,
          "acoustic_entropy_side": 22.828630447387695,
          "hz": 1596.2787759475705
        },
        {
          "acoustic_entropy": 21.385822296142578,
          "acoustic_entropy_side": 21.88619041442871,
          "hz": 1799.6344973346393
        },
        {
          "acoustic_entropy": 21.849878311157227,
          "acoustic_entropy_side": 22.201223373413086,
          "hz": 2020.9991599069049
        },
        {
          "acoustic_entropy": 22.167917251586914,
          "acoustic_entropy_side": 22.85483169555664,
          "hz": 2261.9676141086993
        },
        {
          "acoustic_entropy": 22.948272705078125,
          "acoustic_entropy_side": 22.53976821899414,
          "hz": 2524.2759484456974
        },
        {
          "acoustic_entropy": 22.060653686523438,
          "acoustic_entropy_side": 22.336790084838867,
          "hz": 2809.813997359896
        },
        {
          "acoustic_entropy": 22.35186195373535,
          "acoustic_entropy_side": 22.277658462524414,
