{
  "acoustic_entropy": 146.8778839111328,
  "bands": [
    {
      "high_freq": 148.1999969482422,
      "loudness": -40.31135559082031,
      "loudness_range": 20.50737953186035,
      "mid_mean": -36.76364517211914,
      "mid_to_side_loudness": -19.934919357299805,
      "mid_to_side_loudness_range": 17.56665802001953,
      "side_mean": -57.246009826660156
    },
    {
      "high_freq": 392.3793640136719,
      "loudness": -32.78325653076172,
      "loudness_range": 14.400337219238281,
      "low_freq": 148.1999969482422,
      "mid_mean": -29.23904800415039,
      "mid_to_side_loudness": -17.83788299560547,
      "mid_to_side_loudness_range": 11.99001407623291,
      "side_mean": -47.20428466796875
    },
    {
      "high_freq": 794.6976318359375,
      "loudness": -28.82672691345215,
      "loudness_range": 13.38863754272461,
      "low_freq": 392.3793640136719,
      "mid_mean": -25.258785247802734,
      "mid_to_side_loudness": -17.607866287231445,
      "mid_to_side_loudness_range": 12.444994926452637,
      "side_mean": -43.05487823486328
    },
    {
      "high_freq": 1457.5709228515625,
      "loudness": -28.903112411499023,
      "loudness_range": 16.409543991088867,
      "low_freq": 794.6976318359375,
      "mid_mean": -25.3241024017334,
      "mid_to_side_loudness": -17.26066780090332,
      "mid_to_side_loudness_range": 10.010798454284668,
      "side_mean": -42.87970733642578
    },
    {
      "high_freq": 2549.74365234375,
      "loudness": -32.9691162109375,
      "loudness_range": 14.12152099609375,
      "low_freq": 1457.5709228515625,
      "mid_mean": -29.447439193725586,
      "mid_to_side_loudness": -16.62677574157715,
      "mid_to_side_loudness_range": 9.905394554138184,
      "side_mean": -46.606685638427734
    },
    {
      "high_freq": 4349.24462890625,
      "loudness": -38.24795913696289,
      "loudness_range": 14.64128303527832,
      "low_freq": 2549.74365234375,
      "mid_mean": -34.67201232910156,
      "mid_to_side_loudness": -18.251373291015625,
      "mid_to_side_loudness_range": 9.455240249633789,
      "side_mean": -54.149322509765625
    },
    {
      "high_freq": 7314.1640625,
      "loudness": -50.510353088378906,
      "loudness_range": 16.98531723022461,
      "low_freq": 4349.24462890625,
      "mid_mean": -47.290531158447266,
      "mid_to_side_loudness": -21.145919799804688,
      "mid_to_side_loudness_range": 10.759904861450195,
      "side_mean": -65.6097412109375
    },
    {
      "high_freq": 12199.2666015625,
      "loudness": -67.30551147460938,
      "loudness_range": 17.691211700439453,
      "low_freq": 7314.1640625,
      "mid_mean": -62.41185760498047,
      "mid_to_side_loudness": -26.95854377746582,
      "mid_to_side_loudness_range": 20.81180763244629,
      "side_mean": -69.91535186767578
    },
    {
      "loudness": -75.73265838623047,
      "loudness_range": 5.621543884277344,
      "low_freq": 12199.2666015625,
      "mid_mean": -67.88082122802734,
      "mid_to_side_loudness": -13.907133102416992,
      "mid_to_side_loudness_range": 7.4949951171875,
      "side_mean": -69.90203857421875
    }
  ],
  "bands_short": [
    {
      "high_freq": 148.1999969482422,
      "loudness": -44.89374923706055,
      "loudness_range": 28.861204147338867,
      "mid_mean": -41.83412170410156,
      "mid_to_side_loudness": -18.003433227539062,
      "mid_to_side_loudness_range": 21.3193359375,
      "side_mean": -59.35261154174805
    },
    {
      "high_freq": 392.3793640136719,
      "loudness": -33.073455810546875,
      "loudness_range": 15.353504180908203,
      "low_freq": 148.1999969482422,
      "mid_mean": -29.56275749206543,
      "mid_to_side_loudness": -18.374296188354492,
      "mid_to_side_loudness_range": 14.266194343566895,
      "side_mean": -47.74167251586914
    },
    {
      "high_freq": 794.6976318359375,
      "loudness": -29.262422561645508,
      "loudness_range": 14.658853530883789,
      "low_freq": 392.3793640136719,
      "mid_mean": -25.709707260131836,
      "mid_to_side_loudness": -17.344863891601562,
      "mid_to_side_loudness_range": 15.427408218383789,
      "side_mean": -43.45830535888672
    },
    {
      "high_freq": 1457.5709228515625,
      "loudness": -29.14911651611328,
      "loudness_range": 17.368520736694336,
      "low_freq": 794.6976318359375,
      "mid_mean": -25.601633071899414,
      "mid_to_side_loudness": -17.053197860717773,
      "mid_to_side_loudness_range": 13.418696403503418,
      "side_mean": -43.18391799926758
    },
    {
      "high_freq": 2549.74365234375,
      "loudness": -33.142513275146484,
      "loudness_range": 15.068613052368164,
      "low_freq": 1457.5709228515625,
      "mid_mean": -29.5985107421875,
      "mid_to_side_loudness": -16.476839065551758,
      "mid_to_side_loudness_range": 12.184773445129395,
      "side_mean": -46.77217102050781
    },
    {
      "high_freq": 4349.24462890625,
      "loudness": -38.345069885253906,
      "loudness_range": 15.657791137695312,
      "low_freq": 2549.74365234375,
      "mid_mean": -34.77593994140625,
      "mid_to_side_loudness": -18.075565338134766,
      "mid_to_side_loudness_range": 12.175722122192383,
      "side_mean": -54.195213317871094
    },
    {
      "high_freq": 7314.1640625,
      "loudness": -50.343074798583984,
      "loudness_range": 17.305694580078125,
      "low_freq": 4349.24462890625,
      "mid_mean": -47.18334197998047,
      "mid_to_side_loudness": -20.715213775634766,
      "mid_to_side_loudness_range": 13.785913467407227,
      "side_mean": -65.47209930419922
    },
    {
      "high_freq": 12199.2666015625,
      "loudness": -67.35881805419922,
      "loudness_range": 17.659210205078125,
      "low_freq": 7314.1640625,
      "mid_mean": -62.44063186645508,
      "mid_to_side_loudness": -25.88806915283203,
      "mid_to_side_loudness_range": 20.76263427734375,
      "side_mean": -69.91179656982422
    },
    {
      "loudness": -75.73991394042969,
      "loudness_range": 5.849662780761719,
      "low_freq": 12199.2666015625,
      "mid_mean": -67.87682342529297,
      "mid_to_side_loudness": -14.00292682647705,
      "mid_to_side_loudness_range": 8.65653133392334,
      "side_mean": -69.90177154541016
    }
  ],
  "bandwidth": 790.2635498046875,
  "channels": 2,
  "covariance": [
    [
      52.7478141784668,
      31.182146072387695,
      4.785804271697998,
      11.137542724609375,
      1.6168293952941895,
      5.038834095001221,
      -1.9312022924423218,
      1.4687137603759766,
      -0.7617881894111633,
      1.930533528327942,
      -2.0923874378204346,
      5.867333889007568,
      -3.099731683731079,
      -0.36386415362358093,
      -0.6241036057472229,
      0.002278242027387023,
      0.1457575410604477,
      -0.0010846324730664492
    ],
    [
      31.182146072387695,
      49.60606002807617,
      8.204852104187012,
      13.173256874084473,
      0.26524272561073303,
      5.521739959716797,
      -0.11655084043741226,
      2.2080259323120117,
      -3.2147412300109863,
      -0.6204624772071838,
      -1.3990809917449951,
      10.890256881713867,
      -3.9225738048553467,
      1.1837232112884521,
      2.5540661811828613,
      0.052781134843826294,
      1.1994287967681885,
      0.03162618353962898
    ],
    [
      4.785804271697998,
      8.204852104187012,
      31.018802642822266,
      23.994632720947266,
      13.587468147277832,
      11.709424018859863,
      13.677947044372559,
      14.14755916595459,
      13.196785926818848,
      12.997891426086426,
      14.833377838134766,
      15.300150871276855,
      12.578429222106934,
      4.008070945739746,
      6.7503342628479,
      0.0265304297208786,
      1.0080910921096802,
      -0.015775088220834732
    ],
    [
      11.137542724609375,
      13.173256874084473,
      23.994632720947266,
      37.1357421875,
      11.120820045471191,
      14.786099433898926,
      12.820677757263184,
      15.74720287322998,
      13.204330444335938,
      14.880187034606934,
      16.68122673034668,
      21.244945526123047,
      14.176701545715332,
      5.347409725189209,
      8.645288467407227,
      0.036207135766744614,
      1.3354253768920898,
      -0.02422584779560566
    ],
    [
      1.6168293952941895,
      0.26524272561073303,
      13.587468147277832,
      11.120820045471191,
      25.747573852539062,
      15.281261444091797,
      16.857460021972656,
      14.235776901245117,
      14.104832649230957,
      13.091177940368652,
      12.599002838134766,
      13.670022964477539,
      19.919193267822266,
      6.782453536987305,
      9.362417221069336,
      0.06897090375423431,
      1.7093762159347534,
      -0.030137956142425537
    ],
    [
      5.038834095001221,
      5.521739959716797,
      11.709424018859863,
      14.786099433898926,
      15.281261444091797,
      22.38217544555664,
      12.22979736328125,
      14.303502082824707,
      9.362854957580566,
      11.538300514221191,
      9.485997200012207,
      13.917747497558594,
      14.524864196777344,
      6.331107139587402,
      7.128398895263672,
      0.10698936879634857,
      1.4310319423675537,
      -0.021378278732299805
    ],
    [
      -1.9312022924423218,
      -0.11655084043741226,
      13.677947044372559,
      12.820677757263184,
      16.857460021972656,
      12.22979736328125,
      33.893821716308594,
      28.191909790039062,
      21.707700729370117,
      17.98234748840332,
      20.94739532470703,
      19.15547752380371,
      26.786396026611328,
      10.774872779846191,
      14.860021591186523,
      0.18706296384334564,
      3.390247344970703,
      -0.06275925040245056
    ],
    [
      1.4687137603759766,
      2.2080259323120117,
      14.14755916595459,
      15.74720287322998,
      14.235776901245117,
      14.303502082824707,
      28.191909790039062,
      36.052799224853516,
      18.318998336791992,
      20.150678634643555,
      17.338109970092773,
      20.23940086364746,
      24.285051345825195,
      10.908726692199707,
      12.436541557312012,
      0.14373472332954407,
      3.040219306945801,
      -0.0601445734500885
    ],
    [
      -0.7617881894111633,
      -3.2147412300109863,
      13.196785926818848,
      13.204330444335938,
      14.104832649230957,
      9.362854957580566,
      21.707700729370117,
      18.318998336791992,
      27.54165267944336,
      20.84819221496582,
      22.027469635009766,
      19.034191131591797,
      22.45466423034668,
      7.397234916687012,
      11.536866188049316,
      0.026069004088640213,
      1.9767653942108154,
      -0.041131265461444855
    ],
    [
      1.930533528327942,
      -0.6204624772071838,
      12.997891426086426,
      14.880187034606934,
      13.091177940368652,
      11.538300514221191,
      17.98234748840332,
      20.150678634643555,
      20.84819221496582,
      25.991365432739258,
      17.08352279663086,
      20.664701461791992,
      21.051794052124023,
      7.7021098136901855,
      9.730778694152832,
      0.036808617413043976,
      1.6979351043701172,
      -0.03524283319711685
    ],
    [
      -2.0923874378204346,
      -1.3990809917449951,
      14.833377838134766,
      16.68122673034668,
      12.599002838134766,
      9.485997200012207,
      20.94739532470703,
      17.338109970092773,
      22.027469635009766,
      17.08352279663086,
      30.12982177734375,
      23.269315719604492,
      24.827877044677734,
      9.252996444702148,
      15.909029006958008,
      0.1950543224811554,
      2.441420316696167,
      -0.039764370769262314
    ],
    [
      5.867333889007568,
      10.890256881713867,
      15.300150871276855,
      21.244945526123047,
      13.670022964477539,
      13.917747497558594,
      19.15547752380371,
      20.23940086364746,
      19.034191131591797,
      20.664701461791992,
      23.269315719604492,
      37.6029052734375,
      24.741344451904297,
      12.699522018432617,
      18.24371910095215,
      0.2358132004737854,
      3.3045201301574707,
      -0.006646472029387951
    ],
    [
      -3.099731683731079,
      -3.9225738048553467,
      12.578429222106934,
      14.176701545715332,
      19.919193267822266,
      14.524864196777344,
      26.786396026611328,
      24.285051345825195,
      22.45466423034668,
      21.051794052124023,
      24.827877044677734,
      24.741344451904297,
      43.125030517578125,
      15.99235725402832,
      23.513816833496094,
      0.3494124114513397,
      3.978464126586914,
      -0.07375725358724594
    ],
    [
      -0.36386415362358093,
      1.1837232112884521,
      4.008070945739746,
      5.347409725189209,
      6.782453536987305,
      6.331107139587402,
      10.774872779846191,
      10.908726692199707,
      7.397234916687012,
      7.7021098136901855,
      9.252996444702148,
      12.699522018432617,
      15.99235725402832,
      10.13931941986084,
      11.389791488647461,
      0.25115421414375305,
      2.3039755821228027,
      -0.026639441028237343
    ],
    [
      -0.6241036057472229,
      2.5540661811828613,
      6.7503342628479,
      8.645288467407227,
      9.362417221069336,
      7.128398895263672,
      14.860021591186523,
      12.436541557312012,
      11.536866188049316,
      9.730778694152832,
      15.909029006958008,
      18.24371910095215,
      23.513816833496094,
      11.389791488647461,
      21.54448127746582,
      0.4263699948787689,
      3.5186338424682617,
      -0.03767699375748634
    ],
    [
      0.002278242027387023,
      0.052781134843826294,
      0.0265304297208786,
      0.036207135766744614,
      0.06897090375423431,
      0.10698936879634857,
      0.18706296384334564,
      0.14373472332954407,
      0.026069004088640213,
      0.036808617413043976,
      0.1950543224811554,
      0.2358132004737854,
      0.3494124114513397,
      0.25115421414375305,
      0.4263699948787689,
      0.023408805951476097,
      0.06434223055839539,
      -0.0007390249520540237
    ],
    [
      0.1457575410604477,
      1.1994287967681885,
      1.0080910921096802,
      1.3354253768920898,
      1.7093762159347534,
      1.4310319423675537,
      3.390247344970703,
      3.040219306945801,
      1.9767653942108154,
      1.6979351043701172,
      2.441420316696167,
      3.3045201301574707,
      3.978464126586914,
      2.3039755821228027,
      3.5186338424682617,
      0.06434223055839539,
      1.1147851943969727,
      -0.011294775642454624
    ],
    [
      -0.0010846324730664492,
      0.03162618353962898,
      -0.015775088220834732,
      -0.02422584779560566,
      -0.030137956142425537,
      -0.021378278732299805,
      -0.06275925040245056,
      -0.0601445734500885,
      -0.041131265461444855,
      -0.03524283319711685,
      -0.039764370769262314,
      -0.006646472029387951,
      -0.07375725358724594,
      -0.026639441028237343,
      -0.03767699375748634,
      -0.0007390249520540237,
      -0.011294775642454624,
      0.0005823518731631339
    ]
  ],
  "covariance_short": [
    [
      102.90508270263672,
      53.30085754394531,
      13.110088348388672,
      18.797670364379883,
      2.3788070678710938,
      8.701735496520996,
      -1.4036290645599365,
      4.640101432800293,
      -5.3943328857421875,
      0.8395017981529236,
      -4.758387565612793,
      5.436004638671875,
      -3.4617063999176025,
      -0.521285355091095,
      -1.1963562965393066,
      0.06940869241952896,
      0.02377074956893921,
      -0.002348873531445861
    ],
    [
      53.30085754394531,
      60.640708923339844,
      11.243931770324707,
      16.523786544799805,
      -0.19100351631641388,
      5.834490776062012,
      -0.9963711500167847,
      2.621307611465454,
      -4.247565269470215,
      -1.5996782779693604,
      -1.5230953693389893,
      9.092928886413574,
      -3.7932629585266113,
      1.1013774871826172,
      2.8785812854766846,
      0.07155093550682068,
      1.1076768636703491,
      0.026037324219942093
    ],
    [
      13.110088348388672,
      11.243931770324707,
      32.67279052734375,
      23.72919464111328,
      11.584390640258789,
      11.386645317077637,
      11.954227447509766,
      11.955757141113281,
      10.256000518798828,
      11.100127220153809,
      12.692051887512207,
      16.52890396118164,
      10.727574348449707,
      4.404961109161377,
      6.79536247253418,
      0.03544652462005615,
      1.1601165533065796,
      -0.019460005685687065
    ],
    [
      18.797670364379883,
      16.523786544799805,
      23.72919464111328,
      40.00431823730469,
      10.099146842956543,
      14.255596160888672,
      12.425394058227539,
      15.0298490524292,
      11.846052169799805,
      13.342790603637695,
      16.130088806152344,
      21.02557373046875,
      13.098148345947266,
      5.227294445037842,
      8.530864715576172,
      0.05354132503271103,
      1.2978018522262573,
      -0.024130649864673615
    ],
    [
      2.3788070678710938,
      -0.19100351631641388,
      11.584390640258789,
      10.099146842956543,
      29.468568801879883,
      14.600951194763184,
      17.6998348236084,
      15.04348087310791,
      13.681293487548828,
      13.07438850402832,
      12.544778823852539,
      13.103532791137695,
      19.926410675048828,
      6.802022933959961,
      9.52698040008545,
      0.07439965009689331,
      1.8028020858764648,
      -0.03200933709740639
    ],
    [
      8.701735496520996,
      5.834490776062012,
      11.386645317077637,
      14.255596160888672,
      14.600951194763184,
      26.150676727294922,
      12.630844116210938,
      14.764273643493652,
      9.346426963806152,
      11.489858627319336,
      9.217105865478516,
      13.597965240478516,
      14.582674980163574,
      6.548369407653809,
      7.124366760253906,
      0.11745021492242813,
      1.450760006904602,
      -0.022985374554991722
    ],
    [
      -1.4036290645599365,
      -0.9963711500167847,
      11.954227447509766,
      12.425394058227539,
      17.6998348236084,
      12.630844116210938,
      37.898921966552734,
      28.35515785217285,
      22.41257095336914,
      19.217859268188477,
      21.4228515625,
      18.920639038085938,
      27.745603561401367,
      10.890114784240723,
      15.242447853088379,
      0.1873992681503296,
      3.4763271808624268,
      -0.06550095230340958
    ],
    [
      4.640101432800293,
      2.621307611465454,
      11.955757141113281,
      15.0298490524292,
      15.04348087310791,
      14.764273643493652,
      28.35515785217285,
      39.14545822143555,
      18.565486907958984,
      21.34840965270996,
      17.161745071411133,
      20.660053253173828,
      25.101179122924805,
      11.17778491973877,
      12.743108749389648,
      0.1570255607366562,
      3.0214414596557617,
      -0.06071949750185013
    ],
    [
      -5.3943328857421875,
      -4.247565269470215,
      10.256000518798828,
      11.846052169799805,
      13.681293487548828,
      9.346426963806152,
      22.41257095336914,
      18.565486907958984,
      29.93292808532715,
      20.66782569885254,
      22.387718200683594,
      18.270540237426758,
      22.91813087463379,
      7.678275108337402,
      12.131610870361328,
      0.042327359318733215,
      2.1237552165985107,
      -0.043142978101968765
    ],
    [
      0.8395017981529236,
      -1.5996782779693604,
      11.100127220153809,
      13.342790603637695,
      13.07438850402832,
      11.489858627319336,
      19.217859268188477,
      21.34840965270996,
      20.66782569885254,
      28.701435089111328,
      17.079036712646484,
      20.871122360229492,
      21.29085350036621,
      8.323135375976562,
      10.00444507598877,
      0.05303904414176941,
      1.734601616859436,
      -0.037541620433330536
    ],
    [
      -4.758387565612793,
      -1.5230953693389893,
      12.692051887512207,
      16.130088806152344,
      12.544778823852539,
      9.217105865478516,
      21.4228515625,
      17.161745071411133,
      22.387718200683594,
      17.079036712646484,
      32.43724822998047,
      22.44767951965332,
      25.200626373291016,
      9.090089797973633,
      16.274248123168945,
      0.19549983739852905,
      2.513845443725586,
      -0.04034283757209778
    ],
    [
      5.436004638671875,
      9.092928886413574,
      16.52890396118164,
      21.02557373046875,
      13.103532791137695,
      13.597965240478516,
      18.920639038085938,
      20.660053253173828,
      18.270540237426758,
      20.871122360229492,
      22.44767951965332,
      39.23740005493164,
      24.29950714111328,
      12.94377613067627,
      17.759464263916016,
      0.2408023476600647,
      3.2059731483459473,
      -0.00716011505573988
    ],
    [
      -3.4617063999176025,
      -3.7932629585266113,
      10.727574348449707,
      13.098148345947266,
      19.926410675048828,
      14.582674980163574,
      27.745603561401367,
      25.101179122924805,
      22.91813087463379,
      21.29085350036621,
      25.200626373291016,
      24.29950714111328,
      45.158626556396484,
      15.18584156036377,
      23.824417114257812,
      0.3447173237800598,
      4.053764343261719,
      -0.07528796046972275
    ],
    [
      -0.521285355091095,
      1.1013774871826172,
      4.404961109161377,
      5.227294445037842,
      6.802022933959961,
      6.548369407653809,
      10.890114784240723,
      11.17778491973877,
      7.678275108337402,
      8.323135375976562,
      9.090089797973633,
      12.94377613067627,
      15.18584156036377,
      11.095528602600098,
      10.844457626342773,
      0.2566152811050415,
      2.186774492263794,
      -0.0250879917293787
    ],
    [
      -1.1963562965393066,
      2.8785812854766846,
      6.79536247253418,
      8.530864715576172,
      9.52698040008545,
      7.124366760253906,
      15.242447853088379,
      12.743108749389648,
      12.131610870361328,
      10.00444507598877,
      16.274248123168945,
      17.759464263916016,
      23.824417114257812,
      10.844457626342773,
      22.35893440246582,
      0.42242559790611267,
      3.664269208908081,
      -0.039700839668512344
    ],
    [
      0.06940869241952896,
      0.07155093550682068,
      0.03544652462005615,
      0.05354132503271103,
      0.07439965009689331,
      0.11745021492242813,
      0.1873992681503296,
      0.1570255607366562,
      0.042327359318733215,
      0.05303904414176941,
      0.19549983739852905,
      0.2408023476600647,
      0.3447173237800598,
      0.2566152811050415,
      0.42242559790611267,
      0.029980778694152832,
      0.06670913100242615,
      -0.0008103455184027553
    ],
    [
      0.02377074956893921,
      1.1076768636703491,
      1.1601165533065796,
      1.2978018522262573,
      1.8028020858764648,
      1.450760006904602,
      3.4763271808624268,
      3.0214414596557617,
      2.1237552165985107,
      1.734601616859436,
      2.513845443725586,
      3.2059731483459473,
      4.053764343261719,
      2.186774492263794,
      3.664269208908081,
      0.06670913100242615,
      1.2028563022613525,
      -0.012258628383278847
    ],
    [
      -0.002348873531445861,
      0.026037324219942093,
      -0.019460005685687065,
      -0.024130649864673615,
      -0.03200933709740639,
      -0.022985374554991722,
      -0.06550095230340958,
      -0.06071949750185013,
      -0.043142978101968765,
      -0.037541620433330536,
      -0.04034283757209778,
      -0.00716011505573988,
      -0.07528796046972275,
      -0.0250879917293787,
      -0.039700839668512344,
      -0.0008103455184027553,
      -0.012258628383278847,
      0.00108697812538594
    ]
  ],
  "damage": -12.565242767333984,
  "diff_bandwidth": 802.6759643554688,
  "dissonance": 4.4340092703399305,
  "drr": 8.697274208068848,
  "dynamics": 3.553967237472534,
  "format": 1245190,
  "frames": 5172160,
  "loudness": -19.55628204345703,
  "loudness_range": 10.566746711730957,
  "loudness_range_short": 11.483857154846191,
  "lowpass_true_peak_15khz": -3.1558587551116943,
  "mastering3_acoustic_entropies": [
    {
      "acoustic_entropy": 7.604029655456543,
      "acoustic_entropy_mono": 7.568177700042725,
      "band_eliminated_acoustic_entropies": [
        {
          "acoustic_entropy": 7.60636568069458,
          "acoustic_entropy_side": 7.604028701782227,
          "hz": 129.47220167065723
        },
        {
          "acoustic_entropy": 7.396298885345459,
          "acoustic_entropy_side": 7.6037116050720215,
          "hz": 202.92927478742237
        },
        {
          "acoustic_entropy": 7.8900275230407715,
          "acoustic_entropy_side": 7.60246467590332,
          "hz": 282.89161906338205
        },
        {
          "acoustic_entropy": 7.150312900543213,
          "acoustic_entropy_side": 7.604745864868164,
          "hz": 369.9353335868758
        },
        {
          "acoustic_entropy": 7.749927043914795,
          "acoustic_entropy_side": 7.604136943817139,
          "hz": 464.6875360973435
        },
        {
          "acoustic_entropy": 7.296778202056885,
          "acoustic_entropy_side": 7.596097946166992,
          "hz": 567.8308811364784
        },
        {
          "acoustic_entropy": 7.110815525054932,
          "acoustic_entropy_side": 7.610928058624268,
          "hz": 680.1084783214808
        },
        {
          "acoustic_entropy": 7.478153705596924,
          "acoustic_entropy_side": 7.5986785888671875,
          "hz": 802.3292461747484
        },
        {
          "acoustic_entropy": 6.500953197479248,
          "acoustic_entropy_side": 7.6016693115234375,
          "hz": 935.3737400823702
        },
        {
          "acoustic_entropy": 8.091151237487793,
          "acoustic_entropy_side": 7.633723258972168,
          "hz": 1080.2004963696966
        },
        {
          "acoustic_entropy": 7.365480899810791,
          "acoustic_entropy_side": 7.599666595458984,
          "hz": 1237.8529382007157
        },
        {
          "acoustic_entropy": 7.797788619995117,
          "acoustic_entropy_side": 7.618194580078125,
          "hz": 1409.4668930556702
        },
        {
          "acoustic_entropy": 7.4713616371154785,
          "acoustic_entropy_side": 7.603855133056641,
          "hz": 1596.2787759475705
        },
        {
          "acoustic_entropy": 7.27326774597168,
          "acoustic_entropy_side": 7.606021881103516,
          "hz": 1799.6344973346393
        },
        {
          "acoustic_entropy": 7.615068435668945,
          "acoustic_entropy_side": 7.60244083404541,
          "hz": 2020.9991599069049
        },
        {
          "acoustic_entropy": 7.605320930480957,
          "acoustic_entropy_side": 7.603625774383545,
          "hz": 2261.9676141086993
        },
        {
          "acoustic_entropy": 7.499801158905029,
          "acoustic_entropy_side": 7.603238105773926,
          "hz": 2524.2759484456974
        },
        {
          "acoustic_entropy": 7.717045783996582,
          "acoustic_entropy_side": 7.604987621307373,
          "hz": 2809.813997359896
        },
        {
          "acoustic_entropy": 7.5139570236206055,
          "acoustic_entropy_side": 7.60425329208374,
          "hz": 3120.6389567871424
        },
        {
          "acoustic_entropy": 7.650693893432617,
          "acoustic_entropy_side": 7.604063510894775,
          "hz": 3458.990205492291
        },
        {
          "acoustic_entropy": 7.6558685302734375,
          "acoustic_entropy_side": 7.604002475738525,
          "hz": 3827.305438964164
        },
        {
          "acoustic_entropy": 7.63416862487793,
          "acoustic_entropy_side": 7.604023456573486,
          "hz": 4228.238232109126
        },
        {
          "acoustic_entropy": 7.664427757263184,
          "acoustic_entropy_side": 7.60404109954834,
          "hz": 4664.6771572759235
        },
        {
          "acoustic_entropy": 7.63946008682251,
          "acoustic_entropy_side": 7.604031562805176,
          "hz": 5139.766595350093
        },
        {
          "acoustic_entropy": 7.614208698272705,
          "acoustic_entropy_side": 7.604030132293701,
          "hz": 5656.929389854203
        },
        {
          "acoustic_entropy": 7.610095024108887,
          "acoustic_entropy_side": 7.604029655456543,
          "hz": 6219.891507268283
        },
        {
          "acoustic_entropy": 7.607091426849365,
          "acoustic_entropy_side": 7.604029655456543,
          "hz": 6832.70888123896
        },
        {
          "acoustic_entropy": 7.604250431060791,
          "acoustic_entropy_side": 7.604029655456543,
          "hz": 7499.796634079867
        },
        {
          "acoustic_entropy": 7.603717803955078,
          "acoustic_entropy_side": 7.604029655456543,
          "hz": 8225.96088609342
        },
        {
          "acoustic_entropy": 7.60403299331665,
          "acoustic_entropy_side": 7.604029655456543,
          "hz": 9016.43338188839
        },
        {
          "acoustic_entropy": 7.603975296020508,
          "acoustic_entropy_side": 7.604029655456543,
          "hz": 9876.909183162974
        },
        {
          "acoustic_entropy": 7.604028701782227,
          "acoustic_entropy_side": 7.604029655456543,
          "hz": 10813.587699516042
        },
        {
          "acoustic_entropy": 7.604032039642334,
          "acoustic_entropy_side": 7.604029655456543,
          "hz": 11833.21735289826
        },
        {
          "acoustic_entropy": 7.604030132293701,
          "acoustic_entropy_side": 7.604029655456543,
          "hz": 12943.144197493959
        },
        {
          "acoustic_entropy": 7.604030132293701,
          "acoustic_entropy_side": 7.604029655456543,
          "hz": 14151.364845322005
        },
        {
          "acoustic_entropy": 7.604030132293701,
          "acoustic_entropy_side": 7.604029655456543,
          "hz": 15466.58407886509
        },
        {
          "acoustic_entropy": 7.604029655456543,
          "acoustic_entropy_side": 7.604029655456543,
          "hz": 16898.27756580493
        },
        {
          "acoustic_entropy": 7.604029655456543,
          "acoustic_entropy_side": 7.604029655456543,
          "hz": 18456.760127700032
        },
        {
          "acoustic_entropy": 7.604029655456543,
          "acoustic_entropy_side": 7.604029655456543,
          "hz": 20153.260054456492
        },
        {
          "acoustic_entropy": 7.604029655456543,
          "acoustic_entropy_side": 7.604029655456543,
          "hz": 22000.00000000001
        }
      ],
      "diff_acoustic_entropy": 3.01564621925354,
      "sn": 6
    },
    {
      "acoustic_entropy": 10.337708473205566,
      "acoustic_entropy_mono": 10.148540496826172,
      "band_eliminated_acoustic_entropies": [
        {
          "acoustic_entropy": 10.456222534179688,
          "acoustic_entropy_side": 10.337779998779297,
          "hz": 129.47220167065723
        },
        {
          "acoustic_entropy": 10.864033699035645,
          "acoustic_entropy_side": 10.337394714355469,
          "hz": 202.92927478742237
        },
        {
          "acoustic_entropy": 10.505834579467773,
          "acoustic_entropy_side": 10.389766693115234,
          "hz": 282.89161906338205
        },
        {
          "acoustic_entropy": 10.606199264526367,
          "acoustic_entropy_side": 10.341802597045898,
          "hz": 369.9353335868758
        },
        {
          "acoustic_entropy": 10.188426971435547,
          "acoustic_entropy_side": 10.35874080657959,
          "hz": 464.6875360973435
        },
        {
          "acoustic_entropy": 9.814102172851562,
          "acoustic_entropy_side": 10.36963939666748,
          "hz": 567.8308811364784
        },
        {
          "acoustic_entropy": 10.918827056884766,
          "acoustic_entropy_side": 10.421659469604492,
          "hz": 680.1084783214808
        },
        {
          "acoustic_entropy": 10.557136535644531,
          "acoustic_entropy_side": 10.404459953308105,
          "hz": 802.3292461747484
        },
        {
          "acoustic_entropy": 10.300623893737793,
          "acoustic_entropy_side": 10.520072937011719,
          "hz": 935.3737400823702
        },
        {
          "acoustic_entropy": 11.036006927490234,
          "acoustic_entropy_side": 10.365518569946289,
          "hz": 1080.2004963696966
        },
        {
          "acoustic_entropy": 10.92723274230957,
          "acoustic_entropy_side": 10.163978576660156,
          "hz": 1237.8529382007157
        },
        {
          "acoustic_entropy": 10.21940803527832,
          "acoustic_entropy_side": 10.545878410339355,
          "hz": 1409.4668930556702
        },
        {
          "acoustic_entropy": 11.352924346923828,
          "acoustic_entropy_side": 10.52441120147705,
          "hz": 1596.2787759475705
        },
        {
          "acoustic_entropy": 10.327543258666992,
          "acoustic_entropy_side": 10.351462364196777,
          "hz": 1799.6344973346393
        },
        {
          "acoustic_entropy": 10.608505249023438,
          "acoustic_entropy_side": 10.333507537841797,
          "hz": 2020.9991599069049
        },
        {
          "acoustic_entropy": 9.893411636352539,
          "acoustic_entropy_side": 10.31476879119873,
          "hz": 2261.9676141086993
        },
        {
          "acoustic_entropy": 10.659286499023438,
          "acoustic_entropy_side": 10.338223457336426,
          "hz": 2524.2759484456974
        },
        {
          "acoustic_entropy": 10.421603202819824,
          "acoustic_entropy_side": 10.336505889892578,
          "hz": 2809.813997359896
        },
        {
          "acoustic_entropy": 10.27348804473877,
          "acoustic_entropy_side": 10.337985038757324,
          "hz": 3120.6389567871424
        },
        {
          "acoustic_entropy": 10.20478630065918,
          "acoustic_entropy_side": 10.338041305541992,
          "hz": 3458.990205492291
        },
        {
          "acoustic_entropy": 10.301121711730957,
          "acoustic_entropy_side": 10.338168144226074,
          "hz": 3827.305438964164
        },
        {
          "acoustic_entropy": 9.999917984008789,
          "acoustic_entropy_side": 10.338296890258789,
          "hz": 4228.238232109126
        },
        {
          "acoustic_entropy": 10.271807670593262,
          "acoustic_entropy_side": 10.338266372680664,
          "hz": 4664.6771572759235
        },
        {
          "acoustic_entropy": 10.280220985412598,
          "acoustic_entropy_side": 10.337721824645996,
          "hz": 5139.766595350093
        },
        {
          "acoustic_entropy": 10.408090591430664,
          "acoustic_entropy_side": 10.33769702911377,
          "hz": 5656.929389854203
        },
        {
          "acoustic_entropy": 10.274381637573242,
          "acoustic_entropy_side": 10.337711334228516,
          "hz": 6219.891507268283
        },
        {
          "acoustic_entropy": 10.344605445861816,
          "acoustic_entropy_side": 10.3377103805542,
          "hz": 6832.70888123896
        },
        {
          "acoustic_entropy": 10.345112800598145,
          "acoustic_entropy_side": 10.3377103805542,
          "hz": 7499.796634079867
        },
        {
          "acoustic_entropy": 10.339079856872559,
          "acoustic_entropy_side": 10.337708473205566,
          "hz": 8225.96088609342
        },
        {
          "acoustic_entropy": 10.336322784423828,
          "acoustic_entropy_side": 10.337708473205566,
          "hz": 9016.43338188839
        },
        {
          "acoustic_entropy": 10.336952209472656,
          "acoustic_entropy_side": 10.337708473205566,
          "hz": 9876.909183162974
        },
        {
          "acoustic_entropy": 10.33773136138916,
          "acoustic_entropy_side": 10.337708473205566,
          "hz": 10813.587699516042
        },
        {
          "acoustic_entropy": 10.337687492370605,
          "acoustic_entropy_side": 10.337708473205566,
          "hz": 11833.21735289826
        },
        {
          "acoustic_entropy": 10.337714195251465,
          "acoustic_entropy_side": 10.337708473205566,
          "hz": 12943.144197493959
        },
        {
          "acoustic_entropy": 10.3377103805542,
          "acoustic_entropy_side": 10.337708473205566,
          "hz": 14151.364845322005
        },
        {
          "acoustic_entropy": 10.337708473205566,
          "acoustic_entropy_side": 10.337708473205566,
          "hz": 15466.58407886509
        },
        {
          "acoustic_entropy": 10.337709426879883,
          "acoustic_entropy_side": 10.337708473205566,
          "hz": 16898.27756580493
        },
        {
          "acoustic_entropy": 10.337708473205566,
          "acoustic_entropy_side": 10.337708473205566,
          "hz": 18456.760127700032
        },
        {
          "acoustic_entropy": 10.337708473205566,
          "acoustic_entropy_side": 10.337708473205566,
          "hz": 20153.260054456492
        },
        {
          "acoustic_entropy": 10.337708473205566,
          "acoustic_entropy_side": 10.337708473205566,
          "hz": 22000.00000000001
        }
      ],
      "diff_acoustic_entropy": 4.760293960571289,
      "sn": 12
    },
    {
      "acoustic_entropy": 15.858574867248535,
      "acoustic_entropy_mono": 15.059556007385254,
      "band_eliminated_acoustic_entropies": [
        {
          "acoustic_entropy": 16.125457763671875,
          "acoustic_entropy_side": 15.861324310302734,
          "hz": 129.47220167065723
        },
        {
          "acoustic_entropy": 16.130037307739258,
          "acoustic_entropy_side": 15.950221061706543,
          "hz": 202.92927478742237
        },
        {
          "acoustic_entropy": 15.520835876464844,
          "acoustic_entropy_side": 16.440067291259766,
          "hz": 282.89161906338205
        },
        {
          "acoustic_entropy": 15.56332778930664,
          "acoustic_entropy_side": 15.835514068603516,
          "hz": 369.9353335868758
        },
        {
          "acoustic_entropy": 15.569222450256348,
          "acoustic_entropy_side": 15.81185245513916,
          "hz": 464.6875360973435
        },
        {
          "acoustic_entropy": 15.28757381439209,
          "acoustic_entropy_side": 15.328420639038086,
          "hz": 567.8308811364784
        },
        {
          "acoustic_entropy": 14.183051109313965,
          "acoustic_entropy_side": 15.655082702636719,
          "hz": 680.1084783214808
        },
        {
          "acoustic_entropy": 15.267300605773926,
          "acoustic_entropy_side": 16.328256607055664,
          "hz": 802.3292461747484
        },
        {
          "acoustic_entropy": 15.613053321838379,
          "acoustic_entropy_side": 15.318896293640137,
          "hz": 935.3737400823702
        },
        {
          "acoustic_entropy": 16.225059509277344,
          "acoustic_entropy_side": 16.60422134399414,
          "hz": 1080.2004963696966
        },
        {
          "acoustic_entropy": 16.50472068786621,
          "acoustic_entropy_side": 16.227182388305664,
          "hz": 1237.8529382007157
        },
        {
          "acoustic_entropy": 15.213275909423828,
          "acoustic_entropy_side": 15.253500938415527,
          "hz": 1409.4668930556702
        },
        {
          "acoustic_entropy": 16.299341201782227,
          "acoustic_entropy_side": 16.032852172851562,
          "hz": 1596.2787759475705
        },
        {
          "acoustic_entropy": 15.411083221435547,
          "acoustic_entropy_side": 15.18335247039795,
          "hz": 1799.6344973346393
        },
        {
          "acoustic_entropy": 16.576459884643555,
          "acoustic_entropy_side": 16.19633674621582,
          "hz": 2020.9991599069049
        },
        {
          "acoustic_entropy": 15.493305206298828,
          "acoustic_entropy_side": 15.814661979675293,
