{
  "acoustic_entropy": 200.2738800048828,
  "bands": [
    {
      "high_freq": 148.1999969482422,
      "loudness": -36.99964904785156,
      "loudness_range": 20.754364013671875,
      "mid_mean": -34.4105224609375,
      "mid_to_side_loudness": -6.3452677726745605,
      "mid_to_side_loudness_range": 9.268184661865234,
      "side_mean": -40.816932678222656
    },
    {
      "high_freq": 392.3793640136719,
      "loudness": -30.620494842529297,
      "loudness_range": 17.026817321777344,
      "low_freq": 148.1999969482422,
      "mid_mean": -27.958354949951172,
      "mid_to_side_loudness": -6.144822597503662,
      "mid_to_side_loudness_range": 7.934102535247803,
      "side_mean": -34.329811096191406
    },
    {
      "high_freq": 794.6976318359375,
      "loudness": -27.954471588134766,
      "loudness_range": 14.823013305664062,
      "low_freq": 392.3793640136719,
      "mid_mean": -25.35027313232422,
      "mid_to_side_loudness": -6.006136417388916,
      "mid_to_side_loudness_range": 8.453085899353027,
      "side_mean": -31.528234481811523
    },
    {
      "high_freq": 1457.5709228515625,
      "loudness": -30.612215042114258,
      "loudness_range": 14.616645812988281,
      "low_freq": 794.6976318359375,
      "mid_mean": -28.100845336914062,
      "mid_to_side_loudness": -5.596867084503174,
      "mid_to_side_loudness_range": 8.087763786315918,
      "side_mean": -33.79917907714844
    },
    {
      "high_freq": 2549.74365234375,
      "loudness": -32.59407043457031,
      "loudness_range": 17.633264541625977,
      "low_freq": 1457.5709228515625,
      "mid_mean": -30.41815757751465,
      "mid_to_side_loudness": -4.1335225105285645,
      "mid_to_side_loudness_range": 6.417771816253662,
      "side_mean": -34.62086868286133
    },
    {
      "high_freq": 4349.24462890625,
      "loudness": -36.9088020324707,
      "loudness_range": 18.894241333007812,
      "low_freq": 2549.74365234375,
      "mid_mean": -35.31462478637695,
      "mid_to_side_loudness": -2.3806498050689697,
      "mid_to_side_loudness_range": 6.426991939544678,
      "side_mean": -37.72800064086914
    },
    {
      "high_freq": 7314.1640625,
      "loudness": -43.31660079956055,
      "loudness_range": 19.086822509765625,
      "low_freq": 4349.24462890625,
      "mid_mean": -41.390560150146484,
      "mid_to_side_loudness": -3.655895471572876,
      "mid_to_side_loudness_range": 8.941873550415039,
      "side_mean": -45.14968490600586
    },
    {
      "high_freq": 12199.2666015625,
      "loudness": -52.74127197265625,
      "loudness_range": 22.868209838867188,
      "low_freq": 7314.1640625,
      "mid_mean": -50.89091110229492,
      "mid_to_side_loudness": -4.574313640594482,
      "mid_to_side_loudness_range": 9.311443328857422,
      "side_mean": -55.164154052734375
    },
    {
      "loudness": -64.12149047851562,
      "loudness_range": 23.457908630371094,
      "low_freq": 12199.2666015625,
      "mid_mean": -60.74891662597656,
      "mid_to_side_loudness": -3.8121962547302246,
      "mid_to_side_loudness_range": 8.739521026611328,
      "side_mean": -63.27075958251953
    }
  ],
  "bands_short": [
    {
      "high_freq": 148.1999969482422,
      "loudness": -40.00812911987305,
      "loudness_range": 23.21868133544922,
      "mid_mean": -37.76035690307617,
      "mid_to_side_loudness": -6.055609226226807,
      "mid_to_side_loudness_range": 14.879876136779785,
      "side_mean": -44.00271987915039
    },
    {
      "high_freq": 392.3793640136719,
      "loudness": -31.15003204345703,
      "loudness_range": 18.01314353942871,
      "low_freq": 148.1999969482422,
      "mid_mean": -28.569637298583984,
      "mid_to_side_loudness": -6.195002555847168,
      "mid_to_side_loudness_range": 10.424299240112305,
      "side_mean": -34.97418212890625
    },
    {
      "high_freq": 794.6976318359375,
      "loudness": -28.28092384338379,
      "loudness_range": 16.270601272583008,
      "low_freq": 392.3793640136719,
      "mid_mean": -25.81791877746582,
      "mid_to_side_loudness": -5.822139739990234,
      "mid_to_side_loudness_range": 10.944334030151367,
      "side_mean": -31.81875228881836
    },
    {
      "high_freq": 1457.5709228515625,
      "loudness": -30.732778549194336,
      "loudness_range": 15.786645889282227,
      "low_freq": 794.6976318359375,
      "mid_mean": -28.354219436645508,
      "mid_to_side_loudness": -5.5021843910217285,
      "mid_to_side_loudness_range": 10.430498123168945,
      "side_mean": -33.93986129760742
    },
    {
      "high_freq": 2549.74365234375,
      "loudness": -33.071414947509766,
      "loudness_range": 18.502666473388672,
      "low_freq": 1457.5709228515625,
      "mid_mean": -31.00050926208496,
      "mid_to_side_loudness": -4.015951156616211,
      "mid_to_side_loudness_range": 8.268174171447754,
      "side_mean": -35.08280944824219
    },
    {
      "high_freq": 4349.24462890625,
      "loudness": -36.99098587036133,
      "loudness_range": 19.402732849121094,
      "low_freq": 2549.74365234375,
      "mid_mean": -35.49884033203125,
      "mid_to_side_loudness": -2.3736732006073,
      "mid_to_side_loudness_range": 8.249105453491211,
      "side_mean": -37.89358139038086
    },
    {
      "high_freq": 7314.1640625,
      "loudness": -43.67323684692383,
      "loudness_range": 20.6505126953125,
      "low_freq": 4349.24462890625,
      "mid_mean": -41.9178352355957,
      "mid_to_side_loudness": -3.3613569736480713,
      "mid_to_side_loudness_range": 10.145055770874023,
      "side_mean": -45.458248138427734
    },
    {
      "high_freq": 12199.2666015625,
      "loudness": -53.225460052490234,
      "loudness_range": 24.556842803955078,
      "low_freq": 7314.1640625,
      "mid_mean": -51.756595611572266,
      "mid_to_side_loudness": -4.19698429107666,
      "mid_to_side_loudness_range": 10.207796096801758,
      "side_mean": -55.63003921508789
    },
    {
      "loudness": -64.72840881347656,
      "loudness_range": 24.64099884033203,
      "low_freq": 12199.2666015625,
      "mid_mean": -61.192562103271484,
      "mid_to_side_loudness": -3.6008708477020264,
      "mid_to_side_loudness_range": 9.333149909973145,
      "side_mean": -63.49314880371094
    }
  ],
  "bandwidth": 718.7651977539062,
  "channels": 2,
  "covariance": [
    [
      55.10858917236328,
      45.71223831176758,
      26.551244735717773,
      25.974103927612305,
      24.500303268432617,
      21.86498260498047,
      13.705108642578125,
      10.93281078338623,
      10.158334732055664,
      8.189839363098145,
      10.765411376953125,
      8.508478164672852,
      6.8109612464904785,
      4.336638450622559,
      5.777983665466309,
      0.7563943266868591,
      4.375141620635986,
      -2.096625566482544
    ],
    [
      45.71223831176758,
      48.113956451416016,
      22.32139778137207,
      22.423173904418945,
      20.778564453125,
      19.058706283569336,
      12.128640174865723,
      10.5050630569458,
      9.95154857635498,
      9.170734405517578,
      11.489553451538086,
      10.057652473449707,
      7.3009185791015625,
      5.345246315002441,
      6.75298547744751,
      2.4672162532806396,
      5.4904375076293945,
      -0.15543371438980103
    ],
    [
      26.551244735717773,
      22.32139778137207,
      38.09709930419922,
      29.210622787475586,
      25.362106323242188,
      19.113248825073242,
      11.253881454467773,
      7.779865741729736,
      5.199045181274414,
      2.653449535369873,
      7.154514789581299,
      4.1016364097595215,
      3.51456356048584,
      0.3979356288909912,
      1.7228010892868042,
      -4.097365379333496,
      -0.47733211517333984,
      -6.0218915939331055
    ],
    [
      25.974103927612305,
      22.423173904418945,
      29.210622787475586,
      30.294509887695312,
      22.911691665649414,
      18.67000961303711,
      10.797289848327637,
      8.491729736328125,
      6.82763671875,
      5.5534539222717285,
      8.983724594116211,
      6.530046463012695,
      6.593513488769531,
      3.3435306549072266,
      5.486367702484131,
      -0.3043974041938782,
      2.367414712905884,
      -3.0048933029174805
    ],
    [
      24.500303268432617,
      20.778564453125,
      25.362106323242188,
      22.911691665649414,
      33.95222091674805,
      24.831785202026367,
      17.86943244934082,
      14.067784309387207,
      13.993216514587402,
      11.571836471557617,
      16.714698791503906,
      13.218849182128906,
      16.798925399780273,
      11.489609718322754,
      17.171724319458008,
      8.420708656311035,
      10.886540412902832,
      2.3269388675689697
    ],
    [
      21.86498260498047,
      19.058706283569336,
      19.113248825073242,
      18.67000961303711,
      24.831785202026367,
      26.09308433532715,
      17.295143127441406,
      15.230708122253418,
      15.0029296875,
      14.55980110168457,
      16.586971282958984,
      15.293254852294922,
      14.182985305786133,
      12.37543773651123,
      15.174511909484863,
      10.018941879272461,
      10.169699668884277,
      4.4016265869140625
    ],
    [
      13.705108642578125,
      12.128640174865723,
      11.253881454467773,
      10.797289848327637,
      17.86943244934082,
      17.295143127441406,
      28.450292587280273,
      24.052379608154297,
      23.242557525634766,
      23.02557945251465,
      25.68646812438965,
      24.303815841674805,
      22.314579010009766,
      22.794029235839844,
      24.177032470703125,
      21.114154815673828,
      17.848472595214844,
      14.111715316772461
    ],
    [
      10.93281078338623,
      10.5050630569458,
      7.779865741729736,
      8.491729736328125,
      14.067784309387207,
      15.230708122253418,
      24.052379608154297,
      28.680734634399414,
      25.480648040771484,
      27.852216720581055,
      27.859378814697266,
      29.385761260986328,
      23.33588218688965,
      26.93577003479004,
      26.001644134521484,
      26.30768585205078,
      19.837087631225586,
      18.206323623657227
    ],
    [
      10.158334732055664,
      9.95154857635498,
      5.199045181274414,
      6.82763671875,
      13.993216514587402,
      15.0029296875,
      23.242557525634766,
      25.480648040771484,
      33.10490798950195,
      33.98830032348633,
      32.71908950805664,
      34.261924743652344,
      29.763553619384766,
      33.331504821777344,
      33.02500915527344,
      32.64043426513672,
      25.47413444519043,
      22.932613372802734
    ],
    [
      8.189839363098145,
      9.170734405517578,
      2.653449535369873,
      5.5534539222717285,
      11.571836471557617,
      14.55980110168457,
      23.02557945251465,
      27.852216720581055,
      33.98830032348633,
      40.938026428222656,
      36.46160888671875,
      41.410858154296875,
      31.964160919189453,
      39.15846252441406,
      36.76957321166992,
      39.30582809448242,
      29.3569393157959,
      28.4893798828125
    ],
    [
      10.765411376953125,
      11.489553451538086,
      7.154514789581299,
      8.983724594116211,
      16.714698791503906,
      16.586971282958984,
      25.68646812438965,
      27.859378814697266,
      32.71908950805664,
      36.46160888671875,
      42.59762954711914,
      42.72809600830078,
      37.87398910522461,
      40.33437728881836,
      41.669403076171875,
      39.45212936401367,
      31.495603561401367,
      27.376310348510742
    ],
    [
      8.508478164672852,
      10.057652473449707,
      4.1016364097595215,
      6.530046463012695,
      13.218849182128906,
      15.293254852294922,
      24.303815841674805,
      29.385761260986328,
      34.261924743652344,
      41.410858154296875,
      42.72809600830078,
      49.48094177246094,
      36.90355682373047,
      44.67756271362305,
      41.76599884033203,
      44.118526458740234,
      32.942047119140625,
      31.66874885559082
    ],
    [
      6.8109612464904785,
      7.3009185791015625,
      3.51456356048584,
      6.593513488769531,
      16.798925399780273,
      14.182985305786133,
      22.314579010009766,
      23.33588218688965,
      29.763553619384766,
      31.964160919189453,
      37.87398910522461,
      36.90355682373047,
      46.494659423828125,
      41.609371185302734,
      49.739227294921875,
      41.64096450805664,
      35.662322998046875,
      28.0114803314209
    ],
    [
      4.336638450622559,
      5.345246315002441,
      0.3979356288909912,
      3.3435306549072266,
      11.489609718322754,
      12.37543773651123,
      22.794029235839844,
      26.93577003479004,
      33.331504821777344,
      39.15846252441406,
      40.33437728881836,
      44.67756271362305,
      41.609371185302734,
      49.030887603759766,
      47.15806198120117,
      47.121498107910156,
      35.90584182739258,
      33.465396881103516
    ],
    [
      5.777983665466309,
      6.75298547744751,
      1.7228010892868042,
      5.486367702484131,
      17.171724319458008,
      15.174511909484863,
      24.177032470703125,
      26.001644134521484,
      33.02500915527344,
      36.76957321166992,
      41.669403076171875,
      41.76599884033203,
      49.739227294921875,
      47.15806198120117,
      67.17284393310547,
      55.19102478027344,
      46.38356399536133,
      36.125755310058594
    ],
    [
      0.7563943266868591,
      2.4672162532806396,
      -4.097365379333496,
      -0.3043974041938782,
      8.420708656311035,
      10.018941879272461,
      21.114154815673828,
      26.30768585205078,
      32.64043426513672,
      39.30582809448242,
      39.45212936401367,
      44.118526458740234,
      41.64096450805664,
      47.121498107910156,
      55.19102478027344,
      54.254486083984375,
      41.12843322753906,
      37.78596115112305
    ],
    [
      4.375141620635986,
      5.4904375076293945,
      -0.47733211517333984,
      2.367414712905884,
      10.886540412902832,
      10.169699668884277,
      17.848472595214844,
      19.837087631225586,
      25.47413444519043,
      29.3569393157959,
      31.495603561401367,
      32.942047119140625,
      35.662322998046875,
      35.90584182739258,
      46.38356399536133,
      41.12843322753906,
      37.23930358886719,
      30.125289916992188
    ],
    [
      -2.096625566482544,
      -0.15543371438980103,
      -6.0218915939331055,
      -3.0048933029174805,
      2.3269388675689697,
      4.4016265869140625,
      14.111715316772461,
      18.206323623657227,
      22.932613372802734,
      28.4893798828125,
      27.376310348510742,
      31.66874885559082,
      28.0114803314209,
      33.465396881103516,
      36.125755310058594,
      37.78596115112305,
      30.125289916992188,
      29.441999435424805
    ]
  ],
  "covariance_short": [
    [
      74.3230972290039,
      55.8530387878418,
      29.844120025634766,
      28.065876007080078,
      24.66705894470215,
      22.05194854736328,
      15.505579948425293,
      12.5830078125,
      11.963492393493652,
      9.959551811218262,
      11.662059783935547,
      9.38919734954834,
      7.771884918212891,
      5.698543071746826,
      7.103775501251221,
      2.4425013065338135,
      4.930427551269531,
      -0.7139589786529541
    ],
    [
      55.8530387878418,
      68.47779083251953,
      24.910646438598633,
      24.86885643005371,
      21.32190704345703,
      19.541471481323242,
      13.908930778503418,
      12.160743713378906,
      11.697196006774902,
      10.692517280578613,
      12.710226058959961,
      11.024630546569824,
      9.200593948364258,
      7.52793550491333,
      9.062849044799805,
      4.77561092376709,
      6.271456241607666,
      1.2970908880233765
    ],
    [
      29.844120025634766,
      24.910646438598633,
      43.375038146972656,
      31.592769622802734,
      27.91716957092285,
      21.418941497802734,
      12.549812316894531,
      8.834589958190918,
      5.849113464355469,
      2.7505946159362793,
      7.311062335968018,
      4.092993259429932,
      3.4196090698242188,
      0.505778431892395,
      1.4813783168792725,
      -4.050159454345703,
      -1.1656709909439087,
      -6.304047584533691
    ],
    [
      28.065876007080078,
      24.86885643005371,
      31.592769622802734,
      34.66829299926758,
      24.16332244873047,
      20.717058181762695,
      11.798585891723633,
      9.442026138305664,
      6.771137714385986,
      5.149540901184082,
      8.61338996887207,
      6.2977776527404785,
      5.767027854919434,
      3.002725124359131,
      4.450343608856201,
      -0.9245785474777222,
      1.246999979019165,
      -3.5915989875793457
    ],
    [
      24.66705894470215,
      21.32190704345703,
      27.91716957092285,
      24.16332244873047,
      39.404624938964844,
      26.96044921875,
      18.703763961791992,
      14.186273574829102,
      14.938857078552246,
      11.764264106750488,
      17.097366333007812,
      12.929264068603516,
      17.268817901611328,
      11.266582489013672,
      17.60767936706543,
      8.371810913085938,
      9.903674125671387,
      1.627752661705017
    ],
    [
      22.05194854736328,
      19.541471481323242,
      21.418941497802734,
      20.717058181762695,
      26.96044921875,
      30.659738540649414,
      17.731271743774414,
      15.331741333007812,
      15.644874572753906,
      14.686173439025879,
      16.702234268188477,
      15.109442710876465,
      14.271883964538574,
      12.190495491027832,
      15.211380004882812,
      9.68537712097168,
      9.119905471801758,
      3.6294913291931152
    ],
    [
      15.505579948425293,
      13.908930778503418,
      12.549812316894531,
      11.798585891723633,
      18.703763961791992,
      17.731271743774414,
      33.62785720825195,
      25.38289451599121,
      25.897930145263672,
      24.658735275268555,
      27.814586639404297,
      25.825336456298828,
      25.716365814208984,
      24.91813087463379,
      27.81245231628418,
      23.182186126708984,
      18.42203140258789,
      14.414865493774414
    ],
    [
      12.5830078125,
      12.160743713378906,
      8.834589958190918,
      9.442026138305664,
      14.186273574829102,
      15.331741333007812,
      25.38289451599121,
      31.58907127380371,
      27.14252471923828,
      28.964473724365234,
      29.30377769470215,
      30.39382553100586,
      25.43100929260254,
      28.533323287963867,
      28.114940643310547,
      27.461193084716797,
      19.827905654907227,
      18.211999893188477
    ],
    [
      11.963492393493652,
      11.697196006774902,
      5.849113464355469,
      6.771137714385986,
      14.938857078552246,
      15.644874572753906,
      25.897930145263672,
      27.14252471923828,
      38.67221450805664,
      37.07649612426758,
      35.7913818359375,
      36.71510696411133,
      33.86272430419922,
      36.3019905090332,
      37.73466873168945,
      35.84680938720703,
      26.936683654785156,
      24.220985412597656
    ],
    [
      9.959551811218262,
      10.692517280578613,
      2.7505946159362793,
      5.149540901184082,
      11.764264106750488,
      14.686173439025879,
      24.658735275268555,
      28.964473724365234,
      37.07649612426758,
      44.876075744628906,
      38.590206146240234,
      43.06134796142578,
      34.906856536865234,
      41.454498291015625,
      40.12517547607422,
      41.5248908996582,
      29.661815643310547,
      29.00873565673828
    ],
    [
      11.662059783935547,
      12.710226058959961,
      7.311062335968018,
      8.61338996887207,
      17.097366333007812,
      16.702234268188477,
      27.814586639404297,
      29.30377769470215,
      35.7913818359375,
      38.590206146240234,
      47.4329833984375,
      45.262451171875,
      42.134361267089844,
      43.540584564208984,
      46.43052673339844,
      42.71040725708008,
      32.26308822631836,
      28.203033447265625
    ],
    [
      9.38919734954834,
      11.024630546569824,
      4.092993259429932,
      6.2977776527404785,
      12.929264068603516,
      15.109442710876465,
      25.825336456298828,
      30.39382553100586,
      36.71510696411133,
      43.06134796142578,
      45.262451171875,
      53.5438232421875,
      40.760986328125,
      47.764747619628906,
      46.03404235839844,
      47.103946685791016,
      33.36260986328125,
      32.255714416503906
    ],
    [
      7.771884918212891,
      9.200593948364258,
      3.4196090698242188,
      5.767027854919434,
      17.268817901611328,
      14.271883964538574,
      25.716365814208984,
      25.43100929260254,
      33.86272430419922,
      34.906856536865234,
      42.134361267089844,
      40.760986328125,
      55.39396286010742,
      47.090213775634766,
      58.140316009521484,
      47.49064254760742,
      38.345680236816406,
      30.244985580444336
    ],
    [
      5.698543071746826,
      7.52793550491333,
      0.505778431892395,
      3.002725124359131,
      11.266582489013672,
      12.190495491027832,
      24.91813087463379,
      28.533323287963867,
      36.3019905090332,
      41.454498291015625,
      43.540584564208984,
      47.764747619628906,
      47.090213775634766,
      54.60383224487305,
      53.03785705566406,
      51.53266143798828,
      37.250797271728516,
      34.86124801635742
    ],
    [
      7.103775501251221,
      9.062849044799805,
      1.4813783168792725,
      4.450343608856201,
      17.60767936706543,
      15.211380004882812,
      27.81245231628418,
      28.114940643310547,
      37.73466873168945,
      40.12517547607422,
      46.43052673339844,
      46.03404235839844,
      58.140316009521484,
      53.03785705566406,
      78.19758605957031,
      62.4516716003418,
      50.25400161743164,
      39.178497314453125
    ],
    [
      2.4425013065338135,
      4.77561092376709,
      -4.050159454345703,
      -0.9245785474777222,
      8.371810913085938,
      9.68537712097168,
      23.182186126708984,
      27.461193084716797,
      35.84680938720703,
      41.5248908996582,
      42.71040725708008,
      47.103946685791016,
      47.49064254760742,
      51.53266143798828,
      62.4516716003418,
      59.9515380859375,
      43.306488037109375,
      39.73765182495117
    ],
    [
      4.930427551269531,
      6.271456241607666,
      -1.1656709909439087,
      1.246999979019165,
      9.903674125671387,
      9.119905471801758,
      18.42203140258789,
      19.827905654907227,
      26.936683654785156,
      29.661815643310547,
      32.26308822631836,
      33.36260986328125,
      38.345680236816406,
      37.250797271728516,
      50.25400161743164,
      43.306488037109375,
      38.673728942871094,
      31.093833923339844
    ],
    [
      -0.7139589786529541,
      1.2970908880233765,
      -6.304047584533691,
      -3.5915989875793457,
      1.627752661705017,
      3.6294913291931152,
      14.414865493774414,
      18.211999893188477,
      24.220985412597656,
      29.00873565673828,
      28.203033447265625,
      32.255714416503906,
      30.244985580444336,
      34.86124801635742,
      39.178497314453125,
      39.73765182495117,
      31.093833923339844,
      30.545963287353516
    ]
  ],
  "damage": -10.813770294189453,
  "diff_bandwidth": 732.2718505859375,
  "dissonance": 7.464377492282825,
  "drr": 4.266201972961426,
  "dynamics": 3.942577362060547,
  "format": 1245190,
  "frames": 12158912,
  "loudness": -19.036121368408203,
  "loudness_range": 11.77742862701416,
  "loudness_range_short": 12.655993461608887,
  "lowpass_true_peak_15khz": -0.4397728741168976,
  "mastering3_acoustic_entropies": [
    {
      "acoustic_entropy": 6.318454265594482,
      "acoustic_entropy_mono": 6.184120178222656,
      "band_eliminated_acoustic_entropies": [
        {
          "acoustic_entropy": 6.297629356384277,
          "acoustic_entropy_side": 6.317473411560059,
          "hz": 129.47220167065723
        },
        {
          "acoustic_entropy": 6.318049430847168,
          "acoustic_entropy_side": 6.322597980499268,
          "hz": 202.92927478742237
        },
        {
          "acoustic_entropy": 6.321260929107666,
          "acoustic_entropy_side": 6.344465255737305,
          "hz": 282.89161906338205
        },
        {
          "acoustic_entropy": 6.418392658233643,
          "acoustic_entropy_side": 6.3140153884887695,
          "hz": 369.9353335868758
        },
        {
          "acoustic_entropy": 6.297466278076172,
          "acoustic_entropy_side": 6.342243194580078,
          "hz": 464.6875360973435
        },
        {
          "acoustic_entropy": 6.077553749084473,
          "acoustic_entropy_side": 6.529747486114502,
          "hz": 567.8308811364784
        },
        {
          "acoustic_entropy": 5.853947639465332,
          "acoustic_entropy_side": 6.429558277130127,
          "hz": 680.1084783214808
        },
        {
          "acoustic_entropy": 6.31135368347168,
          "acoustic_entropy_side": 6.402807235717773,
          "hz": 802.3292461747484
        },
        {
          "acoustic_entropy": 5.610888481140137,
          "acoustic_entropy_side": 6.224856376647949,
          "hz": 935.3737400823702
        },
        {
          "acoustic_entropy": 6.176437854766846,
          "acoustic_entropy_side": 6.236339092254639,
          "hz": 1080.2004963696966
        },
        {
          "acoustic_entropy": 5.801712512969971,
          "acoustic_entropy_side": 6.1725969314575195,
          "hz": 1237.8529382007157
        },
        {
          "acoustic_entropy": 6.438601970672607,
          "acoustic_entropy_side": 6.264112949371338,
          "hz": 1409.4668930556702
        },
        {
          "acoustic_entropy": 6.225653171539307,
          "acoustic_entropy_side": 6.181125164031982,
          "hz": 1596.2787759475705
        },
        {
          "acoustic_entropy": 5.954646587371826,
          "acoustic_entropy_side": 6.26309871673584,
          "hz": 1799.6344973346393
        },
        {
          "acoustic_entropy": 6.155699253082275,
          "acoustic_entropy_side": 6.167855739593506,
          "hz": 2020.9991599069049
        },
        {
          "acoustic_entropy": 6.391962051391602,
          "acoustic_entropy_side": 6.3747148513793945,
          "hz": 2261.9676141086993
        },
        {
          "acoustic_entropy": 6.278878688812256,
          "acoustic_entropy_side": 6.181863784790039,
          "hz": 2524.2759484456974
        },
        {
          "acoustic_entropy": 6.202538013458252,
          "acoustic_entropy_side": 6.2445597648620605,
          "hz": 2809.813997359896
        },
        {
          "acoustic_entropy": 6.104005813598633,
          "acoustic_entropy_side": 6.253795146942139,
          "hz": 3120.6389567871424
        },
        {
          "acoustic_entropy": 6.298677921295166,
          "acoustic_entropy_side": 6.323683738708496,
          "hz": 3458.990205492291
        },
        {
          "acoustic_entropy": 6.388659477233887,
          "acoustic_entropy_side": 6.294309616088867,
          "hz": 3827.305438964164
        },
        {
          "acoustic_entropy": 6.316948413848877,
          "acoustic_entropy_side": 6.287766456604004,
          "hz": 4228.238232109126
        },
        {
          "acoustic_entropy": 6.414902687072754,
          "acoustic_entropy_side": 6.320950984954834,
          "hz": 4664.6771572759235
        },
        {
          "acoustic_entropy": 6.462365627288818,
          "acoustic_entropy_side": 6.3295488357543945,
          "hz": 5139.766595350093
        },
        {
          "acoustic_entropy": 6.438017845153809,
          "acoustic_entropy_side": 6.321676254272461,
          "hz": 5656.929389854203
        },
        {
          "acoustic_entropy": 6.455563545227051,
          "acoustic_entropy_side": 6.325299263000488,
          "hz": 6219.891507268283
        },
        {
          "acoustic_entropy": 6.452425479888916,
          "acoustic_entropy_side": 6.32451868057251,
          "hz": 6832.70888123896
        },
        {
          "acoustic_entropy": 6.403303623199463,
          "acoustic_entropy_side": 6.321181297302246,
          "hz": 7499.796634079867
        },
        {
          "acoustic_entropy": 6.368174076080322,
          "acoustic_entropy_side": 6.319542407989502,
          "hz": 8225.96088609342
        },
        {
          "acoustic_entropy": 6.350399017333984,
          "acoustic_entropy_side": 6.319367408752441,
          "hz": 9016.43338188839
        },
        {
          "acoustic_entropy": 6.338278770446777,
          "acoustic_entropy_side": 6.3191094398498535,
          "hz": 9876.909183162974
        },
        {
          "acoustic_entropy": 6.327121257781982,
          "acoustic_entropy_side": 6.318686485290527,
          "hz": 10813.587699516042
        },
        {
          "acoustic_entropy": 6.3215413093566895,
          "acoustic_entropy_side": 6.318592071533203,
          "hz": 11833.21735289826
        },
        {
          "acoustic_entropy": 6.319758415222168,
          "acoustic_entropy_side": 6.3185505867004395,
          "hz": 12943.144197493959
        },
        {
          "acoustic_entropy": 6.31889009475708,
          "acoustic_entropy_side": 6.318500518798828,
          "hz": 14151.364845322005
        },
        {
          "acoustic_entropy": 6.318589210510254,
          "acoustic_entropy_side": 6.318467140197754,
          "hz": 15466.58407886509
        },
        {
          "acoustic_entropy": 6.318503379821777,
          "acoustic_entropy_side": 6.31845760345459,
          "hz": 16898.27756580493
        },
        {
          "acoustic_entropy": 6.318473815917969,
          "acoustic_entropy_side": 6.318455696105957,
          "hz": 18456.760127700032
        },
        {
          "acoustic_entropy": 6.318465709686279,
          "acoustic_entropy_side": 6.318454742431641,
          "hz": 20153.260054456492
        },
        {
          "acoustic_entropy": 6.318459987640381,
          "acoustic_entropy_side": 6.318454265594482,
          "hz": 22000.00000000001
        }
      ],
      "diff_acoustic_entropy": 3.4878101348876953,
      "sn": 6
    },
    {
      "acoustic_entropy": 10.027490615844727,
      "acoustic_entropy_mono": 9.418244361877441,
      "band_eliminated_acoustic_entropies": [
        {
          "acoustic_entropy": 10.032766342163086,
          "acoustic_entropy_side": 10.026082992553711,
          "hz": 129.47220167065723
        },
        {
          "acoustic_entropy": 9.723133087158203,
          "acoustic_entropy_side": 9.839942932128906,
          "hz": 202.92927478742237
        },
        {
          "acoustic_entropy": 10.41773509979248,
          "acoustic_entropy_side": 10.239603996276855,
          "hz": 282.89161906338205
        },
        {
          "acoustic_entropy": 9.814624786376953,
          "acoustic_entropy_side": 10.058259963989258,
          "hz": 369.9353335868758
        },
        {
          "acoustic_entropy": 10.120979309082031,
          "acoustic_entropy_side": 10.020271301269531,
          "hz": 464.6875360973435
        },
        {
          "acoustic_entropy": 9.56171989440918,
          "acoustic_entropy_side": 9.888248443603516,
          "hz": 567.8308811364784
        },
        {
          "acoustic_entropy": 9.698002815246582,
          "acoustic_entropy_side": 9.615015983581543,
          "hz": 680.1084783214808
        },
        {
          "acoustic_entropy": 9.658952713012695,
          "acoustic_entropy_side": 10.240854263305664,
          "hz": 802.3292461747484
        },
        {
          "acoustic_entropy": 9.752163887023926,
          "acoustic_entropy_side": 9.824392318725586,
          "hz": 935.3737400823702
        },
        {
          "acoustic_entropy": 9.863825798034668,
          "acoustic_entropy_side": 9.919818878173828,
          "hz": 1080.2004963696966
        },
        {
          "acoustic_entropy": 8.728466033935547,
          "acoustic_entropy_side": 10.122653007507324,
          "hz": 1237.8529382007157
        },
        {
          "acoustic_entropy": 9.993610382080078,
          "acoustic_entropy_side": 10.238425254821777,
          "hz": 1409.4668930556702
        },
        {
          "acoustic_entropy": 9.963322639465332,
          "acoustic_entropy_side": 9.88475227355957,
          "hz": 1596.2787759475705
        },
        {
          "acoustic_entropy": 9.154915809631348,
          "acoustic_entropy_side": 9.80816650390625,
          "hz": 1799.6344973346393
        },
        {
          "acoustic_entropy": 10.146007537841797,
          "acoustic_entropy_side": 10.372939109802246,
          "hz": 2020.9991599069049
        },
        {
          "acoustic_entropy": 9.673977851867676,
          "acoustic_entropy_side": 9.979247093200684,
          "hz": 2261.9676141086993
        },
        {
          "acoustic_entropy": 10.240415573120117,
          "acoustic_entropy_side": 10.140087127685547,
          "hz": 2524.2759484456974
        },
        {
          "acoustic_entropy": 10.290913581848145,
          "acoustic_entropy_side": 10.10084342956543,
          "hz": 2809.813997359896
        },
        {
          "acoustic_entropy": 9.996540069580078,
          "acoustic_entropy_side": 10.127359390258789,
          "hz": 3120.6389567871424
        },
        {
          "acoustic_entropy": 10.348101615905762,
          "acoustic_entropy_side": 10.261795997619629,
          "hz": 3458.990205492291
        },
        {
          "acoustic_entropy": 10.223862648010254,
          "acoustic_entropy_side": 10.177578926086426,
          "hz": 3827.305438964164
        },
        {
          "acoustic_entropy": 9.631168365478516,
          "acoustic_entropy_side": 9.858909606933594,
          "hz": 4228.238232109126
        },
        {
          "acoustic_entropy": 10.147032737731934,
          "acoustic_entropy_side": 10.079437255859375,
          "hz": 4664.6771572759235
        },
        {
          "acoustic_entropy": 9.929455757141113,
          "acoustic_entropy_side": 10.002495765686035,
          "hz": 5139.766595350093
        },
        {
          "acoustic_entropy": 9.870361328125,
          "acoustic_entropy_side": 9.986133575439453,
          "hz": 5656.929389854203
        },
        {
          "acoustic_entropy": 9.943611145019531,
          "acoustic_entropy_side": 10.007101058959961,
          "hz": 6219.891507268283
        },
        {
          "acoustic_entropy": 9.924593925476074,
          "acoustic_entropy_side": 10.024812698364258,
          "hz": 6832.70888123896
        },
        {
          "acoustic_entropy": 10.061978340148926,
          "acoustic_entropy_side": 10.034906387329102,
          "hz": 7499.796634079867
        },
        {
          "acoustic_entropy": 10.051556587219238,
          "acoustic_entropy_side": 10.032609939575195,
          "hz": 8225.96088609342
        },
        {
          "acoustic_entropy": 10.023929595947266,
          "acoustic_entropy_side": 10.031004905700684,
          "hz": 9016.43338188839
        },
        {
          "acoustic_entropy": 10.044625282287598,
          "acoustic_entropy_side": 10.031216621398926,
          "hz": 9876.909183162974
        },
        {
          "acoustic_entropy": 10.039915084838867,
          "acoustic_entropy_side": 10.02889633178711,
          "hz": 10813.587699516042
        },
        {
          "acoustic_entropy": 10.031303405761719,
          "acoustic_entropy_side": 10.028040885925293,
          "hz": 11833.21735289826
        },
        {
          "acoustic_entropy": 10.03182601928711,
          "acoustic_entropy_side": 10.027761459350586,
          "hz": 12943.144197493959
        },
        {
          "acoustic_entropy": 10.02945327758789,
          "acoustic_entropy_side": 10.027632713317871,
          "hz": 14151.364845322005
        },
        {
          "acoustic_entropy": 10.028493881225586,
          "acoustic_entropy_side": 10.027623176574707,
          "hz": 15466.58407886509
        },
        {
          "acoustic_entropy": 10.028019905090332,
          "acoustic_entropy_side": 10.027544975280762,
          "hz": 16898.27756580493
        },
        {
          "acoustic_entropy": 10.027753829956055,
          "acoustic_entropy_side": 10.027507781982422,
          "hz": 18456.760127700032
        },
        {
          "acoustic_entropy": 10.027667045593262,
          "acoustic_entropy_side": 10.02750015258789,
          "hz": 20153.260054456492
        },
        {
          "acoustic_entropy": 10.027572631835938,
          "acoustic_entropy_side": 10.027493476867676,
          "hz": 22000.00000000001
        }
      ],
      "diff_acoustic_entropy": 6.091728210449219,
      "sn": 12
    },
    {
      "acoustic_entropy": 16.07197380065918,
      "acoustic_entropy_mono": 13.86182689666748,
      "band_eliminated_acoustic_entropies": [
        {
          "acoustic_entropy": 15.20444107055664,
          "acoustic_entropy_side": 15.86059856414795,
          "hz": 129.47220167065723
        },
        {
          "acoustic_entropy": 15.389913558959961,
          "acoustic_entropy_side": 15.977974891662598,
          "hz": 202.92927478742237
        },
        {
          "acoustic_entropy": 15.435660362243652,
          "acoustic_entropy_side": 16.250795364379883,
          "hz": 282.89161906338205
        },
        {
          "acoustic_entropy": 16.412670135498047,
          "acoustic_entropy_side": 16.05974769592285,
          "hz": 369.9353335868758
        },
        {
          "acoustic_entropy": 15.98487377166748,
          "acoustic_entropy_side": 16.443700790405273,
          "hz": 464.6875360973435
        },
        {
          "acoustic_entropy": 14.88167667388916,
          "acoustic_entropy_side": 15.307534217834473,
          "hz": 567.8308811364784
        },
        {
          "acoustic_entropy": 16.237768173217773,
          "acoustic_entropy_side": 15.421818733215332,
          "hz": 680.1084783214808
        },
        {
          "acoustic_entropy": 15.39424991607666,
          "acoustic_entropy_side": 15.58321762084961,
          "hz": 802.3292461747484
        },
        {
          "acoustic_entropy": 15.274720191955566,
          "acoustic_entropy_side": 15.19102954864502,
          "hz": 935.3737400823702
        },
        {
          "acoustic_entropy": 15.879785537719727,
          "acoustic_entropy_side": 16.026369094848633,
          "hz": 1080.2004963696966
        },
        {
          "acoustic_entropy": 15.14657211303711,
          "acoustic_entropy_side": 14.843828201293945,
          "hz": 1237.8529382007157
        },
        {
          "acoustic_entropy": 15.934460639953613,
          "acoustic_entropy_side": 16.293249130249023,
          "hz": 1409.4668930556702
        },
        {
          "acoustic_entropy": 14.893489837646484,
          "acoustic_entropy_side": 14.90394401550293,
          "hz": 1596.2787759475705
        },
        {
          "acoustic_entropy": 15.528462409973145,
          "acoustic_entropy_side": 16.519521713256836,
          "hz": 1799.6344973346393
        },
        {
          "acoustic_entropy": 14.748912811279297,
          "acoustic_entropy_side": 15.656084060668945,
          "hz": 2020.9991599069049
        },
        {
          "acoustic_entropy": 15.354950904846191,
          "acoustic_entropy_side": 15.248156547546387,
          "hz": 2261.9676141086993
        },
        {
          "acoustic_entropy": 15.522135734558105,
          "acoustic_entropy_side": 15.721465110778809,
          "hz": 2524.2759484456974
        },
        {
          "acoustic_entropy": 15.86611270904541,
          "acoustic_entropy_side": 15.937552452087402,
          "hz": 2809.813997359896
        },
        {
          "acoustic_entropy": 15.531871795654297,
          "acoustic_entropy_side": 15.226722717285156,
