{
  "acoustic_entropy": 222.3873748779297,
  "bands": [
    {
      "high_freq": 148.1999969482422,
      "loudness": -27.382600784301758,
      "loudness_range": 13.995340347290039,
      "mid_mean": -25.586875915527344,
      "mid_to_side_loudness": -4.211485385894775,
      "mid_to_side_loudness_range": 9.304819107055664,
      "side_mean": -29.631502151489258
    },
    {
      "high_freq": 392.3793640136719,
      "loudness": -25.29387092590332,
      "loudness_range": 13.587211608886719,
      "low_freq": 148.1999969482422,
      "mid_mean": -23.694744110107422,
      "mid_to_side_loudness": -3.189605236053467,
      "mid_to_side_loudness_range": 7.322611331939697,
      "side_mean": -26.83936882019043
    },
    {
      "high_freq": 794.6976318359375,
      "loudness": -24.297082901000977,
      "loudness_range": 12.110164642333984,
      "low_freq": 392.3793640136719,
      "mid_mean": -22.20401382446289,
      "mid_to_side_loudness": -4.2093095779418945,
      "mid_to_side_loudness_range": 5.954376697540283,
      "side_mean": -26.3895206451416
    },
    {
      "high_freq": 1457.5709228515625,
      "loudness": -23.614559173583984,
      "loudness_range": 11.898178100585938,
      "low_freq": 794.6976318359375,
      "mid_mean": -21.515287399291992,
      "mid_to_side_loudness": -4.390986442565918,
      "mid_to_side_loudness_range": 4.90195369720459,
      "side_mean": -25.79047966003418
    },
    {
      "high_freq": 2549.74365234375,
      "loudness": -24.429231643676758,
      "loudness_range": 12.49954605102539,
      "low_freq": 1457.5709228515625,
      "mid_mean": -22.280330657958984,
      "mid_to_side_loudness": -4.423125267028809,
      "mid_to_side_loudness_range": 3.9523985385894775,
      "side_mean": -26.59844398498535
    },
    {
      "high_freq": 4349.24462890625,
      "loudness": -25.404821395874023,
      "loudness_range": 11.618997573852539,
      "low_freq": 2549.74365234375,
      "mid_mean": -23.428279876708984,
      "mid_to_side_loudness": -3.9458298683166504,
      "mid_to_side_loudness_range": 4.881277084350586,
      "side_mean": -27.154666900634766
    },
    {
      "high_freq": 7314.1640625,
      "loudness": -31.541160583496094,
      "loudness_range": 14.708663940429688,
      "low_freq": 4349.24462890625,
      "mid_mean": -29.59174346923828,
      "mid_to_side_loudness": -3.566132068634033,
      "mid_to_side_loudness_range": 3.8749632835388184,
      "side_mean": -32.96495819091797
    },
    {
      "high_freq": 12199.2666015625,
      "loudness": -40.16635513305664,
      "loudness_range": 18.270530700683594,
      "low_freq": 7314.1640625,
      "mid_mean": -38.03651809692383,
      "mid_to_side_loudness": -4.002443790435791,
      "mid_to_side_loudness_range": 5.354847431182861,
      "side_mean": -42.068634033203125
    },
    {
      "loudness": -51.45978927612305,
      "loudness_range": 17.22952651977539,
      "low_freq": 12199.2666015625,
      "mid_mean": -51.62058639526367,
      "mid_to_side_loudness": -4.307055950164795,
      "mid_to_side_loudness_range": 6.793913841247559,
      "side_mean": -55.28133773803711
    }
  ],
  "bands_short": [
    {
      "high_freq": 148.1999969482422,
      "loudness": -29.888877868652344,
      "loudness_range": 17.33170509338379,
      "mid_mean": -28.359657287597656,
      "mid_to_side_loudness": -4.983920574188232,
      "mid_to_side_loudness_range": 17.15953254699707,
      "side_mean": -33.39588928222656
    },
    {
      "high_freq": 392.3793640136719,
      "loudness": -25.043176651000977,
      "loudness_range": 14.461671829223633,
      "low_freq": 148.1999969482422,
      "mid_mean": -23.50836944580078,
      "mid_to_side_loudness": -3.1203463077545166,
      "mid_to_side_loudness_range": 10.151961326599121,
      "side_mean": -26.468473434448242
    },
    {
      "high_freq": 794.6976318359375,
      "loudness": -24.73491096496582,
      "loudness_range": 12.951608657836914,
      "low_freq": 392.3793640136719,
      "mid_mean": -22.79404640197754,
      "mid_to_side_loudness": -4.146658420562744,
      "mid_to_side_loudness_range": 9.789162635803223,
      "side_mean": -26.983427047729492
    },
    {
      "high_freq": 1457.5709228515625,
      "loudness": -23.72977066040039,
      "loudness_range": 13.056516647338867,
      "low_freq": 794.6976318359375,
      "mid_mean": -21.77950096130371,
      "mid_to_side_loudness": -4.305174350738525,
      "mid_to_side_loudness_range": 9.740897178649902,
      "side_mean": -25.947301864624023
    },
    {
      "high_freq": 2549.74365234375,
      "loudness": -24.697574615478516,
      "loudness_range": 13.27564811706543,
      "low_freq": 1457.5709228515625,
      "mid_mean": -22.602949142456055,
      "mid_to_side_loudness": -4.427997589111328,
      "mid_to_side_loudness_range": 7.2224626541137695,
      "side_mean": -26.918352127075195
    },
    {
      "high_freq": 4349.24462890625,
      "loudness": -25.656265258789062,
      "loudness_range": 12.333564758300781,
      "low_freq": 2549.74365234375,
      "mid_mean": -23.68242835998535,
      "mid_to_side_loudness": -3.9457790851593018,
      "mid_to_side_loudness_range": 6.909902572631836,
      "side_mean": -27.44538688659668
    },
    {
      "high_freq": 7314.1640625,
      "loudness": -31.79928207397461,
      "loudness_range": 16.014902114868164,
      "low_freq": 4349.24462890625,
      "mid_mean": -29.874149322509766,
      "mid_to_side_loudness": -3.5572173595428467,
      "mid_to_side_loudness_range": 5.682711601257324,
      "side_mean": -33.265235900878906
    },
    {
      "high_freq": 12199.2666015625,
      "loudness": -40.79571533203125,
      "loudness_range": 19.517810821533203,
      "low_freq": 7314.1640625,
      "mid_mean": -38.793731689453125,
      "mid_to_side_loudness": -3.8057761192321777,
      "mid_to_side_loudness_range": 6.471671104431152,
      "side_mean": -42.620975494384766
    },
    {
      "loudness": -52.46041488647461,
      "loudness_range": 19.613548278808594,
      "low_freq": 12199.2666015625,
      "mid_mean": -52.78379440307617,
      "mid_to_side_loudness": -3.915217876434326,
      "mid_to_side_loudness_range": 7.379410743713379,
      "side_mean": -56.026611328125
    }
  ],
  "bandwidth": 821.7047729492188,
  "channels": 2,
  "covariance": [
    [
      32.776771545410156,
      30.229576110839844,
      17.963520050048828,
      17.808916091918945,
      11.564996719360352,
      12.363349914550781,
      10.370516777038574,
      8.854758262634277,
      7.599764347076416,
      6.971195220947266,
      7.27355432510376,
      6.880237102508545,
      8.075213432312012,
      6.310681343078613,
      9.405767440795898,
      7.887385845184326,
      17.208467483520508,
      13.493358612060547
    ],
    [
      30.229576110839844,
      39.07771301269531,
      17.583234786987305,
      17.033906936645508,
      13.203109741210938,
      13.933101654052734,
      12.251141548156738,
      10.36569595336914,
      8.845555305480957,
      8.435993194580078,
      9.239309310913086,
      8.30615234375,
      10.142621040344238,
      8.122507095336914,
      11.663990020751953,
      10.159967422485352,
      17.213289260864258,
      13.692092895507812
    ],
    [
      17.963520050048828,
      17.583234786987305,
      42.40486526489258,
      35.35150909423828,
      20.210742950439453,
      23.100465774536133,
      14.916224479675293,
      11.836408615112305,
      9.683052062988281,
      9.346800804138184,
      9.23629379272461,
      10.031404495239258,
      10.013801574707031,
      9.23439884185791,
      6.688404560089111,
      7.951238632202148,
      12.094999313354492,
      10.667266845703125
    ],
    [
      17.808916091918945,
      17.033906936645508,
      35.35150909423828,
      39.74296569824219,
      18.82098388671875,
      21.39044189453125,
      12.593170166015625,
      10.775261878967285,
      8.874214172363281,
      8.774619102478027,
      8.155438423156738,
      8.941215515136719,
      7.776883602142334,
      7.4526824951171875,
      4.710698127746582,
      6.313229560852051,
      13.1191987991333,
      12.483596801757812
    ],
    [
      11.564996719360352,
      13.203109741210938,
      20.210742950439453,
      18.82098388671875,
      23.78557586669922,
      22.866270065307617,
      17.659238815307617,
      15.162707328796387,
      15.401516914367676,
      14.188847541809082,
      12.855609893798828,
      11.561944007873535,
      14.002463340759277,
      12.134486198425293,
      15.358256340026855,
      13.41835880279541,
      17.681358337402344,
      13.37114143371582
    ],
    [
      12.363349914550781,
      13.933101654052734,
      23.100465774536133,
      21.39044189453125,
      22.866270065307617,
      26.434694290161133,
      17.76565933227539,
      14.771900177001953,
      14.758255958557129,
      13.752140045166016,
      12.337721824645996,
      12.2745361328125,
      13.99374008178711,
      12.818258285522461,
      14.493795394897461,
      13.823461532592773,
      18.601810455322266,
      15.5916748046875
    ],
    [
      10.370516777038574,
      12.251141548156738,
      14.916224479675293,
      12.593170166015625,
      17.659238815307617,
      17.76565933227539,
      25.076650619506836,
      21.216793060302734,
      21.78053092956543,
      19.412134170532227,
      18.261560440063477,
      14.175005912780762,
      19.230627059936523,
      15.058286666870117,
      21.396459579467773,
      17.403411865234375,
      23.140737533569336,
      16.20259666442871
    ],
    [
      8.854758262634277,
      10.36569595336914,
      11.836408615112305,
      10.775261878967285,
      15.162707328796387,
      14.771900177001953,
      21.216793060302734,
      21.8286190032959,
      20.988161087036133,
      18.56094741821289,
      17.79953956604004,
      13.670503616333008,
      18.241758346557617,
      14.437394142150879,
      20.417734146118164,
      16.272104263305664,
      21.897354125976562,
      15.214536666870117
    ],
    [
      7.599764347076416,
      8.845555305480957,
      9.683052062988281,
      8.874214172363281,
      15.401516914367676,
      14.758255958557129,
      21.78053092956543,
      20.988161087036133,
      24.51378059387207,
      21.03319549560547,
      19.200334548950195,
      14.270821571350098,
      20.783676147460938,
      16.225421905517578,
      24.40784454345703,
      19.45543098449707,
      24.644899368286133,
      16.47058868408203
    ],
    [
      6.971195220947266,
      8.435993194580078,
      9.346800804138184,
      8.774619102478027,
      14.188847541809082,
      13.752140045166016,
      19.412134170532227,
      18.56094741821289,
      21.03319549560547,
      20.358476638793945,
      17.758474349975586,
      13.247861862182617,
      18.324031829833984,
      14.2262544631958,
      20.80372428894043,
      16.806047439575195,
      21.314538955688477,
      14.678361892700195
    ],
    [
      7.27355432510376,
      9.239309310913086,
      9.23629379272461,
      8.155438423156738,
      12.855609893798828,
      12.337721824645996,
      18.261560440063477,
      17.79953956604004,
      19.200334548950195,
      17.758474349975586,
      21.553794860839844,
      16.888687133789062,
      23.014331817626953,
      18.824234008789062,
      25.541637420654297,
      21.454824447631836,
      23.34835433959961,
      16.406150817871094
    ],
    [
      6.880237102508545,
      8.30615234375,
      10.031404495239258,
      8.941215515136719,
      11.561944007873535,
      12.2745361328125,
      14.175005912780762,
      13.670503616333008,
      14.270821571350098,
      13.247861862182617,
      16.888687133789062,
      17.151187896728516,
      20.260263442993164,
      18.080795288085938,
      21.64916229248047,
      19.536609649658203,
      19.925809860229492,
      15.593962669372559
    ],
    [
      8.075213432312012,
      10.142621040344238,
      10.013801574707031,
      7.776883602142334,
      14.002463340759277,
      13.99374008178711,
      19.230627059936523,
      18.241758346557617,
      20.783676147460938,
      18.324031829833984,
      23.014331817626953,
      20.260263442993164,
      32.17369079589844,
      26.888145446777344,
      34.67138671875,
      30.185871124267578,
      28.192228317260742,
      20.004135131835938
    ],
    [
      6.310681343078613,
      8.122507095336914,
      9.23439884185791,
      7.4526824951171875,
      12.134486198425293,
      12.818258285522461,
      15.058286666870117,
      14.437394142150879,
      16.225421905517578,
      14.2262544631958,
      18.824234008789062,
      18.080795288085938,
      26.888145446777344,
      25.232070922851562,
      30.394371032714844,
      27.202945709228516,
      23.374021530151367,
      17.44510269165039
    ],
    [
      9.405767440795898,
      11.663990020751953,
      6.688404560089111,
      4.710698127746582,
      15.358256340026855,
      14.493795394897461,
      21.396459579467773,
      20.417734146118164,
      24.40784454345703,
      20.80372428894043,
      25.541637420654297,
      21.64916229248047,
      34.67138671875,
      30.394371032714844,
      46.19536209106445,
      38.10210037231445,
      36.215816497802734,
      23.821306228637695
    ],
    [
      7.887385845184326,
      10.159967422485352,
      7.951238632202148,
      6.313229560852051,
      13.41835880279541,
      13.823461532592773,
      17.403411865234375,
      16.272104263305664,
      19.45543098449707,
      16.806047439575195,
      21.454824447631836,
      19.536609649658203,
      30.185871124267578,
      27.202945709228516,
      38.10210037231445,
      33.61733627319336,
      30.378252029418945,
      22.04786491394043
    ],
    [
      17.208467483520508,
      17.213289260864258,
      12.094999313354492,
      13.1191987991333,
      17.681358337402344,
      18.601810455322266,
      23.140737533569336,
      21.897354125976562,
      24.644899368286133,
      21.314538955688477,
      23.34835433959961,
      19.925809860229492,
      28.192228317260742,
      23.374021530151367,
      36.215816497802734,
      30.378252029418945,
      78.51734161376953,
      60.681583404541016
    ],
    [
      13.493358612060547,
      13.692092895507812,
      10.667266845703125,
      12.483596801757812,
      13.37114143371582,
      15.5916748046875,
      16.20259666442871,
      15.214536666870117,
      16.47058868408203,
      14.678361892700195,
      16.406150817871094,
      15.593962669372559,
      20.004135131835938,
      17.44510269165039,
      23.821306228637695,
      22.04786491394043,
      60.681583404541016,
      50.22233200073242
    ]
  ],
  "covariance_short": [
    [
      46.968849182128906,
      32.74594497680664,
      16.56097984313965,
      17.02692222595215,
      11.489236831665039,
      13.432380676269531,
      10.663101196289062,
      8.963724136352539,
      6.722649574279785,
      6.895076274871826,
      6.772636413574219,
      6.497716426849365,
      7.957533836364746,
      6.043704986572266,
      9.321418762207031,
      7.63335657119751,
      16.049650192260742,
      13.214553833007812
    ],
    [
      32.74594497680664,
      59.55144119262695,
      17.338939666748047,
      19.205890655517578,
      13.762173652648926,
      14.824055671691895,
      14.556014060974121,
      12.293998718261719,
      9.888869285583496,
      9.934599876403809,
      10.115429878234863,
      8.69929027557373,
      11.052970886230469,
      8.634198188781738,
      12.943543434143066,
      11.090170860290527,
      18.64375114440918,
      15.126823425292969
    ],
    [
      16.56097984313965,
      17.338939666748047,
      47.20698928833008,
      34.89470672607422,
      20.033878326416016,
      24.252967834472656,
      16.193344116210938,
      12.75665283203125,
      10.647366523742676,
      10.295341491699219,
      9.987157821655273,
      10.414588928222656,
      11.6179838180542,
      10.596808433532715,
      9.338944435119629,
      9.723126411437988,
      15.702838897705078,
      13.879278182983398
    ],
    [
      17.02692222595215,
      19.205890655517578,
      34.89470672607422,
      39.565879821777344,
      19.107088088989258,
      22.31956672668457,
      14.376825332641602,
      11.496722221374512,
      10.019640922546387,
      9.873467445373535,
      9.010879516601562,
      9.245997428894043,
      9.861846923828125,
      8.808900833129883,
      8.1474027633667,
      8.836712837219238,
      15.864283561706543,
      14.542003631591797
    ],
    [
      11.489236831665039,
      13.762173652648926,
      20.033878326416016,
      19.107088088989258,
      27.74622344970703,
      22.845264434814453,
      19.222015380859375,
      16.71158218383789,
      16.30630874633789,
      15.233353614807129,
      13.366037368774414,
      11.637639999389648,
      14.681357383728027,
      12.627514839172363,
      16.432634353637695,
      14.225255012512207,
      18.312620162963867,
      14.276466369628906
    ],
    [
      13.432380676269531,
      14.824055671691895,
      24.252967834472656,
      22.31956672668457,
      22.845264434814453,
      31.794984817504883,
      19.369029998779297,
      16.53822135925293,
      15.558371543884277,
      15.145563125610352,
      13.443129539489746,
      13.09657096862793,
      15.61152458190918,
      13.906907081604004,
      16.913314819335938,
      15.832320213317871,
      21.770862579345703,
      18.56978988647461
    ],
    [
      10.663101196289062,
      14.556014060974121,
      16.193344116210938,
      14.376825332641602,
      19.222015380859375,
      19.369029998779297,
      29.96978187561035,
      21.609407424926758,
      22.241172790527344,
      20.08566665649414,
      18.212400436401367,
      14.826040267944336,
      20.182668685913086,
      16.616416931152344,
      23.71137046813965,
      19.240785598754883,
      22.856698989868164,
      16.127071380615234
    ],
    [
      8.963724136352539,
      12.293998718261719,
      12.75665283203125,
      11.496722221374512,
      16.71158218383789,
      16.53822135925293,
      21.609407424926758,
      25.59624671936035,
      21.312013626098633,
      19.102453231811523,
      17.619239807128906,
      14.258697509765625,
      19.274402618408203,
      16.192903518676758,
      23.155662536621094,
      18.6500301361084,
      22.465476989746094,
      15.875962257385254
    ],
    [
      6.722649574279785,
      9.888869285583496,
      10.647366523742676,
      10.019640922546387,
      16.30630874633789,
      15.558371543884277,
      22.241172790527344,
      21.312013626098633,
      27.598613739013672,
      21.924705505371094,
      19.446943283081055,
      15.294479370117188,
      21.939847946166992,
      18.253459930419922,
      27.50421142578125,
      21.866222381591797,
      25.339689254760742,
      17.151220321655273
    ],
    [
      6.895076274871826,
      9.934599876403809,
      10.295341491699219,
      9.873467445373535,
      15.233353614807129,
      15.145563125610352,
      20.08566665649414,
      19.102453231811523,
      21.924705505371094,
      23.724441528320312,
      18.001155853271484,
      14.403721809387207,
      19.738801956176758,
      16.404155731201172,
      23.99134063720703,
      19.45167350769043,
      22.46891975402832,
      15.781002044677734
    ],
    [
      6.772636413574219,
      10.115429878234863,
      9.987157821655273,
      9.010879516601562,
      13.366037368774414,
      13.443129539489746,
      18.212400436401367,
      17.619239807128906,
      19.446943283081055,
      18.001155853271484,
      23.691518783569336,
      18.20978546142578,
      24.79865074157715,
      21.2233829498291,
      29.116235733032227,
      24.397850036621094,
      25.02759552001953,
      17.95170021057129
    ],
    [
      6.497716426849365,
      8.69929027557373,
      10.414588928222656,
      9.245997428894043,
      11.637639999389648,
      13.09657096862793,
      14.826040267944336,
      14.258697509765625,
      15.294479370117188,
      14.403721809387207,
      18.20978546142578,
      19.870046615600586,
      23.127017974853516,
      20.601083755493164,
      25.32746696472168,
      22.736059188842773,
      22.732563018798828,
      18.084686279296875
    ],
    [
      7.957533836364746,
      11.052970886230469,
      11.6179838180542,
      9.861846923828125,
      14.681357383728027,
      15.61152458190918,
      20.182668685913086,
      19.274402618408203,
      21.939847946166992,
      19.738801956176758,
      24.79865074157715,
      23.127017974853516,
      36.00130081176758,
      30.447925567626953,
      39.7739143371582,
      34.551090240478516,
      31.77203369140625,
      22.956180572509766
    ],
    [
      6.043704986572266,
      8.634198188781738,
      10.596808433532715,
      8.808900833129883,
      12.627514839172363,
      13.906907081604004,
      16.616416931152344,
      16.192903518676758,
      18.253459930419922,
      16.404155731201172,
      21.2233829498291,
      20.601083755493164,
      30.447925567626953,
      29.88521957397461,
      35.34354019165039,
      31.53302764892578,
      27.753522872924805,
      21.108963012695312
    ],
    [
      9.321418762207031,
      12.943543434143066,
      9.338944435119629,
      8.1474027633667,
      16.432634353637695,
      16.913314819335938,
      23.71137046813965,
      23.155662536621094,
      27.50421142578125,
      23.99134063720703,
      29.116235733032227,
      25.32746696472168,
      39.7739143371582,
      35.34354019165039,
      54.364662170410156,
      44.62360763549805,
      42.669517517089844,
      29.380155563354492
    ],
    [
      7.63335657119751,
      11.090170860290527,
      9.723126411437988,
      8.836712837219238,
      14.225255012512207,
      15.832320213317871,
      19.240785598754883,
      18.6500301361084,
      21.866222381591797,
      19.45167350769043,
      24.397850036621094,
      22.736059188842773,
      34.551090240478516,
      31.53302764892578,
      44.62360763549805,
      40.53384017944336,
      36.78931427001953,
      27.677711486816406
    ],
    [
      16.049650192260742,
      18.64375114440918,
      15.702838897705078,
      15.864283561706543,
      18.312620162963867,
      21.770862579345703,
      22.856698989868164,
      22.465476989746094,
      25.339689254760742,
      22.46891975402832,
      25.02759552001953,
      22.732563018798828,
      31.77203369140625,
      27.753522872924805,
      42.669517517089844,
      36.78931427001953,
      81.36785125732422,
      64.41575622558594
    ],
    [
      13.214553833007812,
      15.126823425292969,
      13.879278182983398,
      14.542003631591797,
      14.276466369628906,
      18.56978988647461,
      16.127071380615234,
      15.875962257385254,
      17.151220321655273,
      15.781002044677734,
      17.95170021057129,
      18.084686279296875,
      22.956180572509766,
      21.108963012695312,
      29.380155563354492,
      27.677711486816406,
      64.41575622558594,
      54.95988464355469
    ]
  ],
  "damage": -10.126006126403809,
  "diff_bandwidth": 854.7990112304688,
  "dissonance": 8.170273761618947,
  "drr": 9.882244110107422,
  "dynamics": 3.4582321643829346,
  "format": 1245190,
  "frames": 2028480,
  "loudness": -13.132735252380371,
  "loudness_range": 9.0364351272583,
  "loudness_range_short": 10.129141807556152,
  "lowpass_true_peak_15khz": 0.3607844412326813,
  "mastering3_acoustic_entropies": [
    {
      "acoustic_entropy": 5.0769805908203125,
      "acoustic_entropy_mono": 5.738813877105713,
      "band_eliminated_acoustic_entropies": [
        {
          "acoustic_entropy": 5.091174602508545,
          "acoustic_entropy_side": 5.079153537750244,
          "hz": 129.47220167065723
        },
        {
          "acoustic_entropy": 5.204867362976074,
          "acoustic_entropy_side": 5.143552303314209,
          "hz": 202.92927478742237
        },
        {
          "acoustic_entropy": 5.139194488525391,
          "acoustic_entropy_side": 5.100220203399658,
          "hz": 282.89161906338205
        },
        {
          "acoustic_entropy": 4.980105400085449,
          "acoustic_entropy_side": 5.050594329833984,
          "hz": 369.9353335868758
        },
        {
          "acoustic_entropy": 5.167774677276611,
          "acoustic_entropy_side": 5.212510585784912,
          "hz": 464.6875360973435
        },
        {
          "acoustic_entropy": 4.691831588745117,
          "acoustic_entropy_side": 5.133782863616943,
          "hz": 567.8308811364784
        },
        {
          "acoustic_entropy": 4.950182914733887,
          "acoustic_entropy_side": 5.030243396759033,
          "hz": 680.1084783214808
        },
        {
          "acoustic_entropy": 5.27819299697876,
          "acoustic_entropy_side": 5.0660905838012695,
          "hz": 802.3292461747484
        },
        {
          "acoustic_entropy": 5.101831436157227,
          "acoustic_entropy_side": 5.374643325805664,
          "hz": 935.3737400823702
        },
        {
          "acoustic_entropy": 4.529013156890869,
          "acoustic_entropy_side": 4.93772554397583,
          "hz": 1080.2004963696966
        },
        {
          "acoustic_entropy": 4.944581031799316,
          "acoustic_entropy_side": 5.231043815612793,
          "hz": 1237.8529382007157
        },
        {
          "acoustic_entropy": 4.812422275543213,
          "acoustic_entropy_side": 5.149712562561035,
          "hz": 1409.4668930556702
        },
        {
          "acoustic_entropy": 5.004077434539795,
          "acoustic_entropy_side": 4.9810075759887695,
          "hz": 1596.2787759475705
        },
        {
          "acoustic_entropy": 5.372766971588135,
          "acoustic_entropy_side": 5.16315221786499,
          "hz": 1799.6344973346393
        },
        {
          "acoustic_entropy": 5.3666605949401855,
          "acoustic_entropy_side": 5.409140586853027,
          "hz": 2020.9991599069049
        },
        {
          "acoustic_entropy": 4.804490566253662,
          "acoustic_entropy_side": 5.105739593505859,
          "hz": 2261.9676141086993
        },
        {
          "acoustic_entropy": 5.422492980957031,
          "acoustic_entropy_side": 5.217653751373291,
          "hz": 2524.2759484456974
        },
        {
          "acoustic_entropy": 5.24268913269043,
          "acoustic_entropy_side": 5.081348896026611,
          "hz": 2809.813997359896
        },
        {
          "acoustic_entropy": 4.949800491333008,
          "acoustic_entropy_side": 5.217735767364502,
          "hz": 3120.6389567871424
        },
        {
          "acoustic_entropy": 5.066436767578125,
          "acoustic_entropy_side": 5.082170009613037,
          "hz": 3458.990205492291
        },
        {
          "acoustic_entropy": 5.189945697784424,
          "acoustic_entropy_side": 5.1108832359313965,
          "hz": 3827.305438964164
        },
        {
          "acoustic_entropy": 5.181662082672119,
          "acoustic_entropy_side": 5.1514153480529785,
          "hz": 4228.238232109126
        },
        {
          "acoustic_entropy": 5.151693344116211,
          "acoustic_entropy_side": 5.098412990570068,
          "hz": 4664.6771572759235
        },
        {
          "acoustic_entropy": 5.17771577835083,
          "acoustic_entropy_side": 5.092633247375488,
          "hz": 5139.766595350093
        },
        {
          "acoustic_entropy": 4.959954738616943,
          "acoustic_entropy_side": 5.069572448730469,
          "hz": 5656.929389854203
        },
        {
          "acoustic_entropy": 5.104748249053955,
          "acoustic_entropy_side": 5.0994720458984375,
          "hz": 6219.891507268283
        },
        {
          "acoustic_entropy": 5.154022693634033,
          "acoustic_entropy_side": 5.0910210609436035,
          "hz": 6832.70888123896
        },
        {
          "acoustic_entropy": 5.308658123016357,
          "acoustic_entropy_side": 5.131020545959473,
          "hz": 7499.796634079867
        },
        {
          "acoustic_entropy": 5.146625518798828,
          "acoustic_entropy_side": 5.129452705383301,
          "hz": 8225.96088609342
        },
        {
          "acoustic_entropy": 5.217925071716309,
          "acoustic_entropy_side": 5.107703685760498,
          "hz": 9016.43338188839
        },
        {
          "acoustic_entropy": 5.14131498336792,
          "acoustic_entropy_side": 5.084057807922363,
          "hz": 9876.909183162974
        },
        {
          "acoustic_entropy": 5.111690521240234,
          "acoustic_entropy_side": 5.079410076141357,
          "hz": 10813.587699516042
        },
        {
          "acoustic_entropy": 5.098495960235596,
          "acoustic_entropy_side": 5.077831268310547,
          "hz": 11833.21735289826
        },
        {
          "acoustic_entropy": 5.0935893058776855,
          "acoustic_entropy_side": 5.077599048614502,
          "hz": 12943.144197493959
        },
        {
          "acoustic_entropy": 5.087119102478027,
          "acoustic_entropy_side": 5.077404022216797,
          "hz": 14151.364845322005
        },
        {
          "acoustic_entropy": 5.085545063018799,
          "acoustic_entropy_side": 5.077227592468262,
          "hz": 15466.58407886509
        },
        {
          "acoustic_entropy": 5.083155155181885,
          "acoustic_entropy_side": 5.07701301574707,
          "hz": 16898.27756580493
        },
        {
          "acoustic_entropy": 5.079768180847168,
          "acoustic_entropy_side": 5.076984405517578,
          "hz": 18456.760127700032
        },
        {
          "acoustic_entropy": 5.077782154083252,
          "acoustic_entropy_side": 5.076985836029053,
          "hz": 20153.260054456492
        },
        {
          "acoustic_entropy": 5.077094554901123,
          "acoustic_entropy_side": 5.076982498168945,
          "hz": 22000.00000000001
        }
      ],
      "diff_acoustic_entropy": 1.7906663417816162,
      "sn": 6
    },
    {
      "acoustic_entropy": 8.711423873901367,
      "acoustic_entropy_mono": 8.8179349899292,
      "band_eliminated_acoustic_entropies": [
        {
          "acoustic_entropy": 8.704313278198242,
          "acoustic_entropy_side": 8.708671569824219,
          "hz": 129.47220167065723
        },
        {
          "acoustic_entropy": 9.041190147399902,
          "acoustic_entropy_side": 8.893597602844238,
          "hz": 202.92927478742237
        },
        {
          "acoustic_entropy": 8.69174575805664,
          "acoustic_entropy_side": 8.600533485412598,
          "hz": 282.89161906338205
        },
        {
          "acoustic_entropy": 8.428022384643555,
          "acoustic_entropy_side": 8.655017852783203,
          "hz": 369.9353335868758
        },
        {
          "acoustic_entropy": 9.0808687210083,
          "acoustic_entropy_side": 8.868311882019043,
          "hz": 464.6875360973435
        },
        {
          "acoustic_entropy": 8.48803997039795,
          "acoustic_entropy_side": 8.635380744934082,
          "hz": 567.8308811364784
        },
        {
          "acoustic_entropy": 8.58671760559082,
          "acoustic_entropy_side": 8.637507438659668,
          "hz": 680.1084783214808
        },
        {
          "acoustic_entropy": 8.763258934020996,
          "acoustic_entropy_side": 8.705615997314453,
          "hz": 802.3292461747484
        },
        {
          "acoustic_entropy": 8.91079044342041,
          "acoustic_entropy_side": 8.97709846496582,
          "hz": 935.3737400823702
        },
        {
          "acoustic_entropy": 8.545304298400879,
          "acoustic_entropy_side": 8.487141609191895,
          "hz": 1080.2004963696966
        },
        {
          "acoustic_entropy": 8.689536094665527,
          "acoustic_entropy_side": 8.777923583984375,
          "hz": 1237.8529382007157
        },
        {
          "acoustic_entropy": 8.907820701599121,
          "acoustic_entropy_side": 8.59047794342041,
          "hz": 1409.4668930556702
        },
        {
          "acoustic_entropy": 8.27765941619873,
          "acoustic_entropy_side": 8.840096473693848,
          "hz": 1596.2787759475705
        },
        {
          "acoustic_entropy": 8.785344123840332,
          "acoustic_entropy_side": 8.785669326782227,
          "hz": 1799.6344973346393
        },
        {
          "acoustic_entropy": 8.715506553649902,
          "acoustic_entropy_side": 8.626016616821289,
          "hz": 2020.9991599069049
        },
        {
          "acoustic_entropy": 7.916951656341553,
          "acoustic_entropy_side": 8.773694038391113,
          "hz": 2261.9676141086993
        },
        {
          "acoustic_entropy": 9.055660247802734,
          "acoustic_entropy_side": 8.857109069824219,
          "hz": 2524.2759484456974
        },
        {
          "acoustic_entropy": 8.549494743347168,
          "acoustic_entropy_side": 8.587594985961914,
          "hz": 2809.813997359896
        },
        {
          "acoustic_entropy": 8.413548469543457,
          "acoustic_entropy_side": 8.653631210327148,
          "hz": 3120.6389567871424
        },
        {
          "acoustic_entropy": 8.813841819763184,
          "acoustic_entropy_side": 8.73303508758545,
          "hz": 3458.990205492291
        },
        {
          "acoustic_entropy": 8.399556159973145,
          "acoustic_entropy_side": 8.604717254638672,
          "hz": 3827.305438964164
        },
        {
          "acoustic_entropy": 8.435675621032715,
          "acoustic_entropy_side": 8.482124328613281,
          "hz": 4228.238232109126
        },
        {
          "acoustic_entropy": 8.81614875793457,
          "acoustic_entropy_side": 8.8682861328125,
          "hz": 4664.6771572759235
        },
        {
          "acoustic_entropy": 8.693769454956055,
          "acoustic_entropy_side": 8.721424102783203,
          "hz": 5139.766595350093
        },
        {
          "acoustic_entropy": 8.653144836425781,
          "acoustic_entropy_side": 8.686820983886719,
          "hz": 5656.929389854203
        },
        {
          "acoustic_entropy": 8.871438980102539,
          "acoustic_entropy_side": 8.8246488571167,
          "hz": 6219.891507268283
        },
        {
          "acoustic_entropy": 8.698938369750977,
          "acoustic_entropy_side": 8.737262725830078,
          "hz": 6832.70888123896
        },
        {
          "acoustic_entropy": 8.766530990600586,
          "acoustic_entropy_side": 8.747323036193848,
          "hz": 7499.796634079867
        },
        {
          "acoustic_entropy": 8.76272964477539,
          "acoustic_entropy_side": 8.729055404663086,
          "hz": 8225.96088609342
        },
        {
          "acoustic_entropy": 8.749364852905273,
          "acoustic_entropy_side": 8.742347717285156,
          "hz": 9016.43338188839
        },
        {
          "acoustic_entropy": 8.73798656463623,
          "acoustic_entropy_side": 8.720699310302734,
          "hz": 9876.909183162974
        },
        {
          "acoustic_entropy": 8.686405181884766,
          "acoustic_entropy_side": 8.708307266235352,
          "hz": 10813.587699516042
        },
        {
          "acoustic_entropy": 8.677717208862305,
          "acoustic_entropy_side": 8.707254409790039,
          "hz": 11833.21735289826
        },
        {
          "acoustic_entropy": 8.687061309814453,
          "acoustic_entropy_side": 8.706042289733887,
          "hz": 12943.144197493959
        },
        {
          "acoustic_entropy": 8.697799682617188,
          "acoustic_entropy_side": 8.707571983337402,
          "hz": 14151.364845322005
        },
        {
          "acoustic_entropy": 8.68699836730957,
          "acoustic_entropy_side": 8.708171844482422,
          "hz": 15466.58407886509
        },
        {
          "acoustic_entropy": 8.699118614196777,
          "acoustic_entropy_side": 8.710776329040527,
          "hz": 16898.27756580493
        },
        {
          "acoustic_entropy": 8.706548690795898,
          "acoustic_entropy_side": 8.711166381835938,
          "hz": 18456.760127700032
        },
        {
          "acoustic_entropy": 8.709752082824707,
          "acoustic_entropy_side": 8.711323738098145,
          "hz": 20153.260054456492
        },
        {
          "acoustic_entropy": 8.711176872253418,
          "acoustic_entropy_side": 8.711416244506836,
          "hz": 22000.00000000001
        }
      ],
      "diff_acoustic_entropy": 4.332624912261963,
      "sn": 12
    },
    {
      "acoustic_entropy": 13.303069114685059,
      "acoustic_entropy_mono": 12.869929313659668,
      "band_eliminated_acoustic_entropies": [
        {
          "acoustic_entropy": 13.549784660339355,
          "acoustic_entropy_side": 13.410346031188965,
          "hz": 129.47220167065723
        },
        {
          "acoustic_entropy": 13.538935661315918,
          "acoustic_entropy_side": 13.33341121673584,
          "hz": 202.92927478742237
        },
        {
          "acoustic_entropy": 13.404322624206543,
          "acoustic_entropy_side": 13.031185150146484,
          "hz": 282.89161906338205
        },
        {
          "acoustic_entropy": 13.109832763671875,
          "acoustic_entropy_side": 13.252869606018066,
          "hz": 369.9353335868758
        },
        {
          "acoustic_entropy": 13.423782348632812,
          "acoustic_entropy_side": 13.188946723937988,
          "hz": 464.6875360973435
        },
        {
          "acoustic_entropy": 13.567914009094238,
          "acoustic_entropy_side": 13.097417831420898,
          "hz": 567.8308811364784
        },
        {
          "acoustic_entropy": 13.610130310058594,
          "acoustic_entropy_side": 13.451506614685059,
          "hz": 680.1084783214808
        },
        {
          "acoustic_entropy": 13.683938026428223,
          "acoustic_entropy_side": 13.21125316619873,
          "hz": 802.3292461747484
        },
        {
          "acoustic_entropy": 13.46724796295166,
          "acoustic_entropy_side": 13.847603797912598,
          "hz": 935.3737400823702
        },
        {
          "acoustic_entropy": 14.207701683044434,
          "acoustic_entropy_side": 13.926009178161621,
          "hz": 1080.2004963696966
        },
        {
          "acoustic_entropy": 13.58354663848877,
          "acoustic_entropy_side": 13.72325611114502,
          "hz": 1237.8529382007157
        },
        {
          "acoustic_entropy": 14.193288803100586,
          "acoustic_entropy_side": 14.291752815246582,
          "hz": 1409.4668930556702
        },
        {
          "acoustic_entropy": 13.9985933303833,
          "acoustic_entropy_side": 14.367202758789062,
          "hz": 1596.2787759475705
        },
        {
          "acoustic_entropy": 13.36011028289795,
          "acoustic_entropy_side": 13.698038101196289,
          "hz": 1799.6344973346393
        },
        {
          "acoustic_entropy": 14.341075897216797,
          "acoustic_entropy_side": 14.100500106811523,
          "hz": 2020.9991599069049
        },
        {
          "acoustic_entropy": 13.255585670471191,
          "acoustic_entropy_side": 13.38931941986084,
          "hz": 2261.9676141086993
        },
        {
          "acoustic_entropy": 13.993204116821289,
          "acoustic_entropy_side": 13.69105339050293,
          "hz": 2524.2759484456974
        },
        {
          "acoustic_entropy": 13.636368751525879,
          "acoustic_entropy_side": 12.877012252807617,
          "hz": 2809.813997359896
        },
        {
          "acoustic_entropy": 13.59900951385498,
