{
  "acoustic_entropy": 209.08096313476562,
  "bands": [
    {
      "high_freq": 148.1999969482422,
      "loudness": -20.131498336791992,
      "loudness_range": 7.369782447814941,
      "mid_mean": -16.612213134765625,
      "mid_to_side_loudness": -19.438753128051758,
      "mid_to_side_loudness_range": 20.284149169921875,
      "side_mean": -37.14323043823242
    },
    {
      "high_freq": 392.3793640136719,
      "loudness": -19.37993621826172,
      "loudness_range": 6.68763542175293,
      "low_freq": 148.1999969482422,
      "mid_mean": -16.200334548950195,
      "mid_to_side_loudness": -10.11082935333252,
      "mid_to_side_loudness_range": 10.821905136108398,
      "side_mean": -26.82782554626465
    },
    {
      "high_freq": 794.6976318359375,
      "loudness": -21.790769577026367,
      "loudness_range": 13.283573150634766,
      "low_freq": 392.3793640136719,
      "mid_mean": -18.66232681274414,
      "mid_to_side_loudness": -9.882102966308594,
      "mid_to_side_loudness_range": 12.085509300231934,
      "side_mean": -29.07862091064453
    },
    {
      "high_freq": 1457.5709228515625,
      "loudness": -24.568273544311523,
      "loudness_range": 16.334205627441406,
      "low_freq": 794.6976318359375,
      "mid_mean": -21.52003288269043,
      "mid_to_side_loudness": -8.805929183959961,
      "mid_to_side_loudness_range": 11.502793312072754,
      "side_mean": -30.494670867919922
    },
    {
      "high_freq": 2549.74365234375,
      "loudness": -21.547977447509766,
      "loudness_range": 13.66440200805664,
      "low_freq": 1457.5709228515625,
      "mid_mean": -18.764381408691406,
      "mid_to_side_loudness": -7.645316123962402,
      "mid_to_side_loudness_range": 10.967429161071777,
      "side_mean": -26.481924057006836
    },
    {
      "high_freq": 4349.24462890625,
      "loudness": -20.274263381958008,
      "loudness_range": 11.145337104797363,
      "low_freq": 2549.74365234375,
      "mid_mean": -17.76671600341797,
      "mid_to_side_loudness": -6.0935258865356445,
      "mid_to_side_loudness_range": 9.359131813049316,
      "side_mean": -23.86621856689453
    },
    {
      "high_freq": 7314.1640625,
      "loudness": -21.51740264892578,
      "loudness_range": 10.438957214355469,
      "low_freq": 4349.24462890625,
      "mid_mean": -18.653318405151367,
      "mid_to_side_loudness": -8.216209411621094,
      "mid_to_side_loudness_range": 9.932360649108887,
      "side_mean": -26.841590881347656
    },
    {
      "high_freq": 12199.2666015625,
      "loudness": -25.33463478088379,
      "loudness_range": 10.154722213745117,
      "low_freq": 7314.1640625,
      "mid_mean": -22.694812774658203,
      "mid_to_side_loudness": -7.237375259399414,
      "mid_to_side_loudness_range": 14.496709823608398,
      "side_mean": -29.94757080078125
    },
    {
      "loudness": -31.474651336669922,
      "loudness_range": 10.402044296264648,
      "low_freq": 12199.2666015625,
      "mid_mean": -28.72957992553711,
      "mid_to_side_loudness": -7.587237358093262,
      "mid_to_side_loudness_range": 14.08146858215332,
      "side_mean": -36.29859924316406
    }
  ],
  "bands_short": [
    {
      "high_freq": 148.1999969482422,
      "loudness": -23.686847686767578,
      "loudness_range": 15.491209983825684,
      "mid_mean": -20.190933227539062,
      "mid_to_side_loudness": -20.6612606048584,
      "mid_to_side_loudness_range": 25.16461944580078,
      "side_mean": -42.388671875
    },
    {
      "high_freq": 392.3793640136719,
      "loudness": -18.666391372680664,
      "loudness_range": 7.353690147399902,
      "low_freq": 148.1999969482422,
      "mid_mean": -15.514338493347168,
      "mid_to_side_loudness": -10.720649719238281,
      "mid_to_side_loudness_range": 13.680752754211426,
      "side_mean": -26.63561248779297
    },
    {
      "high_freq": 794.6976318359375,
      "loudness": -22.7778377532959,
      "loudness_range": 15.872714042663574,
      "low_freq": 392.3793640136719,
      "mid_mean": -19.872356414794922,
      "mid_to_side_loudness": -9.096327781677246,
      "mid_to_side_loudness_range": 16.274744033813477,
      "side_mean": -29.436107635498047
    },
    {
      "high_freq": 1457.5709228515625,
      "loudness": -25.433012008666992,
      "loudness_range": 18.455257415771484,
      "low_freq": 794.6976318359375,
      "mid_mean": -22.640731811523438,
      "mid_to_side_loudness": -7.968245029449463,
      "mid_to_side_loudness_range": 13.806968688964844,
      "side_mean": -30.828561782836914
    },
    {
      "high_freq": 2549.74365234375,
      "loudness": -22.473045349121094,
      "loudness_range": 16.70357894897461,
      "low_freq": 1457.5709228515625,
      "mid_mean": -19.847206115722656,
      "mid_to_side_loudness": -7.247117042541504,
      "mid_to_side_loudness_range": 13.08308219909668,
      "side_mean": -27.13485336303711
    },
    {
      "high_freq": 4349.24462890625,
      "loudness": -20.901729583740234,
      "loudness_range": 14.311912536621094,
      "low_freq": 2549.74365234375,
      "mid_mean": -18.568096160888672,
      "mid_to_side_loudness": -5.813638687133789,
      "mid_to_side_loudness_range": 11.660799980163574,
      "side_mean": -24.384166717529297
    },
    {
      "high_freq": 7314.1640625,
      "loudness": -22.305757522583008,
      "loudness_range": 14.256414413452148,
      "low_freq": 4349.24462890625,
      "mid_mean": -19.59480094909668,
      "mid_to_side_loudness": -7.760911464691162,
      "mid_to_side_loudness_range": 12.861506462097168,
      "side_mean": -27.44780921936035
    },
    {
      "high_freq": 12199.2666015625,
      "loudness": -26.64569091796875,
      "loudness_range": 13.45383071899414,
      "low_freq": 7314.1640625,
      "mid_mean": -24.193035125732422,
      "mid_to_side_loudness": -6.5065131187438965,
      "mid_to_side_loudness_range": 13.242069244384766,
      "side_mean": -30.82937240600586
    },
    {
      "loudness": -33.78193283081055,
      "loudness_range": 19.201139450073242,
      "low_freq": 12199.2666015625,
      "mid_mean": -31.17915916442871,
      "mid_to_side_loudness": -7.397544860839844,
      "mid_to_side_loudness_range": 15.669137001037598,
      "side_mean": -38.610233306884766
    }
  ],
  "bandwidth": 840.0911254882812,
  "channels": 2,
  "covariance": [
    [
      20.257064819335938,
      11.768138885498047,
      10.51797103881836,
      12.128752708435059,
      11.001667976379395,
      11.757126808166504,
      9.297961235046387,
      6.781820774078369,
      6.02013635635376,
      2.057831048965454,
      4.219945907592773,
      1.5276001691818237,
      4.511466979980469,
      1.2211464643478394,
      5.418429851531982,
      0.6434668302536011,
      8.060519218444824,
      2.8921878337860107
    ],
    [
      11.768138885498047,
      43.21236038208008,
      11.177948951721191,
      26.502107620239258,
      14.764348983764648,
      22.77341651916504,
      21.491819381713867,
      21.725675582885742,
      16.83083724975586,
      18.78333854675293,
      10.055521011352539,
      12.335871696472168,
      12.197226524353027,
      12.566922187805176,
      12.715970039367676,
      9.148149490356445,
      13.18311882019043,
      5.7914934158325195
    ],
    [
      10.51797103881836,
      11.177948951721191,
      16.202884674072266,
      15.671077728271484,
      13.675983428955078,
      14.653075218200684,
      12.002169609069824,
      10.210511207580566,
      8.930973052978516,
      5.8516082763671875,
      6.284725189208984,
      5.7798871994018555,
      7.427987098693848,
      5.258362770080566,
      7.919882774353027,
      3.116819143295288,
      9.473442077636719,
      4.236507892608643
    ],
    [
      12.128752708435059,
      26.502107620239258,
      15.671077728271484,
      31.680858612060547,
      17.290050506591797,
      24.13411521911621,
      19.758481979370117,
      18.680875778198242,
      13.770893096923828,
      11.168241500854492,
      7.775514125823975,
      7.6764960289001465,
      10.858107566833496,
      8.587635040283203,
      12.868327140808105,
      5.131061553955078,
      15.761290550231934,
      6.50184440612793
    ],
    [
      11.001667976379395,
      14.764348983764648,
      13.675983428955078,
      17.290050506591797,
      28.618816375732422,
      22.32756805419922,
      20.396743774414062,
      12.577241897583008,
      14.462666511535645,
      7.480297088623047,
      8.943201065063477,
      8.73482894897461,
      10.552467346191406,
      5.676049709320068,
      10.428858757019043,
      2.3467442989349365,
      9.613348960876465,
      2.750192165374756
    ],
    [
      11.757126808166504,
      22.77341651916504,
      14.653075218200684,
      24.13411521911621,
      22.32756805419922,
      31.515710830688477,
      23.020910263061523,
      21.576980590820312,
      17.87397575378418,
      15.796485900878906,
      12.45250129699707,
      14.03049373626709,
      13.677928924560547,
      12.105247497558594,
      14.198819160461426,
      8.041007041931152,
      13.392085075378418,
      5.4745564460754395
    ],
    [
      9.297961235046387,
      21.491819381713867,
      12.002169609069824,
      19.758481979370117,
      20.396743774414062,
      23.020910263061523,
      35.48959732055664,
      23.636661529541016,
      20.41695213317871,
      16.528196334838867,
      18.509172439575195,
      16.52867889404297,
      16.235761642456055,
      10.509160995483398,
      13.920211791992188,
      6.045318126678467,
      14.783648490905762,
      4.473921775817871
    ],
    [
      6.781820774078369,
      21.725675582885742,
      10.210511207580566,
      18.680875778198242,
      12.577241897583008,
      21.576980590820312,
      23.636661529541016,
      28.92940330505371,
      19.616260528564453,
      23.05180549621582,
      17.83592414855957,
      19.355567932128906,
      15.901888847351074,
      15.980314254760742,
      12.91000747680664,
      11.585107803344727,
      11.448333740234375,
      5.6933088302612305
    ],
    [
      6.02013635635376,
      16.83083724975586,
      8.930973052978516,
      13.770893096923828,
      14.462666511535645,
      17.87397575378418,
      20.41695213317871,
      19.616260528564453,
      23.674114227294922,
      20.57573127746582,
      17.506040573120117,
      17.897302627563477,
      14.526741027832031,
      13.409214973449707,
      10.59972095489502,
      9.32946491241455,
      7.898060321807861,
      4.111356735229492
    ],
    [
      2.057831048965454,
      18.78333854675293,
      5.8516082763671875,
      11.168241500854492,
      7.480297088623047,
      15.796485900878906,
      16.528196334838867,
      23.05180549621582,
      20.57573127746582,
      31.72182273864746,
      16.084138870239258,
      24.256900787353516,
      12.940857887268066,
      19.787858963012695,
      8.383161544799805,
      16.08951187133789,
      2.320631265640259,
      4.735008239746094
    ],
    [
      4.219945907592773,
      10.055521011352539,
      6.284725189208984,
      7.775514125823975,
      8.943201065063477,
      12.45250129699707,
      18.509172439575195,
      17.83592414855957,
      17.506040573120117,
      16.084138870239258,
      24.768478393554688,
      18.237834930419922,
      17.030969619750977,
      11.207549095153809,
      11.82481575012207,
      6.722995281219482,
      10.546405792236328,
      4.22241735458374
    ],
    [
      1.5276001691818237,
      12.335871696472168,
      5.7798871994018555,
      7.6764960289001465,
      8.73482894897461,
      14.03049373626709,
      16.52867889404297,
      19.355567932128906,
      17.897302627563477,
      24.256900787353516,
      18.237834930419922,
      26.85273551940918,
      13.884194374084473,
      16.99534034729004,
      8.987796783447266,
      12.19446849822998,
      3.433692693710327,
      4.05677604675293
    ],
    [
      4.511466979980469,
      12.197226524353027,
      7.427987098693848,
      10.858107566833496,
      10.552467346191406,
      13.677928924560547,
      16.235761642456055,
      15.901888847351074,
      14.526741027832031,
      12.940857887268066,
      17.030969619750977,
      13.884194374084473,
      19.071252822875977,
      12.344562530517578,
      15.694609642028809,
      8.627145767211914,
      14.608288764953613,
      7.06909704208374
    ],
    [
      1.2211464643478394,
      12.566922187805176,
      5.258362770080566,
      8.587635040283203,
      5.676049709320068,
      12.105247497558594,
      10.509160995483398,
      15.980314254760742,
      13.409214973449707,
      19.787858963012695,
      11.207549095153809,
      16.99534034729004,
      12.344562530517578,
      19.951528549194336,
      9.610532760620117,
      15.713513374328613,
      5.74753475189209,
      6.827548027038574
    ],
    [
      5.418429851531982,
      12.715970039367676,
      7.919882774353027,
      12.868327140808105,
      10.428858757019043,
      14.198819160461426,
      13.920211791992188,
      12.91000747680664,
      10.59972095489502,
      8.383161544799805,
      11.82481575012207,
      8.987796783447266,
      15.694609642028809,
      9.610532760620117,
      18.54093360900879,
      6.888467788696289,
      17.46906089782715,
      7.966535568237305
    ],
    [
      0.6434668302536011,
      9.148149490356445,
      3.116819143295288,
      5.131061553955078,
      2.3467442989349365,
      8.041007041931152,
      6.045318126678467,
      11.585107803344727,
      9.32946491241455,
      16.08951187133789,
      6.722995281219482,
      12.19446849822998,
      8.627145767211914,
      15.713513374328613,
      6.888467788696289,
      15.661574363708496,
      3.7943811416625977,
      7.033117771148682
    ],
    [
      8.060519218444824,
      13.18311882019043,
      9.473442077636719,
      15.761290550231934,
      9.613348960876465,
      13.392085075378418,
      14.783648490905762,
      11.448333740234375,
      7.898060321807861,
      2.320631265640259,
      10.546405792236328,
      3.433692693710327,
      14.608288764953613,
      5.74753475189209,
      17.46906089782715,
      3.7943811416625977,
      27.647672653198242,
      11.897601127624512
    ],
    [
      2.8921878337860107,
      5.7914934158325195,
      4.236507892608643,
      6.50184440612793,
      2.750192165374756,
      5.4745564460754395,
      4.473921775817871,
      5.6933088302612305,
      4.111356735229492,
      4.735008239746094,
      4.22241735458374,
      4.05677604675293,
      7.06909704208374,
      6.827548027038574,
      7.966535568237305,
      7.033117771148682,
      11.897601127624512,
      11.633051872253418
    ]
  ],
  "covariance_short": [
    [
      34.78175735473633,
      12.594145774841309,
      12.568084716796875,
      9.422286987304688,
      10.545785903930664,
      9.31281566619873,
      9.624963760375977,
      6.6045732498168945,
      7.724405765533447,
      3.1714789867401123,
      7.582937240600586,
      3.1634466648101807,
      5.326116561889648,
      0.8103045225143433,
      5.557318687438965,
      1.1650261878967285,
      9.253226280212402,
      6.14703369140625
    ],
    [
      12.594145774841309,
      48.627105712890625,
      10.717494010925293,
      19.750015258789062,
      14.406052589416504,
      20.203598022460938,
      22.692039489746094,
      22.639101028442383,
      16.15805435180664,
      16.592741012573242,
      12.980037689208984,
      13.737079620361328,
      10.462806701660156,
      8.095099449157715,
      8.849480628967285,
      4.940291881561279,
      8.932805061340332,
      1.7255524396896362
    ],
    [
      12.568084716796875,
      10.717494010925293,
      20.0647029876709,
      12.983514785766602,
      12.705565452575684,
      13.700140953063965,
      11.328141212463379,
      10.060501098632812,
      8.712044715881348,
      5.190916061401367,
      7.447880268096924,
      5.097929000854492,
      7.414284706115723,
      4.039863586425781,
      8.047139167785645,
      2.4823176860809326,
      10.942710876464844,
      4.501121520996094
    ],
    [
      9.422286987304688,
      19.750015258789062,
      12.983514785766602,
      31.14759063720703,
      12.870233535766602,
      19.202022552490234,
      16.495563507080078,
      16.86733055114746,
      12.3135404586792,
      11.767241477966309,
      8.478499412536621,
      9.169178009033203,
      8.973435401916504,
      7.973161697387695,
      9.90986156463623,
      5.354183197021484,
      11.965807914733887,
      4.960378646850586
    ],
    [
      10.545785903930664,
      14.406052589416504,
      12.705565452575684,
      12.870233535766602,
      37.97615432739258,
      21.907079696655273,
      24.64851951599121,
      15.289258003234863,
      18.54482650756836,
      9.951393127441406,
      13.077958106994629,
      10.701388359069824,
      11.808578491210938,
      5.868041038513184,
      8.510272026062012,
      3.031831979751587,
      9.538500785827637,
      3.5947911739349365
    ],
    [
      9.31281566619873,
      20.203598022460938,
      13.700140953063965,
      19.202022552490234,
      21.907079696655273,
      35.90291213989258,
      23.680137634277344,
      23.09485626220703,
      18.840129852294922,
      17.01012420654297,
      15.0775146484375,
      16.026273727416992,
      14.846257209777832,
      12.859606742858887,
      14.439878463745117,
      9.045309066772461,
      13.860881805419922,
      5.846179008483887
    ],
    [
      9.624963760375977,
      22.692039489746094,
      11.328141212463379,
      16.495563507080078,
      24.64851951599121,
      23.680137634277344,
      48.055301666259766,
      28.64134979248047,
      25.438627243041992,
      18.951997756958008,
      22.104875564575195,
      18.079370498657227,
      17.610836029052734,
      11.287580490112305,
      11.69219970703125,
      6.565377712249756,
      13.258461952209473,
      4.098784446716309
    ],
    [
      6.6045732498168945,
      22.639101028442383,
      10.060501098632812,
      16.86733055114746,
      15.289258003234863,
      23.09485626220703,
      28.64134979248047,
      36.99617004394531,
      22.869861602783203,
      24.789466857910156,
      21.774948120117188,
      21.755754470825195,
      18.999792098999023,
      17.472087860107422,
      15.251142501831055,
      13.110302925109863,
      14.116089820861816,
      7.855862617492676
    ],
    [
      7.724405765533447,
      16.15805435180664,
      8.712044715881348,
      12.3135404586792,
      18.54482650756836,
      18.840129852294922,
      25.438627243041992,
      22.869861602783203,
      36.210731506347656,
      26.237417221069336,
      24.32650375366211,
      22.232145309448242,
      19.482458114624023,
      17.532899856567383,
      13.279582023620605,
      14.042176246643066,
      12.619976997375488,
      11.005270004272461
    ],
    [
      3.1714789867401123,
      16.592741012573242,
      5.190916061401367,
      11.767241477966309,
      9.951393127441406,
      17.01012420654297,
      18.951997756958008,
      24.789466857910156,
      26.237417221069336,
      38.855735778808594,
      21.35526466369629,
      28.78871726989746,
      17.790790557861328,
      24.428091049194336,
      14.034855842590332,
      21.564735412597656,
      9.859452247619629,
      14.515461921691895
    ],
    [
      7.582937240600586,
      12.980037689208984,
      7.447880268096924,
      8.478499412536621,
      13.077958106994629,
      15.0775146484375,
      22.104875564575195,
      21.774948120117188,
      24.32650375366211,
      21.35526466369629,
      35.04296875,
      24.064287185668945,
      25.29142951965332,
      16.793405532836914,
      18.36944007873535,
      12.141073226928711,
      18.575422286987305,
      12.141751289367676
    ],
    [
      3.1634466648101807,
      13.737079620361328,
      5.097929000854492,
      9.169178009033203,
      10.701388359069824,
      16.026273727416992,
      18.079370498657227,
      21.755754470825195,
      22.232145309448242,
      28.78871726989746,
      24.064287185668945,
      34.02875518798828,
      18.574562072753906,
      21.874967575073242,
      13.619790077209473,
      17.239734649658203,
      9.837102890014648,
      12.099472999572754
    ],
    [
      5.326116561889648,
      10.462806701660156,
      7.414284706115723,
      8.973435401916504,
      11.808578491210938,
      14.846257209777832,
      17.610836029052734,
      18.999792098999023,
      19.482458114624023,
      17.790790557861328,
      25.29142951965332,
      18.574562072753906,
      32.07512283325195,
      21.046594619750977,
      27.343595504760742,
      18.31637191772461,
      26.813579559326172,
      19.165668487548828
    ],
    [
      0.8103045225143433,
      8.095099449157715,
      4.039863586425781,
      7.973161697387695,
      5.868041038513184,
      12.859606742858887,
      11.287580490112305,
      17.472087860107422,
      17.532899856567383,
      24.428091049194336,
      16.793405532836914,
      21.874967575073242,
      21.046594619750977,
      33.09283447265625,
      20.320175170898438,
      27.965679168701172,
      17.578327178955078,
      22.273483276367188
    ],
    [
      5.557318687438965,
      8.849480628967285,
      8.047139167785645,
      9.90986156463623,
      8.510272026062012,
      14.439878463745117,
      11.69219970703125,
      15.251142501831055,
      13.279582023620605,
      14.034855842590332,
      18.36944007873535,
      13.619790077209473,
      27.343595504760742,
      20.320175170898438,
      34.529754638671875,
      20.88560676574707,
      34.6135368347168,
      24.247764587402344
    ],
    [
      1.1650261878967285,
      4.940291881561279,
      2.4823176860809326,
      5.354183197021484,
      3.031831979751587,
      9.045309066772461,
      6.565377712249756,
      13.110302925109863,
      14.042176246643066,
      21.564735412597656,
      12.141073226928711,
      17.239734649658203,
      18.31637191772461,
      27.965679168701172,
      20.88560676574707,
      33.896873474121094,
      19.01478385925293,
      26.834245681762695
    ],
    [
      9.253226280212402,
      8.932805061340332,
      10.942710876464844,
      11.965807914733887,
      9.538500785827637,
      13.860881805419922,
      13.258461952209473,
      14.116089820861816,
      12.619976997375488,
      9.859452247619629,
      18.575422286987305,
      9.837102890014648,
      26.813579559326172,
      17.578327178955078,
      34.6135368347168,
      19.01478385925293,
      52.40064239501953,
      34.91810989379883
    ],
    [
      6.14703369140625,
      1.7255524396896362,
      4.501121520996094,
      4.960378646850586,
      3.5947911739349365,
      5.846179008483887,
      4.098784446716309,
      7.855862617492676,
      11.005270004272461,
      14.515461921691895,
      12.141751289367676,
      12.099472999572754,
      19.165668487548828,
      22.273483276367188,
      24.247764587402344,
      26.834245681762695,
      34.91810989379883,
      42.67033767700195
    ]
  ],
  "damage": -6.458790302276611,
  "diff_bandwidth": 793.9349975585938,
  "dissonance": 11.159710659743203,
  "drr": 15.597672462463379,
  "dynamics": 3.2167205810546875,
  "format": 1245190,
  "frames": 13007808,
  "loudness": -8.471197128295898,
  "loudness_range": 8.11503791809082,
  "loudness_range_short": 9.492640495300293,
  "lowpass_true_peak_15khz": 2.142857789993286,
  "mastering3_acoustic_entropies": [
    {
      "acoustic_entropy": 5.44473123550415,
      "acoustic_entropy_mono": 5.1031999588012695,
      "band_eliminated_acoustic_entropies": [
        {
          "acoustic_entropy": 5.37729024887085,
          "acoustic_entropy_side": 5.444674015045166,
          "hz": 129.47220167065723
        },
        {
          "acoustic_entropy": 5.498626708984375,
          "acoustic_entropy_side": 5.43887186050415,
          "hz": 202.92927478742237
        },
        {
          "acoustic_entropy": 5.536803722381592,
          "acoustic_entropy_side": 5.437802791595459,
          "hz": 282.89161906338205
        },
        {
          "acoustic_entropy": 5.54809045791626,
          "acoustic_entropy_side": 5.425111770629883,
          "hz": 369.9353335868758
        },
        {
          "acoustic_entropy": 5.613485813140869,
          "acoustic_entropy_side": 5.417990207672119,
          "hz": 464.6875360973435
        },
        {
          "acoustic_entropy": 5.662759304046631,
          "acoustic_entropy_side": 5.435328483581543,
          "hz": 567.8308811364784
        },
        {
          "acoustic_entropy": 5.134923458099365,
          "acoustic_entropy_side": 5.440006256103516,
          "hz": 680.1084783214808
        },
        {
          "acoustic_entropy": 5.57351016998291,
          "acoustic_entropy_side": 5.432840824127197,
          "hz": 802.3292461747484
        },
        {
          "acoustic_entropy": 5.426780700683594,
          "acoustic_entropy_side": 5.4335551261901855,
          "hz": 935.3737400823702
        },
        {
          "acoustic_entropy": 5.587836742401123,
          "acoustic_entropy_side": 5.434565544128418,
          "hz": 1080.2004963696966
        },
        {
          "acoustic_entropy": 5.520236968994141,
          "acoustic_entropy_side": 5.4346923828125,
          "hz": 1237.8529382007157
        },
        {
          "acoustic_entropy": 5.485856533050537,
          "acoustic_entropy_side": 5.437310695648193,
          "hz": 1409.4668930556702
        },
        {
          "acoustic_entropy": 5.357180118560791,
          "acoustic_entropy_side": 5.435927391052246,
          "hz": 1596.2787759475705
        },
        {
          "acoustic_entropy": 5.465231418609619,
          "acoustic_entropy_side": 5.440454959869385,
          "hz": 1799.6344973346393
        },
        {
          "acoustic_entropy": 5.6608171463012695,
          "acoustic_entropy_side": 5.444634437561035,
          "hz": 2020.9991599069049
        },
        {
          "acoustic_entropy": 6.080486297607422,
          "acoustic_entropy_side": 5.443789958953857,
          "hz": 2261.9676141086993
        },
        {
          "acoustic_entropy": 5.649108409881592,
          "acoustic_entropy_side": 5.432589530944824,
          "hz": 2524.2759484456974
        },
        {
          "acoustic_entropy": 5.239202976226807,
          "acoustic_entropy_side": 5.4201226234436035,
          "hz": 2809.813997359896
        },
        {
          "acoustic_entropy": 5.392609596252441,
          "acoustic_entropy_side": 5.4512434005737305,
          "hz": 3120.6389567871424
        },
        {
          "acoustic_entropy": 5.431172847747803,
          "acoustic_entropy_side": 5.45979642868042,
          "hz": 3458.990205492291
        },
        {
          "acoustic_entropy": 5.463177680969238,
          "acoustic_entropy_side": 5.504590034484863,
          "hz": 3827.305438964164
        },
        {
          "acoustic_entropy": 5.488937854766846,
          "acoustic_entropy_side": 5.459045886993408,
          "hz": 4228.238232109126
        },
        {
          "acoustic_entropy": 5.538750648498535,
          "acoustic_entropy_side": 5.46989631652832,
          "hz": 4664.6771572759235
        },
        {
          "acoustic_entropy": 5.449220180511475,
          "acoustic_entropy_side": 5.468833923339844,
          "hz": 5139.766595350093
        },
        {
          "acoustic_entropy": 5.532445907592773,
          "acoustic_entropy_side": 5.496005058288574,
          "hz": 5656.929389854203
        },
        {
          "acoustic_entropy": 5.427824020385742,
          "acoustic_entropy_side": 5.5018439292907715,
          "hz": 6219.891507268283
        },
        {
          "acoustic_entropy": 5.461644172668457,
          "acoustic_entropy_side": 5.497413635253906,
          "hz": 6832.70888123896
        },
        {
          "acoustic_entropy": 5.496196269989014,
          "acoustic_entropy_side": 5.5120720863342285,
          "hz": 7499.796634079867
        },
        {
          "acoustic_entropy": 5.505909442901611,
          "acoustic_entropy_side": 5.516846179962158,
          "hz": 8225.96088609342
        },
        {
          "acoustic_entropy": 5.489870548248291,
          "acoustic_entropy_side": 5.515262126922607,
          "hz": 9016.43338188839
        },
        {
          "acoustic_entropy": 5.4729509353637695,
          "acoustic_entropy_side": 5.50982141494751,
          "hz": 9876.909183162974
        },
        {
          "acoustic_entropy": 5.344627857208252,
          "acoustic_entropy_side": 5.4652228355407715,
          "hz": 10813.587699516042
        },
        {
          "acoustic_entropy": 5.289331436157227,
          "acoustic_entropy_side": 5.451894760131836,
          "hz": 11833.21735289826
        },
        {
          "acoustic_entropy": 5.336686611175537,
          "acoustic_entropy_side": 5.452323913574219,
          "hz": 12943.144197493959
        },
        {
          "acoustic_entropy": 5.4051642417907715,
          "acoustic_entropy_side": 5.449142932891846,
          "hz": 14151.364845322005
        },
        {
          "acoustic_entropy": 5.431893348693848,
          "acoustic_entropy_side": 5.446493625640869,
          "hz": 15466.58407886509
        },
        {
          "acoustic_entropy": 5.447479724884033,
          "acoustic_entropy_side": 5.445667266845703,
          "hz": 16898.27756580493
        },
        {
          "acoustic_entropy": 5.462663650512695,
          "acoustic_entropy_side": 5.444990634918213,
          "hz": 18456.760127700032
        },
        {
          "acoustic_entropy": 5.466362476348877,
          "acoustic_entropy_side": 5.445621967315674,
          "hz": 20153.260054456492
        },
        {
          "acoustic_entropy": 5.447656631469727,
          "acoustic_entropy_side": 5.444915771484375,
          "hz": 22000.00000000001
        }
      ],
      "diff_acoustic_entropy": 5.347616672515869,
      "sn": 6
    },
    {
      "acoustic_entropy": 9.497471809387207,
      "acoustic_entropy_mono": 8.885380744934082,
      "band_eliminated_acoustic_entropies": [
        {
          "acoustic_entropy": 9.200310707092285,
          "acoustic_entropy_side": 9.497607231140137,
          "hz": 129.47220167065723
        },
        {
          "acoustic_entropy": 9.48453140258789,
          "acoustic_entropy_side": 9.446608543395996,
          "hz": 202.92927478742237
        },
        {
          "acoustic_entropy": 9.50175952911377,
          "acoustic_entropy_side": 9.434473037719727,
          "hz": 282.89161906338205
        },
        {
          "acoustic_entropy": 9.569417953491211,
          "acoustic_entropy_side": 9.445308685302734,
          "hz": 369.9353335868758
        },
        {
          "acoustic_entropy": 9.519986152648926,
          "acoustic_entropy_side": 9.433716773986816,
          "hz": 464.6875360973435
        },
        {
          "acoustic_entropy": 9.11852741241455,
          "acoustic_entropy_side": 9.350860595703125,
          "hz": 567.8308811364784
        },
        {
          "acoustic_entropy": 9.19015884399414,
          "acoustic_entropy_side": 9.396623611450195,
          "hz": 680.1084783214808
        },
        {
          "acoustic_entropy": 8.951231002807617,
          "acoustic_entropy_side": 9.377224922180176,
          "hz": 802.3292461747484
        },
        {
          "acoustic_entropy": 9.40372371673584,
          "acoustic_entropy_side": 9.423173904418945,
          "hz": 935.3737400823702
        },
        {
          "acoustic_entropy": 9.360444068908691,
          "acoustic_entropy_side": 9.393083572387695,
          "hz": 1080.2004963696966
        },
        {
          "acoustic_entropy": 9.46469783782959,
          "acoustic_entropy_side": 9.477397918701172,
          "hz": 1237.8529382007157
        },
        {
          "acoustic_entropy": 9.131124496459961,
          "acoustic_entropy_side": 9.42276668548584,
          "hz": 1409.4668930556702
        },
        {
          "acoustic_entropy": 9.408059120178223,
          "acoustic_entropy_side": 9.511282920837402,
          "hz": 1596.2787759475705
        },
        {
          "acoustic_entropy": 9.186447143554688,
          "acoustic_entropy_side": 9.424997329711914,
          "hz": 1799.6344973346393
        },
        {
          "acoustic_entropy": 9.560606956481934,
          "acoustic_entropy_side": 9.619391441345215,
          "hz": 2020.9991599069049
        },
        {
          "acoustic_entropy": 9.74324893951416,
          "acoustic_entropy_side": 9.524344444274902,
          "hz": 2261.9676141086993
        },
        {
          "acoustic_entropy": 9.824122428894043,
          "acoustic_entropy_side": 9.3702392578125,
          "hz": 2524.2759484456974
        },
        {
          "acoustic_entropy": 9.303479194641113,
          "acoustic_entropy_side": 9.532302856445312,
          "hz": 2809.813997359896
        },
        {
          "acoustic_entropy": 9.465003967285156,
          "acoustic_entropy_side": 9.39886474609375,
          "hz": 3120.6389567871424
        },
        {
          "acoustic_entropy": 9.50665283203125,
          "acoustic_entropy_side": 9.590150833129883,
          "hz": 3458.990205492291
        },
        {
          "acoustic_entropy": 9.077263832092285,
          "acoustic_entropy_side": 9.449299812316895,
          "hz": 3827.305438964164
        },
        {
          "acoustic_entropy": 8.901769638061523,
          "acoustic_entropy_side": 9.171342849731445,
          "hz": 4228.238232109126
        },
        {
          "acoustic_entropy": 9.35091495513916,
          "acoustic_entropy_side": 9.532025337219238,
          "hz": 4664.6771572759235
        },
        {
          "acoustic_entropy": 9.264596939086914,
          "acoustic_entropy_side": 9.413808822631836,
          "hz": 5139.766595350093
        },
        {
          "acoustic_entropy": 9.097602844238281,
          "acoustic_entropy_side": 9.512189865112305,
          "hz": 5656.929389854203
        },
        {
          "acoustic_entropy": 9.267210006713867,
          "acoustic_entropy_side": 9.416726112365723,
          "hz": 6219.891507268283
        },
        {
          "acoustic_entropy": 9.311647415161133,
          "acoustic_entropy_side": 9.416497230529785,
          "hz": 6832.70888123896
        },
        {
          "acoustic_entropy": 9.448464393615723,
          "acoustic_entropy_side": 9.490470886230469,
          "hz": 7499.796634079867
        },
        {
          "acoustic_entropy": 9.547863960266113,
          "acoustic_entropy_side": 9.570459365844727,
          "hz": 8225.96088609342
        },
        {
          "acoustic_entropy": 9.581094741821289,
          "acoustic_entropy_side": 9.565826416015625,
          "hz": 9016.43338188839
        },
        {
          "acoustic_entropy": 9.44990062713623,
          "acoustic_entropy_side": 9.512394905090332,
          "hz": 9876.909183162974
        },
        {
          "acoustic_entropy": 9.196337699890137,
          "acoustic_entropy_side": 9.48892879486084,
          "hz": 10813.587699516042
        },
        {
          "acoustic_entropy": 9.300633430480957,
          "acoustic_entropy_side": 9.480402946472168,
          "hz": 11833.21735289826
        },
        {
          "acoustic_entropy": 9.287824630737305,
          "acoustic_entropy_side": 9.451131820678711,
          "hz": 12943.144197493959
        },
        {
          "acoustic_entropy": 9.3033447265625,
          "acoustic_entropy_side": 9.466012001037598,
          "hz": 14151.364845322005
        },
        {
          "acoustic_entropy": 9.325786590576172,
          "acoustic_entropy_side": 9.467439651489258,
          "hz": 15466.58407886509
        },
        {
          "acoustic_entropy": 9.285818099975586,
          "acoustic_entropy_side": 9.443246841430664,
          "hz": 16898.27756580493
        },
        {
          "acoustic_entropy": 9.204447746276855,
          "acoustic_entropy_side": 9.472214698791504,
          "hz": 18456.760127700032
        },
        {
          "acoustic_entropy": 9.28735637664795,
          "acoustic_entropy_side": 9.47935676574707,
          "hz": 20153.260054456492
        },
        {
          "acoustic_entropy": 9.45030689239502,
          "acoustic_entropy_side": 9.493224143981934,
          "hz": 22000.00000000001
        }
      ],
      "diff_acoustic_entropy": 9.201191902160645,
      "sn": 12
    },
    {
      "acoustic_entropy": 15.082736015319824,
      "acoustic_entropy_mono": 13.095088958740234,
      "band_eliminated_acoustic_entropies": [
        {
          "acoustic_entropy": 14.479036331176758,
          "acoustic_entropy_side": 15.1116304397583,
          "hz": 129.47220167065723
        },
        {
          "acoustic_entropy": 16.2608642578125,
          "acoustic_entropy_side": 15.775994300842285,
          "hz": 202.92927478742237
        },
        {
          "acoustic_entropy": 15.604930877685547,
          "acoustic_entropy_side": 15.537092208862305,
          "hz": 282.89161906338205
        },
        {
          "acoustic_entropy": 15.446883201599121,
          "acoustic_entropy_side": 15.21821403503418,
          "hz": 369.9353335868758
        },
        {
          "acoustic_entropy": 14.871569633483887,
          "acoustic_entropy_side": 15.793588638305664,
          "hz": 464.6875360973435
        },
        {
          "acoustic_entropy": 15.451011657714844,
          "acoustic_entropy_side": 15.187295913696289,
          "hz": 567.8308811364784
        },
        {
          "acoustic_entropy": 15.721267700195312,
          "acoustic_entropy_side": 15.434694290161133,
          "hz": 680.1084783214808
        },
        {
          "acoustic_entropy": 14.972699165344238,
          "acoustic_entropy_side": 15.243350982666016,
          "hz": 802.3292461747484
        },
        {
          "acoustic_entropy": 15.187751770019531,
          "acoustic_entropy_side": 15.07443904876709,
          "hz": 935.3737400823702
        },
        {
          "acoustic_entropy": 15.249245643615723,
          "acoustic_entropy_side": 15.011344909667969,
          "hz": 1080.2004963696966
        },
        {
          "acoustic_entropy": 15.499127388000488,
          "acoustic_entropy_side": 15.050856590270996,
          "hz": 1237.8529382007157
        },
        {
          "acoustic_entropy": 14.542786598205566,
          "acoustic_entropy_side": 14.978357315063477,
          "hz": 1409.4668930556702
        },
        {
          "acoustic_entropy": 15.86960506439209,
          "acoustic_entropy_side": 15.653059959411621,
          "hz": 1596.2787759475705
        },
        {
          "acoustic_entropy": 15.556376457214355,
          "acoustic_entropy_side": 15.340324401855469,
          "hz": 1799.6344973346393
        },
        {
          "acoustic_entropy": 15.130144119262695,
          "acoustic_entropy_side": 15.264089584350586,
          "hz": 2020.9991599069049
        },
        {
          "acoustic_entropy": 15.436607360839844,
          "acoustic_entropy_side": 15.361335754394531,
          "hz": 2261.9676141086993
        },
        {
          "acoustic_entropy": 15.154727935791016,
          "acoustic_entropy_side": 15.086912155151367,
          "hz": 2524.2759484456974
        },
        {
          "acoustic_entropy": 15.587047576904297,
          "acoustic_entropy_side": 15.204039573669434,
          "hz": 2809.813997359896
        },
        {
          "acoustic_entropy": 14.796883583068848,
          "acoustic_entropy_side": 15.121894836425781,
