{
  "acoustic_entropy": 218.35592651367188,
  "bands": [
    {
      "high_freq": 148.1999969482422,
      "loudness": -26.012584686279297,
      "loudness_range": 13.629674911499023,
      "mid_mean": -22.72174644470215,
      "mid_to_side_loudness": -13.196436882019043,
      "mid_to_side_loudness_range": 19.516572952270508,
      "side_mean": -36.40552520751953
    },
    {
      "high_freq": 392.3793640136719,
      "loudness": -23.462295532226562,
      "loudness_range": 11.627790451049805,
      "low_freq": 148.1999969482422,
      "mid_mean": -20.265613555908203,
      "mid_to_side_loudness": -10.920085906982422,
      "mid_to_side_loudness_range": 14.81779956817627,
      "side_mean": -31.65359878540039
    },
    {
      "high_freq": 794.6976318359375,
      "loudness": -27.91558837890625,
      "loudness_range": 13.489555358886719,
      "low_freq": 392.3793640136719,
      "mid_mean": -25.2393741607666,
      "mid_to_side_loudness": -8.721013069152832,
      "mid_to_side_loudness_range": 17.641441345214844,
      "side_mean": -34.09151077270508
    },
    {
      "high_freq": 1457.5709228515625,
      "loudness": -31.08915901184082,
      "loudness_range": 19.37628746032715,
      "low_freq": 794.6976318359375,
      "mid_mean": -28.099239349365234,
      "mid_to_side_loudness": -8.865832328796387,
      "mid_to_side_loudness_range": 12.579715728759766,
      "side_mean": -37.079986572265625
    },
    {
      "high_freq": 2549.74365234375,
      "loudness": -30.57319450378418,
      "loudness_range": 12.430917739868164,
      "low_freq": 1457.5709228515625,
      "mid_mean": -27.62588119506836,
      "mid_to_side_loudness": -8.342741966247559,
      "mid_to_side_loudness_range": 10.982895851135254,
      "side_mean": -36.093292236328125
    },
    {
      "high_freq": 4349.24462890625,
      "loudness": -31.648025512695312,
      "loudness_range": 14.93498420715332,
      "low_freq": 2549.74365234375,
      "mid_mean": -29.04714584350586,
      "mid_to_side_loudness": -6.255988597869873,
      "mid_to_side_loudness_range": 10.12279987335205,
      "side_mean": -35.35496139526367
    },
    {
      "high_freq": 7314.1640625,
      "loudness": -31.704843521118164,
      "loudness_range": 18.46162223815918,
      "low_freq": 4349.24462890625,
      "mid_mean": -28.784141540527344,
      "mid_to_side_loudness": -8.073155403137207,
      "mid_to_side_loudness_range": 12.626253128051758,
      "side_mean": -37.43368911743164
    },
    {
      "high_freq": 12199.2666015625,
      "loudness": -31.82499122619629,
      "loudness_range": 18.183456420898438,
      "low_freq": 7314.1640625,
      "mid_mean": -29.074487686157227,
      "mid_to_side_loudness": -7.153687477111816,
      "mid_to_side_loudness_range": 10.600970268249512,
      "side_mean": -36.44538116455078
    },
    {
      "loudness": -43.138763427734375,
      "loudness_range": 24.13506507873535,
      "low_freq": 12199.2666015625,
      "mid_mean": -41.3153076171875,
      "mid_to_side_loudness": -3.2305057048797607,
      "mid_to_side_loudness_range": 5.95745325088501,
      "side_mean": -45.133384704589844
    }
  ],
  "bands_short": [
    {
      "high_freq": 148.1999969482422,
      "loudness": -31.0096492767334,
      "loudness_range": 22.361175537109375,
      "mid_mean": -27.80718421936035,
      "mid_to_side_loudness": -14.421732902526855,
      "mid_to_side_loudness_range": 26.244667053222656,
      "side_mean": -43.376556396484375
    },
    {
      "high_freq": 392.3793640136719,
      "loudness": -23.770383834838867,
      "loudness_range": 16.928203582763672,
      "low_freq": 148.1999969482422,
      "mid_mean": -20.645498275756836,
      "mid_to_side_loudness": -11.296309471130371,
      "mid_to_side_loudness_range": 19.625213623046875,
      "side_mean": -32.642398834228516
    },
    {
      "high_freq": 794.6976318359375,
      "loudness": -29.786659240722656,
      "loudness_range": 19.876005172729492,
      "low_freq": 392.3793640136719,
      "mid_mean": -27.11003303527832,
      "mid_to_side_loudness": -8.486798286437988,
      "mid_to_side_loudness_range": 18.564586639404297,
      "side_mean": -36.037269592285156
    },
    {
      "high_freq": 1457.5709228515625,
      "loudness": -32.55082321166992,
      "loudness_range": 23.176054000854492,
      "low_freq": 794.6976318359375,
      "mid_mean": -29.688064575195312,
      "mid_to_side_loudness": -8.308229446411133,
      "mid_to_side_loudness_range": 14.461264610290527,
      "side_mean": -38.36452865600586
    },
    {
      "high_freq": 2549.74365234375,
      "loudness": -32.42961120605469,
      "loudness_range": 18.469032287597656,
      "low_freq": 1457.5709228515625,
      "mid_mean": -29.56804847717285,
      "mid_to_side_loudness": -8.023847579956055,
      "mid_to_side_loudness_range": 12.856852531433105,
      "side_mean": -37.87020492553711
    },
    {
      "high_freq": 4349.24462890625,
      "loudness": -33.72216033935547,
      "loudness_range": 21.247785568237305,
      "low_freq": 2549.74365234375,
      "mid_mean": -31.211118698120117,
      "mid_to_side_loudness": -6.179669380187988,
      "mid_to_side_loudness_range": 11.934225082397461,
      "side_mean": -37.51443862915039
    },
    {
      "high_freq": 7314.1640625,
      "loudness": -37.425594329833984,
      "loudness_range": 31.657390594482422,
      "low_freq": 4349.24462890625,
      "mid_mean": -34.80360794067383,
      "mid_to_side_loudness": -6.8764729499816895,
      "mid_to_side_loudness_range": 13.13017463684082,
      "side_mean": -42.285133361816406
    },
    {
      "high_freq": 12199.2666015625,
      "loudness": -39.66925048828125,
      "loudness_range": 38.86048889160156,
      "low_freq": 7314.1640625,
      "mid_mean": -37.069087982177734,
      "mid_to_side_loudness": -7.255793571472168,
      "mid_to_side_loudness_range": 11.535058975219727,
      "side_mean": -46.512935638427734
    },
    {
      "loudness": -52.55657958984375,
      "loudness_range": 35.02875518798828,
      "low_freq": 12199.2666015625,
      "mid_mean": -50.558349609375,
      "mid_to_side_loudness": -3.701251983642578,
      "mid_to_side_loudness_range": 7.556373119354248,
      "side_mean": -54.03277587890625
    }
  ],
  "bandwidth": 670.4957275390625,
  "channels": 2,
  "covariance": [
    [
      33.150936126708984,
      17.46980857849121,
      5.175292491912842,
      5.463769912719727,
      -1.8707255125045776,
      -0.21236880123615265,
      -0.2847277820110321,
      0.7620781660079956,
      0.33953672647476196,
      0.7774139046669006,
      0.671539843082428,
      1.3043240308761597,
      3.7577927112579346,
      4.794906139373779,
      1.2260488271713257,
      2.9680919647216797,
      4.001652240753174,
      5.784423351287842
    ],
    [
      17.46980857849121,
      45.43617630004883,
      8.963189125061035,
      18.715185165405273,
      3.7296066284179688,
      7.97048282623291,
      1.2019602060317993,
      2.3637497425079346,
      -1.7704238891601562,
      4.155311107635498,
      4.621882438659668,
      9.441662788391113,
      9.68110179901123,
      15.249865531921387,
      5.181684970855713,
      10.686885833740234,
      11.851858139038086,
      18.98771858215332
    ],
    [
      5.175292491912842,
      8.963189125061035,
      23.034534454345703,
      11.366004943847656,
      10.802671432495117,
      -0.2504352033138275,
      13.585453987121582,
      7.569429874420166,
      7.252530097961426,
      4.970294952392578,
      12.072805404663086,
      9.093358039855957,
      7.514075756072998,
      5.866601943969727,
      7.7685651779174805,
      6.447730541229248,
      10.074104309082031,
      9.845577239990234
    ],
    [
      5.463769912719727,
      18.715185165405273,
      11.366004943847656,
      25.781373977661133,
      4.780280113220215,
      6.3864288330078125,
      6.608645915985107,
      7.9025139808654785,
      3.222215175628662,
      6.237927436828613,
      7.803721904754639,
      11.330916404724121,
      8.513697624206543,
      11.096692085266113,
      6.018417835235596,
      9.209900856018066,
      11.614603042602539,
      15.121065139770508
    ],
    [
      -1.8707255125045776,
      3.7296066284179688,
      10.802671432495117,
      4.780280113220215,
      26.43027114868164,
      6.698464393615723,
      21.814847946166992,
      11.65101432800293,
      10.314840316772461,
      7.401532173156738,
      12.096911430358887,
      8.784908294677734,
      7.916015625,
      5.902631759643555,
      9.023431777954102,
      8.020235061645508,
      12.001250267028809,
      10.57498836517334
    ],
    [
      -0.21236880123615265,
      7.97048282623291,
      -0.2504352033138275,
      6.3864288330078125,
      6.698464393615723,
      26.511510848999023,
      -0.7726877331733704,
      6.01499080657959,
      0.21935071051120758,
      8.412471771240234,
      6.443731307983398,
      10.62927532196045,
      6.837916374206543,
      18.719879150390625,
      -0.2643740773200989,
      7.812814235687256,
      1.6123017072677612,
      8.417159080505371
    ],
    [
      -0.2847277820110321,
      1.2019602060317993,
      13.585453987121582,
      6.608645915985107,
      21.814847946166992,
      -0.7726877331733704,
      43.03793716430664,
      23.461658477783203,
      22.51286506652832,
      14.429780006408691,
      16.483699798583984,
      11.938860893249512,
      7.8798394203186035,
      4.579704284667969,
      10.792265892028809,
      6.942695617675781,
      14.428051948547363,
      12.822163581848145
    ],
    [
      0.7620781660079956,
      2.3637497425079346,
      7.569429874420166,
      7.9025139808654785,
      11.65101432800293,
      6.01499080657959,
      23.461658477783203,
      21.666030883789062,
      13.59251594543457,
      13.666558265686035,
      12.84471607208252,
      13.355952262878418,
      5.233670711517334,
      7.2248663902282715,
      5.994285583496094,
      6.534486293792725,
      7.784209251403809,
      8.104569435119629
    ],
    [
      0.33953672647476196,
      -1.7704238891601562,
      7.252530097961426,
      3.222215175628662,
      10.314840316772461,
      0.21935071051120758,
      22.51286506652832,
      13.59251594543457,
      20.991294860839844,
      13.292141914367676,
      13.308631896972656,
      10.107786178588867,
      6.268176555633545,
      4.271348476409912,
      7.660693645477295,
      4.757311820983887,
      9.462535858154297,
      8.251214981079102
    ],
    [
      0.7774139046669006,
      4.155311107635498,
      4.970294952392578,
      6.237927436828613,
      7.401532173156738,
      8.412471771240234,
      14.429780006408691,
      13.666558265686035,
      13.292141914367676,
      18.641159057617188,
      14.573184967041016,
      19.198524475097656,
      7.8664631843566895,
      14.930466651916504,
      5.522702217102051,
      7.707231521606445,
      8.201164245605469,
      11.11172103881836
    ],
    [
      0.671539843082428,
      4.621882438659668,
      12.072805404663086,
      7.803721904754639,
      12.096911430358887,
      6.443731307983398,
      16.483699798583984,
      12.84471607208252,
      13.308631896972656,
      14.573184967041016,
      27.67177963256836,
      25.192678451538086,
      18.154216766357422,
      21.982019424438477,
      14.377068519592285,
      15.187384605407715,
      16.09037208557129,
      17.72925567626953
    ],
    [
      1.3043240308761597,
      9.441662788391113,
      9.093358039855957,
      11.330916404724121,
      8.784908294677734,
      10.62927532196045,
      11.938860893249512,
      13.355952262878418,
      10.107786178588867,
      19.198524475097656,
      25.192678451538086,
      35.594478607177734,
      17.991506576538086,
      29.594215393066406,
      12.566240310668945,
      17.469627380371094,
      15.290447235107422,
      20.489538192749023
    ],
    [
      3.7577927112579346,
      9.68110179901123,
      7.514075756072998,
      8.513697624206543,
      7.916015625,
      6.837916374206543,
      7.8798394203186035,
      5.233670711517334,
      6.268176555633545,
      7.8664631843566895,
      18.154216766357422,
      17.991506576538086,
      44.63920974731445,
      35.25589370727539,
      36.54664611816406,
      37.90256881713867,
      43.64883804321289,
      46.826019287109375
    ],
    [
      4.794906139373779,
      15.249865531921387,
      5.866601943969727,
      11.096692085266113,
      5.902631759643555,
      18.719879150390625,
      4.579704284667969,
      7.2248663902282715,
      4.271348476409912,
      14.930466651916504,
      21.982019424438477,
      29.594215393066406,
      35.25589370727539,
      51.754337310791016,
      22.7071533203125,
      33.7727165222168,
      28.514345169067383,
      39.4007682800293
    ],
    [
      1.2260488271713257,
      5.181684970855713,
      7.7685651779174805,
      6.018417835235596,
      9.023431777954102,
      -0.2643740773200989,
      10.792265892028809,
      5.994285583496094,
      7.660693645477295,
      5.522702217102051,
      14.377068519592285,
      12.566240310668945,
      36.54664611816406,
      22.7071533203125,
      47.89772033691406,
      42.66809844970703,
      52.2159538269043,
      52.52174377441406
    ],
    [
      2.9680919647216797,
      10.686885833740234,
      6.447730541229248,
      9.209900856018066,
      8.020235061645508,
      7.812814235687256,
      6.942695617675781,
      6.534486293792725,
      4.757311820983887,
      7.707231521606445,
      15.187384605407715,
      17.469627380371094,
      37.90256881713867,
      33.7727165222168,
      42.66809844970703,
      51.32219696044922,
      48.32770538330078,
      54.68901443481445
    ],
    [
      4.001652240753174,
      11.851858139038086,
      10.074104309082031,
      11.614603042602539,
      12.001250267028809,
      1.6123017072677612,
      14.428051948547363,
      7.784209251403809,
      9.462535858154297,
      8.201164245605469,
      16.09037208557129,
      15.290447235107422,
      43.64883804321289,
      28.514345169067383,
      52.2159538269043,
      48.32770538330078,
      76.27655792236328,
      76.42090606689453
    ],
    [
      5.784423351287842,
      18.98771858215332,
      9.845577239990234,
      15.121065139770508,
      10.57498836517334,
      8.417159080505371,
      12.822163581848145,
      8.104569435119629,
      8.251214981079102,
      11.11172103881836,
      17.72925567626953,
      20.489538192749023,
      46.826019287109375,
      39.4007682800293,
      52.52174377441406,
      54.68901443481445,
      76.42090606689453,
      88.94324493408203
    ]
  ],
  "covariance_short": [
    [
      70.43399047851562,
      19.84477424621582,
      19.09893798828125,
      8.272649765014648,
      2.3678829669952393,
      6.979304313659668,
      6.203061103820801,
      8.309074401855469,
      10.947574615478516,
      8.605801582336426,
      7.749752044677734,
      7.702888011932373,
      10.745381355285645,
      11.090407371520996,
      8.118683815002441,
      12.351975440979004,
      9.607824325561523,
      10.491865158081055
    ],
    [
      19.84477424621582,
      53.748558044433594,
      11.939764022827148,
      25.903526306152344,
      2.4076013565063477,
      10.865234375,
      1.583024263381958,
      5.192216873168945,
      2.0071494579315186,
      7.336390495300293,
      8.840510368347168,
      11.570077896118164,
      16.460206985473633,
      18.752962112426758,
      10.051610946655273,
      25.523704528808594,
      17.351543426513672,
      16.841859817504883
    ],
    [
      19.09893798828125,
      11.939764022827148,
      41.80635070800781,
      17.085227966308594,
      22.491943359375,
      11.079460144042969,
      20.196046829223633,
      16.531108856201172,
      15.724727630615234,
      13.421055793762207,
      20.051294326782227,
      15.21547794342041,
      17.898048400878906,
      14.048776626586914,
      22.362253189086914,
      22.300504684448242,
      18.760536193847656,
      13.983890533447266
    ],
    [
      8.272649765014648,
      25.903526306152344,
      17.085227966308594,
      40.16676330566406,
      9.00643539428711,
      19.60719108581543,
      8.267580032348633,
      13.858756065368652,
      7.781247138977051,
      12.507749557495117,
      13.022933959960938,
      16.65311622619629,
      18.873096466064453,
      21.49775505065918,
      15.723844528198242,
      27.513044357299805,
      18.009235382080078,
      15.71294116973877
    ],
    [
      2.3678829669952393,
      2.4076013565063477,
      22.491943359375,
      9.00643539428711,
      50.7427864074707,
      22.161252975463867,
      37.19365692138672,
      26.0848445892334,
      25.010522842407227,
      19.738651275634766,
      28.27276039123535,
      19.607412338256836,
      26.533540725708008,
      19.892127990722656,
      35.97013854980469,
      31.12474822998047,
      27.940811157226562,
      21.830190658569336
    ],
    [
      6.979304313659668,
      10.865234375,
      11.079460144042969,
      19.60719108581543,
      22.161252975463867,
      40.291770935058594,
      14.977978706359863,
      21.990863800048828,
      15.21316146850586,
      20.30042839050293,
      20.846088409423828,
      23.21108055114746,
      26.943742752075195,
      30.779415130615234,
      25.27290916442871,
      36.559776306152344,
      25.27240562438965,
      24.616682052612305
    ],
    [
      6.203061103820801,
      1.583024263381958,
      20.196046829223633,
      8.267580032348633,
      37.19365692138672,
      14.977978706359863,
      60.68653869628906,
      36.977291107177734,
      39.30919647216797,
      28.24180030822754,
      31.659317016601562,
      22.677845001220703,
      26.675996780395508,
      20.467592239379883,
      34.205345153808594,
      32.24907684326172,
      29.39981460571289,
      21.723997116088867
    ],
    [
      8.309074401855469,
      5.192216873168945,
      16.531108856201172,
      13.858756065368652,
      26.0848445892334,
      21.990863800048828,
      36.977291107177734,
      40.54463577270508,
      29.126230239868164,
      28.89124298095703,
      27.705059051513672,
      26.369659423828125,
      25.36268424987793,
      25.908039093017578,
      28.848468780517578,
      32.50200653076172,
      26.105609893798828,
      22.134675979614258
    ],
    [
      10.947574615478516,
      2.0071494579315186,
      15.724727630615234,
      7.781247138977051,
      25.010522842407227,
      15.21316146850586,
      39.30919647216797,
      29.126230239868164,
      45.768951416015625,
      30.602924346923828,
      32.19293975830078,
      24.91556739807129,
      27.412500381469727,
      23.77134895324707,
      31.61875343322754,
      31.23231315612793,
      27.103368759155273,
      22.23187255859375
    ],
    [
      8.605801582336426,
      7.336390495300293,
      13.421055793762207,
      12.507749557495117,
      19.738651275634766,
      20.30042839050293,
      28.24180030822754,
      28.89124298095703,
      30.602924346923828,
      36.56134796142578,
      31.750690460205078,
      34.66558074951172,
      29.817237854003906,
      34.927978515625,
      28.193317413330078,
      35.8047981262207,
      27.564762115478516,
      24.49524688720703
    ],
    [
      7.749752044677734,
      8.840510368347168,
      20.051294326782227,
      13.022933959960938,
      28.27276039123535,
      20.846088409423828,
      31.659317016601562,
      27.705059051513672,
      32.19293975830078,
      31.750690460205078,
      56.80293655395508,
      46.87346649169922,
      55.4918212890625,
      52.163631439208984,
      56.42819595336914,
      61.4691276550293,
      46.967525482177734,
      39.7517204284668
    ],
    [
      7.702888011932373,
      11.570077896118164,
      15.21547794342041,
      16.65311622619629,
      19.607412338256836,
      23.21108055114746,
      22.677845001220703,
      26.369659423828125,
      24.91556739807129,
      34.66558074951172,
      46.87346649169922,
      56.91258239746094,
      50.57624816894531,
      59.46382522583008,
      47.35100173950195,
      59.99688720703125,
      41.8287353515625,
      38.7300910949707
    ],
    [
      10.745381355285645,
      16.460206985473633,
      17.898048400878906,
      18.873096466064453,
      26.533540725708008,
      26.943742752075195,
      26.675996780395508,
      25.36268424987793,
      27.412500381469727,
      29.817237854003906,
      55.4918212890625,
      50.57624816894531,
      116.50531768798828,
      93.51200103759766,
      116.68243408203125,
      123.94223022460938,
      103.37578582763672,
      95.72686004638672
    ],
    [
      11.090407371520996,
      18.752962112426758,
      14.048776626586914,
      21.49775505065918,
      19.892127990722656,
      30.779415130615234,
      20.467592239379883,
      25.908039093017578,
      23.77134895324707,
      34.927978515625,
      52.163631439208984,
      59.46382522583008,
      93.51200103759766,
      99.64874267578125,
      89.87821960449219,
      108.90663146972656,
      81.57849884033203,
      78.85304260253906
    ],
    [
      8.118683815002441,
      10.051610946655273,
      22.362253189086914,
      15.723844528198242,
      35.97013854980469,
      25.27290916442871,
      34.205345153808594,
      28.848468780517578,
      31.61875343322754,
      28.193317413330078,
      56.42819595336914,
      47.35100173950195,
      116.68243408203125,
      89.87821960449219,
      155.09837341308594,
      141.3791046142578,
      127.58965301513672,
      118.16063690185547
    ],
    [
      12.351975440979004,
      25.523704528808594,
      22.300504684448242,
      27.513044357299805,
      31.12474822998047,
      36.559776306152344,
      32.24907684326172,
      32.50200653076172,
      31.23231315612793,
      35.8047981262207,
      61.4691276550293,
      59.99688720703125,
      123.94223022460938,
      108.90663146972656,
      141.3791046142578,
      158.53582763671875,
      129.9684600830078,
      123.89572143554688
    ],
    [
      9.607824325561523,
      17.351543426513672,
      18.760536193847656,
      18.009235382080078,
      27.940811157226562,
      25.27240562438965,
      29.39981460571289,
      26.105609893798828,
      27.103368759155273,
      27.564762115478516,
      46.967525482177734,
      41.8287353515625,
      103.37578582763672,
      81.57849884033203,
      127.58965301513672,
      129.9684600830078,
      129.54238891601562,
      120.22894287109375
    ],
    [
      10.491865158081055,
      16.841859817504883,
      13.983890533447266,
      15.71294116973877,
      21.830190658569336,
      24.616682052612305,
      21.723997116088867,
      22.134675979614258,
      22.23187255859375,
      24.49524688720703,
      39.7517204284668,
      38.7300910949707,
      95.72686004638672,
      78.85304260253906,
      118.16063690185547,
      123.89572143554688,
      120.22894287109375,
      118.75289916992188
    ]
  ],
  "damage": -9.838743209838867,
  "diff_bandwidth": 731.487548828125,
  "dissonance": 9.59278882052681,
  "drr": 5.333682060241699,
  "dynamics": 3.2622761726379395,
  "format": 1245190,
  "frames": 7565312,
  "loudness": -14.26603889465332,
  "loudness_range": 8.028783798217773,
  "loudness_range_short": 13.485320091247559,
  "lowpass_true_peak_15khz": 0.9554319381713867,
  "mastering3_acoustic_entropies": [
    {
      "acoustic_entropy": 10.973502159118652,
      "acoustic_entropy_mono": 10.810333251953125,
      "band_eliminated_acoustic_entropies": [
        {
          "acoustic_entropy": 10.795783996582031,
          "acoustic_entropy_side": 10.975377082824707,
          "hz": 129.47220167065723
        },
        {
          "acoustic_entropy": 10.250011444091797,
          "acoustic_entropy_side": 10.892376899719238,
          "hz": 202.92927478742237
        },
        {
          "acoustic_entropy": 10.84517765045166,
          "acoustic_entropy_side": 11.071932792663574,
          "hz": 282.89161906338205
        },
        {
          "acoustic_entropy": 10.621861457824707,
          "acoustic_entropy_side": 11.045001029968262,
          "hz": 369.9353335868758
        },
        {
          "acoustic_entropy": 10.587264060974121,
          "acoustic_entropy_side": 11.079236030578613,
          "hz": 464.6875360973435
        },
        {
          "acoustic_entropy": 10.62646484375,
          "acoustic_entropy_side": 11.049727439880371,
          "hz": 567.8308811364784
        },
        {
          "acoustic_entropy": 10.528904914855957,
          "acoustic_entropy_side": 10.958108901977539,
          "hz": 680.1084783214808
        },
        {
          "acoustic_entropy": 9.747344017028809,
          "acoustic_entropy_side": 10.706245422363281,
          "hz": 802.3292461747484
        },
        {
          "acoustic_entropy": 10.68836784362793,
          "acoustic_entropy_side": 10.807735443115234,
          "hz": 935.3737400823702
        },
        {
          "acoustic_entropy": 10.500293731689453,
          "acoustic_entropy_side": 10.97331714630127,
          "hz": 1080.2004963696966
        },
        {
          "acoustic_entropy": 10.841193199157715,
          "acoustic_entropy_side": 10.956042289733887,
          "hz": 1237.8529382007157
        },
        {
          "acoustic_entropy": 11.04247760772705,
          "acoustic_entropy_side": 10.937987327575684,
          "hz": 1409.4668930556702
        },
        {
          "acoustic_entropy": 10.885427474975586,
          "acoustic_entropy_side": 10.985945701599121,
          "hz": 1596.2787759475705
        },
        {
          "acoustic_entropy": 10.421591758728027,
          "acoustic_entropy_side": 10.95521354675293,
          "hz": 1799.6344973346393
        },
        {
          "acoustic_entropy": 10.54186725616455,
          "acoustic_entropy_side": 10.961641311645508,
          "hz": 2020.9991599069049
        },
        {
          "acoustic_entropy": 10.804605484008789,
          "acoustic_entropy_side": 10.948578834533691,
          "hz": 2261.9676141086993
        },
        {
          "acoustic_entropy": 10.69611930847168,
          "acoustic_entropy_side": 10.949047088623047,
          "hz": 2524.2759484456974
        },
        {
          "acoustic_entropy": 10.948930740356445,
          "acoustic_entropy_side": 10.979072570800781,
          "hz": 2809.813997359896
        },
        {
          "acoustic_entropy": 11.208712577819824,
          "acoustic_entropy_side": 10.979784965515137,
          "hz": 3120.6389567871424
        },
        {
          "acoustic_entropy": 11.108359336853027,
          "acoustic_entropy_side": 11.001766204833984,
          "hz": 3458.990205492291
        },
        {
          "acoustic_entropy": 10.785384178161621,
          "acoustic_entropy_side": 10.956480979919434,
          "hz": 3827.305438964164
        },
        {
          "acoustic_entropy": 11.045830726623535,
          "acoustic_entropy_side": 10.977327346801758,
          "hz": 4228.238232109126
        },
        {
          "acoustic_entropy": 10.897541999816895,
          "acoustic_entropy_side": 11.026249885559082,
          "hz": 4664.6771572759235
        },
        {
          "acoustic_entropy": 10.942219734191895,
          "acoustic_entropy_side": 11.016292572021484,
          "hz": 5139.766595350093
        },
        {
          "acoustic_entropy": 11.090418815612793,
          "acoustic_entropy_side": 11.03345775604248,
          "hz": 5656.929389854203
        },
        {
          "acoustic_entropy": 10.992745399475098,
          "acoustic_entropy_side": 11.005977630615234,
          "hz": 6219.891507268283
        },
        {
          "acoustic_entropy": 10.994917869567871,
          "acoustic_entropy_side": 10.996599197387695,
          "hz": 6832.70888123896
        },
        {
          "acoustic_entropy": 10.916863441467285,
          "acoustic_entropy_side": 10.979426383972168,
          "hz": 7499.796634079867
        },
        {
          "acoustic_entropy": 10.798593521118164,
          "acoustic_entropy_side": 10.979618072509766,
          "hz": 8225.96088609342
        },
        {
          "acoustic_entropy": 10.791711807250977,
          "acoustic_entropy_side": 10.957879066467285,
          "hz": 9016.43338188839
        },
        {
          "acoustic_entropy": 10.887600898742676,
          "acoustic_entropy_side": 10.94311237335205,
          "hz": 9876.909183162974
        },
        {
          "acoustic_entropy": 10.977829933166504,
          "acoustic_entropy_side": 10.93592643737793,
          "hz": 10813.587699516042
        },
        {
          "acoustic_entropy": 10.96426773071289,
          "acoustic_entropy_side": 10.927704811096191,
          "hz": 11833.21735289826
        },
        {
          "acoustic_entropy": 10.922586441040039,
          "acoustic_entropy_side": 10.934073448181152,
          "hz": 12943.144197493959
        },
        {
          "acoustic_entropy": 10.924798965454102,
          "acoustic_entropy_side": 10.943754196166992,
          "hz": 14151.364845322005
        },
        {
          "acoustic_entropy": 10.932470321655273,
          "acoustic_entropy_side": 10.949783325195312,
          "hz": 15466.58407886509
        },
        {
          "acoustic_entropy": 10.924436569213867,
          "acoustic_entropy_side": 10.947859764099121,
          "hz": 16898.27756580493
        },
        {
          "acoustic_entropy": 10.958638191223145,
          "acoustic_entropy_side": 10.964655876159668,
          "hz": 18456.760127700032
        },
        {
          "acoustic_entropy": 10.958803176879883,
          "acoustic_entropy_side": 10.96663761138916,
          "hz": 20153.260054456492
        },
        {
          "acoustic_entropy": 10.972268104553223,
          "acoustic_entropy_side": 10.972755432128906,
          "hz": 22000.00000000001
        }
      ],
      "diff_acoustic_entropy": 9.633415222167969,
      "sn": 6
    },
    {
      "acoustic_entropy": 15.036100387573242,
      "acoustic_entropy_mono": 13.574151992797852,
      "band_eliminated_acoustic_entropies": [
        {
          "acoustic_entropy": 14.745983123779297,
          "acoustic_entropy_side": 15.042909622192383,
          "hz": 129.47220167065723
        },
        {
          "acoustic_entropy": 14.586782455444336,
          "acoustic_entropy_side": 14.986109733581543,
          "hz": 202.92927478742237
        },
        {
          "acoustic_entropy": 15.59564208984375,
          "acoustic_entropy_side": 15.176227569580078,
          "hz": 282.89161906338205
        },
        {
          "acoustic_entropy": 14.542756080627441,
          "acoustic_entropy_side": 15.450287818908691,
          "hz": 369.9353335868758
        },
        {
          "acoustic_entropy": 14.873920440673828,
          "acoustic_entropy_side": 15.067889213562012,
          "hz": 464.6875360973435
        },
        {
          "acoustic_entropy": 14.256579399108887,
          "acoustic_entropy_side": 15.178228378295898,
          "hz": 567.8308811364784
        },
        {
          "acoustic_entropy": 14.564313888549805,
          "acoustic_entropy_side": 15.255828857421875,
          "hz": 680.1084783214808
        },
        {
          "acoustic_entropy": 14.297657012939453,
          "acoustic_entropy_side": 15.377549171447754,
          "hz": 802.3292461747484
        },
        {
          "acoustic_entropy": 15.233052253723145,
          "acoustic_entropy_side": 14.823108673095703,
          "hz": 935.3737400823702
        },
        {
          "acoustic_entropy": 15.622121810913086,
          "acoustic_entropy_side": 15.497214317321777,
          "hz": 1080.2004963696966
        },
        {
          "acoustic_entropy": 14.817143440246582,
          "acoustic_entropy_side": 15.12773609161377,
          "hz": 1237.8529382007157
        },
        {
          "acoustic_entropy": 14.93353271484375,
          "acoustic_entropy_side": 14.99364185333252,
          "hz": 1409.4668930556702
        },
        {
          "acoustic_entropy": 14.978232383728027,
          "acoustic_entropy_side": 14.9838285446167,
          "hz": 1596.2787759475705
        },
        {
          "acoustic_entropy": 15.042276382446289,
          "acoustic_entropy_side": 15.021893501281738,
          "hz": 1799.6344973346393
        },
        {
          "acoustic_entropy": 14.937399864196777,
          "acoustic_entropy_side": 15.028555870056152,
          "hz": 2020.9991599069049
        },
        {
          "acoustic_entropy": 14.394911766052246,
          "acoustic_entropy_side": 14.9041166305542,
          "hz": 2261.9676141086993
        },
        {
          "acoustic_entropy": 14.94414234161377,
          "acoustic_entropy_side": 14.877894401550293,
          "hz": 2524.2759484456974
        },
        {
          "acoustic_entropy": 14.881656646728516,
          "acoustic_entropy_side": 14.960107803344727,
          "hz": 2809.813997359896
        },
        {
          "acoustic_entropy": 14.988359451293945,
          "acoustic_entropy_side": 14.949880599975586,
          "hz": 3120.6389567871424
        },
        {
          "acoustic_entropy": 15.178764343261719,
          "acoustic_entropy_side": 14.92670726776123,
          "hz": 3458.990205492291
        },
        {
          "acoustic_entropy": 14.742330551147461,
          "acoustic_entropy_side": 14.974482536315918,
          "hz": 3827.305438964164
        },
        {
          "acoustic_entropy": 14.876394271850586,
          "acoustic_entropy_side": 15.126105308532715,
          "hz": 4228.238232109126
        },
        {
          "acoustic_entropy": 14.81295108795166,
          "acoustic_entropy_side": 14.973567962646484,
          "hz": 4664.6771572759235
        },
        {
          "acoustic_entropy": 14.863421440124512,
          "acoustic_entropy_side": 14.939183235168457,
          "hz": 5139.766595350093
        },
        {
          "acoustic_entropy": 15.028338432312012,
          "acoustic_entropy_side": 15.01228141784668,
          "hz": 5656.929389854203
        },
        {
          "acoustic_entropy": 15.003748893737793,
          "acoustic_entropy_side": 15.05793285369873,
          "hz": 6219.891507268283
        },
        {
          "acoustic_entropy": 14.969414710998535,
          "acoustic_entropy_side": 14.86229419708252,
          "hz": 6832.70888123896
        },
        {
          "acoustic_entropy": 14.838595390319824,
          "acoustic_entropy_side": 14.908761978149414,
          "hz": 7499.796634079867
        },
        {
          "acoustic_entropy": 14.752636909484863,
          "acoustic_entropy_side": 14.975996017456055,
          "hz": 8225.96088609342
        },
        {
          "acoustic_entropy": 14.720634460449219,
          "acoustic_entropy_side": 15.0255765914917,
          "hz": 9016.43338188839
        },
        {
          "acoustic_entropy": 14.74645709991455,
          "acoustic_entropy_side": 15.003067970275879,
          "hz": 9876.909183162974
        },
        {
          "acoustic_entropy": 14.84935474395752,
          "acoustic_entropy_side": 15.05569076538086,
          "hz": 10813.587699516042
        },
        {
          "acoustic_entropy": 14.791715621948242,
          "acoustic_entropy_side": 14.96672534942627,
          "hz": 11833.21735289826
        },
        {
          "acoustic_entropy": 14.932716369628906,
          "acoustic_entropy_side": 14.9935884475708,
          "hz": 12943.144197493959
        },
        {
          "acoustic_entropy": 15.01374340057373,
          "acoustic_entropy_side": 15.004587173461914,
          "hz": 14151.364845322005
        },
        {
          "acoustic_entropy": 15.016684532165527,
          "acoustic_entropy_side": 15.013314247131348,
          "hz": 15466.58407886509
        },
        {
          "acoustic_entropy": 14.95737361907959,
          "acoustic_entropy_side": 15.00025749206543,
          "hz": 16898.27756580493
        },
        {
          "acoustic_entropy": 14.984315872192383,
          "acoustic_entropy_side": 15.014413833618164,
          "hz": 18456.760127700032
        },
        {
          "acoustic_entropy": 14.998884201049805,
          "acoustic_entropy_side": 15.024820327758789,
          "hz": 20153.260054456492
        },
        {
          "acoustic_entropy": 15.041365623474121,
          "acoustic_entropy_side": 15.040070533752441,
          "hz": 22000.00000000001
        }
      ],
      "diff_acoustic_entropy": 13.599199295043945,
      "sn": 12
    },
    {
      "acoustic_entropy": 22.197452545166016,
      "acoustic_entropy_mono": 16.883617401123047,
      "band_eliminated_acoustic_entropies": [
        {
          "acoustic_entropy": 22.67110252380371,
          "acoustic_entropy_side": 22.149215698242188,
          "hz": 129.47220167065723
        },
        {
          "acoustic_entropy": 22.406484603881836,
          "acoustic_entropy_side": 21.476552963256836,
          "hz": 202.92927478742237
        },
        {
          "acoustic_entropy": 22.519405364990234,
          "acoustic_entropy_side": 21.977867126464844,
          "hz": 282.89161906338205
        },
        {
          "acoustic_entropy": 22.052410125732422,
          "acoustic_entropy_side": 22.17284393310547,
          "hz": 369.9353335868758
        },
        {
          "acoustic_entropy": 22.281494140625,
          "acoustic_entropy_side": 22.281503677368164,
          "hz": 464.6875360973435
        },
        {
          "acoustic_entropy": 21.867639541625977,
          "acoustic_entropy_side": 21.902925491333008,
          "hz": 567.8308811364784
        },
        {
          "acoustic_entropy": 21.36282730102539,
          "acoustic_entropy_side": 22.316143035888672,
          "hz": 680.1084783214808
        },
        {
          "acoustic_entropy": 21.02742576599121,
          "acoustic_entropy_side": 21.620311737060547,
          "hz": 802.3292461747484
        },
        {
          "acoustic_entropy": 22.792755126953125,
          "acoustic_entropy_side": 22.934720993041992,
          "hz": 935.3737400823702
        },
        {
          "acoustic_entropy": 22.051713943481445,
          "acoustic_entropy_side": 21.971817016601562,
          "hz": 1080.2004963696966
        },
        {
          "acoustic_entropy": 22.186731338500977,
          "acoustic_entropy_side": 22.125823974609375,
          "hz": 1237.8529382007157
        },
        {
          "acoustic_entropy": 22.550222396850586,
          "acoustic_entropy_side": 22.541492462158203,
          "hz": 1409.4668930556702
        },
        {
          "acoustic_entropy": 22.46815299987793,
          "acoustic_entropy_side": 22.493885040283203,
          "hz": 1596.2787759475705
        },
        {
          "acoustic_entropy": 22.829919815063477,
          "acoustic_entropy_side": 22.432926177978516,
          "hz": 1799.6344973346393
        },
        {
          "acoustic_entropy": 22.841127395629883,
          "acoustic_entropy_side": 22.357376098632812,
          "hz": 2020.9991599069049
        },
        {
          "acoustic_entropy": 22.18804931640625,
          "acoustic_entropy_side": 22.261627197265625,
          "hz": 2261.9676141086993
        },
        {
          "acoustic_entropy": 22.715984344482422,
          "acoustic_entropy_side": 22.390241622924805,
          "hz": 2524.2759484456974
        },
        {
          "acoustic_entropy": 22.4541015625,
          "acoustic_entropy_side": 22.26022720336914,
          "hz": 2809.813997359896
        },
        {
