{
  "acoustic_entropy": 211.7018280029297,
  "bands": [
    {
      "high_freq": 148.1999969482422,
      "loudness": -20.374446868896484,
      "loudness_range": 6.34388542175293,
      "mid_mean": -17.32769203186035,
      "mid_to_side_loudness": -9.460710525512695,
      "mid_to_side_loudness_range": 12.337239265441895,
      "side_mean": -26.841053009033203
    },
    {
      "high_freq": 392.3793640136719,
      "loudness": -21.091405868530273,
      "loudness_range": 5.656709671020508,
      "low_freq": 148.1999969482422,
      "mid_mean": -18.439725875854492,
      "mid_to_side_loudness": -6.4891204833984375,
      "mid_to_side_loudness_range": 10.505985260009766,
      "side_mean": -25.118324279785156
    },
    {
      "high_freq": 794.6976318359375,
      "loudness": -23.819660186767578,
      "loudness_range": 8.438493728637695,
      "low_freq": 392.3793640136719,
      "mid_mean": -22.10197639465332,
      "mid_to_side_loudness": -2.812549114227295,
      "mid_to_side_loudness_range": 5.62283992767334,
      "side_mean": -24.917638778686523
    },
    {
      "high_freq": 1457.5709228515625,
      "loudness": -23.354694366455078,
      "loudness_range": 8.313924789428711,
      "low_freq": 794.6976318359375,
      "mid_mean": -20.709758758544922,
      "mid_to_side_loudness": -6.000807762145996,
      "mid_to_side_loudness_range": 7.4585185050964355,
      "side_mean": -27.005584716796875
    },
    {
      "high_freq": 2549.74365234375,
      "loudness": -21.283079147338867,
      "loudness_range": 8.341974258422852,
      "low_freq": 1457.5709228515625,
      "mid_mean": -18.7924861907959,
      "mid_to_side_loudness": -5.973898410797119,
      "mid_to_side_loudness_range": 8.520615577697754,
      "side_mean": -24.945100784301758
    },
    {
      "high_freq": 4349.24462890625,
      "loudness": -21.921661376953125,
      "loudness_range": 6.759685516357422,
      "low_freq": 2549.74365234375,
      "mid_mean": -19.254745483398438,
      "mid_to_side_loudness": -6.370321273803711,
      "mid_to_side_loudness_range": 7.345298767089844,
      "side_mean": -25.809326171875
    },
    {
      "high_freq": 7314.1640625,
      "loudness": -24.91815948486328,
      "loudness_range": 7.426723480224609,
      "low_freq": 4349.24462890625,
      "mid_mean": -21.80748176574707,
      "mid_to_side_loudness": -8.932869911193848,
      "mid_to_side_loudness_range": 6.417758464813232,
      "side_mean": -30.941186904907227
    },
    {
      "high_freq": 12199.2666015625,
      "loudness": -30.97378921508789,
      "loudness_range": 10.800865173339844,
      "low_freq": 7314.1640625,
      "mid_mean": -27.812158584594727,
      "mid_to_side_loudness": -9.475095748901367,
      "mid_to_side_loudness_range": 8.61174201965332,
      "side_mean": -37.532413482666016
    },
    {
      "loudness": -41.68175506591797,
      "loudness_range": 13.591835021972656,
      "low_freq": 12199.2666015625,
      "mid_mean": -38.55019760131836,
      "mid_to_side_loudness": -9.634758949279785,
      "mid_to_side_loudness_range": 9.43917465209961,
      "side_mean": -48.20271301269531
    }
  ],
  "bands_short": [
    {
      "high_freq": 148.1999969482422,
      "loudness": -24.753311157226562,
      "loudness_range": 13.827363967895508,
      "mid_mean": -21.806739807128906,
      "mid_to_side_loudness": -10.663872718811035,
      "mid_to_side_loudness_range": 17.768627166748047,
      "side_mean": -32.386600494384766
    },
    {
      "high_freq": 392.3793640136719,
      "loudness": -19.643054962158203,
      "loudness_range": 7.090139389038086,
      "low_freq": 148.1999969482422,
      "mid_mean": -17.014455795288086,
      "mid_to_side_loudness": -6.9556193351745605,
      "mid_to_side_loudness_range": 13.775153160095215,
      "side_mean": -24.28874969482422
    },
    {
      "high_freq": 794.6976318359375,
      "loudness": -24.56955909729004,
      "loudness_range": 10.120203018188477,
      "low_freq": 392.3793640136719,
      "mid_mean": -23.012489318847656,
      "mid_to_side_loudness": -2.7095863819122314,
      "mid_to_side_loudness_range": 9.03573226928711,
      "side_mean": -25.729345321655273
    },
    {
      "high_freq": 1457.5709228515625,
      "loudness": -23.36264991760254,
      "loudness_range": 10.183526992797852,
      "low_freq": 794.6976318359375,
      "mid_mean": -20.910755157470703,
      "mid_to_side_loudness": -5.662208080291748,
      "mid_to_side_loudness_range": 10.181032180786133,
      "side_mean": -26.765878677368164
    },
    {
      "high_freq": 2549.74365234375,
      "loudness": -21.603382110595703,
      "loudness_range": 9.789274215698242,
      "low_freq": 1457.5709228515625,
      "mid_mean": -19.178573608398438,
      "mid_to_side_loudness": -5.890894889831543,
      "mid_to_side_loudness_range": 10.812479019165039,
      "side_mean": -25.27340316772461
    },
    {
      "high_freq": 4349.24462890625,
      "loudness": -22.293865203857422,
      "loudness_range": 8.690801620483398,
      "low_freq": 2549.74365234375,
      "mid_mean": -19.76156234741211,
      "mid_to_side_loudness": -6.147003173828125,
      "mid_to_side_loudness_range": 9.953073501586914,
      "side_mean": -26.095895767211914
    },
    {
      "high_freq": 7314.1640625,
      "loudness": -25.738737106323242,
      "loudness_range": 11.590011596679688,
      "low_freq": 4349.24462890625,
      "mid_mean": -22.7799129486084,
      "mid_to_side_loudness": -8.305398941040039,
      "mid_to_side_loudness_range": 10.210467338562012,
      "side_mean": -31.311203002929688
    },
    {
      "high_freq": 12199.2666015625,
      "loudness": -32.46611785888672,
      "loudness_range": 16.4465274810791,
      "low_freq": 7314.1640625,
      "mid_mean": -29.514122009277344,
      "mid_to_side_loudness": -8.600913047790527,
      "mid_to_side_loudness_range": 11.356666564941406,
      "side_mean": -38.29298782348633
    },
    {
      "loudness": -43.4710693359375,
      "loudness_range": 19.538738250732422,
      "low_freq": 12199.2666015625,
      "mid_mean": -40.570919036865234,
      "mid_to_side_loudness": -8.275683403015137,
      "mid_to_side_loudness_range": 10.825902938842773,
      "side_mean": -48.93421936035156
    }
  ],
  "bandwidth": 694.7373046875,
  "channels": 2,
  "covariance": [
    [
      5.691634178161621,
      4.176413536071777,
      1.0630700588226318,
      1.565922498703003,
      0.7823380827903748,
      1.259055256843567,
      1.165771722793579,
      1.4420057535171509,
      1.3627177476882935,
      1.7682483196258545,
      1.4883326292037964,
      1.6755867004394531,
      1.4236812591552734,
      1.720977544784546,
      0.5127295255661011,
      1.4052069187164307,
      0.13326235115528107,
      1.5564351081848145
    ],
    [
      4.176413536071777,
      20.300735473632812,
      2.8654136657714844,
      7.9908342361450195,
      2.002211809158325,
      4.462136745452881,
      2.032006025314331,
      5.486057758331299,
      2.676682710647583,
      6.780544757843018,
      3.060033082962036,
      5.990584850311279,
      3.0465121269226074,
      6.397729396820068,
      3.2640604972839355,
      5.613737106323242,
      1.4007571935653687,
      4.487029552459717
    ],
    [
      1.0630700588226318,
      2.8654136657714844,
      4.372872829437256,
      4.875423431396484,
      2.218285322189331,
      3.2042112350463867,
      2.6745026111602783,
      3.650125503540039,
      2.7102813720703125,
      3.8015360832214355,
      2.7475852966308594,
      3.8410093784332275,
      3.477125406265259,
      4.162116527557373,
      3.9119760990142822,
      4.586160182952881,
      2.709616184234619,
      5.038111686706543
    ],
    [
      1.565922498703003,
      7.9908342361450195,
      4.875423431396484,
      23.766321182250977,
      4.397572040557861,
      10.634317398071289,
      5.086719036102295,
      12.422737121582031,
      2.7873449325561523,
      10.867695808410645,
      2.283057928085327,
      9.52828311920166,
      3.30069637298584,
      9.418553352355957,
      3.663954019546509,
      8.702832221984863,
      2.0248613357543945,
      7.652679920196533
    ],
    [
      0.7823380827903748,
      2.002211809158325,
      2.218285322189331,
      4.397572040557861,
      9.056478500366211,
      9.162574768066406,
      3.7780632972717285,
      6.4593963623046875,
      3.6677358150482178,
      5.239612579345703,
      3.4206340312957764,
      5.012799263000488,
      3.919018030166626,
      5.040651798248291,
      5.025588035583496,
      6.979511737823486,
      4.168328762054443,
      7.710920333862305
    ],
    [
      1.259055256843567,
      4.462136745452881,
      3.2042112350463867,
      10.634317398071289,
      9.162574768066406,
      17.633939743041992,
      6.267165184020996,
      13.712678909301758,
      3.5746591091156006,
      11.19978141784668,
      2.892810344696045,
      9.921050071716309,
      3.929448366165161,
      8.409643173217773,
      4.948911666870117,
      9.516861915588379,
      3.9452364444732666,
      10.05128002166748
    ],
    [
      1.165771722793579,
      2.032006025314331,
      2.6745026111602783,
      5.086719036102295,
      3.7780632972717285,
      6.267165184020996,
      9.602523803710938,
      9.368979454040527,
      1.2983529567718506,
      6.780215263366699,
      2.247603178024292,
      6.701076984405518,
      3.669236660003662,
      6.0390400886535645,
      4.375162601470947,
      6.137470722198486,
      3.28147554397583,
      7.363160133361816
    ],
    [
      1.4420057535171509,
      5.486057758331299,
      3.650125503540039,
      12.422737121582031,
      6.4593963623046875,
      13.712678909301758,
      9.368979454040527,
      19.089033126831055,
      1.3014179468154907,
      13.954710006713867,
      0.9127100706100464,
      12.349631309509277,
      3.4162259101867676,
      10.722060203552246,
      5.214056015014648,
      10.407146453857422,
      4.086493968963623,
      10.802626609802246
    ],
    [
      1.3627177476882935,
      2.676682710647583,
      2.7102813720703125,
      2.7873449325561523,
      3.6677358150482178,
      3.5746591091156006,
      1.2983529567718506,
      1.3014179468154907,
      13.516953468322754,
      5.860011100769043,
      10.357749938964844,
      6.059433937072754,
      7.6629958152771,
      6.510625839233398,
      5.947819232940674,
      7.614431381225586,
      4.0563249588012695,
      7.677683353424072
    ],
    [
      1.7682483196258545,
      6.780544757843018,
      3.8015360832214355,
      10.867695808410645,
      5.239612579345703,
      11.19978141784668,
      6.780215263366699,
      13.954710006713867,
      5.860011100769043,
      15.364724159240723,
      4.23360013961792,
      13.250025749206543,
      5.046365261077881,
      11.791849136352539,
      5.403111457824707,
      10.879833221435547,
      3.4771602153778076,
      10.531603813171387
    ],
    [
      1.4883326292037964,
      3.060033082962036,
      2.7475852966308594,
      2.283057928085327,
      3.4206340312957764,
      2.892810344696045,
      2.247603178024292,
      0.9127100706100464,
      10.357749938964844,
      4.23360013961792,
      10.282520294189453,
      5.5067138671875,
      8.065228462219238,
      6.457895755767822,
      6.230854034423828,
      6.90077543258667,
      3.8692574501037598,
      6.343781471252441
    ],
    [
      1.6755867004394531,
      5.990584850311279,
      3.8410093784332275,
      9.52828311920166,
      5.012799263000488,
      9.921050071716309,
      6.701076984405518,
      12.349631309509277,
      6.059433937072754,
      13.250025749206543,
      5.5067138671875,
      13.349627494812012,
      6.33246374130249,
      12.141745567321777,
      6.182995796203613,
      10.749159812927246,
      3.673617124557495,
      9.766704559326172
    ],
    [
      1.4236812591552734,
      3.0465121269226074,
      3.477125406265259,
      3.30069637298584,
      3.919018030166626,
      3.929448366165161,
      3.669236660003662,
      3.4162259101867676,
      7.6629958152771,
      5.046365261077881,
      8.065228462219238,
      6.33246374130249,
      10.325530052185059,
      8.434600830078125,
      9.45631217956543,
      9.330042839050293,
      6.693490982055664,
      9.171011924743652
    ],
    [
      1.720977544784546,
      6.397729396820068,
      4.162116527557373,
      9.418553352355957,
      5.040651798248291,
      8.409643173217773,
      6.0390400886535645,
      10.722060203552246,
      6.510625839233398,
      11.791849136352539,
      6.457895755767822,
      12.141745567321777,
      8.434600830078125,
      14.404715538024902,
      8.077591896057129,
      12.936938285827637,
      5.128077507019043,
      10.92725658416748
    ],
    [
      0.5127295255661011,
      3.2640604972839355,
      3.9119760990142822,
      3.663954019546509,
      5.025588035583496,
      4.948911666870117,
      4.375162601470947,
      5.214056015014648,
      5.947819232940674,
      5.403111457824707,
      6.230854034423828,
      6.182995796203613,
      9.45631217956543,
      8.077591896057129,
      14.509867668151855,
      14.021232604980469,
      13.831665992736816,
      16.595643997192383
    ],
    [
      1.4052069187164307,
      5.613737106323242,
      4.586160182952881,
      8.702832221984863,
      6.979511737823486,
      9.516861915588379,
      6.137470722198486,
      10.407146453857422,
      7.614431381225586,
      10.879833221435547,
      6.90077543258667,
      10.749159812927246,
      9.330042839050293,
      12.936938285827637,
      14.021232604980469,
      21.84794044494629,
      14.544596672058105,
      24.377582550048828
    ],
    [
      0.13326235115528107,
      1.4007571935653687,
      2.709616184234619,
      2.0248613357543945,
      4.168328762054443,
      3.9452364444732666,
      3.28147554397583,
      4.086493968963623,
      4.0563249588012695,
      3.4771602153778076,
      3.8692574501037598,
      3.673617124557495,
      6.693490982055664,
      5.128077507019043,
      13.831665992736816,
      14.544596672058105,
      18.053653717041016,
      20.438634872436523
    ],
    [
      1.5564351081848145,
      4.487029552459717,
      5.038111686706543,
      7.652679920196533,
      7.710920333862305,
      10.05128002166748,
      7.363160133361816,
      10.802626609802246,
      7.677683353424072,
      10.531603813171387,
      6.343781471252441,
      9.766704559326172,
      9.171011924743652,
      10.92725658416748,
      16.595643997192383,
      24.377582550048828,
      20.438634872436523,
      34.49482727050781
    ]
  ],
  "covariance_short": [
    [
      25.233320236206055,
      9.952245712280273,
      4.432138919830322,
      3.479041576385498,
      1.9877384901046753,
      2.4701836109161377,
      3.0050904750823975,
      3.4196436405181885,
      3.631913185119629,
      4.374561786651611,
      4.080646514892578,
      4.286477565765381,
      4.874022960662842,
      4.778357982635498,
      3.9606149196624756,
      3.860081195831299,
      3.9058096408843994,
      4.785500526428223
    ],
    [
      9.952245712280273,
      33.429908752441406,
      2.838223934173584,
      11.61093521118164,
      1.7399489879608154,
      3.4471468925476074,
      1.6306556463241577,
      4.506190776824951,
      1.9770976305007935,
      5.071900844573975,
      1.5704867839813232,
      3.8949148654937744,
      2.2604353427886963,
      4.790514945983887,
      1.9485793113708496,
      3.8143908977508545,
      0.7101243734359741,
      3.74409818649292
    ],
    [
      4.432138919830322,
      2.838223934173584,
      8.167196273803711,
      5.302351474761963,
      2.8764233589172363,
      3.172942876815796,
      3.316622257232666,
      3.4574689865112305,
      3.2637338638305664,
      3.779231309890747,
      4.259291648864746,
      3.933440923690796,
      4.971995830535889,
      4.586184978485107,
      5.085749626159668,
      4.550204753875732,
      4.139569282531738,
      4.78312873840332
    ],
    [
      3.479041576385498,
      11.61093521118164,
      5.302351474761963,
      29.58011245727539,
      5.195240020751953,
      10.647854804992676,
      5.626236915588379,
      12.128426551818848,
      3.9131314754486084,
      11.081474304199219,
      4.261209964752197,
      9.81682300567627,
      4.472605228424072,
      10.208168029785156,
      4.346744060516357,
      8.761969566345215,
      0.9553014039993286,
      8.376618385314941
    ],
    [
      1.9877384901046753,
      1.7399489879608154,
      2.8764233589172363,
      5.195240020751953,
      13.524887084960938,
      10.748950004577637,
      5.56798791885376,
      7.273219108581543,
      4.369236946105957,
      6.016246795654297,
      5.0116496086120605,
      6.310266017913818,
      5.620086193084717,
      6.146051406860352,
      7.755662441253662,
      8.21390151977539,
      7.090977191925049,
      9.950105667114258
    ],
    [
      2.4701836109161377,
      3.4471468925476074,
      3.172942876815796,
      10.647854804992676,
      10.748950004577637,
      22.65022087097168,
      7.4982523918151855,
      14.022937774658203,
      4.5647382736206055,
      11.783288955688477,
      4.297362804412842,
      11.126916885375977,
      5.148656845092773,
      9.767736434936523,
      7.590594291687012,
      10.794560432434082,
      6.787019729614258,
      12.57595443725586
    ],
    [
      3.0050904750823975,
      1.6306556463241577,
      3.316622257232666,
      5.626236915588379,
      5.56798791885376,
      7.4982523918151855,
      15.612767219543457,
      11.335034370422363,
      4.394014835357666,
      8.710121154785156,
      6.0817999839782715,
      9.111494064331055,
      6.85294246673584,
      8.95694637298584,
      8.310173034667969,
      8.7493314743042,
      7.27604341506958,
      9.858256340026855
    ],
    [
      3.4196436405181885,
      4.506190776824951,
      3.4574689865112305,
      12.128426551818848,
      7.273219108581543,
      14.022937774658203,
      11.335034370422363,
      22.76884651184082,
      3.343087673187256,
      15.187138557434082,
      3.1389801502227783,
      13.834786415100098,
      4.986495018005371,
      12.739815711975098,
      8.2467679977417,
      11.714071273803711,
      7.012805461883545,
      13.259357452392578
    ],
    [
      3.631913185119629,
      1.9770976305007935,
      3.2637338638305664,
      3.9131314754486084,
      4.369236946105957,
      4.5647382736206055,
      4.394014835357666,
      3.343087673187256,
      17.988840103149414,
      8.069991111755371,
      14.112157821655273,
      8.33150577545166,
      12.4718599319458,
      9.018624305725098,
      9.932424545288086,
      9.54926872253418,
      8.889739990234375,
      10.236748695373535
    ],
    [
      4.374561786651611,
      5.071900844573975,
      3.779231309890747,
      11.081474304199219,
      6.016246795654297,
      11.783288955688477,
      8.710121154785156,
      15.187138557434082,
      8.069991111755371,
      18.65617561340332,
      6.991566181182861,
      15.059134483337402,
      7.700911521911621,
      14.006056785583496,
      9.332737922668457,
      12.348001480102539,
      7.579362869262695,
      12.840290069580078
    ],
    [
      4.080646514892578,
      1.5704867839813232,
      4.259291648864746,
      4.261209964752197,
      5.0116496086120605,
      4.297362804412842,
      6.0817999839782715,
      3.1389801502227783,
      14.112157821655273,
      6.991566181182861,
      17.5990047454834,
      8.982726097106934,
      15.89072036743164,
      10.300029754638672,
      13.11902904510498,
      10.041912078857422,
      10.723457336425781,
      9.994471549987793
    ],
    [
      4.286477565765381,
      3.8949148654937744,
      3.933440923690796,
      9.81682300567627,
      6.310266017913818,
      11.126916885375977,
      9.111494064331055,
      13.834786415100098,
      8.33150577545166,
      15.059134483337402,
      8.982726097106934,
      17.011146545410156,
      10.048002243041992,
      15.150483131408691,
      11.208971977233887,
      12.980870246887207,
      8.9302978515625,
      12.948956489562988
    ],
    [
      4.874022960662842,
      2.2604353427886963,
      4.971995830535889,
      4.472605228424072,
      5.620086193084717,
      5.148656845092773,
      6.85294246673584,
      4.986495018005371,
      12.4718599319458,
      7.700911521911621,
      15.89072036743164,
      10.048002243041992,
      23.24198341369629,
      14.2930326461792,
      23.36345863342285,
      15.498661994934082,
      20.408935546875,
      15.087496757507324
    ],
    [
      4.778357982635498,
      4.790514945983887,
      4.586184978485107,
      10.208168029785156,
      6.146051406860352,
      9.767736434936523,
      8.95694637298584,
      12.739815711975098,
      9.018624305725098,
      14.006056785583496,
      10.300029754638672,
      15.150483131408691,
      14.2930326461792,
      20.050621032714844,
      15.931055068969727,
      17.612817764282227,
      12.640294075012207,
      16.167869567871094
    ],
    [
      3.9606149196624756,
      1.9485793113708496,
      5.085749626159668,
      4.346744060516357,
      7.755662441253662,
      7.590594291687012,
      8.310173034667969,
      8.2467679977417,
      9.932424545288086,
      9.332737922668457,
      13.11902904510498,
      11.208971977233887,
      23.36345863342285,
      15.931055068969727,
      37.837703704833984,
      25.747758865356445,
      38.2575798034668,
      28.70305633544922
    ],
    [
      3.860081195831299,
      3.8143908977508545,
      4.550204753875732,
      8.761969566345215,
      8.21390151977539,
      10.794560432434082,
      8.7493314743042,
      11.714071273803711,
      9.54926872253418,
      12.348001480102539,
      10.041912078857422,
      12.980870246887207,
      15.498661994934082,
      17.612817764282227,
      25.747758865356445,
      29.74648666381836,
      26.84906005859375,
      31.953020095825195
    ],
    [
      3.9058096408843994,
      0.7101243734359741,
      4.139569282531738,
      0.9553014039993286,
      7.090977191925049,
      6.787019729614258,
      7.27604341506958,
      7.012805461883545,
      8.889739990234375,
      7.579362869262695,
      10.723457336425781,
      8.9302978515625,
      20.408935546875,
      12.640294075012207,
      38.2575798034668,
      26.84906005859375,
      47.90846252441406,
      35.81065368652344
    ],
    [
      4.785500526428223,
      3.74409818649292,
      4.78312873840332,
      8.376618385314941,
      9.950105667114258,
      12.57595443725586,
      9.858256340026855,
      13.259357452392578,
      10.236748695373535,
      12.840290069580078,
      9.994471549987793,
      12.948956489562988,
      15.087496757507324,
      16.167869567871094,
      28.70305633544922,
      31.953020095825195,
      35.81065368652344,
      44.3948974609375
    ]
  ],
  "damage": -6.613159656524658,
  "diff_bandwidth": 693.3387451171875,
  "dissonance": 9.872042596158957,
  "drr": 2.7971413135528564,
  "dynamics": 1.723924160003662,
  "format": 1245190,
  "frames": 4935680,
  "loudness": -10.046246528625488,
  "loudness_range": 4.560227870941162,
  "loudness_range_short": 5.520669937133789,
  "lowpass_true_peak_15khz": 0.5930131673812866,
  "mastering3_acoustic_entropies": [
    {
      "acoustic_entropy": 6.019308090209961,
      "acoustic_entropy_mono": 6.254943370819092,
      "band_eliminated_acoustic_entropies": [
        {
          "acoustic_entropy": 5.956973552703857,
          "acoustic_entropy_side": 6.026267051696777,
          "hz": 129.47220167065723
        },
        {
          "acoustic_entropy": 6.243082523345947,
          "acoustic_entropy_side": 6.0955810546875,
          "hz": 202.92927478742237
        },
        {
          "acoustic_entropy": 6.035478115081787,
          "acoustic_entropy_side": 5.961296558380127,
          "hz": 282.89161906338205
        },
        {
          "acoustic_entropy": 6.0006327629089355,
          "acoustic_entropy_side": 6.012699604034424,
          "hz": 369.9353335868758
        },
        {
          "acoustic_entropy": 5.9305524826049805,
          "acoustic_entropy_side": 6.028432846069336,
          "hz": 464.6875360973435
        },
        {
          "acoustic_entropy": 5.7508955001831055,
          "acoustic_entropy_side": 6.021496772766113,
          "hz": 567.8308811364784
        },
        {
          "acoustic_entropy": 5.702840328216553,
          "acoustic_entropy_side": 5.9912824630737305,
          "hz": 680.1084783214808
        },
        {
          "acoustic_entropy": 6.033134460449219,
          "acoustic_entropy_side": 5.989840030670166,
          "hz": 802.3292461747484
        },
        {
          "acoustic_entropy": 5.4787468910217285,
          "acoustic_entropy_side": 6.072389125823975,
          "hz": 935.3737400823702
        },
        {
          "acoustic_entropy": 5.070298671722412,
          "acoustic_entropy_side": 5.928553104400635,
          "hz": 1080.2004963696966
        },
        {
          "acoustic_entropy": 5.341799736022949,
          "acoustic_entropy_side": 6.047942638397217,
          "hz": 1237.8529382007157
        },
        {
          "acoustic_entropy": 5.350211143493652,
          "acoustic_entropy_side": 6.105710029602051,
          "hz": 1409.4668930556702
        },
        {
          "acoustic_entropy": 6.006494045257568,
          "acoustic_entropy_side": 5.828124046325684,
          "hz": 1596.2787759475705
        },
        {
          "acoustic_entropy": 5.4761457443237305,
          "acoustic_entropy_side": 5.839391708374023,
          "hz": 1799.6344973346393
        },
        {
          "acoustic_entropy": 5.859296798706055,
          "acoustic_entropy_side": 6.081954479217529,
          "hz": 2020.9991599069049
        },
        {
          "acoustic_entropy": 6.078164577484131,
          "acoustic_entropy_side": 5.981570243835449,
          "hz": 2261.9676141086993
        },
        {
          "acoustic_entropy": 5.9669718742370605,
          "acoustic_entropy_side": 6.084621429443359,
          "hz": 2524.2759484456974
        },
        {
          "acoustic_entropy": 5.927384376525879,
          "acoustic_entropy_side": 6.0739006996154785,
          "hz": 2809.813997359896
        },
        {
          "acoustic_entropy": 6.022444248199463,
          "acoustic_entropy_side": 6.068907737731934,
          "hz": 3120.6389567871424
        },
        {
          "acoustic_entropy": 5.947056293487549,
          "acoustic_entropy_side": 6.062039375305176,
          "hz": 3458.990205492291
        },
        {
          "acoustic_entropy": 6.009539604187012,
          "acoustic_entropy_side": 6.092221260070801,
          "hz": 3827.305438964164
        },
        {
          "acoustic_entropy": 5.949641704559326,
          "acoustic_entropy_side": 6.056080341339111,
          "hz": 4228.238232109126
        },
        {
          "acoustic_entropy": 5.958213806152344,
          "acoustic_entropy_side": 6.07235860824585,
          "hz": 4664.6771572759235
        },
        {
          "acoustic_entropy": 5.971517562866211,
          "acoustic_entropy_side": 6.051020622253418,
          "hz": 5139.766595350093
        },
        {
          "acoustic_entropy": 6.007296085357666,
          "acoustic_entropy_side": 6.032588005065918,
          "hz": 5656.929389854203
        },
        {
          "acoustic_entropy": 5.93262243270874,
          "acoustic_entropy_side": 6.031021595001221,
          "hz": 6219.891507268283
        },
        {
          "acoustic_entropy": 6.057435035705566,
          "acoustic_entropy_side": 6.056086540222168,
          "hz": 6832.70888123896
        },
        {
          "acoustic_entropy": 6.164215087890625,
          "acoustic_entropy_side": 6.064180374145508,
          "hz": 7499.796634079867
        },
        {
          "acoustic_entropy": 6.111573696136475,
          "acoustic_entropy_side": 6.024595260620117,
          "hz": 8225.96088609342
        },
        {
          "acoustic_entropy": 6.04978609085083,
          "acoustic_entropy_side": 6.008798599243164,
          "hz": 9016.43338188839
        },
        {
          "acoustic_entropy": 5.967063903808594,
          "acoustic_entropy_side": 5.994676113128662,
          "hz": 9876.909183162974
        },
        {
          "acoustic_entropy": 5.86810302734375,
          "acoustic_entropy_side": 5.928512096405029,
          "hz": 10813.587699516042
        },
        {
          "acoustic_entropy": 5.815600872039795,
          "acoustic_entropy_side": 5.963438034057617,
          "hz": 11833.21735289826
        },
        {
          "acoustic_entropy": 5.7445878982543945,
          "acoustic_entropy_side": 5.983541965484619,
          "hz": 12943.144197493959
        },
        {
          "acoustic_entropy": 5.9172773361206055,
          "acoustic_entropy_side": 6.003554344177246,
          "hz": 14151.364845322005
        },
        {
          "acoustic_entropy": 5.953989505767822,
          "acoustic_entropy_side": 6.010592460632324,
          "hz": 15466.58407886509
        },
        {
          "acoustic_entropy": 5.973906517028809,
          "acoustic_entropy_side": 6.013676643371582,
          "hz": 16898.27756580493
        },
        {
          "acoustic_entropy": 5.9971923828125,
          "acoustic_entropy_side": 6.016059398651123,
          "hz": 18456.760127700032
        },
        {
          "acoustic_entropy": 6.006648540496826,
          "acoustic_entropy_side": 6.016920566558838,
          "hz": 20153.260054456492
        },
        {
          "acoustic_entropy": 6.0168776512146,
          "acoustic_entropy_side": 6.018746376037598,
          "hz": 22000.00000000001
        }
      ],
      "diff_acoustic_entropy": 4.239719867706299,
      "sn": 6
    },
    {
      "acoustic_entropy": 10.46362590789795,
      "acoustic_entropy_mono": 9.154900550842285,
      "band_eliminated_acoustic_entropies": [
        {
          "acoustic_entropy": 10.324747085571289,
          "acoustic_entropy_side": 10.45007038116455,
          "hz": 129.47220167065723
        },
        {
          "acoustic_entropy": 10.99824047088623,
          "acoustic_entropy_side": 10.560930252075195,
          "hz": 202.92927478742237
        },
        {
          "acoustic_entropy": 10.165371894836426,
          "acoustic_entropy_side": 10.056205749511719,
          "hz": 282.89161906338205
        },
        {
          "acoustic_entropy": 10.275755882263184,
          "acoustic_entropy_side": 10.50847053527832,
          "hz": 369.9353335868758
        },
        {
          "acoustic_entropy": 10.606998443603516,
          "acoustic_entropy_side": 10.280691146850586,
          "hz": 464.6875360973435
        },
        {
          "acoustic_entropy": 9.876561164855957,
          "acoustic_entropy_side": 10.404281616210938,
          "hz": 567.8308811364784
        },
        {
          "acoustic_entropy": 10.176572799682617,
          "acoustic_entropy_side": 9.937532424926758,
          "hz": 680.1084783214808
        },
        {
          "acoustic_entropy": 10.630983352661133,
          "acoustic_entropy_side": 10.555822372436523,
          "hz": 802.3292461747484
        },
        {
          "acoustic_entropy": 9.534544944763184,
          "acoustic_entropy_side": 10.339808464050293,
          "hz": 935.3737400823702
        },
        {
          "acoustic_entropy": 10.89708137512207,
          "acoustic_entropy_side": 10.320810317993164,
          "hz": 1080.2004963696966
        },
        {
          "acoustic_entropy": 10.026541709899902,
          "acoustic_entropy_side": 10.31137752532959,
          "hz": 1237.8529382007157
        },
        {
          "acoustic_entropy": 10.597088813781738,
          "acoustic_entropy_side": 10.434956550598145,
          "hz": 1409.4668930556702
        },
        {
          "acoustic_entropy": 10.569037437438965,
          "acoustic_entropy_side": 10.65017032623291,
          "hz": 1596.2787759475705
        },
        {
          "acoustic_entropy": 10.547554016113281,
          "acoustic_entropy_side": 10.630141258239746,
          "hz": 1799.6344973346393
        },
        {
          "acoustic_entropy": 10.045783996582031,
          "acoustic_entropy_side": 10.189903259277344,
          "hz": 2020.9991599069049
        },
        {
          "acoustic_entropy": 10.051119804382324,
          "acoustic_entropy_side": 10.485274314880371,
          "hz": 2261.9676141086993
        },
        {
          "acoustic_entropy": 10.30026912689209,
          "acoustic_entropy_side": 10.533656120300293,
          "hz": 2524.2759484456974
        },
        {
          "acoustic_entropy": 10.383288383483887,
          "acoustic_entropy_side": 10.53790283203125,
          "hz": 2809.813997359896
        },
        {
          "acoustic_entropy": 10.333111763000488,
          "acoustic_entropy_side": 10.41769790649414,
          "hz": 3120.6389567871424
        },
        {
          "acoustic_entropy": 10.4266996383667,
          "acoustic_entropy_side": 10.521496772766113,
          "hz": 3458.990205492291
        },
        {
          "acoustic_entropy": 10.315716743469238,
          "acoustic_entropy_side": 10.513718605041504,
          "hz": 3827.305438964164
        },
        {
          "acoustic_entropy": 10.41407299041748,
          "acoustic_entropy_side": 10.489167213439941,
          "hz": 4228.238232109126
        },
        {
          "acoustic_entropy": 10.4463472366333,
          "acoustic_entropy_side": 10.455936431884766,
          "hz": 4664.6771572759235
        },
        {
          "acoustic_entropy": 10.414710998535156,
          "acoustic_entropy_side": 10.560982704162598,
          "hz": 5139.766595350093
        },
        {
          "acoustic_entropy": 10.636578559875488,
          "acoustic_entropy_side": 10.530706405639648,
          "hz": 5656.929389854203
        },
        {
          "acoustic_entropy": 10.481861114501953,
          "acoustic_entropy_side": 10.539216995239258,
          "hz": 6219.891507268283
        },
        {
          "acoustic_entropy": 10.022218704223633,
          "acoustic_entropy_side": 10.37657356262207,
          "hz": 6832.70888123896
        },
        {
          "acoustic_entropy": 10.561643600463867,
          "acoustic_entropy_side": 10.456902503967285,
          "hz": 7499.796634079867
        },
        {
          "acoustic_entropy": 10.258216857910156,
          "acoustic_entropy_side": 10.335348129272461,
          "hz": 8225.96088609342
        },
        {
          "acoustic_entropy": 10.368324279785156,
          "acoustic_entropy_side": 10.498058319091797,
          "hz": 9016.43338188839
        },
        {
          "acoustic_entropy": 10.308359146118164,
          "acoustic_entropy_side": 10.469891548156738,
          "hz": 9876.909183162974
        },
        {
          "acoustic_entropy": 9.826606750488281,
          "acoustic_entropy_side": 10.006865501403809,
          "hz": 10813.587699516042
        },
        {
          "acoustic_entropy": 9.995841979980469,
          "acoustic_entropy_side": 10.360604286193848,
          "hz": 11833.21735289826
        },
        {
          "acoustic_entropy": 9.778176307678223,
          "acoustic_entropy_side": 9.923260688781738,
          "hz": 12943.144197493959
        },
        {
          "acoustic_entropy": 10.365336418151855,
          "acoustic_entropy_side": 10.335272789001465,
          "hz": 14151.364845322005
        },
        {
          "acoustic_entropy": 10.392241477966309,
          "acoustic_entropy_side": 10.393353462219238,
          "hz": 15466.58407886509
        },
        {
          "acoustic_entropy": 10.37840461730957,
          "acoustic_entropy_side": 10.401285171508789,
          "hz": 16898.27756580493
        },
        {
          "acoustic_entropy": 10.400790214538574,
          "acoustic_entropy_side": 10.428169250488281,
          "hz": 18456.760127700032
        },
        {
          "acoustic_entropy": 10.360556602478027,
          "acoustic_entropy_side": 10.424674034118652,
          "hz": 20153.260054456492
        },
        {
          "acoustic_entropy": 10.417378425598145,
          "acoustic_entropy_side": 10.449915885925293,
          "hz": 22000.00000000001
        }
      ],
      "diff_acoustic_entropy": 8.267524719238281,
      "sn": 12
    },
    {
      "acoustic_entropy": 15.205618858337402,
      "acoustic_entropy_mono": 13.459484100341797,
      "band_eliminated_acoustic_entropies": [
        {
          "acoustic_entropy": 14.96041488647461,
          "acoustic_entropy_side": 15.457179069519043,
          "hz": 129.47220167065723
        },
        {
          "acoustic_entropy": 15.86497974395752,
          "acoustic_entropy_side": 14.925296783447266,
          "hz": 202.92927478742237
        },
        {
          "acoustic_entropy": 14.989152908325195,
          "acoustic_entropy_side": 15.128972053527832,
          "hz": 282.89161906338205
        },
        {
          "acoustic_entropy": 15.200044631958008,
          "acoustic_entropy_side": 15.740876197814941,
          "hz": 369.9353335868758
        },
        {
          "acoustic_entropy": 15.562621116638184,
          "acoustic_entropy_side": 15.2257719039917,
          "hz": 464.6875360973435
        },
        {
          "acoustic_entropy": 14.906689643859863,
          "acoustic_entropy_side": 14.98075008392334,
          "hz": 567.8308811364784
        },
        {
          "acoustic_entropy": 16.058195114135742,
          "acoustic_entropy_side": 15.560107231140137,
          "hz": 680.1084783214808
        },
        {
          "acoustic_entropy": 15.508752822875977,
          "acoustic_entropy_side": 15.103316307067871,
          "hz": 802.3292461747484
        },
        {
          "acoustic_entropy": 14.831522941589355,
          "acoustic_entropy_side": 14.91498851776123,
          "hz": 935.3737400823702
        },
        {
          "acoustic_entropy": 15.012207984924316,
          "acoustic_entropy_side": 15.518299102783203,
          "hz": 1080.2004963696966
        },
        {
          "acoustic_entropy": 15.53452205657959,
          "acoustic_entropy_side": 15.158448219299316,
          "hz": 1237.8529382007157
        },
        {
          "acoustic_entropy": 16.283037185668945,
          "acoustic_entropy_side": 15.08523941040039,
          "hz": 1409.4668930556702
        },
        {
          "acoustic_entropy": 15.230229377746582,
          "acoustic_entropy_side": 15.013459205627441,
          "hz": 1596.2787759475705
        },
        {
          "acoustic_entropy": 15.680521965026855,
          "acoustic_entropy_side": 16.26118278503418,
          "hz": 1799.6344973346393
        },
        {
          "acoustic_entropy": 15.238397598266602,
          "acoustic_entropy_side": 15.142910957336426,
          "hz": 2020.9991599069049
        },
        {
          "acoustic_entropy": 14.631532669067383,
          "acoustic_entropy_side": 15.15167236328125,
          "hz": 2261.9676141086993
        },
        {
          "acoustic_entropy": 15.338606834411621,
          "acoustic_entropy_side": 15.323835372924805,
          "hz": 2524.2759484456974
        },
        {
          "acoustic_entropy": 14.874966621398926,
          "acoustic_entropy_side": 15.114588737487793,
          "hz": 2809.813997359896
        },
        {
          "acoustic_entropy": 15.012005805969238,
          "acoustic_entropy_side": 15.266807556152344,
          "hz": 3120.6389567871424
        },
        {
