{
  "acoustic_entropy": 163.59629821777344,
  "bands": [
    {
      "high_freq": 148.1999969482422,
      "loudness": -48.77801513671875,
      "loudness_range": 30.062837600708008,
      "mid_mean": -47.18851852416992,
      "mid_to_side_loudness": -2.4998726844787598,
      "mid_to_side_loudness_range": 9.791662216186523,
      "side_mean": -49.51654815673828
    },
    {
      "high_freq": 392.3793640136719,
      "loudness": -37.62106704711914,
      "loudness_range": 25.396141052246094,
      "low_freq": 148.1999969482422,
      "mid_mean": -35.744041442871094,
      "mid_to_side_loudness": -4.407951354980469,
      "mid_to_side_loudness_range": 8.038263320922852,
      "side_mean": -40.12690734863281
    },
    {
      "high_freq": 794.6976318359375,
      "loudness": -36.55418014526367,
      "loudness_range": 24.997230529785156,
      "low_freq": 392.3793640136719,
      "mid_mean": -35.04185485839844,
      "mid_to_side_loudness": -2.9948813915252686,
      "mid_to_side_loudness_range": 7.8340067863464355,
      "side_mean": -38.01110076904297
    },
    {
      "high_freq": 1457.5709228515625,
      "loudness": -39.93688201904297,
      "loudness_range": 32.94917297363281,
      "low_freq": 794.6976318359375,
      "mid_mean": -38.42035675048828,
      "mid_to_side_loudness": -3.6457407474517822,
      "mid_to_side_loudness_range": 6.186903953552246,
      "side_mean": -42.228660583496094
    },
    {
      "high_freq": 2549.74365234375,
      "loudness": -43.75983428955078,
      "loudness_range": 35.700111389160156,
      "low_freq": 1457.5709228515625,
      "mid_mean": -42.98303985595703,
      "mid_to_side_loudness": -3.537428855895996,
      "mid_to_side_loudness_range": 4.252089500427246,
      "side_mean": -47.248294830322266
    },
    {
      "high_freq": 4349.24462890625,
      "loudness": -50.754337310791016,
      "loudness_range": 37.792938232421875,
      "low_freq": 2549.74365234375,
      "mid_mean": -51.83601379394531,
      "mid_to_side_loudness": -4.197583198547363,
      "mid_to_side_loudness_range": 4.743870735168457,
      "side_mean": -55.064090728759766
    },
    {
      "high_freq": 7314.1640625,
      "loudness": -57.26930618286133,
      "loudness_range": 36.09878921508789,
      "low_freq": 4349.24462890625,
      "mid_mean": -58.62187576293945,
      "mid_to_side_loudness": -3.9261069297790527,
      "mid_to_side_loudness_range": 4.440632343292236,
      "side_mean": -61.052391052246094
    },
    {
      "high_freq": 12199.2666015625,
      "loudness": -61.445499420166016,
      "loudness_range": 34.86802673339844,
      "low_freq": 7314.1640625,
      "mid_mean": -63.07474899291992,
      "mid_to_side_loudness": -4.032532691955566,
      "mid_to_side_loudness_range": 4.5257248878479,
      "side_mean": -64.9286117553711
    },
    {
      "loudness": -63.219696044921875,
      "loudness_range": 31.687782287597656,
      "low_freq": 12199.2666015625,
      "mid_mean": -66.04205322265625,
      "mid_to_side_loudness": -4.332601547241211,
      "mid_to_side_loudness_range": 5.361351013183594,
      "side_mean": -67.29857635498047
    }
  ],
  "bands_short": [
    {
      "high_freq": 148.1999969482422,
      "loudness": -51.42207717895508,
      "loudness_range": 29.254791259765625,
      "mid_mean": -50.220848083496094,
      "mid_to_side_loudness": -2.8122341632843018,
      "mid_to_side_loudness_range": 15.685707092285156,
      "side_mean": -52.704097747802734
    },
    {
      "high_freq": 392.3793640136719,
      "loudness": -38.238285064697266,
      "loudness_range": 25.448684692382812,
      "low_freq": 148.1999969482422,
      "mid_mean": -36.47777557373047,
      "mid_to_side_loudness": -4.02073860168457,
      "mid_to_side_loudness_range": 11.553077697753906,
      "side_mean": -40.61745071411133
    },
    {
      "high_freq": 794.6976318359375,
      "loudness": -36.7890625,
      "loudness_range": 25.985027313232422,
      "low_freq": 392.3793640136719,
      "mid_mean": -35.472679138183594,
      "mid_to_side_loudness": -2.9614195823669434,
      "mid_to_side_loudness_range": 10.945015907287598,
      "side_mean": -38.44244384765625
    },
    {
      "high_freq": 1457.5709228515625,
      "loudness": -40.80085754394531,
      "loudness_range": 33.705726623535156,
      "low_freq": 794.6976318359375,
      "mid_mean": -39.605838775634766,
      "mid_to_side_loudness": -3.470869541168213,
      "mid_to_side_loudness_range": 8.891945838928223,
      "side_mean": -43.35232925415039
    },
    {
      "high_freq": 2549.74365234375,
      "loudness": -44.832332611083984,
      "loudness_range": 37.28656005859375,
      "low_freq": 1457.5709228515625,
      "mid_mean": -44.489784240722656,
      "mid_to_side_loudness": -3.4129862785339355,
      "mid_to_side_loudness_range": 6.805095672607422,
      "side_mean": -50.36884307861328
    },
    {
      "high_freq": 4349.24462890625,
      "loudness": -51.1405029296875,
      "loudness_range": 38.79209899902344,
      "low_freq": 2549.74365234375,
      "mid_mean": -52.74867248535156,
      "mid_to_side_loudness": -4.068624973297119,
      "mid_to_side_loudness_range": 6.056172847747803,
      "side_mean": -55.785301208496094
    },
    {
      "high_freq": 7314.1640625,
      "loudness": -57.445987701416016,
      "loudness_range": 36.053653717041016,
      "low_freq": 4349.24462890625,
      "mid_mean": -59.45856857299805,
      "mid_to_side_loudness": -3.8442177772521973,
      "mid_to_side_loudness_range": 4.691524982452393,
      "side_mean": -61.668453216552734
    },
    {
      "high_freq": 12199.2666015625,
      "loudness": -61.60304260253906,
      "loudness_range": 34.65415573120117,
      "low_freq": 7314.1640625,
      "mid_mean": -63.8550910949707,
      "mid_to_side_loudness": -3.8109803199768066,
      "mid_to_side_loudness_range": 4.459484577178955,
      "side_mean": -65.44019317626953
    },
    {
      "loudness": -65.33184814453125,
      "loudness_range": 30.497928619384766,
      "low_freq": 12199.2666015625,
      "mid_mean": -66.76724243164062,
      "mid_to_side_loudness": -4.050829887390137,
      "mid_to_side_loudness_range": 4.88062858581543,
      "side_mean": -67.74311828613281
    }
  ],
  "bandwidth": 783.3382568359375,
  "channels": 2,
  "covariance": [
    [
      86.91242218017578,
      92.39389038085938,
      35.65687561035156,
      33.66653060913086,
      22.621213912963867,
      20.456390380859375,
      19.47295379638672,
      18.664758682250977,
      25.220773696899414,
      30.57794952392578,
      40.70439147949219,
      36.96269607543945,
      34.3509407043457,
      29.171001434326172,
      28.1051082611084,
      20.93132781982422,
      21.204622268676758,
      13.06851863861084
    ],
    [
      92.39389038085938,
      107.89246368408203,
      34.38459396362305,
      32.6022834777832,
      20.178611755371094,
      17.983245849609375,
      15.715837478637695,
      14.760478973388672,
      20.490068435668945,
      26.504100799560547,
      37.40385437011719,
      33.400691986083984,
      32.51560592651367,
      27.23188018798828,
      27.42428970336914,
      19.986528396606445,
      21.065467834472656,
      12.348553657531738
    ],
    [
      35.65687561035156,
      34.38459396362305,
      84.98236083984375,
      73.45072937011719,
      67.1219711303711,
      61.725990295410156,
      71.14081573486328,
      73.58163452148438,
      82.51634979248047,
      92.23108673095703,
      98.66080474853516,
      93.97660064697266,
      76.7957763671875,
      67.98494720458984,
      55.445865631103516,
      44.44940948486328,
      36.223480224609375,
      26.031564712524414
    ],
    [
      33.66653060913086,
      32.6022834777832,
      73.45072937011719,
      75.2291259765625,
      61.68564987182617,
      56.38722610473633,
      64.09098815917969,
      67.11973571777344,
      73.86744689941406,
      82.59270477294922,
      88.94096374511719,
      84.6742935180664,
      67.93618774414062,
      60.265846252441406,
      47.89628982543945,
      38.69778823852539,
      31.3819522857666,
      22.69281005859375
    ],
    [
      22.621213912963867,
      20.178611755371094,
      67.1219711303711,
      61.68564987182617,
      85.9697265625,
      75.00364685058594,
      88.23497009277344,
      89.6505126953125,
      98.55667877197266,
      104.50835418701172,
      107.6190414428711,
      103.6365966796875,
      86.3608627319336,
      77.67484283447266,
      63.21745300292969,
      52.39037322998047,
      42.62312698364258,
      31.943519592285156
    ],
    [
      20.456390380859375,
      17.983245849609375,
      61.725990295410156,
      56.38722610473633,
      75.00364685058594,
      76.82095336914062,
      80.47994995117188,
      82.63192749023438,
      88.14452362060547,
      94.51712799072266,
      97.57154083251953,
      93.68162536621094,
      77.79388427734375,
      70.1823959350586,
      57.007591247558594,
      47.376670837402344,
      38.519866943359375,
      28.87444496154785
    ],
    [
      19.47295379638672,
      15.715837478637695,
      71.14081573486328,
      64.09098815917969,
      88.23497009277344,
      80.47994995117188,
      126.07828521728516,
      123.49952697753906,
      131.00820922851562,
      135.4431610107422,
      134.52647399902344,
      132.53692626953125,
      114.03081512451172,
      103.26799011230469,
      87.30099487304688,
      72.77024841308594,
      60.41663360595703,
      45.53564453125
    ],
    [
      18.664758682250977,
      14.760478973388672,
      73.58163452148438,
      67.11973571777344,
      89.6505126953125,
      82.63192749023438,
      123.49952697753906,
      131.91587829589844,
      133.81134033203125,
      139.66104125976562,
      137.89649963378906,
      136.3480224609375,
      117.06752014160156,
      105.8200912475586,
      88.62218475341797,
      73.69953918457031,
      60.71604537963867,
      45.7967414855957
    ],
    [
      25.220773696899414,
      20.490068435668945,
      82.51634979248047,
      73.86744689941406,
      98.55667877197266,
      88.14452362060547,
      131.00820922851562,
      133.81134033203125,
      161.5673065185547,
      159.67982482910156,
      155.49993896484375,
      154.63333129882812,
      131.28958129882812,
      119.7234115600586,
      98.14141082763672,
      82.01251220703125,
      66.60209655761719,
      50.51826477050781
    ],
    [
      30.57794952392578,
      26.504100799560547,
      92.23108673095703,
      82.59270477294922,
      104.50835418701172,
      94.51712799072266,
      135.4431610107422,
      139.66104125976562,
      159.67982482910156,
      173.43267822265625,
      165.63214111328125,
      163.20480346679688,
      136.46168518066406,
      124.16869354248047,
      100.94514465332031,
      84.19569396972656,
      68.1777114868164,
      51.712432861328125
    ],
    [
      40.70439147949219,
      37.40385437011719,
      98.66080474853516,
      88.94096374511719,
      107.6190414428711,
      97.57154083251953,
      134.52647399902344,
      137.89649963378906,
      155.49993896484375,
      165.63214111328125,
      183.113037109375,
      174.58026123046875,
      148.92205810546875,
      132.51522827148438,
      110.23673248291016,
      90.34892272949219,
      73.80671691894531,
      55.08308792114258
    ],
    [
      36.96269607543945,
      33.400691986083984,
      93.97660064697266,
      84.6742935180664,
      103.6365966796875,
      93.68162536621094,
      132.53692626953125,
      136.3480224609375,
      154.63333129882812,
      163.20480346679688,
      174.58026123046875,
      170.1031494140625,
      145.28367614746094,
      130.88433837890625,
      108.5813217163086,
      89.93408966064453,
      73.48340606689453,
      55.30381393432617
    ],
    [
      34.3509407043457,
      32.51560592651367,
      76.7957763671875,
      67.93618774414062,
      86.3608627319336,
      77.79388427734375,
      114.03081512451172,
      117.06752014160156,
      131.28958129882812,
      136.46168518066406,
      148.92205810546875,
      145.28367614746094,
      137.0468292236328,
      121.61514282226562,
      108.44633483886719,
      88.4118423461914,
      75.1415023803711,
      54.98538589477539
    ],
    [
      29.171001434326172,
      27.23188018798828,
      67.98494720458984,
      60.265846252441406,
      77.67484283447266,
      70.1823959350586,
      103.26799011230469,
      105.8200912475586,
      119.7234115600586,
      124.16869354248047,
      132.51522827148438,
      130.88433837890625,
      121.61514282226562,
      110.18206787109375,
      96.44928741455078,
      80.18110656738281,
      67.0737533569336,
      50.11737060546875
    ],
    [
      28.1051082611084,
      27.42428970336914,
      55.445865631103516,
      47.89628982543945,
      63.21745300292969,
      57.007591247558594,
      87.30099487304688,
      88.62218475341797,
      98.14141082763672,
      100.94514465332031,
      110.23673248291016,
      108.5813217163086,
      108.44633483886719,
      96.44928741455078,
      93.46897888183594,
      76.02398681640625,
      68.43497467041016,
      49.40053939819336
    ],
    [
      20.93132781982422,
      19.986528396606445,
      44.44940948486328,
      38.69778823852539,
      52.39037322998047,
      47.376670837402344,
      72.77024841308594,
      73.69953918457031,
      82.01251220703125,
      84.19569396972656,
      90.34892272949219,
      89.93408966064453,
      88.4118423461914,
      80.18110656738281,
      76.02398681640625,
      63.495643615722656,
      55.664695739746094,
      41.37278747558594
    ],
    [
      21.204622268676758,
      21.065467834472656,
      36.223480224609375,
      31.3819522857666,
      42.62312698364258,
      38.519866943359375,
      60.41663360595703,
      60.71604537963867,
      66.60209655761719,
      68.1777114868164,
      73.80671691894531,
      73.48340606689453,
      75.1415023803711,
      67.0737533569336,
      68.43497467041016,
      55.664695739746094,
      54.64007568359375,
      38.886573791503906
    ],
    [
      13.06851863861084,
      12.348553657531738,
      26.031564712524414,
      22.69281005859375,
      31.943519592285156,
      28.87444496154785,
      45.53564453125,
      45.7967414855957,
      50.51826477050781,
      51.712432861328125,
      55.08308792114258,
      55.30381393432617,
      54.98538589477539,
      50.11737060546875,
      49.40053939819336,
      41.37278747558594,
      38.886573791503906,
      29.028032302856445
    ]
  ],
  "covariance_short": [
    [
      92.2937240600586,
      88.6181640625,
      32.27006912231445,
      33.618408203125,
      19.62042236328125,
      18.68634605407715,
      18.891611099243164,
      18.874061584472656,
      23.510019302368164,
      39.4813117980957,
      38.535213470458984,
      34.42670440673828,
      31.821163177490234,
      26.955150604248047,
      25.621700286865234,
      19.72157859802246,
      17.31788444519043,
      11.30424690246582
    ],
    [
      88.6181640625,
      109.63333129882812,
      30.02238655090332,
      32.48881149291992,
      15.875356674194336,
      14.888261795043945,
      13.739348411560059,
      13.470728874206543,
      17.34931755065918,
      33.50453567504883,
      33.39685821533203,
      29.3360595703125,
      28.78507423400879,
      24.16315460205078,
      24.30873680114746,
      18.603334426879883,
      16.547422409057617,
      10.416997909545898
    ],
    [
      32.27006912231445,
      30.02238655090332,
      83.54131317138672,
      68.0654067993164,
      62.27415084838867,
      57.588401794433594,
      70.20076751708984,
      73.36744689941406,
      81.4483871459961,
      97.87823486328125,
      92.50146484375,
      87.21774291992188,
      71.09321594238281,
      62.11674880981445,
      49.2109260559082,
      39.2622184753418,
      29.10773468017578,
      21.326406478881836
    ],
    [
      33.618408203125,
      32.48881149291992,
      68.0654067993164,
      75.6834487915039,
      57.261802673339844,
      54.142642974853516,
      63.729366302490234,
      67.14436340332031,
      72.95207977294922,
      89.75022888183594,
      83.4276123046875,
      78.64037322998047,
      63.22575759887695,
      55.331809997558594,
      42.86405563354492,
      34.518245697021484,
      25.267780303955078,
      18.625341415405273
    ],
    [
      19.62042236328125,
      15.875356674194336,
      62.27415084838867,
      57.261802673339844,
      89.11808776855469,
      74.5433578491211,
      92.5743637084961,
      94.30143737792969,
      102.66449737548828,
      111.89439392089844,
      106.81669616699219,
      102.18610382080078,
      84.02796173095703,
      74.83565521240234,
      58.63043975830078,
      48.227787017822266,
      36.25785827636719,
      27.69229507446289
    ],
    [
      18.68634605407715,
      14.888261795043945,
      57.588401794433594,
      54.142642974853516,
      74.5433578491211,
      82.16035461425781,
      84.6023178100586,
      87.22476196289062,
      91.94609832763672,
      102.44544219970703,
      97.24984741210938,
      92.72410583496094,
      75.58731842041016,
      67.49190521240234,
      52.39119338989258,
      43.33218002319336,
      32.275787353515625,
      24.78105926513672
    ],
    [
      18.891611099243164,
      13.739348411560059,
      70.20076751708984,
      63.729366302490234,
      92.5743637084961,
      84.6023178100586,
      135.83660888671875,
      130.35809326171875,
      139.37449645996094,
      142.67788696289062,
      139.17417907714844,
      135.4726104736328,
      114.15614318847656,
      102.35393524169922,
      82.87622833251953,
      68.77597045898438,
      52.669273376464844,
      40.46891784667969
    ],
    [
      18.874061584472656,
      13.470728874206543,
      73.36744689941406,
      67.14436340332031,
      94.30143737792969,
      87.22476196289062,
      130.35809326171875,
      140.42724609375,
      141.46392822265625,
      146.7161102294922,
      142.16574096679688,
      138.71902465820312,
      116.5587387084961,
      104.32398223876953,
      83.61140441894531,
      69.3238525390625,
      52.63050842285156,
      40.40515899658203
    ],
    [
      23.510019302368164,
      17.34931755065918,
      81.4483871459961,
      72.95207977294922,
      102.66449737548828,
      91.94609832763672,
      139.37449645996094,
      141.46392822265625,
      174.37985229492188,
      169.23854064941406,
      164.70518493652344,
      160.54550170898438,
      134.1607666015625,
      120.46770477294922,
      95.41321563720703,
      78.87171936035156,
      59.56660842895508,
      45.67730712890625
    ],
    [
      39.4813117980957,
      33.50453567504883,
      97.87823486328125,
      89.75022888183594,
      111.89439392089844,
      102.44544219970703,
      142.67788696289062,
      146.7161102294922,
      169.23854064941406,
      200.66517639160156,
      187.7156219482422,
      177.65017700195312,
      144.3715057373047,
      127.56700897216797,
      99.21540069580078,
      81.14659881591797,
      60.4228401184082,
      46.06613540649414
    ],
    [
      38.535213470458984,
      33.39685821533203,
      92.50146484375,
      83.4276123046875,
      106.81669616699219,
      97.24984741210938,
      139.17417907714844,
      142.16574096679688,
      164.70518493652344,
      187.7156219482422,
      186.22474670410156,
      175.03817749023438,
      147.4800567626953,
      130.0417022705078,
      104.56167602539062,
      85.32682800292969,
      64.45096588134766,
      48.889976501464844
    ],
    [
      34.42670440673828,
      29.3360595703125,
      87.21774291992188,
      78.64037322998047,
      102.18610382080078,
      92.72410583496094,
      135.4726104736328,
      138.71902465820312,
      160.54550170898438,
      177.65017700195312,
      175.03817749023438,
      169.04209899902344,
      141.9351043701172,
      126.75130462646484,
      101.36036682128906,
      83.73662567138672,
      62.971282958984375,
      48.29011535644531
    ],
    [
      31.821163177490234,
      28.78507423400879,
      71.09321594238281,
      63.22575759887695,
      84.02796173095703,
      75.58731842041016,
      114.15614318847656,
      116.5587387084961,
      134.1607666015625,
      144.3715057373047,
      147.4800567626953,
      141.9351043701172,
      132.82986450195312,
      117.01195526123047,
      100.806884765625,
      82.27302551269531,
      64.42265319824219,
      48.115013122558594
    ],
    [
      26.955150604248047,
      24.16315460205078,
      62.11674880981445,
      55.331809997558594,
      74.83565521240234,
      67.49190521240234,
      102.35393524169922,
      104.32398223876953,
      120.46770477294922,
      127.56700897216797,
      130.0417022705078,
      126.75130462646484,
      117.01195526123047,
      105.63021850585938,
      89.2192611694336,
      74.30937194824219,
      57.116477966308594,
      43.651039123535156
    ],
    [
      25.621700286865234,
      24.30873680114746,
      49.2109260559082,
      42.86405563354492,
      58.63043975830078,
      52.39119338989258,
      82.87622833251953,
      83.61140441894531,
      95.41321563720703,
      99.21540069580078,
      104.56167602539062,
      101.36036682128906,
      100.806884765625,
      89.2192611694336,
      84.64197540283203,
      68.94824981689453,
      57.462100982666016,
      42.438385009765625
    ],
    [
      19.72157859802246,
      18.603334426879883,
      39.2622184753418,
      34.518245697021484,
      48.227787017822266,
      43.33218002319336,
      68.77597045898438,
      69.3238525390625,
      78.87171936035156,
      81.14659881591797,
      85.32682800292969,
      83.73662567138672,
      82.27302551269531,
      74.30937194824219,
      68.94824981689453,
      57.99008560180664,
      46.80510711669922,
      35.764556884765625
    ],
    [
      17.31788444519043,
      16.547422409057617,
      29.10773468017578,
      25.267780303955078,
      36.25785827636719,
      32.275787353515625,
      52.669273376464844,
      52.63050842285156,
      59.56660842895508,
      60.4228401184082,
      64.45096588134766,
      62.971282958984375,
      64.42265319824219,
      57.116477966308594,
      57.462100982666016,
      46.80510711669922,
      43.704261779785156,
      31.95244598388672
    ],
    [
      11.30424690246582,
      10.416997909545898,
      21.326406478881836,
      18.625341415405273,
      27.69229507446289,
      24.78105926513672,
      40.46891784667969,
      40.40515899658203,
      45.67730712890625,
      46.06613540649414,
      48.889976501464844,
      48.29011535644531,
      48.115013122558594,
      43.651039123535156,
      42.438385009765625,
      35.764556884765625,
      31.95244598388672,
      24.736289978027344
    ]
  ],
  "damage": -16.94699478149414,
  "diff_bandwidth": 807.1565551757812,
  "dissonance": 7.367871182355687,
  "drr": 9.638213157653809,
  "dynamics": 7.547863006591797,
  "format": 1245190,
  "frames": 8822720,
  "loudness": -26.407657623291016,
  "loudness_range": 27.42923355102539,
  "loudness_range_short": 28.188037872314453,
  "lowpass_true_peak_15khz": -3.0208444595336914,
  "mastering3_acoustic_entropies": [
    {
      "acoustic_entropy": 4.761281490325928,
      "acoustic_entropy_mono": 5.002734184265137,
      "band_eliminated_acoustic_entropies": [
        {
          "acoustic_entropy": 4.746118068695068,
          "acoustic_entropy_side": 4.753530502319336,
          "hz": 129.47220167065723
        },
        {
          "acoustic_entropy": 4.6119537353515625,
          "acoustic_entropy_side": 4.688605308532715,
          "hz": 202.92927478742237
        },
        {
          "acoustic_entropy": 4.422173976898193,
          "acoustic_entropy_side": 4.6926774978637695,
          "hz": 282.89161906338205
        },
        {
          "acoustic_entropy": 4.921021938323975,
          "acoustic_entropy_side": 4.74137544631958,
          "hz": 369.9353335868758
        },
        {
          "acoustic_entropy": 4.72684383392334,
          "acoustic_entropy_side": 4.795499801635742,
          "hz": 464.6875360973435
        },
        {
          "acoustic_entropy": 5.414205551147461,
          "acoustic_entropy_side": 4.8441009521484375,
          "hz": 567.8308811364784
        },
        {
          "acoustic_entropy": 4.939584255218506,
          "acoustic_entropy_side": 5.133455753326416,
          "hz": 680.1084783214808
        },
        {
          "acoustic_entropy": 5.019464015960693,
          "acoustic_entropy_side": 4.813653945922852,
          "hz": 802.3292461747484
        },
        {
          "acoustic_entropy": 4.550070285797119,
          "acoustic_entropy_side": 4.692155361175537,
          "hz": 935.3737400823702
        },
        {
          "acoustic_entropy": 4.991899013519287,
          "acoustic_entropy_side": 5.17631721496582,
          "hz": 1080.2004963696966
        },
        {
          "acoustic_entropy": 4.7498016357421875,
          "acoustic_entropy_side": 4.954545497894287,
          "hz": 1237.8529382007157
        },
        {
          "acoustic_entropy": 5.0013861656188965,
          "acoustic_entropy_side": 4.9281535148620605,
          "hz": 1409.4668930556702
        },
        {
          "acoustic_entropy": 4.381103515625,
          "acoustic_entropy_side": 4.908602714538574,
          "hz": 1596.2787759475705
        },
        {
          "acoustic_entropy": 4.945248603820801,
          "acoustic_entropy_side": 4.795022010803223,
          "hz": 1799.6344973346393
        },
        {
          "acoustic_entropy": 4.8529582023620605,
          "acoustic_entropy_side": 4.669010639190674,
          "hz": 2020.9991599069049
        },
        {
          "acoustic_entropy": 4.766757011413574,
          "acoustic_entropy_side": 4.7771759033203125,
          "hz": 2261.9676141086993
        },
        {
          "acoustic_entropy": 4.803877830505371,
          "acoustic_entropy_side": 4.8419189453125,
          "hz": 2524.2759484456974
        },
        {
          "acoustic_entropy": 4.830949306488037,
          "acoustic_entropy_side": 4.787461280822754,
          "hz": 2809.813997359896
        },
        {
          "acoustic_entropy": 4.781524181365967,
          "acoustic_entropy_side": 4.745503902435303,
          "hz": 3120.6389567871424
        },
        {
          "acoustic_entropy": 4.874757289886475,
          "acoustic_entropy_side": 4.830768585205078,
          "hz": 3458.990205492291
        },
        {
          "acoustic_entropy": 4.8320631980896,
          "acoustic_entropy_side": 4.801536560058594,
          "hz": 3827.305438964164
        },
        {
          "acoustic_entropy": 4.790701866149902,
          "acoustic_entropy_side": 4.78248405456543,
          "hz": 4228.238232109126
        },
        {
          "acoustic_entropy": 4.890829086303711,
          "acoustic_entropy_side": 4.825018882751465,
          "hz": 4664.6771572759235
        },
        {
          "acoustic_entropy": 4.742121696472168,
          "acoustic_entropy_side": 4.763061046600342,
          "hz": 5139.766595350093
        },
        {
          "acoustic_entropy": 4.761291027069092,
          "acoustic_entropy_side": 4.772975444793701,
          "hz": 5656.929389854203
        },
        {
          "acoustic_entropy": 4.7601799964904785,
          "acoustic_entropy_side": 4.762132167816162,
          "hz": 6219.891507268283
        },
        {
          "acoustic_entropy": 4.730610370635986,
          "acoustic_entropy_side": 4.764254570007324,
          "hz": 6832.70888123896
        },
        {
          "acoustic_entropy": 4.7239460945129395,
          "acoustic_entropy_side": 4.762446403503418,
          "hz": 7499.796634079867
        },
        {
          "acoustic_entropy": 4.720048904418945,
          "acoustic_entropy_side": 4.7618536949157715,
          "hz": 8225.96088609342
        },
        {
          "acoustic_entropy": 4.72434663772583,
          "acoustic_entropy_side": 4.759674072265625,
          "hz": 9016.43338188839
        },
        {
          "acoustic_entropy": 4.719020366668701,
          "acoustic_entropy_side": 4.758600234985352,
          "hz": 9876.909183162974
        },
        {
          "acoustic_entropy": 4.722548484802246,
          "acoustic_entropy_side": 4.7590789794921875,
          "hz": 10813.587699516042
        },
        {
          "acoustic_entropy": 4.72838830947876,
          "acoustic_entropy_side": 4.759707927703857,
          "hz": 11833.21735289826
        },
        {
          "acoustic_entropy": 4.731005668640137,
          "acoustic_entropy_side": 4.759701728820801,
          "hz": 12943.144197493959
        },
        {
          "acoustic_entropy": 4.739695072174072,
          "acoustic_entropy_side": 4.759715557098389,
          "hz": 14151.364845322005
        },
        {
          "acoustic_entropy": 4.751816272735596,
          "acoustic_entropy_side": 4.7603983879089355,
          "hz": 15466.58407886509
        },
        {
          "acoustic_entropy": 4.754827976226807,
          "acoustic_entropy_side": 4.760600566864014,
          "hz": 16898.27756580493
        },
        {
          "acoustic_entropy": 4.752679824829102,
          "acoustic_entropy_side": 4.7607808113098145,
          "hz": 18456.760127700032
        },
        {
          "acoustic_entropy": 4.7582011222839355,
          "acoustic_entropy_side": 4.761102199554443,
          "hz": 20153.260054456492
        },
        {
          "acoustic_entropy": 4.762126445770264,
          "acoustic_entropy_side": 4.761250972747803,
          "hz": 22000.00000000001
        }
      ],
      "diff_acoustic_entropy": 2.7307424545288086,
      "sn": 6
    },
    {
      "acoustic_entropy": 8.480114936828613,
      "acoustic_entropy_mono": 8.230718612670898,
      "band_eliminated_acoustic_entropies": [
        {
          "acoustic_entropy": 8.36925220489502,
          "acoustic_entropy_side": 8.417635917663574,
          "hz": 129.47220167065723
        },
        {
          "acoustic_entropy": 8.090035438537598,
          "acoustic_entropy_side": 8.33505916595459,
          "hz": 202.92927478742237
        },
        {
          "acoustic_entropy": 7.870382308959961,
          "acoustic_entropy_side": 8.346573829650879,
          "hz": 282.89161906338205
        },
        {
          "acoustic_entropy": 8.221564292907715,
          "acoustic_entropy_side": 8.411959648132324,
          "hz": 369.9353335868758
        },
        {
          "acoustic_entropy": 8.001399040222168,
          "acoustic_entropy_side": 8.647467613220215,
          "hz": 464.6875360973435
        },
        {
          "acoustic_entropy": 9.202176094055176,
          "acoustic_entropy_side": 8.541337013244629,
          "hz": 567.8308811364784
        },
        {
          "acoustic_entropy": 8.638772010803223,
          "acoustic_entropy_side": 8.951478004455566,
          "hz": 680.1084783214808
        },
        {
          "acoustic_entropy": 7.992969036102295,
          "acoustic_entropy_side": 8.125191688537598,
          "hz": 802.3292461747484
        },
        {
          "acoustic_entropy": 8.324844360351562,
          "acoustic_entropy_side": 8.027750968933105,
          "hz": 935.3737400823702
        },
        {
          "acoustic_entropy": 9.460044860839844,
          "acoustic_entropy_side": 8.398369789123535,
          "hz": 1080.2004963696966
        },
        {
          "acoustic_entropy": 8.003745079040527,
          "acoustic_entropy_side": 8.40187931060791,
          "hz": 1237.8529382007157
        },
        {
          "acoustic_entropy": 8.679054260253906,
          "acoustic_entropy_side": 8.798367500305176,
          "hz": 1409.4668930556702
        },
        {
          "acoustic_entropy": 7.81977653503418,
          "acoustic_entropy_side": 8.660082817077637,
          "hz": 1596.2787759475705
        },
        {
          "acoustic_entropy": 8.277050971984863,
          "acoustic_entropy_side": 7.948939800262451,
          "hz": 1799.6344973346393
        },
        {
          "acoustic_entropy": 8.613492965698242,
          "acoustic_entropy_side": 8.517245292663574,
          "hz": 2020.9991599069049
        },
        {
          "acoustic_entropy": 8.361111640930176,
          "acoustic_entropy_side": 8.486103057861328,
          "hz": 2261.9676141086993
        },
        {
          "acoustic_entropy": 8.42562198638916,
          "acoustic_entropy_side": 8.051913261413574,
          "hz": 2524.2759484456974
        },
        {
          "acoustic_entropy": 8.055822372436523,
          "acoustic_entropy_side": 8.232492446899414,
          "hz": 2809.813997359896
        },
        {
          "acoustic_entropy": 8.207381248474121,
          "acoustic_entropy_side": 8.607484817504883,
          "hz": 3120.6389567871424
        },
        {
          "acoustic_entropy": 8.060604095458984,
          "acoustic_entropy_side": 8.272510528564453,
          "hz": 3458.990205492291
        },
        {
          "acoustic_entropy": 8.047789573669434,
          "acoustic_entropy_side": 8.233262062072754,
          "hz": 3827.305438964164
        },
        {
          "acoustic_entropy": 8.589658737182617,
          "acoustic_entropy_side": 8.620378494262695,
          "hz": 4228.238232109126
        },
        {
          "acoustic_entropy": 8.258610725402832,
          "acoustic_entropy_side": 8.359522819519043,
          "hz": 4664.6771572759235
        },
        {
          "acoustic_entropy": 8.510259628295898,
          "acoustic_entropy_side": 8.51337718963623,
          "hz": 5139.766595350093
        },
        {
          "acoustic_entropy": 8.538283348083496,
          "acoustic_entropy_side": 8.497835159301758,
          "hz": 5656.929389854203
        },
        {
          "acoustic_entropy": 8.472973823547363,
          "acoustic_entropy_side": 8.496434211730957,
          "hz": 6219.891507268283
        },
        {
          "acoustic_entropy": 8.486308097839355,
          "acoustic_entropy_side": 8.478676795959473,
          "hz": 6832.70888123896
        },
        {
          "acoustic_entropy": 8.465710639953613,
          "acoustic_entropy_side": 8.463943481445312,
          "hz": 7499.796634079867
        },
        {
          "acoustic_entropy": 8.368746757507324,
          "acoustic_entropy_side": 8.451887130737305,
          "hz": 8225.96088609342
        },
        {
          "acoustic_entropy": 8.401172637939453,
          "acoustic_entropy_side": 8.465840339660645,
          "hz": 9016.43338188839
        },
        {
          "acoustic_entropy": 8.436470985412598,
          "acoustic_entropy_side": 8.475688934326172,
          "hz": 9876.909183162974
        },
        {
          "acoustic_entropy": 8.417740821838379,
          "acoustic_entropy_side": 8.47774600982666,
          "hz": 10813.587699516042
        },
        {
          "acoustic_entropy": 8.420989990234375,
          "acoustic_entropy_side": 8.4808349609375,
          "hz": 11833.21735289826
        },
        {
          "acoustic_entropy": 8.372259140014648,
          "acoustic_entropy_side": 8.477311134338379,
          "hz": 12943.144197493959
        },
        {
          "acoustic_entropy": 8.344982147216797,
          "acoustic_entropy_side": 8.47260570526123,
          "hz": 14151.364845322005
        },
        {
          "acoustic_entropy": 8.380534172058105,
          "acoustic_entropy_side": 8.472206115722656,
          "hz": 15466.58407886509
        },
        {
          "acoustic_entropy": 8.386479377746582,
          "acoustic_entropy_side": 8.474464416503906,
          "hz": 16898.27756580493
        },
        {
          "acoustic_entropy": 8.382940292358398,
          "acoustic_entropy_side": 8.47683334350586,
          "hz": 18456.760127700032
        },
        {
          "acoustic_entropy": 8.413139343261719,
          "acoustic_entropy_side": 8.475860595703125,
          "hz": 20153.260054456492
        },
        {
          "acoustic_entropy": 8.436958312988281,
          "acoustic_entropy_side": 8.478876113891602,
          "hz": 22000.00000000001
        }
      ],
      "diff_acoustic_entropy": 4.729537010192871,
      "sn": 12
    },
    {
      "acoustic_entropy": 14.72828197479248,
      "acoustic_entropy_mono": 13.299976348876953,
      "band_eliminated_acoustic_entropies": [
        {
          "acoustic_entropy": 14.638599395751953,
          "acoustic_entropy_side": 14.698751449584961,
          "hz": 129.47220167065723
        },
        {
          "acoustic_entropy": 13.514519691467285,
          "acoustic_entropy_side": 14.589133262634277,
          "hz": 202.92927478742237
        },
        {
          "acoustic_entropy": 14.678922653198242,
          "acoustic_entropy_side": 14.785619735717773,
          "hz": 282.89161906338205
        },
        {
          "acoustic_entropy": 14.54955768585205,
          "acoustic_entropy_side": 14.549606323242188,
          "hz": 369.9353335868758
        },
        {
          "acoustic_entropy": 13.950380325317383,
          "acoustic_entropy_side": 15.061484336853027,
          "hz": 464.6875360973435
        },
        {
          "acoustic_entropy": 14.472933769226074,
          "acoustic_entropy_side": 14.5065279006958,
          "hz": 567.8308811364784
        },
        {
          "acoustic_entropy": 14.412982940673828,
          "acoustic_entropy_side": 15.191645622253418,
          "hz": 680.1084783214808
        },
        {
          "acoustic_entropy": 15.218134880065918,
          "acoustic_entropy_side": 14.976581573486328,
          "hz": 802.3292461747484
        },
        {
          "acoustic_entropy": 15.105875015258789,
          "acoustic_entropy_side": 14.591419219970703,
          "hz": 935.3737400823702
        },
        {
          "acoustic_entropy": 15.3014497756958,
          "acoustic_entropy_side": 15.433609008789062,
          "hz": 1080.2004963696966
        },
        {
          "acoustic_entropy": 14.818415641784668,
          "acoustic_entropy_side": 14.97326946258545,
          "hz": 1237.8529382007157
        },
        {
          "acoustic_entropy": 14.926159858703613,
          "acoustic_entropy_side": 14.710489273071289,
          "hz": 1409.4668930556702
        },
        {
          "acoustic_entropy": 14.364453315734863,
          "acoustic_entropy_side": 15.394255638122559,
          "hz": 1596.2787759475705
        },
        {
          "acoustic_entropy": 15.63417911529541,
          "acoustic_entropy_side": 14.962067604064941,
          "hz": 1799.6344973346393
        },
        {
          "acoustic_entropy": 15.10567569732666,
          "acoustic_entropy_side": 14.95026969909668,
          "hz": 2020.9991599069049
        },
        {
          "acoustic_entropy": 15.073284149169922,
          "acoustic_entropy_side": 14.963045120239258,
          "hz": 2261.9676141086993
        },
        {
          "acoustic_entropy": 15.087469100952148,
          "acoustic_entropy_side": 14.87428092956543,
          "hz": 2524.2759484456974
        },
        {
          "acoustic_entropy": 14.96446418762207,
          "acoustic_entropy_side": 14.928671836853027,
          "hz": 2809.813997359896
        },
        {
          "acoustic_entropy": 15.251513481140137,
          "acoustic_entropy_side": 14.999468803405762,
          "hz": 3120.6389567871424
        },
        {
          "acoustic_entropy": 14.725807189941406,
          "acoustic_entropy_side": 14.645657539367676,
          "hz": 3458.990205492291
