{
  "acoustic_entropy": 140.45921325683594,
  "bands": [
    {
      "high_freq": 148.1999969482422,
      "loudness": -38.688289642333984,
      "loudness_range": 16.620716094970703,
      "mid_mean": -35.37096405029297,
      "mid_to_side_loudness": -15.269576072692871,
      "mid_to_side_loudness_range": 18.158098220825195,
      "side_mean": -56.513004302978516
    },
    {
      "high_freq": 392.3793640136719,
      "loudness": -46.69000244140625,
      "loudness_range": 11.929405212402344,
      "low_freq": 148.1999969482422,
      "mid_mean": -51.27164077758789,
      "mid_to_side_loudness": -5.358522415161133,
      "mid_to_side_loudness_range": 7.1388726234436035,
      "side_mean": -55.16276168823242
    },
    {
      "high_freq": 794.6976318359375,
      "loudness": -34.91914749145508,
      "loudness_range": 10.030012130737305,
      "low_freq": 392.3793640136719,
      "mid_mean": -33.94624328613281,
      "mid_to_side_loudness": -1.9633876085281372,
      "mid_to_side_loudness_range": 8.4513578414917,
      "side_mean": -36.41669464111328
    },
    {
      "high_freq": 1457.5709228515625,
      "loudness": -28.44738006591797,
      "loudness_range": 10.685859680175781,
      "low_freq": 794.6976318359375,
      "mid_mean": -26.834196090698242,
      "mid_to_side_loudness": -4.310394763946533,
      "mid_to_side_loudness_range": 9.861695289611816,
      "side_mean": -31.617727279663086
    },
    {
      "high_freq": 2549.74365234375,
      "loudness": -28.125652313232422,
      "loudness_range": 10.61563491821289,
      "low_freq": 1457.5709228515625,
      "mid_mean": -26.17470359802246,
      "mid_to_side_loudness": -5.615033149719238,
      "mid_to_side_loudness_range": 10.853851318359375,
      "side_mean": -32.618778228759766
    },
    {
      "high_freq": 4349.24462890625,
      "loudness": -28.920442581176758,
      "loudness_range": 12.688203811645508,
      "low_freq": 2549.74365234375,
      "mid_mean": -27.191987991333008,
      "mid_to_side_loudness": -7.266422748565674,
      "mid_to_side_loudness_range": 11.169962882995605,
      "side_mean": -35.36446762084961
    },
    {
      "high_freq": 7314.1640625,
      "loudness": -39.43729019165039,
      "loudness_range": 17.365137100219727,
      "low_freq": 4349.24462890625,
      "mid_mean": -37.26427459716797,
      "mid_to_side_loudness": -7.166158676147461,
      "mid_to_side_loudness_range": 10.579649925231934,
      "side_mean": -51.73553466796875
    },
    {
      "high_freq": 12199.2666015625,
      "loudness": -47.929012298583984,
      "loudness_range": 21.43608856201172,
      "low_freq": 7314.1640625,
      "mid_mean": -52.717262268066406,
      "mid_to_side_loudness": -4.43505334854126,
      "mid_to_side_loudness_range": 6.804792881011963,
      "side_mean": -56.144039154052734
    },
    {
      "loudness": -61.591102600097656,
      "loudness_range": 26.044918060302734,
      "low_freq": 12199.2666015625,
      "mid_mean": -62.33885192871094,
      "mid_to_side_loudness": -3.4807538986206055,
      "mid_to_side_loudness_range": 5.982771396636963,
      "side_mean": -64.40603637695312
    }
  ],
  "bands_short": [
    {
      "high_freq": 148.1999969482422,
      "loudness": -42.294307708740234,
      "loudness_range": 24.699888229370117,
      "mid_mean": -40.26450729370117,
      "mid_to_side_loudness": -16.3150577545166,
      "mid_to_side_loudness_range": 24.79783821105957,
      "side_mean": -60.16060256958008
    },
    {
      "high_freq": 392.3793640136719,
      "loudness": -46.092987060546875,
      "loudness_range": 18.14934539794922,
      "low_freq": 148.1999969482422,
      "mid_mean": -50.777000427246094,
      "mid_to_side_loudness": -7.057010650634766,
      "mid_to_side_loudness_range": 12.686813354492188,
      "side_mean": -56.09688186645508
    },
    {
      "high_freq": 794.6976318359375,
      "loudness": -36.35432052612305,
      "loudness_range": 16.61372947692871,
      "low_freq": 392.3793640136719,
      "mid_mean": -35.459835052490234,
      "mid_to_side_loudness": -2.690629720687866,
      "mid_to_side_loudness_range": 14.278432846069336,
      "side_mean": -38.612579345703125
    },
    {
      "high_freq": 1457.5709228515625,
      "loudness": -30.91729736328125,
      "loudness_range": 24.126569747924805,
      "low_freq": 794.6976318359375,
      "mid_mean": -30.130752563476562,
      "mid_to_side_loudness": -3.8159070014953613,
      "mid_to_side_loudness_range": 14.128711700439453,
      "side_mean": -34.33654022216797
    },
    {
      "high_freq": 2549.74365234375,
      "loudness": -30.667539596557617,
      "loudness_range": 24.28485870361328,
      "low_freq": 1457.5709228515625,
      "mid_mean": -29.78371238708496,
      "mid_to_side_loudness": -5.011877059936523,
      "mid_to_side_loudness_range": 14.520318984985352,
      "side_mean": -35.56258010864258
    },
    {
      "high_freq": 4349.24462890625,
      "loudness": -32.35807418823242,
      "loudness_range": 27.657623291015625,
      "low_freq": 2549.74365234375,
      "mid_mean": -31.421802520751953,
      "mid_to_side_loudness": -5.850227355957031,
      "mid_to_side_loudness_range": 13.731929779052734,
      "side_mean": -38.164546966552734
    },
    {
      "high_freq": 7314.1640625,
      "loudness": -43.56085968017578,
      "loudness_range": 30.95692253112793,
      "low_freq": 4349.24462890625,
      "mid_mean": -50.06369400024414,
      "mid_to_side_loudness": -5.417153835296631,
      "mid_to_side_loudness_range": 12.14357852935791,
      "side_mean": -54.25758743286133
    },
    {
      "high_freq": 12199.2666015625,
      "loudness": -51.502017974853516,
      "loudness_range": 31.763973236083984,
      "low_freq": 7314.1640625,
      "mid_mean": -56.701168060302734,
      "mid_to_side_loudness": -3.3612377643585205,
      "mid_to_side_loudness_range": 8.932811737060547,
      "side_mean": -59.220821380615234
    },
    {
      "loudness": -63.700843811035156,
      "loudness_range": 31.793487548828125,
      "low_freq": 12199.2666015625,
      "mid_mean": -65.07052612304688,
      "mid_to_side_loudness": -2.289053440093994,
      "mid_to_side_loudness_range": 7.57745361328125,
      "side_mean": -66.37284088134766
    }
  ],
  "bandwidth": 1272.726806640625,
  "channels": 2,
  "covariance": [
    [
      40.01169967651367,
      20.114492416381836,
      16.59687614440918,
      12.365066528320312,
      12.469893455505371,
      8.96463394165039,
      11.441513061523438,
      8.702028274536133,
      6.894379138946533,
      6.932402610778809,
      14.16257095336914,
      12.648889541625977,
      19.788654327392578,
      17.494415283203125,
      21.464174270629883,
      19.89173126220703,
      20.681795120239258,
      18.288366317749023
    ],
    [
      20.114492416381836,
      89.08671569824219,
      104.52415466308594,
      85.21037292480469,
      14.232061386108398,
      15.348928451538086,
      15.830889701843262,
      15.373510360717773,
      11.870392799377441,
      19.409889221191406,
      18.647871017456055,
      22.345489501953125,
      17.036928176879883,
      101.0470199584961,
      99.5501937866211,
      80.66980743408203,
      50.60908126831055,
      38.72611618041992
    ],
    [
      16.59687614440918,
      104.52415466308594,
      147.46141052246094,
      119.98031616210938,
      17.879730224609375,
      22.45581817626953,
      19.778831481933594,
      20.84349250793457,
      11.767821311950684,
      20.598796844482422,
      20.145902633666992,
      25.98902130126953,
      16.181663513183594,
      135.4257049560547,
      129.41856384277344,
      104.44225311279297,
      63.20525360107422,
      47.68968200683594
    ],
    [
      12.365066528320312,
      85.21037292480469,
      119.98031616210938,
      103.7584457397461,
      15.73867416381836,
      18.509014129638672,
      16.494298934936523,
      16.45754051208496,
      9.045289039611816,
      17.02845001220703,
      16.352426528930664,
      22.44452476501465,
      15.552559852600098,
      109.64340209960938,
      105.3853530883789,
      85.8202896118164,
      54.13311004638672,
      41.74810791015625
    ],
    [
      12.469893455505371,
      14.232061386108398,
      17.879730224609375,
      15.73867416381836,
      24.559310913085938,
      20.69297981262207,
      21.244510650634766,
      17.138626098632812,
      17.54237937927246,
      12.743597984313965,
      21.251407623291016,
      17.303564071655273,
      19.379657745361328,
      20.2239990234375,
      23.649818420410156,
      20.896554946899414,
      16.718231201171875,
      14.409485816955566
    ],
    [
      8.96463394165039,
      15.348928451538086,
      22.45581817626953,
      18.509014129638672,
      20.69297981262207,
      37.08831787109375,
      31.293624877929688,
      35.19002151489258,
      23.259029388427734,
      28.695419311523438,
      33.4311408996582,
      30.993959426879883,
      23.841262817382812,
      32.222320556640625,
      35.83184051513672,
      31.420419692993164,
      21.461015701293945,
      17.09075164794922
    ],
    [
      11.441513061523438,
      15.830889701843262,
      19.778831481933594,
      16.494298934936523,
      21.244510650634766,
      31.293624877929688,
      41.96392059326172,
      34.18958282470703,
      33.261600494384766,
      30.23052406311035,
      45.25093460083008,
      33.95949935913086,
      36.26850509643555,
      37.832969665527344,
      43.07062911987305,
      36.7887077331543,
      26.36298942565918,
      21.178436279296875
    ],
    [
      8.702028274536133,
      15.373510360717773,
      20.84349250793457,
      16.45754051208496,
      17.138626098632812,
      35.19002151489258,
      34.18958282470703,
      42.00818634033203,
      29.800460815429688,
      36.03166198730469,
      40.73690414428711,
      35.902122497558594,
      29.30362892150879,
      36.48362731933594,
      41.0130729675293,
      35.51729965209961,
      23.999828338623047,
      18.0889949798584
    ],
    [
      6.894379138946533,
      11.870392799377441,
      11.767821311950684,
      9.045289039611816,
      17.54237937927246,
      23.259029388427734,
      33.261600494384766,
      29.800460815429688,
      43.436405181884766,
      35.23886489868164,
      41.83400344848633,
      32.07721710205078,
      36.80717468261719,
      35.75422286987305,
      40.19515609741211,
      33.69639205932617,
      23.272621154785156,
      17.312362670898438
    ],
    [
      6.932402610778809,
      19.409889221191406,
      20.598796844482422,
      17.02845001220703,
      12.743597984313965,
      28.695419311523438,
      30.23052406311035,
      36.03166198730469,
      35.23886489868164,
      47.62947082519531,
      42.12355422973633,
      39.21831512451172,
      31.12788963317871,
      41.766029357910156,
      46.158695220947266,
      38.72067642211914,
      28.508087158203125,
      21.441404342651367
    ],
    [
      14.16257095336914,
      18.647871017456055,
      20.145902633666992,
      16.352426528930664,
      21.251407623291016,
      33.4311408996582,
      45.25093460083008,
      40.73690414428711,
      41.83400344848633,
      42.12355422973633,
      58.4168586730957,
      43.93269729614258,
      49.06387710571289,
      50.131595611572266,
      59.44881820678711,
      51.41672134399414,
      40.0803108215332,
      31.399221420288086
    ],
    [
      12.648889541625977,
      22.345489501953125,
      25.98902130126953,
      22.44452476501465,
      17.303564071655273,
      30.993959426879883,
      33.95949935913086,
      35.902122497558594,
      32.07721710205078,
      39.21831512451172,
      43.93269729614258,
      46.81608200073242,
      38.91530990600586,
      49.778499603271484,
      56.85960388183594,
      48.74217987060547,
      38.7658805847168,
      30.929994583129883
    ],
    [
      19.788654327392578,
      17.036928176879883,
      16.181663513183594,
      15.552559852600098,
      19.379657745361328,
      23.841262817382812,
      36.26850509643555,
      29.30362892150879,
      36.80717468261719,
      31.12788963317871,
      49.06387710571289,
      38.91530990600586,
      61.0527229309082,
      50.17389678955078,
      62.96255874633789,
      55.560489654541016,
      49.70219421386719,
      40.07563781738281
    ],
    [
      17.494415283203125,
      101.0470199584961,
      135.4257049560547,
      109.64340209960938,
      20.2239990234375,
      32.222320556640625,
      37.832969665527344,
      36.48362731933594,
      35.75422286987305,
      41.766029357910156,
      50.131595611572266,
      49.778499603271484,
      50.17389678955078,
      154.9945526123047,
      156.0121307373047,
      128.46035766601562,
      84.2780990600586,
      64.04401397705078
    ],
    [
      21.464174270629883,
      99.5501937866211,
      129.41856384277344,
      105.3853530883789,
      23.649818420410156,
      35.83184051513672,
      43.07062911987305,
      41.0130729675293,
      40.19515609741211,
      46.158695220947266,
      59.44881820678711,
      56.85960388183594,
      62.96255874633789,
      156.0121307373047,
      163.93020629882812,
      135.96311950683594,
      94.3134765625,
      72.1739273071289
    ],
    [
      19.89173126220703,
      80.66980743408203,
      104.44225311279297,
      85.8202896118164,
      20.896554946899414,
      31.420419692993164,
      36.7887077331543,
      35.51729965209961,
      33.69639205932617,
      38.72067642211914,
      51.41672134399414,
      48.74217987060547,
      55.560489654541016,
      128.46035766601562,
      135.96311950683594,
      114.0645980834961,
      80.59291076660156,
      62.13931655883789
    ],
    [
      20.681795120239258,
      50.60908126831055,
      63.20525360107422,
      54.13311004638672,
      16.718231201171875,
      21.461015701293945,
      26.36298942565918,
      23.999828338623047,
      23.272621154785156,
      28.508087158203125,
      40.0803108215332,
      38.7658805847168,
      49.70219421386719,
      84.2780990600586,
      94.3134765625,
      80.59291076660156,
      67.49223327636719,
      53.774532318115234
    ],
    [
      18.288366317749023,
      38.72611618041992,
      47.68968200683594,
      41.74810791015625,
      14.409485816955566,
      17.09075164794922,
      21.178436279296875,
      18.0889949798584,
      17.312362670898438,
      21.441404342651367,
      31.399221420288086,
      30.929994583129883,
      40.07563781738281,
      64.04401397705078,
      72.1739273071289,
      62.13931655883789,
      53.774532318115234,
      44.035125732421875
    ]
  ],
  "covariance_short": [
    [
      117.01509857177734,
      49.657386779785156,
      56.043521881103516,
      30.256723403930664,
      31.612600326538086,
      39.13694763183594,
      43.836585998535156,
      38.290096282958984,
      34.914669036865234,
      33.31499099731445,
      52.89580154418945,
      42.41767501831055,
      68.7110366821289,
      53.13117599487305,
      60.82215118408203,
      52.53797912597656,
      36.301578521728516,
      28.796886444091797
    ],
    [
      49.657386779785156,
      68.47512817382812,
      87.86287689208984,
      65.7401123046875,
      18.54031753540039,
      18.37533187866211,
      20.240816116333008,
      17.425189971923828,
      14.163990020751953,
      18.348358154296875,
      24.51215171813965,
      24.22178077697754,
      93.51045989990234,
      74.30126953125,
      70.92520904541016,
      58.87321472167969,
      34.227657318115234,
      26.94102668762207
    ],
    [
      56.043521881103516,
      87.86287689208984,
      168.1668243408203,
      123.55238342285156,
      24.96025848388672,
      28.686386108398438,
      33.544246673583984,
      29.62127113342285,
      25.297903060913086,
      30.086538314819336,
      34.451412200927734,
      35.77263641357422,
      165.10377502441406,
      130.52403259277344,
      116.94495391845703,
      95.62525177001953,
      51.50933074951172,
      39.70466232299805
    ],
    [
      30.256723403930664,
      65.7401123046875,
      123.55238342285156,
      101.07892608642578,
      21.027040481567383,
      22.0858154296875,
      24.69205665588379,
      20.275089263916016,
      17.27359390258789,
      22.445030212402344,
      23.819339752197266,
      26.707611083984375,
      121.25093078613281,
      96.1197738647461,
      86.75259399414062,
      71.38555145263672,
      40.11669158935547,
      31.799379348754883
    ],
    [
      31.612600326538086,
      18.54031753540039,
      24.96025848388672,
      21.027040481567383,
      43.890594482421875,
      41.085411071777344,
      44.173797607421875,
      36.45127868652344,
      41.64557647705078,
      31.33591079711914,
      46.30552673339844,
      34.426002502441406,
      51.54142761230469,
      37.40386962890625,
      43.14173126220703,
      34.97179412841797,
      23.288129806518555,
      18.403514862060547
    ],
    [
      39.13694763183594,
      18.37533187866211,
      28.686386108398438,
      22.0858154296875,
      41.085411071777344,
      69.79560852050781,
      69.30406188964844,
      63.9410285949707,
      69.31719207763672,
      60.92877960205078,
      78.7275161743164,
      60.12053298950195,
      85.301025390625,
      60.901695251464844,
      70.28468322753906,
      56.214927673339844,
      34.28367233276367,
      24.97194480895996
    ],
    [
      43.836585998535156,
      20.240816116333008,
      33.544246673583984,
      24.69205665588379,
      44.173797607421875,
      69.30406188964844,
      100.76597595214844,
      77.75281524658203,
      92.36052703857422,
      74.01097106933594,
      105.36695098876953,
      76.17047119140625,
      108.933837890625,
      78.22718811035156,
      89.6497573852539,
      70.93143463134766,
      43.477725982666016,
      32.172786712646484
    ],
    [
      38.290096282958984,
      17.425189971923828,
      29.62127113342285,
      20.275089263916016,
      36.45127868652344,
      63.9410285949707,
      77.75281524658203,
      84.30329132080078,
      81.23834228515625,
      74.03077697753906,
      94.07083892822266,
      70.98844909667969,
      96.47908020019531,
      70.24588775634766,
      80.7961654663086,
      63.827850341796875,
      38.57952880859375,
      27.336050033569336
    ],
    [
      34.914669036865234,
      14.163990020751953,
      25.297903060913086,
      17.27359390258789,
      41.64557647705078,
      69.31719207763672,
      92.36052703857422,
      81.23834228515625,
      116.20803833007812,
      88.88176727294922,
      114.41464233398438,
      82.58098602294922,
      114.03124237060547,
      83.52332305908203,
      97.13761901855469,
      75.59489440917969,
      45.5277099609375,
      32.358829498291016
    ],
    [
      33.31499099731445,
      18.348358154296875,
      30.086538314819336,
      22.445030212402344,
      31.33591079711914,
      60.92877960205078,
      74.01097106933594,
      74.03077697753906,
      88.88176727294922,
      93.25007629394531,
      97.28689575195312,
      77.83417510986328,
      101.99422454833984,
      77.5690689086914,
      89.42034149169922,
      70.10450744628906,
      45.4505500793457,
      33.349308013916016
    ],
    [
      52.89580154418945,
      24.51215171813965,
      34.451412200927734,
      23.819339752197266,
      46.30552673339844,
      78.7275161743164,
      105.36695098876953,
      94.07083892822266,
      114.41464233398438,
      97.28689575195312,
      139.6858673095703,
      98.33909606933594,
      139.7521209716797,
      103.24482727050781,
      122.19306945800781,
      97.85999298095703,
      62.73634338378906,
      46.25259017944336
    ],
    [
      42.41767501831055,
      24.22178077697754,
      35.77263641357422,
      26.707611083984375,
      34.426002502441406,
      60.12053298950195,
      76.17047119140625,
      70.98844909667969,
      82.58098602294922,
      77.83417510986328,
      98.33909606933594,
      86.24510955810547,
      112.30438995361328,
      85.45977783203125,
      97.68670654296875,
      78.79792022705078,
      50.921852111816406,
      38.630470275878906
    ],
    [
      68.7110366821289,
      93.51045989990234,
      165.10377502441406,
      121.25093078613281,
      51.54142761230469,
      85.301025390625,
      108.933837890625,
      96.47908020019531,
      114.03124237060547,
      101.99422454833984,
      139.7521209716797,
      112.30438995361328,
      256.11700439453125,
      197.00701904296875,
      197.65914916992188,
      160.6026611328125,
      92.6996841430664,
      69.40416717529297
    ],
    [
      53.13117599487305,
      74.30126953125,
      130.52403259277344,
      96.1197738647461,
      37.40386962890625,
      60.901695251464844,
      78.22718811035156,
      70.24588775634766,
      83.52332305908203,
      77.5690689086914,
      103.24482727050781,
      85.45977783203125,
      197.00701904296875,
      155.60227966308594,
      153.9522247314453,
      125.95162963867188,
      74.42051696777344,
      56.31278610229492
    ],
    [
      60.82215118408203,
      70.92520904541016,
      116.94495391845703,
      86.75259399414062,
      43.14173126220703,
      70.28468322753906,
      89.6497573852539,
      80.7961654663086,
      97.13761901855469,
      89.42034149169922,
      122.19306945800781,
      97.68670654296875,
      197.65914916992188,
      153.9522247314453,
      165.52833557128906,
      135.7581329345703,
      86.26802062988281,
      65.1884536743164
    ],
    [
      52.53797912597656,
      58.87321472167969,
      95.62525177001953,
      71.38555145263672,
      34.97179412841797,
      56.214927673339844,
      70.93143463134766,
      63.827850341796875,
      75.59489440917969,
      70.10450744628906,
      97.85999298095703,
      78.79792022705078,
      160.6026611328125,
      125.95162963867188,
      135.7581329345703,
      113.65412139892578,
      73.25741577148438,
      56.01970672607422
    ],
    [
      36.301578521728516,
      34.227657318115234,
      51.50933074951172,
      40.11669158935547,
      23.288129806518555,
      34.28367233276367,
      43.477725982666016,
      38.57952880859375,
      45.5277099609375,
      45.4505500793457,
      62.73634338378906,
      50.921852111816406,
      92.6996841430664,
      74.42051696777344,
      86.26802062988281,
      73.25741577148438,
      59.288604736328125,
      46.72040557861328
    ],
    [
      28.796886444091797,
      26.94102668762207,
      39.70466232299805,
      31.799379348754883,
      18.403514862060547,
      24.97194480895996,
      32.172786712646484,
      27.336050033569336,
      32.358829498291016,
      33.349308013916016,
      46.25259017944336,
      38.630470275878906,
      69.40416717529297,
      56.31278610229492,
      65.1884536743164,
      56.01970672607422,
      46.72040557861328,
      38.386592864990234
    ]
  ],
  "damage": -12.459806442260742,
  "diff_bandwidth": 1314.6329345703125,
  "dissonance": 5.730220757651116,
  "drr": -0.17087651789188385,
  "dynamics": 3.9113640785217285,
  "format": 1245190,
  "frames": 761856,
  "loudness": -19.090505599975586,
  "loudness_range": 6.921781539916992,
  "loudness_range_short": 19.767868041992188,
  "lowpass_true_peak_15khz": -3.6273834705352783,
  "mastering3_acoustic_entropies": [
    {
      "acoustic_entropy": 8.4970121383667,
      "acoustic_entropy_mono": 8.093667984008789,
      "band_eliminated_acoustic_entropies": [
        {
          "acoustic_entropy": 8.494911193847656,
          "acoustic_entropy_side": 8.497004508972168,
          "hz": 129.47220167065723
        },
        {
          "acoustic_entropy": 8.483275413513184,
          "acoustic_entropy_side": 8.496780395507812,
          "hz": 202.92927478742237
        },
        {
          "acoustic_entropy": 8.494531631469727,
          "acoustic_entropy_side": 8.497335433959961,
          "hz": 282.89161906338205
        },
        {
          "acoustic_entropy": 8.495317459106445,
          "acoustic_entropy_side": 8.496764183044434,
          "hz": 369.9353335868758
        },
        {
          "acoustic_entropy": 8.48458194732666,
          "acoustic_entropy_side": 8.497109413146973,
          "hz": 464.6875360973435
        },
        {
          "acoustic_entropy": 8.565155982971191,
          "acoustic_entropy_side": 8.513911247253418,
          "hz": 567.8308811364784
        },
        {
          "acoustic_entropy": 8.424010276794434,
          "acoustic_entropy_side": 8.502971649169922,
          "hz": 680.1084783214808
        },
        {
          "acoustic_entropy": 8.660972595214844,
          "acoustic_entropy_side": 8.59110164642334,
          "hz": 802.3292461747484
        },
        {
          "acoustic_entropy": 8.61773681640625,
          "acoustic_entropy_side": 8.619028091430664,
          "hz": 935.3737400823702
        },
        {
          "acoustic_entropy": 7.9832282066345215,
          "acoustic_entropy_side": 8.490026473999023,
          "hz": 1080.2004963696966
        },
        {
          "acoustic_entropy": 8.178817749023438,
          "acoustic_entropy_side": 8.41634464263916,
          "hz": 1237.8529382007157
        },
        {
          "acoustic_entropy": 8.989787101745605,
          "acoustic_entropy_side": 8.508353233337402,
          "hz": 1409.4668930556702
        },
        {
          "acoustic_entropy": 8.466506004333496,
          "acoustic_entropy_side": 8.109029769897461,
          "hz": 1596.2787759475705
        },
        {
          "acoustic_entropy": 8.763141632080078,
          "acoustic_entropy_side": 8.583498001098633,
          "hz": 1799.6344973346393
        },
        {
          "acoustic_entropy": 8.622066497802734,
          "acoustic_entropy_side": 8.407445907592773,
          "hz": 2020.9991599069049
        },
        {
          "acoustic_entropy": 8.291396141052246,
          "acoustic_entropy_side": 8.5562744140625,
          "hz": 2261.9676141086993
        },
        {
          "acoustic_entropy": 8.82288646697998,
          "acoustic_entropy_side": 8.603079795837402,
          "hz": 2524.2759484456974
        },
        {
          "acoustic_entropy": 8.704282760620117,
          "acoustic_entropy_side": 8.47277545928955,
          "hz": 2809.813997359896
        },
        {
          "acoustic_entropy": 8.513257026672363,
          "acoustic_entropy_side": 8.53567123413086,
          "hz": 3120.6389567871424
        },
        {
          "acoustic_entropy": 8.498902320861816,
          "acoustic_entropy_side": 8.423157691955566,
          "hz": 3458.990205492291
        },
        {
          "acoustic_entropy": 8.246352195739746,
          "acoustic_entropy_side": 8.384172439575195,
          "hz": 3827.305438964164
        },
        {
          "acoustic_entropy": 8.434710502624512,
          "acoustic_entropy_side": 8.407000541687012,
          "hz": 4228.238232109126
        },
        {
          "acoustic_entropy": 8.332344055175781,
          "acoustic_entropy_side": 8.425559997558594,
          "hz": 4664.6771572759235
        },
        {
          "acoustic_entropy": 8.375298500061035,
          "acoustic_entropy_side": 8.430511474609375,
          "hz": 5139.766595350093
        },
        {
          "acoustic_entropy": 8.387222290039062,
          "acoustic_entropy_side": 8.474822044372559,
          "hz": 5656.929389854203
        },
        {
          "acoustic_entropy": 8.370283126831055,
          "acoustic_entropy_side": 8.486072540283203,
          "hz": 6219.891507268283
        },
        {
          "acoustic_entropy": 8.351305961608887,
          "acoustic_entropy_side": 8.48222827911377,
          "hz": 6832.70888123896
        },
        {
          "acoustic_entropy": 8.35043716430664,
          "acoustic_entropy_side": 8.474613189697266,
          "hz": 7499.796634079867
        },
        {
          "acoustic_entropy": 8.359932899475098,
          "acoustic_entropy_side": 8.487008094787598,
          "hz": 8225.96088609342
        },
        {
          "acoustic_entropy": 8.425078392028809,
          "acoustic_entropy_side": 8.476713180541992,
          "hz": 9016.43338188839
        },
        {
          "acoustic_entropy": 8.450075149536133,
          "acoustic_entropy_side": 8.484573364257812,
          "hz": 9876.909183162974
        },
        {
          "acoustic_entropy": 8.46599006652832,
          "acoustic_entropy_side": 8.49351978302002,
          "hz": 10813.587699516042
        },
        {
          "acoustic_entropy": 8.478732109069824,
          "acoustic_entropy_side": 8.495429992675781,
          "hz": 11833.21735289826
        },
        {
          "acoustic_entropy": 8.482275009155273,
          "acoustic_entropy_side": 8.495855331420898,
          "hz": 12943.144197493959
        },
        {
          "acoustic_entropy": 8.490957260131836,
          "acoustic_entropy_side": 8.496121406555176,
          "hz": 14151.364845322005
        },
        {
          "acoustic_entropy": 8.495333671569824,
          "acoustic_entropy_side": 8.49683952331543,
          "hz": 15466.58407886509
        },
        {
          "acoustic_entropy": 8.496421813964844,
          "acoustic_entropy_side": 8.496874809265137,
          "hz": 16898.27756580493
        },
        {
          "acoustic_entropy": 8.49691104888916,
          "acoustic_entropy_side": 8.49698257446289,
          "hz": 18456.760127700032
        },
        {
          "acoustic_entropy": 8.497004508972168,
          "acoustic_entropy_side": 8.497010231018066,
          "hz": 20153.260054456492
        },
        {
          "acoustic_entropy": 8.497011184692383,
          "acoustic_entropy_side": 8.497013092041016,
          "hz": 22000.00000000001
        }
      ],
      "diff_acoustic_entropy": 9.057169914245605,
      "sn": 6
    },
    {
      "acoustic_entropy": 11.642742156982422,
      "acoustic_entropy_mono": 11.48184871673584,
      "band_eliminated_acoustic_entropies": [
        {
          "acoustic_entropy": 11.850132942199707,
          "acoustic_entropy_side": 11.643227577209473,
          "hz": 129.47220167065723
        },
        {
          "acoustic_entropy": 11.979788780212402,
          "acoustic_entropy_side": 11.6672945022583,
          "hz": 202.92927478742237
        },
        {
          "acoustic_entropy": 11.699362754821777,
          "acoustic_entropy_side": 11.650614738464355,
          "hz": 282.89161906338205
        },
        {
          "acoustic_entropy": 11.686917304992676,
          "acoustic_entropy_side": 11.652105331420898,
          "hz": 369.9353335868758
        },
        {
          "acoustic_entropy": 12.107268333435059,
          "acoustic_entropy_side": 11.638993263244629,
          "hz": 464.6875360973435
        },
        {
          "acoustic_entropy": 11.933584213256836,
          "acoustic_entropy_side": 11.65920352935791,
          "hz": 567.8308811364784
        },
        {
          "acoustic_entropy": 11.857674598693848,
          "acoustic_entropy_side": 11.665101051330566,
          "hz": 680.1084783214808
        },
        {
          "acoustic_entropy": 11.883379936218262,
          "acoustic_entropy_side": 11.733736991882324,
          "hz": 802.3292461747484
        },
        {
          "acoustic_entropy": 11.898021697998047,
          "acoustic_entropy_side": 11.683009147644043,
          "hz": 935.3737400823702
        },
        {
          "acoustic_entropy": 11.18738079071045,
          "acoustic_entropy_side": 11.72158432006836,
          "hz": 1080.2004963696966
        },
        {
          "acoustic_entropy": 11.68845272064209,
          "acoustic_entropy_side": 11.607810020446777,
          "hz": 1237.8529382007157
        },
        {
          "acoustic_entropy": 12.179905891418457,
          "acoustic_entropy_side": 11.840802192687988,
          "hz": 1409.4668930556702
        },
        {
          "acoustic_entropy": 11.560338020324707,
          "acoustic_entropy_side": 11.39423656463623,
          "hz": 1596.2787759475705
        },
        {
          "acoustic_entropy": 11.620718002319336,
          "acoustic_entropy_side": 11.789417266845703,
          "hz": 1799.6344973346393
        },
        {
          "acoustic_entropy": 11.935498237609863,
          "acoustic_entropy_side": 11.698692321777344,
          "hz": 2020.9991599069049
        },
        {
          "acoustic_entropy": 11.76294994354248,
          "acoustic_entropy_side": 11.948810577392578,
          "hz": 2261.9676141086993
        },
        {
          "acoustic_entropy": 12.11434268951416,
          "acoustic_entropy_side": 11.981953620910645,
          "hz": 2524.2759484456974
        },
        {
          "acoustic_entropy": 12.195889472961426,
          "acoustic_entropy_side": 11.85844612121582,
          "hz": 2809.813997359896
        },
        {
          "acoustic_entropy": 11.786131858825684,
          "acoustic_entropy_side": 12.002285957336426,
          "hz": 3120.6389567871424
        },
        {
          "acoustic_entropy": 11.754128456115723,
          "acoustic_entropy_side": 11.530065536499023,
          "hz": 3458.990205492291
        },
        {
          "acoustic_entropy": 11.591935157775879,
          "acoustic_entropy_side": 11.799015045166016,
          "hz": 3827.305438964164
        },
        {
          "acoustic_entropy": 11.524068832397461,
          "acoustic_entropy_side": 11.497201919555664,
          "hz": 4228.238232109126
        },
        {
          "acoustic_entropy": 11.449776649475098,
          "acoustic_entropy_side": 11.701869010925293,
          "hz": 4664.6771572759235
        },
        {
          "acoustic_entropy": 11.812753677368164,
          "acoustic_entropy_side": 11.636702537536621,
          "hz": 5139.766595350093
        },
        {
          "acoustic_entropy": 11.727684020996094,
          "acoustic_entropy_side": 11.641427040100098,
          "hz": 5656.929389854203
        },
        {
          "acoustic_entropy": 11.599320411682129,
          "acoustic_entropy_side": 11.660179138183594,
          "hz": 6219.891507268283
        },
        {
          "acoustic_entropy": 11.5338134765625,
          "acoustic_entropy_side": 11.499468803405762,
          "hz": 6832.70888123896
        },
        {
          "acoustic_entropy": 11.863655090332031,
          "acoustic_entropy_side": 11.637898445129395,
          "hz": 7499.796634079867
        },
        {
          "acoustic_entropy": 11.729363441467285,
          "acoustic_entropy_side": 11.58477783203125,
          "hz": 8225.96088609342
        },
        {
          "acoustic_entropy": 11.615386962890625,
          "acoustic_entropy_side": 11.61478042602539,
          "hz": 9016.43338188839
        },
        {
          "acoustic_entropy": 11.601266860961914,
          "acoustic_entropy_side": 11.619479179382324,
          "hz": 9876.909183162974
        },
        {
          "acoustic_entropy": 11.500040054321289,
          "acoustic_entropy_side": 11.631644248962402,
          "hz": 10813.587699516042
        },
        {
          "acoustic_entropy": 11.523350715637207,
          "acoustic_entropy_side": 11.596999168395996,
          "hz": 11833.21735289826
        },
        {
          "acoustic_entropy": 11.615870475769043,
          "acoustic_entropy_side": 11.623896598815918,
          "hz": 12943.144197493959
        },
        {
          "acoustic_entropy": 11.598204612731934,
          "acoustic_entropy_side": 11.603941917419434,
          "hz": 14151.364845322005
        },
        {
          "acoustic_entropy": 11.57928466796875,
          "acoustic_entropy_side": 11.624593734741211,
          "hz": 15466.58407886509
        },
        {
          "acoustic_entropy": 11.621511459350586,
          "acoustic_entropy_side": 11.632708549499512,
          "hz": 16898.27756580493
        },
        {
          "acoustic_entropy": 11.633249282836914,
          "acoustic_entropy_side": 11.639898300170898,
          "hz": 18456.760127700032
        },
        {
          "acoustic_entropy": 11.641805648803711,
          "acoustic_entropy_side": 11.642449378967285,
          "hz": 20153.260054456492
        },
        {
          "acoustic_entropy": 11.64271354675293,
          "acoustic_entropy_side": 11.642733573913574,
          "hz": 22000.00000000001
        }
      ],
      "diff_acoustic_entropy": 11.943377494812012,
      "sn": 12
    },
    {
      "acoustic_entropy": 15.40636920928955,
      "acoustic_entropy_mono": 14.78844928741455,
      "band_eliminated_acoustic_entropies": [
        {
          "acoustic_entropy": 15.28316879272461,
          "acoustic_entropy_side": 15.42007064819336,
          "hz": 129.47220167065723
        },
        {
          "acoustic_entropy": 16.07906723022461,
          "acoustic_entropy_side": 15.2374267578125,
          "hz": 202.92927478742237
        },
        {
          "acoustic_entropy": 15.205984115600586,
          "acoustic_entropy_side": 15.162221908569336,
          "hz": 282.89161906338205
        },
        {
          "acoustic_entropy": 15.043523788452148,
          "acoustic_entropy_side": 15.217293739318848,
          "hz": 369.9353335868758
        },
        {
          "acoustic_entropy": 15.329368591308594,
          "acoustic_entropy_side": 15.207890510559082,
          "hz": 464.6875360973435
        },
        {
          "acoustic_entropy": 15.961699485778809,
          "acoustic_entropy_side": 15.430659294128418,
          "hz": 567.8308811364784
        },
        {
          "acoustic_entropy": 15.457432746887207,
          "acoustic_entropy_side": 15.57679271697998,
          "hz": 680.1084783214808
        },
        {
          "acoustic_entropy": 15.712418556213379,
          "acoustic_entropy_side": 15.609184265136719,
          "hz": 802.3292461747484
        },
        {
          "acoustic_entropy": 16.200414657592773,
          "acoustic_entropy_side": 16.005279541015625,
          "hz": 935.3737400823702
        },
        {
          "acoustic_entropy": 16.09062957763672,
          "acoustic_entropy_side": 16.32476806640625,
          "hz": 1080.2004963696966
        },
        {
          "acoustic_entropy": 15.61732006072998,
          "acoustic_entropy_side": 15.513471603393555,
          "hz": 1237.8529382007157
        },
        {
          "acoustic_entropy": 15.902101516723633,
          "acoustic_entropy_side": 15.169046401977539,
          "hz": 1409.4668930556702
        },
        {
          "acoustic_entropy": 17.151765823364258,
          "acoustic_entropy_side": 16.52102279663086,
          "hz": 1596.2787759475705
        },
        {
          "acoustic_entropy": 15.667227745056152,
          "acoustic_entropy_side": 15.525713920593262,
          "hz": 1799.6344973346393
        },
        {
          "acoustic_entropy": 15.480826377868652,
          "acoustic_entropy_side": 15.57155704498291,
          "hz": 2020.9991599069049
        },
        {
          "acoustic_entropy": 15.980297088623047,
          "acoustic_entropy_side": 15.45710563659668,
          "hz": 2261.9676141086993
        },
        {
          "acoustic_entropy": 15.437664031982422,
          "acoustic_entropy_side": 15.505346298217773,
          "hz": 2524.2759484456974
        },
        {
          "acoustic_entropy": 15.669179916381836,
          "acoustic_entropy_side": 15.392342567443848,
          "hz": 2809.813997359896
        },
        {
          "acoustic_entropy": 15.525096893310547,
          "acoustic_entropy_side": 15.351731300354004,
          "hz": 3120.6389567871424
        },
        {
