{
  "acoustic_entropy": 84.53307342529297,
  "bands": [
    {
      "high_freq": 148.1999969482422,
      "loudness": -37.48501968383789,
      "loudness_range": 14.970626831054688,
      "mid_mean": -34.95969772338867,
      "mid_to_side_loudness": -21.553903579711914,
      "mid_to_side_loudness_range": 25.723737716674805,
      "side_mean": -60.521114349365234
    },
    {
      "high_freq": 392.3793640136719,
      "loudness": -40.357139587402344,
      "loudness_range": 15.668792724609375,
      "low_freq": 148.1999969482422,
      "mid_mean": -38.251312255859375,
      "mid_to_side_loudness": -8.799080848693848,
      "mid_to_side_loudness_range": 14.525763511657715,
      "side_mean": -53.441890716552734
    },
    {
      "high_freq": 794.6976318359375,
      "loudness": -34.30243682861328,
      "loudness_range": 9.506254196166992,
      "low_freq": 392.3793640136719,
      "mid_mean": -31.938398361206055,
      "mid_to_side_loudness": -8.48734188079834,
      "mid_to_side_loudness_range": 13.311724662780762,
      "side_mean": -41.053775787353516
    },
    {
      "high_freq": 1457.5709228515625,
      "loudness": -35.563133239746094,
      "loudness_range": 5.122081756591797,
      "low_freq": 794.6976318359375,
      "mid_mean": -32.665992736816406,
      "mid_to_side_loudness": -11.82594108581543,
      "mid_to_side_loudness_range": 22.502685546875,
      "side_mean": -51.72053909301758
    },
    {
      "high_freq": 2549.74365234375,
      "loudness": -34.12691116333008,
      "loudness_range": 7.881650924682617,
      "low_freq": 1457.5709228515625,
      "mid_mean": -31.366287231445312,
      "mid_to_side_loudness": -13.951117515563965,
      "mid_to_side_loudness_range": 13.871204376220703,
      "side_mean": -52.117835998535156
    },
    {
      "high_freq": 4349.24462890625,
      "loudness": -44.80044937133789,
      "loudness_range": 5.4220428466796875,
      "low_freq": 2549.74365234375,
      "mid_mean": -42.477134704589844,
      "mid_to_side_loudness": -10.308647155761719,
      "mid_to_side_loudness_range": 12.071428298950195,
      "side_mean": -57.28672790527344
    },
    {
      "high_freq": 7314.1640625,
      "loudness": -57.24111557006836,
      "loudness_range": 6.715110778808594,
      "low_freq": 4349.24462890625,
      "mid_mean": -58.23884963989258,
      "mid_to_side_loudness": -10.944903373718262,
      "mid_to_side_loudness_range": 14.526944160461426,
      "side_mean": -65.6951675415039
    },
    {
      "high_freq": 12199.2666015625,
      "loudness": -72.33943176269531,
      "loudness_range": 4.305450439453125,
      "low_freq": 7314.1640625,
      "mid_mean": -67.38310241699219,
      "mid_to_side_loudness": -10.483468055725098,
      "mid_to_side_loudness_range": 12.07552433013916,
      "side_mean": -69.7078857421875
    },
    {
      "loudness": 0,
      "loudness_range": 0,
      "low_freq": 12199.2666015625,
      "mid_mean": -69.38800048828125,
      "mid_to_side_loudness": -6.657614231109619,
      "mid_to_side_loudness_range": 6.231935501098633,
      "side_mean": -69.85623168945312
    }
  ],
  "bands_short": [
    {
      "high_freq": 148.1999969482422,
      "loudness": -39.749420166015625,
      "loudness_range": 24.011634826660156,
      "mid_mean": -38.183692932128906,
      "mid_to_side_loudness": -21.26106834411621,
      "mid_to_side_loudness_range": 32.44281005859375,
      "side_mean": -62.04926300048828
    },
    {
      "high_freq": 392.3793640136719,
      "loudness": -38.39873504638672,
      "loudness_range": 12.5928955078125,
      "low_freq": 148.1999969482422,
      "mid_mean": -36.0718994140625,
      "mid_to_side_loudness": -11.090055465698242,
      "mid_to_side_loudness_range": 19.447294235229492,
      "side_mean": -53.89706802368164
    },
    {
      "high_freq": 794.6976318359375,
      "loudness": -34.26056671142578,
      "loudness_range": 10.057559967041016,
      "low_freq": 392.3793640136719,
      "mid_mean": -31.771087646484375,
      "mid_to_side_loudness": -8.497246742248535,
      "mid_to_side_loudness_range": 15.72658634185791,
      "side_mean": -41.22262191772461
    },
    {
      "high_freq": 1457.5709228515625,
      "loudness": -35.091644287109375,
      "loudness_range": 6.081485748291016,
      "low_freq": 794.6976318359375,
      "mid_mean": -32.42606735229492,
      "mid_to_side_loudness": -11.96168327331543,
      "mid_to_side_loudness_range": 21.78813934326172,
      "side_mean": -51.71809768676758
    },
    {
      "high_freq": 2549.74365234375,
      "loudness": -33.887855529785156,
      "loudness_range": 8.383249282836914,
      "low_freq": 1457.5709228515625,
      "mid_mean": -31.146526336669922,
      "mid_to_side_loudness": -13.888391494750977,
      "mid_to_side_loudness_range": 16.34909439086914,
      "side_mean": -52.469749450683594
    },
    {
      "high_freq": 4349.24462890625,
      "loudness": -44.51815414428711,
      "loudness_range": 5.688739776611328,
      "low_freq": 2549.74365234375,
      "mid_mean": -42.705196380615234,
      "mid_to_side_loudness": -10.3472261428833,
      "mid_to_side_loudness_range": 13.217741966247559,
      "side_mean": -57.37460708618164
    },
    {
      "high_freq": 7314.1640625,
      "loudness": -57.16095733642578,
      "loudness_range": 7.527061462402344,
      "low_freq": 4349.24462890625,
      "mid_mean": -58.32477569580078,
      "mid_to_side_loudness": -10.80815601348877,
      "mid_to_side_loudness_range": 14.546483993530273,
      "side_mean": -65.65650939941406
    },
    {
      "high_freq": 12199.2666015625,
      "loudness": -72.47372436523438,
      "loudness_range": 5.295326232910156,
      "low_freq": 7314.1640625,
      "mid_mean": -67.39877319335938,
      "mid_to_side_loudness": -10.527788162231445,
      "mid_to_side_loudness_range": 12.56119441986084,
      "side_mean": -69.70662689208984
    },
    {
      "loudness": 0,
      "loudness_range": 0,
      "low_freq": 12199.2666015625,
      "mid_mean": -69.38340759277344,
      "mid_to_side_loudness": -7.060746669769287,
      "mid_to_side_loudness_range": 9.668944358825684,
      "side_mean": -69.854736328125
    }
  ],
  "bandwidth": 672.43408203125,
  "channels": 2,
  "covariance": [
    [
      64.75033569335938,
      18.36514663696289,
      26.18355941772461,
      31.53543472290039,
      14.121172904968262,
      8.002135276794434,
      20.25627899169922,
      7.082649230957031,
      17.748586654663086,
      10.892580032348633,
      15.388920783996582,
      7.599252223968506,
      16.182905197143555,
      8.12858772277832,
      3.156771421432495,
      0.3098631203174591,
      1.850765585899353,
      0.46306055784225464
    ],
    [
      18.36514663696289,
      45.93174743652344,
      19.669105529785156,
      78.49042510986328,
      5.892176628112793,
      9.768083572387695,
      3.961921453475952,
      54.382450103759766,
      -0.17301662266254425,
      54.94538116455078,
      6.872842788696289,
      43.36201477050781,
      38.3734245300293,
      14.704771995544434,
      8.593069076538086,
      1.015837550163269,
      2.8760299682617188,
      0.7067183256149292
    ],
    [
      26.18355941772461,
      19.669105529785156,
      64.60419464111328,
      74.57984161376953,
      12.650846481323242,
      10.720342636108398,
      4.353531360626221,
      -5.83728551864624,
      0.08554906398057938,
      -0.6482743620872498,
      6.216227054595947,
      9.30618667602539,
      -0.3005608320236206,
      2.6725950241088867,
      1.605151891708374,
      0.485388845205307,
      2.8799734115600586,
      0.8129394054412842
    ],
    [
      31.53543472290039,
      78.49042510986328,
      74.57984161376953,
      174.19393920898438,
      26.5888614654541,
      32.98414993286133,
      15.791693687438965,
      95.53484344482422,
      7.3318328857421875,
      98.6546859741211,
      22.376937866210938,
      83.26229858398438,
      67.80319213867188,
      25.86688804626465,
      16.474407196044922,
      2.0599136352539062,
      5.990638256072998,
      1.4993596076965332
    ],
    [
      14.121172904968262,
      5.892176628112793,
      12.650846481323242,
      26.5888614654541,
      43.6505241394043,
      26.352815628051758,
      32.500064849853516,
      18.20565414428711,
      34.69584655761719,
      26.775548934936523,
      27.608091354370117,
      23.15791893005371,
      21.10100746154785,
      5.670549392700195,
      5.854445457458496,
      0.751975417137146,
      1.3048584461212158,
      0.2981443703174591
    ],
    [
      8.002135276794434,
      9.768083572387695,
      10.720342636108398,
      32.98414993286133,
      26.352815628051758,
      39.180912017822266,
      24.299238204956055,
      18.966293334960938,
      22.5648136138916,
      25.154659271240234,
      23.83927345275879,
      21.212312698364258,
      17.026859283447266,
      3.7339518070220947,
      4.536257743835449,
      0.6164032220840454,
      1.4856045246124268,
      0.3357389271259308
    ],
    [
      20.25627899169922,
      3.961921453475952,
      4.353531360626221,
      15.791693687438965,
      32.500064849853516,
      24.299238204956055,
      36.91836166381836,
      14.98891830444336,
      37.27853012084961,
      20.692096710205078,
      28.932832717895508,
      15.845368385314941,
      20.54732894897461,
      5.881852626800537,
      5.005377292633057,
      0.47636517882347107,
      0.9191969037055969,
      0.18288232386112213
    ],
    [
      7.082649230957031,
      54.382450103759766,
      -5.83728551864624,
      95.53484344482422,
      18.20565414428711,
      18.966293334960938,
      14.98891830444336,
      124.42877960205078,
      16.7233829498291,
      121.63573455810547,
      19.42317008972168,
      85.25934600830078,
      82.04086303710938,
      32.012168884277344,
      18.167638778686523,
      2.019623279571533,
      4.449361801147461,
      1.0558634996414185
    ],
    [
      17.748586654663086,
      -0.17301662266254425,
      0.08554906398057938,
      7.3318328857421875,
      34.69584655761719,
      22.5648136138916,
      37.27853012084961,
      16.7233829498291,
      41.46892547607422,
      24.718379974365234,
      32.19785690307617,
      18.161781311035156,
      23.932384490966797,
      7.908661365509033,
      5.984851360321045,
      0.6056393980979919,
      0.7687013745307922,
      0.15649645030498505
    ],
    [
      10.892580032348633,
      54.94538116455078,
      -0.6482743620872498,
      98.6546859741211,
      26.775548934936523,
      25.154659271240234,
      20.692096710205078,
      121.63573455810547,
      24.718379974365234,
      124.3461685180664,
      26.151527404785156,
      87.48282623291016,
      84.35177612304688,
      31.95907211303711,
      19.062847137451172,
      2.128983974456787,
      4.3534440994262695,
      1.0339292287826538
    ],
    [
      15.388920783996582,
      6.872842788696289,
      6.216227054595947,
      22.376937866210938,
      27.608091354370117,
      23.83927345275879,
      28.932832717895508,
      19.42317008972168,
      32.19785690307617,
      26.151527404785156,
      36.42742156982422,
      22.07898712158203,
      24.64589500427246,
      9.538125038146973,
      6.413763999938965,
      0.7052050828933716,
      1.3355635404586792,
      0.31648311018943787
    ],
    [
      7.599252223968506,
      43.36201477050781,
      9.30618667602539,
      83.26229858398438,
      23.15791893005371,
      21.212312698364258,
      15.845368385314941,
      85.25934600830078,
      18.161781311035156,
      87.48282623291016,
      22.07898712158203,
      65.81293487548828,
      59.90933609008789,
      23.022554397583008,
      14.128268241882324,
      1.6679424047470093,
      3.5718250274658203,
      0.8628557324409485
    ],
    [
      16.182905197143555,
      38.3734245300293,
      -0.3005608320236206,
      67.80319213867188,
      21.10100746154785,
      17.026859283447266,
      20.54732894897461,
      82.04086303710938,
      23.932384490966797,
      84.35177612304688,
      24.64589500427246,
      59.90933609008789,
      61.13613510131836,
      23.354755401611328,
      13.722039222717285,
      1.4540982246398926,
      2.8947300910949707,
      0.6809272766113281
    ],
    [
      8.12858772277832,
      14.704771995544434,
      2.6725950241088867,
      25.86688804626465,
      5.670549392700195,
      3.7339518070220947,
      5.881852626800537,
      32.012168884277344,
      7.908661365509033,
      31.95907211303711,
      9.538125038146973,
      23.022554397583008,
      23.354755401611328,
      11.035511016845703,
      5.206496715545654,
      0.5976791977882385,
      1.5406867265701294,
      0.39704376459121704
    ],
    [
      3.156771421432495,
      8.593069076538086,
      1.605151891708374,
      16.474407196044922,
      5.854445457458496,
      4.536257743835449,
      5.005377292633057,
      18.167638778686523,
      5.984851360321045,
      19.062847137451172,
      6.413763999938965,
      14.128268241882324,
      13.722039222717285,
      5.206496715545654,
      3.4157135486602783,
      0.37920790910720825,
      0.7219973206520081,
      0.1689620316028595
    ],
    [
      0.3098631203174591,
      1.015837550163269,
      0.485388845205307,
      2.0599136352539062,
      0.751975417137146,
      0.6164032220840454,
      0.47636517882347107,
      2.019623279571533,
      0.6056393980979919,
      2.128983974456787,
      0.7052050828933716,
      1.6679424047470093,
      1.4540982246398926,
      0.5976791977882385,
      0.37920790910720825,
      0.049485642462968826,
      0.10537316650152206,
      0.026098791509866714
    ],
    [
      1.850765585899353,
      2.8760299682617188,
      2.8799734115600586,
      5.990638256072998,
      1.3048584461212158,
      1.4856045246124268,
      0.9191969037055969,
      4.449361801147461,
      0.7687013745307922,
      4.3534440994262695,
      1.3355635404586792,
      3.5718250274658203,
      2.8947300910949707,
      1.5406867265701294,
      0.7219973206520081,
      0.10537316650152206,
      0.39852508902549744,
      0.10363586992025375
    ],
    [
      0.46306055784225464,
      0.7067183256149292,
      0.8129394054412842,
      1.4993596076965332,
      0.2981443703174591,
      0.3357389271259308,
      0.18288232386112213,
      1.0558634996414185,
      0.15649645030498505,
      1.0339292287826538,
      0.31648311018943787,
      0.8628557324409485,
      0.6809272766113281,
      0.39704376459121704,
      0.1689620316028595,
      0.026098791509866714,
      0.10363586992025375,
      0.02763974480330944
    ]
  ],
  "covariance_short": [
    [
      120.34414672851562,
      23.03451919555664,
      23.200395584106445,
      38.39729309082031,
      19.332948684692383,
      18.299585342407227,
      31.023597717285156,
      21.1824893951416,
      28.618532180786133,
      27.437314987182617,
      30.913347244262695,
      18.205150604248047,
      28.3923282623291,
      12.05156135559082,
      5.478397369384766,
      0.6599633693695068,
      1.8949978351593018,
      0.49206244945526123
    ],
    [
      23.03451919555664,
      45.48908233642578,
      13.300507545471191,
      68.7049560546875,
      0.23726563155651093,
      4.043206214904785,
      1.2021311521530151,
      46.69694137573242,
      -3.3960375785827637,
      45.895477294921875,
      5.264050006866455,
      37.075782775878906,
      32.142120361328125,
      12.216390609741211,
      7.166104793548584,
      0.8939441442489624,
      2.5160937309265137,
      0.6208887696266174
    ],
    [
      23.200395584106445,
      13.300507545471191,
      44.44133377075195,
      53.030643463134766,
      4.000483512878418,
      4.768771171569824,
      1.1919622421264648,
      -6.257543563842773,
      -1.3450514078140259,
      -2.1805455684661865,
      3.8899405002593994,
      4.1400251388549805,
      -2.239830493927002,
      0.4711848497390747,
      0.6022355556488037,
      0.299782395362854,
      2.0928924083709717,
      0.6138997077941895
    ],
    [
      38.39729309082031,
      68.7049560546875,
      53.030643463134766,
      176.02706909179688,
      19.339536666870117,
      30.565711975097656,
      17.274667739868164,
      97.51564025878906,
      5.419322490692139,
      98.03511047363281,
      28.875864028930664,
      84.28367614746094,
      68.79561614990234,
      25.641845703125,
      16.64429473876953,
      2.1021106243133545,
      6.080952167510986,
      1.531676173210144
    ],
    [
      19.332948684692383,
      0.23726563155651093,
      4.000483512878418,
      19.339536666870117,
      37.265628814697266,
      24.634483337402344,
      28.09013557434082,
      9.171648979187012,
      30.228086471557617,
      18.464202880859375,
      29.128009796142578,
      17.91714096069336,
      16.6181583404541,
      3.851402759552002,
      4.641984462738037,
      0.6419448852539062,
      0.9840227365493774,
      0.2261362075805664
    ],
    [
      18.299585342407227,
      4.043206214904785,
      4.768771171569824,
      30.565711975097656,
      24.634483337402344,
      40.06184005737305,
      24.602510452270508,
      18.643203735351562,
      16.584943771362305,
      24.249149322509766,
      26.783794403076172,
      20.958309173583984,
      15.636313438415527,
      2.918889045715332,
      3.897061347961426,
      0.5643948316574097,
      1.396362066268921,
      0.3211054503917694
    ],
    [
      31.023597717285156,
      1.2021311521530151,
      1.1919622421264648,
      17.274667739868164,
      28.09013557434082,
      24.602510452270508,
      36.853782653808594,
      16.206995010375977,
      29.97449493408203,
      20.611196517944336,
      30.475622177124023,
      15.68394947052002,
      20.67531967163086,
      5.676513195037842,
      4.686445236206055,
      0.4226183593273163,
      0.8917139172554016,
      0.17234395444393158
    ],
    [
      21.1824893951416,
      46.69694137573242,
      -6.257543563842773,
      97.51564025878906,
      9.171648979187012,
      18.643203735351562,
      16.206995010375977,
      132.37940979003906,
      11.453953742980957,
      125.46353149414062,
      28.323101043701172,
      89.02240753173828,
      85.02096557617188,
      33.83645248413086,
      18.637821197509766,
      2.081101179122925,
      4.610317707061768,
      1.1012803316116333
    ],
    [
      28.618532180786133,
      -3.3960375785827637,
      -1.3450514078140259,
      5.419322490692139,
      30.228086471557617,
      16.584943771362305,
      29.97449493408203,
      11.453953742980957,
      37.633392333984375,
      19.605350494384766,
      28.450626373291016,
      14.310075759887695,
      21.742326736450195,
      6.937467098236084,
      5.238527774810791,
      0.495104044675827,
      0.5530955195426941,
      0.09695922583341599
    ],
    [
      27.437314987182617,
      45.895477294921875,
      -2.1805455684661865,
      98.03511047363281,
      18.464202880859375,
      24.249149322509766,
      20.611196517944336,
      125.46353149414062,
      19.605350494384766,
      127.26451110839844,
      34.03068923950195,
      89.63714599609375,
      85.5744400024414,
      33.10895919799805,
      19.18302345275879,
      2.1627655029296875,
      4.441023349761963,
      1.061947226524353
    ],
    [
      30.913347244262695,
      5.264050006866455,
      3.8899405002593994,
      28.875864028930664,
      29.128009796142578,
      26.783794403076172,
      30.475622177124023,
      28.323101043701172,
      28.450626373291016,
      34.03068923950195,
      47.62177276611328,
      28.635032653808594,
      29.85962677001953,
      11.955918312072754,
      7.558526039123535,
      0.854764461517334,
      1.6561166048049927,
      0.39546510577201843
    ],
    [
      18.205150604248047,
      37.075782775878906,
      4.1400251388549805,
      84.28367614746094,
      17.91714096069336,
      20.958309173583984,
      15.68394947052002,
      89.02240753173828,
      14.310075759887695,
      89.63714599609375,
      28.635032653808594,
      68.97320556640625,
      61.687843322753906,
      24.32787322998047,
      14.470377922058105,
      1.748400330543518,
      3.7647228240966797,
      0.917067289352417
    ],
    [
      28.3923282623291,
      32.142120361328125,
      -2.239830493927002,
      68.79561614990234,
      16.6181583404541,
      15.636313438415527,
      20.67531967163086,
      85.02096557617188,
      21.742326736450195,
      85.5744400024414,
      29.85962677001953,
      61.687843322753906,
      63.581687927246094,
      24.706350326538086,
      14.238536834716797,
      1.516131043434143,
      3.0383100509643555,
      0.7123345136642456
    ],
    [
      12.05156135559082,
      12.216390609741211,
      0.4711848497390747,
      25.641845703125,
      3.851402759552002,
      2.918889045715332,
      5.676513195037842,
      33.83645248413086,
      6.937467098236084,
      33.10895919799805,
      11.955918312072754,
      24.32787322998047,
      24.706350326538086,
      11.963459968566895,
      5.517299175262451,
      0.6379188299179077,
      1.5878534317016602,
      0.40629759430885315
    ],
    [
      5.478397369384766,
      7.166104793548584,
      0.6022355556488037,
      16.64429473876953,
      4.641984462738037,
      3.897061347961426,
      4.686445236206055,
      18.637821197509766,
      5.238527774810791,
      19.18302345275879,
      7.558526039123535,
      14.470377922058105,
      14.238536834716797,
      5.517299175262451,
      3.6801183223724365,
      0.40353092551231384,
      0.761932373046875,
      0.17604482173919678
    ],
    [
      0.6599633693695068,
      0.8939441442489624,
      0.299782395362854,
      2.1021106243133545,
      0.6419448852539062,
      0.5643948316574097,
      0.4226183593273163,
      2.081101179122925,
      0.495104044675827,
      2.1627655029296875,
      0.854764461517334,
      1.748400330543518,
      1.516131043434143,
      0.6379188299179077,
      0.40353092551231384,
      0.056139785796403885,
      0.11158153414726257,
      0.028100058436393738
    ],
    [
      1.8949978351593018,
      2.5160937309265137,
      2.0928924083709717,
      6.080952167510986,
      0.9840227365493774,
      1.396362066268921,
      0.8917139172554016,
      4.610317707061768,
      0.5530955195426941,
      4.441023349761963,
      1.6561166048049927,
      3.7647228240966797,
      3.0383100509643555,
      1.5878534317016602,
      0.761932373046875,
      0.11158153414726257,
      0.43336424231529236,
      0.11069390922784805
    ],
    [
      0.49206244945526123,
      0.6208887696266174,
      0.6138997077941895,
      1.531676173210144,
      0.2261362075805664,
      0.3211054503917694,
      0.17234395444393158,
      1.1012803316116333,
      0.09695922583341599,
      1.061947226524353,
      0.39546510577201843,
      0.917067289352417,
      0.7123345136642456,
      0.40629759430885315,
      0.17604482173919678,
      0.028100058436393738,
      0.11069390922784805,
      0.03039727732539177
    ]
  ],
  "damage": -19.83428192138672,
  "diff_bandwidth": 757.3680419921875,
  "dissonance": 1.3361690644716129,
  "drr": -9.473906517028809,
  "dynamics": 1.8857194185256958,
  "format": 1245190,
  "frames": 438272,
  "loudness": -24.348230361938477,
  "loudness_range": 3.984363555908203,
  "loudness_range_short": 4.171625137329102,
  "lowpass_true_peak_15khz": -12.007108688354492,
  "mastering3_acoustic_entropies": [
    {
      "acoustic_entropy": 7.0810441970825195,
      "acoustic_entropy_mono": 6.806862831115723,
      "band_eliminated_acoustic_entropies": [
        {
          "acoustic_entropy": 7.12997579574585,
          "acoustic_entropy_side": 7.081053733825684,
          "hz": 129.47220167065723
        },
        {
          "acoustic_entropy": 7.069152355194092,
          "acoustic_entropy_side": 7.081109523773193,
          "hz": 202.92927478742237
        },
        {
          "acoustic_entropy": 7.091618537902832,
          "acoustic_entropy_side": 7.0953755378723145,
          "hz": 282.89161906338205
        },
        {
          "acoustic_entropy": 7.110502243041992,
          "acoustic_entropy_side": 7.106044292449951,
          "hz": 369.9353335868758
        },
        {
          "acoustic_entropy": 7.178407669067383,
          "acoustic_entropy_side": 7.071432113647461,
          "hz": 464.6875360973435
        },
        {
          "acoustic_entropy": 6.852229595184326,
          "acoustic_entropy_side": 7.087038516998291,
          "hz": 567.8308811364784
        },
        {
          "acoustic_entropy": 7.2871222496032715,
          "acoustic_entropy_side": 7.021902084350586,
          "hz": 680.1084783214808
        },
        {
          "acoustic_entropy": 5.808076858520508,
          "acoustic_entropy_side": 6.90973424911499,
          "hz": 802.3292461747484
        },
        {
          "acoustic_entropy": 7.160614967346191,
          "acoustic_entropy_side": 7.088494777679443,
          "hz": 935.3737400823702
        },
        {
          "acoustic_entropy": 7.0385050773620605,
          "acoustic_entropy_side": 7.081907749176025,
          "hz": 1080.2004963696966
        },
        {
          "acoustic_entropy": 6.191473960876465,
          "acoustic_entropy_side": 7.078728199005127,
          "hz": 1237.8529382007157
        },
        {
          "acoustic_entropy": 7.443169116973877,
          "acoustic_entropy_side": 7.04118537902832,
          "hz": 1409.4668930556702
        },
        {
          "acoustic_entropy": 6.5115156173706055,
          "acoustic_entropy_side": 7.078185558319092,
          "hz": 1596.2787759475705
        },
        {
          "acoustic_entropy": 6.523746967315674,
          "acoustic_entropy_side": 7.073599815368652,
          "hz": 1799.6344973346393
        },
        {
          "acoustic_entropy": 7.130316734313965,
          "acoustic_entropy_side": 7.0768585205078125,
          "hz": 2020.9991599069049
        },
        {
          "acoustic_entropy": 6.808594703674316,
          "acoustic_entropy_side": 7.058366775512695,
          "hz": 2261.9676141086993
        },
        {
          "acoustic_entropy": 7.099344730377197,
          "acoustic_entropy_side": 7.076049327850342,
          "hz": 2524.2759484456974
        },
        {
          "acoustic_entropy": 7.091092586517334,
          "acoustic_entropy_side": 7.08029842376709,
          "hz": 2809.813997359896
        },
        {
          "acoustic_entropy": 7.078780651092529,
          "acoustic_entropy_side": 7.0808820724487305,
          "hz": 3120.6389567871424
        },
        {
          "acoustic_entropy": 7.035758972167969,
          "acoustic_entropy_side": 7.079224586486816,
          "hz": 3458.990205492291
        },
        {
          "acoustic_entropy": 7.054559707641602,
          "acoustic_entropy_side": 7.0805463790893555,
          "hz": 3827.305438964164
        },
        {
          "acoustic_entropy": 7.079756259918213,
          "acoustic_entropy_side": 7.081021785736084,
          "hz": 4228.238232109126
        },
        {
          "acoustic_entropy": 7.0784783363342285,
          "acoustic_entropy_side": 7.081014633178711,
          "hz": 4664.6771572759235
        },
        {
          "acoustic_entropy": 7.079827785491943,
          "acoustic_entropy_side": 7.081029891967773,
          "hz": 5139.766595350093
        },
        {
          "acoustic_entropy": 7.0781168937683105,
          "acoustic_entropy_side": 7.0809855461120605,
          "hz": 5656.929389854203
        },
        {
          "acoustic_entropy": 7.079634666442871,
          "acoustic_entropy_side": 7.081015586853027,
          "hz": 6219.891507268283
        },
        {
          "acoustic_entropy": 7.080698490142822,
          "acoustic_entropy_side": 7.081042289733887,
          "hz": 6832.70888123896
        },
        {
          "acoustic_entropy": 7.081013202667236,
          "acoustic_entropy_side": 7.0810441970825195,
          "hz": 7499.796634079867
        },
        {
          "acoustic_entropy": 7.081040382385254,
          "acoustic_entropy_side": 7.0810441970825195,
          "hz": 8225.96088609342
        },
        {
          "acoustic_entropy": 7.0810441970825195,
          "acoustic_entropy_side": 7.0810441970825195,
          "hz": 9016.43338188839
        },
        {
          "acoustic_entropy": 7.0810441970825195,
          "acoustic_entropy_side": 7.0810441970825195,
          "hz": 9876.909183162974
        },
        {
          "acoustic_entropy": 7.0810441970825195,
          "acoustic_entropy_side": 7.0810441970825195,
          "hz": 10813.587699516042
        },
        {
          "acoustic_entropy": 7.0810441970825195,
          "acoustic_entropy_side": 7.0810441970825195,
          "hz": 11833.21735289826
        },
        {
          "acoustic_entropy": 7.0810441970825195,
          "acoustic_entropy_side": 7.0810441970825195,
          "hz": 12943.144197493959
        },
        {
          "acoustic_entropy": 7.0810441970825195,
          "acoustic_entropy_side": 7.0810441970825195,
          "hz": 14151.364845322005
        },
        {
          "acoustic_entropy": 7.0810441970825195,
          "acoustic_entropy_side": 7.0810441970825195,
          "hz": 15466.58407886509
        },
        {
          "acoustic_entropy": 7.0810441970825195,
          "acoustic_entropy_side": 7.0810441970825195,
          "hz": 16898.27756580493
        },
        {
          "acoustic_entropy": 7.0810441970825195,
          "acoustic_entropy_side": 7.0810441970825195,
          "hz": 18456.760127700032
        },
        {
          "acoustic_entropy": 7.0810441970825195,
          "acoustic_entropy_side": 7.0810441970825195,
          "hz": 20153.260054456492
        },
        {
          "acoustic_entropy": 7.0810441970825195,
          "acoustic_entropy_side": 7.0810441970825195,
          "hz": 22000.00000000001
        }
      ],
      "diff_acoustic_entropy": 2.4989545345306396,
      "sn": 6
    },
    {
      "acoustic_entropy": 9.254059791564941,
      "acoustic_entropy_mono": 8.176854133605957,
      "band_eliminated_acoustic_entropies": [
        {
          "acoustic_entropy": 9.719793319702148,
          "acoustic_entropy_side": 9.254171371459961,
          "hz": 129.47220167065723
        },
        {
          "acoustic_entropy": 9.55022144317627,
          "acoustic_entropy_side": 9.254156112670898,
          "hz": 202.92927478742237
        },
        {
          "acoustic_entropy": 9.040976524353027,
          "acoustic_entropy_side": 9.290413856506348,
          "hz": 282.89161906338205
        },
        {
          "acoustic_entropy": 9.442429542541504,
          "acoustic_entropy_side": 9.273096084594727,
          "hz": 369.9353335868758
        },
        {
          "acoustic_entropy": 9.241270065307617,
          "acoustic_entropy_side": 9.234282493591309,
          "hz": 464.6875360973435
        },
        {
          "acoustic_entropy": 9.109313011169434,
          "acoustic_entropy_side": 9.291545867919922,
          "hz": 567.8308811364784
        },
        {
          "acoustic_entropy": 9.421011924743652,
          "acoustic_entropy_side": 9.060981750488281,
          "hz": 680.1084783214808
        },
        {
          "acoustic_entropy": 8.427003860473633,
          "acoustic_entropy_side": 9.235030174255371,
          "hz": 802.3292461747484
        },
        {
          "acoustic_entropy": 9.623034477233887,
          "acoustic_entropy_side": 9.301944732666016,
          "hz": 935.3737400823702
        },
        {
          "acoustic_entropy": 8.928435325622559,
          "acoustic_entropy_side": 9.113655090332031,
          "hz": 1080.2004963696966
        },
        {
          "acoustic_entropy": 9.01153564453125,
          "acoustic_entropy_side": 9.240966796875,
          "hz": 1237.8529382007157
        },
        {
          "acoustic_entropy": 9.42196273803711,
          "acoustic_entropy_side": 8.848000526428223,
          "hz": 1409.4668930556702
        },
        {
          "acoustic_entropy": 8.427454948425293,
          "acoustic_entropy_side": 9.269678115844727,
          "hz": 1596.2787759475705
        },
        {
          "acoustic_entropy": 8.988992691040039,
          "acoustic_entropy_side": 9.20275592803955,
          "hz": 1799.6344973346393
        },
        {
          "acoustic_entropy": 9.238652229309082,
          "acoustic_entropy_side": 9.24067497253418,
          "hz": 2020.9991599069049
        },
        {
          "acoustic_entropy": 8.834613800048828,
          "acoustic_entropy_side": 9.144956588745117,
          "hz": 2261.9676141086993
        },
        {
          "acoustic_entropy": 9.25741195678711,
          "acoustic_entropy_side": 9.184430122375488,
          "hz": 2524.2759484456974
        },
        {
          "acoustic_entropy": 9.231597900390625,
          "acoustic_entropy_side": 9.230567932128906,
          "hz": 2809.813997359896
        },
        {
          "acoustic_entropy": 9.255733489990234,
          "acoustic_entropy_side": 9.258363723754883,
          "hz": 3120.6389567871424
        },
        {
          "acoustic_entropy": 9.220330238342285,
          "acoustic_entropy_side": 9.247777938842773,
          "hz": 3458.990205492291
        },
        {
          "acoustic_entropy": 9.21619701385498,
          "acoustic_entropy_side": 9.2501859664917,
          "hz": 3827.305438964164
        },
        {
          "acoustic_entropy": 9.255742073059082,
          "acoustic_entropy_side": 9.253881454467773,
          "hz": 4228.238232109126
        },
        {
          "acoustic_entropy": 9.247476577758789,
          "acoustic_entropy_side": 9.253786087036133,
          "hz": 4664.6771572759235
        },
        {
          "acoustic_entropy": 9.250283241271973,
          "acoustic_entropy_side": 9.253931999206543,
          "hz": 5139.766595350093
        },
        {
          "acoustic_entropy": 9.240471839904785,
          "acoustic_entropy_side": 9.253524780273438,
          "hz": 5656.929389854203
        },
        {
          "acoustic_entropy": 9.248023986816406,
          "acoustic_entropy_side": 9.253817558288574,
          "hz": 6219.891507268283
        },
        {
          "acoustic_entropy": 9.252443313598633,
          "acoustic_entropy_side": 9.254043579101562,
          "hz": 6832.70888123896
        },
        {
          "acoustic_entropy": 9.253904342651367,
          "acoustic_entropy_side": 9.254057884216309,
          "hz": 7499.796634079867
        },
        {
          "acoustic_entropy": 9.25406265258789,
          "acoustic_entropy_side": 9.254059791564941,
          "hz": 8225.96088609342
        },
        {
          "acoustic_entropy": 9.254064559936523,
          "acoustic_entropy_side": 9.254059791564941,
          "hz": 9016.43338188839
        },
        {
          "acoustic_entropy": 9.254059791564941,
          "acoustic_entropy_side": 9.254059791564941,
          "hz": 9876.909183162974
        },
        {
          "acoustic_entropy": 9.254059791564941,
          "acoustic_entropy_side": 9.254059791564941,
          "hz": 10813.587699516042
        },
        {
          "acoustic_entropy": 9.254058837890625,
          "acoustic_entropy_side": 9.254059791564941,
          "hz": 11833.21735289826
        },
        {
          "acoustic_entropy": 9.254059791564941,
          "acoustic_entropy_side": 9.254059791564941,
          "hz": 12943.144197493959
        },
        {
          "acoustic_entropy": 9.254059791564941,
          "acoustic_entropy_side": 9.254059791564941,
          "hz": 14151.364845322005
        },
        {
          "acoustic_entropy": 9.254057884216309,
          "acoustic_entropy_side": 9.254059791564941,
          "hz": 15466.58407886509
        },
        {
          "acoustic_entropy": 9.254056930541992,
          "acoustic_entropy_side": 9.254059791564941,
          "hz": 16898.27756580493
        },
        {
          "acoustic_entropy": 9.254057884216309,
          "acoustic_entropy_side": 9.254059791564941,
          "hz": 18456.760127700032
        },
        {
          "acoustic_entropy": 9.254057884216309,
          "acoustic_entropy_side": 9.254059791564941,
          "hz": 20153.260054456492
        },
        {
          "acoustic_entropy": 9.254059791564941,
          "acoustic_entropy_side": 9.254059791564941,
          "hz": 22000.00000000001
        }
      ],
      "diff_acoustic_entropy": 4.4669294357299805,
      "sn": 12
    },
    {
      "acoustic_entropy": 12.08896255493164,
      "acoustic_entropy_mono": 10.65930461883545,
      "band_eliminated_acoustic_entropies": [
        {
          "acoustic_entropy": 12.27514934539795,
          "acoustic_entropy_side": 12.091920852661133,
          "hz": 129.47220167065723
        },
        {
          "acoustic_entropy": 12.30517578125,
          "acoustic_entropy_side": 12.095593452453613,
          "hz": 202.92927478742237
        },
        {
          "acoustic_entropy": 12.112621307373047,
          "acoustic_entropy_side": 12.01331901550293,
          "hz": 282.89161906338205
        },
        {
          "acoustic_entropy": 12.330453872680664,
          "acoustic_entropy_side": 12.308460235595703,
          "hz": 369.9353335868758
        },
        {
          "acoustic_entropy": 12.093947410583496,
          "acoustic_entropy_side": 12.392792701721191,
          "hz": 464.6875360973435
        },
        {
          "acoustic_entropy": 12.554128646850586,
          "acoustic_entropy_side": 12.451088905334473,
          "hz": 567.8308811364784
        },
        {
          "acoustic_entropy": 12.416906356811523,
          "acoustic_entropy_side": 12.215045928955078,
          "hz": 680.1084783214808
        },
        {
          "acoustic_entropy": 12.314506530761719,
          "acoustic_entropy_side": 11.955560684204102,
          "hz": 802.3292461747484
        },
        {
          "acoustic_entropy": 12.584115982055664,
          "acoustic_entropy_side": 12.232051849365234,
          "hz": 935.3737400823702
        },
        {
          "acoustic_entropy": 11.578672409057617,
          "acoustic_entropy_side": 11.815774917602539,
          "hz": 1080.2004963696966
        },
        {
          "acoustic_entropy": 12.187549591064453,
          "acoustic_entropy_side": 12.127771377563477,
          "hz": 1237.8529382007157
        },
        {
          "acoustic_entropy": 12.196795463562012,
          "acoustic_entropy_side": 11.792215347290039,
          "hz": 1409.4668930556702
        },
        {
          "acoustic_entropy": 11.831369400024414,
          "acoustic_entropy_side": 12.002495765686035,
          "hz": 1596.2787759475705
        },
        {
          "acoustic_entropy": 11.94055461883545,
          "acoustic_entropy_side": 11.965189933776855,
          "hz": 1799.6344973346393
        },
        {
          "acoustic_entropy": 11.997203826904297,
          "acoustic_entropy_side": 12.0744047164917,
          "hz": 2020.9991599069049
        },
        {
          "acoustic_entropy": 12.166196823120117,
          "acoustic_entropy_side": 12.050252914428711,
          "hz": 2261.9676141086993
        },
        {
          "acoustic_entropy": 12.063250541687012,
          "acoustic_entropy_side": 11.981805801391602,
          "hz": 2524.2759484456974
        },
        {
          "acoustic_entropy": 12.116782188415527,
          "acoustic_entropy_side": 12.064289093017578,
          "hz": 2809.813997359896
        },
        {
          "acoustic_entropy": 12.051892280578613,
