{
  "acoustic_entropy": 205.3618927001953,
  "bands": [
    {
      "high_freq": 148.1999969482422,
      "loudness": -21.19906997680664,
      "loudness_range": 12.432591438293457,
      "mid_mean": -17.748811721801758,
      "mid_to_side_loudness": -20.72702980041504,
      "mid_to_side_loudness_range": 18.345638275146484,
      "side_mean": -39.9388542175293
    },
    {
      "high_freq": 392.3793640136719,
      "loudness": -19.807247161865234,
      "loudness_range": 10.196479797363281,
      "low_freq": 148.1999969482422,
      "mid_mean": -16.587156295776367,
      "mid_to_side_loudness": -12.383940696716309,
      "mid_to_side_loudness_range": 17.564353942871094,
      "side_mean": -28.670679092407227
    },
    {
      "high_freq": 794.6976318359375,
      "loudness": -24.780405044555664,
      "loudness_range": 17.67485237121582,
      "low_freq": 392.3793640136719,
      "mid_mean": -22.077455520629883,
      "mid_to_side_loudness": -8.081612586975098,
      "mid_to_side_loudness_range": 13.605093955993652,
      "side_mean": -29.42190933227539
    },
    {
      "high_freq": 1457.5709228515625,
      "loudness": -26.00339126586914,
      "loudness_range": 19.737939834594727,
      "low_freq": 794.6976318359375,
      "mid_mean": -23.343048095703125,
      "mid_to_side_loudness": -7.525994300842285,
      "mid_to_side_loudness_range": 16.48134422302246,
      "side_mean": -30.798906326293945
    },
    {
      "high_freq": 2549.74365234375,
      "loudness": -27.129955291748047,
      "loudness_range": 14.993213653564453,
      "low_freq": 1457.5709228515625,
      "mid_mean": -24.586687088012695,
      "mid_to_side_loudness": -5.787508964538574,
      "mid_to_side_loudness_range": 14.447383880615234,
      "side_mean": -30.237276077270508
    },
    {
      "high_freq": 4349.24462890625,
      "loudness": -30.23876953125,
      "loudness_range": 16.180673599243164,
      "low_freq": 2549.74365234375,
      "mid_mean": -27.53232765197754,
      "mid_to_side_loudness": -6.44528865814209,
      "mid_to_side_loudness_range": 9.66029167175293,
      "side_mean": -33.38636016845703
    },
    {
      "high_freq": 7314.1640625,
      "loudness": -32.797645568847656,
      "loudness_range": 12.913835525512695,
      "low_freq": 4349.24462890625,
      "mid_mean": -29.666751861572266,
      "mid_to_side_loudness": -7.006149768829346,
      "mid_to_side_loudness_range": 11.467844009399414,
      "side_mean": -38.16647720336914
    },
    {
      "high_freq": 12199.2666015625,
      "loudness": -36.46482849121094,
      "loudness_range": 13.842697143554688,
      "low_freq": 7314.1640625,
      "mid_mean": -34.26167678833008,
      "mid_to_side_loudness": -4.440378189086914,
      "mid_to_side_loudness_range": 8.56032657623291,
      "side_mean": -39.04220962524414
    },
    {
      "loudness": -40.76237106323242,
      "loudness_range": 12.012226104736328,
      "low_freq": 12199.2666015625,
      "mid_mean": -39.18853759765625,
      "mid_to_side_loudness": -2.170997381210327,
      "mid_to_side_loudness_range": 3.6187973022460938,
      "side_mean": -41.43478775024414
    }
  ],
  "bands_short": [
    {
      "high_freq": 148.1999969482422,
      "loudness": -28.705989837646484,
      "loudness_range": 23.305992126464844,
      "mid_mean": -25.381837844848633,
      "mid_to_side_loudness": -20.884685516357422,
      "mid_to_side_loudness_range": 24.9664306640625,
      "side_mean": -47.14756393432617
    },
    {
      "high_freq": 392.3793640136719,
      "loudness": -19.287899017333984,
      "loudness_range": 12.773147583007812,
      "low_freq": 148.1999969482422,
      "mid_mean": -16.083660125732422,
      "mid_to_side_loudness": -13.719574928283691,
      "mid_to_side_loudness_range": 21.972400665283203,
      "side_mean": -29.526742935180664
    },
    {
      "high_freq": 794.6976318359375,
      "loudness": -25.089557647705078,
      "loudness_range": 18.222652435302734,
      "low_freq": 392.3793640136719,
      "mid_mean": -22.656293869018555,
      "mid_to_side_loudness": -7.5623040199279785,
      "mid_to_side_loudness_range": 16.965702056884766,
      "side_mean": -29.320270538330078
    },
    {
      "high_freq": 1457.5709228515625,
      "loudness": -26.926115036010742,
      "loudness_range": 20.614517211914062,
      "low_freq": 794.6976318359375,
      "mid_mean": -24.45417594909668,
      "mid_to_side_loudness": -6.854465484619141,
      "mid_to_side_loudness_range": 19.028564453125,
      "side_mean": -31.207006454467773
    },
    {
      "high_freq": 2549.74365234375,
      "loudness": -27.745223999023438,
      "loudness_range": 16.064857482910156,
      "low_freq": 1457.5709228515625,
      "mid_mean": -25.548938751220703,
      "mid_to_side_loudness": -5.074429988861084,
      "mid_to_side_loudness_range": 16.3721923828125,
      "side_mean": -30.635046005249023
    },
    {
      "high_freq": 4349.24462890625,
      "loudness": -30.719005584716797,
      "loudness_range": 17.67426300048828,
      "low_freq": 2549.74365234375,
      "mid_mean": -28.292308807373047,
      "mid_to_side_loudness": -5.98801851272583,
      "mid_to_side_loudness_range": 12.046106338500977,
      "side_mean": -34.01026153564453
    },
    {
      "high_freq": 7314.1640625,
      "loudness": -34.5000114440918,
      "loudness_range": 20.965646743774414,
      "low_freq": 4349.24462890625,
      "mid_mean": -31.746440887451172,
      "mid_to_side_loudness": -6.311570644378662,
      "mid_to_side_loudness_range": 12.092120170593262,
      "side_mean": -39.441322326660156
    },
    {
      "high_freq": 12199.2666015625,
      "loudness": -38.71680450439453,
      "loudness_range": 21.440855026245117,
      "low_freq": 7314.1640625,
      "mid_mean": -36.60689163208008,
      "mid_to_side_loudness": -4.501575946807861,
      "mid_to_side_loudness_range": 10.29342269897461,
      "side_mean": -41.95768737792969
    },
    {
      "loudness": -45.07393264770508,
      "loudness_range": 24.29165267944336,
      "low_freq": 12199.2666015625,
      "mid_mean": -43.559226989746094,
      "mid_to_side_loudness": -2.6661202907562256,
      "mid_to_side_loudness_range": 6.77898645401001,
      "side_mean": -46.68092727661133
    }
  ],
  "bandwidth": 503.1198425292969,
  "channels": 2,
  "covariance": [
    [
      26.130760192871094,
      11.52103042602539,
      5.808047294616699,
      5.077113628387451,
      5.530061721801758,
      6.280478477478027,
      6.062597751617432,
      5.972164630889893,
      3.3006231784820557,
      7.197873592376709,
      6.271039962768555,
      9.212177276611328,
      4.058169841766357,
      7.217884540557861,
      3.646906614303589,
      5.212409019470215,
      3.046318292617798,
      3.8387038707733154
    ],
    [
      11.52103042602539,
      63.72679901123047,
      13.461750984191895,
      36.78369140625,
      12.73855972290039,
      9.592424392700195,
      24.154325485229492,
      13.069816589355469,
      10.522371292114258,
      4.314873695373535,
      8.034461975097656,
      13.557132720947266,
      9.589983940124512,
      20.482812881469727,
      18.45979118347168,
      18.676340103149414,
      14.806367874145508,
      13.673697471618652
    ],
    [
      5.808047294616699,
      13.461750984191895,
      13.838884353637695,
      11.097169876098633,
      13.49689769744873,
      8.062211036682129,
      12.668084144592285,
      7.0456461906433105,
      10.035277366638184,
      7.129306793212891,
      11.870796203613281,
      11.799728393554688,
      12.380200386047363,
      12.327356338500977,
      13.240428924560547,
      7.30745792388916,
      7.682900428771973,
      5.315249919891357
    ],
    [
      5.077113628387451,
      36.78369140625,
      11.097169876098633,
      48.8696403503418,
      21.04543685913086,
      15.432098388671875,
      23.25383949279785,
      16.953887939453125,
      16.340742111206055,
      11.1967191696167,
      14.016088485717773,
      12.72282600402832,
      11.93095588684082,
      22.683380126953125,
      20.158370971679688,
      18.754236221313477,
      15.278714179992676,
      13.842430114746094
    ],
    [
      5.530061721801758,
      12.73855972290039,
      13.49689769744873,
      21.04543685913086,
      46.06130599975586,
      19.774215698242188,
      33.8516845703125,
      15.332365989685059,
      29.466562271118164,
      19.10116195678711,
      30.637107849121094,
      22.139957427978516,
      27.145973205566406,
      25.98722267150879,
      26.10576629638672,
      14.309028625488281,
      15.48639965057373,
      10.852762222290039
    ],
    [
      6.280478477478027,
      9.592424392700195,
      8.062211036682129,
      15.432098388671875,
      19.774215698242188,
      26.064617156982422,
      14.257185935974121,
      18.856990814208984,
      14.68105697631836,
      20.5522518157959,
      16.436431884765625,
      21.025869369506836,
      12.718684196472168,
      14.621588706970215,
      10.687958717346191,
      9.342940330505371,
      8.198587417602539,
      7.436608791351318
    ],
    [
      6.062597751617432,
      24.154325485229492,
      12.668084144592285,
      23.25383949279785,
      33.8516845703125,
      14.257185935974121,
      46.64979553222656,
      17.41175079345703,
      29.86777687072754,
      12.641579627990723,
      26.250341415405273,
      21.152565002441406,
      23.81366539001465,
      25.973739624023438,
      25.903467178344727,
      17.455078125,
      17.866533279418945,
      13.66926383972168
    ],
    [
      5.972164630889893,
      13.069816589355469,
      7.0456461906433105,
      16.953887939453125,
      15.332365989685059,
      18.856990814208984,
      17.41175079345703,
      23.622272491455078,
      14.29246997833252,
      18.602327346801758,
      13.868721961975098,
      19.53151512145996,
      11.01006031036377,
      13.912721633911133,
      10.05932903289795,
      9.783956527709961,
      8.48554801940918,
      8.089938163757324
    ],
    [
      3.3006231784820557,
      10.522371292114258,
      10.035277366638184,
      16.340742111206055,
      29.466562271118164,
      14.68105697631836,
      29.86777687072754,
      14.29246997833252,
      34.467567443847656,
      17.00387191772461,
      27.402996063232422,
      19.442033767700195,
      23.656024932861328,
      22.814754486083984,
      22.284589767456055,
      13.201603889465332,
      14.062871932983398,
      10.097475051879883
    ],
    [
      7.197873592376709,
      4.314873695373535,
      7.129306793212891,
      11.1967191696167,
      19.10116195678711,
      20.5522518157959,
      12.641579627990723,
      18.602327346801758,
      17.00387191772461,
      29.056564331054688,
      18.348697662353516,
      22.143665313720703,
      12.018463134765625,
      12.313166618347168,
      6.8845906257629395,
      5.836339473724365,
      3.829397439956665,
      3.4435245990753174
    ],
    [
      6.271039962768555,
      8.034461975097656,
      11.870796203613281,
      14.016088485717773,
      30.637107849121094,
      16.436431884765625,
      26.250341415405273,
      13.868721961975098,
      27.402996063232422,
      18.348697662353516,
      38.937801361083984,
      27.785926818847656,
      27.90377426147461,
      27.744781494140625,
      23.483455657958984,
      14.753381729125977,
      14.803417205810547,
      10.913044929504395
    ],
    [
      9.212177276611328,
      13.557132720947266,
      11.799728393554688,
      12.72282600402832,
      22.139957427978516,
      21.025869369506836,
      21.152565002441406,
      19.53151512145996,
      19.442033767700195,
      22.143665313720703,
      27.785926818847656,
      38.581756591796875,
      22.10681915283203,
      26.75689697265625,
      17.879175186157227,
      16.39716148376465,
      13.468505859375,
      12.482202529907227
    ],
    [
      4.058169841766357,
      9.589983940124512,
      12.380200386047363,
      11.93095588684082,
      27.145973205566406,
      12.718684196472168,
      23.81366539001465,
      11.01006031036377,
      23.656024932861328,
      12.018463134765625,
      27.90377426147461,
      22.10681915283203,
      40.92626190185547,
      25.768077850341797,
      25.52994155883789,
      13.843780517578125,
      14.120638847351074,
      8.606555938720703
    ],
    [
      7.217884540557861,
      20.482812881469727,
      12.327356338500977,
      22.683380126953125,
      25.98722267150879,
      14.621588706970215,
      25.973739624023438,
      13.912721633911133,
      22.814754486083984,
      12.313166618347168,
      27.744781494140625,
      26.75689697265625,
      25.768077850341797,
      39.19923400878906,
      28.966976165771484,
      24.720151901245117,
      20.925270080566406,
      17.720359802246094
    ],
    [
      3.646906614303589,
      18.45979118347168,
      13.240428924560547,
      20.158370971679688,
      26.10576629638672,
      10.687958717346191,
      25.903467178344727,
      10.05932903289795,
      22.284589767456055,
      6.8845906257629395,
      23.483455657958984,
      17.879175186157227,
      25.52994155883789,
      28.966976165771484,
      35.49480056762695,
      22.209115982055664,
      24.36444664001465,
      17.435317993164062
    ],
    [
      5.212409019470215,
      18.676340103149414,
      7.30745792388916,
      18.754236221313477,
      14.309028625488281,
      9.342940330505371,
      17.455078125,
      9.783956527709961,
      13.201603889465332,
      5.836339473724365,
      14.753381729125977,
      16.39716148376465,
      13.843780517578125,
      24.720151901245117,
      22.209115982055664,
      24.000831604003906,
      20.02152442932129,
      19.342870712280273
    ],
    [
      3.046318292617798,
      14.806367874145508,
      7.682900428771973,
      15.278714179992676,
      15.48639965057373,
      8.198587417602539,
      17.866533279418945,
      8.48554801940918,
      14.062871932983398,
      3.829397439956665,
      14.803417205810547,
      13.468505859375,
      14.120638847351074,
      20.925270080566406,
      24.36444664001465,
      20.02152442932129,
      24.979766845703125,
      20.823278427124023
    ],
    [
      3.8387038707733154,
      13.673697471618652,
      5.315249919891357,
      13.842430114746094,
      10.852762222290039,
      7.436608791351318,
      13.66926383972168,
      8.089938163757324,
      10.097475051879883,
      3.4435245990753174,
      10.913044929504395,
      12.482202529907227,
      8.606555938720703,
      17.720359802246094,
      17.435317993164062,
      19.342870712280273,
      20.823278427124023,
      21.068374633789062
    ]
  ],
  "covariance_short": [
    [
      70.2599868774414,
      28.814224243164062,
      21.59003257751465,
      4.656378269195557,
      9.561697959899902,
      7.164497375488281,
      10.828051567077637,
      7.062835216522217,
      8.675714492797852,
      6.600566387176514,
      13.147379875183105,
      13.974023818969727,
      14.420539855957031,
      13.567447662353516,
      13.803869247436523,
      13.930088996887207,
      16.25848388671875,
      16.067224502563477
    ],
    [
      28.814224243164062,
      73.98578643798828,
      17.395383834838867,
      37.89502716064453,
      10.887738227844238,
      11.820001602172852,
      21.390525817871094,
      15.035174369812012,
      10.804669380187988,
      5.573454856872559,
      10.781444549560547,
      17.426462173461914,
      12.854375839233398,
      24.512720108032227,
      23.284069061279297,
      28.74354362487793,
      23.534286499023438,
      25.674922943115234
    ],
    [
      21.59003257751465,
      17.395383834838867,
      23.293577194213867,
      10.79660415649414,
      13.228893280029297,
      8.070473670959473,
      14.296185493469238,
      7.180889129638672,
      10.677807807922363,
      7.008180141448975,
      13.245621681213379,
      12.836431503295898,
      14.393721580505371,
      13.517476081848145,
      15.07576847076416,
      12.03551197052002,
      13.436806678771973,
      12.015348434448242
    ],
    [
      4.656378269195557,
      37.89502716064453,
      10.79660415649414,
      52.475704193115234,
      14.464468002319336,
      18.05742073059082,
      20.116086959838867,
      18.60109519958496,
      12.96553897857666,
      11.388765335083008,
      11.646105766296387,
      14.261639595031738,
      12.153690338134766,
      22.716533660888672,
      22.15821647644043,
      25.38339614868164,
      20.07073211669922,
      21.393301010131836
    ],
    [
      9.561697959899902,
      10.887738227844238,
      13.228893280029297,
      14.464468002319336,
      49.429012298583984,
      19.337987899780273,
      32.74321746826172,
      13.599546432495117,
      30.296724319458008,
      18.458669662475586,
      31.4601993560791,
      22.51199722290039,
      28.677350997924805,
      22.57579803466797,
      26.00151252746582,
      15.445826530456543,
      18.771896362304688,
      13.0831298828125
    ],
    [
      7.164497375488281,
      11.820001602172852,
      8.070473670959473,
      18.05742073059082,
      19.337987899780273,
      30.595169067382812,
      13.887479782104492,
      19.800630569458008,
      14.255974769592285,
      20.76895523071289,
      16.842138290405273,
      21.552799224853516,
      13.021439552307129,
      15.616192817687988,
      10.434927940368652,
      10.892313957214355,
      8.280920028686523,
      8.505077362060547
    ],
    [
      10.828051567077637,
      21.390525817871094,
      14.296185493469238,
      20.116086959838867,
      32.74321746826172,
      13.887479782104492,
      52.63718795776367,
      18.527482986450195,
      34.252132415771484,
      14.49460220336914,
      30.391443252563477,
      22.705707550048828,
      29.0980224609375,
      25.877765655517578,
      29.634336471557617,
      21.273609161376953,
      25.260644912719727,
      19.736236572265625
    ],
    [
      7.062835216522217,
      15.035174369812012,
      7.180889129638672,
      18.60109519958496,
      13.599546432495117,
      19.800630569458008,
      18.527482986450195,
      29.430538177490234,
      14.865011215209961,
      20.461244583129883,
      15.826336860656738,
      21.55663299560547,
      13.907304763793945,
      16.419527053833008,
      11.582878112792969,
      12.389593124389648,
      10.15323257446289,
      10.3007173538208
    ],
    [
      8.675714492797852,
      10.804669380187988,
      10.677807807922363,
      12.96553897857666,
      30.296724319458008,
      14.255974769592285,
      34.252132415771484,
      14.865011215209961,
      43.56548309326172,
      18.891721725463867,
      32.12199020385742,
      21.897817611694336,
      28.21708869934082,
      22.98149871826172,
      25.78030014038086,
      16.683528900146484,
      20.08959197998047,
      14.590350151062012
    ],
    [
      6.600566387176514,
      5.573454856872559,
      7.008180141448975,
      11.388765335083008,
      18.458669662475586,
      20.76895523071289,
      14.49460220336914,
      20.461244583129883,
      18.891721725463867,
      32.52763748168945,
      20.423187255859375,
      24.03887176513672,
      14.727745056152344,
      15.491110801696777,
      8.57380199432373,
      7.840456962585449,
      5.589545726776123,
      5.10331916809082
    ],
    [
      13.147379875183105,
      10.781444549560547,
      13.245621681213379,
      11.646105766296387,
      31.4601993560791,
      16.842138290405273,
      30.391443252563477,
      15.826336860656738,
      32.12199020385742,
      20.423187255859375,
      47.92961120605469,
      32.85907745361328,
      37.54298400878906,
      32.75446319580078,
      30.373796463012695,
      21.949630737304688,
      23.433351516723633,
      18.278406143188477
    ],
    [
      13.974023818969727,
      17.426462173461914,
      12.836431503295898,
      14.261639595031738,
      22.51199722290039,
      21.552799224853516,
      22.705707550048828,
      21.55663299560547,
      21.897817611694336,
      24.03887176513672,
      32.85907745361328,
      47.05643081665039,
      29.027950286865234,
      33.245208740234375,
      20.566598892211914,
      22.13312530517578,
      16.759521484375,
      17.794273376464844
    ],
    [
      14.420539855957031,
      12.854375839233398,
      14.393721580505371,
      12.153690338134766,
      28.677350997924805,
      13.021439552307129,
      29.0980224609375,
      13.907304763793945,
      28.21708869934082,
      14.727745056152344,
      37.54298400878906,
      29.027950286865234,
      63.62506103515625,
      41.29594802856445,
      47.6973762512207,
      32.91188430786133,
      37.6804313659668,
      28.754913330078125
    ],
    [
      13.567447662353516,
      24.512720108032227,
      13.517476081848145,
      22.716533660888672,
      22.57579803466797,
      15.616192817687988,
      25.877765655517578,
      16.419527053833008,
      22.98149871826172,
      15.491110801696777,
      32.75446319580078,
      33.245208740234375,
      41.29594802856445,
      54.6234245300293,
      42.405433654785156,
      42.90873718261719,
      37.3841552734375,
      36.52780532836914
    ],
    [
      13.803869247436523,
      23.284069061279297,
      15.07576847076416,
      22.15821647644043,
      26.00151252746582,
      10.434927940368652,
      29.634336471557617,
      11.582878112792969,
      25.78030014038086,
      8.57380199432373,
      30.373796463012695,
      20.566598892211914,
      47.6973762512207,
      42.405433654785156,
      65.50959777832031,
      48.65626907348633,
      56.443382263183594,
      45.76223373413086
    ],
    [
      13.930088996887207,
      28.74354362487793,
      12.03551197052002,
      25.38339614868164,
      15.445826530456543,
      10.892313957214355,
      21.273609161376953,
      12.389593124389648,
      16.683528900146484,
      7.840456962585449,
      21.949630737304688,
      22.13312530517578,
      32.91188430786133,
      42.90873718261719,
      48.65626907348633,
      60.62860107421875,
      56.51673126220703,
      59.45856475830078
    ],
    [
      16.25848388671875,
      23.534286499023438,
      13.436806678771973,
      20.07073211669922,
      18.771896362304688,
      8.280920028686523,
      25.260644912719727,
      10.15323257446289,
      20.08959197998047,
      5.589545726776123,
      23.433351516723633,
      16.759521484375,
      37.6804313659668,
      37.3841552734375,
      56.443382263183594,
      56.51673126220703,
      74.99701690673828,
      68.93999481201172
    ],
    [
      16.067224502563477,
      25.674922943115234,
      12.015348434448242,
      21.393301010131836,
      13.0831298828125,
      8.505077362060547,
      19.736236572265625,
      10.3007173538208,
      14.590350151062012,
      5.10331916809082,
      18.278406143188477,
      17.794273376464844,
      28.754913330078125,
      36.52780532836914,
      45.76223373413086,
      59.45856475830078,
      68.93999481201172,
      80.007080078125
    ]
  ],
  "damage": -4.72568416595459,
  "diff_bandwidth": 507.5458068847656,
  "dissonance": 8.335434654089907,
  "drr": 14.31115436553955,
  "dynamics": 3.5364062786102295,
  "format": 1245190,
  "frames": 8716224,
  "loudness": -11.5422945022583,
  "loudness_range": 9.016347885131836,
  "loudness_range_short": 12.002388000488281,
  "lowpass_true_peak_15khz": 0.2600007653236389,
  "mastering3_acoustic_entropies": [
    {
      "acoustic_entropy": 6.402228832244873,
      "acoustic_entropy_mono": 6.845560550689697,
      "band_eliminated_acoustic_entropies": [
        {
          "acoustic_entropy": 6.239101886749268,
          "acoustic_entropy_side": 6.402341365814209,
          "hz": 129.47220167065723
        },
        {
          "acoustic_entropy": 5.284173488616943,
          "acoustic_entropy_side": 6.40678596496582,
          "hz": 202.92927478742237
        },
        {
          "acoustic_entropy": 6.506084442138672,
          "acoustic_entropy_side": 6.278226375579834,
          "hz": 282.89161906338205
        },
        {
          "acoustic_entropy": 6.60608434677124,
          "acoustic_entropy_side": 6.315685272216797,
          "hz": 369.9353335868758
        },
        {
          "acoustic_entropy": 6.786739349365234,
          "acoustic_entropy_side": 6.290188789367676,
          "hz": 464.6875360973435
        },
        {
          "acoustic_entropy": 6.090315341949463,
          "acoustic_entropy_side": 6.228207111358643,
          "hz": 567.8308811364784
        },
        {
          "acoustic_entropy": 7.111569881439209,
          "acoustic_entropy_side": 6.380001068115234,
          "hz": 680.1084783214808
        },
        {
          "acoustic_entropy": 6.34340238571167,
          "acoustic_entropy_side": 6.288066864013672,
          "hz": 802.3292461747484
        },
        {
          "acoustic_entropy": 6.585805892944336,
          "acoustic_entropy_side": 6.37525749206543,
          "hz": 935.3737400823702
        },
        {
          "acoustic_entropy": 6.414304256439209,
          "acoustic_entropy_side": 6.346776008605957,
          "hz": 1080.2004963696966
        },
        {
          "acoustic_entropy": 6.26850700378418,
          "acoustic_entropy_side": 6.334020614624023,
          "hz": 1237.8529382007157
        },
        {
          "acoustic_entropy": 6.37458610534668,
          "acoustic_entropy_side": 6.423722267150879,
          "hz": 1409.4668930556702
        },
        {
          "acoustic_entropy": 6.258494853973389,
          "acoustic_entropy_side": 6.407294750213623,
          "hz": 1596.2787759475705
        },
        {
          "acoustic_entropy": 6.608068466186523,
          "acoustic_entropy_side": 6.327114582061768,
          "hz": 1799.6344973346393
        },
        {
          "acoustic_entropy": 6.646687030792236,
          "acoustic_entropy_side": 6.4288787841796875,
          "hz": 2020.9991599069049
        },
        {
          "acoustic_entropy": 6.380895137786865,
          "acoustic_entropy_side": 6.381271839141846,
          "hz": 2261.9676141086993
        },
        {
          "acoustic_entropy": 6.6001200675964355,
          "acoustic_entropy_side": 6.378581523895264,
          "hz": 2524.2759484456974
        },
        {
          "acoustic_entropy": 6.623137950897217,
          "acoustic_entropy_side": 6.371883869171143,
          "hz": 2809.813997359896
        },
        {
          "acoustic_entropy": 6.477950572967529,
          "acoustic_entropy_side": 6.418785572052002,
          "hz": 3120.6389567871424
        },
        {
          "acoustic_entropy": 6.438511371612549,
          "acoustic_entropy_side": 6.450066089630127,
          "hz": 3458.990205492291
        },
        {
          "acoustic_entropy": 6.509634494781494,
          "acoustic_entropy_side": 6.464778423309326,
          "hz": 3827.305438964164
        },
        {
          "acoustic_entropy": 6.45134973526001,
          "acoustic_entropy_side": 6.4340667724609375,
          "hz": 4228.238232109126
        },
        {
          "acoustic_entropy": 6.413796424865723,
          "acoustic_entropy_side": 6.42232084274292,
          "hz": 4664.6771572759235
        },
        {
          "acoustic_entropy": 6.36192512512207,
          "acoustic_entropy_side": 6.415485858917236,
          "hz": 5139.766595350093
        },
        {
          "acoustic_entropy": 6.327399253845215,
          "acoustic_entropy_side": 6.421042442321777,
          "hz": 5656.929389854203
        },
        {
          "acoustic_entropy": 6.234720230102539,
          "acoustic_entropy_side": 6.413122653961182,
          "hz": 6219.891507268283
        },
        {
          "acoustic_entropy": 6.153561115264893,
          "acoustic_entropy_side": 6.41307258605957,
          "hz": 6832.70888123896
        },
        {
          "acoustic_entropy": 6.258946418762207,
          "acoustic_entropy_side": 6.410828113555908,
          "hz": 7499.796634079867
        },
        {
          "acoustic_entropy": 6.335299015045166,
          "acoustic_entropy_side": 6.4064507484436035,
          "hz": 8225.96088609342
        },
        {
          "acoustic_entropy": 6.392556667327881,
          "acoustic_entropy_side": 6.404821395874023,
          "hz": 9016.43338188839
        },
        {
          "acoustic_entropy": 6.407759189605713,
          "acoustic_entropy_side": 6.4065656661987305,
          "hz": 9876.909183162974
        },
        {
          "acoustic_entropy": 6.3936381340026855,
          "acoustic_entropy_side": 6.411001205444336,
          "hz": 10813.587699516042
        },
        {
          "acoustic_entropy": 6.416737079620361,
          "acoustic_entropy_side": 6.412463665008545,
          "hz": 11833.21735289826
        },
        {
          "acoustic_entropy": 6.42968225479126,
          "acoustic_entropy_side": 6.412239074707031,
          "hz": 12943.144197493959
        },
        {
          "acoustic_entropy": 6.424876689910889,
          "acoustic_entropy_side": 6.407923698425293,
          "hz": 14151.364845322005
        },
        {
          "acoustic_entropy": 6.429411888122559,
          "acoustic_entropy_side": 6.405436992645264,
          "hz": 15466.58407886509
        },
        {
          "acoustic_entropy": 6.435715675354004,
          "acoustic_entropy_side": 6.40582275390625,
          "hz": 16898.27756580493
        },
        {
          "acoustic_entropy": 6.424680709838867,
          "acoustic_entropy_side": 6.40574836730957,
          "hz": 18456.760127700032
        },
        {
          "acoustic_entropy": 6.4099955558776855,
          "acoustic_entropy_side": 6.40213680267334,
          "hz": 20153.260054456492
        },
        {
          "acoustic_entropy": 6.403363227844238,
          "acoustic_entropy_side": 6.402376651763916,
          "hz": 22000.00000000001
        }
      ],
      "diff_acoustic_entropy": 5.836154937744141,
      "sn": 6
    },
    {
      "acoustic_entropy": 10.375907897949219,
      "acoustic_entropy_mono": 10.735634803771973,
      "band_eliminated_acoustic_entropies": [
        {
          "acoustic_entropy": 10.263030052185059,
          "acoustic_entropy_side": 10.377219200134277,
          "hz": 129.47220167065723
        },
        {
          "acoustic_entropy": 9.974244117736816,
          "acoustic_entropy_side": 10.450850486755371,
          "hz": 202.92927478742237
        },
        {
          "acoustic_entropy": 11.115033149719238,
          "acoustic_entropy_side": 10.99315071105957,
          "hz": 282.89161906338205
        },
        {
          "acoustic_entropy": 10.520699501037598,
          "acoustic_entropy_side": 10.57529067993164,
          "hz": 369.9353335868758
        },
        {
          "acoustic_entropy": 10.147441864013672,
          "acoustic_entropy_side": 10.235221862792969,
          "hz": 464.6875360973435
        },
        {
          "acoustic_entropy": 10.189342498779297,
          "acoustic_entropy_side": 10.238616943359375,
          "hz": 567.8308811364784
        },
        {
          "acoustic_entropy": 10.309319496154785,
          "acoustic_entropy_side": 10.08730697631836,
          "hz": 680.1084783214808
        },
        {
          "acoustic_entropy": 10.666301727294922,
          "acoustic_entropy_side": 9.990452766418457,
          "hz": 802.3292461747484
        },
        {
          "acoustic_entropy": 10.815889358520508,
          "acoustic_entropy_side": 10.785257339477539,
          "hz": 935.3737400823702
        },
        {
          "acoustic_entropy": 10.412885665893555,
          "acoustic_entropy_side": 10.190112113952637,
          "hz": 1080.2004963696966
        },
        {
          "acoustic_entropy": 10.18287181854248,
          "acoustic_entropy_side": 10.426373481750488,
          "hz": 1237.8529382007157
        },
        {
          "acoustic_entropy": 10.012131690979004,
          "acoustic_entropy_side": 10.066981315612793,
          "hz": 1409.4668930556702
        },
        {
          "acoustic_entropy": 10.30008316040039,
          "acoustic_entropy_side": 10.304134368896484,
          "hz": 1596.2787759475705
        },
        {
          "acoustic_entropy": 10.353401184082031,
          "acoustic_entropy_side": 10.21078872680664,
          "hz": 1799.6344973346393
        },
        {
          "acoustic_entropy": 10.580953598022461,
          "acoustic_entropy_side": 10.31959342956543,
          "hz": 2020.9991599069049
        },
        {
          "acoustic_entropy": 10.12938404083252,
          "acoustic_entropy_side": 9.977143287658691,
          "hz": 2261.9676141086993
        },
        {
          "acoustic_entropy": 10.268258094787598,
          "acoustic_entropy_side": 10.146136283874512,
          "hz": 2524.2759484456974
        },
        {
          "acoustic_entropy": 10.4495267868042,
          "acoustic_entropy_side": 10.120772361755371,
          "hz": 2809.813997359896
        },
        {
          "acoustic_entropy": 10.163470268249512,
          "acoustic_entropy_side": 10.119203567504883,
          "hz": 3120.6389567871424
        },
        {
          "acoustic_entropy": 10.23271656036377,
          "acoustic_entropy_side": 10.276391983032227,
          "hz": 3458.990205492291
        },
        {
          "acoustic_entropy": 10.45962142944336,
          "acoustic_entropy_side": 10.381305694580078,
          "hz": 3827.305438964164
        },
        {
          "acoustic_entropy": 10.490966796875,
          "acoustic_entropy_side": 10.396146774291992,
          "hz": 4228.238232109126
        },
        {
          "acoustic_entropy": 10.505585670471191,
          "acoustic_entropy_side": 10.435513496398926,
          "hz": 4664.6771572759235
        },
        {
          "acoustic_entropy": 10.530965805053711,
          "acoustic_entropy_side": 10.487013816833496,
          "hz": 5139.766595350093
        },
        {
          "acoustic_entropy": 10.284067153930664,
          "acoustic_entropy_side": 10.47038745880127,
          "hz": 5656.929389854203
        },
        {
          "acoustic_entropy": 10.282821655273438,
          "acoustic_entropy_side": 10.518881797790527,
          "hz": 6219.891507268283
        },
        {
          "acoustic_entropy": 10.211947441101074,
          "acoustic_entropy_side": 10.456747055053711,
          "hz": 6832.70888123896
        },
        {
          "acoustic_entropy": 10.286033630371094,
          "acoustic_entropy_side": 10.460752487182617,
          "hz": 7499.796634079867
        },
        {
          "acoustic_entropy": 10.329446792602539,
          "acoustic_entropy_side": 10.476677894592285,
          "hz": 8225.96088609342
        },
        {
          "acoustic_entropy": 10.45431900024414,
          "acoustic_entropy_side": 10.513503074645996,
          "hz": 9016.43338188839
        },
        {
          "acoustic_entropy": 10.426271438598633,
          "acoustic_entropy_side": 10.559264183044434,
          "hz": 9876.909183162974
        },
        {
          "acoustic_entropy": 10.450873374938965,
          "acoustic_entropy_side": 10.567879676818848,
          "hz": 10813.587699516042
        },
        {
          "acoustic_entropy": 10.530137062072754,
          "acoustic_entropy_side": 10.504229545593262,
          "hz": 11833.21735289826
        },
        {
          "acoustic_entropy": 10.492049217224121,
          "acoustic_entropy_side": 10.433303833007812,
          "hz": 12943.144197493959
        },
        {
          "acoustic_entropy": 10.438501358032227,
          "acoustic_entropy_side": 10.377141952514648,
          "hz": 14151.364845322005
        },
        {
          "acoustic_entropy": 10.4895658493042,
          "acoustic_entropy_side": 10.344807624816895,
          "hz": 15466.58407886509
        },
        {
          "acoustic_entropy": 10.614529609680176,
          "acoustic_entropy_side": 10.418301582336426,
          "hz": 16898.27756580493
        },
        {
          "acoustic_entropy": 10.642295837402344,
          "acoustic_entropy_side": 10.427543640136719,
          "hz": 18456.760127700032
        },
        {
          "acoustic_entropy": 10.531877517700195,
          "acoustic_entropy_side": 10.3799409866333,
          "hz": 20153.260054456492
        },
        {
          "acoustic_entropy": 10.347434997558594,
          "acoustic_entropy_side": 10.367537498474121,
          "hz": 22000.00000000001
        }
      ],
      "diff_acoustic_entropy": 8.448103904724121,
      "sn": 12
    },
    {
      "acoustic_entropy": 17.43743133544922,
      "acoustic_entropy_mono": 14.170097351074219,
      "band_eliminated_acoustic_entropies": [
        {
          "acoustic_entropy": 17.563034057617188,
          "acoustic_entropy_side": 17.276748657226562,
          "hz": 129.47220167065723
        },
        {
          "acoustic_entropy": 18.235692977905273,
          "acoustic_entropy_side": 18.246200561523438,
          "hz": 202.92927478742237
        },
        {
          "acoustic_entropy": 18.381656646728516,
          "acoustic_entropy_side": 18.632312774658203,
          "hz": 282.89161906338205
        },
        {
          "acoustic_entropy": 17.874502182006836,
          "acoustic_entropy_side": 17.45515251159668,
          "hz": 369.9353335868758
        },
        {
          "acoustic_entropy": 18.054006576538086,
          "acoustic_entropy_side": 18.213104248046875,
          "hz": 464.6875360973435
        },
        {
          "acoustic_entropy": 17.659160614013672,
          "acoustic_entropy_side": 17.0029239654541,
          "hz": 567.8308811364784
        },
        {
          "acoustic_entropy": 17.702354431152344,
          "acoustic_entropy_side": 18.15298080444336,
          "hz": 680.1084783214808
        },
        {
          "acoustic_entropy": 17.527559280395508,
          "acoustic_entropy_side": 17.692720413208008,
          "hz": 802.3292461747484
        },
        {
          "acoustic_entropy": 18.019140243530273,
          "acoustic_entropy_side": 17.92603874206543,
          "hz": 935.3737400823702
        },
        {
          "acoustic_entropy": 16.63269805908203,
          "acoustic_entropy_side": 17.0911922454834,
          "hz": 1080.2004963696966
        },
        {
          "acoustic_entropy": 16.992876052856445,
          "acoustic_entropy_side": 17.324159622192383,
          "hz": 1237.8529382007157
        },
        {
          "acoustic_entropy": 17.495208740234375,
          "acoustic_entropy_side": 17.64423179626465,
          "hz": 1409.4668930556702
        },
        {
          "acoustic_entropy": 17.81932258605957,
          "acoustic_entropy_side": 17.569313049316406,
          "hz": 1596.2787759475705
        },
        {
          "acoustic_entropy": 17.709821701049805,
          "acoustic_entropy_side": 17.46365737915039,
          "hz": 1799.6344973346393
        },
        {
          "acoustic_entropy": 17.993574142456055,
          "acoustic_entropy_side": 17.798460006713867,
          "hz": 2020.9991599069049
        },
        {
          "acoustic_entropy": 17.24659538269043,
          "acoustic_entropy_side": 17.41441535949707,
          "hz": 2261.9676141086993
        },
        {
          "acoustic_entropy": 17.375022888183594,
          "acoustic_entropy_side": 17.723791122436523,
          "hz": 2524.2759484456974
        },
        {
          "acoustic_entropy": 17.42691993713379,
          "acoustic_entropy_side": 17.3092098236084,
          "hz": 2809.813997359896
        },
        {
          "acoustic_entropy": 17.740283966064453,
