{
  "acoustic_entropy": 180.04251098632812,
  "bands": [
    {
      "high_freq": 148.1999969482422,
      "loudness": -43.761844635009766,
      "loudness_range": 21.18850326538086,
      "mid_mean": -41.22002029418945,
      "mid_to_side_loudness": -7.215001583099365,
      "mid_to_side_loudness_range": 11.017593383789062,
      "side_mean": -48.5849723815918
    },
    {
      "high_freq": 392.3793640136719,
      "loudness": -38.31890106201172,
      "loudness_range": 17.177539825439453,
      "low_freq": 148.1999969482422,
      "mid_mean": -37.10247802734375,
      "mid_to_side_loudness": -1.6262496709823608,
      "mid_to_side_loudness_range": 8.552375793457031,
      "side_mean": -38.74486541748047
    },
    {
      "high_freq": 794.6976318359375,
      "loudness": -37.83073043823242,
      "loudness_range": 17.477449417114258,
      "low_freq": 392.3793640136719,
      "mid_mean": -36.736324310302734,
      "mid_to_side_loudness": -1.6374821662902832,
      "mid_to_side_loudness_range": 9.645009994506836,
      "side_mean": -38.09669876098633
    },
    {
      "high_freq": 1457.5709228515625,
      "loudness": -40.91301727294922,
      "loudness_range": 16.847408294677734,
      "low_freq": 794.6976318359375,
      "mid_mean": -39.743221282958984,
      "mid_to_side_loudness": -1.5089328289031982,
      "mid_to_side_loudness_range": 6.984841346740723,
      "side_mean": -41.12797164916992
    },
    {
      "high_freq": 2549.74365234375,
      "loudness": -47.26569747924805,
      "loudness_range": 23.506637573242188,
      "low_freq": 1457.5709228515625,
      "mid_mean": -46.298866271972656,
      "mid_to_side_loudness": -1.2564072608947754,
      "mid_to_side_loudness_range": 6.770899772644043,
      "side_mean": -47.4930305480957
    },
    {
      "high_freq": 4349.24462890625,
      "loudness": -56.001407623291016,
      "loudness_range": 24.824657440185547,
      "low_freq": 2549.74365234375,
      "mid_mean": -55.23723220825195,
      "mid_to_side_loudness": -1.5681931972503662,
      "mid_to_side_loudness_range": 7.7191338539123535,
      "side_mean": -56.57253646850586
    },
    {
      "high_freq": 7314.1640625,
      "loudness": -66.8860855102539,
      "loudness_range": 28.56344223022461,
      "low_freq": 4349.24462890625,
      "mid_mean": -64.39453887939453,
      "mid_to_side_loudness": -1.453503131866455,
      "mid_to_side_loudness_range": 5.466073036193848,
      "side_mean": -65.01200866699219
    },
    {
      "high_freq": 12199.2666015625,
      "loudness": -67.79885864257812,
      "loudness_range": 26.769001007080078,
      "low_freq": 7314.1640625,
      "mid_mean": -67.5531234741211,
      "mid_to_side_loudness": -2.114724636077881,
      "mid_to_side_loudness_range": 4.631744384765625,
      "side_mean": -67.87724304199219
    },
    {
      "loudness": -61.64351272583008,
      "loudness_range": 22.67333221435547,
      "low_freq": 12199.2666015625,
      "mid_mean": -68.61331939697266,
      "mid_to_side_loudness": -4.606357574462891,
      "mid_to_side_loudness_range": 7.403942108154297,
      "side_mean": -68.79547119140625
    }
  ],
  "bands_short": [
    {
      "high_freq": 148.1999969482422,
      "loudness": -48.71768569946289,
      "loudness_range": 24.600982666015625,
      "mid_mean": -46.21005630493164,
      "mid_to_side_loudness": -9.145581245422363,
      "mid_to_side_loudness_range": 16.596891403198242,
      "side_mean": -55.060081481933594
    },
    {
      "high_freq": 392.3793640136719,
      "loudness": -38.07828903198242,
      "loudness_range": 18.80984115600586,
      "low_freq": 148.1999969482422,
      "mid_mean": -36.617340087890625,
      "mid_to_side_loudness": -2.3717217445373535,
      "mid_to_side_loudness_range": 9.624862670898438,
      "side_mean": -39.051177978515625
    },
    {
      "high_freq": 794.6976318359375,
      "loudness": -39.07615280151367,
      "loudness_range": 20.188526153564453,
      "low_freq": 392.3793640136719,
      "mid_mean": -38.137969970703125,
      "mid_to_side_loudness": -1.6914167404174805,
      "mid_to_side_loudness_range": 12.765257835388184,
      "side_mean": -39.6126708984375
    },
    {
      "high_freq": 1457.5709228515625,
      "loudness": -41.672462463378906,
      "loudness_range": 19.833030700683594,
      "low_freq": 794.6976318359375,
      "mid_mean": -40.503726959228516,
      "mid_to_side_loudness": -1.7819759845733643,
      "mid_to_side_loudness_range": 9.606969833374023,
      "side_mean": -42.163352966308594
    },
    {
      "high_freq": 2549.74365234375,
      "loudness": -48.88501739501953,
      "loudness_range": 25.032794952392578,
      "low_freq": 1457.5709228515625,
      "mid_mean": -48.119449615478516,
      "mid_to_side_loudness": -1.1351011991500854,
      "mid_to_side_loudness_range": 8.565485000610352,
      "side_mean": -49.27739334106445
    },
    {
      "high_freq": 4349.24462890625,
      "loudness": -57.39177322387695,
      "loudness_range": 26.81456756591797,
      "low_freq": 2549.74365234375,
      "mid_mean": -56.6843147277832,
      "mid_to_side_loudness": -1.7127373218536377,
      "mid_to_side_loudness_range": 9.559890747070312,
      "side_mean": -58.07328796386719
    },
    {
      "high_freq": 7314.1640625,
      "loudness": -67.43353271484375,
      "loudness_range": 29.08716583251953,
      "low_freq": 4349.24462890625,
      "mid_mean": -65.07974243164062,
      "mid_to_side_loudness": -2.1739344596862793,
      "mid_to_side_loudness_range": 7.680354595184326,
      "side_mean": -65.9058609008789
    },
    {
      "high_freq": 12199.2666015625,
      "loudness": -66.63603973388672,
      "loudness_range": 27.428264617919922,
      "low_freq": 7314.1640625,
      "mid_mean": -67.87804412841797,
      "mid_to_side_loudness": -2.2461562156677246,
      "mid_to_side_loudness_range": 4.461729526519775,
      "side_mean": -68.1628189086914
    },
    {
      "loudness": -62.231048583984375,
      "loudness_range": 24.634967803955078,
      "low_freq": 12199.2666015625,
      "mid_mean": -68.74551391601562,
      "mid_to_side_loudness": -5.344140529632568,
      "mid_to_side_loudness_range": 9.548511505126953,
      "side_mean": -68.91136932373047
    }
  ],
  "bandwidth": 584.2168579101562,
  "channels": 2,
  "covariance": [
    [
      63.238346099853516,
      53.84788131713867,
      30.674394607543945,
      29.512004852294922,
      13.25564193725586,
      12.068815231323242,
      12.119118690490723,
      11.268240928649902,
      7.933157444000244,
      7.560299873352051,
      7.643646717071533,
      8.579861640930176,
      -0.40367716550827026,
      -1.3742552995681763,
      -9.407744407653809,
      -9.267965316772461,
      -10.211542129516602,
      -9.50339126586914
    ],
    [
      53.84788131713867,
      62.472755432128906,
      29.31379508972168,
      30.343976974487305,
      13.949740409851074,
      12.594745635986328,
      9.25968074798584,
      8.580240249633789,
      4.760676860809326,
      4.782352924346924,
      4.295688629150391,
      4.823919773101807,
      -4.216612815856934,
      -4.631343364715576,
      -12.0523099899292,
      -11.665902137756348,
      -11.976240158081055,
      -11.078652381896973
    ],
    [
      30.674394607543945,
      29.31379508972168,
      43.12077331542969,
      36.408084869384766,
      17.647235870361328,
      14.966044425964355,
      10.631871223449707,
      8.645204544067383,
      4.293646335601807,
      5.579049110412598,
      4.505560398101807,
      4.1001787185668945,
      -3.56424880027771,
      -3.6632516384124756,
      -10.44601821899414,
      -10.074369430541992,
      -10.0079984664917,
      -9.25728988647461
    ],
    [
      29.512004852294922,
      30.343976974487305,
      36.408084869384766,
      39.29098892211914,
      17.353065490722656,
      14.22732162475586,
      10.580902099609375,
      8.851304054260254,
      4.653619766235352,
      5.389111042022705,
      4.688445568084717,
      3.88527774810791,
      -4.243309497833252,
      -4.08946418762207,
      -10.353294372558594,
      -9.938806533813477,
      -9.5551176071167,
      -8.832334518432617
    ],
    [
      13.25564193725586,
      13.949740409851074,
      17.647235870361328,
      17.353065490722656,
      37.42444610595703,
      34.08066940307617,
      11.640563011169434,
      12.31035327911377,
      12.15933895111084,
      15.65769100189209,
      20.57898712158203,
      17.533836364746094,
      5.297938346862793,
      5.552047252655029,
      -3.50555682182312,
      -3.3379223346710205,
      -4.368443489074707,
      -4.018533229827881
    ],
    [
      12.068815231323242,
      12.594745635986328,
      14.966044425964355,
      14.22732162475586,
      34.08066940307617,
      44.22477340698242,
      6.668175220489502,
      7.486255168914795,
      8.035050392150879,
      11.89928150177002,
      16.242971420288086,
      14.239435195922852,
      2.5574393272399902,
      2.9193620681762695,
      -6.085424423217773,
      -5.439014911651611,
      -6.385839939117432,
      -5.835369110107422
    ],
    [
      12.119118690490723,
      9.25968074798584,
      10.631871223449707,
      10.580902099609375,
      11.640563011169434,
      6.668175220489502,
      37.230098724365234,
      34.5493049621582,
      32.408363342285156,
      28.993515014648438,
      31.212804794311523,
      30.023059844970703,
      21.355802536010742,
      19.12727928161621,
      11.267640113830566,
      9.903554916381836,
      6.6944193840026855,
      5.9813103675842285
    ],
    [
      11.268240928649902,
      8.580240249633789,
      8.645204544067383,
      8.851304054260254,
      12.31035327911377,
      7.486255168914795,
      34.5493049621582,
      39.508087158203125,
      31.144372940063477,
      28.683053970336914,
      31.97909927368164,
      30.104236602783203,
      20.63558578491211,
      18.828311920166016,
      10.434784889221191,
      9.12907886505127,
      6.19605016708374,
      5.540899276733398
    ],
    [
      7.933157444000244,
      4.760676860809326,
      4.293646335601807,
      4.653619766235352,
      12.15933895111084,
      8.035050392150879,
      32.408363342285156,
      31.144372940063477,
      60.72021484375,
      53.606719970703125,
      51.56553268432617,
      51.33582305908203,
      39.06324005126953,
      36.126426696777344,
      25.638940811157227,
      23.524036407470703,
      17.481843948364258,
      15.755342483520508
    ],
    [
      7.560299873352051,
      4.782352924346924,
      5.579049110412598,
      5.389111042022705,
      15.65769100189209,
      11.89928150177002,
      28.993515014648438,
      28.683053970336914,
      53.606719970703125,
      54.10395050048828,
      52.56157302856445,
      51.0202751159668,
      37.709571838378906,
      34.87586975097656,
      24.35212516784668,
      22.358789443969727,
      16.704574584960938,
      15.065217971801758
    ],
    [
      7.643646717071533,
      4.295688629150391,
      4.505560398101807,
      4.688445568084717,
      20.57898712158203,
      16.242971420288086,
      31.212804794311523,
      31.97909927368164,
      51.56553268432617,
      52.56157302856445,
      65.9865493774414,
      60.95158767700195,
      43.78830337524414,
      40.5338249206543,
      27.499202728271484,
      25.086271286010742,
      18.92148780822754,
      17.058576583862305
    ],
    [
      8.579861640930176,
      4.823919773101807,
      4.1001787185668945,
      3.88527774810791,
      17.533836364746094,
      14.239435195922852,
      30.023059844970703,
      30.104236602783203,
      51.33582305908203,
      51.0202751159668,
      60.95158767700195,
      61.415443420410156,
      43.854732513427734,
      39.9820671081543,
      27.461528778076172,
      24.838642120361328,
      18.64765167236328,
      16.808446884155273
    ],
    [
      -0.40367716550827026,
      -4.216612815856934,
      -3.56424880027771,
      -4.243309497833252,
      5.297938346862793,
      2.5574393272399902,
      21.355802536010742,
      20.63558578491211,
      39.06324005126953,
      37.709571838378906,
      43.78830337524414,
      43.854732513427734,
      43.10811233520508,
      38.98845291137695,
      29.711915969848633,
      27.211915969848633,
      20.644752502441406,
      18.604530334472656
    ],
    [
      -1.3742552995681763,
      -4.631343364715576,
      -3.6632516384124756,
      -4.08946418762207,
      5.552047252655029,
      2.9193620681762695,
      19.12727928161621,
      18.828311920166016,
      36.126426696777344,
      34.87586975097656,
      40.5338249206543,
      39.9820671081543,
      38.98845291137695,
      36.372711181640625,
      27.218008041381836,
      25.161373138427734,
      18.97972297668457,
      17.145835876464844
    ],
    [
      -9.407744407653809,
      -12.0523099899292,
      -10.44601821899414,
      -10.353294372558594,
      -3.50555682182312,
      -6.085424423217773,
      11.267640113830566,
      10.434784889221191,
      25.638940811157227,
      24.35212516784668,
      27.499202728271484,
      27.461528778076172,
      29.711915969848633,
      27.218008041381836,
      27.305978775024414,
      25.18996810913086,
      20.663766860961914,
      18.705474853515625
    ],
    [
      -9.267965316772461,
      -11.665902137756348,
      -10.074369430541992,
      -9.938806533813477,
      -3.3379223346710205,
      -5.439014911651611,
      9.903554916381836,
      9.12907886505127,
      23.524036407470703,
      22.358789443969727,
      25.086271286010742,
      24.838642120361328,
      27.211915969848633,
      25.161373138427734,
      25.18996810913086,
      23.635116577148438,
      19.161849975585938,
      17.380338668823242
    ],
    [
      -10.211542129516602,
      -11.976240158081055,
      -10.0079984664917,
      -9.5551176071167,
      -4.368443489074707,
      -6.385839939117432,
      6.6944193840026855,
      6.19605016708374,
      17.481843948364258,
      16.704574584960938,
      18.92148780822754,
      18.64765167236328,
      20.644752502441406,
      18.97972297668457,
      20.663766860961914,
      19.161849975585938,
      16.931743621826172,
      15.380011558532715
    ],
    [
      -9.50339126586914,
      -11.078652381896973,
      -9.25728988647461,
      -8.832334518432617,
      -4.018533229827881,
      -5.835369110107422,
      5.9813103675842285,
      5.540899276733398,
      15.755342483520508,
      15.065217971801758,
      17.058576583862305,
      16.808446884155273,
      18.604530334472656,
      17.145835876464844,
      18.705474853515625,
      17.380338668823242,
      15.380011558532715,
      14.001344680786133
    ]
  ],
  "covariance_short": [
    [
      78.42707061767578,
      51.85986328125,
      39.840274810791016,
      34.54926300048828,
      17.65694808959961,
      15.812376022338867,
      14.200514793395996,
      13.860689163208008,
      11.816670417785645,
      11.463464736938477,
      10.317963600158691,
      10.635531425476074,
      -1.1123298406600952,
      -2.315380096435547,
      -10.114395141601562,
      -9.808905601501465,
      -10.00324821472168,
      -9.236175537109375
    ],
    [
      51.85986328125,
      60.17888641357422,
      32.265419006347656,
      31.329132080078125,
      15.55613899230957,
      14.817608833312988,
      11.80748176574707,
      11.809930801391602,
      9.098811149597168,
      9.76597785949707,
      8.465533256530762,
      8.236811637878418,
      -2.569300889968872,
      -3.219261407852173,
      -9.59268569946289,
      -9.15001392364502,
      -9.06093692779541,
      -8.323832511901855
    ],
    [
      39.840274810791016,
      32.265419006347656,
      49.459877014160156,
      41.49445724487305,
      19.08018684387207,
      16.60594367980957,
      13.100081443786621,
      10.739116668701172,
      7.630234718322754,
      8.497734069824219,
      4.963170051574707,
      5.161581039428711,
      -3.888890266418457,
      -4.662179470062256,
      -10.762036323547363,
      -10.287601470947266,
      -9.914240837097168,
      -9.111903190612793
    ],
    [
      34.54926300048828,
      31.329132080078125,
      41.49445724487305,
      47.41785430908203,
      19.433757781982422,
      16.782176971435547,
      13.783575057983398,
      12.040046691894531,
      8.398159980773926,
      9.385180473327637,
      6.120311737060547,
      5.734526634216309,
      -3.7092998027801514,
      -4.25089693069458,
      -10.136113166809082,
      -9.612944602966309,
      -9.174750328063965,
      -8.413926124572754
    ],
    [
      17.65694808959961,
      15.55613899230957,
      19.08018684387207,
      19.433757781982422,
      47.008384704589844,
      42.581729888916016,
      18.838104248046875,
      20.37902069091797,
      19.895740509033203,
      23.831069946289062,
      26.347240447998047,
      22.593242645263672,
      8.135034561157227,
      6.573376655578613,
      -2.6835975646972656,
      -2.6381497383117676,
      -3.380202531814575,
      -3.0779967308044434
    ],
    [
      15.812376022338867,
      14.817608833312988,
      16.60594367980957,
      16.782176971435547,
      42.581729888916016,
      58.902870178222656,
      14.491683006286621,
      15.770549774169922,
      17.29269027709961,
      21.083904266357422,
      23.629968643188477,
      20.82405662536621,
      6.816161632537842,
      5.111452579498291,
      -4.718565940856934,
      -4.247091770172119,
      -4.981186866760254,
      -4.506180286407471
    ],
    [
      14.200514793395996,
      11.80748176574707,
      13.100081443786621,
      13.783575057983398,
      18.838104248046875,
      14.491683006286621,
      49.55653381347656,
      43.53837203979492,
      40.43426513671875,
      39.62677001953125,
      38.375633239746094,
      36.52001190185547,
      22.40993309020996,
      20.08118438720703,
      10.692495346069336,
      9.585845947265625,
      6.44591760635376,
      5.809303283691406
    ],
    [
      13.860689163208008,
      11.809930801391602,
      10.739116668701172,
      12.040046691894531,
      20.37902069091797,
      15.770549774169922,
      43.53837203979492,
      51.15164566040039,
      38.932762145996094,
      38.922874450683594,
      39.423484802246094,
      36.4028434753418,
      21.806522369384766,
      19.746070861816406,
      10.085745811462402,
      8.998604774475098,
      6.049869537353516,
      5.459422588348389
    ],
    [
      11.816670417785645,
      9.098811149597168,
      7.630234718322754,
      8.398159980773926,
      19.895740509033203,
      17.29269027709961,
      40.43426513671875,
      38.932762145996094,
      71.57429504394531,
      65.53089141845703,
      60.2109489440918,
      58.732357025146484,
      41.64540481567383,
      37.580753326416016,
      25.360979080200195,
      23.160417556762695,
      17.312936782836914,
      15.620206832885742
    ],
    [
      11.463464736938477,
      9.76597785949707,
      8.497734069824219,
      9.385180473327637,
      23.831069946289062,
      21.083904266357422,
      39.62677001953125,
      38.922874450683594,
      65.53089141845703,
      70.0199966430664,
      62.17380142211914,
      60.10258102416992,
      41.33960723876953,
      37.011043548583984,
      24.347251892089844,
      22.241214752197266,
      16.591018676757812,
      14.983983993530273
    ],
    [
      10.317963600158691,
      8.465533256530762,
      4.963170051574707,
      6.120311737060547,
      26.347240447998047,
      23.629968643188477,
      38.375633239746094,
      39.423484802246094,
      60.2109489440918,
      62.17380142211914,
      75.64395904541016,
      68.60395812988281,
      45.46100616455078,
      41.04274368286133,
      26.676361083984375,
      24.19340705871582,
      18.132211685180664,
      16.351715087890625
    ],
    [
      10.635531425476074,
      8.236811637878418,
      5.161581039428711,
      5.734526634216309,
      22.593242645263672,
      20.82405662536621,
      36.52001190185547,
      36.4028434753418,
      58.732357025146484,
      60.10258102416992,
      68.60395812988281,
      69.22156524658203,
      46.32417678833008,
      40.69148635864258,
      26.624624252319336,
      24.027061462402344,
      17.967660903930664,
      16.21593475341797
    ],
    [
      -1.1123298406600952,
      -2.569300889968872,
      -3.888890266418457,
      -3.7092998027801514,
      8.135034561157227,
      6.816161632537842,
      22.40993309020996,
      21.806522369384766,
      41.64540481567383,
      41.33960723876953,
      45.46100616455078,
      46.32417678833008,
      43.605072021484375,
      38.36892318725586,
      28.016782760620117,
      25.52434730529785,
      19.49283218383789,
      17.58662986755371
    ],
    [
      -2.315380096435547,
      -3.219261407852173,
      -4.662179470062256,
      -4.25089693069458,
      6.573376655578613,
      5.111452579498291,
      20.08118438720703,
      19.746070861816406,
      37.580753326416016,
      37.011043548583984,
      41.04274368286133,
      40.69148635864258,
      38.36892318725586,
      35.78111267089844,
      25.98980712890625,
      23.897926330566406,
      18.18305778503418,
      16.44172477722168
    ],
    [
      -10.114395141601562,
      -9.59268569946289,
      -10.762036323547363,
      -10.136113166809082,
      -2.6835975646972656,
      -4.718565940856934,
      10.692495346069336,
      10.085745811462402,
      25.360979080200195,
      24.347251892089844,
      26.676361083984375,
      26.624624252319336,
      28.016782760620117,
      25.98980712890625,
      25.60454559326172,
      23.472867965698242,
      19.17877197265625,
      17.362228393554688
    ],
    [
      -9.808905601501465,
      -9.15001392364502,
      -10.287601470947266,
      -9.612944602966309,
      -2.6381497383117676,
      -4.247091770172119,
      9.585845947265625,
      8.998604774475098,
      23.160417556762695,
      22.241214752197266,
      24.19340705871582,
      24.027061462402344,
      25.52434730529785,
      23.897926330566406,
      23.472867965698242,
      21.891765594482422,
      17.737821578979492,
      16.09165382385254
    ],
    [
      -10.00324821472168,
      -9.06093692779541,
      -9.914240837097168,
      -9.174750328063965,
      -3.380202531814575,
      -4.981186866760254,
      6.44591760635376,
      6.049869537353516,
      17.312936782836914,
      16.591018676757812,
      18.132211685180664,
      17.967660903930664,
      19.49283218383789,
      18.18305778503418,
      19.17877197265625,
      17.737821578979492,
      15.550176620483398,
      14.11684799194336
    ],
    [
      -9.236175537109375,
      -8.323832511901855,
      -9.111903190612793,
      -8.413926124572754,
      -3.0779967308044434,
      -4.506180286407471,
      5.809303283691406,
      5.459422588348389,
      15.620206832885742,
      14.983983993530273,
      16.351715087890625,
      16.21593475341797,
      17.58662986755371,
      16.44172477722168,
      17.362228393554688,
      16.09165382385254,
      14.11684799194336,
      12.872882843017578
    ]
  ],
  "damage": -21.548870086669922,
  "diff_bandwidth": 609.7876586914062,
  "dissonance": 6.084921065865265,
  "drr": 1.0323103666305542,
  "dynamics": 3.839613437652588,
  "format": 1245190,
  "frames": 19237824,
  "loudness": -27.843393325805664,
  "loudness_range": 10.520133972167969,
  "loudness_range_short": 13.55447006225586,
  "lowpass_true_peak_15khz": -4.9306559562683105,
  "mastering3_acoustic_entropies": [
    {
      "acoustic_entropy": 7.932889461517334,
      "acoustic_entropy_mono": 6.866970062255859,
      "band_eliminated_acoustic_entropies": [
        {
          "acoustic_entropy": 7.924132347106934,
          "acoustic_entropy_side": 7.933349132537842,
          "hz": 129.47220167065723
        },
        {
          "acoustic_entropy": 7.558375835418701,
          "acoustic_entropy_side": 7.892278671264648,
          "hz": 202.92927478742237
        },
        {
          "acoustic_entropy": 7.92729377746582,
          "acoustic_entropy_side": 7.895999431610107,
          "hz": 282.89161906338205
        },
        {
          "acoustic_entropy": 8.367531776428223,
          "acoustic_entropy_side": 8.20202350616455,
          "hz": 369.9353335868758
        },
        {
          "acoustic_entropy": 7.804732799530029,
          "acoustic_entropy_side": 7.644134998321533,
          "hz": 464.6875360973435
        },
        {
          "acoustic_entropy": 7.604790210723877,
          "acoustic_entropy_side": 8.169044494628906,
          "hz": 567.8308811364784
        },
        {
          "acoustic_entropy": 8.26341438293457,
          "acoustic_entropy_side": 8.07037353515625,
          "hz": 680.1084783214808
        },
        {
          "acoustic_entropy": 7.882005214691162,
          "acoustic_entropy_side": 7.816601753234863,
          "hz": 802.3292461747484
        },
        {
          "acoustic_entropy": 8.390562057495117,
          "acoustic_entropy_side": 8.088961601257324,
          "hz": 935.3737400823702
        },
        {
          "acoustic_entropy": 7.520073890686035,
          "acoustic_entropy_side": 7.041205883026123,
          "hz": 1080.2004963696966
        },
        {
          "acoustic_entropy": 7.660681247711182,
          "acoustic_entropy_side": 8.036465644836426,
          "hz": 1237.8529382007157
        },
        {
          "acoustic_entropy": 8.55396842956543,
          "acoustic_entropy_side": 8.50885009765625,
          "hz": 1409.4668930556702
        },
        {
          "acoustic_entropy": 8.169279098510742,
          "acoustic_entropy_side": 8.006515502929688,
          "hz": 1596.2787759475705
        },
        {
          "acoustic_entropy": 7.619410037994385,
          "acoustic_entropy_side": 7.81483793258667,
          "hz": 1799.6344973346393
        },
        {
          "acoustic_entropy": 7.940272331237793,
          "acoustic_entropy_side": 8.018604278564453,
          "hz": 2020.9991599069049
        },
        {
          "acoustic_entropy": 8.224555015563965,
          "acoustic_entropy_side": 8.14781379699707,
          "hz": 2261.9676141086993
        },
        {
          "acoustic_entropy": 7.965255260467529,
          "acoustic_entropy_side": 8.009162902832031,
          "hz": 2524.2759484456974
        },
        {
          "acoustic_entropy": 7.929307460784912,
          "acoustic_entropy_side": 7.943304538726807,
          "hz": 2809.813997359896
        },
        {
          "acoustic_entropy": 7.869974136352539,
          "acoustic_entropy_side": 7.895998001098633,
          "hz": 3120.6389567871424
        },
        {
          "acoustic_entropy": 7.944341659545898,
          "acoustic_entropy_side": 7.928134918212891,
          "hz": 3458.990205492291
        },
        {
          "acoustic_entropy": 7.975381851196289,
          "acoustic_entropy_side": 7.94110107421875,
          "hz": 3827.305438964164
        },
        {
          "acoustic_entropy": 7.971553325653076,
          "acoustic_entropy_side": 7.946810245513916,
          "hz": 4228.238232109126
        },
        {
          "acoustic_entropy": 7.937742233276367,
          "acoustic_entropy_side": 7.935438632965088,
          "hz": 4664.6771572759235
        },
        {
          "acoustic_entropy": 7.937986850738525,
          "acoustic_entropy_side": 7.934411525726318,
          "hz": 5139.766595350093
        },
        {
          "acoustic_entropy": 7.935863971710205,
          "acoustic_entropy_side": 7.933686256408691,
          "hz": 5656.929389854203
        },
        {
          "acoustic_entropy": 7.934206962585449,
          "acoustic_entropy_side": 7.933326244354248,
          "hz": 6219.891507268283
        },
        {
          "acoustic_entropy": 7.932635307312012,
          "acoustic_entropy_side": 7.933032035827637,
          "hz": 6832.70888123896
        },
        {
          "acoustic_entropy": 7.933984279632568,
          "acoustic_entropy_side": 7.933281898498535,
          "hz": 7499.796634079867
        },
        {
          "acoustic_entropy": 7.934066295623779,
          "acoustic_entropy_side": 7.93335485458374,
          "hz": 8225.96088609342
        },
        {
          "acoustic_entropy": 7.934060096740723,
          "acoustic_entropy_side": 7.933332920074463,
          "hz": 9016.43338188839
        },
        {
          "acoustic_entropy": 7.933995723724365,
          "acoustic_entropy_side": 7.933268070220947,
          "hz": 9876.909183162974
        },
        {
          "acoustic_entropy": 7.934243202209473,
          "acoustic_entropy_side": 7.933366298675537,
          "hz": 10813.587699516042
        },
        {
          "acoustic_entropy": 7.934347152709961,
          "acoustic_entropy_side": 7.933403015136719,
          "hz": 11833.21735289826
        },
        {
          "acoustic_entropy": 7.934452533721924,
          "acoustic_entropy_side": 7.933445930480957,
          "hz": 12943.144197493959
        },
        {
          "acoustic_entropy": 7.934291839599609,
          "acoustic_entropy_side": 7.933394432067871,
          "hz": 14151.364845322005
        },
        {
          "acoustic_entropy": 7.933781147003174,
          "acoustic_entropy_side": 7.933199405670166,
          "hz": 15466.58407886509
        },
        {
          "acoustic_entropy": 7.933288097381592,
          "acoustic_entropy_side": 7.933016777038574,
          "hz": 16898.27756580493
        },
        {
          "acoustic_entropy": 7.933014392852783,
          "acoustic_entropy_side": 7.932930946350098,
          "hz": 18456.760127700032
        },
        {
          "acoustic_entropy": 7.932919025421143,
          "acoustic_entropy_side": 7.932900905609131,
          "hz": 20153.260054456492
        },
        {
          "acoustic_entropy": 7.932895183563232,
          "acoustic_entropy_side": 7.93289041519165,
          "hz": 22000.00000000001
        }
      ],
      "diff_acoustic_entropy": 7.7020745277404785,
      "sn": 6
    },
    {
      "acoustic_entropy": 13.609979629516602,
      "acoustic_entropy_mono": 11.38890266418457,
      "band_eliminated_acoustic_entropies": [
        {
          "acoustic_entropy": 13.573368072509766,
          "acoustic_entropy_side": 13.608774185180664,
          "hz": 129.47220167065723
        },
        {
          "acoustic_entropy": 12.326356887817383,
          "acoustic_entropy_side": 13.529350280761719,
          "hz": 202.92927478742237
        },
        {
          "acoustic_entropy": 13.713112831115723,
          "acoustic_entropy_side": 13.451401710510254,
          "hz": 282.89161906338205
        },
        {
          "acoustic_entropy": 13.750310897827148,
          "acoustic_entropy_side": 13.797894477844238,
          "hz": 369.9353335868758
        },
        {
          "acoustic_entropy": 13.879095077514648,
          "acoustic_entropy_side": 13.430882453918457,
          "hz": 464.6875360973435
        },
        {
          "acoustic_entropy": 13.708270072937012,
          "acoustic_entropy_side": 14.192853927612305,
          "hz": 567.8308811364784
        },
        {
          "acoustic_entropy": 13.129592895507812,
          "acoustic_entropy_side": 13.357978820800781,
          "hz": 680.1084783214808
        },
        {
          "acoustic_entropy": 12.794831275939941,
          "acoustic_entropy_side": 13.200908660888672,
          "hz": 802.3292461747484
        },
        {
          "acoustic_entropy": 13.759299278259277,
          "acoustic_entropy_side": 14.232111930847168,
          "hz": 935.3737400823702
        },
        {
          "acoustic_entropy": 13.579611778259277,
          "acoustic_entropy_side": 13.218718528747559,
          "hz": 1080.2004963696966
        },
        {
          "acoustic_entropy": 13.209400177001953,
          "acoustic_entropy_side": 14.250722885131836,
          "hz": 1237.8529382007157
        },
        {
          "acoustic_entropy": 13.254305839538574,
          "acoustic_entropy_side": 13.298656463623047,
          "hz": 1409.4668930556702
        },
        {
          "acoustic_entropy": 12.910164833068848,
          "acoustic_entropy_side": 13.40789794921875,
          "hz": 1596.2787759475705
        },
        {
          "acoustic_entropy": 13.762460708618164,
          "acoustic_entropy_side": 13.793221473693848,
          "hz": 1799.6344973346393
        },
        {
          "acoustic_entropy": 13.229484558105469,
          "acoustic_entropy_side": 13.72155475616455,
          "hz": 2020.9991599069049
        },
        {
          "acoustic_entropy": 13.514930725097656,
          "acoustic_entropy_side": 13.135512351989746,
          "hz": 2261.9676141086993
        },
        {
          "acoustic_entropy": 13.02965259552002,
          "acoustic_entropy_side": 13.190351486206055,
          "hz": 2524.2759484456974
        },
        {
          "acoustic_entropy": 13.239243507385254,
          "acoustic_entropy_side": 13.354497909545898,
          "hz": 2809.813997359896
        },
        {
          "acoustic_entropy": 13.51644515991211,
          "acoustic_entropy_side": 13.55018424987793,
          "hz": 3120.6389567871424
        },
        {
          "acoustic_entropy": 13.438990592956543,
          "acoustic_entropy_side": 13.567309379577637,
          "hz": 3458.990205492291
        },
        {
          "acoustic_entropy": 13.513102531433105,
          "acoustic_entropy_side": 13.601104736328125,
          "hz": 3827.305438964164
        },
        {
          "acoustic_entropy": 13.525315284729004,
          "acoustic_entropy_side": 13.56485366821289,
          "hz": 4228.238232109126
        },
        {
          "acoustic_entropy": 13.45186710357666,
          "acoustic_entropy_side": 13.545063018798828,
          "hz": 4664.6771572759235
        },
        {
          "acoustic_entropy": 13.479100227355957,
          "acoustic_entropy_side": 13.546146392822266,
          "hz": 5139.766595350093
        },
        {
          "acoustic_entropy": 13.525325775146484,
          "acoustic_entropy_side": 13.57519817352295,
          "hz": 5656.929389854203
        },
        {
          "acoustic_entropy": 13.562372207641602,
          "acoustic_entropy_side": 13.593340873718262,
          "hz": 6219.891507268283
        },
        {
          "acoustic_entropy": 13.55649471282959,
          "acoustic_entropy_side": 13.588821411132812,
          "hz": 6832.70888123896
        },
        {
          "acoustic_entropy": 13.559694290161133,
          "acoustic_entropy_side": 13.589241027832031,
          "hz": 7499.796634079867
        },
        {
          "acoustic_entropy": 13.535345077514648,
          "acoustic_entropy_side": 13.569941520690918,
          "hz": 8225.96088609342
        },
        {
          "acoustic_entropy": 13.566268920898438,
          "acoustic_entropy_side": 13.590700149536133,
          "hz": 9016.43338188839
        },
        {
          "acoustic_entropy": 13.587037086486816,
          "acoustic_entropy_side": 13.600298881530762,
          "hz": 9876.909183162974
        },
        {
          "acoustic_entropy": 13.585368156433105,
          "acoustic_entropy_side": 13.599360466003418,
          "hz": 10813.587699516042
        },
        {
          "acoustic_entropy": 13.587197303771973,
          "acoustic_entropy_side": 13.600040435791016,
          "hz": 11833.21735289826
        },
        {
          "acoustic_entropy": 13.585082054138184,
          "acoustic_entropy_side": 13.599283218383789,
          "hz": 12943.144197493959
        },
        {
          "acoustic_entropy": 13.586906433105469,
          "acoustic_entropy_side": 13.60022258758545,
          "hz": 14151.364845322005
        },
        {
          "acoustic_entropy": 13.593725204467773,
          "acoustic_entropy_side": 13.603633880615234,
          "hz": 15466.58407886509
        },
        {
          "acoustic_entropy": 13.602663040161133,
          "acoustic_entropy_side": 13.607245445251465,
          "hz": 16898.27756580493
        },
        {
          "acoustic_entropy": 13.607495307922363,
          "acoustic_entropy_side": 13.60900592803955,
          "hz": 18456.760127700032
        },
        {
          "acoustic_entropy": 13.609161376953125,
          "acoustic_entropy_side": 13.60969352722168,
          "hz": 20153.260054456492
        },
        {
          "acoustic_entropy": 13.609814643859863,
          "acoustic_entropy_side": 13.609928131103516,
          "hz": 22000.00000000001
        }
      ],
      "diff_acoustic_entropy": 11.496719360351562,
      "sn": 12
    },
    {
      "acoustic_entropy": 19.949602127075195,
      "acoustic_entropy_mono": 17.14285659790039,
      "band_eliminated_acoustic_entropies": [
        {
          "acoustic_entropy": 19.637672424316406,
          "acoustic_entropy_side": 19.783750534057617,
          "hz": 129.47220167065723
        },
        {
          "acoustic_entropy": 20.002788543701172,
          "acoustic_entropy_side": 20.310016632080078,
          "hz": 202.92927478742237
        },
        {
          "acoustic_entropy": 20.924301147460938,
          "acoustic_entropy_side": 20.45477294921875,
          "hz": 282.89161906338205
        },
        {
          "acoustic_entropy": 20.964557647705078,
          "acoustic_entropy_side": 19.996929168701172,
          "hz": 369.9353335868758
        },
        {
          "acoustic_entropy": 20.450037002563477,
          "acoustic_entropy_side": 20.48009490966797,
          "hz": 464.6875360973435
        },
        {
          "acoustic_entropy": 20.248106002807617,
          "acoustic_entropy_side": 20.479232788085938,
          "hz": 567.8308811364784
        },
        {
          "acoustic_entropy": 19.812910079956055,
          "acoustic_entropy_side": 20.083436965942383,
          "hz": 680.1084783214808
        },
        {
          "acoustic_entropy": 19.30463218688965,
          "acoustic_entropy_side": 20.415029525756836,
          "hz": 802.3292461747484
        },
        {
          "acoustic_entropy": 19.639331817626953,
          "acoustic_entropy_side": 20.01081085205078,
          "hz": 935.3737400823702
        },
        {
          "acoustic_entropy": 20.01897621154785,
          "acoustic_entropy_side": 20.414306640625,
          "hz": 1080.2004963696966
        },
        {
          "acoustic_entropy": 19.741168975830078,
          "acoustic_entropy_side": 20.338855743408203,
          "hz": 1237.8529382007157
        },
        {
          "acoustic_entropy": 19.425655364990234,
          "acoustic_entropy_side": 20.231969833374023,
          "hz": 1409.4668930556702
        },
        {
          "acoustic_entropy": 18.127119064331055,
          "acoustic_entropy_side": 19.26244354248047,
          "hz": 1596.2787759475705
        },
        {
          "acoustic_entropy": 20.020235061645508,
          "acoustic_entropy_side": 20.23421859741211,
          "hz": 1799.6344973346393
        },
        {
          "acoustic_entropy": 20.531497955322266,
          "acoustic_entropy_side": 20.819013595581055,
          "hz": 2020.9991599069049
        },
        {
          "acoustic_entropy": 20.309173583984375,
          "acoustic_entropy_side": 20.43086051940918,
          "hz": 2261.9676141086993
        },
        {
          "acoustic_entropy": 20.41984748840332,
          "acoustic_entropy_side": 20.92123794555664,
          "hz": 2524.2759484456974
        },
        {
          "acoustic_entropy": 19.79525375366211,
          "acoustic_entropy_side": 20.178401947021484,
          "hz": 2809.813997359896
        },
        {
