{
  "acoustic_entropy": 227.7823944091797,
  "bands": [
    {
      "high_freq": 148.1999969482422,
      "loudness": -20.129119873046875,
      "loudness_range": 7.315105438232422,
      "mid_mean": -16.927671432495117,
      "mid_to_side_loudness": -12.45262336730957,
      "mid_to_side_loudness_range": 18.60507583618164,
      "side_mean": -29.637117385864258
    },
    {
      "high_freq": 392.3793640136719,
      "loudness": -18.970510482788086,
      "loudness_range": 5.820954322814941,
      "low_freq": 148.1999969482422,
      "mid_mean": -15.93069076538086,
      "mid_to_side_loudness": -8.648212432861328,
      "mid_to_side_loudness_range": 8.215085983276367,
      "side_mean": -24.6389217376709
    },
    {
      "high_freq": 794.6976318359375,
      "loudness": -21.75629425048828,
      "loudness_range": 8.56071662902832,
      "low_freq": 392.3793640136719,
      "mid_mean": -18.920276641845703,
      "mid_to_side_loudness": -7.248384475708008,
      "mid_to_side_loudness_range": 9.352727890014648,
      "side_mean": -26.310163497924805
    },
    {
      "high_freq": 1457.5709228515625,
      "loudness": -24.77431297302246,
      "loudness_range": 10.054740905761719,
      "low_freq": 794.6976318359375,
      "mid_mean": -22.057762145996094,
      "mid_to_side_loudness": -6.982542991638184,
      "mid_to_side_loudness_range": 10.523609161376953,
      "side_mean": -29.1833438873291
    },
    {
      "high_freq": 2549.74365234375,
      "loudness": -23.296363830566406,
      "loudness_range": 11.39773178100586,
      "low_freq": 1457.5709228515625,
      "mid_mean": -20.681720733642578,
      "mid_to_side_loudness": -6.188109874725342,
      "mid_to_side_loudness_range": 8.382118225097656,
      "side_mean": -26.949485778808594
    },
    {
      "high_freq": 4349.24462890625,
      "loudness": -22.14011573791504,
      "loudness_range": 11.545541763305664,
      "low_freq": 2549.74365234375,
      "mid_mean": -19.610736846923828,
      "mid_to_side_loudness": -5.800397872924805,
      "mid_to_side_loudness_range": 9.181575775146484,
      "side_mean": -25.534616470336914
    },
    {
      "high_freq": 7314.1640625,
      "loudness": -25.037736892700195,
      "loudness_range": 9.967409133911133,
      "low_freq": 4349.24462890625,
      "mid_mean": -22.692476272583008,
      "mid_to_side_loudness": -4.919647216796875,
      "mid_to_side_loudness_range": 7.088695526123047,
      "side_mean": -27.66243553161621
    },
    {
      "high_freq": 12199.2666015625,
      "loudness": -27.2082576751709,
      "loudness_range": 12.262016296386719,
      "low_freq": 7314.1640625,
      "mid_mean": -24.72265625,
      "mid_to_side_loudness": -6.087167739868164,
      "mid_to_side_loudness_range": 11.81786060333252,
      "side_mean": -30.97776985168457
    },
    {
      "loudness": -30.83589744567871,
      "loudness_range": 14.638702392578125,
      "low_freq": 12199.2666015625,
      "mid_mean": -28.5211238861084,
      "mid_to_side_loudness": -5.304262161254883,
      "mid_to_side_loudness_range": 10.957575798034668,
      "side_mean": -33.91807556152344
    }
  ],
  "bands_short": [
    {
      "high_freq": 148.1999969482422,
      "loudness": -23.8136043548584,
      "loudness_range": 15.443208694458008,
      "mid_mean": -20.82282066345215,
      "mid_to_side_loudness": -13.406706809997559,
      "mid_to_side_loudness_range": 26.501474380493164,
      "side_mean": -34.792213439941406
    },
    {
      "high_freq": 392.3793640136719,
      "loudness": -18.810789108276367,
      "loudness_range": 9.086078643798828,
      "low_freq": 148.1999969482422,
      "mid_mean": -15.951077461242676,
      "mid_to_side_loudness": -8.92794132232666,
      "mid_to_side_loudness_range": 14.864306449890137,
      "side_mean": -24.960424423217773
    },
    {
      "high_freq": 794.6976318359375,
      "loudness": -22.36823081970215,
      "loudness_range": 11.991096496582031,
      "low_freq": 392.3793640136719,
      "mid_mean": -19.7341251373291,
      "mid_to_side_loudness": -7.209591865539551,
      "mid_to_side_loudness_range": 13.492874145507812,
      "side_mean": -27.081201553344727
    },
    {
      "high_freq": 1457.5709228515625,
      "loudness": -25.14995574951172,
      "loudness_range": 13.112262725830078,
      "low_freq": 794.6976318359375,
      "mid_mean": -22.71630096435547,
      "mid_to_side_loudness": -6.343990802764893,
      "mid_to_side_loudness_range": 13.874868392944336,
      "side_mean": -29.202306747436523
    },
    {
      "high_freq": 2549.74365234375,
      "loudness": -24.13033676147461,
      "loudness_range": 14.709226608276367,
      "low_freq": 1457.5709228515625,
      "mid_mean": -21.74344825744629,
      "mid_to_side_loudness": -5.826940059661865,
      "mid_to_side_loudness_range": 12.063894271850586,
      "side_mean": -27.65309715270996
    },
    {
      "high_freq": 4349.24462890625,
      "loudness": -22.746374130249023,
      "loudness_range": 13.949079513549805,
      "low_freq": 2549.74365234375,
      "mid_mean": -20.38372802734375,
      "mid_to_side_loudness": -5.6176886558532715,
      "mid_to_side_loudness_range": 12.362150192260742,
      "side_mean": -26.12656021118164
    },
    {
      "high_freq": 7314.1640625,
      "loudness": -25.60776138305664,
      "loudness_range": 12.853641510009766,
      "low_freq": 4349.24462890625,
      "mid_mean": -23.35234832763672,
      "mid_to_side_loudness": -4.936357021331787,
      "mid_to_side_loudness_range": 9.814483642578125,
      "side_mean": -28.35782241821289
    },
    {
      "high_freq": 12199.2666015625,
      "loudness": -28.573320388793945,
      "loudness_range": 14.615499496459961,
      "low_freq": 7314.1640625,
      "mid_mean": -26.237552642822266,
      "mid_to_side_loudness": -5.873395919799805,
      "mid_to_side_loudness_range": 13.729068756103516,
      "side_mean": -32.28982162475586
    },
    {
      "loudness": -33.52085494995117,
      "loudness_range": 19.810640335083008,
      "low_freq": 12199.2666015625,
      "mid_mean": -31.38724708557129,
      "mid_to_side_loudness": -4.7487874031066895,
      "mid_to_side_loudness_range": 11.14991569519043,
      "side_mean": -36.367393493652344
    }
  ],
  "bandwidth": 727.0494384765625,
  "channels": 2,
  "covariance": [
    [
      11.700634956359863,
      2.1864709854125977,
      1.7170437574386597,
      -0.9455794095993042,
      -0.4686315953731537,
      0.6968098282814026,
      -1.9551059007644653,
      0.655331552028656,
      0.5968363285064697,
      1.7345061302185059,
      1.5627299547195435,
      2.161769390106201,
      2.044523239135742,
      2.901550054550171,
      -1.282004475593567,
      1.1232866048812866,
      -0.07423347979784012,
      1.7962124347686768
    ],
    [
      2.1864709854125977,
      25.67502212524414,
      1.3078516721725464,
      5.500534534454346,
      -2.8533129692077637,
      -6.5091729164123535,
      -0.5291470885276794,
      -4.175468921661377,
      -5.498291015625,
      -5.820965766906738,
      -6.691598415374756,
      -7.106376647949219,
      -5.792636871337891,
      -5.671598434448242,
      1.765363097190857,
      2.8251113891601562,
      3.448598861694336,
      5.406140327453613
    ],
    [
      1.7170437574386597,
      1.3078516721725464,
      5.475172996520996,
      2.9402451515197754,
      -0.7422299385070801,
      0.5299789905548096,
      -1.7770564556121826,
      -0.2587233781814575,
      -0.9213093519210815,
      0.3435478210449219,
      0.01841180957853794,
      0.2098434567451477,
      0.5573413372039795,
      0.46680667996406555,
      0.06068657338619232,
      0.8350139260292053,
      -0.3597893714904785,
      0.97653728723526
    ],
    [
      -0.9455794095993042,
      5.500534534454346,
      2.9402451515197754,
      8.846712112426758,
      -0.5390488505363464,
      -0.7764714360237122,
      -1.0924042463302612,
      -1.4591749906539917,
      -2.55560040473938,
      -2.0577943325042725,
      -2.74631667137146,
      -2.2364468574523926,
      -1.4633005857467651,
      -1.9682055711746216,
      1.7861955165863037,
      2.117232322692871,
      1.931060791015625,
      3.0896894931793213
    ],
    [
      -0.4686315953731537,
      -2.8533129692077637,
      -0.7422299385070801,
      -0.5390488505363464,
      10.478920936584473,
      5.772083282470703,
      1.9865131378173828,
      1.643410086631775,
      4.416570663452148,
      3.0607407093048096,
      4.216250419616699,
      2.364043712615967,
      2.2120285034179688,
      0.8616241216659546,
      1.550376057624817,
      -1.2476857900619507,
      -0.8938524723052979,
      -2.6506505012512207
    ],
    [
      0.6968098282814026,
      -6.5091729164123535,
      0.5299789905548096,
      -0.7764714360237122,
      5.772083282470703,
      11.737277030944824,
      0.27125468850135803,
      5.998740196228027,
      5.816276550292969,
      8.107231140136719,
      7.0565338134765625,
      8.097904205322266,
      7.213916778564453,
      7.699973106384277,
      2.0060253143310547,
      1.5085573196411133,
      -0.7760937809944153,
      -1.1155377626419067
    ],
    [
      -1.9551059007644653,
      -0.5291470885276794,
      -1.7770564556121826,
      -1.0924042463302612,
      1.9865131378173828,
      0.27125468850135803,
      15.777914047241211,
      5.595880031585693,
      7.233528137207031,
      2.2474074363708496,
      1.9967293739318848,
      1.186261773109436,
      0.8202797174453735,
      0.47579455375671387,
      2.5673298835754395,
      0.11756081134080887,
      1.9716765880584717,
      0.3476123809814453
    ],
    [
      0.655331552028656,
      -4.175468921661377,
      -0.2587233781814575,
      -1.4591749906539917,
      1.643410086631775,
      5.998740196228027,
      5.595880031585693,
      9.390840530395508,
      5.995649337768555,
      7.360395431518555,
      5.635031700134277,
      7.541466236114502,
      5.709484577178955,
      7.681578159332275,
      1.5591411590576172,
      2.0007059574127197,
      -0.8880194425582886,
      -0.4830140471458435
    ],
    [
      0.5968363285064697,
      -5.498291015625,
      -0.9213093519210815,
      -2.55560040473938,
      4.416570663452148,
      5.816276550292969,
      7.233528137207031,
      5.995649337768555,
      19.543325424194336,
      10.933662414550781,
      13.120996475219727,
      8.07031536102295,
      7.538142204284668,
      5.354371070861816,
      -1.0371568202972412,
      -1.797028660774231,
      -5.185950756072998,
      -4.447979927062988
    ],
    [
      1.7345061302185059,
      -5.820965766906738,
      0.3435478210449219,
      -2.0577943325042725,
      3.0607407093048096,
      8.107231140136719,
      2.2474074363708496,
      7.360395431518555,
      10.933662414550781,
      12.853594779968262,
      10.975794792175293,
      11.564190864562988,
      8.973865509033203,
      9.920075416564941,
      1.0843555927276611,
      0.8893035650253296,
      -3.916550636291504,
      -3.3090524673461914
    ],
    [
      1.5627299547195435,
      -6.691598415374756,
      0.01841180957853794,
      -2.74631667137146,
      4.216250419616699,
      7.0565338134765625,
      1.9967293739318848,
      5.635031700134277,
      13.120996475219727,
      10.975794792175293,
      20.453243255615234,
      11.69922924041748,
      11.833662033081055,
      8.322349548339844,
      0.24647505581378937,
      0.03476221486926079,
      -5.545159816741943,
      -4.0745720863342285
    ],
    [
      2.161769390106201,
      -7.106376647949219,
      0.2098434567451477,
      -2.2364468574523926,
      2.364043712615967,
      8.097904205322266,
      1.186261773109436,
      7.541466236114502,
      8.07031536102295,
      11.564190864562988,
      11.69922924041748,
      14.752699851989746,
      10.923833847045898,
      13.44832706451416,
      2.012469530105591,
      4.107532978057861,
      -2.390500545501709,
      -1.278580665588379
    ],
    [
      2.044523239135742,
      -5.792636871337891,
      0.5573413372039795,
      -1.4633005857467651,
      2.2120285034179688,
      7.213916778564453,
      0.8202797174453735,
      5.709484577178955,
      7.538142204284668,
      8.973865509033203,
      11.833662033081055,
      10.923833847045898,
      13.884940147399902,
      11.71809196472168,
      5.029947757720947,
      5.441339015960693,
      1.3664337396621704,
      0.98114013671875
    ],
    [
      2.901550054550171,
      -5.671598434448242,
      0.46680667996406555,
      -1.9682055711746216,
      0.8616241216659546,
      7.699973106384277,
      0.47579455375671387,
      7.681578159332275,
      5.354371070861816,
      9.920075416564941,
      8.322349548339844,
      13.44832706451416,
      11.71809196472168,
      17.458532333374023,
      3.1771671772003174,
      8.901261329650879,
      1.2968237400054932,
      4.003294944763184
    ],
    [
      -1.282004475593567,
      1.765363097190857,
      0.06068657338619232,
      1.7861955165863037,
      1.550376057624817,
      2.0060253143310547,
      2.5673298835754395,
      1.5591411590576172,
      -1.0371568202972412,
      1.0843555927276611,
      0.24647505581378937,
      2.012469530105591,
      5.029947757720947,
      3.1771671772003174,
      21.356075286865234,
      8.672772407531738,
      18.354900360107422,
      6.853549480438232
    ],
    [
      1.1232866048812866,
      2.8251113891601562,
      0.8350139260292053,
      2.117232322692871,
      -1.2476857900619507,
      1.5085573196411133,
      0.11756081134080887,
      2.0007059574127197,
      -1.797028660774231,
      0.8893035650253296,
      0.03476221486926079,
      4.107532978057861,
      5.441339015960693,
      8.901261329650879,
      8.672772407531738,
      16.708003997802734,
      12.157814025878906,
      16.493408203125
    ],
    [
      -0.07423347979784012,
      3.448598861694336,
      -0.3597893714904785,
      1.931060791015625,
      -0.8938524723052979,
      -0.7760937809944153,
      1.9716765880584717,
      -0.8880194425582886,
      -5.185950756072998,
      -3.916550636291504,
      -5.545159816741943,
      -2.390500545501709,
      1.3664337396621704,
      1.2968237400054932,
      18.354900360107422,
      12.157814025878906,
      30.675193786621094,
      18.505952835083008
    ],
    [
      1.7962124347686768,
      5.406140327453613,
      0.97653728723526,
      3.0896894931793213,
      -2.6506505012512207,
      -1.1155377626419067,
      0.3476123809814453,
      -0.4830140471458435,
      -4.447979927062988,
      -3.3090524673461914,
      -4.0745720863342285,
      -1.278580665588379,
      0.98114013671875,
      4.003294944763184,
      6.853549480438232,
      16.493408203125,
      18.505952835083008,
      26.387422561645508
    ]
  ],
  "covariance_short": [
    [
      37.44939041137695,
      7.542596817016602,
      10.015280723571777,
      -1.429000973701477,
      1.159784197807312,
      0.6394765377044678,
      -0.3553013801574707,
      1.3614391088485718,
      3.3805134296417236,
      3.7602603435516357,
      4.20777702331543,
      4.728377342224121,
      5.610787868499756,
      6.229534149169922,
      1.8305691480636597,
      5.239694595336914,
      5.254246234893799,
      8.185087203979492
    ],
    [
      7.542596817016602,
      57.202693939208984,
      1.6020385026931763,
      8.952557563781738,
      -2.9336211681365967,
      -5.713904857635498,
      -2.7469396591186523,
      -3.423985004425049,
      -7.566982746124268,
      -5.317853927612305,
      -8.788161277770996,
      -5.127307415008545,
      -5.73197603225708,
      -2.8204402923583984,
      3.6191906929016113,
      4.250107288360596,
      2.3149666786193848,
      2.9064342975616455
    ],
    [
      10.015280723571777,
      1.6020385026931763,
      15.575395584106445,
      3.8181278705596924,
      1.4876444339752197,
      1.4707603454589844,
      -1.2731451988220215,
      -0.258016437292099,
      0.5866175889968872,
      1.988155722618103,
      1.3944165706634521,
      1.3211983442306519,
      2.220510721206665,
      1.8488223552703857,
      2.0434110164642334,
      3.2606773376464844,
      3.741631269454956,
      6.0645670890808105
    ],
    [
      -1.429000973701477,
      8.952557563781738,
      3.8181278705596924,
      17.65363883972168,
      -0.678115725517273,
      -0.666314423084259,
      -1.400836706161499,
      -1.7906194925308228,
      -3.7383956909179688,
      -2.723092794418335,
      -4.2348456382751465,
      -3.5278542041778564,
      -3.5082955360412598,
      -3.7133114337921143,
      1.3890808820724487,
      1.7751456499099731,
      1.3251748085021973,
      3.302178144454956
    ],
    [
      1.159784197807312,
      -2.9336211681365967,
      1.4876444339752197,
      -0.678115725517273,
      22.98843765258789,
      9.642056465148926,
      7.08314323425293,
      3.249371290206909,
      9.235557556152344,
      5.827197074890137,
      9.136281967163086,
      4.030338764190674,
      5.919888496398926,
      2.441803455352783,
      4.807783603668213,
      0.434498131275177,
      3.1104378700256348,
      0.4778047502040863
    ],
    [
      0.6394765377044678,
      -5.713904857635498,
      1.4707603454589844,
      -0.666314423084259,
      9.642056465148926,
      18.55388069152832,
      3.829864501953125,
      7.290575981140137,
      8.078981399536133,
      10.03101921081543,
      8.533296585083008,
      9.590781211853027,
      9.43904972076416,
      9.885013580322266,
      5.325246810913086,
      5.287111282348633,
      3.928610324859619,
      3.6598219871520996
    ],
    [
      -0.3553013801574707,
      -2.7469396591186523,
      -1.2731451988220215,
      -1.400836706161499,
      7.08314323425293,
      3.829864501953125,
      28.191553115844727,
      9.480633735656738,
      16.562456130981445,
      7.308228969573975,
      9.704757690429688,
      5.190116882324219,
      5.76086950302124,
      3.244112253189087,
      5.612365245819092,
      1.5108379125595093,
      3.710808277130127,
      2.0901219844818115
    ],
    [
      1.3614391088485718,
      -3.423985004425049,
      -0.258016437292099,
      -1.7906194925308228,
      3.249371290206909,
      7.290575981140137,
      9.480633735656738,
      15.440698623657227,
      8.645191192626953,
      9.55130386352539,
      8.71783447265625,
      10.685502052307129,
      8.12962532043457,
      10.5575590133667,
      4.007455825805664,
      5.173345565795898,
      0.911953866481781,
      2.6239430904388428
    ],
    [
      3.3805134296417236,
      -7.566982746124268,
      0.5866175889968872,
      -3.7383956909179688,
      9.235557556152344,
      8.078981399536133,
      16.562456130981445,
      8.645191192626953,
      34.28118896484375,
      18.159603118896484,
      21.832658767700195,
      13.054658889770508,
      14.581770896911621,
      10.035895347595215,
      3.2507998943328857,
      2.259260892868042,
      1.6950719356536865,
      1.6903754472732544
    ],
    [
      3.7602603435516357,
      -5.317853927612305,
      1.988155722618103,
      -2.723092794418335,
      5.827197074890137,
      10.03101921081543,
      7.308228969573975,
      9.55130386352539,
      18.159603118896484,
      21.22037124633789,
      15.976350784301758,
      16.681560516357422,
      13.664133071899414,
      15.20406723022461,
      5.002856254577637,
      6.111371040344238,
      3.3206870555877686,
      4.208542346954346
    ],
    [
      4.20777702331543,
      -8.788161277770996,
      1.3944165706634521,
      -4.2348456382751465,
      9.136281967163086,
      8.533296585083008,
      9.704757690429688,
      8.71783447265625,
      21.832658767700195,
      15.976350784301758,
      32.34539794921875,
      17.802932739257812,
      19.966901779174805,
      14.312201499938965,
      5.0740556716918945,
      4.835899829864502,
      0.4703840911388397,
      2.3692147731781006
    ],
    [
      4.728377342224121,
      -5.127307415008545,
      1.3211983442306519,
      -3.5278542041778564,
      4.030338764190674,
      9.590781211853027,
      5.190116882324219,
      10.685502052307129,
      13.054658889770508,
      16.681560516357422,
      17.802932739257812,
      23.17351531982422,
      16.809314727783203,
      21.39837074279785,
      6.155598163604736,
      10.964909553527832,
      3.274200916290283,
      6.365158557891846
    ],
    [
      5.610787868499756,
      -5.73197603225708,
      2.220510721206665,
      -3.5082955360412598,
      5.919888496398926,
      9.43904972076416,
      5.76086950302124,
      8.12962532043457,
      14.581770896911621,
      13.664133071899414,
      19.966901779174805,
      16.809314727783203,
      24.476364135742188,
      19.97716522216797,
      12.572214126586914,
      13.202838897705078,
      10.025300025939941,
      10.182167053222656
    ],
    [
      6.229534149169922,
      -2.8204402923583984,
      1.8488223552703857,
      -3.7133114337921143,
      2.441803455352783,
      9.885013580322266,
      3.244112253189087,
      10.5575590133667,
      10.035895347595215,
      15.20406723022461,
      14.312201499938965,
      21.39837074279785,
      19.97716522216797,
      29.79388999938965,
      10.087069511413574,
      19.613506317138672,
      8.81148910522461,
      14.54926872253418
    ],
    [
      1.8305691480636597,
      3.6191906929016113,
      2.0434110164642334,
      1.3890808820724487,
      4.807783603668213,
      5.325246810913086,
      5.612365245819092,
      4.007455825805664,
      3.2507998943328857,
      5.002856254577637,
      5.0740556716918945,
      6.155598163604736,
      12.572214126586914,
      10.087069511413574,
      33.5715217590332,
      18.158523559570312,
      30.555028915405273,
      19.232149124145508
    ],
    [
      5.239694595336914,
      4.250107288360596,
      3.2606773376464844,
      1.7751456499099731,
      0.434498131275177,
      5.287111282348633,
      1.5108379125595093,
      5.173345565795898,
      2.259260892868042,
      6.111371040344238,
      4.835899829864502,
      10.964909553527832,
      13.202838897705078,
      19.613506317138672,
      18.158523559570312,
      30.813167572021484,
      22.459287643432617,
      31.372652053833008
    ],
    [
      5.254246234893799,
      2.3149666786193848,
      3.741631269454956,
      1.3251748085021973,
      3.1104378700256348,
      3.928610324859619,
      3.710808277130127,
      0.911953866481781,
      1.6950719356536865,
      3.3206870555877686,
      0.4703840911388397,
      3.274200916290283,
      10.025300025939941,
      8.81148910522461,
      30.555028915405273,
      22.459287643432617,
      47.305267333984375,
      34.313819885253906
    ],
    [
      8.185087203979492,
      2.9064342975616455,
      6.0645670890808105,
      3.302178144454956,
      0.4778047502040863,
      3.6598219871520996,
      2.0901219844818115,
      2.6239430904388428,
      1.6903754472732544,
      4.208542346954346,
      2.3692147731781006,
      6.365158557891846,
      10.182167053222656,
      14.54926872253418,
      19.232149124145508,
      31.372652053833008,
      34.313819885253906,
      47.57674026489258
    ]
  ],
  "damage": -5.927879810333252,
  "diff_bandwidth": 747.5083618164062,
  "dissonance": 10.8326716901272,
  "drr": 7.305088043212891,
  "dynamics": 1.4539517164230347,
  "format": 1245190,
  "frames": 9809920,
  "loudness": -9.114927291870117,
  "loudness_range": 3.278834819793701,
  "loudness_range_short": 5.031420707702637,
  "lowpass_true_peak_15khz": 1.8384093046188354,
  "mastering3_acoustic_entropies": [
    {
      "acoustic_entropy": 8.95860481262207,
      "acoustic_entropy_mono": 9.096034049987793,
      "band_eliminated_acoustic_entropies": [
        {
          "acoustic_entropy": 8.968838691711426,
          "acoustic_entropy_side": 8.957436561584473,
          "hz": 129.47220167065723
        },
        {
          "acoustic_entropy": 8.509669303894043,
          "acoustic_entropy_side": 8.89903450012207,
          "hz": 202.92927478742237
        },
        {
          "acoustic_entropy": 8.948332786560059,
          "acoustic_entropy_side": 8.83275032043457,
          "hz": 282.89161906338205
        },
        {
          "acoustic_entropy": 9.162396430969238,
          "acoustic_entropy_side": 8.85496711730957,
          "hz": 369.9353335868758
        },
        {
          "acoustic_entropy": 8.328514099121094,
          "acoustic_entropy_side": 8.955096244812012,
          "hz": 464.6875360973435
        },
        {
          "acoustic_entropy": 8.745758056640625,
          "acoustic_entropy_side": 8.977911949157715,
          "hz": 567.8308811364784
        },
        {
          "acoustic_entropy": 8.534053802490234,
          "acoustic_entropy_side": 9.035054206848145,
          "hz": 680.1084783214808
        },
        {
          "acoustic_entropy": 8.98650074005127,
          "acoustic_entropy_side": 8.912032127380371,
          "hz": 802.3292461747484
        },
        {
          "acoustic_entropy": 8.8204984664917,
          "acoustic_entropy_side": 9.004768371582031,
          "hz": 935.3737400823702
        },
        {
          "acoustic_entropy": 8.672586441040039,
          "acoustic_entropy_side": 8.953278541564941,
          "hz": 1080.2004963696966
        },
        {
          "acoustic_entropy": 8.980276107788086,
          "acoustic_entropy_side": 8.97032356262207,
          "hz": 1237.8529382007157
        },
        {
          "acoustic_entropy": 8.979792594909668,
          "acoustic_entropy_side": 8.962116241455078,
          "hz": 1409.4668930556702
        },
        {
          "acoustic_entropy": 8.863990783691406,
          "acoustic_entropy_side": 8.990447044372559,
          "hz": 1596.2787759475705
        },
        {
          "acoustic_entropy": 9.334236145019531,
          "acoustic_entropy_side": 8.866317749023438,
          "hz": 1799.6344973346393
        },
        {
          "acoustic_entropy": 9.070587158203125,
          "acoustic_entropy_side": 8.994773864746094,
          "hz": 2020.9991599069049
        },
        {
          "acoustic_entropy": 8.927202224731445,
          "acoustic_entropy_side": 8.858869552612305,
          "hz": 2261.9676141086993
        },
        {
          "acoustic_entropy": 8.913788795471191,
          "acoustic_entropy_side": 9.007969856262207,
          "hz": 2524.2759484456974
        },
        {
          "acoustic_entropy": 9.065502166748047,
          "acoustic_entropy_side": 8.917633056640625,
          "hz": 2809.813997359896
        },
        {
          "acoustic_entropy": 8.80433177947998,
          "acoustic_entropy_side": 8.906561851501465,
          "hz": 3120.6389567871424
        },
        {
          "acoustic_entropy": 8.792120933532715,
          "acoustic_entropy_side": 8.96030330657959,
          "hz": 3458.990205492291
        },
        {
          "acoustic_entropy": 8.835296630859375,
          "acoustic_entropy_side": 8.905619621276855,
          "hz": 3827.305438964164
        },
        {
          "acoustic_entropy": 8.806905746459961,
          "acoustic_entropy_side": 8.810900688171387,
          "hz": 4228.238232109126
        },
        {
          "acoustic_entropy": 8.436945915222168,
          "acoustic_entropy_side": 8.624671936035156,
          "hz": 4664.6771572759235
        },
        {
          "acoustic_entropy": 9.098140716552734,
          "acoustic_entropy_side": 8.967829704284668,
          "hz": 5139.766595350093
        },
        {
          "acoustic_entropy": 8.783258438110352,
          "acoustic_entropy_side": 8.946709632873535,
          "hz": 5656.929389854203
        },
        {
          "acoustic_entropy": 8.932127952575684,
          "acoustic_entropy_side": 8.887876510620117,
          "hz": 6219.891507268283
        },
        {
          "acoustic_entropy": 8.819598197937012,
          "acoustic_entropy_side": 9.020092964172363,
          "hz": 6832.70888123896
        },
        {
          "acoustic_entropy": 8.584863662719727,
          "acoustic_entropy_side": 8.996854782104492,
          "hz": 7499.796634079867
        },
        {
          "acoustic_entropy": 8.651653289794922,
          "acoustic_entropy_side": 8.981084823608398,
          "hz": 8225.96088609342
        },
        {
          "acoustic_entropy": 8.64793586730957,
          "acoustic_entropy_side": 8.919267654418945,
          "hz": 9016.43338188839
        },
        {
          "acoustic_entropy": 8.768165588378906,
          "acoustic_entropy_side": 8.945313453674316,
          "hz": 9876.909183162974
        },
        {
          "acoustic_entropy": 8.760547637939453,
          "acoustic_entropy_side": 8.973349571228027,
          "hz": 10813.587699516042
        },
        {
          "acoustic_entropy": 9.011421203613281,
          "acoustic_entropy_side": 8.964484214782715,
          "hz": 11833.21735289826
        },
        {
          "acoustic_entropy": 8.950950622558594,
          "acoustic_entropy_side": 8.917437553405762,
          "hz": 12943.144197493959
        },
        {
          "acoustic_entropy": 8.902273178100586,
          "acoustic_entropy_side": 8.872770309448242,
          "hz": 14151.364845322005
        },
        {
          "acoustic_entropy": 8.991576194763184,
          "acoustic_entropy_side": 8.997069358825684,
          "hz": 15466.58407886509
        },
        {
          "acoustic_entropy": 8.936248779296875,
          "acoustic_entropy_side": 8.976272583007812,
          "hz": 16898.27756580493
        },
        {
          "acoustic_entropy": 8.764986038208008,
          "acoustic_entropy_side": 8.924789428710938,
          "hz": 18456.760127700032
        },
        {
          "acoustic_entropy": 8.747114181518555,
          "acoustic_entropy_side": 8.95995807647705,
          "hz": 20153.260054456492
        },
        {
          "acoustic_entropy": 8.914163589477539,
          "acoustic_entropy_side": 8.963456153869629,
          "hz": 22000.00000000001
        }
      ],
      "diff_acoustic_entropy": 6.658350944519043,
      "sn": 6
    },
    {
      "acoustic_entropy": 13.361927032470703,
      "acoustic_entropy_mono": 12.958171844482422,
      "band_eliminated_acoustic_entropies": [
        {
          "acoustic_entropy": 12.862991333007812,
          "acoustic_entropy_side": 13.345672607421875,
          "hz": 129.47220167065723
        },
        {
          "acoustic_entropy": 12.926749229431152,
          "acoustic_entropy_side": 13.24382209777832,
          "hz": 202.92927478742237
        },
        {
          "acoustic_entropy": 13.702558517456055,
          "acoustic_entropy_side": 13.379914283752441,
          "hz": 282.89161906338205
        },
        {
          "acoustic_entropy": 13.492327690124512,
          "acoustic_entropy_side": 13.214656829833984,
          "hz": 369.9353335868758
        },
        {
          "acoustic_entropy": 13.171031951904297,
          "acoustic_entropy_side": 13.282931327819824,
          "hz": 464.6875360973435
        },
        {
          "acoustic_entropy": 13.166939735412598,
          "acoustic_entropy_side": 13.414999961853027,
          "hz": 567.8308811364784
        },
        {
          "acoustic_entropy": 12.693902969360352,
          "acoustic_entropy_side": 13.232397079467773,
          "hz": 680.1084783214808
        },
        {
          "acoustic_entropy": 13.695148468017578,
          "acoustic_entropy_side": 13.660006523132324,
          "hz": 802.3292461747484
        },
        {
          "acoustic_entropy": 12.923504829406738,
          "acoustic_entropy_side": 13.550959587097168,
          "hz": 935.3737400823702
        },
        {
          "acoustic_entropy": 12.987066268920898,
          "acoustic_entropy_side": 12.999107360839844,
          "hz": 1080.2004963696966
        },
        {
          "acoustic_entropy": 13.447378158569336,
          "acoustic_entropy_side": 13.33595085144043,
          "hz": 1237.8529382007157
        },
        {
          "acoustic_entropy": 12.799359321594238,
          "acoustic_entropy_side": 13.367427825927734,
          "hz": 1409.4668930556702
        },
        {
          "acoustic_entropy": 13.494831085205078,
          "acoustic_entropy_side": 13.434825897216797,
          "hz": 1596.2787759475705
        },
        {
          "acoustic_entropy": 13.229826927185059,
          "acoustic_entropy_side": 13.292539596557617,
          "hz": 1799.6344973346393
        },
        {
          "acoustic_entropy": 13.448261260986328,
          "acoustic_entropy_side": 13.490506172180176,
          "hz": 2020.9991599069049
        },
        {
          "acoustic_entropy": 13.212648391723633,
          "acoustic_entropy_side": 13.414575576782227,
          "hz": 2261.9676141086993
        },
        {
          "acoustic_entropy": 13.241894721984863,
          "acoustic_entropy_side": 13.257501602172852,
          "hz": 2524.2759484456974
        },
        {
          "acoustic_entropy": 13.270428657531738,
          "acoustic_entropy_side": 13.332564353942871,
          "hz": 2809.813997359896
        },
        {
          "acoustic_entropy": 12.85125732421875,
          "acoustic_entropy_side": 13.375039100646973,
          "hz": 3120.6389567871424
        },
        {
          "acoustic_entropy": 12.972146987915039,
          "acoustic_entropy_side": 13.301384925842285,
          "hz": 3458.990205492291
        },
        {
          "acoustic_entropy": 13.414637565612793,
          "acoustic_entropy_side": 13.2565279006958,
          "hz": 3827.305438964164
        },
        {
          "acoustic_entropy": 13.207086563110352,
          "acoustic_entropy_side": 13.336811065673828,
          "hz": 4228.238232109126
        },
        {
          "acoustic_entropy": 13.19362735748291,
          "acoustic_entropy_side": 13.307822227478027,
          "hz": 4664.6771572759235
        },
        {
          "acoustic_entropy": 13.61583423614502,
          "acoustic_entropy_side": 13.517478942871094,
          "hz": 5139.766595350093
        },
        {
          "acoustic_entropy": 13.373865127563477,
          "acoustic_entropy_side": 13.391288757324219,
          "hz": 5656.929389854203
        },
        {
          "acoustic_entropy": 13.25147819519043,
          "acoustic_entropy_side": 13.395627975463867,
          "hz": 6219.891507268283
        },
        {
          "acoustic_entropy": 13.365071296691895,
          "acoustic_entropy_side": 13.4230318069458,
          "hz": 6832.70888123896
        },
        {
          "acoustic_entropy": 13.471518516540527,
          "acoustic_entropy_side": 13.576920509338379,
          "hz": 7499.796634079867
        },
        {
          "acoustic_entropy": 13.193285942077637,
          "acoustic_entropy_side": 13.437976837158203,
          "hz": 8225.96088609342
        },
        {
          "acoustic_entropy": 13.534079551696777,
          "acoustic_entropy_side": 13.405417442321777,
          "hz": 9016.43338188839
        },
        {
          "acoustic_entropy": 13.48841667175293,
          "acoustic_entropy_side": 13.400124549865723,
          "hz": 9876.909183162974
        },
        {
          "acoustic_entropy": 13.269547462463379,
          "acoustic_entropy_side": 13.318994522094727,
          "hz": 10813.587699516042
        },
        {
          "acoustic_entropy": 13.340720176696777,
          "acoustic_entropy_side": 13.233732223510742,
          "hz": 11833.21735289826
        },
        {
          "acoustic_entropy": 13.56772518157959,
          "acoustic_entropy_side": 13.294129371643066,
          "hz": 12943.144197493959
        },
        {
          "acoustic_entropy": 13.499600410461426,
          "acoustic_entropy_side": 13.338988304138184,
          "hz": 14151.364845322005
        },
        {
          "acoustic_entropy": 13.203354835510254,
          "acoustic_entropy_side": 13.21777057647705,
          "hz": 15466.58407886509
        },
        {
          "acoustic_entropy": 13.007903099060059,
          "acoustic_entropy_side": 13.196290016174316,
          "hz": 16898.27756580493
        },
        {
          "acoustic_entropy": 13.001875877380371,
          "acoustic_entropy_side": 13.303197860717773,
          "hz": 18456.760127700032
        },
        {
          "acoustic_entropy": 13.01523494720459,
          "acoustic_entropy_side": 13.304614067077637,
          "hz": 20153.260054456492
        },
        {
          "acoustic_entropy": 13.215986251831055,
          "acoustic_entropy_side": 13.337308883666992,
          "hz": 22000.00000000001
        }
      ],
      "diff_acoustic_entropy": 11.50804328918457,
      "sn": 12
    },
    {
      "acoustic_entropy": 17.837059020996094,
      "acoustic_entropy_mono": 16.556440353393555,
      "band_eliminated_acoustic_entropies": [
        {
          "acoustic_entropy": 17.41026496887207,
          "acoustic_entropy_side": 17.561582565307617,
          "hz": 129.47220167065723
        },
        {
          "acoustic_entropy": 17.593170166015625,
          "acoustic_entropy_side": 16.885534286499023,
          "hz": 202.92927478742237
        },
        {
          "acoustic_entropy": 19.268339157104492,
          "acoustic_entropy_side": 18.76120948791504,
          "hz": 282.89161906338205
        },
        {
          "acoustic_entropy": 18.229591369628906,
          "acoustic_entropy_side": 17.76022720336914,
          "hz": 369.9353335868758
        },
        {
          "acoustic_entropy": 17.5321102142334,
          "acoustic_entropy_side": 17.811147689819336,
          "hz": 464.6875360973435
        },
        {
          "acoustic_entropy": 18.08568572998047,
          "acoustic_entropy_side": 18.57863426208496,
          "hz": 567.8308811364784
        },
        {
          "acoustic_entropy": 16.15964126586914,
          "acoustic_entropy_side": 17.513517379760742,
          "hz": 680.1084783214808
        },
        {
          "acoustic_entropy": 18.413837432861328,
          "acoustic_entropy_side": 18.588245391845703,
          "hz": 802.3292461747484
        },
        {
          "acoustic_entropy": 17.600875854492188,
          "acoustic_entropy_side": 18.135990142822266,
          "hz": 935.3737400823702
        },
        {
          "acoustic_entropy": 18.267494201660156,
          "acoustic_entropy_side": 18.464372634887695,
          "hz": 1080.2004963696966
        },
        {
          "acoustic_entropy": 18.650009155273438,
          "acoustic_entropy_side": 18.47461700439453,
          "hz": 1237.8529382007157
        },
        {
          "acoustic_entropy": 17.806400299072266,
          "acoustic_entropy_side": 17.65729522705078,
          "hz": 1409.4668930556702
        },
        {
          "acoustic_entropy": 18.24994468688965,
          "acoustic_entropy_side": 18.01337432861328,
          "hz": 1596.2787759475705
        },
        {
          "acoustic_entropy": 17.882652282714844,
          "acoustic_entropy_side": 17.62037467956543,
          "hz": 1799.6344973346393
        },
        {
          "acoustic_entropy": 18.270734786987305,
          "acoustic_entropy_side": 17.84550666809082,
          "hz": 2020.9991599069049
        },
        {
          "acoustic_entropy": 18.27393341064453,
          "acoustic_entropy_side": 18.278976440429688,
          "hz": 2261.9676141086993
        },
        {
          "acoustic_entropy": 17.853487014770508,
          "acoustic_entropy_side": 17.736507415771484,
          "hz": 2524.2759484456974
        },
        {
          "acoustic_entropy": 18.301651000976562,
