{
  "acoustic_entropy": 74.18840789794922,
  "bands": [
    {
      "high_freq": 148.1999969482422,
      "loudness": -39.70828628540039,
      "loudness_range": 12.041816711425781,
      "mid_mean": -36.34342575073242,
      "mid_to_side_loudness": -20.70691680908203,
      "mid_to_side_loudness_range": 13.102754592895508,
      "side_mean": -58.87778854370117
    },
    {
      "high_freq": 392.3793640136719,
      "loudness": -36.59486389160156,
      "loudness_range": 22.05658721923828,
      "low_freq": 148.1999969482422,
      "mid_mean": -33.054229736328125,
      "mid_to_side_loudness": -19.02420997619629,
      "mid_to_side_loudness_range": 11.899811744689941,
      "side_mean": -53.37069320678711
    },
    {
      "high_freq": 794.6976318359375,
      "loudness": -46.06308364868164,
      "loudness_range": 19.73487091064453,
      "low_freq": 392.3793640136719,
      "mid_mean": -42.95256805419922,
      "mid_to_side_loudness": -16.042226791381836,
      "mid_to_side_loudness_range": 13.624446868896484,
      "side_mean": -59.043636322021484
    },
    {
      "high_freq": 1457.5709228515625,
      "loudness": -51.64822769165039,
      "loudness_range": 22.06930160522461,
      "low_freq": 794.6976318359375,
      "mid_mean": -51.52185821533203,
      "mid_to_side_loudness": -15.753283500671387,
      "mid_to_side_loudness_range": 14.173921585083008,
      "side_mean": -63.310821533203125
    },
    {
      "high_freq": 2549.74365234375,
      "loudness": -58.78578567504883,
      "loudness_range": 29.569862365722656,
      "low_freq": 1457.5709228515625,
      "mid_mean": -58.421165466308594,
      "mid_to_side_loudness": -15.931181907653809,
      "mid_to_side_loudness_range": 12.933893203735352,
      "side_mean": -66.83960723876953
    },
    {
      "high_freq": 4349.24462890625,
      "loudness": -67.5051498413086,
      "loudness_range": 27.19776153564453,
      "low_freq": 2549.74365234375,
      "mid_mean": -63.21328353881836,
      "mid_to_side_loudness": -17.76409912109375,
      "mid_to_side_loudness_range": 11.655364990234375,
      "side_mean": -69.23401641845703
    },
    {
      "high_freq": 7314.1640625,
      "loudness": -75.62821960449219,
      "loudness_range": 18.330204010009766,
      "low_freq": 4349.24462890625,
      "mid_mean": -67.09610748291016,
      "mid_to_side_loudness": -19.244434356689453,
      "mid_to_side_loudness_range": 12.031760215759277,
      "side_mean": -69.9272689819336
    },
    {
      "high_freq": 12199.2666015625,
      "loudness": -78.49089050292969,
      "loudness_range": 10.558219909667969,
      "low_freq": 7314.1640625,
      "mid_mean": -68.5724105834961,
      "mid_to_side_loudness": -16.192401885986328,
      "mid_to_side_loudness_range": 9.972443580627441,
      "side_mean": -69.96979522705078
    },
    {
      "loudness": 0,
      "loudness_range": 0,
      "low_freq": 12199.2666015625,
      "mid_mean": -69.2995834350586,
      "mid_to_side_loudness": -6.93989896774292,
      "mid_to_side_loudness_range": 2.1400299072265625,
      "side_mean": -69.85370635986328
    }
  ],
  "bands_short": [
    {
      "high_freq": 148.1999969482422,
      "loudness": -40.69963073730469,
      "loudness_range": 10.391510009765625,
      "mid_mean": -37.7197151184082,
      "mid_to_side_loudness": -21.839757919311523,
      "mid_to_side_loudness_range": 12.118840217590332,
      "side_mean": -60.350181579589844
    },
    {
      "high_freq": 392.3793640136719,
      "loudness": -36.794620513916016,
      "loudness_range": 21.709800720214844,
      "low_freq": 148.1999969482422,
      "mid_mean": -33.396060943603516,
      "mid_to_side_loudness": -18.80031394958496,
      "mid_to_side_loudness_range": 14.393731117248535,
      "side_mean": -53.5356559753418
    },
    {
      "high_freq": 794.6976318359375,
      "loudness": -46.01240921020508,
      "loudness_range": 19.021427154541016,
      "low_freq": 392.3793640136719,
      "mid_mean": -42.60612106323242,
      "mid_to_side_loudness": -15.669425964355469,
      "mid_to_side_loudness_range": 15.34968376159668,
      "side_mean": -58.570133209228516
    },
    {
      "high_freq": 1457.5709228515625,
      "loudness": -51.32438659667969,
      "loudness_range": 22.610946655273438,
      "low_freq": 794.6976318359375,
      "mid_mean": -50.98118209838867,
      "mid_to_side_loudness": -15.594571113586426,
      "mid_to_side_loudness_range": 17.275775909423828,
      "side_mean": -62.99149703979492
    },
    {
      "high_freq": 2549.74365234375,
      "loudness": -59.656593322753906,
      "loudness_range": 28.436851501464844,
      "low_freq": 1457.5709228515625,
      "mid_mean": -59.12459945678711,
      "mid_to_side_loudness": -15.385477066040039,
      "mid_to_side_loudness_range": 15.173742294311523,
      "side_mean": -66.9454574584961
    },
    {
      "high_freq": 4349.24462890625,
      "loudness": -68.2481460571289,
      "loudness_range": 28.012752532958984,
      "low_freq": 2549.74365234375,
      "mid_mean": -63.60877990722656,
      "mid_to_side_loudness": -17.236238479614258,
      "mid_to_side_loudness_range": 13.480299949645996,
      "side_mean": -69.24929809570312
    },
    {
      "high_freq": 7314.1640625,
      "loudness": -76.12580108642578,
      "loudness_range": 19.25018310546875,
      "low_freq": 4349.24462890625,
      "mid_mean": -67.31854248046875,
      "mid_to_side_loudness": -18.703590393066406,
      "mid_to_side_loudness_range": 12.620424270629883,
      "side_mean": -69.927001953125
    },
    {
      "high_freq": 12199.2666015625,
      "loudness": -78.6393814086914,
      "loudness_range": 10.94696044921875,
      "low_freq": 7314.1640625,
      "mid_mean": -68.61174011230469,
      "mid_to_side_loudness": -16.046388626098633,
      "mid_to_side_loudness_range": 10.631597518920898,
      "side_mean": -69.9699935913086
    },
    {
      "loudness": 0,
      "loudness_range": 0,
      "low_freq": 12199.2666015625,
      "mid_mean": -69.29398345947266,
      "mid_to_side_loudness": -6.9840922355651855,
      "mid_to_side_loudness_range": 3.60264253616333,
      "side_mean": -69.85335540771484
    }
  ],
  "bandwidth": 314.2037048339844,
  "channels": 2,
  "covariance": [
    [
      32.743736267089844,
      25.132369995117188,
      19.333572387695312,
      19.10004997253418,
      7.517078876495361,
      8.336549758911133,
      16.766454696655273,
      12.462300300598145,
      15.685591697692871,
      6.991118431091309,
      0.71982342004776,
      0.7447393536567688,
      6.618556976318359,
      0.18634505569934845,
      2.709416627883911,
      -0.018133752048015594,
      0.30699604749679565,
      -0.005547909531742334
    ],
    [
      25.132369995117188,
      45.52961349487305,
      27.162010192871094,
      37.48753356933594,
      17.81110954284668,
      26.805335998535156,
      46.874351501464844,
      24.257762908935547,
      31.53346061706543,
      11.928644180297852,
      11.754561424255371,
      2.2709128856658936,
      10.163637161254883,
      0.2953924536705017,
      4.261303424835205,
      0.008813546970486641,
      0.9552266001701355,
      0.10292021930217743
    ],
    [
      19.333572387695312,
      27.162010192871094,
      59.71089553833008,
      50.92165756225586,
      30.55677604675293,
      25.075124740600586,
      43.80888748168945,
      24.002824783325195,
      47.96519470214844,
      19.9288387298584,
      31.995853424072266,
      6.137517929077148,
      19.95775604248047,
      0.6127852201461792,
      7.481982707977295,
      -0.03177569434046745,
      0.8703951835632324,
      0.0002432593610137701
    ],
    [
      19.10004997253418,
      37.48753356933594,
      50.92165756225586,
      74.35760498046875,
      24.487468719482422,
      35.74955749511719,
      56.09040451049805,
      30.424837112426758,
      52.29701614379883,
      20.52070426940918,
      30.346923828125,
      5.490334510803223,
      18.65896224975586,
      0.5645146369934082,
      7.438784122467041,
      0.013618097640573978,
      1.513023853302002,
      0.15458828210830688
    ],
    [
      7.517078876495361,
      17.81110954284668,
      30.55677604675293,
      24.487468719482422,
      56.10487747192383,
      38.03436279296875,
      39.24361801147461,
      17.01836395263672,
      47.479347229003906,
      19.13191795349121,
      34.2579460144043,
      5.620232105255127,
      14.505414962768555,
      0.4718319773674011,
      5.302567958831787,
      -0.021071424707770348,
      0.6250497102737427,
      -0.0018194997683167458
    ],
    [
      8.336549758911133,
      26.805335998535156,
      25.075124740600586,
      35.74955749511719,
      38.03436279296875,
      48.726078033447266,
      47.460994720458984,
      23.0413875579834,
      49.637428283691406,
      20.032377243041992,
      30.89583969116211,
      5.158015251159668,
      13.451123237609863,
      0.41427189111709595,
      5.438070297241211,
      0.006765848957002163,
      1.0829263925552368,
      0.09862489253282547
    ],
    [
      16.766454696655273,
      46.874351501464844,
      43.80888748168945,
      56.09040451049805,
      39.24361801147461,
      47.460994720458984,
      112.82945251464844,
      49.67581558227539,
      83.93402862548828,
      28.17095184326172,
      44.79059600830078,
      6.422004222869873,
      21.11775779724121,
      0.6092890501022339,
      8.007235527038574,
      0.020068533718585968,
      1.7219821214675903,
      0.1694127917289734
    ],
    [
      12.462300300598145,
      24.257762908935547,
      24.002824783325195,
      30.424837112426758,
      17.01836395263672,
      23.0413875579834,
      49.67581558227539,
      31.27250862121582,
      40.7418212890625,
      16.229555130004883,
      19.404512405395508,
      3.9100162982940674,
      10.740646362304688,
      0.38331836462020874,
      4.095137119293213,
      0.002589708659797907,
      0.7541085481643677,
      0.06029120832681656
    ],
    [
      15.685591697692871,
      31.53346061706543,
      47.96519470214844,
      52.29701614379883,
      47.479347229003906,
      49.637428283691406,
      83.93402862548828,
      40.7418212890625,
      104.9119873046875,
      41.01821517944336,
      59.4460563659668,
      10.093999862670898,
      30.54723358154297,
      0.9679778814315796,
      11.174724578857422,
      -0.017462540417909622,
      1.6683841943740845,
      0.10309284180402756
    ],
    [
      6.991118431091309,
      11.928644180297852,
      19.9288387298584,
      20.52070426940918,
      19.13191795349121,
      20.032377243041992,
      28.17095184326172,
      16.229555130004883,
      41.01821517944336,
      20.801464080810547,
      23.505273818969727,
      4.724400043487549,
      12.963591575622559,
      0.44129496812820435,
      4.891411304473877,
      -0.015975238755345345,
      0.6650885939598083,
      0.027636444196105003
    ],
    [
      0.71982342004776,
      11.754561424255371,
      31.995853424072266,
      30.346923828125,
      34.2579460144043,
      30.89583969116211,
      44.79059600830078,
      19.404512405395508,
      59.4460563659668,
      23.505273818969727,
      51.6822509765625,
      9.379711151123047,
      23.609067916870117,
      0.8299436569213867,
      8.778087615966797,
      -0.015043864026665688,
      1.2229034900665283,
      0.05714821442961693
    ],
    [
      0.7447393536567688,
      2.2709128856658936,
      6.137517929077148,
      5.490334510803223,
      5.620232105255127,
      5.158015251159668,
      6.422004222869873,
      3.9100162982940674,
      10.093999862670898,
      4.724400043487549,
      9.379711151123047,
      3.1015985012054443,
      5.189081192016602,
      0.30452385544776917,
      2.0368287563323975,
      -0.0058494615368545055,
      0.24863465130329132,
      0.004744143225252628
    ],
    [
      6.618556976318359,
      10.163637161254883,
      19.95775604248047,
      18.65896224975586,
      14.505414962768555,
      13.451123237609863,
      21.11775779724121,
      10.740646362304688,
      30.54723358154297,
      12.963591575622559,
      23.609067916870117,
      5.189081192016602,
      14.70494270324707,
      0.5400485992431641,
      5.529096603393555,
      -0.014474532566964626,
      0.699232816696167,
      0.021721448749303818
    ],
    [
      0.18634505569934845,
      0.2953924536705017,
      0.6127852201461792,
      0.5645146369934082,
      0.4718319773674011,
      0.41427189111709595,
      0.6092890501022339,
      0.38331836462020874,
      0.9679778814315796,
      0.44129496812820435,
      0.8299436569213867,
      0.30452385544776917,
      0.5400485992431641,
      0.038458798080682755,
      0.2059200555086136,
      -0.0004916367470286787,
      0.023326274007558823,
      0.0005116329994052649
    ],
    [
      2.709416627883911,
      4.261303424835205,
      7.481982707977295,
      7.438784122467041,
      5.302567958831787,
      5.438070297241211,
      8.007235527038574,
      4.095137119293213,
      11.174724578857422,
      4.891411304473877,
      8.778087615966797,
      2.0368287563323975,
      5.529096603393555,
      0.2059200555086136,
      2.2355470657348633,
      -0.004371592774987221,
      0.2994367182254791,
      0.011029533110558987
    ],
    [
      -0.018133752048015594,
      0.008813546970486641,
      -0.03177569434046745,
      0.013618097640573978,
      -0.021071424707770348,
      0.006765848957002163,
      0.020068533718585968,
      0.002589708659797907,
      -0.017462540417909622,
      -0.015975238755345345,
      -0.015043864026665688,
      -0.0058494615368545055,
      -0.014474532566964626,
      -0.0004916367470286787,
      -0.004371592774987221,
      0.00016281656280625612,
      0.000557784631382674,
      0.00030937063274905086
    ],
    [
      0.30699604749679565,
      0.9552266001701355,
      0.8703951835632324,
      1.513023853302002,
      0.6250497102737427,
      1.0829263925552368,
      1.7219821214675903,
      0.7541085481643677,
      1.6683841943740845,
      0.6650885939598083,
      1.2229034900665283,
      0.24863465130329132,
      0.699232816696167,
      0.023326274007558823,
      0.2994367182254791,
      0.000557784631382674,
      0.06502699851989746,
      0.0064066071063280106
    ],
    [
      -0.005547909531742334,
      0.10292021930217743,
      0.0002432593610137701,
      0.15458828210830688,
      -0.0018194997683167458,
      0.09862489253282547,
      0.1694127917289734,
      0.06029120832681656,
      0.10309284180402756,
      0.027636444196105003,
      0.05714821442961693,
      0.004744143225252628,
      0.021721448749303818,
      0.0005116329994052649,
      0.011029533110558987,
      0.00030937063274905086,
      0.0064066071063280106,
      0.0015671889996156096
    ]
  ],
  "covariance_short": [
    [
      47.78822708129883,
      27.987607955932617,
      21.822917938232422,
      23.736074447631836,
      6.761020183563232,
      7.904591083526611,
      16.43498992919922,
      14.31234359741211,
      14.951272964477539,
      7.060146808624268,
      -1.6729899644851685,
      0.5991690158843994,
      6.173954010009766,
      0.20064450800418854,
      2.6514079570770264,
      -0.016818003728985786,
      0.3047347962856293,
      -0.007137320004403591
    ],
    [
      27.987607955932617,
      36.1431770324707,
      28.205900192260742,
      37.93644714355469,
      9.80268669128418,
      18.328105926513672,
      38.85463333129883,
      21.473466873168945,
      26.421281814575195,
      10.052728652954102,
      9.938333511352539,
      1.9649194478988647,
      8.32091999053955,
      0.26201432943344116,
      3.594961643218994,
      0.0071796029806137085,
      0.8413507342338562,
      0.08802884072065353
    ],
    [
      21.822917938232422,
      28.205900192260742,
      63.93751525878906,
      49.14274978637695,
      23.032859802246094,
      15.943411827087402,
      46.36568832397461,
      26.98904800415039,
      45.60239028930664,
      19.041521072387695,
      30.64586067199707,
      5.750173568725586,
      18.5472469329834,
      0.5838536620140076,
      7.256292343139648,
      -0.03376378118991852,
      0.8873323798179626,
      -0.006109938025474548
    ],
    [
      23.736074447631836,
      37.93644714355469,
      49.14274978637695,
      73.91486358642578,
      18.30529022216797,
      30.480262756347656,
      58.89609146118164,
      33.70585632324219,
      47.804805755615234,
      19.43424415588379,
      27.209705352783203,
      5.1107258796691895,
      16.383955001831055,
      0.5485910773277283,
      6.852954864501953,
      0.013052394613623619,
      1.49467933177948,
      0.15203121304512024
    ],
    [
      6.761020183563232,
      9.80268669128418,
      23.032859802246094,
      18.30529022216797,
      48.054954528808594,
      27.86976432800293,
      30.462383270263672,
      12.511228561401367,
      37.55149841308594,
      15.149428367614746,
      26.939199447631836,
      4.597879409790039,
      11.022920608520508,
      0.39975404739379883,
      3.913067102432251,
      -0.024687834084033966,
      0.532562255859375,
      -0.005007164552807808
    ],
    [
      7.904591083526611,
      18.328105926513672,
      15.943411827087402,
      30.480262756347656,
      27.86976432800293,
      43.15900802612305,
      38.836421966552734,
      19.03089141845703,
      38.19187927246094,
      15.891929626464844,
      23.525632858276367,
      4.248570919036865,
      9.721569061279297,
      0.3452480435371399,
      3.983614683151245,
      0.0034050061367452145,
      0.9982907772064209,
      0.10164225846529007
    ],
    [
      16.43498992919922,
      38.85463333129883,
      46.36568832397461,
      58.89609146118164,
      30.462383270263672,
      38.836421966552734,
      110.84590148925781,
      48.4625244140625,
      78.61404418945312,
      26.356000900268555,
      44.88431167602539,
      6.257804870605469,
      19.53623390197754,
      0.5828866958618164,
      8.004197120666504,
      0.022127443924546242,
      1.790250301361084,
      0.1731812208890915
    ],
    [
      14.31234359741211,
      21.473466873168945,
      26.98904800415039,
      33.70585632324219,
      12.511228561401367,
      19.03089141845703,
      48.4625244140625,
      36.476295471191406,
      41.73545837402344,
      17.208606719970703,
      22.342432022094727,
      4.261403560638428,
      11.30792236328125,
      0.4196878969669342,
      4.6727681159973145,
      0.007568604778498411,
      0.8506417274475098,
      0.0632801279425621
    ],
    [
      14.951272964477539,
      26.421281814575195,
      45.60239028930664,
      47.804805755615234,
      37.55149841308594,
      38.19187927246094,
      78.61404418945312,
      41.73545837402344,
      98.2822036743164,
      36.91852951049805,
      56.08397674560547,
      9.504293441772461,
      27.84189796447754,
      0.9222277402877808,
      10.54213809967041,
      -0.0189223513007164,
      1.6625553369522095,
      0.09205465763807297
    ],
    [
      7.060146808624268,
      10.052728652954102,
      19.041521072387695,
      19.43424415588379,
      15.149428367614746,
      15.891929626464844,
      26.356000900268555,
      17.208606719970703,
      36.91852951049805,
      20.193464279174805,
      22.18475341796875,
      4.494764804840088,
      11.423745155334473,
      0.4340021014213562,
      4.371703147888184,
      -0.015396730974316597,
      0.6480317115783691,
      0.02768084593117237
    ],
    [
      -1.6729899644851685,
      9.938333511352539,
      30.64586067199707,
      27.209705352783203,
      26.939199447631836,
      23.525632858276367,
      44.88431167602539,
      22.342432022094727,
      56.08397674560547,
      22.18475341796875,
      50.91453170776367,
      8.867640495300293,
      22.320680618286133,
      0.7915100455284119,
      8.631722450256348,
      -0.016027508303523064,
      1.2536455392837524,
      0.05076046288013458
    ],
    [
      0.5991690158843994,
      1.9649194478988647,
      5.750173568725586,
      5.1107258796691895,
      4.597879409790039,
      4.248570919036865,
      6.257804870605469,
      4.261403560638428,
      9.504293441772461,
      4.494764804840088,
      8.867640495300293,
      3.0962424278259277,
      4.723840713500977,
      0.29861393570899963,
      1.8933881521224976,
      -0.005457570776343346,
      0.24338561296463013,
      0.004638617392629385
    ],
    [
      6.173954010009766,
      8.32091999053955,
      18.5472469329834,
      16.383955001831055,
      11.022920608520508,
      9.721569061279297,
      19.53623390197754,
      11.30792236328125,
      27.84189796447754,
      11.423745155334473,
      22.320680618286133,
      4.723840713500977,
      14.20018482208252,
      0.4749390780925751,
      5.442383766174316,
      -0.014736909419298172,
      0.7350423336029053,
      0.015815719962120056
    ],
    [
      0.20064450800418854,
      0.26201432943344116,
      0.5838536620140076,
      0.5485910773277283,
      0.39975404739379883,
      0.3452480435371399,
      0.5828866958618164,
      0.4196878969669342,
      0.9222277402877808,
      0.4340021014213562,
      0.7915100455284119,
      0.29861393570899963,
      0.4749390780925751,
      0.04503994435071945,
      0.18345028162002563,
      -0.0004544608236756176,
      0.021185923367738724,
      0.000630265916697681
    ],
    [
      2.6514079570770264,
      3.594961643218994,
      7.256292343139648,
      6.852954864501953,
      3.913067102432251,
      3.983614683151245,
      8.004197120666504,
      4.6727681159973145,
      10.54213809967041,
      4.371703147888184,
      8.631722450256348,
      1.8933881521224976,
      5.442383766174316,
      0.18345028162002563,
      2.362598180770874,
      -0.00455131521448493,
      0.3300180435180664,
      0.009324773214757442
    ],
    [
      -0.016818003728985786,
      0.0071796029806137085,
      -0.03376378118991852,
      0.013052394613623619,
      -0.024687834084033966,
      0.0034050061367452145,
      0.022127443924546242,
      0.007568604778498411,
      -0.0189223513007164,
      -0.015396730974316597,
      -0.016027508303523064,
      -0.005457570776343346,
      -0.014736909419298172,
      -0.0004544608236756176,
      -0.00455131521448493,
      0.0001796318538254127,
      0.0005037903320044279,
      0.0003130864060949534
    ],
    [
      0.3047347962856293,
      0.8413507342338562,
      0.8873323798179626,
      1.49467933177948,
      0.532562255859375,
      0.9982907772064209,
      1.790250301361084,
      0.8506417274475098,
      1.6625553369522095,
      0.6480317115783691,
      1.2536455392837524,
      0.24338561296463013,
      0.7350423336029053,
      0.021185923367738724,
      0.3300180435180664,
      0.0005037903320044279,
      0.077101930975914,
      0.006285705137997866
    ],
    [
      -0.007137320004403591,
      0.08802884072065353,
      -0.006109938025474548,
      0.15203121304512024,
      -0.005007164552807808,
      0.10164225846529007,
      0.1731812208890915,
      0.0632801279425621,
      0.09205465763807297,
      0.02768084593117237,
      0.05076046288013458,
      0.004638617392629385,
      0.015815719962120056,
      0.000630265916697681,
      0.009324773214757442,
      0.0003130864060949534,
      0.006285705137997866,
      0.0022186629939824343
    ]
  ],
  "damage": -18.543893814086914,
  "diff_bandwidth": 353.0340881347656,
  "dissonance": 3.3317494225615967,
  "drr": 10.85293960571289,
  "dynamics": 5.2033538818359375,
  "format": 1245190,
  "frames": 2441152,
  "loudness": -29.56857681274414,
  "loudness_range": 17.127925872802734,
  "loudness_range_short": 17.564861297607422,
  "lowpass_true_peak_15khz": -10.469123840332031,
  "mastering3_acoustic_entropies": [
    {
      "acoustic_entropy": 7.844799518585205,
      "acoustic_entropy_mono": 7.975929260253906,
      "band_eliminated_acoustic_entropies": [
        {
          "acoustic_entropy": 8.094298362731934,
          "acoustic_entropy_side": 7.844732761383057,
          "hz": 129.47220167065723
        },
        {
          "acoustic_entropy": 6.922492504119873,
          "acoustic_entropy_side": 7.836850643157959,
          "hz": 202.92927478742237
        },
        {
          "acoustic_entropy": 8.028032302856445,
          "acoustic_entropy_side": 7.950186252593994,
          "hz": 282.89161906338205
        },
        {
          "acoustic_entropy": 6.761813163757324,
          "acoustic_entropy_side": 7.962705135345459,
          "hz": 369.9353335868758
        },
        {
          "acoustic_entropy": 7.848282337188721,
          "acoustic_entropy_side": 7.850715160369873,
          "hz": 464.6875360973435
        },
        {
          "acoustic_entropy": 7.093812465667725,
          "acoustic_entropy_side": 7.843365669250488,
          "hz": 567.8308811364784
        },
        {
          "acoustic_entropy": 7.653209686279297,
          "acoustic_entropy_side": 7.846826553344727,
          "hz": 680.1084783214808
        },
        {
          "acoustic_entropy": 7.210209846496582,
          "acoustic_entropy_side": 7.840753555297852,
          "hz": 802.3292461747484
        },
        {
          "acoustic_entropy": 6.894944190979004,
          "acoustic_entropy_side": 7.841305732727051,
          "hz": 935.3737400823702
        },
        {
          "acoustic_entropy": 7.765148162841797,
          "acoustic_entropy_side": 7.846018314361572,
          "hz": 1080.2004963696966
        },
        {
          "acoustic_entropy": 7.454407691955566,
          "acoustic_entropy_side": 7.844915390014648,
          "hz": 1237.8529382007157
        },
        {
          "acoustic_entropy": 7.89547061920166,
          "acoustic_entropy_side": 7.845183372497559,
          "hz": 1409.4668930556702
        },
        {
          "acoustic_entropy": 7.581591606140137,
          "acoustic_entropy_side": 7.846698760986328,
          "hz": 1596.2787759475705
        },
        {
          "acoustic_entropy": 7.4543657302856445,
          "acoustic_entropy_side": 7.84497594833374,
          "hz": 1799.6344973346393
        },
        {
          "acoustic_entropy": 7.8257575035095215,
          "acoustic_entropy_side": 7.844782829284668,
          "hz": 2020.9991599069049
        },
        {
          "acoustic_entropy": 7.890938758850098,
          "acoustic_entropy_side": 7.8449602127075195,
          "hz": 2261.9676141086993
        },
        {
          "acoustic_entropy": 7.995457172393799,
          "acoustic_entropy_side": 7.84490442276001,
          "hz": 2524.2759484456974
        },
        {
          "acoustic_entropy": 7.852792263031006,
          "acoustic_entropy_side": 7.844804286956787,
          "hz": 2809.813997359896
        },
        {
          "acoustic_entropy": 7.833570957183838,
          "acoustic_entropy_side": 7.844799041748047,
          "hz": 3120.6389567871424
        },
        {
          "acoustic_entropy": 7.797130584716797,
          "acoustic_entropy_side": 7.844820499420166,
          "hz": 3458.990205492291
        },
        {
          "acoustic_entropy": 7.847623348236084,
          "acoustic_entropy_side": 7.84480094909668,
          "hz": 3827.305438964164
        },
        {
          "acoustic_entropy": 7.842634677886963,
          "acoustic_entropy_side": 7.844799041748047,
          "hz": 4228.238232109126
        },
        {
          "acoustic_entropy": 7.843818664550781,
          "acoustic_entropy_side": 7.844799518585205,
          "hz": 4664.6771572759235
        },
        {
          "acoustic_entropy": 7.844539165496826,
          "acoustic_entropy_side": 7.844799518585205,
          "hz": 5139.766595350093
        },
        {
          "acoustic_entropy": 7.844217300415039,
          "acoustic_entropy_side": 7.844799518585205,
          "hz": 5656.929389854203
        },
        {
          "acoustic_entropy": 7.844515323638916,
          "acoustic_entropy_side": 7.844799518585205,
          "hz": 6219.891507268283
        },
        {
          "acoustic_entropy": 7.844698429107666,
          "acoustic_entropy_side": 7.844799518585205,
          "hz": 6832.70888123896
        },
        {
          "acoustic_entropy": 7.844738960266113,
          "acoustic_entropy_side": 7.844799518585205,
          "hz": 7499.796634079867
        },
        {
          "acoustic_entropy": 7.844797134399414,
          "acoustic_entropy_side": 7.844799518585205,
          "hz": 8225.96088609342
        },
        {
          "acoustic_entropy": 7.844798564910889,
          "acoustic_entropy_side": 7.844799518585205,
          "hz": 9016.43338188839
        },
        {
          "acoustic_entropy": 7.844786643981934,
          "acoustic_entropy_side": 7.844799518585205,
          "hz": 9876.909183162974
        },
        {
          "acoustic_entropy": 7.844803333282471,
          "acoustic_entropy_side": 7.844799518585205,
          "hz": 10813.587699516042
        },
        {
          "acoustic_entropy": 7.844797611236572,
          "acoustic_entropy_side": 7.844799518585205,
          "hz": 11833.21735289826
        },
        {
          "acoustic_entropy": 7.844799041748047,
          "acoustic_entropy_side": 7.844799518585205,
          "hz": 12943.144197493959
        },
        {
          "acoustic_entropy": 7.844799518585205,
          "acoustic_entropy_side": 7.844799518585205,
          "hz": 14151.364845322005
        },
        {
          "acoustic_entropy": 7.844799518585205,
          "acoustic_entropy_side": 7.844799518585205,
          "hz": 15466.58407886509
        },
        {
          "acoustic_entropy": 7.844799518585205,
          "acoustic_entropy_side": 7.844799518585205,
          "hz": 16898.27756580493
        },
        {
          "acoustic_entropy": 7.844799518585205,
          "acoustic_entropy_side": 7.844799518585205,
          "hz": 18456.760127700032
        },
        {
          "acoustic_entropy": 7.844799518585205,
          "acoustic_entropy_side": 7.844799518585205,
          "hz": 20153.260054456492
        },
        {
          "acoustic_entropy": 7.844799518585205,
          "acoustic_entropy_side": 7.844799518585205,
          "hz": 22000.00000000001
        }
      ],
      "diff_acoustic_entropy": 2.310833692550659,
      "sn": 6
    },
    {
      "acoustic_entropy": 11.085712432861328,
      "acoustic_entropy_mono": 10.639029502868652,
      "band_eliminated_acoustic_entropies": [
        {
          "acoustic_entropy": 11.327994346618652,
          "acoustic_entropy_side": 11.087045669555664,
          "hz": 129.47220167065723
        },
        {
          "acoustic_entropy": 11.251723289489746,
          "acoustic_entropy_side": 11.055208206176758,
          "hz": 202.92927478742237
        },
        {
          "acoustic_entropy": 11.011445045471191,
          "acoustic_entropy_side": 11.097382545471191,
          "hz": 282.89161906338205
        },
        {
          "acoustic_entropy": 10.279022216796875,
          "acoustic_entropy_side": 10.873452186584473,
          "hz": 369.9353335868758
        },
        {
          "acoustic_entropy": 11.89099407196045,
          "acoustic_entropy_side": 11.38329792022705,
          "hz": 464.6875360973435
        },
        {
          "acoustic_entropy": 10.47313117980957,
          "acoustic_entropy_side": 10.858692169189453,
          "hz": 567.8308811364784
        },
        {
          "acoustic_entropy": 11.352082252502441,
          "acoustic_entropy_side": 11.117265701293945,
          "hz": 680.1084783214808
        },
        {
          "acoustic_entropy": 11.926682472229004,
          "acoustic_entropy_side": 11.077492713928223,
          "hz": 802.3292461747484
        },
        {
          "acoustic_entropy": 10.92038631439209,
          "acoustic_entropy_side": 10.853865623474121,
          "hz": 935.3737400823702
        },
        {
          "acoustic_entropy": 11.089001655578613,
          "acoustic_entropy_side": 11.079303741455078,
          "hz": 1080.2004963696966
        },
        {
          "acoustic_entropy": 11.074886322021484,
          "acoustic_entropy_side": 11.020570755004883,
          "hz": 1237.8529382007157
        },
        {
          "acoustic_entropy": 11.185659408569336,
          "acoustic_entropy_side": 11.09255313873291,
          "hz": 1409.4668930556702
        },
        {
          "acoustic_entropy": 11.008800506591797,
          "acoustic_entropy_side": 11.103979110717773,
          "hz": 1596.2787759475705
        },
        {
          "acoustic_entropy": 11.275655746459961,
          "acoustic_entropy_side": 11.080282211303711,
          "hz": 1799.6344973346393
        },
        {
          "acoustic_entropy": 11.025579452514648,
          "acoustic_entropy_side": 11.085411071777344,
          "hz": 2020.9991599069049
        },
        {
          "acoustic_entropy": 11.205901145935059,
          "acoustic_entropy_side": 11.088292121887207,
          "hz": 2261.9676141086993
        },
        {
          "acoustic_entropy": 11.148664474487305,
          "acoustic_entropy_side": 11.084644317626953,
          "hz": 2524.2759484456974
        },
        {
          "acoustic_entropy": 11.003414154052734,
          "acoustic_entropy_side": 11.08568286895752,
          "hz": 2809.813997359896
        },
        {
          "acoustic_entropy": 10.794937133789062,
          "acoustic_entropy_side": 11.085463523864746,
          "hz": 3120.6389567871424
        },
        {
          "acoustic_entropy": 11.348732948303223,
          "acoustic_entropy_side": 11.084111213684082,
          "hz": 3458.990205492291
        },
        {
          "acoustic_entropy": 11.107010841369629,
          "acoustic_entropy_side": 11.085601806640625,
          "hz": 3827.305438964164
        },
        {
          "acoustic_entropy": 10.978246688842773,
          "acoustic_entropy_side": 11.085691452026367,
          "hz": 4228.238232109126
        },
        {
          "acoustic_entropy": 11.04931354522705,
          "acoustic_entropy_side": 11.085709571838379,
          "hz": 4664.6771572759235
        },
        {
          "acoustic_entropy": 11.064718246459961,
          "acoustic_entropy_side": 11.085714340209961,
          "hz": 5139.766595350093
        },
        {
          "acoustic_entropy": 11.025111198425293,
          "acoustic_entropy_side": 11.085711479187012,
          "hz": 5656.929389854203
        },
        {
          "acoustic_entropy": 11.052045822143555,
          "acoustic_entropy_side": 11.085713386535645,
          "hz": 6219.891507268283
        },
        {
          "acoustic_entropy": 11.077654838562012,
          "acoustic_entropy_side": 11.085712432861328,
          "hz": 6832.70888123896
        },
        {
          "acoustic_entropy": 11.082972526550293,
          "acoustic_entropy_side": 11.085712432861328,
          "hz": 7499.796634079867
        },
        {
          "acoustic_entropy": 11.085243225097656,
          "acoustic_entropy_side": 11.085712432861328,
          "hz": 8225.96088609342
        },
        {
          "acoustic_entropy": 11.085394859313965,
          "acoustic_entropy_side": 11.085712432861328,
          "hz": 9016.43338188839
        },
        {
          "acoustic_entropy": 11.08517837524414,
          "acoustic_entropy_side": 11.085712432861328,
          "hz": 9876.909183162974
        },
        {
          "acoustic_entropy": 11.085619926452637,
          "acoustic_entropy_side": 11.085712432861328,
          "hz": 10813.587699516042
        },
        {
          "acoustic_entropy": 11.08553695678711,
          "acoustic_entropy_side": 11.085712432861328,
          "hz": 11833.21735289826
        },
        {
          "acoustic_entropy": 11.085681915283203,
          "acoustic_entropy_side": 11.085712432861328,
          "hz": 12943.144197493959
        },
        {
          "acoustic_entropy": 11.085710525512695,
          "acoustic_entropy_side": 11.085712432861328,
          "hz": 14151.364845322005
        },
        {
          "acoustic_entropy": 11.085714340209961,
          "acoustic_entropy_side": 11.085712432861328,
          "hz": 15466.58407886509
        },
        {
          "acoustic_entropy": 11.085714340209961,
          "acoustic_entropy_side": 11.085712432861328,
          "hz": 16898.27756580493
        },
        {
          "acoustic_entropy": 11.085714340209961,
          "acoustic_entropy_side": 11.085712432861328,
          "hz": 18456.760127700032
        },
        {
          "acoustic_entropy": 11.085714340209961,
          "acoustic_entropy_side": 11.085712432861328,
          "hz": 20153.260054456492
        },
        {
          "acoustic_entropy": 11.085712432861328,
          "acoustic_entropy_side": 11.085712432861328,
          "hz": 22000.00000000001
        }
      ],
      "diff_acoustic_entropy": 3.7135744094848633,
      "sn": 12
    },
    {
      "acoustic_entropy": 17.186309814453125,
      "acoustic_entropy_mono": 16.616493225097656,
      "band_eliminated_acoustic_entropies": [
        {
          "acoustic_entropy": 17.152713775634766,
          "acoustic_entropy_side": 17.192174911499023,
          "hz": 129.47220167065723
        },
        {
          "acoustic_entropy": 17.246389389038086,
          "acoustic_entropy_side": 17.200300216674805,
          "hz": 202.92927478742237
        },
        {
          "acoustic_entropy": 16.9567813873291,
          "acoustic_entropy_side": 16.835758209228516,
          "hz": 282.89161906338205
        },
        {
          "acoustic_entropy": 16.316181182861328,
          "acoustic_entropy_side": 15.967084884643555,
          "hz": 369.9353335868758
        },
        {
          "acoustic_entropy": 17.208311080932617,
          "acoustic_entropy_side": 16.924625396728516,
          "hz": 464.6875360973435
        },
        {
          "acoustic_entropy": 16.969728469848633,
          "acoustic_entropy_side": 16.862089157104492,
          "hz": 567.8308811364784
        },
        {
          "acoustic_entropy": 17.270795822143555,
          "acoustic_entropy_side": 16.881990432739258,
          "hz": 680.1084783214808
        },
        {
          "acoustic_entropy": 17.231433868408203,
          "acoustic_entropy_side": 16.985063552856445,
          "hz": 802.3292461747484
        },
        {
          "acoustic_entropy": 17.353139877319336,
          "acoustic_entropy_side": 17.102245330810547,
          "hz": 935.3737400823702
        },
        {
          "acoustic_entropy": 17.36945915222168,
          "acoustic_entropy_side": 17.434602737426758,
          "hz": 1080.2004963696966
        },
        {
          "acoustic_entropy": 16.126535415649414,
          "acoustic_entropy_side": 17.36996841430664,
          "hz": 1237.8529382007157
        },
        {
          "acoustic_entropy": 17.637447357177734,
          "acoustic_entropy_side": 17.131006240844727,
          "hz": 1409.4668930556702
        },
        {
          "acoustic_entropy": 17.38161277770996,
          "acoustic_entropy_side": 17.187122344970703,
          "hz": 1596.2787759475705
        },
        {
          "acoustic_entropy": 16.32585906982422,
          "acoustic_entropy_side": 17.042917251586914,
          "hz": 1799.6344973346393
        },
        {
          "acoustic_entropy": 17.44594955444336,
          "acoustic_entropy_side": 17.21860694885254,
          "hz": 2020.9991599069049
        },
        {
          "acoustic_entropy": 17.311229705810547,
          "acoustic_entropy_side": 17.136756896972656,
          "hz": 2261.9676141086993
        },
        {
