{
  "acoustic_entropy": 222.76719665527344,
  "bands": [
    {
      "high_freq": 148.1999969482422,
      "loudness": -17.85493278503418,
      "loudness_range": 5.408054351806641,
      "mid_mean": -14.040135383605957,
      "mid_to_side_loudness": -19.760515213012695,
      "mid_to_side_loudness_range": 25.81694221496582,
      "side_mean": -35.680240631103516
    },
    {
      "high_freq": 392.3793640136719,
      "loudness": -20.45313835144043,
      "loudness_range": 7.82588005065918,
      "low_freq": 148.1999969482422,
      "mid_mean": -17.49739646911621,
      "mid_to_side_loudness": -8.729724884033203,
      "mid_to_side_loudness_range": 12.908122062683105,
      "side_mean": -26.508153915405273
    },
    {
      "high_freq": 794.6976318359375,
      "loudness": -18.131362915039062,
      "loudness_range": 10.643634796142578,
      "low_freq": 392.3793640136719,
      "mid_mean": -15.434066772460938,
      "mid_to_side_loudness": -6.833544731140137,
      "mid_to_side_loudness_range": 9.364049911499023,
      "side_mean": -22.368751525878906
    },
    {
      "high_freq": 1457.5709228515625,
      "loudness": -20.396276473999023,
      "loudness_range": 12.383488655090332,
      "low_freq": 794.6976318359375,
      "mid_mean": -18.021074295043945,
      "mid_to_side_loudness": -5.378655433654785,
      "mid_to_side_loudness_range": 11.443964004516602,
      "side_mean": -23.62067413330078
    },
    {
      "high_freq": 2549.74365234375,
      "loudness": -20.856491088867188,
      "loudness_range": 10.563743591308594,
      "low_freq": 1457.5709228515625,
      "mid_mean": -18.561447143554688,
      "mid_to_side_loudness": -4.974515914916992,
      "mid_to_side_loudness_range": 10.848346710205078,
      "side_mean": -23.820802688598633
    },
    {
      "high_freq": 4349.24462890625,
      "loudness": -24.432044982910156,
      "loudness_range": 12.428863525390625,
      "low_freq": 2549.74365234375,
      "mid_mean": -21.65978240966797,
      "mid_to_side_loudness": -6.978091239929199,
      "mid_to_side_loudness_range": 12.003021240234375,
      "side_mean": -29.212533950805664
    },
    {
      "high_freq": 7314.1640625,
      "loudness": -28.448894500732422,
      "loudness_range": 12.393766403198242,
      "low_freq": 4349.24462890625,
      "mid_mean": -25.82058334350586,
      "mid_to_side_loudness": -6.154093265533447,
      "mid_to_side_loudness_range": 12.718449592590332,
      "side_mean": -32.947509765625
    },
    {
      "high_freq": 12199.2666015625,
      "loudness": -32.56080627441406,
      "loudness_range": 15.244617462158203,
      "low_freq": 7314.1640625,
      "mid_mean": -30.106197357177734,
      "mid_to_side_loudness": -5.53855562210083,
      "mid_to_side_loudness_range": 12.487427711486816,
      "side_mean": -36.46621322631836
    },
    {
      "loudness": -41.10423278808594,
      "loudness_range": 8.78311538696289,
      "low_freq": 12199.2666015625,
      "mid_mean": -38.94975662231445,
      "mid_to_side_loudness": -4.41015625,
      "mid_to_side_loudness_range": 7.207995414733887,
      "side_mean": -43.45552062988281
    }
  ],
  "bands_short": [
    {
      "high_freq": 148.1999969482422,
      "loudness": -20.198020935058594,
      "loudness_range": 10.678266525268555,
      "mid_mean": -16.54900360107422,
      "mid_to_side_loudness": -22.297170639038086,
      "mid_to_side_loudness_range": 31.247772216796875,
      "side_mean": -41.922210693359375
    },
    {
      "high_freq": 392.3793640136719,
      "loudness": -19.186378479003906,
      "loudness_range": 10.712320327758789,
      "low_freq": 148.1999969482422,
      "mid_mean": -16.126916885375977,
      "mid_to_side_loudness": -10.233938217163086,
      "mid_to_side_loudness_range": 16.155391693115234,
      "side_mean": -26.69118309020996
    },
    {
      "high_freq": 794.6976318359375,
      "loudness": -19.321760177612305,
      "loudness_range": 13.784463882446289,
      "low_freq": 392.3793640136719,
      "mid_mean": -16.740127563476562,
      "mid_to_side_loudness": -6.882862567901611,
      "mid_to_side_loudness_range": 12.401286125183105,
      "side_mean": -23.728670120239258
    },
    {
      "high_freq": 1457.5709228515625,
      "loudness": -20.198848724365234,
      "loudness_range": 14.015571594238281,
      "low_freq": 794.6976318359375,
      "mid_mean": -18.02652359008789,
      "mid_to_side_loudness": -4.999390602111816,
      "mid_to_side_loudness_range": 12.710590362548828,
      "side_mean": -23.226741790771484
    },
    {
      "high_freq": 2549.74365234375,
      "loudness": -21.659915924072266,
      "loudness_range": 13.766321182250977,
      "low_freq": 1457.5709228515625,
      "mid_mean": -19.55959129333496,
      "mid_to_side_loudness": -4.740407466888428,
      "mid_to_side_loudness_range": 13.617599487304688,
      "side_mean": -24.587419509887695
    },
    {
      "high_freq": 4349.24462890625,
      "loudness": -25.325185775756836,
      "loudness_range": 16.0373592376709,
      "low_freq": 2549.74365234375,
      "mid_mean": -22.640918731689453,
      "mid_to_side_loudness": -6.849401950836182,
      "mid_to_side_loudness_range": 14.233827590942383,
      "side_mean": -30.115047454833984
    },
    {
      "high_freq": 7314.1640625,
      "loudness": -30.245031356811523,
      "loudness_range": 17.185880661010742,
      "low_freq": 4349.24462890625,
      "mid_mean": -27.746871948242188,
      "mid_to_side_loudness": -5.9618916511535645,
      "mid_to_side_loudness_range": 13.965680122375488,
      "side_mean": -35.30487823486328
    },
    {
      "high_freq": 12199.2666015625,
      "loudness": -35.185787200927734,
      "loudness_range": 22.013818740844727,
      "low_freq": 7314.1640625,
      "mid_mean": -33.077293395996094,
      "mid_to_side_loudness": -5.106202125549316,
      "mid_to_side_loudness_range": 14.122797966003418,
      "side_mean": -40.117652893066406
    },
    {
      "loudness": -47.25618362426758,
      "loudness_range": 27.90575408935547,
      "low_freq": 12199.2666015625,
      "mid_mean": -46.646175384521484,
      "mid_to_side_loudness": -6.150944232940674,
      "mid_to_side_loudness_range": 12.742053985595703,
      "side_mean": -52.885948181152344
    }
  ],
  "bandwidth": 634.21728515625,
  "channels": 2,
  "covariance": [
    [
      13.224230766296387,
      -0.03421005979180336,
      3.629380702972412,
      -0.5839473009109497,
      1.088965892791748,
      -0.3946651816368103,
      2.146085023880005,
      -1.1250495910644531,
      3.038059711456299,
      0.8534018993377686,
      1.638972282409668,
      0.4427119791507721,
      0.4098816215991974,
      1.6352611780166626,
      0.19686123728752136,
      -1.001366376876831,
      0.6567334532737732,
      2.008449077606201
    ],
    [
      -0.03421005979180336,
      20.699350357055664,
      3.029653787612915,
      5.737837791442871,
      0.9116877913475037,
      1.7733371257781982,
      1.4157462120056152,
      3.839420795440674,
      -0.5877078771591187,
      1.9264252185821533,
      0.468227356672287,
      2.2167887687683105,
      -1.3274142742156982,
      -0.7600197196006775,
      -2.986246109008789,
      -2.5278382301330566,
      -3.224682569503784,
      -3.253204345703125
    ],
    [
      3.629380702972412,
      3.029653787612915,
      14.480284690856934,
      2.411670684814453,
      4.654372692108154,
      3.048013210296631,
      4.099704265594482,
      2.811509370803833,
      3.7623367309570312,
      3.6151387691497803,
      4.67366361618042,
      4.742930889129639,
      3.055678606033325,
      4.676756381988525,
      1.3705806732177734,
      1.168423056602478,
      1.3280750513076782,
      2.838733673095703
    ],
    [
      -0.5839473009109497,
      5.737837791442871,
      2.411670684814453,
      9.562188148498535,
      -1.3409441709518433,
      1.14569091796875,
      0.19571523368358612,
      3.295867443084717,
      -1.6373298168182373,
      2.1891801357269287,
      -2.528322458267212,
      1.8598198890686035,
      -1.3684719800949097,
      1.2302175760269165,
      -1.4056358337402344,
      0.86561119556427,
      -0.6367138624191284,
      -0.27428123354911804
    ],
    [
      1.088965892791748,
      0.9116877913475037,
      4.654372692108154,
      -1.3409441709518433,
      21.6983699798584,
      13.503362655639648,
      16.617473602294922,
      9.160501480102539,
      13.970869064331055,
      9.986551284790039,
      12.623745918273926,
      10.467011451721191,
      4.7753520011901855,
      4.907567501068115,
      5.72294282913208,
      3.9517734050750732,
      2.2121448516845703,
      4.154037952423096
    ],
    [
      -0.3946651816368103,
      1.7733371257781982,
      3.048013210296631,
      1.14569091796875,
      13.503362655639648,
      16.919511795043945,
      12.151378631591797,
      11.972320556640625,
      9.063966751098633,
      11.617523193359375,
      6.242434501647949,
      10.32068920135498,
      1.7387477159500122,
      4.394647598266602,
      2.89363431930542,
      4.299703121185303,
      1.6530355215072632,
      3.2249481678009033
    ],
    [
      2.146085023880005,
      1.4157462120056152,
      4.099704265594482,
      0.19571523368358612,
      16.617473602294922,
      12.151378631591797,
      27.31024169921875,
      14.435535430908203,
      14.257353782653809,
      13.839393615722656,
      11.53099250793457,
      15.079100608825684,
      4.690569877624512,
      7.347202777862549,
      6.094607353210449,
      5.3498454093933105,
      1.7699153423309326,
      3.398263931274414
    ],
    [
      -1.1250495910644531,
      3.839420795440674,
      2.811509370803833,
      3.295867443084717,
      9.160501480102539,
      11.972320556640625,
      14.435535430908203,
      17.635114669799805,
      7.298738956451416,
      13.08248233795166,
      3.8875327110290527,
      12.101609230041504,
      2.2617557048797607,
      4.990426540374756,
      2.7601263523101807,
      4.3057403564453125,
      0.4020448923110962,
      0.6807821989059448
    ],
    [
      3.038059711456299,
      -0.5877078771591187,
      3.7623367309570312,
      -1.6373298168182373,
      13.970869064331055,
      9.063966751098633,
      14.257353782653809,
      7.298738956451416,
      22.460325241088867,
      11.883050918579102,
      15.679485321044922,
      13.484566688537598,
      5.926232814788818,
      6.424095630645752,
      6.834071636199951,
      4.487860202789307,
      1.3366349935531616,
      2.8551106452941895
    ],
    [
      0.8534018993377686,
      1.9264252185821533,
      3.6151387691497803,
      2.1891801357269287,
      9.986551284790039,
      11.617523193359375,
      13.839393615722656,
      13.08248233795166,
      11.883050918579102,
      18.29067611694336,
      7.245428562164307,
      16.558298110961914,
      2.963017463684082,
      7.1580281257629395,
      3.763268232345581,
      5.391797065734863,
      0.45655104517936707,
      1.5473659038543701
    ],
    [
      1.638972282409668,
      0.468227356672287,
      4.67366361618042,
      -2.528322458267212,
      12.623745918273926,
      6.242434501647949,
      11.53099250793457,
      3.8875327110290527,
      15.679485321044922,
      7.245428562164307,
      22.907987594604492,
      13.105460166931152,
      11.571712493896484,
      9.392060279846191,
      10.497637748718262,
      7.672091484069824,
      2.42948055267334,
      3.8749194145202637
    ],
    [
      0.4427119791507721,
      2.2167887687683105,
      4.742930889129639,
      1.8598198890686035,
      10.467011451721191,
      10.32068920135498,
      15.079100608825684,
      12.101609230041504,
      13.484566688537598,
      16.558298110961914,
      13.105460166931152,
      24.082225799560547,
      7.666971683502197,
      13.285369873046875,
      8.211250305175781,
      11.956368446350098,
      1.2692450284957886,
      2.9050185680389404
    ],
    [
      0.4098816215991974,
      -1.3274142742156982,
      3.055678606033325,
      -1.3684719800949097,
      4.7753520011901855,
      1.7387477159500122,
      4.690569877624512,
      2.2617557048797607,
      5.926232814788818,
      2.963017463684082,
      11.571712493896484,
      7.666971683502197,
      21.354873657226562,
      9.646834373474121,
      18.464481353759766,
      8.222477912902832,
      7.417483329772949,
      3.916102409362793
    ],
    [
      1.6352611780166626,
      -0.7600197196006775,
      4.676756381988525,
      1.2302175760269165,
      4.907567501068115,
      4.394647598266602,
      7.347202777862549,
      4.990426540374756,
      6.424095630645752,
      7.1580281257629395,
      9.392060279846191,
      13.285369873046875,
      9.646834373474121,
      22.40639877319336,
      7.839117050170898,
      15.496421813964844,
      4.223263740539551,
      8.35211181640625
    ],
    [
      0.19686123728752136,
      -2.986246109008789,
      1.3705806732177734,
      -1.4056358337402344,
      5.72294282913208,
      2.89363431930542,
      6.094607353210449,
      2.7601263523101807,
      6.834071636199951,
      3.763268232345581,
      10.497637748718262,
      8.211250305175781,
      18.464481353759766,
      7.839117050170898,
      27.535533905029297,
      9.280135154724121,
      12.442238807678223,
      4.803942680358887
    ],
    [
      -1.001366376876831,
      -2.5278382301330566,
      1.168423056602478,
      0.86561119556427,
      3.9517734050750732,
      4.299703121185303,
      5.3498454093933105,
      4.3057403564453125,
      4.487860202789307,
      5.391797065734863,
      7.672091484069824,
      11.956368446350098,
      8.222477912902832,
      15.496421813964844,
      9.280135154724121,
      18.63813018798828,
      5.931676864624023,
      9.76162052154541
    ],
    [
      0.6567334532737732,
      -3.224682569503784,
      1.3280750513076782,
      -0.6367138624191284,
      2.2121448516845703,
      1.6530355215072632,
      1.7699153423309326,
      0.4020448923110962,
      1.3366349935531616,
      0.45655104517936707,
      2.42948055267334,
      1.2692450284957886,
      7.417483329772949,
      4.223263740539551,
      12.442238807678223,
      5.931676864624023,
      15.110724449157715,
      10.745692253112793
    ],
    [
      2.008449077606201,
      -3.253204345703125,
      2.838733673095703,
      -0.27428123354911804,
      4.154037952423096,
      3.2249481678009033,
      3.398263931274414,
      0.6807821989059448,
      2.8551106452941895,
      1.5473659038543701,
      3.8749194145202637,
      2.9050185680389404,
      3.916102409362793,
      8.35211181640625,
      4.803942680358887,
      9.76162052154541,
      10.745692253112793,
      19.892061233520508
    ]
  ],
  "covariance_short": [
    [
      20.52385711669922,
      2.693976879119873,
      0.7977903485298157,
      -1.5823948383331299,
      -2.6011009216308594,
      -3.0539474487304688,
      -2.4228851795196533,
      -3.451289415359497,
      -1.241485357284546,
      -3.691196918487549,
      -0.2139258235692978,
      -3.4785187244415283,
      0.5087085962295532,
      -2.635864734649658,
      0.25478631258010864,
      -2.5040290355682373,
      -0.4872269332408905,
      -3.4762167930603027
    ],
    [
      2.693976879119873,
      34.28571319580078,
      11.270659446716309,
      5.085465908050537,
      5.059983253479004,
      3.7876930236816406,
      5.9237823486328125,
      5.347165107727051,
      4.497684478759766,
      5.539635181427002,
      4.1062703132629395,
      5.0475382804870605,
      0.9913255572319031,
      7.901219844818115,
      0.14535106718540192,
      6.172111511230469,
      17.638221740722656,
      17.326717376708984
    ],
    [
      0.7977903485298157,
      11.270659446716309,
      20.99966049194336,
      3.2624499797821045,
      6.483218193054199,
      4.800902843475342,
      6.472078323364258,
      5.36126184463501,
      6.682479381561279,
      6.81876277923584,
      6.159823894500732,
      7.328816890716553,
      4.252392292022705,
      11.269353866577148,
      3.75150728225708,
      9.880086898803711,
      21.853973388671875,
      21.244049072265625
    ],
    [
      -1.5823948383331299,
      5.085465908050537,
      3.2624499797821045,
      13.566412925720215,
      -1.3202762603759766,
      1.280637502670288,
      0.18001046776771545,
      4.495076656341553,
      -1.1831382513046265,
      3.7842776775360107,
      -2.142110586166382,
      3.268427848815918,
      -0.6887459754943848,
      2.2212698459625244,
      -0.35233643651008606,
      2.1558103561401367,
      5.281989097595215,
      8.352304458618164
    ],
    [
      -2.6011009216308594,
      5.059983253479004,
      6.483218193054199,
      -1.3202762603759766,
      31.472747802734375,
      16.15337371826172,
      18.91023063659668,
      10.705318450927734,
      18.12103843688965,
      12.171552658081055,
      17.306303024291992,
      13.970009803771973,
      10.467018127441406,
      15.022777557373047,
      12.67296314239502,
      15.946794509887695,
      24.31686019897461,
      21.165557861328125
    ],
    [
      -3.0539474487304688,
      3.7876930236816406,
      4.800902843475342,
      1.280637502670288,
      16.15337371826172,
      21.702720642089844,
      13.353703498840332,
      12.823517799377441,
      11.367417335510254,
      13.112106323242188,
      8.212803840637207,
      12.68516731262207,
      4.3883957862854,
      11.009037017822266,
      5.780608654022217,
      10.90031909942627,
      16.086219787597656,
      17.08559799194336
    ],
    [
      -2.4228851795196533,
      5.9237823486328125,
      6.472078323364258,
      0.18001046776771545,
      18.91023063659668,
      13.353703498840332,
      33.694671630859375,
      16.742786407470703,
      19.707134246826172,
      16.451684951782227,
      16.64006805419922,
      18.802568435668945,
      10.701069831848145,
      18.37763023376465,
      11.955060958862305,
      18.2315673828125,
      23.875638961791992,
      21.525747299194336
    ],
    [
      -3.451289415359497,
      5.347165107727051,
      5.36126184463501,
      4.495076656341553,
      10.705318450927734,
      12.823517799377441,
      16.742786407470703,
      21.936735153198242,
      10.185959815979004,
      16.28931999206543,
      6.28685188293457,
      16.037202835083008,
      4.834232807159424,
      12.228825569152832,
      5.3998188972473145,
      12.25406265258789,
      14.42374324798584,
      16.59198760986328
    ],
    [
      -1.241485357284546,
      4.497684478759766,
      6.682479381561279,
      -1.1831382513046265,
      18.12103843688965,
      11.367417335510254,
      19.707134246826172,
      10.185959815979004,
      33.730289459228516,
      17.06342124938965,
      24.08072280883789,
      20.38103485107422,
      14.820832252502441,
      21.033721923828125,
      16.70747947692871,
      21.500341415405273,
      25.780969619750977,
      22.9261531829834
    ],
    [
      -3.691196918487549,
      5.539635181427002,
      6.81876277923584,
      3.7842776775360107,
      12.171552658081055,
      13.112106323242188,
      16.451684951782227,
      16.28931999206543,
      17.06342124938965,
      26.134733200073242,
      11.34533977508545,
      23.79461097717285,
      8.237732887268066,
      19.311189651489258,
      8.921887397766113,
      18.150970458984375,
      18.91251564025879,
      20.77860450744629
    ],
    [
      -0.2139258235692978,
      4.1062703132629395,
      6.159823894500732,
      -2.142110586166382,
      17.306303024291992,
      8.212803840637207,
      16.64006805419922,
      6.28685188293457,
      24.08072280883789,
      11.34533977508545,
      36.11507797241211,
      21.676372528076172,
      25.054794311523438,
      25.01589584350586,
      26.132129669189453,
      27.95100975036621,
      29.997440338134766,
      26.30312728881836
    ],
    [
      -3.4785187244415283,
      5.0475382804870605,
      7.328816890716553,
      3.268427848815918,
      13.970009803771973,
      12.68516731262207,
      18.802568435668945,
      16.037202835083008,
      20.38103485107422,
      23.79461097717285,
      21.676372528076172,
      37.10239028930664,
      18.373371124267578,
      33.087669372558594,
      20.276504516601562,
      33.829734802246094,
      28.56675148010254,
      32.742767333984375
    ],
    [
      0.5087085962295532,
      0.9913255572319031,
      4.252392292022705,
      -0.6887459754943848,
      10.467018127441406,
      4.3883957862854,
      10.701069831848145,
      4.834232807159424,
      14.820832252502441,
      8.237732887268066,
      25.054794311523438,
      18.373371124267578,
      42.61845779418945,
      29.52394676208496,
      43.28126907348633,
      34.6628303527832,
      46.07906723022461,
      38.872802734375
    ],
    [
      -2.635864734649658,
      7.901219844818115,
      11.269353866577148,
      2.2212698459625244,
      15.022777557373047,
      11.009037017822266,
      18.37763023376465,
      12.228825569152832,
      21.033721923828125,
      19.311189651489258,
      25.01589584350586,
      33.087669372558594,
      29.52394676208496,
      59.21026611328125,
      32.0011100769043,
      59.1604118347168,
      53.9991340637207,
      63.016361236572266
    ],
    [
      0.25478631258010864,
      0.14535106718540192,
      3.75150728225708,
      -0.35233643651008606,
      12.67296314239502,
      5.780608654022217,
      11.955060958862305,
      5.3998188972473145,
      16.70747947692871,
      8.921887397766113,
      26.132129669189453,
      20.276504516601562,
      43.28126907348633,
      32.0011100769043,
      64.64376831054688,
      43.83201599121094,
      62.513267517089844,
      49.22713088989258
    ],
    [
      -2.5040290355682373,
      6.172111511230469,
      9.880086898803711,
      2.1558103561401367,
      15.946794509887695,
      10.90031909942627,
      18.2315673828125,
      12.25406265258789,
      21.500341415405273,
      18.150970458984375,
      27.95100975036621,
      33.829734802246094,
      34.6628303527832,
      59.1604118347168,
      43.83201599121094,
      83.27385711669922,
      65.29659271240234,
      78.52082824707031
    ],
    [
      -0.4872269332408905,
      17.638221740722656,
      21.853973388671875,
      5.281989097595215,
      24.31686019897461,
      16.086219787597656,
      23.875638961791992,
      14.42374324798584,
      25.780969619750977,
      18.91251564025879,
      29.997440338134766,
      28.56675148010254,
      46.07906723022461,
      53.9991340637207,
      62.513267517089844,
      65.29659271240234,
      117.6695785522461,
      107.46346282958984
    ],
    [
      -3.4762167930603027,
      17.326717376708984,
      21.244049072265625,
      8.352304458618164,
      21.165557861328125,
      17.08559799194336,
      21.525747299194336,
      16.59198760986328,
      22.9261531829834,
      20.77860450744629,
      26.30312728881836,
      32.742767333984375,
      38.872802734375,
      63.016361236572266,
      49.22713088989258,
      78.52082824707031,
      107.46346282958984,
      132.624267578125
    ]
  ],
  "damage": -3.2136638164520264,
  "diff_bandwidth": 698.8262939453125,
  "dissonance": 8.536240343840134,
  "drr": -5.318887710571289,
  "dynamics": 1.9764001369476318,
  "format": 1245190,
  "frames": 12976064,
  "loudness": -7.819037437438965,
  "loudness_range": 4.269277572631836,
  "loudness_range_short": 6.181834697723389,
  "lowpass_true_peak_15khz": 0.7497375011444092,
  "mastering3_acoustic_entropies": [
    {
      "acoustic_entropy": 6.825976371765137,
      "acoustic_entropy_mono": 6.590966701507568,
      "band_eliminated_acoustic_entropies": [
        {
          "acoustic_entropy": 6.71550178527832,
          "acoustic_entropy_side": 6.825993061065674,
          "hz": 129.47220167065723
        },
        {
          "acoustic_entropy": 6.407541751861572,
          "acoustic_entropy_side": 6.826470851898193,
          "hz": 202.92927478742237
        },
        {
          "acoustic_entropy": 6.702868461608887,
          "acoustic_entropy_side": 6.832113265991211,
          "hz": 282.89161906338205
        },
        {
          "acoustic_entropy": 6.937524318695068,
          "acoustic_entropy_side": 6.8153791427612305,
          "hz": 369.9353335868758
        },
        {
          "acoustic_entropy": 6.630224227905273,
          "acoustic_entropy_side": 6.838168621063232,
          "hz": 464.6875360973435
        },
        {
          "acoustic_entropy": 6.885833740234375,
          "acoustic_entropy_side": 6.8154144287109375,
          "hz": 567.8308811364784
        },
        {
          "acoustic_entropy": 6.507955074310303,
          "acoustic_entropy_side": 6.760300636291504,
          "hz": 680.1084783214808
        },
        {
          "acoustic_entropy": 6.595579624176025,
          "acoustic_entropy_side": 7.125356674194336,
          "hz": 802.3292461747484
        },
        {
          "acoustic_entropy": 6.6457014083862305,
          "acoustic_entropy_side": 6.701550006866455,
          "hz": 935.3737400823702
        },
        {
          "acoustic_entropy": 6.962591648101807,
          "acoustic_entropy_side": 6.851520538330078,
          "hz": 1080.2004963696966
        },
        {
          "acoustic_entropy": 7.746525764465332,
          "acoustic_entropy_side": 6.6880669593811035,
          "hz": 1237.8529382007157
        },
        {
          "acoustic_entropy": 6.72462272644043,
          "acoustic_entropy_side": 6.597204208374023,
          "hz": 1409.4668930556702
        },
        {
          "acoustic_entropy": 6.785558700561523,
          "acoustic_entropy_side": 6.807814121246338,
          "hz": 1596.2787759475705
        },
        {
          "acoustic_entropy": 6.453769683837891,
          "acoustic_entropy_side": 6.729551315307617,
          "hz": 1799.6344973346393
        },
        {
          "acoustic_entropy": 6.919097900390625,
          "acoustic_entropy_side": 6.7916259765625,
          "hz": 2020.9991599069049
        },
        {
          "acoustic_entropy": 7.154932975769043,
          "acoustic_entropy_side": 6.777901649475098,
          "hz": 2261.9676141086993
        },
        {
          "acoustic_entropy": 6.703540325164795,
          "acoustic_entropy_side": 6.718371391296387,
          "hz": 2524.2759484456974
        },
        {
          "acoustic_entropy": 6.937472343444824,
          "acoustic_entropy_side": 6.714163303375244,
          "hz": 2809.813997359896
        },
        {
          "acoustic_entropy": 6.805108070373535,
          "acoustic_entropy_side": 6.792057037353516,
          "hz": 3120.6389567871424
        },
        {
          "acoustic_entropy": 6.899374485015869,
          "acoustic_entropy_side": 6.7627668380737305,
          "hz": 3458.990205492291
        },
        {
          "acoustic_entropy": 6.715003967285156,
          "acoustic_entropy_side": 6.8771891593933105,
          "hz": 3827.305438964164
        },
        {
          "acoustic_entropy": 6.788880348205566,
          "acoustic_entropy_side": 6.882254123687744,
          "hz": 4228.238232109126
        },
        {
          "acoustic_entropy": 6.952926158905029,
          "acoustic_entropy_side": 6.853312969207764,
          "hz": 4664.6771572759235
        },
        {
          "acoustic_entropy": 6.834397792816162,
          "acoustic_entropy_side": 6.888767719268799,
          "hz": 5139.766595350093
        },
        {
          "acoustic_entropy": 6.673207759857178,
          "acoustic_entropy_side": 6.848010540008545,
          "hz": 5656.929389854203
        },
        {
          "acoustic_entropy": 6.640204906463623,
          "acoustic_entropy_side": 6.869458198547363,
          "hz": 6219.891507268283
        },
        {
          "acoustic_entropy": 6.499078273773193,
          "acoustic_entropy_side": 6.865457057952881,
          "hz": 6832.70888123896
        },
        {
          "acoustic_entropy": 6.658783435821533,
          "acoustic_entropy_side": 6.849987506866455,
          "hz": 7499.796634079867
        },
        {
          "acoustic_entropy": 6.812197685241699,
          "acoustic_entropy_side": 6.854304313659668,
          "hz": 8225.96088609342
        },
        {
          "acoustic_entropy": 6.768243789672852,
          "acoustic_entropy_side": 6.835597515106201,
          "hz": 9016.43338188839
        },
        {
          "acoustic_entropy": 6.759369373321533,
          "acoustic_entropy_side": 6.888650894165039,
          "hz": 9876.909183162974
        },
        {
          "acoustic_entropy": 6.762856483459473,
          "acoustic_entropy_side": 6.851622581481934,
          "hz": 10813.587699516042
        },
        {
          "acoustic_entropy": 6.682990074157715,
          "acoustic_entropy_side": 6.832144737243652,
          "hz": 11833.21735289826
        },
        {
          "acoustic_entropy": 6.783698558807373,
          "acoustic_entropy_side": 6.826740264892578,
          "hz": 12943.144197493959
        },
        {
          "acoustic_entropy": 6.772365570068359,
          "acoustic_entropy_side": 6.826035499572754,
          "hz": 14151.364845322005
        },
        {
          "acoustic_entropy": 6.810003280639648,
          "acoustic_entropy_side": 6.826038837432861,
          "hz": 15466.58407886509
        },
        {
          "acoustic_entropy": 6.823309898376465,
          "acoustic_entropy_side": 6.826013565063477,
          "hz": 16898.27756580493
        },
        {
          "acoustic_entropy": 6.824997901916504,
          "acoustic_entropy_side": 6.826000213623047,
          "hz": 18456.760127700032
        },
        {
          "acoustic_entropy": 6.825892925262451,
          "acoustic_entropy_side": 6.825980186462402,
          "hz": 20153.260054456492
        },
        {
          "acoustic_entropy": 6.825961112976074,
          "acoustic_entropy_side": 6.825976371765137,
          "hz": 22000.00000000001
        }
      ],
      "diff_acoustic_entropy": 5.790287017822266,
      "sn": 6
    },
    {
      "acoustic_entropy": 11.382884979248047,
      "acoustic_entropy_mono": 11.139161109924316,
      "band_eliminated_acoustic_entropies": [
        {
          "acoustic_entropy": 11.528694152832031,
          "acoustic_entropy_side": 11.382357597351074,
          "hz": 129.47220167065723
        },
        {
          "acoustic_entropy": 10.994726181030273,
          "acoustic_entropy_side": 11.36447811126709,
          "hz": 202.92927478742237
        },
        {
          "acoustic_entropy": 11.16478443145752,
          "acoustic_entropy_side": 11.380300521850586,
          "hz": 282.89161906338205
        },
        {
          "acoustic_entropy": 12.211862564086914,
          "acoustic_entropy_side": 11.345476150512695,
          "hz": 369.9353335868758
        },
        {
          "acoustic_entropy": 11.23825740814209,
          "acoustic_entropy_side": 11.429388046264648,
          "hz": 464.6875360973435
        },
        {
          "acoustic_entropy": 11.105118751525879,
          "acoustic_entropy_side": 11.41438102722168,
          "hz": 567.8308811364784
        },
        {
          "acoustic_entropy": 11.59593677520752,
          "acoustic_entropy_side": 11.214493751525879,
          "hz": 680.1084783214808
        },
        {
          "acoustic_entropy": 11.046555519104004,
          "acoustic_entropy_side": 11.586091995239258,
          "hz": 802.3292461747484
        },
        {
          "acoustic_entropy": 11.462267875671387,
          "acoustic_entropy_side": 11.945652961730957,
          "hz": 935.3737400823702
        },
        {
          "acoustic_entropy": 10.961618423461914,
          "acoustic_entropy_side": 11.386109352111816,
          "hz": 1080.2004963696966
        },
        {
          "acoustic_entropy": 11.68618106842041,
          "acoustic_entropy_side": 11.552248001098633,
          "hz": 1237.8529382007157
        },
        {
          "acoustic_entropy": 11.337188720703125,
          "acoustic_entropy_side": 11.435275077819824,
          "hz": 1409.4668930556702
        },
        {
          "acoustic_entropy": 11.419185638427734,
          "acoustic_entropy_side": 11.652787208557129,
          "hz": 1596.2787759475705
        },
        {
          "acoustic_entropy": 11.32276725769043,
          "acoustic_entropy_side": 11.250456809997559,
          "hz": 1799.6344973346393
        },
        {
          "acoustic_entropy": 12.173653602600098,
          "acoustic_entropy_side": 11.322016716003418,
          "hz": 2020.9991599069049
        },
        {
          "acoustic_entropy": 11.94861888885498,
          "acoustic_entropy_side": 11.430853843688965,
          "hz": 2261.9676141086993
        },
        {
          "acoustic_entropy": 10.8251953125,
          "acoustic_entropy_side": 10.888799667358398,
          "hz": 2524.2759484456974
        },
        {
          "acoustic_entropy": 11.213370323181152,
          "acoustic_entropy_side": 11.32194995880127,
          "hz": 2809.813997359896
        },
        {
          "acoustic_entropy": 11.346809387207031,
          "acoustic_entropy_side": 11.330055236816406,
          "hz": 3120.6389567871424
        },
        {
          "acoustic_entropy": 11.522315979003906,
          "acoustic_entropy_side": 11.38428783416748,
          "hz": 3458.990205492291
        },
        {
          "acoustic_entropy": 11.618753433227539,
          "acoustic_entropy_side": 11.355175018310547,
          "hz": 3827.305438964164
        },
        {
          "acoustic_entropy": 11.540149688720703,
          "acoustic_entropy_side": 11.24643325805664,
          "hz": 4228.238232109126
        },
        {
          "acoustic_entropy": 11.443076133728027,
          "acoustic_entropy_side": 11.352143287658691,
          "hz": 4664.6771572759235
        },
        {
          "acoustic_entropy": 11.45749568939209,
          "acoustic_entropy_side": 11.279187202453613,
          "hz": 5139.766595350093
        },
        {
          "acoustic_entropy": 11.459918022155762,
          "acoustic_entropy_side": 11.060609817504883,
          "hz": 5656.929389854203
        },
        {
          "acoustic_entropy": 11.348248481750488,
          "acoustic_entropy_side": 11.143877029418945,
          "hz": 6219.891507268283
        },
        {
          "acoustic_entropy": 11.354711532592773,
          "acoustic_entropy_side": 11.138699531555176,
          "hz": 6832.70888123896
        },
        {
          "acoustic_entropy": 11.158146858215332,
          "acoustic_entropy_side": 11.125226020812988,
          "hz": 7499.796634079867
        },
        {
          "acoustic_entropy": 11.222176551818848,
          "acoustic_entropy_side": 11.211091995239258,
          "hz": 8225.96088609342
        },
        {
          "acoustic_entropy": 11.299495697021484,
          "acoustic_entropy_side": 11.211904525756836,
          "hz": 9016.43338188839
        },
        {
          "acoustic_entropy": 11.366375923156738,
          "acoustic_entropy_side": 11.33100414276123,
          "hz": 9876.909183162974
        },
        {
          "acoustic_entropy": 11.400612831115723,
          "acoustic_entropy_side": 11.361733436584473,
          "hz": 10813.587699516042
        },
        {
          "acoustic_entropy": 11.361377716064453,
          "acoustic_entropy_side": 11.375316619873047,
          "hz": 11833.21735289826
        },
        {
          "acoustic_entropy": 11.399091720581055,
          "acoustic_entropy_side": 11.37955093383789,
          "hz": 12943.144197493959
        },
        {
          "acoustic_entropy": 11.362074851989746,
          "acoustic_entropy_side": 11.386195182800293,
          "hz": 14151.364845322005
        },
        {
          "acoustic_entropy": 11.36997127532959,
          "acoustic_entropy_side": 11.390941619873047,
          "hz": 15466.58407886509
        },
        {
          "acoustic_entropy": 11.398514747619629,
          "acoustic_entropy_side": 11.387693405151367,
          "hz": 16898.27756580493
        },
        {
          "acoustic_entropy": 11.386923789978027,
          "acoustic_entropy_side": 11.384272575378418,
          "hz": 18456.760127700032
        },
        {
          "acoustic_entropy": 11.383172035217285,
          "acoustic_entropy_side": 11.383134841918945,
          "hz": 20153.260054456492
        },
        {
          "acoustic_entropy": 11.382856369018555,
          "acoustic_entropy_side": 11.382898330688477,
          "hz": 22000.00000000001
        }
      ],
      "diff_acoustic_entropy": 9.305719375610352,
      "sn": 12
    },
    {
      "acoustic_entropy": 15.572000503540039,
      "acoustic_entropy_mono": 13.284017562866211,
      "band_eliminated_acoustic_entropies": [
        {
          "acoustic_entropy": 15.526159286499023,
          "acoustic_entropy_side": 15.515613555908203,
          "hz": 129.47220167065723
        },
        {
          "acoustic_entropy": 16.117080688476562,
          "acoustic_entropy_side": 15.337087631225586,
          "hz": 202.92927478742237
        },
        {
          "acoustic_entropy": 14.861019134521484,
          "acoustic_entropy_side": 15.072988510131836,
          "hz": 282.89161906338205
        },
        {
          "acoustic_entropy": 14.921091079711914,
          "acoustic_entropy_side": 15.737103462219238,
          "hz": 369.9353335868758
        },
        {
          "acoustic_entropy": 16.310361862182617,
          "acoustic_entropy_side": 16.326030731201172,
          "hz": 464.6875360973435
        },
        {
          "acoustic_entropy": 15.860005378723145,
          "acoustic_entropy_side": 15.08353328704834,
          "hz": 567.8308811364784
        },
        {
          "acoustic_entropy": 16.118148803710938,
          "acoustic_entropy_side": 16.326412200927734,
          "hz": 680.1084783214808
        },
        {
          "acoustic_entropy": 15.50114917755127,
          "acoustic_entropy_side": 15.597679138183594,
          "hz": 802.3292461747484
        },
        {
          "acoustic_entropy": 16.0517578125,
          "acoustic_entropy_side": 16.185096740722656,
          "hz": 935.3737400823702
        },
        {
          "acoustic_entropy": 15.895536422729492,
          "acoustic_entropy_side": 15.302372932434082,
          "hz": 1080.2004963696966
        },
        {
          "acoustic_entropy": 15.816768646240234,
          "acoustic_entropy_side": 15.79848861694336,
          "hz": 1237.8529382007157
        },
        {
          "acoustic_entropy": 16.366352081298828,
          "acoustic_entropy_side": 15.487953186035156,
          "hz": 1409.4668930556702
        },
        {
          "acoustic_entropy": 15.42667293548584,
          "acoustic_entropy_side": 15.723142623901367,
          "hz": 1596.2787759475705
        },
        {
          "acoustic_entropy": 14.99165153503418,
          "acoustic_entropy_side": 15.339186668395996,
          "hz": 1799.6344973346393
        },
        {
          "acoustic_entropy": 15.526983261108398,
          "acoustic_entropy_side": 15.673913955688477,
          "hz": 2020.9991599069049
        },
        {
          "acoustic_entropy": 15.871813774108887,
          "acoustic_entropy_side": 16.090505599975586,
          "hz": 2261.9676141086993
        },
        {
          "acoustic_entropy": 16.19469451904297,
          "acoustic_entropy_side": 15.383051872253418,
          "hz": 2524.2759484456974
        },
        {
          "acoustic_entropy": 15.770390510559082,
          "acoustic_entropy_side": 15.569541931152344,
          "hz": 2809.813997359896
