{
  "acoustic_entropy": 109.17988586425781,
  "bands": [
    {
      "high_freq": 148.1999969482422,
      "loudness": -42.322113037109375,
      "loudness_range": 15.691280364990234,
      "mid_mean": -40.091957092285156,
      "mid_to_side_loudness": -7.018738746643066,
      "mid_to_side_loudness_range": 19.530183792114258,
      "side_mean": -47.10504913330078
    },
    {
      "high_freq": 392.3793640136719,
      "loudness": -20.87920379638672,
      "loudness_range": 6.064838409423828,
      "low_freq": 148.1999969482422,
      "mid_mean": -17.5545711517334,
      "mid_to_side_loudness": -11.279533386230469,
      "mid_to_side_loudness_range": 9.026090621948242,
      "side_mean": -28.919984817504883
    },
    {
      "high_freq": 794.6976318359375,
      "loudness": -22.210025787353516,
      "loudness_range": 8.976398468017578,
      "low_freq": 392.3793640136719,
      "mid_mean": -19.25419807434082,
      "mid_to_side_loudness": -7.7266526222229,
      "mid_to_side_loudness_range": 6.935515403747559,
      "side_mean": -27.041763305664062
    },
    {
      "high_freq": 1457.5709228515625,
      "loudness": -29.940921783447266,
      "loudness_range": 18.360139846801758,
      "low_freq": 794.6976318359375,
      "mid_mean": -27.38429069519043,
      "mid_to_side_loudness": -5.712444305419922,
      "mid_to_side_loudness_range": 7.854511260986328,
      "side_mean": -33.215579986572266
    },
    {
      "high_freq": 2549.74365234375,
      "loudness": -42.923248291015625,
      "loudness_range": 17.64023208618164,
      "low_freq": 1457.5709228515625,
      "mid_mean": -40.687801361083984,
      "mid_to_side_loudness": -4.923914909362793,
      "mid_to_side_loudness_range": 9.88460636138916,
      "side_mean": -45.81060791015625
    },
    {
      "high_freq": 4349.24462890625,
      "loudness": -51.3181037902832,
      "loudness_range": 19.563282012939453,
      "low_freq": 2549.74365234375,
      "mid_mean": -49.114898681640625,
      "mid_to_side_loudness": -4.383886814117432,
      "mid_to_side_loudness_range": 9.918281555175781,
      "side_mean": -53.3957405090332
    },
    {
      "high_freq": 7314.1640625,
      "loudness": -56.74624252319336,
      "loudness_range": 20.237106323242188,
      "low_freq": 4349.24462890625,
      "mid_mean": -54.69390869140625,
      "mid_to_side_loudness": -3.3366549015045166,
      "mid_to_side_loudness_range": 7.966207981109619,
      "side_mean": -57.894775390625
    },
    {
      "high_freq": 12199.2666015625,
      "loudness": -52.20742416381836,
      "loudness_range": 20.068382263183594,
      "low_freq": 7314.1640625,
      "mid_mean": -50.410125732421875,
      "mid_to_side_loudness": -3.1186118125915527,
      "mid_to_side_loudness_range": 8.64591121673584,
      "side_mean": -53.4907112121582
    },
    {
      "loudness": -51.254459381103516,
      "loudness_range": 6.662921905517578,
      "low_freq": 12199.2666015625,
      "mid_mean": -49.4633674621582,
      "mid_to_side_loudness": -2.6697351932525635,
      "mid_to_side_loudness_range": 3.252861499786377,
      "side_mean": -52.10255432128906
    }
  ],
  "bands_short": [
    {
      "high_freq": 148.1999969482422,
      "loudness": -43.680233001708984,
      "loudness_range": 14.596263885498047,
      "mid_mean": -41.59247970581055,
      "mid_to_side_loudness": -6.914634704589844,
      "mid_to_side_loudness_range": 21.077226638793945,
      "side_mean": -48.49990463256836
    },
    {
      "high_freq": 392.3793640136719,
      "loudness": -21.467004776000977,
      "loudness_range": 7.202228546142578,
      "low_freq": 148.1999969482422,
      "mid_mean": -18.134702682495117,
      "mid_to_side_loudness": -12.325210571289062,
      "mid_to_side_loudness_range": 13.316238403320312,
      "side_mean": -30.623090744018555
    },
    {
      "high_freq": 794.6976318359375,
      "loudness": -21.74903106689453,
      "loudness_range": 8.684225082397461,
      "low_freq": 392.3793640136719,
      "mid_mean": -18.79343032836914,
      "mid_to_side_loudness": -8.368274688720703,
      "mid_to_side_loudness_range": 10.299065589904785,
      "side_mean": -27.22766876220703
    },
    {
      "high_freq": 1457.5709228515625,
      "loudness": -29.6490535736084,
      "loudness_range": 19.55018424987793,
      "low_freq": 794.6976318359375,
      "mid_mean": -27.284894943237305,
      "mid_to_side_loudness": -6.1760149002075195,
      "mid_to_side_loudness_range": 14.603191375732422,
      "side_mean": -33.60621643066406
    },
    {
      "high_freq": 2549.74365234375,
      "loudness": -43.330589294433594,
      "loudness_range": 18.88494110107422,
      "low_freq": 1457.5709228515625,
      "mid_mean": -41.25316619873047,
      "mid_to_side_loudness": -4.720093727111816,
      "mid_to_side_loudness_range": 12.166781425476074,
      "side_mean": -46.17023468017578
    },
    {
      "high_freq": 4349.24462890625,
      "loudness": -51.772804260253906,
      "loudness_range": 19.88498306274414,
      "low_freq": 2549.74365234375,
      "mid_mean": -49.6932258605957,
      "mid_to_side_loudness": -4.116484642028809,
      "mid_to_side_loudness_range": 10.721292495727539,
      "side_mean": -53.719181060791016
    },
    {
      "high_freq": 7314.1640625,
      "loudness": -57.38185119628906,
      "loudness_range": 17.15084457397461,
      "low_freq": 4349.24462890625,
      "mid_mean": -55.367431640625,
      "mid_to_side_loudness": -3.086246967315674,
      "mid_to_side_loudness_range": 7.697250843048096,
      "side_mean": -58.32114028930664
    },
    {
      "high_freq": 12199.2666015625,
      "loudness": -52.95558166503906,
      "loudness_range": 16.26152801513672,
      "low_freq": 7314.1640625,
      "mid_mean": -51.21173095703125,
      "mid_to_side_loudness": -2.852773427963257,
      "mid_to_side_loudness_range": 7.775826454162598,
      "side_mean": -54.02210998535156
    },
    {
      "loudness": -51.54757308959961,
      "loudness_range": 4.732341766357422,
      "low_freq": 12199.2666015625,
      "mid_mean": -49.78937530517578,
      "mid_to_side_loudness": -2.530810832977295,
      "mid_to_side_loudness_range": 2.928730010986328,
      "side_mean": -52.29469680786133
    }
  ],
  "bandwidth": 531.83154296875,
  "channels": 2,
  "covariance": [
    [
      48.340476989746094,
      7.878796100616455,
      -0.02119537442922592,
      1.055031657218933,
      -1.3350979089736938,
      -2.0129432678222656,
      -4.72640323638916,
      -2.3235461711883545,
      -3.6084654331207275,
      -1.4739433526992798,
      -0.5006136894226074,
      -0.6791004538536072,
      -5.3128461837768555,
      -3.451277017593384,
      -3.159205675125122,
      -2.371793270111084,
      -1.387931227684021,
      -0.17012563347816467
    ],
    [
      7.878796100616455,
      11.791374206542969,
      1.032571792602539,
      1.0115876197814941,
      0.5531680583953857,
      1.0588747262954712,
      -2.044520616531372,
      -0.2015664279460907,
      -0.3872869312763214,
      -0.31290605664253235,
      0.6159217357635498,
      0.23870541155338287,
      2.4911158084869385,
      2.24479603767395,
      3.487898349761963,
      2.422419309616089,
      1.2718068361282349,
      1.0396817922592163
    ],
    [
      -0.02119537442922592,
      1.032571792602539,
      5.58249044418335,
      4.617065906524658,
      -1.0958877801895142,
      0.24259258806705475,
      -1.2477260828018188,
      -0.5424601435661316,
      -0.7038207054138184,
      0.3005636930465698,
      0.7750931978225708,
      0.9277357459068298,
      0.96282559633255,
      1.0068542957305908,
      2.1233103275299072,
      1.5565855503082275,
      0.8235893249511719,
      0.5353116989135742
    ],
    [
      1.055031657218933,
      1.0115876197814941,
      4.617065906524658,
      12.879664421081543,
      -1.6183452606201172,
      0.24762974679470062,
      -1.9427083730697632,
      -1.481399655342102,
      -1.1736479997634888,
      0.8105576634407043,
      0.7568411231040955,
      1.9622511863708496,
      -0.9641733765602112,
      0.10916224867105484,
      -0.4300230145454407,
      0.6002273559570312,
      0.3677269518375397,
      0.6198124289512634
    ],
    [
      -1.3350979089736938,
      0.5531680583953857,
      -1.0958877801895142,
      -1.6183452606201172,
      10.967754364013672,
      8.697968482971191,
      9.817193984985352,
      7.84266996383667,
      9.886310577392578,
      9.434552192687988,
      7.293943405151367,
      5.638033390045166,
      5.918557643890381,
      3.784168004989624,
      4.694770336151123,
      3.3351356983184814,
      2.1124470233917236,
      1.350093126296997
    ],
    [
      -2.0129432678222656,
      1.0588747262954712,
      0.24259258806705475,
      0.24762974679470062,
      8.697968482971191,
      12.564491271972656,
      8.002556800842285,
      8.00955581665039,
      11.022964477539062,
      13.184024810791016,
      8.699567794799805,
      8.847784996032715,
      4.794912815093994,
      3.6236488819122314,
      3.413201093673706,
      2.832148313522339,
      1.9269882440567017,
      1.45768404006958
    ],
    [
      -4.72640323638916,
      -2.044520616531372,
      -1.2477260828018188,
      -1.9427083730697632,
      9.817193984985352,
      8.002556800842285,
      45.187164306640625,
      35.605194091796875,
      23.11473274230957,
      23.55757713317871,
      13.17838191986084,
      13.31181812286377,
      3.166694402694702,
      2.0051259994506836,
      -2.0089707374572754,
      0.4534663259983063,
      0.19175709784030914,
      1.5589735507965088
    ],
    [
      -2.3235461711883545,
      -0.2015664279460907,
      -0.5424601435661316,
      -1.481399655342102,
      7.84266996383667,
      8.00955581665039,
      35.605194091796875,
      35.24460983276367,
      19.32244300842285,
      22.243247985839844,
      12.011214256286621,
      13.296286582946777,
      1.9032267332077026,
      1.8493999242782593,
      -3.0100395679473877,
      -0.033296678215265274,
      -0.11671927571296692,
      1.523603916168213
    ],
    [
      -3.6084654331207275,
      -0.3872869312763214,
      -0.7038207054138184,
      -1.1736479997634888,
      9.886310577392578,
      11.022964477539062,
      23.11473274230957,
      19.32244300842285,
      43.46479415893555,
      38.05940628051758,
      31.75162124633789,
      27.68791961669922,
      15.855148315429688,
      9.274541854858398,
      7.826116561889648,
      5.038669109344482,
      3.0152852535247803,
      2.2933261394500732
    ],
    [
      -1.4739433526992798,
      -0.31290605664253235,
      0.3005636930465698,
      0.8105576634407043,
      9.434552192687988,
      13.184024810791016,
      23.55757713317871,
      22.243247985839844,
      38.05940628051758,
      47.480709075927734,
      31.403331756591797,
      33.82746505737305,
      7.5710649490356445,
      6.788027286529541,
      -1.7285935878753662,
      1.3741962909698486,
      0.6221261620521545,
      2.218518018722534
    ],
    [
      -0.5006136894226074,
      0.6159217357635498,
      0.7750931978225708,
      0.7568411231040955,
      7.293943405151367,
      8.699567794799805,
      13.17838191986084,
      12.011214256286621,
      31.75162124633789,
      31.403331756591797,
      44.688819885253906,
      34.37416458129883,
      25.811628341674805,
      16.516521453857422,
      17.419002532958984,
      11.374475479125977,
      6.596845626831055,
      3.3978140354156494
    ],
    [
      -0.6791004538536072,
      0.23870541155338287,
      0.9277357459068298,
      1.9622511863708496,
      5.638033390045166,
      8.847784996032715,
      13.31181812286377,
      13.296286582946777,
      27.68791961669922,
      33.82746505737305,
      34.37416458129883,
      36.96441650390625,
      13.052635192871094,
      11.875670433044434,
      3.518847703933716,
      5.367125034332275,
      2.244466543197632,
      2.5869760513305664
    ],
    [
      -5.3128461837768555,
      2.4911158084869385,
      0.96282559633255,
      -0.9641733765602112,
      5.918557643890381,
      4.794912815093994,
      3.166694402694702,
      1.9032267332077026,
      15.855148315429688,
      7.5710649490356445,
      25.811628341674805,
      13.052635192871094,
      44.145606994628906,
      26.58979606628418,
      40.756107330322266,
      24.453227996826172,
      14.224567413330078,
      5.591887474060059
    ],
    [
      -3.451277017593384,
      2.24479603767395,
      1.0068542957305908,
      0.10916224867105484,
      3.784168004989624,
      3.6236488819122314,
      2.0051259994506836,
      1.8493999242782593,
      9.274541854858398,
      6.788027286529541,
      16.516521453857422,
      11.875670433044434,
      26.58979606628418,
      20.905567169189453,
      23.287431716918945,
      17.260086059570312,
      8.317895889282227,
      4.097186088562012
    ],
    [
      -3.159205675125122,
      3.487898349761963,
      2.1233103275299072,
      -0.4300230145454407,
      4.694770336151123,
      3.413201093673706,
      -2.0089707374572754,
      -3.0100395679473877,
      7.826116561889648,
      -1.7285935878753662,
      17.419002532958984,
      3.518847703933716,
      40.756107330322266,
      23.287431716918945,
      47.428253173828125,
      26.751245498657227,
      16.28769874572754,
      5.772393226623535
    ],
    [
      -2.371793270111084,
      2.422419309616089,
      1.5565855503082275,
      0.6002273559570312,
      3.3351356983184814,
      2.832148313522339,
      0.4534663259983063,
      -0.033296678215265274,
      5.038669109344482,
      1.3741962909698486,
      11.374475479125977,
      5.367125034332275,
      24.453227996826172,
      17.260086059570312,
      26.751245498657227,
      18.515045166015625,
      9.870359420776367,
      4.481308937072754
    ],
    [
      -1.387931227684021,
      1.2718068361282349,
      0.8235893249511719,
      0.3677269518375397,
      2.1124470233917236,
      1.9269882440567017,
      0.19175709784030914,
      -0.11671927571296692,
      3.0152852535247803,
      0.6221261620521545,
      6.596845626831055,
      2.244466543197632,
      14.224567413330078,
      8.317895889282227,
      16.28769874572754,
      9.870359420776367,
      7.171401023864746,
      2.8320536613464355
    ],
    [
      -0.17012563347816467,
      1.0396817922592163,
      0.5353116989135742,
      0.6198124289512634,
      1.350093126296997,
      1.45768404006958,
      1.5589735507965088,
      1.523603916168213,
      2.2933261394500732,
      2.218518018722534,
      3.3978140354156494,
      2.5869760513305664,
      5.591887474060059,
      4.097186088562012,
      5.772393226623535,
      4.481308937072754,
      2.8320536613464355,
      1.8653041124343872
    ]
  ],
  "covariance_short": [
    [
      36.29638671875,
      1.7426761388778687,
      0.21865785121917725,
      1.2199550867080688,
      -0.09570030122995377,
      -0.5244573950767517,
      0.6037296056747437,
      2.162001132965088,
      1.8197314739227295,
      4.935064792633057,
      4.009212017059326,
      3.752563714981079,
      -5.51295280456543,
      -4.167883396148682,
      -5.102916717529297,
      -3.204604148864746,
      -1.2534427642822266,
      -0.04350290447473526
    ],
    [
      1.7426761388778687,
      18.241559982299805,
      0.830827534198761,
      0.8751306533813477,
      -0.309091717004776,
      0.01738579198718071,
      -1.420854926109314,
      -0.9285099506378174,
      -0.7162414193153381,
      -0.9454042911529541,
      0.17181411385536194,
      -0.2993834614753723,
      1.489649772644043,
      1.2557175159454346,
      2.3131818771362305,
      1.5983471870422363,
      0.8035833835601807,
      0.5719521045684814
    ],
    [
      0.21865785121917725,
      0.830827534198761,
      7.038970470428467,
      4.663443565368652,
      0.0531991645693779,
      0.9430451393127441,
      -4.160252571105957,
      -2.5180914402008057,
      -1.4122320413589478,
      -1.0199037790298462,
      -0.0034157384652644396,
      -0.2426794320344925,
      0.4002150297164917,
      0.4992143213748932,
      2.0223183631896973,
      1.301957607269287,
      0.44439253211021423,
      0.24049411714076996
    ],
    [
      1.2199550867080688,
      0.8751306533813477,
      4.663443565368652,
      23.812957763671875,
      0.5086656808853149,
      6.847517013549805,
      -6.879493236541748,
      -5.647467613220215,
      -1.3240965604782104,
      0.0562041811645031,
      0.5608267188072205,
      0.9939042329788208,
      0.1430230289697647,
      0.3805549144744873,
      1.4170726537704468,
      1.43666410446167,
      0.6648948192596436,
      0.623599112033844
    ],
    [
      -0.09570030122995377,
      -0.309091717004776,
      0.0531991645693779,
      0.5086656808853149,
      9.817741394042969,
      7.251267433166504,
      8.304686546325684,
      7.309058666229248,
      8.606473922729492,
      8.77989387512207,
      6.684302806854248,
      5.758143901824951,
      3.267686367034912,
      2.2289862632751465,
      1.9665887355804443,
      1.8124449253082275,
      1.2113960981369019,
      1.0672999620437622
    ],
    [
      -0.5244573950767517,
      0.01738579198718071,
      0.9430451393127441,
      6.847517013549805,
      7.251267433166504,
      19.479707717895508,
      5.9407958984375,
      6.197659015655518,
      10.879523277282715,
      13.322152137756348,
      8.95162296295166,
      9.594958305358887,
      2.7946372032165527,
      2.441749095916748,
      0.7573356628417969,
      1.4104676246643066,
      1.0395861864089966,
      1.3020827770233154
    ],
    [
      0.6037296056747437,
      -1.420854926109314,
      -4.160252571105957,
      -6.879493236541748,
      8.304686546325684,
      5.9407958984375,
      53.351619720458984,
      34.69717025756836,
      24.250551223754883,
      21.808151245117188,
      13.866429328918457,
      11.444025039672852,
      6.433565139770508,
      2.939319133758545,
      2.703050374984741,
      1.9885225296020508,
      1.3531473875045776,
      1.4514542818069458
    ],
    [
      2.162001132965088,
      -0.9285099506378174,
      -2.5180914402008057,
      -5.647467613220215,
      7.309058666229248,
      6.197659015655518,
      34.69717025756836,
      43.6068115234375,
      20.491046905517578,
      22.07768440246582,
      12.99041748046875,
      12.508081436157227,
      3.514373779296875,
      1.7718690633773804,
      -0.34711626172065735,
      0.2138414978981018,
      0.7574502825737,
      1.3946142196655273
    ],
    [
      1.8197314739227295,
      -0.7162414193153381,
      -1.4122320413589478,
      -1.3240965604782104,
      8.606473922729492,
      10.879523277282715,
      24.250551223754883,
      20.491046905517578,
      48.70225143432617,
      38.751426696777344,
      33.70543670654297,
      28.1664981842041,
      16.474802017211914,
      9.308060646057129,
      7.475188732147217,
      4.266676425933838,
      2.7125110626220703,
      2.0213160514831543
    ],
    [
      4.935064792633057,
      -0.9454042911529541,
      -1.0199037790298462,
      0.0562041811645031,
      8.77989387512207,
      13.322152137756348,
      21.808151245117188,
      22.07768440246582,
      38.751426696777344,
      49.879642486572266,
      32.72270584106445,
      33.365413665771484,
      9.239534378051758,
      6.828818321228027,
      -0.43302059173583984,
      0.9300976395606995,
      1.255384922027588,
      2.1270852088928223
    ],
    [
      4.009212017059326,
      0.17181411385536194,
      -0.0034157384652644396,
      0.5608267188072205,
      6.684302806854248,
      8.95162296295166,
      13.866429328918457,
      12.99041748046875,
      33.70543670654297,
      32.72270584106445,
      46.87128448486328,
      34.07951736450195,
      24.406082153320312,
      15.57396411895752,
      15.200949668884277,
      9.839479446411133,
      5.618957996368408,
      3.2285871505737305
    ],
    [
      3.752563714981079,
      -0.2993834614753723,
      -0.2426794320344925,
      0.9939042329788208,
      5.758143901824951,
      9.594958305358887,
      11.444025039672852,
      12.508081436157227,
      28.1664981842041,
      33.365413665771484,
      34.07951736450195,
      37.33603286743164,
      13.643232345581055,
      11.54720687866211,
      4.057424545288086,
      4.885113716125488,
      2.242098569869995,
      2.5368988513946533
    ],
    [
      -5.51295280456543,
      1.489649772644043,
      0.4002150297164917,
      0.1430230289697647,
      3.267686367034912,
      2.7946372032165527,
      6.433565139770508,
      3.514373779296875,
      16.474802017211914,
      9.239534378051758,
      24.406082153320312,
      13.643232345581055,
      38.87654113769531,
      24.159568786621094,
      34.04010009765625,
      21.520034790039062,
      11.340792655944824,
      5.340096950531006
    ],
    [
      -4.167883396148682,
      1.2557175159454346,
      0.4992143213748932,
      0.3805549144744873,
      2.2289862632751465,
      2.441749095916748,
      2.939319133758545,
      1.7718690633773804,
      9.308060646057129,
      6.828818321228027,
      15.57396411895752,
      11.54720687866211,
      24.159568786621094,
      20.391572952270508,
      20.643762588500977,
      16.389013290405273,
      6.604424953460693,
      3.809871196746826
    ],
    [
      -5.102916717529297,
      2.3131818771362305,
      2.0223183631896973,
      1.4170726537704468,
      1.9665887355804443,
      0.7573356628417969,
      2.703050374984741,
      -0.34711626172065735,
      7.475188732147217,
      -0.43302059173583984,
      15.200949668884277,
      4.057424545288086,
      34.04010009765625,
      20.643762588500977,
      40.99018859863281,
      24.202411651611328,
      13.364215850830078,
      5.7102460861206055
    ],
    [
      -3.204604148864746,
      1.5983471870422363,
      1.301957607269287,
      1.43666410446167,
      1.8124449253082275,
      1.4104676246643066,
      1.9885225296020508,
      0.2138414978981018,
      4.266676425933838,
      0.9300976395606995,
      9.839479446411133,
      4.885113716125488,
      21.520034790039062,
      16.389013290405273,
      24.202411651611328,
      18.221372604370117,
      8.204998970031738,
      4.44793701171875
    ],
    [
      -1.2534427642822266,
      0.8035833835601807,
      0.44439253211021423,
      0.6648948192596436,
      1.2113960981369019,
      1.0395861864089966,
      1.3531473875045776,
      0.7574502825737,
      2.7125110626220703,
      1.255384922027588,
      5.618957996368408,
      2.242098569869995,
      11.340792655944824,
      6.604424953460693,
      13.364215850830078,
      8.204998970031738,
      6.446453094482422,
      3.0460617542266846
    ],
    [
      -0.04350290447473526,
      0.5719521045684814,
      0.24049411714076996,
      0.623599112033844,
      1.0672999620437622,
      1.3020827770233154,
      1.4514542818069458,
      1.3946142196655273,
      2.0213160514831543,
      2.1270852088928223,
      3.2285871505737305,
      2.5368988513946533,
      5.340096950531006,
      3.809871196746826,
      5.7102460861206055,
      4.44793701171875,
      3.0460617542266846,
      2.4414021968841553
    ]
  ],
  "damage": -5.271063804626465,
  "diff_bandwidth": 565.960693359375,
  "dissonance": 2.279197418175474,
  "drr": 1.6336065530776978,
  "dynamics": 1.7722572088241577,
  "format": 1245190,
  "frames": 7954432,
  "loudness": -14.265149116516113,
  "loudness_range": 4.942303657531738,
  "loudness_range_short": 5.800565719604492,
  "lowpass_true_peak_15khz": -0.17372141778469086,
  "mastering3_acoustic_entropies": [
    {
      "acoustic_entropy": 6.848136901855469,
      "acoustic_entropy_mono": 7.502124786376953,
      "band_eliminated_acoustic_entropies": [
        {
          "acoustic_entropy": 6.855893135070801,
          "acoustic_entropy_side": 6.850024700164795,
          "hz": 129.47220167065723
        },
        {
          "acoustic_entropy": 6.445255756378174,
          "acoustic_entropy_side": 6.850615978240967,
          "hz": 202.92927478742237
        },
        {
          "acoustic_entropy": 6.599127769470215,
          "acoustic_entropy_side": 6.896349906921387,
          "hz": 282.89161906338205
        },
        {
          "acoustic_entropy": 7.18625020980835,
          "acoustic_entropy_side": 6.9271769523620605,
          "hz": 369.9353335868758
        },
        {
          "acoustic_entropy": 7.2859625816345215,
          "acoustic_entropy_side": 7.099390029907227,
          "hz": 464.6875360973435
        },
        {
          "acoustic_entropy": 6.9557976722717285,
          "acoustic_entropy_side": 6.982203483581543,
          "hz": 567.8308811364784
        },
        {
          "acoustic_entropy": 6.093522071838379,
          "acoustic_entropy_side": 6.58251428604126,
          "hz": 680.1084783214808
        },
        {
          "acoustic_entropy": 6.644729137420654,
          "acoustic_entropy_side": 7.485720157623291,
          "hz": 802.3292461747484
        },
        {
          "acoustic_entropy": 7.419404029846191,
          "acoustic_entropy_side": 7.100465297698975,
          "hz": 935.3737400823702
        },
        {
          "acoustic_entropy": 6.453205585479736,
          "acoustic_entropy_side": 7.074501037597656,
          "hz": 1080.2004963696966
        },
        {
          "acoustic_entropy": 7.086952209472656,
          "acoustic_entropy_side": 6.243092060089111,
          "hz": 1237.8529382007157
        },
        {
          "acoustic_entropy": 6.982048034667969,
          "acoustic_entropy_side": 6.9100117683410645,
          "hz": 1409.4668930556702
        },
        {
          "acoustic_entropy": 6.8900041580200195,
          "acoustic_entropy_side": 7.058320045471191,
          "hz": 1596.2787759475705
        },
        {
          "acoustic_entropy": 6.924251079559326,
          "acoustic_entropy_side": 6.863819599151611,
          "hz": 1799.6344973346393
        },
        {
          "acoustic_entropy": 6.908921718597412,
          "acoustic_entropy_side": 6.864375591278076,
          "hz": 2020.9991599069049
        },
        {
          "acoustic_entropy": 6.873638153076172,
          "acoustic_entropy_side": 6.85036039352417,
          "hz": 2261.9676141086993
        },
        {
          "acoustic_entropy": 6.873555660247803,
          "acoustic_entropy_side": 6.851934909820557,
          "hz": 2524.2759484456974
        },
        {
          "acoustic_entropy": 6.856276988983154,
          "acoustic_entropy_side": 6.851114273071289,
          "hz": 2809.813997359896
        },
        {
          "acoustic_entropy": 6.851508617401123,
          "acoustic_entropy_side": 6.848625183105469,
          "hz": 3120.6389567871424
        },
        {
          "acoustic_entropy": 6.8513569831848145,
          "acoustic_entropy_side": 6.848578929901123,
          "hz": 3458.990205492291
        },
        {
          "acoustic_entropy": 6.848453521728516,
          "acoustic_entropy_side": 6.848212718963623,
          "hz": 3827.305438964164
        },
        {
          "acoustic_entropy": 6.84947395324707,
          "acoustic_entropy_side": 6.848221778869629,
          "hz": 4228.238232109126
        },
        {
          "acoustic_entropy": 6.8498454093933105,
          "acoustic_entropy_side": 6.848226070404053,
          "hz": 4664.6771572759235
        },
        {
          "acoustic_entropy": 6.852374076843262,
          "acoustic_entropy_side": 6.848227024078369,
          "hz": 5139.766595350093
        },
        {
          "acoustic_entropy": 6.854264259338379,
          "acoustic_entropy_side": 6.84829568862915,
          "hz": 5656.929389854203
        },
        {
          "acoustic_entropy": 6.8529133796691895,
          "acoustic_entropy_side": 6.848346710205078,
          "hz": 6219.891507268283
        },
        {
          "acoustic_entropy": 6.855785369873047,
          "acoustic_entropy_side": 6.848630905151367,
          "hz": 6832.70888123896
        },
        {
          "acoustic_entropy": 6.871860027313232,
          "acoustic_entropy_side": 6.850719451904297,
          "hz": 7499.796634079867
        },
        {
          "acoustic_entropy": 6.897406101226807,
          "acoustic_entropy_side": 6.855177402496338,
          "hz": 8225.96088609342
        },
        {
          "acoustic_entropy": 6.864703178405762,
          "acoustic_entropy_side": 6.852105140686035,
          "hz": 9016.43338188839
        },
        {
          "acoustic_entropy": 6.856812477111816,
          "acoustic_entropy_side": 6.84830904006958,
          "hz": 9876.909183162974
        },
        {
          "acoustic_entropy": 6.833651065826416,
          "acoustic_entropy_side": 6.84787654876709,
          "hz": 10813.587699516042
        },
        {
          "acoustic_entropy": 6.875160217285156,
          "acoustic_entropy_side": 6.848336219787598,
          "hz": 11833.21735289826
        },
        {
          "acoustic_entropy": 6.861324310302734,
          "acoustic_entropy_side": 6.848291873931885,
          "hz": 12943.144197493959
        },
        {
          "acoustic_entropy": 6.850386142730713,
          "acoustic_entropy_side": 6.8481926918029785,
          "hz": 14151.364845322005
        },
        {
          "acoustic_entropy": 6.848917484283447,
          "acoustic_entropy_side": 6.848240852355957,
          "hz": 15466.58407886509
        },
        {
          "acoustic_entropy": 6.848618984222412,
          "acoustic_entropy_side": 6.848228454589844,
          "hz": 16898.27756580493
        },
        {
          "acoustic_entropy": 6.848319053649902,
          "acoustic_entropy_side": 6.848160743713379,
          "hz": 18456.760127700032
        },
        {
          "acoustic_entropy": 6.848230838775635,
          "acoustic_entropy_side": 6.848147392272949,
          "hz": 20153.260054456492
        },
        {
          "acoustic_entropy": 6.848148345947266,
          "acoustic_entropy_side": 6.848138332366943,
          "hz": 22000.00000000001
        }
      ],
      "diff_acoustic_entropy": 2.9875504970550537,
      "sn": 6
    },
    {
      "acoustic_entropy": 10.155879974365234,
      "acoustic_entropy_mono": 10.829216957092285,
      "band_eliminated_acoustic_entropies": [
        {
          "acoustic_entropy": 10.109188079833984,
          "acoustic_entropy_side": 10.1165189743042,
          "hz": 129.47220167065723
        },
        {
          "acoustic_entropy": 10.102952003479004,
          "acoustic_entropy_side": 10.15042781829834,
          "hz": 202.92927478742237
        },
        {
          "acoustic_entropy": 10.579514503479004,
          "acoustic_entropy_side": 10.187864303588867,
          "hz": 282.89161906338205
        },
        {
          "acoustic_entropy": 10.873417854309082,
          "acoustic_entropy_side": 9.998446464538574,
          "hz": 369.9353335868758
        },
        {
          "acoustic_entropy": 11.31454086303711,
          "acoustic_entropy_side": 10.540840148925781,
          "hz": 464.6875360973435
        },
        {
          "acoustic_entropy": 10.99639892578125,
          "acoustic_entropy_side": 10.894904136657715,
          "hz": 567.8308811364784
        },
        {
          "acoustic_entropy": 9.550045013427734,
          "acoustic_entropy_side": 10.72385311126709,
          "hz": 680.1084783214808
        },
        {
          "acoustic_entropy": 9.398832321166992,
          "acoustic_entropy_side": 10.661170959472656,
          "hz": 802.3292461747484
        },
        {
          "acoustic_entropy": 9.638428688049316,
          "acoustic_entropy_side": 11.32223129272461,
          "hz": 935.3737400823702
        },
        {
          "acoustic_entropy": 10.136138916015625,
          "acoustic_entropy_side": 10.085100173950195,
          "hz": 1080.2004963696966
        },
        {
          "acoustic_entropy": 9.569022178649902,
          "acoustic_entropy_side": 10.100420951843262,
          "hz": 1237.8529382007157
        },
        {
          "acoustic_entropy": 10.235280990600586,
          "acoustic_entropy_side": 10.361404418945312,
          "hz": 1409.4668930556702
        },
        {
          "acoustic_entropy": 10.203397750854492,
          "acoustic_entropy_side": 10.532052993774414,
          "hz": 1596.2787759475705
        },
        {
          "acoustic_entropy": 10.227657318115234,
          "acoustic_entropy_side": 10.19137191772461,
          "hz": 1799.6344973346393
        },
        {
          "acoustic_entropy": 10.331746101379395,
          "acoustic_entropy_side": 10.041356086730957,
          "hz": 2020.9991599069049
        },
        {
          "acoustic_entropy": 10.048069953918457,
          "acoustic_entropy_side": 10.142794609069824,
          "hz": 2261.9676141086993
        },
        {
          "acoustic_entropy": 10.079463958740234,
          "acoustic_entropy_side": 10.142424583435059,
          "hz": 2524.2759484456974
        },
        {
          "acoustic_entropy": 10.029172897338867,
          "acoustic_entropy_side": 10.14499568939209,
          "hz": 2809.813997359896
        },
        {
          "acoustic_entropy": 10.091387748718262,
          "acoustic_entropy_side": 10.14797592163086,
          "hz": 3120.6389567871424
        },
        {
          "acoustic_entropy": 10.130623817443848,
          "acoustic_entropy_side": 10.157264709472656,
          "hz": 3458.990205492291
        },
        {
          "acoustic_entropy": 10.144177436828613,
          "acoustic_entropy_side": 10.155805587768555,
          "hz": 3827.305438964164
        },
        {
          "acoustic_entropy": 10.137687683105469,
          "acoustic_entropy_side": 10.155330657958984,
          "hz": 4228.238232109126
        },
        {
          "acoustic_entropy": 10.154830932617188,
          "acoustic_entropy_side": 10.155876159667969,
          "hz": 4664.6771572759235
        },
        {
          "acoustic_entropy": 10.145334243774414,
          "acoustic_entropy_side": 10.155802726745605,
          "hz": 5139.766595350093
        },
        {
          "acoustic_entropy": 10.126964569091797,
          "acoustic_entropy_side": 10.155485153198242,
          "hz": 5656.929389854203
        },
        {
          "acoustic_entropy": 10.133245468139648,
          "acoustic_entropy_side": 10.155616760253906,
          "hz": 6219.891507268283
        },
        {
          "acoustic_entropy": 10.14720344543457,
          "acoustic_entropy_side": 10.155367851257324,
          "hz": 6832.70888123896
        },
        {
          "acoustic_entropy": 10.151206016540527,
          "acoustic_entropy_side": 10.149992942810059,
          "hz": 7499.796634079867
        },
        {
          "acoustic_entropy": 10.096540451049805,
          "acoustic_entropy_side": 10.148351669311523,
          "hz": 8225.96088609342
        },
        {
          "acoustic_entropy": 9.670138359069824,
          "acoustic_entropy_side": 10.148151397705078,
          "hz": 9016.43338188839
        },
        {
          "acoustic_entropy": 9.764878273010254,
          "acoustic_entropy_side": 10.142043113708496,
          "hz": 9876.909183162974
        },
        {
          "acoustic_entropy": 9.825178146362305,
          "acoustic_entropy_side": 10.140953063964844,
          "hz": 10813.587699516042
        },
        {
          "acoustic_entropy": 9.942378044128418,
          "acoustic_entropy_side": 10.15063190460205,
          "hz": 11833.21735289826
        },
        {
          "acoustic_entropy": 10.051474571228027,
          "acoustic_entropy_side": 10.154227256774902,
          "hz": 12943.144197493959
        },
        {
          "acoustic_entropy": 10.095390319824219,
          "acoustic_entropy_side": 10.155343055725098,
          "hz": 14151.364845322005
        },
        {
          "acoustic_entropy": 10.138936042785645,
          "acoustic_entropy_side": 10.155654907226562,
          "hz": 15466.58407886509
        },
        {
          "acoustic_entropy": 10.14931583404541,
          "acoustic_entropy_side": 10.155702590942383,
          "hz": 16898.27756580493
        },
        {
          "acoustic_entropy": 10.153175354003906,
          "acoustic_entropy_side": 10.155717849731445,
          "hz": 18456.760127700032
        },
        {
          "acoustic_entropy": 10.154850959777832,
          "acoustic_entropy_side": 10.155683517456055,
          "hz": 20153.260054456492
        },
        {
          "acoustic_entropy": 10.155783653259277,
          "acoustic_entropy_side": 10.15585994720459,
          "hz": 22000.00000000001
        }
      ],
      "diff_acoustic_entropy": 5.277096271514893,
      "sn": 12
    },
    {
      "acoustic_entropy": 17.744739532470703,
      "acoustic_entropy_mono": 15.218663215637207,
      "band_eliminated_acoustic_entropies": [
        {
          "acoustic_entropy": 17.276081085205078,
          "acoustic_entropy_side": 17.170135498046875,
          "hz": 129.47220167065723
        },
        {
          "acoustic_entropy": 17.55734634399414,
          "acoustic_entropy_side": 17.840911865234375,
          "hz": 202.92927478742237
        },
        {
          "acoustic_entropy": 17.2639217376709,
          "acoustic_entropy_side": 17.65235137939453,
          "hz": 282.89161906338205
        },
        {
          "acoustic_entropy": 18.426639556884766,
          "acoustic_entropy_side": 17.66325569152832,
          "hz": 369.9353335868758
        },
        {
          "acoustic_entropy": 17.550493240356445,
          "acoustic_entropy_side": 18.19175910949707,
          "hz": 464.6875360973435
        },
        {
          "acoustic_entropy": 18.005571365356445,
          "acoustic_entropy_side": 17.941308975219727,
          "hz": 567.8308811364784
        },
        {
          "acoustic_entropy": 17.598501205444336,
          "acoustic_entropy_side": 17.71912956237793,
          "hz": 680.1084783214808
        },
        {
          "acoustic_entropy": 17.542268753051758,
          "acoustic_entropy_side": 18.381563186645508,
          "hz": 802.3292461747484
        },
        {
          "acoustic_entropy": 17.007707595825195,
          "acoustic_entropy_side": 18.415544509887695,
          "hz": 935.3737400823702
        },
        {
          "acoustic_entropy": 17.965585708618164,
          "acoustic_entropy_side": 17.12903594970703,
          "hz": 1080.2004963696966
        },
        {
          "acoustic_entropy": 15.891915321350098,
          "acoustic_entropy_side": 17.4346923828125,
          "hz": 1237.8529382007157
        },
        {
          "acoustic_entropy": 18.863521575927734,
          "acoustic_entropy_side": 18.18828010559082,
          "hz": 1409.4668930556702
        },
        {
          "acoustic_entropy": 18.103839874267578,
          "acoustic_entropy_side": 17.629404067993164,
          "hz": 1596.2787759475705
        },
        {
          "acoustic_entropy": 18.13874053955078,
          "acoustic_entropy_side": 18.269798278808594,
          "hz": 1799.6344973346393
        },
        {
          "acoustic_entropy": 17.293636322021484,
          "acoustic_entropy_side": 17.888681411743164,
          "hz": 2020.9991599069049
        },
        {
          "acoustic_entropy": 18.21928596496582,
          "acoustic_entropy_side": 18.098129272460938,
          "hz": 2261.9676141086993
        },
        {
          "acoustic_entropy": 17.832042694091797,
          "acoustic_entropy_side": 17.83934211730957,
          "hz": 2524.2759484456974
        },
        {
          "acoustic_entropy": 17.255207061767578,
