{
  "acoustic_entropy": 149.91036987304688,
  "bands": [
    {
      "high_freq": 148.1999969482422,
      "loudness": -19.917200088500977,
      "loudness_range": 10.147345542907715,
      "mid_mean": -20.347688674926758,
      "mid_to_side_loudness": 1.3832497596740723,
      "mid_to_side_loudness_range": 10.255496978759766,
      "side_mean": -18.86132049560547
    },
    {
      "high_freq": 392.3793640136719,
      "loudness": -19.713001251220703,
      "loudness_range": 9.838346481323242,
      "low_freq": 148.1999969482422,
      "mid_mean": -19.83659553527832,
      "mid_to_side_loudness": 1.2881734371185303,
      "mid_to_side_loudness_range": 6.5704545974731445,
      "side_mean": -18.598716735839844
    },
    {
      "high_freq": 794.6976318359375,
      "loudness": -22.107891082763672,
      "loudness_range": 11.292839050292969,
      "low_freq": 392.3793640136719,
      "mid_mean": -22.63807487487793,
      "mid_to_side_loudness": 2.0557408332824707,
      "mid_to_side_loudness_range": 5.116453647613525,
      "side_mean": -20.596317291259766
    },
    {
      "high_freq": 1457.5709228515625,
      "loudness": -24.392797470092773,
      "loudness_range": 12.280397415161133,
      "low_freq": 794.6976318359375,
      "mid_mean": -24.967418670654297,
      "mid_to_side_loudness": 2.1316795349121094,
      "mid_to_side_loudness_range": 4.349634170532227,
      "side_mean": -22.824722290039062
    },
    {
      "high_freq": 2549.74365234375,
      "loudness": -27.120826721191406,
      "loudness_range": 12.682910919189453,
      "low_freq": 1457.5709228515625,
      "mid_mean": -27.34307289123535,
      "mid_to_side_loudness": 1.5921021699905396,
      "mid_to_side_loudness_range": 3.785372495651245,
      "side_mean": -25.78217315673828
    },
    {
      "high_freq": 4349.24462890625,
      "loudness": -36.547767639160156,
      "loudness_range": 19.356075286865234,
      "low_freq": 2549.74365234375,
      "mid_mean": -36.46355056762695,
      "mid_to_side_loudness": 1.0720140933990479,
      "mid_to_side_loudness_range": 3.8401246070861816,
      "side_mean": -35.43843460083008
    },
    {
      "high_freq": 7314.1640625,
      "loudness": -50.763763427734375,
      "loudness_range": 22.12578582763672,
      "low_freq": 4349.24462890625,
      "mid_mean": -51.28339767456055,
      "mid_to_side_loudness": 0.3249969482421875,
      "mid_to_side_loudness_range": 3.6268324851989746,
      "side_mean": -50.98070526123047
    },
    {
      "high_freq": 12199.2666015625,
      "loudness": -66.3536376953125,
      "loudness_range": 21.651874542236328,
      "low_freq": 7314.1640625,
      "mid_mean": -62.776485443115234,
      "mid_to_side_loudness": -2.3191468715667725,
      "mid_to_side_loudness_range": 2.9345645904541016,
      "side_mean": -64.26764678955078
    },
    {
      "loudness": -71.16629028320312,
      "loudness_range": 7.9884033203125,
      "low_freq": 12199.2666015625,
      "mid_mean": -66.70588684082031,
      "mid_to_side_loudness": -1.3326622247695923,
      "mid_to_side_loudness_range": 2.7266125679016113,
      "side_mean": -67.4320297241211
    }
  ],
  "bands_short": [
    {
      "high_freq": 148.1999969482422,
      "loudness": -21.756359100341797,
      "loudness_range": 12.52094554901123,
      "mid_mean": -22.193334579467773,
      "mid_to_side_loudness": 0.6626690626144409,
      "mid_to_side_loudness_range": 15.126054763793945,
      "side_mean": -21.379253387451172
    },
    {
      "high_freq": 392.3793640136719,
      "loudness": -18.635814666748047,
      "loudness_range": 9.226961135864258,
      "low_freq": 148.1999969482422,
      "mid_mean": -19.051246643066406,
      "mid_to_side_loudness": 1.6100009679794312,
      "mid_to_side_loudness_range": 8.717018127441406,
      "side_mean": -17.43675994873047
    },
    {
      "high_freq": 794.6976318359375,
      "loudness": -22.281251907348633,
      "loudness_range": 11.352388381958008,
      "low_freq": 392.3793640136719,
      "mid_mean": -22.95490264892578,
      "mid_to_side_loudness": 2.1967391967773438,
      "mid_to_side_loudness_range": 6.587249755859375,
      "side_mean": -20.766891479492188
    },
    {
      "high_freq": 1457.5709228515625,
      "loudness": -23.9766902923584,
      "loudness_range": 12.65505599975586,
      "low_freq": 794.6976318359375,
      "mid_mean": -24.44828987121582,
      "mid_to_side_loudness": 1.897748351097107,
      "mid_to_side_loudness_range": 5.965969085693359,
      "side_mean": -22.560222625732422
    },
    {
      "high_freq": 2549.74365234375,
      "loudness": -27.06757354736328,
      "loudness_range": 12.62983512878418,
      "low_freq": 1457.5709228515625,
      "mid_mean": -27.37502670288086,
      "mid_to_side_loudness": 1.620681643486023,
      "mid_to_side_loudness_range": 5.682270526885986,
      "side_mean": -25.780521392822266
    },
    {
      "high_freq": 4349.24462890625,
      "loudness": -36.53475570678711,
      "loudness_range": 19.383838653564453,
      "low_freq": 2549.74365234375,
      "mid_mean": -36.50788879394531,
      "mid_to_side_loudness": 1.04109525680542,
      "mid_to_side_loudness_range": 6.129408836364746,
      "side_mean": -35.519203186035156
    },
    {
      "high_freq": 7314.1640625,
      "loudness": -50.70294952392578,
      "loudness_range": 22.67324447631836,
      "low_freq": 4349.24462890625,
      "mid_mean": -51.33663558959961,
      "mid_to_side_loudness": 0.3130096197128296,
      "mid_to_side_loudness_range": 6.104509353637695,
      "side_mean": -51.05063247680664
    },
    {
      "high_freq": 12199.2666015625,
      "loudness": -66.35404205322266,
      "loudness_range": 21.503467559814453,
      "low_freq": 7314.1640625,
      "mid_mean": -62.797508239746094,
      "mid_to_side_loudness": -2.3395261764526367,
      "mid_to_side_loudness_range": 3.959928274154663,
      "side_mean": -64.31134033203125
    },
    {
      "loudness": -71.1469955444336,
      "loudness_range": 8.045455932617188,
      "low_freq": 12199.2666015625,
      "mid_mean": -66.69599914550781,
      "mid_to_side_loudness": -1.3450043201446533,
      "mid_to_side_loudness_range": 3.1573896408081055,
      "side_mean": -67.4288558959961
    }
  ],
  "bandwidth": 416.4468688964844,
  "channels": 2,
  "covariance": [
    [
      18.10701560974121,
      13.77482795715332,
      4.731422424316406,
      6.225895881652832,
      4.344818592071533,
      4.197826862335205,
      4.008981704711914,
      3.4252943992614746,
      2.71960711479187,
      2.660346508026123,
      1.4327102899551392,
      2.0746707916259766,
      -0.48670491576194763,
      -0.41404733061790466,
      -1.4901702404022217,
      -1.6880123615264893,
      1.50225031375885,
      0.9328439235687256
    ],
    [
      13.77482795715332,
      22.802785873413086,
      8.770740509033203,
      10.488198280334473,
      8.631446838378906,
      8.062104225158691,
      7.759085178375244,
      7.481962203979492,
      7.276763439178467,
      6.690494537353516,
      8.3877592086792,
      8.525622367858887,
      7.163875102996826,
      7.259289741516113,
      3.2047061920166016,
      2.411219596862793,
      2.3407163619995117,
      1.4707121849060059
    ],
    [
      4.731422424316406,
      8.770740509033203,
      14.752002716064453,
      11.84899616241455,
      12.367228507995605,
      12.70880126953125,
      13.256002426147461,
      12.94188404083252,
      14.056042671203613,
      13.556485176086426,
      19.260766983032227,
      19.139028549194336,
      21.944997787475586,
      22.350101470947266,
      12.449779510498047,
      11.178289413452148,
      3.2725343704223633,
      2.0485408306121826
    ],
    [
      6.225895881652832,
      10.488198280334473,
      11.84899616241455,
      14.809760093688965,
      11.68578052520752,
      11.552267074584961,
      11.7736234664917,
      11.329293251037598,
      12.022351264953613,
      11.681809425354004,
      16.575559616088867,
      16.605993270874023,
      18.414710998535156,
      18.889806747436523,
      9.914424896240234,
      8.75193977355957,
      2.5941033363342285,
      1.6553503274917603
    ],
    [
      4.344818592071533,
      8.631446838378906,
      12.367228507995605,
      11.68578052520752,
      16.80615997314453,
      15.357787132263184,
      17.192102432250977,
      16.533676147460938,
      18.02812957763672,
      17.421239852905273,
      23.23380470275879,
      23.831254959106445,
      28.61493682861328,
      29.05221176147461,
      16.36107635498047,
      14.442110061645508,
      4.77101469039917,
      2.893521785736084
    ],
    [
      4.197826862335205,
      8.062104225158691,
      12.70880126953125,
      11.552267074584961,
      15.357787132263184,
      17.585514068603516,
      17.79500389099121,
      17.051172256469727,
      18.704410552978516,
      18.089941024780273,
      23.93242645263672,
      24.597227096557617,
      29.321054458618164,
      29.87810516357422,
      17.089723587036133,
      15.336938858032227,
      5.290813446044922,
      3.213900566101074
    ],
    [
      4.008981704711914,
      7.759085178375244,
      13.256002426147461,
      11.7736234664917,
      17.192102432250977,
      17.79500389099121,
      23.465778350830078,
      20.939449310302734,
      22.74376106262207,
      22.079647064208984,
      27.766902923583984,
      28.68400001525879,
      34.351070404052734,
      34.504459381103516,
      21.095762252807617,
      18.93011474609375,
      6.736411094665527,
      4.020895004272461
    ],
    [
      3.4252943992614746,
      7.481962203979492,
      12.94188404083252,
      11.329293251037598,
      16.533676147460938,
      17.051172256469727,
      20.939449310302734,
      21.206714630126953,
      21.65680694580078,
      21.02399444580078,
      26.462997436523438,
      27.339927673339844,
      32.57917785644531,
      32.799102783203125,
      20.183513641357422,
      18.1838321685791,
      6.1911444664001465,
      3.703392744064331
    ],
    [
      2.71960711479187,
      7.276763439178467,
      14.056042671203613,
      12.022351264953613,
      18.02812957763672,
      18.704410552978516,
      22.74376106262207,
      21.65680694580078,
      25.758193969726562,
      23.765249252319336,
      30.511287689208984,
      31.358325958251953,
      37.65327072143555,
      38.03969955444336,
      23.09225845336914,
      20.693523406982422,
      6.853656768798828,
      4.047576904296875
    ],
    [
      2.660346508026123,
      6.690494537353516,
      13.556485176086426,
      11.681809425354004,
      17.421239852905273,
      18.089941024780273,
      22.079647064208984,
      21.02399444580078,
      23.765249252319336,
      24.005329132080078,
      29.17913055419922,
      29.979753494262695,
      36.16754913330078,
      36.39459228515625,
      22.644115447998047,
      20.379711151123047,
      6.655255317687988,
      3.9708447456359863
    ],
    [
      1.4327102899551392,
      8.3877592086792,
      19.260766983032227,
      16.575559616088867,
      23.23380470275879,
      23.93242645263672,
      27.766902923583984,
      26.462997436523438,
      30.511287689208984,
      29.17913055419922,
      44.98905563354492,
      44.0533561706543,
      50.98978805541992,
      51.58830642700195,
      31.02060890197754,
      28.02560043334961,
      8.685687065124512,
      5.244062900543213
    ],
    [
      2.0746707916259766,
      8.525622367858887,
      19.139028549194336,
      16.605993270874023,
      23.831254959106445,
      24.597227096557617,
      28.68400001525879,
      27.339927673339844,
      31.358325958251953,
      29.979753494262695,
      44.0533561706543,
      45.80873107910156,
      51.52802276611328,
      52.04899978637695,
      31.219751358032227,
      28.097793579101562,
      8.980101585388184,
      5.367312908172607
    ],
    [
      -0.48670491576194763,
      7.163875102996826,
      21.944997787475586,
      18.414710998535156,
      28.61493682861328,
      29.321054458618164,
      34.351070404052734,
      32.57917785644531,
      37.65327072143555,
      36.16754913330078,
      50.98978805541992,
      51.52802276611328,
      81.3547134399414,
      81.47859954833984,
      44.640533447265625,
      39.81638717651367,
      10.816904067993164,
      6.194044589996338
    ],
    [
      -0.41404733061790466,
      7.259289741516113,
      22.350101470947266,
      18.889806747436523,
      29.05221176147461,
      29.87810516357422,
      34.504459381103516,
      32.799102783203125,
      38.03969955444336,
      36.39459228515625,
      51.58830642700195,
      52.04899978637695,
      81.47859954833984,
      83.0925521850586,
      44.701045989990234,
      39.85655212402344,
      10.74848461151123,
      6.1196370124816895
    ],
    [
      -1.4901702404022217,
      3.2047061920166016,
      12.449779510498047,
      9.914424896240234,
      16.36107635498047,
      17.089723587036133,
      21.095762252807617,
      20.183513641357422,
      23.09225845336914,
      22.644115447998047,
      31.02060890197754,
      31.219751358032227,
      44.640533447265625,
      44.701045989990234,
      30.867494583129883,
      28.566490173339844,
      7.288948059082031,
      4.419991970062256
    ],
    [
      -1.6880123615264893,
      2.411219596862793,
      11.178289413452148,
      8.75193977355957,
      14.442110061645508,
      15.336938858032227,
      18.93011474609375,
      18.1838321685791,
      20.693523406982422,
      20.379711151123047,
      28.02560043334961,
      28.097793579101562,
      39.81638717651367,
      39.85655212402344,
      28.566490173339844,
      27.65192413330078,
      6.811636447906494,
      4.310483455657959
    ],
    [
      1.50225031375885,
      2.3407163619995117,
      3.2725343704223633,
      2.5941033363342285,
      4.77101469039917,
      5.290813446044922,
      6.736411094665527,
      6.1911444664001465,
      6.853656768798828,
      6.655255317687988,
      8.685687065124512,
      8.980101585388184,
      10.816904067993164,
      10.74848461151123,
      7.288948059082031,
      6.811636447906494,
      2.8646135330200195,
      1.7993438243865967
    ],
    [
      0.9328439235687256,
      1.4707121849060059,
      2.0485408306121826,
      1.6553503274917603,
      2.893521785736084,
      3.213900566101074,
      4.020895004272461,
      3.703392744064331,
      4.047576904296875,
      3.9708447456359863,
      5.244062900543213,
      5.367312908172607,
      6.194044589996338,
      6.1196370124816895,
      4.419991970062256,
      4.310483455657959,
      1.7993438243865967,
      1.2316629886627197
    ]
  ],
  "covariance_short": [
    [
      27.673864364624023,
      14.114277839660645,
      5.314229965209961,
      5.9959716796875,
      4.048733711242676,
      4.200547695159912,
      4.199626445770264,
      3.894300699234009,
      2.9121806621551514,
      3.0374574661254883,
      1.4020287990570068,
      1.981108546257019,
      0.28134796023368835,
      0.4292967915534973,
      -0.6297370195388794,
      -0.9061746001243591,
      1.7823288440704346,
      1.075676679611206
    ],
    [
      14.114277839660645,
      30.62193489074707,
      8.453110694885254,
      9.926556587219238,
      7.88317346572876,
      7.832310676574707,
      8.338300704956055,
      7.934457302093506,
      7.325125217437744,
      6.611814022064209,
      8.348298072814941,
      8.544707298278809,
      8.12602424621582,
      8.381183624267578,
      3.9791650772094727,
      3.3042097091674805,
      2.705033540725708,
      1.7287774085998535
    ],
    [
      5.314229965209961,
      8.453110694885254,
      13.89310359954834,
      9.631954193115234,
      10.708027839660645,
      11.17751407623291,
      11.543036460876465,
      11.505247116088867,
      11.794890403747559,
      11.006717681884766,
      15.80185604095459,
      15.735422134399414,
      18.61599349975586,
      18.95940399169922,
      10.31043529510498,
      9.2158203125,
      2.799687623977661,
      1.7719899415969849
    ],
    [
      5.9959716796875,
      9.926556587219238,
      9.631954193115234,
      14.94293212890625,
      10.512208938598633,
      10.448654174804688,
      10.760217666625977,
      10.56824779510498,
      10.71408462524414,
      10.162383079528809,
      14.754212379455566,
      14.700533866882324,
      15.942366600036621,
      16.44112777709961,
      8.42251968383789,
      7.335218906402588,
      2.273704767227173,
      1.4396802186965942
    ],
    [
      4.048733711242676,
      7.88317346572876,
      10.708027839660645,
      10.512208938598633,
      17.422760009765625,
      15.10083293914795,
      16.699480056762695,
      16.450794219970703,
      17.442501068115234,
      16.41586685180664,
      22.551084518432617,
      23.288650512695312,
      27.94917106628418,
      28.505769729614258,
      15.944307327270508,
      13.973759651184082,
      4.658700942993164,
      2.824470043182373
    ],
    [
      4.200547695159912,
      7.832310676574707,
      11.17751407623291,
      10.448654174804688,
      15.10083293914795,
      18.415151596069336,
      17.584980010986328,
      17.210834503173828,
      18.167991638183594,
      17.295705795288086,
      23.356943130493164,
      24.181720733642578,
      28.997180938720703,
      29.69414520263672,
      16.72788429260254,
      14.90926456451416,
      5.13568639755249,
      3.120958089828491
    ],
    [
      4.199626445770264,
      8.338300704956055,
      11.543036460876465,
      10.760217666625977,
      16.699480056762695,
      17.584980010986328,
      23.94736671447754,
      21.039348602294922,
      22.32768440246582,
      21.299612045288086,
      27.122438430786133,
      28.19020652770996,
      34.027610778808594,
      34.40348815917969,
      20.63666343688965,
      18.34528350830078,
      6.571522235870361,
      3.921863317489624
    ],
    [
      3.894300699234009,
      7.934457302093506,
      11.505247116088867,
      10.56824779510498,
      16.450794219970703,
      17.210834503173828,
      21.039348602294922,
      22.96088981628418,
      21.61867332458496,
      20.606433868408203,
      26.30061149597168,
      27.383209228515625,
      32.79045104980469,
      33.20252990722656,
      20.170358657836914,
      18.000730514526367,
      6.327678203582764,
      3.7751753330230713
    ],
    [
      2.9121806621551514,
      7.325125217437744,
      11.794890403747559,
      10.71408462524414,
      17.442501068115234,
      18.167991638183594,
      22.32768440246582,
      21.61867332458496,
      26.415836334228516,
      22.852161407470703,
      29.631982803344727,
      30.5570125579834,
      36.87510299682617,
      37.425418853759766,
      22.58639144897461,
      20.106435775756836,
      6.8244948387146,
      4.0225300788879395
    ],
    [
      3.0374574661254883,
      6.611814022064209,
      11.006717681884766,
      10.162383079528809,
      16.41586685180664,
      17.295705795288086,
      21.299612045288086,
      20.606433868408203,
      22.852161407470703,
      23.956031799316406,
      27.828857421875,
      28.865928649902344,
      34.987518310546875,
      35.34141540527344,
      21.852127075195312,
      19.54360008239746,
      6.563065528869629,
      3.9085822105407715
    ],
    [
      1.4020287990570068,
      8.348298072814941,
      15.80185604095459,
      14.754212379455566,
      22.551084518432617,
      23.356943130493164,
      27.122438430786133,
      26.30061149597168,
      29.631982803344727,
      27.828857421875,
      45.14131164550781,
      43.165191650390625,
      49.944549560546875,
      50.66283416748047,
      30.325632095336914,
      27.164587020874023,
      8.615772247314453,
      5.204178333282471
    ],
    [
      1.981108546257019,
      8.544707298278809,
      15.735422134399414,
      14.700533866882324,
      23.288650512695312,
      24.181720733642578,
      28.19020652770996,
      27.383209228515625,
      30.5570125579834,
      28.865928649902344,
      43.165191650390625,
      46.5661506652832,
      50.8470458984375,
      51.610286712646484,
      30.760709762573242,
      27.4973087310791,
      8.96151065826416,
      5.351626396179199
    ],
    [
      0.28134796023368835,
      8.12602424621582,
      18.61599349975586,
      15.942366600036621,
      27.94917106628418,
      28.997180938720703,
      34.027610778808594,
      32.79045104980469,
      36.87510299682617,
      34.987518310546875,
      49.944549560546875,
      50.8470458984375,
      81.88091278076172,
      80.91910552978516,
      43.95587921142578,
      38.84796905517578,
      10.819136619567871,
      6.177682399749756
    ],
    [
      0.4292967915534973,
      8.381183624267578,
      18.95940399169922,
      16.44112777709961,
      28.505769729614258,
      29.69414520263672,
      34.40348815917969,
      33.20252990722656,
      37.425418853759766,
      35.34141540527344,
      50.66283416748047,
      51.610286712646484,
      80.91910552978516,
      84.17525482177734,
      44.22907257080078,
      39.090152740478516,
      10.829578399658203,
      6.144754886627197
    ],
    [
      -0.6297370195388794,
      3.9791650772094727,
      10.31043529510498,
      8.42251968383789,
      15.944307327270508,
      16.72788429260254,
      20.63666343688965,
      20.170358657836914,
      22.58639144897461,
      21.852127075195312,
      30.325632095336914,
      30.760709762573242,
      43.95587921142578,
      44.22907257080078,
      30.585065841674805,
      27.508094787597656,
      7.29361629486084,
      4.405211448669434
    ],
    [
      -0.9061746001243591,
      3.3042097091674805,
      9.2158203125,
      7.335218906402588,
      13.973759651184082,
      14.90926456451416,
      18.34528350830078,
      18.000730514526367,
      20.106435775756836,
      19.54360008239746,
      27.164587020874023,
      27.4973087310791,
      38.84796905517578,
      39.090152740478516,
      27.508094787597656,
      26.940990447998047,
      6.770342826843262,
      4.265561580657959
    ],
    [
      1.7823288440704346,
      2.705033540725708,
      2.799687623977661,
      2.273704767227173,
      4.658700942993164,
      5.13568639755249,
      6.571522235870361,
      6.327678203582764,
      6.8244948387146,
      6.563065528869629,
      8.615772247314453,
      8.96151065826416,
      10.819136619567871,
      10.829578399658203,
      7.29361629486084,
      6.770342826843262,
      2.9265220165252686,
      1.8191478252410889
    ],
    [
      1.075676679611206,
      1.7287774085998535,
      1.7719899415969849,
      1.4396802186965942,
      2.824470043182373,
      3.120958089828491,
      3.921863317489624,
      3.7751753330230713,
      4.0225300788879395,
      3.9085822105407715,
      5.204178333282471,
      5.351626396179199,
      6.177682399749756,
      6.144754886627197,
      4.405211448669434,
      4.265561580657959,
      1.8191478252410889,
      1.261720061302185
    ]
  ],
  "damage": -5.01369047164917,
  "diff_bandwidth": 544.5888671875,
  "dissonance": 5.310524541430777,
  "drr": 6.054366111755371,
  "dynamics": 3.0722317695617676,
  "format": 1245190,
  "frames": 11380736,
  "loudness": -11.13811206817627,
  "loudness_range": 9.082990646362305,
  "loudness_range_short": 9.15816593170166,
  "lowpass_true_peak_15khz": -0.10433418303728104,
  "mastering3_acoustic_entropies": [
    {
      "acoustic_entropy": 3.3114013671875,
      "acoustic_entropy_mono": 2.172157049179077,
      "band_eliminated_acoustic_entropies": [
        {
          "acoustic_entropy": 3.2993786334991455,
          "acoustic_entropy_side": 3.2026207447052,
          "hz": 129.47220167065723
        },
        {
          "acoustic_entropy": 2.849067449569702,
          "acoustic_entropy_side": 3.0168721675872803,
          "hz": 202.92927478742237
        },
        {
          "acoustic_entropy": 3.265850782394409,
          "acoustic_entropy_side": 3.2523679733276367,
          "hz": 282.89161906338205
        },
        {
          "acoustic_entropy": 3.287252187728882,
          "acoustic_entropy_side": 3.354454278945923,
          "hz": 369.9353335868758
        },
        {
          "acoustic_entropy": 3.2882959842681885,
          "acoustic_entropy_side": 3.2715370655059814,
          "hz": 464.6875360973435
        },
        {
          "acoustic_entropy": 3.4397387504577637,
          "acoustic_entropy_side": 3.4229092597961426,
          "hz": 567.8308811364784
        },
        {
          "acoustic_entropy": 3.316584348678589,
          "acoustic_entropy_side": 3.3156142234802246,
          "hz": 680.1084783214808
        },
        {
          "acoustic_entropy": 3.249288558959961,
          "acoustic_entropy_side": 3.3545334339141846,
          "hz": 802.3292461747484
        },
        {
          "acoustic_entropy": 3.2510199546813965,
          "acoustic_entropy_side": 3.2225892543792725,
          "hz": 935.3737400823702
        },
        {
          "acoustic_entropy": 3.247872829437256,
          "acoustic_entropy_side": 3.2816720008850098,
          "hz": 1080.2004963696966
        },
        {
          "acoustic_entropy": 3.186657190322876,
          "acoustic_entropy_side": 3.2085564136505127,
          "hz": 1237.8529382007157
        },
        {
          "acoustic_entropy": 3.246401786804199,
          "acoustic_entropy_side": 3.35292911529541,
          "hz": 1409.4668930556702
        },
        {
          "acoustic_entropy": 3.2725133895874023,
          "acoustic_entropy_side": 3.2839691638946533,
          "hz": 1596.2787759475705
        },
        {
          "acoustic_entropy": 3.2632815837860107,
          "acoustic_entropy_side": 3.28666615486145,
          "hz": 1799.6344973346393
        },
        {
          "acoustic_entropy": 3.2984817028045654,
          "acoustic_entropy_side": 3.319715738296509,
          "hz": 2020.9991599069049
        },
        {
          "acoustic_entropy": 3.310389518737793,
          "acoustic_entropy_side": 3.310976028442383,
          "hz": 2261.9676141086993
        },
        {
          "acoustic_entropy": 3.2611608505249023,
          "acoustic_entropy_side": 3.28265643119812,
          "hz": 2524.2759484456974
        },
        {
          "acoustic_entropy": 3.3673269748687744,
          "acoustic_entropy_side": 3.3592703342437744,
          "hz": 2809.813997359896
        },
        {
          "acoustic_entropy": 3.351076126098633,
          "acoustic_entropy_side": 3.3365368843078613,
          "hz": 3120.6389567871424
        },
        {
          "acoustic_entropy": 3.303433418273926,
          "acoustic_entropy_side": 3.303858518600464,
          "hz": 3458.990205492291
        },
        {
          "acoustic_entropy": 3.333031177520752,
          "acoustic_entropy_side": 3.3189096450805664,
          "hz": 3827.305438964164
        },
        {
          "acoustic_entropy": 3.3198447227478027,
          "acoustic_entropy_side": 3.3156228065490723,
          "hz": 4228.238232109126
        },
        {
          "acoustic_entropy": 3.3149402141571045,
          "acoustic_entropy_side": 3.3129444122314453,
          "hz": 4664.6771572759235
        },
        {
          "acoustic_entropy": 3.310659408569336,
          "acoustic_entropy_side": 3.3099570274353027,
          "hz": 5139.766595350093
        },
        {
          "acoustic_entropy": 3.312248945236206,
          "acoustic_entropy_side": 3.3117339611053467,
          "hz": 5656.929389854203
        },
        {
          "acoustic_entropy": 3.3120481967926025,
          "acoustic_entropy_side": 3.311659336090088,
          "hz": 6219.891507268283
        },
        {
          "acoustic_entropy": 3.311549663543701,
          "acoustic_entropy_side": 3.3114471435546875,
          "hz": 6832.70888123896
        },
        {
          "acoustic_entropy": 3.31097674369812,
          "acoustic_entropy_side": 3.3113210201263428,
          "hz": 7499.796634079867
        },
        {
          "acoustic_entropy": 3.311384439468384,
          "acoustic_entropy_side": 3.3114068508148193,
          "hz": 8225.96088609342
        },
        {
          "acoustic_entropy": 3.3114676475524902,
          "acoustic_entropy_side": 3.3114376068115234,
          "hz": 9016.43338188839
        },
        {
          "acoustic_entropy": 3.31140398979187,
          "acoustic_entropy_side": 3.3114027976989746,
          "hz": 9876.909183162974
        },
        {
          "acoustic_entropy": 3.3114023208618164,
          "acoustic_entropy_side": 3.311401605606079,
          "hz": 10813.587699516042
        },
        {
          "acoustic_entropy": 3.3114013671875,
          "acoustic_entropy_side": 3.3114013671875,
          "hz": 11833.21735289826
        },
        {
          "acoustic_entropy": 3.3114013671875,
          "acoustic_entropy_side": 3.3114013671875,
          "hz": 12943.144197493959
        },
        {
          "acoustic_entropy": 3.3114013671875,
          "acoustic_entropy_side": 3.3114013671875,
          "hz": 14151.364845322005
        },
        {
          "acoustic_entropy": 3.3114013671875,
          "acoustic_entropy_side": 3.3114013671875,
          "hz": 15466.58407886509
        },
        {
          "acoustic_entropy": 3.3114013671875,
          "acoustic_entropy_side": 3.3114013671875,
          "hz": 16898.27756580493
        },
        {
          "acoustic_entropy": 3.3114013671875,
          "acoustic_entropy_side": 3.3114013671875,
          "hz": 18456.760127700032
        },
        {
          "acoustic_entropy": 3.3114013671875,
          "acoustic_entropy_side": 3.3114013671875,
          "hz": 20153.260054456492
        },
        {
          "acoustic_entropy": 3.3114013671875,
          "acoustic_entropy_side": 3.3114013671875,
          "hz": 22000.00000000001
        }
      ],
      "diff_acoustic_entropy": 0.4077703654766083,
      "sn": 6
    },
    {
      "acoustic_entropy": 5.4210405349731445,
      "acoustic_entropy_mono": 4.640224933624268,
      "band_eliminated_acoustic_entropies": [
        {
          "acoustic_entropy": 5.1929755210876465,
          "acoustic_entropy_side": 5.521374225616455,
          "hz": 129.47220167065723
        },
        {
          "acoustic_entropy": 5.553836345672607,
          "acoustic_entropy_side": 5.4835920333862305,
          "hz": 202.92927478742237
        },
        {
          "acoustic_entropy": 5.174814224243164,
          "acoustic_entropy_side": 5.330852508544922,
          "hz": 282.89161906338205
        },
        {
          "acoustic_entropy": 5.452297687530518,
          "acoustic_entropy_side": 5.409783363342285,
          "hz": 369.9353335868758
        },
        {
          "acoustic_entropy": 5.318790435791016,
          "acoustic_entropy_side": 5.485978126525879,
          "hz": 464.6875360973435
        },
        {
          "acoustic_entropy": 5.240922927856445,
          "acoustic_entropy_side": 5.249892234802246,
          "hz": 567.8308811364784
        },
        {
          "acoustic_entropy": 5.458378314971924,
          "acoustic_entropy_side": 5.57111120223999,
          "hz": 680.1084783214808
        },
        {
          "acoustic_entropy": 5.655545711517334,
          "acoustic_entropy_side": 5.685403823852539,
          "hz": 802.3292461747484
        },
        {
          "acoustic_entropy": 5.709130764007568,
          "acoustic_entropy_side": 5.569312572479248,
          "hz": 935.3737400823702
        },
        {
          "acoustic_entropy": 5.338321208953857,
          "acoustic_entropy_side": 5.358867168426514,
          "hz": 1080.2004963696966
        },
        {
          "acoustic_entropy": 5.728430271148682,
          "acoustic_entropy_side": 5.568176746368408,
          "hz": 1237.8529382007157
        },
        {
          "acoustic_entropy": 5.413952350616455,
          "acoustic_entropy_side": 5.308166027069092,
          "hz": 1409.4668930556702
        },
        {
          "acoustic_entropy": 5.496366500854492,
          "acoustic_entropy_side": 5.568092346191406,
          "hz": 1596.2787759475705
        },
        {
          "acoustic_entropy": 5.4556756019592285,
          "acoustic_entropy_side": 5.490115642547607,
          "hz": 1799.6344973346393
        },
        {
          "acoustic_entropy": 5.463647365570068,
          "acoustic_entropy_side": 5.538707733154297,
          "hz": 2020.9991599069049
        },
        {
          "acoustic_entropy": 5.354631423950195,
          "acoustic_entropy_side": 5.385127067565918,
          "hz": 2261.9676141086993
        },
        {
          "acoustic_entropy": 5.385330677032471,
          "acoustic_entropy_side": 5.40558385848999,
          "hz": 2524.2759484456974
        },
        {
          "acoustic_entropy": 5.414683818817139,
          "acoustic_entropy_side": 5.411879539489746,
          "hz": 2809.813997359896
        },
        {
          "acoustic_entropy": 5.5804853439331055,
          "acoustic_entropy_side": 5.499907493591309,
          "hz": 3120.6389567871424
        },
        {
          "acoustic_entropy": 5.345289707183838,
          "acoustic_entropy_side": 5.376551628112793,
          "hz": 3458.990205492291
        },
        {
          "acoustic_entropy": 5.3791704177856445,
          "acoustic_entropy_side": 5.398040771484375,
          "hz": 3827.305438964164
        },
        {
          "acoustic_entropy": 5.483880519866943,
          "acoustic_entropy_side": 5.45939302444458,
          "hz": 4228.238232109126
        },
        {
          "acoustic_entropy": 5.461482048034668,
          "acoustic_entropy_side": 5.446030616760254,
          "hz": 4664.6771572759235
        },
        {
          "acoustic_entropy": 5.433228492736816,
          "acoustic_entropy_side": 5.427691459655762,
          "hz": 5139.766595350093
        },
        {
          "acoustic_entropy": 5.413206100463867,
          "acoustic_entropy_side": 5.414581298828125,
          "hz": 5656.929389854203
        },
        {
          "acoustic_entropy": 5.437619209289551,
          "acoustic_entropy_side": 5.431159496307373,
          "hz": 6219.891507268283
        },
        {
          "acoustic_entropy": 5.4244513511657715,
          "acoustic_entropy_side": 5.423371315002441,
          "hz": 6832.70888123896
        },
        {
          "acoustic_entropy": 5.428768634796143,
          "acoustic_entropy_side": 5.423382759094238,
          "hz": 7499.796634079867
        },
        {
          "acoustic_entropy": 5.422288417816162,
          "acoustic_entropy_side": 5.421100616455078,
          "hz": 8225.96088609342
        },
        {
          "acoustic_entropy": 5.421221733093262,
          "acoustic_entropy_side": 5.421299934387207,
          "hz": 9016.43338188839
        },
        {
          "acoustic_entropy": 5.421038627624512,
          "acoustic_entropy_side": 5.421036243438721,
          "hz": 9876.909183162974
        },
        {
          "acoustic_entropy": 5.4210381507873535,
          "acoustic_entropy_side": 5.421038627624512,
          "hz": 10813.587699516042
        },
        {
          "acoustic_entropy": 5.421039581298828,
          "acoustic_entropy_side": 5.4210405349731445,
          "hz": 11833.21735289826
        },
        {
          "acoustic_entropy": 5.4210405349731445,
          "acoustic_entropy_side": 5.4210405349731445,
          "hz": 12943.144197493959
        },
        {
          "acoustic_entropy": 5.421039581298828,
          "acoustic_entropy_side": 5.4210405349731445,
          "hz": 14151.364845322005
        },
        {
          "acoustic_entropy": 5.421040058135986,
          "acoustic_entropy_side": 5.4210405349731445,
          "hz": 15466.58407886509
        },
        {
          "acoustic_entropy": 5.4210405349731445,
          "acoustic_entropy_side": 5.4210405349731445,
          "hz": 16898.27756580493
        },
        {
          "acoustic_entropy": 5.4210405349731445,
          "acoustic_entropy_side": 5.4210405349731445,
          "hz": 18456.760127700032
        },
        {
          "acoustic_entropy": 5.4210405349731445,
          "acoustic_entropy_side": 5.4210405349731445,
          "hz": 20153.260054456492
        },
        {
          "acoustic_entropy": 5.4210405349731445,
          "acoustic_entropy_side": 5.4210405349731445,
          "hz": 22000.00000000001
        }
      ],
      "diff_acoustic_entropy": 0.7594848275184631,
      "sn": 12
    },
    {
      "acoustic_entropy": 8.19573974609375,
      "acoustic_entropy_mono": 7.762848377227783,
      "band_eliminated_acoustic_entropies": [
        {
          "acoustic_entropy": 7.5096821784973145,
          "acoustic_entropy_side": 8.44042682647705,
          "hz": 129.47220167065723
        },
        {
          "acoustic_entropy": 8.695178985595703,
          "acoustic_entropy_side": 8.09256649017334,
          "hz": 202.92927478742237
        },
        {
          "acoustic_entropy": 8.47947883605957,
          "acoustic_entropy_side": 8.578387260437012,
          "hz": 282.89161906338205
        },
        {
          "acoustic_entropy": 8.176862716674805,
          "acoustic_entropy_side": 8.296441078186035,
          "hz": 369.9353335868758
        },
        {
          "acoustic_entropy": 8.270234107971191,
          "acoustic_entropy_side": 8.238100051879883,
          "hz": 464.6875360973435
        },
        {
          "acoustic_entropy": 8.206887245178223,
          "acoustic_entropy_side": 8.29223918914795,
          "hz": 567.8308811364784
        },
        {
          "acoustic_entropy": 8.214587211608887,
          "acoustic_entropy_side": 8.231738090515137,
          "hz": 680.1084783214808
        },
        {
          "acoustic_entropy": 8.354320526123047,
          "acoustic_entropy_side": 8.269222259521484,
          "hz": 802.3292461747484
        },
        {
          "acoustic_entropy": 8.580639839172363,
          "acoustic_entropy_side": 8.3087797164917,
          "hz": 935.3737400823702
        },
        {
          "acoustic_entropy": 8.750070571899414,
          "acoustic_entropy_side": 8.347609519958496,
          "hz": 1080.2004963696966
        },
        {
          "acoustic_entropy": 8.513455390930176,
          "acoustic_entropy_side": 8.233220100402832,
          "hz": 1237.8529382007157
        },
        {
          "acoustic_entropy": 8.429986000061035,
          "acoustic_entropy_side": 8.180283546447754,
          "hz": 1409.4668930556702
        },
        {
          "acoustic_entropy": 8.229503631591797,
          "acoustic_entropy_side": 8.265655517578125,
          "hz": 1596.2787759475705
        },
        {
          "acoustic_entropy": 8.390799522399902,
          "acoustic_entropy_side": 8.374804496765137,
          "hz": 1799.6344973346393
        },
        {
          "acoustic_entropy": 8.305059432983398,
          "acoustic_entropy_side": 8.308377265930176,
          "hz": 2020.9991599069049
        },
        {
          "acoustic_entropy": 8.42011547088623,
          "acoustic_entropy_side": 8.339309692382812,
          "hz": 2261.9676141086993
        },
        {
          "acoustic_entropy": 8.229718208312988,
          "acoustic_entropy_side": 8.285486221313477,
          "hz": 2524.2759484456974
        },
        {
          "acoustic_entropy": 8.498781204223633,
          "acoustic_entropy_side": 8.311698913574219,
          "hz": 2809.813997359896
        },
        {
          "acoustic_entropy": 8.461359024047852,
          "acoustic_entropy_side": 8.394412994384766,
          "hz": 3120.6389567871424
        },
        {
