{
  "acoustic_entropy": 230.4702606201172,
  "bands": [
    {
      "high_freq": 148.1999969482422,
      "loudness": -19.40884780883789,
      "loudness_range": 6.056453704833984,
      "mid_mean": -15.852758407592773,
      "mid_to_side_loudness": -16.443941116333008,
      "mid_to_side_loudness_range": 12.618034362792969,
      "side_mean": -32.51115036010742
    },
    {
      "high_freq": 392.3793640136719,
      "loudness": -19.101253509521484,
      "loudness_range": 8.54041862487793,
      "low_freq": 148.1999969482422,
      "mid_mean": -16.068410873413086,
      "mid_to_side_loudness": -8.424980163574219,
      "mid_to_side_loudness_range": 7.414965629577637,
      "side_mean": -24.433765411376953
    },
    {
      "high_freq": 794.6976318359375,
      "loudness": -19.43682289123535,
      "loudness_range": 10.236549377441406,
      "low_freq": 392.3793640136719,
      "mid_mean": -16.917388916015625,
      "mid_to_side_loudness": -6.1319050788879395,
      "mid_to_side_loudness_range": 11.487380027770996,
      "side_mean": -23.116069793701172
    },
    {
      "high_freq": 1457.5709228515625,
      "loudness": -20.758268356323242,
      "loudness_range": 14.715612411499023,
      "low_freq": 794.6976318359375,
      "mid_mean": -18.008642196655273,
      "mid_to_side_loudness": -7.27071475982666,
      "mid_to_side_loudness_range": 11.241741180419922,
      "side_mean": -25.359272003173828
    },
    {
      "high_freq": 2549.74365234375,
      "loudness": -21.920597076416016,
      "loudness_range": 15.537885665893555,
      "low_freq": 1457.5709228515625,
      "mid_mean": -19.29327964782715,
      "mid_to_side_loudness": -6.485199928283691,
      "mid_to_side_loudness_range": 10.217967987060547,
      "side_mean": -25.867843627929688
    },
    {
      "high_freq": 4349.24462890625,
      "loudness": -25.251142501831055,
      "loudness_range": 9.847274780273438,
      "low_freq": 2549.74365234375,
      "mid_mean": -22.434865951538086,
      "mid_to_side_loudness": -7.0164408683776855,
      "mid_to_side_loudness_range": 7.937429904937744,
      "side_mean": -29.53729820251465
    },
    {
      "high_freq": 7314.1640625,
      "loudness": -28.836843490600586,
      "loudness_range": 8.408977508544922,
      "low_freq": 4349.24462890625,
      "mid_mean": -26.327653884887695,
      "mid_to_side_loudness": -5.320255756378174,
      "mid_to_side_loudness_range": 5.876767635345459,
      "side_mean": -31.714406967163086
    },
    {
      "high_freq": 12199.2666015625,
      "loudness": -31.190340042114258,
      "loudness_range": 9.80067253112793,
      "low_freq": 7314.1640625,
      "mid_mean": -28.95708656311035,
      "mid_to_side_loudness": -4.479264736175537,
      "mid_to_side_loudness_range": 6.68353271484375,
      "side_mean": -33.41665267944336
    },
    {
      "loudness": -35.67759704589844,
      "loudness_range": 13.030733108520508,
      "low_freq": 12199.2666015625,
      "mid_mean": -33.712425231933594,
      "mid_to_side_loudness": -3.929922580718994,
      "mid_to_side_loudness_range": 8.315768241882324,
      "side_mean": -37.49482345581055
    }
  ],
  "bands_short": [
    {
      "high_freq": 148.1999969482422,
      "loudness": -21.713077545166016,
      "loudness_range": 11.142715454101562,
      "mid_mean": -18.186302185058594,
      "mid_to_side_loudness": -18.207679748535156,
      "mid_to_side_loudness_range": 20.633148193359375,
      "side_mean": -36.717037200927734
    },
    {
      "high_freq": 392.3793640136719,
      "loudness": -18.502643585205078,
      "loudness_range": 9.333173751831055,
      "low_freq": 148.1999969482422,
      "mid_mean": -15.392992973327637,
      "mid_to_side_loudness": -9.4271821975708,
      "mid_to_side_loudness_range": 9.940706253051758,
      "side_mean": -24.821245193481445
    },
    {
      "high_freq": 794.6976318359375,
      "loudness": -20.493080139160156,
      "loudness_range": 12.130536079406738,
      "low_freq": 392.3793640136719,
      "mid_mean": -18.168399810791016,
      "mid_to_side_loudness": -5.940751075744629,
      "mid_to_side_loudness_range": 13.91159439086914,
      "side_mean": -24.188488006591797
    },
    {
      "high_freq": 1457.5709228515625,
      "loudness": -20.76041603088379,
      "loudness_range": 16.317176818847656,
      "low_freq": 794.6976318359375,
      "mid_mean": -18.232620239257812,
      "mid_to_side_loudness": -6.781407356262207,
      "mid_to_side_loudness_range": 14.097502708435059,
      "side_mean": -25.092082977294922
    },
    {
      "high_freq": 2549.74365234375,
      "loudness": -22.672054290771484,
      "loudness_range": 17.18075180053711,
      "low_freq": 1457.5709228515625,
      "mid_mean": -20.28936195373535,
      "mid_to_side_loudness": -5.92415714263916,
      "mid_to_side_loudness_range": 12.810270309448242,
      "side_mean": -26.30229949951172
    },
    {
      "high_freq": 4349.24462890625,
      "loudness": -25.8846378326416,
      "loudness_range": 12.471391677856445,
      "low_freq": 2549.74365234375,
      "mid_mean": -23.220170974731445,
      "mid_to_side_loudness": -6.714413166046143,
      "mid_to_side_loudness_range": 10.66629695892334,
      "side_mean": -30.017499923706055
    },
    {
      "high_freq": 7314.1640625,
      "loudness": -29.824626922607422,
      "loudness_range": 13.126863479614258,
      "low_freq": 4349.24462890625,
      "mid_mean": -27.317424774169922,
      "mid_to_side_loudness": -5.739626884460449,
      "mid_to_side_loudness_range": 9.119359970092773,
      "side_mean": -33.142425537109375
    },
    {
      "high_freq": 12199.2666015625,
      "loudness": -32.94906234741211,
      "loudness_range": 15.87733268737793,
      "low_freq": 7314.1640625,
      "mid_mean": -30.594730377197266,
      "mid_to_side_loudness": -5.385662078857422,
      "mid_to_side_loudness_range": 10.07664966583252,
      "side_mean": -36.024147033691406
    },
    {
      "loudness": -39.20699691772461,
      "loudness_range": 22.480417251586914,
      "low_freq": 12199.2666015625,
      "mid_mean": -36.9782829284668,
      "mid_to_side_loudness": -5.605099678039551,
      "mid_to_side_loudness_range": 13.439271926879883,
      "side_mean": -42.58566665649414
    }
  ],
  "bandwidth": 665.0621337890625,
  "channels": 2,
  "covariance": [
    [
      8.594256401062012,
      3.0866360664367676,
      1.455072045326233,
      1.0933398008346558,
      2.3215975761413574,
      3.298924446105957,
      2.8177216053009033,
      2.987339496612549,
      4.33842658996582,
      3.2485721111297607,
      2.7730088233947754,
      3.1212122440338135,
      2.3509650230407715,
      1.9439983367919922,
      1.287361979484558,
      1.8153189420700073,
      0.9044986963272095,
      0.19441565871238708
    ],
    [
      3.0866360664367676,
      15.062081336975098,
      2.926693916320801,
      2.829108476638794,
      1.5322400331497192,
      1.9798099994659424,
      2.9471607208251953,
      2.3802788257598877,
      2.5015950202941895,
      1.7050532102584839,
      2.930086135864258,
      2.685225248336792,
      2.7530601024627686,
      2.6706717014312744,
      3.194732427597046,
      2.956599235534668,
      2.9583966732025146,
      1.1993237733840942
    ],
    [
      1.455072045326233,
      2.926693916320801,
      10.437260627746582,
      4.0383124351501465,
      -0.8953615427017212,
      0.14110516011714935,
      -3.467424154281616,
      -0.8519575595855713,
      -4.161031246185303,
      -1.534308671951294,
      0.058275964111089706,
      0.22328174114227295,
      0.4313374161720276,
      0.9229278564453125,
      1.350996971130371,
      1.538973093032837,
      1.2358194589614868,
      1.244969129562378
    ],
    [
      1.0933398008346558,
      2.829108476638794,
      4.0383124351501465,
      5.123623847961426,
      0.27790945768356323,
      0.6935621500015259,
      0.10431243479251862,
      0.9092345833778381,
      -1.4470852613449097,
      0.1042843759059906,
      0.9366341233253479,
      1.3708314895629883,
      1.1132413148880005,
      1.6541050672531128,
      1.157874584197998,
      1.836578369140625,
      0.9175385236740112,
      1.8575409650802612
    ],
    [
      2.3215975761413574,
      1.5322400331497192,
      -0.8953615427017212,
      0.27790945768356323,
      16.537731170654297,
      6.645293235778809,
      6.488968849182129,
      4.684761047363281,
      8.348756790161133,
      4.538495063781738,
      5.345706462860107,
      3.6074764728546143,
      1.8973842859268188,
      1.8475762605667114,
      1.1770424842834473,
      1.5565996170043945,
      2.6587064266204834,
      1.6833112239837646
    ],
    [
      3.298924446105957,
      1.9798099994659424,
      0.14110516011714935,
      0.6935621500015259,
      6.645293235778809,
      11.210837364196777,
      6.09510612487793,
      6.702840328216553,
      9.34406852722168,
      7.39480447769165,
      4.6876983642578125,
      6.179217338562012,
      3.858323097229004,
      4.438436985015869,
      2.6720705032348633,
      3.4723825454711914,
      3.666128158569336,
      2.459868907928467
    ],
    [
      2.8177216053009033,
      2.9471607208251953,
      -3.467424154281616,
      0.10431243479251862,
      6.488968849182129,
      6.09510612487793,
      29.808185577392578,
      14.56362533569336,
      16.666566848754883,
      8.263426780700684,
      5.386035442352295,
      5.466922760009766,
      2.027853488922119,
      2.901566982269287,
      -0.689073383808136,
      2.2955918312072754,
      0.11357386410236359,
      1.271357536315918
    ],
    [
      2.987339496612549,
      2.3802788257598877,
      -0.8519575595855713,
      0.9092345833778381,
      4.684761047363281,
      6.702840328216553,
      14.56362533569336,
      14.184865951538086,
      12.813526153564453,
      9.454384803771973,
      5.818373203277588,
      7.185483932495117,
      4.353760719299316,
      5.122257709503174,
      2.2247767448425293,
      4.569911479949951,
      3.103013277053833,
      3.5734915733337402
    ],
    [
      4.33842658996582,
      2.5015950202941895,
      -4.161031246185303,
      -1.4470852613449097,
      8.348756790161133,
      9.34406852722168,
      16.666566848754883,
      12.813526153564453,
      34.434776306152344,
      18.075607299804688,
      10.803003311157227,
      9.584677696228027,
      7.864500522613525,
      5.586992263793945,
      3.044788122177124,
      3.3791394233703613,
      4.450704574584961,
      1.9258077144622803
    ],
    [
      3.2485721111297607,
      1.7050532102584839,
      -1.534308671951294,
      0.1042843759059906,
      4.538495063781738,
      7.39480447769165,
      8.263426780700684,
      9.454384803771973,
      18.075607299804688,
      14.420501708984375,
      7.020220756530762,
      8.452147483825684,
      5.7201948165893555,
      5.325804233551025,
      2.9350459575653076,
      3.7555994987487793,
      3.907525062561035,
      2.607063055038452
    ],
    [
      2.7730088233947754,
      2.930086135864258,
      0.058275964111089706,
      0.9366341233253479,
      5.345706462860107,
      4.6876983642578125,
      5.386035442352295,
      5.818373203277588,
      10.803003311157227,
      7.020220756530762,
      14.047181129455566,
      8.062677383422852,
      7.573387145996094,
      5.4361419677734375,
      4.561492919921875,
      4.400103569030762,
      5.040836811065674,
      3.1618409156799316
    ],
    [
      3.1212122440338135,
      2.685225248336792,
      0.22328174114227295,
      1.3708314895629883,
      3.6074764728546143,
      6.179217338562012,
      5.466922760009766,
      7.185483932495117,
      9.584677696228027,
      8.452147483825684,
      8.062677383422852,
      9.842460632324219,
      6.624475002288818,
      7.379200458526611,
      5.398299694061279,
      6.343686103820801,
      6.0717291831970215,
      4.100315093994141
    ],
    [
      2.3509650230407715,
      2.7530601024627686,
      0.4313374161720276,
      1.1132413148880005,
      1.8973842859268188,
      3.858323097229004,
      2.027853488922119,
      4.353760719299316,
      7.864500522613525,
      5.7201948165893555,
      7.573387145996094,
      6.624475002288818,
      9.901453971862793,
      7.2105021476745605,
      8.190115928649902,
      6.274852752685547,
      9.079620361328125,
      4.749263286590576
    ],
    [
      1.9439983367919922,
      2.6706717014312744,
      0.9229278564453125,
      1.6541050672531128,
      1.8475762605667114,
      4.438436985015869,
      2.901566982269287,
      5.122257709503174,
      5.586992263793945,
      5.325804233551025,
      5.4361419677734375,
      7.379200458526611,
      7.2105021476745605,
      9.727590560913086,
      7.325344562530518,
      9.154058456420898,
      8.32221508026123,
      7.083576679229736
    ],
    [
      1.287361979484558,
      3.194732427597046,
      1.350996971130371,
      1.157874584197998,
      1.1770424842834473,
      2.6720705032348633,
      -0.689073383808136,
      2.2247767448425293,
      3.044788122177124,
      2.9350459575653076,
      4.561492919921875,
      5.398299694061279,
      8.190115928649902,
      7.325344562530518,
      12.029102325439453,
      7.984099388122559,
      13.292187690734863,
      6.305030822753906
    ],
    [
      1.8153189420700073,
      2.956599235534668,
      1.538973093032837,
      1.836578369140625,
      1.5565996170043945,
      3.4723825454711914,
      2.2955918312072754,
      4.569911479949951,
      3.3791394233703613,
      3.7555994987487793,
      4.400103569030762,
      6.343686103820801,
      6.274852752685547,
      9.154058456420898,
      7.984099388122559,
      11.959939002990723,
      8.881828308105469,
      9.484565734863281
    ],
    [
      0.9044986963272095,
      2.9583966732025146,
      1.2358194589614868,
      0.9175385236740112,
      2.6587064266204834,
      3.666128158569336,
      0.11357386410236359,
      3.103013277053833,
      4.450704574584961,
      3.907525062561035,
      5.040836811065674,
      6.0717291831970215,
      9.079620361328125,
      8.32221508026123,
      13.292187690734863,
      8.881828308105469,
      20.92238426208496,
      10.279900550842285
    ],
    [
      0.19441565871238708,
      1.1993237733840942,
      1.244969129562378,
      1.8575409650802612,
      1.6833112239837646,
      2.459868907928467,
      1.271357536315918,
      3.5734915733337402,
      1.9258077144622803,
      2.607063055038452,
      3.1618409156799316,
      4.100315093994141,
      4.749263286590576,
      7.083576679229736,
      6.305030822753906,
      9.484565734863281,
      10.279900550842285,
      13.408228874206543
    ]
  ],
  "covariance_short": [
    [
      20.915531158447266,
      4.608375549316406,
      3.265717029571533,
      1.8360669612884521,
      3.2147483825683594,
      4.1544976234436035,
      3.8755431175231934,
      3.264615774154663,
      5.2640557289123535,
      4.3881378173828125,
      4.044314384460449,
      4.230311393737793,
      3.5509448051452637,
      3.2999038696289062,
      2.0946812629699707,
      3.441200017929077,
      2.169201612472534,
      3.1886086463928223
    ],
    [
      4.608375549316406,
      34.09897994995117,
      4.183943748474121,
      5.703277587890625,
      3.1086947917938232,
      2.943150281906128,
      3.8078644275665283,
      2.1681880950927734,
      2.971613645553589,
      1.7374565601348877,
      3.981677770614624,
      3.3597826957702637,
      4.005575180053711,
      3.961012601852417,
      5.161586761474609,
      4.9635329246521,
      5.45414924621582,
      5.2312445640563965
    ],
    [
      3.265717029571533,
      4.183943748474121,
      12.172317504882812,
      5.37044620513916,
      1.9165014028549194,
      2.6611592769622803,
      -2.0883302688598633,
      0.38494569063186646,
      -0.6916890740394592,
      0.7780640125274658,
      1.947737216949463,
      1.9416298866271973,
      2.099329710006714,
      2.694904327392578,
      2.8807594776153564,
      3.550786018371582,
      1.8848965167999268,
      4.3694233894348145
    ],
    [
      1.8360669612884521,
      5.703277587890625,
      5.37044620513916,
      10.717918395996094,
      2.14406681060791,
      2.406447172164917,
      0.3093172609806061,
      1.3848093748092651,
      0.031973667442798615,
      1.5206226110458374,
      2.177351236343384,
      2.891958475112915,
      2.786344528198242,
      3.6137139797210693,
      2.9111640453338623,
      4.241856575012207,
      2.469801425933838,
      5.049779415130615
    ],
    [
      3.2147483825683594,
      3.1086947917938232,
      1.9165014028549194,
      2.14406681060791,
      22.81755828857422,
      8.211817741394043,
      7.058289051055908,
      4.414157867431641,
      7.992837905883789,
      4.32096529006958,
      7.807886123657227,
      4.276491165161133,
      3.842308759689331,
      3.124586820602417,
      2.960815906524658,
      3.6663036346435547,
      3.7410123348236084,
      4.747760772705078
    ],
    [
      4.1544976234436035,
      2.943150281906128,
      2.6611592769622803,
      2.406447172164917,
      8.211817741394043,
      17.42479705810547,
      7.8712944984436035,
      7.639647483825684,
      9.863365173339844,
      8.384187698364258,
      6.320123195648193,
      8.231614112854004,
      6.01442813873291,
      7.578746795654297,
      4.9577555656433105,
      7.4052629470825195,
      6.883782863616943,
      8.815643310546875
    ],
    [
      3.8755431175231934,
      3.8078644275665283,
      -2.0883302688598633,
      0.3093172609806061,
      7.058289051055908,
      7.8712944984436035,
      38.713706970214844,
      15.855034828186035,
      24.464889526367188,
      12.506385803222656,
      10.91307544708252,
      8.82914924621582,
      4.9942946434021,
      5.544544219970703,
      0.2178497314453125,
      3.6768393516540527,
      1.5148711204528809,
      4.3409647941589355
    ],
    [
      3.264615774154663,
      2.1681880950927734,
      0.38494569063186646,
      1.3848093748092651,
      4.414157867431641,
      7.639647483825684,
      15.855034828186035,
      17.30523109436035,
      15.677103042602539,
      12.196446418762207,
      7.700929164886475,
      9.413398742675781,
      6.135967254638672,
      8.003946304321289,
      3.4034314155578613,
      7.144477367401123,
      5.5403032302856445,
      8.815654754638672
    ],
    [
      5.2640557289123535,
      2.971613645553589,
      -0.6916890740394592,
      0.031973667442798615,
      7.992837905883789,
      9.863365173339844,
      24.464889526367188,
      15.677103042602539,
      44.62322235107422,
      21.349910736083984,
      16.526691436767578,
      13.058670997619629,
      13.729546546936035,
      10.599900245666504,
      7.203003406524658,
      8.574859619140625,
      10.518993377685547,
      10.102797508239746
    ],
    [
      4.3881378173828125,
      1.7374565601348877,
      0.7780640125274658,
      1.5206226110458374,
      4.32096529006958,
      8.384187698364258,
      12.506385803222656,
      12.196446418762207,
      21.349910736083984,
      18.95200538635254,
      9.7075777053833,
      11.487994194030762,
      9.239590644836426,
      10.070463180541992,
      5.946191787719727,
      8.717822074890137,
      8.87966251373291,
      10.49655818939209
    ],
    [
      4.044314384460449,
      3.981677770614624,
      1.947737216949463,
      2.177351236343384,
      7.807886123657227,
      6.320123195648193,
      10.91307544708252,
      7.700929164886475,
      16.526691436767578,
      9.7075777053833,
      22.89312171936035,
      12.029821395874023,
      14.922832489013672,
      10.827523231506348,
      10.64179515838623,
      10.847916603088379,
      11.879079818725586,
      12.767416000366211
    ],
    [
      4.230311393737793,
      3.3597826957702637,
      1.9416298866271973,
      2.891958475112915,
      4.276491165161133,
      8.231614112854004,
      8.82914924621582,
      9.413398742675781,
      13.058670997619629,
      11.487994194030762,
      12.029821395874023,
      15.428149223327637,
      12.382979393005371,
      15.074080467224121,
      11.353534698486328,
      15.71789264678955,
      14.875738143920898,
      18.519161224365234
    ],
    [
      3.5509448051452637,
      4.005575180053711,
      2.099329710006714,
      2.786344528198242,
      3.842308759689331,
      6.01442813873291,
      4.9942946434021,
      6.135967254638672,
      13.729546546936035,
      9.239590644836426,
      14.922832489013672,
      12.382979393005371,
      23.441146850585938,
      18.4595890045166,
      20.62596321105957,
      20.98904800415039,
      26.011524200439453,
      26.370037078857422
    ],
    [
      3.2999038696289062,
      3.961012601852417,
      2.694904327392578,
      3.6137139797210693,
      3.124586820602417,
      7.578746795654297,
      5.544544219970703,
      8.003946304321289,
      10.599900245666504,
      10.070463180541992,
      10.827523231506348,
      15.074080467224121,
      18.4595890045166,
      25.46112060546875,
      20.148326873779297,
      29.111467361450195,
      26.522930145263672,
      35.82445526123047
    ],
    [
      2.0946812629699707,
      5.161586761474609,
      2.8807594776153564,
      2.9111640453338623,
      2.960815906524658,
      4.9577555656433105,
      0.2178497314453125,
      3.4034314155578613,
      7.203003406524658,
      5.946191787719727,
      10.64179515838623,
      11.353534698486328,
      20.62596321105957,
      20.148326873779297,
      29.871992111206055,
      27.30890464782715,
      36.35600662231445,
      33.944332122802734
    ],
    [
      3.441200017929077,
      4.9635329246521,
      3.550786018371582,
      4.241856575012207,
      3.6663036346435547,
      7.4052629470825195,
      3.6768393516540527,
      7.144477367401123,
      8.574859619140625,
      8.717822074890137,
      10.847916603088379,
      15.71789264678955,
      20.98904800415039,
      29.111467361450195,
      27.30890464782715,
      40.7425537109375,
      34.99560546875,
      49.083160400390625
    ],
    [
      2.169201612472534,
      5.45414924621582,
      1.8848965167999268,
      2.469801425933838,
      3.7410123348236084,
      6.883782863616943,
      1.5148711204528809,
      5.5403032302856445,
      10.518993377685547,
      8.87966251373291,
      11.879079818725586,
      14.875738143920898,
      26.011524200439453,
      26.522930145263672,
      36.35600662231445,
      34.99560546875,
      59.587337493896484,
      51.06452178955078
    ],
    [
      3.1886086463928223,
      5.2312445640563965,
      4.3694233894348145,
      5.049779415130615,
      4.747760772705078,
      8.815643310546875,
      4.3409647941589355,
      8.815654754638672,
      10.102797508239746,
      10.49655818939209,
      12.767416000366211,
      18.519161224365234,
      26.370037078857422,
      35.82445526123047,
      33.944332122802734,
      49.083160400390625,
      51.06452178955078,
      73.60297393798828
    ]
  ],
  "damage": -4.747303009033203,
  "diff_bandwidth": 691.5917358398438,
  "dissonance": 7.958220951807251,
  "drr": 4.812839508056641,
  "dynamics": 1.9619139432907104,
  "format": 1245190,
  "frames": 9959424,
  "loudness": -8.330018043518066,
  "loudness_range": 4.58543586730957,
  "loudness_range_short": 6.3900837898254395,
  "lowpass_true_peak_15khz": -0.05376606807112694,
  "mastering3_acoustic_entropies": [
    {
      "acoustic_entropy": 10.470206260681152,
      "acoustic_entropy_mono": 10.51241397857666,
      "band_eliminated_acoustic_entropies": [
        {
          "acoustic_entropy": 10.448622703552246,
          "acoustic_entropy_side": 10.470248222351074,
          "hz": 129.47220167065723
        },
        {
          "acoustic_entropy": 10.361910820007324,
          "acoustic_entropy_side": 10.471833229064941,
          "hz": 202.92927478742237
        },
        {
          "acoustic_entropy": 10.495294570922852,
          "acoustic_entropy_side": 10.485010147094727,
          "hz": 282.89161906338205
        },
        {
          "acoustic_entropy": 10.781228065490723,
          "acoustic_entropy_side": 10.47898006439209,
          "hz": 369.9353335868758
        },
        {
          "acoustic_entropy": 9.4777250289917,
          "acoustic_entropy_side": 10.46165943145752,
          "hz": 464.6875360973435
        },
        {
          "acoustic_entropy": 11.193463325500488,
          "acoustic_entropy_side": 10.492926597595215,
          "hz": 567.8308811364784
        },
        {
          "acoustic_entropy": 9.632675170898438,
          "acoustic_entropy_side": 10.349050521850586,
          "hz": 680.1084783214808
        },
        {
          "acoustic_entropy": 9.843313217163086,
          "acoustic_entropy_side": 10.453701972961426,
          "hz": 802.3292461747484
        },
        {
          "acoustic_entropy": 10.87458324432373,
          "acoustic_entropy_side": 10.576580047607422,
          "hz": 935.3737400823702
        },
        {
          "acoustic_entropy": 10.017020225524902,
          "acoustic_entropy_side": 10.466959953308105,
          "hz": 1080.2004963696966
        },
        {
          "acoustic_entropy": 10.036458969116211,
          "acoustic_entropy_side": 10.30832576751709,
          "hz": 1237.8529382007157
        },
        {
          "acoustic_entropy": 10.467937469482422,
          "acoustic_entropy_side": 10.03121566772461,
          "hz": 1409.4668930556702
        },
        {
          "acoustic_entropy": 10.757582664489746,
          "acoustic_entropy_side": 10.428332328796387,
          "hz": 1596.2787759475705
        },
        {
          "acoustic_entropy": 10.62304401397705,
          "acoustic_entropy_side": 10.527176856994629,
          "hz": 1799.6344973346393
        },
        {
          "acoustic_entropy": 9.983866691589355,
          "acoustic_entropy_side": 10.536641120910645,
          "hz": 2020.9991599069049
        },
        {
          "acoustic_entropy": 9.935848236083984,
          "acoustic_entropy_side": 10.375545501708984,
          "hz": 2261.9676141086993
        },
        {
          "acoustic_entropy": 10.15378475189209,
          "acoustic_entropy_side": 10.478570938110352,
          "hz": 2524.2759484456974
        },
        {
          "acoustic_entropy": 9.649001121520996,
          "acoustic_entropy_side": 10.370035171508789,
          "hz": 2809.813997359896
        },
        {
          "acoustic_entropy": 10.519134521484375,
          "acoustic_entropy_side": 10.428746223449707,
          "hz": 3120.6389567871424
        },
        {
          "acoustic_entropy": 10.233246803283691,
          "acoustic_entropy_side": 10.431057929992676,
          "hz": 3458.990205492291
        },
        {
          "acoustic_entropy": 10.748738288879395,
          "acoustic_entropy_side": 10.449228286743164,
          "hz": 3827.305438964164
        },
        {
          "acoustic_entropy": 10.728702545166016,
          "acoustic_entropy_side": 10.455299377441406,
          "hz": 4228.238232109126
        },
        {
          "acoustic_entropy": 10.822391510009766,
          "acoustic_entropy_side": 10.452056884765625,
          "hz": 4664.6771572759235
        },
        {
          "acoustic_entropy": 10.542688369750977,
          "acoustic_entropy_side": 10.459248542785645,
          "hz": 5139.766595350093
        },
        {
          "acoustic_entropy": 10.448169708251953,
          "acoustic_entropy_side": 10.456363677978516,
          "hz": 5656.929389854203
        },
        {
          "acoustic_entropy": 10.381251335144043,
          "acoustic_entropy_side": 10.451423645019531,
          "hz": 6219.891507268283
        },
        {
          "acoustic_entropy": 10.394522666931152,
          "acoustic_entropy_side": 10.453408241271973,
          "hz": 6832.70888123896
        },
        {
          "acoustic_entropy": 10.386150360107422,
          "acoustic_entropy_side": 10.457921028137207,
          "hz": 7499.796634079867
        },
        {
          "acoustic_entropy": 10.398843765258789,
          "acoustic_entropy_side": 10.438440322875977,
          "hz": 8225.96088609342
        },
        {
          "acoustic_entropy": 10.419164657592773,
          "acoustic_entropy_side": 10.43462085723877,
          "hz": 9016.43338188839
        },
        {
          "acoustic_entropy": 10.431038856506348,
          "acoustic_entropy_side": 10.44466495513916,
          "hz": 9876.909183162974
        },
        {
          "acoustic_entropy": 10.38780689239502,
          "acoustic_entropy_side": 10.454819679260254,
          "hz": 10813.587699516042
        },
        {
          "acoustic_entropy": 10.44030475616455,
          "acoustic_entropy_side": 10.472880363464355,
          "hz": 11833.21735289826
        },
        {
          "acoustic_entropy": 10.435080528259277,
          "acoustic_entropy_side": 10.487264633178711,
          "hz": 12943.144197493959
        },
        {
          "acoustic_entropy": 10.474611282348633,
          "acoustic_entropy_side": 10.516727447509766,
          "hz": 14151.364845322005
        },
        {
          "acoustic_entropy": 10.449277877807617,
          "acoustic_entropy_side": 10.499194145202637,
          "hz": 15466.58407886509
        },
        {
          "acoustic_entropy": 10.387194633483887,
          "acoustic_entropy_side": 10.484160423278809,
          "hz": 16898.27756580493
        },
        {
          "acoustic_entropy": 10.408448219299316,
          "acoustic_entropy_side": 10.470328330993652,
          "hz": 18456.760127700032
        },
        {
          "acoustic_entropy": 10.455270767211914,
          "acoustic_entropy_side": 10.478960990905762,
          "hz": 20153.260054456492
        },
        {
          "acoustic_entropy": 10.47072696685791,
          "acoustic_entropy_side": 10.471052169799805,
          "hz": 22000.00000000001
        }
      ],
      "diff_acoustic_entropy": 5.456929683685303,
      "sn": 6
    },
    {
      "acoustic_entropy": 13.815406799316406,
      "acoustic_entropy_mono": 14.162824630737305,
      "band_eliminated_acoustic_entropies": [
        {
          "acoustic_entropy": 13.739826202392578,
          "acoustic_entropy_side": 13.815587997436523,
          "hz": 129.47220167065723
        },
        {
          "acoustic_entropy": 13.746728897094727,
          "acoustic_entropy_side": 13.813613891601562,
          "hz": 202.92927478742237
        },
        {
          "acoustic_entropy": 14.261439323425293,
          "acoustic_entropy_side": 13.814162254333496,
          "hz": 282.89161906338205
        },
        {
          "acoustic_entropy": 14.440688133239746,
          "acoustic_entropy_side": 13.854254722595215,
          "hz": 369.9353335868758
        },
        {
          "acoustic_entropy": 14.396953582763672,
          "acoustic_entropy_side": 13.773370742797852,
          "hz": 464.6875360973435
        },
        {
          "acoustic_entropy": 14.381450653076172,
          "acoustic_entropy_side": 13.7642822265625,
          "hz": 567.8308811364784
        },
        {
          "acoustic_entropy": 14.470601081848145,
          "acoustic_entropy_side": 14.106584548950195,
          "hz": 680.1084783214808
        },
        {
          "acoustic_entropy": 13.57901382446289,
          "acoustic_entropy_side": 14.140256881713867,
          "hz": 802.3292461747484
        },
        {
          "acoustic_entropy": 14.707083702087402,
          "acoustic_entropy_side": 13.78084659576416,
          "hz": 935.3737400823702
        },
        {
          "acoustic_entropy": 14.34150505065918,
          "acoustic_entropy_side": 13.867240905761719,
          "hz": 1080.2004963696966
        },
        {
          "acoustic_entropy": 14.480794906616211,
          "acoustic_entropy_side": 13.699861526489258,
          "hz": 1237.8529382007157
        },
        {
          "acoustic_entropy": 13.98992919921875,
          "acoustic_entropy_side": 13.910635948181152,
          "hz": 1409.4668930556702
        },
        {
          "acoustic_entropy": 13.285940170288086,
          "acoustic_entropy_side": 13.776593208312988,
          "hz": 1596.2787759475705
        },
        {
          "acoustic_entropy": 14.252398490905762,
          "acoustic_entropy_side": 14.207687377929688,
          "hz": 1799.6344973346393
        },
        {
          "acoustic_entropy": 13.721117973327637,
          "acoustic_entropy_side": 13.799558639526367,
          "hz": 2020.9991599069049
        },
        {
          "acoustic_entropy": 14.133723258972168,
          "acoustic_entropy_side": 13.7601318359375,
          "hz": 2261.9676141086993
        },
        {
          "acoustic_entropy": 13.29866886138916,
          "acoustic_entropy_side": 13.920282363891602,
          "hz": 2524.2759484456974
        },
        {
          "acoustic_entropy": 13.933256149291992,
          "acoustic_entropy_side": 13.972679138183594,
          "hz": 2809.813997359896
        },
        {
          "acoustic_entropy": 13.559992790222168,
          "acoustic_entropy_side": 13.712642669677734,
          "hz": 3120.6389567871424
        },
        {
          "acoustic_entropy": 13.44871997833252,
          "acoustic_entropy_side": 13.818366050720215,
          "hz": 3458.990205492291
        },
        {
          "acoustic_entropy": 14.058197975158691,
          "acoustic_entropy_side": 13.820573806762695,
          "hz": 3827.305438964164
        },
        {
          "acoustic_entropy": 14.240184783935547,
          "acoustic_entropy_side": 13.801371574401855,
          "hz": 4228.238232109126
        },
        {
          "acoustic_entropy": 14.270633697509766,
          "acoustic_entropy_side": 13.796733856201172,
          "hz": 4664.6771572759235
        },
        {
          "acoustic_entropy": 13.919109344482422,
          "acoustic_entropy_side": 13.78482723236084,
          "hz": 5139.766595350093
        },
        {
          "acoustic_entropy": 13.761948585510254,
          "acoustic_entropy_side": 13.778488159179688,
          "hz": 5656.929389854203
        },
        {
          "acoustic_entropy": 13.79636287689209,
          "acoustic_entropy_side": 13.78330135345459,
          "hz": 6219.891507268283
        },
        {
          "acoustic_entropy": 13.801935195922852,
          "acoustic_entropy_side": 13.834955215454102,
          "hz": 6832.70888123896
        },
        {
          "acoustic_entropy": 13.766793251037598,
          "acoustic_entropy_side": 13.830265045166016,
          "hz": 7499.796634079867
        },
        {
          "acoustic_entropy": 13.786985397338867,
          "acoustic_entropy_side": 13.803032875061035,
          "hz": 8225.96088609342
        },
        {
          "acoustic_entropy": 13.778219223022461,
          "acoustic_entropy_side": 13.806060791015625,
          "hz": 9016.43338188839
        },
        {
          "acoustic_entropy": 13.833677291870117,
          "acoustic_entropy_side": 13.839032173156738,
          "hz": 9876.909183162974
        },
        {
          "acoustic_entropy": 13.81659984588623,
          "acoustic_entropy_side": 13.829451560974121,
          "hz": 10813.587699516042
        },
        {
          "acoustic_entropy": 13.778610229492188,
          "acoustic_entropy_side": 13.799332618713379,
          "hz": 11833.21735289826
        },
        {
          "acoustic_entropy": 13.656122207641602,
          "acoustic_entropy_side": 13.753491401672363,
          "hz": 12943.144197493959
        },
        {
          "acoustic_entropy": 13.448358535766602,
          "acoustic_entropy_side": 13.720649719238281,
          "hz": 14151.364845322005
        },
        {
          "acoustic_entropy": 13.579398155212402,
          "acoustic_entropy_side": 13.728581428527832,
          "hz": 15466.58407886509
        },
        {
          "acoustic_entropy": 13.673154830932617,
          "acoustic_entropy_side": 13.745678901672363,
          "hz": 16898.27756580493
        },
        {
          "acoustic_entropy": 13.612386703491211,
          "acoustic_entropy_side": 13.816219329833984,
          "hz": 18456.760127700032
        },
        {
          "acoustic_entropy": 13.636691093444824,
          "acoustic_entropy_side": 13.792537689208984,
          "hz": 20153.260054456492
        },
        {
          "acoustic_entropy": 13.797821998596191,
          "acoustic_entropy_side": 13.811978340148926,
          "hz": 22000.00000000001
        }
      ],
      "diff_acoustic_entropy": 8.73071575164795,
      "sn": 12
    },
    {
      "acoustic_entropy": 19.892852783203125,
      "acoustic_entropy_mono": 17.70376205444336,
      "band_eliminated_acoustic_entropies": [
        {
          "acoustic_entropy": 19.290599822998047,
          "acoustic_entropy_side": 19.90230941772461,
          "hz": 129.47220167065723
        },
        {
          "acoustic_entropy": 19.781723022460938,
          "acoustic_entropy_side": 19.841796875,
          "hz": 202.92927478742237
        },
        {
          "acoustic_entropy": 21.002887725830078,
          "acoustic_entropy_side": 20.453838348388672,
          "hz": 282.89161906338205
        },
        {
          "acoustic_entropy": 20.316055297851562,
          "acoustic_entropy_side": 19.78152084350586,
          "hz": 369.9353335868758
        },
        {
          "acoustic_entropy": 20.06349754333496,
          "acoustic_entropy_side": 20.014219284057617,
          "hz": 464.6875360973435
        },
        {
          "acoustic_entropy": 19.102802276611328,
          "acoustic_entropy_side": 19.339466094970703,
          "hz": 567.8308811364784
        },
        {
          "acoustic_entropy": 19.670921325683594,
          "acoustic_entropy_side": 18.98671531677246,
          "hz": 680.1084783214808
        },
        {
          "acoustic_entropy": 19.01420021057129,
          "acoustic_entropy_side": 19.409799575805664,
          "hz": 802.3292461747484
        },
        {
          "acoustic_entropy": 19.674009323120117,
          "acoustic_entropy_side": 19.771738052368164,
          "hz": 935.3737400823702
        },
        {
          "acoustic_entropy": 19.579633712768555,
          "acoustic_entropy_side": 19.82938575744629,
          "hz": 1080.2004963696966
        },
        {
          "acoustic_entropy": 19.64078712463379,
          "acoustic_entropy_side": 19.806922912597656,
          "hz": 1237.8529382007157
        },
        {
          "acoustic_entropy": 19.213943481445312,
          "acoustic_entropy_side": 19.608015060424805,
          "hz": 1409.4668930556702
        },
        {
          "acoustic_entropy": 20.217172622680664,
          "acoustic_entropy_side": 19.473642349243164,
          "hz": 1596.2787759475705
        },
        {
          "acoustic_entropy": 19.410459518432617,
          "acoustic_entropy_side": 19.2178955078125,
          "hz": 1799.6344973346393
        },
        {
          "acoustic_entropy": 18.994203567504883,
          "acoustic_entropy_side": 19.63484764099121,
          "hz": 2020.9991599069049
        },
        {
          "acoustic_entropy": 19.527585983276367,
          "acoustic_entropy_side": 19.51062774658203,
          "hz": 2261.9676141086993
        },
        {
          "acoustic_entropy": 19.292423248291016,
          "acoustic_entropy_side": 20.09269142150879,
          "hz": 2524.2759484456974
        },
        {
          "acoustic_entropy": 19.75758934020996,
          "acoustic_entropy_side": 19.879688262939453,
          "hz": 2809.813997359896
        },
        {
