{
  "acoustic_entropy": 195.92092895507812,
  "bands": [
    {
      "high_freq": 148.1999969482422,
      "loudness": -18.107524871826172,
      "loudness_range": 10.7832670211792,
      "mid_mean": -14.974876403808594,
      "mid_to_side_loudness": -12.45219898223877,
      "mid_to_side_loudness_range": 15.227840423583984,
      "side_mean": -27.843135833740234
    },
    {
      "high_freq": 392.3793640136719,
      "loudness": -18.49445915222168,
      "loudness_range": 7.131631851196289,
      "low_freq": 148.1999969482422,
      "mid_mean": -16.371578216552734,
      "mid_to_side_loudness": -4.333515167236328,
      "mid_to_side_loudness_range": 7.6851725578308105,
      "side_mean": -20.36487579345703
    },
    {
      "high_freq": 794.6976318359375,
      "loudness": -21.97597312927246,
      "loudness_range": 12.122016906738281,
      "low_freq": 392.3793640136719,
      "mid_mean": -20.339847564697266,
      "mid_to_side_loudness": -2.5465269088745117,
      "mid_to_side_loudness_range": 6.0701494216918945,
      "side_mean": -22.909770965576172
    },
    {
      "high_freq": 1457.5709228515625,
      "loudness": -24.58651351928711,
      "loudness_range": 13.120763778686523,
      "low_freq": 794.6976318359375,
      "mid_mean": -22.652297973632812,
      "mid_to_side_loudness": -3.2837865352630615,
      "mid_to_side_loudness_range": 5.321897029876709,
      "side_mean": -26.060855865478516
    },
    {
      "high_freq": 2549.74365234375,
      "loudness": -19.9257869720459,
      "loudness_range": 13.523065567016602,
      "low_freq": 1457.5709228515625,
      "mid_mean": -18.055538177490234,
      "mid_to_side_loudness": -3.0846102237701416,
      "mid_to_side_loudness_range": 4.410513401031494,
      "side_mean": -21.187395095825195
    },
    {
      "high_freq": 4349.24462890625,
      "loudness": -20.62259292602539,
      "loudness_range": 13.42332935333252,
      "low_freq": 2549.74365234375,
      "mid_mean": -18.579753875732422,
      "mid_to_side_loudness": -3.5709362030029297,
      "mid_to_side_loudness_range": 4.621366024017334,
      "side_mean": -22.267120361328125
    },
    {
      "high_freq": 7314.1640625,
      "loudness": -22.825702667236328,
      "loudness_range": 15.85440444946289,
      "low_freq": 4349.24462890625,
      "mid_mean": -20.76178741455078,
      "mid_to_side_loudness": -3.971909761428833,
      "mid_to_side_loudness_range": 5.741935729980469,
      "side_mean": -25.103458404541016
    },
    {
      "high_freq": 12199.2666015625,
      "loudness": -29.86423110961914,
      "loudness_range": 18.682546615600586,
      "low_freq": 7314.1640625,
      "mid_mean": -27.714935302734375,
      "mid_to_side_loudness": -4.247829914093018,
      "mid_to_side_loudness_range": 6.984712600708008,
      "side_mean": -32.3502311706543
    },
    {
      "loudness": -42.34443664550781,
      "loudness_range": 16.913307189941406,
      "low_freq": 12199.2666015625,
      "mid_mean": -41.218936920166016,
      "mid_to_side_loudness": -5.438512325286865,
      "mid_to_side_loudness_range": 11.59932804107666,
      "side_mean": -45.20305633544922
    }
  ],
  "bands_short": [
    {
      "high_freq": 148.1999969482422,
      "loudness": -20.805700302124023,
      "loudness_range": 17.668155670166016,
      "mid_mean": -17.832651138305664,
      "mid_to_side_loudness": -13.334437370300293,
      "mid_to_side_loudness_range": 22.404586791992188,
      "side_mean": -32.523319244384766
    },
    {
      "high_freq": 392.3793640136719,
      "loudness": -17.740022659301758,
      "loudness_range": 9.829018592834473,
      "low_freq": 148.1999969482422,
      "mid_mean": -15.52113151550293,
      "mid_to_side_loudness": -5.309690475463867,
      "mid_to_side_loudness_range": 11.721805572509766,
      "side_mean": -20.51871681213379
    },
    {
      "high_freq": 794.6976318359375,
      "loudness": -21.950326919555664,
      "loudness_range": 11.801887512207031,
      "low_freq": 392.3793640136719,
      "mid_mean": -20.410858154296875,
      "mid_to_side_loudness": -2.6006412506103516,
      "mid_to_side_loudness_range": 8.92914867401123,
      "side_mean": -23.02179527282715
    },
    {
      "high_freq": 1457.5709228515625,
      "loudness": -24.699167251586914,
      "loudness_range": 14.419523239135742,
      "low_freq": 794.6976318359375,
      "mid_mean": -22.919225692749023,
      "mid_to_side_loudness": -3.1027212142944336,
      "mid_to_side_loudness_range": 7.779949188232422,
      "side_mean": -26.163463592529297
    },
    {
      "high_freq": 2549.74365234375,
      "loudness": -20.32438850402832,
      "loudness_range": 15.234058380126953,
      "low_freq": 1457.5709228515625,
      "mid_mean": -18.544832229614258,
      "mid_to_side_loudness": -3.013124704360962,
      "mid_to_side_loudness_range": 6.400548934936523,
      "side_mean": -21.612091064453125
    },
    {
      "high_freq": 4349.24462890625,
      "loudness": -20.838233947753906,
      "loudness_range": 15.035682678222656,
      "low_freq": 2549.74365234375,
      "mid_mean": -18.945812225341797,
      "mid_to_side_loudness": -3.264702081680298,
      "mid_to_side_loudness_range": 6.344454765319824,
      "side_mean": -22.417091369628906
    },
    {
      "high_freq": 7314.1640625,
      "loudness": -23.06517219543457,
      "loudness_range": 17.86398696899414,
      "low_freq": 4349.24462890625,
      "mid_mean": -21.090707778930664,
      "mid_to_side_loudness": -3.7187366485595703,
      "mid_to_side_loudness_range": 7.525248050689697,
      "side_mean": -25.225393295288086
    },
    {
      "high_freq": 12199.2666015625,
      "loudness": -30.160354614257812,
      "loudness_range": 20.252761840820312,
      "low_freq": 7314.1640625,
      "mid_mean": -28.20888900756836,
      "mid_to_side_loudness": -3.9444339275360107,
      "mid_to_side_loudness_range": 9.07799243927002,
      "side_mean": -32.63106918334961
    },
    {
      "loudness": -43.25291061401367,
      "loudness_range": 22.166179656982422,
      "low_freq": 12199.2666015625,
      "mid_mean": -42.88615036010742,
      "mid_to_side_loudness": -5.4104132652282715,
      "mid_to_side_loudness_range": 13.591817855834961,
      "side_mean": -45.60719680786133
    }
  ],
  "bandwidth": 697.9215087890625,
  "channels": 2,
  "covariance": [
    [
      30.9149112701416,
      19.501863479614258,
      8.44681453704834,
      6.09628438949585,
      11.411518096923828,
      13.528984069824219,
      13.89743423461914,
      17.60760498046875,
      15.395198822021484,
      18.832895278930664,
      16.356224060058594,
      19.417755126953125,
      19.496936798095703,
      20.635534286499023,
      19.728647232055664,
      20.18171501159668,
      19.76059341430664,
      21.660531997680664
    ],
    [
      19.501863479614258,
      45.99814987182617,
      8.076004981994629,
      8.22524356842041,
      8.615057945251465,
      10.537775993347168,
      12.417935371398926,
      15.783073425292969,
      13.364974975585938,
      15.334638595581055,
      14.002209663391113,
      16.63053321838379,
      15.105237007141113,
      16.94850730895996,
      14.988704681396484,
      16.595579147338867,
      11.64220905303955,
      18.170024871826172
    ],
    [
      8.44681453704834,
      8.076004981994629,
      10.12581729888916,
      4.972414016723633,
      9.304817199707031,
      9.66748332977295,
      11.028205871582031,
      12.665155410766602,
      12.371869087219238,
      13.230998039245605,
      12.688984870910645,
      13.683079719543457,
      14.842109680175781,
      14.690054893493652,
      14.576480865478516,
      13.741315841674805,
      15.054071426391602,
      14.766584396362305
    ],
    [
      6.09628438949585,
      8.22524356842041,
      4.972414016723633,
      8.99500560760498,
      4.0519185066223145,
      5.407212257385254,
      4.963907241821289,
      7.9080634117126465,
      5.622074127197266,
      7.715277194976807,
      6.0382795333862305,
      8.153172492980957,
      6.364509105682373,
      7.4670515060424805,
      6.552796363830566,
      6.674243450164795,
      5.841972827911377,
      7.149319648742676
    ],
    [
      11.411518096923828,
      8.615057945251465,
      9.304817199707031,
      4.0519185066223145,
      19.127962112426758,
      16.130828857421875,
      17.18218421936035,
      16.588319778442383,
      19.479202270507812,
      19.012800216674805,
      17.966154098510742,
      19.303556442260742,
      19.27014923095703,
      20.419553756713867,
      20.74536895751953,
      20.485816955566406,
      24.095184326171875,
      21.104799270629883
    ],
    [
      13.528984069824219,
      10.537775993347168,
      9.66748332977295,
      5.407212257385254,
      16.130828857421875,
      19.08830451965332,
      16.953617095947266,
      19.6716365814209,
      18.95563507080078,
      21.040090560913086,
      18.073265075683594,
      20.726211547851562,
      21.002023696899414,
      21.629886627197266,
      22.248580932617188,
      21.000682830810547,
      22.432086944580078,
      22.94476890563965
    ],
    [
      13.89743423461914,
      12.417935371398926,
      11.028205871582031,
      4.963907241821289,
      17.18218421936035,
      16.953617095947266,
      24.18415641784668,
      22.804340362548828,
      23.736602783203125,
      23.25996208190918,
      22.612863540649414,
      23.32978057861328,
      25.30020523071289,
      24.84187889099121,
      27.3359317779541,
      25.99106788635254,
      28.90150260925293,
      29.53261947631836
    ],
    [
      17.60760498046875,
      15.783073425292969,
      12.665155410766602,
      7.9080634117126465,
      16.588319778442383,
      19.6716365814209,
      22.804340362548828,
      29.234851837158203,
      23.497203826904297,
      27.835384368896484,
      22.931442260742188,
      26.764612197875977,
      27.063024520874023,
      27.7063045501709,
      28.13594627380371,
      26.8980655670166,
      27.995744705200195,
      30.06901741027832
    ],
    [
      15.395198822021484,
      13.364974975585938,
      12.371869087219238,
      5.622074127197266,
      19.479202270507812,
      18.95563507080078,
      23.736602783203125,
      23.497203826904297,
      28.48062515258789,
      27.58193588256836,
      26.172779083251953,
      26.917715072631836,
      28.830703735351562,
      28.96016502380371,
      30.601947784423828,
      29.493980407714844,
      32.250301361083984,
      32.2913703918457
    ],
    [
      18.832895278930664,
      15.334638595581055,
      13.230998039245605,
      7.715277194976807,
      19.012800216674805,
      21.040090560913086,
      23.25996208190918,
      27.835384368896484,
      27.58193588256836,
      32.065704345703125,
      25.824939727783203,
      29.591306686401367,
      29.96944808959961,
      31.305246353149414,
      30.69503402709961,
      30.299840927124023,
      31.54231834411621,
      32.671024322509766
    ],
    [
      16.356224060058594,
      14.002209663391113,
      12.688984870910645,
      6.0382795333862305,
      17.966154098510742,
      18.073265075683594,
      22.612863540649414,
      22.931442260742188,
      26.172779083251953,
      25.824939727783203,
      28.23276710510254,
      27.556352615356445,
      30.464332580566406,
      29.922195434570312,
      31.84025764465332,
      30.518632888793945,
      31.932004928588867,
      33.66199493408203
    ],
    [
      19.417755126953125,
      16.63053321838379,
      13.683079719543457,
      8.153172492980957,
      19.303556442260742,
      20.726211547851562,
      23.32978057861328,
      26.764612197875977,
      26.917715072631836,
      29.591306686401367,
      27.556352615356445,
      32.93482971191406,
      31.0681209564209,
      34.467559814453125,
      32.39754867553711,
      34.005943298339844,
      31.36479377746582,
      35.41789245605469
    ],
    [
      19.496936798095703,
      15.105237007141113,
      14.842109680175781,
      6.364509105682373,
      19.27014923095703,
      21.002023696899414,
      25.30020523071289,
      27.063024520874023,
      28.830703735351562,
      29.96944808959961,
      30.464332580566406,
      31.0681209564209,
      42.52577590942383,
      37.397178649902344,
      41.790016174316406,
      37.788997650146484,
      38.894775390625,
      42.55550003051758
    ],
    [
      20.635534286499023,
      16.94850730895996,
      14.690054893493652,
      7.4670515060424805,
      20.419553756713867,
      21.629886627197266,
      24.84187889099121,
      27.7063045501709,
      28.96016502380371,
      31.305246353149414,
      29.922195434570312,
      34.467559814453125,
      37.397178649902344,
      42.67694854736328,
      39.250057220458984,
      42.0809440612793,
      37.302734375,
      43.84819793701172
    ],
    [
      19.728647232055664,
      14.988704681396484,
      14.576480865478516,
      6.552796363830566,
      20.74536895751953,
      22.248580932617188,
      27.3359317779541,
      28.13594627380371,
      30.601947784423828,
      30.69503402709961,
      31.84025764465332,
      32.39754867553711,
      41.790016174316406,
      39.250057220458984,
      51.287776947021484,
      43.56437301635742,
      43.379764556884766,
      48.15895462036133
    ],
    [
      20.18171501159668,
      16.595579147338867,
      13.741315841674805,
      6.674243450164795,
      20.485816955566406,
      21.000682830810547,
      25.99106788635254,
      26.8980655670166,
      29.493980407714844,
      30.299840927124023,
      30.518632888793945,
      34.005943298339844,
      37.788997650146484,
      42.0809440612793,
      43.56437301635742,
      49.57341766357422,
      39.91934585571289,
      49.61302947998047
    ],
    [
      19.76059341430664,
      11.64220905303955,
      15.054071426391602,
      5.841972827911377,
      24.095184326171875,
      22.432086944580078,
      28.90150260925293,
      27.995744705200195,
      32.250301361083984,
      31.54231834411621,
      31.932004928588867,
      31.36479377746582,
      38.894775390625,
      37.302734375,
      43.379764556884766,
      39.91934585571289,
      58.97395706176758,
      46.9662971496582
    ],
    [
      21.660531997680664,
      18.170024871826172,
      14.766584396362305,
      7.149319648742676,
      21.104799270629883,
      22.94476890563965,
      29.53261947631836,
      30.06901741027832,
      32.2913703918457,
      32.671024322509766,
      33.66199493408203,
      35.41789245605469,
      42.55550003051758,
      43.84819793701172,
      48.15895462036133,
      49.61302947998047,
      46.9662971496582,
      62.3984375
    ]
  ],
  "covariance_short": [
    [
      50.5858268737793,
      23.74753189086914,
      12.374350547790527,
      5.319704055786133,
      10.460624694824219,
      14.061306953430176,
      14.809253692626953,
      19.35994529724121,
      17.720232009887695,
      21.94146156311035,
      19.098390579223633,
      21.55681800842285,
      21.947097778320312,
      22.029775619506836,
      21.854534149169922,
      20.102664947509766,
      26.475271224975586,
      23.211891174316406
    ],
    [
      23.74753189086914,
      72.44485473632812,
      13.09494686126709,
      9.923026084899902,
      7.615437984466553,
      9.65101432800293,
      13.2919921875,
      15.693159103393555,
      16.131134033203125,
      17.394920349121094,
      16.27376365661621,
      18.242666244506836,
      16.485694885253906,
      17.906362533569336,
      16.257122039794922,
      17.324073791503906,
      15.859257698059082,
      17.21915054321289
    ],
    [
      12.374350547790527,
      13.09494686126709,
      17.069812774658203,
      6.335567474365234,
      10.254254341125488,
      10.11161994934082,
      13.25718879699707,
      14.448246955871582,
      16.071781158447266,
      15.760001182556152,
      16.504087448120117,
      16.185638427734375,
      17.506328582763672,
      16.182252883911133,
      17.30442237854004,
      15.59947395324707,
      22.260700225830078,
      15.962425231933594
    ],
    [
      5.319704055786133,
      9.923026084899902,
      6.335567474365234,
      13.415847778320312,
      3.7207415103912354,
      5.116566181182861,
      5.113506317138672,
      8.079239845275879,
      6.003422260284424,
      7.810309410095215,
      6.349886417388916,
      8.18610668182373,
      6.38279390335083,
      7.255358695983887,
      6.389465808868408,
      6.722805500030518,
      7.357536315917969,
      6.452159404754639
    ],
    [
      10.460624694824219,
      7.615437984466553,
      10.254254341125488,
      3.7207415103912354,
      20.55537223815918,
      15.4332857131958,
      16.871578216552734,
      16.00324249267578,
      19.96647834777832,
      18.57308006286621,
      18.544513702392578,
      18.678014755249023,
      18.062314987182617,
      17.968273162841797,
      19.268165588378906,
      17.798736572265625,
      26.996986389160156,
      16.649742126464844
    ],
    [
      14.061306953430176,
      9.65101432800293,
      10.11161994934082,
      5.116566181182861,
      15.4332857131958,
      21.417451858520508,
      16.847705841064453,
      20.061046600341797,
      19.708148956298828,
      21.746700286865234,
      18.91557502746582,
      21.33431053161621,
      20.72746467590332,
      21.010639190673828,
      21.821399688720703,
      20.062305450439453,
      25.700258255004883,
      20.685842514038086
    ],
    [
      14.809253692626953,
      13.2919921875,
      13.25718879699707,
      5.113506317138672,
      16.871578216552734,
      16.847705841064453,
      28.019775390625,
      24.459321975708008,
      26.29474639892578,
      24.593730926513672,
      25.910900115966797,
      24.983888626098633,
      27.022645950317383,
      25.00076675415039,
      29.301380157470703,
      25.5582218170166,
      35.92082595825195,
      28.365800857543945
    ],
    [
      19.35994529724121,
      15.693159103393555,
      14.448246955871582,
      8.079239845275879,
      16.00324249267578,
      20.061046600341797,
      24.459321975708008,
      33.21232986450195,
      25.89206314086914,
      29.78011703491211,
      25.466278076171875,
      29.109865188598633,
      28.325632095336914,
      28.486427307128906,
      29.481094360351562,
      27.21854019165039,
      34.27769470214844,
      29.705575942993164
    ],
    [
      17.720232009887695,
      16.131134033203125,
      16.071781158447266,
      6.003422260284424,
      19.96647834777832,
      19.708148956298828,
      26.29474639892578,
      25.89206314086914,
      34.877479553222656,
      31.369722366333008,
      31.296743392944336,
      30.092121124267578,
      31.8521671295166,
      30.614959716796875,
      33.44700241088867,
      30.557470321655273,
      42.16268539428711,
      31.716476440429688
    ],
    [
      21.94146156311035,
      17.394920349121094,
      15.760001182556152,
      7.810309410095215,
      18.57308006286621,
      21.746700286865234,
      24.593730926513672,
      29.78011703491211,
      31.369722366333008,
      36.47015380859375,
      29.04611587524414,
      32.57766342163086,
      31.655611038208008,
      32.57584762573242,
      32.227108001708984,
      30.875490188598633,
      39.14368438720703,
      31.859479904174805
    ],
    [
      19.098390579223633,
      16.27376365661621,
      16.504087448120117,
      6.349886417388916,
      18.544513702392578,
      18.91557502746582,
      25.910900115966797,
      25.466278076171875,
      31.296743392944336,
      29.04611587524414,
      35.99066162109375,
      31.520658493041992,
      34.9887580871582,
      32.525753021240234,
      36.37577438354492,
      32.70515441894531,
      43.15825653076172,
      34.761436462402344
    ],
    [
      21.55681800842285,
      18.242666244506836,
      16.185638427734375,
      8.18610668182373,
      18.678014755249023,
      21.33431053161621,
      24.983888626098633,
      29.109865188598633,
      30.092121124267578,
      32.57766342163086,
      31.520658493041992,
      37.367523193359375,
      32.69406509399414,
      35.97431564331055,
      33.96028137207031,
      34.92594909667969,
      40.085426330566406,
      33.963138580322266
    ],
    [
      21.947097778320312,
      16.485694885253906,
      17.506328582763672,
      6.38279390335083,
      18.062314987182617,
      20.72746467590332,
      27.022645950317383,
      28.325632095336914,
      31.8521671295166,
      31.655611038208008,
      34.9887580871582,
      32.69406509399414,
      49.63088607788086,
      40.611610412597656,
      48.06354904174805,
      41.12728500366211,
      50.04987716674805,
      46.730247497558594
    ],
    [
      22.029775619506836,
      17.906362533569336,
      16.182252883911133,
      7.255358695983887,
      17.968273162841797,
      21.010639190673828,
      25.00076675415039,
      28.486427307128906,
      30.614959716796875,
      32.57584762573242,
      32.525753021240234,
      35.97431564331055,
      40.611610412597656,
      46.57354736328125,
      41.89688491821289,
      44.17890930175781,
      45.28890609741211,
      43.499366760253906
    ],
    [
      21.854534149169922,
      16.257122039794922,
      17.30442237854004,
      6.389465808868408,
      19.268165588378906,
      21.821399688720703,
      29.301380157470703,
      29.481094360351562,
      33.44700241088867,
      32.227108001708984,
      36.37577438354492,
      33.96028137207031,
      48.06354904174805,
      41.89688491821289,
      61.29652404785156,
      47.432735443115234,
      56.222476959228516,
      53.17120361328125
    ],
    [
      20.102664947509766,
      17.324073791503906,
      15.59947395324707,
      6.722805500030518,
      17.798736572265625,
      20.062305450439453,
      25.5582218170166,
      27.21854019165039,
      30.557470321655273,
      30.875490188598633,
      32.70515441894531,
      34.92594909667969,
      41.12728500366211,
      44.17890930175781,
      47.432735443115234,
      53.60588836669922,
      49.22593307495117,
      50.560569763183594
    ],
    [
      26.475271224975586,
      15.859257698059082,
      22.260700225830078,
      7.357536315917969,
      26.996986389160156,
      25.700258255004883,
      35.92082595825195,
      34.27769470214844,
      42.16268539428711,
      39.14368438720703,
      43.15825653076172,
      40.085426330566406,
      50.04987716674805,
      45.28890609741211,
      56.222476959228516,
      49.22593307495117,
      84.17710876464844,
      56.297271728515625
    ],
    [
      23.211891174316406,
      17.21915054321289,
      15.962425231933594,
      6.452159404754639,
      16.649742126464844,
      20.685842514038086,
      28.365800857543945,
      29.705575942993164,
      31.716476440429688,
      31.859479904174805,
      34.761436462402344,
      33.963138580322266,
      46.730247497558594,
      43.499366760253906,
      53.17120361328125,
      50.560569763183594,
      56.297271728515625,
      72.10099792480469
    ]
  ],
  "damage": -3.2464144229888916,
  "diff_bandwidth": 691.2763061523438,
  "dissonance": 10.632775716216738,
  "drr": 2.335557460784912,
  "dynamics": 3.8315210342407227,
  "format": 1245190,
  "frames": 8376320,
  "loudness": -8.47463607788086,
  "loudness_range": 8.69367504119873,
  "loudness_range_short": 10.184000015258789,
  "lowpass_true_peak_15khz": 1.6521368026733398,
  "mastering3_acoustic_entropies": [
    {
      "acoustic_entropy": 3.0533077716827393,
      "acoustic_entropy_mono": 3.1956770420074463,
      "band_eliminated_acoustic_entropies": [
        {
          "acoustic_entropy": 2.9460151195526123,
          "acoustic_entropy_side": 3.058410167694092,
          "hz": 129.47220167065723
        },
        {
          "acoustic_entropy": 2.781742572784424,
          "acoustic_entropy_side": 3.1968674659729004,
          "hz": 202.92927478742237
        },
        {
          "acoustic_entropy": 3.2289369106292725,
          "acoustic_entropy_side": 3.1654140949249268,
          "hz": 282.89161906338205
        },
        {
          "acoustic_entropy": 3.0915329456329346,
          "acoustic_entropy_side": 3.1062567234039307,
          "hz": 369.9353335868758
        },
        {
          "acoustic_entropy": 2.959954023361206,
          "acoustic_entropy_side": 2.951594829559326,
          "hz": 464.6875360973435
        },
        {
          "acoustic_entropy": 2.802239418029785,
          "acoustic_entropy_side": 2.9422905445098877,
          "hz": 567.8308811364784
        },
        {
          "acoustic_entropy": 3.080965995788574,
          "acoustic_entropy_side": 3.056400775909424,
          "hz": 680.1084783214808
        },
        {
          "acoustic_entropy": 3.0364694595336914,
          "acoustic_entropy_side": 3.0002598762512207,
          "hz": 802.3292461747484
        },
        {
          "acoustic_entropy": 3.086867570877075,
          "acoustic_entropy_side": 3.051826238632202,
          "hz": 935.3737400823702
        },
        {
          "acoustic_entropy": 3.050609588623047,
          "acoustic_entropy_side": 3.02693772315979,
          "hz": 1080.2004963696966
        },
        {
          "acoustic_entropy": 3.109987497329712,
          "acoustic_entropy_side": 3.0895278453826904,
          "hz": 1237.8529382007157
        },
        {
          "acoustic_entropy": 2.9755852222442627,
          "acoustic_entropy_side": 3.0328354835510254,
          "hz": 1409.4668930556702
        },
        {
          "acoustic_entropy": 3.0756523609161377,
          "acoustic_entropy_side": 3.0776960849761963,
          "hz": 1596.2787759475705
        },
        {
          "acoustic_entropy": 2.9884791374206543,
          "acoustic_entropy_side": 3.0400445461273193,
          "hz": 1799.6344973346393
        },
        {
          "acoustic_entropy": 3.0107104778289795,
          "acoustic_entropy_side": 3.112316131591797,
          "hz": 2020.9991599069049
        },
        {
          "acoustic_entropy": 3.05277156829834,
          "acoustic_entropy_side": 3.0133209228515625,
          "hz": 2261.9676141086993
        },
        {
          "acoustic_entropy": 2.831681966781616,
          "acoustic_entropy_side": 2.834167957305908,
          "hz": 2524.2759484456974
        },
        {
          "acoustic_entropy": 3.073493003845215,
          "acoustic_entropy_side": 3.061467409133911,
          "hz": 2809.813997359896
        },
        {
          "acoustic_entropy": 3.02107834815979,
          "acoustic_entropy_side": 3.060133457183838,
          "hz": 3120.6389567871424
        },
        {
          "acoustic_entropy": 2.97309947013855,
          "acoustic_entropy_side": 2.949923515319824,
          "hz": 3458.990205492291
        },
        {
          "acoustic_entropy": 2.9812872409820557,
          "acoustic_entropy_side": 3.040107488632202,
          "hz": 3827.305438964164
        },
        {
          "acoustic_entropy": 3.02768611907959,
          "acoustic_entropy_side": 3.0308468341827393,
          "hz": 4228.238232109126
        },
        {
          "acoustic_entropy": 3.0081467628479004,
          "acoustic_entropy_side": 2.996793270111084,
          "hz": 4664.6771572759235
        },
        {
          "acoustic_entropy": 3.110881805419922,
          "acoustic_entropy_side": 3.0623204708099365,
          "hz": 5139.766595350093
        },
        {
          "acoustic_entropy": 3.1079487800598145,
          "acoustic_entropy_side": 3.089423656463623,
          "hz": 5656.929389854203
        },
        {
          "acoustic_entropy": 3.060887098312378,
          "acoustic_entropy_side": 3.0594418048858643,
          "hz": 6219.891507268283
        },
        {
          "acoustic_entropy": 3.074504852294922,
          "acoustic_entropy_side": 3.056540012359619,
          "hz": 6832.70888123896
        },
        {
          "acoustic_entropy": 3.0558888912200928,
          "acoustic_entropy_side": 3.039341449737549,
          "hz": 7499.796634079867
        },
        {
          "acoustic_entropy": 3.0399410724639893,
          "acoustic_entropy_side": 3.0379693508148193,
          "hz": 8225.96088609342
        },
        {
          "acoustic_entropy": 3.0397677421569824,
          "acoustic_entropy_side": 3.0331807136535645,
          "hz": 9016.43338188839
        },
        {
          "acoustic_entropy": 3.0483624935150146,
          "acoustic_entropy_side": 3.047614574432373,
          "hz": 9876.909183162974
        },
        {
          "acoustic_entropy": 3.0504260063171387,
          "acoustic_entropy_side": 3.0562961101531982,
          "hz": 10813.587699516042
        },
        {
          "acoustic_entropy": 3.0584983825683594,
          "acoustic_entropy_side": 3.0546886920928955,
          "hz": 11833.21735289826
        },
        {
          "acoustic_entropy": 3.0576400756835938,
          "acoustic_entropy_side": 3.0543620586395264,
          "hz": 12943.144197493959
        },
        {
          "acoustic_entropy": 3.055990695953369,
          "acoustic_entropy_side": 3.054520606994629,
          "hz": 14151.364845322005
        },
        {
          "acoustic_entropy": 3.0536949634552,
          "acoustic_entropy_side": 3.0536835193634033,
          "hz": 15466.58407886509
        },
        {
          "acoustic_entropy": 3.0528297424316406,
          "acoustic_entropy_side": 3.0533673763275146,
          "hz": 16898.27756580493
        },
        {
          "acoustic_entropy": 3.053001642227173,
          "acoustic_entropy_side": 3.053313970565796,
          "hz": 18456.760127700032
        },
        {
          "acoustic_entropy": 3.0532689094543457,
          "acoustic_entropy_side": 3.0533061027526855,
          "hz": 20153.260054456492
        },
        {
          "acoustic_entropy": 3.053302049636841,
          "acoustic_entropy_side": 3.0533077716827393,
          "hz": 22000.00000000001
        }
      ],
      "diff_acoustic_entropy": 1.22566819190979,
      "sn": 6
    },
    {
      "acoustic_entropy": 5.676993370056152,
      "acoustic_entropy_mono": 6.271460056304932,
      "band_eliminated_acoustic_entropies": [
        {
          "acoustic_entropy": 5.636372089385986,
          "acoustic_entropy_side": 5.695958614349365,
          "hz": 129.47220167065723
        },
        {
          "acoustic_entropy": 5.385144233703613,
          "acoustic_entropy_side": 5.846741199493408,
          "hz": 202.92927478742237
        },
        {
          "acoustic_entropy": 6.08743143081665,
          "acoustic_entropy_side": 5.796777725219727,
          "hz": 282.89161906338205
        },
        {
          "acoustic_entropy": 5.806545734405518,
          "acoustic_entropy_side": 5.843772888183594,
          "hz": 369.9353335868758
        },
        {
          "acoustic_entropy": 5.64968204498291,
          "acoustic_entropy_side": 5.547441482543945,
          "hz": 464.6875360973435
        },
        {
          "acoustic_entropy": 5.923263072967529,
          "acoustic_entropy_side": 6.127470016479492,
          "hz": 567.8308811364784
        },
        {
          "acoustic_entropy": 5.9037861824035645,
          "acoustic_entropy_side": 6.054922103881836,
          "hz": 680.1084783214808
        },
        {
          "acoustic_entropy": 5.610337734222412,
          "acoustic_entropy_side": 5.664233207702637,
          "hz": 802.3292461747484
        },
        {
          "acoustic_entropy": 5.557244300842285,
          "acoustic_entropy_side": 5.667459487915039,
          "hz": 935.3737400823702
        },
        {
          "acoustic_entropy": 5.8043694496154785,
          "acoustic_entropy_side": 5.666985034942627,
          "hz": 1080.2004963696966
        },
        {
          "acoustic_entropy": 5.814041614532471,
          "acoustic_entropy_side": 5.747979164123535,
          "hz": 1237.8529382007157
        },
        {
          "acoustic_entropy": 5.458917617797852,
          "acoustic_entropy_side": 5.466841697692871,
          "hz": 1409.4668930556702
        },
        {
          "acoustic_entropy": 5.741270065307617,
          "acoustic_entropy_side": 5.73218297958374,
          "hz": 1596.2787759475705
        },
        {
          "acoustic_entropy": 5.596258640289307,
          "acoustic_entropy_side": 5.741807460784912,
          "hz": 1799.6344973346393
        },
        {
          "acoustic_entropy": 5.664919853210449,
          "acoustic_entropy_side": 5.6649298667907715,
          "hz": 2020.9991599069049
        },
        {
          "acoustic_entropy": 5.482995986938477,
          "acoustic_entropy_side": 5.594568729400635,
          "hz": 2261.9676141086993
        },
        {
          "acoustic_entropy": 5.507770538330078,
          "acoustic_entropy_side": 5.643801689147949,
          "hz": 2524.2759484456974
        },
        {
          "acoustic_entropy": 5.755979061126709,
          "acoustic_entropy_side": 5.779614448547363,
          "hz": 2809.813997359896
        },
        {
          "acoustic_entropy": 5.675760269165039,
          "acoustic_entropy_side": 5.630911827087402,
          "hz": 3120.6389567871424
        },
        {
          "acoustic_entropy": 5.643074035644531,
          "acoustic_entropy_side": 5.678555965423584,
          "hz": 3458.990205492291
        },
        {
          "acoustic_entropy": 5.678888320922852,
          "acoustic_entropy_side": 5.660541534423828,
          "hz": 3827.305438964164
        },
        {
          "acoustic_entropy": 5.586253643035889,
          "acoustic_entropy_side": 5.557090759277344,
          "hz": 4228.238232109126
        },
        {
          "acoustic_entropy": 5.525126934051514,
          "acoustic_entropy_side": 5.5633721351623535,
          "hz": 4664.6771572759235
        },
        {
          "acoustic_entropy": 5.64056396484375,
          "acoustic_entropy_side": 5.632471561431885,
          "hz": 5139.766595350093
        },
        {
          "acoustic_entropy": 5.641865253448486,
          "acoustic_entropy_side": 5.658018112182617,
          "hz": 5656.929389854203
        },
        {
          "acoustic_entropy": 5.66294002532959,
          "acoustic_entropy_side": 5.665622234344482,
          "hz": 6219.891507268283
        },
        {
          "acoustic_entropy": 5.689613342285156,
          "acoustic_entropy_side": 5.680613040924072,
          "hz": 6832.70888123896
        },
        {
          "acoustic_entropy": 5.6438307762146,
          "acoustic_entropy_side": 5.627547264099121,
          "hz": 7499.796634079867
        },
        {
          "acoustic_entropy": 5.648031711578369,
          "acoustic_entropy_side": 5.625406265258789,
          "hz": 8225.96088609342
        },
        {
          "acoustic_entropy": 5.632141590118408,
          "acoustic_entropy_side": 5.586383819580078,
          "hz": 9016.43338188839
        },
        {
          "acoustic_entropy": 5.557920932769775,
          "acoustic_entropy_side": 5.678183078765869,
          "hz": 9876.909183162974
        },
        {
          "acoustic_entropy": 5.504344940185547,
          "acoustic_entropy_side": 5.693576812744141,
          "hz": 10813.587699516042
        },
        {
          "acoustic_entropy": 5.596919059753418,
          "acoustic_entropy_side": 5.687833786010742,
          "hz": 11833.21735289826
        },
        {
          "acoustic_entropy": 5.620598316192627,
          "acoustic_entropy_side": 5.687551498413086,
          "hz": 12943.144197493959
        },
        {
          "acoustic_entropy": 5.660182952880859,
          "acoustic_entropy_side": 5.68932580947876,
          "hz": 14151.364845322005
        },
        {
          "acoustic_entropy": 5.668385028839111,
          "acoustic_entropy_side": 5.683998107910156,
          "hz": 15466.58407886509
        },
        {
          "acoustic_entropy": 5.674314022064209,
          "acoustic_entropy_side": 5.680239677429199,
          "hz": 16898.27756580493
        },
        {
          "acoustic_entropy": 5.676149845123291,
          "acoustic_entropy_side": 5.678173065185547,
          "hz": 18456.760127700032
        },
        {
          "acoustic_entropy": 5.677490711212158,
          "acoustic_entropy_side": 5.677269458770752,
          "hz": 20153.260054456492
        },
        {
          "acoustic_entropy": 5.677136421203613,
          "acoustic_entropy_side": 5.6770148277282715,
          "hz": 22000.00000000001
        }
      ],
      "diff_acoustic_entropy": 2.7370316982269287,
      "sn": 12
    },
    {
      "acoustic_entropy": 11.614575386047363,
      "acoustic_entropy_mono": 10.423470497131348,
      "band_eliminated_acoustic_entropies": [
        {
          "acoustic_entropy": 11.446471214294434,
          "acoustic_entropy_side": 11.82999324798584,
          "hz": 129.47220167065723
        },
        {
          "acoustic_entropy": 11.658587455749512,
          "acoustic_entropy_side": 11.923223495483398,
          "hz": 202.92927478742237
        },
        {
          "acoustic_entropy": 12.089554786682129,
          "acoustic_entropy_side": 12.139212608337402,
          "hz": 282.89161906338205
        },
        {
          "acoustic_entropy": 11.815463066101074,
          "acoustic_entropy_side": 11.93595027923584,
          "hz": 369.9353335868758
        },
        {
          "acoustic_entropy": 12.369606018066406,
          "acoustic_entropy_side": 12.03783893585205,
          "hz": 464.6875360973435
        },
        {
          "acoustic_entropy": 11.830310821533203,
          "acoustic_entropy_side": 11.880736351013184,
          "hz": 567.8308811364784
        },
        {
          "acoustic_entropy": 11.815471649169922,
          "acoustic_entropy_side": 11.577339172363281,
          "hz": 680.1084783214808
        },
        {
          "acoustic_entropy": 11.587531089782715,
          "acoustic_entropy_side": 11.542427062988281,
          "hz": 802.3292461747484
        },
        {
          "acoustic_entropy": 11.785099029541016,
          "acoustic_entropy_side": 11.632699012756348,
          "hz": 935.3737400823702
        },
        {
          "acoustic_entropy": 11.707708358764648,
          "acoustic_entropy_side": 11.61949634552002,
          "hz": 1080.2004963696966
        },
        {
          "acoustic_entropy": 11.587255477905273,
          "acoustic_entropy_side": 11.651841163635254,
          "hz": 1237.8529382007157
        },
        {
          "acoustic_entropy": 11.293563842773438,
          "acoustic_entropy_side": 11.3046875,
          "hz": 1409.4668930556702
        },
        {
          "acoustic_entropy": 11.548223495483398,
          "acoustic_entropy_side": 11.651833534240723,
          "hz": 1596.2787759475705
        },
        {
          "acoustic_entropy": 11.506938934326172,
          "acoustic_entropy_side": 11.607147216796875,
          "hz": 1799.6344973346393
        },
        {
          "acoustic_entropy": 11.555375099182129,
          "acoustic_entropy_side": 11.586817741394043,
          "hz": 2020.9991599069049
        },
        {
          "acoustic_entropy": 11.400527000427246,
          "acoustic_entropy_side": 11.36128044128418,
          "hz": 2261.9676141086993
        },
        {
          "acoustic_entropy": 11.407854080200195,
          "acoustic_entropy_side": 11.570871353149414,
          "hz": 2524.2759484456974
        },
        {
          "acoustic_entropy": 11.61213493347168,
          "acoustic_entropy_side": 11.549375534057617,
          "hz": 2809.813997359896
        },
        {
          "acoustic_entropy": 11.416716575622559,
          "acoustic_entropy_side": 11.536517143249512,
