{
  "acoustic_entropy": 143.8987579345703,
  "bands": [
    {
      "high_freq": 148.1999969482422,
      "loudness": -45.954978942871094,
      "loudness_range": 33.03070831298828,
      "mid_mean": -42.21023178100586,
      "mid_to_side_loudness": -25.26226806640625,
      "mid_to_side_loudness_range": 13.038742065429688,
      "side_mean": -63.575069427490234
    },
    {
      "high_freq": 392.3793640136719,
      "loudness": -35.42395782470703,
      "loudness_range": 29.71348762512207,
      "low_freq": 148.1999969482422,
      "mid_mean": -32.33465576171875,
      "mid_to_side_loudness": -21.177209854125977,
      "mid_to_side_loudness_range": 14.731207847595215,
      "side_mean": -53.82284164428711
    },
    {
      "high_freq": 794.6976318359375,
      "loudness": -30.6026611328125,
      "loudness_range": 22.07271385192871,
      "low_freq": 392.3793640136719,
      "mid_mean": -27.971067428588867,
      "mid_to_side_loudness": -19.410083770751953,
      "mid_to_side_loudness_range": 15.294163703918457,
      "side_mean": -48.090049743652344
    },
    {
      "high_freq": 1457.5709228515625,
      "loudness": -36.58296585083008,
      "loudness_range": 25.291770935058594,
      "low_freq": 794.6976318359375,
      "mid_mean": -33.17135238647461,
      "mid_to_side_loudness": -21.558034896850586,
      "mid_to_side_loudness_range": 16.464778900146484,
      "side_mean": -56.21640396118164
    },
    {
      "high_freq": 2549.74365234375,
      "loudness": -34.33414840698242,
      "loudness_range": 24.262407302856445,
      "low_freq": 1457.5709228515625,
      "mid_mean": -30.82331657409668,
      "mid_to_side_loudness": -21.537309646606445,
      "mid_to_side_loudness_range": 22.295228958129883,
      "side_mean": -54.721134185791016
    },
    {
      "high_freq": 4349.24462890625,
      "loudness": -40.434261322021484,
      "loudness_range": 21.078792572021484,
      "low_freq": 2549.74365234375,
      "mid_mean": -36.76646423339844,
      "mid_to_side_loudness": -24.86133575439453,
      "mid_to_side_loudness_range": 29.028745651245117,
      "side_mean": -62.202938079833984
    },
    {
      "high_freq": 7314.1640625,
      "loudness": -56.46741485595703,
      "loudness_range": 21.596481323242188,
      "low_freq": 4349.24462890625,
      "mid_mean": -53.79738235473633,
      "mid_to_side_loudness": -29.056684494018555,
      "mid_to_side_loudness_range": 37.270904541015625,
      "side_mean": -69.51071166992188
    },
    {
      "high_freq": 12199.2666015625,
      "loudness": -66.49333953857422,
      "loudness_range": 5.3928680419921875,
      "low_freq": 7314.1640625,
      "mid_mean": -62.49889373779297,
      "mid_to_side_loudness": -57.26539993286133,
      "mid_to_side_loudness_range": 71.50276947021484,
      "side_mean": -69.99807739257812
    },
    {
      "loudness": -69.62055206298828,
      "loudness_range": 0.7765121459960938,
      "low_freq": 12199.2666015625,
      "mid_mean": -64.59932708740234,
      "mid_to_side_loudness": -36.838165283203125,
      "mid_to_side_loudness_range": 45.99033737182617,
      "side_mean": -69.9961166381836
    }
  ],
  "bands_short": [
    {
      "high_freq": 148.1999969482422,
      "loudness": -50.0848388671875,
      "loudness_range": 34.449649810791016,
      "mid_mean": -46.50614929199219,
      "mid_to_side_loudness": -25.252843856811523,
      "mid_to_side_loudness_range": 19.861282348632812,
      "side_mean": -65.61811828613281
    },
    {
      "high_freq": 392.3793640136719,
      "loudness": -37.43416213989258,
      "loudness_range": 28.66312599182129,
      "low_freq": 148.1999969482422,
      "mid_mean": -34.01347732543945,
      "mid_to_side_loudness": -21.573637008666992,
      "mid_to_side_loudness_range": 16.834087371826172,
      "side_mean": -56.002349853515625
    },
    {
      "high_freq": 794.6976318359375,
      "loudness": -30.33609962463379,
      "loudness_range": 23.93448257446289,
      "low_freq": 392.3793640136719,
      "mid_mean": -27.63214683532715,
      "mid_to_side_loudness": -18.90848159790039,
      "mid_to_side_loudness_range": 17.544477462768555,
      "side_mean": -48.06201934814453
    },
    {
      "high_freq": 1457.5709228515625,
      "loudness": -35.78327560424805,
      "loudness_range": 25.23727798461914,
      "low_freq": 794.6976318359375,
      "mid_mean": -32.36217498779297,
      "mid_to_side_loudness": -20.373945236206055,
      "mid_to_side_loudness_range": 21.536479949951172,
      "side_mean": -54.88713455200195
    },
    {
      "high_freq": 2549.74365234375,
      "loudness": -34.966880798339844,
      "loudness_range": 25.040449142456055,
      "low_freq": 1457.5709228515625,
      "mid_mean": -31.457626342773438,
      "mid_to_side_loudness": -21.311079025268555,
      "mid_to_side_loudness_range": 25.111698150634766,
      "side_mean": -55.22136688232422
    },
    {
      "high_freq": 4349.24462890625,
      "loudness": -40.66108322143555,
      "loudness_range": 21.882665634155273,
      "low_freq": 2549.74365234375,
      "mid_mean": -37.028404235839844,
      "mid_to_side_loudness": -24.631752014160156,
      "mid_to_side_loudness_range": 28.834192276000977,
      "side_mean": -62.283485412597656
    },
    {
      "high_freq": 7314.1640625,
      "loudness": -56.71220016479492,
      "loudness_range": 21.489925384521484,
      "low_freq": 4349.24462890625,
      "mid_mean": -53.999351501464844,
      "mid_to_side_loudness": -27.745098114013672,
      "mid_to_side_loudness_range": 35.783935546875,
      "side_mean": -69.5201416015625
    },
    {
      "high_freq": 12199.2666015625,
      "loudness": -66.60649871826172,
      "loudness_range": 5.258152008056641,
      "low_freq": 7314.1640625,
      "mid_mean": -62.591041564941406,
      "mid_to_side_loudness": -57.36711883544922,
      "mid_to_side_loudness_range": 71.28019714355469,
      "side_mean": -69.99803161621094
    },
    {
      "loudness": -69.53031921386719,
      "loudness_range": 1.3627777099609375,
      "low_freq": 12199.2666015625,
      "mid_mean": -64.57489776611328,
      "mid_to_side_loudness": -37.32672119140625,
      "mid_to_side_loudness_range": 63.196815490722656,
      "side_mean": -69.99607849121094
    }
  ],
  "bandwidth": 749.4620361328125,
  "channels": 2,
  "covariance": [
    [
      130.46241760253906,
      72.02041625976562,
      91.91492462158203,
      79.03164672851562,
      46.66546630859375,
      46.9472770690918,
      37.27873992919922,
      30.281709671020508,
      10.618377685546875,
      9.429436683654785,
      25.44687271118164,
      18.719425201416016,
      32.840667724609375,
      3.208444356918335,
      4.966643333435059,
      -0.0004770910309161991,
      0.8955328464508057,
      -0.0037981963250786066
    ],
    [
      72.02041625976562,
      49.22467041015625,
      49.80227279663086,
      47.88512420654297,
      22.68001937866211,
      25.045429229736328,
      13.417169570922852,
      17.603002548217773,
      2.258162498474121,
      10.258002281188965,
      8.588863372802734,
      10.003037452697754,
      19.816255569458008,
      1.8516883850097656,
      4.589215278625488,
      -0.006971337366849184,
      2.818136215209961,
      -0.015064029023051262
    ],
    [
      91.91492462158203,
      49.80227279663086,
      120.07351684570312,
      97.37760925292969,
      73.09677124023438,
      70.57185363769531,
      42.18593978881836,
      29.606840133666992,
      12.695845603942871,
      14.110058784484863,
      24.932498931884766,
      14.841087341308594,
      32.215206146240234,
      2.337010622024536,
      3.379373788833618,
      -0.007178527768701315,
      1.1807284355163574,
      -0.008885277435183525
    ],
    [
      79.03164672851562,
      47.88512420654297,
      97.37760925292969,
      104.67090606689453,
      58.404293060302734,
      63.871498107910156,
      30.837841033935547,
      36.70845413208008,
      9.377296447753906,
      25.7141170501709,
      21.760669708251953,
      21.028850555419922,
      43.878665924072266,
      2.8205771446228027,
      9.954621315002441,
      -0.01659686490893364,
      5.944649696350098,
      -0.026932382956147194
    ],
    [
      46.66546630859375,
      22.68001937866211,
      73.09677124023438,
      58.404293060302734,
      81.05963134765625,
      64.88275146484375,
      44.58899688720703,
      30.43463706970215,
      18.55409049987793,
      15.196272850036621,
      11.468389511108398,
      6.754018783569336,
      19.772920608520508,
      0.9123068451881409,
      2.6709988117218018,
      -0.00570934871211648,
      0.9608914852142334,
      -0.005921342875808477
    ],
    [
      46.9472770690918,
      25.045429229736328,
      70.57185363769531,
      63.871498107910156,
      64.88275146484375,
      79.28460693359375,
      41.44969177246094,
      35.20183181762695,
      21.715469360351562,
      25.03203773498535,
      17.018035888671875,
      12.47568416595459,
      25.48031234741211,
      1.5659592151641846,
      4.7835307121276855,
      -0.008845747448503971,
      2.129199981689453,
      -0.01822190172970295
    ],
    [
      37.27873992919922,
      13.417169570922852,
      42.18593978881836,
      30.837841033935547,
      44.58899688720703,
      41.44969177246094,
      71.51473999023438,
      51.913719177246094,
      29.88126564025879,
      27.31756591796875,
      23.901573181152344,
      15.093912124633789,
      27.2640438079834,
      0.5715385675430298,
      5.326562404632568,
      -0.0026022526435554028,
      1.1090061664581299,
      -0.002404493046924472
    ],
    [
      30.281709671020508,
      17.603002548217773,
      29.606840133666992,
      36.70845413208008,
      30.43463706970215,
      35.20183181762695,
      51.913719177246094,
      61.46961975097656,
      25.741395950317383,
      40.708526611328125,
      21.452682495117188,
      21.671777725219727,
      37.82051467895508,
      1.198405385017395,
      11.711836814880371,
      -0.013836082071065903,
      6.26238489151001,
      -0.028809741139411926
    ],
    [
      10.618377685546875,
      2.258162498474121,
      12.695845603942871,
      9.377296447753906,
      18.55409049987793,
      21.715469360351562,
      29.88126564025879,
      25.741395950317383,
      66.02680206298828,
      57.37638473510742,
      33.97113037109375,
      21.757654190063477,
      35.01355743408203,
      2.460026979446411,
      8.538655281066895,
      0.003079199232161045,
      1.4211617708206177,
      -0.002448505023494363
    ],
    [
      9.429436683654785,
      10.258002281188965,
      14.110058784484863,
      25.7141170501709,
      15.196272850036621,
      25.03203773498535,
      27.31756591796875,
      40.708526611328125,
      57.37638473510742,
      77.27336883544922,
      29.82615852355957,
      28.75579071044922,
      47.03304672241211,
      2.750108480453491,
      15.443948745727539,
      -0.012360659427940845,
      7.663167953491211,
      -0.0360899493098259
    ],
    [
      25.44687271118164,
      8.588863372802734,
      24.932498931884766,
      21.760669708251953,
      11.468389511108398,
      17.018035888671875,
      23.901573181152344,
      21.452682495117188,
      33.97113037109375,
      29.82615852355957,
      55.57560348510742,
      33.725135803222656,
      38.59737777709961,
      2.629441976547241,
      9.262104988098145,
      0.007786544505506754,
      1.354012131690979,
      -0.003648028476163745
    ],
    [
      18.719425201416016,
      10.003037452697754,
      14.841087341308594,
      21.028850555419922,
      6.754018783569336,
      12.47568416595459,
      15.093912124633789,
      21.671777725219727,
      21.757654190063477,
      28.75579071044922,
      33.725135803222656,
      30.178016662597656,
      32.55329513549805,
      2.2797272205352783,
      10.06521224975586,
      -0.0008401349186897278,
      3.9261016845703125,
      -0.018395204097032547
    ],
    [
      32.840667724609375,
      19.816255569458008,
      32.215206146240234,
      43.878665924072266,
      19.772920608520508,
      25.48031234741211,
      27.2640438079834,
      37.82051467895508,
      35.01355743408203,
      47.03304672241211,
      38.59737777709961,
      32.55329513549805,
      63.486087799072266,
      4.399362564086914,
      17.19106101989746,
      -0.01009438931941986,
      7.724445819854736,
      -0.037699565291404724
    ],
    [
      3.208444356918335,
      1.8516883850097656,
      2.337010622024536,
      2.8205771446228027,
      0.9123068451881409,
      1.5659592151641846,
      0.5715385675430298,
      1.198405385017395,
      2.460026979446411,
      2.750108480453491,
      2.629441976547241,
      2.2797272205352783,
      4.399362564086914,
      0.8282055854797363,
      0.9891357421875,
      0.0009306916617788374,
      0.2629179358482361,
      -0.0011938592651858926
    ],
    [
      4.966643333435059,
      4.589215278625488,
      3.379373788833618,
      9.954621315002441,
      2.6709988117218018,
      4.7835307121276855,
      5.326562404632568,
      11.711836814880371,
      8.538655281066895,
      15.443948745727539,
      9.262104988098145,
      10.06521224975586,
      17.19106101989746,
      0.9891357421875,
      7.204993724822998,
      -0.005136509425938129,
      3.4788224697113037,
      -0.017004534602165222
    ],
    [
      -0.0004770910309161991,
      -0.006971337366849184,
      -0.007178527768701315,
      -0.01659686490893364,
      -0.00570934871211648,
      -0.008845747448503971,
      -0.0026022526435554028,
      -0.013836082071065903,
      0.003079199232161045,
      -0.012360659427940845,
      0.007786544505506754,
      -0.0008401349186897278,
      -0.01009438931941986,
      0.0009306916617788374,
      -0.005136509425938129,
      2.7403930289437994e-05,
      -0.0050730276852846146,
      3.191710857208818e-05
    ],
    [
      0.8955328464508057,
      2.818136215209961,
      1.1807284355163574,
      5.944649696350098,
      0.9608914852142334,
      2.129199981689453,
      1.1090061664581299,
      6.26238489151001,
      1.4211617708206177,
      7.663167953491211,
      1.354012131690979,
      3.9261016845703125,
      7.724445819854736,
      0.2629179358482361,
      3.4788224697113037,
      -0.0050730276852846146,
      2.377326250076294,
      -0.0120553495362401
    ],
    [
      -0.0037981963250786066,
      -0.015064029023051262,
      -0.008885277435183525,
      -0.026932382956147194,
      -0.005921342875808477,
      -0.01822190172970295,
      -0.002404493046924472,
      -0.028809741139411926,
      -0.002448505023494363,
      -0.0360899493098259,
      -0.003648028476163745,
      -0.018395204097032547,
      -0.037699565291404724,
      -0.0011938592651858926,
      -0.017004534602165222,
      3.191710857208818e-05,
      -0.0120553495362401,
      0.00010876962915062904
    ]
  ],
  "covariance_short": [
    [
      131.815673828125,
      56.226959228515625,
      85.28604888916016,
      66.52592468261719,
      44.29684829711914,
      50.701454162597656,
      36.26036071777344,
      27.601118087768555,
      13.096415519714355,
      10.06617259979248,
      25.969051361083984,
      17.707094192504883,
      27.758037567138672,
      2.6086180210113525,
      4.896599769592285,
      -0.00033137245918624103,
      0.9872450828552246,
      -0.00367849157191813
    ],
    [
      56.226959228515625,
      37.76097869873047,
      35.342716217041016,
      31.576330184936523,
      15.910113334655762,
      19.758256912231445,
      8.643021583557129,
      12.346691131591797,
      1.2088004350662231,
      5.719353675842285,
      5.222525119781494,
      5.868583679199219,
      10.294902801513672,
      1.017247200012207,
      2.99440336227417,
      -0.005401144735515118,
      1.9454002380371094,
      -0.010575593449175358
    ],
    [
      85.28604888916016,
      35.342716217041016,
      106.03690338134766,
      77.8726577758789,
      68.70771026611328,
      71.95944213867188,
      39.57585525512695,
      29.031963348388672,
      15.465107917785645,
      15.54193115234375,
      25.9703426361084,
      14.177913665771484,
      28.515872955322266,
      2.1429154872894287,
      3.333683490753174,
      -0.005315789952874184,
      0.8585913777351379,
      -0.0040454743430018425
    ],
    [
      66.52592468261719,
      31.576330184936523,
      77.8726577758789,
      80.38955688476562,
      53.23832321166992,
      63.97571563720703,
      27.209707260131836,
      34.86933135986328,
      10.36107349395752,
      24.64735221862793,
      20.35054588317871,
      18.387802124023438,
      37.30187225341797,
      2.329263210296631,
      9.125040054321289,
      -0.01545901969075203,
      5.4758830070495605,
      -0.027545515447854996
    ],
    [
      44.29684829711914,
      15.910113334655762,
      68.70771026611328,
      53.23832321166992,
      88.15436553955078,
      68.32991027832031,
      39.57291030883789,
      30.89063262939453,
      21.27094268798828,
      19.60572052001953,
      15.499674797058105,
      9.029927253723145,
      24.652544021606445,
      1.6103922128677368,
      3.0738017559051514,
      -0.004347870592027903,
      1.0663652420043945,
      -0.006914523895829916
    ],
    [
      50.701454162597656,
      19.758256912231445,
      71.95944213867188,
      63.97571563720703,
      68.32991027832031,
      90.15538024902344,
      42.51429748535156,
      39.12268829345703,
      20.420902252197266,
      23.17246437072754,
      21.50032615661621,
      13.863348007202148,
      28.505828857421875,
      1.8869987726211548,
      4.429441928863525,
      -0.008682724088430405,
      1.7246230840682983,
      -0.015022092498838902
    ],
    [
      36.26036071777344,
      8.643021583557129,
      39.57585525512695,
      27.209707260131836,
      39.57291030883789,
      42.51429748535156,
      72.93537902832031,
      47.40166473388672,
      29.382648468017578,
      23.664936065673828,
      23.39845848083496,
      14.261759757995605,
      24.325475692749023,
      0.9826086163520813,
      5.309610366821289,
      -0.0019212053157389164,
      0.9243201017379761,
      -0.000988037558272481
    ],
    [
      27.601118087768555,
      12.346691131591797,
      29.031963348388672,
      34.86933135986328,
      30.89063262939453,
      39.12268829345703,
      47.40166473388672,
      64.91429138183594,
      26.600605010986328,
      41.6184196472168,
      19.8657169342041,
      21.283876419067383,
      35.80891036987305,
      1.4410343170166016,
      11.809562683105469,
      -0.014956895262002945,
      6.8363165855407715,
      -0.03227660432457924
    ],
    [
      13.096415519714355,
      1.2088004350662231,
      15.465107917785645,
      10.36107349395752,
      21.27094268798828,
      20.420902252197266,
      29.382648468017578,
      26.600605010986328,
      70.74057006835938,
      55.15723419189453,
      35.106231689453125,
      21.725940704345703,
      34.74895477294922,
      2.236588716506958,
      8.239863395690918,
      0.0026968589518219233,
      1.4344404935836792,
      -0.0025084251537919044
    ],
    [
      10.06617259979248,
      5.719353675842285,
      15.54193115234375,
      24.64735221862793,
      19.60572052001953,
      23.17246437072754,
      23.664936065673828,
      41.6184196472168,
      55.15723419189453,
      76.8298568725586,
      29.61836814880371,
      28.218536376953125,
      44.50806427001953,
      2.532493829727173,
      14.235854148864746,
      -0.011893201619386673,
      7.355466365814209,
      -0.035505879670381546
    ],
    [
      25.969051361083984,
      5.222525119781494,
      25.9703426361084,
      20.35054588317871,
      15.499674797058105,
      21.50032615661621,
      23.39845848083496,
      19.8657169342041,
      35.106231689453125,
      29.61836814880371,
      58.83774948120117,
      32.20216751098633,
      39.63490295410156,
      2.530242919921875,
      8.891383171081543,
      0.007855878211557865,
      1.234118103981018,
      -0.0018232829170301557
    ],
    [
      17.707094192504883,
      5.868583679199219,
      14.177913665771484,
      18.387802124023438,
      9.029927253723145,
      13.863348007202148,
      14.261759757995605,
      21.283876419067383,
      21.725940704345703,
      28.218536376953125,
      32.20216751098633,
      31.38697624206543,
      31.97185516357422,
      2.2109150886535645,
      9.273030281066895,
      -0.0008378356578759849,
      3.87148118019104,
      -0.018503323197364807
    ],
    [
      27.758037567138672,
      10.294902801513672,
      28.515872955322266,
      37.30187225341797,
      24.652544021606445,
      28.505828857421875,
      24.325475692749023,
      35.80891036987305,
      34.74895477294922,
      44.50806427001953,
      39.63490295410156,
      31.97185516357422,
      64.0026626586914,
      3.98919415473938,
      16.656343460083008,
      -0.010116025805473328,
      7.633884906768799,
      -0.03798123821616173
    ],
    [
      2.6086180210113525,
      1.017247200012207,
      2.1429154872894287,
      2.329263210296631,
      1.6103922128677368,
      1.8869987726211548,
      0.9826086163520813,
      1.4410343170166016,
      2.236588716506958,
      2.532493829727173,
      2.530242919921875,
      2.2109150886535645,
      3.98919415473938,
      0.9357255101203918,
      0.8398719429969788,
      0.0009563283529132605,
      0.2470509111881256,
      -0.0011932882480323315
    ],
    [
      4.896599769592285,
      2.99440336227417,
      3.333683490753174,
      9.125040054321289,
      3.0738017559051514,
      4.429441928863525,
      5.309610366821289,
      11.809562683105469,
      8.239863395690918,
      14.235854148864746,
      8.891383171081543,
      9.273030281066895,
      16.656343460083008,
      0.8398719429969788,
      7.238197326660156,
      -0.005495714023709297,
      3.451235294342041,
      -0.017111603170633316
    ],
    [
      -0.00033137245918624103,
      -0.005401144735515118,
      -0.005315789952874184,
      -0.01545901969075203,
      -0.004347870592027903,
      -0.008682724088430405,
      -0.0019212053157389164,
      -0.014956895262002945,
      0.0026968589518219233,
      -0.011893201619386673,
      0.007855878211557865,
      -0.0008378356578759849,
      -0.010116025805473328,
      0.0009563283529132605,
      -0.005495714023709297,
      3.483359614619985e-05,
      -0.005180935841053724,
      3.2563482818659395e-05
    ],
    [
      0.9872450828552246,
      1.9454002380371094,
      0.8585913777351379,
      5.4758830070495605,
      1.0663652420043945,
      1.7246230840682983,
      0.9243201017379761,
      6.8363165855407715,
      1.4344404935836792,
      7.355466365814209,
      1.234118103981018,
      3.87148118019104,
      7.633884906768799,
      0.2470509111881256,
      3.451235294342041,
      -0.005180935841053724,
      2.4522645473480225,
      -0.012366668321192265
    ],
    [
      -0.00367849157191813,
      -0.010575593449175358,
      -0.0040454743430018425,
      -0.027545515447854996,
      -0.006914523895829916,
      -0.015022092498838902,
      -0.000988037558272481,
      -0.03227660432457924,
      -0.0025084251537919044,
      -0.035505879670381546,
      -0.0018232829170301557,
      -0.018503323197364807,
      -0.03798123821616173,
      -0.0011932882480323315,
      -0.017111603170633316,
      3.2563482818659395e-05,
      -0.012366668321192265,
      0.00013279430277179927
    ]
  ],
  "damage": -13.58881664276123,
  "diff_bandwidth": 784.1678466796875,
  "dissonance": 4.700129229548003,
  "drr": 6.849254131317139,
  "dynamics": 4.288795471191406,
  "format": 1245190,
  "frames": 3423168,
  "loudness": -20.240694046020508,
  "loudness_range": 13.25944709777832,
  "loudness_range_short": 14.390643119812012,
  "lowpass_true_peak_15khz": -6.708566188812256,
  "mastering3_acoustic_entropies": [
    {
      "acoustic_entropy": 11.696786880493164,
      "acoustic_entropy_mono": 11.717905044555664,
      "band_eliminated_acoustic_entropies": [
        {
          "acoustic_entropy": 11.715794563293457,
          "acoustic_entropy_side": 11.696785926818848,
          "hz": 129.47220167065723
        },
        {
          "acoustic_entropy": 11.577543258666992,
          "acoustic_entropy_side": 11.696823120117188,
          "hz": 202.92927478742237
        },
        {
          "acoustic_entropy": 11.655782699584961,
          "acoustic_entropy_side": 11.69676399230957,
          "hz": 282.89161906338205
        },
        {
          "acoustic_entropy": 11.4647798538208,
          "acoustic_entropy_side": 11.69692611694336,
          "hz": 369.9353335868758
        },
        {
          "acoustic_entropy": 10.993331909179688,
          "acoustic_entropy_side": 11.708930969238281,
          "hz": 464.6875360973435
        },
        {
          "acoustic_entropy": 10.279693603515625,
          "acoustic_entropy_side": 11.694185256958008,
          "hz": 567.8308811364784
        },
        {
          "acoustic_entropy": 11.497974395751953,
          "acoustic_entropy_side": 11.697164535522461,
          "hz": 680.1084783214808
        },
        {
          "acoustic_entropy": 10.707176208496094,
          "acoustic_entropy_side": 11.683419227600098,
          "hz": 802.3292461747484
        },
        {
          "acoustic_entropy": 11.011334419250488,
          "acoustic_entropy_side": 11.693133354187012,
          "hz": 935.3737400823702
        },
        {
          "acoustic_entropy": 11.246764183044434,
          "acoustic_entropy_side": 11.697566032409668,
          "hz": 1080.2004963696966
        },
        {
          "acoustic_entropy": 11.710081100463867,
          "acoustic_entropy_side": 11.696746826171875,
          "hz": 1237.8529382007157
        },
        {
          "acoustic_entropy": 11.934652328491211,
          "acoustic_entropy_side": 11.69704818725586,
          "hz": 1409.4668930556702
        },
        {
          "acoustic_entropy": 11.385761260986328,
          "acoustic_entropy_side": 11.70290470123291,
          "hz": 1596.2787759475705
        },
        {
          "acoustic_entropy": 11.753793716430664,
          "acoustic_entropy_side": 11.705166816711426,
          "hz": 1799.6344973346393
        },
        {
          "acoustic_entropy": 11.22193717956543,
          "acoustic_entropy_side": 11.698756217956543,
          "hz": 2020.9991599069049
        },
        {
          "acoustic_entropy": 11.281859397888184,
          "acoustic_entropy_side": 11.697736740112305,
          "hz": 2261.9676141086993
        },
        {
          "acoustic_entropy": 11.27493953704834,
          "acoustic_entropy_side": 11.696063041687012,
          "hz": 2524.2759484456974
        },
        {
          "acoustic_entropy": 10.975906372070312,
          "acoustic_entropy_side": 11.696646690368652,
          "hz": 2809.813997359896
        },
        {
          "acoustic_entropy": 11.840642929077148,
          "acoustic_entropy_side": 11.696802139282227,
          "hz": 3120.6389567871424
        },
        {
          "acoustic_entropy": 10.505331993103027,
          "acoustic_entropy_side": 11.696165084838867,
          "hz": 3458.990205492291
        },
        {
          "acoustic_entropy": 11.575019836425781,
          "acoustic_entropy_side": 11.69677448272705,
          "hz": 3827.305438964164
        },
        {
          "acoustic_entropy": 11.6991605758667,
          "acoustic_entropy_side": 11.69678783416748,
          "hz": 4228.238232109126
        },
        {
          "acoustic_entropy": 11.63168716430664,
          "acoustic_entropy_side": 11.696785926818848,
          "hz": 4664.6771572759235
        },
        {
          "acoustic_entropy": 11.691652297973633,
          "acoustic_entropy_side": 11.696786880493164,
          "hz": 5139.766595350093
        },
        {
          "acoustic_entropy": 11.6923246383667,
          "acoustic_entropy_side": 11.696786880493164,
          "hz": 5656.929389854203
        },
        {
          "acoustic_entropy": 11.696317672729492,
          "acoustic_entropy_side": 11.696786880493164,
          "hz": 6219.891507268283
        },
        {
          "acoustic_entropy": 11.696659088134766,
          "acoustic_entropy_side": 11.696786880493164,
          "hz": 6832.70888123896
        },
        {
          "acoustic_entropy": 11.696767807006836,
          "acoustic_entropy_side": 11.696786880493164,
          "hz": 7499.796634079867
        },
        {
          "acoustic_entropy": 11.696768760681152,
          "acoustic_entropy_side": 11.696786880493164,
          "hz": 8225.96088609342
        },
        {
          "acoustic_entropy": 11.696778297424316,
          "acoustic_entropy_side": 11.696786880493164,
          "hz": 9016.43338188839
        },
        {
          "acoustic_entropy": 11.696778297424316,
          "acoustic_entropy_side": 11.696786880493164,
          "hz": 9876.909183162974
        },
        {
          "acoustic_entropy": 11.696784019470215,
          "acoustic_entropy_side": 11.696786880493164,
          "hz": 10813.587699516042
        },
        {
          "acoustic_entropy": 11.696785926818848,
          "acoustic_entropy_side": 11.696786880493164,
          "hz": 11833.21735289826
        },
        {
          "acoustic_entropy": 11.696786880493164,
          "acoustic_entropy_side": 11.696786880493164,
          "hz": 12943.144197493959
        },
        {
          "acoustic_entropy": 11.696786880493164,
          "acoustic_entropy_side": 11.696786880493164,
          "hz": 14151.364845322005
        },
        {
          "acoustic_entropy": 11.696786880493164,
          "acoustic_entropy_side": 11.696786880493164,
          "hz": 15466.58407886509
        },
        {
          "acoustic_entropy": 11.696786880493164,
          "acoustic_entropy_side": 11.696786880493164,
          "hz": 16898.27756580493
        },
        {
          "acoustic_entropy": 11.696786880493164,
          "acoustic_entropy_side": 11.696786880493164,
          "hz": 18456.760127700032
        },
        {
          "acoustic_entropy": 11.696786880493164,
          "acoustic_entropy_side": 11.696786880493164,
          "hz": 20153.260054456492
        },
        {
          "acoustic_entropy": 11.696786880493164,
          "acoustic_entropy_side": 11.696786880493164,
          "hz": 22000.00000000001
        }
      ],
      "diff_acoustic_entropy": 2.122638463973999,
      "sn": 6
    },
    {
      "acoustic_entropy": 14.684974670410156,
      "acoustic_entropy_mono": 14.899069786071777,
      "band_eliminated_acoustic_entropies": [
        {
          "acoustic_entropy": 14.900300979614258,
          "acoustic_entropy_side": 14.684815406799316,
          "hz": 129.47220167065723
        },
        {
          "acoustic_entropy": 15.53215503692627,
          "acoustic_entropy_side": 14.682623863220215,
          "hz": 202.92927478742237
        },
        {
          "acoustic_entropy": 15.73579216003418,
          "acoustic_entropy_side": 14.685066223144531,
          "hz": 282.89161906338205
        },
        {
          "acoustic_entropy": 15.454594612121582,
          "acoustic_entropy_side": 14.685961723327637,
          "hz": 369.9353335868758
        },
        {
          "acoustic_entropy": 14.689148902893066,
          "acoustic_entropy_side": 14.729455947875977,
          "hz": 464.6875360973435
        },
        {
          "acoustic_entropy": 14.448822021484375,
          "acoustic_entropy_side": 14.689080238342285,
          "hz": 567.8308811364784
        },
        {
          "acoustic_entropy": 15.319201469421387,
          "acoustic_entropy_side": 14.701181411743164,
          "hz": 680.1084783214808
        },
        {
          "acoustic_entropy": 14.673943519592285,
          "acoustic_entropy_side": 14.707165718078613,
          "hz": 802.3292461747484
        },
        {
          "acoustic_entropy": 15.135238647460938,
          "acoustic_entropy_side": 14.750557899475098,
          "hz": 935.3737400823702
        },
        {
          "acoustic_entropy": 15.668785095214844,
          "acoustic_entropy_side": 14.767949104309082,
          "hz": 1080.2004963696966
        },
        {
          "acoustic_entropy": 14.451680183410645,
          "acoustic_entropy_side": 14.688192367553711,
          "hz": 1237.8529382007157
        },
        {
          "acoustic_entropy": 15.709442138671875,
          "acoustic_entropy_side": 14.717907905578613,
          "hz": 1409.4668930556702
        },
        {
          "acoustic_entropy": 14.964672088623047,
          "acoustic_entropy_side": 14.804280281066895,
          "hz": 1596.2787759475705
        },
        {
          "acoustic_entropy": 15.067112922668457,
          "acoustic_entropy_side": 14.707759857177734,
          "hz": 1799.6344973346393
        },
        {
          "acoustic_entropy": 14.728540420532227,
          "acoustic_entropy_side": 14.6971435546875,
          "hz": 2020.9991599069049
        },
        {
          "acoustic_entropy": 14.820192337036133,
          "acoustic_entropy_side": 14.54493236541748,
          "hz": 2261.9676141086993
        },
        {
          "acoustic_entropy": 13.691667556762695,
          "acoustic_entropy_side": 14.674640655517578,
          "hz": 2524.2759484456974
        },
        {
          "acoustic_entropy": 14.959115982055664,
          "acoustic_entropy_side": 14.685236930847168,
          "hz": 2809.813997359896
        },
        {
          "acoustic_entropy": 15.489542961120605,
          "acoustic_entropy_side": 14.685195922851562,
          "hz": 3120.6389567871424
        },
        {
          "acoustic_entropy": 14.677267074584961,
          "acoustic_entropy_side": 14.675103187561035,
          "hz": 3458.990205492291
        },
        {
          "acoustic_entropy": 15.153350830078125,
          "acoustic_entropy_side": 14.684642791748047,
          "hz": 3827.305438964164
        },
        {
          "acoustic_entropy": 14.677526473999023,
          "acoustic_entropy_side": 14.684948921203613,
          "hz": 4228.238232109126
        },
        {
          "acoustic_entropy": 14.506092071533203,
          "acoustic_entropy_side": 14.68497085571289,
          "hz": 4664.6771572759235
        },
        {
          "acoustic_entropy": 14.76542854309082,
          "acoustic_entropy_side": 14.684977531433105,
          "hz": 5139.766595350093
        },
        {
          "acoustic_entropy": 14.792011260986328,
          "acoustic_entropy_side": 14.684976577758789,
          "hz": 5656.929389854203
        },
        {
          "acoustic_entropy": 14.70020866394043,
          "acoustic_entropy_side": 14.684974670410156,
          "hz": 6219.891507268283
        },
        {
          "acoustic_entropy": 14.688023567199707,
          "acoustic_entropy_side": 14.684974670410156,
          "hz": 6832.70888123896
        },
        {
          "acoustic_entropy": 14.685578346252441,
          "acoustic_entropy_side": 14.684974670410156,
          "hz": 7499.796634079867
        },
        {
          "acoustic_entropy": 14.685446739196777,
          "acoustic_entropy_side": 14.684974670410156,
          "hz": 8225.96088609342
        },
        {
          "acoustic_entropy": 14.685263633728027,
          "acoustic_entropy_side": 14.684974670410156,
          "hz": 9016.43338188839
        },
        {
          "acoustic_entropy": 14.684926986694336,
          "acoustic_entropy_side": 14.684974670410156,
          "hz": 9876.909183162974
        },
        {
          "acoustic_entropy": 14.684941291809082,
          "acoustic_entropy_side": 14.684974670410156,
          "hz": 10813.587699516042
        },
        {
          "acoustic_entropy": 14.68497085571289,
          "acoustic_entropy_side": 14.684974670410156,
          "hz": 11833.21735289826
        },
        {
          "acoustic_entropy": 14.684972763061523,
          "acoustic_entropy_side": 14.684974670410156,
          "hz": 12943.144197493959
        },
        {
          "acoustic_entropy": 14.684971809387207,
          "acoustic_entropy_side": 14.684974670410156,
          "hz": 14151.364845322005
        },
        {
          "acoustic_entropy": 14.68497085571289,
          "acoustic_entropy_side": 14.684974670410156,
          "hz": 15466.58407886509
        },
        {
          "acoustic_entropy": 14.68497371673584,
          "acoustic_entropy_side": 14.684974670410156,
          "hz": 16898.27756580493
        },
        {
          "acoustic_entropy": 14.684976577758789,
          "acoustic_entropy_side": 14.684974670410156,
          "hz": 18456.760127700032
        },
        {
          "acoustic_entropy": 14.684974670410156,
          "acoustic_entropy_side": 14.684974670410156,
          "hz": 20153.260054456492
        },
        {
          "acoustic_entropy": 14.684974670410156,
          "acoustic_entropy_side": 14.684974670410156,
          "hz": 22000.00000000001
        }
      ],
      "diff_acoustic_entropy": 3.412374496459961,
      "sn": 12
    },
    {
      "acoustic_entropy": 18.724557876586914,
      "acoustic_entropy_mono": 18.882810592651367,
      "band_eliminated_acoustic_entropies": [
        {
          "acoustic_entropy": 18.890233993530273,
          "acoustic_entropy_side": 18.723743438720703,
          "hz": 129.47220167065723
        },
        {
          "acoustic_entropy": 19.356760025024414,
          "acoustic_entropy_side": 18.731109619140625,
          "hz": 202.92927478742237
        },
        {
          "acoustic_entropy": 18.8101749420166,
          "acoustic_entropy_side": 18.705392837524414,
          "hz": 282.89161906338205
        },
        {
          "acoustic_entropy": 19.100385665893555,
          "acoustic_entropy_side": 18.66753387451172,
          "hz": 369.9353335868758
        },
        {
          "acoustic_entropy": 19.391130447387695,
          "acoustic_entropy_side": 18.889745712280273,
          "hz": 464.6875360973435
        },
        {
          "acoustic_entropy": 18.94466781616211,
          "acoustic_entropy_side": 18.65946388244629,
          "hz": 567.8308811364784
        },
        {
          "acoustic_entropy": 18.601518630981445,
          "acoustic_entropy_side": 18.917707443237305,
          "hz": 680.1084783214808
        },
        {
          "acoustic_entropy": 19.984716415405273,
          "acoustic_entropy_side": 19.05523681640625,
          "hz": 802.3292461747484
        },
        {
          "acoustic_entropy": 18.811054229736328,
          "acoustic_entropy_side": 18.312517166137695,
          "hz": 935.3737400823702
        },
        {
          "acoustic_entropy": 19.741703033447266,
          "acoustic_entropy_side": 18.841760635375977,
          "hz": 1080.2004963696966
        },
        {
          "acoustic_entropy": 18.974288940429688,
          "acoustic_entropy_side": 18.764875411987305,
          "hz": 1237.8529382007157
        },
        {
          "acoustic_entropy": 19.104942321777344,
          "acoustic_entropy_side": 18.439748764038086,
          "hz": 1409.4668930556702
        },
        {
          "acoustic_entropy": 20.129552841186523,
          "acoustic_entropy_side": 19.27022361755371,
          "hz": 1596.2787759475705
        },
        {
          "acoustic_entropy": 19.015478134155273,
          "acoustic_entropy_side": 18.906230926513672,
          "hz": 1799.6344973346393
        },
        {
          "acoustic_entropy": 19.562847137451172,
          "acoustic_entropy_side": 18.773584365844727,
          "hz": 2020.9991599069049
        },
        {
