{
  "acoustic_entropy": 148.70547485351562,
  "bands": [
    {
      "high_freq": 148.1999969482422,
      "loudness": -50.08397674560547,
      "loudness_range": 22.879581451416016,
      "mid_mean": -47.54249572753906,
      "mid_to_side_loudness": -8.756969451904297,
      "mid_to_side_loudness_range": 12.376866340637207,
      "side_mean": -56.091400146484375
    },
    {
      "high_freq": 392.3793640136719,
      "loudness": -33.666988372802734,
      "loudness_range": 22.420059204101562,
      "low_freq": 148.1999969482422,
      "mid_mean": -31.290102005004883,
      "mid_to_side_loudness": -6.384308815002441,
      "mid_to_side_loudness_range": 9.59802532196045,
      "side_mean": -38.16466522216797
    },
    {
      "high_freq": 794.6976318359375,
      "loudness": -33.048824310302734,
      "loudness_range": 17.893234252929688,
      "low_freq": 392.3793640136719,
      "mid_mean": -32.21682357788086,
      "mid_to_side_loudness": -0.9342954754829407,
      "mid_to_side_loudness_range": 9.149971008300781,
      "side_mean": -33.169795989990234
    },
    {
      "high_freq": 1457.5709228515625,
      "loudness": -38.015167236328125,
      "loudness_range": 23.252485275268555,
      "low_freq": 794.6976318359375,
      "mid_mean": -37.38737106323242,
      "mid_to_side_loudness": -0.5276485085487366,
      "mid_to_side_loudness_range": 7.454290390014648,
      "side_mean": -37.74010467529297
    },
    {
      "high_freq": 2549.74365234375,
      "loudness": -42.815155029296875,
      "loudness_range": 23.794198989868164,
      "low_freq": 1457.5709228515625,
      "mid_mean": -42.146339416503906,
      "mid_to_side_loudness": -0.7636545300483704,
      "mid_to_side_loudness_range": 4.993705749511719,
      "side_mean": -42.638710021972656
    },
    {
      "high_freq": 4349.24462890625,
      "loudness": -50.929813385009766,
      "loudness_range": 27.414661407470703,
      "low_freq": 2549.74365234375,
      "mid_mean": -52.52927780151367,
      "mid_to_side_loudness": -0.10662732273340225,
      "mid_to_side_loudness_range": 5.716215133666992,
      "side_mean": -52.30867385864258
    },
    {
      "high_freq": 7314.1640625,
      "loudness": -60.64991760253906,
      "loudness_range": 30.34326934814453,
      "low_freq": 4349.24462890625,
      "mid_mean": -61.55332565307617,
      "mid_to_side_loudness": -0.16593168675899506,
      "mid_to_side_loudness_range": 4.566319942474365,
      "side_mean": -61.4419059753418
    },
    {
      "high_freq": 12199.2666015625,
      "loudness": -65.71640014648438,
      "loudness_range": 27.95586395263672,
      "low_freq": 7314.1640625,
      "mid_mean": -66.78063201904297,
      "mid_to_side_loudness": -0.5990085005760193,
      "mid_to_side_loudness_range": 3.583008050918579,
      "side_mean": -66.93264770507812
    },
    {
      "loudness": -77.48988342285156,
      "loudness_range": 21.98514175415039,
      "low_freq": 12199.2666015625,
      "mid_mean": -69.30477905273438,
      "mid_to_side_loudness": -0.2961745262145996,
      "mid_to_side_loudness_range": 1.7253551483154297,
      "side_mean": -69.29552459716797
    }
  ],
  "bands_short": [
    {
      "high_freq": 148.1999969482422,
      "loudness": -53.902347564697266,
      "loudness_range": 25.493938446044922,
      "mid_mean": -51.42896270751953,
      "mid_to_side_loudness": -12.413773536682129,
      "mid_to_side_loudness_range": 16.09686279296875,
      "side_mean": -61.60647964477539
    },
    {
      "high_freq": 392.3793640136719,
      "loudness": -34.65944290161133,
      "loudness_range": 23.7439022064209,
      "low_freq": 148.1999969482422,
      "mid_mean": -32.39017868041992,
      "mid_to_side_loudness": -6.600796699523926,
      "mid_to_side_loudness_range": 12.024526596069336,
      "side_mean": -39.41907501220703
    },
    {
      "high_freq": 794.6976318359375,
      "loudness": -32.888431549072266,
      "loudness_range": 18.865060806274414,
      "low_freq": 392.3793640136719,
      "mid_mean": -32.077491760253906,
      "mid_to_side_loudness": -1.2825785875320435,
      "mid_to_side_loudness_range": 11.138265609741211,
      "side_mean": -33.324283599853516
    },
    {
      "high_freq": 1457.5709228515625,
      "loudness": -38.34430694580078,
      "loudness_range": 23.59589195251465,
      "low_freq": 794.6976318359375,
      "mid_mean": -37.79758071899414,
      "mid_to_side_loudness": -0.5245198607444763,
      "mid_to_side_loudness_range": 9.037537574768066,
      "side_mean": -38.18987274169922
    },
    {
      "high_freq": 2549.74365234375,
      "loudness": -43.57234573364258,
      "loudness_range": 24.19170379638672,
      "low_freq": 1457.5709228515625,
      "mid_mean": -43.08912658691406,
      "mid_to_side_loudness": -0.5292636156082153,
      "mid_to_side_loudness_range": 7.109697341918945,
      "side_mean": -43.42461013793945
    },
    {
      "high_freq": 4349.24462890625,
      "loudness": -50.76515579223633,
      "loudness_range": 28.218238830566406,
      "low_freq": 2549.74365234375,
      "mid_mean": -52.279964447021484,
      "mid_to_side_loudness": -0.579917311668396,
      "mid_to_side_loudness_range": 8.16696548461914,
      "side_mean": -52.63273239135742
    },
    {
      "high_freq": 7314.1640625,
      "loudness": -61.31778335571289,
      "loudness_range": 30.719459533691406,
      "low_freq": 4349.24462890625,
      "mid_mean": -61.986812591552734,
      "mid_to_side_loudness": -0.3108339011669159,
      "mid_to_side_loudness_range": 6.510188579559326,
      "side_mean": -61.99968338012695
    },
    {
      "high_freq": 12199.2666015625,
      "loudness": -68.10781860351562,
      "loudness_range": 28.380252838134766,
      "low_freq": 7314.1640625,
      "mid_mean": -67.38111877441406,
      "mid_to_side_loudness": -0.6625241637229919,
      "mid_to_side_loudness_range": 4.825623512268066,
      "side_mean": -67.55931854248047
    },
    {
      "loudness": -77.3919677734375,
      "loudness_range": 18.78412628173828,
      "low_freq": 12199.2666015625,
      "mid_mean": -69.56005096435547,
      "mid_to_side_loudness": -0.3394603431224823,
      "mid_to_side_loudness_range": 2.8054938316345215,
      "side_mean": -69.5519790649414
    }
  ],
  "bandwidth": 655.5092163085938,
  "channels": 2,
  "covariance": [
    [
      63.02286148071289,
      57.9133186340332,
      28.29873275756836,
      36.08589553833008,
      19.37590980529785,
      19.239320755004883,
      26.3443603515625,
      26.012008666992188,
      33.28419494628906,
      33.50365447998047,
      50.47159194946289,
      51.60234451293945,
      37.23834991455078,
      37.53799057006836,
      19.13699722290039,
      18.368858337402344,
      3.686598300933838,
      3.7326955795288086
    ],
    [
      57.9133186340332,
      74.0032730102539,
      30.02867889404297,
      36.80623245239258,
      17.726306915283203,
      16.62544822692871,
      24.080032348632812,
      22.9466552734375,
      31.81361961364746,
      31.915538787841797,
      52.11538314819336,
      53.153934478759766,
      36.508323669433594,
      36.64203643798828,
      18.71610450744629,
      17.883302688598633,
      3.126112222671509,
      3.1217777729034424
    ],
    [
      28.29873275756836,
      30.02867889404297,
      67.67820739746094,
      55.43901443481445,
      23.189067840576172,
      17.689971923828125,
      7.4053802490234375,
      5.702682018280029,
      22.192880630493164,
      23.838544845581055,
      30.04550552368164,
      31.230501174926758,
      19.311641693115234,
      19.34546661376953,
      3.8149850368499756,
      3.471851348876953,
      -1.7282439470291138,
      -1.9127298593521118
    ],
    [
      36.08589553833008,
      36.80623245239258,
      55.43901443481445,
      61.692928314208984,
      19.2694034576416,
      15.43592357635498,
      8.947278022766113,
      8.052474975585938,
      23.502092361450195,
      24.729843139648438,
      33.47089385986328,
      34.810203552246094,
      21.513904571533203,
      21.726713180541992,
      5.894456386566162,
      5.529593467712402,
      -0.7137353420257568,
      -0.8284602761268616
    ],
    [
      19.37590980529785,
      17.726306915283203,
      23.189067840576172,
      19.2694034576416,
      45.210628509521484,
      39.01134490966797,
      36.499935150146484,
      32.153350830078125,
      40.530452728271484,
      40.0149040222168,
      52.261451721191406,
      50.036399841308594,
      43.90061569213867,
      44.862056732177734,
      22.67232894897461,
      21.459747314453125,
      4.435704231262207,
      4.5418314933776855
    ],
    [
      19.239320755004883,
      16.62544822692871,
      17.689971923828125,
      15.43592357635498,
      39.01134490966797,
      43.33277130126953,
      37.74699020385742,
      35.41999816894531,
      39.51763153076172,
      38.742149353027344,
      51.807159423828125,
      49.98798370361328,
      44.740570068359375,
      45.559146881103516,
      23.713603973388672,
      22.553741455078125,
      4.827426433563232,
      4.946953296661377
    ],
    [
      26.3443603515625,
      24.080032348632812,
      7.4053802490234375,
      8.947278022766113,
      36.499935150146484,
      37.74699020385742,
      61.60300827026367,
      61.028926849365234,
      54.45561218261719,
      52.012367248535156,
      64.62789154052734,
      63.72168731689453,
      59.040435791015625,
      60.4459114074707,
      34.905517578125,
      33.53596115112305,
      8.272296905517578,
      8.573563575744629
    ],
    [
      26.012008666992188,
      22.9466552734375,
      5.702682018280029,
      8.052474975585938,
      32.153350830078125,
      35.41999816894531,
      61.028926849365234,
      67.46128845214844,
      54.076725006103516,
      51.76100158691406,
      62.61760711669922,
      62.75239181518555,
      57.61477279663086,
      59.09000015258789,
      33.81727981567383,
      32.73367691040039,
      8.32034969329834,
      8.598891258239746
    ],
    [
      33.28419494628906,
      31.81361961364746,
      22.192880630493164,
      23.502092361450195,
      40.530452728271484,
      39.51763153076172,
      54.45561218261719,
      54.076725006103516,
      67.11206817626953,
      65.07512664794922,
      72.21807098388672,
      71.7672348022461,
      64.36873626708984,
      65.31415557861328,
      36.722267150878906,
      34.97079086303711,
      8.413029670715332,
      8.673684120178223
    ],
    [
      33.50365447998047,
      31.915538787841797,
      23.838544845581055,
      24.729843139648438,
      40.0149040222168,
      38.742149353027344,
      52.012367248535156,
      51.76100158691406,
      65.07512664794922,
      67.1129379272461,
      71.19657897949219,
      71.04193115234375,
      63.62187576293945,
      64.430419921875,
      36.35050582885742,
      34.559898376464844,
      8.459118843078613,
      8.727717399597168
    ],
    [
      50.47159194946289,
      52.11538314819336,
      30.04550552368164,
      33.47089385986328,
      52.261451721191406,
      51.807159423828125,
      64.62789154052734,
      62.61760711669922,
      72.21807098388672,
      71.19657897949219,
      110.9194107055664,
      108.87557220458984,
      84.89250183105469,
      86.22782897949219,
      45.717430114746094,
      43.66265106201172,
      10.203046798706055,
      10.353307723999023
    ],
    [
      51.60234451293945,
      53.153934478759766,
      31.230501174926758,
      34.810203552246094,
      50.036399841308594,
      49.98798370361328,
      63.72168731689453,
      62.75239181518555,
      71.7672348022461,
      71.04193115234375,
      108.87557220458984,
      109.6330795288086,
      83.87835693359375,
      84.97372436523438,
      44.5236930847168,
      42.56056594848633,
      9.824660301208496,
      10.021650314331055
    ],
    [
      37.23834991455078,
      36.508323669433594,
      19.311641693115234,
      21.513904571533203,
      43.90061569213867,
      44.740570068359375,
      59.040435791015625,
      57.61477279663086,
      64.36873626708984,
      63.62187576293945,
      84.89250183105469,
      83.87835693359375,
      79.27411651611328,
      79.89263153076172,
      45.54719543457031,
      43.505126953125,
      10.462441444396973,
      10.705821990966797
    ],
    [
      37.53799057006836,
      36.64203643798828,
      19.34546661376953,
      21.726713180541992,
      44.862056732177734,
      45.559146881103516,
      60.4459114074707,
      59.09000015258789,
      65.31415557861328,
      64.430419921875,
      86.22782897949219,
      84.97372436523438,
      79.89263153076172,
      81.70711517333984,
      46.153076171875,
      44.15355682373047,
      10.449380874633789,
      10.663518905639648
    ],
    [
      19.13699722290039,
      18.71610450744629,
      3.8149850368499756,
      5.894456386566162,
      22.67232894897461,
      23.713603973388672,
      34.905517578125,
      33.81727981567383,
      36.722267150878906,
      36.35050582885742,
      45.717430114746094,
      44.5236930847168,
      45.54719543457031,
      46.153076171875,
      34.04737091064453,
      32.33074951171875,
      8.906572341918945,
      9.095003128051758
    ],
    [
      18.368858337402344,
      17.883302688598633,
      3.471851348876953,
      5.529593467712402,
      21.459747314453125,
      22.553741455078125,
      33.53596115112305,
      32.73367691040039,
      34.97079086303711,
      34.559898376464844,
      43.66265106201172,
      42.56056594848633,
      43.505126953125,
      44.15355682373047,
      32.33074951171875,
      31.5124568939209,
      8.647324562072754,
      8.802559852600098
    ],
    [
      3.686598300933838,
      3.126112222671509,
      -1.7282439470291138,
      -0.7137353420257568,
      4.435704231262207,
      4.827426433563232,
      8.272296905517578,
      8.32034969329834,
      8.413029670715332,
      8.459118843078613,
      10.203046798706055,
      9.824660301208496,
      10.462441444396973,
      10.449380874633789,
      8.906572341918945,
      8.647324562072754,
      3.845794439315796,
      3.883727788925171
    ],
    [
      3.7326955795288086,
      3.1217777729034424,
      -1.9127298593521118,
      -0.8284602761268616,
      4.5418314933776855,
      4.946953296661377,
      8.573563575744629,
      8.598891258239746,
      8.673684120178223,
      8.727717399597168,
      10.353307723999023,
      10.021650314331055,
      10.705821990966797,
      10.663518905639648,
      9.095003128051758,
      8.802559852600098,
      3.883727788925171,
      4.011082649230957
    ]
  ],
  "covariance_short": [
    [
      78.5176010131836,
      50.60079574584961,
      27.18317413330078,
      32.715354919433594,
      21.684410095214844,
      23.146923065185547,
      30.287174224853516,
      30.052032470703125,
      36.37676239013672,
      35.32675552368164,
      61.6147346496582,
      62.31141662597656,
      43.503196716308594,
      43.80918884277344,
      19.4796085357666,
      18.387327194213867,
      2.943479061126709,
      2.9908320903778076
    ],
    [
      50.60079574584961,
      52.75368118286133,
      23.856250762939453,
      28.018217086791992,
      22.014921188354492,
      22.501493453979492,
      28.81315803527832,
      26.86810874938965,
      33.50370407104492,
      32.102439880371094,
      48.4481086730957,
      48.34232711791992,
      37.827388763427734,
      38.229888916015625,
      18.44331932067871,
      17.38580322265625,
      2.5884668827056885,
      2.6009981632232666
    ],
    [
      27.18317413330078,
      23.856250762939453,
      75.71090698242188,
      58.39157485961914,
      26.622074127197266,
      20.09677505493164,
      9.192273139953613,
      8.811975479125977,
      22.534751892089844,
      24.25174903869629,
      32.13045883178711,
      32.915435791015625,
      18.900543212890625,
      18.407690048217773,
      3.9071671962738037,
      3.9366531372070312,
      -0.3045339286327362,
      -0.4580990672111511
    ],
    [
      32.715354919433594,
      28.018217086791992,
      58.39157485961914,
      66.49327087402344,
      20.424535751342773,
      16.876399993896484,
      9.355876922607422,
      9.873591423034668,
      23.422895431518555,
      24.330921173095703,
      31.617389678955078,
      33.22773361206055,
      19.293720245361328,
      19.040836334228516,
      4.747364044189453,
      4.749571323394775,
      -0.11322904378175735,
      -0.22628295421600342
    ],
    [
      21.684410095214844,
      22.014921188354492,
      26.622074127197266,
      20.424535751342773,
      50.38626480102539,
      41.13475036621094,
      36.200347900390625,
      31.648550033569336,
      40.33171463012695,
      39.529258728027344,
      51.90185546875,
      50.02981948852539,
      41.60988235473633,
      42.063507080078125,
      17.977663040161133,
      16.778030395507812,
      2.495676040649414,
      2.5659189224243164
    ],
    [
      23.146923065185547,
      22.501493453979492,
      20.09677505493164,
      16.876399993896484,
      41.13475036621094,
      47.57976531982422,
      38.6502571105957,
      35.54954528808594,
      40.75418472290039,
      39.26582717895508,
      52.247039794921875,
      50.84889221191406,
      43.1318244934082,
      43.580657958984375,
      19.464553833007812,
      18.190265655517578,
      2.8138749599456787,
      2.9305593967437744
    ],
    [
      30.287174224853516,
      28.81315803527832,
      9.192273139953613,
      9.355876922607422,
      36.200347900390625,
      38.6502571105957,
      64.79851531982422,
      61.704952239990234,
      55.606388092041016,
      52.78432846069336,
      66.09696960449219,
      64.92486572265625,
      58.452510833740234,
      59.36948776245117,
      30.117630004882812,
      28.226472854614258,
      5.232667922973633,
      5.497027397155762
    ],
    [
      30.052032470703125,
      26.86810874938965,
      8.811975479125977,
      9.873591423034668,
      31.648550033569336,
      35.54954528808594,
      61.704952239990234,
      68.80358123779297,
      54.89820098876953,
      52.13273239135742,
      64.43819427490234,
      63.825279235839844,
      56.91072463989258,
      57.8531608581543,
      29.041955947875977,
      27.360980987548828,
      5.220877647399902,
      5.447806358337402
    ],
    [
      36.37676239013672,
      33.50370407104492,
      22.534751892089844,
      23.422895431518555,
      40.33171463012695,
      40.75418472290039,
      55.606388092041016,
      54.89820098876953,
      71.28030395507812,
      66.86013793945312,
      73.93718719482422,
      73.59992980957031,
      63.154632568359375,
      63.599273681640625,
      31.54045867919922,
      29.3952579498291,
      5.373439788818359,
      5.614177227020264
    ],
    [
      35.32675552368164,
      32.102439880371094,
      24.25174903869629,
      24.330921173095703,
      39.529258728027344,
      39.26582717895508,
      52.78432846069336,
      52.13273239135742,
      66.86013793945312,
      69.39582061767578,
      71.46553802490234,
      71.57550811767578,
      61.70885467529297,
      62.22028732299805,
      31.102455139160156,
      28.981428146362305,
      5.368501663208008,
      5.612504959106445
    ],
    [
      61.6147346496582,
      48.4481086730957,
      32.13045883178711,
      31.617389678955078,
      51.90185546875,
      52.247039794921875,
      66.09696960449219,
      64.43819427490234,
      73.93718719482422,
      71.46553802490234,
      114.85911560058594,
      110.26911163330078,
      82.45631408691406,
      83.01653289794922,
      38.59791564941406,
      36.221736907958984,
      6.4638447761535645,
      6.650477886199951
    ],
    [
      62.31141662597656,
      48.34232711791992,
      32.915435791015625,
      33.22773361206055,
      50.02981948852539,
      50.84889221191406,
      64.92486572265625,
      63.825279235839844,
      73.59992980957031,
      71.57550811767578,
      110.26911163330078,
      111.42546844482422,
      81.5684814453125,
      82.05760955810547,
      37.93517303466797,
      35.5775260925293,
      6.33884859085083,
      6.550511360168457
    ],
    [
      43.503196716308594,
      37.827388763427734,
      18.900543212890625,
      19.293720245361328,
      41.60988235473633,
      43.1318244934082,
      58.452510833740234,
      56.91072463989258,
      63.154632568359375,
      61.70885467529297,
      82.45631408691406,
      81.5684814453125,
      76.90215301513672,
      76.62296295166016,
      38.414180755615234,
      36.06373977661133,
      6.740326881408691,
      6.96760892868042
    ],
    [
      43.80918884277344,
      38.229888916015625,
      18.407690048217773,
      19.040836334228516,
      42.063507080078125,
      43.580657958984375,
      59.36948776245117,
      57.8531608581543,
      63.599273681640625,
      62.22028732299805,
      83.01653289794922,
      82.05760955810547,
      76.62296295166016,
      78.54267883300781,
      39.010929107666016,
      36.69472122192383,
      6.881394386291504,
      7.081965923309326
    ],
    [
      19.4796085357666,
      18.44331932067871,
      3.9071671962738037,
      4.747364044189453,
      17.977663040161133,
      19.464553833007812,
      30.117630004882812,
      29.041955947875977,
      31.54045867919922,
      31.102455139160156,
      38.59791564941406,
      37.93517303466797,
      38.414180755615234,
      39.010929107666016,
      27.528411865234375,
      25.39134407043457,
      5.752333641052246,
      5.93709135055542
    ],
    [
      18.387327194213867,
      17.38580322265625,
      3.9366531372070312,
      4.749571323394775,
      16.778030395507812,
      18.190265655517578,
      28.226472854614258,
      27.360980987548828,
      29.3952579498291,
      28.981428146362305,
      36.221736907958984,
      35.5775260925293,
      36.06373977661133,
      36.69472122192383,
      25.39134407043457,
      24.589365005493164,
      5.627575874328613,
      5.766609191894531
    ],
    [
      2.943479061126709,
      2.5884668827056885,
      -0.3045339286327362,
      -0.11322904378175735,
      2.495676040649414,
      2.8138749599456787,
      5.232667922973633,
      5.220877647399902,
      5.373439788818359,
      5.368501663208008,
      6.4638447761535645,
      6.33884859085083,
      6.740326881408691,
      6.881394386291504,
      5.752333641052246,
      5.627575874328613,
      2.5995965003967285,
      2.603010654449463
    ],
    [
      2.9908320903778076,
      2.6009981632232666,
      -0.4580990672111511,
      -0.22628295421600342,
      2.5659189224243164,
      2.9305593967437744,
      5.497027397155762,
      5.447806358337402,
      5.614177227020264,
      5.612504959106445,
      6.650477886199951,
      6.550511360168457,
      6.96760892868042,
      7.081965923309326,
      5.93709135055542,
      5.766609191894531,
      2.603010654449463,
      2.709095001220703
    ]
  ],
  "damage": -14.629216194152832,
  "diff_bandwidth": 688.943115234375,
  "dissonance": 5.7375462085135895,
  "drr": 3.471580743789673,
  "dynamics": 5.096357822418213,
  "format": 1245190,
  "frames": 10035200,
  "loudness": -24.1291446685791,
  "loudness_range": 15.208436965942383,
  "loudness_range_short": 16.86806869506836,
  "lowpass_true_peak_15khz": -2.201479196548462,
  "mastering3_acoustic_entropies": [
    {
      "acoustic_entropy": 6.772205352783203,
      "acoustic_entropy_mono": 5.682824611663818,
      "band_eliminated_acoustic_entropies": [
        {
          "acoustic_entropy": 6.772341728210449,
          "acoustic_entropy_side": 6.772221565246582,
          "hz": 129.47220167065723
        },
        {
          "acoustic_entropy": 6.763991355895996,
          "acoustic_entropy_side": 6.772867202758789,
          "hz": 202.92927478742237
        },
        {
          "acoustic_entropy": 6.519718647003174,
          "acoustic_entropy_side": 6.755009651184082,
          "hz": 282.89161906338205
        },
        {
          "acoustic_entropy": 6.529980659484863,
          "acoustic_entropy_side": 6.561383247375488,
          "hz": 369.9353335868758
        },
        {
          "acoustic_entropy": 6.8459153175354,
          "acoustic_entropy_side": 6.771876811981201,
          "hz": 464.6875360973435
        },
        {
          "acoustic_entropy": 7.020431041717529,
          "acoustic_entropy_side": 6.873310089111328,
          "hz": 567.8308811364784
        },
        {
          "acoustic_entropy": 6.434307098388672,
          "acoustic_entropy_side": 6.54177713394165,
          "hz": 680.1084783214808
        },
        {
          "acoustic_entropy": 6.81322717666626,
          "acoustic_entropy_side": 6.632352828979492,
          "hz": 802.3292461747484
        },
        {
          "acoustic_entropy": 6.934534072875977,
          "acoustic_entropy_side": 7.405116081237793,
          "hz": 935.3737400823702
        },
        {
          "acoustic_entropy": 6.302880764007568,
          "acoustic_entropy_side": 6.321545124053955,
          "hz": 1080.2004963696966
        },
        {
          "acoustic_entropy": 6.361266613006592,
          "acoustic_entropy_side": 5.984865665435791,
          "hz": 1237.8529382007157
        },
        {
          "acoustic_entropy": 6.421002388000488,
          "acoustic_entropy_side": 6.659018516540527,
          "hz": 1409.4668930556702
        },
        {
          "acoustic_entropy": 6.6933088302612305,
          "acoustic_entropy_side": 6.852164268493652,
          "hz": 1596.2787759475705
        },
        {
          "acoustic_entropy": 6.8167290687561035,
          "acoustic_entropy_side": 6.862753868103027,
          "hz": 1799.6344973346393
        },
        {
          "acoustic_entropy": 6.594972133636475,
          "acoustic_entropy_side": 6.6130170822143555,
          "hz": 2020.9991599069049
        },
        {
          "acoustic_entropy": 6.569774150848389,
          "acoustic_entropy_side": 6.5408759117126465,
          "hz": 2261.9676141086993
        },
        {
          "acoustic_entropy": 6.879688739776611,
          "acoustic_entropy_side": 6.811340808868408,
          "hz": 2524.2759484456974
        },
        {
          "acoustic_entropy": 7.027921676635742,
          "acoustic_entropy_side": 6.920414447784424,
          "hz": 2809.813997359896
        },
        {
          "acoustic_entropy": 6.970862865447998,
          "acoustic_entropy_side": 6.909529685974121,
          "hz": 3120.6389567871424
        },
        {
          "acoustic_entropy": 6.860388278961182,
          "acoustic_entropy_side": 6.81475305557251,
          "hz": 3458.990205492291
        },
        {
          "acoustic_entropy": 6.865341663360596,
          "acoustic_entropy_side": 6.806805610656738,
          "hz": 3827.305438964164
        },
        {
          "acoustic_entropy": 6.820032596588135,
          "acoustic_entropy_side": 6.789188861846924,
          "hz": 4228.238232109126
        },
        {
          "acoustic_entropy": 6.826283931732178,
          "acoustic_entropy_side": 6.798465728759766,
          "hz": 4664.6771572759235
        },
        {
          "acoustic_entropy": 6.7996506690979,
          "acoustic_entropy_side": 6.785422325134277,
          "hz": 5139.766595350093
        },
        {
          "acoustic_entropy": 6.79757833480835,
          "acoustic_entropy_side": 6.785611152648926,
          "hz": 5656.929389854203
        },
        {
          "acoustic_entropy": 6.790794849395752,
          "acoustic_entropy_side": 6.778836250305176,
          "hz": 6219.891507268283
        },
        {
          "acoustic_entropy": 6.785956859588623,
          "acoustic_entropy_side": 6.780799388885498,
          "hz": 6832.70888123896
        },
        {
          "acoustic_entropy": 6.783039093017578,
          "acoustic_entropy_side": 6.780250072479248,
          "hz": 7499.796634079867
        },
        {
          "acoustic_entropy": 6.776427268981934,
          "acoustic_entropy_side": 6.774424076080322,
          "hz": 8225.96088609342
        },
        {
          "acoustic_entropy": 6.773599147796631,
          "acoustic_entropy_side": 6.772958278656006,
          "hz": 9016.43338188839
        },
        {
          "acoustic_entropy": 6.773723602294922,
          "acoustic_entropy_side": 6.773036479949951,
          "hz": 9876.909183162974
        },
        {
          "acoustic_entropy": 6.773120880126953,
          "acoustic_entropy_side": 6.772716522216797,
          "hz": 10813.587699516042
        },
        {
          "acoustic_entropy": 6.772294521331787,
          "acoustic_entropy_side": 6.772277355194092,
          "hz": 11833.21735289826
        },
        {
          "acoustic_entropy": 6.772399425506592,
          "acoustic_entropy_side": 6.77226448059082,
          "hz": 12943.144197493959
        },
        {
          "acoustic_entropy": 6.772243499755859,
          "acoustic_entropy_side": 6.772214889526367,
          "hz": 14151.364845322005
        },
        {
          "acoustic_entropy": 6.77223539352417,
          "acoustic_entropy_side": 6.772222995758057,
          "hz": 15466.58407886509
        },
        {
          "acoustic_entropy": 6.772221565246582,
          "acoustic_entropy_side": 6.772214889526367,
          "hz": 16898.27756580493
        },
        {
          "acoustic_entropy": 6.772206783294678,
          "acoustic_entropy_side": 6.772205829620361,
          "hz": 18456.760127700032
        },
        {
          "acoustic_entropy": 6.772204399108887,
          "acoustic_entropy_side": 6.772204875946045,
          "hz": 20153.260054456492
        },
        {
          "acoustic_entropy": 6.772205352783203,
          "acoustic_entropy_side": 6.772205352783203,
          "hz": 22000.00000000001
        }
      ],
      "diff_acoustic_entropy": 3.788907289505005,
      "sn": 6
    },
    {
      "acoustic_entropy": 9.745367050170898,
      "acoustic_entropy_mono": 8.627511024475098,
      "band_eliminated_acoustic_entropies": [
        {
          "acoustic_entropy": 9.736052513122559,
          "acoustic_entropy_side": 9.74498462677002,
          "hz": 129.47220167065723
        },
        {
          "acoustic_entropy": 9.853981018066406,
          "acoustic_entropy_side": 9.744382858276367,
          "hz": 202.92927478742237
        },
        {
          "acoustic_entropy": 9.759038925170898,
          "acoustic_entropy_side": 9.865707397460938,
          "hz": 282.89161906338205
        },
        {
          "acoustic_entropy": 10.063288688659668,
          "acoustic_entropy_side": 9.775480270385742,
          "hz": 369.9353335868758
        },
        {
          "acoustic_entropy": 10.032596588134766,
          "acoustic_entropy_side": 9.66438102722168,
          "hz": 464.6875360973435
        },
        {
          "acoustic_entropy": 10.231159210205078,
          "acoustic_entropy_side": 10.089037895202637,
          "hz": 567.8308811364784
        },
        {
          "acoustic_entropy": 9.951377868652344,
          "acoustic_entropy_side": 9.592686653137207,
          "hz": 680.1084783214808
        },
        {
          "acoustic_entropy": 9.914199829101562,
          "acoustic_entropy_side": 9.929753303527832,
          "hz": 802.3292461747484
        },
        {
          "acoustic_entropy": 10.170652389526367,
          "acoustic_entropy_side": 10.177682876586914,
          "hz": 935.3737400823702
        },
        {
          "acoustic_entropy": 11.007933616638184,
          "acoustic_entropy_side": 10.299233436584473,
          "hz": 1080.2004963696966
        },
        {
          "acoustic_entropy": 10.086640357971191,
          "acoustic_entropy_side": 9.782734870910645,
          "hz": 1237.8529382007157
        },
        {
          "acoustic_entropy": 10.24582576751709,
          "acoustic_entropy_side": 10.016640663146973,
          "hz": 1409.4668930556702
        },
        {
          "acoustic_entropy": 9.506441116333008,
          "acoustic_entropy_side": 9.431473731994629,
          "hz": 1596.2787759475705
        },
        {
          "acoustic_entropy": 9.911298751831055,
          "acoustic_entropy_side": 9.892436027526855,
          "hz": 1799.6344973346393
        },
        {
          "acoustic_entropy": 9.768440246582031,
          "acoustic_entropy_side": 9.830960273742676,
          "hz": 2020.9991599069049
        },
        {
          "acoustic_entropy": 9.30969524383545,
          "acoustic_entropy_side": 9.644892692565918,
          "hz": 2261.9676141086993
        },
        {
          "acoustic_entropy": 9.607563972473145,
          "acoustic_entropy_side": 9.787421226501465,
          "hz": 2524.2759484456974
        },
        {
          "acoustic_entropy": 9.838815689086914,
          "acoustic_entropy_side": 9.762252807617188,
          "hz": 2809.813997359896
        },
        {
          "acoustic_entropy": 10.00473690032959,
          "acoustic_entropy_side": 9.878541946411133,
          "hz": 3120.6389567871424
        },
        {
          "acoustic_entropy": 9.94605827331543,
          "acoustic_entropy_side": 9.911208152770996,
          "hz": 3458.990205492291
        },
        {
          "acoustic_entropy": 9.872179985046387,
          "acoustic_entropy_side": 9.843409538269043,
          "hz": 3827.305438964164
        },
        {
          "acoustic_entropy": 9.837285995483398,
          "acoustic_entropy_side": 9.791825294494629,
          "hz": 4228.238232109126
        },
        {
          "acoustic_entropy": 9.744837760925293,
          "acoustic_entropy_side": 9.74191665649414,
          "hz": 4664.6771572759235
        },
        {
          "acoustic_entropy": 9.820294380187988,
          "acoustic_entropy_side": 9.787398338317871,
          "hz": 5139.766595350093
        },
        {
          "acoustic_entropy": 9.886209487915039,
          "acoustic_entropy_side": 9.835601806640625,
          "hz": 5656.929389854203
        },
        {
          "acoustic_entropy": 9.851957321166992,
          "acoustic_entropy_side": 9.786527633666992,
          "hz": 6219.891507268283
        },
        {
          "acoustic_entropy": 9.814485549926758,
          "acoustic_entropy_side": 9.768075942993164,
          "hz": 6832.70888123896
        },
        {
          "acoustic_entropy": 9.754738807678223,
          "acoustic_entropy_side": 9.73774528503418,
          "hz": 7499.796634079867
        },
        {
          "acoustic_entropy": 9.737384796142578,
          "acoustic_entropy_side": 9.730972290039062,
          "hz": 8225.96088609342
        },
        {
          "acoustic_entropy": 9.729235649108887,
          "acoustic_entropy_side": 9.735429763793945,
          "hz": 9016.43338188839
        },
        {
          "acoustic_entropy": 9.736684799194336,
          "acoustic_entropy_side": 9.740558624267578,
          "hz": 9876.909183162974
        },
        {
          "acoustic_entropy": 9.735871315002441,
          "acoustic_entropy_side": 9.740795135498047,
          "hz": 10813.587699516042
        },
        {
          "acoustic_entropy": 9.744124412536621,
          "acoustic_entropy_side": 9.744811058044434,
          "hz": 11833.21735289826
        },
        {
          "acoustic_entropy": 9.744172096252441,
          "acoustic_entropy_side": 9.745059967041016,
          "hz": 12943.144197493959
        },
        {
          "acoustic_entropy": 9.74521541595459,
          "acoustic_entropy_side": 9.745306968688965,
          "hz": 14151.364845322005
        },
        {
          "acoustic_entropy": 9.745195388793945,
          "acoustic_entropy_side": 9.745269775390625,
          "hz": 15466.58407886509
        },
        {
          "acoustic_entropy": 9.74522876739502,
          "acoustic_entropy_side": 9.745293617248535,
          "hz": 16898.27756580493
        },
        {
          "acoustic_entropy": 9.745335578918457,
          "acoustic_entropy_side": 9.745346069335938,
          "hz": 18456.760127700032
        },
        {
          "acoustic_entropy": 9.745348930358887,
          "acoustic_entropy_side": 9.74535846710205,
          "hz": 20153.260054456492
        },
        {
          "acoustic_entropy": 9.745367050170898,
          "acoustic_entropy_side": 9.745367050170898,
          "hz": 22000.00000000001
        }
      ],
      "diff_acoustic_entropy": 6.026897430419922,
      "sn": 12
    },
    {
      "acoustic_entropy": 15.144177436828613,
      "acoustic_entropy_mono": 13.68358039855957,
      "band_eliminated_acoustic_entropies": [
        {
          "acoustic_entropy": 14.83156681060791,
          "acoustic_entropy_side": 15.136497497558594,
          "hz": 129.47220167065723
        },
        {
          "acoustic_entropy": 14.79953384399414,
          "acoustic_entropy_side": 14.839356422424316,
          "hz": 202.92927478742237
        },
        {
          "acoustic_entropy": 14.594436645507812,
          "acoustic_entropy_side": 14.967642784118652,
          "hz": 282.89161906338205
        },
        {
          "acoustic_entropy": 14.897595405578613,
          "acoustic_entropy_side": 15.202034950256348,
          "hz": 369.9353335868758
        },
        {
          "acoustic_entropy": 15.205674171447754,
          "acoustic_entropy_side": 14.894279479980469,
          "hz": 464.6875360973435
        },
        {
          "acoustic_entropy": 15.190667152404785,
          "acoustic_entropy_side": 15.345451354980469,
          "hz": 567.8308811364784
        },
        {
          "acoustic_entropy": 15.671406745910645,
          "acoustic_entropy_side": 15.687938690185547,
          "hz": 680.1084783214808
        },
        {
          "acoustic_entropy": 15.677155494689941,
          "acoustic_entropy_side": 16.25847816467285,
          "hz": 802.3292461747484
        },
        {
          "acoustic_entropy": 14.838379859924316,
          "acoustic_entropy_side": 15.32595157623291,
          "hz": 935.3737400823702
        },
        {
          "acoustic_entropy": 15.725841522216797,
          "acoustic_entropy_side": 15.449912071228027,
          "hz": 1080.2004963696966
        },
        {
          "acoustic_entropy": 14.727259635925293,
          "acoustic_entropy_side": 14.943703651428223,
          "hz": 1237.8529382007157
        },
        {
          "acoustic_entropy": 15.468379974365234,
          "acoustic_entropy_side": 15.194540977478027,
          "hz": 1409.4668930556702
        },
        {
          "acoustic_entropy": 15.16426944732666,
          "acoustic_entropy_side": 15.25911808013916,
          "hz": 1596.2787759475705
        },
        {
          "acoustic_entropy": 15.10841178894043,
          "acoustic_entropy_side": 15.407938957214355,
          "hz": 1799.6344973346393
        },
        {
          "acoustic_entropy": 15.50942325592041,
          "acoustic_entropy_side": 15.194275856018066,
          "hz": 2020.9991599069049
        },
        {
          "acoustic_entropy": 14.74599552154541,
          "acoustic_entropy_side": 14.901135444641113,
          "hz": 2261.9676141086993
        },
        {
          "acoustic_entropy": 15.475662231445312,
          "acoustic_entropy_side": 15.400137901306152,
          "hz": 2524.2759484456974
        },
        {
          "acoustic_entropy": 15.183164596557617,
          "acoustic_entropy_side": 15.594954490661621,
          "hz": 2809.813997359896
        },
        {
          "acoustic_entropy": 15.754223823547363,
          "acoustic_entropy_side": 15.618534088134766,
          "hz": 3120.6389567871424
        },
        {
          "acoustic_entropy": 15.200017929077148,
