{
  "acoustic_entropy": 182.2315216064453,
  "bands": [
    {
      "high_freq": 148.1999969482422,
      "loudness": -31.15283966064453,
      "loudness_range": 17.219179153442383,
      "mid_mean": -28.525970458984375,
      "mid_to_side_loudness": -5.833481311798096,
      "mid_to_side_loudness_range": 5.0537495613098145,
      "side_mean": -34.35219955444336
    },
    {
      "high_freq": 392.3793640136719,
      "loudness": -24.408035278320312,
      "loudness_range": 11.643697738647461,
      "low_freq": 148.1999969482422,
      "mid_mean": -22.09742546081543,
      "mid_to_side_loudness": -4.375203609466553,
      "mid_to_side_loudness_range": 3.5776357650756836,
      "side_mean": -26.4798583984375
    },
    {
      "high_freq": 794.6976318359375,
      "loudness": -28.02373695373535,
      "loudness_range": 17.50735092163086,
      "low_freq": 392.3793640136719,
      "mid_mean": -25.932920455932617,
      "mid_to_side_loudness": -3.7102134227752686,
      "mid_to_side_loudness_range": 4.753276824951172,
      "side_mean": -29.644060134887695
    },
    {
      "high_freq": 1457.5709228515625,
      "loudness": -32.58100891113281,
      "loudness_range": 20.038394927978516,
      "low_freq": 794.6976318359375,
      "mid_mean": -30.39188003540039,
      "mid_to_side_loudness": -3.939634323120117,
      "mid_to_side_loudness_range": 3.1844136714935303,
      "side_mean": -34.324119567871094
    },
    {
      "high_freq": 2549.74365234375,
      "loudness": -39.65266799926758,
      "loudness_range": 19.840892791748047,
      "low_freq": 1457.5709228515625,
      "mid_mean": -37.474853515625,
      "mid_to_side_loudness": -3.8014402389526367,
      "mid_to_side_loudness_range": 1.929678201675415,
      "side_mean": -41.28963088989258
    },
    {
      "high_freq": 4349.24462890625,
      "loudness": -42.4273567199707,
      "loudness_range": 20.082168579101562,
      "low_freq": 2549.74365234375,
      "mid_mean": -40.22343063354492,
      "mid_to_side_loudness": -3.8571555614471436,
      "mid_to_side_loudness_range": 1.5537965297698975,
      "side_mean": -44.04545593261719
    },
    {
      "high_freq": 7314.1640625,
      "loudness": -39.84083557128906,
      "loudness_range": 27.156328201293945,
      "low_freq": 4349.24462890625,
      "mid_mean": -37.68138122558594,
      "mid_to_side_loudness": -3.6721653938293457,
      "mid_to_side_loudness_range": 1.028324842453003,
      "side_mean": -41.318260192871094
    },
    {
      "high_freq": 12199.2666015625,
      "loudness": -39.79306411743164,
      "loudness_range": 24.995697021484375,
      "low_freq": 7314.1640625,
      "mid_mean": -37.721309661865234,
      "mid_to_side_loudness": -3.375544309616089,
      "mid_to_side_loudness_range": 0.794593095779419,
      "side_mean": -41.07026672363281
    },
    {
      "loudness": -43.635589599609375,
      "loudness_range": 23.971206665039062,
      "low_freq": 12199.2666015625,
      "mid_mean": -41.58699035644531,
      "mid_to_side_loudness": -3.235771894454956,
      "mid_to_side_loudness_range": 0.7543883323669434,
      "side_mean": -44.78102111816406
    }
  ],
  "bands_short": [
    {
      "high_freq": 148.1999969482422,
      "loudness": -35.81746292114258,
      "loudness_range": 22.62626838684082,
      "mid_mean": -33.40950012207031,
      "mid_to_side_loudness": -5.405251979827881,
      "mid_to_side_loudness_range": 9.487367630004883,
      "side_mean": -38.83156967163086
    },
    {
      "high_freq": 392.3793640136719,
      "loudness": -24.62715721130371,
      "loudness_range": 13.952413558959961,
      "low_freq": 148.1999969482422,
      "mid_mean": -22.35761260986328,
      "mid_to_side_loudness": -4.52468204498291,
      "mid_to_side_loudness_range": 6.461969375610352,
      "side_mean": -26.883150100708008
    },
    {
      "high_freq": 794.6976318359375,
      "loudness": -29.141456604003906,
      "loudness_range": 20.62447738647461,
      "low_freq": 392.3793640136719,
      "mid_mean": -27.09929656982422,
      "mid_to_side_loudness": -3.8318021297454834,
      "mid_to_side_loudness_range": 7.004530429840088,
      "side_mean": -30.930261611938477
    },
    {
      "high_freq": 1457.5709228515625,
      "loudness": -33.80207061767578,
      "loudness_range": 22.581201553344727,
      "low_freq": 794.6976318359375,
      "mid_mean": -31.67503547668457,
      "mid_to_side_loudness": -3.8565380573272705,
      "mid_to_side_loudness_range": 4.8717732429504395,
      "side_mean": -35.53645706176758
    },
    {
      "high_freq": 2549.74365234375,
      "loudness": -41.43535614013672,
      "loudness_range": 23.550697326660156,
      "low_freq": 1457.5709228515625,
      "mid_mean": -39.28695297241211,
      "mid_to_side_loudness": -3.803110122680664,
      "mid_to_side_loudness_range": 3.5231423377990723,
      "side_mean": -43.0905647277832
    },
    {
      "high_freq": 4349.24462890625,
      "loudness": -44.480751037597656,
      "loudness_range": 23.34467124938965,
      "low_freq": 2549.74365234375,
      "mid_mean": -42.261234283447266,
      "mid_to_side_loudness": -3.8781518936157227,
      "mid_to_side_loudness_range": 2.835317850112915,
      "side_mean": -46.09406280517578
    },
    {
      "high_freq": 7314.1640625,
      "loudness": -42.0890998840332,
      "loudness_range": 29.398639678955078,
      "low_freq": 4349.24462890625,
      "mid_mean": -39.92342758178711,
      "mid_to_side_loudness": -3.6712565422058105,
      "mid_to_side_loudness_range": 2.1255111694335938,
      "side_mean": -43.55477523803711
    },
    {
      "high_freq": 12199.2666015625,
      "loudness": -42.331912994384766,
      "loudness_range": 27.20132064819336,
      "low_freq": 7314.1640625,
      "mid_mean": -40.26594543457031,
      "mid_to_side_loudness": -3.3601889610290527,
      "mid_to_side_loudness_range": 1.7035040855407715,
      "side_mean": -43.595272064208984
    },
    {
      "loudness": -46.20956039428711,
      "loudness_range": 25.936580657958984,
      "low_freq": 12199.2666015625,
      "mid_mean": -44.15690612792969,
      "mid_to_side_loudness": -3.253582239151001,
      "mid_to_side_loudness_range": 1.514864206314087,
      "side_mean": -47.359092712402344
    }
  ],
  "bandwidth": 530.7830200195312,
  "channels": 2,
  "covariance": [
    [
      39.28582000732422,
      34.355201721191406,
      8.760126113891602,
      8.30055046081543,
      9.996109962463379,
      9.392906188964844,
      10.17374038696289,
      10.318283081054688,
      11.962343215942383,
      12.027400016784668,
      9.007661819458008,
      8.838247299194336,
      8.49285888671875,
      8.348259925842285,
      6.605778217315674,
      6.695964813232422,
      4.092644691467285,
      4.160176753997803
    ],
    [
      34.355201721191406,
      33.073299407958984,
      8.85986042022705,
      8.392791748046875,
      10.491034507751465,
      10.269165992736816,
      11.046930313110352,
      11.167386054992676,
      12.813252449035645,
      12.913047790527344,
      9.970974922180176,
      9.839760780334473,
      8.972868919372559,
      8.874593734741211,
      6.7350239753723145,
      6.81302547454834,
      4.236164093017578,
      4.3140549659729
    ],
    [
      8.760126113891602,
      8.85986042022705,
      19.685956954956055,
      18.09657096862793,
      14.158167839050293,
      13.513092994689941,
      14.944832801818848,
      15.23798942565918,
      17.0581111907959,
      16.94681167602539,
      13.084933280944824,
      13.177057266235352,
      13.356257438659668,
      13.164544105529785,
      10.526363372802734,
      10.542227745056152,
      7.959819793701172,
      8.075469017028809
    ],
    [
      8.30055046081543,
      8.392791748046875,
      18.09657096862793,
      18.4003963470459,
      12.61844253540039,
      12.13480281829834,
      13.633994102478027,
      14.018823623657227,
      15.444334983825684,
      15.374576568603516,
      11.961408615112305,
      12.015466690063477,
      12.598200798034668,
      12.413191795349121,
      10.153807640075684,
      10.157017707824707,
      7.765940189361572,
      7.8720502853393555
    ],
    [
      9.996109962463379,
      10.491034507751465,
      14.158167839050293,
      12.61844253540039,
      37.496280670166016,
      35.93846893310547,
      28.91297149658203,
      29.60663414001465,
      29.943042755126953,
      30.078948974609375,
      17.895336151123047,
      18.244197845458984,
      8.813252449035645,
      8.706866264343262,
      4.396209239959717,
      4.489009380340576,
      0.3835366666316986,
      0.664460301399231
    ],
    [
      9.392906188964844,
      10.269165992736816,
      13.513092994689941,
      12.13480281829834,
      35.93846893310547,
      37.82499694824219,
      28.987035751342773,
      29.634000778198242,
      29.28141975402832,
      29.36864471435547,
      17.899856567382812,
      18.305137634277344,
      8.438362121582031,
      8.34232234954834,
      3.792287588119507,
      3.8825483322143555,
      -0.30772802233695984,
      -0.011078964918851852
    ],
    [
      10.17374038696289,
      11.046930313110352,
      14.944832801818848,
      13.633994102478027,
      28.91297149658203,
      28.987035751342773,
      48.146400451660156,
      46.664798736572266,
      38.77238464355469,
      39.11561584472656,
      27.87388801574707,
      28.066930770874023,
      14.961101531982422,
      14.789993286132812,
      8.34312915802002,
      8.394475936889648,
      2.8691585063934326,
      3.236625909805298
    ],
    [
      10.318283081054688,
      11.167386054992676,
      15.23798942565918,
      14.018823623657227,
      29.60663414001465,
      29.634000778198242,
      46.664798736572266,
      47.01698303222656,
      38.7317008972168,
      39.041847229003906,
      27.245893478393555,
      27.42682647705078,
      14.638911247253418,
      14.4739990234375,
      8.162924766540527,
      8.221685409545898,
      2.669109582901001,
      3.026750087738037
    ],
    [
      11.962343215942383,
      12.813252449035645,
      17.0581111907959,
      15.444334983825684,
      29.943042755126953,
      29.28141975402832,
      38.77238464355469,
      38.7317008972168,
      48.708106994628906,
      47.901878356933594,
      38.17613220214844,
      38.55075454711914,
      30.13420295715332,
      29.731346130371094,
      21.756633758544922,
      21.744001388549805,
      15.34882926940918,
      15.701007843017578
    ],
    [
      12.027400016784668,
      12.913047790527344,
      16.94681167602539,
      15.374576568603516,
      30.078948974609375,
      29.36864471435547,
      39.11561584472656,
      39.041847229003906,
      47.901878356933594,
      48.1599006652832,
      37.889400482177734,
      38.269859313964844,
      29.484766006469727,
      29.09539031982422,
      21.06023597717285,
      21.054542541503906,
      14.578486442565918,
      14.939007759094238
    ],
    [
      9.007661819458008,
      9.970974922180176,
      13.084933280944824,
      11.961408615112305,
      17.895336151123047,
      17.899856567382812,
      27.87388801574707,
      27.245893478393555,
      38.17613220214844,
      37.889400482177734,
      49.991859436035156,
      49.636619567871094,
      51.09834671020508,
      50.377140045166016,
      42.32173538208008,
      42.232913970947266,
      37.367347717285156,
      37.600765228271484
    ],
    [
      8.838247299194336,
      9.839760780334473,
      13.177057266235352,
      12.015466690063477,
      18.244197845458984,
      18.305137634277344,
      28.066930770874023,
      27.42682647705078,
      38.55075454711914,
      38.269859313964844,
      49.636619567871094,
      49.601444244384766,
      50.62224578857422,
      49.921932220458984,
      41.65309143066406,
      41.5666618347168,
      36.524391174316406,
      36.77329635620117
    ],
    [
      8.49285888671875,
      8.972868919372559,
      13.356257438659668,
      12.598200798034668,
      8.813252449035645,
      8.438362121582031,
      14.961101531982422,
      14.638911247253418,
      30.13420295715332,
      29.484766006469727,
      51.09834671020508,
      50.62224578857422,
      71.31763458251953,
      70.21333312988281,
      63.51365280151367,
      63.343902587890625,
      59.41288757324219,
      59.523155212402344
    ],
    [
      8.348259925842285,
      8.874593734741211,
      13.164544105529785,
      12.413191795349121,
      8.706866264343262,
      8.34232234954834,
      14.789993286132812,
      14.4739990234375,
      29.731346130371094,
      29.09539031982422,
      50.377140045166016,
      49.921932220458984,
      70.21333312988281,
      69.2468032836914,
      62.5385627746582,
      62.37948989868164,
      58.48894500732422,
      58.60103988647461
    ],
    [
      6.605778217315674,
      6.7350239753723145,
      10.526363372802734,
      10.153807640075684,
      4.396209239959717,
      3.792287588119507,
      8.34312915802002,
      8.162924766540527,
      21.756633758544922,
      21.06023597717285,
      42.32173538208008,
      41.65309143066406,
      63.51365280151367,
      62.5385627746582,
      60.213645935058594,
      59.98727798461914,
      56.92423629760742,
      56.90156555175781
    ],
    [
      6.695964813232422,
      6.81302547454834,
      10.542227745056152,
      10.157017707824707,
      4.489009380340576,
      3.8825483322143555,
      8.394475936889648,
      8.221685409545898,
      21.744001388549805,
      21.054542541503906,
      42.232913970947266,
      41.5666618347168,
      63.343902587890625,
      62.37948989868164,
      59.98727798461914,
      59.83765411376953,
      56.754425048828125,
      56.73390197753906
    ],
    [
      4.092644691467285,
      4.236164093017578,
      7.959819793701172,
      7.765940189361572,
      0.3835366666316986,
      -0.30772802233695984,
      2.8691585063934326,
      2.669109582901001,
      15.34882926940918,
      14.578486442565918,
      37.367347717285156,
      36.524391174316406,
      59.41288757324219,
      58.48894500732422,
      56.92423629760742,
      56.754425048828125,
      58.020572662353516,
      57.90140151977539
    ],
    [
      4.160176753997803,
      4.3140549659729,
      8.075469017028809,
      7.8720502853393555,
      0.664460301399231,
      -0.011078964918851852,
      3.236625909805298,
      3.026750087738037,
      15.701007843017578,
      14.939007759094238,
      37.600765228271484,
      36.77329635620117,
      59.523155212402344,
      58.60103988647461,
      56.90156555175781,
      56.73390197753906,
      57.90140151977539,
      57.846187591552734
    ]
  ],
  "covariance_short": [
    [
      62.82624435424805,
      53.33346939086914,
      18.014232635498047,
      16.993074417114258,
      11.605085372924805,
      11.090673446655273,
      12.90742015838623,
      13.086380004882812,
      16.431364059448242,
      16.574172973632812,
      12.51158618927002,
      12.570539474487305,
      11.222131729125977,
      11.148022651672363,
      7.201034069061279,
      7.276306629180908,
      5.087021350860596,
      5.249476432800293
    ],
    [
      53.33346939086914,
      55.61220932006836,
      15.953324317932129,
      15.871337890625,
      11.705968856811523,
      11.417354583740234,
      12.758212089538574,
      12.868208885192871,
      15.619691848754883,
      15.75770092010498,
      11.710958480834961,
      11.788911819458008,
      9.831560134887695,
      9.794008255004883,
      5.82368278503418,
      5.9146599769592285,
      3.677570343017578,
      3.874098300933838
    ],
    [
      18.014232635498047,
      15.953324317932129,
      27.70155143737793,
      23.849998474121094,
      19.462055206298828,
      18.039472579956055,
      19.492816925048828,
      19.876665115356445,
      21.011857986450195,
      21.1062068939209,
      13.127823829650879,
      13.225881576538086,
      11.01019287109375,
      10.906085014343262,
      7.862136363983154,
      7.900269031524658,
      5.730047225952148,
      5.82308292388916
    ],
    [
      16.993074417114258,
      15.871337890625,
      23.849998474121094,
      26.000625610351562,
      18.093341827392578,
      17.24808120727539,
      18.875593185424805,
      19.39229393005371,
      20.391380310058594,
      20.553939819335938,
      13.25948715209961,
      13.31999397277832,
      11.346917152404785,
      11.236984252929688,
      8.099509239196777,
      8.102762222290039,
      5.965296745300293,
      6.068472862243652
    ],
    [
      11.605085372924805,
      11.705968856811523,
      19.462055206298828,
      18.093341827392578,
      51.95338821411133,
      48.156009674072266,
      37.77584457397461,
      38.59334945678711,
      38.73659133911133,
      38.9229850769043,
      21.184614181518555,
      21.553754806518555,
      8.656067848205566,
      8.649603843688965,
      3.3484761714935303,
      3.39968204498291,
      -0.169901043176651,
      0.11793723702430725
    ],
    [
      11.090673446655273,
      11.417354583740234,
      18.039472579956055,
      17.24808120727539,
      48.156009674072266,
      51.577091217041016,
      36.99555969238281,
      37.60447692871094,
      37.84781265258789,
      38.01334762573242,
      21.23862648010254,
      21.684112548828125,
      8.406641006469727,
      8.390693664550781,
      2.8186843395233154,
      2.8633739948272705,
      -0.7524354457855225,
      -0.4495406150817871
    ],
    [
      12.90742015838623,
      12.758212089538574,
      19.492816925048828,
      18.875593185424805,
      37.77584457397461,
      36.99555969238281,
      62.213375091552734,
      59.88521194458008,
      49.30992889404297,
      49.565948486328125,
      31.570720672607422,
      31.798154830932617,
      14.430837631225586,
      14.326342582702637,
      6.303996562957764,
      6.32198429107666,
      1.5397388935089111,
      1.904057502746582
    ],
    [
      13.086380004882812,
      12.868208885192871,
      19.876665115356445,
      19.39229393005371,
      38.59334945678711,
      37.60447692871094,
      59.88521194458008,
      61.970802307128906,
      49.5591926574707,
      49.80794906616211,
      31.068490982055664,
      31.253952026367188,
      14.068473815917969,
      13.985447883605957,
      6.116484642028809,
      6.119476795196533,
      1.372131109237671,
      1.7393640279769897
    ],
    [
      16.431364059448242,
      15.619691848754883,
      21.011857986450195,
      20.391380310058594,
      38.73659133911133,
      37.84781265258789,
      49.30992889404297,
      49.5591926574707,
      64.39523315429688,
      62.95022201538086,
      45.264522552490234,
      45.64075469970703,
      31.781604766845703,
      31.491626739501953,
      21.63139533996582,
      21.602645874023438,
      14.843560218811035,
      15.254055976867676
    ],
    [
      16.574172973632812,
      15.75770092010498,
      21.1062068939209,
      20.553939819335938,
      38.9229850769043,
      38.01334762573242,
      49.565948486328125,
      49.80794906616211,
      62.95022201538086,
      63.8421630859375,
      45.088539123535156,
      45.459083557128906,
      31.218538284301758,
      30.93401527404785,
      20.99003791809082,
      20.978191375732422,
      14.178544044494629,
      14.591424942016602
    ],
    [
      12.51158618927002,
      11.710958480834961,
      13.127823829650879,
      13.25948715209961,
      21.184614181518555,
      21.23862648010254,
      31.570720672607422,
      31.068490982055664,
      45.264522552490234,
      45.088539123535156,
      58.28384017944336,
      57.287452697753906,
      55.107975006103516,
      54.444061279296875,
      45.45909118652344,
      45.37845993041992,
      39.19147872924805,
      39.42249298095703
    ],
    [
      12.570539474487305,
      11.788911819458008,
      13.225881576538086,
      13.31999397277832,
      21.553754806518555,
      21.684112548828125,
      31.798154830932617,
      31.253952026367188,
      45.64075469970703,
      45.459083557128906,
      57.287452697753906,
      57.317447662353516,
      54.20635986328125,
      53.57466506958008,
      44.302650451660156,
      44.22185134887695,
      37.91292953491211,
      38.17030334472656
    ],
    [
      11.222131729125977,
      9.831560134887695,
      11.01019287109375,
      11.346917152404785,
      8.656067848205566,
      8.406641006469727,
      14.430837631225586,
      14.068473815917969,
      31.781604766845703,
      31.218538284301758,
      55.107975006103516,
      54.20635986328125,
      74.57003021240234,
      73.28289794921875,
      66.669189453125,
      66.55033111572266,
      60.452049255371094,
      60.50171661376953
    ],
    [
      11.148022651672363,
      9.794008255004883,
      10.906085014343262,
      11.236984252929688,
      8.649603843688965,
      8.390693664550781,
      14.326342582702637,
      13.985447883605957,
      31.491626739501953,
      30.93401527404785,
      54.444061279296875,
      53.57466506958008,
      73.28289794921875,
      72.57109069824219,
      65.73506927490234,
      65.62317657470703,
      59.603572845458984,
      59.66639709472656
    ],
    [
      7.201034069061279,
      5.82368278503418,
      7.862136363983154,
      8.099509239196777,
      3.3484761714935303,
      2.8186843395233154,
      6.303996562957764,
      6.116484642028809,
      21.63139533996582,
      20.99003791809082,
      45.45909118652344,
      44.302650451660156,
      66.669189453125,
      65.73506927490234,
      65.2584228515625,
      64.95284271240234,
      60.732826232910156,
      60.634918212890625
    ],
    [
      7.276306629180908,
      5.9146599769592285,
      7.900269031524658,
      8.102762222290039,
      3.39968204498291,
      2.8633739948272705,
      6.32198429107666,
      6.119476795196533,
      21.602645874023438,
      20.978191375732422,
      45.37845993041992,
      44.22185134887695,
      66.55033111572266,
      65.62317657470703,
      64.95284271240234,
      64.99432373046875,
      60.61001205444336,
      60.517581939697266
    ],
    [
      5.087021350860596,
      3.677570343017578,
      5.730047225952148,
      5.965296745300293,
      -0.169901043176651,
      -0.7524354457855225,
      1.5397388935089111,
      1.372131109237671,
      14.843560218811035,
      14.178544044494629,
      39.19147872924805,
      37.91292953491211,
      60.452049255371094,
      59.603572845458984,
      60.732826232910156,
      60.61001205444336,
      62.59926223754883,
      62.3045768737793
    ],
    [
      5.249476432800293,
      3.874098300933838,
      5.82308292388916,
      6.068472862243652,
      0.11793723702430725,
      -0.4495406150817871,
      1.904057502746582,
      1.7393640279769897,
      15.254055976867676,
      14.591424942016602,
      39.42249298095703,
      38.17030334472656,
      60.50171661376953,
      59.66639709472656,
      60.634918212890625,
      60.517581939697266,
      62.3045768737793,
      62.33527755737305
    ]
  ],
  "damage": -10.762782096862793,
  "diff_bandwidth": 555.0695190429688,
  "dissonance": 7.358581053251897,
  "drr": 13.806927680969238,
  "dynamics": 3.6849288940429688,
  "format": 1245190,
  "frames": 18316200,
  "loudness": -16.73441505432129,
  "loudness_range": 9.89429759979248,
  "loudness_range_short": 13.26882553100586,
  "lowpass_true_peak_15khz": -1.0423258543014526,
  "mastering3_acoustic_entropies": [
    {
      "acoustic_entropy": 6.684536457061768,
      "acoustic_entropy_mono": 7.1371378898620605,
      "band_eliminated_acoustic_entropies": [
        {
          "acoustic_entropy": 6.721959590911865,
          "acoustic_entropy_side": 6.686150074005127,
          "hz": 129.47220167065723
        },
        {
          "acoustic_entropy": 6.552124500274658,
          "acoustic_entropy_side": 6.795767784118652,
          "hz": 202.92927478742237
        },
        {
          "acoustic_entropy": 7.256048202514648,
          "acoustic_entropy_side": 7.037683486938477,
          "hz": 282.89161906338205
        },
        {
          "acoustic_entropy": 6.872244358062744,
          "acoustic_entropy_side": 6.786149024963379,
          "hz": 369.9353335868758
        },
        {
          "acoustic_entropy": 6.742528915405273,
          "acoustic_entropy_side": 6.802262306213379,
          "hz": 464.6875360973435
        },
        {
          "acoustic_entropy": 6.621898651123047,
          "acoustic_entropy_side": 6.82960844039917,
          "hz": 567.8308811364784
        },
        {
          "acoustic_entropy": 6.8763861656188965,
          "acoustic_entropy_side": 6.703103065490723,
          "hz": 680.1084783214808
        },
        {
          "acoustic_entropy": 6.827678203582764,
          "acoustic_entropy_side": 6.99044132232666,
          "hz": 802.3292461747484
        },
        {
          "acoustic_entropy": 7.248686790466309,
          "acoustic_entropy_side": 7.173159599304199,
          "hz": 935.3737400823702
        },
        {
          "acoustic_entropy": 7.036050796508789,
          "acoustic_entropy_side": 6.941435813903809,
          "hz": 1080.2004963696966
        },
        {
          "acoustic_entropy": 6.37303352355957,
          "acoustic_entropy_side": 6.2220048904418945,
          "hz": 1237.8529382007157
        },
        {
          "acoustic_entropy": 6.267591953277588,
          "acoustic_entropy_side": 6.407597541809082,
          "hz": 1409.4668930556702
        },
        {
          "acoustic_entropy": 6.793232440948486,
          "acoustic_entropy_side": 6.800146102905273,
          "hz": 1596.2787759475705
        },
        {
          "acoustic_entropy": 6.732211112976074,
          "acoustic_entropy_side": 6.688139915466309,
          "hz": 1799.6344973346393
        },
        {
          "acoustic_entropy": 6.731276988983154,
          "acoustic_entropy_side": 6.669455528259277,
          "hz": 2020.9991599069049
        },
        {
          "acoustic_entropy": 6.686585426330566,
          "acoustic_entropy_side": 6.68714714050293,
          "hz": 2261.9676141086993
        },
        {
          "acoustic_entropy": 6.724239349365234,
          "acoustic_entropy_side": 6.697123050689697,
          "hz": 2524.2759484456974
        },
        {
          "acoustic_entropy": 6.682310581207275,
          "acoustic_entropy_side": 6.6805853843688965,
          "hz": 2809.813997359896
        },
        {
          "acoustic_entropy": 6.702341079711914,
          "acoustic_entropy_side": 6.691455364227295,
          "hz": 3120.6389567871424
        },
        {
          "acoustic_entropy": 6.711801528930664,
          "acoustic_entropy_side": 6.69240140914917,
          "hz": 3458.990205492291
        },
        {
          "acoustic_entropy": 6.7012410163879395,
          "acoustic_entropy_side": 6.688327789306641,
          "hz": 3827.305438964164
        },
        {
          "acoustic_entropy": 6.706488609313965,
          "acoustic_entropy_side": 6.690412998199463,
          "hz": 4228.238232109126
        },
        {
          "acoustic_entropy": 6.713291645050049,
          "acoustic_entropy_side": 6.690927505493164,
          "hz": 4664.6771572759235
        },
        {
          "acoustic_entropy": 6.720073223114014,
          "acoustic_entropy_side": 6.692213535308838,
          "hz": 5139.766595350093
        },
        {
          "acoustic_entropy": 6.715836524963379,
          "acoustic_entropy_side": 6.692056179046631,
          "hz": 5656.929389854203
        },
        {
          "acoustic_entropy": 6.7381272315979,
          "acoustic_entropy_side": 6.696630001068115,
          "hz": 6219.891507268283
        },
        {
          "acoustic_entropy": 6.719095230102539,
          "acoustic_entropy_side": 6.694587707519531,
          "hz": 6832.70888123896
        },
        {
          "acoustic_entropy": 6.7072906494140625,
          "acoustic_entropy_side": 6.691394805908203,
          "hz": 7499.796634079867
        },
        {
          "acoustic_entropy": 6.702610492706299,
          "acoustic_entropy_side": 6.69145393371582,
          "hz": 8225.96088609342
        },
        {
          "acoustic_entropy": 6.670799732208252,
          "acoustic_entropy_side": 6.6905317306518555,
          "hz": 9016.43338188839
        },
        {
          "acoustic_entropy": 6.712599277496338,
          "acoustic_entropy_side": 6.687880992889404,
          "hz": 9876.909183162974
        },
        {
          "acoustic_entropy": 6.682008266448975,
          "acoustic_entropy_side": 6.685744762420654,
          "hz": 10813.587699516042
        },
        {
          "acoustic_entropy": 6.69260835647583,
          "acoustic_entropy_side": 6.6870551109313965,
          "hz": 11833.21735289826
        },
        {
          "acoustic_entropy": 6.703899383544922,
          "acoustic_entropy_side": 6.6886982917785645,
          "hz": 12943.144197493959
        },
        {
          "acoustic_entropy": 6.714040756225586,
          "acoustic_entropy_side": 6.691529750823975,
          "hz": 14151.364845322005
        },
        {
          "acoustic_entropy": 6.7286858558654785,
          "acoustic_entropy_side": 6.695714950561523,
          "hz": 15466.58407886509
        },
        {
          "acoustic_entropy": 6.728261947631836,
          "acoustic_entropy_side": 6.695723533630371,
          "hz": 16898.27756580493
        },
        {
          "acoustic_entropy": 6.704997539520264,
          "acoustic_entropy_side": 6.6894211769104,
          "hz": 18456.760127700032
        },
        {
          "acoustic_entropy": 6.690040588378906,
          "acoustic_entropy_side": 6.685769557952881,
          "hz": 20153.260054456492
        },
        {
          "acoustic_entropy": 6.684850215911865,
          "acoustic_entropy_side": 6.68460750579834,
          "hz": 22000.00000000001
        }
      ],
      "diff_acoustic_entropy": 6.414947986602783,
      "sn": 6
    },
    {
      "acoustic_entropy": 9.542664527893066,
      "acoustic_entropy_mono": 9.991647720336914,
      "band_eliminated_acoustic_entropies": [
        {
          "acoustic_entropy": 9.517699241638184,
          "acoustic_entropy_side": 9.530435562133789,
          "hz": 129.47220167065723
        },
        {
          "acoustic_entropy": 9.239200592041016,
          "acoustic_entropy_side": 9.485806465148926,
          "hz": 202.92927478742237
        },
        {
          "acoustic_entropy": 10.714654922485352,
          "acoustic_entropy_side": 10.229399681091309,
          "hz": 282.89161906338205
        },
        {
          "acoustic_entropy": 10.02730941772461,
          "acoustic_entropy_side": 9.523736953735352,
          "hz": 369.9353335868758
        },
        {
          "acoustic_entropy": 9.86393928527832,
          "acoustic_entropy_side": 9.771706581115723,
          "hz": 464.6875360973435
        },
        {
          "acoustic_entropy": 9.678047180175781,
          "acoustic_entropy_side": 9.880640983581543,
          "hz": 567.8308811364784
        },
        {
          "acoustic_entropy": 10.294933319091797,
          "acoustic_entropy_side": 10.264798164367676,
          "hz": 680.1084783214808
        },
        {
          "acoustic_entropy": 9.532010078430176,
          "acoustic_entropy_side": 10.063410758972168,
          "hz": 802.3292461747484
        },
        {
          "acoustic_entropy": 9.460256576538086,
          "acoustic_entropy_side": 9.739496231079102,
          "hz": 935.3737400823702
        },
        {
          "acoustic_entropy": 9.64223575592041,
          "acoustic_entropy_side": 9.851163864135742,
          "hz": 1080.2004963696966
        },
        {
          "acoustic_entropy": 9.885505676269531,
          "acoustic_entropy_side": 9.949028968811035,
          "hz": 1237.8529382007157
        },
        {
          "acoustic_entropy": 9.840085983276367,
          "acoustic_entropy_side": 9.685245513916016,
          "hz": 1409.4668930556702
        },
        {
          "acoustic_entropy": 9.4285306930542,
          "acoustic_entropy_side": 9.516395568847656,
          "hz": 1596.2787759475705
        },
        {
          "acoustic_entropy": 9.438498497009277,
          "acoustic_entropy_side": 9.479324340820312,
          "hz": 1799.6344973346393
        },
        {
          "acoustic_entropy": 9.536840438842773,
          "acoustic_entropy_side": 9.546685218811035,
          "hz": 2020.9991599069049
        },
        {
          "acoustic_entropy": 9.44618034362793,
          "acoustic_entropy_side": 9.476161003112793,
          "hz": 2261.9676141086993
        },
        {
          "acoustic_entropy": 9.490160942077637,
          "acoustic_entropy_side": 9.558881759643555,
          "hz": 2524.2759484456974
        },
        {
          "acoustic_entropy": 9.550848960876465,
          "acoustic_entropy_side": 9.524473190307617,
          "hz": 2809.813997359896
        },
        {
          "acoustic_entropy": 9.491812705993652,
          "acoustic_entropy_side": 9.48723316192627,
          "hz": 3120.6389567871424
        },
        {
          "acoustic_entropy": 9.532470703125,
          "acoustic_entropy_side": 9.535762786865234,
          "hz": 3458.990205492291
        },
        {
          "acoustic_entropy": 9.524025917053223,
          "acoustic_entropy_side": 9.534714698791504,
          "hz": 3827.305438964164
        },
        {
          "acoustic_entropy": 9.526758193969727,
          "acoustic_entropy_side": 9.534396171569824,
          "hz": 4228.238232109126
        },
        {
          "acoustic_entropy": 9.521791458129883,
          "acoustic_entropy_side": 9.527149200439453,
          "hz": 4664.6771572759235
        },
        {
          "acoustic_entropy": 9.598847389221191,
          "acoustic_entropy_side": 9.552593231201172,
          "hz": 5139.766595350093
        },
        {
          "acoustic_entropy": 9.59721851348877,
          "acoustic_entropy_side": 9.553922653198242,
          "hz": 5656.929389854203
        },
        {
          "acoustic_entropy": 9.593770027160645,
          "acoustic_entropy_side": 9.556509017944336,
          "hz": 6219.891507268283
        },
        {
          "acoustic_entropy": 9.643310546875,
          "acoustic_entropy_side": 9.581212043762207,
          "hz": 6832.70888123896
        },
        {
          "acoustic_entropy": 9.646576881408691,
          "acoustic_entropy_side": 9.584222793579102,
          "hz": 7499.796634079867
        },
        {
          "acoustic_entropy": 9.673117637634277,
          "acoustic_entropy_side": 9.589115142822266,
          "hz": 8225.96088609342
        },
        {
          "acoustic_entropy": 9.634872436523438,
          "acoustic_entropy_side": 9.587114334106445,
          "hz": 9016.43338188839
        },
        {
          "acoustic_entropy": 9.572230339050293,
          "acoustic_entropy_side": 9.576910018920898,
          "hz": 9876.909183162974
        },
        {
          "acoustic_entropy": 9.581196784973145,
          "acoustic_entropy_side": 9.562731742858887,
          "hz": 10813.587699516042
        },
        {
          "acoustic_entropy": 9.568318367004395,
          "acoustic_entropy_side": 9.55571174621582,
          "hz": 11833.21735289826
        },
        {
          "acoustic_entropy": 9.580236434936523,
          "acoustic_entropy_side": 9.560629844665527,
          "hz": 12943.144197493959
        },
        {
          "acoustic_entropy": 9.581490516662598,
          "acoustic_entropy_side": 9.557372093200684,
          "hz": 14151.364845322005
        },
        {
          "acoustic_entropy": 9.589668273925781,
          "acoustic_entropy_side": 9.556259155273438,
          "hz": 15466.58407886509
        },
        {
          "acoustic_entropy": 9.581811904907227,
          "acoustic_entropy_side": 9.547764778137207,
          "hz": 16898.27756580493
        },
        {
          "acoustic_entropy": 9.554377555847168,
          "acoustic_entropy_side": 9.539469718933105,
          "hz": 18456.760127700032
        },
        {
          "acoustic_entropy": 9.537625312805176,
          "acoustic_entropy_side": 9.538894653320312,
          "hz": 20153.260054456492
        },
        {
          "acoustic_entropy": 9.540827751159668,
          "acoustic_entropy_side": 9.542234420776367,
          "hz": 22000.00000000001
        }
      ],
      "diff_acoustic_entropy": 9.720661163330078,
      "sn": 12
    },
    {
      "acoustic_entropy": 14.835947036743164,
      "acoustic_entropy_mono": 14.453097343444824,
      "band_eliminated_acoustic_entropies": [
        {
          "acoustic_entropy": 14.674919128417969,
          "acoustic_entropy_side": 14.695072174072266,
          "hz": 129.47220167065723
        },
        {
          "acoustic_entropy": 15.296874046325684,
          "acoustic_entropy_side": 14.346098899841309,
          "hz": 202.92927478742237
        },
        {
          "acoustic_entropy": 15.341544151306152,
          "acoustic_entropy_side": 15.695330619812012,
          "hz": 282.89161906338205
        },
        {
          "acoustic_entropy": 15.420431137084961,
          "acoustic_entropy_side": 15.315532684326172,
          "hz": 369.9353335868758
        },
        {
          "acoustic_entropy": 15.363080978393555,
          "acoustic_entropy_side": 15.266860008239746,
          "hz": 464.6875360973435
        },
        {
          "acoustic_entropy": 14.932218551635742,
          "acoustic_entropy_side": 15.228277206420898,
          "hz": 567.8308811364784
        },
        {
          "acoustic_entropy": 14.649237632751465,
          "acoustic_entropy_side": 15.326922416687012,
          "hz": 680.1084783214808
        },
        {
          "acoustic_entropy": 14.296274185180664,
          "acoustic_entropy_side": 14.634407043457031,
          "hz": 802.3292461747484
        },
        {
          "acoustic_entropy": 15.022863388061523,
          "acoustic_entropy_side": 14.903542518615723,
          "hz": 935.3737400823702
        },
        {
          "acoustic_entropy": 14.01380443572998,
          "acoustic_entropy_side": 14.568380355834961,
          "hz": 1080.2004963696966
        },
        {
          "acoustic_entropy": 15.162158012390137,
          "acoustic_entropy_side": 14.959955215454102,
          "hz": 1237.8529382007157
        },
        {
          "acoustic_entropy": 15.279555320739746,
          "acoustic_entropy_side": 14.920208930969238,
          "hz": 1409.4668930556702
        },
        {
          "acoustic_entropy": 14.648004531860352,
          "acoustic_entropy_side": 15.059701919555664,
          "hz": 1596.2787759475705
        },
        {
          "acoustic_entropy": 15.065812110900879,
          "acoustic_entropy_side": 14.940224647521973,
          "hz": 1799.6344973346393
        },
        {
          "acoustic_entropy": 14.795382499694824,
          "acoustic_entropy_side": 14.512962341308594,
          "hz": 2020.9991599069049
        },
        {
          "acoustic_entropy": 14.890527725219727,
          "acoustic_entropy_side": 15.040773391723633,
          "hz": 2261.9676141086993
        },
        {
          "acoustic_entropy": 14.563030242919922,
          "acoustic_entropy_side": 14.671727180480957,
          "hz": 2524.2759484456974
        },
        {
          "acoustic_entropy": 14.932587623596191,
          "acoustic_entropy_side": 15.022897720336914,
          "hz": 2809.813997359896
        },
        {
          "acoustic_entropy": 14.776677131652832,
          "acoustic_entropy_side": 14.736557006835938,
          "hz": 3120.6389567871424
        },
        {
