{
  "acoustic_entropy": 223.40455627441406,
  "bands": [
    {
      "high_freq": 148.1999969482422,
      "loudness": -33.57248306274414,
      "loudness_range": 26.067337036132812,
      "mid_mean": -32.503150939941406,
      "mid_to_side_loudness": -3.1755850315093994,
      "mid_to_side_loudness_range": 9.67361068725586,
      "side_mean": -34.53779983520508
    },
    {
      "high_freq": 392.3793640136719,
      "loudness": -30.384809494018555,
      "loudness_range": 19.51341438293457,
      "low_freq": 148.1999969482422,
      "mid_mean": -29.543020248413086,
      "mid_to_side_loudness": -0.860893964767456,
      "mid_to_side_loudness_range": 6.923323631286621,
      "side_mean": -30.25353240966797
    },
    {
      "high_freq": 794.6976318359375,
      "loudness": -28.074411392211914,
      "loudness_range": 12.278118133544922,
      "low_freq": 392.3793640136719,
      "mid_mean": -26.906349182128906,
      "mid_to_side_loudness": -1.2677464485168457,
      "mid_to_side_loudness_range": 5.249009609222412,
      "side_mean": -28.177661895751953
    },
    {
      "high_freq": 1457.5709228515625,
      "loudness": -28.716304779052734,
      "loudness_range": 13.224685668945312,
      "low_freq": 794.6976318359375,
      "mid_mean": -27.72319984436035,
      "mid_to_side_loudness": -0.8509498834609985,
      "mid_to_side_loudness_range": 5.518195152282715,
      "side_mean": -28.56715202331543
    },
    {
      "high_freq": 2549.74365234375,
      "loudness": -31.048189163208008,
      "loudness_range": 16.011289596557617,
      "low_freq": 1457.5709228515625,
      "mid_mean": -29.917457580566406,
      "mid_to_side_loudness": -1.0904415845870972,
      "mid_to_side_loudness_range": 3.864745855331421,
      "side_mean": -30.99894142150879
    },
    {
      "high_freq": 4349.24462890625,
      "loudness": -37.115177154541016,
      "loudness_range": 18.769655227661133,
      "low_freq": 2549.74365234375,
      "mid_mean": -35.838340759277344,
      "mid_to_side_loudness": -1.473402500152588,
      "mid_to_side_loudness_range": 3.8204562664031982,
      "side_mean": -37.29335021972656
    },
    {
      "high_freq": 7314.1640625,
      "loudness": -46.3252067565918,
      "loudness_range": 23.147014617919922,
      "low_freq": 4349.24462890625,
      "mid_mean": -45.26957321166992,
      "mid_to_side_loudness": -1.4234460592269897,
      "mid_to_side_loudness_range": 3.2332472801208496,
      "side_mean": -46.74136734008789
    },
    {
      "high_freq": 12199.2666015625,
      "loudness": -55.242950439453125,
      "loudness_range": 27.215255737304688,
      "low_freq": 7314.1640625,
      "mid_mean": -54.03744888305664,
      "mid_to_side_loudness": -1.2749176025390625,
      "mid_to_side_loudness_range": 3.1454808712005615,
      "side_mean": -55.18047332763672
    },
    {
      "loudness": -62.926513671875,
      "loudness_range": 23.85784149169922,
      "low_freq": 12199.2666015625,
      "mid_mean": -60.22443771362305,
      "mid_to_side_loudness": -1.6002967357635498,
      "mid_to_side_loudness_range": 3.4157662391662598,
      "side_mean": -61.662967681884766
    }
  ],
  "bands_short": [
    {
      "high_freq": 148.1999969482422,
      "loudness": -38.00382614135742,
      "loudness_range": 32.23595428466797,
      "mid_mean": -37.41853332519531,
      "mid_to_side_loudness": -3.7629318237304688,
      "mid_to_side_loudness_range": 16.277816772460938,
      "side_mean": -40.52470397949219
    },
    {
      "high_freq": 392.3793640136719,
      "loudness": -30.541194915771484,
      "loudness_range": 22.069236755371094,
      "low_freq": 148.1999969482422,
      "mid_mean": -29.82729721069336,
      "mid_to_side_loudness": -0.9686620235443115,
      "mid_to_side_loudness_range": 10.488231658935547,
      "side_mean": -30.674327850341797
    },
    {
      "high_freq": 794.6976318359375,
      "loudness": -28.291648864746094,
      "loudness_range": 14.341968536376953,
      "low_freq": 392.3793640136719,
      "mid_mean": -27.298433303833008,
      "mid_to_side_loudness": -1.2904601097106934,
      "mid_to_side_loudness_range": 9.598007202148438,
      "side_mean": -28.59311294555664
    },
    {
      "high_freq": 1457.5709228515625,
      "loudness": -29.473417282104492,
      "loudness_range": 16.019145965576172,
      "low_freq": 794.6976318359375,
      "mid_mean": -28.70112419128418,
      "mid_to_side_loudness": -0.7813628911972046,
      "mid_to_side_loudness_range": 9.37152099609375,
      "side_mean": -29.481719970703125
    },
    {
      "high_freq": 2549.74365234375,
      "loudness": -32.07611083984375,
      "loudness_range": 18.599349975585938,
      "low_freq": 1457.5709228515625,
      "mid_mean": -31.124794006347656,
      "mid_to_side_loudness": -0.958234965801239,
      "mid_to_side_loudness_range": 7.332674026489258,
      "side_mean": -32.087493896484375
    },
    {
      "high_freq": 4349.24462890625,
      "loudness": -37.505760192871094,
      "loudness_range": 21.44631004333496,
      "low_freq": 2549.74365234375,
      "mid_mean": -36.32328796386719,
      "mid_to_side_loudness": -1.4366273880004883,
      "mid_to_side_loudness_range": 6.511567115783691,
      "side_mean": -37.761070251464844
    },
    {
      "high_freq": 7314.1640625,
      "loudness": -47.13164138793945,
      "loudness_range": 26.238780975341797,
      "low_freq": 4349.24462890625,
      "mid_mean": -46.440574645996094,
      "mid_to_side_loudness": -1.3912431001663208,
      "mid_to_side_loudness_range": 5.31715202331543,
      "side_mean": -47.95576477050781
    },
    {
      "high_freq": 12199.2666015625,
      "loudness": -56.35817337036133,
      "loudness_range": 29.296844482421875,
      "low_freq": 7314.1640625,
      "mid_mean": -55.44415283203125,
      "mid_to_side_loudness": -1.2476078271865845,
      "mid_to_side_loudness_range": 4.218550205230713,
      "side_mean": -56.50257873535156
    },
    {
      "loudness": -64.603271484375,
      "loudness_range": 24.92931365966797,
      "low_freq": 12199.2666015625,
      "mid_mean": -61.538726806640625,
      "mid_to_side_loudness": -1.388005018234253,
      "mid_to_side_loudness_range": 3.3226797580718994,
      "side_mean": -62.75048065185547
    }
  ],
  "bandwidth": 667.7568969726562,
  "channels": 2,
  "covariance": [
    [
      93.99602508544922,
      77.84761810302734,
      44.05501937866211,
      46.07912826538086,
      14.736735343933105,
      17.762041091918945,
      8.63245964050293,
      8.512542724609375,
      16.468162536621094,
      16.773216247558594,
      19.26314353942871,
      19.439172744750977,
      27.288625717163086,
      26.806507110595703,
      31.064638137817383,
      28.195533752441406,
      26.486461639404297,
      21.042612075805664
    ],
    [
      77.84761810302734,
      92.85689544677734,
      39.73695755004883,
      41.42249298095703,
      12.743562698364258,
      14.791263580322266,
      8.049237251281738,
      8.544439315795898,
      14.674517631530762,
      14.34506893157959,
      17.359371185302734,
      17.302099227905273,
      25.113500595092773,
      24.39708709716797,
      28.99386978149414,
      26.472614288330078,
      24.994503021240234,
      20.40201187133789
    ],
    [
      44.05501937866211,
      39.73695755004883,
      50.49644470214844,
      48.428871154785156,
      19.026954650878906,
      22.316783905029297,
      13.608220100402832,
      12.35761833190918,
      19.78732681274414,
      19.911754608154297,
      23.903427124023438,
      24.083391189575195,
      29.305877685546875,
      28.70403289794922,
      30.877107620239258,
      28.046512603759766,
      24.21442222595215,
      19.79861831665039
    ],
    [
      46.07912826538086,
      41.42249298095703,
      48.428871154785156,
      54.58358383178711,
      19.383563995361328,
      22.82997703552246,
      13.12425422668457,
      11.673259735107422,
      18.798137664794922,
      18.791601181030273,
      23.908823013305664,
      24.287357330322266,
      29.297470092773438,
      28.772064208984375,
      30.089508056640625,
      27.377527236938477,
      23.473163604736328,
      19.416032791137695
    ],
    [
      14.736735343933105,
      12.743562698364258,
      19.026954650878906,
      19.383563995361328,
      19.905611038208008,
      19.99879264831543,
      16.151180267333984,
      16.161537170410156,
      18.126419067382812,
      17.7318058013916,
      21.275293350219727,
      21.72818374633789,
      24.626815795898438,
      24.558259963989258,
      25.060007095336914,
      23.399198532104492,
      18.263442993164062,
      15.655919075012207
    ],
    [
      17.762041091918945,
      14.791263580322266,
      22.316783905029297,
      22.82997703552246,
      19.99879264831543,
      24.08494758605957,
      18.104524612426758,
      17.868087768554688,
      21.161479949951172,
      20.87360191345215,
      24.551191329956055,
      25.314685821533203,
      29.068553924560547,
      28.983766555786133,
      29.186767578125,
      27.170053482055664,
      21.147512435913086,
      17.996429443359375
    ],
    [
      8.63245964050293,
      8.049237251281738,
      13.608220100402832,
      13.12425422668457,
      16.151180267333984,
      18.104524612426758,
      25.421640396118164,
      23.974842071533203,
      22.976587295532227,
      22.401071548461914,
      25.25531768798828,
      25.4061336517334,
      30.842193603515625,
      30.561626434326172,
      32.49150466918945,
      30.160688400268555,
      24.05071449279785,
      19.78532600402832
    ],
    [
      8.512542724609375,
      8.544439315795898,
      12.35761833190918,
      11.673259735107422,
      16.161537170410156,
      17.868087768554688,
      23.974842071533203,
      26.122291564941406,
      22.970924377441406,
      22.218097686767578,
      24.293182373046875,
      24.342666625976562,
      29.084518432617188,
      28.944904327392578,
      30.752912521362305,
      29.011707305908203,
      22.742799758911133,
      19.11565399169922
    ],
    [
      16.468162536621094,
      14.674517631530762,
      19.78732681274414,
      18.798137664794922,
      18.126419067382812,
      21.161479949951172,
      22.976587295532227,
      22.970924377441406,
      34.2951545715332,
      32.64168930053711,
      32.31076431274414,
      32.605281829833984,
      40.58537673950195,
      40.420589447021484,
      41.00543212890625,
      38.42807388305664,
      29.93207359313965,
      25.46409797668457
    ],
    [
      16.773216247558594,
      14.34506893157959,
      19.911754608154297,
      18.791601181030273,
      17.7318058013916,
      20.87360191345215,
      22.401071548461914,
      22.218097686767578,
      32.64168930053711,
      33.055335998535156,
      31.80387306213379,
      32.33808517456055,
      40.28030776977539,
      40.366058349609375,
      40.408546447753906,
      37.99540328979492,
      29.20348358154297,
      25.021413803100586
    ],
    [
      19.26314353942871,
      17.359371185302734,
      23.903427124023438,
      23.908823013305664,
      21.275293350219727,
      24.551191329956055,
      25.25531768798828,
      24.293182373046875,
      32.31076431274414,
      31.80387306213379,
      43.56361389160156,
      43.00142288208008,
      51.70439910888672,
      50.82075119018555,
      51.491390228271484,
      47.816368103027344,
      37.08334732055664,
      31.75113296508789
    ],
    [
      19.439172744750977,
      17.302099227905273,
      24.083391189575195,
      24.287357330322266,
      21.72818374633789,
      25.314685821533203,
      25.4061336517334,
      24.342666625976562,
      32.605281829833984,
      32.33808517456055,
      43.00142288208008,
      44.81378173828125,
      52.01414108276367,
      52.19127655029297,
      51.02981948852539,
      48.02043151855469,
      36.260589599609375,
      31.755573272705078
    ],
    [
      27.288625717163086,
      25.113500595092773,
      29.305877685546875,
      29.297470092773438,
      24.626815795898438,
      29.068553924560547,
      30.842193603515625,
      29.084518432617188,
      40.58537673950195,
      40.28030776977539,
      51.70439910888672,
      52.01414108276367,
      71.41688537597656,
      68.52883911132812,
      69.16999053955078,
      63.925758361816406,
      51.05549240112305,
      43.186798095703125
    ],
    [
      26.806507110595703,
      24.39708709716797,
      28.70403289794922,
      28.772064208984375,
      24.558259963989258,
      28.983766555786133,
      30.561626434326172,
      28.944904327392578,
      40.420589447021484,
      40.366058349609375,
      50.82075119018555,
      52.19127655029297,
      68.52883911132812,
      69.15373229980469,
      67.13185119628906,
      63.01325225830078,
      48.89380645751953,
      42.60468673706055
    ],
    [
      31.064638137817383,
      28.99386978149414,
      30.877107620239258,
      30.089508056640625,
      25.060007095336914,
      29.186767578125,
      32.49150466918945,
      30.752912521362305,
      41.00543212890625,
      40.408546447753906,
      51.491390228271484,
      51.02981948852539,
      69.16999053955078,
      67.13185119628906,
      79.53999328613281,
      72.85166931152344,
      60.550315856933594,
      49.88290786743164
    ],
    [
      28.195533752441406,
      26.472614288330078,
      28.046512603759766,
      27.377527236938477,
      23.399198532104492,
      27.170053482055664,
      30.160688400268555,
      29.011707305908203,
      38.42807388305664,
      37.99540328979492,
      47.816368103027344,
      48.02043151855469,
      63.925758361816406,
      63.01325225830078,
      72.85166931152344,
      68.29393768310547,
      54.70933151245117,
      46.98728561401367
    ],
    [
      26.486461639404297,
      24.994503021240234,
      24.21442222595215,
      23.473163604736328,
      18.263442993164062,
      21.147512435913086,
      24.05071449279785,
      22.742799758911133,
      29.93207359313965,
      29.20348358154297,
      37.08334732055664,
      36.260589599609375,
      51.05549240112305,
      48.89380645751953,
      60.550315856933594,
      54.70933151245117,
      50.85091781616211,
      40.229400634765625
    ],
    [
      21.042612075805664,
      20.40201187133789,
      19.79861831665039,
      19.416032791137695,
      15.655919075012207,
      17.996429443359375,
      19.78532600402832,
      19.11565399169922,
      25.46409797668457,
      25.021413803100586,
      31.75113296508789,
      31.755573272705078,
      43.186798095703125,
      42.60468673706055,
      49.88290786743164,
      46.98728561401367,
      40.229400634765625,
      35.490386962890625
    ]
  ],
  "covariance_short": [
    [
      131.69200134277344,
      106.99427032470703,
      61.262908935546875,
      61.53145217895508,
      21.772136688232422,
      26.24907875061035,
      14.773518562316895,
      13.154716491699219,
      23.721296310424805,
      23.74590492248535,
      27.14293098449707,
      27.014856338500977,
      37.2487678527832,
      36.3674201965332,
      37.097251892089844,
      33.865047454833984,
      26.501483917236328,
      21.487154006958008
    ],
    [
      106.99427032470703,
      142.4400634765625,
      61.798030853271484,
      63.93070602416992,
      21.919057846069336,
      26.626577377319336,
      16.414716720581055,
      15.334275245666504,
      24.02594757080078,
      24.43844223022461,
      29.36034393310547,
      28.545751571655273,
      39.267967224121094,
      38.1475715637207,
      39.629974365234375,
      36.17241668701172,
      28.036178588867188,
      22.879701614379883
    ],
    [
      61.262908935546875,
      61.798030853271484,
      63.6992301940918,
      56.001014709472656,
      22.975788116455078,
      26.031240463256836,
      17.481266021728516,
      15.851801872253418,
      24.098758697509766,
      23.75040626525879,
      27.13355255126953,
      26.612728118896484,
      33.6201286315918,
      33.17470932006836,
      33.92140579223633,
      30.88670539855957,
      23.275249481201172,
      18.808130264282227
    ],
    [
      61.53145217895508,
      63.93070602416992,
      56.001014709472656,
      68.00885772705078,
      23.304224014282227,
      26.928678512573242,
      17.227136611938477,
      15.453329086303711,
      23.861461639404297,
      23.34467315673828,
      26.909408569335938,
      26.500524520874023,
      33.180198669433594,
      32.99897766113281,
      32.610870361328125,
      29.826866149902344,
      22.14321517944336,
      18.22210121154785
    ],
    [
      21.772136688232422,
      21.919057846069336,
      22.975788116455078,
      23.304224014282227,
      28.01170539855957,
      24.371471405029297,
      20.22354507446289,
      19.90665626525879,
      23.214021682739258,
      22.44830894470215,
      25.82164192199707,
      25.456838607788086,
      29.324928283691406,
      29.46328353881836,
      28.456506729125977,
      26.69327735900879,
      18.613161087036133,
      16.063228607177734
    ],
    [
      26.24907875061035,
      26.626577377319336,
      26.031240463256836,
      26.928678512573242,
      24.371471405029297,
      32.298213958740234,
      22.50921630859375,
      21.79524040222168,
      25.952444076538086,
      25.332340240478516,
      29.101036071777344,
      29.210941314697266,
      33.72796630859375,
      33.994171142578125,
      32.255374908447266,
      30.282066345214844,
      20.879457473754883,
      18.23588752746582
    ],
    [
      14.773518562316895,
      16.414716720581055,
      17.481266021728516,
      17.227136611938477,
      20.22354507446289,
      22.50921630859375,
      36.25025177001953,
      30.27672004699707,
      29.54848289489746,
      28.583528518676758,
      32.40348815917969,
      31.947784423828125,
      37.88981628417969,
      38.230106353759766,
      37.99418258666992,
      35.598812103271484,
      25.505395889282227,
      21.447221755981445
    ],
    [
      13.154716491699219,
      15.334275245666504,
      15.851801872253418,
      15.453329086303711,
      19.90665626525879,
      21.79524040222168,
      30.27672004699707,
      35.62894058227539,
      28.933753967285156,
      27.98072052001953,
      31.21426773071289,
      30.90436553955078,
      35.962650299072266,
      36.58655548095703,
      35.9192008972168,
      34.191627502441406,
      24.013185501098633,
      20.787826538085938
    ],
    [
      23.721296310424805,
      24.02594757080078,
      24.098758697509766,
      23.861461639404297,
      23.214021682739258,
      25.952444076538086,
      29.54848289489746,
      28.933753967285156,
      45.07206344604492,
      40.37151336669922,
      40.484127044677734,
      39.76608657836914,
      49.72877883911133,
      50.02318572998047,
      47.14042282104492,
      44.44739532470703,
      30.983203887939453,
      26.796398162841797
    ],
    [
      23.74590492248535,
      24.43844223022461,
      23.75040626525879,
      23.34467315673828,
      22.44830894470215,
      25.332340240478516,
      28.583528518676758,
      27.98072052001953,
      40.37151336669922,
      43.190589904785156,
      39.055999755859375,
      38.914886474609375,
      48.502662658691406,
      49.21987533569336,
      45.93579864501953,
      43.5682373046875,
      29.886951446533203,
      26.17439842224121
    ],
    [
      27.14293098449707,
      29.36034393310547,
      27.13355255126953,
      26.909408569335938,
      25.82164192199707,
      29.101036071777344,
      32.40348815917969,
      31.21426773071289,
      40.484127044677734,
      39.055999755859375,
      57.252532958984375,
      53.13426208496094,
      63.30728530883789,
      61.81764602661133,
      59.763877868652344,
      55.6848030090332,
      38.72935485839844,
      33.311100006103516
    ],
    [
      27.014856338500977,
      28.545751571655273,
      26.612728118896484,
      26.500524520874023,
      25.456838607788086,
      29.210941314697266,
      31.947784423828125,
      30.90436553955078,
      39.76608657836914,
      38.914886474609375,
      53.13426208496094,
      55.92222213745117,
      62.137325286865234,
      61.98419952392578,
      58.143611907958984,
      54.94502258300781,
      37.467350006103516,
      33.1658935546875
    ],
    [
      37.2487678527832,
      39.267967224121094,
      33.6201286315918,
      33.180198669433594,
      29.324928283691406,
      33.72796630859375,
      37.88981628417969,
      35.962650299072266,
      49.72877883911133,
      48.502662658691406,
      63.30728530883789,
      62.137325286865234,
      86.3570556640625,
      81.4096450805664,
      78.32013702392578,
      72.50083923339844,
      52.28946304321289,
      44.2188720703125
    ],
    [
      36.3674201965332,
      38.1475715637207,
      33.17470932006836,
      32.99897766113281,
      29.46328353881836,
      33.994171142578125,
      38.230106353759766,
      36.58655548095703,
      50.02318572998047,
      49.21987533569336,
      61.81764602661133,
      61.98419952392578,
      81.4096450805664,
      83.0149917602539,
      75.93791961669922,
      71.6519546508789,
      49.97827911376953,
      43.89994812011719
    ],
    [
      37.097251892089844,
      39.629974365234375,
      33.92140579223633,
      32.610870361328125,
      28.456506729125977,
      32.255374908447266,
      37.99418258666992,
      35.9192008972168,
      47.14042282104492,
      45.93579864501953,
      59.763877868652344,
      58.143611907958984,
      78.32013702392578,
      75.93791961669922,
      85.20880126953125,
      77.85889434814453,
      59.09940719604492,
      48.46665954589844
    ],
    [
      33.865047454833984,
      36.17241668701172,
      30.88670539855957,
      29.826866149902344,
      26.69327735900879,
      30.282066345214844,
      35.598812103271484,
      34.191627502441406,
      44.44739532470703,
      43.5682373046875,
      55.6848030090332,
      54.94502258300781,
      72.50083923339844,
      71.6519546508789,
      77.85889434814453,
      73.7116928100586,
      53.34756088256836,
      46.1676025390625
    ],
    [
      26.501483917236328,
      28.036178588867188,
      23.275249481201172,
      22.14321517944336,
      18.613161087036133,
      20.879457473754883,
      25.505395889282227,
      24.013185501098633,
      30.983203887939453,
      29.886951446533203,
      38.72935485839844,
      37.467350006103516,
      52.28946304321289,
      49.97827911376953,
      59.09940719604492,
      53.34756088256836,
      47.81573486328125,
      37.216556549072266
    ],
    [
      21.487154006958008,
      22.879701614379883,
      18.808130264282227,
      18.22210121154785,
      16.063228607177734,
      18.23588752746582,
      21.447221755981445,
      20.787826538085938,
      26.796398162841797,
      26.17439842224121,
      33.311100006103516,
      33.1658935546875,
      44.2188720703125,
      43.89994812011719,
      48.46665954589844,
      46.1676025390625,
      37.216556549072266,
      34.12001037597656
    ]
  ],
  "damage": -13.489177703857422,
  "diff_bandwidth": 685.8325805664062,
  "dissonance": 8.070366400508517,
  "drr": 12.9586181640625,
  "dynamics": 4.1539387702941895,
  "format": 1245190,
  "frames": 15620032,
  "loudness": -18.563228607177734,
  "loudness_range": 11.854413986206055,
  "loudness_range_short": 13.439337730407715,
  "lowpass_true_peak_15khz": -0.5759191513061523,
  "mastering3_acoustic_entropies": [
    {
      "acoustic_entropy": 4.574530124664307,
      "acoustic_entropy_mono": 4.637307167053223,
      "band_eliminated_acoustic_entropies": [
        {
          "acoustic_entropy": 4.531994342803955,
          "acoustic_entropy_side": 4.56758975982666,
          "hz": 129.47220167065723
        },
        {
          "acoustic_entropy": 4.6569366455078125,
          "acoustic_entropy_side": 4.447665691375732,
          "hz": 202.92927478742237
        },
        {
          "acoustic_entropy": 4.503073692321777,
          "acoustic_entropy_side": 4.471538543701172,
          "hz": 282.89161906338205
        },
        {
          "acoustic_entropy": 4.6106038093566895,
          "acoustic_entropy_side": 4.626591205596924,
          "hz": 369.9353335868758
        },
        {
          "acoustic_entropy": 4.987852096557617,
          "acoustic_entropy_side": 4.598217010498047,
          "hz": 464.6875360973435
        },
        {
          "acoustic_entropy": 4.87331485748291,
          "acoustic_entropy_side": 4.976454257965088,
          "hz": 567.8308811364784
        },
        {
          "acoustic_entropy": 4.6504740715026855,
          "acoustic_entropy_side": 4.549170017242432,
          "hz": 680.1084783214808
        },
        {
          "acoustic_entropy": 4.493188858032227,
          "acoustic_entropy_side": 4.51621675491333,
          "hz": 802.3292461747484
        },
        {
          "acoustic_entropy": 4.221518516540527,
          "acoustic_entropy_side": 4.730120658874512,
          "hz": 935.3737400823702
        },
        {
          "acoustic_entropy": 3.959787130355835,
          "acoustic_entropy_side": 4.365442752838135,
          "hz": 1080.2004963696966
        },
        {
          "acoustic_entropy": 4.5089521408081055,
          "acoustic_entropy_side": 4.660789966583252,
          "hz": 1237.8529382007157
        },
        {
          "acoustic_entropy": 4.171019077301025,
          "acoustic_entropy_side": 4.445271015167236,
          "hz": 1409.4668930556702
        },
        {
          "acoustic_entropy": 4.4542646408081055,
          "acoustic_entropy_side": 4.253321170806885,
          "hz": 1596.2787759475705
        },
        {
          "acoustic_entropy": 4.605360984802246,
          "acoustic_entropy_side": 4.6342854499816895,
          "hz": 1799.6344973346393
        },
        {
          "acoustic_entropy": 4.910759449005127,
          "acoustic_entropy_side": 4.910144329071045,
          "hz": 2020.9991599069049
        },
        {
          "acoustic_entropy": 4.88104772567749,
          "acoustic_entropy_side": 4.664965629577637,
          "hz": 2261.9676141086993
        },
        {
          "acoustic_entropy": 4.039706230163574,
          "acoustic_entropy_side": 4.253411769866943,
          "hz": 2524.2759484456974
        },
        {
          "acoustic_entropy": 4.878016948699951,
          "acoustic_entropy_side": 4.681937217712402,
          "hz": 2809.813997359896
        },
        {
          "acoustic_entropy": 4.739374160766602,
          "acoustic_entropy_side": 4.656354904174805,
          "hz": 3120.6389567871424
        },
        {
          "acoustic_entropy": 4.59534215927124,
          "acoustic_entropy_side": 4.5753173828125,
          "hz": 3458.990205492291
        },
        {
          "acoustic_entropy": 4.546511173248291,
          "acoustic_entropy_side": 4.613728046417236,
          "hz": 3827.305438964164
        },
        {
          "acoustic_entropy": 4.564385890960693,
          "acoustic_entropy_side": 4.56185245513916,
          "hz": 4228.238232109126
        },
        {
          "acoustic_entropy": 4.566867828369141,
          "acoustic_entropy_side": 4.5664472579956055,
          "hz": 4664.6771572759235
        },
        {
          "acoustic_entropy": 4.5385050773620605,
          "acoustic_entropy_side": 4.569879531860352,
          "hz": 5139.766595350093
        },
        {
          "acoustic_entropy": 4.51936149597168,
          "acoustic_entropy_side": 4.546410083770752,
          "hz": 5656.929389854203
        },
        {
          "acoustic_entropy": 4.494125843048096,
          "acoustic_entropy_side": 4.544875621795654,
          "hz": 6219.891507268283
        },
        {
          "acoustic_entropy": 4.495428562164307,
          "acoustic_entropy_side": 4.543782711029053,
          "hz": 6832.70888123896
        },
        {
          "acoustic_entropy": 4.499849796295166,
          "acoustic_entropy_side": 4.5494585037231445,
          "hz": 7499.796634079867
        },
        {
          "acoustic_entropy": 4.500290393829346,
          "acoustic_entropy_side": 4.548708438873291,
          "hz": 8225.96088609342
        },
        {
          "acoustic_entropy": 4.525251388549805,
          "acoustic_entropy_side": 4.562380790710449,
          "hz": 9016.43338188839
        },
        {
          "acoustic_entropy": 4.532985210418701,
          "acoustic_entropy_side": 4.5647382736206055,
          "hz": 9876.909183162974
        },
        {
          "acoustic_entropy": 4.540901184082031,
          "acoustic_entropy_side": 4.566469192504883,
          "hz": 10813.587699516042
        },
        {
          "acoustic_entropy": 4.551950454711914,
          "acoustic_entropy_side": 4.568704128265381,
          "hz": 11833.21735289826
        },
        {
          "acoustic_entropy": 4.557241916656494,
          "acoustic_entropy_side": 4.570940971374512,
          "hz": 12943.144197493959
        },
        {
          "acoustic_entropy": 4.563600540161133,
          "acoustic_entropy_side": 4.571939945220947,
          "hz": 14151.364845322005
        },
        {
          "acoustic_entropy": 4.56911563873291,
          "acoustic_entropy_side": 4.572730541229248,
          "hz": 15466.58407886509
        },
        {
          "acoustic_entropy": 4.574592590332031,
          "acoustic_entropy_side": 4.573913097381592,
          "hz": 16898.27756580493
        },
        {
          "acoustic_entropy": 4.577799320220947,
          "acoustic_entropy_side": 4.574328422546387,
          "hz": 18456.760127700032
        },
        {
          "acoustic_entropy": 4.579535961151123,
          "acoustic_entropy_side": 4.574480056762695,
          "hz": 20153.260054456492
        },
        {
          "acoustic_entropy": 4.575847148895264,
          "acoustic_entropy_side": 4.574523448944092,
          "hz": 22000.00000000001
        }
      ],
      "diff_acoustic_entropy": 2.430015802383423,
      "sn": 6
    },
    {
      "acoustic_entropy": 8.643356323242188,
      "acoustic_entropy_mono": 10.127211570739746,
      "band_eliminated_acoustic_entropies": [
        {
          "acoustic_entropy": 8.604843139648438,
          "acoustic_entropy_side": 8.63712215423584,
          "hz": 129.47220167065723
        },
        {
          "acoustic_entropy": 8.718518257141113,
          "acoustic_entropy_side": 8.49349308013916,
          "hz": 202.92927478742237
        },
        {
          "acoustic_entropy": 8.598036766052246,
          "acoustic_entropy_side": 8.780901908874512,
          "hz": 282.89161906338205
        },
        {
          "acoustic_entropy": 8.784968376159668,
          "acoustic_entropy_side": 8.848786354064941,
          "hz": 369.9353335868758
        },
        {
          "acoustic_entropy": 9.644423484802246,
          "acoustic_entropy_side": 9.30546760559082,
          "hz": 464.6875360973435
        },
        {
          "acoustic_entropy": 8.918000221252441,
          "acoustic_entropy_side": 9.565173149108887,
          "hz": 567.8308811364784
        },
        {
          "acoustic_entropy": 9.470564842224121,
          "acoustic_entropy_side": 9.758764266967773,
          "hz": 680.1084783214808
        },
        {
          "acoustic_entropy": 9.502073287963867,
          "acoustic_entropy_side": 9.298259735107422,
          "hz": 802.3292461747484
        },
        {
          "acoustic_entropy": 9.181905746459961,
          "acoustic_entropy_side": 8.65755558013916,
          "hz": 935.3737400823702
        },
        {
          "acoustic_entropy": 8.105456352233887,
          "acoustic_entropy_side": 8.980039596557617,
          "hz": 1080.2004963696966
        },
        {
          "acoustic_entropy": 9.744978904724121,
          "acoustic_entropy_side": 9.265292167663574,
          "hz": 1237.8529382007157
        },
        {
          "acoustic_entropy": 8.603717803955078,
          "acoustic_entropy_side": 8.948212623596191,
          "hz": 1409.4668930556702
        },
        {
          "acoustic_entropy": 9.241633415222168,
          "acoustic_entropy_side": 9.21631908416748,
          "hz": 1596.2787759475705
        },
        {
          "acoustic_entropy": 8.686783790588379,
          "acoustic_entropy_side": 8.965047836303711,
          "hz": 1799.6344973346393
        },
        {
          "acoustic_entropy": 9.425968170166016,
          "acoustic_entropy_side": 9.405623435974121,
          "hz": 2020.9991599069049
        },
        {
          "acoustic_entropy": 9.498037338256836,
          "acoustic_entropy_side": 9.701278686523438,
          "hz": 2261.9676141086993
        },
        {
          "acoustic_entropy": 8.210909843444824,
          "acoustic_entropy_side": 8.650228500366211,
          "hz": 2524.2759484456974
        },
        {
          "acoustic_entropy": 8.828221321105957,
          "acoustic_entropy_side": 9.036727905273438,
          "hz": 2809.813997359896
        },
        {
          "acoustic_entropy": 8.833356857299805,
          "acoustic_entropy_side": 8.819032669067383,
          "hz": 3120.6389567871424
        },
        {
          "acoustic_entropy": 8.634562492370605,
          "acoustic_entropy_side": 8.619969367980957,
          "hz": 3458.990205492291
        },
        {
          "acoustic_entropy": 8.732851028442383,
          "acoustic_entropy_side": 8.702917098999023,
          "hz": 3827.305438964164
        },
        {
          "acoustic_entropy": 8.757763862609863,
          "acoustic_entropy_side": 8.659003257751465,
          "hz": 4228.238232109126
        },
        {
          "acoustic_entropy": 8.673187255859375,
          "acoustic_entropy_side": 8.649896621704102,
          "hz": 4664.6771572759235
        },
        {
          "acoustic_entropy": 8.614727020263672,
          "acoustic_entropy_side": 8.64320182800293,
          "hz": 5139.766595350093
        },
        {
          "acoustic_entropy": 8.611786842346191,
          "acoustic_entropy_side": 8.636739730834961,
          "hz": 5656.929389854203
        },
        {
          "acoustic_entropy": 8.576065063476562,
          "acoustic_entropy_side": 8.632781982421875,
          "hz": 6219.891507268283
        },
        {
          "acoustic_entropy": 8.579879760742188,
          "acoustic_entropy_side": 8.644046783447266,
          "hz": 6832.70888123896
        },
        {
          "acoustic_entropy": 8.541421890258789,
          "acoustic_entropy_side": 8.631046295166016,
          "hz": 7499.796634079867
        },
        {
          "acoustic_entropy": 8.554661750793457,
          "acoustic_entropy_side": 8.633092880249023,
          "hz": 8225.96088609342
        },
        {
          "acoustic_entropy": 8.541627883911133,
          "acoustic_entropy_side": 8.622180938720703,
          "hz": 9016.43338188839
        },
        {
          "acoustic_entropy": 8.550158500671387,
          "acoustic_entropy_side": 8.622950553894043,
          "hz": 9876.909183162974
        },
        {
          "acoustic_entropy": 8.546318054199219,
          "acoustic_entropy_side": 8.621442794799805,
          "hz": 10813.587699516042
        },
        {
          "acoustic_entropy": 8.579731941223145,
          "acoustic_entropy_side": 8.627145767211914,
          "hz": 11833.21735289826
        },
        {
          "acoustic_entropy": 8.58900260925293,
          "acoustic_entropy_side": 8.628961563110352,
          "hz": 12943.144197493959
        },
        {
          "acoustic_entropy": 8.610862731933594,
          "acoustic_entropy_side": 8.6333646774292,
          "hz": 14151.364845322005
        },
        {
          "acoustic_entropy": 8.631399154663086,
          "acoustic_entropy_side": 8.635568618774414,
          "hz": 15466.58407886509
        },
        {
          "acoustic_entropy": 8.654772758483887,
          "acoustic_entropy_side": 8.639412879943848,
          "hz": 16898.27756580493
        },
        {
          "acoustic_entropy": 8.669421195983887,
          "acoustic_entropy_side": 8.642045021057129,
          "hz": 18456.760127700032
        },
        {
          "acoustic_entropy": 8.674991607666016,
          "acoustic_entropy_side": 8.643043518066406,
          "hz": 20153.260054456492
        },
        {
          "acoustic_entropy": 8.652281761169434,
          "acoustic_entropy_side": 8.643328666687012,
          "hz": 22000.00000000001
        }
      ],
      "diff_acoustic_entropy": 5.416689872741699,
      "sn": 12
    },
    {
      "acoustic_entropy": 14.045317649841309,
      "acoustic_entropy_mono": 14.525135040283203,
      "band_eliminated_acoustic_entropies": [
        {
          "acoustic_entropy": 14.851638793945312,
          "acoustic_entropy_side": 14.362479209899902,
          "hz": 129.47220167065723
        },
        {
          "acoustic_entropy": 14.635233879089355,
          "acoustic_entropy_side": 14.387042999267578,
          "hz": 202.92927478742237
        },
        {
          "acoustic_entropy": 14.975390434265137,
          "acoustic_entropy_side": 15.295074462890625,
          "hz": 282.89161906338205
        },
        {
          "acoustic_entropy": 14.928791999816895,
          "acoustic_entropy_side": 14.177173614501953,
          "hz": 369.9353335868758
        },
        {
          "acoustic_entropy": 15.066062927246094,
          "acoustic_entropy_side": 14.44576358795166,
          "hz": 464.6875360973435
        },
        {
          "acoustic_entropy": 15.262934684753418,
          "acoustic_entropy_side": 14.481675148010254,
          "hz": 567.8308811364784
        },
        {
          "acoustic_entropy": 14.554892539978027,
          "acoustic_entropy_side": 14.571226119995117,
          "hz": 680.1084783214808
        },
        {
          "acoustic_entropy": 14.060591697692871,
          "acoustic_entropy_side": 14.146029472351074,
          "hz": 802.3292461747484
        },
        {
          "acoustic_entropy": 14.6173095703125,
          "acoustic_entropy_side": 14.676697731018066,
          "hz": 935.3737400823702
        },
        {
          "acoustic_entropy": 14.17306137084961,
          "acoustic_entropy_side": 14.404936790466309,
          "hz": 1080.2004963696966
        },
        {
          "acoustic_entropy": 14.43668270111084,
          "acoustic_entropy_side": 14.523859977722168,
          "hz": 1237.8529382007157
        },
        {
          "acoustic_entropy": 14.825637817382812,
          "acoustic_entropy_side": 14.793458938598633,
          "hz": 1409.4668930556702
        },
        {
          "acoustic_entropy": 14.174494743347168,
          "acoustic_entropy_side": 14.198450088500977,
          "hz": 1596.2787759475705
        },
        {
          "acoustic_entropy": 14.276322364807129,
          "acoustic_entropy_side": 14.268704414367676,
          "hz": 1799.6344973346393
        },
        {
          "acoustic_entropy": 14.377730369567871,
          "acoustic_entropy_side": 14.176493644714355,
          "hz": 2020.9991599069049
        },
        {
          "acoustic_entropy": 14.54470157623291,
          "acoustic_entropy_side": 15.200704574584961,
          "hz": 2261.9676141086993
        },
        {
          "acoustic_entropy": 14.440290451049805,
          "acoustic_entropy_side": 14.617358207702637,
          "hz": 2524.2759484456974
        },
        {
          "acoustic_entropy": 13.946932792663574,
          "acoustic_entropy_side": 13.986949920654297,
          "hz": 2809.813997359896
        },
        {
          "acoustic_entropy": 14.239121437072754,
          "acoustic_entropy_side": 14.123285293579102,
