{
  "acoustic_entropy": 174.37144470214844,
  "bands": [
    {
      "high_freq": 148.1999969482422,
      "loudness": -19.750524520874023,
      "loudness_range": 12.655466079711914,
      "mid_mean": -18.40216064453125,
      "mid_to_side_loudness": -2.272979497909546,
      "mid_to_side_loudness_range": 9.666646957397461,
      "side_mean": -20.756757736206055
    },
    {
      "high_freq": 392.3793640136719,
      "loudness": -21.453075408935547,
      "loudness_range": 13.904815673828125,
      "low_freq": 148.1999969482422,
      "mid_mean": -19.241199493408203,
      "mid_to_side_loudness": -4.191363334655762,
      "mid_to_side_loudness_range": 6.560173511505127,
      "side_mean": -23.58773422241211
    },
    {
      "high_freq": 794.6976318359375,
      "loudness": -23.984018325805664,
      "loudness_range": 23.976537704467773,
      "low_freq": 392.3793640136719,
      "mid_mean": -22.4237117767334,
      "mid_to_side_loudness": -2.2866766452789307,
      "mid_to_side_loudness_range": 7.102494239807129,
      "side_mean": -24.787363052368164
    },
    {
      "high_freq": 1457.5709228515625,
      "loudness": -25.780073165893555,
      "loudness_range": 21.30776596069336,
      "low_freq": 794.6976318359375,
      "mid_mean": -24.15325355529785,
      "mid_to_side_loudness": -2.331667184829712,
      "mid_to_side_loudness_range": 5.307779788970947,
      "side_mean": -26.551673889160156
    },
    {
      "high_freq": 2549.74365234375,
      "loudness": -30.394575119018555,
      "loudness_range": 22.48548698425293,
      "low_freq": 1457.5709228515625,
      "mid_mean": -28.39333152770996,
      "mid_to_side_loudness": -3.3244917392730713,
      "mid_to_side_loudness_range": 4.916756629943848,
      "side_mean": -31.81821632385254
    },
    {
      "high_freq": 4349.24462890625,
      "loudness": -31.80227279663086,
      "loudness_range": 25.58427619934082,
      "low_freq": 2549.74365234375,
      "mid_mean": -30.090885162353516,
      "mid_to_side_loudness": -2.5109734535217285,
      "mid_to_side_loudness_range": 4.80462121963501,
      "side_mean": -32.687862396240234
    },
    {
      "high_freq": 7314.1640625,
      "loudness": -39.19706726074219,
      "loudness_range": 20.15694236755371,
      "low_freq": 4349.24462890625,
      "mid_mean": -37.33757400512695,
      "mid_to_side_loudness": -2.9145491123199463,
      "mid_to_side_loudness_range": 4.802270889282227,
      "side_mean": -40.34150695800781
    },
    {
      "high_freq": 12199.2666015625,
      "loudness": -43.84043502807617,
      "loudness_range": 24.054624557495117,
      "low_freq": 7314.1640625,
      "mid_mean": -42.05373764038086,
      "mid_to_side_loudness": -2.7031686305999756,
      "mid_to_side_loudness_range": 5.670721054077148,
      "side_mean": -44.86192321777344
    },
    {
      "loudness": -48.82897186279297,
      "loudness_range": 23.654407501220703,
      "low_freq": 12199.2666015625,
      "mid_mean": -47.5176887512207,
      "mid_to_side_loudness": -2.7330822944641113,
      "mid_to_side_loudness_range": 7.3412933349609375,
      "side_mean": -50.751373291015625
    }
  ],
  "bands_short": [
    {
      "high_freq": 148.1999969482422,
      "loudness": -21.742351531982422,
      "loudness_range": 15.550451278686523,
      "mid_mean": -21.084537506103516,
      "mid_to_side_loudness": -2.1222922801971436,
      "mid_to_side_loudness_range": 17.35555076599121,
      "side_mean": -23.16245460510254
    },
    {
      "high_freq": 392.3793640136719,
      "loudness": -20.273469924926758,
      "loudness_range": 14.786051750183105,
      "low_freq": 148.1999969482422,
      "mid_mean": -18.645071029663086,
      "mid_to_side_loudness": -3.0104176998138428,
      "mid_to_side_loudness_range": 10.961234092712402,
      "side_mean": -21.770172119140625
    },
    {
      "high_freq": 794.6976318359375,
      "loudness": -24.19540023803711,
      "loudness_range": 25.52206039428711,
      "low_freq": 392.3793640136719,
      "mid_mean": -22.809829711914062,
      "mid_to_side_loudness": -2.426976203918457,
      "mid_to_side_loudness_range": 10.575642585754395,
      "side_mean": -25.34625816345215
    },
    {
      "high_freq": 1457.5709228515625,
      "loudness": -25.781444549560547,
      "loudness_range": 22.91065788269043,
      "low_freq": 794.6976318359375,
      "mid_mean": -24.529705047607422,
      "mid_to_side_loudness": -2.0619003772735596,
      "mid_to_side_loudness_range": 8.262319564819336,
      "side_mean": -26.757953643798828
    },
    {
      "high_freq": 2549.74365234375,
      "loudness": -30.96044921875,
      "loudness_range": 23.747085571289062,
      "low_freq": 1457.5709228515625,
      "mid_mean": -29.215606689453125,
      "mid_to_side_loudness": -2.910449504852295,
      "mid_to_side_loudness_range": 7.34931755065918,
      "side_mean": -32.26457595825195
    },
    {
      "high_freq": 4349.24462890625,
      "loudness": -31.735206604003906,
      "loudness_range": 25.209545135498047,
      "low_freq": 2549.74365234375,
      "mid_mean": -30.34708023071289,
      "mid_to_side_loudness": -2.3086612224578857,
      "mid_to_side_loudness_range": 6.13834810256958,
      "side_mean": -32.87889862060547
    },
    {
      "high_freq": 7314.1640625,
      "loudness": -40.031864166259766,
      "loudness_range": 24.39439582824707,
      "low_freq": 4349.24462890625,
      "mid_mean": -38.26019287109375,
      "mid_to_side_loudness": -2.829456090927124,
      "mid_to_side_loudness_range": 6.7188239097595215,
      "side_mean": -41.173316955566406
    },
    {
      "high_freq": 12199.2666015625,
      "loudness": -45.25575256347656,
      "loudness_range": 29.812232971191406,
      "low_freq": 7314.1640625,
      "mid_mean": -43.51600646972656,
      "mid_to_side_loudness": -2.57936429977417,
      "mid_to_side_loudness_range": 6.8672990798950195,
      "side_mean": -46.218624114990234
    },
    {
      "loudness": -51.10052490234375,
      "loudness_range": 31.618701934814453,
      "low_freq": 12199.2666015625,
      "mid_mean": -49.595951080322266,
      "mid_to_side_loudness": -2.743525505065918,
      "mid_to_side_loudness_range": 7.787328720092773,
      "side_mean": -52.52729034423828
    }
  ],
  "bandwidth": 483.1017150878906,
  "channels": 2,
  "covariance": [
    [
      34.547298431396484,
      29.763755798339844,
      15.255382537841797,
      14.7850980758667,
      12.79603099822998,
      11.788989067077637,
      6.922555446624756,
      8.024577140808105,
      6.464321613311768,
      6.452289581298828,
      4.722437858581543,
      3.933920383453369,
      1.8159117698669434,
      1.5402694940567017,
      -1.2038676738739014,
      -2.4023208618164062,
      2.888561248779297,
      2.7167444229125977
    ],
    [
      29.763755798339844,
      41.19000244140625,
      15.95935344696045,
      15.264004707336426,
      14.858681678771973,
      13.757735252380371,
      7.823920726776123,
      8.557427406311035,
      7.416752815246582,
      7.021397590637207,
      5.942251205444336,
      4.457661151885986,
      2.3090322017669678,
      1.5874855518341064,
      -0.9217913746833801,
      -2.4269068241119385,
      2.5896646976470947,
      2.058518409729004
    ],
    [
      15.255382537841797,
      15.95935344696045,
      27.855493545532227,
      22.158985137939453,
      33.9193000793457,
      31.28931999206543,
      23.725278854370117,
      25.247501373291016,
      24.107383728027344,
      25.089454650878906,
      25.076725006103516,
      24.35247230529785,
      17.003446578979492,
      13.706411361694336,
      19.25463104248047,
      14.779499053955078,
      19.208436965942383,
      13.104592323303223
    ],
    [
      14.7850980758667,
      15.264004707336426,
      22.158985137939453,
      22.85254669189453,
      30.426576614379883,
      29.318885803222656,
      22.17522430419922,
      23.485820770263672,
      23.32605743408203,
      24.249752044677734,
      23.94260025024414,
      23.30010986328125,
      16.324995040893555,
      13.108830451965332,
      18.80253791809082,
      14.541735649108887,
      19.600418090820312,
      13.625956535339355
    ],
    [
      12.79603099822998,
      14.858681678771973,
      33.9193000793457,
      30.426576614379883,
      81.92610168457031,
      77.1153564453125,
      59.48044967651367,
      65.29948425292969,
      48.90898513793945,
      52.854183197021484,
      59.84513473510742,
      62.115386962890625,
      37.35807800292969,
      30.885189056396484,
      45.303218841552734,
      36.303436279296875,
      37.96280288696289,
      25.832744598388672
    ],
    [
      11.788989067077637,
      13.757735252380371,
      31.28931999206543,
      29.318885803222656,
      77.1153564453125,
      78.40141296386719,
      60.15127182006836,
      66.45030212402344,
      50.873069763183594,
      55.482574462890625,
      62.356834411621094,
      64.78118133544922,
      40.70174789428711,
      33.6014404296875,
      49.77444839477539,
      40.05315017700195,
      41.462249755859375,
      28.383520126342773
    ],
    [
      6.922555446624756,
      7.823920726776123,
      23.725278854370117,
      22.17522430419922,
      59.48044967651367,
      60.15127182006836,
      57.188926696777344,
      60.52694320678711,
      52.60965347290039,
      55.970130920410156,
      63.60026550292969,
      64.12712860107422,
      43.2800407409668,
      35.356815338134766,
      49.88156509399414,
      40.52605438232422,
      39.97813415527344,
      27.763032913208008
    ],
    [
      8.024577140808105,
      8.557427406311035,
      25.247501373291016,
      23.485820770263672,
      65.29948425292969,
      66.45030212402344,
      60.52694320678711,
      67.84651184082031,
      53.63045120239258,
      58.59103775024414,
      66.5660171508789,
      68.71581268310547,
      43.6286506652832,
      36.197837829589844,
      50.81867599487305,
      41.58263397216797,
      40.641571044921875,
      28.356117248535156
    ],
    [
      6.464321613311768,
      7.416752815246582,
      24.107383728027344,
      23.32605743408203,
      48.90898513793945,
      50.873069763183594,
      52.60965347290039,
      53.63045120239258,
      68.10848236083984,
      69.33226013183594,
      70.21295928955078,
      66.9372329711914,
      56.15351867675781,
      45.2110710144043,
      63.09328842163086,
      51.137168884277344,
      51.20218276977539,
      35.98208236694336
    ],
    [
      6.452289581298828,
      7.021397590637207,
      25.089454650878906,
      24.249752044677734,
      52.854183197021484,
      55.482574462890625,
      55.970130920410156,
      58.59103775024414,
      69.33226013183594,
      73.54484558105469,
      73.12004852294922,
      70.68191528320312,
      56.8096923828125,
      45.89693832397461,
      64.32649993896484,
      52.236732482910156,
      52.13785171508789,
      36.62175750732422
    ],
    [
      4.722437858581543,
      5.942251205444336,
      25.076725006103516,
      23.94260025024414,
      59.84513473510742,
      62.356834411621094,
      63.60026550292969,
      66.5660171508789,
      70.21295928955078,
      73.12004852294922,
      88.44976806640625,
      85.43650817871094,
      66.29684448242188,
      53.79561233520508,
      74.08070373535156,
      60.41806411743164,
      56.89927673339844,
      40.76133728027344
    ],
    [
      3.933920383453369,
      4.457661151885986,
      24.35247230529785,
      23.30010986328125,
      62.115386962890625,
      64.78118133544922,
      64.12712860107422,
      68.71581268310547,
      66.9372329711914,
      70.68191528320312,
      85.43650817871094,
      85.33625793457031,
      62.18805694580078,
      51.0946159362793,
      70.02542877197266,
      57.795467376708984,
      54.03849792480469,
      38.65702819824219
    ],
    [
      1.8159117698669434,
      2.3090322017669678,
      17.003446578979492,
      16.324995040893555,
      37.35807800292969,
      40.70174789428711,
      43.2800407409668,
      43.6286506652832,
      56.15351867675781,
      56.8096923828125,
      66.29684448242188,
      62.18805694580078,
      63.22338104248047,
      51.29747772216797,
      71.56643676757812,
      58.5869026184082,
      58.546905517578125,
      42.567203521728516
    ],
    [
      1.5402694940567017,
      1.5874855518341064,
      13.706411361694336,
      13.108830451965332,
      30.885189056396484,
      33.6014404296875,
      35.356815338134766,
      36.197837829589844,
      45.2110710144043,
      45.89693832397461,
      53.79561233520508,
      51.0946159362793,
      51.29747772216797,
      42.93372344970703,
      57.60531997680664,
      47.88865280151367,
      46.7956657409668,
      34.580772399902344
    ],
    [
      -1.2038676738739014,
      -0.9217913746833801,
      19.25463104248047,
      18.80253791809082,
      45.303218841552734,
      49.77444839477539,
      49.88156509399414,
      50.81867599487305,
      63.09328842163086,
      64.32649993896484,
      74.08070373535156,
      70.02542877197266,
      71.56643676757812,
      57.60531997680664,
      88.82682037353516,
      71.75592041015625,
      76.4871826171875,
      54.995182037353516
    ],
    [
      -2.4023208618164062,
      -2.4269068241119385,
      14.779499053955078,
      14.541735649108887,
      36.303436279296875,
      40.05315017700195,
      40.52605438232422,
      41.58263397216797,
      51.137168884277344,
      52.236732482910156,
      60.41806411743164,
      57.795467376708984,
      58.5869026184082,
      47.88865280151367,
      71.75592041015625,
      59.34491729736328,
      61.39162826538086,
      44.898712158203125
    ],
    [
      2.888561248779297,
      2.5896646976470947,
      19.208436965942383,
      19.600418090820312,
      37.96280288696289,
      41.462249755859375,
      39.97813415527344,
      40.641571044921875,
      51.20218276977539,
      52.13785171508789,
      56.89927673339844,
      54.03849792480469,
      58.546905517578125,
      46.7956657409668,
      76.4871826171875,
      61.39162826538086,
      79.48318481445312,
      58.28057861328125
    ],
    [
      2.7167444229125977,
      2.058518409729004,
      13.104592323303223,
      13.625956535339355,
      25.832744598388672,
      28.383520126342773,
      27.763032913208008,
      28.356117248535156,
      35.98208236694336,
      36.62175750732422,
      40.76133728027344,
      38.65702819824219,
      42.567203521728516,
      34.580772399902344,
      54.995182037353516,
      44.898712158203125,
      58.28057861328125,
      52.054168701171875
    ]
  ],
  "covariance_short": [
    [
      46.7874870300293,
      26.868247985839844,
      23.335222244262695,
      18.524782180786133,
      14.662422180175781,
      13.767207145690918,
      7.947673320770264,
      9.427454948425293,
      7.793095111846924,
      7.88188362121582,
      5.265607833862305,
      4.767647743225098,
      3.4678070545196533,
      3.0509750843048096,
      0.8168090581893921,
      -0.4598386585712433,
      4.049411773681641,
      3.34647798538208
    ],
    [
      26.868247985839844,
      49.781131744384766,
      19.149368286132812,
      25.372364044189453,
      17.722095489501953,
      17.242101669311523,
      9.84969711303711,
      11.217733383178711,
      10.116936683654785,
      9.725462913513184,
      8.290389060974121,
      7.302488803863525,
      4.62933874130249,
      3.510957956314087,
      2.1476798057556152,
      0.08299344033002853,
      5.171071529388428,
      3.684640884399414
    ],
    [
      23.335222244262695,
      19.149368286132812,
      33.72160339355469,
      22.949125289916992,
      34.10404968261719,
      30.989110946655273,
      23.772716522216797,
      25.005624771118164,
      23.791566848754883,
      23.466053009033203,
      23.00150489807129,
      22.52028465270996,
      16.97846031188965,
      13.875143051147461,
      18.759374618530273,
      14.618424415588379,
      19.244537353515625,
      13.785798072814941
    ],
    [
      18.524782180786133,
      25.372364044189453,
      22.949125289916992,
      26.95290184020996,
      28.06987190246582,
      26.97404670715332,
      19.916378021240234,
      20.75596809387207,
      20.60163688659668,
      20.37227439880371,
      19.59052848815918,
      19.082670211791992,
      14.039467811584473,
      11.295679092407227,
      15.536825180053711,
      11.773136138916016,
      16.738615036010742,
      11.866031646728516
    ],
    [
      14.662422180175781,
      17.722095489501953,
      34.10404968261719,
      28.06987190246582,
      87.97669219970703,
      78.2598876953125,
      64.85189819335938,
      69.10182189941406,
      55.45712661743164,
      55.235652923583984,
      63.256683349609375,
      65.33419036865234,
      44.85087203979492,
      37.457298278808594,
      54.909183502197266,
      45.23463439941406,
      47.50360870361328,
      34.8105583190918
    ],
    [
      13.767207145690918,
      17.242101669311523,
      30.989110946655273,
      26.97404670715332,
      78.2598876953125,
      82.76543426513672,
      63.830997467041016,
      68.81251525878906,
      55.75136184692383,
      56.477115631103516,
      64.61524200439453,
      66.8838882446289,
      46.9795036315918,
      39.35667419433594,
      58.05686569213867,
      48.088706970214844,
      49.96389389038086,
      36.79274368286133
    ],
    [
      7.947673320770264,
      9.84969711303711,
      23.772716522216797,
      19.916378021240234,
      64.85189819335938,
      63.830997467041016,
      69.42097473144531,
      67.37895965576172,
      61.31631851196289,
      59.911067962646484,
      70.33634185791016,
      70.53874206542969,
      53.15904235839844,
      43.68979263305664,
      62.44340133666992,
      51.89955520629883,
      52.09030532836914,
      38.7364501953125
    ],
    [
      9.427454948425293,
      11.217733383178711,
      25.005624771118164,
      20.75596809387207,
      69.10182189941406,
      68.81251525878906,
      67.37895965576172,
      76.30148315429688,
      60.54778289794922,
      61.95653533935547,
      71.22579956054688,
      73.80979919433594,
      51.67608642578125,
      43.690452575683594,
      61.238895416259766,
      51.7574577331543,
      50.89665222167969,
      38.32164001464844
    ],
    [
      7.793095111846924,
      10.116936683654785,
      23.791566848754883,
      20.60163688659668,
      55.45712661743164,
      55.75136184692383,
      61.31631851196289,
      60.54778289794922,
      81.28518676757812,
      75.046630859375,
      78.3682632446289,
      74.2967529296875,
      69.00852966308594,
      55.37526321411133,
      78.80789947509766,
      64.85521697998047,
      66.84195709228516,
      49.85057067871094
    ],
    [
      7.88188362121582,
      9.725462913513184,
      23.466053009033203,
      20.37227439880371,
      55.235652923583984,
      56.477115631103516,
      59.911067962646484,
      61.95653533935547,
      75.046630859375,
      77.5047836303711,
      76.07665252685547,
      74.03939056396484,
      65.5378646850586,
      54.00144958496094,
      75.79199981689453,
      63.35102462768555,
      64.23418426513672,
      48.45005416870117
    ],
    [
      5.265607833862305,
      8.290389060974121,
      23.00150489807129,
      19.59052848815918,
      63.256683349609375,
      64.61524200439453,
      70.33634185791016,
      71.22579956054688,
      78.3682632446289,
      76.07665252685547,
      98.47657012939453,
      91.623779296875,
      78.50559997558594,
      64.6174545288086,
      90.22901153564453,
      75.32449340820312,
      73.64627075195312,
      56.469730377197266
    ],
    [
      4.767647743225098,
      7.302488803863525,
      22.52028465270996,
      19.082670211791992,
      65.33419036865234,
      66.8838882446289,
      70.53874206542969,
      73.80979919433594,
      74.2967529296875,
      74.03939056396484,
      91.623779296875,
      92.77509307861328,
      73.4729995727539,
      61.67511749267578,
      85.0994873046875,
      71.98294830322266,
      69.21964263916016,
      53.464759826660156
    ],
    [
      3.4678070545196533,
      4.62933874130249,
      16.97846031188965,
      14.039467811584473,
      44.85087203979492,
      46.9795036315918,
      53.15904235839844,
      51.67608642578125,
      69.00852966308594,
      65.5378646850586,
      78.50559997558594,
      73.4729995727539,
      84.61288452148438,
      69.17811584472656,
      97.29952239990234,
      81.32657623291016,
      84.4026870727539,
      66.07103729248047
    ],
    [
      3.0509750843048096,
      3.510957956314087,
      13.875143051147461,
      11.295679092407227,
      37.457298278808594,
      39.35667419433594,
      43.68979263305664,
      43.690452575683594,
      55.37526321411133,
      54.00144958496094,
      64.6174545288086,
      61.67511749267578,
      69.17811584472656,
      60.047908782958984,
      79.87960815429688,
      68.87950134277344,
      68.73408508300781,
      55.50885772705078
    ],
    [
      0.8168090581893921,
      2.1476798057556152,
      18.759374618530273,
      15.536825180053711,
      54.909183502197266,
      58.05686569213867,
      62.44340133666992,
      61.238895416259766,
      78.80789947509766,
      75.79199981689453,
      90.22901153564453,
      85.0994873046875,
      97.29952239990234,
      79.87960815429688,
      122.32376098632812,
      101.46194458007812,
      110.4275131225586,
      86.13961029052734
    ],
    [
      -0.4598386585712433,
      0.08299344033002853,
      14.618424415588379,
      11.773136138916016,
      45.23463439941406,
      48.088706970214844,
      51.89955520629883,
      51.7574577331543,
      64.85521697998047,
      63.35102462768555,
      75.32449340820312,
      71.98294830322266,
      81.32657623291016,
      68.87950134277344,
      101.46194458007812,
      87.50205993652344,
      91.49091339111328,
      73.37776184082031
    ],
    [
      4.049411773681641,
      5.171071529388428,
      19.244537353515625,
      16.738615036010742,
      47.50360870361328,
      49.96389389038086,
      52.09030532836914,
      50.89665222167969,
      66.84195709228516,
      64.23418426513672,
      73.64627075195312,
      69.21964263916016,
      84.4026870727539,
      68.73408508300781,
      110.4275131225586,
      91.49091339111328,
      115.7916488647461,
      91.02962493896484
    ],
    [
      3.34647798538208,
      3.684640884399414,
      13.785798072814941,
      11.866031646728516,
      34.8105583190918,
      36.79274368286133,
      38.7364501953125,
      38.32164001464844,
      49.85057067871094,
      48.45005416870117,
      56.469730377197266,
      53.464759826660156,
      66.07103729248047,
      55.50885772705078,
      86.13961029052734,
      73.37776184082031,
      91.02962493896484,
      77.86071014404297
    ]
  ],
  "damage": -3.3261160850524902,
  "diff_bandwidth": 494.6782531738281,
  "dissonance": 7.190153443064309,
  "drr": 1.2985823154449463,
  "dynamics": 4.3593058586120605,
  "format": 1245190,
  "frames": 5593088,
  "loudness": -11.052009582519531,
  "loudness_range": 11.310117721557617,
  "loudness_range_short": 13.312562942504883,
  "lowpass_true_peak_15khz": 0.06034133955836296,
  "mastering3_acoustic_entropies": [
    {
      "acoustic_entropy": 6.601955890655518,
      "acoustic_entropy_mono": 5.947972774505615,
      "band_eliminated_acoustic_entropies": [
        {
          "acoustic_entropy": 6.521093368530273,
          "acoustic_entropy_side": 6.52574348449707,
          "hz": 129.47220167065723
        },
        {
          "acoustic_entropy": 5.801799774169922,
          "acoustic_entropy_side": 5.9701924324035645,
          "hz": 202.92927478742237
        },
        {
          "acoustic_entropy": 6.426094055175781,
          "acoustic_entropy_side": 6.516666412353516,
          "hz": 282.89161906338205
        },
        {
          "acoustic_entropy": 6.7729172706604,
          "acoustic_entropy_side": 6.759263038635254,
          "hz": 369.9353335868758
        },
        {
          "acoustic_entropy": 6.491550445556641,
          "acoustic_entropy_side": 6.685223579406738,
          "hz": 464.6875360973435
        },
        {
          "acoustic_entropy": 6.50097131729126,
          "acoustic_entropy_side": 6.659566879272461,
          "hz": 567.8308811364784
        },
        {
          "acoustic_entropy": 6.3868632316589355,
          "acoustic_entropy_side": 6.349595546722412,
          "hz": 680.1084783214808
        },
        {
          "acoustic_entropy": 6.167124271392822,
          "acoustic_entropy_side": 6.671178340911865,
          "hz": 802.3292461747484
        },
        {
          "acoustic_entropy": 6.492070198059082,
          "acoustic_entropy_side": 6.760641098022461,
          "hz": 935.3737400823702
        },
        {
          "acoustic_entropy": 6.629377365112305,
          "acoustic_entropy_side": 6.607612133026123,
          "hz": 1080.2004963696966
        },
        {
          "acoustic_entropy": 6.613739013671875,
          "acoustic_entropy_side": 6.587355136871338,
          "hz": 1237.8529382007157
        },
        {
          "acoustic_entropy": 6.793510913848877,
          "acoustic_entropy_side": 6.693968296051025,
          "hz": 1409.4668930556702
        },
        {
          "acoustic_entropy": 6.687182903289795,
          "acoustic_entropy_side": 6.58404016494751,
          "hz": 1596.2787759475705
        },
        {
          "acoustic_entropy": 6.392315864562988,
          "acoustic_entropy_side": 6.64632511138916,
          "hz": 1799.6344973346393
        },
        {
          "acoustic_entropy": 6.6806182861328125,
          "acoustic_entropy_side": 6.581326484680176,
          "hz": 2020.9991599069049
        },
        {
          "acoustic_entropy": 5.776977062225342,
          "acoustic_entropy_side": 6.167908668518066,
          "hz": 2261.9676141086993
        },
        {
          "acoustic_entropy": 6.696412086486816,
          "acoustic_entropy_side": 6.701936721801758,
          "hz": 2524.2759484456974
        },
        {
          "acoustic_entropy": 6.663418769836426,
          "acoustic_entropy_side": 6.5763468742370605,
          "hz": 2809.813997359896
        },
        {
          "acoustic_entropy": 6.738656044006348,
          "acoustic_entropy_side": 6.631986618041992,
          "hz": 3120.6389567871424
        },
        {
          "acoustic_entropy": 6.468960762023926,
          "acoustic_entropy_side": 6.660971164703369,
          "hz": 3458.990205492291
        },
        {
          "acoustic_entropy": 6.481429100036621,
          "acoustic_entropy_side": 6.5449395179748535,
          "hz": 3827.305438964164
        },
        {
          "acoustic_entropy": 6.390780925750732,
          "acoustic_entropy_side": 6.624699592590332,
          "hz": 4228.238232109126
        },
        {
          "acoustic_entropy": 6.462691307067871,
          "acoustic_entropy_side": 6.653419494628906,
          "hz": 4664.6771572759235
        },
        {
          "acoustic_entropy": 6.3353495597839355,
          "acoustic_entropy_side": 6.592320919036865,
          "hz": 5139.766595350093
        },
        {
          "acoustic_entropy": 6.59616756439209,
          "acoustic_entropy_side": 6.630741119384766,
          "hz": 5656.929389854203
        },
        {
          "acoustic_entropy": 6.62408447265625,
          "acoustic_entropy_side": 6.625751972198486,
          "hz": 6219.891507268283
        },
        {
          "acoustic_entropy": 6.535029411315918,
          "acoustic_entropy_side": 6.592209339141846,
          "hz": 6832.70888123896
        },
        {
          "acoustic_entropy": 6.5796990394592285,
          "acoustic_entropy_side": 6.602444171905518,
          "hz": 7499.796634079867
        },
        {
          "acoustic_entropy": 6.554069519042969,
          "acoustic_entropy_side": 6.594142436981201,
          "hz": 8225.96088609342
        },
        {
          "acoustic_entropy": 6.584885597229004,
          "acoustic_entropy_side": 6.59812593460083,
          "hz": 9016.43338188839
        },
        {
          "acoustic_entropy": 6.57187557220459,
          "acoustic_entropy_side": 6.594440937042236,
          "hz": 9876.909183162974
        },
        {
          "acoustic_entropy": 6.519138813018799,
          "acoustic_entropy_side": 6.589325904846191,
          "hz": 10813.587699516042
        },
        {
          "acoustic_entropy": 6.514279842376709,
          "acoustic_entropy_side": 6.589523792266846,
          "hz": 11833.21735289826
        },
        {
          "acoustic_entropy": 6.612688064575195,
          "acoustic_entropy_side": 6.59034538269043,
          "hz": 12943.144197493959
        },
        {
          "acoustic_entropy": 6.493479251861572,
          "acoustic_entropy_side": 6.597361087799072,
          "hz": 14151.364845322005
        },
        {
          "acoustic_entropy": 6.6710710525512695,
          "acoustic_entropy_side": 6.60214376449585,
          "hz": 15466.58407886509
        },
        {
          "acoustic_entropy": 6.6433281898498535,
          "acoustic_entropy_side": 6.602221965789795,
          "hz": 16898.27756580493
        },
        {
          "acoustic_entropy": 6.626174449920654,
          "acoustic_entropy_side": 6.602230548858643,
          "hz": 18456.760127700032
        },
        {
          "acoustic_entropy": 6.606683254241943,
          "acoustic_entropy_side": 6.601968765258789,
          "hz": 20153.260054456492
        },
        {
          "acoustic_entropy": 6.602258682250977,
          "acoustic_entropy_side": 6.601963043212891,
          "hz": 22000.00000000001
        }
      ],
      "diff_acoustic_entropy": 3.3754115104675293,
      "sn": 6
    },
    {
      "acoustic_entropy": 10.57012939453125,
      "acoustic_entropy_mono": 9.881080627441406,
      "band_eliminated_acoustic_entropies": [
        {
          "acoustic_entropy": 10.81936264038086,
          "acoustic_entropy_side": 10.64681339263916,
          "hz": 129.47220167065723
        },
        {
          "acoustic_entropy": 9.654372215270996,
          "acoustic_entropy_side": 10.348724365234375,
          "hz": 202.92927478742237
        },
        {
          "acoustic_entropy": 10.517840385437012,
          "acoustic_entropy_side": 10.504833221435547,
          "hz": 282.89161906338205
        },
        {
          "acoustic_entropy": 11.032952308654785,
          "acoustic_entropy_side": 10.82879638671875,
          "hz": 369.9353335868758
        },
        {
          "acoustic_entropy": 10.069275856018066,
          "acoustic_entropy_side": 10.926078796386719,
          "hz": 464.6875360973435
        },
        {
          "acoustic_entropy": 10.246697425842285,
          "acoustic_entropy_side": 9.902584075927734,
          "hz": 567.8308811364784
        },
        {
          "acoustic_entropy": 10.376176834106445,
          "acoustic_entropy_side": 9.995080947875977,
          "hz": 680.1084783214808
        },
        {
          "acoustic_entropy": 10.366722106933594,
          "acoustic_entropy_side": 10.804162979125977,
          "hz": 802.3292461747484
        },
        {
          "acoustic_entropy": 10.607582092285156,
          "acoustic_entropy_side": 10.580002784729004,
          "hz": 935.3737400823702
        },
        {
          "acoustic_entropy": 10.593863487243652,
          "acoustic_entropy_side": 10.569729804992676,
          "hz": 1080.2004963696966
        },
        {
          "acoustic_entropy": 10.311185836791992,
          "acoustic_entropy_side": 10.623703956604004,
          "hz": 1237.8529382007157
        },
        {
          "acoustic_entropy": 10.885231018066406,
          "acoustic_entropy_side": 10.644253730773926,
          "hz": 1409.4668930556702
        },
        {
          "acoustic_entropy": 10.882699966430664,
          "acoustic_entropy_side": 10.671197891235352,
          "hz": 1596.2787759475705
        },
        {
          "acoustic_entropy": 9.95152759552002,
          "acoustic_entropy_side": 10.29577922821045,
          "hz": 1799.6344973346393
        },
        {
          "acoustic_entropy": 11.10208797454834,
          "acoustic_entropy_side": 10.759613037109375,
          "hz": 2020.9991599069049
        },
        {
          "acoustic_entropy": 10.055816650390625,
          "acoustic_entropy_side": 10.668611526489258,
          "hz": 2261.9676141086993
        },
        {
          "acoustic_entropy": 10.630901336669922,
          "acoustic_entropy_side": 10.654617309570312,
          "hz": 2524.2759484456974
        },
        {
          "acoustic_entropy": 10.506372451782227,
          "acoustic_entropy_side": 10.501713752746582,
          "hz": 2809.813997359896
        },
        {
          "acoustic_entropy": 11.128684997558594,
          "acoustic_entropy_side": 10.731122970581055,
          "hz": 3120.6389567871424
        },
        {
          "acoustic_entropy": 10.27127742767334,
          "acoustic_entropy_side": 10.720324516296387,
          "hz": 3458.990205492291
        },
        {
          "acoustic_entropy": 10.680590629577637,
          "acoustic_entropy_side": 10.594947814941406,
          "hz": 3827.305438964164
        },
        {
          "acoustic_entropy": 10.619793891906738,
          "acoustic_entropy_side": 10.555305480957031,
          "hz": 4228.238232109126
        },
        {
          "acoustic_entropy": 10.534379005432129,
          "acoustic_entropy_side": 10.482348442077637,
          "hz": 4664.6771572759235
        },
        {
          "acoustic_entropy": 10.331252098083496,
          "acoustic_entropy_side": 10.4951810836792,
          "hz": 5139.766595350093
        },
        {
          "acoustic_entropy": 10.470988273620605,
          "acoustic_entropy_side": 10.503467559814453,
          "hz": 5656.929389854203
        },
        {
          "acoustic_entropy": 10.473830223083496,
          "acoustic_entropy_side": 10.53466510772705,
          "hz": 6219.891507268283
        },
        {
          "acoustic_entropy": 10.527286529541016,
          "acoustic_entropy_side": 10.535759925842285,
          "hz": 6832.70888123896
        },
        {
          "acoustic_entropy": 10.543455123901367,
          "acoustic_entropy_side": 10.554076194763184,
          "hz": 7499.796634079867
        },
        {
          "acoustic_entropy": 10.5364990234375,
          "acoustic_entropy_side": 10.566971778869629,
          "hz": 8225.96088609342
        },
        {
          "acoustic_entropy": 10.538304328918457,
          "acoustic_entropy_side": 10.565747261047363,
          "hz": 9016.43338188839
        },
        {
          "acoustic_entropy": 10.536962509155273,
          "acoustic_entropy_side": 10.574542999267578,
          "hz": 9876.909183162974
        },
        {
          "acoustic_entropy": 10.53084945678711,
          "acoustic_entropy_side": 10.57375431060791,
          "hz": 10813.587699516042
        },
        {
          "acoustic_entropy": 10.542252540588379,
          "acoustic_entropy_side": 10.555699348449707,
          "hz": 11833.21735289826
        },
        {
          "acoustic_entropy": 10.705849647521973,
          "acoustic_entropy_side": 10.556679725646973,
          "hz": 12943.144197493959
        },
        {
          "acoustic_entropy": 10.797433853149414,
          "acoustic_entropy_side": 10.559619903564453,
          "hz": 14151.364845322005
        },
        {
          "acoustic_entropy": 10.742807388305664,
          "acoustic_entropy_side": 10.554137229919434,
          "hz": 15466.58407886509
        },
        {
          "acoustic_entropy": 10.678971290588379,
          "acoustic_entropy_side": 10.555159568786621,
          "hz": 16898.27756580493
        },
        {
          "acoustic_entropy": 10.586334228515625,
          "acoustic_entropy_side": 10.561089515686035,
          "hz": 18456.760127700032
        },
        {
          "acoustic_entropy": 10.548213958740234,
          "acoustic_entropy_side": 10.567742347717285,
          "hz": 20153.260054456492
        },
        {
          "acoustic_entropy": 10.565746307373047,
          "acoustic_entropy_side": 10.56990909576416,
          "hz": 22000.00000000001
        }
      ],
      "diff_acoustic_entropy": 5.690087795257568,
      "sn": 12
    },
    {
      "acoustic_entropy": 16.280776977539062,
      "acoustic_entropy_mono": 15.107916831970215,
      "band_eliminated_acoustic_entropies": [
        {
          "acoustic_entropy": 16.164628982543945,
          "acoustic_entropy_side": 16.28462791442871,
          "hz": 129.47220167065723
        },
        {
          "acoustic_entropy": 15.67586612701416,
          "acoustic_entropy_side": 16.37302589416504,
          "hz": 202.92927478742237
        },
        {
          "acoustic_entropy": 16.554445266723633,
          "acoustic_entropy_side": 16.659175872802734,
          "hz": 282.89161906338205
        },
        {
          "acoustic_entropy": 15.802367210388184,
          "acoustic_entropy_side": 16.1129207611084,
          "hz": 369.9353335868758
        },
        {
          "acoustic_entropy": 16.135704040527344,
          "acoustic_entropy_side": 16.516008377075195,
          "hz": 464.6875360973435
        },
        {
          "acoustic_entropy": 16.124357223510742,
          "acoustic_entropy_side": 16.38143539428711,
          "hz": 567.8308811364784
        },
        {
          "acoustic_entropy": 15.774585723876953,
          "acoustic_entropy_side": 16.027196884155273,
          "hz": 680.1084783214808
        },
        {
          "acoustic_entropy": 15.4857759475708,
          "acoustic_entropy_side": 16.416757583618164,
          "hz": 802.3292461747484
        },
        {
          "acoustic_entropy": 16.11359214782715,
          "acoustic_entropy_side": 15.859976768493652,
          "hz": 935.3737400823702
        },
        {
          "acoustic_entropy": 16.56149673461914,
          "acoustic_entropy_side": 16.94538116455078,
          "hz": 1080.2004963696966
        },
        {
          "acoustic_entropy": 15.647324562072754,
          "acoustic_entropy_side": 16.1416072845459,
          "hz": 1237.8529382007157
        },
        {
          "acoustic_entropy": 16.470521926879883,
          "acoustic_entropy_side": 16.781827926635742,
          "hz": 1409.4668930556702
        },
        {
          "acoustic_entropy": 16.774181365966797,
          "acoustic_entropy_side": 16.338592529296875,
          "hz": 1596.2787759475705
        },
        {
          "acoustic_entropy": 15.402122497558594,
          "acoustic_entropy_side": 15.86287784576416,
          "hz": 1799.6344973346393
        },
        {
          "acoustic_entropy": 16.922042846679688,
          "acoustic_entropy_side": 16.664316177368164,
          "hz": 2020.9991599069049
        },
        {
          "acoustic_entropy": 14.498557090759277,
          "acoustic_entropy_side": 16.07415199279785,
          "hz": 2261.9676141086993
        },
        {
          "acoustic_entropy": 16.413434982299805,
          "acoustic_entropy_side": 16.38338279724121,
          "hz": 2524.2759484456974
        },
        {
          "acoustic_entropy": 16.001178741455078,
          "acoustic_entropy_side": 16.29191780090332,
          "hz": 2809.813997359896
        },
        {
          "acoustic_entropy": 16.32646942138672,
          "acoustic_entropy_side": 16.435203552246094,
          "hz": 3120.6389567871424
        },
        {
          "acoustic_entropy": 15.785128593444824,
