{
  "acoustic_entropy": 115.93186950683594,
  "bands": [
    {
      "high_freq": 148.1999969482422,
      "loudness": -26.11332130432129,
      "loudness_range": 21.1678466796875,
      "mid_mean": -22.954666137695312,
      "mid_to_side_loudness": -17.181110382080078,
      "mid_to_side_loudness_range": 14.81888484954834,
      "side_mean": -40.54443359375
    },
    {
      "high_freq": 392.3793640136719,
      "loudness": -30.179475784301758,
      "loudness_range": 18.841489791870117,
      "low_freq": 148.1999969482422,
      "mid_mean": -26.851957321166992,
      "mid_to_side_loudness": -15.615487098693848,
      "mid_to_side_loudness_range": 10.4322509765625,
      "side_mean": -43.19235610961914
    },
    {
      "high_freq": 794.6976318359375,
      "loudness": -30.37784194946289,
      "loudness_range": 18.219724655151367,
      "low_freq": 392.3793640136719,
      "mid_mean": -27.00506019592285,
      "mid_to_side_loudness": -13.957926750183105,
      "mid_to_side_loudness_range": 11.67475700378418,
      "side_mean": -41.65040588378906
    },
    {
      "high_freq": 1457.5709228515625,
      "loudness": -35.43568420410156,
      "loudness_range": 22.359140396118164,
      "low_freq": 794.6976318359375,
      "mid_mean": -32.160675048828125,
      "mid_to_side_loudness": -11.727163314819336,
      "mid_to_side_loudness_range": 11.57137393951416,
      "side_mean": -44.91159439086914
    },
    {
      "high_freq": 2549.74365234375,
      "loudness": -40.28901290893555,
      "loudness_range": 23.0520076751709,
      "low_freq": 1457.5709228515625,
      "mid_mean": -37.43727493286133,
      "mid_to_side_loudness": -8.492409706115723,
      "mid_to_side_loudness_range": 9.770112991333008,
      "side_mean": -47.233680725097656
    },
    {
      "high_freq": 4349.24462890625,
      "loudness": -45.904476165771484,
      "loudness_range": 28.02627944946289,
      "low_freq": 2549.74365234375,
      "mid_mean": -43.52596664428711,
      "mid_to_side_loudness": -7.240132808685303,
      "mid_to_side_loudness_range": 9.15718936920166,
      "side_mean": -52.93708801269531
    },
    {
      "high_freq": 7314.1640625,
      "loudness": -56.68067169189453,
      "loudness_range": 30.690475463867188,
      "low_freq": 4349.24462890625,
      "mid_mean": -54.11846923828125,
      "mid_to_side_loudness": -7.760222434997559,
      "mid_to_side_loudness_range": 9.25905704498291,
      "side_mean": -60.840476989746094
    },
    {
      "high_freq": 12199.2666015625,
      "loudness": -65.95174407958984,
      "loudness_range": 18.839099884033203,
      "low_freq": 7314.1640625,
      "mid_mean": -62.01412582397461,
      "mid_to_side_loudness": -5.379865646362305,
      "mid_to_side_loudness_range": 7.457291126251221,
      "side_mean": -65.83108520507812
    },
    {
      "loudness": -70.8079833984375,
      "loudness_range": 1.2188034057617188,
      "low_freq": 12199.2666015625,
      "mid_mean": -66.8780517578125,
      "mid_to_side_loudness": -0.6546854972839355,
      "mid_to_side_loudness_range": 1.088299036026001,
      "side_mean": -67.2081069946289
    }
  ],
  "bands_short": [
    {
      "high_freq": 148.1999969482422,
      "loudness": -28.868194580078125,
      "loudness_range": 26.65439224243164,
      "mid_mean": -25.7145938873291,
      "mid_to_side_loudness": -16.470638275146484,
      "mid_to_side_loudness_range": 21.37264060974121,
      "side_mean": -42.83488845825195
    },
    {
      "high_freq": 392.3793640136719,
      "loudness": -29.26525115966797,
      "loudness_range": 18.405731201171875,
      "low_freq": 148.1999969482422,
      "mid_mean": -25.860340118408203,
      "mid_to_side_loudness": -15.625844955444336,
      "mid_to_side_loudness_range": 14.327840805053711,
      "side_mean": -42.02725601196289
    },
    {
      "high_freq": 794.6976318359375,
      "loudness": -30.79214859008789,
      "loudness_range": 19.697668075561523,
      "low_freq": 392.3793640136719,
      "mid_mean": -27.50690269470215,
      "mid_to_side_loudness": -13.22779369354248,
      "mid_to_side_loudness_range": 15.438606262207031,
      "side_mean": -41.47114181518555
    },
    {
      "high_freq": 1457.5709228515625,
      "loudness": -35.73060989379883,
      "loudness_range": 23.66323471069336,
      "low_freq": 794.6976318359375,
      "mid_mean": -32.5765495300293,
      "mid_to_side_loudness": -11.565160751342773,
      "mid_to_side_loudness_range": 14.51630687713623,
      "side_mean": -45.426368713378906
    },
    {
      "high_freq": 2549.74365234375,
      "loudness": -40.659542083740234,
      "loudness_range": 23.766986846923828,
      "low_freq": 1457.5709228515625,
      "mid_mean": -37.88320541381836,
      "mid_to_side_loudness": -8.320198059082031,
      "mid_to_side_loudness_range": 11.824305534362793,
      "side_mean": -47.8103141784668
    },
    {
      "high_freq": 4349.24462890625,
      "loudness": -46.08930587768555,
      "loudness_range": 28.342391967773438,
      "low_freq": 2549.74365234375,
      "mid_mean": -43.750247955322266,
      "mid_to_side_loudness": -7.009410381317139,
      "mid_to_side_loudness_range": 9.911035537719727,
      "side_mean": -53.046424865722656
    },
    {
      "high_freq": 7314.1640625,
      "loudness": -57.08416748046875,
      "loudness_range": 31.62572479248047,
      "low_freq": 4349.24462890625,
      "mid_mean": -54.444515228271484,
      "mid_to_side_loudness": -7.604116916656494,
      "mid_to_side_loudness_range": 9.684647560119629,
      "side_mean": -60.97456741333008
    },
    {
      "high_freq": 12199.2666015625,
      "loudness": -66.085205078125,
      "loudness_range": 18.51752471923828,
      "low_freq": 7314.1640625,
      "mid_mean": -62.1202507019043,
      "mid_to_side_loudness": -5.356326580047607,
      "mid_to_side_loudness_range": 7.521450519561768,
      "side_mean": -65.89105987548828
    },
    {
      "loudness": -70.8023452758789,
      "loudness_range": 1.3821945190429688,
      "low_freq": 12199.2666015625,
      "mid_mean": -66.87135314941406,
      "mid_to_side_loudness": -0.6600204706192017,
      "mid_to_side_loudness_range": 1.8705756664276123,
      "side_mean": -67.20431518554688
    }
  ],
  "bandwidth": 330.9012756347656,
  "channels": 2,
  "covariance": [
    [
      68.88607025146484,
      41.79426574707031,
      31.611900329589844,
      26.983184814453125,
      4.60999870300293,
      6.51216459274292,
      8.762459754943848,
      10.443241119384766,
      7.021908283233643,
      9.211556434631348,
      12.548904418945312,
      13.609380722045898,
      15.987895011901855,
      14.29479694366455,
      11.37536907196045,
      7.814685344696045,
      0.7116259336471558,
      0.5006259083747864
    ],
    [
      41.79426574707031,
      42.01294708251953,
      21.6253719329834,
      19.46416473388672,
      7.0707783699035645,
      8.433146476745605,
      10.50549602508545,
      12.112966537475586,
      11.443093299865723,
      12.423782348632812,
      16.069543838500977,
      16.1087646484375,
      16.914216995239258,
      14.58160400390625,
      11.206321716308594,
      7.271890163421631,
      0.5694905519485474,
      0.40181055665016174
    ],
    [
      31.611900329589844,
      21.6253719329834,
      56.8786735534668,
      47.602989196777344,
      22.436893463134766,
      20.020002365112305,
      33.21522521972656,
      30.92324447631836,
      25.918973922729492,
      25.188270568847656,
      32.69563674926758,
      31.376699447631836,
      30.32244300842285,
      23.734485626220703,
      16.472415924072266,
      9.840710639953613,
      0.8043218851089478,
      0.5658776760101318
    ],
    [
      26.983184814453125,
      19.46416473388672,
      47.602989196777344,
      56.652713775634766,
      21.739532470703125,
      23.38612937927246,
      37.174705505371094,
      39.34255599975586,
      28.870304107666016,
      33.72031784057617,
      34.99951171875,
      39.601863861083984,
      36.47837448120117,
      27.777408599853516,
      18.33812713623047,
      10.485713958740234,
      0.9439861178398132,
      0.63626629114151
    ],
    [
      4.60999870300293,
      7.0707783699035645,
      22.436893463134766,
      21.739532470703125,
      49.966041564941406,
      35.95101547241211,
      40.757049560546875,
      40.33819580078125,
      43.60867691040039,
      45.18368911743164,
      51.36550521850586,
      52.389225006103516,
      46.12902069091797,
      33.13692092895508,
      20.983713150024414,
      11.401200294494629,
      0.6246761679649353,
      0.401403546333313
    ],
    [
      6.51216459274292,
      8.433146476745605,
      20.020002365112305,
      23.38612937927246,
      35.95101547241211,
      38.22591018676758,
      37.318851470947266,
      40.967445373535156,
      37.56426239013672,
      43.274131774902344,
      43.96427536010742,
      47.0345573425293,
      40.347633361816406,
      29.149166107177734,
      18.406850814819336,
      10.174341201782227,
      0.5843813419342041,
      0.3429408371448517
    ],
    [
      8.762459754943848,
      10.50549602508545,
      33.21522521972656,
      37.174705505371094,
      40.757049560546875,
      37.318851470947266,
      63.865909576416016,
      59.069801330566406,
      58.082542419433594,
      60.24297332763672,
      69.8853530883789,
      67.60427856445312,
      63.80179977416992,
      49.308406829833984,
      34.091800689697266,
      20.790159225463867,
      1.2454107999801636,
      0.7528868317604065
    ],
    [
      10.443241119384766,
      12.112966537475586,
      30.92324447631836,
      39.34255599975586,
      40.33819580078125,
      40.967445373535156,
      59.069801330566406,
      68.22885131835938,
      56.77069091796875,
      66.32115173339844,
      68.06459045410156,
      71.85832214355469,
      66.16827392578125,
      50.9205436706543,
      34.50931167602539,
      20.91080665588379,
      1.2628093957901,
      0.7601575255393982
    ],
    [
      7.021908283233643,
      11.443093299865723,
      25.918973922729492,
      28.870304107666016,
      43.60867691040039,
      37.56426239013672,
      58.082542419433594,
      56.77069091796875,
      67.60103607177734,
      63.436031341552734,
      79.2051773071289,
      72.74861145019531,
      69.04273986816406,
      53.6023063659668,
      36.715065002441406,
      21.9432315826416,
      1.1734966039657593,
      0.6849720478057861
    ],
    [
      9.211556434631348,
      12.423782348632812,
      25.188270568847656,
      33.72031784057617,
      45.18368911743164,
      43.274131774902344,
      60.24297332763672,
      66.32115173339844,
      63.436031341552734,
      75.69419860839844,
      76.02318572998047,
      80.78130340576172,
      73.81927490234375,
      56.44465637207031,
      37.45615005493164,
      22.3206787109375,
      1.248105525970459,
      0.7530258893966675
    ],
    [
      12.548904418945312,
      16.069543838500977,
      32.69563674926758,
      34.99951171875,
      51.36550521850586,
      43.96427536010742,
      69.8853530883789,
      68.06459045410156,
      79.2051773071289,
      76.02318572998047,
      100.17282104492188,
      92.10648345947266,
      87.47632598876953,
      68.76219177246094,
      48.588871002197266,
      29.379154205322266,
      1.5417723655700684,
      0.8927358388900757
    ],
    [
      13.609380722045898,
      16.1087646484375,
      31.376699447631836,
      39.601863861083984,
      52.389225006103516,
      47.0345573425293,
      67.60427856445312,
      71.85832214355469,
      72.74861145019531,
      80.78130340576172,
      92.10648345947266,
      107.87883758544922,
      98.72560119628906,
      73.19981384277344,
      51.007015228271484,
      29.429439544677734,
      2.6447432041168213,
      1.7208380699157715
    ],
    [
      15.987895011901855,
      16.914216995239258,
      30.32244300842285,
      36.47837448120117,
      46.12902069091797,
      40.347633361816406,
      63.80179977416992,
      66.16827392578125,
      69.04273986816406,
      73.81927490234375,
      87.47632598876953,
      98.72560119628906,
      95.55558776855469,
      71.55606079101562,
      51.32673263549805,
      30.27678871154785,
      2.640424966812134,
      1.6771659851074219
    ],
    [
      14.29479694366455,
      14.58160400390625,
      23.734485626220703,
      27.777408599853516,
      33.13692092895508,
      29.149166107177734,
      49.308406829833984,
      50.9205436706543,
      53.6023063659668,
      56.44465637207031,
      68.76219177246094,
      73.19981384277344,
      71.55606079101562,
      55.798851013183594,
      40.195377349853516,
      24.556825637817383,
      1.8702458143234253,
      1.196236491203308
    ],
    [
      11.37536907196045,
      11.206321716308594,
      16.472415924072266,
      18.33812713623047,
      20.983713150024414,
      18.406850814819336,
      34.091800689697266,
      34.50931167602539,
      36.715065002441406,
      37.45615005493164,
      48.588871002197266,
      51.007015228271484,
      51.32673263549805,
      40.195377349853516,
      31.625455856323242,
      19.848482131958008,
      1.522898554801941,
      0.9642348289489746
    ],
    [
      7.814685344696045,
      7.271890163421631,
      9.840710639953613,
      10.485713958740234,
      11.401200294494629,
      10.174341201782227,
      20.790159225463867,
      20.91080665588379,
      21.9432315826416,
      22.3206787109375,
      29.379154205322266,
      29.429439544677734,
      30.27678871154785,
      24.556825637817383,
      19.848482131958008,
      13.167747497558594,
      0.910738468170166,
      0.6040500402450562
    ],
    [
      0.7116259336471558,
      0.5694905519485474,
      0.8043218851089478,
      0.9439861178398132,
      0.6246761679649353,
      0.5843813419342041,
      1.2454107999801636,
      1.2628093957901,
      1.1734966039657593,
      1.248105525970459,
      1.5417723655700684,
      2.6447432041168213,
      2.640424966812134,
      1.8702458143234253,
      1.522898554801941,
      0.910738468170166,
      0.1507776975631714,
      0.0980551615357399
    ],
    [
      0.5006259083747864,
      0.40181055665016174,
      0.5658776760101318,
      0.63626629114151,
      0.401403546333313,
      0.3429408371448517,
      0.7528868317604065,
      0.7601575255393982,
      0.6849720478057861,
      0.7530258893966675,
      0.8927358388900757,
      1.7208380699157715,
      1.6771659851074219,
      1.196236491203308,
      0.9642348289489746,
      0.6040500402450562,
      0.0980551615357399,
      0.08039969205856323
    ]
  ],
  "covariance_short": [
    [
      92.39514923095703,
      46.281795501708984,
      40.01728820800781,
      26.60008430480957,
      3.297192335128784,
      6.9586381912231445,
      5.7463860511779785,
      8.695501327514648,
      4.162779331207275,
      8.378521919250488,
      8.083451271057129,
      11.380212783813477,
      13.593183517456055,
      12.974212646484375,
      9.916855812072754,
      6.971093654632568,
      0.8111347556114197,
      0.5557102560997009
    ],
    [
      46.281795501708984,
      57.69721603393555,
      24.35564422607422,
      24.052513122558594,
      5.705862998962402,
      9.44998836517334,
      8.857099533081055,
      12.00076675415039,
      9.357656478881836,
      13.129786491394043,
      13.697978019714355,
      16.34218406677246,
      17.356266021728516,
      15.064743995666504,
      11.621756553649902,
      7.61298942565918,
      0.672275960445404,
      0.4866085350513458
    ],
    [
      40.01728820800781,
      24.35564422607422,
      47.78184127807617,
      29.713035583496094,
      18.320356369018555,
      17.495702743530273,
      22.435211181640625,
      22.117328643798828,
      18.35013198852539,
      20.795522689819336,
      22.746990203857422,
      24.451013565063477,
      23.09035301208496,
      18.31951332092285,
      12.38064193725586,
      7.592646598815918,
      0.7010208964347839,
      0.5217683911323547
    ],
    [
      26.60008430480957,
      24.052513122558594,
      29.713035583496094,
      37.73786544799805,
      16.536380767822266,
      19.688583374023438,
      24.857830047607422,
      27.40819549560547,
      20.595556259155273,
      25.30817413330078,
      24.32840919494629,
      28.035202026367188,
      25.317821502685547,
      19.76582908630371,
      13.235597610473633,
      7.664676666259766,
      0.7007432579994202,
      0.4668572247028351
    ],
    [
      3.297192335128784,
      5.705862998962402,
      18.320356369018555,
      16.536380767822266,
      55.95173645019531,
      33.56254577636719,
      41.1688232421875,
      42.139991760253906,
      43.56415939331055,
      47.88562774658203,
      52.187774658203125,
      52.958770751953125,
      46.68801498413086,
      33.71785354614258,
      21.212495803833008,
      11.571041107177734,
      0.6303755044937134,
      0.44848841428756714
    ],
    [
      6.9586381912231445,
      9.44998836517334,
      17.495702743530273,
      19.688583374023438,
      33.56254577636719,
      39.11141586303711,
      34.465492248535156,
      39.379173278808594,
      34.555912017822266,
      41.92757797241211,
      40.500160217285156,
      44.08633041381836,
      37.77732849121094,
      27.676977157592773,
      17.326147079467773,
      9.599604606628418,
      0.5974929332733154,
      0.36373284459114075
    ],
    [
      5.7463860511779785,
      8.857099533081055,
      22.435211181640625,
      24.857830047607422,
      41.1688232421875,
      34.465492248535156,
      69.91914367675781,
      58.88783645629883,
      57.9000244140625,
      59.998470306396484,
      69.25482177734375,
      67.26309204101562,
      64.3216552734375,
      49.59038162231445,
      34.00746536254883,
      20.50278091430664,
      1.281602144241333,
      0.777733325958252
    ],
    [
      8.695501327514648,
      12.00076675415039,
      22.117328643798828,
      27.40819549560547,
      42.139991760253906,
      39.379173278808594,
      58.88783645629883,
      73.37321472167969,
      55.87419891357422,
      67.72562408447266,
      66.26960754394531,
      72.26203155517578,
      66.4870376586914,
      50.91573715209961,
      34.066890716552734,
      20.467832565307617,
      1.2797428369522095,
      0.7437657117843628
    ],
    [
      4.162779331207275,
      9.357656478881836,
      18.35013198852539,
      20.595556259155273,
      43.56415939331055,
      34.555912017822266,
      57.9000244140625,
      55.87419891357422,
      72.62956237792969,
      64.44693756103516,
      78.73807525634766,
      72.96142578125,
      70.57548522949219,
      54.342166900634766,
      37.44336700439453,
      22.17315673828125,
      1.235008716583252,
      0.7135937809944153
    ],
    [
      8.378521919250488,
      13.129786491394043,
      20.795522689819336,
      25.30817413330078,
      47.88562774658203,
      41.92757797241211,
      59.998470306396484,
      67.72562408447266,
      64.44693756103516,
      83.31838989257812,
      76.35113525390625,
      84.2496566772461,
      76.99407196044922,
      58.22109603881836,
      38.36970138549805,
      22.556087493896484,
      1.3035353422164917,
      0.7896508574485779
    ],
    [
      8.083451271057129,
      13.697978019714355,
      22.746990203857422,
      24.32840919494629,
      52.187774658203125,
      40.500160217285156,
      69.25482177734375,
      66.26960754394531,
      78.73807525634766,
      76.35113525390625,
      103.17005157470703,
      91.75853729248047,
      88.42093658447266,
      68.79999542236328,
      48.6746940612793,
      29.049179077148438,
      1.5914950370788574,
      0.9077440500259399
    ],
    [
      11.380212783813477,
      16.34218406677246,
      24.451013565063477,
      28.035202026367188,
      52.958770751953125,
      44.08633041381836,
      67.26309204101562,
      72.26203155517578,
      72.96142578125,
      84.2496566772461,
      91.75853729248047,
      109.0417251586914,
      98.36261749267578,
      72.6637954711914,
      50.12681579589844,
      28.583921432495117,
      2.536334991455078,
      1.6209075450897217
    ],
    [
      13.593183517456055,
      17.356266021728516,
      23.09035301208496,
      25.317821502685547,
      46.68801498413086,
      37.77732849121094,
      64.3216552734375,
      66.4870376586914,
      70.57548522949219,
      76.99407196044922,
      88.42093658447266,
      98.36261749267578,
      97.28165435791016,
      72.08448028564453,
      51.37582778930664,
      29.964454650878906,
      2.5707955360412598,
      1.57512366771698
    ],
    [
      12.974212646484375,
      15.064743995666504,
      18.31951332092285,
      19.76582908630371,
      33.71785354614258,
      27.676977157592773,
      49.59038162231445,
      50.91573715209961,
      54.342166900634766,
      58.22109603881836,
      68.79999542236328,
      72.6637954711914,
      72.08448028564453,
      56.45832443237305,
      39.847164154052734,
      24.239330291748047,
      1.806136965751648,
      1.1729477643966675
    ],
    [
      9.916855812072754,
      11.621756553649902,
      12.38064193725586,
      13.235597610473633,
      21.212495803833008,
      17.326147079467773,
      34.00746536254883,
      34.066890716552734,
      37.44336700439453,
      38.36970138549805,
      48.6746940612793,
      50.12681579589844,
      51.37582778930664,
      39.847164154052734,
      31.88236427307129,
      19.727113723754883,
      1.4991276264190674,
      0.9087607264518738
    ],
    [
      6.971093654632568,
      7.61298942565918,
      7.592646598815918,
      7.664676666259766,
      11.571041107177734,
      9.599604606628418,
      20.50278091430664,
      20.467832565307617,
      22.17315673828125,
      22.556087493896484,
      29.049179077148438,
      28.583921432495117,
      29.964454650878906,
      24.239330291748047,
      19.727113723754883,
      13.200319290161133,
      0.8600012063980103,
      0.6087921261787415
    ],
    [
      0.8111347556114197,
      0.672275960445404,
      0.7010208964347839,
      0.7007432579994202,
      0.6303755044937134,
      0.5974929332733154,
      1.281602144241333,
      1.2797428369522095,
      1.235008716583252,
      1.3035353422164917,
      1.5914950370788574,
      2.536334991455078,
      2.5707955360412598,
      1.806136965751648,
      1.4991276264190674,
      0.8600012063980103,
      0.16797421872615814,
      0.07670284807682037
    ],
    [
      0.5557102560997009,
      0.4866085350513458,
      0.5217683911323547,
      0.4668572247028351,
      0.44848841428756714,
      0.36373284459114075,
      0.777733325958252,
      0.7437657117843628,
      0.7135937809944153,
      0.7896508574485779,
      0.9077440500259399,
      1.6209075450897217,
      1.57512366771698,
      1.1729477643966675,
      0.9087607264518738,
      0.6087921261787415,
      0.07670284807682037,
      0.09016279131174088
    ]
  ],
  "damage": -8.09125804901123,
  "diff_bandwidth": 320.48150634765625,
  "dissonance": 4.14428030452977,
  "drr": 9.213296890258789,
  "dynamics": 4.150439262390137,
  "format": 1245190,
  "frames": 2643904,
  "loudness": -17.3967227935791,
  "loudness_range": 11.871532440185547,
  "loudness_range_short": 14.683904647827148,
  "lowpass_true_peak_15khz": -1.4874813556671143,
  "mastering3_acoustic_entropies": [
    {
      "acoustic_entropy": 8.713997840881348,
      "acoustic_entropy_mono": 9.012986183166504,
      "band_eliminated_acoustic_entropies": [
        {
          "acoustic_entropy": 7.9292802810668945,
          "acoustic_entropy_side": 8.713504791259766,
          "hz": 129.47220167065723
        },
        {
          "acoustic_entropy": 7.639913558959961,
          "acoustic_entropy_side": 8.705682754516602,
          "hz": 202.92927478742237
        },
        {
          "acoustic_entropy": 8.439667701721191,
          "acoustic_entropy_side": 8.71516227722168,
          "hz": 282.89161906338205
        },
        {
          "acoustic_entropy": 9.984686851501465,
          "acoustic_entropy_side": 8.697733879089355,
          "hz": 369.9353335868758
        },
        {
          "acoustic_entropy": 9.723709106445312,
          "acoustic_entropy_side": 8.691929817199707,
          "hz": 464.6875360973435
        },
        {
          "acoustic_entropy": 8.951749801635742,
          "acoustic_entropy_side": 8.734054565429688,
          "hz": 567.8308811364784
        },
        {
          "acoustic_entropy": 9.384590148925781,
          "acoustic_entropy_side": 8.783568382263184,
          "hz": 680.1084783214808
        },
        {
          "acoustic_entropy": 8.517195701599121,
          "acoustic_entropy_side": 8.698385238647461,
          "hz": 802.3292461747484
        },
        {
          "acoustic_entropy": 8.782142639160156,
          "acoustic_entropy_side": 8.827022552490234,
          "hz": 935.3737400823702
        },
        {
          "acoustic_entropy": 8.772366523742676,
          "acoustic_entropy_side": 8.734644889831543,
          "hz": 1080.2004963696966
        },
        {
          "acoustic_entropy": 9.248710632324219,
          "acoustic_entropy_side": 8.760772705078125,
          "hz": 1237.8529382007157
        },
        {
          "acoustic_entropy": 9.243734359741211,
          "acoustic_entropy_side": 8.740076065063477,
          "hz": 1409.4668930556702
        },
        {
          "acoustic_entropy": 8.806084632873535,
          "acoustic_entropy_side": 8.736550331115723,
          "hz": 1596.2787759475705
        },
        {
          "acoustic_entropy": 9.521889686584473,
          "acoustic_entropy_side": 8.808930397033691,
          "hz": 1799.6344973346393
        },
        {
          "acoustic_entropy": 8.615100860595703,
          "acoustic_entropy_side": 8.702611923217773,
          "hz": 2020.9991599069049
        },
        {
          "acoustic_entropy": 8.746567726135254,
          "acoustic_entropy_side": 8.710073471069336,
          "hz": 2261.9676141086993
        },
        {
          "acoustic_entropy": 8.766653060913086,
          "acoustic_entropy_side": 8.711471557617188,
          "hz": 2524.2759484456974
        },
        {
          "acoustic_entropy": 8.826528549194336,
          "acoustic_entropy_side": 8.718472480773926,
          "hz": 2809.813997359896
        },
        {
          "acoustic_entropy": 8.68867301940918,
          "acoustic_entropy_side": 8.718720436096191,
          "hz": 3120.6389567871424
        },
        {
          "acoustic_entropy": 8.77975845336914,
          "acoustic_entropy_side": 8.723649024963379,
          "hz": 3458.990205492291
        },
        {
          "acoustic_entropy": 8.794392585754395,
          "acoustic_entropy_side": 8.723052024841309,
          "hz": 3827.305438964164
        },
        {
          "acoustic_entropy": 8.728842735290527,
          "acoustic_entropy_side": 8.716059684753418,
          "hz": 4228.238232109126
        },
        {
          "acoustic_entropy": 8.725689888000488,
          "acoustic_entropy_side": 8.716139793395996,
          "hz": 4664.6771572759235
        },
        {
          "acoustic_entropy": 8.722738265991211,
          "acoustic_entropy_side": 8.714360237121582,
          "hz": 5139.766595350093
        },
        {
          "acoustic_entropy": 8.733885765075684,
          "acoustic_entropy_side": 8.714604377746582,
          "hz": 5656.929389854203
        },
        {
          "acoustic_entropy": 8.729799270629883,
          "acoustic_entropy_side": 8.714606285095215,
          "hz": 6219.891507268283
        },
        {
          "acoustic_entropy": 8.731844902038574,
          "acoustic_entropy_side": 8.71501350402832,
          "hz": 6832.70888123896
        },
        {
          "acoustic_entropy": 8.718222618103027,
          "acoustic_entropy_side": 8.714167594909668,
          "hz": 7499.796634079867
        },
        {
          "acoustic_entropy": 8.71877384185791,
          "acoustic_entropy_side": 8.714156150817871,
          "hz": 8225.96088609342
        },
        {
          "acoustic_entropy": 8.716365814208984,
          "acoustic_entropy_side": 8.714072227478027,
          "hz": 9016.43338188839
        },
        {
          "acoustic_entropy": 8.714372634887695,
          "acoustic_entropy_side": 8.714010238647461,
          "hz": 9876.909183162974
        },
        {
          "acoustic_entropy": 8.714041709899902,
          "acoustic_entropy_side": 8.713997840881348,
          "hz": 10813.587699516042
        },
        {
          "acoustic_entropy": 8.713998794555664,
          "acoustic_entropy_side": 8.713997840881348,
          "hz": 11833.21735289826
        },
        {
          "acoustic_entropy": 8.713997840881348,
          "acoustic_entropy_side": 8.713997840881348,
          "hz": 12943.144197493959
        },
        {
          "acoustic_entropy": 8.713997840881348,
          "acoustic_entropy_side": 8.713997840881348,
          "hz": 14151.364845322005
        },
        {
          "acoustic_entropy": 8.713997840881348,
          "acoustic_entropy_side": 8.713997840881348,
          "hz": 15466.58407886509
        },
        {
          "acoustic_entropy": 8.713997840881348,
          "acoustic_entropy_side": 8.713997840881348,
          "hz": 16898.27756580493
        },
        {
          "acoustic_entropy": 8.713997840881348,
          "acoustic_entropy_side": 8.713997840881348,
          "hz": 18456.760127700032
        },
        {
          "acoustic_entropy": 8.713997840881348,
          "acoustic_entropy_side": 8.713997840881348,
          "hz": 20153.260054456492
        },
        {
          "acoustic_entropy": 8.713997840881348,
          "acoustic_entropy_side": 8.713997840881348,
          "hz": 22000.00000000001
        }
      ],
      "diff_acoustic_entropy": 5.870072841644287,
      "sn": 6
    },
    {
      "acoustic_entropy": 11.384102821350098,
      "acoustic_entropy_mono": 11.569880485534668,
      "band_eliminated_acoustic_entropies": [
        {
          "acoustic_entropy": 11.059245109558105,
          "acoustic_entropy_side": 11.381688117980957,
          "hz": 129.47220167065723
        },
        {
          "acoustic_entropy": 10.447000503540039,
          "acoustic_entropy_side": 11.3606538772583,
          "hz": 202.92927478742237
        },
        {
          "acoustic_entropy": 11.058549880981445,
          "acoustic_entropy_side": 11.38640308380127,
          "hz": 282.89161906338205
        },
        {
          "acoustic_entropy": 12.64764404296875,
          "acoustic_entropy_side": 11.455249786376953,
          "hz": 369.9353335868758
        },
        {
          "acoustic_entropy": 11.973649978637695,
          "acoustic_entropy_side": 11.553163528442383,
          "hz": 464.6875360973435
        },
        {
          "acoustic_entropy": 12.34067440032959,
          "acoustic_entropy_side": 11.484084129333496,
          "hz": 567.8308811364784
        },
        {
          "acoustic_entropy": 11.775358200073242,
          "acoustic_entropy_side": 11.603338241577148,
          "hz": 680.1084783214808
        },
        {
          "acoustic_entropy": 11.526246070861816,
          "acoustic_entropy_side": 11.423975944519043,
          "hz": 802.3292461747484
        },
        {
          "acoustic_entropy": 11.314404487609863,
          "acoustic_entropy_side": 11.257320404052734,
          "hz": 935.3737400823702
        },
        {
          "acoustic_entropy": 11.55451774597168,
          "acoustic_entropy_side": 11.40369987487793,
          "hz": 1080.2004963696966
        },
        {
          "acoustic_entropy": 11.87787914276123,
          "acoustic_entropy_side": 11.319621086120605,
          "hz": 1237.8529382007157
        },
        {
          "acoustic_entropy": 11.18394947052002,
          "acoustic_entropy_side": 11.413314819335938,
          "hz": 1409.4668930556702
        },
        {
          "acoustic_entropy": 11.753168106079102,
          "acoustic_entropy_side": 11.389425277709961,
          "hz": 1596.2787759475705
        },
        {
          "acoustic_entropy": 12.135295867919922,
          "acoustic_entropy_side": 11.285408973693848,
          "hz": 1799.6344973346393
        },
        {
          "acoustic_entropy": 11.567662239074707,
          "acoustic_entropy_side": 11.399380683898926,
          "hz": 2020.9991599069049
        },
        {
          "acoustic_entropy": 11.381688117980957,
          "acoustic_entropy_side": 11.3751802444458,
          "hz": 2261.9676141086993
        },
        {
          "acoustic_entropy": 11.664007186889648,
          "acoustic_entropy_side": 11.396718978881836,
          "hz": 2524.2759484456974
        },
        {
          "acoustic_entropy": 11.76244831085205,
          "acoustic_entropy_side": 11.340381622314453,
          "hz": 2809.813997359896
        },
        {
          "acoustic_entropy": 11.551115036010742,
          "acoustic_entropy_side": 11.311159133911133,
          "hz": 3120.6389567871424
        },
        {
          "acoustic_entropy": 11.4747896194458,
          "acoustic_entropy_side": 11.436211585998535,
          "hz": 3458.990205492291
        },
        {
          "acoustic_entropy": 11.307397842407227,
          "acoustic_entropy_side": 11.349044799804688,
          "hz": 3827.305438964164
        },
        {
          "acoustic_entropy": 11.384505271911621,
          "acoustic_entropy_side": 11.399782180786133,
          "hz": 4228.238232109126
        },
        {
          "acoustic_entropy": 11.38334846496582,
          "acoustic_entropy_side": 11.397268295288086,
          "hz": 4664.6771572759235
        },
        {
          "acoustic_entropy": 11.381607055664062,
          "acoustic_entropy_side": 11.381247520446777,
          "hz": 5139.766595350093
        },
        {
          "acoustic_entropy": 11.38115406036377,
          "acoustic_entropy_side": 11.381217956542969,
          "hz": 5656.929389854203
        },
        {
          "acoustic_entropy": 11.369296073913574,
          "acoustic_entropy_side": 11.381731033325195,
          "hz": 6219.891507268283
        },
        {
          "acoustic_entropy": 11.39124870300293,
          "acoustic_entropy_side": 11.380634307861328,
          "hz": 6832.70888123896
        },
        {
          "acoustic_entropy": 11.355838775634766,
          "acoustic_entropy_side": 11.382450103759766,
          "hz": 7499.796634079867
        },
        {
          "acoustic_entropy": 11.363677024841309,
          "acoustic_entropy_side": 11.382669448852539,
          "hz": 8225.96088609342
        },
        {
          "acoustic_entropy": 11.377945899963379,
          "acoustic_entropy_side": 11.383671760559082,
          "hz": 9016.43338188839
        },
        {
          "acoustic_entropy": 11.382302284240723,
          "acoustic_entropy_side": 11.384000778198242,
          "hz": 9876.909183162974
        },
        {
          "acoustic_entropy": 11.383770942687988,
          "acoustic_entropy_side": 11.384085655212402,
          "hz": 10813.587699516042
        },
        {
          "acoustic_entropy": 11.38408088684082,
          "acoustic_entropy_side": 11.384101867675781,
          "hz": 11833.21735289826
        },
        {
          "acoustic_entropy": 11.384101867675781,
          "acoustic_entropy_side": 11.384102821350098,
          "hz": 12943.144197493959
        },
        {
          "acoustic_entropy": 11.384102821350098,
          "acoustic_entropy_side": 11.384102821350098,
          "hz": 14151.364845322005
        },
        {
          "acoustic_entropy": 11.384102821350098,
          "acoustic_entropy_side": 11.384102821350098,
          "hz": 15466.58407886509
        },
        {
          "acoustic_entropy": 11.384102821350098,
          "acoustic_entropy_side": 11.384102821350098,
          "hz": 16898.27756580493
        },
        {
          "acoustic_entropy": 11.384102821350098,
          "acoustic_entropy_side": 11.384102821350098,
          "hz": 18456.760127700032
        },
        {
          "acoustic_entropy": 11.384102821350098,
          "acoustic_entropy_side": 11.384102821350098,
          "hz": 20153.260054456492
        },
        {
          "acoustic_entropy": 11.384102821350098,
          "acoustic_entropy_side": 11.384102821350098,
          "hz": 22000.00000000001
        }
      ],
      "diff_acoustic_entropy": 8.0094575881958,
      "sn": 12
    },
    {
      "acoustic_entropy": 17.16425895690918,
      "acoustic_entropy_mono": 15.814268112182617,
      "band_eliminated_acoustic_entropies": [
        {
          "acoustic_entropy": 16.767822265625,
          "acoustic_entropy_side": 17.100513458251953,
          "hz": 129.47220167065723
        },
        {
          "acoustic_entropy": 16.684762954711914,
          "acoustic_entropy_side": 17.167064666748047,
          "hz": 202.92927478742237
        },
        {
          "acoustic_entropy": 17.148162841796875,
          "acoustic_entropy_side": 17.20783233642578,
          "hz": 282.89161906338205
        },
        {
          "acoustic_entropy": 16.87472152709961,
          "acoustic_entropy_side": 17.256025314331055,
          "hz": 369.9353335868758
        },
        {
          "acoustic_entropy": 17.53648567199707,
          "acoustic_entropy_side": 16.89265251159668,
          "hz": 464.6875360973435
        },
        {
          "acoustic_entropy": 16.224767684936523,
          "acoustic_entropy_side": 17.043062210083008,
          "hz": 567.8308811364784
        },
        {
          "acoustic_entropy": 16.454132080078125,
          "acoustic_entropy_side": 16.94024658203125,
          "hz": 680.1084783214808
        },
        {
          "acoustic_entropy": 16.778331756591797,
          "acoustic_entropy_side": 16.988142013549805,
          "hz": 802.3292461747484
        },
        {
          "acoustic_entropy": 15.128128051757812,
          "acoustic_entropy_side": 16.86655044555664,
          "hz": 935.3737400823702
        },
        {
          "acoustic_entropy": 16.823514938354492,
          "acoustic_entropy_side": 16.803468704223633,
          "hz": 1080.2004963696966
        },
        {
          "acoustic_entropy": 17.615415573120117,
          "acoustic_entropy_side": 17.201749801635742,
          "hz": 1237.8529382007157
        },
        {
          "acoustic_entropy": 16.691736221313477,
          "acoustic_entropy_side": 17.235790252685547,
          "hz": 1409.4668930556702
        },
        {
          "acoustic_entropy": 16.43229866027832,
          "acoustic_entropy_side": 16.90381622314453,
          "hz": 1596.2787759475705
        },
        {
          "acoustic_entropy": 18.226816177368164,
          "acoustic_entropy_side": 16.964048385620117,
          "hz": 1799.6344973346393
        },
        {
          "acoustic_entropy": 16.83759880065918,
          "acoustic_entropy_side": 17.264284133911133,
          "hz": 2020.9991599069049
        },
        {
          "acoustic_entropy": 16.989368438720703,
          "acoustic_entropy_side": 17.029348373413086,
          "hz": 2261.9676141086993
        },
        {
          "acoustic_entropy": 17.03965187072754,
          "acoustic_entropy_side": 16.973478317260742,
          "hz": 2524.2759484456974
        },
        {
          "acoustic_entropy": 17.257890701293945,
          "acoustic_entropy_side": 16.881574630737305,
          "hz": 2809.813997359896
        },
        {
          "acoustic_entropy": 17.085084915161133,
          "acoustic_entropy_side": 17.228551864624023,
          "hz": 3120.6389567871424
