{
  "acoustic_entropy": 161.48428344726562,
  "bands": [
    {
      "high_freq": 148.1999969482422,
      "loudness": -44.73134231567383,
      "loudness_range": 30.169937133789062,
      "mid_mean": -41.24199295043945,
      "mid_to_side_loudness": -16.093612670898438,
      "mid_to_side_loudness_range": 17.012157440185547,
      "side_mean": -57.18408203125
    },
    {
      "high_freq": 392.3793640136719,
      "loudness": -31.360437393188477,
      "loudness_range": 22.005313873291016,
      "low_freq": 148.1999969482422,
      "mid_mean": -28.066341400146484,
      "mid_to_side_loudness": -14.660978317260742,
      "mid_to_side_loudness_range": 17.460243225097656,
      "side_mean": -43.028316497802734
    },
    {
      "high_freq": 794.6976318359375,
      "loudness": -30.83148956298828,
      "loudness_range": 16.942584991455078,
      "low_freq": 392.3793640136719,
      "mid_mean": -27.399213790893555,
      "mid_to_side_loudness": -14.787736892700195,
      "mid_to_side_loudness_range": 15.068334579467773,
      "side_mean": -42.30892562866211
    },
    {
      "high_freq": 1457.5709228515625,
      "loudness": -33.609004974365234,
      "loudness_range": 22.572797775268555,
      "low_freq": 794.6976318359375,
      "mid_mean": -30.248472213745117,
      "mid_to_side_loudness": -15.098134994506836,
      "mid_to_side_loudness_range": 16.471210479736328,
      "side_mean": -45.90823745727539
    },
    {
      "high_freq": 2549.74365234375,
      "loudness": -34.07242965698242,
      "loudness_range": 19.09712791442871,
      "low_freq": 1457.5709228515625,
      "mid_mean": -30.657974243164062,
      "mid_to_side_loudness": -14.323530197143555,
      "mid_to_side_loudness_range": 15.015149116516113,
      "side_mean": -45.97843551635742
    },
    {
      "high_freq": 4349.24462890625,
      "loudness": -39.87083053588867,
      "loudness_range": 20.571998596191406,
      "low_freq": 2549.74365234375,
      "mid_mean": -36.538204193115234,
      "mid_to_side_loudness": -17.26406478881836,
      "mid_to_side_loudness_range": 18.478286743164062,
      "side_mean": -55.75986099243164
    },
    {
      "high_freq": 7314.1640625,
      "loudness": -51.57463836669922,
      "loudness_range": 23.571487426757812,
      "low_freq": 4349.24462890625,
      "mid_mean": -48.36604690551758,
      "mid_to_side_loudness": -20.217437744140625,
      "mid_to_side_loudness_range": 15.099313735961914,
      "side_mean": -65.60838317871094
    },
    {
      "high_freq": 12199.2666015625,
      "loudness": -61.27819061279297,
      "loudness_range": 20.578853607177734,
      "low_freq": 7314.1640625,
      "mid_mean": -57.6766471862793,
      "mid_to_side_loudness": -25.91267204284668,
      "mid_to_side_loudness_range": 34.982994079589844,
      "side_mean": -69.43373107910156
    },
    {
      "loudness": -71.4334945678711,
      "loudness_range": 9.491912841796875,
      "low_freq": 12199.2666015625,
      "mid_mean": -65.6827621459961,
      "mid_to_side_loudness": -20.428321838378906,
      "mid_to_side_loudness_range": 27.756654739379883,
      "side_mean": -69.94434356689453
    }
  ],
  "bands_short": [
    {
      "high_freq": 148.1999969482422,
      "loudness": -47.95077896118164,
      "loudness_range": 29.559877395629883,
      "mid_mean": -44.557186126708984,
      "mid_to_side_loudness": -15.734236717224121,
      "mid_to_side_loudness_range": 21.51225471496582,
      "side_mean": -59.726932525634766
    },
    {
      "high_freq": 392.3793640136719,
      "loudness": -32.154605865478516,
      "loudness_range": 23.42656707763672,
      "low_freq": 148.1999969482422,
      "mid_mean": -29.039011001586914,
      "mid_to_side_loudness": -14.659098625183105,
      "mid_to_side_loudness_range": 20.03809356689453,
      "side_mean": -44.38871383666992
    },
    {
      "high_freq": 794.6976318359375,
      "loudness": -30.732952117919922,
      "loudness_range": 17.10436248779297,
      "low_freq": 392.3793640136719,
      "mid_mean": -27.319242477416992,
      "mid_to_side_loudness": -14.349893569946289,
      "mid_to_side_loudness_range": 17.86972999572754,
      "side_mean": -42.24763107299805
    },
    {
      "high_freq": 1457.5709228515625,
      "loudness": -34.03710174560547,
      "loudness_range": 23.59918785095215,
      "low_freq": 794.6976318359375,
      "mid_mean": -30.737346649169922,
      "mid_to_side_loudness": -14.472068786621094,
      "mid_to_side_loudness_range": 20.041107177734375,
      "side_mean": -46.24431228637695
    },
    {
      "high_freq": 2549.74365234375,
      "loudness": -34.61477279663086,
      "loudness_range": 19.779342651367188,
      "low_freq": 1457.5709228515625,
      "mid_mean": -31.263202667236328,
      "mid_to_side_loudness": -13.960543632507324,
      "mid_to_side_loudness_range": 17.348756790161133,
      "side_mean": -46.53630828857422
    },
    {
      "high_freq": 4349.24462890625,
      "loudness": -40.00297546386719,
      "loudness_range": 21.95947265625,
      "low_freq": 2549.74365234375,
      "mid_mean": -36.663917541503906,
      "mid_to_side_loudness": -16.699464797973633,
      "mid_to_side_loudness_range": 19.49772071838379,
      "side_mean": -55.62158203125
    },
    {
      "high_freq": 7314.1640625,
      "loudness": -51.6485595703125,
      "loudness_range": 23.97747039794922,
      "low_freq": 4349.24462890625,
      "mid_mean": -48.836524963378906,
      "mid_to_side_loudness": -19.74251365661621,
      "mid_to_side_loudness_range": 15.959716796875,
      "side_mean": -65.66519927978516
    },
    {
      "high_freq": 12199.2666015625,
      "loudness": -61.58286666870117,
      "loudness_range": 21.09677505493164,
      "low_freq": 7314.1640625,
      "mid_mean": -57.91120529174805,
      "mid_to_side_loudness": -24.66922378540039,
      "mid_to_side_loudness_range": 32.9287223815918,
      "side_mean": -69.44397735595703
    },
    {
      "loudness": -71.5096435546875,
      "loudness_range": 9.460113525390625,
      "low_freq": 12199.2666015625,
      "mid_mean": -65.71971130371094,
      "mid_to_side_loudness": -20.4552059173584,
      "mid_to_side_loudness_range": 27.553272247314453,
      "side_mean": -69.94424438476562
    }
  ],
  "bandwidth": 671.1785278320312,
  "channels": 2,
  "covariance": [
    [
      112.53497314453125,
      70.41831970214844,
      54.807987213134766,
      52.6983757019043,
      27.3168888092041,
      30.189775466918945,
      30.866954803466797,
      28.504199981689453,
      13.497913360595703,
      11.691609382629395,
      19.858949661254883,
      25.836313247680664,
      24.990886688232422,
      11.91089153289795,
      7.005488872528076,
      -1.2356871366500854,
      6.94166374206543,
      -0.10532532632350922
    ],
    [
      70.41831970214844,
      69.2549057006836,
      32.204322814941406,
      39.95677947998047,
      18.18683624267578,
      19.963769912719727,
      19.617435455322266,
      18.700841903686523,
      9.547799110412598,
      7.5680999755859375,
      14.412613868713379,
      26.969196319580078,
      16.05251121520996,
      11.075052261352539,
      12.801911354064941,
      -0.337654173374176,
      7.8258056640625,
      -0.051505859941244125
    ],
    [
      54.807987213134766,
      32.204322814941406,
      69.30625915527344,
      42.92597198486328,
      28.017589569091797,
      25.444271087646484,
      35.482276916503906,
      31.432130813598633,
      13.316282272338867,
      13.454872131347656,
      21.88202476501465,
      23.791234970092773,
      24.735515594482422,
      9.594367980957031,
      8.418537139892578,
      -1.2275701761245728,
      6.501303195953369,
      -0.06092456728219986
    ],
    [
      52.6983757019043,
      39.95677947998047,
      42.92597198486328,
      55.728416442871094,
      24.36637306213379,
      22.654340744018555,
      28.333454132080078,
      28.230785369873047,
      14.958477020263672,
      12.198163032531738,
      18.628612518310547,
      24.339008331298828,
      23.597150802612305,
      10.775630950927734,
      11.26366138458252,
      -0.3357829749584198,
      6.854803562164307,
      -0.07301320135593414
    ],
    [
      27.3168888092041,
      18.18683624267578,
      28.017589569091797,
      24.36637306213379,
      37.65531921386719,
      28.13684844970703,
      30.606441497802734,
      28.609601974487305,
      21.654953002929688,
      20.622894287109375,
      20.491544723510742,
      23.437435150146484,
      26.233383178710938,
      12.761401176452637,
      16.384506225585938,
      1.0744128227233887,
      6.567837715148926,
      -0.08146411180496216
    ],
    [
      30.189775466918945,
      19.963769912719727,
      25.444271087646484,
      22.654340744018555,
      28.13684844970703,
      37.56885528564453,
      27.527097702026367,
      28.329484939575195,
      18.70271110534668,
      19.636058807373047,
      21.33438491821289,
      26.059206008911133,
      26.610477447509766,
      13.554216384887695,
      17.360652923583984,
      1.3067905902862549,
      6.170791149139404,
      -0.08487885445356369
    ],
    [
      30.866954803466797,
      19.617435455322266,
      35.482276916503906,
      28.333454132080078,
      30.606441497802734,
      27.527097702026367,
      60.51764678955078,
      47.545230865478516,
      26.964250564575195,
      23.521068572998047,
      38.2392463684082,
      35.80909729003906,
      42.782012939453125,
      17.632638931274414,
      24.737136840820312,
      1.1277040243148804,
      9.646105766296387,
      -0.08742974698543549
    ],
    [
      28.504199981689453,
      18.700841903686523,
      31.432130813598633,
      28.230785369873047,
      28.609601974487305,
      28.329484939575195,
      47.545230865478516,
      60.047000885009766,
      18.97365379333496,
      21.574602127075195,
      29.41953468322754,
      34.292354583740234,
      35.72822570800781,
      17.09649658203125,
      19.68597412109375,
      1.1490304470062256,
      8.97630786895752,
      -0.08676884323358536
    ],
    [
      13.497913360595703,
      9.547799110412598,
      13.316282272338867,
      14.958477020263672,
      21.654953002929688,
      18.70271110534668,
      26.964250564575195,
      18.97365379333496,
      42.3709602355957,
      31.557106018066406,
      35.5862922668457,
      30.54242706298828,
      39.4206657409668,
      16.549528121948242,
      30.29216957092285,
      2.9738333225250244,
      8.436198234558105,
      -0.0921085774898529
    ],
    [
      11.691609382629395,
      7.5680999755859375,
      13.454872131347656,
      12.198163032531738,
      20.622894287109375,
      19.636058807373047,
      23.521068572998047,
      21.574602127075195,
      31.557106018066406,
      38.46713638305664,
      27.692495346069336,
      30.962568283081055,
      34.42230224609375,
      15.6333589553833,
      25.559850692749023,
      2.5890228748321533,
      6.786644458770752,
      -0.07997536659240723
    ],
    [
      19.858949661254883,
      14.412613868713379,
      21.88202476501465,
      18.628612518310547,
      20.491544723510742,
      21.33438491821289,
      38.2392463684082,
      29.41953468322754,
      35.5862922668457,
      27.692495346069336,
      59.3347053527832,
      45.1599235534668,
      53.707618713378906,
      21.819908142089844,
      38.480438232421875,
      3.0990235805511475,
      11.92542552947998,
      -0.11536680907011032
    ],
    [
      25.836313247680664,
      26.969196319580078,
      23.791234970092773,
      24.339008331298828,
      23.437435150146484,
      26.059206008911133,
      35.80909729003906,
      34.292354583740234,
      30.54242706298828,
      30.962568283081055,
      45.1599235534668,
      60.65983581542969,
      51.73670196533203,
      25.56486701965332,
      42.91856002807617,
      3.4629065990448,
      13.93474006652832,
      -0.10756216198205948
    ],
    [
      24.990886688232422,
      16.05251121520996,
      24.735515594482422,
      23.597150802612305,
      26.233383178710938,
      26.610477447509766,
      42.782012939453125,
      35.72822570800781,
      39.4206657409668,
      34.42230224609375,
      53.707618713378906,
      51.73670196533203,
      68.52778625488281,
      26.576555252075195,
      47.00023651123047,
      3.8724045753479004,
      13.278944969177246,
      -0.15033675730228424
    ],
    [
      11.91089153289795,
      11.075052261352539,
      9.594367980957031,
      10.775630950927734,
      12.761401176452637,
      13.554216384887695,
      17.632638931274414,
      17.09649658203125,
      16.549528121948242,
      15.6333589553833,
      21.819908142089844,
      25.56486701965332,
      26.576555252075195,
      15.767866134643555,
      21.346893310546875,
      2.242790699005127,
      7.2689337730407715,
      -0.06263293325901031
    ],
    [
      7.005488872528076,
      12.801911354064941,
      8.418537139892578,
      11.26366138458252,
      16.384506225585938,
      17.360652923583984,
      24.737136840820312,
      19.68597412109375,
      30.29216957092285,
      25.559850692749023,
      38.480438232421875,
      42.91856002807617,
      47.00023651123047,
      21.346893310546875,
      45.76324462890625,
      4.055001735687256,
      12.870946884155273,
      -0.08201306313276291
    ],
    [
      -1.2356871366500854,
      -0.337654173374176,
      -1.2275701761245728,
      -0.3357829749584198,
      1.0744128227233887,
      1.3067905902862549,
      1.1277040243148804,
      1.1490304470062256,
      2.9738333225250244,
      2.5890228748321533,
      3.0990235805511475,
      3.4629065990448,
      3.8724045753479004,
      2.242790699005127,
      4.055001735687256,
      0.8312727212905884,
      1.1788874864578247,
      -0.008815579116344452
    ],
    [
      6.94166374206543,
      7.8258056640625,
      6.501303195953369,
      6.854803562164307,
      6.567837715148926,
      6.170791149139404,
      9.646105766296387,
      8.97630786895752,
      8.436198234558105,
      6.786644458770752,
      11.92542552947998,
      13.93474006652832,
      13.278944969177246,
      7.2689337730407715,
      12.870946884155273,
      1.1788874864578247,
      6.300075531005859,
      -0.029368245974183083
    ],
    [
      -0.10532532632350922,
      -0.051505859941244125,
      -0.06092456728219986,
      -0.07301320135593414,
      -0.08146411180496216,
      -0.08487885445356369,
      -0.08742974698543549,
      -0.08676884323358536,
      -0.0921085774898529,
      -0.07997536659240723,
      -0.11536680907011032,
      -0.10756216198205948,
      -0.15033675730228424,
      -0.06263293325901031,
      -0.08201306313276291,
      -0.008815579116344452,
      -0.029368245974183083,
      0.000893810240086168
    ]
  ],
  "covariance_short": [
    [
      111.84488677978516,
      58.08476638793945,
      59.24407196044922,
      56.63235092163086,
      25.210603713989258,
      28.3864688873291,
      35.22938537597656,
      31.658613204956055,
      13.804917335510254,
      11.26488208770752,
      21.993000030517578,
      27.0966854095459,
      28.674211502075195,
      13.362430572509766,
      10.161605834960938,
      -0.6124957203865051,
      7.682503700256348,
      -0.10806511342525482
    ],
    [
      58.08476638793945,
      62.27785110473633,
      30.33416175842285,
      40.40695571899414,
      15.742289543151855,
      19.453908920288086,
      21.624876022338867,
      19.784421920776367,
      8.891209602355957,
      6.3450446128845215,
      15.64123821258545,
      25.116153717041016,
      18.694791793823242,
      11.251317024230957,
      13.218929290771484,
      0.02574959211051464,
      7.155655384063721,
      -0.05282390117645264
    ],
    [
      59.24407196044922,
      30.33416175842285,
      80.41868591308594,
      46.282752990722656,
      30.302644729614258,
      26.028427124023438,
      39.350215911865234,
      34.85747146606445,
      11.093870162963867,
      11.444908142089844,
      20.389978408813477,
      23.017107009887695,
      23.353483200073242,
      9.047731399536133,
      6.823609352111816,
      -1.4614485502243042,
      6.502993106842041,
      -0.05719117447733879
    ],
    [
      56.63235092163086,
      40.40695571899414,
      46.282752990722656,
      69.24999237060547,
      24.68747901916504,
      24.867813110351562,
      29.750511169433594,
      30.14981460571289,
      12.741374969482422,
      10.392105102539062,
      16.427593231201172,
      22.731061935424805,
      20.946855545043945,
      10.705810546875,
      8.239109992980957,
      -0.5521501898765564,
      6.825651168823242,
      -0.0759979709982872
    ],
    [
      25.210603713989258,
      15.742289543151855,
      30.302644729614258,
      24.68747901916504,
      41.29716873168945,
      26.005937576293945,
      31.047048568725586,
      26.68864631652832,
      23.306386947631836,
      21.428386688232422,
      23.94183349609375,
      25.9145450592041,
      28.983699798583984,
      13.016422271728516,
      17.496488571166992,
      1.0211856365203857,
      6.406405448913574,
      -0.08114590495824814
    ],
    [
      28.3864688873291,
      19.453908920288086,
      26.028427124023438,
      24.867813110351562,
      26.005937576293945,
      40.71475601196289,
      27.120405197143555,
      27.53594970703125,
      20.196929931640625,
      20.79073143005371,
      23.484886169433594,
      27.689231872558594,
      28.249916076660156,
      13.806522369384766,
      17.67970848083496,
      1.2393271923065186,
      5.933363914489746,
      -0.08421655744314194
    ],
    [
      35.22938537597656,
      21.624876022338867,
      39.350215911865234,
      29.750511169433594,
      31.047048568725586,
      27.120405197143555,
      67.8494873046875,
      46.82558822631836,
      28.586551666259766,
      23.276836395263672,
      39.995548248291016,
      35.86857986450195,
      43.89342498779297,
      17.5166015625,
      24.26871109008789,
      0.9690647125244141,
      9.4481840133667,
      -0.08877693116664886
    ],
    [
      31.658613204956055,
      19.784421920776367,
      34.85747146606445,
      30.14981460571289,
      26.68864631652832,
      27.53594970703125,
      46.82558822631836,
      64.15503692626953,
      19.240020751953125,
      21.881296157836914,
      29.734495162963867,
      34.85247802734375,
      36.29231643676758,
      17.03704261779785,
      19.22850227355957,
      1.0876365900039673,
      8.815685272216797,
      -0.08916566520929337
    ],
    [
      13.804917335510254,
      8.891209602355957,
      11.093870162963867,
      12.741374969482422,
      23.306386947631836,
      20.196929931640625,
      28.586551666259766,
      19.240020751953125,
      48.69308090209961,
      31.332746505737305,
      38.82384490966797,
      30.690792083740234,
      42.63362503051758,
      17.04251480102539,
      32.035335540771484,
      3.039278745651245,
      8.681294441223145,
      -0.09644956141710281
    ],
    [
      11.26488208770752,
      6.3450446128845215,
      11.444908142089844,
      10.392105102539062,
      21.428386688232422,
      20.79073143005371,
      23.276836395263672,
      21.881296157836914,
      31.332746505737305,
      42.843196868896484,
      29.03921890258789,
      32.15228271484375,
      35.60173797607422,
      15.93483829498291,
      25.772417068481445,
      2.571665048599243,
      6.650774002075195,
      -0.08154258131980896
    ],
    [
      21.993000030517578,
      15.64123821258545,
      20.389978408813477,
      16.427593231201172,
      23.94183349609375,
      23.484886169433594,
      39.995548248291016,
      29.734495162963867,
      38.82384490966797,
      29.03921890258789,
      64.04032135009766,
      43.02827072143555,
      56.93587112426758,
      21.42678451538086,
      39.6687126159668,
      2.98984432220459,
      12.187796592712402,
      -0.11581845581531525
    ],
    [
      27.0966854095459,
      25.116153717041016,
      23.017107009887695,
      22.731061935424805,
      25.9145450592041,
      27.689231872558594,
      35.86857986450195,
      34.85247802734375,
      30.690792083740234,
      32.15228271484375,
      43.02827072143555,
      62.87074661254883,
      51.60062789916992,
      24.83681297302246,
      41.13151931762695,
      3.25290846824646,
      13.481648445129395,
      -0.10729826986789703
    ],
    [
      28.674211502075195,
      18.694791793823242,
      23.353483200073242,
      20.946855545043945,
      28.983699798583984,
      28.249916076660156,
      43.89342498779297,
      36.29231643676758,
      42.63362503051758,
      35.60173797607422,
      56.93587112426758,
      51.60062789916992,
      75.82173156738281,
      26.897899627685547,
      49.960052490234375,
      3.862022638320923,
      13.86548137664795,
      -0.16168713569641113
    ],
    [
      13.362430572509766,
      11.251317024230957,
      9.047731399536133,
      10.705810546875,
      13.016422271728516,
      13.806522369384766,
      17.5166015625,
      17.03704261779785,
      17.04251480102539,
      15.93483829498291,
      21.42678451538086,
      24.83681297302246,
      26.897899627685547,
      16.380891799926758,
      20.785276412963867,
      2.1590354442596436,
      7.002994537353516,
      -0.06259159743785858
    ],
    [
      10.161605834960938,
      13.218929290771484,
      6.823609352111816,
      8.239109992980957,
      17.496488571166992,
      17.67970848083496,
      24.26871109008789,
      19.22850227355957,
      32.035335540771484,
      25.772417068481445,
      39.6687126159668,
      41.13151931762695,
      49.960052490234375,
      20.785276412963867,
      47.42116928100586,
      3.8771135807037354,
      12.923249244689941,
      -0.08419466763734818
    ],
    [
      -0.6124957203865051,
      0.02574959211051464,
      -1.4614485502243042,
      -0.5521501898765564,
      1.0211856365203857,
      1.2393271923065186,
      0.9690647125244141,
      1.0876365900039673,
      3.039278745651245,
      2.571665048599243,
      2.98984432220459,
      3.25290846824646,
      3.862022638320923,
      2.1590354442596436,
      3.8771135807037354,
      0.9310453534126282,
      1.1072953939437866,
      -0.008488200604915619
    ],
    [
      7.682503700256348,
      7.155655384063721,
      6.502993106842041,
      6.825651168823242,
      6.406405448913574,
      5.933363914489746,
      9.4481840133667,
      8.815685272216797,
      8.681294441223145,
      6.650774002075195,
      12.187796592712402,
      13.481648445129395,
      13.86548137664795,
      7.002994537353516,
      12.923249244689941,
      1.1072953939437866,
      6.42804479598999,
      -0.030140744522213936
    ],
    [
      -0.10806511342525482,
      -0.05282390117645264,
      -0.05719117447733879,
      -0.0759979709982872,
      -0.08114590495824814,
      -0.08421655744314194,
      -0.08877693116664886,
      -0.08916566520929337,
      -0.09644956141710281,
      -0.08154258131980896,
      -0.11581845581531525,
      -0.10729826986789703,
      -0.16168713569641113,
      -0.06259159743785858,
      -0.08419466763734818,
      -0.008488200604915619,
      -0.030140744522213936,
      0.0012725701089948416
    ]
  ],
  "damage": -13.425139427185059,
  "diff_bandwidth": 691.5635375976562,
  "dissonance": 3.8038142586180057,
  "drr": 8.941873550415039,
  "dynamics": 4.885473251342773,
  "format": 1245190,
  "frames": 4791232,
  "loudness": -20.999223709106445,
  "loudness_range": 14.831554412841797,
  "loudness_range_short": 16.023574829101562,
  "lowpass_true_peak_15khz": -2.2776246070861816,
  "mastering3_acoustic_entropies": [
    {
      "acoustic_entropy": 8.845328330993652,
      "acoustic_entropy_mono": 8.814288139343262,
      "band_eliminated_acoustic_entropies": [
        {
          "acoustic_entropy": 8.84396743774414,
          "acoustic_entropy_side": 8.845332145690918,
          "hz": 129.47220167065723
        },
        {
          "acoustic_entropy": 8.800023078918457,
          "acoustic_entropy_side": 8.8456449508667,
          "hz": 202.92927478742237
        },
        {
          "acoustic_entropy": 9.160614013671875,
          "acoustic_entropy_side": 8.84516429901123,
          "hz": 282.89161906338205
        },
        {
          "acoustic_entropy": 8.895007133483887,
          "acoustic_entropy_side": 8.860541343688965,
          "hz": 369.9353335868758
        },
        {
          "acoustic_entropy": 8.536864280700684,
          "acoustic_entropy_side": 8.842276573181152,
          "hz": 464.6875360973435
        },
        {
          "acoustic_entropy": 8.470072746276855,
          "acoustic_entropy_side": 8.88858699798584,
          "hz": 567.8308811364784
        },
        {
          "acoustic_entropy": 8.238386154174805,
          "acoustic_entropy_side": 8.834342956542969,
          "hz": 680.1084783214808
        },
        {
          "acoustic_entropy": 8.38950252532959,
          "acoustic_entropy_side": 8.867050170898438,
          "hz": 802.3292461747484
        },
        {
          "acoustic_entropy": 8.54162311553955,
          "acoustic_entropy_side": 8.791930198669434,
          "hz": 935.3737400823702
        },
        {
          "acoustic_entropy": 8.377050399780273,
          "acoustic_entropy_side": 8.91220760345459,
          "hz": 1080.2004963696966
        },
        {
          "acoustic_entropy": 8.713338851928711,
          "acoustic_entropy_side": 8.8353910446167,
          "hz": 1237.8529382007157
        },
        {
          "acoustic_entropy": 8.83102798461914,
          "acoustic_entropy_side": 8.849570274353027,
          "hz": 1409.4668930556702
        },
        {
          "acoustic_entropy": 8.763660430908203,
          "acoustic_entropy_side": 8.838874816894531,
          "hz": 1596.2787759475705
        },
        {
          "acoustic_entropy": 8.998981475830078,
          "acoustic_entropy_side": 8.853538513183594,
          "hz": 1799.6344973346393
        },
        {
          "acoustic_entropy": 8.909902572631836,
          "acoustic_entropy_side": 8.851654052734375,
          "hz": 2020.9991599069049
        },
        {
          "acoustic_entropy": 9.094024658203125,
          "acoustic_entropy_side": 8.848941802978516,
          "hz": 2261.9676141086993
        },
        {
          "acoustic_entropy": 8.256665229797363,
          "acoustic_entropy_side": 8.842180252075195,
          "hz": 2524.2759484456974
        },
        {
          "acoustic_entropy": 9.264558792114258,
          "acoustic_entropy_side": 8.845484733581543,
          "hz": 2809.813997359896
        },
        {
          "acoustic_entropy": 9.043418884277344,
          "acoustic_entropy_side": 8.845343589782715,
          "hz": 3120.6389567871424
        },
        {
          "acoustic_entropy": 8.700631141662598,
          "acoustic_entropy_side": 8.847574234008789,
          "hz": 3458.990205492291
        },
        {
          "acoustic_entropy": 8.86627197265625,
          "acoustic_entropy_side": 8.845549583435059,
          "hz": 3827.305438964164
        },
        {
          "acoustic_entropy": 8.828398704528809,
          "acoustic_entropy_side": 8.845307350158691,
          "hz": 4228.238232109126
        },
        {
          "acoustic_entropy": 8.899538040161133,
          "acoustic_entropy_side": 8.845386505126953,
          "hz": 4664.6771572759235
        },
        {
          "acoustic_entropy": 8.841599464416504,
          "acoustic_entropy_side": 8.845329284667969,
          "hz": 5139.766595350093
        },
        {
          "acoustic_entropy": 8.85055923461914,
          "acoustic_entropy_side": 8.845332145690918,
          "hz": 5656.929389854203
        },
        {
          "acoustic_entropy": 8.847187042236328,
          "acoustic_entropy_side": 8.845328330993652,
          "hz": 6219.891507268283
        },
        {
          "acoustic_entropy": 8.827153205871582,
          "acoustic_entropy_side": 8.845328330993652,
          "hz": 6832.70888123896
        },
        {
          "acoustic_entropy": 8.85079288482666,
          "acoustic_entropy_side": 8.845328330993652,
          "hz": 7499.796634079867
        },
        {
          "acoustic_entropy": 8.849254608154297,
          "acoustic_entropy_side": 8.845328330993652,
          "hz": 8225.96088609342
        },
        {
          "acoustic_entropy": 8.845983505249023,
          "acoustic_entropy_side": 8.845328330993652,
          "hz": 9016.43338188839
        },
        {
          "acoustic_entropy": 8.84574031829834,
          "acoustic_entropy_side": 8.845328330993652,
          "hz": 9876.909183162974
        },
        {
          "acoustic_entropy": 8.84544849395752,
          "acoustic_entropy_side": 8.845328330993652,
          "hz": 10813.587699516042
        },
        {
          "acoustic_entropy": 8.845378875732422,
          "acoustic_entropy_side": 8.845328330993652,
          "hz": 11833.21735289826
        },
        {
          "acoustic_entropy": 8.8454008102417,
          "acoustic_entropy_side": 8.845328330993652,
          "hz": 12943.144197493959
        },
        {
          "acoustic_entropy": 8.84535026550293,
          "acoustic_entropy_side": 8.845328330993652,
          "hz": 14151.364845322005
        },
        {
          "acoustic_entropy": 8.845341682434082,
          "acoustic_entropy_side": 8.845328330993652,
          "hz": 15466.58407886509
        },
        {
          "acoustic_entropy": 8.845331192016602,
          "acoustic_entropy_side": 8.845328330993652,
          "hz": 16898.27756580493
        },
        {
          "acoustic_entropy": 8.845329284667969,
          "acoustic_entropy_side": 8.845328330993652,
          "hz": 18456.760127700032
        },
        {
          "acoustic_entropy": 8.845328330993652,
          "acoustic_entropy_side": 8.845328330993652,
          "hz": 20153.260054456492
        },
        {
          "acoustic_entropy": 8.845328330993652,
          "acoustic_entropy_side": 8.845328330993652,
          "hz": 22000.00000000001
        }
      ],
      "diff_acoustic_entropy": 1.9502317905426025,
      "sn": 6
    },
    {
      "acoustic_entropy": 13.11015796661377,
      "acoustic_entropy_mono": 12.732107162475586,
      "band_eliminated_acoustic_entropies": [
        {
          "acoustic_entropy": 12.99747371673584,
          "acoustic_entropy_side": 13.110160827636719,
          "hz": 129.47220167065723
        },
        {
          "acoustic_entropy": 13.314423561096191,
          "acoustic_entropy_side": 13.108357429504395,
          "hz": 202.92927478742237
        },
        {
          "acoustic_entropy": 13.747105598449707,
          "acoustic_entropy_side": 13.084693908691406,
          "hz": 282.89161906338205
        },
        {
          "acoustic_entropy": 13.071735382080078,
          "acoustic_entropy_side": 13.148890495300293,
          "hz": 369.9353335868758
        },
        {
          "acoustic_entropy": 12.679829597473145,
          "acoustic_entropy_side": 13.254767417907715,
          "hz": 464.6875360973435
        },
        {
          "acoustic_entropy": 12.993486404418945,
          "acoustic_entropy_side": 13.187674522399902,
          "hz": 567.8308811364784
        },
        {
          "acoustic_entropy": 12.187952041625977,
          "acoustic_entropy_side": 13.322881698608398,
          "hz": 680.1084783214808
        },
        {
          "acoustic_entropy": 11.87645149230957,
          "acoustic_entropy_side": 12.860984802246094,
          "hz": 802.3292461747484
        },
        {
          "acoustic_entropy": 13.066352844238281,
          "acoustic_entropy_side": 12.906661033630371,
          "hz": 935.3737400823702
        },
        {
          "acoustic_entropy": 12.330077171325684,
          "acoustic_entropy_side": 13.312183380126953,
          "hz": 1080.2004963696966
        },
        {
          "acoustic_entropy": 13.932219505310059,
          "acoustic_entropy_side": 13.357955932617188,
          "hz": 1237.8529382007157
        },
        {
          "acoustic_entropy": 12.797313690185547,
          "acoustic_entropy_side": 12.952070236206055,
          "hz": 1409.4668930556702
        },
        {
          "acoustic_entropy": 13.411639213562012,
          "acoustic_entropy_side": 13.092519760131836,
          "hz": 1596.2787759475705
        },
        {
          "acoustic_entropy": 12.712773323059082,
          "acoustic_entropy_side": 13.058418273925781,
          "hz": 1799.6344973346393
        },
        {
          "acoustic_entropy": 13.63999080657959,
          "acoustic_entropy_side": 13.219343185424805,
          "hz": 2020.9991599069049
        },
        {
          "acoustic_entropy": 12.737236022949219,
          "acoustic_entropy_side": 13.091435432434082,
          "hz": 2261.9676141086993
        },
        {
          "acoustic_entropy": 12.40294361114502,
          "acoustic_entropy_side": 13.124122619628906,
          "hz": 2524.2759484456974
        },
        {
          "acoustic_entropy": 13.251907348632812,
          "acoustic_entropy_side": 13.094440460205078,
          "hz": 2809.813997359896
        },
        {
          "acoustic_entropy": 13.586615562438965,
          "acoustic_entropy_side": 13.107867240905762,
          "hz": 3120.6389567871424
        },
        {
          "acoustic_entropy": 12.791959762573242,
          "acoustic_entropy_side": 13.09327220916748,
          "hz": 3458.990205492291
        },
        {
          "acoustic_entropy": 12.837886810302734,
          "acoustic_entropy_side": 13.11053466796875,
          "hz": 3827.305438964164
        },
        {
          "acoustic_entropy": 13.172074317932129,
          "acoustic_entropy_side": 13.110042572021484,
          "hz": 4228.238232109126
        },
        {
          "acoustic_entropy": 13.305434226989746,
          "acoustic_entropy_side": 13.111628532409668,
          "hz": 4664.6771572759235
        },
        {
          "acoustic_entropy": 13.082701683044434,
          "acoustic_entropy_side": 13.110209465026855,
          "hz": 5139.766595350093
        },
        {
          "acoustic_entropy": 13.191802978515625,
          "acoustic_entropy_side": 13.110223770141602,
          "hz": 5656.929389854203
        },
        {
          "acoustic_entropy": 13.129525184631348,
          "acoustic_entropy_side": 13.11019515991211,
          "hz": 6219.891507268283
        },
        {
          "acoustic_entropy": 12.988009452819824,
          "acoustic_entropy_side": 13.110151290893555,
          "hz": 6832.70888123896
        },
        {
          "acoustic_entropy": 13.05353832244873,
          "acoustic_entropy_side": 13.110151290893555,
          "hz": 7499.796634079867
        },
        {
          "acoustic_entropy": 13.075871467590332,
          "acoustic_entropy_side": 13.110154151916504,
          "hz": 8225.96088609342
        },
        {
          "acoustic_entropy": 13.1149320602417,
          "acoustic_entropy_side": 13.110156059265137,
          "hz": 9016.43338188839
        },
        {
          "acoustic_entropy": 13.104148864746094,
          "acoustic_entropy_side": 13.11015796661377,
          "hz": 9876.909183162974
        },
        {
          "acoustic_entropy": 13.109467506408691,
          "acoustic_entropy_side": 13.11015796661377,
          "hz": 10813.587699516042
        },
        {
          "acoustic_entropy": 13.110658645629883,
          "acoustic_entropy_side": 13.11015796661377,
          "hz": 11833.21735289826
        },
        {
          "acoustic_entropy": 13.110583305358887,
          "acoustic_entropy_side": 13.11015796661377,
          "hz": 12943.144197493959
        },
        {
          "acoustic_entropy": 13.110444068908691,
          "acoustic_entropy_side": 13.11015796661377,
          "hz": 14151.364845322005
        },
        {
          "acoustic_entropy": 13.110413551330566,
          "acoustic_entropy_side": 13.11015796661377,
          "hz": 15466.58407886509
        },
        {
          "acoustic_entropy": 13.11017894744873,
          "acoustic_entropy_side": 13.11015796661377,
          "hz": 16898.27756580493
        },
        {
          "acoustic_entropy": 13.110158920288086,
          "acoustic_entropy_side": 13.11015796661377,
          "hz": 18456.760127700032
        },
        {
          "acoustic_entropy": 13.110156059265137,
          "acoustic_entropy_side": 13.11015796661377,
          "hz": 20153.260054456492
        },
        {
          "acoustic_entropy": 13.11015796661377,
          "acoustic_entropy_side": 13.11015796661377,
          "hz": 22000.00000000001
        }
      ],
      "diff_acoustic_entropy": 4.309985160827637,
      "sn": 12
    },
    {
      "acoustic_entropy": 20.654342651367188,
      "acoustic_entropy_mono": 18.946025848388672,
      "band_eliminated_acoustic_entropies": [
        {
          "acoustic_entropy": 20.50545310974121,
          "acoustic_entropy_side": 20.651899337768555,
          "hz": 129.47220167065723
        },
        {
          "acoustic_entropy": 21.300357818603516,
          "acoustic_entropy_side": 20.49384307861328,
          "hz": 202.92927478742237
        },
        {
          "acoustic_entropy": 20.36333465576172,
          "acoustic_entropy_side": 20.491392135620117,
          "hz": 282.89161906338205
        },
        {
          "acoustic_entropy": 20.262378692626953,
          "acoustic_entropy_side": 20.699981689453125,
          "hz": 369.9353335868758
        },
        {
          "acoustic_entropy": 21.525922775268555,
          "acoustic_entropy_side": 20.205726623535156,
          "hz": 464.6875360973435
        },
        {
          "acoustic_entropy": 21.537979125976562,
          "acoustic_entropy_side": 20.422388076782227,
          "hz": 567.8308811364784
        },
        {
          "acoustic_entropy": 19.174219131469727,
          "acoustic_entropy_side": 19.894054412841797,
          "hz": 680.1084783214808
        },
        {
          "acoustic_entropy": 20.081096649169922,
          "acoustic_entropy_side": 20.848697662353516,
          "hz": 802.3292461747484
        },
        {
          "acoustic_entropy": 19.621990203857422,
          "acoustic_entropy_side": 20.297189712524414,
          "hz": 935.3737400823702
        },
        {
          "acoustic_entropy": 19.467050552368164,
          "acoustic_entropy_side": 19.994178771972656,
          "hz": 1080.2004963696966
        },
        {
          "acoustic_entropy": 20.39021873474121,
          "acoustic_entropy_side": 20.64430046081543,
          "hz": 1237.8529382007157
        },
        {
          "acoustic_entropy": 20.214859008789062,
          "acoustic_entropy_side": 19.75794792175293,
          "hz": 1409.4668930556702
        },
        {
          "acoustic_entropy": 20.640775680541992,
          "acoustic_entropy_side": 19.93266487121582,
          "hz": 1596.2787759475705
        },
        {
          "acoustic_entropy": 19.35468292236328,
          "acoustic_entropy_side": 20.5733642578125,
          "hz": 1799.6344973346393
        },
        {
          "acoustic_entropy": 20.321752548217773,
          "acoustic_entropy_side": 20.517263412475586,
          "hz": 2020.9991599069049
        },
        {
          "acoustic_entropy": 20.088851928710938,
          "acoustic_entropy_side": 20.78077507019043,
          "hz": 2261.9676141086993
        },
        {
          "acoustic_entropy": 20.264219284057617,
          "acoustic_entropy_side": 20.494901657104492,
          "hz": 2524.2759484456974
        },
        {
          "acoustic_entropy": 19.456228256225586,
