{
  "acoustic_entropy": 167.68612670898438,
  "bands": [
    {
      "high_freq": 148.1999969482422,
      "loudness": -28.70040512084961,
      "loudness_range": 11.059432983398438,
      "mid_mean": -25.030344009399414,
      "mid_to_side_loudness": -39.5223388671875,
      "mid_to_side_loudness_range": 1.7726631164550781,
      "side_mean": -63.296058654785156
    },
    {
      "high_freq": 392.3793640136719,
      "loudness": -27.513261795043945,
      "loudness_range": 11.909029006958008,
      "low_freq": 148.1999969482422,
      "mid_mean": -23.82737159729004,
      "mid_to_side_loudness": -41.13166046142578,
      "mid_to_side_loudness_range": 3.5803184509277344,
      "side_mean": -63.54698181152344
    },
    {
      "high_freq": 794.6976318359375,
      "loudness": -27.539812088012695,
      "loudness_range": 13.059638977050781,
      "low_freq": 392.3793640136719,
      "mid_mean": -23.83868980407715,
      "mid_to_side_loudness": -40.66909408569336,
      "mid_to_side_loudness_range": 2.2541732788085938,
      "side_mean": -63.16958999633789
    },
    {
      "high_freq": 1457.5709228515625,
      "loudness": -32.16432189941406,
      "loudness_range": 19.194747924804688,
      "low_freq": 794.6976318359375,
      "mid_mean": -28.4625301361084,
      "mid_to_side_loudness": -42.849910736083984,
      "mid_to_side_loudness_range": 9.013805389404297,
      "side_mean": -66.2095718383789
    },
    {
      "high_freq": 2549.74365234375,
      "loudness": -34.88341522216797,
      "loudness_range": 24.31393051147461,
      "low_freq": 1457.5709228515625,
      "mid_mean": -31.19479751586914,
      "mid_to_side_loudness": -43.52688217163086,
      "mid_to_side_loudness_range": 11.879837036132812,
      "side_mean": -66.99494934082031
    },
    {
      "high_freq": 4349.24462890625,
      "loudness": -40.25786209106445,
      "loudness_range": 29.60544204711914,
      "low_freq": 2549.74365234375,
      "mid_mean": -36.696533203125,
      "mid_to_side_loudness": -43.469295501708984,
      "mid_to_side_loudness_range": 14.353687286376953,
      "side_mean": -68.50758361816406
    },
    {
      "high_freq": 7314.1640625,
      "loudness": -45.06096649169922,
      "loudness_range": 34.588619232177734,
      "low_freq": 4349.24462890625,
      "mid_mean": -41.30488204956055,
      "mid_to_side_loudness": -43.080257415771484,
      "mid_to_side_loudness_range": 14.849994659423828,
      "side_mean": -69.11646270751953
    },
    {
      "high_freq": 12199.2666015625,
      "loudness": -50.8258171081543,
      "loudness_range": 26.10699462890625,
      "low_freq": 7314.1640625,
      "mid_mean": -47.06416320800781,
      "mid_to_side_loudness": -42.85147476196289,
      "mid_to_side_loudness_range": 21.66378402709961,
      "side_mean": -69.82572937011719
    },
    {
      "loudness": -56.35100555419922,
      "loudness_range": 16.341934204101562,
      "low_freq": 12199.2666015625,
      "mid_mean": -52.85963439941406,
      "mid_to_side_loudness": -45.58158874511719,
      "mid_to_side_loudness_range": 30.55145835876465,
      "side_mean": -69.93714141845703
    }
  ],
  "bands_short": [
    {
      "high_freq": 148.1999969482422,
      "loudness": -32.467227935791016,
      "loudness_range": 19.533634185791016,
      "mid_mean": -28.84817123413086,
      "mid_to_side_loudness": -39.603946685791016,
      "mid_to_side_loudness_range": 4.409645080566406,
      "side_mean": -65.06104278564453
    },
    {
      "high_freq": 392.3793640136719,
      "loudness": -28.548629760742188,
      "loudness_range": 14.397005081176758,
      "low_freq": 148.1999969482422,
      "mid_mean": -24.867725372314453,
      "mid_to_side_loudness": -41.686641693115234,
      "mid_to_side_loudness_range": 8.091316223144531,
      "side_mean": -64.30838775634766
    },
    {
      "high_freq": 794.6976318359375,
      "loudness": -28.388246536254883,
      "loudness_range": 17.028318405151367,
      "low_freq": 392.3793640136719,
      "mid_mean": -24.703779220581055,
      "mid_to_side_loudness": -41.111732482910156,
      "mid_to_side_loudness_range": 5.045566558837891,
      "side_mean": -63.717105865478516
    },
    {
      "high_freq": 1457.5709228515625,
      "loudness": -32.72578048706055,
      "loudness_range": 20.892375946044922,
      "low_freq": 794.6976318359375,
      "mid_mean": -29.034324645996094,
      "mid_to_side_loudness": -42.27137756347656,
      "mid_to_side_loudness_range": 8.941032409667969,
      "side_mean": -66.41337585449219
    },
    {
      "high_freq": 2549.74365234375,
      "loudness": -36.65361404418945,
      "loudness_range": 27.37269401550293,
      "low_freq": 1457.5709228515625,
      "mid_mean": -32.99180221557617,
      "mid_to_side_loudness": -41.949607849121094,
      "mid_to_side_loudness_range": 8.823677062988281,
      "side_mean": -67.4941177368164
    },
    {
      "high_freq": 4349.24462890625,
      "loudness": -42.709327697753906,
      "loudness_range": 33.19247817993164,
      "low_freq": 2549.74365234375,
      "mid_mean": -39.43313980102539,
      "mid_to_side_loudness": -41.033382415771484,
      "mid_to_side_loudness_range": 8.324398040771484,
      "side_mean": -68.84880065917969
    },
    {
      "high_freq": 7314.1640625,
      "loudness": -48.416465759277344,
      "loudness_range": 36.38013458251953,
      "low_freq": 4349.24462890625,
      "mid_mean": -44.61906433105469,
      "mid_to_side_loudness": -40.957862854003906,
      "mid_to_side_loudness_range": 10.667549133300781,
      "side_mean": -69.35261535644531
    },
    {
      "high_freq": 12199.2666015625,
      "loudness": -53.93524932861328,
      "loudness_range": 26.533428192138672,
      "low_freq": 7314.1640625,
      "mid_mean": -50.52079391479492,
      "mid_to_side_loudness": -40.38263702392578,
      "mid_to_side_loudness_range": 13.57010269165039,
      "side_mean": -69.909912109375
    },
    {
      "loudness": -58.06001663208008,
      "loudness_range": 16.749595642089844,
      "low_freq": 12199.2666015625,
      "mid_mean": -54.51447677612305,
      "mid_to_side_loudness": -41.167091369628906,
      "mid_to_side_loudness_range": 18.188030242919922,
      "side_mean": -69.97221374511719
    }
  ],
  "bandwidth": 610.0704345703125,
  "channels": 2,
  "covariance": [
    [
      20.389923095703125,
      12.728042602539062,
      5.036023139953613,
      2.9071860313415527,
      4.209371089935303,
      2.683535575866699,
      4.923414707183838,
      1.4978375434875488,
      5.741425514221191,
      1.6430376768112183,
      6.99899959564209,
      1.5055745840072632,
      10.045003890991211,
      1.2597078084945679,
      8.684788703918457,
      0.36934709548950195,
      5.608905792236328,
      0.15605515241622925
    ],
    [
      12.728042602539062,
      10.452645301818848,
      3.1920435428619385,
      3.1401124000549316,
      2.1003761291503906,
      2.4718692302703857,
      2.5937862396240234,
      1.4163811206817627,
      3.450019598007202,
      1.6937493085861206,
      4.083713531494141,
      1.2149323225021362,
      5.605364799499512,
      1.0119998455047607,
      5.324870586395264,
      0.28534528613090515,
      5.939816951751709,
      0.11475812643766403
    ],
    [
      5.036023139953613,
      3.1920435428619385,
      18.083816528320312,
      12.781285285949707,
      7.532524585723877,
      4.9942193031311035,
      -0.37116849422454834,
      -3.3953418731689453,
      0.6490725874900818,
      -3.3141860961914062,
      0.5132178068161011,
      -2.011439085006714,
      2.4913816452026367,
      -0.3239870071411133,
      10.72616958618164,
      0.47439107298851013,
      8.79598617553711,
      0.23205718398094177
    ],
    [
      2.9071860313415527,
      3.1401124000549316,
      12.781285285949707,
      11.6205415725708,
      5.097984790802002,
      4.788122177124023,
      -1.8465039730072021,
      -2.2485885620117188,
      -1.627153754234314,
      -2.2872636318206787,
      -2.2803537845611572,
      -1.230393409729004,
      -1.5109912157058716,
      -0.18018889427185059,
      6.058652877807617,
      0.31840792298316956,
      7.790595531463623,
      0.1451333910226822
    ],
    [
      4.209371089935303,
      2.1003761291503906,
      7.532524585723877,
      5.097984790802002,
      21.85236358642578,
      15.585942268371582,
      18.308155059814453,
      7.664062976837158,
      25.98478126525879,
      7.774027347564697,
      29.701139450073242,
      4.212632179260254,
      32.5548095703125,
      2.8049211502075195,
      22.739105224609375,
      0.6813048124313354,
      12.980297088623047,
      0.25449901819229126
    ],
    [
      2.683535575866699,
      2.4718692302703857,
      4.9942193031311035,
      4.788122177124023,
      15.585942268371582,
      12.917110443115234,
      12.547418594360352,
      6.326897144317627,
      17.76436996459961,
      6.207432270050049,
      20.30729866027832,
      3.3938205242156982,
      21.868595123291016,
      2.199144124984741,
      15.412745475769043,
      0.4725463092327118,
      11.013951301574707,
      0.16524499654769897
    ],
    [
      4.923414707183838,
      2.5937862396240234,
      -0.37116849422454834,
      -1.8465039730072021,
      18.308155059814453,
      12.547418594360352,
      39.18220138549805,
      21.371164321899414,
      42.67618942260742,
      15.528433799743652,
      50.18143081665039,
      9.040521621704102,
      54.660011291503906,
      5.463739395141602,
      31.063182830810547,
      1.0249029397964478,
      15.780515670776367,
      0.3582955300807953
    ],
    [
      1.4978375434875488,
      1.4163811206817627,
      -3.3953418731689453,
      -2.2485885620117188,
      7.664062976837158,
      6.326897144317627,
      21.371164321899414,
      14.96204662322998,
      20.758655548095703,
      9.853992462158203,
      24.83580780029297,
      6.064643383026123,
      26.874738693237305,
      3.4632790088653564,
      12.988748550415039,
      0.46285781264305115,
      7.482723236083984,
      0.11472788453102112
    ],
    [
      5.741425514221191,
      3.450019598007202,
      0.6490725874900818,
      -1.627153754234314,
      25.98478126525879,
      17.76436996459961,
      42.67618942260742,
      20.758655548095703,
      68.2643051147461,
      26.351093292236328,
      78.37361907958984,
      13.268534660339355,
      88.37615203857422,
      8.625407218933105,
      51.7100830078125,
      1.7279393672943115,
      26.456533432006836,
      0.63249272108078
    ],
    [
      1.6430376768112183,
      1.6937493085861206,
      -3.3141860961914062,
      -2.2872636318206787,
      7.774027347564697,
      6.207432270050049,
      15.528433799743652,
      9.853992462158203,
      26.351093292236328,
      14.569602012634277,
      29.651464462280273,
      7.204375267028809,
      33.51807403564453,
      4.513085842132568,
      16.663482666015625,
      0.5833965539932251,
      9.248321533203125,
      0.14509373903274536
    ],
    [
      6.99899959564209,
      4.083713531494141,
      0.5132178068161011,
      -2.2803537845611572,
      29.701139450073242,
      20.30729866027832,
      50.18143081665039,
      24.83580780029297,
      78.37361907958984,
      29.651464462280273,
      104.23392486572266,
      16.9874324798584,
      114.1324234008789,
      10.794649124145508,
      70.32884979248047,
      2.3549017906188965,
      36.218780517578125,
      0.884609043598175
    ],
    [
      1.5055745840072632,
      1.2149323225021362,
      -2.011439085006714,
      -1.230393409729004,
      4.212632179260254,
      3.3938205242156982,
      9.040521621704102,
      6.064643383026123,
      13.268534660339355,
      7.204375267028809,
      16.9874324798584,
      7.365634441375732,
      18.788280487060547,
      5.312060832977295,
      9.671493530273438,
      1.6786664724349976,
      5.851216793060303,
      0.7347527742385864
    ],
    [
      10.045003890991211,
      5.605364799499512,
      2.4913816452026367,
      -1.5109912157058716,
      32.5548095703125,
      21.868595123291016,
      54.660011291503906,
      26.874738693237305,
      88.37615203857422,
      33.51807403564453,
      114.1324234008789,
      18.788280487060547,
      140.61732482910156,
      12.86660099029541,
      90.78430938720703,
      2.8379807472229004,
      47.61543273925781,
      1.0823533535003662
    ],
    [
      1.2597078084945679,
      1.0119998455047607,
      -0.3239870071411133,
      -0.18018889427185059,
      2.8049211502075195,
      2.199144124984741,
      5.463739395141602,
      3.4632790088653564,
      8.625407218933105,
      4.513085842132568,
      10.794649124145508,
      5.312060832977295,
      12.86660099029541,
      5.191346645355225,
      7.629820823669434,
      1.9289569854736328,
      5.184307098388672,
      0.8862839937210083
    ],
    [
      8.684788703918457,
      5.324870586395264,
      10.72616958618164,
      6.058652877807617,
      22.739105224609375,
      15.412745475769043,
      31.063182830810547,
      12.988748550415039,
      51.7100830078125,
      16.663482666015625,
      70.32884979248047,
      9.671493530273438,
      90.78430938720703,
      7.629820823669434,
      78.2219467163086,
      2.6514203548431396,
      46.884098052978516,
      1.0737152099609375
    ],
    [
      0.36934709548950195,
      0.28534528613090515,
      0.47439107298851013,
      0.31840792298316956,
      0.6813048124313354,
      0.4725463092327118,
      1.0249029397964478,
      0.46285781264305115,
      1.7279393672943115,
      0.5833965539932251,
      2.3549017906188965,
      1.6786664724349976,
      2.8379807472229004,
      1.9289569854736328,
      2.6514203548431396,
      1.2453558444976807,
      2.2371749877929688,
      0.6220100522041321
    ],
    [
      5.608905792236328,
      5.939816951751709,
      8.79598617553711,
      7.790595531463623,
      12.980297088623047,
      11.013951301574707,
      15.780515670776367,
      7.482723236083984,
      26.456533432006836,
      9.248321533203125,
      36.218780517578125,
      5.851216793060303,
      47.61543273925781,
      5.184307098388672,
      46.884098052978516,
      2.2371749877929688,
      38.39313888549805,
      0.9459817409515381
    ],
    [
      0.15605515241622925,
      0.11475812643766403,
      0.23205718398094177,
      0.1451333910226822,
      0.25449901819229126,
      0.16524499654769897,
      0.3582955300807953,
      0.11472788453102112,
      0.63249272108078,
      0.14509373903274536,
      0.884609043598175,
      0.7347527742385864,
      1.0823533535003662,
      0.8862839937210083,
      1.0737152099609375,
      0.6220100522041321,
      0.9459817409515381,
      0.3331448435783386
    ]
  ],
  "covariance_short": [
    [
      50.861045837402344,
      24.967470169067383,
      10.660406112670898,
      4.665590286254883,
      9.949796676635742,
      5.231118679046631,
      10.695656776428223,
      4.0455474853515625,
      15.750825881958008,
      4.131170749664307,
      19.905649185180664,
      2.380567789077759,
      24.424158096313477,
      1.805403232574463,
      15.832015991210938,
      0.28040871024131775,
      7.924183368682861,
      0.08232564479112625
    ],
    [
      24.967470169067383,
      15.473627090454102,
      5.087310314178467,
      3.3062009811401367,
      3.7010953426361084,
      2.7567267417907715,
      4.253344535827637,
      2.2243993282318115,
      6.353329181671143,
      2.2816226482391357,
      7.396432876586914,
      1.230098843574524,
      9.783403396606445,
      0.9814542531967163,
      8.22596263885498,
      0.13697709143161774,
      4.8634843826293945,
      0.032957982271909714
    ],
    [
      10.660406112670898,
      5.087310314178467,
      26.411361694335938,
      16.109277725219727,
      10.5416898727417,
      5.307484149932861,
      4.332777500152588,
      -2.0744707584381104,
      4.286604881286621,
      -2.67055082321167,
      5.934726238250732,
      -1.6117892265319824,
      7.636910438537598,
      -0.5604056119918823,
      12.94780445098877,
      0.20218338072299957,
      8.829684257507324,
      0.11034999787807465
    ],
    [
      4.665590286254883,
      3.3062009811401367,
      16.109277725219727,
      15.398823738098145,
      5.518778324127197,
      4.442866325378418,
      0.641362726688385,
      -1.0399436950683594,
      -0.6652637124061584,
      -1.8222647905349731,
      -0.01002736110240221,
      -0.48464903235435486,
      0.46357399225234985,
      -0.07128424197435379,
      7.829556465148926,
      0.21071434020996094,
      6.2536468505859375,
      0.10024731606245041
    ],
    [
      9.949796676635742,
      3.7010953426361084,
      10.5416898727417,
      5.518778324127197,
      36.28874588012695,
      24.106483459472656,
      25.276992797851562,
      8.881511688232422,
      34.41920852661133,
      7.690366268157959,
      39.961700439453125,
      3.870941638946533,
      41.750186920166016,
      2.322969675064087,
      27.18903160095215,
      0.45895132422447205,
      13.776732444763184,
      0.15161694586277008
    ],
    [
      5.231118679046631,
      2.7567267417907715,
      5.307484149932861,
      4.442866325378418,
      24.106483459472656,
      20.247982025146484,
      16.084793090820312,
      7.109677791595459,
      22.099681854248047,
      6.09529447555542,
      25.546180725097656,
      3.2569644451141357,
      26.492158889770508,
      1.9639642238616943,
      18.856761932373047,
      0.3640190660953522,
      10.293004035949707,
      0.11665287613868713
    ],
    [
      10.695656776428223,
      4.253344535827637,
      4.332777500152588,
      0.641362726688385,
      25.276992797851562,
      16.084793090820312,
      49.597564697265625,
      24.719247817993164,
      53.225318908691406,
      15.755362510681152,
      62.93558120727539,
      8.148321151733398,
      67.86511993408203,
      4.812297821044922,
      38.58798599243164,
      0.6933228969573975,
      17.795881271362305,
      0.24138419330120087
    ],
    [
      4.0455474853515625,
      2.2243993282318115,
      -2.0744707584381104,
      -1.0399436950683594,
      8.881511688232422,
      7.109677791595459,
      24.719247817993164,
      17.701995849609375,
      23.921802520751953,
      10.163152694702148,
      28.884307861328125,
      5.66838264465332,
      31.271881103515625,
      3.245361328125,
      16.003395080566406,
      0.3449713885784149,
      7.212403297424316,
      0.08175516128540039
    ],
    [
      15.750825881958008,
      6.353329181671143,
      4.286604881286621,
      -0.6652637124061584,
      34.41920852661133,
      22.099681854248047,
      53.225318908691406,
      23.921802520751953,
      87.18400573730469,
      27.901952743530273,
      100.27633666992188,
      12.538524627685547,
      110.68054962158203,
      7.712789535522461,
      63.334861755371094,
      1.1319475173950195,
      28.468717575073242,
      0.37070003151893616
    ],
    [
      4.131170749664307,
      2.2816226482391357,
      -2.67055082321167,
      -1.8222647905349731,
      7.690366268157959,
      6.09529447555542,
      15.755362510681152,
      10.163152694702148,
      27.901952743530273,
      15.522680282592773,
      31.391794204711914,
      6.807799339294434,
      35.898223876953125,
      4.23195743560791,
      18.293073654174805,
      0.4536992013454437,
      8.176007270812988,
      0.08964211493730545
    ],
    [
      19.905649185180664,
      7.396432876586914,
      5.934726238250732,
      -0.01002736110240221,
      39.961700439453125,
      25.546180725097656,
      62.93558120727539,
      28.884307861328125,
      100.27633666992188,
      31.391794204711914,
      137.15492248535156,
      16.913726806640625,
      145.7946014404297,
      9.805898666381836,
      85.97325897216797,
      1.5222389698028564,
      38.43903732299805,
      0.5112785696983337
    ],
    [
      2.380567789077759,
      1.230098843574524,
      -1.6117892265319824,
      -0.48464903235435486,
      3.870941638946533,
      3.2569644451141357,
      8.148321151733398,
      5.66838264465332,
      12.538524627685547,
      6.807799339294434,
      16.913726806640625,
      6.801281452178955,
      18.394594192504883,
      4.042958736419678,
      9.514629364013672,
      0.8967563509941101,
      4.4355974197387695,
      0.3831844627857208
    ],
    [
      24.424158096313477,
      9.783403396606445,
      7.636910438537598,
      0.46357399225234985,
      41.750186920166016,
      26.492158889770508,
      67.86511993408203,
      31.271881103515625,
      110.68054962158203,
      35.898223876953125,
      145.7946014404297,
      18.394594192504883,
      173.56582641601562,
      11.848087310791016,
      104.83055877685547,
      1.8338749408721924,
      47.99644470214844,
      0.6454155445098877
    ],
    [
      1.805403232574463,
      0.9814542531967163,
      -0.5604056119918823,
      -0.07128424197435379,
      2.322969675064087,
      1.9639642238616943,
      4.812297821044922,
      3.245361328125,
      7.712789535522461,
      4.23195743560791,
      9.805898666381836,
      4.042958736419678,
      11.848087310791016,
      3.945571184158325,
      6.539863109588623,
      0.9340714812278748,
      3.4713869094848633,
      0.4312807619571686
    ],
    [
      15.832015991210938,
      8.22596263885498,
      12.94780445098877,
      7.829556465148926,
      27.18903160095215,
      18.856761932373047,
      38.58798599243164,
      16.003395080566406,
      63.334861755371094,
      18.293073654174805,
      85.97325897216797,
      9.514629364013672,
      104.83055877685547,
      6.539863109588623,
      88.26527404785156,
      1.691816806793213,
      49.34339141845703,
      0.6429824233055115
    ],
    [
      0.28040871024131775,
      0.13697709143161774,
      0.20218338072299957,
      0.21071434020996094,
      0.45895132422447205,
      0.3640190660953522,
      0.6933228969573975,
      0.3449713885784149,
      1.1319475173950195,
      0.4536992013454437,
      1.5222389698028564,
      0.8967563509941101,
      1.8338749408721924,
      0.9340714812278748,
      1.691816806793213,
      0.6253222227096558,
      1.304030179977417,
      0.337126761674881
    ],
    [
      7.924183368682861,
      4.8634843826293945,
      8.829684257507324,
      6.2536468505859375,
      13.776732444763184,
      10.293004035949707,
      17.795881271362305,
      7.212403297424316,
      28.468717575073242,
      8.176007270812988,
      38.43903732299805,
      4.4355974197387695,
      47.99644470214844,
      3.4713869094848633,
      49.34339141845703,
      1.304030179977417,
      34.087615966796875,
      0.5665910243988037
    ],
    [
      0.08232564479112625,
      0.032957982271909714,
      0.11034999787807465,
      0.10024731606245041,
      0.15161694586277008,
      0.11665287613868713,
      0.24138419330120087,
      0.08175516128540039,
      0.37070003151893616,
      0.08964211493730545,
      0.5112785696983337,
      0.3831844627857208,
      0.6454155445098877,
      0.4312807619571686,
      0.6429824233055115,
      0.337126761674881,
      0.5665910243988037,
      0.21822711825370789
    ]
  ],
  "damage": -12.148905754089355,
  "diff_bandwidth": 653.5631713867188,
  "dissonance": 6.764113117940569,
  "drr": 14.388561248779297,
  "dynamics": 3.6388306617736816,
  "format": 1245190,
  "frames": 6173632,
  "loudness": -17.34168815612793,
  "loudness_range": 8.274027824401855,
  "loudness_range_short": 13.078969955444336,
  "lowpass_true_peak_15khz": 0.16732122004032135,
  "mastering3_acoustic_entropies": [
    {
      "acoustic_entropy": 9.099786758422852,
      "acoustic_entropy_mono": 9.099788665771484,
      "band_eliminated_acoustic_entropies": [
        {
          "acoustic_entropy": 8.826786041259766,
          "acoustic_entropy_side": 9.099786758422852,
          "hz": 129.47220167065723
        },
        {
          "acoustic_entropy": 8.911541938781738,
          "acoustic_entropy_side": 9.099786758422852,
          "hz": 202.92927478742237
        },
        {
          "acoustic_entropy": 9.217336654663086,
          "acoustic_entropy_side": 9.099786758422852,
          "hz": 282.89161906338205
        },
        {
          "acoustic_entropy": 9.234519004821777,
          "acoustic_entropy_side": 9.099786758422852,
          "hz": 369.9353335868758
        },
        {
          "acoustic_entropy": 9.152688980102539,
          "acoustic_entropy_side": 9.099785804748535,
          "hz": 464.6875360973435
        },
        {
          "acoustic_entropy": 9.582596778869629,
          "acoustic_entropy_side": 9.099786758422852,
          "hz": 567.8308811364784
        },
        {
          "acoustic_entropy": 9.013871192932129,
          "acoustic_entropy_side": 9.099784851074219,
          "hz": 680.1084783214808
        },
        {
          "acoustic_entropy": 9.277227401733398,
          "acoustic_entropy_side": 9.099786758422852,
          "hz": 802.3292461747484
        },
        {
          "acoustic_entropy": 8.659430503845215,
          "acoustic_entropy_side": 9.099790573120117,
          "hz": 935.3737400823702
        },
        {
          "acoustic_entropy": 9.029366493225098,
          "acoustic_entropy_side": 9.099784851074219,
          "hz": 1080.2004963696966
        },
        {
          "acoustic_entropy": 9.994668960571289,
          "acoustic_entropy_side": 9.099785804748535,
          "hz": 1237.8529382007157
        },
        {
          "acoustic_entropy": 9.231701850891113,
          "acoustic_entropy_side": 9.099786758422852,
          "hz": 1409.4668930556702
        },
        {
          "acoustic_entropy": 9.365495681762695,
          "acoustic_entropy_side": 9.099787712097168,
          "hz": 1596.2787759475705
        },
        {
          "acoustic_entropy": 8.936014175415039,
          "acoustic_entropy_side": 9.099783897399902,
          "hz": 1799.6344973346393
        },
        {
          "acoustic_entropy": 8.570194244384766,
          "acoustic_entropy_side": 9.099786758422852,
          "hz": 2020.9991599069049
        },
        {
          "acoustic_entropy": 8.839373588562012,
          "acoustic_entropy_side": 9.099783897399902,
          "hz": 2261.9676141086993
        },
        {
          "acoustic_entropy": 9.306057929992676,
          "acoustic_entropy_side": 9.099785804748535,
          "hz": 2524.2759484456974
        },
        {
          "acoustic_entropy": 9.18300724029541,
          "acoustic_entropy_side": 9.099786758422852,
          "hz": 2809.813997359896
        },
        {
          "acoustic_entropy": 9.472444534301758,
          "acoustic_entropy_side": 9.099785804748535,
          "hz": 3120.6389567871424
        },
        {
          "acoustic_entropy": 9.15892219543457,
          "acoustic_entropy_side": 9.099786758422852,
          "hz": 3458.990205492291
        },
        {
          "acoustic_entropy": 9.062265396118164,
          "acoustic_entropy_side": 9.099785804748535,
          "hz": 3827.305438964164
        },
        {
          "acoustic_entropy": 9.047219276428223,
          "acoustic_entropy_side": 9.099786758422852,
          "hz": 4228.238232109126
        },
        {
          "acoustic_entropy": 9.067204475402832,
          "acoustic_entropy_side": 9.099785804748535,
          "hz": 4664.6771572759235
        },
        {
          "acoustic_entropy": 8.791583061218262,
          "acoustic_entropy_side": 9.099785804748535,
          "hz": 5139.766595350093
        },
        {
          "acoustic_entropy": 9.123668670654297,
          "acoustic_entropy_side": 9.099784851074219,
          "hz": 5656.929389854203
        },
        {
          "acoustic_entropy": 9.062492370605469,
          "acoustic_entropy_side": 9.099783897399902,
          "hz": 6219.891507268283
        },
        {
          "acoustic_entropy": 9.056639671325684,
          "acoustic_entropy_side": 9.099784851074219,
          "hz": 6832.70888123896
        },
        {
          "acoustic_entropy": 9.14221477508545,
          "acoustic_entropy_side": 9.099785804748535,
          "hz": 7499.796634079867
        },
        {
          "acoustic_entropy": 9.201172828674316,
          "acoustic_entropy_side": 9.099786758422852,
          "hz": 8225.96088609342
        },
        {
          "acoustic_entropy": 9.136974334716797,
          "acoustic_entropy_side": 9.099786758422852,
          "hz": 9016.43338188839
        },
        {
          "acoustic_entropy": 9.085432052612305,
          "acoustic_entropy_side": 9.099786758422852,
          "hz": 9876.909183162974
        },
        {
          "acoustic_entropy": 9.075898170471191,
          "acoustic_entropy_side": 9.099786758422852,
          "hz": 10813.587699516042
        },
        {
          "acoustic_entropy": 9.079841613769531,
          "acoustic_entropy_side": 9.099786758422852,
          "hz": 11833.21735289826
        },
        {
          "acoustic_entropy": 9.075033187866211,
          "acoustic_entropy_side": 9.099786758422852,
          "hz": 12943.144197493959
        },
        {
          "acoustic_entropy": 9.07759952545166,
          "acoustic_entropy_side": 9.099786758422852,
          "hz": 14151.364845322005
        },
        {
          "acoustic_entropy": 9.08298397064209,
          "acoustic_entropy_side": 9.099786758422852,
          "hz": 15466.58407886509
        },
        {
          "acoustic_entropy": 9.080744743347168,
          "acoustic_entropy_side": 9.099786758422852,
          "hz": 16898.27756580493
        },
        {
          "acoustic_entropy": 9.090313911437988,
          "acoustic_entropy_side": 9.099786758422852,
          "hz": 18456.760127700032
        },
        {
          "acoustic_entropy": 9.097929000854492,
          "acoustic_entropy_side": 9.099786758422852,
          "hz": 20153.260054456492
        },
        {
          "acoustic_entropy": 9.099199295043945,
          "acoustic_entropy_side": 9.099786758422852,
          "hz": 22000.00000000001
        }
      ],
      "diff_acoustic_entropy": 9.428109169006348,
      "sn": 6
    },
    {
      "acoustic_entropy": 13.208386421203613,
      "acoustic_entropy_mono": 13.208464622497559,
      "band_eliminated_acoustic_entropies": [
        {
          "acoustic_entropy": 13.219027519226074,
          "acoustic_entropy_side": 13.208385467529297,
          "hz": 129.47220167065723
        },
        {
          "acoustic_entropy": 13.576189041137695,
          "acoustic_entropy_side": 13.208382606506348,
          "hz": 202.92927478742237
        },
        {
          "acoustic_entropy": 13.66785717010498,
          "acoustic_entropy_side": 13.208386421203613,
          "hz": 282.89161906338205
        },
        {
          "acoustic_entropy": 13.857477188110352,
          "acoustic_entropy_side": 13.208392143249512,
          "hz": 369.9353335868758
        },
        {
          "acoustic_entropy": 13.362199783325195,
          "acoustic_entropy_side": 13.2083740234375,
          "hz": 464.6875360973435
        },
        {
          "acoustic_entropy": 13.204984664916992,
          "acoustic_entropy_side": 13.20835018157959,
          "hz": 567.8308811364784
        },
        {
          "acoustic_entropy": 12.21353530883789,
          "acoustic_entropy_side": 13.208380699157715,
          "hz": 680.1084783214808
        },
        {
          "acoustic_entropy": 12.439648628234863,
          "acoustic_entropy_side": 13.208374977111816,
          "hz": 802.3292461747484
        },
        {
          "acoustic_entropy": 12.596739768981934,
          "acoustic_entropy_side": 13.208362579345703,
          "hz": 935.3737400823702
        },
        {
          "acoustic_entropy": 13.344347953796387,
          "acoustic_entropy_side": 13.208401679992676,
          "hz": 1080.2004963696966
        },
        {
          "acoustic_entropy": 13.600650787353516,
          "acoustic_entropy_side": 13.208391189575195,
          "hz": 1237.8529382007157
        },
        {
          "acoustic_entropy": 13.64572811126709,
          "acoustic_entropy_side": 13.208398818969727,
          "hz": 1409.4668930556702
        },
        {
          "acoustic_entropy": 13.634319305419922,
          "acoustic_entropy_side": 13.208395004272461,
          "hz": 1596.2787759475705
        },
        {
          "acoustic_entropy": 13.113329887390137,
          "acoustic_entropy_side": 13.208395957946777,
          "hz": 1799.6344973346393
        },
        {
          "acoustic_entropy": 12.500659942626953,
          "acoustic_entropy_side": 13.208392143249512,
          "hz": 2020.9991599069049
        },
        {
          "acoustic_entropy": 13.04391098022461,
          "acoustic_entropy_side": 13.208396911621094,
          "hz": 2261.9676141086993
        },
        {
          "acoustic_entropy": 13.389503479003906,
          "acoustic_entropy_side": 13.20840072631836,
          "hz": 2524.2759484456974
        },
        {
          "acoustic_entropy": 13.191450119018555,
          "acoustic_entropy_side": 13.208386421203613,
          "hz": 2809.813997359896
        },
        {
          "acoustic_entropy": 13.320232391357422,
          "acoustic_entropy_side": 13.208389282226562,
          "hz": 3120.6389567871424
        },
        {
          "acoustic_entropy": 13.210409164428711,
          "acoustic_entropy_side": 13.20838737487793,
          "hz": 3458.990205492291
        },
        {
          "acoustic_entropy": 13.000511169433594,
          "acoustic_entropy_side": 13.208395004272461,
          "hz": 3827.305438964164
        },
        {
          "acoustic_entropy": 13.254918098449707,
          "acoustic_entropy_side": 13.208393096923828,
          "hz": 4228.238232109126
        },
        {
          "acoustic_entropy": 13.222793579101562,
          "acoustic_entropy_side": 13.208399772644043,
          "hz": 4664.6771572759235
        },
        {
          "acoustic_entropy": 13.32656192779541,
          "acoustic_entropy_side": 13.208409309387207,
          "hz": 5139.766595350093
        },
        {
          "acoustic_entropy": 13.207584381103516,
          "acoustic_entropy_side": 13.208416938781738,
          "hz": 5656.929389854203
        },
        {
          "acoustic_entropy": 13.184835433959961,
          "acoustic_entropy_side": 13.20840835571289,
          "hz": 6219.891507268283
        },
        {
          "acoustic_entropy": 13.211813926696777,
          "acoustic_entropy_side": 13.20840072631836,
          "hz": 6832.70888123896
        },
        {
          "acoustic_entropy": 13.382390022277832,
          "acoustic_entropy_side": 13.208393096923828,
          "hz": 7499.796634079867
        },
        {
          "acoustic_entropy": 13.379791259765625,
          "acoustic_entropy_side": 13.208389282226562,
          "hz": 8225.96088609342
        },
        {
          "acoustic_entropy": 13.415199279785156,
          "acoustic_entropy_side": 13.208388328552246,
          "hz": 9016.43338188839
        },
        {
          "acoustic_entropy": 13.484989166259766,
          "acoustic_entropy_side": 13.208386421203613,
          "hz": 9876.909183162974
        },
        {
          "acoustic_entropy": 13.444332122802734,
          "acoustic_entropy_side": 13.208388328552246,
          "hz": 10813.587699516042
        },
        {
          "acoustic_entropy": 13.452521324157715,
          "acoustic_entropy_side": 13.208389282226562,
          "hz": 11833.21735289826
        },
        {
          "acoustic_entropy": 13.516667366027832,
          "acoustic_entropy_side": 13.208389282226562,
          "hz": 12943.144197493959
        },
        {
          "acoustic_entropy": 13.436771392822266,
          "acoustic_entropy_side": 13.20838737487793,
          "hz": 14151.364845322005
        },
        {
          "acoustic_entropy": 13.348062515258789,
          "acoustic_entropy_side": 13.208386421203613,
          "hz": 15466.58407886509
        },
        {
          "acoustic_entropy": 13.379804611206055,
          "acoustic_entropy_side": 13.208386421203613,
          "hz": 16898.27756580493
        },
        {
          "acoustic_entropy": 13.245643615722656,
          "acoustic_entropy_side": 13.208386421203613,
          "hz": 18456.760127700032
        },
        {
          "acoustic_entropy": 13.21936321258545,
          "acoustic_entropy_side": 13.208386421203613,
          "hz": 20153.260054456492
        },
        {
          "acoustic_entropy": 13.211503028869629,
          "acoustic_entropy_side": 13.208386421203613,
          "hz": 22000.00000000001
        }
      ],
      "diff_acoustic_entropy": 12.884345054626465,
      "sn": 12
    },
    {
      "acoustic_entropy": 17.364646911621094,
      "acoustic_entropy_mono": 17.395952224731445,
      "band_eliminated_acoustic_entropies": [
        {
          "acoustic_entropy": 17.452533721923828,
          "acoustic_entropy_side": 17.36467170715332,
          "hz": 129.47220167065723
        },
        {
          "acoustic_entropy": 18.048219680786133,
          "acoustic_entropy_side": 17.36458396911621,
          "hz": 202.92927478742237
        },
        {
          "acoustic_entropy": 17.73712921142578,
          "acoustic_entropy_side": 17.364704132080078,
          "hz": 282.89161906338205
        },
        {
          "acoustic_entropy": 17.535934448242188,
          "acoustic_entropy_side": 17.364892959594727,
          "hz": 369.9353335868758
        },
        {
          "acoustic_entropy": 17.982133865356445,
          "acoustic_entropy_side": 17.374034881591797,
          "hz": 464.6875360973435
        },
        {
          "acoustic_entropy": 16.479604721069336,
          "acoustic_entropy_side": 17.364316940307617,
          "hz": 567.8308811364784
        },
        {
          "acoustic_entropy": 17.81633949279785,
          "acoustic_entropy_side": 17.36231803894043,
          "hz": 680.1084783214808
        },
        {
          "acoustic_entropy": 18.74843406677246,
          "acoustic_entropy_side": 17.36081886291504,
          "hz": 802.3292461747484
        },
        {
          "acoustic_entropy": 18.266212463378906,
          "acoustic_entropy_side": 17.374082565307617,
          "hz": 935.3737400823702
        },
        {
          "acoustic_entropy": 17.73062515258789,
          "acoustic_entropy_side": 17.36111831665039,
          "hz": 1080.2004963696966
        },
        {
          "acoustic_entropy": 18.416316986083984,
          "acoustic_entropy_side": 17.366361618041992,
          "hz": 1237.8529382007157
        },
        {
          "acoustic_entropy": 18.21453094482422,
          "acoustic_entropy_side": 17.364667892456055,
          "hz": 1409.4668930556702
        },
        {
          "acoustic_entropy": 18.417402267456055,
          "acoustic_entropy_side": 17.346723556518555,
          "hz": 1596.2787759475705
        },
        {
          "acoustic_entropy": 17.92818832397461,
          "acoustic_entropy_side": 17.36060905456543,
          "hz": 1799.6344973346393
        },
        {
          "acoustic_entropy": 17.527301788330078,
          "acoustic_entropy_side": 17.355436325073242,
          "hz": 2020.9991599069049
        },
        {
          "acoustic_entropy": 17.431930541992188,
          "acoustic_entropy_side": 17.39011573791504,
          "hz": 2261.9676141086993
        },
        {
          "acoustic_entropy": 17.095277786254883,
          "acoustic_entropy_side": 17.3651180267334,
          "hz": 2524.2759484456974
        },
        {
          "acoustic_entropy": 18.371055603027344,
