{
  "acoustic_entropy": 170.7323760986328,
  "bands": [
    {
      "high_freq": 148.1999969482422,
      "loudness": -69.23896026611328,
      "loudness_range": 6.294960021972656,
      "mid_mean": -64.33009338378906,
      "mid_to_side_loudness": -11.753639221191406,
      "mid_to_side_loudness_range": 6.048450946807861,
      "side_mean": -69.1175765991211
    },
    {
      "high_freq": 392.3793640136719,
      "loudness": -55.096256256103516,
      "loudness_range": 26.141651153564453,
      "low_freq": 148.1999969482422,
      "mid_mean": -53.0374641418457,
      "mid_to_side_loudness": -7.316404819488525,
      "mid_to_side_loudness_range": 6.824145317077637,
      "side_mean": -59.31484603881836
    },
    {
      "high_freq": 794.6976318359375,
      "loudness": -47.29420471191406,
      "loudness_range": 27.736003875732422,
      "low_freq": 392.3793640136719,
      "mid_mean": -45.40983581542969,
      "mid_to_side_loudness": -5.929235458374023,
      "mid_to_side_loudness_range": 10.395773887634277,
      "side_mean": -52.211952209472656
    },
    {
      "high_freq": 1457.5709228515625,
      "loudness": -51.263214111328125,
      "loudness_range": 33.61448669433594,
      "low_freq": 794.6976318359375,
      "mid_mean": -51.05646514892578,
      "mid_to_side_loudness": -2.498591661453247,
      "mid_to_side_loudness_range": 10.001176834106445,
      "side_mean": -53.26447677612305
    },
    {
      "high_freq": 2549.74365234375,
      "loudness": -52.15642547607422,
      "loudness_range": 32.483707427978516,
      "low_freq": 1457.5709228515625,
      "mid_mean": -52.68080139160156,
      "mid_to_side_loudness": -0.03618780896067619,
      "mid_to_side_loudness_range": 9.211432456970215,
      "side_mean": -52.77106857299805
    },
    {
      "high_freq": 4349.24462890625,
      "loudness": -52.5877799987793,
      "loudness_range": 30.685455322265625,
      "low_freq": 2549.74365234375,
      "mid_mean": -52.89139175415039,
      "mid_to_side_loudness": -0.04384250193834305,
      "mid_to_side_loudness_range": 6.2098283767700195,
      "side_mean": -52.873138427734375
    },
    {
      "high_freq": 7314.1640625,
      "loudness": -61.63664245605469,
      "loudness_range": 24.793838500976562,
      "low_freq": 4349.24462890625,
      "mid_mean": -59.83782196044922,
      "mid_to_side_loudness": -1.5263346433639526,
      "mid_to_side_loudness_range": 5.639843940734863,
      "side_mean": -60.9266471862793
    },
    {
      "high_freq": 12199.2666015625,
      "loudness": -61.636627197265625,
      "loudness_range": 25.096088409423828,
      "low_freq": 7314.1640625,
      "mid_mean": -60.19646072387695,
      "mid_to_side_loudness": -1.133306860923767,
      "mid_to_side_loudness_range": 6.085193634033203,
      "side_mean": -60.998130798339844
    },
    {
      "loudness": -69.31822967529297,
      "loudness_range": 24.771289825439453,
      "low_freq": 12199.2666015625,
      "mid_mean": -64.41907501220703,
      "mid_to_side_loudness": -3.3728833198547363,
      "mid_to_side_loudness_range": 10.293667793273926,
      "side_mean": -65.3313980102539
    }
  ],
  "bands_short": [
    {
      "high_freq": 148.1999969482422,
      "loudness": -70.62006378173828,
      "loudness_range": 8.433303833007812,
      "mid_mean": -65.17520904541016,
      "mid_to_side_loudness": -12.268136978149414,
      "mid_to_side_loudness_range": 11.352898597717285,
      "side_mean": -69.40799713134766
    },
    {
      "high_freq": 392.3793640136719,
      "loudness": -59.146759033203125,
      "loudness_range": 28.511287689208984,
      "low_freq": 148.1999969482422,
      "mid_mean": -56.51192855834961,
      "mid_to_side_loudness": -6.758457183837891,
      "mid_to_side_loudness_range": 11.99781322479248,
      "side_mean": -61.691856384277344
    },
    {
      "high_freq": 794.6976318359375,
      "loudness": -50.31316375732422,
      "loudness_range": 31.994537353515625,
      "low_freq": 392.3793640136719,
      "mid_mean": -49.98591995239258,
      "mid_to_side_loudness": -4.7274909019470215,
      "mid_to_side_loudness_range": 12.951930046081543,
      "side_mean": -54.337711334228516
    },
    {
      "high_freq": 1457.5709228515625,
      "loudness": -54.43830871582031,
      "loudness_range": 35.091041564941406,
      "low_freq": 794.6976318359375,
      "mid_mean": -54.24006652832031,
      "mid_to_side_loudness": -2.059466600418091,
      "mid_to_side_loudness_range": 10.01048469543457,
      "side_mean": -55.95140075683594
    },
    {
      "high_freq": 2549.74365234375,
      "loudness": -55.264625549316406,
      "loudness_range": 34.774009704589844,
      "low_freq": 1457.5709228515625,
      "mid_mean": -55.50428009033203,
      "mid_to_side_loudness": -0.532493531703949,
      "mid_to_side_loudness_range": 9.100613594055176,
      "side_mean": -55.98114776611328
    },
    {
      "high_freq": 4349.24462890625,
      "loudness": -55.37940979003906,
      "loudness_range": 33.25996017456055,
      "low_freq": 2549.74365234375,
      "mid_mean": -55.54668045043945,
      "mid_to_side_loudness": -0.37242311239242554,
      "mid_to_side_loudness_range": 7.026272773742676,
      "side_mean": -55.7861328125
    },
    {
      "high_freq": 7314.1640625,
      "loudness": -64.04060363769531,
      "loudness_range": 27.829235076904297,
      "low_freq": 4349.24462890625,
      "mid_mean": -61.95612716674805,
      "mid_to_side_loudness": -1.5780234336853027,
      "mid_to_side_loudness_range": 6.3544135093688965,
      "side_mean": -62.90739059448242
    },
    {
      "high_freq": 12199.2666015625,
      "loudness": -64.12716674804688,
      "loudness_range": 29.425796508789062,
      "low_freq": 7314.1640625,
      "mid_mean": -62.69976043701172,
      "mid_to_side_loudness": -1.2270687818527222,
      "mid_to_side_loudness_range": 6.691869735717773,
      "side_mean": -63.348697662353516
    },
    {
      "loudness": -72.36246490478516,
      "loudness_range": 24.93901824951172,
      "low_freq": 12199.2666015625,
      "mid_mean": -65.85174560546875,
      "mid_to_side_loudness": -5.262491226196289,
      "mid_to_side_loudness_range": 13.067955017089844,
      "side_mean": -66.76249694824219
    }
  ],
  "bandwidth": 1038.0462646484375,
  "channels": 2,
  "covariance": [
    [
      3.2972068786621094,
      1.4578856229782104,
      3.0487048625946045,
      2.2816054821014404,
      -0.047760654240846634,
      1.2073571681976318,
      0.6669260263442993,
      1.4094698429107666,
      1.35528564453125,
      0.44870108366012573,
      0.6628859639167786,
      0.5199466943740845,
      0.7617195248603821,
      0.7687072157859802,
      0.6134788393974304,
      0.44067251682281494,
      0.4044688642024994,
      0.3560982048511505
    ],
    [
      1.4578856229782104,
      1.0348446369171143,
      1.616623878479004,
      1.233371615409851,
      0.23931074142456055,
      1.058536171913147,
      0.44060614705085754,
      1.0935814380645752,
      1.2527390718460083,
      0.6072809100151062,
      0.6366856694221497,
      0.6673327684402466,
      0.37020349502563477,
      0.346349835395813,
      -0.01340007595717907,
      -0.10246708244085312,
      -0.09186248481273651,
      -0.04926994815468788
    ],
    [
      3.0487048625946045,
      1.616623878479004,
      82.93167114257812,
      61.51306915283203,
      34.5753288269043,
      46.91514205932617,
      36.236846923828125,
      39.26947021484375,
      52.003692626953125,
      46.434425354003906,
      49.25067901611328,
      51.564884185791016,
      26.246877670288086,
      25.823209762573242,
      25.02305030822754,
      23.196611404418945,
      12.503722190856934,
      12.139505386352539
    ],
    [
      2.2816054821014404,
      1.233371615409851,
      61.51306915283203,
      48.46891403198242,
      26.225929260253906,
      35.424896240234375,
      27.567258834838867,
      30.684513092041016,
      40.19607925415039,
      35.506107330322266,
      37.51228332519531,
      39.227901458740234,
      19.48429298400879,
      19.028289794921875,
      17.66157341003418,
      16.341487884521484,
      8.603092193603516,
      8.33590316772461
    ],
    [
      -0.047760654240846634,
      0.23931074142456055,
      34.5753288269043,
      26.225929260253906,
      97.87083435058594,
      86.13994598388672,
      80.30886840820312,
      80.54487609863281,
      73.0895767211914,
      67.75101470947266,
      66.7953109741211,
      69.14012145996094,
      30.089298248291016,
      27.577878952026367,
      24.56309700012207,
      23.49810028076172,
      14.13180923461914,
      13.252217292785645
    ],
    [
      1.2073571681976318,
      1.058536171913147,
      46.91514205932617,
      35.424896240234375,
      86.13994598388672,
      97.65770721435547,
      85.45088195800781,
      89.3384017944336,
      83.15762329101562,
      74.11186218261719,
      72.81982421875,
      74.66209411621094,
      32.27117156982422,
      29.669830322265625,
      26.213449478149414,
      24.196338653564453,
      14.186606407165527,
      13.28076171875
    ],
    [
      0.6669260263442993,
      0.44060614705085754,
      36.236846923828125,
      27.567258834838867,
      80.30886840820312,
      85.45088195800781,
      125.14820098876953,
      119.53962707519531,
      91.75431823730469,
      86.60456085205078,
      86.34835815429688,
      86.68415069580078,
      46.03036880493164,
      40.43797302246094,
      35.93181228637695,
      33.63330078125,
      20.571359634399414,
      19.071128845214844
    ],
    [
      1.4094698429107666,
      1.0935814380645752,
      39.26947021484375,
      30.684513092041016,
      80.54487609863281,
      89.3384017944336,
      119.53962707519531,
      123.83467102050781,
      98.10608673095703,
      88.48017883300781,
      89.42313385009766,
      88.7961196899414,
      46.3802490234375,
      41.13475036621094,
      34.7579460144043,
      31.596899032592773,
      18.89550018310547,
      17.428024291992188
    ],
    [
      1.35528564453125,
      1.2527390718460083,
      52.003692626953125,
      40.19607925415039,
      73.0895767211914,
      83.15762329101562,
      91.75431823730469,
      98.10608673095703,
      125.4115219116211,
      114.85750579833984,
      102.96492004394531,
      103.26859283447266,
      56.47645950317383,
      50.4611930847168,
      43.441322326660156,
      39.986961364746094,
      22.426057815551758,
      21.286710739135742
    ],
    [
      0.44870108366012573,
      0.6072809100151062,
      46.434425354003906,
      35.506107330322266,
      67.75101470947266,
      74.11186218261719,
      86.60456085205078,
      88.48017883300781,
      114.85750579833984,
      112.48225402832031,
      98.48507690429688,
      98.95147705078125,
      54.59068298339844,
      48.87095260620117,
      44.49322509765625,
      41.78214645385742,
      23.49484634399414,
      22.5583553314209
    ],
    [
      0.6628859639167786,
      0.6366856694221497,
      49.25067901611328,
      37.51228332519531,
      66.7953109741211,
      72.81982421875,
      86.34835815429688,
      89.42313385009766,
      102.96492004394531,
      98.48507690429688,
      102.07621002197266,
      100.17921447753906,
      56.537689208984375,
      51.03037643432617,
      44.749176025390625,
      41.52134323120117,
      23.32148551940918,
      21.719188690185547
    ],
    [
      0.5199466943740845,
      0.6673327684402466,
      51.564884185791016,
      39.227901458740234,
      69.14012145996094,
      74.66209411621094,
      86.68415069580078,
      88.7961196899414,
      103.26859283447266,
      98.95147705078125,
      100.17921447753906,
      102.37606048583984,
      54.472145080566406,
      48.85875701904297,
      42.168365478515625,
      40.26667785644531,
      21.73259925842285,
      21.055627822875977
    ],
    [
      0.7617195248603821,
      0.37020349502563477,
      26.246877670288086,
      19.48429298400879,
      30.089298248291016,
      32.27117156982422,
      46.03036880493164,
      46.3802490234375,
      56.47645950317383,
      54.59068298339844,
      56.537689208984375,
      54.472145080566406,
      52.44845962524414,
      48.15644454956055,
      42.91213607788086,
      40.69852066040039,
      24.31336784362793,
      23.630327224731445
    ],
    [
      0.7687072157859802,
      0.346349835395813,
      25.823209762573242,
      19.028289794921875,
      27.577878952026367,
      29.669830322265625,
      40.43797302246094,
      41.13475036621094,
      50.4611930847168,
      48.87095260620117,
      51.03037643432617,
      48.85875701904297,
      48.15644454956055,
      46.4307746887207,
      42.14255905151367,
      40.003135681152344,
      24.34760856628418,
      23.649394989013672
    ],
    [
      0.6134788393974304,
      -0.01340007595717907,
      25.02305030822754,
      17.66157341003418,
      24.56309700012207,
      26.213449478149414,
      35.93181228637695,
      34.7579460144043,
      43.441322326660156,
      44.49322509765625,
      44.749176025390625,
      42.168365478515625,
      42.91213607788086,
      42.14255905151367,
      53.32870864868164,
      49.266151428222656,
      34.02122116088867,
      33.3546142578125
    ],
    [
      0.44067251682281494,
      -0.10246708244085312,
      23.196611404418945,
      16.341487884521484,
      23.49810028076172,
      24.196338653564453,
      33.63330078125,
      31.596899032592773,
      39.986961364746094,
      41.78214645385742,
      41.52134323120117,
      40.26667785644531,
      40.69852066040039,
      40.003135681152344,
      49.266151428222656,
      47.78793716430664,
      31.845504760742188,
      31.582860946655273
    ],
    [
      0.4044688642024994,
      -0.09186248481273651,
      12.503722190856934,
      8.603092193603516,
      14.13180923461914,
      14.186606407165527,
      20.571359634399414,
      18.89550018310547,
      22.426057815551758,
      23.49484634399414,
      23.32148551940918,
      21.73259925842285,
      24.31336784362793,
      24.34760856628418,
      34.02122116088867,
      31.845504760742188,
      27.430200576782227,
      26.70268440246582
    ],
    [
      0.3560982048511505,
      -0.04926994815468788,
      12.139505386352539,
      8.33590316772461,
      13.252217292785645,
      13.28076171875,
      19.071128845214844,
      17.428024291992188,
      21.286710739135742,
      22.5583553314209,
      21.719188690185547,
      21.055627822875977,
      23.630327224731445,
      23.649394989013672,
      33.3546142578125,
      31.582860946655273,
      26.70268440246582,
      27.154361724853516
    ]
  ],
  "covariance_short": [
    [
      4.342048168182373,
      0.5407582521438599,
      1.426472783088684,
      0.9480014443397522,
      0.5842233896255493,
      0.5269784331321716,
      0.7257565259933472,
      0.8464171886444092,
      0.6908182501792908,
      0.5285587310791016,
      0.6595593094825745,
      0.5998364090919495,
      0.6209856271743774,
      0.6292097568511963,
      0.7965644598007202,
      0.6899752020835876,
      0.5586249828338623,
      0.5143138766288757
    ],
    [
      0.5407582521438599,
      0.40627339482307434,
      0.4304824471473694,
      0.35502293705940247,
      0.351272851228714,
      0.4044799506664276,
      0.5842085480690002,
      0.6344509720802307,
      0.5650717616081238,
      0.5225834250450134,
      0.5134895443916321,
      0.5382001996040344,
      0.35925695300102234,
      0.3247032165527344,
      0.23134629428386688,
      0.22246778011322021,
      0.13460390269756317,
      0.13548125326633453
    ],
    [
      1.426472783088684,
      0.4304824471473694,
      83.73880767822266,
      56.149658203125,
      48.34183120727539,
      41.58171463012695,
      30.598302841186523,
      31.662681579589844,
      44.300994873046875,
      39.10335922241211,
      42.60751724243164,
      44.27531051635742,
      18.79671859741211,
      17.416671752929688,
      13.771666526794434,
      12.322855949401855,
      5.005667209625244,
      4.903645038604736
    ],
    [
      0.9480014443397522,
      0.35502293705940247,
      56.149658203125,
      45.288719177246094,
      32.65904998779297,
      29.476293563842773,
      20.474384307861328,
      22.298246383666992,
      32.362918853759766,
      28.07381820678711,
      30.394977569580078,
      31.546524047851562,
      13.515668869018555,
      12.591064453125,
      9.88216781616211,
      8.791152954101562,
      3.7081453800201416,
      3.703871965408325
    ],
    [
      0.5842233896255493,
      0.351272851228714,
      48.34183120727539,
      32.65904998779297,
      137.1343536376953,
      109.75476837158203,
      99.70067596435547,
      94.91935729980469,
      90.2236557006836,
      86.55245971679688,
      84.35477447509766,
      88.11054992675781,
      33.988983154296875,
      30.451515197753906,
      26.202159881591797,
      25.486148834228516,
      9.285212516784668,
      8.606112480163574
    ],
    [
      0.5269784331321716,
      0.4044799506664276,
      41.58171463012695,
      29.476293563842773,
      109.75476837158203,
      101.07905578613281,
      86.81270599365234,
      86.44505310058594,
      81.08021545410156,
      75.19906616210938,
      73.90705108642578,
      76.05430603027344,
      28.765153884887695,
      25.6062068939209,
      21.581653594970703,
      20.047143936157227,
      8.248875617980957,
      7.455334663391113
    ],
    [
      0.7257565259933472,
      0.5842085480690002,
      30.598302841186523,
      20.474384307861328,
      99.70067596435547,
      86.81270599365234,
      127.31963348388672,
      118.66588592529297,
      91.6573257446289,
      87.24498748779297,
      88.76052856445312,
      89.72688293457031,
      42.93193817138672,
      37.28071975708008,
      31.22987937927246,
      28.980220794677734,
      13.11386489868164,
      11.813996315002441
    ],
    [
      0.8464171886444092,
      0.6344509720802307,
      31.662681579589844,
      22.298246383666992,
      94.91935729980469,
      86.44505310058594,
      118.66588592529297,
      120.43711853027344,
      93.25898742675781,
      86.64146423339844,
      88.20379638671875,
      88.57947540283203,
      41.90395736694336,
      36.53352737426758,
      29.80243682861328,
      26.89906883239746,
      12.736811637878418,
      11.456283569335938
    ],
    [
      0.6908182501792908,
      0.5650717616081238,
      44.300994873046875,
      32.362918853759766,
      90.2236557006836,
      81.08021545410156,
      91.6573257446289,
      93.25898742675781,
      123.20018768310547,
      114.17904663085938,
      103.53360748291016,
      104.36640930175781,
      51.48802947998047,
      45.65089797973633,
      37.810279846191406,
      34.363651275634766,
      15.200045585632324,
      14.10808277130127
    ],
    [
      0.5285587310791016,
      0.5225834250450134,
      39.10335922241211,
      28.07381820678711,
      86.55245971679688,
      75.19906616210938,
      87.24498748779297,
      86.64146423339844,
      114.17904663085938,
      113.4748764038086,
      100.21662902832031,
      101.44972229003906,
      50.7452278137207,
      45.2244987487793,
      39.0867919921875,
      36.15305709838867,
      15.405701637268066,
      14.422246932983398
    ],
    [
      0.6595593094825745,
      0.5134895443916321,
      42.60751724243164,
      30.394977569580078,
      84.35477447509766,
      73.90705108642578,
      88.76052856445312,
      88.20379638671875,
      103.53360748291016,
      100.21662902832031,
      110.36595916748047,
      108.21985626220703,
      57.88350296020508,
      51.89466094970703,
      43.85718536376953,
      40.37971115112305,
      18.50102996826172,
      16.964881896972656
    ],
    [
      0.5998364090919495,
      0.5382001996040344,
      44.27531051635742,
      31.546524047851562,
      88.11054992675781,
      76.05430603027344,
      89.72688293457031,
      88.57947540283203,
      104.36640930175781,
      101.44972229003906,
      108.21985626220703,
      111.02619934082031,
      55.55958557128906,
      49.651309967041016,
      41.32716751098633,
      38.94340515136719,
      16.498882293701172,
      15.592028617858887
    ],
    [
      0.6209856271743774,
      0.35925695300102234,
      18.79671859741211,
      13.515668869018555,
      33.988983154296875,
      28.765153884887695,
      42.93193817138672,
      41.90395736694336,
      51.48802947998047,
      50.7452278137207,
      57.88350296020508,
      55.55958557128906,
      54.92599868774414,
      50.00011444091797,
      45.35728454589844,
      42.72332763671875,
      24.07770347595215,
      23.327865600585938
    ],
    [
      0.6292097568511963,
      0.3247032165527344,
      17.416671752929688,
      12.591064453125,
      30.451515197753906,
      25.6062068939209,
      37.28071975708008,
      36.53352737426758,
      45.65089797973633,
      45.2244987487793,
      51.89466094970703,
      49.651309967041016,
      50.00011444091797,
      48.3333625793457,
      44.24140930175781,
      41.99578857421875,
      24.05614471435547,
      23.354045867919922
    ],
    [
      0.7965644598007202,
      0.23134629428386688,
      13.771666526794434,
      9.88216781616211,
      26.202159881591797,
      21.581653594970703,
      31.22987937927246,
      29.80243682861328,
      37.810279846191406,
      39.0867919921875,
      43.85718536376953,
      41.32716751098633,
      45.35728454589844,
      44.24140930175781,
      56.430213928222656,
      52.3310432434082,
      33.38563919067383,
      32.67300033569336
    ],
    [
      0.6899752020835876,
      0.22246778011322021,
      12.322855949401855,
      8.791152954101562,
      25.486148834228516,
      20.047143936157227,
      28.980220794677734,
      26.89906883239746,
      34.363651275634766,
      36.15305709838867,
      40.37971115112305,
      38.94340515136719,
      42.72332763671875,
      41.99578857421875,
      52.3310432434082,
      51.15864562988281,
      31.420005798339844,
      31.121728897094727
    ],
    [
      0.5586249828338623,
      0.13460390269756317,
      5.005667209625244,
      3.7081453800201416,
      9.285212516784668,
      8.248875617980957,
      13.11386489868164,
      12.736811637878418,
      15.200045585632324,
      15.405701637268066,
      18.50102996826172,
      16.498882293701172,
      24.07770347595215,
      24.05614471435547,
      33.38563919067383,
      31.420005798339844,
      26.229000091552734,
      25.463075637817383
    ],
    [
      0.5143138766288757,
      0.13548125326633453,
      4.903645038604736,
      3.703871965408325,
      8.606112480163574,
      7.455334663391113,
      11.813996315002441,
      11.456283569335938,
      14.10808277130127,
      14.422246932983398,
      16.964881896972656,
      15.592028617858887,
      23.327865600585938,
      23.354045867919922,
      32.67300033569336,
      31.121728897094727,
      25.463075637817383,
      25.809144973754883
    ]
  ],
  "damage": -26.075626373291016,
  "diff_bandwidth": 1038.615966796875,
  "dissonance": 10.660430064720966,
  "drr": 2.432097911834717,
  "dynamics": 7.588415622711182,
  "format": 1245190,
  "frames": 5361600,
  "loudness": -36.358299255371094,
  "loudness_range": 25.914276123046875,
  "loudness_range_short": 30.538415908813477,
  "lowpass_true_peak_15khz": -3.076122283935547,
  "mastering3_acoustic_entropies": [
    {
      "acoustic_entropy": 7.005090236663818,
      "acoustic_entropy_mono": 6.248922348022461,
      "band_eliminated_acoustic_entropies": [
        {
          "acoustic_entropy": 7.005090236663818,
          "acoustic_entropy_side": 7.00508975982666,
          "hz": 129.47220167065723
        },
        {
          "acoustic_entropy": 7.005141735076904,
          "acoustic_entropy_side": 7.005091190338135,
          "hz": 202.92927478742237
        },
        {
          "acoustic_entropy": 7.015552043914795,
          "acoustic_entropy_side": 7.005427360534668,
          "hz": 282.89161906338205
        },
        {
          "acoustic_entropy": 7.030496597290039,
          "acoustic_entropy_side": 7.010536193847656,
          "hz": 369.9353335868758
        },
        {
          "acoustic_entropy": 6.775938987731934,
          "acoustic_entropy_side": 6.979705333709717,
          "hz": 464.6875360973435
        },
        {
          "acoustic_entropy": 6.8208112716674805,
          "acoustic_entropy_side": 7.112390041351318,
          "hz": 567.8308811364784
        },
        {
          "acoustic_entropy": 6.36768102645874,
          "acoustic_entropy_side": 6.833833694458008,
          "hz": 680.1084783214808
        },
        {
          "acoustic_entropy": 6.516207695007324,
          "acoustic_entropy_side": 7.030276298522949,
          "hz": 802.3292461747484
        },
        {
          "acoustic_entropy": 6.386466026306152,
          "acoustic_entropy_side": 7.060431480407715,
          "hz": 935.3737400823702
        },
        {
          "acoustic_entropy": 6.916508674621582,
          "acoustic_entropy_side": 6.823240756988525,
          "hz": 1080.2004963696966
        },
        {
          "acoustic_entropy": 7.0308122634887695,
          "acoustic_entropy_side": 6.8635125160217285,
          "hz": 1237.8529382007157
        },
        {
          "acoustic_entropy": 7.15666389465332,
          "acoustic_entropy_side": 7.115799427032471,
          "hz": 1409.4668930556702
        },
        {
          "acoustic_entropy": 7.156448841094971,
          "acoustic_entropy_side": 7.205615520477295,
          "hz": 1596.2787759475705
        },
        {
          "acoustic_entropy": 6.664215564727783,
          "acoustic_entropy_side": 6.704286575317383,
          "hz": 1799.6344973346393
        },
        {
          "acoustic_entropy": 6.7337775230407715,
          "acoustic_entropy_side": 6.868640899658203,
          "hz": 2020.9991599069049
        },
        {
          "acoustic_entropy": 6.685171604156494,
          "acoustic_entropy_side": 6.854414463043213,
          "hz": 2261.9676141086993
        },
        {
          "acoustic_entropy": 6.9419097900390625,
          "acoustic_entropy_side": 6.997661113739014,
          "hz": 2524.2759484456974
        },
        {
          "acoustic_entropy": 7.018660068511963,
          "acoustic_entropy_side": 6.896015167236328,
          "hz": 2809.813997359896
        },
        {
          "acoustic_entropy": 6.6546311378479,
          "acoustic_entropy_side": 6.850812911987305,
          "hz": 3120.6389567871424
        },
        {
          "acoustic_entropy": 6.862034320831299,
          "acoustic_entropy_side": 6.944319725036621,
          "hz": 3458.990205492291
        },
        {
          "acoustic_entropy": 6.939622402191162,
          "acoustic_entropy_side": 6.960519790649414,
          "hz": 3827.305438964164
        },
        {
          "acoustic_entropy": 6.9593186378479,
          "acoustic_entropy_side": 6.964874267578125,
          "hz": 4228.238232109126
        },
        {
          "acoustic_entropy": 6.959787845611572,
          "acoustic_entropy_side": 6.988365173339844,
          "hz": 4664.6771572759235
        },
        {
          "acoustic_entropy": 7.014531135559082,
          "acoustic_entropy_side": 7.009252071380615,
          "hz": 5139.766595350093
        },
        {
          "acoustic_entropy": 7.075242519378662,
          "acoustic_entropy_side": 7.041604518890381,
          "hz": 5656.929389854203
        },
        {
          "acoustic_entropy": 7.096151828765869,
          "acoustic_entropy_side": 7.0664472579956055,
          "hz": 6219.891507268283
        },
        {
          "acoustic_entropy": 7.123318672180176,
          "acoustic_entropy_side": 7.082992076873779,
          "hz": 6832.70888123896
        },
        {
          "acoustic_entropy": 7.145410537719727,
          "acoustic_entropy_side": 7.121453762054443,
          "hz": 7499.796634079867
        },
        {
          "acoustic_entropy": 7.156338691711426,
          "acoustic_entropy_side": 7.118487358093262,
          "hz": 8225.96088609342
        },
        {
          "acoustic_entropy": 7.151582717895508,
          "acoustic_entropy_side": 7.078649997711182,
          "hz": 9016.43338188839
        },
        {
          "acoustic_entropy": 7.131112098693848,
          "acoustic_entropy_side": 7.055720329284668,
          "hz": 9876.909183162974
        },
        {
          "acoustic_entropy": 7.147092342376709,
          "acoustic_entropy_side": 7.063722610473633,
          "hz": 10813.587699516042
        },
        {
          "acoustic_entropy": 7.1183648109436035,
          "acoustic_entropy_side": 7.125608444213867,
          "hz": 11833.21735289826
        },
        {
          "acoustic_entropy": 7.15533447265625,
          "acoustic_entropy_side": 7.1486945152282715,
          "hz": 12943.144197493959
        },
        {
          "acoustic_entropy": 7.1583099365234375,
          "acoustic_entropy_side": 7.106803894042969,
          "hz": 14151.364845322005
        },
        {
          "acoustic_entropy": 7.115377902984619,
          "acoustic_entropy_side": 7.044537544250488,
          "hz": 15466.58407886509
        },
        {
          "acoustic_entropy": 7.083999156951904,
          "acoustic_entropy_side": 7.035583019256592,
          "hz": 16898.27756580493
        },
        {
          "acoustic_entropy": 7.052795886993408,
          "acoustic_entropy_side": 7.030227184295654,
          "hz": 18456.760127700032
        },
        {
          "acoustic_entropy": 7.030184268951416,
          "acoustic_entropy_side": 7.017556667327881,
          "hz": 20153.260054456492
        },
        {
          "acoustic_entropy": 7.009907245635986,
          "acoustic_entropy_side": 7.0071916580200195,
          "hz": 22000.00000000001
        }
      ],
      "diff_acoustic_entropy": 7.006150722503662,
      "sn": 6
    },
    {
      "acoustic_entropy": 11.24135971069336,
      "acoustic_entropy_mono": 10.76941967010498,
      "band_eliminated_acoustic_entropies": [
        {
          "acoustic_entropy": 11.241345405578613,
          "acoustic_entropy_side": 11.241357803344727,
          "hz": 129.47220167065723
        },
        {
          "acoustic_entropy": 11.2421293258667,
          "acoustic_entropy_side": 11.241406440734863,
          "hz": 202.92927478742237
        },
        {
          "acoustic_entropy": 11.27784538269043,
          "acoustic_entropy_side": 11.243218421936035,
          "hz": 282.89161906338205
        },
        {
          "acoustic_entropy": 11.298103332519531,
          "acoustic_entropy_side": 11.202380180358887,
          "hz": 369.9353335868758
        },
        {
          "acoustic_entropy": 11.462255477905273,
          "acoustic_entropy_side": 11.056846618652344,
          "hz": 464.6875360973435
        },
        {
          "acoustic_entropy": 11.053894996643066,
          "acoustic_entropy_side": 11.488694190979004,
          "hz": 567.8308811364784
        },
        {
          "acoustic_entropy": 11.21273422241211,
          "acoustic_entropy_side": 11.463200569152832,
          "hz": 680.1084783214808
        },
        {
          "acoustic_entropy": 10.97657299041748,
          "acoustic_entropy_side": 11.877490997314453,
          "hz": 802.3292461747484
        },
        {
          "acoustic_entropy": 10.227782249450684,
          "acoustic_entropy_side": 10.941901206970215,
          "hz": 935.3737400823702
        },
        {
          "acoustic_entropy": 11.486320495605469,
          "acoustic_entropy_side": 11.179581642150879,
          "hz": 1080.2004963696966
        },
        {
          "acoustic_entropy": 11.279248237609863,
          "acoustic_entropy_side": 11.304929733276367,
          "hz": 1237.8529382007157
        },
        {
          "acoustic_entropy": 11.215296745300293,
          "acoustic_entropy_side": 11.27326488494873,
          "hz": 1409.4668930556702
        },
        {
          "acoustic_entropy": 11.475992202758789,
          "acoustic_entropy_side": 11.485326766967773,
          "hz": 1596.2787759475705
        },
        {
          "acoustic_entropy": 11.077657699584961,
          "acoustic_entropy_side": 11.030801773071289,
          "hz": 1799.6344973346393
        },
        {
          "acoustic_entropy": 11.12900447845459,
          "acoustic_entropy_side": 11.163250923156738,
          "hz": 2020.9991599069049
        },
        {
          "acoustic_entropy": 10.996753692626953,
          "acoustic_entropy_side": 11.087685585021973,
          "hz": 2261.9676141086993
        },
        {
          "acoustic_entropy": 11.092568397521973,
          "acoustic_entropy_side": 11.346637725830078,
          "hz": 2524.2759484456974
        },
        {
          "acoustic_entropy": 11.191752433776855,
          "acoustic_entropy_side": 11.102367401123047,
          "hz": 2809.813997359896
        },
        {
          "acoustic_entropy": 11.147951126098633,
          "acoustic_entropy_side": 11.197321891784668,
          "hz": 3120.6389567871424
        },
        {
          "acoustic_entropy": 11.111427307128906,
          "acoustic_entropy_side": 11.183923721313477,
          "hz": 3458.990205492291
        },
        {
          "acoustic_entropy": 11.211613655090332,
          "acoustic_entropy_side": 11.133683204650879,
          "hz": 3827.305438964164
        },
        {
          "acoustic_entropy": 11.528392791748047,
          "acoustic_entropy_side": 11.259370803833008,
          "hz": 4228.238232109126
        },
        {
          "acoustic_entropy": 11.131279945373535,
          "acoustic_entropy_side": 11.215335845947266,
          "hz": 4664.6771572759235
        },
        {
          "acoustic_entropy": 11.265698432922363,
          "acoustic_entropy_side": 11.255420684814453,
          "hz": 5139.766595350093
        },
        {
          "acoustic_entropy": 11.37115478515625,
          "acoustic_entropy_side": 11.322797775268555,
          "hz": 5656.929389854203
        },
        {
          "acoustic_entropy": 11.315004348754883,
          "acoustic_entropy_side": 11.328190803527832,
          "hz": 6219.891507268283
        },
        {
          "acoustic_entropy": 11.392975807189941,
          "acoustic_entropy_side": 11.31235408782959,
          "hz": 6832.70888123896
        },
        {
          "acoustic_entropy": 11.390707969665527,
          "acoustic_entropy_side": 11.31004810333252,
          "hz": 7499.796634079867
        },
        {
          "acoustic_entropy": 11.369332313537598,
          "acoustic_entropy_side": 11.235340118408203,
          "hz": 8225.96088609342
        },
        {
          "acoustic_entropy": 11.444753646850586,
          "acoustic_entropy_side": 11.202902793884277,
          "hz": 9016.43338188839
        },
        {
          "acoustic_entropy": 11.348998069763184,
          "acoustic_entropy_side": 11.192333221435547,
          "hz": 9876.909183162974
        },
        {
          "acoustic_entropy": 11.33500862121582,
          "acoustic_entropy_side": 11.18984603881836,
          "hz": 10813.587699516042
        },
        {
          "acoustic_entropy": 11.3475341796875,
          "acoustic_entropy_side": 11.236666679382324,
          "hz": 11833.21735289826
        },
        {
          "acoustic_entropy": 11.368717193603516,
          "acoustic_entropy_side": 11.274686813354492,
          "hz": 12943.144197493959
        },
        {
          "acoustic_entropy": 11.320477485656738,
          "acoustic_entropy_side": 11.205604553222656,
          "hz": 14151.364845322005
        },
        {
          "acoustic_entropy": 11.249861717224121,
          "acoustic_entropy_side": 11.198285102844238,
          "hz": 15466.58407886509
        },
        {
          "acoustic_entropy": 11.205074310302734,
          "acoustic_entropy_side": 11.19814682006836,
          "hz": 16898.27756580493
        },
        {
          "acoustic_entropy": 11.202095985412598,
          "acoustic_entropy_side": 11.21345043182373,
          "hz": 18456.760127700032
        },
        {
          "acoustic_entropy": 11.21722412109375,
          "acoustic_entropy_side": 11.230729103088379,
          "hz": 20153.260054456492
        },
        {
          "acoustic_entropy": 11.236347198486328,
          "acoustic_entropy_side": 11.23887825012207,
          "hz": 22000.00000000001
        }
      ],
      "diff_acoustic_entropy": 11.833734512329102,
      "sn": 12
    },
    {
      "acoustic_entropy": 20.487812042236328,
      "acoustic_entropy_mono": 19.18862533569336,
      "band_eliminated_acoustic_entropies": [
        {
          "acoustic_entropy": 20.49566078186035,
          "acoustic_entropy_side": 20.48813819885254,
          "hz": 129.47220167065723
        },
        {
          "acoustic_entropy": 20.48332977294922,
          "acoustic_entropy_side": 20.48717498779297,
          "hz": 202.92927478742237
        },
        {
          "acoustic_entropy": 20.02447509765625,
          "acoustic_entropy_side": 20.547006607055664,
          "hz": 282.89161906338205
        },
        {
          "acoustic_entropy": 19.720733642578125,
          "acoustic_entropy_side": 20.351579666137695,
          "hz": 369.9353335868758
        },
        {
          "acoustic_entropy": 21.46294403076172,
          "acoustic_entropy_side": 20.837432861328125,
          "hz": 464.6875360973435
        },
        {
          "acoustic_entropy": 21.148334503173828,
          "acoustic_entropy_side": 20.603803634643555,
          "hz": 567.8308811364784
        },
        {
          "acoustic_entropy": 19.931211471557617,
          "acoustic_entropy_side": 20.960643768310547,
          "hz": 680.1084783214808
        },
        {
          "acoustic_entropy": 20.69840431213379,
          "acoustic_entropy_side": 20.367902755737305,
          "hz": 802.3292461747484
        },
        {
          "acoustic_entropy": 19.63510513305664,
          "acoustic_entropy_side": 20.948719024658203,
          "hz": 935.3737400823702
        },
        {
          "acoustic_entropy": 20.433494567871094,
          "acoustic_entropy_side": 20.252840042114258,
          "hz": 1080.2004963696966
        },
        {
          "acoustic_entropy": 20.490446090698242,
          "acoustic_entropy_side": 21.16269302368164,
          "hz": 1237.8529382007157
        },
        {
          "acoustic_entropy": 19.875247955322266,
          "acoustic_entropy_side": 19.86536979675293,
          "hz": 1409.4668930556702
        },
        {
          "acoustic_entropy": 20.921327590942383,
          "acoustic_entropy_side": 20.798904418945312,
          "hz": 1596.2787759475705
        },
        {
          "acoustic_entropy": 20.793052673339844,
          "acoustic_entropy_side": 20.617345809936523,
          "hz": 1799.6344973346393
        },
        {
          "acoustic_entropy": 20.21975326538086,
          "acoustic_entropy_side": 20.548669815063477,
          "hz": 2020.9991599069049
        },
        {
          "acoustic_entropy": 20.883346557617188,
          "acoustic_entropy_side": 20.366106033325195,
          "hz": 2261.9676141086993
        },
        {
          "acoustic_entropy": 19.830867767333984,
          "acoustic_entropy_side": 19.84471893310547,
          "hz": 2524.2759484456974
        },
        {
          "acoustic_entropy": 20.83564567565918,
          "acoustic_entropy_side": 20.672775268554688,
          "hz": 2809.813997359896
        },
        {
          "acoustic_entropy": 20.259387969970703,
