{
  "acoustic_entropy": 199.4226837158203,
  "bands": [
    {
      "high_freq": 148.1999969482422,
      "loudness": -23.688663482666016,
      "loudness_range": 17.96662712097168,
      "mid_mean": -20.219078063964844,
      "mid_to_side_loudness": -18.039466857910156,
      "mid_to_side_loudness_range": 22.016216278076172,
      "side_mean": -38.414093017578125
    },
    {
      "high_freq": 392.3793640136719,
      "loudness": -24.969266891479492,
      "loudness_range": 13.809803009033203,
      "low_freq": 148.1999969482422,
      "mid_mean": -22.03771209716797,
      "mid_to_side_loudness": -8.953286170959473,
      "mid_to_side_loudness_range": 14.046716690063477,
      "side_mean": -31.197086334228516
    },
    {
      "high_freq": 794.6976318359375,
      "loudness": -26.223434448242188,
      "loudness_range": 16.538957595825195,
      "low_freq": 392.3793640136719,
      "mid_mean": -24.40235710144043,
      "mid_to_side_loudness": -3.5636813640594482,
      "mid_to_side_loudness_range": 9.32229995727539,
      "side_mean": -27.843833923339844
    },
    {
      "high_freq": 1457.5709228515625,
      "loudness": -30.659101486206055,
      "loudness_range": 20.635902404785156,
      "low_freq": 794.6976318359375,
      "mid_mean": -28.817611694335938,
      "mid_to_side_loudness": -4.1161370277404785,
      "mid_to_side_loudness_range": 11.348260879516602,
      "side_mean": -32.8520393371582
    },
    {
      "high_freq": 2549.74365234375,
      "loudness": -32.31037139892578,
      "loudness_range": 17.948055267333984,
      "low_freq": 1457.5709228515625,
      "mid_mean": -30.25887680053711,
      "mid_to_side_loudness": -4.284759521484375,
      "mid_to_side_loudness_range": 8.864654541015625,
      "side_mean": -34.52271270751953
    },
    {
      "high_freq": 4349.24462890625,
      "loudness": -34.34517288208008,
      "loudness_range": 17.252012252807617,
      "low_freq": 2549.74365234375,
      "mid_mean": -31.967815399169922,
      "mid_to_side_loudness": -5.383501052856445,
      "mid_to_side_loudness_range": 7.308850288391113,
      "side_mean": -37.40517044067383
    },
    {
      "high_freq": 7314.1640625,
      "loudness": -35.07271194458008,
      "loudness_range": 16.47405433654785,
      "low_freq": 4349.24462890625,
      "mid_mean": -32.81840515136719,
      "mid_to_side_loudness": -4.59555196762085,
      "mid_to_side_loudness_range": 6.382506370544434,
      "side_mean": -37.42392349243164
    },
    {
      "high_freq": 12199.2666015625,
      "loudness": -32.874210357666016,
      "loudness_range": 13.695882797241211,
      "low_freq": 7314.1640625,
      "mid_mean": -31.35493278503418,
      "mid_to_side_loudness": -2.1677515506744385,
      "mid_to_side_loudness_range": 3.4351508617401123,
      "side_mean": -33.515316009521484
    },
    {
      "loudness": -33.808284759521484,
      "loudness_range": 15.687763214111328,
      "low_freq": 12199.2666015625,
      "mid_mean": -32.20668029785156,
      "mid_to_side_loudness": -2.3058881759643555,
      "mid_to_side_loudness_range": 3.0876338481903076,
      "side_mean": -34.49647903442383
    }
  ],
  "bands_short": [
    {
      "high_freq": 148.1999969482422,
      "loudness": -27.171520233154297,
      "loudness_range": 26.091106414794922,
      "mid_mean": -23.776620864868164,
      "mid_to_side_loudness": -17.315750122070312,
      "mid_to_side_loudness_range": 28.556800842285156,
      "side_mean": -41.85654067993164
    },
    {
      "high_freq": 392.3793640136719,
      "loudness": -25.489791870117188,
      "loudness_range": 19.109277725219727,
      "low_freq": 148.1999969482422,
      "mid_mean": -22.602951049804688,
      "mid_to_side_loudness": -9.672385215759277,
      "mid_to_side_loudness_range": 18.488176345825195,
      "side_mean": -32.65287399291992
    },
    {
      "high_freq": 794.6976318359375,
      "loudness": -27.84100914001465,
      "loudness_range": 21.983352661132812,
      "low_freq": 392.3793640136719,
      "mid_mean": -26.259599685668945,
      "mid_to_side_loudness": -3.4176225662231445,
      "mid_to_side_loudness_range": 12.848455429077148,
      "side_mean": -29.633831024169922
    },
    {
      "high_freq": 1457.5709228515625,
      "loudness": -31.945762634277344,
      "loudness_range": 23.997955322265625,
      "low_freq": 794.6976318359375,
      "mid_mean": -30.383533477783203,
      "mid_to_side_loudness": -3.478980302810669,
      "mid_to_side_loudness_range": 12.713154792785645,
      "side_mean": -33.83854293823242
    },
    {
      "high_freq": 2549.74365234375,
      "loudness": -34.71851348876953,
      "loudness_range": 23.583833694458008,
      "low_freq": 1457.5709228515625,
      "mid_mean": -33.04989242553711,
      "mid_to_side_loudness": -3.4765090942382812,
      "mid_to_side_loudness_range": 10.80960464477539,
      "side_mean": -36.62630081176758
    },
    {
      "high_freq": 4349.24462890625,
      "loudness": -37.76423645019531,
      "loudness_range": 25.331756591796875,
      "low_freq": 2549.74365234375,
      "mid_mean": -35.808921813964844,
      "mid_to_side_loudness": -4.10915470123291,
      "mid_to_side_loudness_range": 9.109436988830566,
      "side_mean": -40.094730377197266
    },
    {
      "high_freq": 7314.1640625,
      "loudness": -41.40834045410156,
      "loudness_range": 30.28650665283203,
      "low_freq": 4349.24462890625,
      "mid_mean": -39.72871398925781,
      "mid_to_side_loudness": -3.147425651550293,
      "mid_to_side_loudness_range": 7.518117904663086,
      "side_mean": -43.037757873535156
    },
    {
      "high_freq": 12199.2666015625,
      "loudness": -41.657772064208984,
      "loudness_range": 34.37118911743164,
      "low_freq": 7314.1640625,
      "mid_mean": -40.71345901489258,
      "mid_to_side_loudness": -1.5684362649917603,
      "mid_to_side_loudness_range": 4.90313196182251,
      "side_mean": -42.3917236328125
    },
    {
      "loudness": -44.69405746459961,
      "loudness_range": 39.024085998535156,
      "low_freq": 12199.2666015625,
      "mid_mean": -45.30855941772461,
      "mid_to_side_loudness": -1.1162089109420776,
      "mid_to_side_loudness_range": 4.793846130371094,
      "side_mean": -46.3503303527832
    }
  ],
  "bandwidth": 465.5921936035156,
  "channels": 2,
  "covariance": [
    [
      48.301727294921875,
      21.498342514038086,
      21.545236587524414,
      10.273397445678711,
      2.5237879753112793,
      2.9588329792022705,
      0.8690463900566101,
      3.3321704864501953,
      0.2674359977245331,
      1.7224442958831787,
      2.9547276496887207,
      4.239119052886963,
      4.367987632751465,
      5.031071662902832,
      4.042446136474609,
      5.025086402893066,
      2.7428131103515625,
      3.6596767902374268
    ],
    [
      21.498342514038086,
      47.80753707885742,
      20.14757537841797,
      27.077299118041992,
      16.161117553710938,
      15.189291954040527,
      22.922775268554688,
      20.15434455871582,
      18.287460327148438,
      20.227270126342773,
      18.366159439086914,
      19.231882095336914,
      19.107532501220703,
      17.509984970092773,
      16.649272918701172,
      15.692984580993652,
      16.16118812561035,
      15.700631141662598
    ],
    [
      21.545236587524414,
      20.14757537841797,
      31.60560417175293,
      24.093111038208008,
      12.697531700134277,
      10.77121353149414,
      12.399919509887695,
      10.873303413391113,
      11.56408405303955,
      12.108383178710938,
      12.806395530700684,
      12.568705558776855,
      12.464189529418945,
      11.752612113952637,
      11.458098411560059,
      10.93321704864502,
      9.606513023376465,
      9.736549377441406
    ],
    [
      10.273397445678711,
      27.077299118041992,
      24.093111038208008,
      45.09779357910156,
      19.534317016601562,
      18.036279678344727,
      22.413171768188477,
      20.57423210144043,
      17.466407775878906,
      21.89157485961914,
      14.58803653717041,
      17.0499210357666,
      14.009809494018555,
      13.935783386230469,
      13.044756889343262,
      12.255048751831055,
      12.276371002197266,
      11.557039260864258
    ],
    [
      2.5237879753112793,
      16.161117553710938,
      12.697531700134277,
      19.534317016601562,
      39.93902587890625,
      32.468448638916016,
      28.221702575683594,
      24.33197593688965,
      26.837566375732422,
      26.713136672973633,
      21.9815731048584,
      21.585243225097656,
      16.525115966796875,
      15.204249382019043,
      13.052093505859375,
      12.173770904541016,
      11.918071746826172,
      12.008078575134277
    ],
    [
      2.9588329792022705,
      15.189291954040527,
      10.77121353149414,
      18.036279678344727,
      32.468448638916016,
      38.71609115600586,
      25.904939651489258,
      26.72736358642578,
      26.653345108032227,
      28.11405372619629,
      21.345714569091797,
      22.012624740600586,
      14.12275505065918,
      13.437981605529785,
      11.934768676757812,
      11.140202522277832,
      11.041682243347168,
      11.264269828796387
    ],
    [
      0.8690463900566101,
      22.922775268554688,
      12.399919509887695,
      22.413171768188477,
      28.221702575683594,
      25.904939651489258,
      57.14105224609375,
      43.710060119628906,
      39.82622528076172,
      35.59978103637695,
      34.55537033081055,
      34.92457580566406,
      27.083263397216797,
      23.927194595336914,
      21.159595489501953,
      19.385334014892578,
      20.422693252563477,
      20.245037078857422
    ],
    [
      3.3321704864501953,
      20.15434455871582,
      10.873303413391113,
      20.57423210144043,
      24.33197593688965,
      26.72736358642578,
      43.710060119628906,
      48.7673225402832,
      33.880126953125,
      34.268192291259766,
      28.256465911865234,
      31.468904495239258,
      19.664688110351562,
      19.26338768005371,
      16.172466278076172,
      15.631622314453125,
      15.39588451385498,
      16.11358070373535
    ],
    [
      0.2674359977245331,
      18.287460327148438,
      11.56408405303955,
      17.466407775878906,
      26.837566375732422,
      26.653345108032227,
      39.82622528076172,
      33.880126953125,
      44.930076599121094,
      37.6394157409668,
      37.01723098754883,
      34.10414505004883,
      28.18848419189453,
      24.457143783569336,
      21.755287170410156,
      19.578889846801758,
      20.203588485717773,
      20.086807250976562
    ],
    [
      1.7224442958831787,
      20.227270126342773,
      12.108383178710938,
      21.89157485961914,
      26.713136672973633,
      28.11405372619629,
      35.59978103637695,
      34.268192291259766,
      37.6394157409668,
      42.217010498046875,
      31.112802505493164,
      32.571102142333984,
      23.784196853637695,
      22.703163146972656,
      19.63589096069336,
      18.643192291259766,
      18.519609451293945,
      18.90770149230957
    ],
    [
      2.9547276496887207,
      18.366159439086914,
      12.806395530700684,
      14.58803653717041,
      21.9815731048584,
      21.345714569091797,
      34.55537033081055,
      28.256465911865234,
      37.01723098754883,
      31.112802505493164,
      44.36741638183594,
      36.28009796142578,
      34.406394958496094,
      28.623414993286133,
      25.277320861816406,
      22.183542251586914,
      22.781118392944336,
      23.01181983947754
    ],
    [
      4.239119052886963,
      19.231882095336914,
      12.568705558776855,
      17.0499210357666,
      21.585243225097656,
      22.012624740600586,
      34.92457580566406,
      31.468904495239258,
      34.10414505004883,
      32.571102142333984,
      36.28009796142578,
      37.896915435791016,
      28.63531494140625,
      26.871692657470703,
      22.60968017578125,
      21.30699348449707,
      20.82392692565918,
      21.40968132019043
    ],
    [
      4.367987632751465,
      19.107532501220703,
      12.464189529418945,
      14.009809494018555,
      16.525115966796875,
      14.12275505065918,
      27.083263397216797,
      19.664688110351562,
      28.18848419189453,
      23.784196853637695,
      34.406394958496094,
      28.63531494140625,
      40.44715118408203,
      32.7881965637207,
      31.639591217041016,
      27.05278205871582,
      30.221786499023438,
      29.40923500061035
    ],
    [
      5.031071662902832,
      17.509984970092773,
      11.752612113952637,
      13.935783386230469,
      15.204249382019043,
      13.437981605529785,
      23.927194595336914,
      19.26338768005371,
      24.457143783569336,
      22.703163146972656,
      28.623414993286133,
      26.871692657470703,
      32.7881965637207,
      31.4594669342041,
      28.399965286254883,
      26.21001434326172,
      27.519575119018555,
      27.628047943115234
    ],
    [
      4.042446136474609,
      16.649272918701172,
      11.458098411560059,
      13.044756889343262,
      13.052093505859375,
      11.934768676757812,
      21.159595489501953,
      16.172466278076172,
      21.755287170410156,
      19.63589096069336,
      25.277320861816406,
      22.60968017578125,
      31.639591217041016,
      28.399965286254883,
      32.50583267211914,
      28.849552154541016,
      32.32442855834961,
      31.19271469116211
    ],
    [
      5.025086402893066,
      15.692984580993652,
      10.93321704864502,
      12.255048751831055,
      12.173770904541016,
      11.140202522277832,
      19.385334014892578,
      15.631622314453125,
      19.578889846801758,
      18.643192291259766,
      22.183542251586914,
      21.30699348449707,
      27.05278205871582,
      26.21001434326172,
      28.849552154541016,
      28.01434326171875,
      29.133779525756836,
      29.163818359375
    ],
    [
      2.7428131103515625,
      16.16118812561035,
      9.606513023376465,
      12.276371002197266,
      11.918071746826172,
      11.041682243347168,
      20.422693252563477,
      15.39588451385498,
      20.203588485717773,
      18.519609451293945,
      22.781118392944336,
      20.82392692565918,
      30.221786499023438,
      27.519575119018555,
      32.32442855834961,
      29.133779525756836,
      37.46847915649414,
      35.06227111816406
    ],
    [
      3.6596767902374268,
      15.700631141662598,
      9.736549377441406,
      11.557039260864258,
      12.008078575134277,
      11.264269828796387,
      20.245037078857422,
      16.11358070373535,
      20.086807250976562,
      18.90770149230957,
      23.01181983947754,
      21.40968132019043,
      29.40923500061035,
      27.628047943115234,
      31.19271469116211,
      29.163818359375,
      35.06227111816406,
      34.93960952758789
    ]
  ],
  "covariance_short": [
    [
      82.56784057617188,
      26.309917449951172,
      37.60261535644531,
      17.855239868164062,
      9.485774993896484,
      8.647825241088867,
      6.992613315582275,
      8.354329109191895,
      7.037612438201904,
      7.8460373878479,
      9.972858428955078,
      10.568001747131348,
      12.94513988494873,
      14.053169250488281,
      18.19198989868164,
      20.19634246826172,
      21.56611442565918,
      23.36836051940918
    ],
    [
      26.309917449951172,
      62.736236572265625,
      23.216812133789062,
      33.35898971557617,
      21.074676513671875,
      20.645750045776367,
      27.778480529785156,
      24.7733097076416,
      24.405088424682617,
      26.176448822021484,
      24.63768768310547,
      25.0584659576416,
      23.482925415039062,
      23.710813522338867,
      21.23442840576172,
      21.416732788085938,
      21.610210418701172,
      22.78004264831543
    ],
    [
      37.60261535644531,
      23.216812133789062,
      50.39881134033203,
      30.20307731628418,
      20.18760108947754,
      16.524682998657227,
      16.777128219604492,
      15.558454513549805,
      17.463077545166016,
      18.018070220947266,
      20.53460693359375,
      19.228755950927734,
      21.11319923400879,
      20.460538864135742,
      21.423864364624023,
      22.244352340698242,
      23.698354721069336,
      24.707046508789062
    ],
    [
      17.855239868164062,
      33.35898971557617,
      30.20307731628418,
      57.233787536621094,
      27.187253952026367,
      26.29479217529297,
      28.69658660888672,
      26.392921447753906,
      25.464492797851562,
      29.036029815673828,
      24.213960647583008,
      24.296367645263672,
      22.071319580078125,
      22.265050888061523,
      20.00690460205078,
      20.412059783935547,
      20.98088836669922,
      21.714677810668945
    ],
    [
      9.485774993896484,
      21.074676513671875,
      20.18760108947754,
      27.187253952026367,
      63.89063262939453,
      50.63693618774414,
      42.382869720458984,
      36.98819351196289,
      42.158287048339844,
      39.81013107299805,
      41.36561965942383,
      36.783592224121094,
      35.593746185302734,
      32.551273345947266,
      30.018823623657227,
      29.59494400024414,
      31.622638702392578,
      31.653282165527344
    ],
    [
      8.647825241088867,
      20.645750045776367,
      16.524682998657227,
      26.29479217529297,
      50.63693618774414,
      62.828147888183594,
      40.014869689941406,
      40.406646728515625,
      41.67634582519531,
      42.51419448852539,
      39.88262939453125,
      36.84058380126953,
      30.85166358947754,
      29.098190307617188,
      25.949708938598633,
      25.997787475585938,
      27.552547454833984,
      27.661895751953125
    ],
    [
      6.992613315582275,
      27.778480529785156,
      16.777128219604492,
      28.69658660888672,
      42.382869720458984,
      40.014869689941406,
      74.853515625,
      57.348426818847656,
      58.34195327758789,
      52.367958068847656,
      54.145938873291016,
      49.62041091918945,
      46.31177520751953,
      42.72002029418945,
      39.1396369934082,
      38.373374938964844,
      42.19620132446289,
      41.61822509765625
    ],
    [
      8.354329109191895,
      24.7733097076416,
      15.558454513549805,
      26.392921447753906,
      36.98819351196289,
      40.406646728515625,
      57.348426818847656,
      64.47535705566406,
      51.46379852294922,
      50.22475814819336,
      47.291542053222656,
      46.48540496826172,
      37.04038619995117,
      35.782676696777344,
      30.99396324157715,
      31.310684204101562,
      33.0630989074707,
      33.001705169677734
    ],
    [
      7.037612438201904,
      24.405088424682617,
      17.463077545166016,
      25.464492797851562,
      42.158287048339844,
      41.67634582519531,
      58.34195327758789,
      51.46379852294922,
      71.21247100830078,
      58.300533294677734,
      62.65792465209961,
      55.011634826660156,
      55.5739631652832,
      49.852298736572266,
      48.42774200439453,
      46.69355010986328,
      51.1789436340332,
      49.89362716674805
    ],
    [
      7.8460373878479,
      26.176448822021484,
      18.018070220947266,
      29.036029815673828,
      39.81013107299805,
      42.51419448852539,
      52.367958068847656,
      50.22475814819336,
      58.300533294677734,
      64.43153381347656,
      54.66593551635742,
      51.85524368286133,
      47.43840789794922,
      45.0176887512207,
      41.38111877441406,
      40.64216613769531,
      44.147579193115234,
      43.4228515625
    ],
    [
      9.972858428955078,
      24.63768768310547,
      20.53460693359375,
      24.213960647583008,
      41.36561965942383,
      39.88262939453125,
      54.145938873291016,
      47.291542053222656,
      62.65792465209961,
      54.66593551635742,
      81.9801254272461,
      66.23589324951172,
      76.95667266845703,
      66.80829620361328,
      69.15245819091797,
      65.150390625,
      73.13947296142578,
      69.97795104980469
    ],
    [
      10.568001747131348,
      25.0584659576416,
      19.228755950927734,
      24.296367645263672,
      36.783592224121094,
      36.84058380126953,
      49.62041091918945,
      46.48540496826172,
      55.011634826660156,
      51.85524368286133,
      66.23589324951172,
      65.80236053466797,
      64.5623550415039,
      60.09541320800781,
      59.14985275268555,
      57.8751220703125,
      62.9467887878418,
      61.23662185668945
    ],
    [
      12.94513988494873,
      23.482925415039062,
      21.11319923400879,
      22.071319580078125,
      35.593746185302734,
      30.85166358947754,
      46.31177520751953,
      37.04038619995117,
      55.5739631652832,
      47.43840789794922,
      76.95667266845703,
      64.5623550415039,
      108.73323059082031,
      91.79085540771484,
      108.3167495727539,
      100.47142028808594,
      116.85643005371094,
      110.25829315185547
    ],
    [
      14.053169250488281,
      23.710813522338867,
      20.460538864135742,
      22.265050888061523,
      32.551273345947266,
      29.098190307617188,
      42.72002029418945,
      35.782676696777344,
      49.852298736572266,
      45.0176887512207,
      66.80829620361328,
      60.09541320800781,
      91.79085540771484,
      87.16860961914062,
      96.17060089111328,
      92.71519470214844,
      106.17098999023438,
      101.62006378173828
    ],
    [
      18.19198989868164,
      21.23442840576172,
      21.423864364624023,
      20.00690460205078,
      30.018823623657227,
      25.949708938598633,
      39.1396369934082,
      30.99396324157715,
      48.42774200439453,
      41.38111877441406,
      69.15245819091797,
      59.14985275268555,
      108.3167495727539,
      96.17060089111328,
      138.2851104736328,
      129.39556884765625,
      151.66964721679688,
      143.56944274902344
    ],
    [
      20.19634246826172,
      21.416732788085938,
      22.244352340698242,
      20.412059783935547,
      29.59494400024414,
      25.997787475585938,
      38.373374938964844,
      31.310684204101562,
      46.69355010986328,
      40.64216613769531,
      65.150390625,
      57.8751220703125,
      100.47142028808594,
      92.71519470214844,
      129.39556884765625,
      128.7382354736328,
      146.6295166015625,
      140.95867919921875
    ],
    [
      21.56611442565918,
      21.610210418701172,
      23.698354721069336,
      20.98088836669922,
      31.622638702392578,
      27.552547454833984,
      42.19620132446289,
      33.0630989074707,
      51.1789436340332,
      44.147579193115234,
      73.13947296142578,
      62.9467887878418,
      116.85643005371094,
      106.17098999023438,
      151.66964721679688,
      146.6295166015625,
      187.47276306152344,
      176.38124084472656
    ],
    [
      23.36836051940918,
      22.78004264831543,
      24.707046508789062,
      21.714677810668945,
      31.653282165527344,
      27.661895751953125,
      41.61822509765625,
      33.001705169677734,
      49.89362716674805,
      43.4228515625,
      69.97795104980469,
      61.23662185668945,
      110.25829315185547,
      101.62006378173828,
      143.56944274902344,
      140.95867919921875,
      176.38124084472656,
      172.19532775878906
    ]
  ],
  "damage": -7.728482723236084,
  "diff_bandwidth": 492.7589416503906,
  "dissonance": 8.767183893345102,
  "drr": 10.267120361328125,
  "dynamics": 3.3785507678985596,
  "format": 1245190,
  "frames": 14698496,
  "loudness": -13.411354064941406,
  "loudness_range": 7.787874221801758,
  "loudness_range_short": 14.492605209350586,
  "lowpass_true_peak_15khz": 2.0585412979125977,
  "mastering3_acoustic_entropies": [
    {
      "acoustic_entropy": 8.132896423339844,
      "acoustic_entropy_mono": 8.965723991394043,
      "band_eliminated_acoustic_entropies": [
        {
          "acoustic_entropy": 8.371404647827148,
          "acoustic_entropy_side": 8.13300609588623,
          "hz": 129.47220167065723
        },
        {
          "acoustic_entropy": 8.47414779663086,
          "acoustic_entropy_side": 8.140832901000977,
          "hz": 202.92927478742237
        },
        {
          "acoustic_entropy": 8.796418190002441,
          "acoustic_entropy_side": 8.147932052612305,
          "hz": 282.89161906338205
        },
        {
          "acoustic_entropy": 8.607400894165039,
          "acoustic_entropy_side": 8.108070373535156,
          "hz": 369.9353335868758
        },
        {
          "acoustic_entropy": 8.68540096282959,
          "acoustic_entropy_side": 7.777646064758301,
          "hz": 464.6875360973435
        },
        {
          "acoustic_entropy": 7.985404968261719,
          "acoustic_entropy_side": 8.174205780029297,
          "hz": 567.8308811364784
        },
        {
          "acoustic_entropy": 8.006952285766602,
          "acoustic_entropy_side": 8.746627807617188,
          "hz": 680.1084783214808
        },
        {
          "acoustic_entropy": 8.080440521240234,
          "acoustic_entropy_side": 8.13034439086914,
          "hz": 802.3292461747484
        },
        {
          "acoustic_entropy": 8.777438163757324,
          "acoustic_entropy_side": 8.326348304748535,
          "hz": 935.3737400823702
        },
        {
          "acoustic_entropy": 8.733428001403809,
          "acoustic_entropy_side": 8.935344696044922,
          "hz": 1080.2004963696966
        },
        {
          "acoustic_entropy": 8.117823600769043,
          "acoustic_entropy_side": 8.37741470336914,
          "hz": 1237.8529382007157
        },
        {
          "acoustic_entropy": 8.079084396362305,
          "acoustic_entropy_side": 7.864950180053711,
          "hz": 1409.4668930556702
        },
        {
          "acoustic_entropy": 7.961083889007568,
          "acoustic_entropy_side": 8.135896682739258,
          "hz": 1596.2787759475705
        },
        {
          "acoustic_entropy": 8.061872482299805,
          "acoustic_entropy_side": 8.117551803588867,
          "hz": 1799.6344973346393
        },
        {
          "acoustic_entropy": 8.25056266784668,
          "acoustic_entropy_side": 8.209857940673828,
          "hz": 2020.9991599069049
        },
        {
          "acoustic_entropy": 8.278696060180664,
          "acoustic_entropy_side": 8.1415433883667,
          "hz": 2261.9676141086993
        },
        {
          "acoustic_entropy": 8.150981903076172,
          "acoustic_entropy_side": 8.231379508972168,
          "hz": 2524.2759484456974
        },
        {
          "acoustic_entropy": 8.001740455627441,
          "acoustic_entropy_side": 8.170564651489258,
          "hz": 2809.813997359896
        },
        {
          "acoustic_entropy": 8.100733757019043,
          "acoustic_entropy_side": 8.151543617248535,
          "hz": 3120.6389567871424
        },
        {
          "acoustic_entropy": 8.06367015838623,
          "acoustic_entropy_side": 8.164685249328613,
          "hz": 3458.990205492291
        },
        {
          "acoustic_entropy": 8.088650703430176,
          "acoustic_entropy_side": 8.11337947845459,
          "hz": 3827.305438964164
        },
        {
          "acoustic_entropy": 8.172523498535156,
          "acoustic_entropy_side": 8.164889335632324,
          "hz": 4228.238232109126
        },
        {
          "acoustic_entropy": 8.176831245422363,
          "acoustic_entropy_side": 8.140143394470215,
          "hz": 4664.6771572759235
        },
        {
          "acoustic_entropy": 8.183771133422852,
          "acoustic_entropy_side": 8.131207466125488,
          "hz": 5139.766595350093
        },
        {
          "acoustic_entropy": 8.200142860412598,
          "acoustic_entropy_side": 8.144468307495117,
          "hz": 5656.929389854203
        },
        {
          "acoustic_entropy": 8.096000671386719,
          "acoustic_entropy_side": 8.121010780334473,
          "hz": 6219.891507268283
        },
        {
          "acoustic_entropy": 8.124262809753418,
          "acoustic_entropy_side": 8.137700080871582,
          "hz": 6832.70888123896
        },
        {
          "acoustic_entropy": 8.106467247009277,
          "acoustic_entropy_side": 8.16232681274414,
          "hz": 7499.796634079867
        },
        {
          "acoustic_entropy": 8.145121574401855,
          "acoustic_entropy_side": 8.152932167053223,
          "hz": 8225.96088609342
        },
        {
          "acoustic_entropy": 8.098461151123047,
          "acoustic_entropy_side": 8.121809959411621,
          "hz": 9016.43338188839
        },
        {
          "acoustic_entropy": 8.096238136291504,
          "acoustic_entropy_side": 8.143414497375488,
          "hz": 9876.909183162974
        },
        {
          "acoustic_entropy": 8.161056518554688,
          "acoustic_entropy_side": 8.187996864318848,
          "hz": 10813.587699516042
        },
        {
          "acoustic_entropy": 8.071288108825684,
          "acoustic_entropy_side": 8.118300437927246,
          "hz": 11833.21735289826
        },
        {
          "acoustic_entropy": 8.15873908996582,
          "acoustic_entropy_side": 8.190726280212402,
          "hz": 12943.144197493959
        },
        {
          "acoustic_entropy": 8.111241340637207,
          "acoustic_entropy_side": 8.14270305633545,
          "hz": 14151.364845322005
        },
        {
          "acoustic_entropy": 8.107449531555176,
          "acoustic_entropy_side": 8.14627456665039,
          "hz": 15466.58407886509
        },
        {
          "acoustic_entropy": 8.008009910583496,
          "acoustic_entropy_side": 8.096786499023438,
          "hz": 16898.27756580493
        },
        {
          "acoustic_entropy": 8.279598236083984,
          "acoustic_entropy_side": 8.018048286437988,
          "hz": 18456.760127700032
        },
        {
          "acoustic_entropy": 8.314702033996582,
          "acoustic_entropy_side": 8.092845916748047,
          "hz": 20153.260054456492
        },
        {
          "acoustic_entropy": 8.130393028259277,
          "acoustic_entropy_side": 8.132664680480957,
          "hz": 22000.00000000001
        }
      ],
      "diff_acoustic_entropy": 9.198064804077148,
      "sn": 6
    },
    {
      "acoustic_entropy": 14.39920425415039,
      "acoustic_entropy_mono": 13.628470420837402,
      "band_eliminated_acoustic_entropies": [
        {
          "acoustic_entropy": 13.34097671508789,
          "acoustic_entropy_side": 14.381244659423828,
          "hz": 129.47220167065723
        },
        {
          "acoustic_entropy": 13.73675537109375,
          "acoustic_entropy_side": 14.234087944030762,
          "hz": 202.92927478742237
        },
        {
          "acoustic_entropy": 13.932816505432129,
          "acoustic_entropy_side": 14.039880752563477,
          "hz": 282.89161906338205
        },
        {
          "acoustic_entropy": 13.600045204162598,
          "acoustic_entropy_side": 14.207318305969238,
          "hz": 369.9353335868758
        },
        {
          "acoustic_entropy": 14.211784362792969,
          "acoustic_entropy_side": 13.935579299926758,
          "hz": 464.6875360973435
        },
        {
          "acoustic_entropy": 14.032352447509766,
          "acoustic_entropy_side": 14.566030502319336,
          "hz": 567.8308811364784
        },
        {
          "acoustic_entropy": 13.517796516418457,
          "acoustic_entropy_side": 14.059853553771973,
          "hz": 680.1084783214808
        },
        {
          "acoustic_entropy": 14.276386260986328,
          "acoustic_entropy_side": 14.312490463256836,
          "hz": 802.3292461747484
        },
        {
          "acoustic_entropy": 14.72551441192627,
          "acoustic_entropy_side": 14.296486854553223,
          "hz": 935.3737400823702
        },
        {
          "acoustic_entropy": 13.363394737243652,
          "acoustic_entropy_side": 14.172464370727539,
          "hz": 1080.2004963696966
        },
        {
          "acoustic_entropy": 13.782364845275879,
          "acoustic_entropy_side": 14.392836570739746,
          "hz": 1237.8529382007157
        },
        {
          "acoustic_entropy": 14.079263687133789,
          "acoustic_entropy_side": 13.93363094329834,
          "hz": 1409.4668930556702
        },
        {
          "acoustic_entropy": 14.22529411315918,
          "acoustic_entropy_side": 13.801567077636719,
          "hz": 1596.2787759475705
        },
        {
          "acoustic_entropy": 13.618109703063965,
          "acoustic_entropy_side": 14.293694496154785,
          "hz": 1799.6344973346393
        },
        {
          "acoustic_entropy": 14.57857894897461,
          "acoustic_entropy_side": 14.436760902404785,
          "hz": 2020.9991599069049
        },
        {
          "acoustic_entropy": 14.627423286437988,
          "acoustic_entropy_side": 14.356499671936035,
          "hz": 2261.9676141086993
        },
        {
          "acoustic_entropy": 14.26741886138916,
          "acoustic_entropy_side": 14.19459056854248,
          "hz": 2524.2759484456974
        },
        {
          "acoustic_entropy": 14.376218795776367,
          "acoustic_entropy_side": 14.297462463378906,
          "hz": 2809.813997359896
        },
        {
          "acoustic_entropy": 14.314006805419922,
          "acoustic_entropy_side": 14.377715110778809,
          "hz": 3120.6389567871424
        },
        {
          "acoustic_entropy": 14.270917892456055,
          "acoustic_entropy_side": 14.253743171691895,
          "hz": 3458.990205492291
        },
        {
          "acoustic_entropy": 14.212937355041504,
          "acoustic_entropy_side": 14.25509262084961,
          "hz": 3827.305438964164
        },
        {
          "acoustic_entropy": 14.441810607910156,
          "acoustic_entropy_side": 14.546064376831055,
          "hz": 4228.238232109126
        },
        {
          "acoustic_entropy": 14.238937377929688,
          "acoustic_entropy_side": 14.378700256347656,
          "hz": 4664.6771572759235
        },
        {
          "acoustic_entropy": 14.301275253295898,
          "acoustic_entropy_side": 14.430216789245605,
          "hz": 5139.766595350093
        },
        {
          "acoustic_entropy": 14.347489356994629,
          "acoustic_entropy_side": 14.442620277404785,
          "hz": 5656.929389854203
        },
        {
          "acoustic_entropy": 14.373067855834961,
          "acoustic_entropy_side": 14.493545532226562,
          "hz": 6219.891507268283
        },
        {
          "acoustic_entropy": 14.52081298828125,
          "acoustic_entropy_side": 14.552718162536621,
          "hz": 6832.70888123896
        },
        {
          "acoustic_entropy": 14.538908958435059,
          "acoustic_entropy_side": 14.54025936126709,
          "hz": 7499.796634079867
        },
        {
          "acoustic_entropy": 14.427200317382812,
          "acoustic_entropy_side": 14.46712875366211,
          "hz": 8225.96088609342
        },
        {
          "acoustic_entropy": 14.320213317871094,
          "acoustic_entropy_side": 14.386758804321289,
          "hz": 9016.43338188839
        },
        {
          "acoustic_entropy": 14.437013626098633,
          "acoustic_entropy_side": 14.42943286895752,
          "hz": 9876.909183162974
        },
        {
          "acoustic_entropy": 14.348307609558105,
          "acoustic_entropy_side": 14.393636703491211,
          "hz": 10813.587699516042
        },
        {
          "acoustic_entropy": 14.41273021697998,
          "acoustic_entropy_side": 14.403995513916016,
          "hz": 11833.21735289826
        },
        {
          "acoustic_entropy": 14.408620834350586,
          "acoustic_entropy_side": 14.415755271911621,
          "hz": 12943.144197493959
        },
        {
          "acoustic_entropy": 14.308145523071289,
          "acoustic_entropy_side": 14.382226943969727,
          "hz": 14151.364845322005
        },
        {
          "acoustic_entropy": 14.276901245117188,
          "acoustic_entropy_side": 14.337499618530273,
          "hz": 15466.58407886509
        },
        {
          "acoustic_entropy": 14.32216739654541,
          "acoustic_entropy_side": 14.307636260986328,
          "hz": 16898.27756580493
        },
        {
          "acoustic_entropy": 14.6289701461792,
          "acoustic_entropy_side": 14.503430366516113,
          "hz": 18456.760127700032
        },
        {
          "acoustic_entropy": 14.58543586730957,
          "acoustic_entropy_side": 14.501917839050293,
          "hz": 20153.260054456492
        },
        {
          "acoustic_entropy": 14.414755821228027,
          "acoustic_entropy_side": 14.401626586914062,
          "hz": 22000.00000000001
        }
      ],
      "diff_acoustic_entropy": 13.562203407287598,
      "sn": 12
    },
    {
      "acoustic_entropy": 20.918167114257812,
      "acoustic_entropy_mono": 17.36012077331543,
      "band_eliminated_acoustic_entropies": [
        {
          "acoustic_entropy": 20.327787399291992,
          "acoustic_entropy_side": 20.923843383789062,
          "hz": 129.47220167065723
        },
        {
          "acoustic_entropy": 20.784732818603516,
          "acoustic_entropy_side": 20.763351440429688,
          "hz": 202.92927478742237
        },
        {
          "acoustic_entropy": 20.915424346923828,
          "acoustic_entropy_side": 20.60761833190918,
          "hz": 282.89161906338205
        },
        {
          "acoustic_entropy": 21.65920639038086,
          "acoustic_entropy_side": 21.315746307373047,
          "hz": 369.9353335868758
        },
        {
          "acoustic_entropy": 20.393817901611328,
          "acoustic_entropy_side": 20.53377914428711,
          "hz": 464.6875360973435
        },
        {
          "acoustic_entropy": 21.058876037597656,
          "acoustic_entropy_side": 20.351974487304688,
          "hz": 567.8308811364784
        },
        {
          "acoustic_entropy": 20.31976318359375,
          "acoustic_entropy_side": 21.13880157470703,
          "hz": 680.1084783214808
        },
        {
          "acoustic_entropy": 19.893648147583008,
          "acoustic_entropy_side": 20.964298248291016,
          "hz": 802.3292461747484
        },
        {
          "acoustic_entropy": 21.060279846191406,
          "acoustic_entropy_side": 21.437246322631836,
          "hz": 935.3737400823702
        },
        {
          "acoustic_entropy": 21.724918365478516,
          "acoustic_entropy_side": 19.920190811157227,
          "hz": 1080.2004963696966
        },
        {
          "acoustic_entropy": 20.443971633911133,
          "acoustic_entropy_side": 20.86301040649414,
          "hz": 1237.8529382007157
        },
        {
          "acoustic_entropy": 19.301435470581055,
          "acoustic_entropy_side": 20.33298110961914,
          "hz": 1409.4668930556702
        },
        {
          "acoustic_entropy": 21.03455352783203,
          "acoustic_entropy_side": 21.047109603881836,
          "hz": 1596.2787759475705
        },
        {
          "acoustic_entropy": 20.33439826965332,
          "acoustic_entropy_side": 20.866186141967773,
          "hz": 1799.6344973346393
        },
        {
          "acoustic_entropy": 20.437198638916016,
          "acoustic_entropy_side": 20.63542366027832,
          "hz": 2020.9991599069049
        },
        {
          "acoustic_entropy": 20.822494506835938,
          "acoustic_entropy_side": 21.041215896606445,
          "hz": 2261.9676141086993
        },
        {
          "acoustic_entropy": 20.502113342285156,
          "acoustic_entropy_side": 20.6790828704834,
          "hz": 2524.2759484456974
        },
        {
          "acoustic_entropy": 20.87005615234375,
          "acoustic_entropy_side": 21.11671257019043,
          "hz": 2809.813997359896
        },
        {
          "acoustic_entropy": 21.02552604675293,
