{
  "acoustic_entropy": 217.24142456054688,
  "bands": [
    {
      "high_freq": 148.1999969482422,
      "loudness": -30.09144401550293,
      "loudness_range": 11.859027862548828,
      "mid_mean": -27.689773559570312,
      "mid_to_side_loudness": -5.10645866394043,
      "mid_to_side_loudness_range": 6.804069995880127,
      "side_mean": -32.76654052734375
    },
    {
      "high_freq": 392.3793640136719,
      "loudness": -29.5122013092041,
      "loudness_range": 11.622819900512695,
      "low_freq": 148.1999969482422,
      "mid_mean": -28.52620506286621,
      "mid_to_side_loudness": -0.8849880695343018,
      "mid_to_side_loudness_range": 5.11325740814209,
      "side_mean": -29.323942184448242
    },
    {
      "high_freq": 794.6976318359375,
      "loudness": -31.280710220336914,
      "loudness_range": 10.679830551147461,
      "low_freq": 392.3793640136719,
      "mid_mean": -30.307363510131836,
      "mid_to_side_loudness": -0.8144052028656006,
      "mid_to_side_loudness_range": 5.3676347732543945,
      "side_mean": -31.105871200561523
    },
    {
      "high_freq": 1457.5709228515625,
      "loudness": -31.620044708251953,
      "loudness_range": 15.47677993774414,
      "low_freq": 794.6976318359375,
      "mid_mean": -30.253219604492188,
      "mid_to_side_loudness": -1.7658265829086304,
      "mid_to_side_loudness_range": 5.3954081535339355,
      "side_mean": -31.991090774536133
    },
    {
      "high_freq": 2549.74365234375,
      "loudness": -31.03066635131836,
      "loudness_range": 15.093738555908203,
      "low_freq": 1457.5709228515625,
      "mid_mean": -29.16179084777832,
      "mid_to_side_loudness": -3.1851272583007812,
      "mid_to_side_loudness_range": 6.9721999168396,
      "side_mean": -32.42679214477539
    },
    {
      "high_freq": 4349.24462890625,
      "loudness": -36.67918014526367,
      "loudness_range": 21.81496238708496,
      "low_freq": 2549.74365234375,
      "mid_mean": -34.845237731933594,
      "mid_to_side_loudness": -2.9569644927978516,
      "mid_to_side_loudness_range": 4.965350151062012,
      "side_mean": -37.81193542480469
    },
    {
      "high_freq": 7314.1640625,
      "loudness": -41.392791748046875,
      "loudness_range": 20.511898040771484,
      "low_freq": 4349.24462890625,
      "mid_mean": -39.890892028808594,
      "mid_to_side_loudness": -2.213376998901367,
      "mid_to_side_loudness_range": 3.6842851638793945,
      "side_mean": -41.89502716064453
    },
    {
      "high_freq": 12199.2666015625,
      "loudness": -43.65193557739258,
      "loudness_range": 20.837276458740234,
      "low_freq": 7314.1640625,
      "mid_mean": -42.00617980957031,
      "mid_to_side_loudness": -2.3753156661987305,
      "mid_to_side_loudness_range": 2.9223060607910156,
      "side_mean": -44.24977111816406
    },
    {
      "loudness": -48.74274444580078,
      "loudness_range": 22.597469329833984,
      "low_freq": 12199.2666015625,
      "mid_mean": -46.69854736328125,
      "mid_to_side_loudness": -3.256056308746338,
      "mid_to_side_loudness_range": 2.2147655487060547,
      "side_mean": -50.442623138427734
    }
  ],
  "bands_short": [
    {
      "high_freq": 148.1999969482422,
      "loudness": -32.29677963256836,
      "loudness_range": 15.567901611328125,
      "mid_mean": -29.719392776489258,
      "mid_to_side_loudness": -6.438363552093506,
      "mid_to_side_loudness_range": 10.758743286132812,
      "side_mean": -36.25310134887695
    },
    {
      "high_freq": 392.3793640136719,
      "loudness": -30.31031608581543,
      "loudness_range": 16.208688735961914,
      "low_freq": 148.1999969482422,
      "mid_mean": -29.48912811279297,
      "mid_to_side_loudness": -0.8735893964767456,
      "mid_to_side_loudness_range": 8.858834266662598,
      "side_mean": -30.302494049072266
    },
    {
      "high_freq": 794.6976318359375,
      "loudness": -32.022857666015625,
      "loudness_range": 13.969425201416016,
      "low_freq": 392.3793640136719,
      "mid_mean": -31.281883239746094,
      "mid_to_side_loudness": -0.7718824148178101,
      "mid_to_side_loudness_range": 9.777883529663086,
      "side_mean": -32.05364990234375
    },
    {
      "high_freq": 1457.5709228515625,
      "loudness": -32.33244705200195,
      "loudness_range": 17.537874221801758,
      "low_freq": 794.6976318359375,
      "mid_mean": -31.219173431396484,
      "mid_to_side_loudness": -1.516376256942749,
      "mid_to_side_loudness_range": 9.067788124084473,
      "side_mean": -32.71467971801758
    },
    {
      "high_freq": 2549.74365234375,
      "loudness": -32.51030731201172,
      "loudness_range": 19.100820541381836,
      "low_freq": 1457.5709228515625,
      "mid_mean": -31.005828857421875,
      "mid_to_side_loudness": -2.657421588897705,
      "mid_to_side_loudness_range": 10.381157875061035,
      "side_mean": -33.71599578857422
    },
    {
      "high_freq": 4349.24462890625,
      "loudness": -37.931175231933594,
      "loudness_range": 23.96349334716797,
      "low_freq": 2549.74365234375,
      "mid_mean": -36.326114654541016,
      "mid_to_side_loudness": -2.551356315612793,
      "mid_to_side_loudness_range": 6.673986434936523,
      "side_mean": -38.89744567871094
    },
    {
      "high_freq": 7314.1640625,
      "loudness": -42.833641052246094,
      "loudness_range": 24.037458419799805,
      "low_freq": 4349.24462890625,
      "mid_mean": -41.283851623535156,
      "mid_to_side_loudness": -2.2527880668640137,
      "mid_to_side_loudness_range": 5.220330715179443,
      "side_mean": -43.47918701171875
    },
    {
      "high_freq": 12199.2666015625,
      "loudness": -45.52158737182617,
      "loudness_range": 25.331241607666016,
      "low_freq": 7314.1640625,
      "mid_mean": -43.890872955322266,
      "mid_to_side_loudness": -2.493321657180786,
      "mid_to_side_loudness_range": 4.3609490394592285,
      "side_mean": -46.29722213745117
    },
    {
      "loudness": -51.90713882446289,
      "loudness_range": 27.36993408203125,
      "low_freq": 12199.2666015625,
      "mid_mean": -50.48538589477539,
      "mid_to_side_loudness": -2.967931032180786,
      "mid_to_side_loudness_range": 3.0435476303100586,
      "side_mean": -53.20096969604492
    }
  ],
  "bandwidth": 536.2989501953125,
  "channels": 2,
  "covariance": [
    [
      20.164663314819336,
      18.233102798461914,
      12.261393547058105,
      11.532957077026367,
      10.020992279052734,
      9.574294090270996,
      12.878168106079102,
      13.167862892150879,
      10.134906768798828,
      12.251226425170898,
      17.935489654541016,
      19.781946182250977,
      20.049997329711914,
      19.900373458862305,
      21.267444610595703,
      22.061416625976562,
      25.111936569213867,
      25.020000457763672
    ],
    [
      18.233102798461914,
      21.88718605041504,
      11.586869239807129,
      11.091072082519531,
      9.64914321899414,
      9.241868019104004,
      11.010661125183105,
      11.633488655090332,
      9.075681686401367,
      10.891096115112305,
      15.962937355041504,
      17.32233238220215,
      17.686912536621094,
      17.603866577148438,
      19.15109634399414,
      19.771045684814453,
      23.156497955322266,
      22.92849349975586
    ],
    [
      12.261393547058105,
      11.586869239807129,
      18.542694091796875,
      15.902525901794434,
      12.36354923248291,
      12.394753456115723,
      15.843212127685547,
      15.941476821899414,
      12.869451522827148,
      15.060406684875488,
      22.38849639892578,
      22.80658721923828,
      22.164993286132812,
      22.775226593017578,
      21.156103134155273,
      21.836307525634766,
      22.352495193481445,
      22.154373168945312
    ],
    [
      11.532957077026367,
      11.091072082519531,
      15.902525901794434,
      16.851276397705078,
      12.141758918762207,
      12.192731857299805,
      15.1639986038208,
      15.301284790039062,
      12.562346458435059,
      14.641641616821289,
      20.600858688354492,
      21.474903106689453,
      20.874252319335938,
      20.918901443481445,
      19.601375579833984,
      20.07342529296875,
      20.258867263793945,
      20.137224197387695
    ],
    [
      10.020992279052734,
      9.64914321899414,
      12.36354923248291,
      12.141758918762207,
      16.769514083862305,
      14.555256843566895,
      17.88648796081543,
      18.2170467376709,
      15.84255313873291,
      17.959739685058594,
      24.275753021240234,
      24.870277404785156,
      22.814983367919922,
      22.171321868896484,
      20.99428367614746,
      20.869436264038086,
      19.97896385192871,
      19.846166610717773
    ],
    [
      9.574294090270996,
      9.241868019104004,
      12.394753456115723,
      12.192731857299805,
      14.555256843566895,
      15.93002986907959,
      17.59113121032715,
      18.012487411499023,
      16.057138442993164,
      17.844770431518555,
      23.75722885131836,
      24.435688018798828,
      22.6177921295166,
      21.714618682861328,
      20.837095260620117,
      20.60767936706543,
      19.82010841369629,
      19.713333129882812
    ],
    [
      12.878168106079102,
      11.010661125183105,
      15.843212127685547,
      15.1639986038208,
      17.88648796081543,
      17.59113121032715,
      30.085609436035156,
      27.747108459472656,
      22.729097366333008,
      26.00771141052246,
      35.947811126708984,
      36.13343048095703,
      31.994564056396484,
      31.302881240844727,
      28.841989517211914,
      28.903751373291016,
      27.54256248474121,
      27.402645111083984
    ],
    [
      13.167862892150879,
      11.633488655090332,
      15.941476821899414,
      15.301284790039062,
      18.2170467376709,
      18.012487411499023,
      27.747108459472656,
      29.437572479248047,
      21.682899475097656,
      26.336589813232422,
      36.69899368286133,
      38.001731872558594,
      33.874549865722656,
      32.99536895751953,
      30.84491539001465,
      31.003036499023438,
      29.35032844543457,
      29.243297576904297
    ],
    [
      10.134906768798828,
      9.075681686401367,
      12.869451522827148,
      12.562346458435059,
      15.84255313873291,
      16.057138442993164,
      22.729097366333008,
      21.682899475097656,
      31.307117462158203,
      27.089309692382812,
      26.56977081298828,
      25.457931518554688,
      24.150121688842773,
      20.150049209594727,
      20.37462043762207,
      18.00160789489746,
      17.514179229736328,
      16.72223663330078
    ],
    [
      12.251226425170898,
      10.891096115112305,
      15.060406684875488,
      14.641641616821289,
      17.959739685058594,
      17.844770431518555,
      26.00771141052246,
      26.336589813232422,
      27.089309692382812,
      30.437063217163086,
      33.43157958984375,
      33.99136734008789,
      31.035480499267578,
      28.708181381225586,
      27.490222930908203,
      26.504674911499023,
      25.278278350830078,
      24.8076171875
    ],
    [
      17.935489654541016,
      15.962937355041504,
      22.38849639892578,
      20.600858688354492,
      24.275753021240234,
      23.75722885131836,
      35.947811126708984,
      36.69899368286133,
      26.56977081298828,
      33.43157958984375,
      58.406402587890625,
      57.33997344970703,
      50.54872512817383,
      50.57892990112305,
      47.61820602416992,
      48.204227447509766,
      45.40956115722656,
      44.91764450073242
    ],
    [
      19.781946182250977,
      17.32233238220215,
      22.80658721923828,
      21.474903106689453,
      24.870277404785156,
      24.435688018798828,
      36.13343048095703,
      38.001731872558594,
      25.457931518554688,
      33.99136734008789,
      57.33997344970703,
      60.54734420776367,
      53.48480987548828,
      53.93809127807617,
      50.79608154296875,
      52.13664627075195,
      49.25144577026367,
      48.97977828979492
    ],
    [
      20.049997329711914,
      17.686912536621094,
      22.164993286132812,
      20.874252319335938,
      22.814983367919922,
      22.6177921295166,
      31.994564056396484,
      33.874549865722656,
      24.150121688842773,
      31.035480499267578,
      50.54872512817383,
      53.48480987548828,
      54.108184814453125,
      52.973819732666016,
      51.889652252197266,
      52.651702880859375,
      50.26425552368164,
      49.62323760986328
    ],
    [
      19.900373458862305,
      17.603866577148438,
      22.775226593017578,
      20.918901443481445,
      22.171321868896484,
      21.714618682861328,
      31.302881240844727,
      32.99536895751953,
      20.150049209594727,
      28.708181381225586,
      50.57892990112305,
      53.93809127807617,
      52.973819732666016,
      56.60683059692383,
      52.3316650390625,
      55.05464172363281,
      52.34100341796875,
      52.032596588134766
    ],
    [
      21.267444610595703,
      19.15109634399414,
      21.156103134155273,
      19.601375579833984,
      20.99428367614746,
      20.837095260620117,
      28.841989517211914,
      30.84491539001465,
      20.37462043762207,
      27.490222930908203,
      47.61820602416992,
      50.79608154296875,
      51.889652252197266,
      52.3316650390625,
      53.500823974609375,
      54.965599060058594,
      54.549842834472656,
      53.63592529296875
    ],
    [
      22.061416625976562,
      19.771045684814453,
      21.836307525634766,
      20.07342529296875,
      20.869436264038086,
      20.60767936706543,
      28.903751373291016,
      31.003036499023438,
      18.00160789489746,
      26.504674911499023,
      48.204227447509766,
      52.13664627075195,
      52.651702880859375,
      55.05464172363281,
      54.965599060058594,
      58.69687271118164,
      57.32896041870117,
      56.77516174316406
    ],
    [
      25.111936569213867,
      23.156497955322266,
      22.352495193481445,
      20.258867263793945,
      19.97896385192871,
      19.82010841369629,
      27.54256248474121,
      29.35032844543457,
      17.514179229736328,
      25.278278350830078,
      45.40956115722656,
      49.25144577026367,
      50.26425552368164,
      52.34100341796875,
      54.549842834472656,
      57.32896041870117,
      62.7281608581543,
      61.32172393798828
    ],
    [
      25.020000457763672,
      22.92849349975586,
      22.154373168945312,
      20.137224197387695,
      19.846166610717773,
      19.713333129882812,
      27.402645111083984,
      29.243297576904297,
      16.72223663330078,
      24.8076171875,
      44.91764450073242,
      48.97977828979492,
      49.62323760986328,
      52.032596588134766,
      53.63592529296875,
      56.77516174316406,
      61.32172393798828,
      70.51525115966797
    ]
  ],
  "covariance_short": [
    [
      32.81574249267578,
      27.22964859008789,
      17.71050262451172,
      17.242549896240234,
      11.932422637939453,
      11.818059921264648,
      14.85001277923584,
      14.681295394897461,
      12.907258033752441,
      14.090428352355957,
      21.809877395629883,
      22.401695251464844,
      25.292186737060547,
      26.444965362548828,
      30.0421199798584,
      32.48997116088867,
      34.16563415527344,
      33.482505798339844
    ],
    [
      27.22964859008789,
      36.2147102355957,
      17.18851661682129,
      17.206172943115234,
      11.312527656555176,
      11.11787223815918,
      12.777368545532227,
      12.64242935180664,
      12.441804885864258,
      12.837368965148926,
      18.55434226989746,
      18.835689544677734,
      21.789615631103516,
      22.849699020385742,
      26.70716667175293,
      28.40799331665039,
      31.701644897460938,
      30.82749366760254
    ],
    [
      17.71050262451172,
      17.18851661682129,
      32.086631774902344,
      26.665393829345703,
      19.292356491088867,
      18.94204330444336,
      20.723543167114258,
      19.97585678100586,
      20.673160552978516,
      20.241548538208008,
      28.42251968383789,
      27.503061294555664,
      28.06989288330078,
      28.235363006591797,
      28.495256423950195,
      28.9233341217041,
      31.052387237548828,
      30.122140884399414
    ],
    [
      17.242549896240234,
      17.206172943115234,
      26.665393829345703,
      30.93138885498047,
      19.347993850708008,
      19.331443786621094,
      20.75798797607422,
      19.903282165527344,
      20.805389404296875,
      20.181421279907227,
      27.510066986083984,
      26.96125602722168,
      27.29518699645996,
      27.463703155517578,
      27.333534240722656,
      28.093280792236328,
      28.993635177612305,
      28.39899444580078
    ],
    [
      11.932422637939453,
      11.312527656555176,
      19.292356491088867,
      19.347993850708008,
      27.51103973388672,
      20.944398880004883,
      24.02252960205078,
      22.659914016723633,
      23.49765396118164,
      23.378746032714844,
      31.306386947631836,
      30.25065040588379,
      27.666975021362305,
      28.138813018798828,
      26.827239990234375,
      27.07349967956543,
      24.864519119262695,
      24.44731903076172
    ],
    [
      11.818059921264648,
      11.11787223815918,
      18.94204330444336,
      19.331443786621094,
      20.944398880004883,
      26.302276611328125,
      23.643823623657227,
      22.632183074951172,
      24.11205291748047,
      23.467487335205078,
      30.634201049804688,
      29.85948944091797,
      27.502952575683594,
      27.746816635131836,
      26.548904418945312,
      26.6644229888916,
      24.556276321411133,
      24.13490104675293
    ],
    [
      14.85001277923584,
      12.777368545532227,
      20.723543167114258,
      20.75798797607422,
      24.02252960205078,
      23.643823623657227,
      39.99797439575195,
      32.988338470458984,
      33.526283264160156,
      33.0880012512207,
      42.6870002746582,
      41.05424118041992,
      36.7697639465332,
      36.638282775878906,
      34.19345474243164,
      34.41925811767578,
      30.03873634338379,
      29.688013076782227
    ],
    [
      14.681295394897461,
      12.64242935180664,
      19.97585678100586,
      19.903282165527344,
      22.659914016723633,
      22.632183074951172,
      32.988338470458984,
      36.45866394042969,
      29.8938045501709,
      31.840713500976562,
      41.39085006713867,
      41.366493225097656,
      37.358612060546875,
      37.75390625,
      34.61651611328125,
      35.544742584228516,
      30.50385284423828,
      30.3280086517334
    ],
    [
      12.907258033752441,
      12.441804885864258,
      20.673160552978516,
      20.805389404296875,
      23.49765396118164,
      24.11205291748047,
      33.526283264160156,
      29.8938045501709,
      49.65709686279297,
      38.06681442260742,
      39.255245208740234,
      34.41353988647461,
      31.82842254638672,
      28.042776107788086,
      28.026155471801758,
      24.7878475189209,
      24.38459014892578,
      23.0650634765625
    ],
    [
      14.090428352355957,
      12.837368965148926,
      20.241548538208008,
      20.181421279907227,
      23.378746032714844,
      23.467487335205078,
      33.0880012512207,
      31.840713500976562,
      38.06681442260742,
      41.20710754394531,
      41.47615051269531,
      39.86379623413086,
      36.15876388549805,
      35.03395462036133,
      32.73773956298828,
      32.00086975097656,
      28.667545318603516,
      28.114980697631836
    ],
    [
      21.809877395629883,
      18.55434226989746,
      28.42251968383789,
      27.510066986083984,
      31.306386947631836,
      30.634201049804688,
      42.6870002746582,
      41.39085006713867,
      39.255245208740234,
      41.47615051269531,
      68.76211547851562,
      63.73758316040039,
      57.86286163330078,
      58.69009780883789,
      55.61393356323242,
      56.6627311706543,
      49.78330993652344,
      48.956642150878906
    ],
    [
      22.401695251464844,
      18.835689544677734,
      27.503061294555664,
      26.96125602722168,
      30.25065040588379,
      29.85948944091797,
      41.05424118041992,
      41.366493225097656,
      34.41353988647461,
      39.86379623413086,
      63.73758316040039,
      66.40489196777344,
      58.9510612487793,
      62.009010314941406,
      57.56334686279297,
      60.4194450378418,
      51.47106170654297,
      51.28186798095703
    ],
    [
      25.292186737060547,
      21.789615631103516,
      28.06989288330078,
      27.29518699645996,
      27.666975021362305,
      27.502952575683594,
      36.7697639465332,
      37.358612060546875,
      31.82842254638672,
      36.15876388549805,
      57.86286163330078,
      58.9510612487793,
      64.55384063720703,
      64.81616973876953,
      63.94466018676758,
      66.10163879394531,
      58.53694152832031,
      57.441429138183594
    ],
    [
      26.444965362548828,
      22.849699020385742,
      28.235363006591797,
      27.463703155517578,
      28.138813018798828,
      27.746816635131836,
      36.638282775878906,
      37.75390625,
      28.042776107788086,
      35.03395462036133,
      58.69009780883789,
      62.009010314941406,
      64.81616973876953,
      70.47217559814453,
      66.94271850585938,
      71.41020202636719,
      61.73067092895508,
      61.342254638671875
    ],
    [
      30.0421199798584,
      26.70716667175293,
      28.495256423950195,
      27.333534240722656,
      26.827239990234375,
      26.548904418945312,
      34.19345474243164,
      34.61651611328125,
      28.026155471801758,
      32.73773956298828,
      55.61393356323242,
      57.56334686279297,
      63.94466018676758,
      66.94271850585938,
      70.44389343261719,
      73.06571960449219,
      66.8628921508789,
      65.3160629272461
    ],
    [
      32.48997116088867,
      28.40799331665039,
      28.9233341217041,
      28.093280792236328,
      27.07349967956543,
      26.6644229888916,
      34.41925811767578,
      35.544742584228516,
      24.7878475189209,
      32.00086975097656,
      56.6627311706543,
      60.4194450378418,
      66.10163879394531,
      71.41020202636719,
      73.06571960449219,
      78.79271697998047,
      70.19613647460938,
      69.43787384033203
    ],
    [
      34.16563415527344,
      31.701644897460938,
      31.052387237548828,
      28.993635177612305,
      24.864519119262695,
      24.556276321411133,
      30.03873634338379,
      30.50385284423828,
      24.38459014892578,
      28.667545318603516,
      49.78330993652344,
      51.47106170654297,
      58.53694152832031,
      61.73067092895508,
      66.8628921508789,
      70.19613647460938,
      83.85670471191406,
      79.82845306396484
    ],
    [
      33.482505798339844,
      30.82749366760254,
      30.122140884399414,
      28.39899444580078,
      24.44731903076172,
      24.13490104675293,
      29.688013076782227,
      30.3280086517334,
      23.0650634765625,
      28.114980697631836,
      48.956642150878906,
      51.28186798095703,
      57.441429138183594,
      61.342254638671875,
      65.3160629272461,
      69.43787384033203,
      79.82845306396484,
      77.12319946289062
    ]
  ],
  "damage": -13.733379364013672,
  "diff_bandwidth": 545.1157836914062,
  "dissonance": 7.660555205977621,
  "drr": 0.20107001066207886,
  "dynamics": 3.983689069747925,
  "format": 1245190,
  "frames": 5996544,
  "loudness": -19.328115463256836,
  "loudness_range": 10.348847389221191,
  "loudness_range_short": 13.694064140319824,
  "lowpass_true_peak_15khz": 0.20933476090431213,
  "mastering3_acoustic_entropies": [
    {
      "acoustic_entropy": 5.614256858825684,
      "acoustic_entropy_mono": 5.514695644378662,
      "band_eliminated_acoustic_entropies": [
        {
          "acoustic_entropy": 5.603557586669922,
          "acoustic_entropy_side": 5.617669582366943,
          "hz": 129.47220167065723
        },
        {
          "acoustic_entropy": 5.571816444396973,
          "acoustic_entropy_side": 5.627590179443359,
          "hz": 202.92927478742237
        },
        {
          "acoustic_entropy": 5.5944342613220215,
          "acoustic_entropy_side": 5.669175148010254,
          "hz": 282.89161906338205
        },
        {
          "acoustic_entropy": 5.440222263336182,
          "acoustic_entropy_side": 5.523478031158447,
          "hz": 369.9353335868758
        },
        {
          "acoustic_entropy": 5.3328375816345215,
          "acoustic_entropy_side": 5.454525947570801,
          "hz": 464.6875360973435
        },
        {
          "acoustic_entropy": 5.861845970153809,
          "acoustic_entropy_side": 5.694519519805908,
          "hz": 567.8308811364784
        },
        {
          "acoustic_entropy": 5.350740909576416,
          "acoustic_entropy_side": 5.2163519859313965,
          "hz": 680.1084783214808
        },
        {
          "acoustic_entropy": 5.873339653015137,
          "acoustic_entropy_side": 5.523715019226074,
          "hz": 802.3292461747484
        },
        {
          "acoustic_entropy": 5.226256847381592,
          "acoustic_entropy_side": 5.553709030151367,
          "hz": 935.3737400823702
        },
        {
          "acoustic_entropy": 5.3563714027404785,
          "acoustic_entropy_side": 5.290157318115234,
          "hz": 1080.2004963696966
        },
        {
          "acoustic_entropy": 4.947996616363525,
          "acoustic_entropy_side": 5.359574794769287,
          "hz": 1237.8529382007157
        },
        {
          "acoustic_entropy": 5.434475898742676,
          "acoustic_entropy_side": 5.552567481994629,
          "hz": 1409.4668930556702
        },
        {
          "acoustic_entropy": 5.293632984161377,
          "acoustic_entropy_side": 5.637076377868652,
          "hz": 1596.2787759475705
        },
        {
          "acoustic_entropy": 5.213318824768066,
          "acoustic_entropy_side": 5.463448524475098,
          "hz": 1799.6344973346393
        },
        {
          "acoustic_entropy": 5.305286884307861,
          "acoustic_entropy_side": 5.481478214263916,
          "hz": 2020.9991599069049
        },
        {
          "acoustic_entropy": 5.065212726593018,
          "acoustic_entropy_side": 5.641964435577393,
          "hz": 2261.9676141086993
        },
        {
          "acoustic_entropy": 5.501037120819092,
          "acoustic_entropy_side": 5.573856830596924,
          "hz": 2524.2759484456974
        },
        {
          "acoustic_entropy": 5.629040241241455,
          "acoustic_entropy_side": 5.751728057861328,
          "hz": 2809.813997359896
        },
        {
          "acoustic_entropy": 5.034804821014404,
          "acoustic_entropy_side": 5.585612773895264,
          "hz": 3120.6389567871424
        },
        {
          "acoustic_entropy": 5.584059715270996,
          "acoustic_entropy_side": 5.604131698608398,
          "hz": 3458.990205492291
        },
        {
          "acoustic_entropy": 5.621539115905762,
          "acoustic_entropy_side": 5.620055198669434,
          "hz": 3827.305438964164
        },
        {
          "acoustic_entropy": 5.606594562530518,
          "acoustic_entropy_side": 5.614893436431885,
          "hz": 4228.238232109126
        },
        {
          "acoustic_entropy": 5.598126411437988,
          "acoustic_entropy_side": 5.605867862701416,
          "hz": 4664.6771572759235
        },
        {
          "acoustic_entropy": 5.618442535400391,
          "acoustic_entropy_side": 5.612175464630127,
          "hz": 5139.766595350093
        },
        {
          "acoustic_entropy": 5.613815784454346,
          "acoustic_entropy_side": 5.606950759887695,
          "hz": 5656.929389854203
        },
        {
          "acoustic_entropy": 5.614160060882568,
          "acoustic_entropy_side": 5.6059699058532715,
          "hz": 6219.891507268283
        },
        {
          "acoustic_entropy": 5.60883092880249,
          "acoustic_entropy_side": 5.611114978790283,
          "hz": 6832.70888123896
        },
        {
          "acoustic_entropy": 5.617218017578125,
          "acoustic_entropy_side": 5.6090898513793945,
          "hz": 7499.796634079867
        },
        {
          "acoustic_entropy": 5.60781192779541,
          "acoustic_entropy_side": 5.607010364532471,
          "hz": 8225.96088609342
        },
        {
          "acoustic_entropy": 5.610536098480225,
          "acoustic_entropy_side": 5.609074592590332,
          "hz": 9016.43338188839
        },
        {
          "acoustic_entropy": 5.60426664352417,
          "acoustic_entropy_side": 5.608101844787598,
          "hz": 9876.909183162974
        },
        {
          "acoustic_entropy": 5.598922252655029,
          "acoustic_entropy_side": 5.607579231262207,
          "hz": 10813.587699516042
        },
        {
          "acoustic_entropy": 5.5968546867370605,
          "acoustic_entropy_side": 5.607316970825195,
          "hz": 11833.21735289826
        },
        {
          "acoustic_entropy": 5.5919389724731445,
          "acoustic_entropy_side": 5.606975555419922,
          "hz": 12943.144197493959
        },
        {
          "acoustic_entropy": 5.589461326599121,
          "acoustic_entropy_side": 5.605317115783691,
          "hz": 14151.364845322005
        },
        {
          "acoustic_entropy": 5.6070237159729,
          "acoustic_entropy_side": 5.5995588302612305,
          "hz": 15466.58407886509
        },
        {
          "acoustic_entropy": 5.616468906402588,
          "acoustic_entropy_side": 5.601417064666748,
          "hz": 16898.27756580493
        },
        {
          "acoustic_entropy": 5.623741149902344,
          "acoustic_entropy_side": 5.604397773742676,
          "hz": 18456.760127700032
        },
        {
          "acoustic_entropy": 5.609810829162598,
          "acoustic_entropy_side": 5.6111063957214355,
          "hz": 20153.260054456492
        },
        {
          "acoustic_entropy": 5.614197254180908,
          "acoustic_entropy_side": 5.6142401695251465,
          "hz": 22000.00000000001
        }
      ],
      "diff_acoustic_entropy": 5.206226825714111,
      "sn": 6
    },
    {
      "acoustic_entropy": 9.968907356262207,
      "acoustic_entropy_mono": 9.137275695800781,
      "band_eliminated_acoustic_entropies": [
        {
          "acoustic_entropy": 10.012496948242188,
          "acoustic_entropy_side": 9.999616622924805,
          "hz": 129.47220167065723
        },
        {
          "acoustic_entropy": 9.662199974060059,
          "acoustic_entropy_side": 9.790942192077637,
          "hz": 202.92927478742237
        },
        {
          "acoustic_entropy": 9.662686347961426,
          "acoustic_entropy_side": 9.856130599975586,
          "hz": 282.89161906338205
        },
        {
          "acoustic_entropy": 9.568761825561523,
          "acoustic_entropy_side": 9.873817443847656,
          "hz": 369.9353335868758
        },
        {
          "acoustic_entropy": 9.478048324584961,
          "acoustic_entropy_side": 9.734959602355957,
          "hz": 464.6875360973435
        },
        {
          "acoustic_entropy": 9.578083038330078,
          "acoustic_entropy_side": 9.593157768249512,
          "hz": 567.8308811364784
        },
        {
          "acoustic_entropy": 9.483599662780762,
          "acoustic_entropy_side": 9.835958480834961,
          "hz": 680.1084783214808
        },
        {
          "acoustic_entropy": 9.847172737121582,
          "acoustic_entropy_side": 9.742681503295898,
          "hz": 802.3292461747484
        },
        {
          "acoustic_entropy": 10.092636108398438,
          "acoustic_entropy_side": 10.0877685546875,
          "hz": 935.3737400823702
        },
        {
          "acoustic_entropy": 9.794272422790527,
          "acoustic_entropy_side": 9.797049522399902,
          "hz": 1080.2004963696966
        },
        {
          "acoustic_entropy": 9.364093780517578,
          "acoustic_entropy_side": 9.529082298278809,
          "hz": 1237.8529382007157
        },
        {
          "acoustic_entropy": 9.211349487304688,
          "acoustic_entropy_side": 9.428327560424805,
          "hz": 1409.4668930556702
        },
        {
          "acoustic_entropy": 10.430764198303223,
          "acoustic_entropy_side": 9.849505424499512,
          "hz": 1596.2787759475705
        },
        {
          "acoustic_entropy": 9.718899726867676,
          "acoustic_entropy_side": 9.350544929504395,
          "hz": 1799.6344973346393
        },
        {
          "acoustic_entropy": 10.138876914978027,
          "acoustic_entropy_side": 10.039789199829102,
          "hz": 2020.9991599069049
        },
        {
          "acoustic_entropy": 9.537199020385742,
          "acoustic_entropy_side": 10.03707504272461,
          "hz": 2261.9676141086993
        },
        {
          "acoustic_entropy": 10.397087097167969,
          "acoustic_entropy_side": 10.10204792022705,
          "hz": 2524.2759484456974
        },
        {
          "acoustic_entropy": 9.422258377075195,
          "acoustic_entropy_side": 10.103597640991211,
          "hz": 2809.813997359896
        },
        {
          "acoustic_entropy": 9.12379264831543,
          "acoustic_entropy_side": 9.768829345703125,
          "hz": 3120.6389567871424
        },
        {
          "acoustic_entropy": 9.529723167419434,
          "acoustic_entropy_side": 9.847007751464844,
          "hz": 3458.990205492291
        },
        {
          "acoustic_entropy": 9.944149017333984,
          "acoustic_entropy_side": 9.945372581481934,
          "hz": 3827.305438964164
        },
        {
          "acoustic_entropy": 9.909972190856934,
          "acoustic_entropy_side": 9.989913940429688,
          "hz": 4228.238232109126
        },
        {
          "acoustic_entropy": 9.935606956481934,
          "acoustic_entropy_side": 9.903868675231934,
          "hz": 4664.6771572759235
        },
        {
          "acoustic_entropy": 9.95799446105957,
          "acoustic_entropy_side": 9.979793548583984,
          "hz": 5139.766595350093
        },
        {
          "acoustic_entropy": 9.905036926269531,
          "acoustic_entropy_side": 9.964744567871094,
          "hz": 5656.929389854203
        },
        {
          "acoustic_entropy": 10.005640029907227,
          "acoustic_entropy_side": 9.984798431396484,
          "hz": 6219.891507268283
        },
        {
          "acoustic_entropy": 9.935074806213379,
          "acoustic_entropy_side": 9.979022026062012,
          "hz": 6832.70888123896
        },
        {
          "acoustic_entropy": 9.958600044250488,
          "acoustic_entropy_side": 9.973882675170898,
          "hz": 7499.796634079867
        },
        {
          "acoustic_entropy": 9.959944725036621,
          "acoustic_entropy_side": 9.96587085723877,
          "hz": 8225.96088609342
        },
        {
          "acoustic_entropy": 9.934770584106445,
          "acoustic_entropy_side": 9.962437629699707,
          "hz": 9016.43338188839
        },
        {
          "acoustic_entropy": 9.949363708496094,
          "acoustic_entropy_side": 9.95979118347168,
          "hz": 9876.909183162974
        },
        {
          "acoustic_entropy": 9.943671226501465,
          "acoustic_entropy_side": 9.956910133361816,
          "hz": 10813.587699516042
        },
        {
          "acoustic_entropy": 9.948951721191406,
          "acoustic_entropy_side": 9.956572532653809,
          "hz": 11833.21735289826
        },
        {
          "acoustic_entropy": 9.950441360473633,
          "acoustic_entropy_side": 9.95509147644043,
          "hz": 12943.144197493959
        },
        {
          "acoustic_entropy": 9.961081504821777,
          "acoustic_entropy_side": 9.959487915039062,
          "hz": 14151.364845322005
        },
        {
          "acoustic_entropy": 9.97852611541748,
          "acoustic_entropy_side": 9.962801933288574,
          "hz": 15466.58407886509
        },
        {
          "acoustic_entropy": 9.893119812011719,
          "acoustic_entropy_side": 9.96088695526123,
          "hz": 16898.27756580493
        },
        {
          "acoustic_entropy": 9.91270637512207,
          "acoustic_entropy_side": 9.939269065856934,
          "hz": 18456.760127700032
        },
        {
          "acoustic_entropy": 9.90897274017334,
          "acoustic_entropy_side": 9.958271026611328,
          "hz": 20153.260054456492
        },
        {
          "acoustic_entropy": 9.968491554260254,
          "acoustic_entropy_side": 9.968859672546387,
          "hz": 22000.00000000001
        }
      ],
      "diff_acoustic_entropy": 9.085599899291992,
      "sn": 12
    },
    {
      "acoustic_entropy": 15.025102615356445,
      "acoustic_entropy_mono": 14.501147270202637,
      "band_eliminated_acoustic_entropies": [
        {
          "acoustic_entropy": 15.082539558410645,
          "acoustic_entropy_side": 15.586331367492676,
          "hz": 129.47220167065723
        },
        {
          "acoustic_entropy": 15.683432579040527,
          "acoustic_entropy_side": 15.162290573120117,
          "hz": 202.92927478742237
        },
        {
          "acoustic_entropy": 15.707830429077148,
          "acoustic_entropy_side": 15.273783683776855,
          "hz": 282.89161906338205
        },
        {
          "acoustic_entropy": 15.277399063110352,
          "acoustic_entropy_side": 14.999507904052734,
          "hz": 369.9353335868758
        },
        {
          "acoustic_entropy": 16.003036499023438,
          "acoustic_entropy_side": 15.63497257232666,
          "hz": 464.6875360973435
        },
        {
          "acoustic_entropy": 14.800780296325684,
          "acoustic_entropy_side": 14.862395286560059,
          "hz": 567.8308811364784
        },
        {
          "acoustic_entropy": 15.846049308776855,
          "acoustic_entropy_side": 14.969260215759277,
          "hz": 680.1084783214808
        },
        {
          "acoustic_entropy": 14.779743194580078,
          "acoustic_entropy_side": 15.178719520568848,
          "hz": 802.3292461747484
        },
        {
          "acoustic_entropy": 14.98796272277832,
          "acoustic_entropy_side": 15.722915649414062,
          "hz": 935.3737400823702
        },
        {
          "acoustic_entropy": 14.948899269104004,
          "acoustic_entropy_side": 15.77933120727539,
          "hz": 1080.2004963696966
        },
        {
          "acoustic_entropy": 14.893194198608398,
          "acoustic_entropy_side": 14.808279037475586,
          "hz": 1237.8529382007157
        },
        {
          "acoustic_entropy": 14.619490623474121,
          "acoustic_entropy_side": 15.512288093566895,
          "hz": 1409.4668930556702
        },
        {
          "acoustic_entropy": 16.31670379638672,
          "acoustic_entropy_side": 15.914834976196289,
          "hz": 1596.2787759475705
        },
        {
          "acoustic_entropy": 13.934418678283691,
          "acoustic_entropy_side": 15.258749961853027,
          "hz": 1799.6344973346393
        },
        {
          "acoustic_entropy": 16.85232925415039,
          "acoustic_entropy_side": 15.100544929504395,
          "hz": 2020.9991599069049
        },
        {
          "acoustic_entropy": 15.730372428894043,
          "acoustic_entropy_side": 15.236597061157227,
          "hz": 2261.9676141086993
        },
        {
          "acoustic_entropy": 15.627178192138672,
          "acoustic_entropy_side": 14.619044303894043,
          "hz": 2524.2759484456974
        },
        {
          "acoustic_entropy": 15.176933288574219,
          "acoustic_entropy_side": 15.877768516540527,
          "hz": 2809.813997359896
        },
        {
          "acoustic_entropy": 14.879499435424805,
          "acoustic_entropy_side": 14.464296340942383,
