{
  "acoustic_entropy": 181.95077514648438,
  "bands": [
    {
      "high_freq": 148.1999969482422,
      "loudness": -30.188053131103516,
      "loudness_range": 14.904008865356445,
      "mid_mean": -29.075464248657227,
      "mid_to_side_loudness": -0.9513927698135376,
      "mid_to_side_loudness_range": 3.72512149810791,
      "side_mean": -30.04779624938965
    },
    {
      "high_freq": 392.3793640136719,
      "loudness": -30.874448776245117,
      "loudness_range": 14.283233642578125,
      "low_freq": 148.1999969482422,
      "mid_mean": -28.846607208251953,
      "mid_to_side_loudness": -3.440936326980591,
      "mid_to_side_loudness_range": 4.189614295959473,
      "side_mean": -32.30866622924805
    },
    {
      "high_freq": 794.6976318359375,
      "loudness": -32.98432159423828,
      "loudness_range": 17.628530502319336,
      "low_freq": 392.3793640136719,
      "mid_mean": -29.973670959472656,
      "mid_to_side_loudness": -7.9013566970825195,
      "mid_to_side_loudness_range": 4.876855373382568,
      "side_mean": -37.903404235839844
    },
    {
      "high_freq": 1457.5709228515625,
      "loudness": -33.78546142578125,
      "loudness_range": 24.6287841796875,
      "low_freq": 794.6976318359375,
      "mid_mean": -30.539005279541016,
      "mid_to_side_loudness": -10.171317100524902,
      "mid_to_side_loudness_range": 5.889014720916748,
      "side_mean": -40.78340148925781
    },
    {
      "high_freq": 2549.74365234375,
      "loudness": -37.2651481628418,
      "loudness_range": 22.261198043823242,
      "low_freq": 1457.5709228515625,
      "mid_mean": -34.08384323120117,
      "mid_to_side_loudness": -9.126043319702148,
      "mid_to_side_loudness_range": 3.422917366027832,
      "side_mean": -43.21739196777344
    },
    {
      "high_freq": 4349.24462890625,
      "loudness": -37.9290657043457,
      "loudness_range": 10.538398742675781,
      "low_freq": 2549.74365234375,
      "mid_mean": -35.21778106689453,
      "mid_to_side_loudness": -5.992343902587891,
      "mid_to_side_loudness_range": 2.1674022674560547,
      "side_mean": -41.19110870361328
    },
    {
      "high_freq": 7314.1640625,
      "loudness": -32.551307678222656,
      "loudness_range": 8.079774856567383,
      "low_freq": 4349.24462890625,
      "mid_mean": -30.5930118560791,
      "mid_to_side_loudness": -3.0803325176239014,
      "mid_to_side_loudness_range": 1.055591344833374,
      "side_mean": -33.66374588012695
    },
    {
      "high_freq": 12199.2666015625,
      "loudness": -30.897871017456055,
      "loudness_range": 7.736917495727539,
      "low_freq": 7314.1640625,
      "mid_mean": -29.543428421020508,
      "mid_to_side_loudness": -1.4422909021377563,
      "mid_to_side_loudness_range": 0.4702869653701782,
      "side_mean": -30.99004554748535
    },
    {
      "loudness": -44.38835144042969,
      "loudness_range": 8.198238372802734,
      "low_freq": 12199.2666015625,
      "mid_mean": -43.67022705078125,
      "mid_to_side_loudness": -0.14245839416980743,
      "mid_to_side_loudness_range": 0.1830998808145523,
      "side_mean": -43.81206512451172
    }
  ],
  "bands_short": [
    {
      "high_freq": 148.1999969482422,
      "loudness": -33.42827224731445,
      "loudness_range": 21.800500869750977,
      "mid_mean": -32.55653381347656,
      "mid_to_side_loudness": -0.6994240880012512,
      "mid_to_side_loudness_range": 7.562869071960449,
      "side_mean": -33.323829650878906
    },
    {
      "high_freq": 392.3793640136719,
      "loudness": -30.968050003051758,
      "loudness_range": 15.642148971557617,
      "low_freq": 148.1999969482422,
      "mid_mean": -29.275955200195312,
      "mid_to_side_loudness": -2.717045783996582,
      "mid_to_side_loudness_range": 6.93543815612793,
      "side_mean": -31.981693267822266
    },
    {
      "high_freq": 794.6976318359375,
      "loudness": -34.51158905029297,
      "loudness_range": 20.2239933013916,
      "low_freq": 392.3793640136719,
      "mid_mean": -31.67091178894043,
      "mid_to_side_loudness": -7.144438743591309,
      "mid_to_side_loudness_range": 7.351856231689453,
      "side_mean": -38.86015701293945
    },
    {
      "high_freq": 1457.5709228515625,
      "loudness": -35.539390563964844,
      "loudness_range": 26.6564998626709,
      "low_freq": 794.6976318359375,
      "mid_mean": -32.429874420166016,
      "mid_to_side_loudness": -9.378363609313965,
      "mid_to_side_loudness_range": 8.497185707092285,
      "side_mean": -41.877994537353516
    },
    {
      "high_freq": 2549.74365234375,
      "loudness": -39.006343841552734,
      "loudness_range": 22.04043960571289,
      "low_freq": 1457.5709228515625,
      "mid_mean": -35.863739013671875,
      "mid_to_side_loudness": -8.885682106018066,
      "mid_to_side_loudness_range": 4.680059909820557,
      "side_mean": -44.75543975830078
    },
    {
      "high_freq": 4349.24462890625,
      "loudness": -38.778907775878906,
      "loudness_range": 12.429649353027344,
      "low_freq": 2549.74365234375,
      "mid_mean": -36.0662956237793,
      "mid_to_side_loudness": -6.0008931159973145,
      "mid_to_side_loudness_range": 2.3682103157043457,
      "side_mean": -42.06621551513672
    },
    {
      "high_freq": 7314.1640625,
      "loudness": -33.20909881591797,
      "loudness_range": 10.52609634399414,
      "low_freq": 4349.24462890625,
      "mid_mean": -31.236970901489258,
      "mid_to_side_loudness": -3.122204542160034,
      "mid_to_side_loudness_range": 1.1347641944885254,
      "side_mean": -34.35721206665039
    },
    {
      "high_freq": 12199.2666015625,
      "loudness": -31.665058135986328,
      "loudness_range": 10.69481086730957,
      "low_freq": 7314.1640625,
      "mid_mean": -30.30824851989746,
      "mid_to_side_loudness": -1.4545971155166626,
      "mid_to_side_loudness_range": 0.5392091274261475,
      "side_mean": -31.76668930053711
    },
    {
      "loudness": -46.32920455932617,
      "loudness_range": 14.35256576538086,
      "low_freq": 12199.2666015625,
      "mid_mean": -45.60287094116211,
      "mid_to_side_loudness": -0.15079869329929352,
      "mid_to_side_loudness_range": 0.24641098082065582,
      "side_mean": -45.75738525390625
    }
  ],
  "bandwidth": 764.6354370117188,
  "channels": 2,
  "covariance": [
    [
      31.72763442993164,
      29.92112922668457,
      -0.0052990298718214035,
      1.2454572916030884,
      1.146389365196228,
      3.065852642059326,
      1.1549235582351685,
      4.038991928100586,
      1.1277869939804077,
      3.8590970039367676,
      -0.5547906756401062,
      0.8566909432411194,
      2.089341163635254,
      2.667982578277588,
      4.05455207824707,
      4.2861127853393555,
      7.863884925842285,
      7.926218509674072
    ],
    [
      29.92112922668457,
      31.988691329956055,
      0.8380447626113892,
      2.178037643432617,
      2.997534990310669,
      5.116054534912109,
      3.1798884868621826,
      5.924529552459717,
      2.758969306945801,
      5.398930072784424,
      0.3805079162120819,
      1.6214790344238281,
      2.5492942333221436,
      3.0776784420013428,
      4.109852313995361,
      4.304928779602051,
      8.128905296325684,
      8.190333366394043
    ],
    [
      -0.0052990298718214035,
      0.8380447626113892,
      25.328670501708984,
      24.037334442138672,
      13.389991760253906,
      12.082196235656738,
      10.356047630310059,
      8.185162544250488,
      12.964517593383789,
      11.693666458129883,
      8.157593727111816,
      7.667207717895508,
      4.315187454223633,
      3.9593708515167236,
      2.6454970836639404,
      2.569267749786377,
      3.5011703968048096,
      3.490574359893799
    ],
    [
      1.2454572916030884,
      2.178037643432617,
      24.037334442138672,
      25.995349884033203,
      12.613497734069824,
      12.61575984954834,
      10.45829963684082,
      9.569649696350098,
      12.359417915344238,
      11.710737228393555,
      7.613894939422607,
      7.386514663696289,
      4.463074684143066,
      4.222705841064453,
      3.5311388969421387,
      3.4843103885650635,
      4.518349647521973,
      4.521146774291992
    ],
    [
      1.146389365196228,
      2.997534990310669,
      13.389991760253906,
      12.613497734069824,
      35.38206481933594,
      32.177032470703125,
      14.999761581420898,
      15.330958366394043,
      16.4371395111084,
      15.92015266418457,
      10.704660415649414,
      10.195185661315918,
      7.262014865875244,
      6.96390962600708,
      5.579139709472656,
      5.473025798797607,
      6.3998847007751465,
      6.380932331085205
    ],
    [
      3.065852642059326,
      5.116054534912109,
      12.082196235656738,
      12.61575984954834,
      32.177032470703125,
      32.2916145324707,
      13.185905456542969,
      15.374629974365234,
      14.35084342956543,
      14.879586219787598,
      9.70995044708252,
      9.740869522094727,
      7.40555477142334,
      7.316733360290527,
      6.5933685302734375,
      6.5750017166137695,
      7.871505260467529,
      7.8689045906066895
    ],
    [
      1.1549235582351685,
      3.1798884868621826,
      10.356047630310059,
      10.45829963684082,
      14.999761581420898,
      13.185905456542969,
      67.9845199584961,
      63.80580520629883,
      33.253658294677734,
      31.34357261657715,
      11.943253517150879,
      10.309808731079102,
      6.252584934234619,
      5.518155097961426,
      4.894150733947754,
      4.650548934936523,
      6.047204494476318,
      6.004946708679199
    ],
    [
      4.038991928100586,
      5.924529552459717,
      8.185162544250488,
      9.569649696350098,
      15.330958366394043,
      15.374629974365234,
      63.80580520629883,
      65.78269958496094,
      31.33687400817871,
      31.556615829467773,
      11.4424467086792,
      10.697672843933105,
      7.285080909729004,
      6.903645038604736,
      7.271537780761719,
      7.149931907653809,
      9.4989013671875,
      9.471348762512207
    ],
    [
      1.1277869939804077,
      2.758969306945801,
      12.964517593383789,
      12.359417915344238,
      16.4371395111084,
      14.35084342956543,
      33.253658294677734,
      31.33687400817871,
      51.637176513671875,
      48.51276397705078,
      17.67816734313965,
      15.659782409667969,
      8.491401672363281,
      7.510759353637695,
      5.427701950073242,
      5.1327223777771,
      5.769917964935303,
      5.729879856109619
    ],
    [
      3.8590970039367676,
      5.398930072784424,
      11.693666458129883,
      11.710737228393555,
      15.92015266418457,
      14.879586219787598,
      31.34357261657715,
      31.556615829467773,
      48.51276397705078,
      47.6387939453125,
      16.753211975097656,
      15.57982063293457,
      9.02213191986084,
      8.407886505126953,
      6.860479354858398,
      6.690728664398193,
      8.087417602539062,
      8.055380821228027
    ],
    [
      -0.5547906756401062,
      0.3805079162120819,
      8.157593727111816,
      7.613894939422607,
      10.704660415649414,
      9.70995044708252,
      11.943253517150879,
      11.4424467086792,
      17.67816734313965,
      16.753211975097656,
      14.803423881530762,
      13.660348892211914,
      9.46274471282959,
      9.059258460998535,
      6.873228549957275,
      6.749719142913818,
      4.985273838043213,
      4.959255695343018
    ],
    [
      0.8566909432411194,
      1.6214790344238281,
      7.667207717895508,
      7.386514663696289,
      10.195185661315918,
      9.740869522094727,
      10.309808731079102,
      10.697672843933105,
      15.659782409667969,
      15.57982063293457,
      13.660348892211914,
      13.566126823425293,
      9.449954986572266,
      9.274596214294434,
      7.297118186950684,
      7.253464698791504,
      5.882229804992676,
      5.85605525970459
    ],
    [
      2.089341163635254,
      2.5492942333221436,
      4.315187454223633,
      4.463074684143066,
      7.262014865875244,
      7.40555477142334,
      6.252584934234619,
      7.285080909729004,
      8.491401672363281,
      9.02213191986084,
      9.46274471282959,
      9.449954986572266,
      10.283425331115723,
      10.127741813659668,
      8.814349174499512,
      8.788422584533691,
      7.256986618041992,
      7.251925468444824
    ],
    [
      2.667982578277588,
      3.0776784420013428,
      3.9593708515167236,
      4.222705841064453,
      6.96390962600708,
      7.316733360290527,
      5.518155097961426,
      6.903645038604736,
      7.510759353637695,
      8.407886505126953,
      9.059258460998535,
      9.274596214294434,
      10.127741813659668,
      10.383590698242188,
      9.041657447814941,
      8.958115577697754,
      7.529765605926514,
      7.527821063995361
    ],
    [
      4.05455207824707,
      4.109852313995361,
      2.6454970836639404,
      3.5311388969421387,
      5.579139709472656,
      6.5933685302734375,
      4.894150733947754,
      7.271537780761719,
      5.427701950073242,
      6.860479354858398,
      6.873228549957275,
      7.297118186950684,
      8.814349174499512,
      9.041657447814941,
      10.564661979675293,
      10.50571346282959,
      9.539836883544922,
      9.538042068481445
    ],
    [
      4.2861127853393555,
      4.304928779602051,
      2.569267749786377,
      3.4843103885650635,
      5.473025798797607,
      6.5750017166137695,
      4.650548934936523,
      7.149931907653809,
      5.1327223777771,
      6.690728664398193,
      6.749719142913818,
      7.253464698791504,
      8.788422584533691,
      8.958115577697754,
      10.50571346282959,
      10.66550064086914,
      9.684976577758789,
      9.688272476196289
    ],
    [
      7.863884925842285,
      8.128905296325684,
      3.5011703968048096,
      4.518349647521973,
      6.3998847007751465,
      7.871505260467529,
      6.047204494476318,
      9.4989013671875,
      5.769917964935303,
      8.087417602539062,
      4.985273838043213,
      5.882229804992676,
      7.256986618041992,
      7.529765605926514,
      9.539836883544922,
      9.684976577758789,
      15.01368236541748,
      15.021504402160645
    ],
    [
      7.926218509674072,
      8.190333366394043,
      3.490574359893799,
      4.521146774291992,
      6.380932331085205,
      7.8689045906066895,
      6.004946708679199,
      9.471348762512207,
      5.729879856109619,
      8.055380821228027,
      4.959255695343018,
      5.85605525970459,
      7.251925468444824,
      7.527821063995361,
      9.538042068481445,
      9.688272476196289,
      15.021504402160645,
      15.033150672912598
    ]
  ],
  "covariance_short": [
    [
      62.71376037597656,
      56.3499755859375,
      12.851649284362793,
      13.826285362243652,
      6.159599781036377,
      7.767848491668701,
      5.436715126037598,
      6.679747104644775,
      3.9859068393707275,
      6.276762008666992,
      1.4100472927093506,
      2.593391180038452,
      5.8041887283325195,
      6.524796485900879,
      8.935318946838379,
      9.30943489074707,
      14.564591407775879,
      14.636194229125977
    ],
    [
      56.3499755859375,
      60.22806930541992,
      11.765829086303711,
      14.323928833007812,
      6.784102439880371,
      8.701913833618164,
      6.284511089324951,
      7.813084602355957,
      4.728490829467773,
      7.051485538482666,
      1.7461755275726318,
      2.857374668121338,
      5.825688362121582,
      6.511376857757568,
      8.697134017944336,
      9.024859428405762,
      13.673803329467773,
      13.74481201171875
    ],
    [
      12.851649284362793,
      11.765829086303711,
      32.61136245727539,
      28.47882080078125,
      18.263145446777344,
      16.68862533569336,
      12.767215728759766,
      9.683067321777344,
      13.776710510253906,
      12.64183235168457,
      9.146445274353027,
      8.906391143798828,
      7.218267440795898,
      7.218246936798096,
      6.6755242347717285,
      6.715573787689209,
      9.937938690185547,
      9.938004493713379
    ],
    [
      13.826285362243652,
      14.323928833007812,
      28.47882080078125,
      31.19600486755371,
      15.887590408325195,
      15.709700584411621,
      10.98803997039795,
      9.55103588104248,
      11.467449188232422,
      11.162959098815918,
      7.687386512756348,
      7.779956817626953,
      6.952441215515137,
      7.078845977783203,
      7.154244899749756,
      7.251729965209961,
      10.051538467407227,
      10.090957641601562
    ],
    [
      6.159599781036377,
      6.784102439880371,
      18.263145446777344,
      15.887590408325195,
      48.21295166015625,
      41.82442855834961,
      20.80369758605957,
      18.758716583251953,
      22.961017608642578,
      21.420759201049805,
      14.204832077026367,
      13.337200164794922,
      9.917549133300781,
      9.648648262023926,
      8.393254280090332,
      8.30232048034668,
      9.06196117401123,
      9.036206245422363
    ],
    [
      7.767848491668701,
      8.701913833618164,
      16.68862533569336,
      15.709700584411621,
      41.82442855834961,
      42.297889709472656,
      17.71249771118164,
      18.267528533935547,
      19.455408096313477,
      19.33810806274414,
      12.352765083312988,
      12.028251647949219,
      9.497145652770996,
      9.399277687072754,
      8.991374015808105,
      8.966062545776367,
      10.090851783752441,
      10.104350090026855
    ],
    [
      5.436715126037598,
      6.284511089324951,
      12.767215728759766,
      10.98803997039795,
      20.80369758605957,
      17.71249771118164,
      77.81017303466797,
      68.34175109863281,
      39.59010314941406,
      36.229957580566406,
      16.108564376831055,
      14.123517036437988,
      8.495713233947754,
      7.875308036804199,
      7.005490303039551,
      6.77098274230957,
      7.650496482849121,
      7.611064434051514
    ],
    [
      6.679747104644775,
      7.813084602355957,
      9.683067321777344,
      9.55103588104248,
      18.758716583251953,
      18.267528533935547,
      68.34175109863281,
      69.44367980957031,
      34.714046478271484,
      34.092628479003906,
      14.398017883300781,
      13.368707656860352,
      8.923490524291992,
      8.604686737060547,
      8.893567085266113,
      8.762730598449707,
      9.915078163146973,
      9.890323638916016
    ],
    [
      3.9859068393707275,
      4.728490829467773,
      13.776710510253906,
      11.467449188232422,
      22.961017608642578,
      19.455408096313477,
      39.59010314941406,
      34.714046478271484,
      59.80537796020508,
      55.04375457763672,
      22.212244033813477,
      19.96605682373047,
      11.484926223754883,
      10.575791358947754,
      7.977392673492432,
      7.650483131408691,
      7.5592498779296875,
      7.518571376800537
    ],
    [
      6.276762008666992,
      7.051485538482666,
      12.64183235168457,
      11.162959098815918,
      21.420759201049805,
      19.33810806274414,
      36.229957580566406,
      34.092628479003906,
      55.04375457763672,
      53.76719665527344,
      20.661542892456055,
      19.315378189086914,
      11.570547103881836,
      11.03101921081543,
      9.241968154907227,
      9.034380912780762,
      9.511685371398926,
      9.471112251281738
    ],
    [
      1.4100472927093506,
      1.7461755275726318,
      9.146445274353027,
      7.687386512756348,
      14.204832077026367,
      12.352765083312988,
      16.108564376831055,
      14.398017883300781,
      22.212244033813477,
      20.661542892456055,
      19.270174026489258,
      18.202911376953125,
      12.797025680541992,
      12.47243881225586,
      10.18286418914795,
      10.061210632324219,
      9.184976577758789,
      9.146316528320312
    ],
    [
      2.593391180038452,
      2.857374668121338,
      8.906391143798828,
      7.779956817626953,
      13.337200164794922,
      12.028251647949219,
      14.123517036437988,
      13.368707656860352,
      19.96605682373047,
      19.315378189086914,
      18.202911376953125,
      18.0864315032959,
      12.931012153625488,
      12.884269714355469,
      10.830121994018555,
      10.814818382263184,
      10.021650314331055,
      9.977174758911133
    ],
    [
      5.8041887283325195,
      5.825688362121582,
      7.218267440795898,
      6.952441215515137,
      9.917549133300781,
      9.497145652770996,
      8.495713233947754,
      8.923490524291992,
      11.484926223754883,
      11.570547103881836,
      12.797025680541992,
      12.931012153625488,
      15.725041389465332,
      15.785834312438965,
      14.548830032348633,
      14.586804389953613,
      14.359585762023926,
      14.360466003417969
    ],
    [
      6.524796485900879,
      6.511376857757568,
      7.218246936798096,
      7.078845977783203,
      9.648648262023926,
      9.399277687072754,
      7.875308036804199,
      8.604686737060547,
      10.575791358947754,
      11.03101921081543,
      12.47243881225586,
      12.884269714355469,
      15.785834312438965,
      16.179393768310547,
      14.975174903869629,
      15.062538146972656,
      14.918862342834473,
      14.9122953414917
    ],
    [
      8.935318946838379,
      8.697134017944336,
      6.6755242347717285,
      7.154244899749756,
      8.393254280090332,
      8.991374015808105,
      7.005490303039551,
      8.893567085266113,
      7.977392673492432,
      9.241968154907227,
      10.18286418914795,
      10.830121994018555,
      14.548830032348633,
      14.975174903869629,
      18.570743560791016,
      18.5666561126709,
      18.709985733032227,
      18.70750617980957
    ],
    [
      9.30943489074707,
      9.024859428405762,
      6.715573787689209,
      7.251729965209961,
      8.30232048034668,
      8.966062545776367,
      6.77098274230957,
      8.762730598449707,
      7.650483131408691,
      9.034380912780762,
      10.061210632324219,
      10.814818382263184,
      14.586804389953613,
      15.062538146972656,
      18.5666561126709,
      18.75640296936035,
      18.923065185546875,
      18.925275802612305
    ],
    [
      14.564591407775879,
      13.673803329467773,
      9.937938690185547,
      10.051538467407227,
      9.06196117401123,
      10.090851783752441,
      7.650496482849121,
      9.915078163146973,
      7.5592498779296875,
      9.511685371398926,
      9.184976577758789,
      10.021650314331055,
      14.359585762023926,
      14.918862342834473,
      18.709985733032227,
      18.923065185546875,
      29.83212661743164,
      29.778465270996094
    ],
    [
      14.636194229125977,
      13.74481201171875,
      9.938004493713379,
      10.090957641601562,
      9.036206245422363,
      10.104350090026855,
      7.611064434051514,
      9.890323638916016,
      7.518571376800537,
      9.471112251281738,
      9.146316528320312,
      9.977174758911133,
      14.360466003417969,
      14.9122953414917,
      18.70750617980957,
      18.925275802612305,
      29.778465270996094,
      29.92774772644043
    ]
  ],
  "damage": -13.136932373046875,
  "diff_bandwidth": 775.0895385742188,
  "dissonance": 9.34786852774048,
  "drr": 0.23284703493118286,
  "dynamics": 3.1378588676452637,
  "format": 1245190,
  "frames": 19163072,
  "loudness": -18.196130752563477,
  "loudness_range": 8.142146110534668,
  "loudness_range_short": 11.53873062133789,
  "lowpass_true_peak_15khz": 0.5988640785217285,
  "mastering3_acoustic_entropies": [
    {
      "acoustic_entropy": 9.501456260681152,
      "acoustic_entropy_mono": 8.960172653198242,
      "band_eliminated_acoustic_entropies": [
        {
          "acoustic_entropy": 9.361078262329102,
          "acoustic_entropy_side": 9.477726936340332,
          "hz": 129.47220167065723
        },
        {
          "acoustic_entropy": 9.233110427856445,
          "acoustic_entropy_side": 9.324922561645508,
          "hz": 202.92927478742237
        },
        {
          "acoustic_entropy": 9.446074485778809,
          "acoustic_entropy_side": 9.486809730529785,
          "hz": 282.89161906338205
        },
        {
          "acoustic_entropy": 9.627543449401855,
          "acoustic_entropy_side": 9.57706069946289,
          "hz": 369.9353335868758
        },
        {
          "acoustic_entropy": 9.154548645019531,
          "acoustic_entropy_side": 9.5830717086792,
          "hz": 464.6875360973435
        },
        {
          "acoustic_entropy": 9.713162422180176,
          "acoustic_entropy_side": 9.584516525268555,
          "hz": 567.8308811364784
        },
        {
          "acoustic_entropy": 10.010376930236816,
          "acoustic_entropy_side": 9.579541206359863,
          "hz": 680.1084783214808
        },
        {
          "acoustic_entropy": 10.507430076599121,
          "acoustic_entropy_side": 9.681866645812988,
          "hz": 802.3292461747484
        },
        {
          "acoustic_entropy": 9.939523696899414,
          "acoustic_entropy_side": 9.532894134521484,
          "hz": 935.3737400823702
        },
        {
          "acoustic_entropy": 10.159908294677734,
          "acoustic_entropy_side": 9.557761192321777,
          "hz": 1080.2004963696966
        },
        {
          "acoustic_entropy": 9.416712760925293,
          "acoustic_entropy_side": 9.207974433898926,
          "hz": 1237.8529382007157
        },
        {
          "acoustic_entropy": 10.046446800231934,
          "acoustic_entropy_side": 9.597079277038574,
          "hz": 1409.4668930556702
        },
        {
          "acoustic_entropy": 9.682372093200684,
          "acoustic_entropy_side": 9.621450424194336,
          "hz": 1596.2787759475705
        },
        {
          "acoustic_entropy": 9.451594352722168,
          "acoustic_entropy_side": 9.585794448852539,
          "hz": 1799.6344973346393
        },
        {
          "acoustic_entropy": 9.799583435058594,
          "acoustic_entropy_side": 9.55622386932373,
          "hz": 2020.9991599069049
        },
        {
          "acoustic_entropy": 9.19073486328125,
          "acoustic_entropy_side": 9.726394653320312,
          "hz": 2261.9676141086993
        },
        {
          "acoustic_entropy": 9.448344230651855,
          "acoustic_entropy_side": 9.506980895996094,
          "hz": 2524.2759484456974
        },
        {
          "acoustic_entropy": 9.445690155029297,
          "acoustic_entropy_side": 9.50942611694336,
          "hz": 2809.813997359896
        },
        {
          "acoustic_entropy": 9.590617179870605,
          "acoustic_entropy_side": 9.518186569213867,
          "hz": 3120.6389567871424
        },
        {
          "acoustic_entropy": 9.65644645690918,
          "acoustic_entropy_side": 9.52934741973877,
          "hz": 3458.990205492291
        },
        {
          "acoustic_entropy": 9.604636192321777,
          "acoustic_entropy_side": 9.5192232131958,
          "hz": 3827.305438964164
        },
        {
          "acoustic_entropy": 9.603604316711426,
          "acoustic_entropy_side": 9.518115997314453,
          "hz": 4228.238232109126
        },
        {
          "acoustic_entropy": 9.61669921875,
          "acoustic_entropy_side": 9.52156925201416,
          "hz": 4664.6771572759235
        },
        {
          "acoustic_entropy": 9.596232414245605,
          "acoustic_entropy_side": 9.52099323272705,
          "hz": 5139.766595350093
        },
        {
          "acoustic_entropy": 9.555166244506836,
          "acoustic_entropy_side": 9.520111083984375,
          "hz": 5656.929389854203
        },
        {
          "acoustic_entropy": 9.581334114074707,
          "acoustic_entropy_side": 9.532588005065918,
          "hz": 6219.891507268283
        },
        {
          "acoustic_entropy": 9.535415649414062,
          "acoustic_entropy_side": 9.526490211486816,
          "hz": 6832.70888123896
        },
        {
          "acoustic_entropy": 9.526467323303223,
          "acoustic_entropy_side": 9.518575668334961,
          "hz": 7499.796634079867
        },
        {
          "acoustic_entropy": 9.511013984680176,
          "acoustic_entropy_side": 9.519142150878906,
          "hz": 8225.96088609342
        },
        {
          "acoustic_entropy": 9.517553329467773,
          "acoustic_entropy_side": 9.51632022857666,
          "hz": 9016.43338188839
        },
        {
          "acoustic_entropy": 9.513317108154297,
          "acoustic_entropy_side": 9.516833305358887,
          "hz": 9876.909183162974
        },
        {
          "acoustic_entropy": 9.521842956542969,
          "acoustic_entropy_side": 9.513636589050293,
          "hz": 10813.587699516042
        },
        {
          "acoustic_entropy": 9.522814750671387,
          "acoustic_entropy_side": 9.514500617980957,
          "hz": 11833.21735289826
        },
        {
          "acoustic_entropy": 9.53004264831543,
          "acoustic_entropy_side": 9.518101692199707,
          "hz": 12943.144197493959
        },
        {
          "acoustic_entropy": 9.527154922485352,
          "acoustic_entropy_side": 9.515066146850586,
          "hz": 14151.364845322005
        },
        {
          "acoustic_entropy": 9.51607608795166,
          "acoustic_entropy_side": 9.507927894592285,
          "hz": 15466.58407886509
        },
        {
          "acoustic_entropy": 9.50342845916748,
          "acoustic_entropy_side": 9.502470016479492,
          "hz": 16898.27756580493
        },
        {
          "acoustic_entropy": 9.501669883728027,
          "acoustic_entropy_side": 9.501561164855957,
          "hz": 18456.760127700032
        },
        {
          "acoustic_entropy": 9.501459121704102,
          "acoustic_entropy_side": 9.501457214355469,
          "hz": 20153.260054456492
        },
        {
          "acoustic_entropy": 9.501456260681152,
          "acoustic_entropy_side": 9.501455307006836,
          "hz": 22000.00000000001
        }
      ],
      "diff_acoustic_entropy": 8.160877227783203,
      "sn": 6
    },
    {
      "acoustic_entropy": 13.114455223083496,
      "acoustic_entropy_mono": 13.150374412536621,
      "band_eliminated_acoustic_entropies": [
        {
          "acoustic_entropy": 13.356362342834473,
          "acoustic_entropy_side": 13.49354362487793,
          "hz": 129.47220167065723
        },
        {
          "acoustic_entropy": 13.307219505310059,
          "acoustic_entropy_side": 13.328142166137695,
          "hz": 202.92927478742237
        },
        {
          "acoustic_entropy": 13.53591537475586,
          "acoustic_entropy_side": 13.68315315246582,
          "hz": 282.89161906338205
        },
        {
          "acoustic_entropy": 14.043802261352539,
          "acoustic_entropy_side": 13.516539573669434,
          "hz": 369.9353335868758
        },
        {
          "acoustic_entropy": 13.092768669128418,
          "acoustic_entropy_side": 12.949098587036133,
          "hz": 464.6875360973435
        },
        {
          "acoustic_entropy": 13.922807693481445,
          "acoustic_entropy_side": 13.380189895629883,
          "hz": 567.8308811364784
        },
        {
          "acoustic_entropy": 13.828608512878418,
          "acoustic_entropy_side": 14.004364967346191,
          "hz": 680.1084783214808
        },
        {
          "acoustic_entropy": 14.083115577697754,
          "acoustic_entropy_side": 13.346623420715332,
          "hz": 802.3292461747484
        },
        {
          "acoustic_entropy": 14.04585075378418,
          "acoustic_entropy_side": 13.822539329528809,
          "hz": 935.3737400823702
        },
        {
          "acoustic_entropy": 13.94954776763916,
          "acoustic_entropy_side": 13.108104705810547,
          "hz": 1080.2004963696966
        },
        {
          "acoustic_entropy": 13.29289722442627,
          "acoustic_entropy_side": 13.252426147460938,
          "hz": 1237.8529382007157
        },
        {
          "acoustic_entropy": 13.536202430725098,
          "acoustic_entropy_side": 13.449790954589844,
          "hz": 1409.4668930556702
        },
        {
          "acoustic_entropy": 12.924480438232422,
          "acoustic_entropy_side": 13.516018867492676,
          "hz": 1596.2787759475705
        },
        {
          "acoustic_entropy": 12.58527946472168,
          "acoustic_entropy_side": 13.349549293518066,
          "hz": 1799.6344973346393
        },
        {
          "acoustic_entropy": 13.450433731079102,
          "acoustic_entropy_side": 13.267892837524414,
          "hz": 2020.9991599069049
        },
        {
          "acoustic_entropy": 12.894972801208496,
          "acoustic_entropy_side": 12.958728790283203,
          "hz": 2261.9676141086993
        },
        {
          "acoustic_entropy": 13.441580772399902,
          "acoustic_entropy_side": 13.280964851379395,
          "hz": 2524.2759484456974
        },
        {
          "acoustic_entropy": 13.330456733703613,
          "acoustic_entropy_side": 13.348894119262695,
          "hz": 2809.813997359896
        },
        {
          "acoustic_entropy": 13.146352767944336,
          "acoustic_entropy_side": 13.120680809020996,
          "hz": 3120.6389567871424
        },
        {
          "acoustic_entropy": 13.138398170471191,
          "acoustic_entropy_side": 13.090325355529785,
          "hz": 3458.990205492291
        },
        {
          "acoustic_entropy": 13.289626121520996,
          "acoustic_entropy_side": 13.178888320922852,
          "hz": 3827.305438964164
        },
        {
          "acoustic_entropy": 13.316761016845703,
          "acoustic_entropy_side": 13.208481788635254,
          "hz": 4228.238232109126
        },
        {
          "acoustic_entropy": 13.258398056030273,
          "acoustic_entropy_side": 13.214771270751953,
          "hz": 4664.6771572759235
        },
        {
          "acoustic_entropy": 13.224268913269043,
          "acoustic_entropy_side": 13.209693908691406,
          "hz": 5139.766595350093
        },
        {
          "acoustic_entropy": 13.078792572021484,
          "acoustic_entropy_side": 13.11620807647705,
          "hz": 5656.929389854203
        },
        {
          "acoustic_entropy": 13.265246391296387,
          "acoustic_entropy_side": 13.198344230651855,
          "hz": 6219.891507268283
        },
        {
          "acoustic_entropy": 13.014124870300293,
          "acoustic_entropy_side": 13.072595596313477,
          "hz": 6832.70888123896
        },
        {
          "acoustic_entropy": 13.101694107055664,
          "acoustic_entropy_side": 13.10537052154541,
          "hz": 7499.796634079867
        },
        {
          "acoustic_entropy": 13.109967231750488,
          "acoustic_entropy_side": 13.099123001098633,
          "hz": 8225.96088609342
        },
        {
          "acoustic_entropy": 13.038919448852539,
          "acoustic_entropy_side": 13.081867218017578,
          "hz": 9016.43338188839
        },
        {
          "acoustic_entropy": 13.060721397399902,
          "acoustic_entropy_side": 13.093902587890625,
          "hz": 9876.909183162974
        },
        {
          "acoustic_entropy": 13.020060539245605,
          "acoustic_entropy_side": 13.069791793823242,
          "hz": 10813.587699516042
        },
        {
          "acoustic_entropy": 13.071329116821289,
          "acoustic_entropy_side": 13.103482246398926,
          "hz": 11833.21735289826
        },
        {
          "acoustic_entropy": 13.136476516723633,
          "acoustic_entropy_side": 13.127909660339355,
          "hz": 12943.144197493959
        },
        {
          "acoustic_entropy": 13.115968704223633,
          "acoustic_entropy_side": 13.12082290649414,
          "hz": 14151.364845322005
        },
        {
          "acoustic_entropy": 13.132638931274414,
          "acoustic_entropy_side": 13.129663467407227,
          "hz": 15466.58407886509
        },
        {
          "acoustic_entropy": 13.109943389892578,
          "acoustic_entropy_side": 13.123147010803223,
          "hz": 16898.27756580493
        },
        {
          "acoustic_entropy": 13.115729331970215,
          "acoustic_entropy_side": 13.11510181427002,
          "hz": 18456.760127700032
        },
        {
          "acoustic_entropy": 13.114447593688965,
          "acoustic_entropy_side": 13.114450454711914,
          "hz": 20153.260054456492
        },
        {
          "acoustic_entropy": 13.114453315734863,
          "acoustic_entropy_side": 13.114456176757812,
          "hz": 22000.00000000001
        }
      ],
      "diff_acoustic_entropy": 11.420321464538574,
      "sn": 12
    },
    {
      "acoustic_entropy": 17.180835723876953,
      "acoustic_entropy_mono": 16.783113479614258,
      "band_eliminated_acoustic_entropies": [
        {
          "acoustic_entropy": 17.444185256958008,
          "acoustic_entropy_side": 17.665834426879883,
          "hz": 129.47220167065723
        },
        {
          "acoustic_entropy": 18.551023483276367,
          "acoustic_entropy_side": 18.157855987548828,
          "hz": 202.92927478742237
        },
        {
          "acoustic_entropy": 17.122547149658203,
          "acoustic_entropy_side": 18.158782958984375,
          "hz": 282.89161906338205
        },
        {
          "acoustic_entropy": 17.94245719909668,
          "acoustic_entropy_side": 17.553173065185547,
          "hz": 369.9353335868758
        },
        {
          "acoustic_entropy": 17.73084831237793,
          "acoustic_entropy_side": 17.718597412109375,
          "hz": 464.6875360973435
        },
        {
          "acoustic_entropy": 17.157310485839844,
          "acoustic_entropy_side": 17.45829200744629,
          "hz": 567.8308811364784
        },
        {
          "acoustic_entropy": 17.51860809326172,
          "acoustic_entropy_side": 18.047531127929688,
          "hz": 680.1084783214808
        },
        {
          "acoustic_entropy": 18.608659744262695,
          "acoustic_entropy_side": 17.524368286132812,
          "hz": 802.3292461747484
        },
        {
          "acoustic_entropy": 18.199527740478516,
          "acoustic_entropy_side": 18.241470336914062,
          "hz": 935.3737400823702
        },
        {
          "acoustic_entropy": 18.473552703857422,
          "acoustic_entropy_side": 17.01725959777832,
          "hz": 1080.2004963696966
        },
        {
          "acoustic_entropy": 17.13688850402832,
          "acoustic_entropy_side": 17.142772674560547,
          "hz": 1237.8529382007157
        },
        {
          "acoustic_entropy": 17.227863311767578,
          "acoustic_entropy_side": 17.219970703125,
          "hz": 1409.4668930556702
        },
        {
          "acoustic_entropy": 18.289424896240234,
          "acoustic_entropy_side": 17.939739227294922,
          "hz": 1596.2787759475705
        },
        {
          "acoustic_entropy": 17.26102066040039,
          "acoustic_entropy_side": 17.491838455200195,
          "hz": 1799.6344973346393
        },
        {
          "acoustic_entropy": 17.853708267211914,
          "acoustic_entropy_side": 17.804386138916016,
          "hz": 2020.9991599069049
        },
        {
          "acoustic_entropy": 17.566999435424805,
          "acoustic_entropy_side": 17.635629653930664,
          "hz": 2261.9676141086993
        },
        {
          "acoustic_entropy": 16.843168258666992,
          "acoustic_entropy_side": 16.91456413269043,
          "hz": 2524.2759484456974
        },
        {
          "acoustic_entropy": 17.57062339782715,
          "acoustic_entropy_side": 17.105865478515625,
          "hz": 2809.813997359896
        },
        {
          "acoustic_entropy": 17.503339767456055,
          "acoustic_entropy_side": 17.35698890686035,
          "hz": 3120.6389567871424
        },
        {
