{
  "acoustic_entropy": 210.0096893310547,
  "bands": [
    {
      "high_freq": 148.1999969482422,
      "loudness": -18.463539123535156,
      "loudness_range": 11.205961227416992,
      "mid_mean": -14.898544311523438,
      "mid_to_side_loudness": -19.20706558227539,
      "mid_to_side_loudness_range": 18.75916862487793,
      "side_mean": -34.57807540893555
    },
    {
      "high_freq": 392.3793640136719,
      "loudness": -20.399169921875,
      "loudness_range": 7.926197052001953,
      "low_freq": 148.1999969482422,
      "mid_mean": -17.28021240234375,
      "mid_to_side_loudness": -10.274308204650879,
      "mid_to_side_loudness_range": 14.094480514526367,
      "side_mean": -27.717098236083984
    },
    {
      "high_freq": 794.6976318359375,
      "loudness": -20.88887596130371,
      "loudness_range": 11.273140907287598,
      "low_freq": 392.3793640136719,
      "mid_mean": -18.592185974121094,
      "mid_to_side_loudness": -4.9235944747924805,
      "mid_to_side_loudness_range": 8.634187698364258,
      "side_mean": -23.627361297607422
    },
    {
      "high_freq": 1457.5709228515625,
      "loudness": -23.576976776123047,
      "loudness_range": 19.688657760620117,
      "low_freq": 794.6976318359375,
      "mid_mean": -20.856910705566406,
      "mid_to_side_loudness": -7.278970241546631,
      "mid_to_side_loudness_range": 13.10531997680664,
      "side_mean": -28.35356330871582
    },
    {
      "high_freq": 2549.74365234375,
      "loudness": -22.91729736328125,
      "loudness_range": 15.472935676574707,
      "low_freq": 1457.5709228515625,
      "mid_mean": -19.984657287597656,
      "mid_to_side_loudness": -8.977311134338379,
      "mid_to_side_loudness_range": 13.476140975952148,
      "side_mean": -29.09309196472168
    },
    {
      "high_freq": 4349.24462890625,
      "loudness": -23.44866371154785,
      "loudness_range": 17.863025665283203,
      "low_freq": 2549.74365234375,
      "mid_mean": -20.551063537597656,
      "mid_to_side_loudness": -8.804280281066895,
      "mid_to_side_loudness_range": 14.309711456298828,
      "side_mean": -29.46485137939453
    },
    {
      "high_freq": 7314.1640625,
      "loudness": -26.599899291992188,
      "loudness_range": 15.792806625366211,
      "low_freq": 4349.24462890625,
      "mid_mean": -23.754838943481445,
      "mid_to_side_loudness": -8.203237533569336,
      "mid_to_side_loudness_range": 12.812871932983398,
      "side_mean": -31.663818359375
    },
    {
      "high_freq": 12199.2666015625,
      "loudness": -27.11170196533203,
      "loudness_range": 14.750471115112305,
      "low_freq": 7314.1640625,
      "mid_mean": -24.587921142578125,
      "mid_to_side_loudness": -6.707540512084961,
      "mid_to_side_loudness_range": 12.83796215057373,
      "side_mean": -30.0607967376709
    },
    {
      "loudness": -27.40556526184082,
      "loudness_range": 25.029043197631836,
      "low_freq": 12199.2666015625,
      "mid_mean": -25.960180282592773,
      "mid_to_side_loudness": -4.419201374053955,
      "mid_to_side_loudness_range": 13.735979080200195,
      "side_mean": -28.6450138092041
    }
  ],
  "bands_short": [
    {
      "high_freq": 148.1999969482422,
      "loudness": -23.344552993774414,
      "loudness_range": 24.49823760986328,
      "mid_mean": -20.232925415039062,
      "mid_to_side_loudness": -15.619002342224121,
      "mid_to_side_loudness_range": 24.867605209350586,
      "side_mean": -36.41280746459961
    },
    {
      "high_freq": 392.3793640136719,
      "loudness": -21.264753341674805,
      "loudness_range": 17.376449584960938,
      "low_freq": 148.1999969482422,
      "mid_mean": -18.409183502197266,
      "mid_to_side_loudness": -9.443074226379395,
      "mid_to_side_loudness_range": 17.518903732299805,
      "side_mean": -28.05801773071289
    },
    {
      "high_freq": 794.6976318359375,
      "loudness": -23.10203742980957,
      "loudness_range": 14.4283447265625,
      "low_freq": 392.3793640136719,
      "mid_mean": -21.176048278808594,
      "mid_to_side_loudness": -4.424192905426025,
      "mid_to_side_loudness_range": 12.430438995361328,
      "side_mean": -25.6304988861084
    },
    {
      "high_freq": 1457.5709228515625,
      "loudness": -23.107213973999023,
      "loudness_range": 20.836524963378906,
      "low_freq": 794.6976318359375,
      "mid_mean": -20.75946807861328,
      "mid_to_side_loudness": -6.108829021453857,
      "mid_to_side_loudness_range": 15.07264518737793,
      "side_mean": -27.036535263061523
    },
    {
      "high_freq": 2549.74365234375,
      "loudness": -24.42206573486328,
      "loudness_range": 19.895069122314453,
      "low_freq": 1457.5709228515625,
      "mid_mean": -21.75847053527832,
      "mid_to_side_loudness": -7.946345806121826,
      "mid_to_side_loudness_range": 14.390215873718262,
      "side_mean": -29.85047149658203
    },
    {
      "high_freq": 4349.24462890625,
      "loudness": -24.46609115600586,
      "loudness_range": 21.48406982421875,
      "low_freq": 2549.74365234375,
      "mid_mean": -21.778566360473633,
      "mid_to_side_loudness": -7.768490791320801,
      "mid_to_side_loudness_range": 14.277839660644531,
      "side_mean": -29.844646453857422
    },
    {
      "high_freq": 7314.1640625,
      "loudness": -28.118350982666016,
      "loudness_range": 21.754009246826172,
      "low_freq": 4349.24462890625,
      "mid_mean": -25.524301528930664,
      "mid_to_side_loudness": -7.188051700592041,
      "mid_to_side_loudness_range": 14.396655082702637,
      "side_mean": -33.12297058105469
    },
    {
      "high_freq": 12199.2666015625,
      "loudness": -28.570152282714844,
      "loudness_range": 21.3612060546875,
      "low_freq": 7314.1640625,
      "mid_mean": -26.326852798461914,
      "mid_to_side_loudness": -6.303717613220215,
      "mid_to_side_loudness_range": 14.835468292236328,
      "side_mean": -31.495153427124023
    },
    {
      "loudness": -28.65680503845215,
      "loudness_range": 29.916492462158203,
      "low_freq": 12199.2666015625,
      "mid_mean": -27.47357940673828,
      "mid_to_side_loudness": -5.00576114654541,
      "mid_to_side_loudness_range": 15.863876342773438,
      "side_mean": -28.47092056274414
    }
  ],
  "bandwidth": 698.0109252929688,
  "channels": 2,
  "covariance": [
    [
      23.575355529785156,
      4.629509449005127,
      7.364970684051514,
      4.300019264221191,
      0.7987405061721802,
      2.1517231464385986,
      6.253967761993408,
      4.35813570022583,
      6.22257661819458,
      7.552446365356445,
      6.692163467407227,
      8.544617652893066,
      5.471426963806152,
      6.210207462310791,
      4.79857063293457,
      4.952484607696533,
      8.184992790222168,
      10.552791595458984
    ],
    [
      4.629509449005127,
      30.884868621826172,
      4.939794063568115,
      12.705513954162598,
      7.918310165405273,
      6.604664325714111,
      10.856954574584961,
      12.307397842407227,
      9.542895317077637,
      17.238351821899414,
      11.03238582611084,
      18.912792205810547,
      10.091632843017578,
      16.10862922668457,
      10.563240051269531,
      11.435070037841797,
      17.032447814941406,
      20.772903442382812
    ],
    [
      7.364970684051514,
      4.939794063568115,
      14.131126403808594,
      9.990300178527832,
      4.09218168258667,
      3.8222827911376953,
      6.997414588928223,
      6.348385810852051,
      8.248038291931152,
      10.12370491027832,
      10.548550605773926,
      11.464315414428711,
      7.809999465942383,
      9.700267791748047,
      7.17656946182251,
      9.255194664001465,
      12.136621475219727,
      16.000030517578125
    ],
    [
      4.300019264221191,
      12.705513954162598,
      9.990300178527832,
      33.36106872558594,
      12.248017311096191,
      13.27548885345459,
      17.815706253051758,
      24.788272857666016,
      16.776124954223633,
      32.14091491699219,
      21.70538902282715,
      38.11404800415039,
      19.42124366760254,
      32.437255859375,
      20.380985260009766,
      29.979026794433594,
      38.89801788330078,
      53.266300201416016
    ],
    [
      0.7987405061721802,
      7.918310165405273,
      4.09218168258667,
      12.248017311096191,
      21.545536041259766,
      12.604433059692383,
      23.246871948242188,
      19.86880874633789,
      16.63669204711914,
      24.03912353515625,
      14.024657249450684,
      22.790559768676758,
      11.234585762023926,
      17.507890701293945,
      11.628856658935547,
      15.794468879699707,
      19.98448371887207,
      23.993925094604492
    ],
    [
      2.1517231464385986,
      6.604664325714111,
      3.8222827911376953,
      13.27548885345459,
      12.604433059692383,
      17.57450294494629,
      13.030454635620117,
      17.111740112304688,
      11.813362121582031,
      22.175325393676758,
      10.354207992553711,
      20.343507766723633,
      8.833521842956543,
      15.82073974609375,
      9.865511894226074,
      16.31242561340332,
      21.10098648071289,
      29.799427032470703
    ],
    [
      6.253967761993408,
      10.856954574584961,
      6.997414588928223,
      17.815706253051758,
      23.246871948242188,
      13.030454635620117,
      46.85590744018555,
      32.425880432128906,
      25.40305519104004,
      31.710113525390625,
      24.23899269104004,
      33.34291458129883,
      21.55745506286621,
      29.44736671447754,
      21.3892879486084,
      25.471399307250977,
      32.770023345947266,
      38.14406967163086
    ],
    [
      4.35813570022583,
      12.307397842407227,
      6.348385810852051,
      24.788272857666016,
      19.86880874633789,
      17.111740112304688,
      32.425880432128906,
      41.332855224609375,
      21.72528839111328,
      41.306053161621094,
      22.93369483947754,
      44.66613006591797,
      20.65667152404785,
      36.94675064086914,
      23.306669235229492,
      35.49608612060547,
      43.913116455078125,
      58.40544891357422
    ],
    [
      6.22257661819458,
      9.542895317077637,
      8.248038291931152,
      16.776124954223633,
      16.63669204711914,
      11.813362121582031,
      25.40305519104004,
      21.72528839111328,
      30.76070785522461,
      31.447940826416016,
      25.314788818359375,
      30.95518684387207,
      21.315692901611328,
      25.74716567993164,
      19.176986694335938,
      23.234418869018555,
      29.335779190063477,
      36.5440673828125
    ],
    [
      7.552446365356445,
      17.238351821899414,
      10.12370491027832,
      32.14091491699219,
      24.03912353515625,
      22.175325393676758,
      31.710113525390625,
      41.306053161621094,
      31.447940826416016,
      58.34742736816406,
      31.43509292602539,
      59.450992584228516,
      28.3333740234375,
      49.2952766418457,
      30.479978561401367,
      46.924617767333984,
      57.43748092651367,
      76.89118957519531
    ],
    [
      6.692163467407227,
      11.03238582611084,
      10.548550605773926,
      21.70538902282715,
      14.024657249450684,
      10.354207992553711,
      24.23899269104004,
      22.93369483947754,
      25.314788818359375,
      31.43509292602539,
      37.5460090637207,
      41.69881820678711,
      29.69345474243164,
      34.539066314697266,
      24.893789291381836,
      28.530521392822266,
      35.18296432495117,
      42.633846282958984
    ],
    [
      8.544617652893066,
      18.912792205810547,
      11.464315414428711,
      38.11404800415039,
      22.790559768676758,
      20.343507766723633,
      33.34291458129883,
      44.66613006591797,
      30.95518684387207,
      59.450992584228516,
      41.69881820678711,
      75.84105682373047,
      36.058265686035156,
      61.114234924316406,
      37.02039337158203,
      55.32878875732422,
      66.63189697265625,
      87.64193725585938
    ],
    [
      5.471426963806152,
      10.091632843017578,
      7.809999465942383,
      19.42124366760254,
      11.234585762023926,
      8.833521842956543,
      21.55745506286621,
      20.65667152404785,
      21.315692901611328,
      28.3333740234375,
      29.69345474243164,
      36.058265686035156,
      33.31617736816406,
      34.29383850097656,
      28.273212432861328,
      26.488998413085938,
      35.524044036865234,
      37.596866607666016
    ],
    [
      6.210207462310791,
      16.10862922668457,
      9.700267791748047,
      32.437255859375,
      17.507890701293945,
      15.82073974609375,
      29.44736671447754,
      36.94675064086914,
      25.74716567993164,
      49.2952766418457,
      34.539066314697266,
      61.114234924316406,
      34.29383850097656,
      63.314117431640625,
      35.693145751953125,
      51.77375411987305,
      59.0077018737793,
      76.44181060791016
    ],
    [
      4.79857063293457,
      10.563240051269531,
      7.17656946182251,
      20.380985260009766,
      11.628856658935547,
      9.865511894226074,
      21.3892879486084,
      23.306669235229492,
      19.176986694335938,
      30.479978561401367,
      24.893789291381836,
      37.02039337158203,
      28.273212432861328,
      35.693145751953125,
      31.06183433532715,
      30.194055557250977,
      40.58477020263672,
      43.20578384399414
    ],
    [
      4.952484607696533,
      11.435070037841797,
      9.255194664001465,
      29.979026794433594,
      15.794468879699707,
      16.31242561340332,
      25.471399307250977,
      35.49608612060547,
      23.234418869018555,
      46.924617767333984,
      28.530521392822266,
      55.32878875732422,
      26.488998413085938,
      51.77375411987305,
      30.194055557250977,
      57.47289276123047,
      58.5748405456543,
      86.71749877929688
    ],
    [
      8.184992790222168,
      17.032447814941406,
      12.136621475219727,
      38.89801788330078,
      19.98448371887207,
      21.10098648071289,
      32.770023345947266,
      43.913116455078125,
      29.335779190063477,
      57.43748092651367,
      35.18296432495117,
      66.63189697265625,
      35.524044036865234,
      59.0077018737793,
      40.58477020263672,
      58.5748405456543,
      81.07673645019531,
      101.23128509521484
    ],
    [
      10.552791595458984,
      20.772903442382812,
      16.000030517578125,
      53.266300201416016,
      23.993925094604492,
      29.799427032470703,
      38.14406967163086,
      58.40544891357422,
      36.5440673828125,
      76.89118957519531,
      42.633846282958984,
      87.64193725585938,
      37.596866607666016,
      76.44181060791016,
      43.20578384399414,
      86.71749877929688,
      101.23128509521484,
      160.57571411132812
    ]
  ],
  "covariance_short": [
    [
      77.57270050048828,
      14.518951416015625,
      14.833735466003418,
      13.113578796386719,
      10.52409839630127,
      10.992079734802246,
      17.85995864868164,
      12.86079216003418,
      19.52655029296875,
      25.003080368041992,
      23.387052536010742,
      27.949047088623047,
      21.454811096191406,
      25.847412109375,
      18.937387466430664,
      20.19550132751465,
      22.83043670654297,
      20.522029876708984
    ],
    [
      14.518951416015625,
      39.06050491333008,
      6.372938632965088,
      12.207555770874023,
      8.056744575500488,
      8.616004943847656,
      8.095212936401367,
      8.21548080444336,
      10.79412841796875,
      17.493947982788086,
      11.425742149353027,
      18.111509323120117,
      11.25707721710205,
      17.64991569519043,
      10.221610069274902,
      12.207574844360352,
      13.908659934997559,
      11.097160339355469
    ],
    [
      14.833735466003418,
      6.372938632965088,
      35.182403564453125,
      13.31639575958252,
      10.921730995178223,
      6.5349860191345215,
      12.611726760864258,
      8.48257827758789,
      17.441896438598633,
      15.82972240447998,
      20.323673248291016,
      17.756044387817383,
      17.84425163269043,
      19.599594116210938,
      16.789165496826172,
      17.270122528076172,
      19.865083694458008,
      19.09391975402832
    ],
    [
      13.113578796386719,
      12.207555770874023,
      13.31639575958252,
      36.41676712036133,
      13.86851978302002,
      13.692561149597168,
      17.021568298339844,
      21.99455451965332,
      19.344017028808594,
      31.831722259521484,
      23.77366828918457,
      36.70276641845703,
      21.414752960205078,
      35.7197265625,
      23.415348052978516,
      32.203880310058594,
      40.159385681152344,
      42.19515609741211
    ],
    [
      10.52409839630127,
      8.056744575500488,
      10.921730995178223,
      13.86851978302002,
      34.25498962402344,
      17.294225692749023,
      28.48176383972168,
      18.265880584716797,
      24.744733810424805,
      26.023160934448242,
      21.103654861450195,
      24.879194259643555,
      16.306962966918945,
      22.751216888427734,
      16.265409469604492,
      20.974031448364258,
      19.772890090942383,
      17.86298179626465
    ],
    [
      10.992079734802246,
      8.616004943847656,
      6.5349860191345215,
      13.692561149597168,
      17.294225692749023,
      23.488758087158203,
      15.57503604888916,
      15.966851234436035,
      16.281888961791992,
      24.471141815185547,
      13.760822296142578,
      22.33304214477539,
      11.981938362121582,
      20.003984451293945,
      13.908982276916504,
      20.730915069580078,
      22.613595962524414,
      23.05770492553711
    ],
    [
      17.85995864868164,
      8.095212936401367,
      12.611726760864258,
      17.021568298339844,
      28.48176383972168,
      15.57503604888916,
      54.33668518066406,
      34.43272018432617,
      35.67777633666992,
      36.492549896240234,
      28.214643478393555,
      33.040260314941406,
      23.804048538208008,
      32.65388488769531,
      24.118911743164062,
      28.222610473632812,
      31.121763229370117,
      24.521867752075195
    ],
    [
      12.86079216003418,
      8.21548080444336,
      8.48257827758789,
      21.99455451965332,
      18.265880584716797,
      15.966851234436035,
      34.43272018432617,
      43.79710006713867,
      25.576290130615234,
      38.745296478271484,
      23.0936279296875,
      37.1807746887207,
      21.567914962768555,
      37.481910705566406,
      24.495630264282227,
      33.97475814819336,
      39.67011260986328,
      38.48450469970703
    ],
    [
      19.52655029296875,
      10.79412841796875,
      17.441896438598633,
      19.344017028808594,
      24.744733810424805,
      16.281888961791992,
      35.67777633666992,
      25.576290130615234,
      48.44161605834961,
      40.86301040649414,
      36.27888488769531,
      37.163822174072266,
      31.519227981567383,
      36.77656936645508,
      28.35600471496582,
      31.381216049194336,
      32.313167572021484,
      29.658536911010742
    ],
    [
      25.003080368041992,
      17.493947982788086,
      15.82972240447998,
      31.831722259521484,
      26.023160934448242,
      24.471141815185547,
      36.492549896240234,
      38.745296478271484,
      40.86301040649414,
      64.87992095947266,
      38.248348236083984,
      61.492034912109375,
      36.91558074951172,
      60.80537033081055,
      38.9833869934082,
      53.731563568115234,
      57.965457916259766,
      54.142616271972656
    ],
    [
      23.387052536010742,
      11.425742149353027,
      20.323673248291016,
      23.77366828918457,
      21.103654861450195,
      13.760822296142578,
      28.214643478393555,
      23.0936279296875,
      36.27888488769531,
      38.248348236083984,
      53.79972839355469,
      49.78689193725586,
      43.13054275512695,
      48.133182525634766,
      35.897464752197266,
      37.12189483642578,
      38.576725006103516,
      34.2945671081543
    ],
    [
      27.949047088623047,
      18.111509323120117,
      17.756044387817383,
      36.70276641845703,
      24.879194259643555,
      22.33304214477539,
      33.040260314941406,
      37.1807746887207,
      37.163822174072266,
      61.492034912109375,
      49.78689193725586,
      79.90672302246094,
      45.817298889160156,
      75.18561553955078,
      47.079349517822266,
      63.06800842285156,
      66.9446792602539,
      59.14105987548828
    ],
    [
      21.454811096191406,
      11.25707721710205,
      17.84425163269043,
      21.414752960205078,
      16.306962966918945,
      11.981938362121582,
      23.804048538208008,
      21.567914962768555,
      31.519227981567383,
      36.91558074951172,
      43.13054275512695,
      45.817298889160156,
      57.885398864746094,
      55.61312484741211,
      49.399940490722656,
      44.850223541259766,
      48.732452392578125,
      34.59469223022461
    ],
    [
      25.847412109375,
      17.64991569519043,
      19.599594116210938,
      35.7197265625,
      22.751216888427734,
      20.003984451293945,
      32.65388488769531,
      37.481910705566406,
      36.77656936645508,
      60.80537033081055,
      48.133182525634766,
      75.18561553955078,
      55.61312484741211,
      93.74795532226562,
      58.59893035888672,
      74.40217590332031,
      77.16844177246094,
      61.00588607788086
    ],
    [
      18.937387466430664,
      10.221610069274902,
      16.789165496826172,
      23.415348052978516,
      16.265409469604492,
      13.908982276916504,
      24.118911743164062,
      24.495630264282227,
      28.35600471496582,
      38.9833869934082,
      35.897464752197266,
      47.079349517822266,
      49.399940490722656,
      58.59893035888672,
      61.46961975097656,
      55.469505310058594,
      64.8813247680664,
      49.18864822387695
    ],
    [
      20.19550132751465,
      12.207574844360352,
      17.270122528076172,
      32.203880310058594,
      20.974031448364258,
      20.730915069580078,
      28.222610473632812,
      33.97475814819336,
      31.381216049194336,
      53.731563568115234,
      37.12189483642578,
      63.06800842285156,
      44.850223541259766,
      74.40217590332031,
      55.469505310058594,
      93.77582550048828,
      81.62853240966797,
      80.86845397949219
    ],
    [
      22.83043670654297,
      13.908659934997559,
      19.865083694458008,
      40.159385681152344,
      19.772890090942383,
      22.613595962524414,
      31.121763229370117,
      39.67011260986328,
      32.313167572021484,
      57.965457916259766,
      38.576725006103516,
      66.9446792602539,
      48.732452392578125,
      77.16844177246094,
      64.8813247680664,
      81.62853240966797,
      112.12290954589844,
      100.48312377929688
    ],
    [
      20.522029876708984,
      11.097160339355469,
      19.09391975402832,
      42.19515609741211,
      17.86298179626465,
      23.05770492553711,
      24.521867752075195,
      38.48450469970703,
      29.658536911010742,
      54.142616271972656,
      34.2945671081543,
      59.14105987548828,
      34.59469223022461,
      61.00588607788086,
      49.18864822387695,
      80.86845397949219,
      100.48312377929688,
      147.33450317382812
    ]
  ],
  "damage": -4.120533466339111,
  "diff_bandwidth": 606.8134155273438,
  "dissonance": 11.144105139324981,
  "drr": 6.45609712600708,
  "dynamics": 3.4956729412078857,
  "format": 1245190,
  "frames": 13383680,
  "loudness": -8.109512329101562,
  "loudness_range": 7.37741231918335,
  "loudness_range_short": 13.138620376586914,
  "lowpass_true_peak_15khz": 1.9464749097824097,
  "mastering3_acoustic_entropies": [
    {
      "acoustic_entropy": 9.211806297302246,
      "acoustic_entropy_mono": 9.262022972106934,
      "band_eliminated_acoustic_entropies": [
        {
          "acoustic_entropy": 8.996851921081543,
          "acoustic_entropy_side": 9.211843490600586,
          "hz": 129.47220167065723
        },
        {
          "acoustic_entropy": 8.335850715637207,
          "acoustic_entropy_side": 9.212355613708496,
          "hz": 202.92927478742237
        },
        {
          "acoustic_entropy": 8.997920989990234,
          "acoustic_entropy_side": 9.224321365356445,
          "hz": 282.89161906338205
        },
        {
          "acoustic_entropy": 9.186585426330566,
          "acoustic_entropy_side": 9.283580780029297,
          "hz": 369.9353335868758
        },
        {
          "acoustic_entropy": 9.22649097442627,
          "acoustic_entropy_side": 9.200809478759766,
          "hz": 464.6875360973435
        },
        {
          "acoustic_entropy": 9.298011779785156,
          "acoustic_entropy_side": 9.232271194458008,
          "hz": 567.8308811364784
        },
        {
          "acoustic_entropy": 9.019975662231445,
          "acoustic_entropy_side": 9.23027229309082,
          "hz": 680.1084783214808
        },
        {
          "acoustic_entropy": 9.130038261413574,
          "acoustic_entropy_side": 9.068100929260254,
          "hz": 802.3292461747484
        },
        {
          "acoustic_entropy": 8.898150444030762,
          "acoustic_entropy_side": 8.89544677734375,
          "hz": 935.3737400823702
        },
        {
          "acoustic_entropy": 8.958211898803711,
          "acoustic_entropy_side": 9.194576263427734,
          "hz": 1080.2004963696966
        },
        {
          "acoustic_entropy": 8.996292114257812,
          "acoustic_entropy_side": 9.292791366577148,
          "hz": 1237.8529382007157
        },
        {
          "acoustic_entropy": 9.193690299987793,
          "acoustic_entropy_side": 9.20036506652832,
          "hz": 1409.4668930556702
        },
        {
          "acoustic_entropy": 8.710183143615723,
          "acoustic_entropy_side": 9.14758586883545,
          "hz": 1596.2787759475705
        },
        {
          "acoustic_entropy": 9.304607391357422,
          "acoustic_entropy_side": 9.150717735290527,
          "hz": 1799.6344973346393
        },
        {
          "acoustic_entropy": 9.23810863494873,
          "acoustic_entropy_side": 9.178357124328613,
          "hz": 2020.9991599069049
        },
        {
          "acoustic_entropy": 8.992491722106934,
          "acoustic_entropy_side": 9.114348411560059,
          "hz": 2261.9676141086993
        },
        {
          "acoustic_entropy": 9.277393341064453,
          "acoustic_entropy_side": 9.101765632629395,
          "hz": 2524.2759484456974
        },
        {
          "acoustic_entropy": 9.19300365447998,
          "acoustic_entropy_side": 9.132671356201172,
          "hz": 2809.813997359896
        },
        {
          "acoustic_entropy": 8.712007522583008,
          "acoustic_entropy_side": 9.117422103881836,
          "hz": 3120.6389567871424
        },
        {
          "acoustic_entropy": 9.006528854370117,
          "acoustic_entropy_side": 9.160393714904785,
          "hz": 3458.990205492291
        },
        {
          "acoustic_entropy": 9.280017852783203,
          "acoustic_entropy_side": 9.232292175292969,
          "hz": 3827.305438964164
        },
        {
          "acoustic_entropy": 9.21752643585205,
          "acoustic_entropy_side": 9.174115180969238,
          "hz": 4228.238232109126
        },
        {
          "acoustic_entropy": 9.191241264343262,
          "acoustic_entropy_side": 9.155211448669434,
          "hz": 4664.6771572759235
        },
        {
          "acoustic_entropy": 9.382148742675781,
          "acoustic_entropy_side": 9.21449089050293,
          "hz": 5139.766595350093
        },
        {
          "acoustic_entropy": 9.392276763916016,
          "acoustic_entropy_side": 9.196382522583008,
          "hz": 5656.929389854203
        },
        {
          "acoustic_entropy": 9.302616119384766,
          "acoustic_entropy_side": 9.202886581420898,
          "hz": 6219.891507268283
        },
        {
          "acoustic_entropy": 9.188836097717285,
          "acoustic_entropy_side": 9.221657752990723,
          "hz": 6832.70888123896
        },
        {
          "acoustic_entropy": 9.175919532775879,
          "acoustic_entropy_side": 9.170160293579102,
          "hz": 7499.796634079867
        },
        {
          "acoustic_entropy": 9.157279014587402,
          "acoustic_entropy_side": 9.204901695251465,
          "hz": 8225.96088609342
        },
        {
          "acoustic_entropy": 9.18553638458252,
          "acoustic_entropy_side": 9.242674827575684,
          "hz": 9016.43338188839
        },
        {
          "acoustic_entropy": 9.227291107177734,
          "acoustic_entropy_side": 9.28969955444336,
          "hz": 9876.909183162974
        },
        {
          "acoustic_entropy": 9.247282028198242,
          "acoustic_entropy_side": 9.305079460144043,
          "hz": 10813.587699516042
        },
        {
          "acoustic_entropy": 9.321000099182129,
          "acoustic_entropy_side": 9.337202072143555,
          "hz": 11833.21735289826
        },
        {
          "acoustic_entropy": 9.300158500671387,
          "acoustic_entropy_side": 9.29146671295166,
          "hz": 12943.144197493959
        },
        {
          "acoustic_entropy": 9.215010643005371,
          "acoustic_entropy_side": 9.270468711853027,
          "hz": 14151.364845322005
        },
        {
          "acoustic_entropy": 9.187689781188965,
          "acoustic_entropy_side": 9.23215389251709,
          "hz": 15466.58407886509
        },
        {
          "acoustic_entropy": 8.967996597290039,
          "acoustic_entropy_side": 9.106561660766602,
          "hz": 16898.27756580493
        },
        {
          "acoustic_entropy": 8.913578987121582,
          "acoustic_entropy_side": 9.215327262878418,
          "hz": 18456.760127700032
        },
        {
          "acoustic_entropy": 9.140593528747559,
          "acoustic_entropy_side": 9.189580917358398,
          "hz": 20153.260054456492
        },
        {
          "acoustic_entropy": 9.22734260559082,
          "acoustic_entropy_side": 9.218180656433105,
          "hz": 22000.00000000001
        }
      ],
      "diff_acoustic_entropy": 10.058869361877441,
      "sn": 6
    },
    {
      "acoustic_entropy": 13.426592826843262,
      "acoustic_entropy_mono": 13.776043891906738,
      "band_eliminated_acoustic_entropies": [
        {
          "acoustic_entropy": 13.34933090209961,
          "acoustic_entropy_side": 13.425262451171875,
          "hz": 129.47220167065723
        },
        {
          "acoustic_entropy": 13.6740083694458,
          "acoustic_entropy_side": 13.419370651245117,
          "hz": 202.92927478742237
        },
        {
          "acoustic_entropy": 13.335684776306152,
          "acoustic_entropy_side": 13.439166069030762,
          "hz": 282.89161906338205
        },
        {
          "acoustic_entropy": 13.117483139038086,
          "acoustic_entropy_side": 13.347158432006836,
          "hz": 369.9353335868758
        },
        {
          "acoustic_entropy": 13.239166259765625,
          "acoustic_entropy_side": 13.35915470123291,
          "hz": 464.6875360973435
        },
        {
          "acoustic_entropy": 14.283308029174805,
          "acoustic_entropy_side": 14.108796119689941,
          "hz": 567.8308811364784
        },
        {
          "acoustic_entropy": 13.816886901855469,
          "acoustic_entropy_side": 13.651387214660645,
          "hz": 680.1084783214808
        },
        {
          "acoustic_entropy": 13.786611557006836,
          "acoustic_entropy_side": 13.637322425842285,
          "hz": 802.3292461747484
        },
        {
          "acoustic_entropy": 13.710132598876953,
          "acoustic_entropy_side": 13.202033042907715,
          "hz": 935.3737400823702
        },
        {
          "acoustic_entropy": 13.119746208190918,
          "acoustic_entropy_side": 13.725835800170898,
          "hz": 1080.2004963696966
        },
        {
          "acoustic_entropy": 13.60804557800293,
          "acoustic_entropy_side": 13.943821907043457,
          "hz": 1237.8529382007157
        },
        {
          "acoustic_entropy": 13.400041580200195,
          "acoustic_entropy_side": 13.643806457519531,
          "hz": 1409.4668930556702
        },
        {
          "acoustic_entropy": 13.283167839050293,
          "acoustic_entropy_side": 13.395073890686035,
          "hz": 1596.2787759475705
        },
        {
          "acoustic_entropy": 13.16027545928955,
          "acoustic_entropy_side": 12.904495239257812,
          "hz": 1799.6344973346393
        },
        {
          "acoustic_entropy": 14.220782279968262,
          "acoustic_entropy_side": 13.199058532714844,
          "hz": 2020.9991599069049
        },
        {
          "acoustic_entropy": 14.085018157958984,
          "acoustic_entropy_side": 13.425311088562012,
          "hz": 2261.9676141086993
        },
        {
          "acoustic_entropy": 13.048750877380371,
          "acoustic_entropy_side": 12.91122055053711,
          "hz": 2524.2759484456974
        },
        {
          "acoustic_entropy": 13.39928913116455,
          "acoustic_entropy_side": 13.62625789642334,
          "hz": 2809.813997359896
        },
        {
          "acoustic_entropy": 12.471123695373535,
          "acoustic_entropy_side": 13.538959503173828,
          "hz": 3120.6389567871424
        },
        {
          "acoustic_entropy": 13.003180503845215,
          "acoustic_entropy_side": 13.021862983703613,
          "hz": 3458.990205492291
        },
        {
          "acoustic_entropy": 13.4190673828125,
          "acoustic_entropy_side": 13.394694328308105,
          "hz": 3827.305438964164
        },
        {
          "acoustic_entropy": 13.808084487915039,
          "acoustic_entropy_side": 13.605704307556152,
          "hz": 4228.238232109126
        },
        {
          "acoustic_entropy": 13.522022247314453,
          "acoustic_entropy_side": 13.41387939453125,
          "hz": 4664.6771572759235
        },
        {
          "acoustic_entropy": 13.517406463623047,
          "acoustic_entropy_side": 13.36090087890625,
          "hz": 5139.766595350093
        },
        {
          "acoustic_entropy": 13.562582969665527,
          "acoustic_entropy_side": 13.389824867248535,
          "hz": 5656.929389854203
        },
        {
          "acoustic_entropy": 13.288521766662598,
          "acoustic_entropy_side": 13.391997337341309,
          "hz": 6219.891507268283
        },
        {
          "acoustic_entropy": 13.40821361541748,
          "acoustic_entropy_side": 13.469581604003906,
          "hz": 6832.70888123896
        },
        {
          "acoustic_entropy": 13.412566184997559,
          "acoustic_entropy_side": 13.418868064880371,
          "hz": 7499.796634079867
        },
        {
          "acoustic_entropy": 13.26676082611084,
          "acoustic_entropy_side": 13.390816688537598,
          "hz": 8225.96088609342
        },
        {
          "acoustic_entropy": 13.191123962402344,
          "acoustic_entropy_side": 13.343636512756348,
          "hz": 9016.43338188839
        },
        {
          "acoustic_entropy": 12.922064781188965,
          "acoustic_entropy_side": 13.232918739318848,
          "hz": 9876.909183162974
        },
        {
          "acoustic_entropy": 13.005746841430664,
          "acoustic_entropy_side": 13.315457344055176,
          "hz": 10813.587699516042
        },
        {
          "acoustic_entropy": 13.140480995178223,
          "acoustic_entropy_side": 13.369221687316895,
          "hz": 11833.21735289826
        },
        {
          "acoustic_entropy": 13.355576515197754,
          "acoustic_entropy_side": 13.44552993774414,
          "hz": 12943.144197493959
        },
        {
          "acoustic_entropy": 13.219039916992188,
          "acoustic_entropy_side": 13.316445350646973,
          "hz": 14151.364845322005
        },
        {
          "acoustic_entropy": 13.258347511291504,
          "acoustic_entropy_side": 13.29478931427002,
          "hz": 15466.58407886509
        },
        {
          "acoustic_entropy": 13.279067039489746,
          "acoustic_entropy_side": 13.203621864318848,
          "hz": 16898.27756580493
        },
        {
          "acoustic_entropy": 13.132805824279785,
          "acoustic_entropy_side": 13.126423835754395,
          "hz": 18456.760127700032
        },
        {
          "acoustic_entropy": 13.304943084716797,
          "acoustic_entropy_side": 13.325575828552246,
          "hz": 20153.260054456492
        },
        {
          "acoustic_entropy": 13.374537467956543,
          "acoustic_entropy_side": 13.413305282592773,
          "hz": 22000.00000000001
        }
      ],
      "diff_acoustic_entropy": 14.721070289611816,
      "sn": 12
    },
    {
      "acoustic_entropy": 22.19444465637207,
      "acoustic_entropy_mono": 18.291658401489258,
      "band_eliminated_acoustic_entropies": [
        {
          "acoustic_entropy": 21.695690155029297,
          "acoustic_entropy_side": 22.27952003479004,
          "hz": 129.47220167065723
        },
        {
          "acoustic_entropy": 21.726341247558594,
          "acoustic_entropy_side": 22.424278259277344,
          "hz": 202.92927478742237
        },
        {
          "acoustic_entropy": 22.695690155029297,
          "acoustic_entropy_side": 22.720088958740234,
          "hz": 282.89161906338205
        },
        {
          "acoustic_entropy": 21.967012405395508,
          "acoustic_entropy_side": 22.259960174560547,
          "hz": 369.9353335868758
        },
        {
          "acoustic_entropy": 22.10492515563965,
          "acoustic_entropy_side": 22.416934967041016,
          "hz": 464.6875360973435
        },
        {
          "acoustic_entropy": 21.696674346923828,
          "acoustic_entropy_side": 22.330862045288086,
          "hz": 567.8308811364784
        },
        {
          "acoustic_entropy": 22.183948516845703,
          "acoustic_entropy_side": 22.571748733520508,
          "hz": 680.1084783214808
        },
        {
          "acoustic_entropy": 22.240467071533203,
          "acoustic_entropy_side": 21.91632652282715,
          "hz": 802.3292461747484
        },
        {
          "acoustic_entropy": 21.097984313964844,
          "acoustic_entropy_side": 20.380882263183594,
          "hz": 935.3737400823702
        },
        {
          "acoustic_entropy": 21.911846160888672,
          "acoustic_entropy_side": 22.39129066467285,
          "hz": 1080.2004963696966
        },
        {
          "acoustic_entropy": 22.13633155822754,
          "acoustic_entropy_side": 22.181093215942383,
          "hz": 1237.8529382007157
        },
        {
          "acoustic_entropy": 21.86020851135254,
          "acoustic_entropy_side": 22.122737884521484,
          "hz": 1409.4668930556702
        },
        {
          "acoustic_entropy": 22.57771873474121,
          "acoustic_entropy_side": 22.650461196899414,
          "hz": 1596.2787759475705
        },
        {
          "acoustic_entropy": 21.57722282409668,
          "acoustic_entropy_side": 22.43933868408203,
          "hz": 1799.6344973346393
        },
        {
          "acoustic_entropy": 21.420780181884766,
          "acoustic_entropy_side": 22.067794799804688,
          "hz": 2020.9991599069049
        },
        {
          "acoustic_entropy": 21.905725479125977,
          "acoustic_entropy_side": 21.770729064941406,
          "hz": 2261.9676141086993
        },
        {
          "acoustic_entropy": 21.666759490966797,
          "acoustic_entropy_side": 21.966323852539062,
          "hz": 2524.2759484456974
        },
        {
          "acoustic_entropy": 22.167762756347656,
          "acoustic_entropy_side": 22.516202926635742,
          "hz": 2809.813997359896
        },
        {
          "acoustic_entropy": 21.44920539855957,
          "acoustic_entropy_side": 22.1988582611084,
