{
  "acoustic_entropy": 231.89906311035156,
  "bands": [
    {
      "high_freq": 148.1999969482422,
      "loudness": -21.70925521850586,
      "loudness_range": 10.255048751831055,
      "mid_mean": -18.145689010620117,
      "mid_to_side_loudness": -19.75303077697754,
      "mid_to_side_loudness_range": 24.643367767333984,
      "side_mean": -38.47895050048828
    },
    {
      "high_freq": 392.3793640136719,
      "loudness": -20.547012329101562,
      "loudness_range": 8.3289794921875,
      "low_freq": 148.1999969482422,
      "mid_mean": -17.331104278564453,
      "mid_to_side_loudness": -11.365906715393066,
      "mid_to_side_loudness_range": 14.717020034790039,
      "side_mean": -28.75265121459961
    },
    {
      "high_freq": 794.6976318359375,
      "loudness": -18.662864685058594,
      "loudness_range": 12.400348663330078,
      "low_freq": 392.3793640136719,
      "mid_mean": -16.132474899291992,
      "mid_to_side_loudness": -6.705334186553955,
      "mid_to_side_loudness_range": 14.063920974731445,
      "side_mean": -22.800174713134766
    },
    {
      "high_freq": 1457.5709228515625,
      "loudness": -23.503721237182617,
      "loudness_range": 15.798714637756348,
      "low_freq": 794.6976318359375,
      "mid_mean": -20.975996017456055,
      "mid_to_side_loudness": -6.637049674987793,
      "mid_to_side_loudness_range": 14.561052322387695,
      "side_mean": -27.408241271972656
    },
    {
      "high_freq": 2549.74365234375,
      "loudness": -25.448963165283203,
      "loudness_range": 16.61880111694336,
      "low_freq": 1457.5709228515625,
      "mid_mean": -22.722021102905273,
      "mid_to_side_loudness": -7.426912307739258,
      "mid_to_side_loudness_range": 12.753654479980469,
      "side_mean": -30.20866584777832
    },
    {
      "high_freq": 4349.24462890625,
      "loudness": -24.555925369262695,
      "loudness_range": 11.554895401000977,
      "low_freq": 2549.74365234375,
      "mid_mean": -21.869888305664062,
      "mid_to_side_loudness": -7.402451992034912,
      "mid_to_side_loudness_range": 13.651083946228027,
      "side_mean": -29.330425262451172
    },
    {
      "high_freq": 7314.1640625,
      "loudness": -29.946775436401367,
      "loudness_range": 13.569976806640625,
      "low_freq": 4349.24462890625,
      "mid_mean": -27.33732795715332,
      "mid_to_side_loudness": -6.485090255737305,
      "mid_to_side_loudness_range": 9.797025680541992,
      "side_mean": -33.87146759033203
    },
    {
      "high_freq": 12199.2666015625,
      "loudness": -30.338525772094727,
      "loudness_range": 10.313003540039062,
      "low_freq": 7314.1640625,
      "mid_mean": -27.836374282836914,
      "mid_to_side_loudness": -5.998011112213135,
      "mid_to_side_loudness_range": 9.988180160522461,
      "side_mean": -33.808677673339844
    },
    {
      "loudness": -28.785348892211914,
      "loudness_range": 17.637868881225586,
      "low_freq": 12199.2666015625,
      "mid_mean": -26.193782806396484,
      "mid_to_side_loudness": -5.833934783935547,
      "mid_to_side_loudness_range": 7.256680965423584,
      "side_mean": -32.072635650634766
    }
  ],
  "bands_short": [
    {
      "high_freq": 148.1999969482422,
      "loudness": -25.027847290039062,
      "loudness_range": 16.425870895385742,
      "mid_mean": -21.442476272583008,
      "mid_to_side_loudness": -21.028766632080078,
      "mid_to_side_loudness_range": 26.821571350097656,
      "side_mean": -43.29652404785156
    },
    {
      "high_freq": 392.3793640136719,
      "loudness": -20.49832534790039,
      "loudness_range": 11.542309761047363,
      "low_freq": 148.1999969482422,
      "mid_mean": -17.270387649536133,
      "mid_to_side_loudness": -12.480998039245605,
      "mid_to_side_loudness_range": 17.869415283203125,
      "side_mean": -29.813291549682617
    },
    {
      "high_freq": 794.6976318359375,
      "loudness": -19.95878791809082,
      "loudness_range": 16.034889221191406,
      "low_freq": 392.3793640136719,
      "mid_mean": -17.505908966064453,
      "mid_to_side_loudness": -6.592476844787598,
      "mid_to_side_loudness_range": 15.593244552612305,
      "side_mean": -24.271867752075195
    },
    {
      "high_freq": 1457.5709228515625,
      "loudness": -23.069395065307617,
      "loudness_range": 18.95838165283203,
      "low_freq": 794.6976318359375,
      "mid_mean": -20.830726623535156,
      "mid_to_side_loudness": -5.857156753540039,
      "mid_to_side_loudness_range": 15.684486389160156,
      "side_mean": -26.694120407104492
    },
    {
      "high_freq": 2549.74365234375,
      "loudness": -26.342506408691406,
      "loudness_range": 19.50152587890625,
      "low_freq": 1457.5709228515625,
      "mid_mean": -23.88341522216797,
      "mid_to_side_loudness": -6.716861724853516,
      "mid_to_side_loudness_range": 14.956488609313965,
      "side_mean": -30.79258918762207
    },
    {
      "high_freq": 4349.24462890625,
      "loudness": -25.677152633666992,
      "loudness_range": 15.936592102050781,
      "low_freq": 2549.74365234375,
      "mid_mean": -23.23943519592285,
      "mid_to_side_loudness": -6.569681167602539,
      "mid_to_side_loudness_range": 15.01071834564209,
      "side_mean": -30.049697875976562
    },
    {
      "high_freq": 7314.1640625,
      "loudness": -30.851810455322266,
      "loudness_range": 17.17417335510254,
      "low_freq": 4349.24462890625,
      "mid_mean": -28.339990615844727,
      "mid_to_side_loudness": -6.292096138000488,
      "mid_to_side_loudness_range": 12.216254234313965,
      "side_mean": -34.87626647949219
    },
    {
      "high_freq": 12199.2666015625,
      "loudness": -31.950387954711914,
      "loudness_range": 16.686927795410156,
      "low_freq": 7314.1640625,
      "mid_mean": -29.492197036743164,
      "mid_to_side_loudness": -6.343798637390137,
      "mid_to_side_loudness_range": 13.462241172790527,
      "side_mean": -36.02054977416992
    },
    {
      "loudness": -33.241050720214844,
      "loudness_range": 27.421838760375977,
      "low_freq": 12199.2666015625,
      "mid_mean": -30.812423706054688,
      "mid_to_side_loudness": -5.946191787719727,
      "mid_to_side_loudness_range": 11.324604034423828,
      "side_mean": -36.79621124267578
    }
  ],
  "bandwidth": 712.2350463867188,
  "channels": 2,
  "covariance": [
    [
      18.427413940429688,
      12.127176284790039,
      0.9137654900550842,
      -0.9812076687812805,
      -0.07917537540197372,
      -0.7904677391052246,
      0.8593177795410156,
      1.5308040380477905,
      0.7111787796020508,
      0.8264225125312805,
      1.795833706855774,
      2.8829612731933594,
      3.4513046741485596,
      3.7292327880859375,
      0.7474359273910522,
      2.5549066066741943,
      0.6827311515808105,
      2.5678067207336426
    ],
    [
      12.127176284790039,
      59.90562057495117,
      5.565650463104248,
      15.493597984313965,
      0.231571227312088,
      5.827117919921875,
      -2.521662712097168,
      8.778307914733887,
      -4.84034538269043,
      2.3836143016815186,
      -2.227288246154785,
      2.606945276260376,
      0.48556259274482727,
      0.7543182969093323,
      -4.155616760253906,
      -5.2363176345825195,
      -15.8333740234375,
      -14.860682487487793
    ],
    [
      0.9137654900550842,
      5.565650463104248,
      9.056793212890625,
      9.167071342468262,
      2.602435827255249,
      4.039814472198486,
      0.7355089783668518,
      3.850104331970215,
      1.4823180437088013,
      3.542052745819092,
      1.663817286491394,
      2.881589889526367,
      2.749035120010376,
      1.8505637645721436,
      1.5713534355163574,
      -0.19353988766670227,
      -2.2413902282714844,
      -1.8199132680892944
    ],
    [
      -0.9812076687812805,
      15.493597984313965,
      9.167071342468262,
      35.826995849609375,
      12.021265983581543,
      26.195707321166992,
      9.28543758392334,
      24.470184326171875,
      12.025799751281738,
      26.25286865234375,
      5.2562408447265625,
      19.389314651489258,
      9.357165336608887,
      15.653477668762207,
      2.410569906234741,
      3.555813789367676,
      -3.059338092803955,
      -4.312511444091797
    ],
    [
      -0.07917537540197372,
      0.231571227312088,
      2.602435827255249,
      12.021265983581543,
      26.41518211364746,
      21.696048736572266,
      19.080982208251953,
      19.72032928466797,
      18.24333381652832,
      21.106523513793945,
      9.107542991638184,
      14.531872749328613,
      8.575732231140137,
      10.78254508972168,
      6.019641399383545,
      6.279643535614014,
      5.9861159324646,
      4.032529354095459
    ],
    [
      -0.7904677391052246,
      5.827117919921875,
      4.039814472198486,
      26.195707321166992,
      21.696048736572266,
      42.10155487060547,
      18.057559967041016,
      33.637855529785156,
      21.76860809326172,
      38.64223861694336,
      10.817829132080078,
      29.04963493347168,
      14.450302124023438,
      22.98684310913086,
      7.642258167266846,
      10.907402992248535,
      6.379832744598389,
      3.54719614982605
    ],
    [
      0.8593177795410156,
      -2.521662712097168,
      0.7355089783668518,
      9.28543758392334,
      19.080982208251953,
      18.057559967041016,
      32.42852020263672,
      27.218690872192383,
      24.269027709960938,
      25.248050689697266,
      10.164892196655273,
      18.101898193359375,
      12.005620956420898,
      15.523065567016602,
      8.144725799560547,
      11.058345794677734,
      11.771027565002441,
      11.038331985473633
    ],
    [
      1.5308040380477905,
      8.778307914733887,
      3.850104331970215,
      24.470184326171875,
      19.72032928466797,
      33.637855529785156,
      27.218690872192383,
      47.364662170410156,
      25.320743560791016,
      40.947509765625,
      10.342187881469727,
      31.404691696166992,
      16.083356857299805,
      25.387535095214844,
      8.38664436340332,
      13.12984561920166,
      6.957256317138672,
      5.443463325500488
    ],
    [
      0.7111787796020508,
      -4.84034538269043,
      1.4823180437088013,
      12.025799751281738,
      18.24333381652832,
      21.76860809326172,
      24.269027709960938,
      25.320743560791016,
      33.15699768066406,
      32.42391586303711,
      14.3936767578125,
      23.801071166992188,
      15.447548866271973,
      19.726829528808594,
      11.252278327941895,
      13.111673355102539,
      15.024168968200684,
      12.367077827453613
    ],
    [
      0.8264225125312805,
      2.3836143016815186,
      3.542052745819092,
      26.25286865234375,
      21.106523513793945,
      38.64223861694336,
      25.248050689697266,
      40.947509765625,
      32.42391586303711,
      52.43000030517578,
      15.882512092590332,
      39.116966247558594,
      21.838153839111328,
      33.65892791748047,
      12.124215126037598,
      18.13483238220215,
      13.973706245422363,
      10.926729202270508
    ],
    [
      1.795833706855774,
      -2.227288246154785,
      1.663817286491394,
      5.2562408447265625,
      9.107542991638184,
      10.817829132080078,
      10.164892196655273,
      10.342187881469727,
      14.3936767578125,
      15.882512092590332,
      20.03162956237793,
      17.1966495513916,
      13.596517562866211,
      13.29544734954834,
      8.015719413757324,
      9.385436058044434,
      9.646394729614258,
      9.895605087280273
    ],
    [
      2.8829612731933594,
      2.606945276260376,
      2.881589889526367,
      19.389314651489258,
      14.531872749328613,
      29.04963493347168,
      18.101898193359375,
      31.404691696166992,
      23.801071166992188,
      39.116966247558594,
      17.1966495513916,
      38.00581741333008,
      20.23927879333496,
      31.150209426879883,
      11.619203567504883,
      18.79752540588379,
      14.58649730682373,
      13.619856834411621
    ],
    [
      3.4513046741485596,
      0.48556259274482727,
      2.749035120010376,
      9.357165336608887,
      8.575732231140137,
      14.450302124023438,
      12.005620956420898,
      16.083356857299805,
      15.447548866271973,
      21.838153839111328,
      13.596517562866211,
      20.23927879333496,
      24.01080322265625,
      25.281940460205078,
      14.07823657989502,
      16.285064697265625,
      13.518841743469238,
      12.856110572814941
    ],
    [
      3.7292327880859375,
      0.7543182969093323,
      1.8505637645721436,
      15.653477668762207,
      10.78254508972168,
      22.98684310913086,
      15.523065567016602,
      25.387535095214844,
      19.726829528808594,
      33.65892791748047,
      13.29544734954834,
      31.150209426879883,
      25.281940460205078,
      40.37204360961914,
      14.369632720947266,
      26.12969207763672,
      18.3724365234375,
      19.665599822998047
    ],
    [
      0.7474359273910522,
      -4.155616760253906,
      1.5713534355163574,
      2.410569906234741,
      6.019641399383545,
      7.642258167266846,
      8.144725799560547,
      8.38664436340332,
      11.252278327941895,
      12.124215126037598,
      8.015719413757324,
      11.619203567504883,
      14.07823657989502,
      14.369632720947266,
      18.256017684936523,
      16.179729461669922,
      17.55868911743164,
      15.425519943237305
    ],
    [
      2.5549066066741943,
      -5.2363176345825195,
      -0.19353988766670227,
      3.555813789367676,
      6.279643535614014,
      10.907402992248535,
      11.058345794677734,
      13.12984561920166,
      13.111673355102539,
      18.13483238220215,
      9.385436058044434,
      18.79752540588379,
      16.285064697265625,
      26.12969207763672,
      16.179729461669922,
      29.163137435913086,
      23.49907112121582,
      25.860639572143555
    ],
    [
      0.6827311515808105,
      -15.8333740234375,
      -2.2413902282714844,
      -3.059338092803955,
      5.9861159324646,
      6.379832744598389,
      11.771027565002441,
      6.957256317138672,
      15.024168968200684,
      13.973706245422363,
      9.646394729614258,
      14.58649730682373,
      13.518841743469238,
      18.3724365234375,
      17.55868911743164,
      23.49907112121582,
      44.74494171142578,
      38.147342681884766
    ],
    [
      2.5678067207336426,
      -14.860682487487793,
      -1.8199132680892944,
      -4.312511444091797,
      4.032529354095459,
      3.54719614982605,
      11.038331985473633,
      5.443463325500488,
      12.367077827453613,
      10.926729202270508,
      9.895605087280273,
      13.619856834411621,
      12.856110572814941,
      19.665599822998047,
      15.425519943237305,
      25.860639572143555,
      38.147342681884766,
      42.43781661987305
    ]
  ],
  "covariance_short": [
    [
      35.19408416748047,
      23.792560577392578,
      6.624141693115234,
      1.9578860998153687,
      -0.4532250165939331,
      -1.0619559288024902,
      1.8403637409210205,
      2.2943801879882812,
      1.3636027574539185,
      1.2206449508666992,
      2.449925661087036,
      4.199699401855469,
      3.9834508895874023,
      5.017032146453857,
      1.7034361362457275,
      3.169761896133423,
      -0.8309887051582336,
      0.5309858918190002
    ],
    [
      23.792560577392578,
      77.05040740966797,
      8.217151641845703,
      18.68511962890625,
      0.03561023622751236,
      5.079208850860596,
      -1.0516653060913086,
      7.393716812133789,
      -2.5463438034057617,
      3.9368011951446533,
      -0.8459715843200684,
      5.515879154205322,
      2.9180593490600586,
      5.838277816772461,
      -0.7903664708137512,
      1.1548768281936646,
      -8.064383506774902,
      -5.817276954650879
    ],
    [
      6.624141693115234,
      8.217151641845703,
      18.27566909790039,
      14.175763130187988,
      7.082863807678223,
      6.6172709465026855,
      4.302406311035156,
      5.218471527099609,
      6.0403923988342285,
      5.885711193084717,
      6.018306255340576,
      6.437638282775879,
      6.199451446533203,
      5.5909318923950195,
      5.327117443084717,
      5.0034098625183105,
      3.577864408493042,
      4.388194561004639
    ],
    [
      1.9578860998153687,
      18.68511962890625,
      14.175763130187988,
      47.19502258300781,
      15.760464668273926,
      29.573970794677734,
      11.30016040802002,
      23.76476287841797,
      14.639189720153809,
      26.55438232421875,
      10.019007682800293,
      21.339061737060547,
      11.122030258178711,
      19.368444442749023,
      5.4793381690979,
      11.32753849029541,
      3.9085872173309326,
      8.092134475708008
    ],
    [
      -0.4532250165939331,
      0.03561023622751236,
      7.082863807678223,
      15.760464668273926,
      37.68135452270508,
      26.966032028198242,
      21.469209671020508,
      19.95302963256836,
      21.5985164642334,
      22.363000869750977,
      16.438247680664062,
      17.25758934020996,
      13.956415176391602,
      14.782551765441895,
      11.344740867614746,
      11.53740119934082,
      13.74599838256836,
      12.611732482910156
    ],
    [
      -1.0619559288024902,
      5.079208850860596,
      6.6172709465026855,
      29.573970794677734,
      26.966032028198242,
      52.81467819213867,
      19.99686622619629,
      33.84745788574219,
      25.137712478637695,
      39.79946517944336,
      17.572214126586914,
      31.767362594604492,
      16.998424530029297,
      27.428293228149414,
      11.330036163330078,
      18.869409561157227,
      16.168106079101562,
      18.656883239746094
    ],
    [
      1.8403637409210205,
      -1.0516653060913086,
      4.302406311035156,
      11.30016040802002,
      21.469209671020508,
      19.99686622619629,
      48.21501922607422,
      34.5032958984375,
      32.55729675292969,
      29.85127830505371,
      20.641489028930664,
      23.37177276611328,
      16.87074089050293,
      19.05179786682129,
      13.553671836853027,
      16.193262100219727,
      17.442951202392578,
      18.88992691040039
    ],
    [
      2.2943801879882812,
      7.393716812133789,
      5.218471527099609,
      23.76476287841797,
      19.95302963256836,
      33.84745788574219,
      34.5032958984375,
      54.64751052856445,
      29.811128616333008,
      42.21369934082031,
      17.950117111206055,
      34.27632522583008,
      18.0054874420166,
      28.227914810180664,
      12.496278762817383,
      20.56366539001465,
      14.52725887298584,
      19.68776512145996
    ],
    [
      1.3636027574539185,
      -2.5463438034057617,
      6.0403923988342285,
      14.639189720153809,
      21.5985164642334,
      25.137712478637695,
      32.55729675292969,
      29.811128616333008,
      49.29359817504883,
      38.2779541015625,
      26.425857543945312,
      29.302425384521484,
      22.701021194458008,
      26.336591720581055,
      17.926862716674805,
      21.690963745117188,
      26.14009666442871,
      27.398162841796875
    ],
    [
      1.2206449508666992,
      3.9368011951446533,
      5.885711193084717,
      26.55438232421875,
      22.363000869750977,
      39.79946517944336,
      29.85127830505371,
      42.21369934082031,
      38.2779541015625,
      59.98569107055664,
      25.272785186767578,
      43.697566986083984,
      25.699708938598633,
      39.6264533996582,
      18.105390548706055,
      29.190134048461914,
      26.210512161254883,
      31.395776748657227
    ],
    [
      2.449925661087036,
      -0.8459715843200684,
      6.018306255340576,
      10.019007682800293,
      16.438247680664062,
      17.572214126586914,
      20.641489028930664,
      17.950117111206055,
      26.425857543945312,
      25.272785186767578,
      38.124656677246094,
      28.234615325927734,
      24.555017471313477,
      23.463764190673828,
      17.247600555419922,
      19.830045700073242,
      23.088106155395508,
      23.78081703186035
    ],
    [
      4.199699401855469,
      5.515879154205322,
      6.437638282775879,
      21.339061737060547,
      17.25758934020996,
      31.767362594604492,
      23.37177276611328,
      34.27632522583008,
      29.302425384521484,
      43.697566986083984,
      28.234615325927734,
      49.67988586425781,
      26.270933151245117,
      40.93316650390625,
      18.867382049560547,
      32.771488189697266,
      27.560693740844727,
      34.42192077636719
    ],
    [
      3.9834508895874023,
      2.9180593490600586,
      6.199451446533203,
      11.122030258178711,
      13.956415176391602,
      16.998424530029297,
      16.87074089050293,
      18.0054874420166,
      22.701021194458008,
      25.699708938598633,
      24.555017471313477,
      26.270933151245117,
      38.662384033203125,
      36.32667541503906,
      26.90879249572754,
      30.45844268798828,
      32.056949615478516,
      33.07529067993164
    ],
    [
      5.017032146453857,
      5.838277816772461,
      5.5909318923950195,
      19.368444442749023,
      14.782551765441895,
      27.428293228149414,
      19.05179786682129,
      28.227914810180664,
      26.336591720581055,
      39.6264533996582,
      23.463764190673828,
      40.93316650390625,
      36.32667541503906,
      57.644901275634766,
      26.789976119995117,
      45.881446838378906,
      38.4281120300293,
      48.678382873535156
    ],
    [
      1.7034361362457275,
      -0.7903664708137512,
      5.327117443084717,
      5.4793381690979,
      11.344740867614746,
      11.330036163330078,
      13.553671836853027,
      12.496278762817383,
      17.926862716674805,
      18.105390548706055,
      17.247600555419922,
      18.867382049560547,
      26.90879249572754,
      26.789976119995117,
      39.831974029541016,
      35.36774826049805,
      43.488365173339844,
      39.572418212890625
    ],
    [
      3.169761896133423,
      1.1548768281936646,
      5.0034098625183105,
      11.32753849029541,
      11.53740119934082,
      18.869409561157227,
      16.193262100219727,
      20.56366539001465,
      21.690963745117188,
      29.190134048461914,
      19.830045700073242,
      32.771488189697266,
      30.45844268798828,
      45.881446838378906,
      35.36774826049805,
      56.688201904296875,
      51.185157775878906,
      60.833072662353516
    ],
    [
      -0.8309887051582336,
      -8.064383506774902,
      3.577864408493042,
      3.9085872173309326,
      13.74599838256836,
      16.168106079101562,
      17.442951202392578,
      14.52725887298584,
      26.14009666442871,
      26.210512161254883,
      23.088106155395508,
      27.560693740844727,
      32.056949615478516,
      38.4281120300293,
      43.488365173339844,
      51.185157775878906,
      88.64033508300781,
      80.21206665039062
    ],
    [
      0.5309858918190002,
      -5.817276954650879,
      4.388194561004639,
      8.092134475708008,
      12.611732482910156,
      18.656883239746094,
      18.88992691040039,
      19.68776512145996,
      27.398162841796875,
      31.395776748657227,
      23.78081703186035,
      34.42192077636719,
      33.07529067993164,
      48.678382873535156,
      39.572418212890625,
      60.833072662353516,
      80.21206665039062,
      94.66979217529297
    ]
  ],
  "damage": -4.436433792114258,
  "diff_bandwidth": 721.84423828125,
  "dissonance": 9.673884232951284,
  "drr": 4.2944254875183105,
  "dynamics": 2.5187294483184814,
  "format": 1245190,
  "frames": 10384320,
  "loudness": -9.247557640075684,
  "loudness_range": 6.211933612823486,
  "loudness_range_short": 8.877379417419434,
  "lowpass_true_peak_15khz": 0.5210358500480652,
  "mastering3_acoustic_entropies": [
    {
      "acoustic_entropy": 7.871812343597412,
      "acoustic_entropy_mono": 7.895893096923828,
      "band_eliminated_acoustic_entropies": [
        {
          "acoustic_entropy": 7.965262413024902,
          "acoustic_entropy_side": 7.872353553771973,
          "hz": 129.47220167065723
        },
        {
          "acoustic_entropy": 7.9187541007995605,
          "acoustic_entropy_side": 7.8740034103393555,
          "hz": 202.92927478742237
        },
        {
          "acoustic_entropy": 8.397018432617188,
          "acoustic_entropy_side": 7.820792198181152,
          "hz": 282.89161906338205
        },
        {
          "acoustic_entropy": 7.941983699798584,
          "acoustic_entropy_side": 7.781662464141846,
          "hz": 369.9353335868758
        },
        {
          "acoustic_entropy": 8.047410011291504,
          "acoustic_entropy_side": 7.863554954528809,
          "hz": 464.6875360973435
        },
        {
          "acoustic_entropy": 8.824043273925781,
          "acoustic_entropy_side": 7.69793701171875,
          "hz": 567.8308811364784
        },
        {
          "acoustic_entropy": 7.8489155769348145,
          "acoustic_entropy_side": 7.991495609283447,
          "hz": 680.1084783214808
        },
        {
          "acoustic_entropy": 8.378626823425293,
          "acoustic_entropy_side": 7.923849582672119,
          "hz": 802.3292461747484
        },
        {
          "acoustic_entropy": 7.634403705596924,
          "acoustic_entropy_side": 7.844472408294678,
          "hz": 935.3737400823702
        },
        {
          "acoustic_entropy": 7.583775043487549,
          "acoustic_entropy_side": 7.796577453613281,
          "hz": 1080.2004963696966
        },
        {
          "acoustic_entropy": 7.918368339538574,
          "acoustic_entropy_side": 7.776629447937012,
          "hz": 1237.8529382007157
        },
        {
          "acoustic_entropy": 7.967433929443359,
          "acoustic_entropy_side": 8.091469764709473,
          "hz": 1409.4668930556702
        },
        {
          "acoustic_entropy": 8.086629867553711,
          "acoustic_entropy_side": 7.841198921203613,
          "hz": 1596.2787759475705
        },
        {
          "acoustic_entropy": 8.15823745727539,
          "acoustic_entropy_side": 7.789929389953613,
          "hz": 1799.6344973346393
        },
        {
          "acoustic_entropy": 7.897087097167969,
          "acoustic_entropy_side": 7.891143321990967,
          "hz": 2020.9991599069049
        },
        {
          "acoustic_entropy": 8.041850090026855,
          "acoustic_entropy_side": 7.907488822937012,
          "hz": 2261.9676141086993
        },
        {
          "acoustic_entropy": 8.354496002197266,
          "acoustic_entropy_side": 7.930117607116699,
          "hz": 2524.2759484456974
        },
        {
          "acoustic_entropy": 8.12049674987793,
          "acoustic_entropy_side": 7.930232524871826,
          "hz": 2809.813997359896
        },
        {
          "acoustic_entropy": 7.823207378387451,
          "acoustic_entropy_side": 7.906799793243408,
          "hz": 3120.6389567871424
        },
        {
          "acoustic_entropy": 7.364567279815674,
          "acoustic_entropy_side": 7.867372035980225,
          "hz": 3458.990205492291
        },
        {
          "acoustic_entropy": 8.039628028869629,
          "acoustic_entropy_side": 7.888192176818848,
          "hz": 3827.305438964164
        },
        {
          "acoustic_entropy": 7.9924468994140625,
          "acoustic_entropy_side": 7.884034156799316,
          "hz": 4228.238232109126
        },
        {
          "acoustic_entropy": 8.064469337463379,
          "acoustic_entropy_side": 7.893189907073975,
          "hz": 4664.6771572759235
        },
        {
          "acoustic_entropy": 7.902264595031738,
          "acoustic_entropy_side": 7.8961567878723145,
          "hz": 5139.766595350093
        },
        {
          "acoustic_entropy": 7.936031341552734,
          "acoustic_entropy_side": 7.864954471588135,
          "hz": 5656.929389854203
        },
        {
          "acoustic_entropy": 7.9021759033203125,
          "acoustic_entropy_side": 7.862730979919434,
          "hz": 6219.891507268283
        },
        {
          "acoustic_entropy": 7.900903701782227,
          "acoustic_entropy_side": 7.87673807144165,
          "hz": 6832.70888123896
        },
        {
          "acoustic_entropy": 7.925045967102051,
          "acoustic_entropy_side": 7.855891704559326,
          "hz": 7499.796634079867
        },
        {
          "acoustic_entropy": 7.902938365936279,
          "acoustic_entropy_side": 7.84835958480835,
          "hz": 8225.96088609342
        },
        {
          "acoustic_entropy": 7.858116626739502,
          "acoustic_entropy_side": 7.870473861694336,
          "hz": 9016.43338188839
        },
        {
          "acoustic_entropy": 7.8462934494018555,
          "acoustic_entropy_side": 7.868171691894531,
          "hz": 9876.909183162974
        },
        {
          "acoustic_entropy": 7.906128406524658,
          "acoustic_entropy_side": 7.8692474365234375,
          "hz": 10813.587699516042
        },
        {
          "acoustic_entropy": 7.924383163452148,
          "acoustic_entropy_side": 7.861577987670898,
          "hz": 11833.21735289826
        },
        {
          "acoustic_entropy": 7.951199054718018,
          "acoustic_entropy_side": 7.871793746948242,
          "hz": 12943.144197493959
        },
        {
          "acoustic_entropy": 7.983867645263672,
          "acoustic_entropy_side": 7.877358913421631,
          "hz": 14151.364845322005
        },
        {
          "acoustic_entropy": 7.9469804763793945,
          "acoustic_entropy_side": 7.881176471710205,
          "hz": 15466.58407886509
        },
        {
          "acoustic_entropy": 7.836487770080566,
          "acoustic_entropy_side": 7.87529182434082,
          "hz": 16898.27756580493
        },
        {
          "acoustic_entropy": 7.666512489318848,
          "acoustic_entropy_side": 7.8669281005859375,
          "hz": 18456.760127700032
        },
        {
          "acoustic_entropy": 7.796806335449219,
          "acoustic_entropy_side": 7.861189842224121,
          "hz": 20153.260054456492
        },
        {
          "acoustic_entropy": 7.84990930557251,
          "acoustic_entropy_side": 7.871089458465576,
          "hz": 22000.00000000001
        }
      ],
      "diff_acoustic_entropy": 7.715759754180908,
      "sn": 6
    },
    {
      "acoustic_entropy": 13.136008262634277,
      "acoustic_entropy_mono": 12.33688735961914,
      "band_eliminated_acoustic_entropies": [
        {
          "acoustic_entropy": 13.155691146850586,
          "acoustic_entropy_side": 13.137348175048828,
          "hz": 129.47220167065723
        },
        {
          "acoustic_entropy": 13.34411907196045,
          "acoustic_entropy_side": 13.17077922821045,
          "hz": 202.92927478742237
        },
        {
          "acoustic_entropy": 13.761887550354004,
          "acoustic_entropy_side": 13.025420188903809,
          "hz": 282.89161906338205
        },
        {
          "acoustic_entropy": 13.325718879699707,
          "acoustic_entropy_side": 12.619240760803223,
          "hz": 369.9353335868758
        },
        {
          "acoustic_entropy": 13.61092758178711,
          "acoustic_entropy_side": 12.561344146728516,
          "hz": 464.6875360973435
        },
        {
          "acoustic_entropy": 13.279253005981445,
          "acoustic_entropy_side": 12.747804641723633,
          "hz": 567.8308811364784
        },
        {
          "acoustic_entropy": 13.158795356750488,
          "acoustic_entropy_side": 12.825095176696777,
          "hz": 680.1084783214808
        },
        {
          "acoustic_entropy": 13.211325645446777,
          "acoustic_entropy_side": 13.462183952331543,
          "hz": 802.3292461747484
        },
        {
          "acoustic_entropy": 12.949095726013184,
          "acoustic_entropy_side": 13.032784461975098,
          "hz": 935.3737400823702
        },
        {
          "acoustic_entropy": 13.354341506958008,
          "acoustic_entropy_side": 12.935342788696289,
          "hz": 1080.2004963696966
        },
        {
          "acoustic_entropy": 14.34871768951416,
          "acoustic_entropy_side": 13.980563163757324,
          "hz": 1237.8529382007157
        },
        {
          "acoustic_entropy": 13.096414566040039,
          "acoustic_entropy_side": 13.384135246276855,
          "hz": 1409.4668930556702
        },
        {
          "acoustic_entropy": 13.000750541687012,
          "acoustic_entropy_side": 13.173002243041992,
          "hz": 1596.2787759475705
        },
        {
          "acoustic_entropy": 12.449480056762695,
          "acoustic_entropy_side": 13.050225257873535,
          "hz": 1799.6344973346393
        },
        {
          "acoustic_entropy": 12.928735733032227,
          "acoustic_entropy_side": 13.055237770080566,
          "hz": 2020.9991599069049
        },
        {
          "acoustic_entropy": 13.086058616638184,
          "acoustic_entropy_side": 13.128231048583984,
          "hz": 2261.9676141086993
        },
        {
          "acoustic_entropy": 13.69825267791748,
          "acoustic_entropy_side": 13.076090812683105,
          "hz": 2524.2759484456974
        },
        {
          "acoustic_entropy": 13.9032621383667,
          "acoustic_entropy_side": 13.147296905517578,
          "hz": 2809.813997359896
        },
        {
          "acoustic_entropy": 13.016851425170898,
          "acoustic_entropy_side": 13.028058052062988,
          "hz": 3120.6389567871424
        },
        {
          "acoustic_entropy": 13.503013610839844,
          "acoustic_entropy_side": 13.147316932678223,
          "hz": 3458.990205492291
        },
        {
          "acoustic_entropy": 13.68196964263916,
          "acoustic_entropy_side": 13.095510482788086,
          "hz": 3827.305438964164
        },
        {
          "acoustic_entropy": 13.542597770690918,
          "acoustic_entropy_side": 13.118914604187012,
          "hz": 4228.238232109126
        },
        {
          "acoustic_entropy": 13.290783882141113,
          "acoustic_entropy_side": 13.114496231079102,
          "hz": 4664.6771572759235
        },
        {
          "acoustic_entropy": 12.878965377807617,
          "acoustic_entropy_side": 13.076395988464355,
          "hz": 5139.766595350093
        },
        {
          "acoustic_entropy": 12.968582153320312,
          "acoustic_entropy_side": 13.167325973510742,
          "hz": 5656.929389854203
        },
        {
          "acoustic_entropy": 13.104339599609375,
          "acoustic_entropy_side": 13.15711498260498,
          "hz": 6219.891507268283
        },
        {
          "acoustic_entropy": 13.16910457611084,
          "acoustic_entropy_side": 13.168730735778809,
          "hz": 6832.70888123896
        },
        {
          "acoustic_entropy": 13.260098457336426,
          "acoustic_entropy_side": 13.280659675598145,
          "hz": 7499.796634079867
        },
        {
          "acoustic_entropy": 13.412371635437012,
          "acoustic_entropy_side": 13.282563209533691,
          "hz": 8225.96088609342
        },
        {
          "acoustic_entropy": 13.078678131103516,
          "acoustic_entropy_side": 13.141495704650879,
          "hz": 9016.43338188839
        },
        {
          "acoustic_entropy": 13.085257530212402,
          "acoustic_entropy_side": 13.1123628616333,
          "hz": 9876.909183162974
        },
        {
          "acoustic_entropy": 13.180606842041016,
          "acoustic_entropy_side": 13.105188369750977,
          "hz": 10813.587699516042
        },
        {
          "acoustic_entropy": 13.287771224975586,
          "acoustic_entropy_side": 13.105741500854492,
          "hz": 11833.21735289826
        },
        {
          "acoustic_entropy": 13.208974838256836,
          "acoustic_entropy_side": 13.150553703308105,
          "hz": 12943.144197493959
        },
        {
          "acoustic_entropy": 13.210596084594727,
          "acoustic_entropy_side": 13.134594917297363,
          "hz": 14151.364845322005
        },
        {
          "acoustic_entropy": 13.127178192138672,
          "acoustic_entropy_side": 13.131804466247559,
          "hz": 15466.58407886509
        },
        {
          "acoustic_entropy": 13.07533073425293,
          "acoustic_entropy_side": 13.107341766357422,
          "hz": 16898.27756580493
        },
        {
          "acoustic_entropy": 12.96617603302002,
          "acoustic_entropy_side": 13.100198745727539,
          "hz": 18456.760127700032
        },
        {
          "acoustic_entropy": 13.020136833190918,
          "acoustic_entropy_side": 13.138995170593262,
          "hz": 20153.260054456492
        },
        {
          "acoustic_entropy": 13.082980155944824,
          "acoustic_entropy_side": 13.124582290649414,
          "hz": 22000.00000000001
        }
      ],
      "diff_acoustic_entropy": 12.220306396484375,
      "sn": 12
    },
    {
      "acoustic_entropy": 20.512584686279297,
      "acoustic_entropy_mono": 18.0090274810791,
      "band_eliminated_acoustic_entropies": [
        {
          "acoustic_entropy": 20.31719970703125,
          "acoustic_entropy_side": 19.9765625,
          "hz": 129.47220167065723
        },
        {
          "acoustic_entropy": 20.805898666381836,
          "acoustic_entropy_side": 20.462806701660156,
          "hz": 202.92927478742237
        },
        {
          "acoustic_entropy": 20.179323196411133,
          "acoustic_entropy_side": 20.363391876220703,
          "hz": 282.89161906338205
        },
        {
          "acoustic_entropy": 20.631919860839844,
          "acoustic_entropy_side": 20.82591438293457,
          "hz": 369.9353335868758
        },
        {
          "acoustic_entropy": 20.756637573242188,
          "acoustic_entropy_side": 20.18707275390625,
          "hz": 464.6875360973435
        },
        {
          "acoustic_entropy": 20.175865173339844,
          "acoustic_entropy_side": 19.947912216186523,
          "hz": 567.8308811364784
        },
        {
          "acoustic_entropy": 20.239734649658203,
          "acoustic_entropy_side": 20.269163131713867,
          "hz": 680.1084783214808
        },
        {
          "acoustic_entropy": 20.409475326538086,
          "acoustic_entropy_side": 19.78450584411621,
          "hz": 802.3292461747484
        },
        {
          "acoustic_entropy": 21.76653289794922,
          "acoustic_entropy_side": 21.600322723388672,
          "hz": 935.3737400823702
        },
        {
          "acoustic_entropy": 21.164541244506836,
          "acoustic_entropy_side": 20.004776000976562,
          "hz": 1080.2004963696966
        },
        {
          "acoustic_entropy": 21.401479721069336,
          "acoustic_entropy_side": 21.090028762817383,
          "hz": 1237.8529382007157
        },
        {
          "acoustic_entropy": 19.760066986083984,
          "acoustic_entropy_side": 20.556976318359375,
          "hz": 1409.4668930556702
        },
        {
          "acoustic_entropy": 19.946165084838867,
          "acoustic_entropy_side": 20.14498519897461,
          "hz": 1596.2787759475705
        },
        {
          "acoustic_entropy": 19.8061466217041,
          "acoustic_entropy_side": 20.02696418762207,
          "hz": 1799.6344973346393
        },
        {
          "acoustic_entropy": 20.222469329833984,
          "acoustic_entropy_side": 20.73255729675293,
          "hz": 2020.9991599069049
        },
        {
          "acoustic_entropy": 21.14776039123535,
          "acoustic_entropy_side": 20.759859085083008,
          "hz": 2261.9676141086993
        },
        {
          "acoustic_entropy": 19.984149932861328,
          "acoustic_entropy_side": 20.44628143310547,
          "hz": 2524.2759484456974
        },
        {
          "acoustic_entropy": 20.419740676879883,
          "acoustic_entropy_side": 20.537513732910156,
