{
  "acoustic_entropy": 233.19981384277344,
  "bands": [
    {
      "high_freq": 148.1999969482422,
      "loudness": -27.75159454345703,
      "loudness_range": 11.734373092651367,
      "mid_mean": -24.069416046142578,
      "mid_to_side_loudness": -23.757123947143555,
      "mid_to_side_loudness_range": 29.697498321533203,
      "side_mean": -48.81062316894531
    },
    {
      "high_freq": 392.3793640136719,
      "loudness": -26.00343132019043,
      "loudness_range": 6.556703567504883,
      "low_freq": 148.1999969482422,
      "mid_mean": -23.329788208007812,
      "mid_to_side_loudness": -6.5941667556762695,
      "mid_to_side_loudness_range": 8.73131275177002,
      "side_mean": -29.86941146850586
    },
    {
      "high_freq": 794.6976318359375,
      "loudness": -29.638835906982422,
      "loudness_range": 8.845560073852539,
      "low_freq": 392.3793640136719,
      "mid_mean": -27.776445388793945,
      "mid_to_side_loudness": -3.433656692504883,
      "mid_to_side_loudness_range": 8.312227249145508,
      "side_mean": -31.250539779663086
    },
    {
      "high_freq": 1457.5709228515625,
      "loudness": -31.090608596801758,
      "loudness_range": 10.92724609375,
      "low_freq": 794.6976318359375,
      "mid_mean": -28.902433395385742,
      "mid_to_side_loudness": -4.332926273345947,
      "mid_to_side_loudness_range": 6.901516437530518,
      "side_mean": -33.27505111694336
    },
    {
      "high_freq": 2549.74365234375,
      "loudness": -30.34048843383789,
      "loudness_range": 11.98454475402832,
      "low_freq": 1457.5709228515625,
      "mid_mean": -27.89297103881836,
      "mid_to_side_loudness": -5.243614673614502,
      "mid_to_side_loudness_range": 6.914957046508789,
      "side_mean": -33.19486999511719
    },
    {
      "high_freq": 4349.24462890625,
      "loudness": -29.143827438354492,
      "loudness_range": 11.479555130004883,
      "low_freq": 2549.74365234375,
      "mid_mean": -26.62862777709961,
      "mid_to_side_loudness": -5.647422790527344,
      "mid_to_side_loudness_range": 6.706050872802734,
      "side_mean": -32.27043914794922
    },
    {
      "high_freq": 7314.1640625,
      "loudness": -29.910629272460938,
      "loudness_range": 14.31806755065918,
      "low_freq": 4349.24462890625,
      "mid_mean": -27.438459396362305,
      "mid_to_side_loudness": -5.7151055335998535,
      "mid_to_side_loudness_range": 9.457263946533203,
      "side_mean": -33.17076110839844
    },
    {
      "high_freq": 12199.2666015625,
      "loudness": -31.910173416137695,
      "loudness_range": 13.910469055175781,
      "low_freq": 7314.1640625,
      "mid_mean": -29.472475051879883,
      "mid_to_side_loudness": -5.729545593261719,
      "mid_to_side_loudness_range": 10.527287483215332,
      "side_mean": -35.295536041259766
    },
    {
      "loudness": -36.806453704833984,
      "loudness_range": 9.231693267822266,
      "low_freq": 12199.2666015625,
      "mid_mean": -34.97068786621094,
      "mid_to_side_loudness": -3.431467056274414,
      "mid_to_side_loudness_range": 6.423757553100586,
      "side_mean": -38.359867095947266
    }
  ],
  "bands_short": [
    {
      "high_freq": 148.1999969482422,
      "loudness": -32.98643112182617,
      "loudness_range": 22.26854133605957,
      "mid_mean": -29.496644973754883,
      "mid_to_side_loudness": -24.817676544189453,
      "mid_to_side_loudness_range": 35.32653045654297,
      "side_mean": -55.73258972167969
    },
    {
      "high_freq": 392.3793640136719,
      "loudness": -25.719633102416992,
      "loudness_range": 11.206527709960938,
      "low_freq": 148.1999969482422,
      "mid_mean": -23.05417823791504,
      "mid_to_side_loudness": -7.7390546798706055,
      "mid_to_side_loudness_range": 14.618324279785156,
      "side_mean": -30.77885627746582
    },
    {
      "high_freq": 794.6976318359375,
      "loudness": -30.024024963378906,
      "loudness_range": 10.72622299194336,
      "low_freq": 392.3793640136719,
      "mid_mean": -28.418855667114258,
      "mid_to_side_loudness": -3.1523032188415527,
      "mid_to_side_loudness_range": 11.381270408630371,
      "side_mean": -31.59208106994629
    },
    {
      "high_freq": 1457.5709228515625,
      "loudness": -31.205244064331055,
      "loudness_range": 13.212862014770508,
      "low_freq": 794.6976318359375,
      "mid_mean": -29.247953414916992,
      "mid_to_side_loudness": -4.280296802520752,
      "mid_to_side_loudness_range": 11.461433410644531,
      "side_mean": -33.55388641357422
    },
    {
      "high_freq": 2549.74365234375,
      "loudness": -31.066558837890625,
      "loudness_range": 14.469621658325195,
      "low_freq": 1457.5709228515625,
      "mid_mean": -28.848987579345703,
      "mid_to_side_loudness": -4.933022499084473,
      "mid_to_side_loudness_range": 10.415228843688965,
      "side_mean": -33.82582092285156
    },
    {
      "high_freq": 4349.24462890625,
      "loudness": -30.04035186767578,
      "loudness_range": 14.988367080688477,
      "low_freq": 2549.74365234375,
      "mid_mean": -27.78458595275879,
      "mid_to_side_loudness": -4.998699188232422,
      "mid_to_side_loudness_range": 9.62293815612793,
      "side_mean": -32.79353713989258
    },
    {
      "high_freq": 7314.1640625,
      "loudness": -31.412778854370117,
      "loudness_range": 19.179542541503906,
      "low_freq": 4349.24462890625,
      "mid_mean": -29.16790771484375,
      "mid_to_side_loudness": -5.099542140960693,
      "mid_to_side_loudness_range": 10.766371726989746,
      "side_mean": -34.30710220336914
    },
    {
      "high_freq": 12199.2666015625,
      "loudness": -33.9267692565918,
      "loudness_range": 20.66412925720215,
      "low_freq": 7314.1640625,
      "mid_mean": -31.64544677734375,
      "mid_to_side_loudness": -5.16152811050415,
      "mid_to_side_loudness_range": 10.763644218444824,
      "side_mean": -37.05450439453125
    },
    {
      "loudness": -39.7006950378418,
      "loudness_range": 21.77043342590332,
      "low_freq": 12199.2666015625,
      "mid_mean": -37.86117172241211,
      "mid_to_side_loudness": -3.5717012882232666,
      "mid_to_side_loudness_range": 8.02212905883789,
      "side_mean": -41.435401916503906
    }
  ],
  "bandwidth": 785.49853515625,
  "channels": 2,
  "covariance": [
    [
      28.879182815551758,
      2.01804780960083,
      6.823501110076904,
      2.5395071506500244,
      4.14272403717041,
      2.976675510406494,
      3.8658010959625244,
      3.2639613151550293,
      5.955259799957275,
      3.0813381671905518,
      9.137541770935059,
      7.128836154937744,
      8.017535209655762,
      10.241741180419922,
      5.600285053253174,
      11.782613754272461,
      8.552282333374023,
      14.5506010055542
    ],
    [
      2.01804780960083,
      51.26890563964844,
      8.332740783691406,
      9.522043228149414,
      11.109801292419434,
      7.581650257110596,
      9.575541496276855,
      7.153982639312744,
      10.450725555419922,
      10.54300308227539,
      9.901524543762207,
      10.837977409362793,
      11.715306282043457,
      10.961522102355957,
      10.032007217407227,
      8.562597274780273,
      4.486639022827148,
      2.9658687114715576
    ],
    [
      6.823501110076904,
      8.332740783691406,
      12.013635635375977,
      6.922331809997559,
      8.551433563232422,
      5.444493293762207,
      6.27475643157959,
      4.551269054412842,
      6.326272487640381,
      5.201832294464111,
      8.161541938781738,
      6.5435566902160645,
      11.527094841003418,
      9.047110557556152,
      10.533533096313477,
      9.699861526489258,
      7.671703815460205,
      9.168209075927734
    ],
    [
      2.5395071506500244,
      9.522043228149414,
      6.922331809997559,
      11.972899436950684,
      8.555243492126465,
      6.88919734954834,
      5.718063831329346,
      5.332314968109131,
      4.629355430603027,
      4.681623935699463,
      5.838863849639893,
      5.83861780166626,
      7.9277262687683105,
      6.3260111808776855,
      7.710376739501953,
      5.913834571838379,
      4.131811618804932,
      3.8966047763824463
    ],
    [
      4.14272403717041,
      11.109801292419434,
      8.551433563232422,
      8.555243492126465,
      19.060741424560547,
      10.715639114379883,
      13.590511322021484,
      10.065367698669434,
      11.458588600158691,
      10.748663902282715,
      11.838142395019531,
      10.36397933959961,
      14.303507804870605,
      10.260865211486816,
      11.816061973571777,
      8.869256973266602,
      7.4935302734375,
      7.031355857849121
    ],
    [
      2.976675510406494,
      7.581650257110596,
      5.444493293762207,
      6.88919734954834,
      10.715639114379883,
      11.930267333984375,
      7.908079147338867,
      8.455700874328613,
      6.582499027252197,
      7.887209892272949,
      5.746252536773682,
      7.073740482330322,
      5.108239650726318,
      5.890702247619629,
      4.917044639587402,
      5.116983890533447,
      3.172236204147339,
      3.306365489959717
    ],
    [
      3.8658010959625244,
      9.575541496276855,
      6.27475643157959,
      5.718063831329346,
      13.590511322021484,
      7.908079147338867,
      20.474538803100586,
      16.00930404663086,
      14.440075874328613,
      13.638434410095215,
      14.489931106567383,
      13.698153495788574,
      15.44861888885498,
      11.779207229614258,
      12.297182083129883,
      9.873688697814941,
      9.833916664123535,
      8.770441055297852
    ],
    [
      3.2639613151550293,
      7.153982639312744,
      4.551269054412842,
      5.332314968109131,
      10.065367698669434,
      8.455700874328613,
      16.00930404663086,
      18.612031936645508,
      11.349115371704102,
      12.957938194274902,
      10.904282569885254,
      12.939417839050293,
      10.066327095031738,
      10.243953704833984,
      7.897124767303467,
      7.87839937210083,
      7.28351354598999,
      6.843400478363037
    ],
    [
      5.955259799957275,
      10.450725555419922,
      6.326272487640381,
      4.629355430603027,
      11.458588600158691,
      6.582499027252197,
      14.440075874328613,
      11.349115371704102,
      19.226459503173828,
      18.010234832763672,
      16.86054039001465,
      15.423406600952148,
      15.928522109985352,
      13.444686889648438,
      11.659897804260254,
      10.57827377319336,
      9.80394172668457,
      9.580201148986816
    ],
    [
      3.0813381671905518,
      10.54300308227539,
      5.201832294464111,
      4.681623935699463,
      10.748663902282715,
      7.887209892272949,
      13.638434410095215,
      12.957938194274902,
      18.010234832763672,
      23.48004913330078,
      14.768477439880371,
      17.328081130981445,
      12.839031219482422,
      13.414042472839355,
      9.102211952209473,
      9.003015518188477,
      6.579809188842773,
      6.114750385284424
    ],
    [
      9.137541770935059,
      9.901524543762207,
      8.161541938781738,
      5.838863849639893,
      11.838142395019531,
      5.746252536773682,
      14.489931106567383,
      10.904282569885254,
      16.86054039001465,
      14.768477439880371,
      21.79592514038086,
      17.827634811401367,
      22.710969924926758,
      17.202857971191406,
      18.554658889770508,
      15.000003814697266,
      15.292834281921387,
      15.271726608276367
    ],
    [
      7.128836154937744,
      10.837977409362793,
      6.5435566902160645,
      5.83861780166626,
      10.36397933959961,
      7.073740482330322,
      13.698153495788574,
      12.939417839050293,
      15.423406600952148,
      17.328081130981445,
      17.827634811401367,
      20.545923233032227,
      17.03742218017578,
      17.391063690185547,
      13.208305358886719,
      13.38372802734375,
      10.782872200012207,
      11.639634132385254
    ],
    [
      8.017535209655762,
      11.715306282043457,
      11.527094841003418,
      7.9277262687683105,
      14.303507804870605,
      5.108239650726318,
      15.44861888885498,
      10.066327095031738,
      15.928522109985352,
      12.839031219482422,
      22.710969924926758,
      17.03742218017578,
      34.23128890991211,
      21.529319763183594,
      30.900922775268555,
      20.645401000976562,
      23.521059036254883,
      21.512502670288086
    ],
    [
      10.241741180419922,
      10.961522102355957,
      9.047110557556152,
      6.3260111808776855,
      10.260865211486816,
      5.890702247619629,
      11.779207229614258,
      10.243953704833984,
      13.444686889648438,
      13.414042472839355,
      17.202857971191406,
      17.391063690185547,
      21.529319763183594,
      20.650279998779297,
      18.028982162475586,
      17.979461669921875,
      15.30734634399414,
      17.221675872802734
    ],
    [
      5.600285053253174,
      10.032007217407227,
      10.533533096313477,
      7.710376739501953,
      11.816061973571777,
      4.917044639587402,
      12.297182083129883,
      7.897124767303467,
      11.659897804260254,
      9.102211952209473,
      18.554658889770508,
      13.208305358886719,
      30.900922775268555,
      18.028982162475586,
      34.660621643066406,
      20.680803298950195,
      26.309368133544922,
      22.214107513427734
    ],
    [
      11.782613754272461,
      8.562597274780273,
      9.699861526489258,
      5.913834571838379,
      8.869256973266602,
      5.116983890533447,
      9.873688697814941,
      7.87839937210083,
      10.57827377319336,
      9.003015518188477,
      15.000003814697266,
      13.38372802734375,
      20.645401000976562,
      17.979461669921875,
      20.680803298950195,
      21.667984008789062,
      18.450748443603516,
      21.156221389770508
    ],
    [
      8.552282333374023,
      4.486639022827148,
      7.671703815460205,
      4.131811618804932,
      7.4935302734375,
      3.172236204147339,
      9.833916664123535,
      7.28351354598999,
      9.80394172668457,
      6.579809188842773,
      15.292834281921387,
      10.782872200012207,
      23.521059036254883,
      15.30734634399414,
      26.309368133544922,
      18.450748443603516,
      27.415271759033203,
      23.776281356811523
    ],
    [
      14.5506010055542,
      2.9658687114715576,
      9.168209075927734,
      3.8966047763824463,
      7.031355857849121,
      3.306365489959717,
      8.770441055297852,
      6.843400478363037,
      9.580201148986816,
      6.114750385284424,
      15.271726608276367,
      11.639634132385254,
      21.512502670288086,
      17.221675872802734,
      22.214107513427734,
      21.156221389770508,
      23.776281356811523,
      28.33812141418457
    ]
  ],
  "covariance_short": [
    [
      58.91704177856445,
      9.188104629516602,
      19.568552017211914,
      1.4744877815246582,
      1.2068408727645874,
      0.4787115156650543,
      1.8996682167053223,
      0.9379994869232178,
      6.2848920822143555,
      1.3252381086349487,
      9.011463165283203,
      5.011432647705078,
      7.611622333526611,
      8.959404945373535,
      7.061793327331543,
      12.672762870788574,
      12.120526313781738,
      16.753171920776367
    ],
    [
      9.188104629516602,
      69.82279968261719,
      11.049041748046875,
      12.170900344848633,
      13.420536994934082,
      8.081108093261719,
      11.66083812713623,
      7.404810905456543,
      13.310995101928711,
      12.014785766601562,
      14.940346717834473,
      13.365005493164062,
      17.746742248535156,
      15.586246490478516,
      16.754100799560547,
      13.732982635498047,
      11.135917663574219,
      8.933095932006836
    ],
    [
      19.568552017211914,
      11.049041748046875,
      22.105266571044922,
      7.520143508911133,
      8.321183204650879,
      5.059337139129639,
      6.351437568664551,
      4.160238265991211,
      8.096437454223633,
      4.9518561363220215,
      10.596721649169922,
      7.117611885070801,
      13.781099319458008,
      11.306516647338867,
      13.87433910369873,
      13.423107147216797,
      13.80752182006836,
      14.758971214294434
    ],
    [
      1.4744877815246582,
      12.170900344848633,
      7.520143508911133,
      19.524354934692383,
      10.091763496398926,
      8.618426322937012,
      7.190441131591797,
      6.601474285125732,
      5.816409111022949,
      5.657025337219238,
      7.923577785491943,
      7.768854141235352,
      10.088356971740723,
      8.670546531677246,
      9.767340660095215,
      7.59912633895874,
      6.064561367034912,
      4.802327632904053
    ],
    [
      1.2068408727645874,
      13.420536994934082,
      8.321183204650879,
      10.091763496398926,
      23.50152015686035,
      11.951038360595703,
      15.389484405517578,
      10.75040054321289,
      13.398942947387695,
      10.810635566711426,
      14.465277671813965,
      10.966682434082031,
      17.741544723510742,
      11.936063766479492,
      15.307353019714355,
      10.69880199432373,
      10.820926666259766,
      8.637612342834473
    ],
    [
      0.4787115156650543,
      8.081108093261719,
      5.059337139129639,
      8.618426322937012,
      11.951038360595703,
      16.988985061645508,
      9.278888702392578,
      9.582547187805176,
      7.605157852172852,
      8.589802742004395,
      7.183902263641357,
      8.155943870544434,
      7.162116527557373,
      7.547937870025635,
      6.47353458404541,
      6.132611274719238,
      3.970327854156494,
      3.4182443618774414
    ],
    [
      1.8996682167053223,
      11.66083812713623,
      6.351437568664551,
      7.190441131591797,
      15.389484405517578,
      9.278888702392578,
      30.362892150878906,
      18.946352005004883,
      20.68265724182129,
      17.131330490112305,
      21.86856460571289,
      17.917259216308594,
      22.306110382080078,
      16.95215606689453,
      17.02577018737793,
      13.623603820800781,
      14.160491943359375,
      12.841785430908203
    ],
    [
      0.9379994869232178,
      7.404810905456543,
      4.160238265991211,
      6.601474285125732,
      10.75040054321289,
      9.582547187805176,
      18.946352005004883,
      24.5965518951416,
      14.835782051086426,
      14.937891006469727,
      15.263070106506348,
      15.788483619689941,
      13.819756507873535,
      13.8240966796875,
      10.212535858154297,
      10.441864967346191,
      9.20644760131836,
      9.392477989196777
    ],
    [
      6.2848920822143555,
      13.310995101928711,
      8.096437454223633,
      5.816409111022949,
      13.398942947387695,
      7.605157852172852,
      20.68265724182129,
      14.835782051086426,
      30.343164443969727,
      22.438074111938477,
      25.76263427734375,
      19.933202743530273,
      24.76649284362793,
      19.249649047851562,
      18.177167892456055,
      15.884825706481934,
      15.298155784606934,
      14.566631317138672
    ],
    [
      1.3252381086349487,
      12.014785766601562,
      4.9518561363220215,
      5.657025337219238,
      10.810635566711426,
      8.589802742004395,
      17.131330490112305,
      14.937891006469727,
      22.438074111938477,
      29.665395736694336,
      19.92626190185547,
      20.190156936645508,
      17.710397720336914,
      17.615741729736328,
      12.303886413574219,
      12.831140518188477,
      8.834155082702637,
      9.024632453918457
    ],
    [
      9.011463165283203,
      14.940346717834473,
      10.596721649169922,
      7.923577785491943,
      14.465277671813965,
      7.183902263641357,
      21.86856460571289,
      15.263070106506348,
      25.76263427734375,
      19.92626190185547,
      36.00279235839844,
      24.512815475463867,
      34.53718185424805,
      25.16336441040039,
      27.680631637573242,
      21.772676467895508,
      23.668672561645508,
      21.89060401916504
    ],
    [
      5.011432647705078,
      13.365005493164062,
      7.117611885070801,
      7.768854141235352,
      10.966682434082031,
      8.155943870544434,
      17.917259216308594,
      15.788483619689941,
      19.933202743530273,
      20.190156936645508,
      24.512815475463867,
      27.02916145324707,
      23.891067504882812,
      23.51030731201172,
      18.334665298461914,
      18.32195472717285,
      15.447224617004395,
      15.958416938781738
    ],
    [
      7.611622333526611,
      17.746742248535156,
      13.781099319458008,
      10.088356971740723,
      17.741544723510742,
      7.162116527557373,
      22.306110382080078,
      13.819756507873535,
      24.76649284362793,
      17.710397720336914,
      34.53718185424805,
      23.891067504882812,
      49.756256103515625,
      32.802337646484375,
      43.34406280517578,
      30.65233039855957,
      36.054622650146484,
      31.015195846557617
    ],
    [
      8.959404945373535,
      15.586246490478516,
      11.306516647338867,
      8.670546531677246,
      11.936063766479492,
      7.547937870025635,
      16.95215606689453,
      13.8240966796875,
      19.249649047851562,
      17.615741729736328,
      25.16336441040039,
      23.51030731201172,
      32.802337646484375,
      32.68579864501953,
      27.80577278137207,
      28.117042541503906,
      25.231143951416016,
      26.623146057128906
    ],
    [
      7.061793327331543,
      16.754100799560547,
      13.87433910369873,
      9.767340660095215,
      15.307353019714355,
      6.47353458404541,
      17.02577018737793,
      10.212535858154297,
      18.177167892456055,
      12.303886413574219,
      27.680631637573242,
      18.334665298461914,
      43.34406280517578,
      27.80577278137207,
      52.28976058959961,
      33.99666976928711,
      44.083003997802734,
      35.65522003173828
    ],
    [
      12.672762870788574,
      13.732982635498047,
      13.423107147216797,
      7.59912633895874,
      10.69880199432373,
      6.132611274719238,
      13.623603820800781,
      10.441864967346191,
      15.884825706481934,
      12.831140518188477,
      21.772676467895508,
      18.32195472717285,
      30.65233039855957,
      28.117042541503906,
      33.99666976928711,
      38.49922180175781,
      33.764007568359375,
      37.18406295776367
    ],
    [
      12.120526313781738,
      11.135917663574219,
      13.80752182006836,
      6.064561367034912,
      10.820926666259766,
      3.970327854156494,
      14.160491943359375,
      9.20644760131836,
      15.298155784606934,
      8.834155082702637,
      23.668672561645508,
      15.447224617004395,
      36.054622650146484,
      25.231143951416016,
      44.083003997802734,
      33.764007568359375,
      54.42719268798828,
      49.634986877441406
    ],
    [
      16.753171920776367,
      8.933095932006836,
      14.758971214294434,
      4.802327632904053,
      8.637612342834473,
      3.4182443618774414,
      12.841785430908203,
      9.392477989196777,
      14.566631317138672,
      9.024632453918457,
      21.89060401916504,
      15.958416938781738,
      31.015195846557617,
      26.623146057128906,
      35.65522003173828,
      37.18406295776367,
      49.634986877441406,
      57.92600631713867
    ]
  ],
  "damage": -12.422239303588867,
  "diff_bandwidth": 779.07666015625,
  "dissonance": 11.246217041875802,
  "drr": 9.278837203979492,
  "dynamics": 2.515864133834839,
  "format": 1245190,
  "frames": 11085760,
  "loudness": -15.788782119750977,
  "loudness_range": 5.634920120239258,
  "loudness_range_short": 9.155076026916504,
  "lowpass_true_peak_15khz": 0.396665096282959,
  "mastering3_acoustic_entropies": [
    {
      "acoustic_entropy": 6.118532657623291,
      "acoustic_entropy_mono": 6.148926258087158,
      "band_eliminated_acoustic_entropies": [
        {
          "acoustic_entropy": 5.924368381500244,
          "acoustic_entropy_side": 6.119136333465576,
          "hz": 129.47220167065723
        },
        {
          "acoustic_entropy": 5.252889633178711,
          "acoustic_entropy_side": 6.132863998413086,
          "hz": 202.92927478742237
        },
        {
          "acoustic_entropy": 5.833858966827393,
          "acoustic_entropy_side": 6.119390964508057,
          "hz": 282.89161906338205
        },
        {
          "acoustic_entropy": 6.116323471069336,
          "acoustic_entropy_side": 6.2212018966674805,
          "hz": 369.9353335868758
        },
        {
          "acoustic_entropy": 6.064069747924805,
          "acoustic_entropy_side": 6.211116790771484,
          "hz": 464.6875360973435
        },
        {
          "acoustic_entropy": 5.743533134460449,
          "acoustic_entropy_side": 5.9762067794799805,
          "hz": 567.8308811364784
        },
        {
          "acoustic_entropy": 5.97767972946167,
          "acoustic_entropy_side": 6.0983381271362305,
          "hz": 680.1084783214808
        },
        {
          "acoustic_entropy": 6.225120544433594,
          "acoustic_entropy_side": 6.073321342468262,
          "hz": 802.3292461747484
        },
        {
          "acoustic_entropy": 5.8572587966918945,
          "acoustic_entropy_side": 6.262044906616211,
          "hz": 935.3737400823702
        },
        {
          "acoustic_entropy": 6.544477462768555,
          "acoustic_entropy_side": 6.218299388885498,
          "hz": 1080.2004963696966
        },
        {
          "acoustic_entropy": 6.172415733337402,
          "acoustic_entropy_side": 6.07244348526001,
          "hz": 1237.8529382007157
        },
        {
          "acoustic_entropy": 5.9473772048950195,
          "acoustic_entropy_side": 6.330241680145264,
          "hz": 1409.4668930556702
        },
        {
          "acoustic_entropy": 6.249990940093994,
          "acoustic_entropy_side": 6.246475696563721,
          "hz": 1596.2787759475705
        },
        {
          "acoustic_entropy": 5.865322589874268,
          "acoustic_entropy_side": 6.235990047454834,
          "hz": 1799.6344973346393
        },
        {
          "acoustic_entropy": 6.414392948150635,
          "acoustic_entropy_side": 6.195520877838135,
          "hz": 2020.9991599069049
        },
        {
          "acoustic_entropy": 5.687164783477783,
          "acoustic_entropy_side": 5.74359655380249,
          "hz": 2261.9676141086993
        },
        {
          "acoustic_entropy": 6.1428303718566895,
          "acoustic_entropy_side": 6.15532922744751,
          "hz": 2524.2759484456974
        },
        {
          "acoustic_entropy": 6.319588661193848,
          "acoustic_entropy_side": 5.977915287017822,
          "hz": 2809.813997359896
        },
        {
          "acoustic_entropy": 6.063197612762451,
          "acoustic_entropy_side": 5.925176620483398,
          "hz": 3120.6389567871424
        },
        {
          "acoustic_entropy": 5.513747692108154,
          "acoustic_entropy_side": 6.165945053100586,
          "hz": 3458.990205492291
        },
        {
          "acoustic_entropy": 6.389832973480225,
          "acoustic_entropy_side": 6.214893817901611,
          "hz": 3827.305438964164
        },
        {
          "acoustic_entropy": 5.791204929351807,
          "acoustic_entropy_side": 5.9442667961120605,
          "hz": 4228.238232109126
        },
        {
          "acoustic_entropy": 6.018563270568848,
          "acoustic_entropy_side": 6.05460262298584,
          "hz": 4664.6771572759235
        },
        {
          "acoustic_entropy": 6.156537055969238,
          "acoustic_entropy_side": 6.277098655700684,
          "hz": 5139.766595350093
        },
        {
          "acoustic_entropy": 6.247039794921875,
          "acoustic_entropy_side": 6.212491989135742,
          "hz": 5656.929389854203
        },
        {
          "acoustic_entropy": 6.108039379119873,
          "acoustic_entropy_side": 6.226743698120117,
          "hz": 6219.891507268283
        },
        {
          "acoustic_entropy": 6.203579902648926,
          "acoustic_entropy_side": 6.199885368347168,
          "hz": 6832.70888123896
        },
        {
          "acoustic_entropy": 6.160512924194336,
          "acoustic_entropy_side": 6.118659973144531,
          "hz": 7499.796634079867
        },
        {
          "acoustic_entropy": 6.189417362213135,
          "acoustic_entropy_side": 6.12965202331543,
          "hz": 8225.96088609342
        },
        {
          "acoustic_entropy": 6.276586055755615,
          "acoustic_entropy_side": 6.190232753753662,
          "hz": 9016.43338188839
        },
        {
          "acoustic_entropy": 6.159375190734863,
          "acoustic_entropy_side": 6.145077228546143,
          "hz": 9876.909183162974
        },
        {
          "acoustic_entropy": 6.1548686027526855,
          "acoustic_entropy_side": 6.091592788696289,
          "hz": 10813.587699516042
        },
        {
          "acoustic_entropy": 6.05846643447876,
          "acoustic_entropy_side": 6.098909854888916,
          "hz": 11833.21735289826
        },
        {
          "acoustic_entropy": 6.262211799621582,
          "acoustic_entropy_side": 6.114034652709961,
          "hz": 12943.144197493959
        },
        {
          "acoustic_entropy": 6.292422771453857,
          "acoustic_entropy_side": 6.193501949310303,
          "hz": 14151.364845322005
        },
        {
          "acoustic_entropy": 6.28980827331543,
          "acoustic_entropy_side": 6.215896129608154,
          "hz": 15466.58407886509
        },
        {
          "acoustic_entropy": 6.253166198730469,
          "acoustic_entropy_side": 6.188239574432373,
          "hz": 16898.27756580493
        },
        {
          "acoustic_entropy": 6.209827899932861,
          "acoustic_entropy_side": 6.179342269897461,
          "hz": 18456.760127700032
        },
        {
          "acoustic_entropy": 6.210348606109619,
          "acoustic_entropy_side": 6.171494483947754,
          "hz": 20153.260054456492
        },
        {
          "acoustic_entropy": 6.144125461578369,
          "acoustic_entropy_side": 6.129670143127441,
          "hz": 22000.00000000001
        }
      ],
      "diff_acoustic_entropy": 4.997573375701904,
      "sn": 6
    },
    {
      "acoustic_entropy": 10.2940034866333,
      "acoustic_entropy_mono": 10.16313362121582,
      "band_eliminated_acoustic_entropies": [
        {
          "acoustic_entropy": 10.07677936553955,
          "acoustic_entropy_side": 10.29865837097168,
          "hz": 129.47220167065723
        },
        {
          "acoustic_entropy": 9.027606964111328,
          "acoustic_entropy_side": 10.314884185791016,
          "hz": 202.92927478742237
        },
        {
          "acoustic_entropy": 10.28010368347168,
          "acoustic_entropy_side": 10.122047424316406,
          "hz": 282.89161906338205
        },
        {
          "acoustic_entropy": 10.28150463104248,
          "acoustic_entropy_side": 10.297622680664062,
          "hz": 369.9353335868758
        },
        {
          "acoustic_entropy": 10.05234432220459,
          "acoustic_entropy_side": 10.291082382202148,
          "hz": 464.6875360973435
        },
        {
          "acoustic_entropy": 9.792939186096191,
          "acoustic_entropy_side": 9.928832054138184,
          "hz": 567.8308811364784
        },
        {
          "acoustic_entropy": 10.092214584350586,
          "acoustic_entropy_side": 10.320630073547363,
          "hz": 680.1084783214808
        },
        {
          "acoustic_entropy": 10.280351638793945,
          "acoustic_entropy_side": 10.310929298400879,
          "hz": 802.3292461747484
        },
        {
          "acoustic_entropy": 10.548006057739258,
          "acoustic_entropy_side": 10.55232048034668,
          "hz": 935.3737400823702
        },
        {
          "acoustic_entropy": 10.034674644470215,
          "acoustic_entropy_side": 10.415844917297363,
          "hz": 1080.2004963696966
        },
        {
          "acoustic_entropy": 10.03827953338623,
          "acoustic_entropy_side": 9.813345909118652,
          "hz": 1237.8529382007157
        },
        {
          "acoustic_entropy": 9.732165336608887,
          "acoustic_entropy_side": 10.142462730407715,
          "hz": 1409.4668930556702
        },
        {
          "acoustic_entropy": 10.184473991394043,
          "acoustic_entropy_side": 10.195289611816406,
          "hz": 1596.2787759475705
        },
        {
          "acoustic_entropy": 10.004024505615234,
          "acoustic_entropy_side": 9.759342193603516,
          "hz": 1799.6344973346393
        },
        {
          "acoustic_entropy": 9.984371185302734,
          "acoustic_entropy_side": 10.342103958129883,
          "hz": 2020.9991599069049
        },
        {
          "acoustic_entropy": 9.33333683013916,
          "acoustic_entropy_side": 9.93789291381836,
          "hz": 2261.9676141086993
        },
        {
          "acoustic_entropy": 9.965068817138672,
          "acoustic_entropy_side": 10.10049057006836,
          "hz": 2524.2759484456974
        },
        {
          "acoustic_entropy": 10.393845558166504,
          "acoustic_entropy_side": 10.319826126098633,
          "hz": 2809.813997359896
        },
        {
          "acoustic_entropy": 9.866653442382812,
          "acoustic_entropy_side": 10.155714988708496,
          "hz": 3120.6389567871424
        },
        {
          "acoustic_entropy": 9.939101219177246,
          "acoustic_entropy_side": 10.084044456481934,
          "hz": 3458.990205492291
        },
        {
          "acoustic_entropy": 10.462231636047363,
          "acoustic_entropy_side": 10.346549034118652,
          "hz": 3827.305438964164
        },
        {
          "acoustic_entropy": 9.932931900024414,
          "acoustic_entropy_side": 10.105015754699707,
          "hz": 4228.238232109126
        },
        {
          "acoustic_entropy": 10.354780197143555,
          "acoustic_entropy_side": 10.316120147705078,
          "hz": 4664.6771572759235
        },
        {
          "acoustic_entropy": 10.123785972595215,
          "acoustic_entropy_side": 10.211705207824707,
          "hz": 5139.766595350093
        },
        {
          "acoustic_entropy": 10.54372787475586,
          "acoustic_entropy_side": 10.477300643920898,
          "hz": 5656.929389854203
        },
        {
          "acoustic_entropy": 10.383949279785156,
          "acoustic_entropy_side": 10.537936210632324,
          "hz": 6219.891507268283
        },
        {
          "acoustic_entropy": 10.24297046661377,
          "acoustic_entropy_side": 10.222411155700684,
          "hz": 6832.70888123896
        },
        {
          "acoustic_entropy": 10.31439208984375,
          "acoustic_entropy_side": 10.313800811767578,
          "hz": 7499.796634079867
        },
        {
          "acoustic_entropy": 10.321932792663574,
          "acoustic_entropy_side": 10.248947143554688,
          "hz": 8225.96088609342
        },
        {
          "acoustic_entropy": 10.225045204162598,
          "acoustic_entropy_side": 10.269327163696289,
          "hz": 9016.43338188839
        },
        {
          "acoustic_entropy": 10.14504623413086,
          "acoustic_entropy_side": 10.234932899475098,
          "hz": 9876.909183162974
        },
        {
          "acoustic_entropy": 10.245960235595703,
          "acoustic_entropy_side": 10.199028968811035,
          "hz": 10813.587699516042
        },
        {
          "acoustic_entropy": 10.097691535949707,
          "acoustic_entropy_side": 10.147077560424805,
          "hz": 11833.21735289826
        },
        {
          "acoustic_entropy": 10.110550880432129,
          "acoustic_entropy_side": 10.220027923583984,
          "hz": 12943.144197493959
        },
        {
          "acoustic_entropy": 10.28116512298584,
          "acoustic_entropy_side": 10.33893871307373,
          "hz": 14151.364845322005
        },
        {
          "acoustic_entropy": 10.436861038208008,
          "acoustic_entropy_side": 10.397360801696777,
          "hz": 15466.58407886509
        },
        {
          "acoustic_entropy": 10.30564022064209,
          "acoustic_entropy_side": 10.352556228637695,
          "hz": 16898.27756580493
        },
        {
          "acoustic_entropy": 10.548397064208984,
          "acoustic_entropy_side": 10.373790740966797,
          "hz": 18456.760127700032
        },
        {
          "acoustic_entropy": 10.700257301330566,
          "acoustic_entropy_side": 10.411504745483398,
          "hz": 20153.260054456492
        },
        {
          "acoustic_entropy": 10.388609886169434,
          "acoustic_entropy_side": 10.335951805114746,
          "hz": 22000.00000000001
        }
      ],
      "diff_acoustic_entropy": 8.035314559936523,
      "sn": 12
    },
    {
      "acoustic_entropy": 15.84636402130127,
      "acoustic_entropy_mono": 14.653507232666016,
      "band_eliminated_acoustic_entropies": [
        {
          "acoustic_entropy": 15.367330551147461,
          "acoustic_entropy_side": 15.604467391967773,
          "hz": 129.47220167065723
        },
        {
          "acoustic_entropy": 15.54592227935791,
          "acoustic_entropy_side": 15.62984848022461,
          "hz": 202.92927478742237
        },
        {
          "acoustic_entropy": 16.554168701171875,
          "acoustic_entropy_side": 16.54334831237793,
          "hz": 282.89161906338205
        },
        {
          "acoustic_entropy": 15.780874252319336,
          "acoustic_entropy_side": 15.636558532714844,
          "hz": 369.9353335868758
        },
        {
          "acoustic_entropy": 15.837858200073242,
          "acoustic_entropy_side": 15.427223205566406,
          "hz": 464.6875360973435
        },
        {
          "acoustic_entropy": 16.173261642456055,
          "acoustic_entropy_side": 15.885698318481445,
          "hz": 567.8308811364784
        },
        {
          "acoustic_entropy": 16.32021141052246,
          "acoustic_entropy_side": 16.21822166442871,
          "hz": 680.1084783214808
        },
        {
          "acoustic_entropy": 16.6275634765625,
          "acoustic_entropy_side": 16.2639217376709,
          "hz": 802.3292461747484
        },
        {
          "acoustic_entropy": 16.430988311767578,
          "acoustic_entropy_side": 15.835441589355469,
          "hz": 935.3737400823702
        },
        {
          "acoustic_entropy": 15.330754280090332,
          "acoustic_entropy_side": 15.967045783996582,
          "hz": 1080.2004963696966
        },
        {
          "acoustic_entropy": 16.06971549987793,
          "acoustic_entropy_side": 15.972070693969727,
          "hz": 1237.8529382007157
        },
        {
          "acoustic_entropy": 14.848169326782227,
          "acoustic_entropy_side": 15.440231323242188,
          "hz": 1409.4668930556702
        },
        {
          "acoustic_entropy": 16.832822799682617,
          "acoustic_entropy_side": 16.441478729248047,
          "hz": 1596.2787759475705
        },
        {
          "acoustic_entropy": 15.545220375061035,
          "acoustic_entropy_side": 15.998743057250977,
          "hz": 1799.6344973346393
        },
        {
          "acoustic_entropy": 15.095166206359863,
          "acoustic_entropy_side": 15.30659008026123,
          "hz": 2020.9991599069049
        },
        {
          "acoustic_entropy": 15.719006538391113,
          "acoustic_entropy_side": 16.467300415039062,
          "hz": 2261.9676141086993
        },
        {
          "acoustic_entropy": 15.324058532714844,
          "acoustic_entropy_side": 15.364982604980469,
          "hz": 2524.2759484456974
        },
        {
          "acoustic_entropy": 16.350645065307617,
          "acoustic_entropy_side": 16.14562225341797,
          "hz": 2809.813997359896
        },
        {
          "acoustic_entropy": 15.241632461547852,
