{
  "acoustic_entropy": 217.08932495117188,
  "bands": [
    {
      "high_freq": 148.1999969482422,
      "loudness": -22.096050262451172,
      "loudness_range": 13.586872100830078,
      "mid_mean": -18.728229522705078,
      "mid_to_side_loudness": -14.40817642211914,
      "mid_to_side_loudness_range": 16.439247131347656,
      "side_mean": -33.28996658325195
    },
    {
      "high_freq": 392.3793640136719,
      "loudness": -20.090375900268555,
      "loudness_range": 11.2759370803833,
      "low_freq": 148.1999969482422,
      "mid_mean": -16.987815856933594,
      "mid_to_side_loudness": -9.011146545410156,
      "mid_to_side_loudness_range": 7.368556976318359,
      "side_mean": -25.988460540771484
    },
    {
      "high_freq": 794.6976318359375,
      "loudness": -22.297361373901367,
      "loudness_range": 14.363306045532227,
      "low_freq": 392.3793640136719,
      "mid_mean": -19.799179077148438,
      "mid_to_side_loudness": -5.534598350524902,
      "mid_to_side_loudness_range": 8.302233695983887,
      "side_mean": -25.512191772460938
    },
    {
      "high_freq": 1457.5709228515625,
      "loudness": -29.811431884765625,
      "loudness_range": 12.378694534301758,
      "low_freq": 794.6976318359375,
      "mid_mean": -27.49425506591797,
      "mid_to_side_loudness": -4.710171699523926,
      "mid_to_side_loudness_range": 7.291986465454102,
      "side_mean": -32.28744888305664
    },
    {
      "high_freq": 2549.74365234375,
      "loudness": -31.033920288085938,
      "loudness_range": 16.571561813354492,
      "low_freq": 1457.5709228515625,
      "mid_mean": -29.211395263671875,
      "mid_to_side_loudness": -3.1555063724517822,
      "mid_to_side_loudness_range": 6.231796741485596,
      "side_mean": -32.20165252685547
    },
    {
      "high_freq": 4349.24462890625,
      "loudness": -32.359683990478516,
      "loudness_range": 18.77695655822754,
      "low_freq": 2549.74365234375,
      "mid_mean": -30.301742553710938,
      "mid_to_side_loudness": -4.06103515625,
      "mid_to_side_loudness_range": 8.408411026000977,
      "side_mean": -34.36831283569336
    },
    {
      "high_freq": 7314.1640625,
      "loudness": -34.32185745239258,
      "loudness_range": 20.40349578857422,
      "low_freq": 4349.24462890625,
      "mid_mean": -31.572832107543945,
      "mid_to_side_loudness": -6.785312652587891,
      "mid_to_side_loudness_range": 7.912102699279785,
      "side_mean": -38.6124382019043
    },
    {
      "high_freq": 12199.2666015625,
      "loudness": -33.74645233154297,
      "loudness_range": 16.43173599243164,
      "low_freq": 7314.1640625,
      "mid_mean": -30.82816505432129,
      "mid_to_side_loudness": -7.266722679138184,
      "mid_to_side_loudness_range": 6.498453140258789,
      "side_mean": -38.37620162963867
    },
    {
      "loudness": -37.278865814208984,
      "loudness_range": 15.579256057739258,
      "low_freq": 12199.2666015625,
      "mid_mean": -34.29475784301758,
      "mid_to_side_loudness": -7.823893070220947,
      "mid_to_side_loudness_range": 6.439297676086426,
      "side_mean": -42.493309020996094
    }
  ],
  "bands_short": [
    {
      "high_freq": 148.1999969482422,
      "loudness": -25.70336151123047,
      "loudness_range": 19.464603424072266,
      "mid_mean": -22.3809814453125,
      "mid_to_side_loudness": -15.566073417663574,
      "mid_to_side_loudness_range": 22.047225952148438,
      "side_mean": -38.23908996582031
    },
    {
      "high_freq": 392.3793640136719,
      "loudness": -19.671722412109375,
      "loudness_range": 12.200604438781738,
      "low_freq": 148.1999969482422,
      "mid_mean": -16.568410873413086,
      "mid_to_side_loudness": -9.275656700134277,
      "mid_to_side_loudness_range": 9.136624336242676,
      "side_mean": -25.980552673339844
    },
    {
      "high_freq": 794.6976318359375,
      "loudness": -22.560976028442383,
      "loudness_range": 15.492717742919922,
      "low_freq": 392.3793640136719,
      "mid_mean": -20.06532096862793,
      "mid_to_side_loudness": -5.864511966705322,
      "mid_to_side_loudness_range": 10.560103416442871,
      "side_mean": -26.177839279174805
    },
    {
      "high_freq": 1457.5709228515625,
      "loudness": -29.790016174316406,
      "loudness_range": 15.280075073242188,
      "low_freq": 794.6976318359375,
      "mid_mean": -27.71013832092285,
      "mid_to_side_loudness": -4.393853187561035,
      "mid_to_side_loudness_range": 10.067046165466309,
      "side_mean": -32.17473602294922
    },
    {
      "high_freq": 2549.74365234375,
      "loudness": -31.724292755126953,
      "loudness_range": 18.897558212280273,
      "low_freq": 1457.5709228515625,
      "mid_mean": -30.08843421936035,
      "mid_to_side_loudness": -2.941545248031616,
      "mid_to_side_loudness_range": 8.490177154541016,
      "side_mean": -32.83027648925781
    },
    {
      "high_freq": 4349.24462890625,
      "loudness": -33.232460021972656,
      "loudness_range": 21.830829620361328,
      "low_freq": 2549.74365234375,
      "mid_mean": -31.383203506469727,
      "mid_to_side_loudness": -3.7272863388061523,
      "mid_to_side_loudness_range": 9.201895713806152,
      "side_mean": -34.935508728027344
    },
    {
      "high_freq": 7314.1640625,
      "loudness": -36.29278564453125,
      "loudness_range": 24.204444885253906,
      "low_freq": 4349.24462890625,
      "mid_mean": -33.8514289855957,
      "mid_to_side_loudness": -5.944515705108643,
      "mid_to_side_loudness_range": 9.193157196044922,
      "side_mean": -40.056846618652344
    },
    {
      "high_freq": 12199.2666015625,
      "loudness": -37.5324821472168,
      "loudness_range": 25.812122344970703,
      "low_freq": 7314.1640625,
      "mid_mean": -34.89957809448242,
      "mid_to_side_loudness": -6.638644218444824,
      "mid_to_side_loudness_range": 7.805070877075195,
      "side_mean": -41.88167953491211
    },
    {
      "loudness": -43.2496452331543,
      "loudness_range": 29.425411224365234,
      "low_freq": 12199.2666015625,
      "mid_mean": -40.77265930175781,
      "mid_to_side_loudness": -6.329905033111572,
      "mid_to_side_loudness_range": 8.279608726501465,
      "side_mean": -48.140830993652344
    }
  ],
  "bandwidth": 459.5659484863281,
  "channels": 2,
  "covariance": [
    [
      30.085222244262695,
      14.568855285644531,
      10.345048904418945,
      9.407832145690918,
      10.893562316894531,
      13.744966506958008,
      10.171600341796875,
      13.394852638244629,
      13.002806663513184,
      14.346391677856445,
      11.206208229064941,
      14.625330924987793,
      2.7277615070343018,
      6.604371070861816,
      7.4166259765625,
      9.31436538696289,
      9.32275676727295,
      9.327253341674805
    ],
    [
      14.568855285644531,
      28.682998657226562,
      3.625577926635742,
      3.5654444694519043,
      5.2779669761657715,
      6.834525108337402,
      4.010985374450684,
      5.65164852142334,
      5.551539421081543,
      6.762962818145752,
      3.7870404720306396,
      5.682412624359131,
      4.682572364807129,
      5.4596171379089355,
      3.299551486968994,
      4.246065616607666,
      2.045433521270752,
      2.6221842765808105
    ],
    [
      10.345048904418945,
      3.625577926635742,
      20.08665657043457,
      16.481931686401367,
      14.533629417419434,
      15.06013011932373,
      12.40334415435791,
      15.514219284057617,
      17.696651458740234,
      19.11318016052246,
      17.59010887145996,
      19.939189910888672,
      9.591324806213379,
      14.375052452087402,
      12.698141098022461,
      14.21731948852539,
      12.862836837768555,
      12.447813987731934
    ],
    [
      9.407832145690918,
      3.5654444694519043,
      16.481931686401367,
      20.086029052734375,
      14.033016204833984,
      15.1392183303833,
      11.674468994140625,
      15.447185516357422,
      16.80284881591797,
      18.566932678222656,
      16.62055206298828,
      19.687969207763672,
      8.359638214111328,
      13.053237915039062,
      11.056920051574707,
      12.759940147399902,
      11.237455368041992,
      11.012713432312012
    ],
    [
      10.893562316894531,
      5.2779669761657715,
      14.533629417419434,
      14.033016204833984,
      29.80214500427246,
      27.18974494934082,
      20.103734970092773,
      23.400787353515625,
      26.22707176208496,
      28.700756072998047,
      27.311687469482422,
      32.07685852050781,
      19.761070251464844,
      25.92037582397461,
      16.04336929321289,
      18.38279914855957,
      14.53290843963623,
      15.197940826416016
    ],
    [
      13.744966506958008,
      6.834525108337402,
      15.06013011932373,
      15.1392183303833,
      27.18974494934082,
      33.84444046020508,
      21.861434936523438,
      27.311080932617188,
      28.571317672729492,
      31.648696899414062,
      28.874797821044922,
      35.137176513671875,
      18.162153244018555,
      24.723342895507812,
      17.45811653137207,
      19.515993118286133,
      16.434404373168945,
      15.949685096740723
    ],
    [
      10.171600341796875,
      4.010985374450684,
      12.40334415435791,
      11.674468994140625,
      20.103734970092773,
      21.861434936523438,
      25.259275436401367,
      25.96284294128418,
      25.942523956298828,
      26.41822624206543,
      27.01382827758789,
      29.931129455566406,
      18.867626190185547,
      23.054092407226562,
      18.90019416809082,
      19.40949249267578,
      17.657302856445312,
      17.385778427124023
    ],
    [
      13.394852638244629,
      5.65164852142334,
      15.514219284057617,
      15.447185516357422,
      23.400787353515625,
      27.311080932617188,
      25.96284294128418,
      34.262020111083984,
      30.383159637451172,
      33.392311096191406,
      30.831111907958984,
      37.146209716796875,
      18.572473526000977,
      25.569406509399414,
      20.095251083374023,
      21.431385040283203,
      19.361209869384766,
      18.64319610595703
    ],
    [
      13.002806663513184,
      5.551539421081543,
      17.696651458740234,
      16.80284881591797,
      26.22707176208496,
      28.571317672729492,
      25.942523956298828,
      30.383159637451172,
      38.52911376953125,
      37.62059020996094,
      36.381561279296875,
      41.185638427734375,
      24.17426872253418,
      29.630496978759766,
      24.202775955200195,
      25.44390106201172,
      22.197542190551758,
      21.482404708862305
    ],
    [
      14.346391677856445,
      6.762962818145752,
      19.11318016052246,
      18.566932678222656,
      28.700756072998047,
      31.648696899414062,
      26.41822624206543,
      33.392311096191406,
      37.62059020996094,
      44.39583206176758,
      36.65583801269531,
      46.29534149169922,
      24.871843338012695,
      33.1077766418457,
      23.442075729370117,
      25.656309127807617,
      22.05145835876465,
      21.382932662963867
    ],
    [
      11.206208229064941,
      3.7870404720306396,
      17.59010887145996,
      16.62055206298828,
      27.311687469482422,
      28.874797821044922,
      27.01382827758789,
      30.831111907958984,
      36.381561279296875,
      36.65583801269531,
      44.004154205322266,
      44.777679443359375,
      27.2873592376709,
      32.983150482177734,
      26.986297607421875,
      28.15422248840332,
      23.38298225402832,
      22.96424674987793
    ],
    [
      14.625330924987793,
      5.682412624359131,
      19.939189910888672,
      19.687969207763672,
      32.07685852050781,
      35.137176513671875,
      29.931129455566406,
      37.146209716796875,
      41.185638427734375,
      46.29534149169922,
      44.777679443359375,
      56.62366485595703,
      31.95645523071289,
      41.421504974365234,
      28.206317901611328,
      31.068828582763672,
      25.048065185546875,
      24.646347045898438
    ],
    [
      2.7277615070343018,
      4.682572364807129,
      9.591324806213379,
      8.359638214111328,
      19.761070251464844,
      18.162153244018555,
      18.867626190185547,
      18.572473526000977,
      24.17426872253418,
      24.871843338012695,
      27.2873592376709,
      31.95645523071289,
      50.75703048706055,
      46.39911651611328,
      27.382898330688477,
      28.663551330566406,
      22.31257438659668,
      23.193925857543945
    ],
    [
      6.604371070861816,
      5.4596171379089355,
      14.375052452087402,
      13.053237915039062,
      25.92037582397461,
      24.723342895507812,
      23.054092407226562,
      25.569406509399414,
      29.630496978759766,
      33.1077766418457,
      32.983150482177734,
      41.421504974365234,
      46.39911651611328,
      52.39467239379883,
      26.394245147705078,
      30.344663619995117,
      20.772409439086914,
      22.997854232788086
    ],
    [
      7.4166259765625,
      3.299551486968994,
      12.698141098022461,
      11.056920051574707,
      16.04336929321289,
      17.45811653137207,
      18.90019416809082,
      20.095251083374023,
      24.202775955200195,
      23.442075729370117,
      26.986297607421875,
      28.206317901611328,
      27.382898330688477,
      26.394245147705078,
      33.606998443603516,
      31.1192569732666,
      30.706453323364258,
      27.96573257446289
    ],
    [
      9.31436538696289,
      4.246065616607666,
      14.21731948852539,
      12.759940147399902,
      18.38279914855957,
      19.515993118286133,
      19.40949249267578,
      21.431385040283203,
      25.44390106201172,
      25.656309127807617,
      28.15422248840332,
      31.068828582763672,
      28.663551330566406,
      30.344663619995117,
      31.1192569732666,
      34.74485778808594,
      27.935598373413086,
      28.656282424926758
    ],
    [
      9.32275676727295,
      2.045433521270752,
      12.862836837768555,
      11.237455368041992,
      14.53290843963623,
      16.434404373168945,
      17.657302856445312,
      19.361209869384766,
      22.197542190551758,
      22.05145835876465,
      23.38298225402832,
      25.048065185546875,
      22.31257438659668,
      20.772409439086914,
      30.706453323364258,
      27.935598373413086,
      37.45456314086914,
      30.64925765991211
    ],
    [
      9.327253341674805,
      2.6221842765808105,
      12.447813987731934,
      11.012713432312012,
      15.197940826416016,
      15.949685096740723,
      17.385778427124023,
      18.64319610595703,
      21.482404708862305,
      21.382932662963867,
      22.96424674987793,
      24.646347045898438,
      23.193925857543945,
      22.997854232788086,
      27.96573257446289,
      28.656282424926758,
      30.64925765991211,
      31.322608947753906
    ]
  ],
  "covariance_short": [
    [
      52.07591247558594,
      20.590192794799805,
      14.016844749450684,
      11.377463340759277,
      11.220600128173828,
      13.837949752807617,
      9.379274368286133,
      13.13582706451416,
      13.137636184692383,
      14.520772933959961,
      11.823384284973145,
      14.012449264526367,
      4.916136741638184,
      8.410761833190918,
      10.120743751525879,
      12.605895042419434,
      14.452716827392578,
      22.457229614257812
    ],
    [
      20.590192794799805,
      48.72056579589844,
      6.633613109588623,
      8.422201156616211,
      7.161770343780518,
      7.750162601470947,
      6.0870041847229,
      7.509917259216309,
      7.846076965332031,
      8.747065544128418,
      7.322691917419434,
      7.78861665725708,
      8.943782806396484,
      9.374122619628906,
      9.582807540893555,
      9.874744415283203,
      9.365067481994629,
      14.792901039123535
    ],
    [
      14.016844749450684,
      6.633613109588623,
      22.577943801879883,
      17.13619041442871,
      15.142340660095215,
      15.02779769897461,
      13.046699523925781,
      15.7667875289917,
      18.28603744506836,
      18.916332244873047,
      19.074357986450195,
      20.578752517700195,
      11.602327346801758,
      15.47530460357666,
      14.805258750915527,
      17.97421646118164,
      17.015403747558594,
      20.4368953704834
    ],
    [
      11.377463340759277,
      8.422201156616211,
      17.13619041442871,
      24.03572654724121,
      16.006277084350586,
      17.079139709472656,
      13.99785041809082,
      17.502906799316406,
      19.05867576599121,
      20.259374618530273,
      19.66322898864746,
      21.637331008911133,
      10.839340209960938,
      16.1863956451416,
      12.922649383544922,
      16.475717544555664,
      14.273405075073242,
      19.278671264648438
    ],
    [
      11.220600128173828,
      7.161770343780518,
      15.142340660095215,
      16.006277084350586,
      33.58076477050781,
      28.662431716918945,
      22.115711212158203,
      24.371309280395508,
      29.037269592285156,
      30.300138473510742,
      30.45155143737793,
      33.50326919555664,
      23.032350540161133,
      29.599720001220703,
      19.817962646484375,
      24.753355026245117,
      18.809507369995117,
      26.42287826538086
    ],
    [
      13.837949752807617,
      7.750162601470947,
      15.02779769897461,
      17.079139709472656,
      28.662431716918945,
      38.99730682373047,
      23.17096710205078,
      27.51603889465332,
      31.364151000976562,
      33.4733772277832,
      32.118412017822266,
      36.52565383911133,
      20.64203453063965,
      27.88313865661621,
      20.08066177368164,
      25.109174728393555,
      18.86848258972168,
      28.146623611450195
    ],
    [
      9.379274368286133,
      6.0870041847229,
      13.046699523925781,
      13.99785041809082,
      22.115711212158203,
      23.17096710205078,
      34.436553955078125,
      29.76527214050293,
      32.64167785644531,
      30.87948989868164,
      34.830284118652344,
      34.94737243652344,
      27.081016540527344,
      31.511228561401367,
      28.771793365478516,
      31.419963836669922,
      27.590951919555664,
      33.56624984741211
    ],
    [
      13.13582706451416,
      7.509917259216309,
      15.7667875289917,
      17.502906799316406,
      24.371309280395508,
      27.51603889465332,
      29.76527214050293,
      39.977622985839844,
      34.53672409057617,
      36.26387405395508,
      36.230289459228516,
      40.22620391845703,
      22.71402931213379,
      30.899168014526367,
      25.793716430664062,
      30.130340576171875,
      25.498613357543945,
      33.39265441894531
    ],
    [
      13.137636184692383,
      7.846076965332031,
      18.28603744506836,
      19.05867576599121,
      29.037269592285156,
      31.364151000976562,
      32.64167785644531,
      34.53672409057617,
      48.97027587890625,
      43.467529296875,
      45.77458190917969,
      47.59831619262695,
      33.14870834350586,
      39.25093460083008,
      34.58674621582031,
      38.67408752441406,
      33.642154693603516,
      41.74954605102539
    ],
    [
      14.520772933959961,
      8.747065544128418,
      18.916332244873047,
      20.259374618530273,
      30.300138473510742,
      33.4733772277832,
      30.87948989868164,
      36.26387405395508,
      43.467529296875,
      50.33304214477539,
      43.37644577026367,
      50.7299919128418,
      31.021352767944336,
      40.08721160888672,
      30.64676284790039,
      36.26288604736328,
      30.064712524414062,
      39.07225799560547
    ],
    [
      11.823384284973145,
      7.322691917419434,
      19.074357986450195,
      19.66322898864746,
      30.45155143737793,
      32.118412017822266,
      34.830284118652344,
      36.230289459228516,
      45.77458190917969,
      43.37644577026367,
      57.805931091308594,
      54.17936325073242,
      39.17161178588867,
      45.58249282836914,
      40.8924560546875,
      45.641632080078125,
      39.00537872314453,
      46.93764114379883
    ],
    [
      14.012449264526367,
      7.78861665725708,
      20.578752517700195,
      21.637331008911133,
      33.50326919555664,
      36.52565383911133,
      34.94737243652344,
      40.22620391845703,
      47.59831619262695,
      50.7299919128418,
      54.17936325073242,
      65.7575454711914,
      39.84775161743164,
      50.09617233276367,
      38.63536071777344,
      45.51631546020508,
      36.118568420410156,
      45.978546142578125
    ],
    [
      4.916136741638184,
      8.943782806396484,
      11.602327346801758,
      10.839340209960938,
      23.032350540161133,
      20.64203453063965,
      27.081016540527344,
      22.71402931213379,
      33.14870834350586,
      31.021352767944336,
      39.17161178588867,
      39.84775161743164,
      74.37960052490234,
      64.69856262207031,
      55.742835998535156,
      56.122398376464844,
      48.30580139160156,
      49.83981704711914
    ],
    [
      8.410761833190918,
      9.374122619628906,
      15.47530460357666,
      16.1863956451416,
      29.599720001220703,
      27.88313865661621,
      31.511228561401367,
      30.899168014526367,
      39.25093460083008,
      40.08721160888672,
      45.58249282836914,
      50.09617233276367,
      64.69856262207031,
      71.71536254882812,
      49.785369873046875,
      55.91453552246094,
      42.69035720825195,
      50.0919189453125
    ],
    [
      10.120743751525879,
      9.582807540893555,
      14.805258750915527,
      12.922649383544922,
      19.817962646484375,
      20.08066177368164,
      28.771793365478516,
      25.793716430664062,
      34.58674621582031,
      30.64676284790039,
      40.8924560546875,
      38.63536071777344,
      55.742835998535156,
      49.785369873046875,
      80.45826721191406,
      72.53372955322266,
      79.50572967529297,
      71.08785247802734
    ],
    [
      12.605895042419434,
      9.874744415283203,
      17.97421646118164,
      16.475717544555664,
      24.753355026245117,
      25.109174728393555,
      31.419963836669922,
      30.130340576171875,
      38.67408752441406,
      36.26288604736328,
      45.641632080078125,
      45.51631546020508,
      56.122398376464844,
      55.91453552246094,
      72.53372955322266,
      77.51690673828125,
      72.9071044921875,
      72.06987762451172
    ],
    [
      14.452716827392578,
      9.365067481994629,
      17.015403747558594,
      14.273405075073242,
      18.809507369995117,
      18.86848258972168,
      27.590951919555664,
      25.498613357543945,
      33.642154693603516,
      30.064712524414062,
      39.00537872314453,
      36.118568420410156,
      48.30580139160156,
      42.69035720825195,
      79.50572967529297,
      72.9071044921875,
      106.01042175292969,
      88.18519592285156
    ],
    [
      22.457229614257812,
      14.792901039123535,
      20.4368953704834,
      19.278671264648438,
      26.42287826538086,
      28.146623611450195,
      33.56624984741211,
      33.39265441894531,
      41.74954605102539,
      39.07225799560547,
      46.93764114379883,
      45.978546142578125,
      49.83981704711914,
      50.0919189453125,
      71.08785247802734,
      72.06987762451172,
      88.18519592285156,
      93.82637023925781
    ]
  ],
  "damage": -5.207443714141846,
  "diff_bandwidth": 473.3628845214844,
  "dissonance": 6.866050890800821,
  "drr": 7.337347507476807,
  "dynamics": 3.394483804702759,
  "format": 1245190,
  "frames": 13613056,
  "loudness": -11.690860748291016,
  "loudness_range": 8.720787048339844,
  "loudness_range_short": 11.32716178894043,
  "lowpass_true_peak_15khz": 0.22862331569194794,
  "mastering3_acoustic_entropies": [
    {
      "acoustic_entropy": 6.712316989898682,
      "acoustic_entropy_mono": 7.014042377471924,
      "band_eliminated_acoustic_entropies": [
        {
          "acoustic_entropy": 6.389564037322998,
          "acoustic_entropy_side": 6.710293292999268,
          "hz": 129.47220167065723
        },
        {
          "acoustic_entropy": 7.288707733154297,
          "acoustic_entropy_side": 6.6547465324401855,
          "hz": 202.92927478742237
        },
        {
          "acoustic_entropy": 6.892507553100586,
          "acoustic_entropy_side": 6.7289323806762695,
          "hz": 282.89161906338205
        },
        {
          "acoustic_entropy": 7.316833972930908,
          "acoustic_entropy_side": 6.923594951629639,
          "hz": 369.9353335868758
        },
        {
          "acoustic_entropy": 6.1350016593933105,
          "acoustic_entropy_side": 6.603113651275635,
          "hz": 464.6875360973435
        },
        {
          "acoustic_entropy": 6.435370445251465,
          "acoustic_entropy_side": 6.680490970611572,
          "hz": 567.8308811364784
        },
        {
          "acoustic_entropy": 6.526121139526367,
          "acoustic_entropy_side": 6.628225326538086,
          "hz": 680.1084783214808
        },
        {
          "acoustic_entropy": 6.779393672943115,
          "acoustic_entropy_side": 6.819826602935791,
          "hz": 802.3292461747484
        },
        {
          "acoustic_entropy": 6.877747058868408,
          "acoustic_entropy_side": 6.806605339050293,
          "hz": 935.3737400823702
        },
        {
          "acoustic_entropy": 6.852663516998291,
          "acoustic_entropy_side": 6.7464118003845215,
          "hz": 1080.2004963696966
        },
        {
          "acoustic_entropy": 6.666800022125244,
          "acoustic_entropy_side": 6.703005313873291,
          "hz": 1237.8529382007157
        },
        {
          "acoustic_entropy": 6.699917316436768,
          "acoustic_entropy_side": 6.69403076171875,
          "hz": 1409.4668930556702
        },
        {
          "acoustic_entropy": 6.762691497802734,
          "acoustic_entropy_side": 6.699233055114746,
          "hz": 1596.2787759475705
        },
        {
          "acoustic_entropy": 6.690537452697754,
          "acoustic_entropy_side": 6.68489408493042,
          "hz": 1799.6344973346393
        },
        {
          "acoustic_entropy": 6.686690807342529,
          "acoustic_entropy_side": 6.67977237701416,
          "hz": 2020.9991599069049
        },
        {
          "acoustic_entropy": 6.764199256896973,
          "acoustic_entropy_side": 6.721787452697754,
          "hz": 2261.9676141086993
        },
        {
          "acoustic_entropy": 6.601990699768066,
          "acoustic_entropy_side": 6.678739070892334,
          "hz": 2524.2759484456974
        },
        {
          "acoustic_entropy": 6.540439128875732,
          "acoustic_entropy_side": 6.671187400817871,
          "hz": 2809.813997359896
        },
        {
          "acoustic_entropy": 6.692847728729248,
          "acoustic_entropy_side": 6.7059102058410645,
          "hz": 3120.6389567871424
        },
        {
          "acoustic_entropy": 6.598738670349121,
          "acoustic_entropy_side": 6.623491287231445,
          "hz": 3458.990205492291
        },
        {
          "acoustic_entropy": 6.599841117858887,
          "acoustic_entropy_side": 6.681823253631592,
          "hz": 3827.305438964164
        },
        {
          "acoustic_entropy": 6.639212608337402,
          "acoustic_entropy_side": 6.686866760253906,
          "hz": 4228.238232109126
        },
        {
          "acoustic_entropy": 6.7282304763793945,
          "acoustic_entropy_side": 6.695893287658691,
          "hz": 4664.6771572759235
        },
        {
          "acoustic_entropy": 6.728540420532227,
          "acoustic_entropy_side": 6.713923454284668,
          "hz": 5139.766595350093
        },
        {
          "acoustic_entropy": 6.792689800262451,
          "acoustic_entropy_side": 6.722820281982422,
          "hz": 5656.929389854203
        },
        {
          "acoustic_entropy": 6.7548909187316895,
          "acoustic_entropy_side": 6.719682693481445,
          "hz": 6219.891507268283
        },
        {
          "acoustic_entropy": 6.750558376312256,
          "acoustic_entropy_side": 6.7238922119140625,
          "hz": 6832.70888123896
        },
        {
          "acoustic_entropy": 6.374902248382568,
          "acoustic_entropy_side": 6.631349563598633,
          "hz": 7499.796634079867
        },
        {
          "acoustic_entropy": 6.551095962524414,
          "acoustic_entropy_side": 6.654392242431641,
          "hz": 8225.96088609342
        },
        {
          "acoustic_entropy": 6.717687129974365,
          "acoustic_entropy_side": 6.7242817878723145,
          "hz": 9016.43338188839
        },
        {
          "acoustic_entropy": 6.864198207855225,
          "acoustic_entropy_side": 6.757291793823242,
          "hz": 9876.909183162974
        },
        {
          "acoustic_entropy": 6.911507606506348,
          "acoustic_entropy_side": 6.76216983795166,
          "hz": 10813.587699516042
        },
        {
          "acoustic_entropy": 6.8165788650512695,
          "acoustic_entropy_side": 6.740547180175781,
          "hz": 11833.21735289826
        },
        {
          "acoustic_entropy": 6.797563076019287,
          "acoustic_entropy_side": 6.708793640136719,
          "hz": 12943.144197493959
        },
        {
          "acoustic_entropy": 6.8235764503479,
          "acoustic_entropy_side": 6.704160690307617,
          "hz": 14151.364845322005
        },
        {
          "acoustic_entropy": 6.790225982666016,
          "acoustic_entropy_side": 6.710206985473633,
          "hz": 15466.58407886509
        },
        {
          "acoustic_entropy": 6.775649070739746,
          "acoustic_entropy_side": 6.711878776550293,
          "hz": 16898.27756580493
        },
        {
          "acoustic_entropy": 6.688836097717285,
          "acoustic_entropy_side": 6.7117533683776855,
          "hz": 18456.760127700032
        },
        {
          "acoustic_entropy": 6.677969932556152,
          "acoustic_entropy_side": 6.712286949157715,
          "hz": 20153.260054456492
        },
        {
          "acoustic_entropy": 6.689645767211914,
          "acoustic_entropy_side": 6.7123188972473145,
          "hz": 22000.00000000001
        }
      ],
      "diff_acoustic_entropy": 4.944997310638428,
      "sn": 6
    },
    {
      "acoustic_entropy": 10.597174644470215,
      "acoustic_entropy_mono": 10.707782745361328,
      "band_eliminated_acoustic_entropies": [
        {
          "acoustic_entropy": 10.822278022766113,
          "acoustic_entropy_side": 10.594258308410645,
          "hz": 129.47220167065723
        },
        {
          "acoustic_entropy": 10.860954284667969,
          "acoustic_entropy_side": 10.571894645690918,
          "hz": 202.92927478742237
        },
        {
          "acoustic_entropy": 10.936639785766602,
          "acoustic_entropy_side": 10.690680503845215,
          "hz": 282.89161906338205
        },
        {
          "acoustic_entropy": 10.638279914855957,
          "acoustic_entropy_side": 10.747288703918457,
          "hz": 369.9353335868758
        },
        {
          "acoustic_entropy": 10.444792747497559,
          "acoustic_entropy_side": 10.582642555236816,
          "hz": 464.6875360973435
        },
        {
          "acoustic_entropy": 9.836447715759277,
          "acoustic_entropy_side": 10.207507133483887,
          "hz": 567.8308811364784
        },
        {
          "acoustic_entropy": 10.333327293395996,
          "acoustic_entropy_side": 10.238704681396484,
          "hz": 680.1084783214808
        },
        {
          "acoustic_entropy": 10.6704683303833,
          "acoustic_entropy_side": 10.92630386352539,
          "hz": 802.3292461747484
        },
        {
          "acoustic_entropy": 10.095861434936523,
          "acoustic_entropy_side": 10.470723152160645,
          "hz": 935.3737400823702
        },
        {
          "acoustic_entropy": 11.202507972717285,
          "acoustic_entropy_side": 11.160969734191895,
          "hz": 1080.2004963696966
        },
        {
          "acoustic_entropy": 10.6461763381958,
          "acoustic_entropy_side": 10.360867500305176,
          "hz": 1237.8529382007157
        },
        {
          "acoustic_entropy": 10.514915466308594,
          "acoustic_entropy_side": 10.558597564697266,
          "hz": 1409.4668930556702
        },
        {
          "acoustic_entropy": 10.495299339294434,
          "acoustic_entropy_side": 10.632190704345703,
          "hz": 1596.2787759475705
        },
        {
          "acoustic_entropy": 10.605619430541992,
          "acoustic_entropy_side": 10.572150230407715,
          "hz": 1799.6344973346393
        },
        {
          "acoustic_entropy": 9.977195739746094,
          "acoustic_entropy_side": 10.413252830505371,
          "hz": 2020.9991599069049
        },
        {
          "acoustic_entropy": 10.818807601928711,
          "acoustic_entropy_side": 10.694568634033203,
          "hz": 2261.9676141086993
        },
        {
          "acoustic_entropy": 10.5204439163208,
          "acoustic_entropy_side": 10.70094108581543,
          "hz": 2524.2759484456974
        },
        {
          "acoustic_entropy": 10.537918090820312,
          "acoustic_entropy_side": 10.568724632263184,
          "hz": 2809.813997359896
        },
        {
          "acoustic_entropy": 10.801520347595215,
          "acoustic_entropy_side": 10.669600486755371,
          "hz": 3120.6389567871424
        },
        {
          "acoustic_entropy": 10.551426887512207,
          "acoustic_entropy_side": 10.579598426818848,
          "hz": 3458.990205492291
        },
        {
          "acoustic_entropy": 10.59766960144043,
          "acoustic_entropy_side": 10.571221351623535,
          "hz": 3827.305438964164
        },
        {
          "acoustic_entropy": 10.827805519104004,
          "acoustic_entropy_side": 10.674081802368164,
          "hz": 4228.238232109126
        },
        {
          "acoustic_entropy": 10.640262603759766,
          "acoustic_entropy_side": 10.65736198425293,
          "hz": 4664.6771572759235
        },
        {
          "acoustic_entropy": 10.92829704284668,
          "acoustic_entropy_side": 10.733781814575195,
          "hz": 5139.766595350093
        },
        {
          "acoustic_entropy": 11.152178764343262,
          "acoustic_entropy_side": 10.773849487304688,
          "hz": 5656.929389854203
        },
        {
          "acoustic_entropy": 11.169868469238281,
          "acoustic_entropy_side": 10.737984657287598,
          "hz": 6219.891507268283
        },
        {
          "acoustic_entropy": 11.019835472106934,
          "acoustic_entropy_side": 10.7164888381958,
          "hz": 6832.70888123896
        },
        {
          "acoustic_entropy": 9.965801239013672,
          "acoustic_entropy_side": 10.326177597045898,
          "hz": 7499.796634079867
        },
        {
          "acoustic_entropy": 10.473978042602539,
          "acoustic_entropy_side": 10.64649486541748,
          "hz": 8225.96088609342
        },
        {
          "acoustic_entropy": 11.073140144348145,
          "acoustic_entropy_side": 10.881219863891602,
          "hz": 9016.43338188839
        },
        {
          "acoustic_entropy": 10.837299346923828,
          "acoustic_entropy_side": 10.785022735595703,
          "hz": 9876.909183162974
        },
        {
          "acoustic_entropy": 10.717658042907715,
          "acoustic_entropy_side": 10.749735832214355,
          "hz": 10813.587699516042
        },
        {
          "acoustic_entropy": 10.817280769348145,
          "acoustic_entropy_side": 10.613381385803223,
          "hz": 11833.21735289826
        },
        {
          "acoustic_entropy": 10.575145721435547,
          "acoustic_entropy_side": 10.565361976623535,
          "hz": 12943.144197493959
        },
        {
          "acoustic_entropy": 10.85550594329834,
          "acoustic_entropy_side": 10.610647201538086,
          "hz": 14151.364845322005
        },
        {
          "acoustic_entropy": 10.762873649597168,
          "acoustic_entropy_side": 10.622504234313965,
          "hz": 15466.58407886509
        },
        {
          "acoustic_entropy": 10.647814750671387,
          "acoustic_entropy_side": 10.599538803100586,
          "hz": 16898.27756580493
        },
        {
          "acoustic_entropy": 10.81329345703125,
          "acoustic_entropy_side": 10.615727424621582,
          "hz": 18456.760127700032
        },
        {
          "acoustic_entropy": 10.689227104187012,
          "acoustic_entropy_side": 10.601093292236328,
          "hz": 20153.260054456492
        },
        {
          "acoustic_entropy": 10.7180814743042,
          "acoustic_entropy_side": 10.598189353942871,
          "hz": 22000.00000000001
        }
      ],
      "diff_acoustic_entropy": 8.855639457702637,
      "sn": 12
    },
    {
      "acoustic_entropy": 16.211589813232422,
      "acoustic_entropy_mono": 14.827394485473633,
      "band_eliminated_acoustic_entropies": [
        {
          "acoustic_entropy": 16.45581817626953,
          "acoustic_entropy_side": 16.399425506591797,
          "hz": 129.47220167065723
        },
        {
          "acoustic_entropy": 17.847230911254883,
          "acoustic_entropy_side": 16.767648696899414,
          "hz": 202.92927478742237
        },
        {
          "acoustic_entropy": 16.55194854736328,
          "acoustic_entropy_side": 16.720495223999023,
          "hz": 282.89161906338205
        },
        {
          "acoustic_entropy": 17.145954132080078,
          "acoustic_entropy_side": 16.3863582611084,
          "hz": 369.9353335868758
        },
        {
          "acoustic_entropy": 16.610109329223633,
          "acoustic_entropy_side": 15.505013465881348,
          "hz": 464.6875360973435
        },
        {
          "acoustic_entropy": 17.019758224487305,
          "acoustic_entropy_side": 16.44953155517578,
          "hz": 567.8308811364784
        },
        {
          "acoustic_entropy": 16.20934295654297,
          "acoustic_entropy_side": 16.197132110595703,
          "hz": 680.1084783214808
        },
        {
          "acoustic_entropy": 17.177946090698242,
          "acoustic_entropy_side": 16.726579666137695,
          "hz": 802.3292461747484
        },
        {
          "acoustic_entropy": 16.814599990844727,
          "acoustic_entropy_side": 16.637451171875,
          "hz": 935.3737400823702
        },
        {
          "acoustic_entropy": 15.400121688842773,
          "acoustic_entropy_side": 16.362699508666992,
          "hz": 1080.2004963696966
        },
        {
          "acoustic_entropy": 16.329261779785156,
          "acoustic_entropy_side": 16.019617080688477,
          "hz": 1237.8529382007157
        },
        {
          "acoustic_entropy": 16.934385299682617,
          "acoustic_entropy_side": 16.77434539794922,
          "hz": 1409.4668930556702
        },
        {
          "acoustic_entropy": 16.876434326171875,
          "acoustic_entropy_side": 16.238550186157227,
          "hz": 1596.2787759475705
        },
        {
          "acoustic_entropy": 17.035465240478516,
          "acoustic_entropy_side": 16.245731353759766,
          "hz": 1799.6344973346393
        },
        {
          "acoustic_entropy": 16.119264602661133,
          "acoustic_entropy_side": 16.5779972076416,
          "hz": 2020.9991599069049
        },
        {
          "acoustic_entropy": 16.63292121887207,
          "acoustic_entropy_side": 16.536672592163086,
          "hz": 2261.9676141086993
        },
        {
          "acoustic_entropy": 16.92953109741211,
          "acoustic_entropy_side": 16.638710021972656,
          "hz": 2524.2759484456974
        },
        {
          "acoustic_entropy": 15.978153228759766,
          "acoustic_entropy_side": 15.764141082763672,
          "hz": 2809.813997359896
        },
        {
          "acoustic_entropy": 16.688796997070312,
