{
  "acoustic_entropy": 239.6498565673828,
  "bands": [
    {
      "high_freq": 148.1999969482422,
      "loudness": -24.100353240966797,
      "loudness_range": 9.250938415527344,
      "mid_mean": -22.588735580444336,
      "mid_to_side_loudness": -2.180330276489258,
      "mid_to_side_loudness_range": 6.033457279205322,
      "side_mean": -24.757116317749023
    },
    {
      "high_freq": 392.3793640136719,
      "loudness": -24.578290939331055,
      "loudness_range": 7.968544006347656,
      "low_freq": 148.1999969482422,
      "mid_mean": -22.883930206298828,
      "mid_to_side_loudness": -2.5214099884033203,
      "mid_to_side_loudness_range": 4.459512233734131,
      "side_mean": -25.423242568969727
    },
    {
      "high_freq": 794.6976318359375,
      "loudness": -24.10094451904297,
      "loudness_range": 12.06988525390625,
      "low_freq": 392.3793640136719,
      "mid_mean": -21.366687774658203,
      "mid_to_side_loudness": -6.2628326416015625,
      "mid_to_side_loudness_range": 5.056523323059082,
      "side_mean": -27.658287048339844
    },
    {
      "high_freq": 1457.5709228515625,
      "loudness": -23.635555267333984,
      "loudness_range": 15.334766387939453,
      "low_freq": 794.6976318359375,
      "mid_mean": -20.85601806640625,
      "mid_to_side_loudness": -6.614477634429932,
      "mid_to_side_loudness_range": 6.289515495300293,
      "side_mean": -27.51910972595215
    },
    {
      "high_freq": 2549.74365234375,
      "loudness": -23.641969680786133,
      "loudness_range": 13.687501907348633,
      "low_freq": 1457.5709228515625,
      "mid_mean": -20.940887451171875,
      "mid_to_side_loudness": -6.0341362953186035,
      "mid_to_side_loudness_range": 4.627840042114258,
      "side_mean": -27.01103401184082
    },
    {
      "high_freq": 4349.24462890625,
      "loudness": -23.748153686523438,
      "loudness_range": 7.8296356201171875,
      "low_freq": 2549.74365234375,
      "mid_mean": -21.216657638549805,
      "mid_to_side_loudness": -5.169289588928223,
      "mid_to_side_loudness_range": 3.0381429195404053,
      "side_mean": -26.42107391357422
    },
    {
      "high_freq": 7314.1640625,
      "loudness": -28.186870574951172,
      "loudness_range": 7.999061584472656,
      "low_freq": 4349.24462890625,
      "mid_mean": -25.966524124145508,
      "mid_to_side_loudness": -3.9974541664123535,
      "mid_to_side_loudness_range": 3.2875912189483643,
      "side_mean": -29.97426986694336
    },
    {
      "high_freq": 12199.2666015625,
      "loudness": -30.786184310913086,
      "loudness_range": 7.965787887573242,
      "low_freq": 7314.1640625,
      "mid_mean": -28.953441619873047,
      "mid_to_side_loudness": -2.7562131881713867,
      "mid_to_side_loudness_range": 2.8334217071533203,
      "side_mean": -31.714420318603516
    },
    {
      "loudness": -42.76083755493164,
      "loudness_range": 10.633609771728516,
      "low_freq": 12199.2666015625,
      "mid_mean": -42.319419860839844,
      "mid_to_side_loudness": 0.4239751398563385,
      "mid_to_side_loudness_range": 3.0412209033966064,
      "side_mean": -41.88783645629883
    }
  ],
  "bands_short": [
    {
      "high_freq": 148.1999969482422,
      "loudness": -27.473615646362305,
      "loudness_range": 15.508544921875,
      "mid_mean": -26.3211727142334,
      "mid_to_side_loudness": -1.7118374109268188,
      "mid_to_side_loudness_range": 9.23666763305664,
      "side_mean": -28.031404495239258
    },
    {
      "high_freq": 392.3793640136719,
      "loudness": -24.067825317382812,
      "loudness_range": 11.297492980957031,
      "low_freq": 148.1999969482422,
      "mid_mean": -22.64308738708496,
      "mid_to_side_loudness": -2.0728132724761963,
      "mid_to_side_loudness_range": 7.224353790283203,
      "side_mean": -24.719961166381836
    },
    {
      "high_freq": 794.6976318359375,
      "loudness": -25.234821319580078,
      "loudness_range": 15.027849197387695,
      "low_freq": 392.3793640136719,
      "mid_mean": -22.69601058959961,
      "mid_to_side_loudness": -5.79749059677124,
      "mid_to_side_loudness_range": 8.203601837158203,
      "side_mean": -28.523452758789062
    },
    {
      "high_freq": 1457.5709228515625,
      "loudness": -24.959291458129883,
      "loudness_range": 20.363319396972656,
      "low_freq": 794.6976318359375,
      "mid_mean": -22.405107498168945,
      "mid_to_side_loudness": -5.986714839935303,
      "mid_to_side_loudness_range": 8.936298370361328,
      "side_mean": -28.44089698791504
    },
    {
      "high_freq": 2549.74365234375,
      "loudness": -25.03622055053711,
      "loudness_range": 17.910327911376953,
      "low_freq": 1457.5709228515625,
      "mid_mean": -22.499950408935547,
      "mid_to_side_loudness": -5.548487663269043,
      "mid_to_side_loudness_range": 6.703511714935303,
      "side_mean": -28.076705932617188
    },
    {
      "high_freq": 4349.24462890625,
      "loudness": -24.14120101928711,
      "loudness_range": 9.875020980834961,
      "low_freq": 2549.74365234375,
      "mid_mean": -21.656288146972656,
      "mid_to_side_loudness": -5.078412055969238,
      "mid_to_side_loudness_range": 4.46694278717041,
      "side_mean": -26.763042449951172
    },
    {
      "high_freq": 7314.1640625,
      "loudness": -28.864850997924805,
      "loudness_range": 11.189332962036133,
      "low_freq": 4349.24462890625,
      "mid_mean": -26.636892318725586,
      "mid_to_side_loudness": -4.087949275970459,
      "mid_to_side_loudness_range": 4.1091437339782715,
      "side_mean": -30.729591369628906
    },
    {
      "high_freq": 12199.2666015625,
      "loudness": -32.292015075683594,
      "loudness_range": 13.990230560302734,
      "low_freq": 7314.1640625,
      "mid_mean": -30.4704532623291,
      "mid_to_side_loudness": -2.7932322025299072,
      "mid_to_side_loudness_range": 3.803922176361084,
      "side_mean": -33.26533126831055
    },
    {
      "loudness": -46.36093521118164,
      "loudness_range": 21.01293182373047,
      "low_freq": 12199.2666015625,
      "mid_mean": -45.84543228149414,
      "mid_to_side_loudness": 0.3259267210960388,
      "mid_to_side_loudness_range": 4.195815086364746,
      "side_mean": -45.52581787109375
    }
  ],
  "bandwidth": 847.7127685546875,
  "channels": 2,
  "covariance": [
    [
      13.763484001159668,
      11.066481590270996,
      3.410414695739746,
      3.1231651306152344,
      2.175493001937866,
      2.311976671218872,
      2.9235177040100098,
      2.6985490322113037,
      1.2049834728240967,
      1.5661778450012207,
      1.4932975769042969,
      1.7823841571807861,
      1.2982490062713623,
      1.40557861328125,
      1.4707294702529907,
      1.4792697429656982,
      1.7136286497116089,
      1.61616849899292
    ],
    [
      11.066481590270996,
      14.830487251281738,
      2.3257579803466797,
      2.4447152614593506,
      2.1317245960235596,
      2.5371997356414795,
      2.651110887527466,
      2.4745867252349854,
      1.2307440042495728,
      1.684442400932312,
      1.1717880964279175,
      1.6659735441207886,
      1.0345264673233032,
      1.452460765838623,
      1.3871861696243286,
      1.4971064329147339,
      2.50394868850708,
      2.3107354640960693
    ],
    [
      3.410414695739746,
      2.3257579803466797,
      11.096631050109863,
      9.64640998840332,
      5.616097450256348,
      5.3683390617370605,
      4.50542688369751,
      4.375284671783447,
      2.292236089706421,
      2.4633331298828125,
      1.2301651239395142,
      1.7376642227172852,
      0.6744905710220337,
      1.1978754997253418,
      1.4751967191696167,
      1.6573734283447266,
      2.520580768585205,
      2.5207178592681885
    ],
    [
      3.1231651306152344,
      2.4447152614593506,
      9.64640998840332,
      11.477323532104492,
      3.5353987216949463,
      3.836641311645508,
      2.947725772857666,
      3.0751073360443115,
      1.2654491662979126,
      1.7479829788208008,
      0.9779003262519836,
      1.6252695322036743,
      0.579348087310791,
      1.2169842720031738,
      1.339558720588684,
      1.5443189144134521,
      2.618799924850464,
      2.6203410625457764
    ],
    [
      2.175493001937866,
      2.1317245960235596,
      5.616097450256348,
      3.5353987216949463,
      20.358457565307617,
      17.454740524291992,
      19.135690689086914,
      14.997174263000488,
      11.512672424316406,
      9.355826377868652,
      3.8974051475524902,
      2.909986734390259,
      0.42958226799964905,
      0.5960296988487244,
      0.16676846146583557,
      0.17104792594909668,
      0.863489031791687,
      0.6805478930473328
    ],
    [
      2.311976671218872,
      2.5371997356414795,
      5.3683390617370605,
      3.836641311645508,
      17.454740524291992,
      17.625171661376953,
      15.818202018737793,
      12.848587989807129,
      9.385296821594238,
      7.972255706787109,
      3.3157365322113037,
      2.7231669425964355,
      0.4628397822380066,
      0.675299882888794,
      0.1793404370546341,
      0.24771858751773834,
      0.994713306427002,
      0.8292912244796753
    ],
    [
      2.9235177040100098,
      2.651110887527466,
      4.50542688369751,
      2.947725772857666,
      19.135690689086914,
      15.818202018737793,
      34.48666000366211,
      25.999975204467773,
      19.08954429626465,
      15.416975975036621,
      5.768876075744629,
      4.348081588745117,
      0.7976986169815063,
      1.1460423469543457,
      -0.07738856971263885,
      -0.05797959491610527,
      0.7656837105751038,
      0.4537447988986969
    ],
    [
      2.6985490322113037,
      2.4745867252349854,
      4.375284671783447,
      3.0751073360443115,
      14.997174263000488,
      12.848587989807129,
      25.999975204467773,
      21.859954833984375,
      14.875592231750488,
      12.711140632629395,
      5.0550103187561035,
      4.321061611175537,
      1.5442290306091309,
      1.9361051321029663,
      0.8087949156761169,
      0.907489538192749,
      1.5814175605773926,
      1.3393563032150269
    ],
    [
      1.2049834728240967,
      1.2307440042495728,
      2.292236089706421,
      1.2654491662979126,
      11.512672424316406,
      9.385296821594238,
      19.08954429626465,
      14.875592231750488,
      25.216754913330078,
      20.141475677490234,
      8.811070442199707,
      6.715068340301514,
      3.542208194732666,
      3.1558618545532227,
      0.6324408650398254,
      0.7622242569923401,
      1.3407738208770752,
      1.114273190498352
    ],
    [
      1.5661778450012207,
      1.684442400932312,
      2.4633331298828125,
      1.7479829788208008,
      9.355826377868652,
      7.972255706787109,
      15.416975975036621,
      12.711140632629395,
      20.141475677490234,
      17.50832176208496,
      7.460309982299805,
      6.410497665405273,
      3.535750389099121,
      3.463958978652954,
      1.0459462404251099,
      1.3241256475448608,
      2.0497336387634277,
      1.8126524686813354
    ],
    [
      1.4932975769042969,
      1.1717880964279175,
      1.2301651239395142,
      0.9779003262519836,
      3.8974051475524902,
      3.3157365322113037,
      5.768876075744629,
      5.0550103187561035,
      8.811070442199707,
      7.460309982299805,
      8.767985343933105,
      7.358852863311768,
      6.317067623138428,
      5.48156213760376,
      3.652567148208618,
      3.4555392265319824,
      3.0167012214660645,
      2.8308074474334717
    ],
    [
      1.7823841571807861,
      1.6659735441207886,
      1.7376642227172852,
      1.6252695322036743,
      2.909986734390259,
      2.7231669425964355,
      4.348081588745117,
      4.321061611175537,
      6.715068340301514,
      6.410497665405273,
      7.358852863311768,
      7.257786273956299,
      6.107632160186768,
      5.839241981506348,
      3.997628688812256,
      4.098586559295654,
      4.056061744689941,
      3.8994174003601074
    ],
    [
      1.2982490062713623,
      1.0345264673233032,
      0.6744905710220337,
      0.579348087310791,
      0.42958226799964905,
      0.4628397822380066,
      0.7976986169815063,
      1.5442290306091309,
      3.542208194732666,
      3.535750389099121,
      6.317067623138428,
      6.107632160186768,
      8.706867218017578,
      7.8586578369140625,
      6.7882819175720215,
      6.5647687911987305,
      6.48941707611084,
      6.354175567626953
    ],
    [
      1.40557861328125,
      1.452460765838623,
      1.1978754997253418,
      1.2169842720031738,
      0.5960296988487244,
      0.675299882888794,
      1.1460423469543457,
      1.9361051321029663,
      3.1558618545532227,
      3.463958978652954,
      5.48156213760376,
      5.839241981506348,
      7.8586578369140625,
      8.207939147949219,
      6.603619575500488,
      7.065761566162109,
      7.539942264556885,
      7.750399112701416
    ],
    [
      1.4707294702529907,
      1.3871861696243286,
      1.4751967191696167,
      1.339558720588684,
      0.16676846146583557,
      0.1793404370546341,
      -0.07738856971263885,
      0.8087949156761169,
      0.6324408650398254,
      1.0459462404251099,
      3.652567148208618,
      3.997628688812256,
      6.7882819175720215,
      6.603619575500488,
      9.284224510192871,
      8.867734909057617,
      9.634872436523438,
      9.4138822555542
    ],
    [
      1.4792697429656982,
      1.4971064329147339,
      1.6573734283447266,
      1.5443189144134521,
      0.17104792594909668,
      0.24771858751773834,
      -0.05797959491610527,
      0.907489538192749,
      0.7622242569923401,
      1.3241256475448608,
      3.4555392265319824,
      4.098586559295654,
      6.5647687911987305,
      7.065761566162109,
      8.867734909057617,
      9.48472785949707,
      9.95666790008545,
      10.522189140319824
    ],
    [
      1.7136286497116089,
      2.50394868850708,
      2.520580768585205,
      2.618799924850464,
      0.863489031791687,
      0.994713306427002,
      0.7656837105751038,
      1.5814175605773926,
      1.3407738208770752,
      2.0497336387634277,
      3.0167012214660645,
      4.056061744689941,
      6.48941707611084,
      7.539942264556885,
      9.634872436523438,
      9.95666790008545,
      15.57756519317627,
      14.757801055908203
    ],
    [
      1.61616849899292,
      2.3107354640960693,
      2.5207178592681885,
      2.6203410625457764,
      0.6805478930473328,
      0.8292912244796753,
      0.4537447988986969,
      1.3393563032150269,
      1.114273190498352,
      1.8126524686813354,
      2.8308074474334717,
      3.8994174003601074,
      6.354175567626953,
      7.750399112701416,
      9.4138822555542,
      10.522189140319824,
      14.757801055908203,
      15.379209518432617
    ]
  ],
  "covariance_short": [
    [
      34.05453872680664,
      25.63420295715332,
      11.633583068847656,
      10.312036514282227,
      0.8668985962867737,
      1.235330581665039,
      1.1402003765106201,
      1.5569331645965576,
      0.7294926643371582,
      1.3429639339447021,
      1.3387466669082642,
      1.9803651571273804,
      2.758957862854004,
      3.053101062774658,
      4.213999271392822,
      4.434199333190918,
      7.283860683441162,
      7.357664585113525
    ],
    [
      25.63420295715332,
      32.051483154296875,
      7.8158721923828125,
      9.58946418762207,
      0.432428240776062,
      1.1892170906066895,
      0.6277700662612915,
      1.203454852104187,
      0.5894341468811035,
      1.3857176303863525,
      1.2308074235916138,
      2.008511781692505,
      2.0697145462036133,
      2.5282015800476074,
      2.810981035232544,
      3.046933650970459,
      5.609858512878418,
      5.521997451782227
    ],
    [
      11.633583068847656,
      7.8158721923828125,
      19.889028549194336,
      15.082645416259766,
      7.638711929321289,
      7.500349998474121,
      6.619276523590088,
      6.633039474487305,
      3.9316296577453613,
      4.008082866668701,
      1.977526068687439,
      2.5924084186553955,
      2.3529319763183594,
      2.947716474533081,
      4.001232624053955,
      4.142360210418701,
      7.081577777862549,
      7.134876728057861
    ],
    [
      10.312036514282227,
      9.58946418762207,
      15.082645416259766,
      18.032651901245117,
      4.764269828796387,
      5.820220947265625,
      4.419806003570557,
      4.891077041625977,
      2.522778034210205,
      3.0454981327056885,
      1.6580904722213745,
      2.303281307220459,
      1.7549889087677002,
      2.42496395111084,
      3.039886474609375,
      3.236600637435913,
      5.759589672088623,
      5.755755424499512
    ],
    [
      0.8668985962867737,
      0.432428240776062,
      7.638711929321289,
      4.764269828796387,
      30.61920928955078,
      23.600025177001953,
      29.690664291381836,
      22.304946899414062,
      19.98291015625,
      15.591666221618652,
      7.464841365814209,
      5.807494640350342,
      2.8159167766571045,
      2.8333747386932373,
      2.2782793045043945,
      2.1124229431152344,
      4.162194728851318,
      3.8166770935058594
    ],
    [
      1.235330581665039,
      1.1892170906066895,
      7.500349998474121,
      5.820220947265625,
      23.600025177001953,
      24.939496994018555,
      23.320478439331055,
      18.503835678100586,
      15.632196426391602,
      12.708064079284668,
      5.826101779937744,
      4.768487453460693,
      2.302379846572876,
      2.4749672412872314,
      1.8741283416748047,
      1.8351476192474365,
      3.994314432144165,
      3.7547035217285156
    ],
    [
      1.1402003765106201,
      0.6277700662612915,
      6.619276523590088,
      4.419806003570557,
      29.690664291381836,
      23.320478439331055,
      56.16311264038086,
      39.9875602722168,
      34.17629623413086,
      26.34109115600586,
      10.9420166015625,
      8.328539848327637,
      3.3793857097625732,
      3.761331796646118,
      1.6494163274765015,
      1.6970441341400146,
      4.560382843017578,
      4.030816078186035
    ],
    [
      1.5569331645965576,
      1.203454852104187,
      6.633039474487305,
      4.891077041625977,
      22.304946899414062,
      18.503835678100586,
      39.9875602722168,
      33.81127166748047,
      25.14211654663086,
      20.52330207824707,
      8.548874855041504,
      7.22676944732666,
      3.661665916442871,
      4.252383232116699,
      2.7061567306518555,
      2.8894283771514893,
      5.539215564727783,
      5.217154502868652
    ],
    [
      0.7294926643371582,
      0.5894341468811035,
      3.9316296577453613,
      2.522778034210205,
      19.98291015625,
      15.632196426391602,
      34.17629623413086,
      25.14211654663086,
      41.64967727661133,
      31.9517879486084,
      15.225719451904297,
      11.926942825317383,
      7.656666278839111,
      7.148876190185547,
      3.4101240634918213,
      3.535284996032715,
      6.837662696838379,
      6.471667289733887
    ],
    [
      1.3429639339447021,
      1.3857176303863525,
      4.008082866668701,
      3.0454981327056885,
      15.591666221618652,
      12.708064079284668,
      26.34109115600586,
      20.52330207824707,
      31.9517879486084,
      27.585487365722656,
      12.322654724121094,
      10.443342208862305,
      7.1506805419921875,
      7.1911211013793945,
      3.937983274459839,
      4.3519606590271,
      7.460325241088867,
      7.337831497192383
    ],
    [
      1.3387466669082642,
      1.2308074235916138,
      1.977526068687439,
      1.6580904722213745,
      7.464841365814209,
      5.826101779937744,
      10.9420166015625,
      8.548874855041504,
      15.225719451904297,
      12.322654724121094,
      13.943696022033691,
      11.381204605102539,
      10.172677993774414,
      9.233474731445312,
      7.609440803527832,
      7.354294776916504,
      8.543695449829102,
      8.38949203491211
    ],
    [
      1.9803651571273804,
      2.008511781692505,
      2.5924084186553955,
      2.303281307220459,
      5.807494640350342,
      4.768487453460693,
      8.328539848327637,
      7.22676944732666,
      11.926942825317383,
      10.443342208862305,
      11.381204605102539,
      11.224810600280762,
      9.858877182006836,
      9.75455379486084,
      8.082184791564941,
      8.301738739013672,
      9.783904075622559,
      9.93218994140625
    ],
    [
      2.758957862854004,
      2.0697145462036133,
      2.3529319763183594,
      1.7549889087677002,
      2.8159167766571045,
      2.302379846572876,
      3.3793857097625732,
      3.661665916442871,
      7.656666278839111,
      7.1506805419921875,
      10.172677993774414,
      9.858877182006836,
      16.22845458984375,
      15.043268203735352,
      15.969209671020508,
      15.681671142578125,
      19.84625244140625,
      19.780988693237305
    ],
    [
      3.053101062774658,
      2.5282015800476074,
      2.947716474533081,
      2.42496395111084,
      2.8333747386932373,
      2.4749672412872314,
      3.761331796646118,
      4.252383232116699,
      7.148876190185547,
      7.1911211013793945,
      9.233474731445312,
      9.75455379486084,
      15.043268203735352,
      15.957999229431152,
      15.6867094039917,
      16.471311569213867,
      20.64066505432129,
      21.18756866455078
    ],
    [
      4.213999271392822,
      2.810981035232544,
      4.001232624053955,
      3.039886474609375,
      2.2782793045043945,
      1.8741283416748047,
      1.6494163274765015,
      2.7061567306518555,
      3.4101240634918213,
      3.937983274459839,
      7.609440803527832,
      8.082184791564941,
      15.969209671020508,
      15.6867094039917,
      24.072532653808594,
      23.23489761352539,
      30.024473190307617,
      29.786048889160156
    ],
    [
      4.434199333190918,
      3.046933650970459,
      4.142360210418701,
      3.236600637435913,
      2.1124229431152344,
      1.8351476192474365,
      1.6970441341400146,
      2.8894283771514893,
      3.535284996032715,
      4.3519606590271,
      7.354294776916504,
      8.301738739013672,
      15.681671142578125,
      16.471311569213867,
      23.23489761352539,
      24.378602981567383,
      30.194517135620117,
      31.25326919555664
    ],
    [
      7.283860683441162,
      5.609858512878418,
      7.081577777862549,
      5.759589672088623,
      4.162194728851318,
      3.994314432144165,
      4.560382843017578,
      5.539215564727783,
      6.837662696838379,
      7.460325241088867,
      8.543695449829102,
      9.783904075622559,
      19.84625244140625,
      20.64066505432129,
      30.024473190307617,
      30.194517135620117,
      49.03742599487305,
      48.443851470947266
    ],
    [
      7.357664585113525,
      5.521997451782227,
      7.134876728057861,
      5.755755424499512,
      3.8166770935058594,
      3.7547035217285156,
      4.030816078186035,
      5.217154502868652,
      6.471667289733887,
      7.337831497192383,
      8.38949203491211,
      9.93218994140625,
      19.780988693237305,
      21.18756866455078,
      29.786048889160156,
      31.25326919555664,
      48.443851470947266,
      49.928890228271484
    ]
  ],
  "damage": -7.552562236785889,
  "diff_bandwidth": 891.2824096679688,
  "dissonance": 9.668684613042268,
  "drr": 3.2052369117736816,
  "dynamics": 2.4963319301605225,
  "format": 1245190,
  "frames": 24549312,
  "loudness": -11.572122573852539,
  "loudness_range": 5.869251251220703,
  "loudness_range_short": 8.840142250061035,
  "lowpass_true_peak_15khz": 0.17180532217025757,
  "mastering3_acoustic_entropies": [
    {
      "acoustic_entropy": 7.839866638183594,
      "acoustic_entropy_mono": 7.914994716644287,
      "band_eliminated_acoustic_entropies": [
        {
          "acoustic_entropy": 7.845180511474609,
          "acoustic_entropy_side": 7.8340559005737305,
          "hz": 129.47220167065723
        },
        {
          "acoustic_entropy": 7.902317047119141,
          "acoustic_entropy_side": 8.169119834899902,
          "hz": 202.92927478742237
        },
        {
          "acoustic_entropy": 8.053098678588867,
          "acoustic_entropy_side": 7.9083757400512695,
          "hz": 282.89161906338205
        },
        {
          "acoustic_entropy": 7.951601505279541,
          "acoustic_entropy_side": 7.857550144195557,
          "hz": 369.9353335868758
        },
        {
          "acoustic_entropy": 8.13015365600586,
          "acoustic_entropy_side": 7.860506534576416,
          "hz": 464.6875360973435
        },
        {
          "acoustic_entropy": 8.006965637207031,
          "acoustic_entropy_side": 7.86702823638916,
          "hz": 567.8308811364784
        },
        {
          "acoustic_entropy": 8.289141654968262,
          "acoustic_entropy_side": 7.602982044219971,
          "hz": 680.1084783214808
        },
        {
          "acoustic_entropy": 6.996982574462891,
          "acoustic_entropy_side": 7.947538375854492,
          "hz": 802.3292461747484
        },
        {
          "acoustic_entropy": 7.550384044647217,
          "acoustic_entropy_side": 7.72401237487793,
          "hz": 935.3737400823702
        },
        {
          "acoustic_entropy": 8.724177360534668,
          "acoustic_entropy_side": 8.308955192565918,
          "hz": 1080.2004963696966
        },
        {
          "acoustic_entropy": 8.927968978881836,
          "acoustic_entropy_side": 7.862893581390381,
          "hz": 1237.8529382007157
        },
        {
          "acoustic_entropy": 8.250823020935059,
          "acoustic_entropy_side": 8.015578269958496,
          "hz": 1409.4668930556702
        },
        {
          "acoustic_entropy": 8.21246337890625,
          "acoustic_entropy_side": 8.099752426147461,
          "hz": 1596.2787759475705
        },
        {
          "acoustic_entropy": 8.182977676391602,
          "acoustic_entropy_side": 7.782308578491211,
          "hz": 1799.6344973346393
        },
        {
          "acoustic_entropy": 8.731439590454102,
          "acoustic_entropy_side": 8.119673728942871,
          "hz": 2020.9991599069049
        },
        {
          "acoustic_entropy": 8.254886627197266,
          "acoustic_entropy_side": 7.753604412078857,
          "hz": 2261.9676141086993
        },
        {
          "acoustic_entropy": 8.499975204467773,
          "acoustic_entropy_side": 8.107743263244629,
          "hz": 2524.2759484456974
        },
        {
          "acoustic_entropy": 8.186514854431152,
          "acoustic_entropy_side": 7.94486665725708,
          "hz": 2809.813997359896
        },
        {
          "acoustic_entropy": 8.14262580871582,
          "acoustic_entropy_side": 7.811633586883545,
          "hz": 3120.6389567871424
        },
        {
          "acoustic_entropy": 8.083659172058105,
          "acoustic_entropy_side": 7.829648971557617,
          "hz": 3458.990205492291
        },
        {
          "acoustic_entropy": 7.767472743988037,
          "acoustic_entropy_side": 7.838357925415039,
          "hz": 3827.305438964164
        },
        {
          "acoustic_entropy": 7.873132228851318,
          "acoustic_entropy_side": 7.849810600280762,
          "hz": 4228.238232109126
        },
        {
          "acoustic_entropy": 7.852834701538086,
          "acoustic_entropy_side": 7.821002960205078,
          "hz": 4664.6771572759235
        },
        {
          "acoustic_entropy": 7.854004383087158,
          "acoustic_entropy_side": 7.830848217010498,
          "hz": 5139.766595350093
        },
        {
          "acoustic_entropy": 7.8359293937683105,
          "acoustic_entropy_side": 7.831525802612305,
          "hz": 5656.929389854203
        },
        {
          "acoustic_entropy": 7.810730457305908,
          "acoustic_entropy_side": 7.82517671585083,
          "hz": 6219.891507268283
        },
        {
          "acoustic_entropy": 7.797162055969238,
          "acoustic_entropy_side": 7.82964563369751,
          "hz": 6832.70888123896
        },
        {
          "acoustic_entropy": 7.784800052642822,
          "acoustic_entropy_side": 7.82816743850708,
          "hz": 7499.796634079867
        },
        {
          "acoustic_entropy": 7.795673370361328,
          "acoustic_entropy_side": 7.833113193511963,
          "hz": 8225.96088609342
        },
        {
          "acoustic_entropy": 7.809249401092529,
          "acoustic_entropy_side": 7.8396830558776855,
          "hz": 9016.43338188839
        },
        {
          "acoustic_entropy": 7.833573818206787,
          "acoustic_entropy_side": 7.847749710083008,
          "hz": 9876.909183162974
        },
        {
          "acoustic_entropy": 7.8309855461120605,
          "acoustic_entropy_side": 7.846417427062988,
          "hz": 10813.587699516042
        },
        {
          "acoustic_entropy": 7.833058834075928,
          "acoustic_entropy_side": 7.838726043701172,
          "hz": 11833.21735289826
        },
        {
          "acoustic_entropy": 7.839882850646973,
          "acoustic_entropy_side": 7.841002464294434,
          "hz": 12943.144197493959
        },
        {
          "acoustic_entropy": 7.843959808349609,
          "acoustic_entropy_side": 7.842877388000488,
          "hz": 14151.364845322005
        },
        {
          "acoustic_entropy": 7.844818592071533,
          "acoustic_entropy_side": 7.843025207519531,
          "hz": 15466.58407886509
        },
        {
          "acoustic_entropy": 7.8408989906311035,
          "acoustic_entropy_side": 7.8406243324279785,
          "hz": 16898.27756580493
        },
        {
          "acoustic_entropy": 7.84002161026001,
          "acoustic_entropy_side": 7.839969635009766,
          "hz": 18456.760127700032
        },
        {
          "acoustic_entropy": 7.839863300323486,
          "acoustic_entropy_side": 7.83986759185791,
          "hz": 20153.260054456492
        },
        {
          "acoustic_entropy": 7.8398661613464355,
          "acoustic_entropy_side": 7.839867115020752,
          "hz": 22000.00000000001
        }
      ],
      "diff_acoustic_entropy": 8.787860870361328,
      "sn": 6
    },
    {
      "acoustic_entropy": 11.046430587768555,
      "acoustic_entropy_mono": 11.670127868652344,
      "band_eliminated_acoustic_entropies": [
        {
          "acoustic_entropy": 11.225417137145996,
          "acoustic_entropy_side": 11.120076179504395,
          "hz": 129.47220167065723
        },
        {
          "acoustic_entropy": 11.851652145385742,
          "acoustic_entropy_side": 11.593731880187988,
          "hz": 202.92927478742237
        },
        {
          "acoustic_entropy": 11.837193489074707,
          "acoustic_entropy_side": 11.790751457214355,
          "hz": 282.89161906338205
        },
        {
          "acoustic_entropy": 11.123823165893555,
          "acoustic_entropy_side": 11.16135025024414,
          "hz": 369.9353335868758
        },
        {
          "acoustic_entropy": 11.067962646484375,
          "acoustic_entropy_side": 11.287734031677246,
          "hz": 464.6875360973435
        },
        {
          "acoustic_entropy": 10.939230918884277,
          "acoustic_entropy_side": 10.869612693786621,
          "hz": 567.8308811364784
        },
        {
          "acoustic_entropy": 11.482475280761719,
          "acoustic_entropy_side": 10.49674129486084,
          "hz": 680.1084783214808
        },
        {
          "acoustic_entropy": 10.671568870544434,
          "acoustic_entropy_side": 11.275236129760742,
          "hz": 802.3292461747484
        },
        {
          "acoustic_entropy": 11.064726829528809,
          "acoustic_entropy_side": 10.315817832946777,
          "hz": 935.3737400823702
        },
        {
          "acoustic_entropy": 12.204187393188477,
          "acoustic_entropy_side": 11.27154541015625,
          "hz": 1080.2004963696966
        },
        {
          "acoustic_entropy": 11.863401412963867,
          "acoustic_entropy_side": 11.192865371704102,
          "hz": 1237.8529382007157
        },
        {
          "acoustic_entropy": 11.003917694091797,
          "acoustic_entropy_side": 11.571822166442871,
          "hz": 1409.4668930556702
        },
        {
          "acoustic_entropy": 11.36023235321045,
          "acoustic_entropy_side": 11.52185344696045,
          "hz": 1596.2787759475705
        },
        {
          "acoustic_entropy": 11.13161849975586,
          "acoustic_entropy_side": 11.163516998291016,
          "hz": 1799.6344973346393
        },
        {
          "acoustic_entropy": 11.592844009399414,
          "acoustic_entropy_side": 11.533007621765137,
          "hz": 2020.9991599069049
        },
        {
          "acoustic_entropy": 11.231046676635742,
          "acoustic_entropy_side": 11.098711013793945,
          "hz": 2261.9676141086993
        },
        {
          "acoustic_entropy": 11.482004165649414,
          "acoustic_entropy_side": 11.072915077209473,
          "hz": 2524.2759484456974
        },
        {
          "acoustic_entropy": 11.537019729614258,
          "acoustic_entropy_side": 11.126265525817871,
          "hz": 2809.813997359896
        },
        {
          "acoustic_entropy": 11.437997817993164,
          "acoustic_entropy_side": 11.318870544433594,
          "hz": 3120.6389567871424
        },
        {
          "acoustic_entropy": 11.285355567932129,
          "acoustic_entropy_side": 11.112104415893555,
          "hz": 3458.990205492291
        },
        {
          "acoustic_entropy": 10.620563507080078,
          "acoustic_entropy_side": 10.980059623718262,
          "hz": 3827.305438964164
        },
        {
          "acoustic_entropy": 11.071721076965332,
          "acoustic_entropy_side": 11.119081497192383,
          "hz": 4228.238232109126
        },
        {
          "acoustic_entropy": 11.078651428222656,
          "acoustic_entropy_side": 11.004688262939453,
          "hz": 4664.6771572759235
        },
        {
          "acoustic_entropy": 11.193788528442383,
          "acoustic_entropy_side": 11.083858489990234,
          "hz": 5139.766595350093
        },
        {
          "acoustic_entropy": 10.992382049560547,
          "acoustic_entropy_side": 10.943812370300293,
          "hz": 5656.929389854203
        },
        {
          "acoustic_entropy": 10.899321556091309,
          "acoustic_entropy_side": 10.889613151550293,
          "hz": 6219.891507268283
        },
        {
          "acoustic_entropy": 11.020709037780762,
          "acoustic_entropy_side": 11.038492202758789,
          "hz": 6832.70888123896
        },
        {
          "acoustic_entropy": 10.926542282104492,
          "acoustic_entropy_side": 11.038978576660156,
          "hz": 7499.796634079867
        },
        {
          "acoustic_entropy": 10.967657089233398,
          "acoustic_entropy_side": 11.02795696258545,
          "hz": 8225.96088609342
        },
        {
          "acoustic_entropy": 10.90037727355957,
          "acoustic_entropy_side": 11.026261329650879,
          "hz": 9016.43338188839
        },
        {
          "acoustic_entropy": 10.873883247375488,
          "acoustic_entropy_side": 10.935872077941895,
          "hz": 9876.909183162974
        },
        {
          "acoustic_entropy": 10.92613410949707,
          "acoustic_entropy_side": 11.023285865783691,
          "hz": 10813.587699516042
        },
        {
          "acoustic_entropy": 10.948684692382812,
          "acoustic_entropy_side": 10.954375267028809,
          "hz": 11833.21735289826
        },
        {
          "acoustic_entropy": 10.936843872070312,
          "acoustic_entropy_side": 10.970484733581543,
          "hz": 12943.144197493959
        },
        {
          "acoustic_entropy": 10.901676177978516,
          "acoustic_entropy_side": 10.951886177062988,
          "hz": 14151.364845322005
        },
        {
          "acoustic_entropy": 10.881808280944824,
          "acoustic_entropy_side": 10.942831993103027,
          "hz": 15466.58407886509
        },
        {
          "acoustic_entropy": 10.932965278625488,
          "acoustic_entropy_side": 10.987603187561035,
          "hz": 16898.27756580493
        },
        {
          "acoustic_entropy": 11.027907371520996,
          "acoustic_entropy_side": 11.03711986541748,
          "hz": 18456.760127700032
        },
        {
          "acoustic_entropy": 11.045100212097168,
          "acoustic_entropy_side": 11.04576301574707,
          "hz": 20153.260054456492
        },
        {
          "acoustic_entropy": 11.046365737915039,
          "acoustic_entropy_side": 11.046398162841797,
          "hz": 22000.00000000001
        }
      ],
      "diff_acoustic_entropy": 12.981693267822266,
      "sn": 12
    },
    {
      "acoustic_entropy": 15.059615135192871,
      "acoustic_entropy_mono": 14.026809692382812,
      "band_eliminated_acoustic_entropies": [
        {
          "acoustic_entropy": 14.522109985351562,
          "acoustic_entropy_side": 14.943517684936523,
          "hz": 129.47220167065723
        },
        {
          "acoustic_entropy": 15.070094108581543,
          "acoustic_entropy_side": 15.211441040039062,
          "hz": 202.92927478742237
        },
        {
          "acoustic_entropy": 14.887210845947266,
          "acoustic_entropy_side": 14.233743667602539,
          "hz": 282.89161906338205
        },
        {
          "acoustic_entropy": 15.690044403076172,
          "acoustic_entropy_side": 15.34181022644043,
          "hz": 369.9353335868758
        },
        {
          "acoustic_entropy": 14.871330261230469,
          "acoustic_entropy_side": 15.093939781188965,
          "hz": 464.6875360973435
        },
        {
          "acoustic_entropy": 14.888611793518066,
          "acoustic_entropy_side": 15.100128173828125,
          "hz": 567.8308811364784
        },
        {
          "acoustic_entropy": 14.096546173095703,
          "acoustic_entropy_side": 14.724961280822754,
          "hz": 680.1084783214808
        },
        {
          "acoustic_entropy": 14.608912467956543,
          "acoustic_entropy_side": 14.718448638916016,
          "hz": 802.3292461747484
        },
        {
          "acoustic_entropy": 15.013350486755371,
          "acoustic_entropy_side": 15.018352508544922,
          "hz": 935.3737400823702
        },
        {
          "acoustic_entropy": 14.920207023620605,
          "acoustic_entropy_side": 15.262382507324219,
          "hz": 1080.2004963696966
        },
        {
          "acoustic_entropy": 15.440740585327148,
          "acoustic_entropy_side": 16.02395248413086,
          "hz": 1237.8529382007157
        },
        {
          "acoustic_entropy": 14.675263404846191,
          "acoustic_entropy_side": 16.003684997558594,
          "hz": 1409.4668930556702
        },
        {
          "acoustic_entropy": 15.144332885742188,
          "acoustic_entropy_side": 16.0843448638916,
          "hz": 1596.2787759475705
        },
        {
          "acoustic_entropy": 15.11395263671875,
          "acoustic_entropy_side": 14.991929054260254,
          "hz": 1799.6344973346393
        },
        {
          "acoustic_entropy": 15.374837875366211,
          "acoustic_entropy_side": 15.515583038330078,
          "hz": 2020.9991599069049
        },
        {
          "acoustic_entropy": 14.906977653503418,
          "acoustic_entropy_side": 15.172301292419434,
          "hz": 2261.9676141086993
        },
        {
          "acoustic_entropy": 15.266233444213867,
          "acoustic_entropy_side": 15.391924858093262,
          "hz": 2524.2759484456974
        },
        {
          "acoustic_entropy": 14.899336814880371,
          "acoustic_entropy_side": 15.015478134155273,
          "hz": 2809.813997359896
        },
        {
          "acoustic_entropy": 15.161008834838867,
