{
  "acoustic_entropy": 196.68780517578125,
  "bands": [
    {
      "high_freq": 148.1999969482422,
      "loudness": -44.94805145263672,
      "loudness_range": 37.99220657348633,
      "mid_mean": -43.062721252441406,
      "mid_to_side_loudness": -3.3770999908447266,
      "mid_to_side_loudness_range": 9.261780738830566,
      "side_mean": -46.29606628417969
    },
    {
      "high_freq": 392.3793640136719,
      "loudness": -30.232118606567383,
      "loudness_range": 19.420040130615234,
      "low_freq": 148.1999969482422,
      "mid_mean": -29.29334831237793,
      "mid_to_side_loudness": -1.223335862159729,
      "mid_to_side_loudness_range": 8.695158958435059,
      "side_mean": -30.55415916442871
    },
    {
      "high_freq": 794.6976318359375,
      "loudness": -31.397075653076172,
      "loudness_range": 24.06181526184082,
      "low_freq": 392.3793640136719,
      "mid_mean": -30.13292694091797,
      "mid_to_side_loudness": -1.8610560894012451,
      "mid_to_side_loudness_range": 7.027175426483154,
      "side_mean": -31.958044052124023
    },
    {
      "high_freq": 1457.5709228515625,
      "loudness": -31.566852569580078,
      "loudness_range": 21.035938262939453,
      "low_freq": 794.6976318359375,
      "mid_mean": -30.604341506958008,
      "mid_to_side_loudness": -1.1344493627548218,
      "mid_to_side_loudness_range": 7.2381792068481445,
      "side_mean": -31.757701873779297
    },
    {
      "high_freq": 2549.74365234375,
      "loudness": -34.13206481933594,
      "loudness_range": 20.817575454711914,
      "low_freq": 1457.5709228515625,
      "mid_mean": -32.76974868774414,
      "mid_to_side_loudness": -2.11706805229187,
      "mid_to_side_loudness_range": 6.137902736663818,
      "side_mean": -34.96405792236328
    },
    {
      "high_freq": 4349.24462890625,
      "loudness": -42.41819763183594,
      "loudness_range": 25.172489166259766,
      "low_freq": 2549.74365234375,
      "mid_mean": -41.260658264160156,
      "mid_to_side_loudness": -1.5044413805007935,
      "mid_to_side_loudness_range": 5.193057537078857,
      "side_mean": -42.71489334106445
    },
    {
      "high_freq": 7314.1640625,
      "loudness": -53.13857650756836,
      "loudness_range": 29.770591735839844,
      "low_freq": 4349.24462890625,
      "mid_mean": -52.90803146362305,
      "mid_to_side_loudness": -2.0319080352783203,
      "mid_to_side_loudness_range": 4.875783443450928,
      "side_mean": -54.635189056396484
    },
    {
      "high_freq": 12199.2666015625,
      "loudness": -63.55070114135742,
      "loudness_range": 27.632503509521484,
      "low_freq": 7314.1640625,
      "mid_mean": -61.218318939208984,
      "mid_to_side_loudness": -2.1671717166900635,
      "mid_to_side_loudness_range": 4.2966485023498535,
      "side_mean": -62.555946350097656
    },
    {
      "loudness": -73.43889617919922,
      "loudness_range": 19.733684539794922,
      "low_freq": 12199.2666015625,
      "mid_mean": -66.9963607788086,
      "mid_to_side_loudness": -2.6642003059387207,
      "mid_to_side_loudness_range": 4.1696553230285645,
      "side_mean": -67.63743591308594
    }
  ],
  "bands_short": [
    {
      "high_freq": 148.1999969482422,
      "loudness": -47.91911697387695,
      "loudness_range": 34.98155975341797,
      "mid_mean": -46.235107421875,
      "mid_to_side_loudness": -3.7429633140563965,
      "mid_to_side_loudness_range": 14.721527099609375,
      "side_mean": -50.3333740234375
    },
    {
      "high_freq": 392.3793640136719,
      "loudness": -30.99053382873535,
      "loudness_range": 22.200319290161133,
      "low_freq": 148.1999969482422,
      "mid_mean": -30.200551986694336,
      "mid_to_side_loudness": -1.3237791061401367,
      "mid_to_side_loudness_range": 12.306941032409668,
      "side_mean": -31.669315338134766
    },
    {
      "high_freq": 794.6976318359375,
      "loudness": -31.46953773498535,
      "loudness_range": 24.207515716552734,
      "low_freq": 392.3793640136719,
      "mid_mean": -30.33683204650879,
      "mid_to_side_loudness": -1.7810382843017578,
      "mid_to_side_loudness_range": 10.816522598266602,
      "side_mean": -32.246952056884766
    },
    {
      "high_freq": 1457.5709228515625,
      "loudness": -31.799161911010742,
      "loudness_range": 21.512624740600586,
      "low_freq": 794.6976318359375,
      "mid_mean": -30.906932830810547,
      "mid_to_side_loudness": -1.1635684967041016,
      "mid_to_side_loudness_range": 10.241365432739258,
      "side_mean": -32.23933792114258
    },
    {
      "high_freq": 2549.74365234375,
      "loudness": -34.77981185913086,
      "loudness_range": 21.778438568115234,
      "low_freq": 1457.5709228515625,
      "mid_mean": -33.57365417480469,
      "mid_to_side_loudness": -2.0074589252471924,
      "mid_to_side_loudness_range": 9.922544479370117,
      "side_mean": -35.81022262573242
    },
    {
      "high_freq": 4349.24462890625,
      "loudness": -42.7986946105957,
      "loudness_range": 26.469255447387695,
      "low_freq": 2549.74365234375,
      "mid_mean": -41.86159896850586,
      "mid_to_side_loudness": -1.344520092010498,
      "mid_to_side_loudness_range": 7.7719831466674805,
      "side_mean": -43.257503509521484
    },
    {
      "high_freq": 7314.1640625,
      "loudness": -53.79035186767578,
      "loudness_range": 30.909626007080078,
      "low_freq": 4349.24462890625,
      "mid_mean": -53.60954666137695,
      "mid_to_side_loudness": -1.8862777948379517,
      "mid_to_side_loudness_range": 7.266190052032471,
      "side_mean": -55.204227447509766
    },
    {
      "high_freq": 12199.2666015625,
      "loudness": -63.79045486450195,
      "loudness_range": 28.209274291992188,
      "low_freq": 7314.1640625,
      "mid_mean": -61.60317611694336,
      "mid_to_side_loudness": -2.1199822425842285,
      "mid_to_side_loudness_range": 5.880940914154053,
      "side_mean": -62.877220153808594
    },
    {
      "loudness": -73.8947982788086,
      "loudness_range": 19.83602523803711,
      "low_freq": 12199.2666015625,
      "mid_mean": -67.09764099121094,
      "mid_to_side_loudness": -2.728198528289795,
      "mid_to_side_loudness_range": 4.7870402336120605,
      "side_mean": -67.73440551757812
    }
  ],
  "bandwidth": 634.8994750976562,
  "channels": 2,
  "covariance": [
    [
      172.19557189941406,
      171.6333770751953,
      60.414100646972656,
      61.61056137084961,
      58.24143981933594,
      60.04206085205078,
      27.394405364990234,
      19.97979736328125,
      -4.321513652801514,
      1.2800980806350708,
      20.005388259887695,
      20.805606842041016,
      29.86411476135254,
      28.862884521484375,
      18.73672866821289,
      17.51776885986328,
      8.092073440551758,
      6.866954803466797
    ],
    [
      171.6333770751953,
      180.68423461914062,
      60.022560119628906,
      61.34585952758789,
      59.132083892822266,
      60.61994934082031,
      27.536231994628906,
      19.73317527770996,
      -5.560647487640381,
      -0.026160983368754387,
      19.888885498046875,
      20.981521606445312,
      28.865642547607422,
      27.813175201416016,
      17.67290687561035,
      16.535322189331055,
      7.790755748748779,
      6.510098457336426
    ],
    [
      60.414100646972656,
      60.022560119628906,
      52.09479522705078,
      48.67024612426758,
      44.127197265625,
      46.024940490722656,
      28.03549575805664,
      22.835844039916992,
      20.027956008911133,
      21.229780197143555,
      30.58934783935547,
      31.748685836791992,
      38.76957321166992,
      37.84083938598633,
      25.838468551635742,
      24.806867599487305,
      11.655977249145508,
      10.919644355773926
    ],
    [
      61.61056137084961,
      61.34585952758789,
      48.67024612426758,
      57.52269744873047,
      43.280391693115234,
      47.53361511230469,
      27.92298698425293,
      23.7368221282959,
      17.160367965698242,
      21.230728149414062,
      32.26625061035156,
      32.36912155151367,
      37.49705505371094,
      37.47067642211914,
      26.78713035583496,
      26.01158332824707,
      12.60443115234375,
      11.994864463806152
    ],
    [
      58.24143981933594,
      59.132083892822266,
      44.127197265625,
      43.280391693115234,
      62.91718673706055,
      60.23273468017578,
      36.2177734375,
      32.83526611328125,
      15.74661636352539,
      16.214580535888672,
      35.195831298828125,
      35.87797164916992,
      39.47640609741211,
      40.69685745239258,
      25.154146194458008,
      24.949264526367188,
      11.427680969238281,
      11.197341918945312
    ],
    [
      60.04206085205078,
      60.61994934082031,
      46.024940490722656,
      47.53361511230469,
      60.23273468017578,
      64.96868133544922,
      37.38663101196289,
      32.98418426513672,
      17.78179168701172,
      19.311368942260742,
      38.06576156616211,
      38.78925704956055,
      41.13101577758789,
      42.59414291381836,
      27.41687774658203,
      27.381996154785156,
      12.633282661437988,
      12.400238990783691
    ],
    [
      27.394405364990234,
      27.536231994628906,
      28.03549575805664,
      27.92298698425293,
      36.2177734375,
      37.38663101196289,
      52.497310638427734,
      46.2269401550293,
      18.43001365661621,
      19.128063201904297,
      41.23412322998047,
      39.0347785949707,
      35.65781784057617,
      35.244808197021484,
      27.965927124023438,
      24.683456420898438,
      11.718276977539062,
      10.252578735351562
    ],
    [
      19.97979736328125,
      19.73317527770996,
      22.835844039916992,
      23.7368221282959,
      32.83526611328125,
      32.98418426513672,
      46.2269401550293,
      46.8308219909668,
      14.635395050048828,
      15.682077407836914,
      39.92397689819336,
      37.58358383178711,
      33.02553939819336,
      34.073097229003906,
      27.05974578857422,
      24.099437713623047,
      11.437745094299316,
      10.183423042297363
    ],
    [
      -4.321513652801514,
      -5.560647487640381,
      20.027956008911133,
      17.160367965698242,
      15.74661636352539,
      17.78179168701172,
      18.43001365661621,
      14.635395050048828,
      53.528011322021484,
      48.72917556762695,
      37.38106155395508,
      39.52573013305664,
      49.63187789916992,
      46.47623062133789,
      34.533790588378906,
      32.8408203125,
      12.675870895385742,
      11.789112091064453
    ],
    [
      1.2800980806350708,
      -0.026160983368754387,
      21.229780197143555,
      21.230728149414062,
      16.214580535888672,
      19.311368942260742,
      19.128063201904297,
      15.682077407836914,
      48.72917556762695,
      52.720703125,
      38.679954528808594,
      40.16536331176758,
      49.291160583496094,
      47.402103424072266,
      36.23884582519531,
      34.80501174926758,
      13.949214935302734,
      13.031071662902832
    ],
    [
      20.005388259887695,
      19.888885498046875,
      30.58934783935547,
      32.26625061035156,
      35.195831298828125,
      38.06576156616211,
      41.23412322998047,
      39.92397689819336,
      37.38106155395508,
      38.679954528808594,
      67.48798370361328,
      66.0716781616211,
      65.23725891113281,
      66.57403564453125,
      51.11029052734375,
      48.287052154541016,
      22.042007446289062,
      20.782894134521484
    ],
    [
      20.805606842041016,
      20.981521606445312,
      31.748685836791992,
      32.36912155151367,
      35.87797164916992,
      38.78925704956055,
      39.0347785949707,
      37.58358383178711,
      39.52573013305664,
      40.16536331176758,
      66.0716781616211,
      68.80613708496094,
      68.59286499023438,
      69.61771392822266,
      52.877777099609375,
      50.797157287597656,
      22.86001205444336,
      21.795791625976562
    ],
    [
      29.86411476135254,
      28.865642547607422,
      38.76957321166992,
      37.49705505371094,
      39.47640609741211,
      41.13101577758789,
      35.65781784057617,
      33.02553939819336,
      49.63187789916992,
      49.291160583496094,
      65.23725891113281,
      68.59286499023438,
      98.42210388183594,
      95.23160552978516,
      67.68209075927734,
      64.90428161621094,
      28.07581901550293,
      26.625194549560547
    ],
    [
      28.862884521484375,
      27.813175201416016,
      37.84083938598633,
      37.47067642211914,
      40.69685745239258,
      42.59414291381836,
      35.244808197021484,
      34.073097229003906,
      46.47623062133789,
      47.402103424072266,
      66.57403564453125,
      69.61771392822266,
      95.23160552978516,
      95.19171142578125,
      67.2813720703125,
      65.1612319946289,
      28.546419143676758,
      27.37224006652832
    ],
    [
      18.73672866821289,
      17.67290687561035,
      25.838468551635742,
      26.78713035583496,
      25.154146194458008,
      27.41687774658203,
      27.965927124023438,
      27.05974578857422,
      34.533790588378906,
      36.23884582519531,
      51.11029052734375,
      52.877777099609375,
      67.68209075927734,
      67.2813720703125,
      55.644474029541016,
      53.25896072387695,
      24.800018310546875,
      23.59044075012207
    ],
    [
      17.51776885986328,
      16.535322189331055,
      24.806867599487305,
      26.01158332824707,
      24.949264526367188,
      27.381996154785156,
      24.683456420898438,
      24.099437713623047,
      32.8408203125,
      34.80501174926758,
      48.287052154541016,
      50.797157287597656,
      64.90428161621094,
      65.1612319946289,
      53.25896072387695,
      52.469234466552734,
      24.6453857421875,
      23.857173919677734
    ],
    [
      8.092073440551758,
      7.790755748748779,
      11.655977249145508,
      12.60443115234375,
      11.427680969238281,
      12.633282661437988,
      11.718276977539062,
      11.437745094299316,
      12.675870895385742,
      13.949214935302734,
      22.042007446289062,
      22.86001205444336,
      28.07581901550293,
      28.546419143676758,
      24.800018310546875,
      24.6453857421875,
      14.327546119689941,
      14.042945861816406
    ],
    [
      6.866954803466797,
      6.510098457336426,
      10.919644355773926,
      11.994864463806152,
      11.197341918945312,
      12.400238990783691,
      10.252578735351562,
      10.183423042297363,
      11.789112091064453,
      13.031071662902832,
      20.782894134521484,
      21.795791625976562,
      26.625194549560547,
      27.37224006652832,
      23.59044075012207,
      23.857173919677734,
      14.042945861816406,
      14.047802925109863
    ]
  ],
  "covariance_short": [
    [
      147.01864624023438,
      139.86521911621094,
      68.8318862915039,
      66.50003051757812,
      55.55183410644531,
      59.7100830078125,
      25.59429359436035,
      20.835750579833984,
      -0.0738920122385025,
      6.572028160095215,
      22.203636169433594,
      22.87391471862793,
      32.974971771240234,
      31.62128257751465,
      20.037988662719727,
      18.343843460083008,
      7.005827903747559,
      5.786433219909668
    ],
    [
      139.86521911621094,
      162.68621826171875,
      68.42710876464844,
      68.10612487792969,
      56.023895263671875,
      60.33972930908203,
      25.86849594116211,
      20.92893409729004,
      -0.7902474403381348,
      5.8417229652404785,
      22.80984878540039,
      23.539705276489258,
      41.00983428955078,
      38.82368850708008,
      24.247329711914062,
      21.945775985717773,
      8.968083381652832,
      7.512028694152832
    ],
    [
      68.8318862915039,
      68.42710876464844,
      69.58511352539062,
      59.152462005615234,
      48.75982666015625,
      52.26676559448242,
      31.14301109313965,
      27.70256996154785,
      23.888025283813477,
      26.65260887145996,
      35.186641693115234,
      36.59772491455078,
      44.92155075073242,
      43.16508483886719,
      29.65511131286621,
      28.078187942504883,
      11.919081687927246,
      10.938947677612305
    ],
    [
      66.50003051757812,
      68.10612487792969,
      59.152462005615234,
      71.62882232666016,
      47.18643569946289,
      53.34408950805664,
      31.286029815673828,
      29.9307918548584,
      19.94892120361328,
      25.353445053100586,
      36.07997512817383,
      36.73231887817383,
      43.031585693359375,
      42.49501037597656,
      30.267595291137695,
      29.112951278686523,
      12.670494079589844,
      11.828951835632324
    ],
    [
      55.55183410644531,
      56.023895263671875,
      48.75982666015625,
      47.18643569946289,
      70.89990997314453,
      65.30132293701172,
      37.28492736816406,
      37.04861068725586,
      18.11654281616211,
      20.268756866455078,
      38.70376968383789,
      39.848934173583984,
      44.29132843017578,
      44.98047637939453,
      27.28143882751465,
      26.790103912353516,
      11.236579895019531,
      10.989029884338379
    ],
    [
      59.7100830078125,
      60.33972930908203,
      52.26676559448242,
      53.34408950805664,
      65.30132293701172,
      76.78842163085938,
      38.21197509765625,
      37.90403747558594,
      20.91084098815918,
      23.990131378173828,
      42.47008514404297,
      43.946224212646484,
      47.527671813964844,
      48.56941604614258,
      30.05964469909668,
      29.915746688842773,
      12.723038673400879,
      12.58563232421875
    ],
    [
      25.59429359436035,
      25.86849594116211,
      31.14301109313965,
      31.286029815673828,
      37.28492736816406,
      38.21197509765625,
      57.568626403808594,
      49.030975341796875,
      21.510204315185547,
      22.649099349975586,
      44.81381607055664,
      42.9367790222168,
      40.475006103515625,
      39.052677154541016,
      30.039268493652344,
      26.53462791442871,
      11.51634407043457,
      9.918069839477539
    ],
    [
      20.835750579833984,
      20.92893409729004,
      27.70256996154785,
      29.9307918548584,
      37.04861068725586,
      37.90403747558594,
      49.030975341796875,
      55.783966064453125,
      18.115970611572266,
      20.38864517211914,
      44.18289566040039,
      42.294979095458984,
      39.56196212768555,
      39.69258499145508,
      29.889535903930664,
      26.823198318481445,
      11.561877250671387,
      10.231050491333008
    ],
    [
      -0.0738920122385025,
      -0.7902474403381348,
      23.888025283813477,
      19.94892120361328,
      18.11654281616211,
      20.91084098815918,
      21.510204315185547,
      18.115970611572266,
      60.46599578857422,
      51.38597869873047,
      41.23033142089844,
      43.2640495300293,
      53.14802169799805,
      49.3864860534668,
      37.03697204589844,
      34.598907470703125,
      13.351018905639648,
      12.254311561584473
    ],
    [
      6.572028160095215,
      5.8417229652404785,
      26.65260887145996,
      25.353445053100586,
      20.268756866455078,
      23.990131378173828,
      22.649099349975586,
      20.38864517211914,
      51.38597869873047,
      59.14634323120117,
      42.9688835144043,
      44.64802551269531,
      52.777366638183594,
      51.29359817504883,
      38.419273376464844,
      36.834495544433594,
      14.638494491577148,
      13.599400520324707
    ],
    [
      22.203636169433594,
      22.80984878540039,
      35.186641693115234,
      36.07997512817383,
      38.70376968383789,
      42.47008514404297,
      44.81381607055664,
      44.18289566040039,
      41.23033142089844,
      42.9688835144043,
      77.80834197998047,
      73.29900360107422,
      72.85945129394531,
      73.44615173339844,
      55.181034088134766,
      51.853111267089844,
      22.486907958984375,
      20.96849250793457
    ],
    [
      22.87391471862793,
      23.539705276489258,
      36.59772491455078,
      36.73231887817383,
      39.848934173583984,
      43.946224212646484,
      42.9367790222168,
      42.294979095458984,
      43.2640495300293,
      44.64802551269531,
      73.29900360107422,
      78.60302734375,
      75.40505981445312,
      75.94282531738281,
      56.49972915649414,
      53.964752197265625,
      23.095233917236328,
      21.78251075744629
    ],
    [
      32.974971771240234,
      41.00983428955078,
      44.92155075073242,
      43.031585693359375,
      44.29132843017578,
      47.527671813964844,
      40.475006103515625,
      39.56196212768555,
      53.14802169799805,
      52.777366638183594,
      72.85945129394531,
      75.40505981445312,
      106.34272766113281,
      100.86719512939453,
      71.89494323730469,
      68.0696029663086,
      28.476472854614258,
      26.69843864440918
    ],
    [
      31.62128257751465,
      38.82368850708008,
      43.16508483886719,
      42.49501037597656,
      44.98047637939453,
      48.56941604614258,
      39.052677154541016,
      39.69258499145508,
      49.3864860534668,
      51.29359817504883,
      73.44615173339844,
      75.94282531738281,
      100.86719512939453,
      101.76956939697266,
      70.47372436523438,
      67.81212615966797,
      28.610031127929688,
      27.21367645263672
    ],
    [
      20.037988662719727,
      24.247329711914062,
      29.65511131286621,
      30.267595291137695,
      27.28143882751465,
      30.05964469909668,
      30.039268493652344,
      29.889535903930664,
      37.03697204589844,
      38.419273376464844,
      55.181034088134766,
      56.49972915649414,
      71.89494323730469,
      70.47372436523438,
      58.77914810180664,
      55.11538314819336,
      24.7668399810791,
      23.267370223999023
    ],
    [
      18.343843460083008,
      21.945775985717773,
      28.078187942504883,
      29.112951278686523,
      26.790103912353516,
      29.915746688842773,
      26.53462791442871,
      26.823198318481445,
      34.598907470703125,
      36.834495544433594,
      51.853111267089844,
      53.964752197265625,
      68.0696029663086,
      67.81212615966797,
      55.11538314819336,
      54.41169738769531,
      24.41433334350586,
      23.44154930114746
    ],
    [
      7.005827903747559,
      8.968083381652832,
      11.919081687927246,
      12.670494079589844,
      11.236579895019531,
      12.723038673400879,
      11.51634407043457,
      11.561877250671387,
      13.351018905639648,
      14.638494491577148,
      22.486907958984375,
      23.095233917236328,
      28.476472854614258,
      28.610031127929688,
      24.7668399810791,
      24.41433334350586,
      14.068203926086426,
      13.601424217224121
    ],
    [
      5.786433219909668,
      7.512028694152832,
      10.938947677612305,
      11.828951835632324,
      10.989029884338379,
      12.58563232421875,
      9.918069839477539,
      10.231050491333008,
      12.254311561584473,
      13.599400520324707,
      20.96849250793457,
      21.78251075744629,
      26.69843864440918,
      27.21367645263672,
      23.267370223999023,
      23.44154930114746,
      13.601424217224121,
      13.555001258850098
    ]
  ],
  "damage": -13.454214096069336,
  "diff_bandwidth": 632.3486328125,
  "dissonance": 7.05859099257569,
  "drr": -2.984428644180298,
  "dynamics": 5.152663707733154,
  "format": 1245190,
  "frames": 4159488,
  "loudness": -19.786285400390625,
  "loudness_range": 16.66563606262207,
  "loudness_range_short": 18.038959503173828,
  "lowpass_true_peak_15khz": 0.00440881447866559,
  "mastering3_acoustic_entropies": [
    {
      "acoustic_entropy": 8.616866111755371,
      "acoustic_entropy_mono": 7.7861175537109375,
      "band_eliminated_acoustic_entropies": [
        {
          "acoustic_entropy": 8.589581489562988,
          "acoustic_entropy_side": 8.608186721801758,
          "hz": 129.47220167065723
        },
        {
          "acoustic_entropy": 7.600629806518555,
          "acoustic_entropy_side": 8.364103317260742,
          "hz": 202.92927478742237
        },
        {
          "acoustic_entropy": 7.5426435470581055,
          "acoustic_entropy_side": 8.126022338867188,
          "hz": 282.89161906338205
        },
        {
          "acoustic_entropy": 8.1683931350708,
          "acoustic_entropy_side": 8.481325149536133,
          "hz": 369.9353335868758
        },
        {
          "acoustic_entropy": 8.43673038482666,
          "acoustic_entropy_side": 8.542160034179688,
          "hz": 464.6875360973435
        },
        {
          "acoustic_entropy": 8.460319519042969,
          "acoustic_entropy_side": 8.596625328063965,
          "hz": 567.8308811364784
        },
        {
          "acoustic_entropy": 8.742103576660156,
          "acoustic_entropy_side": 8.775989532470703,
          "hz": 680.1084783214808
        },
        {
          "acoustic_entropy": 7.805742263793945,
          "acoustic_entropy_side": 8.393107414245605,
          "hz": 802.3292461747484
        },
        {
          "acoustic_entropy": 8.537858963012695,
          "acoustic_entropy_side": 8.782702445983887,
          "hz": 935.3737400823702
        },
        {
          "acoustic_entropy": 8.583288192749023,
          "acoustic_entropy_side": 8.809723854064941,
          "hz": 1080.2004963696966
        },
        {
          "acoustic_entropy": 8.06202220916748,
          "acoustic_entropy_side": 8.6964693069458,
          "hz": 1237.8529382007157
        },
        {
          "acoustic_entropy": 7.861458778381348,
          "acoustic_entropy_side": 8.179770469665527,
          "hz": 1409.4668930556702
        },
        {
          "acoustic_entropy": 8.012053489685059,
          "acoustic_entropy_side": 8.191450119018555,
          "hz": 1596.2787759475705
        },
        {
          "acoustic_entropy": 8.068387985229492,
          "acoustic_entropy_side": 8.811646461486816,
          "hz": 1799.6344973346393
        },
        {
          "acoustic_entropy": 9.052096366882324,
          "acoustic_entropy_side": 8.889816284179688,
          "hz": 2020.9991599069049
        },
        {
          "acoustic_entropy": 6.920023441314697,
          "acoustic_entropy_side": 8.882914543151855,
          "hz": 2261.9676141086993
        },
        {
          "acoustic_entropy": 8.847054481506348,
          "acoustic_entropy_side": 8.736594200134277,
          "hz": 2524.2759484456974
        },
        {
          "acoustic_entropy": 8.562434196472168,
          "acoustic_entropy_side": 8.61435317993164,
          "hz": 2809.813997359896
        },
        {
          "acoustic_entropy": 8.545633316040039,
          "acoustic_entropy_side": 8.612300872802734,
          "hz": 3120.6389567871424
        },
        {
          "acoustic_entropy": 8.568278312683105,
          "acoustic_entropy_side": 8.62142276763916,
          "hz": 3458.990205492291
        },
        {
          "acoustic_entropy": 8.393288612365723,
          "acoustic_entropy_side": 8.53411865234375,
          "hz": 3827.305438964164
        },
        {
          "acoustic_entropy": 8.46200180053711,
          "acoustic_entropy_side": 8.5496826171875,
          "hz": 4228.238232109126
        },
        {
          "acoustic_entropy": 8.36997127532959,
          "acoustic_entropy_side": 8.50563907623291,
          "hz": 4664.6771572759235
        },
        {
          "acoustic_entropy": 8.459720611572266,
          "acoustic_entropy_side": 8.544829368591309,
          "hz": 5139.766595350093
        },
        {
          "acoustic_entropy": 8.486064910888672,
          "acoustic_entropy_side": 8.560358047485352,
          "hz": 5656.929389854203
        },
        {
          "acoustic_entropy": 8.467680931091309,
          "acoustic_entropy_side": 8.543682098388672,
          "hz": 6219.891507268283
        },
        {
          "acoustic_entropy": 8.40865707397461,
          "acoustic_entropy_side": 8.511007308959961,
          "hz": 6832.70888123896
        },
        {
          "acoustic_entropy": 8.508781433105469,
          "acoustic_entropy_side": 8.566535949707031,
          "hz": 7499.796634079867
        },
        {
          "acoustic_entropy": 8.471503257751465,
          "acoustic_entropy_side": 8.553050994873047,
          "hz": 8225.96088609342
        },
        {
          "acoustic_entropy": 8.463296890258789,
          "acoustic_entropy_side": 8.5498685836792,
          "hz": 9016.43338188839
        },
        {
          "acoustic_entropy": 8.51417064666748,
          "acoustic_entropy_side": 8.571938514709473,
          "hz": 9876.909183162974
        },
        {
          "acoustic_entropy": 8.562972068786621,
          "acoustic_entropy_side": 8.595333099365234,
          "hz": 10813.587699516042
        },
        {
          "acoustic_entropy": 8.588281631469727,
          "acoustic_entropy_side": 8.6054105758667,
          "hz": 11833.21735289826
        },
        {
          "acoustic_entropy": 8.609800338745117,
          "acoustic_entropy_side": 8.613758087158203,
          "hz": 12943.144197493959
        },
        {
          "acoustic_entropy": 8.614253044128418,
          "acoustic_entropy_side": 8.615657806396484,
          "hz": 14151.364845322005
        },
        {
          "acoustic_entropy": 8.616098403930664,
          "acoustic_entropy_side": 8.616523742675781,
          "hz": 15466.58407886509
        },
        {
          "acoustic_entropy": 8.616537094116211,
          "acoustic_entropy_side": 8.616729736328125,
          "hz": 16898.27756580493
        },
        {
          "acoustic_entropy": 8.61682415008545,
          "acoustic_entropy_side": 8.616844177246094,
          "hz": 18456.760127700032
        },
        {
          "acoustic_entropy": 8.616852760314941,
          "acoustic_entropy_side": 8.61685848236084,
          "hz": 20153.260054456492
        },
        {
          "acoustic_entropy": 8.616865158081055,
          "acoustic_entropy_side": 8.616865158081055,
          "hz": 22000.00000000001
        }
      ],
      "diff_acoustic_entropy": 2.3315982818603516,
      "sn": 6
    },
    {
      "acoustic_entropy": 12.837550163269043,
      "acoustic_entropy_mono": 11.878800392150879,
      "band_eliminated_acoustic_entropies": [
        {
          "acoustic_entropy": 12.823225975036621,
          "acoustic_entropy_side": 12.841144561767578,
          "hz": 129.47220167065723
        },
        {
          "acoustic_entropy": 11.439471244812012,
          "acoustic_entropy_side": 12.527763366699219,
          "hz": 202.92927478742237
        },
        {
          "acoustic_entropy": 13.032987594604492,
          "acoustic_entropy_side": 12.952025413513184,
          "hz": 282.89161906338205
        },
        {
          "acoustic_entropy": 13.052006721496582,
          "acoustic_entropy_side": 12.931638717651367,
          "hz": 369.9353335868758
        },
        {
          "acoustic_entropy": 12.879029273986816,
          "acoustic_entropy_side": 12.968345642089844,
          "hz": 464.6875360973435
        },
        {
          "acoustic_entropy": 12.816960334777832,
          "acoustic_entropy_side": 12.83459186553955,
          "hz": 567.8308811364784
        },
        {
          "acoustic_entropy": 13.116045951843262,
          "acoustic_entropy_side": 13.041343688964844,
          "hz": 680.1084783214808
        },
        {
          "acoustic_entropy": 12.451844215393066,
          "acoustic_entropy_side": 12.68775749206543,
          "hz": 802.3292461747484
        },
        {
          "acoustic_entropy": 12.309720993041992,
          "acoustic_entropy_side": 12.625279426574707,
          "hz": 935.3737400823702
        },
        {
          "acoustic_entropy": 12.427713394165039,
          "acoustic_entropy_side": 13.04709243774414,
          "hz": 1080.2004963696966
        },
        {
          "acoustic_entropy": 12.460397720336914,
          "acoustic_entropy_side": 12.900398254394531,
          "hz": 1237.8529382007157
        },
        {
          "acoustic_entropy": 12.471004486083984,
          "acoustic_entropy_side": 12.593765258789062,
          "hz": 1409.4668930556702
        },
        {
          "acoustic_entropy": 13.10734748840332,
          "acoustic_entropy_side": 12.726788520812988,
          "hz": 1596.2787759475705
        },
        {
          "acoustic_entropy": 12.40551471710205,
          "acoustic_entropy_side": 13.106439590454102,
          "hz": 1799.6344973346393
        },
        {
          "acoustic_entropy": 13.643031120300293,
          "acoustic_entropy_side": 13.276910781860352,
          "hz": 2020.9991599069049
        },
        {
          "acoustic_entropy": 12.061470985412598,
          "acoustic_entropy_side": 13.008827209472656,
          "hz": 2261.9676141086993
        },
        {
          "acoustic_entropy": 13.142094612121582,
          "acoustic_entropy_side": 13.067453384399414,
          "hz": 2524.2759484456974
        },
        {
          "acoustic_entropy": 12.8859281539917,
          "acoustic_entropy_side": 12.804204940795898,
          "hz": 2809.813997359896
        },
        {
          "acoustic_entropy": 12.807918548583984,
          "acoustic_entropy_side": 12.809791564941406,
          "hz": 3120.6389567871424
        },
        {
          "acoustic_entropy": 12.922422409057617,
          "acoustic_entropy_side": 12.89411735534668,
          "hz": 3458.990205492291
        },
        {
          "acoustic_entropy": 12.856186866760254,
          "acoustic_entropy_side": 12.844482421875,
          "hz": 3827.305438964164
        },
        {
          "acoustic_entropy": 12.877046585083008,
          "acoustic_entropy_side": 12.857865333557129,
          "hz": 4228.238232109126
        },
        {
          "acoustic_entropy": 12.916308403015137,
          "acoustic_entropy_side": 12.859854698181152,
          "hz": 4664.6771572759235
        },
        {
          "acoustic_entropy": 12.93796157836914,
          "acoustic_entropy_side": 12.884943008422852,
          "hz": 5139.766595350093
        },
        {
          "acoustic_entropy": 12.751715660095215,
          "acoustic_entropy_side": 12.794149398803711,
          "hz": 5656.929389854203
        },
        {
          "acoustic_entropy": 12.75404167175293,
          "acoustic_entropy_side": 12.789237976074219,
          "hz": 6219.891507268283
        },
        {
          "acoustic_entropy": 12.772849082946777,
          "acoustic_entropy_side": 12.783390045166016,
          "hz": 6832.70888123896
        },
        {
          "acoustic_entropy": 12.77768325805664,
          "acoustic_entropy_side": 12.807988166809082,
          "hz": 7499.796634079867
        },
        {
          "acoustic_entropy": 12.767952919006348,
          "acoustic_entropy_side": 12.808786392211914,
          "hz": 8225.96088609342
        },
        {
          "acoustic_entropy": 12.764994621276855,
          "acoustic_entropy_side": 12.797065734863281,
          "hz": 9016.43338188839
        },
        {
          "acoustic_entropy": 12.770428657531738,
          "acoustic_entropy_side": 12.808398246765137,
          "hz": 9876.909183162974
        },
        {
          "acoustic_entropy": 12.802017211914062,
          "acoustic_entropy_side": 12.82111644744873,
          "hz": 10813.587699516042
        },
        {
          "acoustic_entropy": 12.814593315124512,
          "acoustic_entropy_side": 12.8251314163208,
          "hz": 11833.21735289826
        },
        {
          "acoustic_entropy": 12.827199935913086,
          "acoustic_entropy_side": 12.832416534423828,
          "hz": 12943.144197493959
        },
        {
          "acoustic_entropy": 12.832033157348633,
          "acoustic_entropy_side": 12.834930419921875,
          "hz": 14151.364845322005
        },
        {
          "acoustic_entropy": 12.835540771484375,
          "acoustic_entropy_side": 12.836642265319824,
          "hz": 15466.58407886509
        },
        {
          "acoustic_entropy": 12.836272239685059,
          "acoustic_entropy_side": 12.836990356445312,
          "hz": 16898.27756580493
        },
        {
          "acoustic_entropy": 12.837200164794922,
          "acoustic_entropy_side": 12.837408065795898,
          "hz": 18456.760127700032
        },
        {
          "acoustic_entropy": 12.837526321411133,
          "acoustic_entropy_side": 12.83753776550293,
          "hz": 20153.260054456492
        },
        {
          "acoustic_entropy": 12.837553024291992,
          "acoustic_entropy_side": 12.837553024291992,
          "hz": 22000.00000000001
        }
      ],
      "diff_acoustic_entropy": 5.4381103515625,
      "sn": 12
    },
    {
      "acoustic_entropy": 20.17700958251953,
      "acoustic_entropy_mono": 17.89921760559082,
      "band_eliminated_acoustic_entropies": [
        {
          "acoustic_entropy": 20.036161422729492,
          "acoustic_entropy_side": 20.12391471862793,
          "hz": 129.47220167065723
        },
        {
          "acoustic_entropy": 19.184978485107422,
          "acoustic_entropy_side": 19.784278869628906,
          "hz": 202.92927478742237
        },
        {
          "acoustic_entropy": 20.726823806762695,
          "acoustic_entropy_side": 20.26119613647461,
          "hz": 282.89161906338205
        },
        {
          "acoustic_entropy": 20.197174072265625,
          "acoustic_entropy_side": 20.291349411010742,
          "hz": 369.9353335868758
        },
        {
          "acoustic_entropy": 20.12263298034668,
          "acoustic_entropy_side": 20.0738525390625,
          "hz": 464.6875360973435
        },
        {
          "acoustic_entropy": 19.519195556640625,
          "acoustic_entropy_side": 19.840322494506836,
          "hz": 567.8308811364784
        },
        {
          "acoustic_entropy": 20.483552932739258,
          "acoustic_entropy_side": 20.558673858642578,
          "hz": 680.1084783214808
        },
        {
          "acoustic_entropy": 19.694429397583008,
          "acoustic_entropy_side": 20.242534637451172,
          "hz": 802.3292461747484
        },
        {
          "acoustic_entropy": 20.10979461669922,
          "acoustic_entropy_side": 20.613239288330078,
          "hz": 935.3737400823702
        },
        {
          "acoustic_entropy": 20.894575119018555,
          "acoustic_entropy_side": 20.73077964782715,
          "hz": 1080.2004963696966
        },
        {
          "acoustic_entropy": 20.02027130126953,
          "acoustic_entropy_side": 20.81278419494629,
          "hz": 1237.8529382007157
        },
        {
          "acoustic_entropy": 19.310626983642578,
          "acoustic_entropy_side": 19.565093994140625,
          "hz": 1409.4668930556702
        },
        {
          "acoustic_entropy": 19.267065048217773,
          "acoustic_entropy_side": 19.790502548217773,
          "hz": 1596.2787759475705
        },
        {
          "acoustic_entropy": 20.291688919067383,
          "acoustic_entropy_side": 20.806678771972656,
          "hz": 1799.6344973346393
        },
        {
          "acoustic_entropy": 20.535730361938477,
          "acoustic_entropy_side": 20.430706024169922,
          "hz": 2020.9991599069049
        },
        {
          "acoustic_entropy": 19.3126220703125,
          "acoustic_entropy_side": 19.956581115722656,
          "hz": 2261.9676141086993
        },
        {
          "acoustic_entropy": 20.861068725585938,
          "acoustic_entropy_side": 20.314266204833984,
          "hz": 2524.2759484456974
        },
        {
          "acoustic_entropy": 20.149343490600586,
          "acoustic_entropy_side": 20.188438415527344,
          "hz": 2809.813997359896
        },
        {
          "acoustic_entropy": 20.30733299255371,
          "acoustic_entropy_side": 20.405927658081055,
          "hz": 3120.6389567871424
        },
