{
  "acoustic_entropy": 196.34127807617188,
  "bands": [
    {
      "high_freq": 148.1999969482422,
      "loudness": -23.972763061523438,
      "loudness_range": 10.233444213867188,
      "mid_mean": -20.372127532958984,
      "mid_to_side_loudness": -21.648273468017578,
      "mid_to_side_loudness_range": 18.65562629699707,
      "side_mean": -42.180992126464844
    },
    {
      "high_freq": 392.3793640136719,
      "loudness": -23.04827117919922,
      "loudness_range": 9.83336067199707,
      "low_freq": 148.1999969482422,
      "mid_mean": -19.902820587158203,
      "mid_to_side_loudness": -11.904263496398926,
      "mid_to_side_loudness_range": 17.677947998046875,
      "side_mean": -31.59981918334961
    },
    {
      "high_freq": 794.6976318359375,
      "loudness": -20.709205627441406,
      "loudness_range": 10.519968032836914,
      "low_freq": 392.3793640136719,
      "mid_mean": -18.145864486694336,
      "mid_to_side_loudness": -8.16438102722168,
      "mid_to_side_loudness_range": 17.762767791748047,
      "side_mean": -26.252351760864258
    },
    {
      "high_freq": 1457.5709228515625,
      "loudness": -27.965431213378906,
      "loudness_range": 16.015064239501953,
      "low_freq": 794.6976318359375,
      "mid_mean": -25.628772735595703,
      "mid_to_side_loudness": -6.652304172515869,
      "mid_to_side_loudness_range": 17.3215274810791,
      "side_mean": -32.3306884765625
    },
    {
      "high_freq": 2549.74365234375,
      "loudness": -29.781740188598633,
      "loudness_range": 16.506025314331055,
      "low_freq": 1457.5709228515625,
      "mid_mean": -27.313617706298828,
      "mid_to_side_loudness": -9.148782730102539,
      "mid_to_side_loudness_range": 23.345909118652344,
      "side_mean": -36.49923324584961
    },
    {
      "high_freq": 4349.24462890625,
      "loudness": -34.372283935546875,
      "loudness_range": 17.691808700561523,
      "low_freq": 2549.74365234375,
      "mid_mean": -31.339237213134766,
      "mid_to_side_loudness": -13.127446174621582,
      "mid_to_side_loudness_range": 21.71044921875,
      "side_mean": -43.927608489990234
    },
    {
      "high_freq": 7314.1640625,
      "loudness": -38.34412384033203,
      "loudness_range": 19.842012405395508,
      "low_freq": 4349.24462890625,
      "mid_mean": -35.07251739501953,
      "mid_to_side_loudness": -14.091341018676758,
      "mid_to_side_loudness_range": 22.64094352722168,
      "side_mean": -51.228153228759766
    },
    {
      "high_freq": 12199.2666015625,
      "loudness": -44.423004150390625,
      "loudness_range": 23.458106994628906,
      "low_freq": 7314.1640625,
      "mid_mean": -41.09330749511719,
      "mid_to_side_loudness": -18.112062454223633,
      "mid_to_side_loudness_range": 35.12606430053711,
      "side_mean": -59.62469482421875
    },
    {
      "loudness": -53.83769226074219,
      "loudness_range": 22.652179718017578,
      "low_freq": 12199.2666015625,
      "mid_mean": -51.002498626708984,
      "mid_to_side_loudness": -20.360319137573242,
      "mid_to_side_loudness_range": 44.28785705566406,
      "side_mean": -67.4571533203125
    }
  ],
  "bands_short": [
    {
      "high_freq": 148.1999969482422,
      "loudness": -26.792272567749023,
      "loudness_range": 19.077411651611328,
      "mid_mean": -23.213512420654297,
      "mid_to_side_loudness": -21.273099899291992,
      "mid_to_side_loudness_range": 24.607515335083008,
      "side_mean": -46.38014602661133
    },
    {
      "high_freq": 392.3793640136719,
      "loudness": -23.836837768554688,
      "loudness_range": 16.22882080078125,
      "low_freq": 148.1999969482422,
      "mid_mean": -20.78481101989746,
      "mid_to_side_loudness": -11.098127365112305,
      "mid_to_side_loudness_range": 18.62554359436035,
      "side_mean": -32.19919967651367
    },
    {
      "high_freq": 794.6976318359375,
      "loudness": -21.510969161987305,
      "loudness_range": 14.162199974060059,
      "low_freq": 392.3793640136719,
      "mid_mean": -19.143726348876953,
      "mid_to_side_loudness": -7.6909661293029785,
      "mid_to_side_loudness_range": 19.93961524963379,
      "side_mean": -26.906272888183594
    },
    {
      "high_freq": 1457.5709228515625,
      "loudness": -27.655000686645508,
      "loudness_range": 17.55335807800293,
      "low_freq": 794.6976318359375,
      "mid_mean": -25.38075065612793,
      "mid_to_side_loudness": -7.099270820617676,
      "mid_to_side_loudness_range": 19.735260009765625,
      "side_mean": -32.54898452758789
    },
    {
      "high_freq": 2549.74365234375,
      "loudness": -30.673568725585938,
      "loudness_range": 18.78495216369629,
      "low_freq": 1457.5709228515625,
      "mid_mean": -28.358184814453125,
      "mid_to_side_loudness": -9.119569778442383,
      "mid_to_side_loudness_range": 25.22707748413086,
      "side_mean": -37.586238861083984
    },
    {
      "high_freq": 4349.24462890625,
      "loudness": -34.455623626708984,
      "loudness_range": 18.301122665405273,
      "low_freq": 2549.74365234375,
      "mid_mean": -31.488744735717773,
      "mid_to_side_loudness": -13.238717079162598,
      "mid_to_side_loudness_range": 23.9367618560791,
      "side_mean": -44.772178649902344
    },
    {
      "high_freq": 7314.1640625,
      "loudness": -38.38908004760742,
      "loudness_range": 21.644737243652344,
      "low_freq": 4349.24462890625,
      "mid_mean": -35.43948745727539,
      "mid_to_side_loudness": -13.687398910522461,
      "mid_to_side_loudness_range": 24.308931350708008,
      "side_mean": -53.00646209716797
    },
    {
      "high_freq": 12199.2666015625,
      "loudness": -44.72817611694336,
      "loudness_range": 25.145809173583984,
      "low_freq": 7314.1640625,
      "mid_mean": -41.90559768676758,
      "mid_to_side_loudness": -14.193551063537598,
      "mid_to_side_loudness_range": 30.489099502563477,
      "side_mean": -60.974464416503906
    },
    {
      "loudness": -55.96733856201172,
      "loudness_range": 28.337879180908203,
      "low_freq": 12199.2666015625,
      "mid_mean": -54.05705642700195,
      "mid_to_side_loudness": -15.542753219604492,
      "mid_to_side_loudness_range": 41.73270797729492,
      "side_mean": -67.95428466796875
    }
  ],
  "bandwidth": 519.5490112304688,
  "channels": 2,
  "covariance": [
    [
      25.491085052490234,
      8.462242126464844,
      9.920144081115723,
      13.515329360961914,
      -0.7834219336509705,
      10.410151481628418,
      1.9269750118255615,
      11.032341003417969,
      -0.6103785634040833,
      14.281201362609863,
      -0.8320860862731934,
      6.241092681884766,
      -0.7327594757080078,
      13.330582618713379,
      3.213862657546997,
      10.472711563110352,
      8.732150077819824,
      3.0983681678771973
    ],
    [
      8.462242126464844,
      41.55439376831055,
      7.508118152618408,
      28.168542861938477,
      7.080562114715576,
      18.23417091369629,
      2.8061904907226562,
      18.122446060180664,
      -0.9652169346809387,
      9.786993980407715,
      -6.440638542175293,
      -6.015135288238525,
      -5.695317268371582,
      -6.075131416320801,
      -4.1300554275512695,
      -7.3329572677612305,
      -3.044572114944458,
      -3.458904504776001
    ],
    [
      9.920144081115723,
      7.508118152618408,
      19.897815704345703,
      14.00101375579834,
      6.323862552642822,
      11.052604675292969,
      11.052391052246094,
      12.720887184143066,
      7.538616180419922,
      11.537787437438965,
      7.428531646728516,
      7.146967887878418,
      6.170044422149658,
      14.151123046875,
      9.199071884155273,
      10.2681245803833,
      13.26001262664795,
      1.559324026107788
    ],
    [
      13.515329360961914,
      28.168542861938477,
      14.00101375579834,
      59.812564849853516,
      7.625587463378906,
      32.71969985961914,
      14.37647533416748,
      33.10212326049805,
      6.754335403442383,
      27.79023551940918,
      -0.6352875232696533,
      5.551794052124023,
      -2.0731794834136963,
      4.783551216125488,
      2.2920901775360107,
      4.143862247467041,
      0.5698478817939758,
      -0.8792788982391357
    ],
    [
      -0.7834219336509705,
      7.080562114715576,
      6.323862552642822,
      7.625587463378906,
      22.069671630859375,
      8.11101245880127,
      8.996274948120117,
      8.432694435119629,
      10.153559684753418,
      -4.061015605926514,
      12.996593475341797,
      -6.619832992553711,
      14.268976211547852,
      0.04003671929240227,
      13.271610260009766,
      -7.568700313568115,
      13.458057403564453,
      -4.995895862579346
    ],
    [
      10.410151481628418,
      18.23417091369629,
      11.052604675292969,
      32.71969985961914,
      8.11101245880127,
      37.88356399536133,
      7.046363353729248,
      27.83051300048828,
      7.488640785217285,
      31.833938598632812,
      -2.8892436027526855,
      11.446856498718262,
      0.33871883153915405,
      9.30806827545166,
      3.788722515106201,
      7.900704860687256,
      1.0748518705368042,
      -1.7459310293197632
    ],
    [
      1.9269750118255615,
      2.8061904907226562,
      11.052391052246094,
      14.37647533416748,
      8.996274948120117,
      7.046363353729248,
      36.61677169799805,
      15.462075233459473,
      17.52010154724121,
      13.65851879119873,
      22.570632934570312,
      11.119485855102539,
      15.282227516174316,
      19.642160415649414,
      15.127013206481934,
      19.120830535888672,
      11.435800552368164,
      6.857051372528076
    ],
    [
      11.032341003417969,
      18.122446060180664,
      12.720887184143066,
      33.10212326049805,
      8.432694435119629,
      27.83051300048828,
      15.462075233459473,
      41.28886032104492,
      7.118484973907471,
      30.770662307739258,
      0.9450404047966003,
      10.480094909667969,
      6.082617282867432,
      11.051042556762695,
      11.106892585754395,
      7.340264797210693,
      9.092141151428223,
      -1.7380061149597168
    ],
    [
      -0.6103785634040833,
      -0.9652169346809387,
      7.538616180419922,
      6.754335403442383,
      10.153559684753418,
      7.488640785217285,
      17.52010154724121,
      7.118484973907471,
      29.495410919189453,
      14.291911125183105,
      21.868549346923828,
      14.99003791809082,
      17.652084350585938,
      26.204620361328125,
      17.32036590576172,
      18.729389190673828,
      13.268901824951172,
      4.242140293121338
    ],
    [
      14.281201362609863,
      9.786993980407715,
      11.537787437438965,
      27.79023551940918,
      -4.061015605926514,
      31.833938598632812,
      13.65851879119873,
      30.770662307739258,
      14.291911125183105,
      65.09547424316406,
      -1.969520092010498,
      36.08122253417969,
      -4.953396797180176,
      35.64240264892578,
      0.07798019051551819,
      39.330894470214844,
      -3.5385994911193848,
      10.001996994018555
    ],
    [
      -0.8320860862731934,
      -6.440638542175293,
      7.428531646728516,
      -0.6352875232696533,
      12.996593475341797,
      -2.8892436027526855,
      22.570632934570312,
      0.9450404047966003,
      21.868549346923828,
      -1.969520092010498,
      48.5404167175293,
      13.110346794128418,
      40.88727951049805,
      39.76176071166992,
      42.9368782043457,
      22.649141311645508,
      33.820335388183594,
      6.28602409362793
    ],
    [
      6.241092681884766,
      -6.015135288238525,
      7.146967887878418,
      5.551794052124023,
      -6.619832992553711,
      11.446856498718262,
      11.119485855102539,
      10.480094909667969,
      14.99003791809082,
      36.08122253417969,
      13.110346794128418,
      48.165428161621094,
      10.728654861450195,
      49.19843292236328,
      15.106554985046387,
      45.507896423339844,
      8.271541595458984,
      14.216507911682129
    ],
    [
      -0.7327594757080078,
      -5.695317268371582,
      6.170044422149658,
      -2.0731794834136963,
      14.268976211547852,
      0.33871883153915405,
      15.282227516174316,
      6.082617282867432,
      17.652084350585938,
      -4.953396797180176,
      40.88727951049805,
      10.728654861450195,
      57.84339904785156,
      39.033287048339844,
      65.28822326660156,
      8.60688304901123,
      57.2531852722168,
      -3.7990849018096924
    ],
    [
      13.330582618713379,
      -6.075131416320801,
      14.151123046875,
      4.783551216125488,
      0.04003671929240227,
      9.30806827545166,
      19.642160415649414,
      11.051042556762695,
      26.204620361328125,
      35.64240264892578,
      39.76176071166992,
      49.19843292236328,
      39.033287048339844,
      90.9173355102539,
      48.263851165771484,
      63.011634826660156,
      40.809600830078125,
      17.51179313659668
    ],
    [
      3.213862657546997,
      -4.1300554275512695,
      9.199071884155273,
      2.2920901775360107,
      13.271610260009766,
      3.788722515106201,
      15.127013206481934,
      11.106892585754395,
      17.32036590576172,
      0.07798019051551819,
      42.9368782043457,
      15.106554985046387,
      65.28822326660156,
      48.263851165771484,
      80.99360656738281,
      10.630813598632812,
      72.1754150390625,
      -5.2379469871521
    ],
    [
      10.472711563110352,
      -7.3329572677612305,
      10.2681245803833,
      4.143862247467041,
      -7.568700313568115,
      7.900704860687256,
      19.120830535888672,
      7.340264797210693,
      18.729389190673828,
      39.330894470214844,
      22.649141311645508,
      45.507896423339844,
      8.60688304901123,
      63.011634826660156,
      10.630813598632812,
      65.9241714477539,
      3.8269314765930176,
      22.471576690673828
    ],
    [
      8.732150077819824,
      -3.044572114944458,
      13.26001262664795,
      0.5698478817939758,
      13.458057403564453,
      1.0748518705368042,
      11.435800552368164,
      9.092141151428223,
      13.268901824951172,
      -3.5385994911193848,
      33.820335388183594,
      8.271541595458984,
      57.2531852722168,
      40.809600830078125,
      72.1754150390625,
      3.8269314765930176,
      84.01866912841797,
      -7.031914234161377
    ],
    [
      3.0983681678771973,
      -3.458904504776001,
      1.559324026107788,
      -0.8792788982391357,
      -4.995895862579346,
      -1.7459310293197632,
      6.857051372528076,
      -1.7380061149597168,
      4.242140293121338,
      10.001996994018555,
      6.28602409362793,
      14.216507911682129,
      -3.7990849018096924,
      17.51179313659668,
      -5.2379469871521,
      22.471576690673828,
      -7.031914234161377,
      13.715999603271484
    ]
  ],
  "covariance_short": [
    [
      50.22608947753906,
      20.716848373413086,
      11.43329906463623,
      9.13833999633789,
      -0.15918338298797607,
      9.647014617919922,
      6.506507873535156,
      11.907364845275879,
      3.8581111431121826,
      16.30971336364746,
      -0.7304251790046692,
      4.500980377197266,
      -4.942899703979492,
      6.763448715209961,
      -6.521974563598633,
      10.924525260925293,
      -1.556549310684204,
      2.52913498878479
    ],
    [
      20.716848373413086,
      76.01958465576172,
      17.586719512939453,
      38.12394332885742,
      12.784368515014648,
      24.390474319458008,
      9.115333557128906,
      27.346633911132812,
      3.182952642440796,
      15.018183708190918,
      -5.285590648651123,
      -3.0484397411346436,
      -5.305973052978516,
      -3.787346363067627,
      -4.961108207702637,
      -4.531805038452148,
      -1.4355355501174927,
      -2.0056838989257812
    ],
    [
      11.43329906463623,
      17.586719512939453,
      38.85761642456055,
      18.632352828979492,
      11.413074493408203,
      14.241415023803711,
      13.71558666229248,
      16.12850570678711,
      7.4573283195495605,
      14.260598182678223,
      3.5001847743988037,
      7.472489833831787,
      0.8178354501724243,
      12.818194389343262,
      2.153156280517578,
      11.262561798095703,
      10.413341522216797,
      1.4361226558685303
    ],
    [
      9.13833999633789,
      38.12394332885742,
      18.632352828979492,
      65.16658020019531,
      10.94974136352539,
      34.66555404663086,
      11.530074119567871,
      33.10197448730469,
      4.367184162139893,
      27.60964012145996,
      -5.720795154571533,
      6.455097675323486,
      -7.210225582122803,
      1.7603747844696045,
      -4.202292442321777,
      3.2118523120880127,
      -0.9773285984992981,
      0.32943597435951233
    ],
    [
      -0.15918338298797607,
      12.784368515014648,
      11.413074493408203,
      10.94974136352539,
      33.83216857910156,
      14.080245018005371,
      11.579130172729492,
      13.196059226989746,
      15.515158653259277,
      1.1768072843551636,
      12.825295448303223,
      -4.715687274932861,
      15.590971946716309,
      -2.434600353240967,
      11.605398178100586,
      -7.674617767333984,
      11.15756607055664,
      -4.746846675872803
    ],
    [
      9.647014617919922,
      24.390474319458008,
      14.241415023803711,
      34.66555404663086,
      14.080245018005371,
      48.82246398925781,
      10.825581550598145,
      32.96051788330078,
      10.294343948364258,
      37.74009323120117,
      -2.616931200027466,
      16.50079917907715,
      0.31164583563804626,
      11.75163459777832,
      3.265145778656006,
      10.577948570251465,
      3.8272626399993896,
      0.3437192142009735
    ],
    [
      6.506507873535156,
      9.115333557128906,
      13.71558666229248,
      11.530074119567871,
      11.579130172729492,
      10.825581550598145,
      46.4289436340332,
      19.217182159423828,
      21.348304748535156,
      17.909786224365234,
      23.322895050048828,
      16.25199317932129,
      17.87220573425293,
      21.378860473632812,
      15.084694862365723,
      20.662288665771484,
      13.541082382202148,
      5.178336143493652
    ],
    [
      11.907364845275879,
      27.346633911132812,
      16.12850570678711,
      33.10197448730469,
      13.196059226989746,
      32.96051788330078,
      19.217182159423828,
      51.67134475708008,
      8.030688285827637,
      34.581451416015625,
      -0.2253807932138443,
      15.802518844604492,
      4.750723838806152,
      12.711181640625,
      8.267253875732422,
      8.74283504486084,
      9.089935302734375,
      -0.10579020529985428
    ],
    [
      3.8581111431121826,
      3.182952642440796,
      7.4573283195495605,
      4.367184162139893,
      15.515158653259277,
      10.294343948364258,
      21.348304748535156,
      8.030688285827637,
      41.80555725097656,
      17.93899154663086,
      27.88705062866211,
      19.62819480895996,
      22.39103889465332,
      29.196044921875,
      17.249868392944336,
      20.7215576171875,
      14.22940731048584,
      3.510556221008301
    ],
    [
      16.30971336364746,
      15.018183708190918,
      14.260598182678223,
      27.60964012145996,
      1.1768072843551636,
      37.74009323120117,
      17.909786224365234,
      34.581451416015625,
      17.93899154663086,
      75.84124755859375,
      0.4285435974597931,
      47.444244384765625,
      -5.051967144012451,
      45.7994384765625,
      0.548532247543335,
      44.778297424316406,
      4.309804916381836,
      10.60158920288086
    ],
    [
      -0.7304251790046692,
      -5.285590648651123,
      3.5001847743988037,
      -5.720795154571533,
      12.825295448303223,
      -2.616931200027466,
      23.322895050048828,
      -0.2253807932138443,
      27.88705062866211,
      0.4285435974597931,
      49.75975799560547,
      16.850332260131836,
      42.51157760620117,
      31.494585037231445,
      38.18780517578125,
      19.46354103088379,
      31.19776153564453,
      3.9761645793914795
    ],
    [
      4.500980377197266,
      -3.0484397411346436,
      7.472489833831787,
      6.455097675323486,
      -4.715687274932861,
      16.50079917907715,
      16.25199317932129,
      15.802518844604492,
      19.62819480895996,
      47.444244384765625,
      16.850332260131836,
      67.19979858398438,
      9.68472957611084,
      66.75045013427734,
      15.06710147857666,
      56.575965881347656,
      14.419490814208984,
      14.990801811218262
    ],
    [
      -4.942899703979492,
      -5.305973052978516,
      0.8178354501724243,
      -7.210225582122803,
      15.590971946716309,
      0.31164583563804626,
      17.87220573425293,
      4.750723838806152,
      22.39103889465332,
      -5.051967144012451,
      42.51157760620117,
      9.68472957611084,
      69.5518569946289,
      30.83340072631836,
      68.24479675292969,
      3.139893054962158,
      61.324764251708984,
      -4.213768482208252
    ],
    [
      6.763448715209961,
      -3.787346363067627,
      12.818194389343262,
      1.7603747844696045,
      -2.434600353240967,
      11.75163459777832,
      21.378860473632812,
      12.711181640625,
      29.196044921875,
      45.7994384765625,
      31.494585037231445,
      66.75045013427734,
      30.83340072631836,
      116.89665985107422,
      35.40373611450195,
      75.46570587158203,
      42.71385955810547,
      18.188508987426758
    ],
    [
      -6.521974563598633,
      -4.961108207702637,
      2.153156280517578,
      -4.202292442321777,
      11.605398178100586,
      3.265145778656006,
      15.084694862365723,
      8.267253875732422,
      17.249868392944336,
      0.548532247543335,
      38.18780517578125,
      15.06710147857666,
      68.24479675292969,
      35.40373611450195,
      85.78358459472656,
      2.6838114261627197,
      78.60492706298828,
      -6.208733081817627
    ],
    [
      10.924525260925293,
      -4.531805038452148,
      11.262561798095703,
      3.2118523120880127,
      -7.674617767333984,
      10.577948570251465,
      20.662288665771484,
      8.74283504486084,
      20.7215576171875,
      44.778297424316406,
      19.46354103088379,
      56.575965881347656,
      3.139893054962158,
      75.46570587158203,
      2.6838114261627197,
      77.98391723632812,
      6.463843822479248,
      21.617719650268555
    ],
    [
      -1.556549310684204,
      -1.4355355501174927,
      10.413341522216797,
      -0.9773285984992981,
      11.15756607055664,
      3.8272626399993896,
      13.541082382202148,
      9.089935302734375,
      14.22940731048584,
      4.309804916381836,
      31.19776153564453,
      14.419490814208984,
      61.324764251708984,
      42.71385955810547,
      78.60492706298828,
      6.463843822479248,
      100.57750701904297,
      -4.639007091522217
    ],
    [
      2.52913498878479,
      -2.0056838989257812,
      1.4361226558685303,
      0.32943597435951233,
      -4.746846675872803,
      0.3437192142009735,
      5.178336143493652,
      -0.10579020529985428,
      3.510556221008301,
      10.60158920288086,
      3.9761645793914795,
      14.990801811218262,
      -4.213768482208252,
      18.188508987426758,
      -6.208733081817627,
      21.617719650268555,
      -4.639007091522217,
      13.66088581085205
    ]
  ],
  "damage": -6.55873441696167,
  "diff_bandwidth": 557.398193359375,
  "dissonance": 6.950215427078321,
  "drr": 2.387450695037842,
  "dynamics": 2.580801486968994,
  "format": 1245190,
  "frames": 4723648,
  "loudness": -12.406289100646973,
  "loudness_range": 5.744157791137695,
  "loudness_range_short": 8.921231269836426,
  "lowpass_true_peak_15khz": -0.7617388963699341,
  "mastering3_acoustic_entropies": [
    {
      "acoustic_entropy": 7.631476402282715,
      "acoustic_entropy_mono": 6.830212116241455,
      "band_eliminated_acoustic_entropies": [
        {
          "acoustic_entropy": 7.637800216674805,
          "acoustic_entropy_side": 7.631478786468506,
          "hz": 129.47220167065723
        },
        {
          "acoustic_entropy": 7.598671913146973,
          "acoustic_entropy_side": 7.631464004516602,
          "hz": 202.92927478742237
        },
        {
          "acoustic_entropy": 7.882028102874756,
          "acoustic_entropy_side": 7.633917808532715,
          "hz": 282.89161906338205
        },
        {
          "acoustic_entropy": 8.120594024658203,
          "acoustic_entropy_side": 7.635276794433594,
          "hz": 369.9353335868758
        },
        {
          "acoustic_entropy": 7.368648052215576,
          "acoustic_entropy_side": 7.5036139488220215,
          "hz": 464.6875360973435
        },
        {
          "acoustic_entropy": 7.300209045410156,
          "acoustic_entropy_side": 7.7884521484375,
          "hz": 567.8308811364784
        },
        {
          "acoustic_entropy": 7.6332268714904785,
          "acoustic_entropy_side": 7.878444671630859,
          "hz": 680.1084783214808
        },
        {
          "acoustic_entropy": 7.130380153656006,
          "acoustic_entropy_side": 7.67861795425415,
          "hz": 802.3292461747484
        },
        {
          "acoustic_entropy": 6.961513519287109,
          "acoustic_entropy_side": 7.74291467666626,
          "hz": 935.3737400823702
        },
        {
          "acoustic_entropy": 7.004960060119629,
          "acoustic_entropy_side": 7.785610198974609,
          "hz": 1080.2004963696966
        },
        {
          "acoustic_entropy": 7.721000671386719,
          "acoustic_entropy_side": 7.671919345855713,
          "hz": 1237.8529382007157
        },
        {
          "acoustic_entropy": 7.635807514190674,
          "acoustic_entropy_side": 7.411791801452637,
          "hz": 1409.4668930556702
        },
        {
          "acoustic_entropy": 7.745455741882324,
          "acoustic_entropy_side": 7.717464447021484,
          "hz": 1596.2787759475705
        },
        {
          "acoustic_entropy": 7.836706161499023,
          "acoustic_entropy_side": 7.85587739944458,
          "hz": 1799.6344973346393
        },
        {
          "acoustic_entropy": 7.518545150756836,
          "acoustic_entropy_side": 7.641815662384033,
          "hz": 2020.9991599069049
        },
        {
          "acoustic_entropy": 7.95660924911499,
          "acoustic_entropy_side": 7.631092071533203,
          "hz": 2261.9676141086993
        },
        {
          "acoustic_entropy": 7.686049461364746,
          "acoustic_entropy_side": 7.642438888549805,
          "hz": 2524.2759484456974
        },
        {
          "acoustic_entropy": 7.1689300537109375,
          "acoustic_entropy_side": 7.641402244567871,
          "hz": 2809.813997359896
        },
        {
          "acoustic_entropy": 7.379126071929932,
          "acoustic_entropy_side": 7.632818698883057,
          "hz": 3120.6389567871424
        },
        {
          "acoustic_entropy": 7.714654922485352,
          "acoustic_entropy_side": 7.631673812866211,
          "hz": 3458.990205492291
        },
        {
          "acoustic_entropy": 7.417961120605469,
          "acoustic_entropy_side": 7.631422996520996,
          "hz": 3827.305438964164
        },
        {
          "acoustic_entropy": 7.55225133895874,
          "acoustic_entropy_side": 7.63158655166626,
          "hz": 4228.238232109126
        },
        {
          "acoustic_entropy": 7.551153182983398,
          "acoustic_entropy_side": 7.631834030151367,
          "hz": 4664.6771572759235
        },
        {
          "acoustic_entropy": 7.713145732879639,
          "acoustic_entropy_side": 7.631146430969238,
          "hz": 5139.766595350093
        },
        {
          "acoustic_entropy": 7.658734321594238,
          "acoustic_entropy_side": 7.631159782409668,
          "hz": 5656.929389854203
        },
        {
          "acoustic_entropy": 7.584117889404297,
          "acoustic_entropy_side": 7.631284236907959,
          "hz": 6219.891507268283
        },
        {
          "acoustic_entropy": 7.75714635848999,
          "acoustic_entropy_side": 7.631231784820557,
          "hz": 6832.70888123896
        },
        {
          "acoustic_entropy": 7.663216590881348,
          "acoustic_entropy_side": 7.631362438201904,
          "hz": 7499.796634079867
        },
        {
          "acoustic_entropy": 7.689957141876221,
          "acoustic_entropy_side": 7.631438732147217,
          "hz": 8225.96088609342
        },
        {
          "acoustic_entropy": 7.652841567993164,
          "acoustic_entropy_side": 7.6314826011657715,
          "hz": 9016.43338188839
        },
        {
          "acoustic_entropy": 7.6578450202941895,
          "acoustic_entropy_side": 7.6314826011657715,
          "hz": 9876.909183162974
        },
        {
          "acoustic_entropy": 7.65733528137207,
          "acoustic_entropy_side": 7.631479740142822,
          "hz": 10813.587699516042
        },
        {
          "acoustic_entropy": 7.646186351776123,
          "acoustic_entropy_side": 7.63147497177124,
          "hz": 11833.21735289826
        },
        {
          "acoustic_entropy": 7.635966777801514,
          "acoustic_entropy_side": 7.631473064422607,
          "hz": 12943.144197493959
        },
        {
          "acoustic_entropy": 7.631667613983154,
          "acoustic_entropy_side": 7.631475925445557,
          "hz": 14151.364845322005
        },
        {
          "acoustic_entropy": 7.628417015075684,
          "acoustic_entropy_side": 7.631476402282715,
          "hz": 15466.58407886509
        },
        {
          "acoustic_entropy": 7.630131244659424,
          "acoustic_entropy_side": 7.631476879119873,
          "hz": 16898.27756580493
        },
        {
          "acoustic_entropy": 7.630932331085205,
          "acoustic_entropy_side": 7.631476402282715,
          "hz": 18456.760127700032
        },
        {
          "acoustic_entropy": 7.631344795227051,
          "acoustic_entropy_side": 7.631476402282715,
          "hz": 20153.260054456492
        },
        {
          "acoustic_entropy": 7.631475448608398,
          "acoustic_entropy_side": 7.631476402282715,
          "hz": 22000.00000000001
        }
      ],
      "diff_acoustic_entropy": 5.205228328704834,
      "sn": 6
    },
    {
      "acoustic_entropy": 13.101165771484375,
      "acoustic_entropy_mono": 11.750118255615234,
      "band_eliminated_acoustic_entropies": [
        {
          "acoustic_entropy": 13.28510856628418,
          "acoustic_entropy_side": 13.101202011108398,
          "hz": 129.47220167065723
        },
        {
          "acoustic_entropy": 12.876115798950195,
          "acoustic_entropy_side": 13.097649574279785,
          "hz": 202.92927478742237
        },
        {
          "acoustic_entropy": 13.324177742004395,
          "acoustic_entropy_side": 13.132664680480957,
          "hz": 282.89161906338205
        },
        {
          "acoustic_entropy": 13.209328651428223,
          "acoustic_entropy_side": 12.840227127075195,
          "hz": 369.9353335868758
        },
        {
          "acoustic_entropy": 12.470751762390137,
          "acoustic_entropy_side": 13.222373008728027,
          "hz": 464.6875360973435
        },
        {
          "acoustic_entropy": 13.059334754943848,
          "acoustic_entropy_side": 12.77159309387207,
          "hz": 567.8308811364784
        },
        {
          "acoustic_entropy": 12.938497543334961,
          "acoustic_entropy_side": 12.94225025177002,
          "hz": 680.1084783214808
        },
        {
          "acoustic_entropy": 12.534735679626465,
          "acoustic_entropy_side": 13.350908279418945,
          "hz": 802.3292461747484
        },
        {
          "acoustic_entropy": 12.581316947937012,
          "acoustic_entropy_side": 13.169217109680176,
          "hz": 935.3737400823702
        },
        {
          "acoustic_entropy": 13.535823822021484,
          "acoustic_entropy_side": 13.00505542755127,
          "hz": 1080.2004963696966
        },
        {
          "acoustic_entropy": 13.02381706237793,
          "acoustic_entropy_side": 12.534770011901855,
          "hz": 1237.8529382007157
        },
        {
          "acoustic_entropy": 12.924795150756836,
          "acoustic_entropy_side": 13.106517791748047,
          "hz": 1409.4668930556702
        },
        {
          "acoustic_entropy": 12.927895545959473,
          "acoustic_entropy_side": 12.951735496520996,
          "hz": 1596.2787759475705
        },
        {
          "acoustic_entropy": 12.906582832336426,
          "acoustic_entropy_side": 12.891777038574219,
          "hz": 1799.6344973346393
        },
        {
          "acoustic_entropy": 12.073864936828613,
          "acoustic_entropy_side": 12.991652488708496,
          "hz": 2020.9991599069049
        },
        {
          "acoustic_entropy": 13.655752182006836,
          "acoustic_entropy_side": 13.270105361938477,
          "hz": 2261.9676141086993
        },
        {
          "acoustic_entropy": 13.22803020477295,
          "acoustic_entropy_side": 13.098026275634766,
          "hz": 2524.2759484456974
        },
        {
          "acoustic_entropy": 12.05951976776123,
          "acoustic_entropy_side": 13.061752319335938,
          "hz": 2809.813997359896
        },
        {
          "acoustic_entropy": 12.521169662475586,
          "acoustic_entropy_side": 13.09525203704834,
          "hz": 3120.6389567871424
        },
        {
          "acoustic_entropy": 13.093592643737793,
          "acoustic_entropy_side": 13.10828685760498,
          "hz": 3458.990205492291
        },
        {
          "acoustic_entropy": 13.041139602661133,
          "acoustic_entropy_side": 13.105758666992188,
          "hz": 3827.305438964164
        },
        {
          "acoustic_entropy": 13.16029167175293,
          "acoustic_entropy_side": 13.105941772460938,
          "hz": 4228.238232109126
        },
        {
          "acoustic_entropy": 13.04509162902832,
          "acoustic_entropy_side": 13.110456466674805,
          "hz": 4664.6771572759235
        },
        {
          "acoustic_entropy": 13.0766019821167,
          "acoustic_entropy_side": 13.110884666442871,
          "hz": 5139.766595350093
        },
        {
          "acoustic_entropy": 13.147685050964355,
          "acoustic_entropy_side": 13.105907440185547,
          "hz": 5656.929389854203
        },
        {
          "acoustic_entropy": 13.190185546875,
          "acoustic_entropy_side": 13.105412483215332,
          "hz": 6219.891507268283
        },
        {
          "acoustic_entropy": 12.890010833740234,
          "acoustic_entropy_side": 13.10470962524414,
          "hz": 6832.70888123896
        },
        {
          "acoustic_entropy": 13.301892280578613,
          "acoustic_entropy_side": 13.103063583374023,
          "hz": 7499.796634079867
        },
        {
          "acoustic_entropy": 12.594770431518555,
          "acoustic_entropy_side": 13.102278709411621,
          "hz": 8225.96088609342
        },
        {
          "acoustic_entropy": 13.278447151184082,
          "acoustic_entropy_side": 13.10170841217041,
          "hz": 9016.43338188839
        },
        {
          "acoustic_entropy": 13.285255432128906,
          "acoustic_entropy_side": 13.101489067077637,
          "hz": 9876.909183162974
        },
        {
          "acoustic_entropy": 13.295604705810547,
          "acoustic_entropy_side": 13.101313591003418,
          "hz": 10813.587699516042
        },
        {
          "acoustic_entropy": 13.264198303222656,
          "acoustic_entropy_side": 13.101258277893066,
          "hz": 11833.21735289826
        },
        {
          "acoustic_entropy": 13.17931079864502,
          "acoustic_entropy_side": 13.101234436035156,
          "hz": 12943.144197493959
        },
        {
          "acoustic_entropy": 13.139472961425781,
          "acoustic_entropy_side": 13.101183891296387,
          "hz": 14151.364845322005
        },
        {
          "acoustic_entropy": 13.115385055541992,
          "acoustic_entropy_side": 13.101175308227539,
          "hz": 15466.58407886509
        },
        {
          "acoustic_entropy": 13.106958389282227,
          "acoustic_entropy_side": 13.101165771484375,
          "hz": 16898.27756580493
        },
        {
          "acoustic_entropy": 13.102096557617188,
          "acoustic_entropy_side": 13.101165771484375,
          "hz": 18456.760127700032
        },
        {
          "acoustic_entropy": 13.101862907409668,
          "acoustic_entropy_side": 13.101165771484375,
          "hz": 20153.260054456492
        },
        {
          "acoustic_entropy": 13.101186752319336,
          "acoustic_entropy_side": 13.101165771484375,
          "hz": 22000.00000000001
        }
      ],
      "diff_acoustic_entropy": 10.3195219039917,
      "sn": 12
    },
    {
      "acoustic_entropy": 21.687728881835938,
      "acoustic_entropy_mono": 18.477581024169922,
      "band_eliminated_acoustic_entropies": [
        {
          "acoustic_entropy": 20.530061721801758,
          "acoustic_entropy_side": 21.688339233398438,
          "hz": 129.47220167065723
        },
        {
          "acoustic_entropy": 20.271854400634766,
          "acoustic_entropy_side": 21.616762161254883,
          "hz": 202.92927478742237
        },
        {
          "acoustic_entropy": 20.467071533203125,
          "acoustic_entropy_side": 21.094167709350586,
          "hz": 282.89161906338205
        },
        {
          "acoustic_entropy": 21.09442138671875,
          "acoustic_entropy_side": 20.685546875,
          "hz": 369.9353335868758
        },
        {
          "acoustic_entropy": 21.88314437866211,
          "acoustic_entropy_side": 21.336532592773438,
          "hz": 464.6875360973435
        },
        {
          "acoustic_entropy": 21.5390567779541,
          "acoustic_entropy_side": 21.83649444580078,
          "hz": 567.8308811364784
        },
        {
          "acoustic_entropy": 20.70928192138672,
          "acoustic_entropy_side": 21.85343360900879,
          "hz": 680.1084783214808
        },
        {
          "acoustic_entropy": 22.541074752807617,
          "acoustic_entropy_side": 21.709285736083984,
          "hz": 802.3292461747484
        },
        {
          "acoustic_entropy": 21.222192764282227,
          "acoustic_entropy_side": 20.523128509521484,
          "hz": 935.3737400823702
        },
        {
          "acoustic_entropy": 22.476184844970703,
          "acoustic_entropy_side": 21.676597595214844,
          "hz": 1080.2004963696966
        },
        {
          "acoustic_entropy": 21.238866806030273,
          "acoustic_entropy_side": 21.66103172302246,
          "hz": 1237.8529382007157
        },
        {
          "acoustic_entropy": 21.747228622436523,
          "acoustic_entropy_side": 20.897418975830078,
          "hz": 1409.4668930556702
        },
        {
          "acoustic_entropy": 21.126890182495117,
          "acoustic_entropy_side": 20.923446655273438,
          "hz": 1596.2787759475705
        },
        {
          "acoustic_entropy": 21.016450881958008,
          "acoustic_entropy_side": 21.141693115234375,
          "hz": 1799.6344973346393
        },
        {
          "acoustic_entropy": 21.22758674621582,
          "acoustic_entropy_side": 21.7717342376709,
          "hz": 2020.9991599069049
        },
        {
          "acoustic_entropy": 20.503591537475586,
          "acoustic_entropy_side": 20.966516494750977,
          "hz": 2261.9676141086993
        },
        {
          "acoustic_entropy": 20.097904205322266,
          "acoustic_entropy_side": 21.38277816772461,
          "hz": 2524.2759484456974
        },
        {
          "acoustic_entropy": 19.878795623779297,
          "acoustic_entropy_side": 21.39668083190918,
          "hz": 2809.813997359896
        },
