{
  "acoustic_entropy": 210.8771209716797,
  "bands": [
    {
      "high_freq": 148.1999969482422,
      "loudness": -33.536521911621094,
      "loudness_range": 25.970426559448242,
      "mid_mean": -30.711692810058594,
      "mid_to_side_loudness": -7.607161521911621,
      "mid_to_side_loudness_range": 6.093857765197754,
      "side_mean": -38.4135856628418
    },
    {
      "high_freq": 392.3793640136719,
      "loudness": -23.802230834960938,
      "loudness_range": 13.240495681762695,
      "low_freq": 148.1999969482422,
      "mid_mean": -21.60442352294922,
      "mid_to_side_loudness": -5.075678825378418,
      "mid_to_side_loudness_range": 13.381698608398438,
      "side_mean": -26.91913604736328
    },
    {
      "high_freq": 794.6976318359375,
      "loudness": -22.79545021057129,
      "loudness_range": 13.755547523498535,
      "low_freq": 392.3793640136719,
      "mid_mean": -21.47451400756836,
      "mid_to_side_loudness": -3.130342483520508,
      "mid_to_side_loudness_range": 15.112447738647461,
      "side_mean": -24.689617156982422
    },
    {
      "high_freq": 1457.5709228515625,
      "loudness": -25.26841926574707,
      "loudness_range": 17.85811996459961,
      "low_freq": 794.6976318359375,
      "mid_mean": -23.291147232055664,
      "mid_to_side_loudness": -4.496034622192383,
      "mid_to_side_loudness_range": 15.396929740905762,
      "side_mean": -28.260866165161133
    },
    {
      "high_freq": 2549.74365234375,
      "loudness": -28.56827735900879,
      "loudness_range": 19.06940460205078,
      "low_freq": 1457.5709228515625,
      "mid_mean": -27.05040168762207,
      "mid_to_side_loudness": -3.4348697662353516,
      "mid_to_side_loudness_range": 14.729623794555664,
      "side_mean": -30.762041091918945
    },
    {
      "high_freq": 4349.24462890625,
      "loudness": -32.36860656738281,
      "loudness_range": 24.118501663208008,
      "low_freq": 2549.74365234375,
      "mid_mean": -29.781898498535156,
      "mid_to_side_loudness": -8.98967170715332,
      "mid_to_side_loudness_range": 18.931407928466797,
      "side_mean": -39.67999267578125
    },
    {
      "high_freq": 7314.1640625,
      "loudness": -37.68980407714844,
      "loudness_range": 28.57823371887207,
      "low_freq": 4349.24462890625,
      "mid_mean": -35.11483383178711,
      "mid_to_side_loudness": -10.814788818359375,
      "mid_to_side_loudness_range": 22.662384033203125,
      "side_mean": -48.38402557373047
    },
    {
      "high_freq": 12199.2666015625,
      "loudness": -39.60496139526367,
      "loudness_range": 29.390275955200195,
      "low_freq": 7314.1640625,
      "mid_mean": -37.9355354309082,
      "mid_to_side_loudness": -17.275117874145508,
      "mid_to_side_loudness_range": 31.283424377441406,
      "side_mean": -61.28485870361328
    },
    {
      "loudness": -49.472312927246094,
      "loudness_range": 24.394336700439453,
      "low_freq": 12199.2666015625,
      "mid_mean": -53.030948638916016,
      "mid_to_side_loudness": -19.402637481689453,
      "mid_to_side_loudness_range": 37.592796325683594,
      "side_mean": -68.8680191040039
    }
  ],
  "bands_short": [
    {
      "high_freq": 148.1999969482422,
      "loudness": -38.134521484375,
      "loudness_range": 27.930686950683594,
      "mid_mean": -35.87646484375,
      "mid_to_side_loudness": -7.8011794090271,
      "mid_to_side_loudness_range": 10.005792617797852,
      "side_mean": -43.480255126953125
    },
    {
      "high_freq": 392.3793640136719,
      "loudness": -23.9201717376709,
      "loudness_range": 15.538036346435547,
      "low_freq": 148.1999969482422,
      "mid_mean": -21.657819747924805,
      "mid_to_side_loudness": -5.318914413452148,
      "mid_to_side_loudness_range": 13.281379699707031,
      "side_mean": -27.207515716552734
    },
    {
      "high_freq": 794.6976318359375,
      "loudness": -23.884347915649414,
      "loudness_range": 14.929974555969238,
      "low_freq": 392.3793640136719,
      "mid_mean": -22.9335994720459,
      "mid_to_side_loudness": -2.6460578441619873,
      "mid_to_side_loudness_range": 17.09039878845215,
      "side_mean": -25.59684944152832
    },
    {
      "high_freq": 1457.5709228515625,
      "loudness": -25.261503219604492,
      "loudness_range": 19.582212448120117,
      "low_freq": 794.6976318359375,
      "mid_mean": -23.561275482177734,
      "mid_to_side_loudness": -4.213044166564941,
      "mid_to_side_loudness_range": 17.40978240966797,
      "side_mean": -28.175310134887695
    },
    {
      "high_freq": 2549.74365234375,
      "loudness": -29.3883113861084,
      "loudness_range": 20.895898818969727,
      "low_freq": 1457.5709228515625,
      "mid_mean": -28.11193084716797,
      "mid_to_side_loudness": -3.004469871520996,
      "mid_to_side_loudness_range": 16.102819442749023,
      "side_mean": -31.40898323059082
    },
    {
      "high_freq": 4349.24462890625,
      "loudness": -33.62226104736328,
      "loudness_range": 25.82921600341797,
      "low_freq": 2549.74365234375,
      "mid_mean": -31.159517288208008,
      "mid_to_side_loudness": -8.046584129333496,
      "mid_to_side_loudness_range": 20.261215209960938,
      "side_mean": -40.105430603027344
    },
    {
      "high_freq": 7314.1640625,
      "loudness": -39.26049041748047,
      "loudness_range": 30.964094161987305,
      "low_freq": 4349.24462890625,
      "mid_mean": -36.801055908203125,
      "mid_to_side_loudness": -9.566393852233887,
      "mid_to_side_loudness_range": 23.163917541503906,
      "side_mean": -50.5533561706543
    },
    {
      "high_freq": 12199.2666015625,
      "loudness": -41.45834732055664,
      "loudness_range": 30.920867919921875,
      "low_freq": 7314.1640625,
      "mid_mean": -40.537044525146484,
      "mid_to_side_loudness": -14.297233581542969,
      "mid_to_side_loudness_range": 30.48215103149414,
      "side_mean": -62.472049713134766
    },
    {
      "loudness": -51.11665725708008,
      "loudness_range": 26.021453857421875,
      "low_freq": 12199.2666015625,
      "mid_mean": -54.612770080566406,
      "mid_to_side_loudness": -15.719825744628906,
      "mid_to_side_loudness_range": 36.44696044921875,
      "side_mean": -69.06929779052734
    }
  ],
  "bandwidth": 772.6543579101562,
  "channels": 2,
  "covariance": [
    [
      85.95320892333984,
      77.23954772949219,
      22.150985717773438,
      37.3242301940918,
      18.47806167602539,
      14.908246040344238,
      16.57114601135254,
      17.715309143066406,
      19.140714645385742,
      19.423660278320312,
      16.60538673400879,
      21.54619026184082,
      19.870359420776367,
      32.86259841918945,
      18.759023666381836,
      28.621753692626953,
      31.350433349609375,
      3.6260430812835693
    ],
    [
      77.23954772949219,
      83.8466796875,
      20.716400146484375,
      37.0458869934082,
      17.53873062133789,
      13.685395240783691,
      16.086641311645508,
      16.992507934570312,
      19.693458557128906,
      18.697689056396484,
      17.882787704467773,
      21.43720245361328,
      20.720027923583984,
      34.00278091430664,
      18.490421295166016,
      29.43181037902832,
      29.815771102905273,
      3.7520225048065186
    ],
    [
      22.150985717773438,
      20.716400146484375,
      29.47506332397461,
      22.715978622436523,
      16.843265533447266,
      12.050619125366211,
      13.192453384399414,
      10.443251609802246,
      15.034431457519531,
      14.161690711975098,
      20.469011306762695,
      14.298013687133789,
      20.457632064819336,
      23.109479904174805,
      16.339948654174805,
      17.209758758544922,
      31.85843276977539,
      2.4254310131073
    ],
    [
      37.3242301940918,
      37.0458869934082,
      22.715978622436523,
      39.84779357910156,
      17.305416107177734,
      16.159988403320312,
      17.170936584472656,
      17.402341842651367,
      17.88735580444336,
      20.966873168945312,
      16.28062629699707,
      21.15074348449707,
      17.138919830322266,
      33.12474060058594,
      14.088815689086914,
      23.15400505065918,
      21.298952102661133,
      3.174229383468628
    ],
    [
      18.47806167602539,
      17.53873062133789,
      16.843265533447266,
      17.305416107177734,
      36.910797119140625,
      16.67684555053711,
      30.4010066986084,
      13.974557876586914,
      26.027603149414062,
      16.22483253479004,
      37.30332565307617,
      21.264781951904297,
      33.86653137207031,
      31.34247589111328,
      25.44200897216797,
      23.971405029296875,
      45.60090255737305,
      1.7709649801254272
    ],
    [
      14.908246040344238,
      13.685395240783691,
      12.050619125366211,
      16.159988403320312,
      16.67684555053711,
      25.678312301635742,
      16.736141204833984,
      13.889458656311035,
      16.40494728088379,
      15.87442684173584,
      18.19891357421875,
      16.540611267089844,
      14.691476821899414,
      25.976844787597656,
      9.998671531677246,
      18.061561584472656,
      23.586071014404297,
      2.6968870162963867
    ],
    [
      16.57114601135254,
      16.086641311645508,
      13.192453384399414,
      17.170936584472656,
      30.4010066986084,
      16.736141204833984,
      50.18356704711914,
      20.890905380249023,
      37.293399810791016,
      19.233169555664062,
      46.70629119873047,
      24.564279556274414,
      41.693138122558594,
      31.75961685180664,
      38.80851364135742,
      30.184215545654297,
      50.43677520751953,
      2.5125620365142822
    ],
    [
      17.715309143066406,
      16.992507934570312,
      10.443251609802246,
      17.402341842651367,
      13.974557876586914,
      13.889458656311035,
      20.890905380249023,
      20.665117263793945,
      18.191774368286133,
      17.205631256103516,
      17.292648315429688,
      18.033605575561523,
      15.622608184814453,
      26.142045974731445,
      10.158886909484863,
      19.229522705078125,
      16.4722957611084,
      2.4597086906433105
    ],
    [
      19.140714645385742,
      19.693458557128906,
      15.034431457519531,
      17.88735580444336,
      26.027603149414062,
      16.40494728088379,
      37.293399810791016,
      18.191774368286133,
      55.48041534423828,
      27.29936408996582,
      54.703956604003906,
      29.52402687072754,
      50.04049301147461,
      37.83965301513672,
      50.8095588684082,
      35.457618713378906,
      61.301025390625,
      3.7537760734558105
    ],
    [
      19.423660278320312,
      18.697689056396484,
      14.161690711975098,
      20.966873168945312,
      16.22483253479004,
      15.87442684173584,
      19.233169555664062,
      17.205631256103516,
      27.29936408996582,
      28.94695472717285,
      22.10483741760254,
      23.77545166015625,
      19.548717498779297,
      33.15143585205078,
      15.081128120422363,
      23.957468032836914,
      23.114501953125,
      2.964660167694092
    ],
    [
      16.60538673400879,
      17.882787704467773,
      20.469011306762695,
      16.28062629699707,
      37.30332565307617,
      18.19891357421875,
      46.70629119873047,
      17.292648315429688,
      54.703956604003906,
      22.10483741760254,
      86.98440551757812,
      36.40257263183594,
      83.28862762451172,
      47.57525634765625,
      73.888671875,
      46.48522186279297,
      96.79499053955078,
      4.855304718017578
    ],
    [
      21.54619026184082,
      21.43720245361328,
      14.298013687133789,
      21.15074348449707,
      21.264781951904297,
      16.540611267089844,
      24.564279556274414,
      18.033605575561523,
      29.52402687072754,
      23.77545166015625,
      36.40257263183594,
      33.7636604309082,
      32.87005615234375,
      42.40248489379883,
      23.761924743652344,
      32.217288970947266,
      33.546871185302734,
      3.8197596073150635
    ],
    [
      19.870359420776367,
      20.720027923583984,
      20.457632064819336,
      17.138919830322266,
      33.86653137207031,
      14.691476821899414,
      41.693138122558594,
      15.622608184814453,
      50.04049301147461,
      19.548717498779297,
      83.28862762451172,
      32.87005615234375,
      111.99624633789062,
      48.89081954956055,
      92.47406768798828,
      52.625362396240234,
      112.85716247558594,
      6.7971906661987305
    ],
    [
      32.86259841918945,
      34.00278091430664,
      23.109479904174805,
      33.12474060058594,
      31.34247589111328,
      25.976844787597656,
      31.75961685180664,
      26.142045974731445,
      37.83965301513672,
      33.15143585205078,
      47.57525634765625,
      42.40248489379883,
      48.89081954956055,
      69.11724853515625,
      31.07129669189453,
      49.37800216674805,
      51.19572067260742,
      6.546525478363037
    ],
    [
      18.759023666381836,
      18.490421295166016,
      16.339948654174805,
      14.088815689086914,
      25.44200897216797,
      9.998671531677246,
      38.80851364135742,
      10.158886909484863,
      50.8095588684082,
      15.081128120422363,
      73.888671875,
      23.761924743652344,
      92.47406768798828,
      31.07129669189453,
      138.71043395996094,
      47.491092681884766,
      119.87784576416016,
      6.320192813873291
    ],
    [
      28.621753692626953,
      29.43181037902832,
      17.209758758544922,
      23.15400505065918,
      23.971405029296875,
      18.061561584472656,
      30.184215545654297,
      19.229522705078125,
      35.457618713378906,
      23.957468032836914,
      46.48522186279297,
      32.217288970947266,
      52.625362396240234,
      49.37800216674805,
      47.491092681884766,
      53.78672409057617,
      60.250003814697266,
      7.500926494598389
    ],
    [
      31.350433349609375,
      29.815771102905273,
      31.85843276977539,
      21.298952102661133,
      45.60090255737305,
      23.586071014404297,
      50.43677520751953,
      16.4722957611084,
      61.301025390625,
      23.114501953125,
      96.79499053955078,
      33.546871185302734,
      112.85716247558594,
      51.19572067260742,
      119.87784576416016,
      60.250003814697266,
      164.43807983398438,
      7.201647758483887
    ],
    [
      3.6260430812835693,
      3.7520225048065186,
      2.4254310131073,
      3.174229383468628,
      1.7709649801254272,
      2.6968870162963867,
      2.5125620365142822,
      2.4597086906433105,
      3.7537760734558105,
      2.964660167694092,
      4.855304718017578,
      3.8197596073150635,
      6.7971906661987305,
      6.546525478363037,
      6.320192813873291,
      7.500926494598389,
      7.201647758483887,
      3.5194036960601807
    ]
  ],
  "covariance_short": [
    [
      104.50715637207031,
      86.39204406738281,
      26.946645736694336,
      40.62512969970703,
      14.596427917480469,
      15.2449369430542,
      16.89132308959961,
      21.32422637939453,
      19.08013343811035,
      22.960594177246094,
      17.036340713500977,
      22.9217472076416,
      19.295032501220703,
      43.25515365600586,
      21.615345001220703,
      26.391935348510742,
      25.760854721069336,
      3.5302062034606934
    ],
    [
      86.39204406738281,
      95.93233489990234,
      26.861953735351562,
      38.66810989379883,
      13.945837020874023,
      13.278156280517578,
      14.952741622924805,
      19.059904098510742,
      17.986719131469727,
      21.28019905090332,
      18.559785842895508,
      22.644887924194336,
      21.918962478637695,
      43.30183410644531,
      19.76768684387207,
      27.8624324798584,
      26.146385192871094,
      3.6605517864227295
    ],
    [
      26.946645736694336,
      26.861953735351562,
      35.50520706176758,
      27.695005416870117,
      21.04241371154785,
      14.262533187866211,
      15.337628364562988,
      13.105380058288574,
      17.802879333496094,
      17.571977615356445,
      21.38498878479004,
      17.25345802307129,
      20.741897583007812,
      29.454757690429688,
      15.045906066894531,
      17.753015518188477,
      28.3668270111084,
      1.8699833154678345
    ],
    [
      40.62512969970703,
      38.66810989379883,
      27.695005416870117,
      46.184627532958984,
      20.244230270385742,
      18.404809951782227,
      19.72124481201172,
      19.485071182250977,
      20.688722610473633,
      24.063880920410156,
      18.952678680419922,
      22.78055763244629,
      19.91854476928711,
      38.53411865234375,
      16.066547393798828,
      22.64746856689453,
      21.486234664916992,
      2.436736822128296
    ],
    [
      14.596427917480469,
      13.945837020874023,
      21.04241371154785,
      20.244230270385742,
      42.53568649291992,
      17.985111236572266,
      32.61936569213867,
      16.82035255432129,
      27.856613159179688,
      19.58478546142578,
      38.0747184753418,
      22.410459518432617,
      34.11417007446289,
      35.652530670166016,
      27.087230682373047,
      22.131446838378906,
      42.953269958496094,
      1.2704641819000244
    ],
    [
      15.2449369430542,
      13.278156280517578,
      14.262533187866211,
      18.404809951782227,
      17.985111236572266,
      31.475875854492188,
      18.641786575317383,
      16.442001342773438,
      18.07178497314453,
      18.971851348876953,
      19.08785629272461,
      18.753339767456055,
      14.821735382080078,
      28.48064422607422,
      12.024234771728516,
      17.082887649536133,
      21.694799423217773,
      2.0284411907196045
    ],
    [
      16.89132308959961,
      14.952741622924805,
      15.337628364562988,
      19.72124481201172,
      32.61936569213867,
      18.641786575317383,
      58.56258773803711,
      23.918729782104492,
      40.9356575012207,
      21.64235496520996,
      53.1509895324707,
      27.51371192932129,
      48.06148147583008,
      37.53840255737305,
      49.51095199584961,
      30.36921501159668,
      53.14228439331055,
      1.4958802461624146
    ],
    [
      21.32422637939453,
      19.059904098510742,
      13.105380058288574,
      19.485071182250977,
      16.82035255432129,
      16.442001342773438,
      23.918729782104492,
      26.232519149780273,
      21.068952560424805,
      20.989648818969727,
      21.980789184570312,
      21.604782104492188,
      19.023080825805664,
      31.978242874145508,
      13.779454231262207,
      20.710186004638672,
      18.960878372192383,
      2.199662208557129
    ],
    [
      19.08013343811035,
      17.986719131469727,
      17.802879333496094,
      20.688722610473633,
      27.856613159179688,
      18.07178497314453,
      40.9356575012207,
      21.068952560424805,
      61.654178619384766,
      30.368595123291016,
      60.319923400878906,
      31.709735870361328,
      53.84626007080078,
      41.19194412231445,
      56.66984176635742,
      33.00104522705078,
      59.78356170654297,
      2.1579060554504395
    ],
    [
      22.960594177246094,
      21.28019905090332,
      17.571977615356445,
      24.063880920410156,
      19.58478546142578,
      18.971851348876953,
      21.64235496520996,
      20.989648818969727,
      30.368595123291016,
      35.49664306640625,
      25.923261642456055,
      27.07830238342285,
      22.24337387084961,
      37.78427505493164,
      17.375499725341797,
      24.047161102294922,
      23.65045166015625,
      2.1222240924835205
    ],
    [
      17.036340713500977,
      18.559785842895508,
      21.38498878479004,
      18.952678680419922,
      38.0747184753418,
      19.08785629272461,
      53.1509895324707,
      21.980789184570312,
      60.319923400878906,
      25.923261642456055,
      97.62858581542969,
      40.168426513671875,
      91.4847412109375,
      51.2277946472168,
      88.73075866699219,
      41.753334045410156,
      97.34839630126953,
      2.4310145378112793
    ],
    [
      22.9217472076416,
      22.644887924194336,
      17.25345802307129,
      22.78055763244629,
      22.410459518432617,
      18.753339767456055,
      27.51371192932129,
      21.604782104492188,
      31.709735870361328,
      27.07830238342285,
      40.168426513671875,
      38.409027099609375,
      35.75181198120117,
      46.966224670410156,
      26.87744903564453,
      31.666597366333008,
      33.91935729980469,
      2.9157307147979736
    ],
    [
      19.295032501220703,
      21.918962478637695,
      20.741897583007812,
      19.91854476928711,
      34.11417007446289,
      14.821735382080078,
      48.06148147583008,
      19.023080825805664,
      53.84626007080078,
      22.24337387084961,
      91.4847412109375,
      35.75181198120117,
      125.7105484008789,
      51.56874465942383,
      110.2363052368164,
      43.130611419677734,
      114.60665130615234,
      2.9047484397888184
    ],
    [
      43.25515365600586,
      43.30183410644531,
      29.454757690429688,
      38.53411865234375,
      35.652530670166016,
      28.48064422607422,
      37.53840255737305,
      31.978242874145508,
      41.19194412231445,
      37.78427505493164,
      51.2277946472168,
      46.966224670410156,
      51.56874465942383,
      97.59255981445312,
      32.381080627441406,
      56.021018981933594,
      62.30638885498047,
      5.816051959991455
    ],
    [
      21.615345001220703,
      19.76768684387207,
      15.045906066894531,
      16.066547393798828,
      27.087230682373047,
      12.024234771728516,
      49.51095199584961,
      13.779454231262207,
      56.66984176635742,
      17.375499725341797,
      88.73075866699219,
      26.87744903564453,
      110.2363052368164,
      32.381080627441406,
      163.6775360107422,
      36.72196960449219,
      132.59246826171875,
      1.0479755401611328
    ],
    [
      26.391935348510742,
      27.8624324798584,
      17.753015518188477,
      22.64746856689453,
      22.131446838378906,
      17.082887649536133,
      30.36921501159668,
      20.710186004638672,
      33.00104522705078,
      24.047161102294922,
      41.753334045410156,
      31.666597366333008,
      43.130611419677734,
      56.021018981933594,
      36.72196960449219,
      56.924766540527344,
      44.0929069519043,
      6.753713607788086
    ],
    [
      25.760854721069336,
      26.146385192871094,
      28.3668270111084,
      21.486234664916992,
      42.953269958496094,
      21.694799423217773,
      53.14228439331055,
      18.960878372192383,
      59.78356170654297,
      23.65045166015625,
      97.34839630126953,
      33.91935729980469,
      114.60665130615234,
      62.30638885498047,
      132.59246826171875,
      44.0929069519043,
      156.9716033935547,
      1.8307527303695679
    ],
    [
      3.5302062034606934,
      3.6605517864227295,
      1.8699833154678345,
      2.436736822128296,
      1.2704641819000244,
      2.0284411907196045,
      1.4958802461624146,
      2.199662208557129,
      2.1579060554504395,
      2.1222240924835205,
      2.4310145378112793,
      2.9157307147979736,
      2.9047484397888184,
      5.816051959991455,
      1.0479755401611328,
      6.753713607788086,
      1.8307527303695679,
      3.7547123432159424
    ]
  ],
  "damage": -8.02940559387207,
  "diff_bandwidth": 848.4706420898438,
  "dissonance": 7.118654992216752,
  "drr": 7.024184226989746,
  "dynamics": 4.282202243804932,
  "format": 1245190,
  "frames": 4885440,
  "loudness": -13.417376518249512,
  "loudness_range": 12.028541564941406,
  "loudness_range_short": 13.680587768554688,
  "lowpass_true_peak_15khz": -0.38361090421676636,
  "mastering3_acoustic_entropies": [
    {
      "acoustic_entropy": 9.470983505249023,
      "acoustic_entropy_mono": 8.450196266174316,
      "band_eliminated_acoustic_entropies": [
        {
          "acoustic_entropy": 9.467066764831543,
          "acoustic_entropy_side": 9.470612525939941,
          "hz": 129.47220167065723
        },
        {
          "acoustic_entropy": 9.685832023620605,
          "acoustic_entropy_side": 9.455041885375977,
          "hz": 202.92927478742237
        },
        {
          "acoustic_entropy": 10.549744606018066,
          "acoustic_entropy_side": 9.642850875854492,
          "hz": 282.89161906338205
        },
        {
          "acoustic_entropy": 10.163718223571777,
          "acoustic_entropy_side": 9.295087814331055,
          "hz": 369.9353335868758
        },
        {
          "acoustic_entropy": 9.835801124572754,
          "acoustic_entropy_side": 9.45258903503418,
          "hz": 464.6875360973435
        },
        {
          "acoustic_entropy": 8.881458282470703,
          "acoustic_entropy_side": 8.143566131591797,
          "hz": 567.8308811364784
        },
        {
          "acoustic_entropy": 10.349759101867676,
          "acoustic_entropy_side": 9.634228706359863,
          "hz": 680.1084783214808
        },
        {
          "acoustic_entropy": 9.374253273010254,
          "acoustic_entropy_side": 9.85322380065918,
          "hz": 802.3292461747484
        },
        {
          "acoustic_entropy": 9.488316535949707,
          "acoustic_entropy_side": 9.147199630737305,
          "hz": 935.3737400823702
        },
        {
          "acoustic_entropy": 9.474309921264648,
          "acoustic_entropy_side": 10.088696479797363,
          "hz": 1080.2004963696966
        },
        {
          "acoustic_entropy": 9.002622604370117,
          "acoustic_entropy_side": 9.392843246459961,
          "hz": 1237.8529382007157
        },
        {
          "acoustic_entropy": 9.950676918029785,
          "acoustic_entropy_side": 9.268016815185547,
          "hz": 1409.4668930556702
        },
        {
          "acoustic_entropy": 9.617231369018555,
          "acoustic_entropy_side": 9.330711364746094,
          "hz": 1596.2787759475705
        },
        {
          "acoustic_entropy": 9.208670616149902,
          "acoustic_entropy_side": 9.271821022033691,
          "hz": 1799.6344973346393
        },
        {
          "acoustic_entropy": 9.571859359741211,
          "acoustic_entropy_side": 9.263101577758789,
          "hz": 2020.9991599069049
        },
        {
          "acoustic_entropy": 9.748407363891602,
          "acoustic_entropy_side": 9.268668174743652,
          "hz": 2261.9676141086993
        },
        {
          "acoustic_entropy": 9.529085159301758,
          "acoustic_entropy_side": 9.442643165588379,
          "hz": 2524.2759484456974
        },
        {
          "acoustic_entropy": 9.234635353088379,
          "acoustic_entropy_side": 9.46756362915039,
          "hz": 2809.813997359896
        },
        {
          "acoustic_entropy": 9.154081344604492,
          "acoustic_entropy_side": 9.4688138961792,
          "hz": 3120.6389567871424
        },
        {
          "acoustic_entropy": 9.807273864746094,
          "acoustic_entropy_side": 9.46114730834961,
          "hz": 3458.990205492291
        },
        {
          "acoustic_entropy": 9.45524787902832,
          "acoustic_entropy_side": 9.459161758422852,
          "hz": 3827.305438964164
        },
        {
          "acoustic_entropy": 9.716832160949707,
          "acoustic_entropy_side": 9.477540969848633,
          "hz": 4228.238232109126
        },
        {
          "acoustic_entropy": 10.269612312316895,
          "acoustic_entropy_side": 9.44217586517334,
          "hz": 4664.6771572759235
        },
        {
          "acoustic_entropy": 9.663152694702148,
          "acoustic_entropy_side": 9.458111763000488,
          "hz": 5139.766595350093
        },
        {
          "acoustic_entropy": 9.583952903747559,
          "acoustic_entropy_side": 9.476309776306152,
          "hz": 5656.929389854203
        },
        {
          "acoustic_entropy": 9.38252067565918,
          "acoustic_entropy_side": 9.468608856201172,
          "hz": 6219.891507268283
        },
        {
          "acoustic_entropy": 9.451692581176758,
          "acoustic_entropy_side": 9.470099449157715,
          "hz": 6832.70888123896
        },
        {
          "acoustic_entropy": 9.377577781677246,
          "acoustic_entropy_side": 9.470810890197754,
          "hz": 7499.796634079867
        },
        {
          "acoustic_entropy": 9.706482887268066,
          "acoustic_entropy_side": 9.470988273620605,
          "hz": 8225.96088609342
        },
        {
          "acoustic_entropy": 9.479262351989746,
          "acoustic_entropy_side": 9.470975875854492,
          "hz": 9016.43338188839
        },
        {
          "acoustic_entropy": 9.232490539550781,
          "acoustic_entropy_side": 9.470963478088379,
          "hz": 9876.909183162974
        },
        {
          "acoustic_entropy": 9.308046340942383,
          "acoustic_entropy_side": 9.470998764038086,
          "hz": 10813.587699516042
        },
        {
          "acoustic_entropy": 9.303608894348145,
          "acoustic_entropy_side": 9.470982551574707,
          "hz": 11833.21735289826
        },
        {
          "acoustic_entropy": 9.427567481994629,
          "acoustic_entropy_side": 9.470982551574707,
          "hz": 12943.144197493959
        },
        {
          "acoustic_entropy": 9.465312957763672,
          "acoustic_entropy_side": 9.470983505249023,
          "hz": 14151.364845322005
        },
        {
          "acoustic_entropy": 9.470108032226562,
          "acoustic_entropy_side": 9.470983505249023,
          "hz": 15466.58407886509
        },
        {
          "acoustic_entropy": 9.471283912658691,
          "acoustic_entropy_side": 9.470983505249023,
          "hz": 16898.27756580493
        },
        {
          "acoustic_entropy": 9.471026420593262,
          "acoustic_entropy_side": 9.470983505249023,
          "hz": 18456.760127700032
        },
        {
          "acoustic_entropy": 9.470978736877441,
          "acoustic_entropy_side": 9.470983505249023,
          "hz": 20153.260054456492
        },
        {
          "acoustic_entropy": 9.470982551574707,
          "acoustic_entropy_side": 9.470983505249023,
          "hz": 22000.00000000001
        }
      ],
      "diff_acoustic_entropy": 5.720845699310303,
      "sn": 6
    },
    {
      "acoustic_entropy": 13.92276382446289,
      "acoustic_entropy_mono": 12.218391418457031,
      "band_eliminated_acoustic_entropies": [
        {
          "acoustic_entropy": 13.894573211669922,
          "acoustic_entropy_side": 13.91891860961914,
          "hz": 129.47220167065723
        },
        {
          "acoustic_entropy": 14.421623229980469,
          "acoustic_entropy_side": 14.312016487121582,
          "hz": 202.92927478742237
        },
        {
          "acoustic_entropy": 13.894133567810059,
          "acoustic_entropy_side": 14.091025352478027,
          "hz": 282.89161906338205
        },
        {
          "acoustic_entropy": 14.462955474853516,
          "acoustic_entropy_side": 13.837307929992676,
          "hz": 369.9353335868758
        },
        {
          "acoustic_entropy": 13.763773918151855,
          "acoustic_entropy_side": 13.690220832824707,
          "hz": 464.6875360973435
        },
        {
          "acoustic_entropy": 12.890426635742188,
          "acoustic_entropy_side": 11.893924713134766,
          "hz": 567.8308811364784
        },
        {
          "acoustic_entropy": 14.277889251708984,
          "acoustic_entropy_side": 13.778045654296875,
          "hz": 680.1084783214808
        },
        {
          "acoustic_entropy": 14.588971138000488,
          "acoustic_entropy_side": 14.400668144226074,
          "hz": 802.3292461747484
        },
        {
          "acoustic_entropy": 13.710984230041504,
          "acoustic_entropy_side": 13.377845764160156,
          "hz": 935.3737400823702
        },
        {
          "acoustic_entropy": 13.91297721862793,
          "acoustic_entropy_side": 13.9663724899292,
          "hz": 1080.2004963696966
        },
        {
          "acoustic_entropy": 14.519859313964844,
          "acoustic_entropy_side": 14.503464698791504,
          "hz": 1237.8529382007157
        },
        {
          "acoustic_entropy": 14.447944641113281,
          "acoustic_entropy_side": 14.112519264221191,
          "hz": 1409.4668930556702
        },
        {
          "acoustic_entropy": 14.319292068481445,
          "acoustic_entropy_side": 13.588918685913086,
          "hz": 1596.2787759475705
        },
        {
          "acoustic_entropy": 14.017757415771484,
          "acoustic_entropy_side": 13.568140029907227,
          "hz": 1799.6344973346393
        },
        {
          "acoustic_entropy": 13.609745025634766,
          "acoustic_entropy_side": 13.631413459777832,
          "hz": 2020.9991599069049
        },
        {
          "acoustic_entropy": 14.208524703979492,
          "acoustic_entropy_side": 13.647848129272461,
          "hz": 2261.9676141086993
        },
        {
          "acoustic_entropy": 13.84764289855957,
          "acoustic_entropy_side": 13.65412712097168,
          "hz": 2524.2759484456974
        },
        {
          "acoustic_entropy": 13.749773025512695,
          "acoustic_entropy_side": 13.851767539978027,
          "hz": 2809.813997359896
        },
        {
          "acoustic_entropy": 13.9968900680542,
          "acoustic_entropy_side": 13.891294479370117,
          "hz": 3120.6389567871424
        },
        {
          "acoustic_entropy": 14.191610336303711,
          "acoustic_entropy_side": 13.9827299118042,
          "hz": 3458.990205492291
        },
        {
          "acoustic_entropy": 14.001910209655762,
          "acoustic_entropy_side": 14.029361724853516,
          "hz": 3827.305438964164
        },
        {
          "acoustic_entropy": 13.81883430480957,
          "acoustic_entropy_side": 13.986207962036133,
          "hz": 4228.238232109126
        },
        {
          "acoustic_entropy": 14.119815826416016,
          "acoustic_entropy_side": 14.094176292419434,
          "hz": 4664.6771572759235
        },
        {
          "acoustic_entropy": 14.268777847290039,
          "acoustic_entropy_side": 14.030369758605957,
          "hz": 5139.766595350093
        },
        {
          "acoustic_entropy": 14.009130477905273,
          "acoustic_entropy_side": 14.005350112915039,
          "hz": 5656.929389854203
        },
        {
          "acoustic_entropy": 13.75379753112793,
          "acoustic_entropy_side": 13.92347240447998,
          "hz": 6219.891507268283
        },
        {
          "acoustic_entropy": 14.123260498046875,
          "acoustic_entropy_side": 13.923973083496094,
          "hz": 6832.70888123896
        },
        {
          "acoustic_entropy": 13.636536598205566,
          "acoustic_entropy_side": 13.922966003417969,
          "hz": 7499.796634079867
        },
        {
          "acoustic_entropy": 14.415201187133789,
          "acoustic_entropy_side": 13.922188758850098,
          "hz": 8225.96088609342
        },
        {
          "acoustic_entropy": 13.887566566467285,
          "acoustic_entropy_side": 13.922266960144043,
          "hz": 9016.43338188839
        },
        {
          "acoustic_entropy": 13.736615180969238,
          "acoustic_entropy_side": 13.922945022583008,
          "hz": 9876.909183162974
        },
        {
          "acoustic_entropy": 14.246692657470703,
          "acoustic_entropy_side": 13.923050880432129,
          "hz": 10813.587699516042
        },
        {
          "acoustic_entropy": 14.112521171569824,
          "acoustic_entropy_side": 13.92289924621582,
          "hz": 11833.21735289826
        },
        {
          "acoustic_entropy": 14.173169136047363,
          "acoustic_entropy_side": 13.922799110412598,
          "hz": 12943.144197493959
        },
        {
          "acoustic_entropy": 14.093565940856934,
          "acoustic_entropy_side": 13.922765731811523,
          "hz": 14151.364845322005
        },
        {
          "acoustic_entropy": 13.933772087097168,
          "acoustic_entropy_side": 13.922760963439941,
          "hz": 15466.58407886509
        },
        {
          "acoustic_entropy": 13.926597595214844,
          "acoustic_entropy_side": 13.92276382446289,
          "hz": 16898.27756580493
        },
        {
          "acoustic_entropy": 13.924616813659668,
          "acoustic_entropy_side": 13.92276382446289,
          "hz": 18456.760127700032
        },
        {
          "acoustic_entropy": 13.923535346984863,
          "acoustic_entropy_side": 13.92276382446289,
          "hz": 20153.260054456492
        },
        {
          "acoustic_entropy": 13.922765731811523,
          "acoustic_entropy_side": 13.92276382446289,
          "hz": 22000.00000000001
        }
      ],
      "diff_acoustic_entropy": 10.062247276306152,
      "sn": 12
    },
    {
      "acoustic_entropy": 21.07880210876465,
      "acoustic_entropy_mono": 18.70203399658203,
      "band_eliminated_acoustic_entropies": [
        {
          "acoustic_entropy": 19.9520320892334,
          "acoustic_entropy_side": 20.96147346496582,
          "hz": 129.47220167065723
        },
        {
          "acoustic_entropy": 20.627674102783203,
          "acoustic_entropy_side": 20.6699275970459,
          "hz": 202.92927478742237
        },
        {
          "acoustic_entropy": 20.972131729125977,
          "acoustic_entropy_side": 20.80378532409668,
          "hz": 282.89161906338205
        },
        {
          "acoustic_entropy": 20.501998901367188,
          "acoustic_entropy_side": 21.210908889770508,
          "hz": 369.9353335868758
        },
        {
          "acoustic_entropy": 19.774005889892578,
          "acoustic_entropy_side": 20.437849044799805,
          "hz": 464.6875360973435
        },
        {
          "acoustic_entropy": 19.963571548461914,
          "acoustic_entropy_side": 19.366544723510742,
          "hz": 567.8308811364784
        },
        {
          "acoustic_entropy": 21.261316299438477,
          "acoustic_entropy_side": 20.082378387451172,
          "hz": 680.1084783214808
        },
        {
          "acoustic_entropy": 20.03206443786621,
          "acoustic_entropy_side": 21.37436866760254,
          "hz": 802.3292461747484
        },
        {
          "acoustic_entropy": 20.378252029418945,
          "acoustic_entropy_side": 21.52662467956543,
          "hz": 935.3737400823702
        },
        {
          "acoustic_entropy": 21.403127670288086,
          "acoustic_entropy_side": 21.255828857421875,
          "hz": 1080.2004963696966
        },
        {
          "acoustic_entropy": 20.527387619018555,
          "acoustic_entropy_side": 20.108661651611328,
          "hz": 1237.8529382007157
        },
        {
          "acoustic_entropy": 20.462915420532227,
          "acoustic_entropy_side": 20.680543899536133,
          "hz": 1409.4668930556702
        },
        {
          "acoustic_entropy": 21.703575134277344,
          "acoustic_entropy_side": 20.426626205444336,
          "hz": 1596.2787759475705
        },
        {
          "acoustic_entropy": 20.521076202392578,
          "acoustic_entropy_side": 21.023948669433594,
          "hz": 1799.6344973346393
        },
        {
          "acoustic_entropy": 21.273677825927734,
          "acoustic_entropy_side": 20.9973201751709,
          "hz": 2020.9991599069049
        },
        {
          "acoustic_entropy": 19.87628746032715,
          "acoustic_entropy_side": 20.451454162597656,
          "hz": 2261.9676141086993
        },
        {
          "acoustic_entropy": 20.24972915649414,
          "acoustic_entropy_side": 20.307342529296875,
          "hz": 2524.2759484456974
        },
        {
          "acoustic_entropy": 20.26910972595215,
          "acoustic_entropy_side": 20.88652992248535,
          "hz": 2809.813997359896
        },
        {
          "acoustic_entropy": 20.334501266479492,
