{
  "acoustic_entropy": 223.70501708984375,
  "bands": [
    {
      "high_freq": 148.1999969482422,
      "loudness": -19.833515167236328,
      "loudness_range": 13.179230690002441,
      "mid_mean": -17.36031150817871,
      "mid_to_side_loudness": -5.996893882751465,
      "mid_to_side_loudness_range": 11.637442588806152,
      "side_mean": -23.447097778320312
    },
    {
      "high_freq": 392.3793640136719,
      "loudness": -18.92226219177246,
      "loudness_range": 8.805144309997559,
      "low_freq": 148.1999969482422,
      "mid_mean": -16.93048095703125,
      "mid_to_side_loudness": -3.8646535873413086,
      "mid_to_side_loudness_range": 8.143325805664062,
      "side_mean": -20.694612503051758
    },
    {
      "high_freq": 794.6976318359375,
      "loudness": -20.677562713623047,
      "loudness_range": 10.651093482971191,
      "low_freq": 392.3793640136719,
      "mid_mean": -18.676420211791992,
      "mid_to_side_loudness": -3.71744966506958,
      "mid_to_side_loudness_range": 6.871589660644531,
      "side_mean": -22.33617401123047
    },
    {
      "high_freq": 1457.5709228515625,
      "loudness": -21.407577514648438,
      "loudness_range": 9.952906608581543,
      "low_freq": 794.6976318359375,
      "mid_mean": -19.392160415649414,
      "mid_to_side_loudness": -3.6511471271514893,
      "mid_to_side_loudness_range": 6.065930366516113,
      "side_mean": -22.931671142578125
    },
    {
      "high_freq": 2549.74365234375,
      "loudness": -24.70503044128418,
      "loudness_range": 11.002887725830078,
      "low_freq": 1457.5709228515625,
      "mid_mean": -22.580190658569336,
      "mid_to_side_loudness": -4.254152774810791,
      "mid_to_side_loudness_range": 5.386131763458252,
      "side_mean": -26.55872344970703
    },
    {
      "high_freq": 4349.24462890625,
      "loudness": -27.165973663330078,
      "loudness_range": 10.795368194580078,
      "low_freq": 2549.74365234375,
      "mid_mean": -25.008283615112305,
      "mid_to_side_loudness": -4.34814453125,
      "mid_to_side_loudness_range": 6.341760158538818,
      "side_mean": -29.034706115722656
    },
    {
      "high_freq": 7314.1640625,
      "loudness": -32.8805046081543,
      "loudness_range": 15.285013198852539,
      "low_freq": 4349.24462890625,
      "mid_mean": -30.595067977905273,
      "mid_to_side_loudness": -5.172702789306641,
      "mid_to_side_loudness_range": 7.5911173820495605,
      "side_mean": -35.47026443481445
    },
    {
      "high_freq": 12199.2666015625,
      "loudness": -37.94072341918945,
      "loudness_range": 19.282657623291016,
      "low_freq": 7314.1640625,
      "mid_mean": -35.342281341552734,
      "mid_to_side_loudness": -6.905783653259277,
      "mid_to_side_loudness_range": 10.862361907958984,
      "side_mean": -42.433353424072266
    },
    {
      "loudness": -46.08953094482422,
      "loudness_range": 24.68126678466797,
      "low_freq": 12199.2666015625,
      "mid_mean": -44.620059967041016,
      "mid_to_side_loudness": -5.879581451416016,
      "mid_to_side_loudness_range": 9.470019340515137,
      "side_mean": -50.99861145019531
    }
  ],
  "bands_short": [
    {
      "high_freq": 148.1999969482422,
      "loudness": -22.1883544921875,
      "loudness_range": 16.955337524414062,
      "mid_mean": -20.045391082763672,
      "mid_to_side_loudness": -5.819810390472412,
      "mid_to_side_loudness_range": 17.632139205932617,
      "side_mean": -26.165111541748047
    },
    {
      "high_freq": 392.3793640136719,
      "loudness": -18.402359008789062,
      "loudness_range": 9.471513748168945,
      "low_freq": 148.1999969482422,
      "mid_mean": -16.499540328979492,
      "mid_to_side_loudness": -4.04088830947876,
      "mid_to_side_loudness_range": 11.0042142868042,
      "side_mean": -20.416364669799805
    },
    {
      "high_freq": 794.6976318359375,
      "loudness": -21.021631240844727,
      "loudness_range": 12.024991035461426,
      "low_freq": 392.3793640136719,
      "mid_mean": -19.24408531188965,
      "mid_to_side_loudness": -3.696507692337036,
      "mid_to_side_loudness_range": 11.452922821044922,
      "side_mean": -22.900083541870117
    },
    {
      "high_freq": 1457.5709228515625,
      "loudness": -21.452049255371094,
      "loudness_range": 11.084940910339355,
      "low_freq": 794.6976318359375,
      "mid_mean": -19.65267562866211,
      "mid_to_side_loudness": -3.623317241668701,
      "mid_to_side_loudness_range": 10.435428619384766,
      "side_mean": -23.18332862854004
    },
    {
      "high_freq": 2549.74365234375,
      "loudness": -24.933252334594727,
      "loudness_range": 12.167890548706055,
      "low_freq": 1457.5709228515625,
      "mid_mean": -22.939897537231445,
      "mid_to_side_loudness": -4.237061500549316,
      "mid_to_side_loudness_range": 8.635326385498047,
      "side_mean": -26.890453338623047
    },
    {
      "high_freq": 4349.24462890625,
      "loudness": -27.251354217529297,
      "loudness_range": 11.436317443847656,
      "low_freq": 2549.74365234375,
      "mid_mean": -25.207923889160156,
      "mid_to_side_loudness": -4.234807014465332,
      "mid_to_side_loudness_range": 8.51993179321289,
      "side_mean": -29.113262176513672
    },
    {
      "high_freq": 7314.1640625,
      "loudness": -33.1492805480957,
      "loudness_range": 15.752510070800781,
      "low_freq": 4349.24462890625,
      "mid_mean": -30.971818923950195,
      "mid_to_side_loudness": -4.91256046295166,
      "mid_to_side_loudness_range": 9.136600494384766,
      "side_mean": -35.59685134887695
    },
    {
      "high_freq": 12199.2666015625,
      "loudness": -38.63317108154297,
      "loudness_range": 19.622201919555664,
      "low_freq": 7314.1640625,
      "mid_mean": -36.28559875488281,
      "mid_to_side_loudness": -6.136030673980713,
      "mid_to_side_loudness_range": 10.92690658569336,
      "side_mean": -42.64892578125
    },
    {
      "loudness": -46.711055755615234,
      "loudness_range": 20.460430145263672,
      "low_freq": 12199.2666015625,
      "mid_mean": -45.30402374267578,
      "mid_to_side_loudness": -5.604660987854004,
      "mid_to_side_loudness_range": 9.59488582611084,
      "side_mean": -51.39714813232422
    }
  ],
  "bandwidth": 504.6419677734375,
  "channels": 2,
  "covariance": [
    [
      27.69598960876465,
      16.412534713745117,
      8.50353717803955,
      5.325835227966309,
      8.346002578735352,
      6.905409336090088,
      4.832723617553711,
      5.315669059753418,
      4.765785217285156,
      3.585019111633301,
      5.704113006591797,
      2.7556467056274414,
      7.663458347320557,
      2.452958345413208,
      8.419571876525879,
      1.9691250324249268,
      14.125868797302246,
      8.09852123260498
    ],
    [
      16.412534713745117,
      23.58245277404785,
      6.6703996658325195,
      5.977867126464844,
      7.086087226867676,
      6.824914455413818,
      5.806270599365234,
      6.117028713226318,
      5.015824794769287,
      4.763948917388916,
      4.983029842376709,
      2.044083833694458,
      5.747681140899658,
      1.8274171352386475,
      4.462780475616455,
      0.9202408790588379,
      10.717528343200684,
      7.239018440246582
    ],
    [
      8.50353717803955,
      6.6703996658325195,
      17.967060089111328,
      13.425644874572754,
      8.00527286529541,
      9.070537567138672,
      7.019673824310303,
      7.834768295288086,
      9.593748092651367,
      8.590643882751465,
      4.601139545440674,
      2.542534351348877,
      3.5606532096862793,
      0.7412421107292175,
      1.2563875913619995,
      -0.4155053198337555,
      11.614461898803711,
      9.529746055603027
    ],
    [
      5.325835227966309,
      5.977867126464844,
      13.425644874572754,
      20.065942764282227,
      8.081762313842773,
      9.10944652557373,
      6.653535842895508,
      7.576683044433594,
      6.885619163513184,
      6.138171672821045,
      2.349006414413452,
      1.5132250785827637,
      -0.3478165566921234,
      -0.8066104054450989,
      -2.5074806213378906,
      -1.7767513990402222,
      8.347834587097168,
      8.079178810119629
    ],
    [
      8.346002578735352,
      7.086087226867676,
      8.00527286529541,
      8.081762313842773,
      19.68827247619629,
      16.279863357543945,
      10.024768829345703,
      9.901293754577637,
      12.853114128112793,
      11.987401008605957,
      9.588079452514648,
      8.524192810058594,
      8.193814277648926,
      6.810265064239502,
      6.085782527923584,
      3.6565968990325928,
      14.107953071594238,
      12.85616397857666
    ],
    [
      6.905409336090088,
      6.824914455413818,
      9.070537567138672,
      9.10944652557373,
      16.279863357543945,
      21.446788787841797,
      11.639921188354492,
      12.06882095336914,
      13.019123077392578,
      13.498677253723145,
      9.255626678466797,
      8.743042945861816,
      7.024435520172119,
      6.48032283782959,
      3.810703754425049,
      3.3453502655029297,
      13.29301929473877,
      13.298126220703125
    ],
    [
      4.832723617553711,
      5.806270599365234,
      7.019673824310303,
      6.653535842895508,
      10.024768829345703,
      11.639921188354492,
      20.311466217041016,
      18.12645721435547,
      15.635843276977539,
      13.472704887390137,
      11.097352981567383,
      10.63873291015625,
      8.363808631896973,
      8.004703521728516,
      6.676656246185303,
      5.780622959136963,
      16.38146209716797,
      16.134923934936523
    ],
    [
      5.315669059753418,
      6.117028713226318,
      7.834768295288086,
      7.576683044433594,
      9.901293754577637,
      12.06882095336914,
      18.12645721435547,
      23.496858596801758,
      14.407376289367676,
      13.942883491516113,
      11.376968383789062,
      10.881269454956055,
      8.72751235961914,
      7.790215969085693,
      6.493921756744385,
      5.80072546005249,
      16.04790687561035,
      16.854644775390625
    ],
    [
      4.765785217285156,
      5.015824794769287,
      9.593748092651367,
      6.885619163513184,
      12.853114128112793,
      13.019123077392578,
      15.635843276977539,
      14.407376289367676,
      26.90255355834961,
      21.379520416259766,
      17.676809310913086,
      13.55024528503418,
      15.667620658874512,
      12.148958206176758,
      12.184605598449707,
      7.951606273651123,
      21.057260513305664,
      18.958044052124023
    ],
    [
      3.585019111633301,
      4.763948917388916,
      8.590643882751465,
      6.138171672821045,
      11.987401008605957,
      13.498677253723145,
      13.472704887390137,
      13.942883491516113,
      21.379520416259766,
      23.602535247802734,
      16.014066696166992,
      12.982555389404297,
      13.306743621826172,
      11.25989055633545,
      8.53682804107666,
      6.9240312576293945,
      15.193170547485352,
      15.840035438537598
    ],
    [
      5.704113006591797,
      4.983029842376709,
      4.601139545440674,
      2.349006414413452,
      9.588079452514648,
      9.255626678466797,
      11.097352981567383,
      11.376968383789062,
      17.676809310913086,
      16.014066696166992,
      24.161832809448242,
      16.380311965942383,
      22.79525375366211,
      16.440160751342773,
      20.1195125579834,
      14.160717010498047,
      24.782114028930664,
      19.323223114013672
    ],
    [
      2.7556467056274414,
      2.044083833694458,
      2.542534351348877,
      1.5132250785827637,
      8.524192810058594,
      8.743042945861816,
      10.63873291015625,
      10.881269454956055,
      13.55024528503418,
      12.982555389404297,
      16.380311965942383,
      18.7418212890625,
      13.802801132202148,
      14.157907485961914,
      12.380359649658203,
      11.056699752807617,
      15.362648010253906,
      14.092101097106934
    ],
    [
      7.663458347320557,
      5.747681140899658,
      3.5606532096862793,
      -0.3478165566921234,
      8.193814277648926,
      7.024435520172119,
      8.363808631896973,
      8.72751235961914,
      15.667620658874512,
      13.306743621826172,
      22.79525375366211,
      13.802801132202148,
      33.338401794433594,
      20.718355178833008,
      33.8192024230957,
      20.548458099365234,
      36.14981460571289,
      24.924209594726562
    ],
    [
      2.452958345413208,
      1.8274171352386475,
      0.7412421107292175,
      -0.8066104054450989,
      6.810265064239502,
      6.48032283782959,
      8.004703521728516,
      7.790215969085693,
      12.148958206176758,
      11.25989055633545,
      16.440160751342773,
      14.157907485961914,
      20.718355178833008,
      20.455049514770508,
      21.42470359802246,
      18.149293899536133,
      23.88643455505371,
      18.821266174316406
    ],
    [
      8.419571876525879,
      4.462780475616455,
      1.2563875913619995,
      -2.5074806213378906,
      6.085782527923584,
      3.810703754425049,
      6.676656246185303,
      6.493921756744385,
      12.184605598449707,
      8.53682804107666,
      20.1195125579834,
      12.380359649658203,
      33.8192024230957,
      21.42470359802246,
      45.45730209350586,
      23.945344924926758,
      44.43772888183594,
      28.3380126953125
    ],
    [
      1.9691250324249268,
      0.9202408790588379,
      -0.4155053198337555,
      -1.7767513990402222,
      3.6565968990325928,
      3.3453502655029297,
      5.780622959136963,
      5.80072546005249,
      7.951606273651123,
      6.9240312576293945,
      14.160717010498047,
      11.056699752807617,
      20.548458099365234,
      18.149293899536133,
      23.945344924926758,
      22.912809371948242,
      27.762380599975586,
      23.7581729888916
    ],
    [
      14.125868797302246,
      10.717528343200684,
      11.614461898803711,
      8.347834587097168,
      14.107953071594238,
      13.29301929473877,
      16.38146209716797,
      16.04790687561035,
      21.057260513305664,
      15.193170547485352,
      24.782114028930664,
      15.362648010253906,
      36.14981460571289,
      23.88643455505371,
      44.43772888183594,
      27.762380599975586,
      72.97398376464844,
      53.19173049926758
    ],
    [
      8.09852123260498,
      7.239018440246582,
      9.529746055603027,
      8.079178810119629,
      12.85616397857666,
      13.298126220703125,
      16.134923934936523,
      16.854644775390625,
      18.958044052124023,
      15.840035438537598,
      19.323223114013672,
      14.092101097106934,
      24.924209594726562,
      18.821266174316406,
      28.3380126953125,
      23.7581729888916,
      53.19173049926758,
      53.909759521484375
    ]
  ],
  "covariance_short": [
    [
      45.43681335449219,
      24.486162185668945,
      10.441375732421875,
      5.560186862945557,
      8.097100257873535,
      6.349590301513672,
      5.326289653778076,
      5.240626335144043,
      4.902864933013916,
      2.83730149269104,
      5.899463176727295,
      1.9443882703781128,
      8.05497932434082,
      1.9844965934753418,
      10.074995994567871,
      2.885641574859619,
      14.033953666687012,
      9.035028457641602
    ],
    [
      24.486162185668945,
      43.99858474731445,
      8.037524223327637,
      8.516395568847656,
      7.67018985748291,
      7.092010974884033,
      6.124322414398193,
      6.547059535980225,
      5.411025524139404,
      4.263208389282227,
      4.965997695922852,
      1.6434599161148071,
      5.040259838104248,
      0.6368045806884766,
      5.046441555023193,
      1.1711375713348389,
      11.032997131347656,
      9.623149871826172
    ],
    [
      10.441375732421875,
      8.037524223327637,
      21.608247756958008,
      11.65308952331543,
      8.25483226776123,
      8.685051918029785,
      6.908713340759277,
      7.226025581359863,
      8.610965728759766,
      6.915482521057129,
      4.18813419342041,
      1.7152149677276611,
      3.8080663681030273,
      0.5292106866836548,
      3.197594404220581,
      -0.4683608412742615,
      13.285115242004395,
      9.132122039794922
    ],
    [
      5.560186862945557,
      8.516395568847656,
      11.65308952331543,
      20.09166145324707,
      8.028292655944824,
      9.273805618286133,
      5.498431205749512,
      6.196808338165283,
      5.909517288208008,
      4.849143981933594,
      2.2580320835113525,
      1.2832598686218262,
      0.5093206167221069,
      -0.513042688369751,
      -0.42768847942352295,
      -1.3716684579849243,
      8.738984107971191,
      7.2370100021362305
    ],
    [
      8.097100257873535,
      7.67018985748291,
      8.25483226776123,
      8.028292655944824,
      24.29549217224121,
      16.47294807434082,
      10.504082679748535,
      10.743032455444336,
      12.843198776245117,
      11.802702903747559,
      9.768795013427734,
      8.582879066467285,
      8.5712890625,
      6.962472438812256,
      7.142852783203125,
      3.876648426055908,
      15.430279731750488,
      13.76663875579834
    ],
    [
      6.349590301513672,
      7.092010974884033,
      8.685051918029785,
      9.273805618286133,
      16.47294807434082,
      26.32758331298828,
      11.720355033874512,
      12.398467063903809,
      13.136239051818848,
      13.01080322265625,
      9.323379516601562,
      8.621048927307129,
      7.200865268707275,
      6.458441734313965,
      4.3957414627075195,
      3.548628807067871,
      14.110089302062988,
      14.002063751220703
    ],
    [
      5.326289653778076,
      6.124322414398193,
      6.908713340759277,
      5.498431205749512,
      10.504082679748535,
      11.720355033874512,
      24.392738342285156,
      17.590253829956055,
      16.911943435668945,
      13.988592147827148,
      11.89468765258789,
      10.772355079650879,
      9.166375160217285,
      8.326690673828125,
      6.93229341506958,
      6.074034690856934,
      17.493864059448242,
      16.47945213317871
    ],
    [
      5.240626335144043,
      6.547059535980225,
      7.226025581359863,
      6.196808338165283,
      10.743032455444336,
      12.398467063903809,
      17.590253829956055,
      26.58270263671875,
      15.569933891296387,
      14.511191368103027,
      11.844476699829102,
      10.850743293762207,
      9.190576553344727,
      7.96077299118042,
      7.080278396606445,
      5.954373836517334,
      17.34867286682129,
      17.459186553955078
    ],
    [
      4.902864933013916,
      5.411025524139404,
      8.610965728759766,
      5.909517288208008,
      12.843198776245117,
      13.136239051818848,
      16.911943435668945,
      15.569933891296387,
      30.306476593017578,
      21.680065155029297,
      18.35061264038086,
      13.645809173583984,
      16.41399383544922,
      12.421346664428711,
      12.890690803527832,
      8.287691116333008,
      22.10781478881836,
      19.39895248413086
    ],
    [
      2.83730149269104,
      4.263208389282227,
      6.915482521057129,
      4.849143981933594,
      11.802702903747559,
      13.01080322265625,
      13.988592147827148,
      14.511191368103027,
      21.680065155029297,
      26.191856384277344,
      16.147937774658203,
      13.138559341430664,
      13.7354154586792,
      11.195218086242676,
      9.449332237243652,
      7.165633201599121,
      15.778462409973145,
      16.03006362915039
    ],
    [
      5.899463176727295,
      4.965997695922852,
      4.18813419342041,
      2.2580320835113525,
      9.768795013427734,
      9.323379516601562,
      11.89468765258789,
      11.844476699829102,
      18.35061264038086,
      16.147937774658203,
      27.09409523010254,
      17.42103385925293,
      24.255962371826172,
      17.34381103515625,
      21.987468719482422,
      14.801046371459961,
      25.759855270385742,
      19.59946060180664
    ],
    [
      1.9443882703781128,
      1.6434599161148071,
      1.7152149677276611,
      1.2832598686218262,
      8.582879066467285,
      8.621048927307129,
      10.772355079650879,
      10.850743293762207,
      13.645809173583984,
      13.138559341430664,
      17.42103385925293,
      21.110048294067383,
      14.659623146057129,
      15.038463592529297,
      12.412060737609863,
      12.032914161682129,
      16.1595458984375,
      14.65186882019043
    ],
    [
      8.05497932434082,
      5.040259838104248,
      3.8080663681030273,
      0.5093206167221069,
      8.5712890625,
      7.200865268707275,
      9.166375160217285,
      9.190576553344727,
      16.41399383544922,
      13.7354154586792,
      24.255962371826172,
      14.659623146057129,
      36.744388580322266,
      22.164775848388672,
      37.073970794677734,
      21.2393741607666,
      37.25362777709961,
      24.493724822998047
    ],
    [
      1.9844965934753418,
      0.6368045806884766,
      0.5292106866836548,
      -0.513042688369751,
      6.962472438812256,
      6.458441734313965,
      8.326690673828125,
      7.96077299118042,
      12.421346664428711,
      11.195218086242676,
      17.34381103515625,
      15.038463592529297,
      22.164775848388672,
      22.345678329467773,
      21.35012435913086,
      18.961076736450195,
      24.063732147216797,
      19.280405044555664
    ],
    [
      10.074995994567871,
      5.046441555023193,
      3.197594404220581,
      -0.42768847942352295,
      7.142852783203125,
      4.3957414627075195,
      6.93229341506958,
      7.080278396606445,
      12.890690803527832,
      9.449332237243652,
      21.987468719482422,
      12.412060737609863,
      37.073970794677734,
      21.35012435913086,
      49.97513961791992,
      23.525131225585938,
      45.698665618896484,
      27.544631958007812
    ],
    [
      2.885641574859619,
      1.1711375713348389,
      -0.4683608412742615,
      -1.3716684579849243,
      3.876648426055908,
      3.548628807067871,
      6.074034690856934,
      5.954373836517334,
      8.287691116333008,
      7.165633201599121,
      14.801046371459961,
      12.032914161682129,
      21.2393741607666,
      18.961076736450195,
      23.525131225585938,
      25.420795440673828,
      27.112157821655273,
      24.396413803100586
    ],
    [
      14.033953666687012,
      11.032997131347656,
      13.285115242004395,
      8.738984107971191,
      15.430279731750488,
      14.110089302062988,
      17.493864059448242,
      17.34867286682129,
      22.10781478881836,
      15.778462409973145,
      25.759855270385742,
      16.1595458984375,
      37.25362777709961,
      24.063732147216797,
      45.698665618896484,
      27.112157821655273,
      72.1236343383789,
      51.459903717041016
    ],
    [
      9.035028457641602,
      9.623149871826172,
      9.132122039794922,
      7.2370100021362305,
      13.76663875579834,
      14.002063751220703,
      16.47945213317871,
      17.459186553955078,
      19.39895248413086,
      16.03006362915039,
      19.59946060180664,
      14.65186882019043,
      24.493724822998047,
      19.280405044555664,
      27.544631958007812,
      24.396413803100586,
      51.459903717041016,
      53.68062973022461
    ]
  ],
  "damage": -4.03212308883667,
  "diff_bandwidth": 536.114013671875,
  "dissonance": 6.474557768094478,
  "drr": 3.1704676151275635,
  "dynamics": 2.2615249156951904,
  "format": 1245190,
  "frames": 12416960,
  "loudness": -9.141083717346191,
  "loudness_range": 5.9856276512146,
  "loudness_range_short": 7.276494026184082,
  "lowpass_true_peak_15khz": 0.7431033849716187,
  "mastering3_acoustic_entropies": [
    {
      "acoustic_entropy": 6.1931610107421875,
      "acoustic_entropy_mono": 6.261790752410889,
      "band_eliminated_acoustic_entropies": [
        {
          "acoustic_entropy": 6.4617719650268555,
          "acoustic_entropy_side": 6.203153133392334,
          "hz": 129.47220167065723
        },
        {
          "acoustic_entropy": 6.808889389038086,
          "acoustic_entropy_side": 6.350482940673828,
          "hz": 202.92927478742237
        },
        {
          "acoustic_entropy": 6.567023754119873,
          "acoustic_entropy_side": 6.449284076690674,
          "hz": 282.89161906338205
        },
        {
          "acoustic_entropy": 6.507990837097168,
          "acoustic_entropy_side": 6.185258865356445,
          "hz": 369.9353335868758
        },
        {
          "acoustic_entropy": 6.472284317016602,
          "acoustic_entropy_side": 6.088466167449951,
          "hz": 464.6875360973435
        },
        {
          "acoustic_entropy": 6.978357791900635,
          "acoustic_entropy_side": 6.395623207092285,
          "hz": 567.8308811364784
        },
        {
          "acoustic_entropy": 5.5700273513793945,
          "acoustic_entropy_side": 6.089727878570557,
          "hz": 680.1084783214808
        },
        {
          "acoustic_entropy": 6.308361053466797,
          "acoustic_entropy_side": 6.178319454193115,
          "hz": 802.3292461747484
        },
        {
          "acoustic_entropy": 6.518698215484619,
          "acoustic_entropy_side": 6.308467864990234,
          "hz": 935.3737400823702
        },
        {
          "acoustic_entropy": 5.704564094543457,
          "acoustic_entropy_side": 6.249090194702148,
          "hz": 1080.2004963696966
        },
        {
          "acoustic_entropy": 6.440201282501221,
          "acoustic_entropy_side": 6.043341636657715,
          "hz": 1237.8529382007157
        },
        {
          "acoustic_entropy": 6.126504421234131,
          "acoustic_entropy_side": 6.157960414886475,
          "hz": 1409.4668930556702
        },
        {
          "acoustic_entropy": 5.86216926574707,
          "acoustic_entropy_side": 5.881980895996094,
          "hz": 1596.2787759475705
        },
        {
          "acoustic_entropy": 6.126143932342529,
          "acoustic_entropy_side": 6.356866359710693,
          "hz": 1799.6344973346393
        },
        {
          "acoustic_entropy": 6.158525466918945,
          "acoustic_entropy_side": 6.207713603973389,
          "hz": 2020.9991599069049
        },
        {
          "acoustic_entropy": 6.269324779510498,
          "acoustic_entropy_side": 6.195741653442383,
          "hz": 2261.9676141086993
        },
        {
          "acoustic_entropy": 6.361820220947266,
          "acoustic_entropy_side": 6.186689853668213,
          "hz": 2524.2759484456974
        },
        {
          "acoustic_entropy": 6.151028156280518,
          "acoustic_entropy_side": 6.175133228302002,
          "hz": 2809.813997359896
        },
        {
          "acoustic_entropy": 6.388694763183594,
          "acoustic_entropy_side": 6.252821445465088,
          "hz": 3120.6389567871424
        },
        {
          "acoustic_entropy": 6.289318084716797,
          "acoustic_entropy_side": 6.192075252532959,
          "hz": 3458.990205492291
        },
        {
          "acoustic_entropy": 6.141776084899902,
          "acoustic_entropy_side": 6.1778974533081055,
          "hz": 3827.305438964164
        },
        {
          "acoustic_entropy": 6.198729991912842,
          "acoustic_entropy_side": 6.180522918701172,
          "hz": 4228.238232109126
        },
        {
          "acoustic_entropy": 6.207580089569092,
          "acoustic_entropy_side": 6.201431751251221,
          "hz": 4664.6771572759235
        },
        {
          "acoustic_entropy": 6.204823017120361,
          "acoustic_entropy_side": 6.187169075012207,
          "hz": 5139.766595350093
        },
        {
          "acoustic_entropy": 6.245528697967529,
          "acoustic_entropy_side": 6.1934075355529785,
          "hz": 5656.929389854203
        },
        {
          "acoustic_entropy": 6.350569725036621,
          "acoustic_entropy_side": 6.195661544799805,
          "hz": 6219.891507268283
        },
        {
          "acoustic_entropy": 6.496784210205078,
          "acoustic_entropy_side": 6.195263862609863,
          "hz": 6832.70888123896
        },
        {
          "acoustic_entropy": 6.517012119293213,
          "acoustic_entropy_side": 6.194295406341553,
          "hz": 7499.796634079867
        },
        {
          "acoustic_entropy": 6.51151704788208,
          "acoustic_entropy_side": 6.1939568519592285,
          "hz": 8225.96088609342
        },
        {
          "acoustic_entropy": 6.468026161193848,
          "acoustic_entropy_side": 6.193747520446777,
          "hz": 9016.43338188839
        },
        {
          "acoustic_entropy": 6.480459213256836,
          "acoustic_entropy_side": 6.194002151489258,
          "hz": 9876.909183162974
        },
        {
          "acoustic_entropy": 6.417659282684326,
          "acoustic_entropy_side": 6.193970203399658,
          "hz": 10813.587699516042
        },
        {
          "acoustic_entropy": 6.321457386016846,
          "acoustic_entropy_side": 6.193723678588867,
          "hz": 11833.21735289826
        },
        {
          "acoustic_entropy": 6.35152530670166,
          "acoustic_entropy_side": 6.194387435913086,
          "hz": 12943.144197493959
        },
        {
          "acoustic_entropy": 6.358593463897705,
          "acoustic_entropy_side": 6.195140361785889,
          "hz": 14151.364845322005
        },
        {
          "acoustic_entropy": 6.281434535980225,
          "acoustic_entropy_side": 6.194340229034424,
          "hz": 15466.58407886509
        },
        {
          "acoustic_entropy": 6.240013599395752,
          "acoustic_entropy_side": 6.193532466888428,
          "hz": 16898.27756580493
        },
        {
          "acoustic_entropy": 6.226109027862549,
          "acoustic_entropy_side": 6.1934309005737305,
          "hz": 18456.760127700032
        },
        {
          "acoustic_entropy": 6.247720241546631,
          "acoustic_entropy_side": 6.193556308746338,
          "hz": 20153.260054456492
        },
        {
          "acoustic_entropy": 6.200520992279053,
          "acoustic_entropy_side": 6.193236827850342,
          "hz": 22000.00000000001
        }
      ],
      "diff_acoustic_entropy": 2.0128488540649414,
      "sn": 6
    },
    {
      "acoustic_entropy": 10.490954399108887,
      "acoustic_entropy_mono": 11.707181930541992,
      "band_eliminated_acoustic_entropies": [
        {
          "acoustic_entropy": 10.47243881225586,
          "acoustic_entropy_side": 10.425151824951172,
          "hz": 129.47220167065723
        },
        {
          "acoustic_entropy": 9.915789604187012,
          "acoustic_entropy_side": 10.51865291595459,
          "hz": 202.92927478742237
        },
        {
          "acoustic_entropy": 10.785989761352539,
          "acoustic_entropy_side": 10.548827171325684,
          "hz": 282.89161906338205
        },
        {
          "acoustic_entropy": 10.3106689453125,
          "acoustic_entropy_side": 10.114062309265137,
          "hz": 369.9353335868758
        },
        {
          "acoustic_entropy": 11.349327087402344,
          "acoustic_entropy_side": 11.258614540100098,
          "hz": 464.6875360973435
        },
        {
          "acoustic_entropy": 10.664741516113281,
          "acoustic_entropy_side": 10.59427261352539,
          "hz": 567.8308811364784
        },
        {
          "acoustic_entropy": 10.978212356567383,
          "acoustic_entropy_side": 10.938414573669434,
          "hz": 680.1084783214808
        },
        {
          "acoustic_entropy": 10.29892635345459,
          "acoustic_entropy_side": 10.375725746154785,
          "hz": 802.3292461747484
        },
        {
          "acoustic_entropy": 10.4923095703125,
          "acoustic_entropy_side": 10.888553619384766,
          "hz": 935.3737400823702
        },
        {
          "acoustic_entropy": 10.53186321258545,
          "acoustic_entropy_side": 10.473579406738281,
          "hz": 1080.2004963696966
        },
        {
          "acoustic_entropy": 10.673766136169434,
          "acoustic_entropy_side": 11.007694244384766,
          "hz": 1237.8529382007157
        },
        {
          "acoustic_entropy": 11.288602828979492,
          "acoustic_entropy_side": 10.808602333068848,
          "hz": 1409.4668930556702
        },
        {
          "acoustic_entropy": 10.491272926330566,
          "acoustic_entropy_side": 10.589311599731445,
          "hz": 1596.2787759475705
        },
        {
          "acoustic_entropy": 10.658737182617188,
          "acoustic_entropy_side": 10.599870681762695,
          "hz": 1799.6344973346393
        },
        {
          "acoustic_entropy": 10.58913803100586,
          "acoustic_entropy_side": 10.51992130279541,
          "hz": 2020.9991599069049
        },
        {
          "acoustic_entropy": 10.108695983886719,
          "acoustic_entropy_side": 10.199705123901367,
          "hz": 2261.9676141086993
        },
        {
          "acoustic_entropy": 10.410334587097168,
          "acoustic_entropy_side": 10.439794540405273,
          "hz": 2524.2759484456974
        },
        {
          "acoustic_entropy": 10.257826805114746,
          "acoustic_entropy_side": 10.517452239990234,
          "hz": 2809.813997359896
        },
        {
          "acoustic_entropy": 10.270325660705566,
          "acoustic_entropy_side": 10.364160537719727,
          "hz": 3120.6389567871424
        },
        {
          "acoustic_entropy": 10.720090866088867,
          "acoustic_entropy_side": 10.563969612121582,
          "hz": 3458.990205492291
        },
        {
          "acoustic_entropy": 10.370781898498535,
          "acoustic_entropy_side": 10.333078384399414,
          "hz": 3827.305438964164
        },
        {
          "acoustic_entropy": 10.605359077453613,
          "acoustic_entropy_side": 10.410761833190918,
          "hz": 4228.238232109126
        },
        {
          "acoustic_entropy": 10.544678688049316,
          "acoustic_entropy_side": 10.514250755310059,
          "hz": 4664.6771572759235
        },
        {
          "acoustic_entropy": 10.474518775939941,
          "acoustic_entropy_side": 10.472408294677734,
          "hz": 5139.766595350093
        },
        {
          "acoustic_entropy": 10.525941848754883,
          "acoustic_entropy_side": 10.526300430297852,
          "hz": 5656.929389854203
        },
        {
          "acoustic_entropy": 10.49363899230957,
          "acoustic_entropy_side": 10.51623821258545,
          "hz": 6219.891507268283
        },
        {
          "acoustic_entropy": 10.27295970916748,
          "acoustic_entropy_side": 10.465027809143066,
          "hz": 6832.70888123896
        },
        {
          "acoustic_entropy": 10.231122970581055,
          "acoustic_entropy_side": 10.493045806884766,
          "hz": 7499.796634079867
        },
        {
          "acoustic_entropy": 10.235648155212402,
          "acoustic_entropy_side": 10.500846862792969,
          "hz": 8225.96088609342
        },
        {
          "acoustic_entropy": 10.253044128417969,
          "acoustic_entropy_side": 10.49824047088623,
          "hz": 9016.43338188839
        },
        {
          "acoustic_entropy": 10.410578727722168,
          "acoustic_entropy_side": 10.499603271484375,
          "hz": 9876.909183162974
        },
        {
          "acoustic_entropy": 10.475058555603027,
          "acoustic_entropy_side": 10.494929313659668,
          "hz": 10813.587699516042
        },
        {
          "acoustic_entropy": 10.502727508544922,
          "acoustic_entropy_side": 10.490917205810547,
          "hz": 11833.21735289826
        },
        {
          "acoustic_entropy": 10.306602478027344,
          "acoustic_entropy_side": 10.471400260925293,
          "hz": 12943.144197493959
        },
        {
          "acoustic_entropy": 10.490874290466309,
          "acoustic_entropy_side": 10.432812690734863,
          "hz": 14151.364845322005
        },
        {
          "acoustic_entropy": 10.572731971740723,
          "acoustic_entropy_side": 10.462868690490723,
          "hz": 15466.58407886509
        },
        {
          "acoustic_entropy": 10.41252326965332,
          "acoustic_entropy_side": 10.484906196594238,
          "hz": 16898.27756580493
        },
        {
          "acoustic_entropy": 10.355579376220703,
          "acoustic_entropy_side": 10.486143112182617,
          "hz": 18456.760127700032
        },
        {
          "acoustic_entropy": 10.5150728225708,
          "acoustic_entropy_side": 10.484235763549805,
          "hz": 20153.260054456492
        },
        {
          "acoustic_entropy": 10.388326644897461,
          "acoustic_entropy_side": 10.489995002746582,
          "hz": 22000.00000000001
        }
      ],
      "diff_acoustic_entropy": 5.4628801345825195,
      "sn": 12
    },
    {
      "acoustic_entropy": 15.28315258026123,
      "acoustic_entropy_mono": 16.28093719482422,
      "band_eliminated_acoustic_entropies": [
        {
          "acoustic_entropy": 15.776904106140137,
          "acoustic_entropy_side": 15.958374977111816,
          "hz": 129.47220167065723
        },
        {
          "acoustic_entropy": 16.15513801574707,
          "acoustic_entropy_side": 16.146860122680664,
          "hz": 202.92927478742237
        },
        {
          "acoustic_entropy": 16.320560455322266,
          "acoustic_entropy_side": 16.20207977294922,
          "hz": 282.89161906338205
        },
        {
          "acoustic_entropy": 15.564326286315918,
          "acoustic_entropy_side": 16.11374282836914,
          "hz": 369.9353335868758
        },
        {
          "acoustic_entropy": 15.852913856506348,
          "acoustic_entropy_side": 16.613374710083008,
          "hz": 464.6875360973435
        },
        {
          "acoustic_entropy": 16.75459861755371,
          "acoustic_entropy_side": 16.445436477661133,
          "hz": 567.8308811364784
        },
        {
          "acoustic_entropy": 15.923799514770508,
          "acoustic_entropy_side": 16.557586669921875,
          "hz": 680.1084783214808
        },
        {
          "acoustic_entropy": 15.995736122131348,
          "acoustic_entropy_side": 16.085430145263672,
          "hz": 802.3292461747484
        },
        {
          "acoustic_entropy": 16.246572494506836,
          "acoustic_entropy_side": 15.370835304260254,
          "hz": 935.3737400823702
        },
        {
          "acoustic_entropy": 15.90255069732666,
          "acoustic_entropy_side": 16.041358947753906,
          "hz": 1080.2004963696966
        },
        {
          "acoustic_entropy": 16.274154663085938,
          "acoustic_entropy_side": 16.092140197753906,
          "hz": 1237.8529382007157
        },
        {
          "acoustic_entropy": 16.06308937072754,
          "acoustic_entropy_side": 16.151073455810547,
          "hz": 1409.4668930556702
        },
        {
          "acoustic_entropy": 15.963254928588867,
          "acoustic_entropy_side": 15.582106590270996,
          "hz": 1596.2787759475705
        },
        {
          "acoustic_entropy": 16.111055374145508,
          "acoustic_entropy_side": 16.363067626953125,
          "hz": 1799.6344973346393
        },
        {
          "acoustic_entropy": 15.315792083740234,
          "acoustic_entropy_side": 16.131364822387695,
          "hz": 2020.9991599069049
        },
        {
          "acoustic_entropy": 16.110183715820312,
          "acoustic_entropy_side": 15.456116676330566,
          "hz": 2261.9676141086993
        },
        {
          "acoustic_entropy": 16.07269287109375,
          "acoustic_entropy_side": 15.682960510253906,
          "hz": 2524.2759484456974
        },
        {
          "acoustic_entropy": 15.923445701599121,
          "acoustic_entropy_side": 16.07941246032715,
          "hz": 2809.813997359896
        },
        {
          "acoustic_entropy": 15.420661926269531,
          "acoustic_entropy_side": 15.940710067749023,
