{
  "acoustic_entropy": 207.27325439453125,
  "bands": [
    {
      "high_freq": 148.1999969482422,
      "loudness": -66.3936996459961,
      "loudness_range": 5.687213897705078,
      "mid_mean": -63.88175964355469,
      "mid_to_side_loudness": -1.5684577226638794,
      "mid_to_side_loudness_range": 4.4523725509643555,
      "side_mean": -65.02214813232422
    },
    {
      "high_freq": 392.3793640136719,
      "loudness": -44.6273193359375,
      "loudness_range": 19.994522094726562,
      "low_freq": 148.1999969482422,
      "mid_mean": -64.34466552734375,
      "mid_to_side_loudness": -1.0595378875732422,
      "mid_to_side_loudness_range": 3.3715243339538574,
      "side_mean": -64.82978820800781
    },
    {
      "high_freq": 794.6976318359375,
      "loudness": -39.86321258544922,
      "loudness_range": 29.461406707763672,
      "low_freq": 392.3793640136719,
      "mid_mean": -38.525394439697266,
      "mid_to_side_loudness": -5.325753211975098,
      "mid_to_side_loudness_range": 16.01348304748535,
      "side_mean": -44.917354583740234
    },
    {
      "high_freq": 1457.5709228515625,
      "loudness": -36.321815490722656,
      "loudness_range": 19.925012588500977,
      "low_freq": 794.6976318359375,
      "mid_mean": -34.57241439819336,
      "mid_to_side_loudness": -3.771857500076294,
      "mid_to_side_loudness_range": 13.416482925415039,
      "side_mean": -38.60200119018555
    },
    {
      "high_freq": 2549.74365234375,
      "loudness": -36.02495574951172,
      "loudness_range": 15.096887588500977,
      "low_freq": 1457.5709228515625,
      "mid_mean": -34.25625991821289,
      "mid_to_side_loudness": -3.428530216217041,
      "mid_to_side_loudness_range": 10.230809211730957,
      "side_mean": -37.99998092651367
    },
    {
      "high_freq": 4349.24462890625,
      "loudness": -38.357093811035156,
      "loudness_range": 17.008913040161133,
      "low_freq": 2549.74365234375,
      "mid_mean": -36.355411529541016,
      "mid_to_side_loudness": -3.6996026039123535,
      "mid_to_side_loudness_range": 9.157512664794922,
      "side_mean": -40.61669921875
    },
    {
      "high_freq": 7314.1640625,
      "loudness": -44.854129791259766,
      "loudness_range": 27.484092712402344,
      "low_freq": 4349.24462890625,
      "mid_mean": -42.8431396484375,
      "mid_to_side_loudness": -5.142225742340088,
      "mid_to_side_loudness_range": 11.00953197479248,
      "side_mean": -50.290225982666016
    },
    {
      "high_freq": 12199.2666015625,
      "loudness": -53.66365051269531,
      "loudness_range": 31.369403839111328,
      "low_freq": 7314.1640625,
      "mid_mean": -51.79710388183594,
      "mid_to_side_loudness": -4.013012886047363,
      "mid_to_side_loudness_range": 9.029703140258789,
      "side_mean": -55.66457748413086
    },
    {
      "loudness": -59.18462371826172,
      "loudness_range": 18.78046417236328,
      "low_freq": 12199.2666015625,
      "mid_mean": -57.09946060180664,
      "mid_to_side_loudness": -1.7771435976028442,
      "mid_to_side_loudness_range": 5.283398151397705,
      "side_mean": -58.81481170654297
    }
  ],
  "bands_short": [
    {
      "high_freq": 148.1999969482422,
      "loudness": -67.10262298583984,
      "loudness_range": 7.625175476074219,
      "mid_mean": -64.4388656616211,
      "mid_to_side_loudness": -1.6642661094665527,
      "mid_to_side_loudness_range": 11.244640350341797,
      "side_mean": -65.54022979736328
    },
    {
      "high_freq": 392.3793640136719,
      "loudness": -71.0421142578125,
      "loudness_range": 28.70697784423828,
      "low_freq": 148.1999969482422,
      "mid_mean": -66.48612976074219,
      "mid_to_side_loudness": -2.0431506633758545,
      "mid_to_side_loudness_range": 9.059679985046387,
      "side_mean": -67.25963592529297
    },
    {
      "high_freq": 794.6976318359375,
      "loudness": -41.29838943481445,
      "loudness_range": 29.721525192260742,
      "low_freq": 392.3793640136719,
      "mid_mean": -39.690101623535156,
      "mid_to_side_loudness": -5.44981575012207,
      "mid_to_side_loudness_range": 17.75540542602539,
      "side_mean": -46.13254165649414
    },
    {
      "high_freq": 1457.5709228515625,
      "loudness": -36.78297424316406,
      "loudness_range": 20.6717529296875,
      "low_freq": 794.6976318359375,
      "mid_mean": -35.14505386352539,
      "mid_to_side_loudness": -3.9498817920684814,
      "mid_to_side_loudness_range": 16.204755783081055,
      "side_mean": -39.51948165893555
    },
    {
      "high_freq": 2549.74365234375,
      "loudness": -35.900325775146484,
      "loudness_range": 15.176334381103516,
      "low_freq": 1457.5709228515625,
      "mid_mean": -34.192073822021484,
      "mid_to_side_loudness": -3.490638256072998,
      "mid_to_side_loudness_range": 11.546955108642578,
      "side_mean": -38.05351257324219
    },
    {
      "high_freq": 4349.24462890625,
      "loudness": -38.34303665161133,
      "loudness_range": 17.302635192871094,
      "low_freq": 2549.74365234375,
      "mid_mean": -36.43214797973633,
      "mid_to_side_loudness": -3.6992743015289307,
      "mid_to_side_loudness_range": 10.687686920166016,
      "side_mean": -40.80379867553711
    },
    {
      "high_freq": 7314.1640625,
      "loudness": -44.23288345336914,
      "loudness_range": 27.124313354492188,
      "low_freq": 4349.24462890625,
      "mid_mean": -42.55995178222656,
      "mid_to_side_loudness": -5.270601272583008,
      "mid_to_side_loudness_range": 12.727483749389648,
      "side_mean": -50.800418853759766
    },
    {
      "high_freq": 12199.2666015625,
      "loudness": -54.15620803833008,
      "loudness_range": 32.157142639160156,
      "low_freq": 7314.1640625,
      "mid_mean": -52.21390151977539,
      "mid_to_side_loudness": -4.230195999145508,
      "mid_to_side_loudness_range": 12.340569496154785,
      "side_mean": -56.36798095703125
    },
    {
      "loudness": -59.255714416503906,
      "loudness_range": 19.104373931884766,
      "low_freq": 12199.2666015625,
      "mid_mean": -57.25564956665039,
      "mid_to_side_loudness": -1.9736747741699219,
      "mid_to_side_loudness_range": 9.869405746459961,
      "side_mean": -59.15565872192383
    }
  ],
  "bandwidth": 1159.5623779296875,
  "channels": 2,
  "covariance": [
    [
      3.44181752204895,
      2.766704559326172,
      10.996614456176758,
      10.653402328491211,
      2.946809768676758,
      5.735571384429932,
      -1.0416494607925415,
      0.8491330742835999,
      -1.7854909896850586,
      -1.2007479667663574,
      -4.4089250564575195,
      -3.413146734237671,
      -5.63604211807251,
      0.7452713847160339,
      -0.6368786096572876,
      -0.1753482073545456,
      0.21037817001342773,
      0.3153834044933319
    ],
    [
      2.766704559326172,
      3.2213423252105713,
      12.61056137084961,
      12.23215103149414,
      3.3830132484436035,
      6.509244441986084,
      -0.39603835344314575,
      1.7419812679290771,
      -2.2078053951263428,
      -2.0144102573394775,
      -4.097874641418457,
      -3.319336414337158,
      -5.206789970397949,
      0.2692752778530121,
      -0.7388215065002441,
      -0.33652734756469727,
      -0.02717496268451214,
      0.08412876725196838
    ],
    [
      10.996614456176758,
      12.61056137084961,
      114.53857421875,
      105.7706527709961,
      45.413082122802734,
      68.93152618408203,
      8.271282196044922,
      18.630998611450195,
      -14.046161651611328,
      -12.89967155456543,
      -32.329158782958984,
      -24.67408561706543,
      -39.54905319213867,
      -20.123416900634766,
      -21.73712158203125,
      -15.889445304870605,
      -12.182214736938477,
      -9.92941665649414
    ],
    [
      10.653402328491211,
      12.23215103149414,
      105.7706527709961,
      100.0157470703125,
      43.9519157409668,
      67.59800720214844,
      8.323158264160156,
      18.374347686767578,
      -13.746825218200684,
      -13.047760963439941,
      -30.769487380981445,
      -23.545812606811523,
      -37.8001708984375,
      -20.174942016601562,
      -20.43231964111328,
      -14.882739067077637,
      -11.16311264038086,
      -9.089275360107422
    ],
    [
      2.946809768676758,
      3.3830132484436035,
      45.413082122802734,
      43.9519157409668,
      119.61649322509766,
      93.81812286376953,
      42.12916946411133,
      21.99611473083496,
      28.817562103271484,
      13.321310997009277,
      14.829353332519531,
      5.973742961883545,
      42.07581329345703,
      26.052202224731445,
      61.43940353393555,
      42.41084671020508,
      37.6749382019043,
      27.66258430480957
    ],
    [
      5.735571384429932,
      6.509244441986084,
      68.93152618408203,
      67.59800720214844,
      93.81812286376953,
      109.20733642578125,
      30.456003189086914,
      19.496721267700195,
      12.802033424377441,
      3.5084149837493896,
      -2.7480452060699463,
      -6.995207786560059,
      12.446558952331543,
      3.9575440883636475,
      33.21891784667969,
      23.34706687927246,
      21.477428436279297,
      15.668701171875
    ],
    [
      -1.0416494607925415,
      -0.39603835344314575,
      8.271282196044922,
      8.323158264160156,
      42.12916946411133,
      30.456003189086914,
      54.46296310424805,
      34.457252502441406,
      19.996469497680664,
      7.558920383453369,
      26.734466552734375,
      21.794387817382812,
      40.21523666381836,
      30.71582794189453,
      50.37453079223633,
      36.145877838134766,
      28.953636169433594,
      21.75346565246582
    ],
    [
      0.8491330742835999,
      1.7419812679290771,
      18.630998611450195,
      18.374347686767578,
      21.99611473083496,
      19.496721267700195,
      34.457252502441406,
      38.66878128051758,
      3.3963680267333984,
      -1.8250553607940674,
      9.688871383666992,
      11.48607349395752,
      8.87825870513916,
      11.19575309753418,
      15.981882095336914,
      12.472803115844727,
      9.045543670654297,
      7.105424880981445
    ],
    [
      -1.7854909896850586,
      -2.2078053951263428,
      -14.046161651611328,
      -13.746825218200684,
      28.817562103271484,
      12.802033424377441,
      19.996469497680664,
      3.3963680267333984,
      40.92958068847656,
      25.66412353515625,
      28.1921443939209,
      19.879199981689453,
      51.12285614013672,
      41.690208435058594,
      58.055625915527344,
      42.0082893371582,
      33.216888427734375,
      24.90094566345215
    ],
    [
      -1.2007479667663574,
      -2.0144102573394775,
      -12.89967155456543,
      -13.047760963439941,
      13.321310997009277,
      3.5084149837493896,
      7.558920383453369,
      -1.8250553607940674,
      25.66412353515625,
      29.466449737548828,
      16.551738739013672,
      14.210655212402344,
      25.01443862915039,
      26.091901779174805,
      29.93826675415039,
      21.71059799194336,
      15.282319068908691,
      11.36213207244873
    ],
    [
      -4.4089250564575195,
      -4.097874641418457,
      -32.329158782958984,
      -30.769487380981445,
      14.829353332519531,
      -2.7480452060699463,
      26.734466552734375,
      9.688871383666992,
      28.1921443939209,
      16.551738739013672,
      47.105770111083984,
      33.02672576904297,
      62.391178131103516,
      45.38682174682617,
      61.72785186767578,
      45.249114990234375,
      36.01588439941406,
      27.49899673461914
    ],
    [
      -3.413146734237671,
      -3.319336414337158,
      -24.67408561706543,
      -23.545812606811523,
      5.973742961883545,
      -6.995207786560059,
      21.794387817382812,
      11.48607349395752,
      19.879199981689453,
      14.210655212402344,
      33.02672576904297,
      33.00371551513672,
      38.450801849365234,
      33.9644775390625,
      39.48863220214844,
      29.464962005615234,
      21.22637939453125,
      16.578731536865234
    ],
    [
      -5.63604211807251,
      -5.206789970397949,
      -39.54905319213867,
      -37.8001708984375,
      42.07581329345703,
      12.446558952331543,
      40.21523666381836,
      8.87825870513916,
      51.12285614013672,
      25.01443862915039,
      62.391178131103516,
      38.450801849365234,
      118.50859832763672,
      78.17477416992188,
      115.68869018554688,
      83.88182830810547,
      69.96842193603516,
      53.03102493286133
    ],
    [
      0.7452713847160339,
      0.2692752778530121,
      -20.123416900634766,
      -20.174942016601562,
      26.052202224731445,
      3.9575440883636475,
      30.71582794189453,
      11.19575309753418,
      41.690208435058594,
      26.091901779174805,
      45.38682174682617,
      33.9644775390625,
      78.17477416992188,
      84.9244384765625,
      97.56946563720703,
      73.42733001708984,
      55.66590881347656,
      43.94911575317383
    ],
    [
      -0.6368786096572876,
      -0.7388215065002441,
      -21.73712158203125,
      -20.43231964111328,
      61.43940353393555,
      33.21891784667969,
      50.37453079223633,
      15.981882095336914,
      58.055625915527344,
      29.93826675415039,
      61.72785186767578,
      39.48863220214844,
      115.68869018554688,
      97.56946563720703,
      142.69056701660156,
      104.46440124511719,
      82.92828369140625,
      63.41355514526367
    ],
    [
      -0.1753482073545456,
      -0.33652734756469727,
      -15.889445304870605,
      -14.882739067077637,
      42.41084671020508,
      23.34706687927246,
      36.145877838134766,
      12.472803115844727,
      42.0082893371582,
      21.71059799194336,
      45.249114990234375,
      29.464962005615234,
      83.88182830810547,
      73.42733001708984,
      104.46440124511719,
      79.44368743896484,
      60.947288513183594,
      48.541908264160156
    ],
    [
      0.21037817001342773,
      -0.02717496268451214,
      -12.182214736938477,
      -11.16311264038086,
      37.6749382019043,
      21.477428436279297,
      28.953636169433594,
      9.045543670654297,
      33.216888427734375,
      15.282319068908691,
      36.01588439941406,
      21.22637939453125,
      69.96842193603516,
      55.66590881347656,
      82.92828369140625,
      60.947288513183594,
      55.237648010253906,
      42.43440246582031
    ],
    [
      0.3153834044933319,
      0.08412876725196838,
      -9.92941665649414,
      -9.089275360107422,
      27.66258430480957,
      15.668701171875,
      21.75346565246582,
      7.105424880981445,
      24.90094566345215,
      11.36213207244873,
      27.49899673461914,
      16.578731536865234,
      53.03102493286133,
      43.94911575317383,
      63.41355514526367,
      48.541908264160156,
      42.43440246582031,
      34.47004699707031
    ]
  ],
  "covariance_short": [
    [
      5.686721324920654,
      2.426363468170166,
      4.29012393951416,
      4.319936275482178,
      1.7680059671401978,
      3.3585729598999023,
      -1.1280134916305542,
      0.3110722303390503,
      -1.2576829195022583,
      -0.8728649020195007,
      -2.9189281463623047,
      -2.3906302452087402,
      -3.692822217941284,
      1.1208022832870483,
      0.07437152415513992,
      0.22683116793632507,
      0.6733396649360657,
      0.6206774115562439
    ],
    [
      2.426363468170166,
      4.8372297286987305,
      4.737336158752441,
      4.84220027923584,
      1.7463514804840088,
      3.5964272022247314,
      -0.8020084500312805,
      0.9643211960792542,
      -1.584105134010315,
      -1.7171858549118042,
      -2.577200412750244,
      -2.333078384399414,
      -3.1235361099243164,
      0.7477872371673584,
      0.03622877970337868,
      0.08376412838697433,
      0.5446217060089111,
      0.48592203855514526
    ],
    [
      4.29012393951416,
      4.737336158752441,
      38.99171829223633,
      33.167022705078125,
      26.554813385009766,
      31.55927848815918,
      4.633785247802734,
      8.887491226196289,
      -3.550118923187256,
      -3.9313719272613525,
      -10.397137641906738,
      -8.8206148147583,
      -10.84433650970459,
      -4.196094989776611,
      -4.711634159088135,
      -3.4804389476776123,
      -2.8585333824157715,
      -2.346112012863159
    ],
    [
      4.319936275482178,
      4.84220027923584,
      33.167022705078125,
      31.357316970825195,
      22.431612014770508,
      30.472572326660156,
      4.0208353996276855,
      8.99132251739502,
      -4.258252143859863,
      -5.049628734588623,
      -10.641218185424805,
      -8.946457862854004,
      -11.824857711791992,
      -6.195053577423096,
      -6.240496635437012,
      -4.458840370178223,
      -2.910212278366089,
      -2.325984239578247
    ],
    [
      1.7680059671401978,
      1.7463514804840088,
      26.554813385009766,
      22.431612014770508,
      126.20191192626953,
      93.392333984375,
      39.42170715332031,
      16.241310119628906,
      34.883522033691406,
      16.572017669677734,
      21.290590286254883,
      8.912044525146484,
      52.252296447753906,
      31.48064613342285,
      68.55166625976562,
      45.09302520751953,
      41.293357849121094,
      28.843603134155273
    ],
    [
      3.3585729598999023,
      3.5964272022247314,
      31.55927848815918,
      30.472572326660156,
      93.392333984375,
      106.66043853759766,
      25.07944107055664,
      12.568999290466309,
      18.505483627319336,
      6.923800468444824,
      3.9778873920440674,
      -3.243340492248535,
      22.81372833251953,
      9.399062156677246,
      39.11899948120117,
      25.6644287109375,
      24.98673439025879,
      17.46625518798828
    ],
    [
      -1.1280134916305542,
      -0.8020084500312805,
      4.633785247802734,
      4.0208353996276855,
      39.42170715332031,
      25.07944107055664,
      61.166778564453125,
      38.49155044555664,
      20.700990676879883,
      6.798595428466797,
      27.86603546142578,
      22.344039916992188,
      40.88179016113281,
      32.4218864440918,
      51.534732818603516,
      35.23027038574219,
      29.42965316772461,
      20.958263397216797
    ],
    [
      0.3110722303390503,
      0.9643211960792542,
      8.887491226196289,
      8.99132251739502,
      16.241310119628906,
      12.568999290466309,
      38.49155044555664,
      48.771297454833984,
      2.9594743251800537,
      -3.729222536087036,
      11.529365539550781,
      13.010209083557129,
      9.101303100585938,
      13.258737564086914,
      16.84681510925293,
      12.518091201782227,
      9.526704788208008,
      7.030553817749023
    ],
    [
      -1.2576829195022583,
      -1.584105134010315,
      -3.550118923187256,
      -4.258252143859863,
      34.883522033691406,
      18.505483627319336,
      20.700990676879883,
      2.9594743251800537,
      45.02849197387695,
      27.978517532348633,
      27.91234016418457,
      19.8629150390625,
      50.77886962890625,
      43.64387512207031,
      60.58501052856445,
      42.41258239746094,
      33.8911018371582,
      24.186975479125977
    ],
    [
      -0.8728649020195007,
      -1.7171858549118042,
      -3.9313719272613525,
      -5.049628734588623,
      16.572017669677734,
      6.923800468444824,
      6.798595428466797,
      -3.729222536087036,
      27.978517532348633,
      34.61244583129883,
      16.528615951538086,
      14.880337715148926,
      24.233776092529297,
      27.92683982849121,
      31.116796493530273,
      22.313627243041992,
      15.181377410888672,
      10.910179138183594
    ],
    [
      -2.9189281463623047,
      -2.577200412750244,
      -10.397137641906738,
      -10.641218185424805,
      21.290590286254883,
      3.9778873920440674,
      27.86603546142578,
      11.529365539550781,
      27.91234016418457,
      16.528615951538086,
      49.38298416137695,
      33.778602600097656,
      60.06406021118164,
      46.83171463012695,
      62.89780044555664,
      44.707393646240234,
      35.63184356689453,
      25.761682510375977
    ],
    [
      -2.3906302452087402,
      -2.333078384399414,
      -8.8206148147583,
      -8.946457862854004,
      8.912044525146484,
      -3.243340492248535,
      22.344039916992188,
      13.010209083557129,
      19.8629150390625,
      14.880337715148926,
      33.778602600097656,
      36.36294937133789,
      35.83749771118164,
      35.584903717041016,
      39.63353729248047,
      29.581676483154297,
      20.3912353515625,
      15.76981258392334
    ],
    [
      -3.692822217941284,
      -3.1235361099243164,
      -10.84433650970459,
      -11.824857711791992,
      52.252296447753906,
      22.81372833251953,
      40.88179016113281,
      9.101303100585938,
      50.77886962890625,
      24.233776092529297,
      60.06406021118164,
      35.83749771118164,
      120.52446746826172,
      78.01240539550781,
      117.73251342773438,
      82.2755126953125,
      70.06587219238281,
      50.3643913269043
    ],
    [
      1.1208022832870483,
      0.7477872371673584,
      -4.196094989776611,
      -6.195053577423096,
      31.48064613342285,
      9.399062156677246,
      32.4218864440918,
      13.258737564086914,
      43.64387512207031,
      27.92683982849121,
      46.83171463012695,
      35.584903717041016,
      78.01240539550781,
      93.1168212890625,
      101.49652099609375,
      76.020263671875,
      55.35972213745117,
      43.93165969848633
    ],
    [
      0.07437152415513992,
      0.03622877970337868,
      -4.711634159088135,
      -6.240496635437012,
      68.55166625976562,
      39.11899948120117,
      51.534732818603516,
      16.84681510925293,
      60.58501052856445,
      31.116796493530273,
      62.89780044555664,
      39.63353729248047,
      117.73251342773438,
      101.49652099609375,
      147.9524688720703,
      103.25017547607422,
      84.15018463134766,
      60.31179428100586
    ],
    [
      0.22683116793632507,
      0.08376412838697433,
      -3.4804389476776123,
      -4.458840370178223,
      45.09302520751953,
      25.6644287109375,
      35.23027038574219,
      12.518091201782227,
      42.41258239746094,
      22.313627243041992,
      44.707393646240234,
      29.581676483154297,
      82.2755126953125,
      76.020263671875,
      103.25017547607422,
      80.37885284423828,
      57.4590950012207,
      48.194793701171875
    ],
    [
      0.6733396649360657,
      0.5446217060089111,
      -2.8585333824157715,
      -2.910212278366089,
      41.293357849121094,
      24.98673439025879,
      29.42965316772461,
      9.526704788208008,
      33.8911018371582,
      15.181377410888672,
      35.63184356689453,
      20.3912353515625,
      70.06587219238281,
      55.35972213745117,
      84.15018463134766,
      57.4590950012207,
      56.205726623535156,
      38.83123779296875
    ],
    [
      0.6206774115562439,
      0.48592203855514526,
      -2.346112012863159,
      -2.325984239578247,
      28.843603134155273,
      17.46625518798828,
      20.958263397216797,
      7.030553817749023,
      24.186975479125977,
      10.910179138183594,
      25.761682510375977,
      15.76981258392334,
      50.3643913269043,
      43.93165969848633,
      60.31179428100586,
      48.194793701171875,
      38.83123779296875,
      34.40787124633789
    ]
  ],
  "damage": -17.867189407348633,
  "diff_bandwidth": 1159.5927734375,
  "dissonance": 4.063576124893805,
  "drr": 10.515583038330078,
  "dynamics": 4.569492340087891,
  "format": 1245190,
  "frames": 7100352,
  "loudness": -25.55318260192871,
  "loudness_range": 13.338788986206055,
  "loudness_range_short": 14.577964782714844,
  "lowpass_true_peak_15khz": -3.646291732788086,
  "mastering3_acoustic_entropies": [
    {
      "acoustic_entropy": 11.013243675231934,
      "acoustic_entropy_mono": 11.903684616088867,
      "band_eliminated_acoustic_entropies": [
        {
          "acoustic_entropy": 11.013242721557617,
          "acoustic_entropy_side": 11.013243675231934,
          "hz": 129.47220167065723
        },
        {
          "acoustic_entropy": 11.013242721557617,
          "acoustic_entropy_side": 11.013243675231934,
          "hz": 202.92927478742237
        },
        {
          "acoustic_entropy": 11.013259887695312,
          "acoustic_entropy_side": 11.013252258300781,
          "hz": 282.89161906338205
        },
        {
          "acoustic_entropy": 11.012916564941406,
          "acoustic_entropy_side": 11.013402938842773,
          "hz": 369.9353335868758
        },
        {
          "acoustic_entropy": 11.602116584777832,
          "acoustic_entropy_side": 11.308184623718262,
          "hz": 464.6875360973435
        },
        {
          "acoustic_entropy": 10.588615417480469,
          "acoustic_entropy_side": 11.101027488708496,
          "hz": 567.8308811364784
        },
        {
          "acoustic_entropy": 11.562812805175781,
          "acoustic_entropy_side": 11.282891273498535,
          "hz": 680.1084783214808
        },
        {
          "acoustic_entropy": 10.806329727172852,
          "acoustic_entropy_side": 11.602039337158203,
          "hz": 802.3292461747484
        },
        {
          "acoustic_entropy": 11.005955696105957,
          "acoustic_entropy_side": 10.890239715576172,
          "hz": 935.3737400823702
        },
        {
          "acoustic_entropy": 10.367676734924316,
          "acoustic_entropy_side": 12.144089698791504,
          "hz": 1080.2004963696966
        },
        {
          "acoustic_entropy": 11.594040870666504,
          "acoustic_entropy_side": 11.157912254333496,
          "hz": 1237.8529382007157
        },
        {
          "acoustic_entropy": 11.114958763122559,
          "acoustic_entropy_side": 11.279988288879395,
          "hz": 1409.4668930556702
        },
        {
          "acoustic_entropy": 11.618805885314941,
          "acoustic_entropy_side": 11.681117057800293,
          "hz": 1596.2787759475705
        },
        {
          "acoustic_entropy": 11.577338218688965,
          "acoustic_entropy_side": 11.41507339477539,
          "hz": 1799.6344973346393
        },
        {
          "acoustic_entropy": 10.496623039245605,
          "acoustic_entropy_side": 11.146842956542969,
          "hz": 2020.9991599069049
        },
        {
          "acoustic_entropy": 10.986654281616211,
          "acoustic_entropy_side": 11.015952110290527,
          "hz": 2261.9676141086993
        },
        {
          "acoustic_entropy": 11.653316497802734,
          "acoustic_entropy_side": 11.55005931854248,
          "hz": 2524.2759484456974
        },
        {
          "acoustic_entropy": 11.231863975524902,
          "acoustic_entropy_side": 11.812421798706055,
          "hz": 2809.813997359896
        },
        {
          "acoustic_entropy": 11.34532356262207,
          "acoustic_entropy_side": 11.592103004455566,
          "hz": 3120.6389567871424
        },
        {
          "acoustic_entropy": 11.37912654876709,
          "acoustic_entropy_side": 11.20183277130127,
          "hz": 3458.990205492291
        },
        {
          "acoustic_entropy": 11.00417709350586,
          "acoustic_entropy_side": 11.085393905639648,
          "hz": 3827.305438964164
        },
        {
          "acoustic_entropy": 10.905571937561035,
          "acoustic_entropy_side": 11.00692367553711,
          "hz": 4228.238232109126
        },
        {
          "acoustic_entropy": 11.153923988342285,
          "acoustic_entropy_side": 11.013618469238281,
          "hz": 4664.6771572759235
        },
        {
          "acoustic_entropy": 11.02488899230957,
          "acoustic_entropy_side": 11.0051851272583,
          "hz": 5139.766595350093
        },
        {
          "acoustic_entropy": 10.401799201965332,
          "acoustic_entropy_side": 10.968546867370605,
          "hz": 5656.929389854203
        },
        {
          "acoustic_entropy": 11.094557762145996,
          "acoustic_entropy_side": 11.008416175842285,
          "hz": 6219.891507268283
        },
        {
          "acoustic_entropy": 11.026185035705566,
          "acoustic_entropy_side": 11.010361671447754,
          "hz": 6832.70888123896
        },
        {
          "acoustic_entropy": 11.04887580871582,
          "acoustic_entropy_side": 11.015633583068848,
          "hz": 7499.796634079867
        },
        {
          "acoustic_entropy": 10.970263481140137,
          "acoustic_entropy_side": 11.01286792755127,
          "hz": 8225.96088609342
        },
        {
          "acoustic_entropy": 10.958078384399414,
          "acoustic_entropy_side": 10.996442794799805,
          "hz": 9016.43338188839
        },
        {
          "acoustic_entropy": 10.902212142944336,
          "acoustic_entropy_side": 11.001424789428711,
          "hz": 9876.909183162974
        },
        {
          "acoustic_entropy": 10.910709381103516,
          "acoustic_entropy_side": 11.001298904418945,
          "hz": 10813.587699516042
        },
        {
          "acoustic_entropy": 10.945075035095215,
          "acoustic_entropy_side": 11.003044128417969,
          "hz": 11833.21735289826
        },
        {
          "acoustic_entropy": 10.937034606933594,
          "acoustic_entropy_side": 11.006083488464355,
          "hz": 12943.144197493959
        },
        {
          "acoustic_entropy": 10.988564491271973,
          "acoustic_entropy_side": 11.011422157287598,
          "hz": 14151.364845322005
        },
        {
          "acoustic_entropy": 11.02267837524414,
          "acoustic_entropy_side": 11.015069007873535,
          "hz": 15466.58407886509
        },
        {
          "acoustic_entropy": 11.014845848083496,
          "acoustic_entropy_side": 11.01285457611084,
          "hz": 16898.27756580493
        },
        {
          "acoustic_entropy": 11.01439380645752,
          "acoustic_entropy_side": 11.013360977172852,
          "hz": 18456.760127700032
        },
        {
          "acoustic_entropy": 11.013307571411133,
          "acoustic_entropy_side": 11.013252258300781,
          "hz": 20153.260054456492
        },
        {
          "acoustic_entropy": 11.013250350952148,
          "acoustic_entropy_side": 11.013246536254883,
          "hz": 22000.00000000001
        }
      ],
      "diff_acoustic_entropy": 2.5656275749206543,
      "sn": 6
    },
    {
      "acoustic_entropy": 17.282695770263672,
      "acoustic_entropy_mono": 16.690505981445312,
      "band_eliminated_acoustic_entropies": [
        {
          "acoustic_entropy": 17.282695770263672,
          "acoustic_entropy_side": 17.282697677612305,
          "hz": 129.47220167065723
        },
        {
          "acoustic_entropy": 17.28265953063965,
          "acoustic_entropy_side": 17.282678604125977,
          "hz": 202.92927478742237
        },
        {
          "acoustic_entropy": 17.282245635986328,
          "acoustic_entropy_side": 17.282466888427734,
          "hz": 282.89161906338205
        },
        {
          "acoustic_entropy": 17.28970718383789,
          "acoustic_entropy_side": 17.280481338500977,
          "hz": 369.9353335868758
        },
        {
          "acoustic_entropy": 16.99026107788086,
          "acoustic_entropy_side": 17.363754272460938,
          "hz": 464.6875360973435
        },
        {
          "acoustic_entropy": 16.13304901123047,
          "acoustic_entropy_side": 17.254806518554688,
          "hz": 567.8308811364784
        },
        {
          "acoustic_entropy": 17.324296951293945,
          "acoustic_entropy_side": 17.47844886779785,
          "hz": 680.1084783214808
        },
        {
          "acoustic_entropy": 15.999551773071289,
          "acoustic_entropy_side": 17.06715202331543,
          "hz": 802.3292461747484
        },
        {
          "acoustic_entropy": 16.098276138305664,
          "acoustic_entropy_side": 17.372100830078125,
          "hz": 935.3737400823702
        },
        {
          "acoustic_entropy": 16.826641082763672,
          "acoustic_entropy_side": 17.76430892944336,
          "hz": 1080.2004963696966
        },
        {
          "acoustic_entropy": 17.364839553833008,
          "acoustic_entropy_side": 17.309534072875977,
          "hz": 1237.8529382007157
        },
        {
          "acoustic_entropy": 16.167240142822266,
          "acoustic_entropy_side": 17.055723190307617,
          "hz": 1409.4668930556702
        },
        {
          "acoustic_entropy": 16.83255386352539,
          "acoustic_entropy_side": 17.386157989501953,
          "hz": 1596.2787759475705
        },
        {
          "acoustic_entropy": 17.424955368041992,
          "acoustic_entropy_side": 17.428560256958008,
          "hz": 1799.6344973346393
        },
        {
          "acoustic_entropy": 16.007871627807617,
          "acoustic_entropy_side": 16.538599014282227,
          "hz": 2020.9991599069049
        },
        {
          "acoustic_entropy": 17.762937545776367,
          "acoustic_entropy_side": 17.829586029052734,
          "hz": 2261.9676141086993
        },
        {
          "acoustic_entropy": 17.274045944213867,
          "acoustic_entropy_side": 17.151081085205078,
          "hz": 2524.2759484456974
        },
        {
          "acoustic_entropy": 16.946088790893555,
          "acoustic_entropy_side": 18.15536117553711,
          "hz": 2809.813997359896
        },
        {
          "acoustic_entropy": 17.803665161132812,
          "acoustic_entropy_side": 17.149194717407227,
          "hz": 3120.6389567871424
        },
        {
          "acoustic_entropy": 17.007482528686523,
          "acoustic_entropy_side": 17.14700698852539,
          "hz": 3458.990205492291
        },
        {
          "acoustic_entropy": 17.811691284179688,
          "acoustic_entropy_side": 17.065156936645508,
          "hz": 3827.305438964164
        },
        {
          "acoustic_entropy": 17.179048538208008,
          "acoustic_entropy_side": 17.002199172973633,
          "hz": 4228.238232109126
        },
        {
          "acoustic_entropy": 17.384138107299805,
          "acoustic_entropy_side": 17.14255142211914,
          "hz": 4664.6771572759235
        },
        {
          "acoustic_entropy": 17.05621337890625,
          "acoustic_entropy_side": 16.886743545532227,
          "hz": 5139.766595350093
        },
        {
          "acoustic_entropy": 16.855152130126953,
          "acoustic_entropy_side": 17.233842849731445,
          "hz": 5656.929389854203
        },
        {
          "acoustic_entropy": 16.960906982421875,
          "acoustic_entropy_side": 17.32181167602539,
          "hz": 6219.891507268283
        },
        {
          "acoustic_entropy": 16.942272186279297,
          "acoustic_entropy_side": 17.243976593017578,
          "hz": 6832.70888123896
        },
        {
          "acoustic_entropy": 17.307781219482422,
          "acoustic_entropy_side": 17.27473258972168,
          "hz": 7499.796634079867
        },
        {
          "acoustic_entropy": 17.30376434326172,
          "acoustic_entropy_side": 17.301494598388672,
          "hz": 8225.96088609342
        },
        {
          "acoustic_entropy": 17.176876068115234,
          "acoustic_entropy_side": 17.348623275756836,
          "hz": 9016.43338188839
        },
        {
          "acoustic_entropy": 17.248628616333008,
          "acoustic_entropy_side": 17.302093505859375,
          "hz": 9876.909183162974
        },
        {
          "acoustic_entropy": 17.44031524658203,
          "acoustic_entropy_side": 17.324399948120117,
          "hz": 10813.587699516042
        },
        {
          "acoustic_entropy": 17.41779327392578,
          "acoustic_entropy_side": 17.332313537597656,
          "hz": 11833.21735289826
        },
        {
          "acoustic_entropy": 17.49652671813965,
          "acoustic_entropy_side": 17.36586570739746,
          "hz": 12943.144197493959
        },
        {
          "acoustic_entropy": 17.420209884643555,
          "acoustic_entropy_side": 17.300020217895508,
          "hz": 14151.364845322005
        },
        {
          "acoustic_entropy": 17.368528366088867,
          "acoustic_entropy_side": 17.303184509277344,
          "hz": 15466.58407886509
        },
        {
          "acoustic_entropy": 17.297935485839844,
          "acoustic_entropy_side": 17.274873733520508,
          "hz": 16898.27756580493
        },
        {
          "acoustic_entropy": 17.289077758789062,
          "acoustic_entropy_side": 17.2821102142334,
          "hz": 18456.760127700032
        },
        {
          "acoustic_entropy": 17.283998489379883,
          "acoustic_entropy_side": 17.282751083374023,
          "hz": 20153.260054456492
        },
        {
          "acoustic_entropy": 17.282779693603516,
          "acoustic_entropy_side": 17.282608032226562,
          "hz": 22000.00000000001
        }
      ],
      "diff_acoustic_entropy": 4.604516506195068,
      "sn": 12
    },
    {
      "acoustic_entropy": 24.846309661865234,
      "acoustic_entropy_mono": 23.721851348876953,
      "band_eliminated_acoustic_entropies": [
        {
          "acoustic_entropy": 24.84560775756836,
          "acoustic_entropy_side": 24.84595489501953,
          "hz": 129.47220167065723
        },
        {
          "acoustic_entropy": 24.844358444213867,
          "acoustic_entropy_side": 24.845457077026367,
          "hz": 202.92927478742237
        },
        {
          "acoustic_entropy": 24.83070945739746,
          "acoustic_entropy_side": 24.838247299194336,
          "hz": 282.89161906338205
        },
        {
          "acoustic_entropy": 24.662736892700195,
          "acoustic_entropy_side": 24.77298355102539,
          "hz": 369.9353335868758
        },
        {
          "acoustic_entropy": 23.51702117919922,
          "acoustic_entropy_side": 24.353595733642578,
          "hz": 464.6875360973435
        },
        {
          "acoustic_entropy": 23.830127716064453,
          "acoustic_entropy_side": 25.54228973388672,
          "hz": 567.8308811364784
        },
        {
          "acoustic_entropy": 23.604591369628906,
          "acoustic_entropy_side": 24.224008560180664,
          "hz": 680.1084783214808
        },
        {
          "acoustic_entropy": 23.222599029541016,
          "acoustic_entropy_side": 24.108489990234375,
          "hz": 802.3292461747484
        },
        {
          "acoustic_entropy": 24.243803024291992,
          "acoustic_entropy_side": 24.970678329467773,
          "hz": 935.3737400823702
        },
        {
          "acoustic_entropy": 24.458723068237305,
          "acoustic_entropy_side": 24.626535415649414,
          "hz": 1080.2004963696966
        },
        {
          "acoustic_entropy": 24.952407836914062,
          "acoustic_entropy_side": 24.480749130249023,
          "hz": 1237.8529382007157
        },
        {
          "acoustic_entropy": 24.71587562561035,
          "acoustic_entropy_side": 25.031078338623047,
          "hz": 1409.4668930556702
        },
        {
          "acoustic_entropy": 23.88463592529297,
          "acoustic_entropy_side": 25.413936614990234,
          "hz": 1596.2787759475705
        },
        {
          "acoustic_entropy": 24.33007049560547,
          "acoustic_entropy_side": 24.6574764251709,
          "hz": 1799.6344973346393
        },
        {
          "acoustic_entropy": 24.16057014465332,
          "acoustic_entropy_side": 24.664066314697266,
          "hz": 2020.9991599069049
        },
        {
          "acoustic_entropy": 24.18837547302246,
          "acoustic_entropy_side": 24.843355178833008,
          "hz": 2261.9676141086993
        },
        {
          "acoustic_entropy": 24.11992645263672,
          "acoustic_entropy_side": 25.58609962463379,
          "hz": 2524.2759484456974
        },
        {
          "acoustic_entropy": 24.42415428161621,
