{
  "acoustic_entropy": 121.12074279785156,
  "bands": [
    {
      "high_freq": 148.1999969482422,
      "loudness": -58.46406936645508,
      "loudness_range": 26.06890869140625,
      "mid_mean": -54.78236770629883,
      "mid_to_side_loudness": -12.088047981262207,
      "mid_to_side_loudness_range": 9.392828941345215,
      "side_mean": -63.72065353393555
    },
    {
      "high_freq": 392.3793640136719,
      "loudness": -43.341304779052734,
      "loudness_range": 26.457685470581055,
      "low_freq": 148.1999969482422,
      "mid_mean": -41.30428695678711,
      "mid_to_side_loudness": -5.887679576873779,
      "mid_to_side_loudness_range": 9.800649642944336,
      "side_mean": -50.53456497192383
    },
    {
      "high_freq": 794.6976318359375,
      "loudness": -39.19174575805664,
      "loudness_range": 23.500459671020508,
      "low_freq": 392.3793640136719,
      "mid_mean": -39.002296447753906,
      "mid_to_side_loudness": -0.5288051962852478,
      "mid_to_side_loudness_range": 14.689443588256836,
      "side_mean": -39.88139724731445
    },
    {
      "high_freq": 1457.5709228515625,
      "loudness": -47.39131164550781,
      "loudness_range": 30.734134674072266,
      "low_freq": 794.6976318359375,
      "mid_mean": -47.568172454833984,
      "mid_to_side_loudness": -1.3366118669509888,
      "mid_to_side_loudness_range": 10.027856826782227,
      "side_mean": -50.5878791809082
    },
    {
      "high_freq": 2549.74365234375,
      "loudness": -54.19520568847656,
      "loudness_range": 30.373157501220703,
      "low_freq": 1457.5709228515625,
      "mid_mean": -56.77151107788086,
      "mid_to_side_loudness": -0.6430729627609253,
      "mid_to_side_loudness_range": 7.2104363441467285,
      "side_mean": -56.76231384277344
    },
    {
      "high_freq": 4349.24462890625,
      "loudness": -61.19194030761719,
      "loudness_range": 29.74633026123047,
      "low_freq": 2549.74365234375,
      "mid_mean": -62.661067962646484,
      "mid_to_side_loudness": -1.306246042251587,
      "mid_to_side_loudness_range": 8.348773956298828,
      "side_mean": -63.06843948364258
    },
    {
      "high_freq": 7314.1640625,
      "loudness": -70.28485870361328,
      "loudness_range": 28.09957504272461,
      "low_freq": 4349.24462890625,
      "mid_mean": -67.87456512451172,
      "mid_to_side_loudness": -0.5187575221061707,
      "mid_to_side_loudness_range": 4.284754276275635,
      "side_mean": -67.98402404785156
    },
    {
      "high_freq": 12199.2666015625,
      "loudness": -78.01142120361328,
      "loudness_range": 19.22158432006836,
      "low_freq": 7314.1640625,
      "mid_mean": -69.33905792236328,
      "mid_to_side_loudness": -0.26313504576683044,
      "mid_to_side_loudness_range": 1.8742862939834595,
      "side_mean": -69.32633972167969
    },
    {
      "loudness": -82.12272644042969,
      "loudness_range": 7.322021484375,
      "low_freq": 12199.2666015625,
      "mid_mean": -69.79936981201172,
      "mid_to_side_loudness": -0.3154391050338745,
      "mid_to_side_loudness_range": 1.0123683214187622,
      "side_mean": -69.81455993652344
    }
  ],
  "bands_short": [
    {
      "high_freq": 148.1999969482422,
      "loudness": -61.125850677490234,
      "loudness_range": 23.047889709472656,
      "mid_mean": -57.14756393432617,
      "mid_to_side_loudness": -14.085428237915039,
      "mid_to_side_loudness_range": 12.718890190124512,
      "side_mean": -66.5320053100586
    },
    {
      "high_freq": 392.3793640136719,
      "loudness": -43.670440673828125,
      "loudness_range": 26.361631393432617,
      "low_freq": 148.1999969482422,
      "mid_mean": -41.93436050415039,
      "mid_to_side_loudness": -5.803908824920654,
      "mid_to_side_loudness_range": 11.607869148254395,
      "side_mean": -51.06842041015625
    },
    {
      "high_freq": 794.6976318359375,
      "loudness": -39.52421188354492,
      "loudness_range": 24.2912540435791,
      "low_freq": 392.3793640136719,
      "mid_mean": -39.33222198486328,
      "mid_to_side_loudness": -0.7953807711601257,
      "mid_to_side_loudness_range": 16.738500595092773,
      "side_mean": -40.597023010253906
    },
    {
      "high_freq": 1457.5709228515625,
      "loudness": -48.02011489868164,
      "loudness_range": 30.911035537719727,
      "low_freq": 794.6976318359375,
      "mid_mean": -50.250999450683594,
      "mid_to_side_loudness": -1.1467972993850708,
      "mid_to_side_loudness_range": 12.448572158813477,
      "side_mean": -51.18033981323242
    },
    {
      "high_freq": 2549.74365234375,
      "loudness": -54.883399963378906,
      "loudness_range": 30.549022674560547,
      "low_freq": 1457.5709228515625,
      "mid_mean": -57.49958419799805,
      "mid_to_side_loudness": -0.43364593386650085,
      "mid_to_side_loudness_range": 9.660253524780273,
      "side_mean": -57.4550895690918
    },
    {
      "high_freq": 4349.24462890625,
      "loudness": -61.99116516113281,
      "loudness_range": 29.50074005126953,
      "low_freq": 2549.74365234375,
      "mid_mean": -63.3448600769043,
      "mid_to_side_loudness": -1.0496140718460083,
      "mid_to_side_loudness_range": 11.04550552368164,
      "side_mean": -63.6781120300293
    },
    {
      "high_freq": 7314.1640625,
      "loudness": -70.29986572265625,
      "loudness_range": 27.790325164794922,
      "low_freq": 4349.24462890625,
      "mid_mean": -68.01142883300781,
      "mid_to_side_loudness": -0.5840024352073669,
      "mid_to_side_loudness_range": 7.080307483673096,
      "side_mean": -68.12804412841797
    },
    {
      "high_freq": 12199.2666015625,
      "loudness": -77.82581329345703,
      "loudness_range": 18.128860473632812,
      "low_freq": 7314.1640625,
      "mid_mean": -69.4718017578125,
      "mid_to_side_loudness": -0.27409827709198,
      "mid_to_side_loudness_range": 2.675445556640625,
      "side_mean": -69.46051788330078
    },
    {
      "loudness": -80.59886169433594,
      "loudness_range": 8.867042541503906,
      "low_freq": 12199.2666015625,
      "mid_mean": -69.8252182006836,
      "mid_to_side_loudness": -0.2954222857952118,
      "mid_to_side_loudness_range": 2.05224871635437,
      "side_mean": -69.83386993408203
    }
  ],
  "bandwidth": 637.833984375,
  "channels": 2,
  "covariance": [
    [
      62.87786865234375,
      52.7607307434082,
      48.36879348754883,
      62.32872009277344,
      41.315921783447266,
      39.66292190551758,
      55.002098083496094,
      64.6053466796875,
      62.054080963134766,
      59.79644012451172,
      46.67448425292969,
      44.81140899658203,
      20.769575119018555,
      19.684925079345703,
      6.802272796630859,
      6.7120771408081055,
      1.6079953908920288,
      1.4423713684082031
    ],
    [
      52.7607307434082,
      51.136207580566406,
      42.004886627197266,
      48.83877944946289,
      35.02397537231445,
      34.56663131713867,
      47.26710510253906,
      51.71207809448242,
      51.96979522705078,
      50.28483963012695,
      41.381919860839844,
      39.784976959228516,
      20.59613037109375,
      19.27679443359375,
      6.953339576721191,
      6.876411437988281,
      1.5715769529342651,
      1.3902866840362549
    ],
    [
      48.36879348754883,
      42.004886627197266,
      99.13089752197266,
      79.39708709716797,
      47.13819122314453,
      38.959068298339844,
      53.22307586669922,
      59.2716064453125,
      61.3919677734375,
      59.4023323059082,
      41.293609619140625,
      39.812137603759766,
      16.729061126708984,
      16.778669357299805,
      6.045843124389648,
      5.714413642883301,
      1.5531909465789795,
      1.4169986248016357
    ],
    [
      62.32872009277344,
      48.83877944946289,
      79.39708709716797,
      115.51791381835938,
      51.53207778930664,
      42.38191223144531,
      62.022064208984375,
      86.61798858642578,
      80.69059753417969,
      77.69554901123047,
      52.04229736328125,
      50.00967025756836,
      19.533308029174805,
      19.188602447509766,
      6.530078411102295,
      6.331242084503174,
      1.720941185951233,
      1.5709036588668823
    ],
    [
      41.315921783447266,
      35.02397537231445,
      47.13819122314453,
      51.53207778930664,
      72.37138366699219,
      61.496726989746094,
      61.17915725708008,
      69.03749084472656,
      66.41954040527344,
      62.711158752441406,
      53.15449523925781,
      49.999942779541016,
      19.740354537963867,
      19.271961212158203,
      5.748250484466553,
      5.658875465393066,
      1.4424811601638794,
      1.2879574298858643
    ],
    [
      39.66292190551758,
      34.56663131713867,
      38.959068298339844,
      42.38191223144531,
      61.496726989746094,
      80.41516876220703,
      57.17466735839844,
      67.12189483642578,
      64.2081069946289,
      63.46746063232422,
      54.474674224853516,
      50.605342864990234,
      21.463550567626953,
      20.46502685546875,
      6.095163345336914,
      5.928305149078369,
      1.3304526805877686,
      1.178022027015686
    ],
    [
      55.002098083496094,
      47.26710510253906,
      53.22307586669922,
      62.022064208984375,
      61.17915725708008,
      57.17466735839844,
      116.11517333984375,
      106.77104187011719,
      97.06082916259766,
      95.93359375,
      75.56378173828125,
      72.97127532958984,
      34.20187759399414,
      32.016258239746094,
      11.143022537231445,
      11.818679809570312,
      2.202465295791626,
      1.926687240600586
    ],
    [
      64.6053466796875,
      51.71207809448242,
      59.2716064453125,
      86.61798858642578,
      69.03749084472656,
      67.12189483642578,
      106.77104187011719,
      134.3859405517578,
      111.71647644042969,
      109.82936096191406,
      82.31822967529297,
      79.00241088867188,
      33.20644760131836,
      31.32129669189453,
      10.599656105041504,
      11.059317588806152,
      2.2551631927490234,
      1.9975762367248535
    ],
    [
      62.054080963134766,
      51.96979522705078,
      61.3919677734375,
      80.69059753417969,
      66.41954040527344,
      64.2081069946289,
      97.06082916259766,
      111.71647644042969,
      112.77254486083984,
      109.94874572753906,
      81.97135162353516,
      78.72520446777344,
      34.55976104736328,
      32.868377685546875,
      10.527006149291992,
      10.830318450927734,
      2.1588525772094727,
      1.9123387336730957
    ],
    [
      59.79644012451172,
      50.28483963012695,
      59.4023323059082,
      77.69554901123047,
      62.711158752441406,
      63.46746063232422,
      95.93359375,
      109.82936096191406,
      109.94874572753906,
      110.51151275634766,
      80.4358901977539,
      76.94015502929688,
      34.32472229003906,
      32.62457275390625,
      10.461115837097168,
      10.728219032287598,
      2.083016872406006,
      1.8426628112792969
    ],
    [
      46.67448425292969,
      41.381919860839844,
      41.293609619140625,
      52.04229736328125,
      53.15449523925781,
      54.474674224853516,
      75.56378173828125,
      82.31822967529297,
      81.97135162353516,
      80.4358901977539,
      72.217529296875,
      67.94743347167969,
      32.221004486083984,
      30.599567413330078,
      9.929101943969727,
      10.150140762329102,
      1.9091596603393555,
      1.6754810810089111
    ],
    [
      44.81140899658203,
      39.784976959228516,
      39.812137603759766,
      50.00967025756836,
      49.999942779541016,
      50.605342864990234,
      72.97127532958984,
      79.00241088867188,
      78.72520446777344,
      76.94015502929688,
      67.94743347167969,
      66.20703887939453,
      31.01599884033203,
      29.28009033203125,
      9.602799415588379,
      9.767729759216309,
      1.85646390914917,
      1.6308839321136475
    ],
    [
      20.769575119018555,
      20.59613037109375,
      16.729061126708984,
      19.533308029174805,
      19.740354537963867,
      21.463550567626953,
      34.20187759399414,
      33.20644760131836,
      34.55976104736328,
      34.32472229003906,
      32.221004486083984,
      31.01599884033203,
      21.542766571044922,
      20.09388542175293,
      7.462050914764404,
      7.707311630249023,
      1.3280102014541626,
      1.127847671508789
    ],
    [
      19.684925079345703,
      19.27679443359375,
      16.778669357299805,
      19.188602447509766,
      19.271961212158203,
      20.46502685546875,
      32.016258239746094,
      31.32129669189453,
      32.868377685546875,
      32.62457275390625,
      30.599567413330078,
      29.28009033203125,
      20.09388542175293,
      19.24235725402832,
      7.040919780731201,
      7.194084644317627,
      1.2590795755386353,
      1.0712006092071533
    ],
    [
      6.802272796630859,
      6.953339576721191,
      6.045843124389648,
      6.530078411102295,
      5.748250484466553,
      6.095163345336914,
      11.143022537231445,
      10.599656105041504,
      10.527006149291992,
      10.461115837097168,
      9.929101943969727,
      9.602799415588379,
      7.462050914764404,
      7.040919780731201,
      3.675328493118286,
      3.8067896366119385,
      0.7745411396026611,
      0.6418682336807251
    ],
    [
      6.7120771408081055,
      6.876411437988281,
      5.714413642883301,
      6.331242084503174,
      5.658875465393066,
      5.928305149078369,
      11.818679809570312,
      11.059317588806152,
      10.830318450927734,
      10.728219032287598,
      10.150140762329102,
      9.767729759216309,
      7.707311630249023,
      7.194084644317627,
      3.8067896366119385,
      4.108989715576172,
      0.8192806839942932,
      0.6741811633110046
    ],
    [
      1.6079953908920288,
      1.5715769529342651,
      1.5531909465789795,
      1.720941185951233,
      1.4424811601638794,
      1.3304526805877686,
      2.202465295791626,
      2.2551631927490234,
      2.1588525772094727,
      2.083016872406006,
      1.9091596603393555,
      1.85646390914917,
      1.3280102014541626,
      1.2590795755386353,
      0.7745411396026611,
      0.8192806839942932,
      0.26219233870506287,
      0.21909859776496887
    ],
    [
      1.4423713684082031,
      1.3902866840362549,
      1.4169986248016357,
      1.5709036588668823,
      1.2879574298858643,
      1.178022027015686,
      1.926687240600586,
      1.9975762367248535,
      1.9123387336730957,
      1.8426628112792969,
      1.6754810810089111,
      1.6308839321136475,
      1.127847671508789,
      1.0712006092071533,
      0.6418682336807251,
      0.6741811633110046,
      0.21909859776496887,
      0.18599173426628113
    ]
  ],
  "covariance_short": [
    [
      49.83536911010742,
      25.89687728881836,
      39.621299743652344,
      51.398841857910156,
      32.858482360839844,
      31.94940757751465,
      52.03997039794922,
      51.02712631225586,
      47.82771682739258,
      46.203163146972656,
      34.179054260253906,
      33.238887786865234,
      15.04788875579834,
      14.310745239257812,
      4.210511684417725,
      4.1481852531433105,
      0.9910857677459717,
      0.940612256526947
    ],
    [
      25.89687728881836,
      20.473480224609375,
      24.616369247436523,
      28.21123504638672,
      18.909597396850586,
      19.010299682617188,
      28.55632781982422,
      27.961030960083008,
      27.835988998413086,
      26.848480224609375,
      21.04413604736328,
      20.53534698486328,
      10.14039421081543,
      9.593276977539062,
      2.8499460220336914,
      2.6839349269866943,
      0.6205488443374634,
      0.6007243394851685
    ],
    [
      39.621299743652344,
      24.616369247436523,
      102.40039825439453,
      81.06521606445312,
      50.5358772277832,
      39.54499435424805,
      62.51508331298828,
      60.415584564208984,
      61.48872756958008,
      59.906166076660156,
      40.60124206542969,
      39.03407669067383,
      16.093551635742188,
      16.191131591796875,
      4.82759428024292,
      4.695628643035889,
      1.191696286201477,
      1.140258550643921
    ],
    [
      51.398841857910156,
      28.21123504638672,
      81.06521606445312,
      120.88565063476562,
      54.72465896606445,
      44.835323333740234,
      90.36637878417969,
      87.95073699951172,
      80.4481201171875,
      78.21795654296875,
      50.35665512084961,
      48.59788131713867,
      18.79770278930664,
      18.450647354125977,
      5.252887725830078,
      5.168242931365967,
      1.3657017946243286,
      1.3044353723526
    ],
    [
      32.858482360839844,
      18.909597396850586,
      50.5358772277832,
      54.72465896606445,
      78.13349914550781,
      64.7394027709961,
      66.03021240234375,
      72.00526428222656,
      67.21421813964844,
      63.23342514038086,
      52.33092498779297,
      48.993247985839844,
      18.4118595123291,
      18.303119659423828,
      4.615139484405518,
      4.4676361083984375,
      1.0454291105270386,
      0.9977750182151794
    ],
    [
      31.94940757751465,
      19.010299682617188,
      39.54499435424805,
      44.835323333740234,
      64.7394027709961,
      86.58184814453125,
      64.89420318603516,
      70.26560974121094,
      65.55692291259766,
      65.0264663696289,
      54.53009033203125,
      50.34653091430664,
      19.9918270111084,
      19.09027099609375,
      4.816584587097168,
      4.656888961791992,
      0.9404336214065552,
      0.8918383717536926
    ],
    [
      52.03997039794922,
      28.55632781982422,
      62.51508331298828,
      90.36637878417969,
      66.03021240234375,
      64.89420318603516,
      145.4688720703125,
      132.28762817382812,
      111.83901977539062,
      111.00067901611328,
      77.7547378540039,
      75.7745132446289,
      34.798458099365234,
      32.422935485839844,
      8.92365837097168,
      9.542610168457031,
      1.7808340787887573,
      1.6718864440917969
    ],
    [
      51.02712631225586,
      27.961030960083008,
      60.415584564208984,
      87.95073699951172,
      72.00526428222656,
      70.26560974121094,
      132.28762817382812,
      134.15953063964844,
      110.00359344482422,
      108.35211181640625,
      77.3453369140625,
      74.78939056396484,
      32.62302780151367,
      30.555561065673828,
      8.309525489807129,
      8.789687156677246,
      1.7218137979507446,
      1.6196553707122803
    ],
    [
      47.82771682739258,
      27.835988998413086,
      61.48872756958008,
      80.4481201171875,
      67.21421813964844,
      65.55692291259766,
      111.83901977539062,
      110.00359344482422,
      110.30426788330078,
      106.90082550048828,
      76.8979721069336,
      74.22456359863281,
      32.610694885253906,
      30.91349983215332,
      8.291410446166992,
      8.662235260009766,
      1.653214454650879,
      1.553470492362976
    ],
    [
      46.203163146972656,
      26.848480224609375,
      59.906166076660156,
      78.21795654296875,
      63.23342514038086,
      65.0264663696289,
      111.00067901611328,
      108.35211181640625,
      106.90082550048828,
      109.1240234375,
      75.88160705566406,
      72.8585433959961,
      32.14247131347656,
      30.55978012084961,
      8.194425582885742,
      8.524402618408203,
      1.5930923223495483,
      1.4963746070861816
    ],
    [
      34.179054260253906,
      21.04413604736328,
      40.60124206542969,
      50.35665512084961,
      52.33092498779297,
      54.53009033203125,
      77.7547378540039,
      77.3453369140625,
      76.8979721069336,
      75.88160705566406,
      67.78755187988281,
      62.967559814453125,
      29.504941940307617,
      28.226911544799805,
      7.6790690422058105,
      7.868985652923584,
      1.3974549770355225,
      1.3086575269699097
    ],
    [
      33.238887786865234,
      20.53534698486328,
      39.03407669067383,
      48.59788131713867,
      48.993247985839844,
      50.34653091430664,
      75.7745132446289,
      74.78939056396484,
      74.22456359863281,
      72.8585433959961,
      62.967559814453125,
      62.382476806640625,
      28.62188720703125,
      27.096393585205078,
      7.467798709869385,
      7.644659996032715,
      1.3605611324310303,
      1.2747852802276611
    ],
    [
      15.04788875579834,
      10.14039421081543,
      16.093551635742188,
      18.79770278930664,
      18.4118595123291,
      19.9918270111084,
      34.798458099365234,
      32.62302780151367,
      32.610694885253906,
      32.14247131347656,
      29.504941940307617,
      28.62188720703125,
      21.145353317260742,
      19.24034881591797,
      5.966538906097412,
      6.318482875823975,
      0.9624718427658081,
      0.8815542459487915
    ],
    [
      14.310745239257812,
      9.593276977539062,
      16.191131591796875,
      18.450647354125977,
      18.303119659423828,
      19.09027099609375,
      32.422935485839844,
      30.555561065673828,
      30.91349983215332,
      30.55978012084961,
      28.226911544799805,
      27.096393585205078,
      19.24034881591797,
      18.54014015197754,
      5.638875484466553,
      5.922271728515625,
      0.9267072677612305,
      0.8470632433891296
    ],
    [
      4.210511684417725,
      2.8499460220336914,
      4.82759428024292,
      5.252887725830078,
      4.615139484405518,
      4.816584587097168,
      8.92365837097168,
      8.309525489807129,
      8.291410446166992,
      8.194425582885742,
      7.6790690422058105,
      7.467798709869385,
      5.966538906097412,
      5.638875484466553,
      2.775125503540039,
      2.809697151184082,
      0.57518470287323,
      0.5160144567489624
    ],
    [
      4.1481852531433105,
      2.6839349269866943,
      4.695628643035889,
      5.168242931365967,
      4.4676361083984375,
      4.656888961791992,
      9.542610168457031,
      8.789687156677246,
      8.662235260009766,
      8.524402618408203,
      7.868985652923584,
      7.644659996032715,
      6.318482875823975,
      5.922271728515625,
      2.809697151184082,
      3.0918211936950684,
      0.588096022605896,
      0.5253543853759766
    ],
    [
      0.9910857677459717,
      0.6205488443374634,
      1.191696286201477,
      1.3657017946243286,
      1.0454291105270386,
      0.9404336214065552,
      1.7808340787887573,
      1.7218137979507446,
      1.653214454650879,
      1.5930923223495483,
      1.3974549770355225,
      1.3605611324310303,
      0.9624718427658081,
      0.9267072677612305,
      0.57518470287323,
      0.588096022605896,
      0.2476881891489029,
      0.22012662887573242
    ],
    [
      0.940612256526947,
      0.6007243394851685,
      1.140258550643921,
      1.3044353723526,
      0.9977750182151794,
      0.8918383717536926,
      1.6718864440917969,
      1.6196553707122803,
      1.553470492362976,
      1.4963746070861816,
      1.3086575269699097,
      1.2747852802276611,
      0.8815542459487915,
      0.8470632433891296,
      0.5160144567489624,
      0.5253543853759766,
      0.22012662887573242,
      0.20101886987686157
    ]
  ],
  "damage": -20.747634887695312,
  "diff_bandwidth": 665.9395141601562,
  "dissonance": 4.657441940220128,
  "drr": -0.5925478339195251,
  "dynamics": 6.492442607879639,
  "format": 1245190,
  "frames": 6348800,
  "loudness": -31.3956298828125,
  "loudness_range": 23.065256118774414,
  "loudness_range_short": 24.43686294555664,
  "lowpass_true_peak_15khz": -5.20836877822876,
  "mastering3_acoustic_entropies": [
    {
      "acoustic_entropy": 7.38223123550415,
      "acoustic_entropy_mono": 5.597327709197998,
      "band_eliminated_acoustic_entropies": [
        {
          "acoustic_entropy": 7.381687641143799,
          "acoustic_entropy_side": 7.382205486297607,
          "hz": 129.47220167065723
        },
        {
          "acoustic_entropy": 7.319401264190674,
          "acoustic_entropy_side": 7.375160217285156,
          "hz": 202.92927478742237
        },
        {
          "acoustic_entropy": 7.155166149139404,
          "acoustic_entropy_side": 7.3430376052856445,
          "hz": 282.89161906338205
        },
        {
          "acoustic_entropy": 6.986293792724609,
          "acoustic_entropy_side": 7.473720073699951,
          "hz": 369.9353335868758
        },
        {
          "acoustic_entropy": 6.719376564025879,
          "acoustic_entropy_side": 6.652282238006592,
          "hz": 464.6875360973435
        },
        {
          "acoustic_entropy": 6.892418384552002,
          "acoustic_entropy_side": 7.6800127029418945,
          "hz": 567.8308811364784
        },
        {
          "acoustic_entropy": 7.0864763259887695,
          "acoustic_entropy_side": 7.1914167404174805,
          "hz": 680.1084783214808
        },
        {
          "acoustic_entropy": 7.260257244110107,
          "acoustic_entropy_side": 7.416097164154053,
          "hz": 802.3292461747484
        },
        {
          "acoustic_entropy": 6.6858954429626465,
          "acoustic_entropy_side": 7.320300579071045,
          "hz": 935.3737400823702
        },
        {
          "acoustic_entropy": 7.893884181976318,
          "acoustic_entropy_side": 7.666812896728516,
          "hz": 1080.2004963696966
        },
        {
          "acoustic_entropy": 6.987934589385986,
          "acoustic_entropy_side": 6.892782211303711,
          "hz": 1237.8529382007157
        },
        {
          "acoustic_entropy": 7.284673690795898,
          "acoustic_entropy_side": 7.360714435577393,
          "hz": 1409.4668930556702
        },
        {
          "acoustic_entropy": 7.210660457611084,
          "acoustic_entropy_side": 7.223910331726074,
          "hz": 1596.2787759475705
        },
        {
          "acoustic_entropy": 7.460420608520508,
          "acoustic_entropy_side": 7.4378838539123535,
          "hz": 1799.6344973346393
        },
        {
          "acoustic_entropy": 7.479159832000732,
          "acoustic_entropy_side": 7.356113910675049,
          "hz": 2020.9991599069049
        },
        {
          "acoustic_entropy": 7.321871280670166,
          "acoustic_entropy_side": 7.365871906280518,
          "hz": 2261.9676141086993
        },
        {
          "acoustic_entropy": 7.4088897705078125,
          "acoustic_entropy_side": 7.389914035797119,
          "hz": 2524.2759484456974
        },
        {
          "acoustic_entropy": 7.371245861053467,
          "acoustic_entropy_side": 7.381647109985352,
          "hz": 2809.813997359896
        },
        {
          "acoustic_entropy": 7.363221168518066,
          "acoustic_entropy_side": 7.371563911437988,
          "hz": 3120.6389567871424
        },
        {
          "acoustic_entropy": 7.384679794311523,
          "acoustic_entropy_side": 7.3827643394470215,
          "hz": 3458.990205492291
        },
        {
          "acoustic_entropy": 7.386952877044678,
          "acoustic_entropy_side": 7.383819103240967,
          "hz": 3827.305438964164
        },
        {
          "acoustic_entropy": 7.375732421875,
          "acoustic_entropy_side": 7.376697540283203,
          "hz": 4228.238232109126
        },
        {
          "acoustic_entropy": 7.384280204772949,
          "acoustic_entropy_side": 7.37752628326416,
          "hz": 4664.6771572759235
        },
        {
          "acoustic_entropy": 7.377646446228027,
          "acoustic_entropy_side": 7.372309684753418,
          "hz": 5139.766595350093
        },
        {
          "acoustic_entropy": 7.374364852905273,
          "acoustic_entropy_side": 7.3730082511901855,
          "hz": 5656.929389854203
        },
        {
          "acoustic_entropy": 7.372482776641846,
          "acoustic_entropy_side": 7.379990577697754,
          "hz": 6219.891507268283
        },
        {
          "acoustic_entropy": 7.374037265777588,
          "acoustic_entropy_side": 7.380594730377197,
          "hz": 6832.70888123896
        },
        {
          "acoustic_entropy": 7.370361328125,
          "acoustic_entropy_side": 7.381872653961182,
          "hz": 7499.796634079867
        },
        {
          "acoustic_entropy": 7.3799920082092285,
          "acoustic_entropy_side": 7.381859302520752,
          "hz": 8225.96088609342
        },
        {
          "acoustic_entropy": 7.381896495819092,
          "acoustic_entropy_side": 7.3821210861206055,
          "hz": 9016.43338188839
        },
        {
          "acoustic_entropy": 7.382045269012451,
          "acoustic_entropy_side": 7.382180213928223,
          "hz": 9876.909183162974
        },
        {
          "acoustic_entropy": 7.3821845054626465,
          "acoustic_entropy_side": 7.382217884063721,
          "hz": 10813.587699516042
        },
        {
          "acoustic_entropy": 7.381931781768799,
          "acoustic_entropy_side": 7.382177829742432,
          "hz": 11833.21735289826
        },
        {
          "acoustic_entropy": 7.382213115692139,
          "acoustic_entropy_side": 7.382223606109619,
          "hz": 12943.144197493959
        },
        {
          "acoustic_entropy": 7.382217884063721,
          "acoustic_entropy_side": 7.382226467132568,
          "hz": 14151.364845322005
        },
        {
          "acoustic_entropy": 7.382227897644043,
          "acoustic_entropy_side": 7.382229804992676,
          "hz": 15466.58407886509
        },
        {
          "acoustic_entropy": 7.38223123550415,
          "acoustic_entropy_side": 7.38223123550415,
          "hz": 16898.27756580493
        },
        {
          "acoustic_entropy": 7.38223123550415,
          "acoustic_entropy_side": 7.38223123550415,
          "hz": 18456.760127700032
        },
        {
          "acoustic_entropy": 7.38223123550415,
          "acoustic_entropy_side": 7.38223123550415,
          "hz": 20153.260054456492
        },
        {
          "acoustic_entropy": 7.38223123550415,
          "acoustic_entropy_side": 7.38223123550415,
          "hz": 22000.00000000001
        }
      ],
      "diff_acoustic_entropy": 4.0890212059021,
      "sn": 6
    },
    {
      "acoustic_entropy": 11.637845039367676,
      "acoustic_entropy_mono": 8.759926795959473,
      "band_eliminated_acoustic_entropies": [
        {
          "acoustic_entropy": 11.636319160461426,
          "acoustic_entropy_side": 11.63793659210205,
          "hz": 129.47220167065723
        },
        {
          "acoustic_entropy": 11.48807430267334,
          "acoustic_entropy_side": 11.638218879699707,
          "hz": 202.92927478742237
        },
        {
          "acoustic_entropy": 11.328981399536133,
          "acoustic_entropy_side": 11.530522346496582,
          "hz": 282.89161906338205
        },
        {
          "acoustic_entropy": 11.409972190856934,
          "acoustic_entropy_side": 11.455389976501465,
          "hz": 369.9353335868758
        },
        {
          "acoustic_entropy": 10.198291778564453,
          "acoustic_entropy_side": 11.007170677185059,
          "hz": 464.6875360973435
        },
        {
          "acoustic_entropy": 10.634382247924805,
          "acoustic_entropy_side": 11.502287864685059,
          "hz": 567.8308811364784
        },
        {
          "acoustic_entropy": 10.936208724975586,
          "acoustic_entropy_side": 10.792999267578125,
          "hz": 680.1084783214808
        },
        {
          "acoustic_entropy": 11.247994422912598,
          "acoustic_entropy_side": 11.592392921447754,
          "hz": 802.3292461747484
        },
        {
          "acoustic_entropy": 10.518803596496582,
          "acoustic_entropy_side": 11.588313102722168,
          "hz": 935.3737400823702
        },
        {
          "acoustic_entropy": 12.169490814208984,
          "acoustic_entropy_side": 11.862039566040039,
          "hz": 1080.2004963696966
        },
        {
          "acoustic_entropy": 10.6834716796875,
          "acoustic_entropy_side": 10.711750030517578,
          "hz": 1237.8529382007157
        },
        {
          "acoustic_entropy": 11.451695442199707,
          "acoustic_entropy_side": 11.654793739318848,
          "hz": 1409.4668930556702
        },
        {
          "acoustic_entropy": 10.882709503173828,
          "acoustic_entropy_side": 11.444058418273926,
          "hz": 1596.2787759475705
        },
        {
          "acoustic_entropy": 11.491666793823242,
          "acoustic_entropy_side": 11.574440002441406,
          "hz": 1799.6344973346393
        },
        {
          "acoustic_entropy": 11.146492958068848,
          "acoustic_entropy_side": 11.025391578674316,
          "hz": 2020.9991599069049
        },
        {
          "acoustic_entropy": 11.560009956359863,
          "acoustic_entropy_side": 11.632073402404785,
          "hz": 2261.9676141086993
        },
        {
          "acoustic_entropy": 11.542842864990234,
          "acoustic_entropy_side": 11.597635269165039,
          "hz": 2524.2759484456974
        },
        {
          "acoustic_entropy": 11.584867477416992,
          "acoustic_entropy_side": 11.598905563354492,
          "hz": 2809.813997359896
        },
        {
          "acoustic_entropy": 11.554744720458984,
          "acoustic_entropy_side": 11.569846153259277,
          "hz": 3120.6389567871424
        },
        {
          "acoustic_entropy": 11.583358764648438,
          "acoustic_entropy_side": 11.6063871383667,
          "hz": 3458.990205492291
        },
        {
          "acoustic_entropy": 11.590412139892578,
          "acoustic_entropy_side": 11.607316970825195,
          "hz": 3827.305438964164
        },
        {
          "acoustic_entropy": 11.592999458312988,
          "acoustic_entropy_side": 11.60162353515625,
          "hz": 4228.238232109126
        },
        {
          "acoustic_entropy": 11.581151008605957,
          "acoustic_entropy_side": 11.600069999694824,
          "hz": 4664.6771572759235
        },
        {
          "acoustic_entropy": 11.606098175048828,
          "acoustic_entropy_side": 11.608419418334961,
          "hz": 5139.766595350093
        },
        {
          "acoustic_entropy": 11.595741271972656,
          "acoustic_entropy_side": 11.616434097290039,
          "hz": 5656.929389854203
        },
        {
          "acoustic_entropy": 11.607556343078613,
          "acoustic_entropy_side": 11.626242637634277,
          "hz": 6219.891507268283
        },
        {
          "acoustic_entropy": 11.617156028747559,
          "acoustic_entropy_side": 11.631500244140625,
          "hz": 6832.70888123896
        },
        {
          "acoustic_entropy": 11.627154350280762,
          "acoustic_entropy_side": 11.635595321655273,
          "hz": 7499.796634079867
        },
        {
          "acoustic_entropy": 11.634651184082031,
          "acoustic_entropy_side": 11.636800765991211,
          "hz": 8225.96088609342
        },
        {
          "acoustic_entropy": 11.63694953918457,
          "acoustic_entropy_side": 11.637493133544922,
          "hz": 9016.43338188839
        },
        {
          "acoustic_entropy": 11.637581825256348,
          "acoustic_entropy_side": 11.637761116027832,
          "hz": 9876.909183162974
        },
        {
          "acoustic_entropy": 11.637885093688965,
          "acoustic_entropy_side": 11.637939453125,
          "hz": 10813.587699516042
        },
        {
          "acoustic_entropy": 11.637842178344727,
          "acoustic_entropy_side": 11.637995719909668,
          "hz": 11833.21735289826
        },
        {
          "acoustic_entropy": 11.637872695922852,
          "acoustic_entropy_side": 11.637860298156738,
          "hz": 12943.144197493959
        },
        {
          "acoustic_entropy": 11.63785457611084,
          "acoustic_entropy_side": 11.637846946716309,
          "hz": 14151.364845322005
        },
        {
          "acoustic_entropy": 11.637846946716309,
          "acoustic_entropy_side": 11.637846946716309,
          "hz": 15466.58407886509
        },
        {
          "acoustic_entropy": 11.637845993041992,
          "acoustic_entropy_side": 11.637845039367676,
          "hz": 16898.27756580493
        },
        {
          "acoustic_entropy": 11.637845039367676,
          "acoustic_entropy_side": 11.637845039367676,
          "hz": 18456.760127700032
        },
        {
          "acoustic_entropy": 11.637845039367676,
          "acoustic_entropy_side": 11.637845039367676,
          "hz": 20153.260054456492
        },
        {
          "acoustic_entropy": 11.637845039367676,
          "acoustic_entropy_side": 11.637845039367676,
          "hz": 22000.00000000001
        }
      ],
      "diff_acoustic_entropy": 6.578044414520264,
      "sn": 12
    },
    {
      "acoustic_entropy": 17.10405731201172,
      "acoustic_entropy_mono": 14.454678535461426,
      "band_eliminated_acoustic_entropies": [
        {
          "acoustic_entropy": 17.210397720336914,
          "acoustic_entropy_side": 17.11630630493164,
          "hz": 129.47220167065723
        },
        {
          "acoustic_entropy": 17.687131881713867,
          "acoustic_entropy_side": 17.513614654541016,
          "hz": 202.92927478742237
        },
        {
          "acoustic_entropy": 17.372289657592773,
          "acoustic_entropy_side": 17.076812744140625,
          "hz": 282.89161906338205
        },
        {
          "acoustic_entropy": 17.37906837463379,
          "acoustic_entropy_side": 17.21495246887207,
          "hz": 369.9353335868758
        },
        {
          "acoustic_entropy": 17.612586975097656,
          "acoustic_entropy_side": 17.729694366455078,
          "hz": 464.6875360973435
        },
        {
          "acoustic_entropy": 18.173532485961914,
          "acoustic_entropy_side": 18.298337936401367,
          "hz": 567.8308811364784
        },
        {
          "acoustic_entropy": 17.364025115966797,
          "acoustic_entropy_side": 17.583354949951172,
          "hz": 680.1084783214808
        },
        {
          "acoustic_entropy": 17.12939453125,
          "acoustic_entropy_side": 17.220314025878906,
          "hz": 802.3292461747484
        },
        {
          "acoustic_entropy": 17.079988479614258,
          "acoustic_entropy_side": 17.442737579345703,
          "hz": 935.3737400823702
        },
        {
          "acoustic_entropy": 17.58083152770996,
          "acoustic_entropy_side": 17.00473976135254,
          "hz": 1080.2004963696966
        },
        {
          "acoustic_entropy": 16.40968132019043,
          "acoustic_entropy_side": 16.9272403717041,
          "hz": 1237.8529382007157
        },
        {
          "acoustic_entropy": 17.36083221435547,
          "acoustic_entropy_side": 17.194528579711914,
          "hz": 1409.4668930556702
        },
        {
          "acoustic_entropy": 17.484209060668945,
          "acoustic_entropy_side": 17.619976043701172,
          "hz": 1596.2787759475705
        },
        {
          "acoustic_entropy": 17.576791763305664,
          "acoustic_entropy_side": 17.21094512939453,
          "hz": 1799.6344973346393
        },
        {
          "acoustic_entropy": 16.379573822021484,
          "acoustic_entropy_side": 17.334552764892578,
          "hz": 2020.9991599069049
        },
        {
          "acoustic_entropy": 16.841045379638672,
          "acoustic_entropy_side": 17.38799476623535,
          "hz": 2261.9676141086993
        },
        {
          "acoustic_entropy": 16.677879333496094,
          "acoustic_entropy_side": 17.02530288696289,
          "hz": 2524.2759484456974
        },
        {
          "acoustic_entropy": 17.517675399780273,
          "acoustic_entropy_side": 17.243738174438477,
          "hz": 2809.813997359896
        },
        {
          "acoustic_entropy": 17.16702651977539,
          "acoustic_entropy_side": 17.16065216064453,
          "hz": 3120.6389567871424
        },
        {
