{
  "acoustic_entropy": 81.53010559082031,
  "bands": [
    {
      "high_freq": 148.1999969482422,
      "loudness": -69.75850677490234,
      "loudness_range": 5.946563720703125,
      "mid_mean": -65.71417236328125,
      "mid_to_side_loudness": -1.943874478340149,
      "mid_to_side_loudness_range": 7.6227827072143555,
      "side_mean": -67.05052185058594
    },
    {
      "high_freq": 392.3793640136719,
      "loudness": -56.7251091003418,
      "loudness_range": 33.895050048828125,
      "low_freq": 148.1999969482422,
      "mid_mean": -54.90058898925781,
      "mid_to_side_loudness": -2.84460186958313,
      "mid_to_side_loudness_range": 8.975876808166504,
      "side_mean": -57.09128952026367
    },
    {
      "high_freq": 794.6976318359375,
      "loudness": -39.15690612792969,
      "loudness_range": 18.80140495300293,
      "low_freq": 392.3793640136719,
      "mid_mean": -39.028419494628906,
      "mid_to_side_loudness": 0.2754339575767517,
      "mid_to_side_loudness_range": 12.32307243347168,
      "side_mean": -39.26518249511719
    },
    {
      "high_freq": 1457.5709228515625,
      "loudness": -48.328060150146484,
      "loudness_range": 25.019454956054688,
      "low_freq": 794.6976318359375,
      "mid_mean": -51.859214782714844,
      "mid_to_side_loudness": -3.1459524631500244,
      "mid_to_side_loudness_range": 10.16865062713623,
      "side_mean": -54.76762771606445
    },
    {
      "high_freq": 2549.74365234375,
      "loudness": -60.10844039916992,
      "loudness_range": 30.40583038330078,
      "low_freq": 1457.5709228515625,
      "mid_mean": -63.71175765991211,
      "mid_to_side_loudness": -2.646257162094116,
      "mid_to_side_loudness_range": 8.102136611938477,
      "side_mean": -65.32433319091797
    },
    {
      "high_freq": 4349.24462890625,
      "loudness": -74.58256530761719,
      "loudness_range": 23.836193084716797,
      "low_freq": 2549.74365234375,
      "mid_mean": -66.9283676147461,
      "mid_to_side_loudness": -2.772759199142456,
      "mid_to_side_loudness_range": 8.048835754394531,
      "side_mean": -68.2327651977539
    },
    {
      "high_freq": 7314.1640625,
      "loudness": -79.22846221923828,
      "loudness_range": 14.344619750976562,
      "low_freq": 4349.24462890625,
      "mid_mean": -68.76665496826172,
      "mid_to_side_loudness": -2.609797239303589,
      "mid_to_side_loudness_range": 5.950708389282227,
      "side_mean": -69.35411071777344
    },
    {
      "high_freq": 12199.2666015625,
      "loudness": -80.75554656982422,
      "loudness_range": 8.033714294433594,
      "low_freq": 7314.1640625,
      "mid_mean": -69.30160522460938,
      "mid_to_side_loudness": -2.2307181358337402,
      "mid_to_side_loudness_range": 4.34450101852417,
      "side_mean": -69.63265228271484
    },
    {
      "loudness": 0,
      "loudness_range": 0,
      "low_freq": 12199.2666015625,
      "mid_mean": -69.21040344238281,
      "mid_to_side_loudness": -3.3879451751708984,
      "mid_to_side_loudness_range": 5.802472114562988,
      "side_mean": -69.66078186035156
    }
  ],
  "bands_short": [
    {
      "high_freq": 148.1999969482422,
      "loudness": -70.63644409179688,
      "loudness_range": 7.70166015625,
      "mid_mean": -66.21275329589844,
      "mid_to_side_loudness": -1.8712276220321655,
      "mid_to_side_loudness_range": 13.944802284240723,
      "side_mean": -67.3985824584961
    },
    {
      "high_freq": 392.3793640136719,
      "loudness": -58.659149169921875,
      "loudness_range": 31.50670623779297,
      "low_freq": 148.1999969482422,
      "mid_mean": -56.832969665527344,
      "mid_to_side_loudness": -2.547683000564575,
      "mid_to_side_loudness_range": 11.426837921142578,
      "side_mean": -58.75271224975586
    },
    {
      "high_freq": 794.6976318359375,
      "loudness": -39.05178451538086,
      "loudness_range": 19.248626708984375,
      "low_freq": 392.3793640136719,
      "mid_mean": -39.31393051147461,
      "mid_to_side_loudness": 0.6747380495071411,
      "mid_to_side_loudness_range": 13.861724853515625,
      "side_mean": -39.20552444458008
    },
    {
      "high_freq": 1457.5709228515625,
      "loudness": -48.29067611694336,
      "loudness_range": 25.767147064208984,
      "low_freq": 794.6976318359375,
      "mid_mean": -52.13362121582031,
      "mid_to_side_loudness": -2.3162031173706055,
      "mid_to_side_loudness_range": 13.680187225341797,
      "side_mean": -54.330902099609375
    },
    {
      "high_freq": 2549.74365234375,
      "loudness": -61.73542022705078,
      "loudness_range": 31.735332489013672,
      "low_freq": 1457.5709228515625,
      "mid_mean": -63.346046447753906,
      "mid_to_side_loudness": -2.4471347332000732,
      "mid_to_side_loudness_range": 11.050371170043945,
      "side_mean": -64.9162826538086
    },
    {
      "high_freq": 4349.24462890625,
      "loudness": -75.17700958251953,
      "loudness_range": 23.40765380859375,
      "low_freq": 2549.74365234375,
      "mid_mean": -67.3101577758789,
      "mid_to_side_loudness": -2.299232006072998,
      "mid_to_side_loudness_range": 7.143314838409424,
      "side_mean": -68.31102752685547
    },
    {
      "high_freq": 7314.1640625,
      "loudness": -79.56830596923828,
      "loudness_range": 14.206977844238281,
      "low_freq": 4349.24462890625,
      "mid_mean": -68.94059753417969,
      "mid_to_side_loudness": -2.1755211353302,
      "mid_to_side_loudness_range": 4.620138168334961,
      "side_mean": -69.37860870361328
    },
    {
      "high_freq": 12199.2666015625,
      "loudness": -81.1019515991211,
      "loudness_range": 7.278144836425781,
      "low_freq": 7314.1640625,
      "mid_mean": -69.39593505859375,
      "mid_to_side_loudness": -1.9416230916976929,
      "mid_to_side_loudness_range": 3.452031135559082,
      "side_mean": -69.64427185058594
    },
    {
      "loudness": 0,
      "loudness_range": 0,
      "low_freq": 12199.2666015625,
      "mid_mean": -69.20927429199219,
      "mid_to_side_loudness": -3.380004405975342,
      "mid_to_side_loudness_range": 5.847545146942139,
      "side_mean": -69.65823364257812
    }
  ],
  "bandwidth": 695.800537109375,
  "channels": 2,
  "covariance": [
    [
      2.8591349124908447,
      0.8412903547286987,
      7.387196063995361,
      5.544919013977051,
      -2.403501272201538,
      -2.2918832302093506,
      -2.2041823863983154,
      -3.6986939907073975,
      0.5926928520202637,
      -0.6900302767753601,
      1.2853096723556519,
      0.40849775075912476,
      0.017537066712975502,
      -0.3126348853111267,
      0.32854628562927246,
      0.09622740000486374,
      0.29823097586631775,
      0.039161570370197296
    ],
    [
      0.8412903547286987,
      0.9544183611869812,
      -0.11965827643871307,
      -0.4250958561897278,
      -3.532058000564575,
      -2.7595481872558594,
      -3.1853561401367188,
      -2.99373722076416,
      -1.827235221862793,
      -1.3800773620605469,
      -0.9274228811264038,
      -0.6334416270256042,
      -0.28663766384124756,
      -0.20776823163032532,
      -0.038853392004966736,
      -0.014649982564151287,
      0.02222231961786747,
      0.014166695065796375
    ],
    [
      7.387196063995361,
      -0.11965827643871307,
      137.379638671875,
      131.03521728515625,
      54.802547454833984,
      29.039377212524414,
      77.3256607055664,
      54.632286071777344,
      30.17609214782715,
      13.906752586364746,
      27.83115577697754,
      13.453702926635742,
      8.619141578674316,
      2.26619291305542,
      6.175347805023193,
      1.9975446462631226,
      3.445716381072998,
      0.3160022497177124
    ],
    [
      5.544919013977051,
      -0.4250958561897278,
      131.03521728515625,
      134.8897247314453,
      52.862823486328125,
      31.10915756225586,
      78.11943817138672,
      57.66669845581055,
      22.039058685302734,
      9.782646179199219,
      24.475122451782227,
      12.594483375549316,
      7.530972003936768,
      2.2303860187530518,
      5.893939018249512,
      2.112187147140503,
      3.261023759841919,
      0.29870590567588806
    ],
    [
      -2.403501272201538,
      -3.532058000564575,
      54.802547454833984,
      52.862823486328125,
      69.91647338867188,
      41.44197463989258,
      73.44392395019531,
      61.02366256713867,
      42.360904693603516,
      31.90715789794922,
      23.235504150390625,
      13.553604125976562,
      7.9593424797058105,
      3.932389259338379,
      4.001772403717041,
      1.6368039846420288,
      1.1892199516296387,
      0.11030428111553192
    ],
    [
      -2.2918832302093506,
      -2.7595481872558594,
      29.039377212524414,
      31.10915756225586,
      41.44197463989258,
      41.17748260498047,
      49.59733200073242,
      48.03866958618164,
      18.368200302124023,
      15.451301574707031,
      12.521721839904785,
      8.632078170776367,
      3.907473087310791,
      2.5286190509796143,
      2.191220283508301,
      0.9944064617156982,
      0.7444145083427429,
      0.08565308898687363
    ],
    [
      -2.2041823863983154,
      -3.1853561401367188,
      77.3256607055664,
      78.11943817138672,
      73.44392395019531,
      49.59733200073242,
      151.49114990234375,
      129.508056640625,
      60.174922943115234,
      46.21888732910156,
      28.441896438598633,
      16.22589874267578,
      12.024699211120605,
      6.346310138702393,
      5.290691375732422,
      2.281928777694702,
      2.126953363418579,
      0.35755789279937744
    ],
    [
      -3.6986939907073975,
      -2.99373722076416,
      54.632286071777344,
      57.66669845581055,
      61.02366256713867,
      48.03866958618164,
      129.508056640625,
      121.60954284667969,
      48.88140869140625,
      40.183074951171875,
      21.96232795715332,
      14.620759963989258,
      10.531862258911133,
      7.092018127441406,
      4.095834732055664,
      2.0189080238342285,
      1.4449831247329712,
      0.29981735348701477
    ],
    [
      0.5926928520202637,
      -1.827235221862793,
      30.17609214782715,
      22.039058685302734,
      42.360904693603516,
      18.368200302124023,
      60.174922943115234,
      48.88140869140625,
      76.16352844238281,
      59.868614196777344,
      28.474075317382812,
      15.708723068237305,
      12.227896690368652,
      7.114905834197998,
      4.402496814727783,
      1.845235824584961,
      0.8446742296218872,
      0.156272754073143
    ],
    [
      -0.6900302767753601,
      -1.3800773620605469,
      13.906752586364746,
      9.782646179199219,
      31.90715789794922,
      15.451301574707031,
      46.21888732910156,
      40.183074951171875,
      59.868614196777344,
      52.23158645629883,
      20.044660568237305,
      11.963944435119629,
      8.788931846618652,
      5.75980281829834,
      2.9537534713745117,
      1.35184907913208,
      0.3581777513027191,
      0.11216431856155396
    ],
    [
      1.2853096723556519,
      -0.9274228811264038,
      27.83115577697754,
      24.475122451782227,
      23.235504150390625,
      12.521721839904785,
      28.441896438598633,
      21.96232795715332,
      28.474075317382812,
      20.044660568237305,
      22.315507888793945,
      11.966765403747559,
      8.348160743713379,
      4.197092533111572,
      3.7967123985290527,
      1.3744711875915527,
      0.9544901251792908,
      0.10751549899578094
    ],
    [
      0.40849775075912476,
      -0.6334416270256042,
      13.453702926635742,
      12.594483375549316,
      13.553604125976562,
      8.632078170776367,
      16.22589874267578,
      14.620759963989258,
      15.708723068237305,
      11.963944435119629,
      11.966765403747559,
      8.122766494750977,
      4.766342639923096,
      3.1001639366149902,
      2.0002434253692627,
      0.9761415719985962,
      0.4814397096633911,
      0.0623774453997612
    ],
    [
      0.017537066712975502,
      -0.28663766384124756,
      8.619141578674316,
      7.530972003936768,
      7.9593424797058105,
      3.907473087310791,
      12.024699211120605,
      10.531862258911133,
      12.227896690368652,
      8.788931846618652,
      8.348160743713379,
      4.766342639923096,
      5.102886199951172,
      2.9182865619659424,
      2.2371413707733154,
      0.8777840733528137,
      0.28492212295532227,
      0.039852600544691086
    ],
    [
      -0.3126348853111267,
      -0.20776823163032532,
      2.26619291305542,
      2.2303860187530518,
      3.932389259338379,
      2.5286190509796143,
      6.346310138702393,
      7.092018127441406,
      7.114905834197998,
      5.75980281829834,
      4.197092533111572,
      3.1001639366149902,
      2.9182865619659424,
      2.3493077754974365,
      0.8472869992256165,
      0.4953652322292328,
      0.055187370628118515,
      0.021375754848122597
    ],
    [
      0.32854628562927246,
      -0.038853392004966736,
      6.175347805023193,
      5.893939018249512,
      4.001772403717041,
      2.191220283508301,
      5.290691375732422,
      4.095834732055664,
      4.402496814727783,
      2.9537534713745117,
      3.7967123985290527,
      2.0002434253692627,
      2.2371413707733154,
      0.8472869992256165,
      2.1255078315734863,
      0.8034106492996216,
      0.2586434483528137,
      0.025746099650859833
    ],
    [
      0.09622740000486374,
      -0.014649982564151287,
      1.9975446462631226,
      2.112187147140503,
      1.6368039846420288,
      0.9944064617156982,
      2.281928777694702,
      2.0189080238342285,
      1.845235824584961,
      1.35184907913208,
      1.3744711875915527,
      0.9761415719985962,
      0.8777840733528137,
      0.4953652322292328,
      0.8034106492996216,
      0.4760648012161255,
      0.08718682080507278,
      0.01067317184060812
    ],
    [
      0.29823097586631775,
      0.02222231961786747,
      3.445716381072998,
      3.261023759841919,
      1.1892199516296387,
      0.7444145083427429,
      2.126953363418579,
      1.4449831247329712,
      0.8446742296218872,
      0.3581777513027191,
      0.9544901251792908,
      0.4814397096633911,
      0.28492212295532227,
      0.055187370628118515,
      0.2586434483528137,
      0.08718682080507278,
      0.13231852650642395,
      0.013077789917588234
    ],
    [
      0.039161570370197296,
      0.014166695065796375,
      0.3160022497177124,
      0.29870590567588806,
      0.11030428111553192,
      0.08565308898687363,
      0.35755789279937744,
      0.29981735348701477,
      0.156272754073143,
      0.11216431856155396,
      0.10751549899578094,
      0.0623774453997612,
      0.039852600544691086,
      0.021375754848122597,
      0.025746099650859833,
      0.01067317184060812,
      0.013077789917588234,
      0.0027942436281591654
    ]
  ],
  "covariance_short": [
    [
      3.7730534076690674,
      0.6298630833625793,
      6.16373872756958,
      4.522718906402588,
      -2.2199110984802246,
      -2.104315996170044,
      -2.917760133743286,
      -3.8882553577423096,
      -0.19344507157802582,
      -1.2601958513259888,
      0.9583456516265869,
      0.4383794069290161,
      -0.003931083250790834,
      -0.22077101469039917,
      0.19614067673683167,
      0.0695011243224144,
      0.2580117881298065,
      0.031979504972696304
    ],
    [
      0.6298630833625793,
      1.6762113571166992,
      0.13796943426132202,
      -0.005523478612303734,
      -3.0144729614257812,
      -2.2505526542663574,
      -2.6476314067840576,
      -2.2791075706481934,
      -1.5622551441192627,
      -1.1536740064620972,
      -0.6742319464683533,
      -0.4936479926109314,
      -0.21695280075073242,
      -0.16697213053703308,
      -0.05190744623541832,
      -0.016043078154325485,
      0.02088153176009655,
      0.011676998808979988
    ],
    [
      6.16373872756958,
      0.13796943426132202,
      115.0346908569336,
      104.77635192871094,
      51.298519134521484,
      29.85841941833496,
      61.261199951171875,
      38.010032653808594,
      22.346742630004883,
      10.710423469543457,
      21.84018325805664,
      11.712555885314941,
      6.532070159912109,
      2.0924317836761475,
      4.472337245941162,
      1.7300419807434082,
      3.07578706741333,
      0.2636614441871643
    ],
    [
      4.522718906402588,
      -0.005523478612303734,
      104.77635192871094,
      107.61986541748047,
      50.05845260620117,
      32.135684967041016,
      62.58097457885742,
      41.849159240722656,
      19.229204177856445,
      9.733736038208008,
      20.22252655029297,
      11.816211700439453,
      5.701147556304932,
      2.311530351638794,
      4.043848037719727,
      1.9279311895370483,
      2.8332176208496094,
      0.2503385543823242
    ],
    [
      -2.2199110984802246,
      -3.0144729614257812,
      51.298519134521484,
      50.05845260620117,
      78.10948181152344,
      43.794715881347656,
      74.79095458984375,
      57.88422775268555,
      44.15285873413086,
      33.22693634033203,
      21.580347061157227,
      13.380264282226562,
      7.049786567687988,
      3.9180891513824463,
      3.061886787414551,
      1.5190870761871338,
      1.2645726203918457,
      0.11693154275417328
    ],
    [
      -2.104315996170044,
      -2.2505526542663574,
      29.85841941833496,
      32.135684967041016,
      43.794715881347656,
      44.41536331176758,
      51.70591354370117,
      47.90144729614258,
      21.28246307373047,
      17.348712921142578,
      10.992330551147461,
      8.085206031799316,
      3.240140438079834,
      2.3423001766204834,
      1.6308035850524902,
      0.889628529548645,
      0.792083203792572,
      0.08506909012794495
    ],
    [
      -2.917760133743286,
      -2.6476314067840576,
      61.261199951171875,
      62.58097457885742,
      74.79095458984375,
      51.70591354370117,
      154.60433959960938,
      128.00918579101562,
      67.70634460449219,
      51.10832977294922,
      26.78902244567871,
      16.051101684570312,
      10.309492111206055,
      6.032575607299805,
      4.024469375610352,
      2.0995147228240967,
      2.1627726554870605,
      0.3578607439994812
    ],
    [
      -3.8882553577423096,
      -2.2791075706481934,
      38.010032653808594,
      41.849159240722656,
      57.88422775268555,
      47.90144729614258,
      128.00918579101562,
      123.48513793945312,
      54.61803436279297,
      44.04554748535156,
      20.127439498901367,
      13.991333961486816,
      8.666668891906738,
      6.481014251708984,
      2.8833467960357666,
      1.7791719436645508,
      1.4977179765701294,
      0.2967700660228729
    ],
    [
      -0.19344507157802582,
      -1.5622551441192627,
      22.346742630004883,
      19.229204177856445,
      44.15285873413086,
      21.28246307373047,
      67.70634460449219,
      54.61803436279297,
      72.9876937866211,
      55.72694778442383,
      24.56238555908203,
      14.475049018859863,
      10.24007797241211,
      6.4604644775390625,
      3.2657415866851807,
      1.620855450630188,
      0.8459344506263733,
      0.1685306280851364
    ],
    [
      -1.2601958513259888,
      -1.1536740064620972,
      10.710423469543457,
      9.733736038208008,
      33.22693634033203,
      17.348712921142578,
      51.10832977294922,
      44.04554748535156,
      55.72694778442383,
      50.635711669921875,
      16.907493591308594,
      11.027974128723145,
      7.169332981109619,
      5.238315582275391,
      1.9714981317520142,
      1.1929986476898193,
      0.342551589012146,
      0.12163609266281128
    ],
    [
      0.9583456516265869,
      -0.6742319464683533,
      21.84018325805664,
      20.22252655029297,
      21.580347061157227,
      10.992330551147461,
      26.78902244567871,
      20.127439498901367,
      24.56238555908203,
      16.907493591308594,
      20.053266525268555,
      10.59779167175293,
      7.230894088745117,
      3.898038625717163,
      2.9035582542419434,
      1.2442948818206787,
      0.8686003088951111,
      0.09444569796323776
    ],
    [
      0.4383794069290161,
      -0.4936479926109314,
      11.712555885314941,
      11.816211700439453,
      13.380264282226562,
      8.085206031799316,
      16.051101684570312,
      13.991333961486816,
      14.475049018859863,
      11.027974128723145,
      10.59779167175293,
      8.077749252319336,
      3.9548590183258057,
      2.908503293991089,
      1.4709511995315552,
      0.9246928691864014,
      0.44605863094329834,
      0.05750475451350212
    ],
    [
      -0.003931083250790834,
      -0.21695280075073242,
      6.532070159912109,
      5.701147556304932,
      7.049786567687988,
      3.240140438079834,
      10.309492111206055,
      8.666668891906738,
      10.24007797241211,
      7.169332981109619,
      7.230894088745117,
      3.9548590183258057,
      4.748205184936523,
      2.6192686557769775,
      1.7918052673339844,
      0.7608909010887146,
      0.29162538051605225,
      0.03729942440986633
    ],
    [
      -0.22077101469039917,
      -0.16697213053703308,
      2.0924317836761475,
      2.311530351638794,
      3.9180891513824463,
      2.3423001766204834,
      6.032575607299805,
      6.481014251708984,
      6.4604644775390625,
      5.238315582275391,
      3.898038625717163,
      2.908503293991089,
      2.6192686557769775,
      2.283465623855591,
      0.7053524851799011,
      0.4932858347892761,
      0.05892089009284973,
      0.02213779278099537
    ],
    [
      0.19614067673683167,
      -0.05190744623541832,
      4.472337245941162,
      4.043848037719727,
      3.061886787414551,
      1.6308035850524902,
      4.024469375610352,
      2.8833467960357666,
      3.2657415866851807,
      1.9714981317520142,
      2.9035582542419434,
      1.4709511995315552,
      1.7918052673339844,
      0.7053524851799011,
      1.5533759593963623,
      0.6410906910896301,
      0.2620827853679657,
      0.020361432805657387
    ],
    [
      0.0695011243224144,
      -0.016043078154325485,
      1.7300419807434082,
      1.9279311895370483,
      1.5190870761871338,
      0.889628529548645,
      2.0995147228240967,
      1.7791719436645508,
      1.620855450630188,
      1.1929986476898193,
      1.2442948818206787,
      0.9246928691864014,
      0.7608909010887146,
      0.4932858347892761,
      0.6410906910896301,
      0.48218563199043274,
      0.0820145383477211,
      0.00994351226836443
    ],
    [
      0.2580117881298065,
      0.02088153176009655,
      3.07578706741333,
      2.8332176208496094,
      1.2645726203918457,
      0.792083203792572,
      2.1627726554870605,
      1.4977179765701294,
      0.8459344506263733,
      0.342551589012146,
      0.8686003088951111,
      0.44605863094329834,
      0.29162538051605225,
      0.05892089009284973,
      0.2620827853679657,
      0.0820145383477211,
      0.15388914942741394,
      0.012024754658341408
    ],
    [
      0.031979504972696304,
      0.011676998808979988,
      0.2636614441871643,
      0.2503385543823242,
      0.11693154275417328,
      0.08506909012794495,
      0.3578607439994812,
      0.2967700660228729,
      0.1685306280851364,
      0.12163609266281128,
      0.09444569796323776,
      0.05750475451350212,
      0.03729942440986633,
      0.02213779278099537,
      0.020361432805657387,
      0.00994351226836443,
      0.012024754658341408,
      0.003714808961376548
    ]
  ],
  "damage": -22.186582565307617,
  "diff_bandwidth": 695.2667236328125,
  "dissonance": 3.8505792395909975,
  "drr": 6.866040229797363,
  "dynamics": 5.188806533813477,
  "format": 1245190,
  "frames": 1804224,
  "loudness": -33.438331604003906,
  "loudness_range": 19.666053771972656,
  "loudness_range_short": 21.678592681884766,
  "lowpass_true_peak_15khz": -16.473649978637695,
  "mastering3_acoustic_entropies": [
    {
      "acoustic_entropy": 7.566045761108398,
      "acoustic_entropy_mono": 5.536677360534668,
      "band_eliminated_acoustic_entropies": [
        {
          "acoustic_entropy": 7.566054821014404,
          "acoustic_entropy_side": 7.566045761108398,
          "hz": 129.47220167065723
        },
        {
          "acoustic_entropy": 7.566094875335693,
          "acoustic_entropy_side": 7.566046237945557,
          "hz": 202.92927478742237
        },
        {
          "acoustic_entropy": 7.530146598815918,
          "acoustic_entropy_side": 7.569968223571777,
          "hz": 282.89161906338205
        },
        {
          "acoustic_entropy": 7.284254550933838,
          "acoustic_entropy_side": 7.518316745758057,
          "hz": 369.9353335868758
        },
        {
          "acoustic_entropy": 7.107760906219482,
          "acoustic_entropy_side": 7.087514877319336,
          "hz": 464.6875360973435
        },
        {
          "acoustic_entropy": 8.491241455078125,
          "acoustic_entropy_side": 7.906497001647949,
          "hz": 567.8308811364784
        },
        {
          "acoustic_entropy": 7.111464500427246,
          "acoustic_entropy_side": 7.37271785736084,
          "hz": 680.1084783214808
        },
        {
          "acoustic_entropy": 6.721731662750244,
          "acoustic_entropy_side": 6.698153018951416,
          "hz": 802.3292461747484
        },
        {
          "acoustic_entropy": 8.231337547302246,
          "acoustic_entropy_side": 7.658638954162598,
          "hz": 935.3737400823702
        },
        {
          "acoustic_entropy": 7.129057884216309,
          "acoustic_entropy_side": 7.56721305847168,
          "hz": 1080.2004963696966
        },
        {
          "acoustic_entropy": 7.84495735168457,
          "acoustic_entropy_side": 7.653599262237549,
          "hz": 1237.8529382007157
        },
        {
          "acoustic_entropy": 7.918366432189941,
          "acoustic_entropy_side": 7.66103458404541,
          "hz": 1409.4668930556702
        },
        {
          "acoustic_entropy": 7.3577799797058105,
          "acoustic_entropy_side": 7.542468547821045,
          "hz": 1596.2787759475705
        },
        {
          "acoustic_entropy": 7.664941787719727,
          "acoustic_entropy_side": 7.593270301818848,
          "hz": 1799.6344973346393
        },
        {
          "acoustic_entropy": 7.597194671630859,
          "acoustic_entropy_side": 7.591549873352051,
          "hz": 2020.9991599069049
        },
        {
          "acoustic_entropy": 7.5656514167785645,
          "acoustic_entropy_side": 7.566158294677734,
          "hz": 2261.9676141086993
        },
        {
          "acoustic_entropy": 7.566096782684326,
          "acoustic_entropy_side": 7.5660505294799805,
          "hz": 2524.2759484456974
        },
        {
          "acoustic_entropy": 7.564511775970459,
          "acoustic_entropy_side": 7.565916061401367,
          "hz": 2809.813997359896
        },
        {
          "acoustic_entropy": 7.567014694213867,
          "acoustic_entropy_side": 7.566083908081055,
          "hz": 3120.6389567871424
        },
        {
          "acoustic_entropy": 7.566612243652344,
          "acoustic_entropy_side": 7.566035747528076,
          "hz": 3458.990205492291
        },
        {
          "acoustic_entropy": 7.566250324249268,
          "acoustic_entropy_side": 7.565950393676758,
          "hz": 3827.305438964164
        },
        {
          "acoustic_entropy": 7.566104888916016,
          "acoustic_entropy_side": 7.5660505294799805,
          "hz": 4228.238232109126
        },
        {
          "acoustic_entropy": 7.566029071807861,
          "acoustic_entropy_side": 7.566043853759766,
          "hz": 4664.6771572759235
        },
        {
          "acoustic_entropy": 7.565811634063721,
          "acoustic_entropy_side": 7.566020965576172,
          "hz": 5139.766595350093
        },
        {
          "acoustic_entropy": 7.565808296203613,
          "acoustic_entropy_side": 7.566017150878906,
          "hz": 5656.929389854203
        },
        {
          "acoustic_entropy": 7.565951824188232,
          "acoustic_entropy_side": 7.5660319328308105,
          "hz": 6219.891507268283
        },
        {
          "acoustic_entropy": 7.566043376922607,
          "acoustic_entropy_side": 7.566042900085449,
          "hz": 6832.70888123896
        },
        {
          "acoustic_entropy": 7.566049098968506,
          "acoustic_entropy_side": 7.566044330596924,
          "hz": 7499.796634079867
        },
        {
          "acoustic_entropy": 7.566091060638428,
          "acoustic_entropy_side": 7.56604528427124,
          "hz": 8225.96088609342
        },
        {
          "acoustic_entropy": 7.566159725189209,
          "acoustic_entropy_side": 7.566048622131348,
          "hz": 9016.43338188839
        },
        {
          "acoustic_entropy": 7.566064357757568,
          "acoustic_entropy_side": 7.566046714782715,
          "hz": 9876.909183162974
        },
        {
          "acoustic_entropy": 7.56604528427124,
          "acoustic_entropy_side": 7.566045761108398,
          "hz": 10813.587699516042
        },
        {
          "acoustic_entropy": 7.56604528427124,
          "acoustic_entropy_side": 7.566045761108398,
          "hz": 11833.21735289826
        },
        {
          "acoustic_entropy": 7.566046237945557,
          "acoustic_entropy_side": 7.566045761108398,
          "hz": 12943.144197493959
        },
        {
          "acoustic_entropy": 7.566045761108398,
          "acoustic_entropy_side": 7.566045761108398,
          "hz": 14151.364845322005
        },
        {
          "acoustic_entropy": 7.566045761108398,
          "acoustic_entropy_side": 7.566045761108398,
          "hz": 15466.58407886509
        },
        {
          "acoustic_entropy": 7.566045761108398,
          "acoustic_entropy_side": 7.566045761108398,
          "hz": 16898.27756580493
        },
        {
          "acoustic_entropy": 7.566045761108398,
          "acoustic_entropy_side": 7.566045761108398,
          "hz": 18456.760127700032
        },
        {
          "acoustic_entropy": 7.566041946411133,
          "acoustic_entropy_side": 7.566045761108398,
          "hz": 20153.260054456492
        },
        {
          "acoustic_entropy": 7.566045761108398,
          "acoustic_entropy_side": 7.566045761108398,
          "hz": 22000.00000000001
        }
      ],
      "diff_acoustic_entropy": 2.7439424991607666,
      "sn": 6
    },
    {
      "acoustic_entropy": 10.281376838684082,
      "acoustic_entropy_mono": 8.918676376342773,
      "band_eliminated_acoustic_entropies": [
        {
          "acoustic_entropy": 10.281379699707031,
          "acoustic_entropy_side": 10.281377792358398,
          "hz": 129.47220167065723
        },
        {
          "acoustic_entropy": 10.281006813049316,
          "acoustic_entropy_side": 10.281331062316895,
          "hz": 202.92927478742237
        },
        {
          "acoustic_entropy": 10.413314819335938,
          "acoustic_entropy_side": 10.296627044677734,
          "hz": 282.89161906338205
        },
        {
          "acoustic_entropy": 9.88953685760498,
          "acoustic_entropy_side": 10.381195068359375,
          "hz": 369.9353335868758
        },
        {
          "acoustic_entropy": 10.498600006103516,
          "acoustic_entropy_side": 10.970839500427246,
          "hz": 464.6875360973435
        },
        {
          "acoustic_entropy": 12.49213695526123,
          "acoustic_entropy_side": 11.413479804992676,
          "hz": 567.8308811364784
        },
        {
          "acoustic_entropy": 10.355464935302734,
          "acoustic_entropy_side": 10.434069633483887,
          "hz": 680.1084783214808
        },
        {
          "acoustic_entropy": 10.552794456481934,
          "acoustic_entropy_side": 10.461806297302246,
          "hz": 802.3292461747484
        },
        {
          "acoustic_entropy": 10.289318084716797,
          "acoustic_entropy_side": 10.45986270904541,
          "hz": 935.3737400823702
        },
        {
          "acoustic_entropy": 10.163041114807129,
          "acoustic_entropy_side": 10.41446304321289,
          "hz": 1080.2004963696966
        },
        {
          "acoustic_entropy": 10.495194435119629,
          "acoustic_entropy_side": 10.295969009399414,
          "hz": 1237.8529382007157
        },
        {
          "acoustic_entropy": 10.732375144958496,
          "acoustic_entropy_side": 10.459332466125488,
          "hz": 1409.4668930556702
        },
        {
          "acoustic_entropy": 10.472333908081055,
          "acoustic_entropy_side": 9.973151206970215,
          "hz": 1596.2787759475705
        },
        {
          "acoustic_entropy": 10.347173690795898,
          "acoustic_entropy_side": 10.405016899108887,
          "hz": 1799.6344973346393
        },
        {
          "acoustic_entropy": 10.923688888549805,
          "acoustic_entropy_side": 10.612242698669434,
          "hz": 2020.9991599069049
        },
        {
          "acoustic_entropy": 10.24866771697998,
          "acoustic_entropy_side": 10.282815933227539,
          "hz": 2261.9676141086993
        },
        {
          "acoustic_entropy": 10.26913833618164,
          "acoustic_entropy_side": 10.28096866607666,
          "hz": 2524.2759484456974
        },
        {
          "acoustic_entropy": 10.275566101074219,
          "acoustic_entropy_side": 10.281546592712402,
          "hz": 2809.813997359896
        },
        {
          "acoustic_entropy": 10.312663078308105,
          "acoustic_entropy_side": 10.281323432922363,
          "hz": 3120.6389567871424
        },
        {
          "acoustic_entropy": 10.293041229248047,
          "acoustic_entropy_side": 10.281577110290527,
          "hz": 3458.990205492291
        },
        {
          "acoustic_entropy": 10.29481029510498,
          "acoustic_entropy_side": 10.284581184387207,
          "hz": 3827.305438964164
        },
        {
          "acoustic_entropy": 10.28591251373291,
          "acoustic_entropy_side": 10.282516479492188,
          "hz": 4228.238232109126
        },
        {
          "acoustic_entropy": 10.281615257263184,
          "acoustic_entropy_side": 10.281469345092773,
          "hz": 4664.6771572759235
        },
        {
          "acoustic_entropy": 10.280597686767578,
          "acoustic_entropy_side": 10.281643867492676,
          "hz": 5139.766595350093
        },
        {
          "acoustic_entropy": 10.280664443969727,
          "acoustic_entropy_side": 10.28199291229248,
          "hz": 5656.929389854203
        },
        {
          "acoustic_entropy": 10.281207084655762,
          "acoustic_entropy_side": 10.281673431396484,
          "hz": 6219.891507268283
        },
        {
          "acoustic_entropy": 10.281147956848145,
          "acoustic_entropy_side": 10.28136920928955,
          "hz": 6832.70888123896
        },
        {
          "acoustic_entropy": 10.281393051147461,
          "acoustic_entropy_side": 10.281375885009766,
          "hz": 7499.796634079867
        },
        {
          "acoustic_entropy": 10.281254768371582,
          "acoustic_entropy_side": 10.281356811523438,
          "hz": 8225.96088609342
        },
        {
          "acoustic_entropy": 10.281346321105957,
          "acoustic_entropy_side": 10.281317710876465,
          "hz": 9016.43338188839
        },
        {
          "acoustic_entropy": 10.281316757202148,
          "acoustic_entropy_side": 10.281365394592285,
          "hz": 9876.909183162974
        },
        {
          "acoustic_entropy": 10.281379699707031,
          "acoustic_entropy_side": 10.281375885009766,
          "hz": 10813.587699516042
        },
        {
          "acoustic_entropy": 10.281387329101562,
          "acoustic_entropy_side": 10.281377792358398,
          "hz": 11833.21735289826
        },
        {
          "acoustic_entropy": 10.281376838684082,
          "acoustic_entropy_side": 10.281377792358398,
          "hz": 12943.144197493959
        },
        {
          "acoustic_entropy": 10.281377792358398,
          "acoustic_entropy_side": 10.281377792358398,
          "hz": 14151.364845322005
        },
        {
          "acoustic_entropy": 10.281378746032715,
          "acoustic_entropy_side": 10.281376838684082,
          "hz": 15466.58407886509
        },
        {
          "acoustic_entropy": 10.281377792358398,
          "acoustic_entropy_side": 10.281376838684082,
          "hz": 16898.27756580493
        },
        {
          "acoustic_entropy": 10.281378746032715,
          "acoustic_entropy_side": 10.281376838684082,
          "hz": 18456.760127700032
        },
        {
          "acoustic_entropy": 10.281368255615234,
          "acoustic_entropy_side": 10.281377792358398,
          "hz": 20153.260054456492
        },
        {
          "acoustic_entropy": 10.281377792358398,
          "acoustic_entropy_side": 10.281376838684082,
          "hz": 22000.00000000001
        }
      ],
      "diff_acoustic_entropy": 4.194187164306641,
      "sn": 12
    },
    {
      "acoustic_entropy": 15.641067504882812,
      "acoustic_entropy_mono": 12.782350540161133,
      "band_eliminated_acoustic_entropies": [
        {
          "acoustic_entropy": 15.641083717346191,
          "acoustic_entropy_side": 15.640777587890625,
          "hz": 129.47220167065723
        },
        {
          "acoustic_entropy": 15.63509464263916,
          "acoustic_entropy_side": 15.639259338378906,
          "hz": 202.92927478742237
        },
        {
          "acoustic_entropy": 15.53456974029541,
          "acoustic_entropy_side": 15.698260307312012,
          "hz": 282.89161906338205
        },
        {
          "acoustic_entropy": 14.891491889953613,
          "acoustic_entropy_side": 15.233943939208984,
          "hz": 369.9353335868758
        },
        {
          "acoustic_entropy": 14.797353744506836,
          "acoustic_entropy_side": 15.851507186889648,
          "hz": 464.6875360973435
        },
        {
          "acoustic_entropy": 15.900145530700684,
          "acoustic_entropy_side": 15.233922004699707,
          "hz": 567.8308811364784
        },
        {
          "acoustic_entropy": 15.528924942016602,
          "acoustic_entropy_side": 15.49490737915039,
          "hz": 680.1084783214808
        },
        {
          "acoustic_entropy": 15.219916343688965,
          "acoustic_entropy_side": 15.704715728759766,
          "hz": 802.3292461747484
        },
        {
          "acoustic_entropy": 14.40524673461914,
          "acoustic_entropy_side": 15.42527961730957,
          "hz": 935.3737400823702
        },
        {
          "acoustic_entropy": 14.547338485717773,
          "acoustic_entropy_side": 14.923192977905273,
          "hz": 1080.2004963696966
        },
        {
          "acoustic_entropy": 15.007616996765137,
          "acoustic_entropy_side": 15.690298080444336,
          "hz": 1237.8529382007157
        },
        {
          "acoustic_entropy": 15.719123840332031,
          "acoustic_entropy_side": 15.651450157165527,
          "hz": 1409.4668930556702
        },
        {
          "acoustic_entropy": 14.791938781738281,
          "acoustic_entropy_side": 15.464476585388184,
          "hz": 1596.2787759475705
        },
        {
          "acoustic_entropy": 15.082514762878418,
          "acoustic_entropy_side": 15.300031661987305,
          "hz": 1799.6344973346393
        },
        {
          "acoustic_entropy": 15.415281295776367,
          "acoustic_entropy_side": 15.413495063781738,
          "hz": 2020.9991599069049
        },
        {
          "acoustic_entropy": 15.566036224365234,
          "acoustic_entropy_side": 15.633853912353516,
          "hz": 2261.9676141086993
        },
        {
          "acoustic_entropy": 15.68423843383789,
          "acoustic_entropy_side": 15.660781860351562,
          "hz": 2524.2759484456974
