{
  "acoustic_entropy": 201.42453002929688,
  "bands": [
    {
      "high_freq": 148.1999969482422,
      "loudness": -20.43963050842285,
      "loudness_range": 15.018332481384277,
      "mid_mean": -16.822782516479492,
      "mid_to_side_loudness": -24.874387741088867,
      "mid_to_side_loudness_range": 27.715927124023438,
      "side_mean": -41.694725036621094
    },
    {
      "high_freq": 392.3793640136719,
      "loudness": -19.108835220336914,
      "loudness_range": 9.245257377624512,
      "low_freq": 148.1999969482422,
      "mid_mean": -15.844038009643555,
      "mid_to_side_loudness": -10.721365928649902,
      "mid_to_side_loudness_range": 8.733137130737305,
      "side_mean": -26.636674880981445
    },
    {
      "high_freq": 794.6976318359375,
      "loudness": -20.032381057739258,
      "loudness_range": 11.272624969482422,
      "low_freq": 392.3793640136719,
      "mid_mean": -16.757808685302734,
      "mid_to_side_loudness": -10.885455131530762,
      "mid_to_side_loudness_range": 9.193524360656738,
      "side_mean": -27.778549194335938
    },
    {
      "high_freq": 1457.5709228515625,
      "loudness": -27.649669647216797,
      "loudness_range": 13.57999038696289,
      "low_freq": 794.6976318359375,
      "mid_mean": -24.376659393310547,
      "mid_to_side_loudness": -10.831639289855957,
      "mid_to_side_loudness_range": 8.855749130249023,
      "side_mean": -35.376007080078125
    },
    {
      "high_freq": 2549.74365234375,
      "loudness": -31.042388916015625,
      "loudness_range": 16.065805435180664,
      "low_freq": 1457.5709228515625,
      "mid_mean": -27.83012580871582,
      "mid_to_side_loudness": -10.805746078491211,
      "mid_to_side_loudness_range": 15.802727699279785,
      "side_mean": -39.048500061035156
    },
    {
      "high_freq": 4349.24462890625,
      "loudness": -29.896202087402344,
      "loudness_range": 14.089038848876953,
      "low_freq": 2549.74365234375,
      "mid_mean": -26.883710861206055,
      "mid_to_side_loudness": -10.950552940368652,
      "mid_to_side_loudness_range": 20.710073471069336,
      "side_mean": -38.184486389160156
    },
    {
      "high_freq": 7314.1640625,
      "loudness": -29.342180252075195,
      "loudness_range": 11.50056266784668,
      "low_freq": 4349.24462890625,
      "mid_mean": -26.75064468383789,
      "mid_to_side_loudness": -7.8433613777160645,
      "mid_to_side_loudness_range": 17.61490249633789,
      "side_mean": -34.78883361816406
    },
    {
      "high_freq": 12199.2666015625,
      "loudness": -28.389636993408203,
      "loudness_range": 14.007156372070312,
      "low_freq": 7314.1640625,
      "mid_mean": -25.666275024414062,
      "mid_to_side_loudness": -8.994537353515625,
      "mid_to_side_loudness_range": 18.833791732788086,
      "side_mean": -34.77684020996094
    },
    {
      "loudness": -35.468597412109375,
      "loudness_range": 15.321159362792969,
      "low_freq": 12199.2666015625,
      "mid_mean": -32.19447326660156,
      "mid_to_side_loudness": -10.405363082885742,
      "mid_to_side_loudness_range": 19.46661376953125,
      "side_mean": -43.63438415527344
    }
  ],
  "bands_short": [
    {
      "high_freq": 148.1999969482422,
      "loudness": -22.277061462402344,
      "loudness_range": 18.021316528320312,
      "mid_mean": -18.743127822875977,
      "mid_to_side_loudness": -24.882919311523438,
      "mid_to_side_loudness_range": 30.221923828125,
      "side_mean": -44.87154006958008
    },
    {
      "high_freq": 392.3793640136719,
      "loudness": -19.487022399902344,
      "loudness_range": 11.73747444152832,
      "low_freq": 148.1999969482422,
      "mid_mean": -16.243892669677734,
      "mid_to_side_loudness": -11.112956047058105,
      "mid_to_side_loudness_range": 11.74545669555664,
      "side_mean": -27.442960739135742
    },
    {
      "high_freq": 794.6976318359375,
      "loudness": -20.48821258544922,
      "loudness_range": 14.393190383911133,
      "low_freq": 392.3793640136719,
      "mid_mean": -17.312936782836914,
      "mid_to_side_loudness": -10.643566131591797,
      "mid_to_side_loudness_range": 12.638980865478516,
      "side_mean": -28.090463638305664
    },
    {
      "high_freq": 1457.5709228515625,
      "loudness": -27.699993133544922,
      "loudness_range": 17.077579498291016,
      "low_freq": 794.6976318359375,
      "mid_mean": -24.539270401000977,
      "mid_to_side_loudness": -10.389362335205078,
      "mid_to_side_loudness_range": 11.762054443359375,
      "side_mean": -35.09788513183594
    },
    {
      "high_freq": 2549.74365234375,
      "loudness": -32.5765495300293,
      "loudness_range": 19.67888069152832,
      "low_freq": 1457.5709228515625,
      "mid_mean": -29.718170166015625,
      "mid_to_side_loudness": -9.410545349121094,
      "mid_to_side_loudness_range": 19.055585861206055,
      "side_mean": -39.50046920776367
    },
    {
      "high_freq": 4349.24462890625,
      "loudness": -31.291095733642578,
      "loudness_range": 18.817764282226562,
      "low_freq": 2549.74365234375,
      "mid_mean": -28.67723846435547,
      "mid_to_side_loudness": -9.38882064819336,
      "mid_to_side_loudness_range": 22.62027931213379,
      "side_mean": -38.406978607177734
    },
    {
      "high_freq": 7314.1640625,
      "loudness": -30.679872512817383,
      "loudness_range": 15.363847732543945,
      "low_freq": 4349.24462890625,
      "mid_mean": -28.611345291137695,
      "mid_to_side_loudness": -6.17838716506958,
      "mid_to_side_loudness_range": 19.022621154785156,
      "side_mean": -35.06755065917969
    },
    {
      "high_freq": 12199.2666015625,
      "loudness": -30.10102653503418,
      "loudness_range": 18.212543487548828,
      "low_freq": 7314.1640625,
      "mid_mean": -27.963886260986328,
      "mid_to_side_loudness": -7.136401653289795,
      "mid_to_side_loudness_range": 20.745468139648438,
      "side_mean": -35.476261138916016
    },
    {
      "loudness": -40.48307800292969,
      "loudness_range": 27.796859741210938,
      "low_freq": 12199.2666015625,
      "mid_mean": -37.6578369140625,
      "mid_to_side_loudness": -8.821803092956543,
      "mid_to_side_loudness_range": 22.423749923706055,
      "side_mean": -47.82634735107422
    }
  ],
  "bandwidth": 487.241943359375,
  "channels": 2,
  "covariance": [
    [
      32.791648864746094,
      9.3733491897583,
      8.943220138549805,
      4.010699272155762,
      6.47636079788208,
      4.689784049987793,
      9.003738403320312,
      7.4795918464660645,
      10.81085205078125,
      6.638770580291748,
      13.629661560058594,
      1.5273686647415161,
      10.550436973571777,
      -0.2821127474308014,
      9.203130722045898,
      -1.313275933265686,
      12.17346477508545,
      4.674839496612549
    ],
    [
      9.3733491897583,
      45.1735725402832,
      2.3743515014648438,
      -1.3628082275390625,
      -1.1843435764312744,
      -0.201090008020401,
      2.1582584381103516,
      1.6387369632720947,
      -0.738690197467804,
      -0.6190257668495178,
      -1.9168199300765991,
      0.7508009076118469,
      0.3644115924835205,
      1.5217933654785156,
      -7.3953094482421875,
      -1.0858371257781982,
      -4.440051555633545,
      0.07694824784994125
    ],
    [
      8.943220138549805,
      2.3743515014648438,
      15.986363410949707,
      6.916679382324219,
      1.9896537065505981,
      0.4183903634548187,
      2.457442283630371,
      1.0700454711914062,
      6.992214679718018,
      4.319277763366699,
      9.218194961547852,
      2.261436939239502,
      7.314036846160889,
      1.596946120262146,
      8.434463500976562,
      0.4561324715614319,
      6.538486480712891,
      3.2413899898529053
    ],
    [
      4.010699272155762,
      -1.3628082275390625,
      6.916679382324219,
      8.078165054321289,
      2.372338056564331,
      3.3492939472198486,
      1.7355306148529053,
      2.422819137573242,
      0.6431627869606018,
      3.9182589054107666,
      3.097320556640625,
      3.2369840145111084,
      3.653980255126953,
      3.195793628692627,
      3.319460391998291,
      1.6315512657165527,
      3.32746958732605,
      2.7980098724365234
    ],
    [
      6.47636079788208,
      -1.1843435764312744,
      1.9896537065505981,
      2.372338056564331,
      20.951852798461914,
      13.428871154785156,
      11.332995414733887,
      7.715219020843506,
      13.760244369506836,
      8.554780960083008,
      12.846465110778809,
      4.471023082733154,
      9.353775978088379,
      1.845664381980896,
      10.465716361999512,
      2.5672810077667236,
      10.229656219482422,
      5.086344242095947
    ],
    [
      4.689784049987793,
      -0.201090008020401,
      0.4183903634548187,
      3.3492939472198486,
      13.428871154785156,
      17.668121337890625,
      5.916965484619141,
      8.29728889465332,
      3.2563934326171875,
      6.73600435256958,
      2.57385516166687,
      3.8246994018554688,
      3.2339067459106445,
      4.22275972366333,
      2.9969348907470703,
      2.465040445327759,
      3.709955930709839,
      4.257989883422852
    ],
    [
      9.003738403320312,
      2.1582584381103516,
      2.457442283630371,
      1.7355306148529053,
      11.332995414733887,
      5.916965484619141,
      26.347179412841797,
      17.10732078552246,
      19.402584075927734,
      8.894088745117188,
      17.179035186767578,
      3.127840518951416,
      11.694997787475586,
      -0.04136998951435089,
      11.13117504119873,
      1.2947962284088135,
      10.956908226013184,
      5.2319512367248535
    ],
    [
      7.4795918464660645,
      1.6387369632720947,
      1.0700454711914062,
      2.422819137573242,
      7.715219020843506,
      8.29728889465332,
      17.10732078552246,
      19.997846603393555,
      10.021392822265625,
      8.624954223632812,
      8.227164268493652,
      2.97257137298584,
      6.483197212219238,
      1.8576610088348389,
      5.094851970672607,
      1.4728630781173706,
      6.744617462158203,
      5.0501909255981445
    ],
    [
      10.81085205078125,
      -0.738690197467804,
      6.992214679718018,
      0.6431627869606018,
      13.760244369506836,
      3.2563934326171875,
      19.402584075927734,
      10.021392822265625,
      40.00596618652344,
      14.591377258300781,
      30.99687385559082,
      6.220075607299805,
      20.136383056640625,
      -0.5637766718864441,
      22.590456008911133,
      2.2775075435638428,
      17.984689712524414,
      8.798004150390625
    ],
    [
      6.638770580291748,
      -0.6190257668495178,
      4.319277763366699,
      3.9182589054107666,
      8.554780960083008,
      6.73600435256958,
      8.894088745117188,
      8.624954223632812,
      14.591377258300781,
      16.203521728515625,
      11.260309219360352,
      7.703083038330078,
      8.146102905273438,
      5.303494453430176,
      8.357673645019531,
      3.7616333961486816,
      8.238907814025879,
      6.622687816619873
    ],
    [
      13.629661560058594,
      -1.9168199300765991,
      9.218194961547852,
      3.097320556640625,
      12.846465110778809,
      2.57385516166687,
      17.179035186767578,
      8.227164268493652,
      30.99687385559082,
      11.260309219360352,
      40.66876220703125,
      8.959010124206543,
      25.844181060791016,
      0.10267265886068344,
      26.673534393310547,
      3.160667657852173,
      21.100017547607422,
      9.139813423156738
    ],
    [
      1.5273686647415161,
      0.7508009076118469,
      2.261436939239502,
      3.2369840145111084,
      4.471023082733154,
      3.8246994018554688,
      3.127840518951416,
      2.97257137298584,
      6.220075607299805,
      7.703083038330078,
      8.959010124206543,
      12.527091026306152,
      6.58214807510376,
      8.147370338439941,
      6.598779678344727,
      7.337410926818848,
      3.9183602333068848,
      8.705144882202148
    ],
    [
      10.550436973571777,
      0.3644115924835205,
      7.314036846160889,
      3.653980255126953,
      9.353775978088379,
      3.2339067459106445,
      11.694997787475586,
      6.483197212219238,
      20.136383056640625,
      8.146102905273438,
      25.844181060791016,
      6.58214807510376,
      25.967836380004883,
      4.487056255340576,
      23.999515533447266,
      5.877849102020264,
      18.854307174682617,
      11.586309432983398
    ],
    [
      -0.2821127474308014,
      1.5217933654785156,
      1.596946120262146,
      3.195793628692627,
      1.845664381980896,
      4.22275972366333,
      -0.04136998951435089,
      1.8576610088348389,
      -0.5637766718864441,
      5.303494453430176,
      0.10267265886068344,
      8.147370338439941,
      4.487056255340576,
      13.641449928283691,
      2.6663758754730225,
      10.302599906921387,
      0.47039926052093506,
      9.475112915039062
    ],
    [
      9.203130722045898,
      -7.3953094482421875,
      8.434463500976562,
      3.319460391998291,
      10.465716361999512,
      2.9969348907470703,
      11.13117504119873,
      5.094851970672607,
      22.590456008911133,
      8.357673645019531,
      26.673534393310547,
      6.598779678344727,
      23.999515533447266,
      2.6663758754730225,
      35.155906677246094,
      7.564988136291504,
      23.90054702758789,
      14.66262435913086
    ],
    [
      -1.313275933265686,
      -1.0858371257781982,
      0.4561324715614319,
      1.6315512657165527,
      2.5672810077667236,
      2.465040445327759,
      1.2947962284088135,
      1.4728630781173706,
      2.2775075435638428,
      3.7616333961486816,
      3.160667657852173,
      7.337410926818848,
      5.877849102020264,
      10.302599906921387,
      7.564988136291504,
      12.821328163146973,
      4.328711986541748,
      11.815995216369629
    ],
    [
      12.17346477508545,
      -4.440051555633545,
      6.538486480712891,
      3.32746958732605,
      10.229656219482422,
      3.709955930709839,
      10.956908226013184,
      6.744617462158203,
      17.984689712524414,
      8.238907814025879,
      21.100017547607422,
      3.9183602333068848,
      18.854307174682617,
      0.47039926052093506,
      23.90054702758789,
      4.328711986541748,
      35.53324890136719,
      17.02055549621582
    ],
    [
      4.674839496612549,
      0.07694824784994125,
      3.2413899898529053,
      2.7980098724365234,
      5.086344242095947,
      4.257989883422852,
      5.2319512367248535,
      5.0501909255981445,
      8.798004150390625,
      6.622687816619873,
      9.139813423156738,
      8.705144882202148,
      11.586309432983398,
      9.475112915039062,
      14.66262435913086,
      11.815995216369629,
      17.02055549621582,
      27.70111083984375
    ]
  ],
  "covariance_short": [
    [
      46.41526412963867,
      5.293887615203857,
      9.418231010437012,
      4.138784408569336,
      6.754648685455322,
      5.306833744049072,
      7.503489017486572,
      8.168196678161621,
      7.966805458068848,
      6.796901226043701,
      9.641043663024902,
      0.22338345646858215,
      5.891480445861816,
      -1.3252118825912476,
      5.673603534698486,
      -3.0510385036468506,
      8.518823623657227,
      -1.366658329963684
    ],
    [
      5.293887615203857,
      56.35307312011719,
      2.1637613773345947,
      -1.1978522539138794,
      0.26919957995414734,
      -0.48466071486473083,
      3.0470657348632812,
      3.1448466777801514,
      0.7614678144454956,
      -0.583074152469635,
      -4.44753360748291,
      0.13887734711170197,
      -0.30584976077079773,
      2.0341954231262207,
      -8.422463417053223,
      -0.5270930528640747,
      -5.872221946716309,
      1.7327512502670288
    ],
    [
      9.418231010437012,
      2.1637613773345947,
      22.12209701538086,
      8.3987398147583,
      3.565899610519409,
      1.1871974468231201,
      4.333698749542236,
      2.4876444339752197,
      7.946915626525879,
      4.482916355133057,
      7.942355155944824,
      1.7209434509277344,
      6.0907464027404785,
      2.016044855117798,
      6.493622779846191,
      0.7939379215240479,
      7.122919082641602,
      2.7231285572052
    ],
    [
      4.138784408569336,
      -1.1978522539138794,
      8.3987398147583,
      12.435934066772461,
      2.1341378688812256,
      4.018720626831055,
      2.899872064590454,
      3.855757236480713,
      1.1384942531585693,
      4.147026062011719,
      3.2954044342041016,
      3.4234352111816406,
      3.7685394287109375,
      3.524547815322876,
      2.0525131225585938,
      1.9428163766860962,
      1.9856442213058472,
      2.589207649230957
    ],
    [
      6.754648685455322,
      0.26919957995414734,
      3.565899610519409,
      2.1341378688812256,
      31.69682502746582,
      16.66701316833496,
      17.105405807495117,
      9.872963905334473,
      20.873064041137695,
      9.35600757598877,
      19.04743766784668,
      4.5973100662231445,
      13.054832458496094,
      1.7041751146316528,
      13.969249725341797,
      3.2532458305358887,
      16.25387191772461,
      6.155632019042969
    ],
    [
      5.306833744049072,
      -0.48466071486473083,
      1.1871974468231201,
      4.018720626831055,
      16.66701316833496,
      22.99880027770996,
      8.840356826782227,
      10.573729515075684,
      5.444631099700928,
      7.084977626800537,
      4.209367275238037,
      3.8175389766693115,
      4.959665775299072,
      3.878376007080078,
      2.353203058242798,
      2.5500035285949707,
      3.3410515785217285,
      5.110631942749023
    ],
    [
      7.503489017486572,
      3.0470657348632812,
      4.333698749542236,
      2.899872064590454,
      17.105405807495117,
      8.840356826782227,
      39.57344055175781,
      22.801002502441406,
      29.66750717163086,
      11.3738374710083,
      24.382966995239258,
      4.298494338989258,
      17.722515106201172,
      1.4318037033081055,
      16.145339965820312,
      2.9061191082000732,
      20.449155807495117,
      7.740705966949463
    ],
    [
      8.168196678161621,
      3.1448466777801514,
      2.4876444339752197,
      3.855757236480713,
      9.872963905334473,
      10.573729515075684,
      22.801002502441406,
      26.314008712768555,
      14.025104522705078,
      10.585375785827637,
      10.210436820983887,
      4.062923431396484,
      8.569098472595215,
      2.9126405715942383,
      5.43784761428833,
      2.3345820903778076,
      7.71665096282959,
      6.288267135620117
    ],
    [
      7.966805458068848,
      0.7614678144454956,
      7.946915626525879,
      1.1384942531585693,
      20.873064041137695,
      5.444631099700928,
      29.66750717163086,
      14.025104522705078,
      58.474361419677734,
      17.945016860961914,
      44.15902328491211,
      7.327605724334717,
      30.853527069091797,
      0.9322718381881714,
      31.904338836669922,
      4.318170070648193,
      34.976741790771484,
      10.821113586425781
    ],
    [
      6.796901226043701,
      -0.583074152469635,
      4.482916355133057,
      4.147026062011719,
      9.35600757598877,
      7.084977626800537,
      11.3738374710083,
      10.585375785827637,
      17.945016860961914,
      19.461156845092773,
      12.80002498626709,
      7.986767768859863,
      9.547367095947266,
      5.426497936248779,
      8.695720672607422,
      4.005978107452393,
      9.478154182434082,
      6.552707672119141
    ],
    [
      9.641043663024902,
      -4.44753360748291,
      7.942355155944824,
      3.2954044342041016,
      19.04743766784668,
      4.209367275238037,
      24.382966995239258,
      10.210436820983887,
      44.15902328491211,
      12.80002498626709,
      60.864051818847656,
      11.624380111694336,
      42.15919876098633,
      2.7421457767486572,
      44.011634826660156,
      7.127187728881836,
      46.71228790283203,
      14.875696182250977
    ],
    [
      0.22338345646858215,
      0.13887734711170197,
      1.7209434509277344,
      3.4234352111816406,
      4.5973100662231445,
      3.8175389766693115,
      4.298494338989258,
      4.062923431396484,
      7.327605724334717,
      7.986767768859863,
      11.624380111694336,
      14.22944450378418,
      9.48725700378418,
      9.002044677734375,
      9.346944808959961,
      8.659993171691895,
      8.872389793395996,
      12.1201810836792
    ],
    [
      5.891480445861816,
      -0.30584976077079773,
      6.0907464027404785,
      3.7685394287109375,
      13.054832458496094,
      4.959665775299072,
      17.722515106201172,
      8.569098472595215,
      30.853527069091797,
      9.547367095947266,
      42.15919876098633,
      9.48725700378418,
      45.800418853759766,
      8.1580228805542,
      42.73493957519531,
      11.335575103759766,
      47.752296447753906,
      23.236492156982422
    ],
    [
      -1.3252118825912476,
      2.0341954231262207,
      2.016044855117798,
      3.524547815322876,
      1.7041751146316528,
      3.878376007080078,
      1.4318037033081055,
      2.9126405715942383,
      0.9322718381881714,
      5.426497936248779,
      2.7421457767486572,
      9.002044677734375,
      8.1580228805542,
      16.03425407409668,
      5.29544734954834,
      12.692221641540527,
      4.692541122436523,
      16.63178062438965
    ],
    [
      5.673603534698486,
      -8.422463417053223,
      6.493622779846191,
      2.0525131225585938,
      13.969249725341797,
      2.353203058242798,
      16.145339965820312,
      5.43784761428833,
      31.904338836669922,
      8.695720672607422,
      44.011634826660156,
      9.346944808959961,
      42.73493957519531,
      5.29544734954834,
      64.23722839355469,
      14.829922676086426,
      66.32378387451172,
      30.97027587890625
    ],
    [
      -3.0510385036468506,
      -0.5270930528640747,
      0.7939379215240479,
      1.9428163766860962,
      3.2532458305358887,
      2.5500035285949707,
      2.9061191082000732,
      2.3345820903778076,
      4.318170070648193,
      4.005978107452393,
      7.127187728881836,
      8.659993171691895,
      11.335575103759766,
      12.692221641540527,
      14.829922676086426,
      19.428665161132812,
      16.521896362304688,
      25.78125
    ],
    [
      8.518823623657227,
      -5.872221946716309,
      7.122919082641602,
      1.9856442213058472,
      16.25387191772461,
      3.3410515785217285,
      20.449155807495117,
      7.71665096282959,
      34.976741790771484,
      9.478154182434082,
      46.71228790283203,
      8.872389793395996,
      47.752296447753906,
      4.692541122436523,
      66.32378387451172,
      16.521896362304688,
      97.45974731445312,
      47.83290481567383
    ],
    [
      -1.366658329963684,
      1.7327512502670288,
      2.7231285572052,
      2.589207649230957,
      6.155632019042969,
      5.110631942749023,
      7.740705966949463,
      6.288267135620117,
      10.821113586425781,
      6.552707672119141,
      14.875696182250977,
      12.1201810836792,
      23.236492156982422,
      16.63178062438965,
      30.97027587890625,
      25.78125,
      47.83290481567383,
      65.39954376220703
    ]
  ],
  "damage": -4.82529878616333,
  "diff_bandwidth": 533.4535522460938,
  "dissonance": 8.118726576766749,
  "drr": 0.9276522994041443,
  "dynamics": 2.154327392578125,
  "format": 1245190,
  "frames": 16628672,
  "loudness": -9.695706367492676,
  "loudness_range": 4.66050386428833,
  "loudness_range_short": 7.250909805297852,
  "lowpass_true_peak_15khz": 0.980255663394928,
  "mastering3_acoustic_entropies": [
    {
      "acoustic_entropy": 8.673477172851562,
      "acoustic_entropy_mono": 8.946235656738281,
      "band_eliminated_acoustic_entropies": [
        {
          "acoustic_entropy": 8.8071928024292,
          "acoustic_entropy_side": 8.673473358154297,
          "hz": 129.47220167065723
        },
        {
          "acoustic_entropy": 8.642417907714844,
          "acoustic_entropy_side": 8.67319107055664,
          "hz": 202.92927478742237
        },
        {
          "acoustic_entropy": 8.812894821166992,
          "acoustic_entropy_side": 8.672285079956055,
          "hz": 282.89161906338205
        },
        {
          "acoustic_entropy": 8.34467887878418,
          "acoustic_entropy_side": 8.627284049987793,
          "hz": 369.9353335868758
        },
        {
          "acoustic_entropy": 8.449418067932129,
          "acoustic_entropy_side": 8.720948219299316,
          "hz": 464.6875360973435
        },
        {
          "acoustic_entropy": 7.674788475036621,
          "acoustic_entropy_side": 8.815876960754395,
          "hz": 567.8308811364784
        },
        {
          "acoustic_entropy": 7.823319911956787,
          "acoustic_entropy_side": 8.674173355102539,
          "hz": 680.1084783214808
        },
        {
          "acoustic_entropy": 7.813958644866943,
          "acoustic_entropy_side": 8.681713104248047,
          "hz": 802.3292461747484
        },
        {
          "acoustic_entropy": 8.673807144165039,
          "acoustic_entropy_side": 8.708341598510742,
          "hz": 935.3737400823702
        },
        {
          "acoustic_entropy": 8.57085132598877,
          "acoustic_entropy_side": 8.674717903137207,
          "hz": 1080.2004963696966
        },
        {
          "acoustic_entropy": 8.775918960571289,
          "acoustic_entropy_side": 8.68202018737793,
          "hz": 1237.8529382007157
        },
        {
          "acoustic_entropy": 8.744750022888184,
          "acoustic_entropy_side": 8.679698944091797,
          "hz": 1409.4668930556702
        },
        {
          "acoustic_entropy": 8.482906341552734,
          "acoustic_entropy_side": 8.673358917236328,
          "hz": 1596.2787759475705
        },
        {
          "acoustic_entropy": 8.767254829406738,
          "acoustic_entropy_side": 8.676466941833496,
          "hz": 1799.6344973346393
        },
        {
          "acoustic_entropy": 8.814509391784668,
          "acoustic_entropy_side": 8.673125267028809,
          "hz": 2020.9991599069049
        },
        {
          "acoustic_entropy": 8.547355651855469,
          "acoustic_entropy_side": 8.673816680908203,
          "hz": 2261.9676141086993
        },
        {
          "acoustic_entropy": 8.67203140258789,
          "acoustic_entropy_side": 8.674247741699219,
          "hz": 2524.2759484456974
        },
        {
          "acoustic_entropy": 8.73546028137207,
          "acoustic_entropy_side": 8.676725387573242,
          "hz": 2809.813997359896
        },
        {
          "acoustic_entropy": 8.715165138244629,
          "acoustic_entropy_side": 8.673992156982422,
          "hz": 3120.6389567871424
        },
        {
          "acoustic_entropy": 8.649971961975098,
          "acoustic_entropy_side": 8.673176765441895,
          "hz": 3458.990205492291
        },
        {
          "acoustic_entropy": 8.676308631896973,
          "acoustic_entropy_side": 8.674286842346191,
          "hz": 3827.305438964164
        },
        {
          "acoustic_entropy": 8.660979270935059,
          "acoustic_entropy_side": 8.676790237426758,
          "hz": 4228.238232109126
        },
        {
          "acoustic_entropy": 8.637613296508789,
          "acoustic_entropy_side": 8.681397438049316,
          "hz": 4664.6771572759235
        },
        {
          "acoustic_entropy": 8.629817962646484,
          "acoustic_entropy_side": 8.6839017868042,
          "hz": 5139.766595350093
        },
        {
          "acoustic_entropy": 8.62610912322998,
          "acoustic_entropy_side": 8.691229820251465,
          "hz": 5656.929389854203
        },
        {
          "acoustic_entropy": 8.798107147216797,
          "acoustic_entropy_side": 8.693327903747559,
          "hz": 6219.891507268283
        },
        {
          "acoustic_entropy": 8.790069580078125,
          "acoustic_entropy_side": 8.688745498657227,
          "hz": 6832.70888123896
        },
        {
          "acoustic_entropy": 8.639514923095703,
          "acoustic_entropy_side": 8.680275917053223,
          "hz": 7499.796634079867
        },
        {
          "acoustic_entropy": 8.645345687866211,
          "acoustic_entropy_side": 8.680930137634277,
          "hz": 8225.96088609342
        },
        {
          "acoustic_entropy": 8.647768020629883,
          "acoustic_entropy_side": 8.681482315063477,
          "hz": 9016.43338188839
        },
        {
          "acoustic_entropy": 8.24005126953125,
          "acoustic_entropy_side": 8.66103744506836,
          "hz": 9876.909183162974
        },
        {
          "acoustic_entropy": 8.599681854248047,
          "acoustic_entropy_side": 8.680583953857422,
          "hz": 10813.587699516042
        },
        {
          "acoustic_entropy": 8.665746688842773,
          "acoustic_entropy_side": 8.687222480773926,
          "hz": 11833.21735289826
        },
        {
          "acoustic_entropy": 8.672100067138672,
          "acoustic_entropy_side": 8.679954528808594,
          "hz": 12943.144197493959
        },
        {
          "acoustic_entropy": 8.914970397949219,
          "acoustic_entropy_side": 8.677085876464844,
          "hz": 14151.364845322005
        },
        {
          "acoustic_entropy": 8.806340217590332,
          "acoustic_entropy_side": 8.673677444458008,
          "hz": 15466.58407886509
        },
        {
          "acoustic_entropy": 8.759511947631836,
          "acoustic_entropy_side": 8.67331600189209,
          "hz": 16898.27756580493
        },
        {
          "acoustic_entropy": 8.688819885253906,
          "acoustic_entropy_side": 8.673267364501953,
          "hz": 18456.760127700032
        },
        {
          "acoustic_entropy": 8.671497344970703,
          "acoustic_entropy_side": 8.673303604125977,
          "hz": 20153.260054456492
        },
        {
          "acoustic_entropy": 8.671290397644043,
          "acoustic_entropy_side": 8.673465728759766,
          "hz": 22000.00000000001
        }
      ],
      "diff_acoustic_entropy": 6.995573043823242,
      "sn": 6
    },
    {
      "acoustic_entropy": 13.064845085144043,
      "acoustic_entropy_mono": 13.543622016906738,
      "band_eliminated_acoustic_entropies": [
        {
          "acoustic_entropy": 12.504648208618164,
          "acoustic_entropy_side": 13.064947128295898,
          "hz": 129.47220167065723
        },
        {
          "acoustic_entropy": 12.596381187438965,
          "acoustic_entropy_side": 13.068330764770508,
          "hz": 202.92927478742237
        },
        {
          "acoustic_entropy": 13.418309211730957,
          "acoustic_entropy_side": 13.150557518005371,
          "hz": 282.89161906338205
        },
        {
          "acoustic_entropy": 12.903749465942383,
          "acoustic_entropy_side": 13.07587718963623,
          "hz": 369.9353335868758
        },
        {
          "acoustic_entropy": 12.720892906188965,
          "acoustic_entropy_side": 13.236186027526855,
          "hz": 464.6875360973435
        },
        {
          "acoustic_entropy": 11.480195999145508,
          "acoustic_entropy_side": 13.159337997436523,
          "hz": 567.8308811364784
        },
        {
          "acoustic_entropy": 11.814927101135254,
          "acoustic_entropy_side": 12.976155281066895,
          "hz": 680.1084783214808
        },
        {
          "acoustic_entropy": 12.031987190246582,
          "acoustic_entropy_side": 12.939878463745117,
          "hz": 802.3292461747484
        },
        {
          "acoustic_entropy": 12.298850059509277,
          "acoustic_entropy_side": 12.745285987854004,
          "hz": 935.3737400823702
        },
        {
          "acoustic_entropy": 13.206082344055176,
          "acoustic_entropy_side": 13.152714729309082,
          "hz": 1080.2004963696966
        },
        {
          "acoustic_entropy": 13.078432083129883,
          "acoustic_entropy_side": 13.089409828186035,
          "hz": 1237.8529382007157
        },
        {
          "acoustic_entropy": 13.028929710388184,
          "acoustic_entropy_side": 13.094228744506836,
          "hz": 1409.4668930556702
        },
        {
          "acoustic_entropy": 12.859288215637207,
          "acoustic_entropy_side": 13.063970565795898,
          "hz": 1596.2787759475705
        },
        {
          "acoustic_entropy": 13.671337127685547,
          "acoustic_entropy_side": 13.076305389404297,
          "hz": 1799.6344973346393
        },
        {
          "acoustic_entropy": 13.228829383850098,
          "acoustic_entropy_side": 13.048881530761719,
          "hz": 2020.9991599069049
        },
        {
          "acoustic_entropy": 13.008230209350586,
          "acoustic_entropy_side": 13.05656623840332,
          "hz": 2261.9676141086993
        },
        {
          "acoustic_entropy": 12.71384048461914,
          "acoustic_entropy_side": 13.039607048034668,
          "hz": 2524.2759484456974
        },
        {
          "acoustic_entropy": 12.628057479858398,
          "acoustic_entropy_side": 13.020668983459473,
          "hz": 2809.813997359896
        },
        {
          "acoustic_entropy": 12.58920955657959,
          "acoustic_entropy_side": 13.039342880249023,
          "hz": 3120.6389567871424
        },
        {
          "acoustic_entropy": 12.862924575805664,
          "acoustic_entropy_side": 13.04289722442627,
          "hz": 3458.990205492291
        },
        {
          "acoustic_entropy": 13.18233871459961,
          "acoustic_entropy_side": 13.046123504638672,
          "hz": 3827.305438964164
        },
        {
          "acoustic_entropy": 13.334514617919922,
          "acoustic_entropy_side": 13.058711051940918,
          "hz": 4228.238232109126
        },
        {
          "acoustic_entropy": 12.905142784118652,
          "acoustic_entropy_side": 13.036843299865723,
          "hz": 4664.6771572759235
        },
        {
          "acoustic_entropy": 12.944793701171875,
          "acoustic_entropy_side": 12.981993675231934,
          "hz": 5139.766595350093
        },
        {
          "acoustic_entropy": 12.800467491149902,
          "acoustic_entropy_side": 12.935860633850098,
          "hz": 5656.929389854203
        },
        {
          "acoustic_entropy": 12.557496070861816,
          "acoustic_entropy_side": 12.904983520507812,
          "hz": 6219.891507268283
        },
        {
          "acoustic_entropy": 12.662820816040039,
          "acoustic_entropy_side": 12.879571914672852,
          "hz": 6832.70888123896
        },
        {
          "acoustic_entropy": 12.711639404296875,
          "acoustic_entropy_side": 12.93761157989502,
          "hz": 7499.796634079867
        },
        {
          "acoustic_entropy": 12.806740760803223,
          "acoustic_entropy_side": 12.943662643432617,
          "hz": 8225.96088609342
        },
        {
          "acoustic_entropy": 12.710793495178223,
          "acoustic_entropy_side": 12.921838760375977,
          "hz": 9016.43338188839
        },
        {
          "acoustic_entropy": 12.911372184753418,
          "acoustic_entropy_side": 12.819093704223633,
          "hz": 9876.909183162974
        },
        {
          "acoustic_entropy": 12.731072425842285,
          "acoustic_entropy_side": 12.771113395690918,
          "hz": 10813.587699516042
        },
        {
          "acoustic_entropy": 12.649398803710938,
          "acoustic_entropy_side": 12.822943687438965,
          "hz": 11833.21735289826
        },
        {
          "acoustic_entropy": 12.757076263427734,
          "acoustic_entropy_side": 12.8969087600708,
          "hz": 12943.144197493959
        },
        {
          "acoustic_entropy": 12.436527252197266,
          "acoustic_entropy_side": 12.934200286865234,
          "hz": 14151.364845322005
        },
        {
          "acoustic_entropy": 12.557701110839844,
          "acoustic_entropy_side": 12.987699508666992,
          "hz": 15466.58407886509
        },
        {
          "acoustic_entropy": 12.739456176757812,
          "acoustic_entropy_side": 13.023018836975098,
          "hz": 16898.27756580493
        },
        {
          "acoustic_entropy": 12.803940773010254,
          "acoustic_entropy_side": 13.04230785369873,
          "hz": 18456.760127700032
        },
        {
          "acoustic_entropy": 12.997414588928223,
          "acoustic_entropy_side": 13.05741024017334,
          "hz": 20153.260054456492
        },
        {
          "acoustic_entropy": 13.068507194519043,
          "acoustic_entropy_side": 13.064359664916992,
          "hz": 22000.00000000001
        }
      ],
      "diff_acoustic_entropy": 11.128144264221191,
      "sn": 12
    },
    {
      "acoustic_entropy": 18.235727310180664,
      "acoustic_entropy_mono": 16.463043212890625,
      "band_eliminated_acoustic_entropies": [
        {
          "acoustic_entropy": 17.50648307800293,
          "acoustic_entropy_side": 18.261335372924805,
          "hz": 129.47220167065723
        },
        {
          "acoustic_entropy": 18.672710418701172,
          "acoustic_entropy_side": 18.32293128967285,
          "hz": 202.92927478742237
        },
        {
          "acoustic_entropy": 18.44260597229004,
          "acoustic_entropy_side": 18.33511734008789,
          "hz": 282.89161906338205
        },
        {
          "acoustic_entropy": 17.64535903930664,
          "acoustic_entropy_side": 17.9468936920166,
          "hz": 369.9353335868758
        },
        {
          "acoustic_entropy": 18.036222457885742,
          "acoustic_entropy_side": 18.7102108001709,
          "hz": 464.6875360973435
        },
        {
          "acoustic_entropy": 17.5778865814209,
          "acoustic_entropy_side": 18.075634002685547,
          "hz": 567.8308811364784
        },
        {
          "acoustic_entropy": 18.803470611572266,
          "acoustic_entropy_side": 18.841585159301758,
          "hz": 680.1084783214808
        },
        {
          "acoustic_entropy": 17.762161254882812,
          "acoustic_entropy_side": 17.807458877563477,
          "hz": 802.3292461747484
        },
        {
          "acoustic_entropy": 18.023387908935547,
          "acoustic_entropy_side": 17.57150650024414,
          "hz": 935.3737400823702
        },
        {
          "acoustic_entropy": 19.163311004638672,
          "acoustic_entropy_side": 18.19156837463379,
          "hz": 1080.2004963696966
        },
        {
          "acoustic_entropy": 18.119327545166016,
          "acoustic_entropy_side": 18.589759826660156,
          "hz": 1237.8529382007157
        },
        {
          "acoustic_entropy": 18.632118225097656,
          "acoustic_entropy_side": 18.1762752532959,
          "hz": 1409.4668930556702
        },
        {
          "acoustic_entropy": 18.19368553161621,
          "acoustic_entropy_side": 17.93000030517578,
          "hz": 1596.2787759475705
        },
        {
          "acoustic_entropy": 18.237619400024414,
          "acoustic_entropy_side": 18.0495548248291,
          "hz": 1799.6344973346393
        },
        {
          "acoustic_entropy": 18.37957191467285,
          "acoustic_entropy_side": 18.049509048461914,
          "hz": 2020.9991599069049
        },
        {
          "acoustic_entropy": 18.340839385986328,
          "acoustic_entropy_side": 18.378860473632812,
          "hz": 2261.9676141086993
        },
        {
          "acoustic_entropy": 18.327754974365234,
          "acoustic_entropy_side": 18.321094512939453,
          "hz": 2524.2759484456974
        },
        {
          "acoustic_entropy": 18.3400821685791,
          "acoustic_entropy_side": 18.141803741455078,
          "hz": 2809.813997359896
        },
        {
          "acoustic_entropy": 18.401071548461914,
