{
  "acoustic_entropy": 183.72769165039062,
  "bands": [
    {
      "high_freq": 148.1999969482422,
      "loudness": -36.41463851928711,
      "loudness_range": 14.981773376464844,
      "mid_mean": -32.77277755737305,
      "mid_to_side_loudness": -22.32673454284668,
      "mid_to_side_loudness_range": 18.295169830322266,
      "side_mean": -56.06689453125
    },
    {
      "high_freq": 392.3793640136719,
      "loudness": -31.017093658447266,
      "loudness_range": 12.830379486083984,
      "low_freq": 148.1999969482422,
      "mid_mean": -28.09788703918457,
      "mid_to_side_loudness": -10.578994750976562,
      "mid_to_side_loudness_range": 20.180585861206055,
      "side_mean": -38.63735580444336
    },
    {
      "high_freq": 794.6976318359375,
      "loudness": -33.02561950683594,
      "loudness_range": 13.988037109375,
      "low_freq": 392.3793640136719,
      "mid_mean": -30.43380355834961,
      "mid_to_side_loudness": -8.527358055114746,
      "mid_to_side_loudness_range": 17.74995994567871,
      "side_mean": -38.70032501220703
    },
    {
      "high_freq": 1457.5709228515625,
      "loudness": -36.10444259643555,
      "loudness_range": 19.922361373901367,
      "low_freq": 794.6976318359375,
      "mid_mean": -33.504390716552734,
      "mid_to_side_loudness": -8.588580131530762,
      "mid_to_side_loudness_range": 18.04705810546875,
      "side_mean": -41.97916030883789
    },
    {
      "high_freq": 2549.74365234375,
      "loudness": -38.801998138427734,
      "loudness_range": 22.783971786499023,
      "low_freq": 1457.5709228515625,
      "mid_mean": -35.9403190612793,
      "mid_to_side_loudness": -10.407849311828613,
      "mid_to_side_loudness_range": 19.590402603149414,
      "side_mean": -46.2691764831543
    },
    {
      "high_freq": 4349.24462890625,
      "loudness": -41.0340690612793,
      "loudness_range": 22.89227294921875,
      "low_freq": 2549.74365234375,
      "mid_mean": -37.51378631591797,
      "mid_to_side_loudness": -17.895837783813477,
      "mid_to_side_loudness_range": 21.094345092773438,
      "side_mean": -56.257354736328125
    },
    {
      "high_freq": 7314.1640625,
      "loudness": -45.39128112792969,
      "loudness_range": 13.487442016601562,
      "low_freq": 4349.24462890625,
      "mid_mean": -41.73039627075195,
      "mid_to_side_loudness": -24.065839767456055,
      "mid_to_side_loudness_range": 18.797557830810547,
      "side_mean": -64.77928161621094
    },
    {
      "high_freq": 12199.2666015625,
      "loudness": -44.87769317626953,
      "loudness_range": 11.656597137451172,
      "low_freq": 7314.1640625,
      "mid_mean": -41.255191802978516,
      "mid_to_side_loudness": -26.888797760009766,
      "mid_to_side_loudness_range": 15.706602096557617,
      "side_mean": -66.26095581054688
    },
    {
      "loudness": -52.21915054321289,
      "loudness_range": 14.310386657714844,
      "low_freq": 12199.2666015625,
      "mid_mean": -50.26943588256836,
      "mid_to_side_loudness": -28.38743019104004,
      "mid_to_side_loudness_range": 25.899864196777344,
      "side_mean": -68.54235076904297
    }
  ],
  "bands_short": [
    {
      "high_freq": 148.1999969482422,
      "loudness": -40.34815979003906,
      "loudness_range": 23.48390007019043,
      "mid_mean": -36.84463882446289,
      "mid_to_side_loudness": -22.412378311157227,
      "mid_to_side_loudness_range": 22.570762634277344,
      "side_mean": -59.793880462646484
    },
    {
      "high_freq": 392.3793640136719,
      "loudness": -32.237125396728516,
      "loudness_range": 15.826324462890625,
      "low_freq": 148.1999969482422,
      "mid_mean": -29.27458381652832,
      "mid_to_side_loudness": -12.294931411743164,
      "mid_to_side_loudness_range": 24.00309944152832,
      "side_mean": -41.875362396240234
    },
    {
      "high_freq": 794.6976318359375,
      "loudness": -34.432960510253906,
      "loudness_range": 17.8420352935791,
      "low_freq": 392.3793640136719,
      "mid_mean": -31.769485473632812,
      "mid_to_side_loudness": -10.184374809265137,
      "mid_to_side_loudness_range": 21.497360229492188,
      "side_mean": -42.01707077026367
    },
    {
      "high_freq": 1457.5709228515625,
      "loudness": -37.12961959838867,
      "loudness_range": 25.14779281616211,
      "low_freq": 794.6976318359375,
      "mid_mean": -34.716678619384766,
      "mid_to_side_loudness": -8.812957763671875,
      "mid_to_side_loudness_range": 20.140193939208984,
      "side_mean": -43.682003021240234
    },
    {
      "high_freq": 2549.74365234375,
      "loudness": -40.79667282104492,
      "loudness_range": 25.94793701171875,
      "low_freq": 1457.5709228515625,
      "mid_mean": -38.03592300415039,
      "mid_to_side_loudness": -10.034957885742188,
      "mid_to_side_loudness_range": 21.00537872314453,
      "side_mean": -50.085899353027344
    },
    {
      "high_freq": 4349.24462890625,
      "loudness": -43.56877136230469,
      "loudness_range": 27.617856979370117,
      "low_freq": 2549.74365234375,
      "mid_mean": -40.20418167114258,
      "mid_to_side_loudness": -15.746129035949707,
      "mid_to_side_loudness_range": 23.36444091796875,
      "side_mean": -57.45756149291992
    },
    {
      "high_freq": 7314.1640625,
      "loudness": -49.45836639404297,
      "loudness_range": 22.47107696533203,
      "low_freq": 4349.24462890625,
      "mid_mean": -45.94755935668945,
      "mid_to_side_loudness": -19.06851577758789,
      "mid_to_side_loudness_range": 21.4471435546875,
      "side_mean": -65.23624420166016
    },
    {
      "high_freq": 12199.2666015625,
      "loudness": -48.33157730102539,
      "loudness_range": 20.21029281616211,
      "low_freq": 7314.1640625,
      "mid_mean": -44.69975280761719,
      "mid_to_side_loudness": -22.95271873474121,
      "mid_to_side_loudness_range": 20.914125442504883,
      "side_mean": -66.62052154541016
    },
    {
      "loudness": -57.56901168823242,
      "loudness_range": 24.77228546142578,
      "low_freq": 12199.2666015625,
      "mid_mean": -54.916954040527344,
      "mid_to_side_loudness": -22.667722702026367,
      "mid_to_side_loudness_range": 23.578285217285156,
      "side_mean": -69.00621795654297
    }
  ],
  "bandwidth": 667.4896850585938,
  "channels": 2,
  "covariance": [
    [
      27.785680770874023,
      10.821919441223145,
      9.130900382995605,
      4.757438659667969,
      2.270784616470337,
      1.3956584930419922,
      0.5712672472000122,
      2.863236665725708,
      0.4246461093425751,
      3.278096914291382,
      -1.9513620138168335,
      3.530515432357788,
      -1.5250401496887207,
      0.42113596200942993,
      0.4227963089942932,
      0.17557008564472198,
      5.907078266143799,
      1.153446078300476
    ],
    [
      10.821919441223145,
      37.34994888305664,
      6.905970573425293,
      12.968113899230957,
      8.661483764648438,
      12.23453426361084,
      6.168074607849121,
      12.845138549804688,
      7.52018928527832,
      10.754405975341797,
      5.167194366455078,
      21.224863052368164,
      3.497803211212158,
      6.695957183837891,
      5.45710563659668,
      5.545671463012695,
      30.32663917541504,
      4.479404926300049
    ],
    [
      9.130900382995605,
      6.905970573425293,
      22.15030860900879,
      11.950621604919434,
      7.680466175079346,
      7.635156631469727,
      4.233314037322998,
      6.511477947235107,
      5.735671520233154,
      6.8173112869262695,
      5.343221664428711,
      6.883902549743652,
      4.09364652633667,
      1.3233819007873535,
      3.457274913787842,
      0.7859765291213989,
      7.433886528015137,
      1.8630952835083008
    ],
    [
      4.757438659667969,
      12.968113899230957,
      11.950621604919434,
      53.95742416381836,
      14.882083892822266,
      45.35493469238281,
      14.036541938781738,
      39.252628326416016,
      10.809746742248535,
      33.858436584472656,
      4.62021017074585,
      22.034242630004883,
      4.403359413146973,
      7.207099914550781,
      5.279885768890381,
      6.364916801452637,
      8.497099876403809,
      9.089765548706055
    ],
    [
      2.270784616470337,
      8.661483764648438,
      7.680466175079346,
      14.882083892822266,
      26.81943702697754,
      19.73596954345703,
      25.947696685791016,
      18.758146286010742,
      27.10719871520996,
      19.46337127685547,
      23.88051986694336,
      20.675827026367188,
      10.710062980651855,
      6.517219066619873,
      9.981245040893555,
      4.044971466064453,
      13.79692554473877,
      2.6556472778320312
    ],
    [
      1.3956584930419922,
      12.23453426361084,
      7.635156631469727,
      45.35493469238281,
      19.73596954345703,
      59.83254623413086,
      17.835742950439453,
      46.6514778137207,
      13.622146606445312,
      39.413536071777344,
      6.18835973739624,
      23.004409790039062,
      4.338347911834717,
      7.778966903686523,
      4.962505340576172,
      7.297823905944824,
      8.64045524597168,
      9.82119083404541
    ],
    [
      0.5712672472000122,
      6.168074607849121,
      4.233314037322998,
      14.036541938781738,
      25.947696685791016,
      17.835742950439453,
      47.61087417602539,
      26.092538833618164,
      44.42477798461914,
      27.99192237854004,
      41.13591003417969,
      33.15039825439453,
      16.680999755859375,
      11.556187629699707,
      11.94094467163086,
      5.690369129180908,
      15.093871116638184,
      1.968646764755249
    ],
    [
      2.863236665725708,
      12.845138549804688,
      6.511477947235107,
      39.252628326416016,
      18.758146286010742,
      46.6514778137207,
      26.092538833618164,
      50.03270721435547,
      20.666038513183594,
      43.99599075317383,
      12.650971412658691,
      32.15822219848633,
      5.913462162017822,
      11.216140747070312,
      5.454693794250488,
      8.028594017028809,
      9.728899002075195,
      8.535175323486328
    ],
    [
      0.4246461093425751,
      7.52018928527832,
      5.735671520233154,
      10.809746742248535,
      27.10719871520996,
      13.622146606445312,
      44.42477798461914,
      20.666038513183594,
      56.69160079956055,
      28.40426254272461,
      52.027400970458984,
      35.98657989501953,
      22.512426376342773,
      13.868718147277832,
      15.820328712463379,
      6.673190116882324,
      20.044919967651367,
      1.9797998666763306
    ],
    [
      3.278096914291382,
      10.754405975341797,
      6.8173112869262695,
      33.858436584472656,
      19.46337127685547,
      39.413536071777344,
      27.99192237854004,
      43.99599075317383,
      28.40426254272461,
      51.37262725830078,
      18.16657829284668,
      38.25957489013672,
      8.051399230957031,
      14.630714416503906,
      6.829652786254883,
      9.364537239074707,
      10.510285377502441,
      8.876543998718262
    ],
    [
      -1.9513620138168335,
      5.167194366455078,
      5.343221664428711,
      4.62021017074585,
      23.88051986694336,
      6.18835973739624,
      41.13591003417969,
      12.650971412658691,
      52.027400970458984,
      18.16657829284668,
      57.2924690246582,
      31.36177635192871,
      26.26873779296875,
      12.742020606994629,
      18.36161231994629,
      5.717698097229004,
      21.314701080322266,
      0.25025153160095215
    ],
    [
      3.530515432357788,
      21.224863052368164,
      6.883902549743652,
      22.034242630004883,
      20.675827026367188,
      23.004409790039062,
      33.15039825439453,
      32.15822219848633,
      35.98657989501953,
      38.25957489013672,
      31.36177635192871,
      56.01688003540039,
      10.779004096984863,
      20.919654846191406,
      8.342985153198242,
      12.055015563964844,
      29.495559692382812,
      6.588342666625977
    ],
    [
      -1.5250401496887207,
      3.497803211212158,
      4.09364652633667,
      4.403359413146973,
      10.710062980651855,
      4.338347911834717,
      16.680999755859375,
      5.913462162017822,
      22.512426376342773,
      8.051399230957031,
      26.26873779296875,
      10.779004096984863,
      23.3371524810791,
      5.459507465362549,
      18.214502334594727,
      3.0549967288970947,
      20.172239303588867,
      2.006103992462158
    ],
    [
      0.42113596200942993,
      6.695957183837891,
      1.3233819007873535,
      7.207099914550781,
      6.517219066619873,
      7.778966903686523,
      11.556187629699707,
      11.216140747070312,
      13.868718147277832,
      14.630714416503906,
      12.742020606994629,
      20.919654846191406,
      5.459507465362549,
      11.701245307922363,
      4.034115314483643,
      7.1103596687316895,
      12.149835586547852,
      3.5107736587524414
    ],
    [
      0.4227963089942932,
      5.45710563659668,
      3.457274913787842,
      5.279885768890381,
      9.981245040893555,
      4.962505340576172,
      11.94094467163086,
      5.454693794250488,
      15.820328712463379,
      6.829652786254883,
      18.36161231994629,
      8.342985153198242,
      18.214502334594727,
      4.034115314483643,
      18.964563369750977,
      3.4126040935516357,
      20.656679153442383,
      2.6650943756103516
    ],
    [
      0.17557008564472198,
      5.545671463012695,
      0.7859765291213989,
      6.364916801452637,
      4.044971466064453,
      7.297823905944824,
      5.690369129180908,
      8.028594017028809,
      6.673190116882324,
      9.364537239074707,
      5.717698097229004,
      12.055015563964844,
      3.0549967288970947,
      7.1103596687316895,
      3.4126040935516357,
      5.663395404815674,
      9.265057563781738,
      3.291527271270752
    ],
    [
      5.907078266143799,
      30.32663917541504,
      7.433886528015137,
      8.497099876403809,
      13.79692554473877,
      8.64045524597168,
      15.093871116638184,
      9.728899002075195,
      20.044919967651367,
      10.510285377502441,
      21.314701080322266,
      29.495559692382812,
      20.172239303588867,
      12.149835586547852,
      20.656679153442383,
      9.265057563781738,
      57.746726989746094,
      6.166446685791016
    ],
    [
      1.153446078300476,
      4.479404926300049,
      1.8630952835083008,
      9.089765548706055,
      2.6556472778320312,
      9.82119083404541,
      1.968646764755249,
      8.535175323486328,
      1.9797998666763306,
      8.876543998718262,
      0.25025153160095215,
      6.588342666625977,
      2.006103992462158,
      3.5107736587524414,
      2.6650943756103516,
      3.291527271270752,
      6.166446685791016,
      5.030379772186279
    ]
  ],
  "covariance_short": [
    [
      65.92113494873047,
      22.450361251831055,
      17.90349578857422,
      11.465615272521973,
      11.49082088470459,
      14.691777229309082,
      11.950007438659668,
      12.991009712219238,
      10.468067169189453,
      12.113190650939941,
      10.368223190307617,
      6.9853692054748535,
      13.143369674682617,
      0.04381229355931282,
      11.514002799987793,
      -0.4090721309185028,
      17.415847778320312,
      2.7770934104919434
    ],
    [
      22.450361251831055,
      38.06485366821289,
      9.293816566467285,
      14.244007110595703,
      9.270251274108887,
      15.142542839050293,
      11.141924858093262,
      16.157962799072266,
      10.26524829864502,
      29.216352462768555,
      9.468944549560547,
      17.68859100341797,
      11.060342788696289,
      5.8692474365234375,
      9.93934440612793,
      4.850353240966797,
      24.663225173950195,
      4.53311014175415
    ],
    [
      17.90349578857422,
      9.293816566467285,
      33.15598678588867,
      13.054438591003418,
      13.113235473632812,
      8.063885688781738,
      7.60019063949585,
      6.816164970397949,
      9.073365211486816,
      6.898059368133545,
      10.225391387939453,
      4.349430561065674,
      12.8933687210083,
      -0.20792411267757416,
      10.724774360656738,
      -0.48786112666130066,
      12.931513786315918,
      1.8964383602142334
    ],
    [
      11.465615272521973,
      14.244007110595703,
      13.054438591003418,
      70.52100372314453,
      21.547243118286133,
      66.38919067382812,
      24.344011306762695,
      55.61137008666992,
      15.880148887634277,
      42.041709899902344,
      8.34602165222168,
      25.420333862304688,
      9.056127548217773,
      9.230390548706055,
      10.136306762695312,
      8.186042785644531,
      11.894432067871094,
      8.790047645568848
    ],
    [
      11.49082088470459,
      9.270251274108887,
      13.113235473632812,
      21.547243118286133,
      41.95638656616211,
      31.3736629486084,
      45.59689712524414,
      30.47623062133789,
      40.40043258666992,
      28.83205795288086,
      37.9112548828125,
      24.334487915039062,
      25.110973358154297,
      6.5294389724731445,
      19.93353843688965,
      3.956190347671509,
      22.1456356048584,
      3.23742938041687
    ],
    [
      14.691777229309082,
      15.142542839050293,
      8.063885688781738,
      66.38919067382812,
      31.3736629486084,
      90.97379302978516,
      38.06848907470703,
      75.51228332519531,
      25.668060302734375,
      57.73416519165039,
      14.750563621520996,
      36.57160186767578,
      10.01224136352539,
      13.336848258972168,
      10.286697387695312,
      11.01749038696289,
      12.601174354553223,
      9.99583625793457
    ],
    [
      11.950007438659668,
      11.141924858093262,
      7.60019063949585,
      24.344011306762695,
      45.59689712524414,
      38.06848907470703,
      77.70269775390625,
      48.28398132324219,
      62.32499694824219,
      41.63517761230469,
      59.57694625854492,
      37.621437072753906,
      35.97792434692383,
      10.801791191101074,
      27.28867530822754,
      6.212522029876709,
      29.099416732788086,
      3.8472609519958496
    ],
    [
      12.991009712219238,
      16.157962799072266,
      6.816164970397949,
      55.61137008666992,
      30.47623062133789,
      75.51228332519531,
      48.28398132324219,
      86.05243682861328,
      32.64580154418945,
      63.712989807128906,
      21.998985290527344,
      45.21583938598633,
      13.079168319702148,
      16.61634635925293,
      11.903229713439941,
      12.317237854003906,
      14.476855278015137,
      9.842747688293457
    ],
    [
      10.468067169189453,
      10.26524829864502,
      9.073365211486816,
      15.880148887634277,
      40.40043258666992,
      25.668060302734375,
      62.32499694824219,
      32.64580154418945,
      72.74732971191406,
      38.68229675292969,
      70.53324127197266,
      37.50350570678711,
      44.654029846191406,
      12.046695709228516,
      32.26580810546875,
      5.978351593017578,
      34.90630340576172,
      2.9920690059661865
    ],
    [
      12.113190650939941,
      29.216352462768555,
      6.898059368133545,
      42.041709899902344,
      28.83205795288086,
      57.73416519165039,
      41.63517761230469,
      63.712989807128906,
      38.68229675292969,
      95.83503723144531,
      28.064037322998047,
      66.2013931274414,
      17.721439361572266,
      25.173439025878906,
      13.720025062561035,
      16.898544311523438,
      37.78377914428711,
      9.69832706451416
    ],
    [
      10.368223190307617,
      9.468944549560547,
      10.225391387939453,
      8.34602165222168,
      37.9112548828125,
      14.750563621520996,
      59.57694625854492,
      21.998985290527344,
      70.53324127197266,
      28.064037322998047,
      82.0870361328125,
      33.372135162353516,
      55.11540985107422,
      10.531569480895996,
      40.143680572509766,
      4.546429634094238,
      43.311248779296875,
      1.7577399015426636
    ],
    [
      6.9853692054748535,
      17.68859100341797,
      4.349430561065674,
      25.420333862304688,
      24.334487915039062,
      36.57160186767578,
      37.621437072753906,
      45.21583938598633,
      37.50350570678711,
      66.2013931274414,
      33.372135162353516,
      63.03066635131836,
      15.485855102539062,
      23.269460678100586,
      10.328170776367188,
      13.864434242248535,
      24.928939819335938,
      6.668121814727783
    ],
    [
      13.143369674682617,
      11.060342788696289,
      12.8933687210083,
      9.056127548217773,
      25.110973358154297,
      10.01224136352539,
      35.97792434692383,
      13.079168319702148,
      44.654029846191406,
      17.721439361572266,
      55.11540985107422,
      15.485855102539062,
      62.914588928222656,
      5.173699378967285,
      50.44797134399414,
      2.8526511192321777,
      57.525848388671875,
      4.454843997955322
    ],
    [
      0.04381229355931282,
      5.8692474365234375,
      -0.20792411267757416,
      9.230390548706055,
      6.5294389724731445,
      13.336848258972168,
      10.801791191101074,
      16.61634635925293,
      12.046695709228516,
      25.173439025878906,
      10.531569480895996,
      23.269460678100586,
      5.173699378967285,
      14.594253540039062,
      3.2462069988250732,
      9.196866035461426,
      8.912300109863281,
      4.403486251831055
    ],
    [
      11.514002799987793,
      9.93934440612793,
      10.724774360656738,
      10.136306762695312,
      19.93353843688965,
      10.286697387695312,
      27.28867530822754,
      11.903229713439941,
      32.26580810546875,
      13.720025062561035,
      40.143680572509766,
      10.328170776367188,
      50.44797134399414,
      3.2462069988250732,
      48.775821685791016,
      3.0432140827178955,
      52.175350189208984,
      4.792186260223389
    ],
    [
      -0.4090721309185028,
      4.850353240966797,
      -0.48786112666130066,
      8.186042785644531,
      3.956190347671509,
      11.01749038696289,
      6.212522029876709,
      12.317237854003906,
      5.978351593017578,
      16.898544311523438,
      4.546429634094238,
      13.864434242248535,
      2.8526511192321777,
      9.196866035461426,
      3.0432140827178955,
      7.8965606689453125,
      6.814541339874268,
      4.164552688598633
    ],
    [
      17.415847778320312,
      24.663225173950195,
      12.931513786315918,
      11.894432067871094,
      22.1456356048584,
      12.601174354553223,
      29.099416732788086,
      14.476855278015137,
      34.90630340576172,
      37.78377914428711,
      43.311248779296875,
      24.928939819335938,
      57.525848388671875,
      8.912300109863281,
      52.175350189208984,
      6.814541339874268,
      76.59941101074219,
      7.1330084800720215
    ],
    [
      2.7770934104919434,
      4.53311014175415,
      1.8964383602142334,
      8.790047645568848,
      3.23742938041687,
      9.99583625793457,
      3.8472609519958496,
      9.842747688293457,
      2.9920690059661865,
      9.69832706451416,
      1.7577399015426636,
      6.668121814727783,
      4.454843997955322,
      4.403486251831055,
      4.792186260223389,
      4.164552688598633,
      7.1330084800720215,
      5.140336036682129
    ]
  ],
  "damage": -15.687403678894043,
  "diff_bandwidth": 689.1984252929688,
  "dissonance": 6.528450767597852,
  "drr": 5.858614444732666,
  "dynamics": 3.8467276096343994,
  "format": 1245190,
  "frames": 5240832,
  "loudness": -21.93352508544922,
  "loudness_range": 10.161270141601562,
  "loudness_range_short": 14.720829963684082,
  "lowpass_true_peak_15khz": -1.2845674753189087,
  "mastering3_acoustic_entropies": [
    {
      "acoustic_entropy": 8.464484214782715,
      "acoustic_entropy_mono": 6.895028114318848,
      "band_eliminated_acoustic_entropies": [
        {
          "acoustic_entropy": 8.514230728149414,
          "acoustic_entropy_side": 8.46447467803955,
          "hz": 129.47220167065723
        },
        {
          "acoustic_entropy": 8.619736671447754,
          "acoustic_entropy_side": 8.463408470153809,
          "hz": 202.92927478742237
        },
        {
          "acoustic_entropy": 7.254718780517578,
          "acoustic_entropy_side": 8.456798553466797,
          "hz": 282.89161906338205
        },
        {
          "acoustic_entropy": 8.289473533630371,
          "acoustic_entropy_side": 8.398111343383789,
          "hz": 369.9353335868758
        },
        {
          "acoustic_entropy": 7.590908050537109,
          "acoustic_entropy_side": 7.885447978973389,
          "hz": 464.6875360973435
        },
        {
          "acoustic_entropy": 8.302660942077637,
          "acoustic_entropy_side": 8.3389253616333,
          "hz": 567.8308811364784
        },
        {
          "acoustic_entropy": 8.375576972961426,
          "acoustic_entropy_side": 8.436135292053223,
          "hz": 680.1084783214808
        },
        {
          "acoustic_entropy": 8.079120635986328,
          "acoustic_entropy_side": 8.330509185791016,
          "hz": 802.3292461747484
        },
        {
          "acoustic_entropy": 7.873791694641113,
          "acoustic_entropy_side": 7.952634334564209,
          "hz": 935.3737400823702
        },
        {
          "acoustic_entropy": 8.293976783752441,
          "acoustic_entropy_side": 8.368653297424316,
          "hz": 1080.2004963696966
        },
        {
          "acoustic_entropy": 8.408295631408691,
          "acoustic_entropy_side": 8.336143493652344,
          "hz": 1237.8529382007157
        },
        {
          "acoustic_entropy": 8.442506790161133,
          "acoustic_entropy_side": 8.375420570373535,
          "hz": 1409.4668930556702
        },
        {
          "acoustic_entropy": 8.465473175048828,
          "acoustic_entropy_side": 8.379226684570312,
          "hz": 1596.2787759475705
        },
        {
          "acoustic_entropy": 8.219298362731934,
          "acoustic_entropy_side": 8.21396541595459,
          "hz": 1799.6344973346393
        },
        {
          "acoustic_entropy": 8.342571258544922,
          "acoustic_entropy_side": 8.420309066772461,
          "hz": 2020.9991599069049
        },
        {
          "acoustic_entropy": 8.28049373626709,
          "acoustic_entropy_side": 8.412355422973633,
          "hz": 2261.9676141086993
        },
        {
          "acoustic_entropy": 8.38282585144043,
          "acoustic_entropy_side": 8.436371803283691,
          "hz": 2524.2759484456974
        },
        {
          "acoustic_entropy": 8.440980911254883,
          "acoustic_entropy_side": 8.452704429626465,
          "hz": 2809.813997359896
        },
        {
          "acoustic_entropy": 8.389763832092285,
          "acoustic_entropy_side": 8.459197998046875,
          "hz": 3120.6389567871424
        },
        {
          "acoustic_entropy": 8.381638526916504,
          "acoustic_entropy_side": 8.462468147277832,
          "hz": 3458.990205492291
        },
        {
          "acoustic_entropy": 8.42708683013916,
          "acoustic_entropy_side": 8.463773727416992,
          "hz": 3827.305438964164
        },
        {
          "acoustic_entropy": 8.33862018585205,
          "acoustic_entropy_side": 8.464104652404785,
          "hz": 4228.238232109126
        },
        {
          "acoustic_entropy": 8.48797607421875,
          "acoustic_entropy_side": 8.464446067810059,
          "hz": 4664.6771572759235
        },
        {
          "acoustic_entropy": 8.621155738830566,
          "acoustic_entropy_side": 8.46446418762207,
          "hz": 5139.766595350093
        },
        {
          "acoustic_entropy": 8.502269744873047,
          "acoustic_entropy_side": 8.464479446411133,
          "hz": 5656.929389854203
        },
        {
          "acoustic_entropy": 8.473691940307617,
          "acoustic_entropy_side": 8.464483261108398,
          "hz": 6219.891507268283
        },
        {
          "acoustic_entropy": 8.469512939453125,
          "acoustic_entropy_side": 8.464484214782715,
          "hz": 6832.70888123896
        },
        {
          "acoustic_entropy": 8.5270414352417,
          "acoustic_entropy_side": 8.464483261108398,
          "hz": 7499.796634079867
        },
        {
          "acoustic_entropy": 8.567535400390625,
          "acoustic_entropy_side": 8.464485168457031,
          "hz": 8225.96088609342
        },
        {
          "acoustic_entropy": 8.450267791748047,
          "acoustic_entropy_side": 8.464485168457031,
          "hz": 9016.43338188839
        },
        {
          "acoustic_entropy": 8.427071571350098,
          "acoustic_entropy_side": 8.464485168457031,
          "hz": 9876.909183162974
        },
        {
          "acoustic_entropy": 8.454877853393555,
          "acoustic_entropy_side": 8.464485168457031,
          "hz": 10813.587699516042
        },
        {
          "acoustic_entropy": 8.513041496276855,
          "acoustic_entropy_side": 8.464484214782715,
          "hz": 11833.21735289826
        },
        {
          "acoustic_entropy": 8.548553466796875,
          "acoustic_entropy_side": 8.464484214782715,
          "hz": 12943.144197493959
        },
        {
          "acoustic_entropy": 8.580737113952637,
          "acoustic_entropy_side": 8.464484214782715,
          "hz": 14151.364845322005
        },
        {
          "acoustic_entropy": 8.533159255981445,
          "acoustic_entropy_side": 8.464485168457031,
          "hz": 15466.58407886509
        },
        {
          "acoustic_entropy": 8.504971504211426,
          "acoustic_entropy_side": 8.464484214782715,
          "hz": 16898.27756580493
        },
        {
          "acoustic_entropy": 8.485241889953613,
          "acoustic_entropy_side": 8.464479446411133,
          "hz": 18456.760127700032
        },
        {
          "acoustic_entropy": 8.477409362792969,
          "acoustic_entropy_side": 8.464481353759766,
          "hz": 20153.260054456492
        },
        {
          "acoustic_entropy": 8.466064453125,
          "acoustic_entropy_side": 8.464484214782715,
          "hz": 22000.00000000001
        }
      ],
      "diff_acoustic_entropy": 8.954873085021973,
      "sn": 6
    },
    {
      "acoustic_entropy": 12.677023887634277,
      "acoustic_entropy_mono": 11.19172191619873,
      "band_eliminated_acoustic_entropies": [
        {
          "acoustic_entropy": 12.374625205993652,
          "acoustic_entropy_side": 12.676931381225586,
          "hz": 129.47220167065723
        },
        {
          "acoustic_entropy": 13.026402473449707,
          "acoustic_entropy_side": 12.672737121582031,
          "hz": 202.92927478742237
        },
        {
          "acoustic_entropy": 12.676544189453125,
          "acoustic_entropy_side": 12.657461166381836,
          "hz": 282.89161906338205
        },
        {
          "acoustic_entropy": 12.54470157623291,
          "acoustic_entropy_side": 12.698908805847168,
          "hz": 369.9353335868758
        },
        {
          "acoustic_entropy": 13.132163047790527,
          "acoustic_entropy_side": 12.687592506408691,
          "hz": 464.6875360973435
        },
        {
          "acoustic_entropy": 12.816550254821777,
          "acoustic_entropy_side": 12.488494873046875,
          "hz": 567.8308811364784
        },
        {
          "acoustic_entropy": 12.449475288391113,
          "acoustic_entropy_side": 12.719268798828125,
          "hz": 680.1084783214808
        },
        {
          "acoustic_entropy": 12.971531867980957,
          "acoustic_entropy_side": 12.760421752929688,
          "hz": 802.3292461747484
        },
        {
          "acoustic_entropy": 12.555519104003906,
          "acoustic_entropy_side": 12.32337760925293,
          "hz": 935.3737400823702
        },
        {
          "acoustic_entropy": 13.70317554473877,
          "acoustic_entropy_side": 12.665681838989258,
          "hz": 1080.2004963696966
        },
        {
          "acoustic_entropy": 11.974432945251465,
          "acoustic_entropy_side": 12.575879096984863,
          "hz": 1237.8529382007157
        },
        {
          "acoustic_entropy": 13.13906192779541,
          "acoustic_entropy_side": 12.673017501831055,
          "hz": 1409.4668930556702
        },
        {
          "acoustic_entropy": 12.754534721374512,
          "acoustic_entropy_side": 12.649340629577637,
          "hz": 1596.2787759475705
        },
        {
          "acoustic_entropy": 12.666807174682617,
          "acoustic_entropy_side": 12.78176498413086,
          "hz": 1799.6344973346393
        },
        {
          "acoustic_entropy": 13.043094635009766,
          "acoustic_entropy_side": 12.642904281616211,
          "hz": 2020.9991599069049
        },
        {
          "acoustic_entropy": 12.788956642150879,
          "acoustic_entropy_side": 12.790241241455078,
          "hz": 2261.9676141086993
        },
        {
          "acoustic_entropy": 12.828330993652344,
          "acoustic_entropy_side": 12.85538387298584,
          "hz": 2524.2759484456974
        },
        {
          "acoustic_entropy": 12.745553016662598,
          "acoustic_entropy_side": 12.769489288330078,
          "hz": 2809.813997359896
        },
        {
          "acoustic_entropy": 12.717277526855469,
          "acoustic_entropy_side": 12.729894638061523,
          "hz": 3120.6389567871424
        },
        {
          "acoustic_entropy": 12.707864761352539,
          "acoustic_entropy_side": 12.724570274353027,
          "hz": 3458.990205492291
        },
        {
          "acoustic_entropy": 12.48093032836914,
          "acoustic_entropy_side": 12.697976112365723,
          "hz": 3827.305438964164
        },
        {
          "acoustic_entropy": 12.67863941192627,
          "acoustic_entropy_side": 12.689887046813965,
          "hz": 4228.238232109126
        },
        {
          "acoustic_entropy": 12.779495239257812,
          "acoustic_entropy_side": 12.680377960205078,
          "hz": 4664.6771572759235
        },
        {
          "acoustic_entropy": 12.731878280639648,
          "acoustic_entropy_side": 12.678749084472656,
          "hz": 5139.766595350093
        },
        {
          "acoustic_entropy": 12.667155265808105,
          "acoustic_entropy_side": 12.677376747131348,
          "hz": 5656.929389854203
        },
        {
          "acoustic_entropy": 12.669973373413086,
          "acoustic_entropy_side": 12.677072525024414,
          "hz": 6219.891507268283
        },
        {
          "acoustic_entropy": 12.658266067504883,
          "acoustic_entropy_side": 12.67703914642334,
          "hz": 6832.70888123896
        },
        {
          "acoustic_entropy": 12.67027759552002,
          "acoustic_entropy_side": 12.6770601272583,
          "hz": 7499.796634079867
        },
        {
          "acoustic_entropy": 12.667756080627441,
          "acoustic_entropy_side": 12.677062034606934,
          "hz": 8225.96088609342
        },
        {
          "acoustic_entropy": 12.660921096801758,
          "acoustic_entropy_side": 12.677044868469238,
          "hz": 9016.43338188839
        },
        {
          "acoustic_entropy": 12.68708610534668,
          "acoustic_entropy_side": 12.677041053771973,
          "hz": 9876.909183162974
        },
        {
          "acoustic_entropy": 12.703878402709961,
          "acoustic_entropy_side": 12.677034378051758,
          "hz": 10813.587699516042
        },
        {
          "acoustic_entropy": 12.663743019104004,
          "acoustic_entropy_side": 12.677034378051758,
          "hz": 11833.21735289826
        },
        {
          "acoustic_entropy": 12.665766716003418,
          "acoustic_entropy_side": 12.677032470703125,
          "hz": 12943.144197493959
        },
        {
          "acoustic_entropy": 12.701943397521973,
          "acoustic_entropy_side": 12.677030563354492,
          "hz": 14151.364845322005
        },
        {
          "acoustic_entropy": 12.705781936645508,
          "acoustic_entropy_side": 12.677026748657227,
          "hz": 15466.58407886509
        },
        {
          "acoustic_entropy": 12.714346885681152,
          "acoustic_entropy_side": 12.677056312561035,
          "hz": 16898.27756580493
        },
        {
          "acoustic_entropy": 12.675318717956543,
          "acoustic_entropy_side": 12.677104949951172,
          "hz": 18456.760127700032
        },
        {
          "acoustic_entropy": 12.659286499023438,
          "acoustic_entropy_side": 12.677079200744629,
          "hz": 20153.260054456492
        },
        {
          "acoustic_entropy": 12.675559043884277,
          "acoustic_entropy_side": 12.677032470703125,
          "hz": 22000.00000000001
        }
      ],
      "diff_acoustic_entropy": 13.044684410095215,
      "sn": 12
    },
    {
      "acoustic_entropy": 18.672718048095703,
      "acoustic_entropy_mono": 15.845568656921387,
      "band_eliminated_acoustic_entropies": [
        {
          "acoustic_entropy": 18.048385620117188,
          "acoustic_entropy_side": 18.67299461364746,
          "hz": 129.47220167065723
        },
        {
          "acoustic_entropy": 19.33407974243164,
          "acoustic_entropy_side": 18.653108596801758,
          "hz": 202.92927478742237
        },
        {
          "acoustic_entropy": 17.611513137817383,
          "acoustic_entropy_side": 18.26181983947754,
          "hz": 282.89161906338205
        },
        {
          "acoustic_entropy": 19.938966751098633,
          "acoustic_entropy_side": 19.382322311401367,
          "hz": 369.9353335868758
        },
        {
          "acoustic_entropy": 19.315397262573242,
          "acoustic_entropy_side": 17.889385223388672,
          "hz": 464.6875360973435
        },
        {
          "acoustic_entropy": 19.160072326660156,
          "acoustic_entropy_side": 19.433082580566406,
          "hz": 567.8308811364784
        },
        {
          "acoustic_entropy": 18.604764938354492,
          "acoustic_entropy_side": 18.521732330322266,
          "hz": 680.1084783214808
        },
        {
          "acoustic_entropy": 18.7739200592041,
          "acoustic_entropy_side": 19.046466827392578,
          "hz": 802.3292461747484
        },
        {
          "acoustic_entropy": 18.083478927612305,
          "acoustic_entropy_side": 19.005977630615234,
          "hz": 935.3737400823702
        },
        {
          "acoustic_entropy": 19.220226287841797,
          "acoustic_entropy_side": 18.915510177612305,
          "hz": 1080.2004963696966
        },
        {
          "acoustic_entropy": 18.35064697265625,
          "acoustic_entropy_side": 18.688365936279297,
          "hz": 1237.8529382007157
        },
        {
          "acoustic_entropy": 18.896577835083008,
          "acoustic_entropy_side": 19.038299560546875,
          "hz": 1409.4668930556702
        },
        {
          "acoustic_entropy": 18.287654876708984,
          "acoustic_entropy_side": 19.12651252746582,
          "hz": 1596.2787759475705
        },
        {
          "acoustic_entropy": 18.328632354736328,
          "acoustic_entropy_side": 18.225435256958008,
          "hz": 1799.6344973346393
        },
        {
          "acoustic_entropy": 19.739381790161133,
          "acoustic_entropy_side": 19.466064453125,
          "hz": 2020.9991599069049
        },
        {
          "acoustic_entropy": 18.00477409362793,
          "acoustic_entropy_side": 18.591739654541016,
          "hz": 2261.9676141086993
        },
        {
          "acoustic_entropy": 18.791770935058594,
          "acoustic_entropy_side": 18.498411178588867,
          "hz": 2524.2759484456974
        },
        {
          "acoustic_entropy": 18.61802864074707,
          "acoustic_entropy_side": 18.44343376159668,
          "hz": 2809.813997359896
        },
        {
          "acoustic_entropy": 18.35494613647461,
          "acoustic_entropy_side": 18.516679763793945,
