{
  "acoustic_entropy": 216.00489807128906,
  "bands": [
    {
      "high_freq": 148.1999969482422,
      "loudness": -19.567747116088867,
      "loudness_range": 8.293829917907715,
      "mid_mean": -16.372827529907227,
      "mid_to_side_loudness": -11.107446670532227,
      "mid_to_side_loudness_range": 12.785362243652344,
      "side_mean": -27.32704734802246
    },
    {
      "high_freq": 392.3793640136719,
      "loudness": -15.2211332321167,
      "loudness_range": 6.518192291259766,
      "low_freq": 148.1999969482422,
      "mid_mean": -12.2803373336792,
      "mid_to_side_loudness": -8.073384284973145,
      "mid_to_side_loudness_range": 8.31623649597168,
      "side_mean": -20.188194274902344
    },
    {
      "high_freq": 794.6976318359375,
      "loudness": -19.079065322875977,
      "loudness_range": 10.887826919555664,
      "low_freq": 392.3793640136719,
      "mid_mean": -16.1580867767334,
      "mid_to_side_loudness": -8.211414337158203,
      "mid_to_side_loudness_range": 10.844806671142578,
      "side_mean": -24.476778030395508
    },
    {
      "high_freq": 1457.5709228515625,
      "loudness": -23.43779182434082,
      "loudness_range": 14.864745140075684,
      "low_freq": 794.6976318359375,
      "mid_mean": -20.519052505493164,
      "mid_to_side_loudness": -8.559318542480469,
      "mid_to_side_loudness_range": 12.478672981262207,
      "side_mean": -29.22083282470703
    },
    {
      "high_freq": 2549.74365234375,
      "loudness": -24.833337783813477,
      "loudness_range": 16.752294540405273,
      "low_freq": 1457.5709228515625,
      "mid_mean": -21.806577682495117,
      "mid_to_side_loudness": -8.930304527282715,
      "mid_to_side_loudness_range": 11.757499694824219,
      "side_mean": -30.96476173400879
    },
    {
      "high_freq": 4349.24462890625,
      "loudness": -25.237199783325195,
      "loudness_range": 11.701507568359375,
      "low_freq": 2549.74365234375,
      "mid_mean": -22.235563278198242,
      "mid_to_side_loudness": -8.623504638671875,
      "mid_to_side_loudness_range": 10.84150505065918,
      "side_mean": -31.087080001831055
    },
    {
      "high_freq": 7314.1640625,
      "loudness": -30.37239646911621,
      "loudness_range": 10.742595672607422,
      "low_freq": 4349.24462890625,
      "mid_mean": -27.56752586364746,
      "mid_to_side_loudness": -7.067671298980713,
      "mid_to_side_loudness_range": 7.999259948730469,
      "side_mean": -34.819580078125
    },
    {
      "high_freq": 12199.2666015625,
      "loudness": -31.95596694946289,
      "loudness_range": 12.327531814575195,
      "low_freq": 7314.1640625,
      "mid_mean": -29.112886428833008,
      "mid_to_side_loudness": -7.769957542419434,
      "mid_to_side_loudness_range": 10.782085418701172,
      "side_mean": -37.09772872924805
    },
    {
      "loudness": -34.72792434692383,
      "loudness_range": 10.580810546875,
      "low_freq": 12199.2666015625,
      "mid_mean": -31.904682159423828,
      "mid_to_side_loudness": -7.27584171295166,
      "mid_to_side_loudness_range": 9.795878410339355,
      "side_mean": -39.341270446777344
    }
  ],
  "bands_short": [
    {
      "high_freq": 148.1999969482422,
      "loudness": -24.281455993652344,
      "loudness_range": 12.193107604980469,
      "mid_mean": -21.20502281188965,
      "mid_to_side_loudness": -11.834457397460938,
      "mid_to_side_loudness_range": 19.35413932800293,
      "side_mean": -32.83211898803711
    },
    {
      "high_freq": 392.3793640136719,
      "loudness": -15.153183937072754,
      "loudness_range": 7.860943794250488,
      "low_freq": 148.1999969482422,
      "mid_mean": -12.206685066223145,
      "mid_to_side_loudness": -8.560842514038086,
      "mid_to_side_loudness_range": 10.619840621948242,
      "side_mean": -20.632898330688477
    },
    {
      "high_freq": 794.6976318359375,
      "loudness": -18.2069091796875,
      "loudness_range": 12.354459762573242,
      "low_freq": 392.3793640136719,
      "mid_mean": -15.415806770324707,
      "mid_to_side_loudness": -7.984426021575928,
      "mid_to_side_loudness_range": 12.993770599365234,
      "side_mean": -23.470258712768555
    },
    {
      "high_freq": 1457.5709228515625,
      "loudness": -23.985435485839844,
      "loudness_range": 16.636577606201172,
      "low_freq": 794.6976318359375,
      "mid_mean": -21.195247650146484,
      "mid_to_side_loudness": -8.199023246765137,
      "mid_to_side_loudness_range": 14.445073127746582,
      "side_mean": -29.54380226135254
    },
    {
      "high_freq": 2549.74365234375,
      "loudness": -25.582731246948242,
      "loudness_range": 18.29129981994629,
      "low_freq": 1457.5709228515625,
      "mid_mean": -22.65796661376953,
      "mid_to_side_loudness": -8.624028205871582,
      "mid_to_side_loudness_range": 13.230663299560547,
      "side_mean": -31.496200561523438
    },
    {
      "high_freq": 4349.24462890625,
      "loudness": -25.890817642211914,
      "loudness_range": 13.716203689575195,
      "low_freq": 2549.74365234375,
      "mid_mean": -22.989416122436523,
      "mid_to_side_loudness": -8.337039947509766,
      "mid_to_side_loudness_range": 12.333284378051758,
      "side_mean": -31.53608512878418
    },
    {
      "high_freq": 7314.1640625,
      "loudness": -31.555147171020508,
      "loudness_range": 14.123960494995117,
      "low_freq": 4349.24462890625,
      "mid_mean": -28.830671310424805,
      "mid_to_side_loudness": -6.848942756652832,
      "mid_to_side_loudness_range": 9.686830520629883,
      "side_mean": -35.9375114440918
    },
    {
      "high_freq": 12199.2666015625,
      "loudness": -33.9404182434082,
      "loudness_range": 16.304685592651367,
      "low_freq": 7314.1640625,
      "mid_mean": -31.16338539123535,
      "mid_to_side_loudness": -7.745938777923584,
      "mid_to_side_loudness_range": 12.549890518188477,
      "side_mean": -39.28833770751953
    },
    {
      "loudness": -38.615474700927734,
      "loudness_range": 20.478178024291992,
      "low_freq": 12199.2666015625,
      "mid_mean": -35.91352462768555,
      "mid_to_side_loudness": -7.276607990264893,
      "mid_to_side_loudness_range": 12.123810768127441,
      "side_mean": -43.38399124145508
    }
  ],
  "bandwidth": 538.2796630859375,
  "channels": 2,
  "covariance": [
    [
      13.114733695983887,
      5.396259307861328,
      3.588928461074829,
      3.0220084190368652,
      4.954496383666992,
      5.249244213104248,
      3.2402749061584473,
      3.7498228549957275,
      4.631507873535156,
      4.782954216003418,
      3.3693201541900635,
      3.6182024478912354,
      3.3857319355010986,
      2.692131280899048,
      1.9304600954055786,
      1.2256468534469604,
      2.236574411392212,
      2.0889768600463867
    ],
    [
      5.396259307861328,
      16.270944595336914,
      1.2078282833099365,
      3.694455146789551,
      3.287243127822876,
      4.693495273590088,
      3.0203962326049805,
      4.191076278686523,
      6.0497870445251465,
      6.553287982940674,
      3.3063206672668457,
      5.739394664764404,
      4.05439567565918,
      6.0830793380737305,
      3.144594669342041,
      6.5614333152771,
      3.0548012256622314,
      7.814765453338623
    ],
    [
      3.588928461074829,
      1.2078282833099365,
      9.198225021362305,
      4.049201965332031,
      5.8531622886657715,
      4.7129364013671875,
      4.071326732635498,
      3.6708648204803467,
      5.227837085723877,
      4.830465316772461,
      5.722356796264648,
      4.672417163848877,
      4.840110778808594,
      4.10730504989624,
      3.1893084049224854,
      3.1587603092193604,
      2.7611072063446045,
      3.388880491256714
    ],
    [
      3.0220084190368652,
      3.694455146789551,
      4.049201965332031,
      6.913845539093018,
      4.42230749130249,
      4.390600204467773,
      4.9676127433776855,
      4.62402868270874,
      6.30404806137085,
      5.878700256347656,
      4.651267051696777,
      5.207820415496826,
      4.1978583335876465,
      5.432984828948975,
      3.532247543334961,
      5.427044868469238,
      2.9486777782440186,
      5.654881477355957
    ],
    [
      4.954496383666992,
      3.287243127822876,
      5.8531622886657715,
      4.42230749130249,
      22.533283233642578,
      11.883590698242188,
      18.00933074951172,
      8.202651977539062,
      18.21283531188965,
      9.3246431350708,
      13.06740665435791,
      7.047670841217041,
      8.530997276306152,
      6.495051860809326,
      7.466098785400391,
      5.2278265953063965,
      6.394080638885498,
      6.622861862182617
    ],
    [
      5.249244213104248,
      4.693495273590088,
      4.7129364013671875,
      4.390600204467773,
      11.883590698242188,
      14.556256294250488,
      9.317305564880371,
      8.451858520507812,
      12.574601173400879,
      9.790833473205566,
      7.688638687133789,
      7.723808765411377,
      6.892287731170654,
      7.624932289123535,
      6.56627893447876,
      7.143929958343506,
      6.201980113983154,
      7.951106071472168
    ],
    [
      3.2402749061584473,
      3.0203962326049805,
      4.071326732635498,
      4.9676127433776855,
      18.00933074951172,
      9.317305564880371,
      31.195459365844727,
      11.295405387878418,
      24.670352935791016,
      11.275885581970215,
      13.376826286315918,
      8.093192100524902,
      6.882401466369629,
      7.3806867599487305,
      5.6001787185668945,
      6.8786797523498535,
      5.294054985046387,
      8.29067611694336
    ],
    [
      3.7498228549957275,
      4.191076278686523,
      3.6708648204803467,
      4.62402868270874,
      8.202651977539062,
      8.451858520507812,
      11.295405387878418,
      10.490848541259766,
      11.47127914428711,
      9.870903015136719,
      7.1647257804870605,
      8.0665283203125,
      5.730144500732422,
      7.831188201904297,
      4.52657413482666,
      7.564680576324463,
      4.560288429260254,
      8.015767097473145
    ],
    [
      4.631507873535156,
      6.0497870445251465,
      5.227837085723877,
      6.30404806137085,
      18.21283531188965,
      12.574601173400879,
      24.670352935791016,
      11.47127914428711,
      32.92900848388672,
      15.387656211853027,
      16.03791618347168,
      10.200526237487793,
      10.502556800842285,
      10.88645076751709,
      9.101020812988281,
      11.316428184509277,
      8.217071533203125,
      13.351862907409668
    ],
    [
      4.782954216003418,
      6.553287982940674,
      4.830465316772461,
      5.878700256347656,
      9.3246431350708,
      9.790833473205566,
      11.275885581970215,
      9.870903015136719,
      15.387656211853027,
      14.494729995727539,
      8.841937065124512,
      11.453484535217285,
      7.663292407989502,
      11.363203048706055,
      5.961371421813965,
      11.77737045288086,
      5.911877632141113,
      12.211048126220703
    ],
    [
      3.3693201541900635,
      3.3063206672668457,
      5.722356796264648,
      4.651267051696777,
      13.06740665435791,
      7.688638687133789,
      13.376826286315918,
      7.1647257804870605,
      16.03791618347168,
      8.841937065124512,
      20.283239364624023,
      9.504249572753906,
      12.403149604797363,
      9.157185554504395,
      8.871686935424805,
      7.826945781707764,
      6.106287956237793,
      8.56454849243164
    ],
    [
      3.6182024478912354,
      5.739394664764404,
      4.672417163848877,
      5.207820415496826,
      7.047670841217041,
      7.723808765411377,
      8.093192100524902,
      8.0665283203125,
      10.200526237487793,
      11.453484535217285,
      9.504249572753906,
      14.17746353149414,
      8.663586616516113,
      13.079812049865723,
      6.272251129150391,
      12.299285888671875,
      5.0436601638793945,
      11.06153678894043
    ],
    [
      3.3857319355010986,
      4.05439567565918,
      4.840110778808594,
      4.1978583335876465,
      8.530997276306152,
      6.892287731170654,
      6.882401466369629,
      5.730144500732422,
      10.502556800842285,
      7.663292407989502,
      12.403149604797363,
      8.663586616516113,
      15.520359992980957,
      10.266814231872559,
      11.456132888793945,
      8.885986328125,
      7.523801326751709,
      8.532353401184082
    ],
    [
      2.692131280899048,
      6.0830793380737305,
      4.10730504989624,
      5.432984828948975,
      6.495051860809326,
      7.624932289123535,
      7.3806867599487305,
      7.831188201904297,
      10.88645076751709,
      11.363203048706055,
      9.157185554504395,
      13.079812049865723,
      10.266814231872559,
      16.461650848388672,
      7.494876861572266,
      15.810528755187988,
      6.22652006149292,
      13.727595329284668
    ],
    [
      1.9304600954055786,
      3.144594669342041,
      3.1893084049224854,
      3.532247543334961,
      7.466098785400391,
      6.56627893447876,
      5.6001787185668945,
      4.52657413482666,
      9.101020812988281,
      5.961371421813965,
      8.871686935424805,
      6.272251129150391,
      11.456132888793945,
      7.494876861572266,
      19.066837310791016,
      9.13941478729248,
      13.848804473876953,
      9.589813232421875
    ],
    [
      1.2256468534469604,
      6.5614333152771,
      3.1587603092193604,
      5.427044868469238,
      5.2278265953063965,
      7.143929958343506,
      6.8786797523498535,
      7.564680576324463,
      11.316428184509277,
      11.77737045288086,
      7.826945781707764,
      12.299285888671875,
      8.885986328125,
      15.810528755187988,
      9.13941478729248,
      19.75912094116211,
      8.026803970336914,
      18.0789794921875
    ],
    [
      2.236574411392212,
      3.0548012256622314,
      2.7611072063446045,
      2.9486777782440186,
      6.394080638885498,
      6.201980113983154,
      5.294054985046387,
      4.560288429260254,
      8.217071533203125,
      5.911877632141113,
      6.106287956237793,
      5.0436601638793945,
      7.523801326751709,
      6.22652006149292,
      13.848804473876953,
      8.026803970336914,
      15.662318229675293,
      11.16440200805664
    ],
    [
      2.0889768600463867,
      7.814765453338623,
      3.388880491256714,
      5.654881477355957,
      6.622861862182617,
      7.951106071472168,
      8.29067611694336,
      8.015767097473145,
      13.351862907409668,
      12.211048126220703,
      8.56454849243164,
      11.06153678894043,
      8.532353401184082,
      13.727595329284668,
      9.589813232421875,
      18.0789794921875,
      11.16440200805664,
      22.169315338134766
    ]
  ],
  "covariance_short": [
    [
      23.449262619018555,
      9.661109924316406,
      7.063084125518799,
      3.3940303325653076,
      5.268744945526123,
      3.7621681690216064,
      4.290647506713867,
      3.9670913219451904,
      5.468141078948975,
      5.213197231292725,
      4.655198097229004,
      4.7855224609375,
      6.083546161651611,
      4.768698215484619,
      5.27959680557251,
      4.0197858810424805,
      7.1805100440979,
      6.70524787902832
    ],
    [
      9.661109924316406,
      41.16661834716797,
      4.563621520996094,
      6.416872024536133,
      4.933262348175049,
      5.609536170959473,
      5.853523254394531,
      6.170254230499268,
      10.160897254943848,
      9.206616401672363,
      6.215606689453125,
      8.590982437133789,
      8.18618392944336,
      10.317780494689941,
      7.945519924163818,
      11.313149452209473,
      10.380478858947754,
      14.07764720916748
    ],
    [
      7.063084125518799,
      4.563621520996094,
      12.023218154907227,
      4.835400104522705,
      6.30635929107666,
      4.700805187225342,
      4.294943332672119,
      4.444295406341553,
      5.7764105796813965,
      6.001271724700928,
      6.104259014129639,
      6.04827880859375,
      6.66355037689209,
      6.436037540435791,
      5.610073089599609,
      5.822719097137451,
      6.8393940925598145,
      7.364777088165283
    ],
    [
      3.3940303325653076,
      6.416872024536133,
      4.835400104522705,
      10.771388053894043,
      4.703209400177002,
      5.306086540222168,
      4.451805591583252,
      4.955888271331787,
      6.1612868309021,
      6.473874092102051,
      4.975377082824707,
      6.316896438598633,
      5.481985092163086,
      7.288687705993652,
      5.137855052947998,
      7.730432987213135,
      5.352459907531738,
      8.317241668701172
    ],
    [
      5.268744945526123,
      4.933262348175049,
      6.30635929107666,
      4.703209400177002,
      24.93809700012207,
      9.67995834350586,
      16.99596405029297,
      8.27094841003418,
      18.4982967376709,
      10.133315086364746,
      15.748663902282715,
      8.52981185913086,
      10.65306282043457,
      7.941061973571777,
      8.573267936706543,
      6.66526985168457,
      7.397909641265869,
      7.637411594390869
    ],
    [
      3.7621681690216064,
      5.609536170959473,
      4.700805187225342,
      5.306086540222168,
      9.67995834350586,
      15.123689651489258,
      8.67810344696045,
      8.437092781066895,
      11.94287109375,
      10.821086883544922,
      7.690831184387207,
      9.146513938903809,
      7.526420593261719,
      9.268345832824707,
      6.741587162017822,
      9.489694595336914,
      7.330907821655273,
      10.786660194396973
    ],
    [
      4.290647506713867,
      5.853523254394531,
      4.294943332672119,
      4.451805591583252,
      16.99596405029297,
      8.67810344696045,
      37.972713470458984,
      12.659400939941406,
      29.0323429107666,
      13.280902862548828,
      17.674392700195312,
      9.997045516967773,
      10.959367752075195,
      9.081910133361816,
      9.589468955993652,
      8.000466346740723,
      8.612139701843262,
      8.948871612548828
    ],
    [
      3.9670913219451904,
      6.170254230499268,
      4.444295406341553,
      4.955888271331787,
      8.27094841003418,
      8.437092781066895,
      12.659400939941406,
      14.139031410217285,
      12.959614753723145,
      11.524184226989746,
      8.685345649719238,
      9.887388229370117,
      7.953464984893799,
      10.035367012023926,
      7.247501373291016,
      10.040562629699707,
      8.302518844604492,
      11.212447166442871
    ],
    [
      5.468141078948975,
      10.160897254943848,
      5.7764105796813965,
      6.1612868309021,
      18.4982967376709,
      11.94287109375,
      29.0323429107666,
      12.959614753723145,
      39.895233154296875,
      17.98667335510254,
      20.87196159362793,
      12.588372230529785,
      15.484223365783691,
      13.167591094970703,
      13.839407920837402,
      13.52672290802002,
      13.438437461853027,
      16.335887908935547
    ],
    [
      5.213197231292725,
      9.206616401672363,
      6.001271724700928,
      6.473874092102051,
      10.133315086364746,
      10.821086883544922,
      13.280902862548828,
      11.524184226989746,
      17.98667335510254,
      18.81935691833496,
      11.30306339263916,
      14.255086898803711,
      11.436230659484863,
      15.169798851013184,
      10.205602645874023,
      16.284509658813477,
      12.053650856018066,
      18.104873657226562
    ],
    [
      4.655198097229004,
      6.215606689453125,
      6.104259014129639,
      4.975377082824707,
      15.748663902282715,
      7.690831184387207,
      17.674392700195312,
      8.685345649719238,
      20.87196159362793,
      11.30306339263916,
      28.112218856811523,
      13.241652488708496,
      18.73552894592285,
      13.19861125946045,
      15.313794136047363,
      12.158881187438965,
      13.169343948364258,
      13.295941352844238
    ],
    [
      4.7855224609375,
      8.590982437133789,
      6.04827880859375,
      6.316896438598633,
      8.52981185913086,
      9.146513938903809,
      9.997045516967773,
      9.887388229370117,
      12.588372230529785,
      14.255086898803711,
      13.241652488708496,
      19.322492599487305,
      14.048002243041992,
      19.20709991455078,
      11.748270034790039,
      19.28249740600586,
      12.642566680908203,
      19.00638198852539
    ],
    [
      6.083546161651611,
      8.18618392944336,
      6.66355037689209,
      5.481985092163086,
      10.65306282043457,
      7.526420593261719,
      10.959367752075195,
      7.953464984893799,
      15.484223365783691,
      11.436230659484863,
      18.73552894592285,
      14.048002243041992,
      27.515090942382812,
      19.338134765625,
      23.494407653808594,
      20.35820770263672,
      23.209190368652344,
      22.86065673828125
    ],
    [
      4.768698215484619,
      10.317780494689941,
      6.436037540435791,
      7.288687705993652,
      7.941061973571777,
      9.268345832824707,
      9.081910133361816,
      10.035367012023926,
      13.167591094970703,
      15.169798851013184,
      13.19861125946045,
      19.20709991455078,
      19.338134765625,
      27.922893524169922,
      17.46550750732422,
      28.98312759399414,
      20.200197219848633,
      29.856473922729492
    ],
    [
      5.27959680557251,
      7.945519924163818,
      5.610073089599609,
      5.137855052947998,
      8.573267936706543,
      6.741587162017822,
      9.589468955993652,
      7.247501373291016,
      13.839407920837402,
      10.205602645874023,
      15.313794136047363,
      11.748270034790039,
      23.494407653808594,
      17.46550750732422,
      36.50673294067383,
      23.554222106933594,
      36.25523376464844,
      29.554285049438477
    ],
    [
      4.0197858810424805,
      11.313149452209473,
      5.822719097137451,
      7.730432987213135,
      6.66526985168457,
      9.489694595336914,
      8.000466346740723,
      10.040562629699707,
      13.52672290802002,
      16.284509658813477,
      12.158881187438965,
      19.28249740600586,
      20.35820770263672,
      28.98312759399414,
      23.554222106933594,
      40.429622650146484,
      29.388593673706055,
      43.44395446777344
    ],
    [
      7.1805100440979,
      10.380478858947754,
      6.8393940925598145,
      5.352459907531738,
      7.397909641265869,
      7.330907821655273,
      8.612139701843262,
      8.302518844604492,
      13.438437461853027,
      12.053650856018066,
      13.169343948364258,
      12.642566680908203,
      23.209190368652344,
      20.200197219848633,
      36.25523376464844,
      29.388593673706055,
      53.253082275390625,
      45.98823928833008
    ],
    [
      6.70524787902832,
      14.07764720916748,
      7.364777088165283,
      8.317241668701172,
      7.637411594390869,
      10.786660194396973,
      8.948871612548828,
      11.212447166442871,
      16.335887908935547,
      18.104873657226562,
      13.295941352844238,
      19.00638198852539,
      22.86065673828125,
      29.856473922729492,
      29.554285049438477,
      43.44395446777344,
      45.98823928833008,
      62.633785247802734
    ]
  ],
  "damage": -2.4167330265045166,
  "diff_bandwidth": 567.720458984375,
  "dissonance": 7.82695028658098,
  "drr": 0.3779950439929962,
  "dynamics": 2.2443509101867676,
  "format": 1245190,
  "frames": 10222528,
  "loudness": -7.8095879554748535,
  "loudness_range": 4.968600273132324,
  "loudness_range_short": 6.65630578994751,
  "lowpass_true_peak_15khz": 0.7352598309516907,
  "mastering3_acoustic_entropies": [
    {
      "acoustic_entropy": 7.549539566040039,
      "acoustic_entropy_mono": 7.295609474182129,
      "band_eliminated_acoustic_entropies": [
        {
          "acoustic_entropy": 7.559421062469482,
          "acoustic_entropy_side": 7.549586772918701,
          "hz": 129.47220167065723
        },
        {
          "acoustic_entropy": 7.351647853851318,
          "acoustic_entropy_side": 7.562371253967285,
          "hz": 202.92927478742237
        },
        {
          "acoustic_entropy": 7.558189392089844,
          "acoustic_entropy_side": 7.588589668273926,
          "hz": 282.89161906338205
        },
        {
          "acoustic_entropy": 7.594878673553467,
          "acoustic_entropy_side": 7.493780136108398,
          "hz": 369.9353335868758
        },
        {
          "acoustic_entropy": 7.167304515838623,
          "acoustic_entropy_side": 7.358323097229004,
          "hz": 464.6875360973435
        },
        {
          "acoustic_entropy": 7.967202186584473,
          "acoustic_entropy_side": 7.6052703857421875,
          "hz": 567.8308811364784
        },
        {
          "acoustic_entropy": 7.362072467803955,
          "acoustic_entropy_side": 7.60223388671875,
          "hz": 680.1084783214808
        },
        {
          "acoustic_entropy": 6.869143962860107,
          "acoustic_entropy_side": 7.585310459136963,
          "hz": 802.3292461747484
        },
        {
          "acoustic_entropy": 7.2581000328063965,
          "acoustic_entropy_side": 7.561699867248535,
          "hz": 935.3737400823702
        },
        {
          "acoustic_entropy": 7.459921360015869,
          "acoustic_entropy_side": 7.5176496505737305,
          "hz": 1080.2004963696966
        },
        {
          "acoustic_entropy": 7.308588027954102,
          "acoustic_entropy_side": 7.522399425506592,
          "hz": 1237.8529382007157
        },
        {
          "acoustic_entropy": 7.7452497482299805,
          "acoustic_entropy_side": 7.557571887969971,
          "hz": 1409.4668930556702
        },
        {
          "acoustic_entropy": 7.437122344970703,
          "acoustic_entropy_side": 7.534245491027832,
          "hz": 1596.2787759475705
        },
        {
          "acoustic_entropy": 7.336121082305908,
          "acoustic_entropy_side": 7.536222457885742,
          "hz": 1799.6344973346393
        },
        {
          "acoustic_entropy": 7.4578423500061035,
          "acoustic_entropy_side": 7.536311149597168,
          "hz": 2020.9991599069049
        },
        {
          "acoustic_entropy": 7.1521830558776855,
          "acoustic_entropy_side": 7.542391777038574,
          "hz": 2261.9676141086993
        },
        {
          "acoustic_entropy": 7.583188056945801,
          "acoustic_entropy_side": 7.541204452514648,
          "hz": 2524.2759484456974
        },
        {
          "acoustic_entropy": 7.374970436096191,
          "acoustic_entropy_side": 7.554996013641357,
          "hz": 2809.813997359896
        },
        {
          "acoustic_entropy": 7.543769836425781,
          "acoustic_entropy_side": 7.544471263885498,
          "hz": 3120.6389567871424
        },
        {
          "acoustic_entropy": 7.792817115783691,
          "acoustic_entropy_side": 7.546713352203369,
          "hz": 3458.990205492291
        },
        {
          "acoustic_entropy": 7.609121322631836,
          "acoustic_entropy_side": 7.543689250946045,
          "hz": 3827.305438964164
        },
        {
          "acoustic_entropy": 7.546665668487549,
          "acoustic_entropy_side": 7.519105434417725,
          "hz": 4228.238232109126
        },
        {
          "acoustic_entropy": 7.531400203704834,
          "acoustic_entropy_side": 7.538704872131348,
          "hz": 4664.6771572759235
        },
        {
          "acoustic_entropy": 7.5993571281433105,
          "acoustic_entropy_side": 7.549261569976807,
          "hz": 5139.766595350093
        },
        {
          "acoustic_entropy": 7.564321517944336,
          "acoustic_entropy_side": 7.550662040710449,
          "hz": 5656.929389854203
        },
        {
          "acoustic_entropy": 7.535877704620361,
          "acoustic_entropy_side": 7.553714275360107,
          "hz": 6219.891507268283
        },
        {
          "acoustic_entropy": 7.47991418838501,
          "acoustic_entropy_side": 7.552205562591553,
          "hz": 6832.70888123896
        },
        {
          "acoustic_entropy": 7.476117134094238,
          "acoustic_entropy_side": 7.548111915588379,
          "hz": 7499.796634079867
        },
        {
          "acoustic_entropy": 7.521007061004639,
          "acoustic_entropy_side": 7.548515796661377,
          "hz": 8225.96088609342
        },
        {
          "acoustic_entropy": 7.523979187011719,
          "acoustic_entropy_side": 7.546077251434326,
          "hz": 9016.43338188839
        },
        {
          "acoustic_entropy": 7.484449863433838,
          "acoustic_entropy_side": 7.54641056060791,
          "hz": 9876.909183162974
        },
        {
          "acoustic_entropy": 7.478912353515625,
          "acoustic_entropy_side": 7.54821252822876,
          "hz": 10813.587699516042
        },
        {
          "acoustic_entropy": 7.537942886352539,
          "acoustic_entropy_side": 7.550349712371826,
          "hz": 11833.21735289826
        },
        {
          "acoustic_entropy": 7.614561080932617,
          "acoustic_entropy_side": 7.552323818206787,
          "hz": 12943.144197493959
        },
        {
          "acoustic_entropy": 7.632050514221191,
          "acoustic_entropy_side": 7.551912307739258,
          "hz": 14151.364845322005
        },
        {
          "acoustic_entropy": 7.500528812408447,
          "acoustic_entropy_side": 7.552081108093262,
          "hz": 15466.58407886509
        },
        {
          "acoustic_entropy": 7.571432113647461,
          "acoustic_entropy_side": 7.551904678344727,
          "hz": 16898.27756580493
        },
        {
          "acoustic_entropy": 7.559878826141357,
          "acoustic_entropy_side": 7.550367832183838,
          "hz": 18456.760127700032
        },
        {
          "acoustic_entropy": 7.553330421447754,
          "acoustic_entropy_side": 7.549304962158203,
          "hz": 20153.260054456492
        },
        {
          "acoustic_entropy": 7.54984188079834,
          "acoustic_entropy_side": 7.549472332000732,
          "hz": 22000.00000000001
        }
      ],
      "diff_acoustic_entropy": 4.678857326507568,
      "sn": 6
    },
    {
      "acoustic_entropy": 12.148284912109375,
      "acoustic_entropy_mono": 11.434425354003906,
      "band_eliminated_acoustic_entropies": [
        {
          "acoustic_entropy": 12.225691795349121,
          "acoustic_entropy_side": 12.14636516571045,
          "hz": 129.47220167065723
        },
        {
          "acoustic_entropy": 12.044584274291992,
          "acoustic_entropy_side": 12.006032943725586,
          "hz": 202.92927478742237
        },
        {
          "acoustic_entropy": 12.010608673095703,
          "acoustic_entropy_side": 12.059523582458496,
          "hz": 282.89161906338205
        },
        {
          "acoustic_entropy": 12.281407356262207,
          "acoustic_entropy_side": 12.191094398498535,
          "hz": 369.9353335868758
        },
        {
          "acoustic_entropy": 11.969408988952637,
          "acoustic_entropy_side": 12.014874458312988,
          "hz": 464.6875360973435
        },
        {
          "acoustic_entropy": 11.242254257202148,
          "acoustic_entropy_side": 11.675862312316895,
          "hz": 567.8308811364784
        },
        {
          "acoustic_entropy": 11.368176460266113,
          "acoustic_entropy_side": 12.508284568786621,
          "hz": 680.1084783214808
        },
        {
          "acoustic_entropy": 11.972025871276855,
          "acoustic_entropy_side": 12.206977844238281,
          "hz": 802.3292461747484
        },
        {
          "acoustic_entropy": 10.733430862426758,
          "acoustic_entropy_side": 11.916315078735352,
          "hz": 935.3737400823702
        },
        {
          "acoustic_entropy": 11.556967735290527,
          "acoustic_entropy_side": 11.846654891967773,
          "hz": 1080.2004963696966
        },
        {
          "acoustic_entropy": 12.030203819274902,
          "acoustic_entropy_side": 12.104293823242188,
          "hz": 1237.8529382007157
        },
        {
          "acoustic_entropy": 12.214323997497559,
          "acoustic_entropy_side": 12.064248085021973,
          "hz": 1409.4668930556702
        },
        {
          "acoustic_entropy": 11.415623664855957,
          "acoustic_entropy_side": 12.085046768188477,
          "hz": 1596.2787759475705
        },
        {
          "acoustic_entropy": 11.825072288513184,
          "acoustic_entropy_side": 12.115107536315918,
          "hz": 1799.6344973346393
        },
        {
          "acoustic_entropy": 11.848946571350098,
          "acoustic_entropy_side": 12.009498596191406,
          "hz": 2020.9991599069049
        },
        {
          "acoustic_entropy": 12.72156810760498,
          "acoustic_entropy_side": 12.002739906311035,
          "hz": 2261.9676141086993
        },
        {
          "acoustic_entropy": 11.555891036987305,
          "acoustic_entropy_side": 12.011075973510742,
          "hz": 2524.2759484456974
        },
        {
          "acoustic_entropy": 11.936847686767578,
          "acoustic_entropy_side": 12.055302619934082,
          "hz": 2809.813997359896
        },
        {
          "acoustic_entropy": 11.519179344177246,
          "acoustic_entropy_side": 12.093415260314941,
          "hz": 3120.6389567871424
        },
        {
          "acoustic_entropy": 11.875261306762695,
          "acoustic_entropy_side": 12.071733474731445,
          "hz": 3458.990205492291
        },
        {
          "acoustic_entropy": 11.818350791931152,
          "acoustic_entropy_side": 12.289512634277344,
          "hz": 3827.305438964164
        },
        {
          "acoustic_entropy": 11.997457504272461,
          "acoustic_entropy_side": 12.322074890136719,
          "hz": 4228.238232109126
        },
        {
          "acoustic_entropy": 12.115028381347656,
          "acoustic_entropy_side": 12.178826332092285,
          "hz": 4664.6771572759235
        },
        {
          "acoustic_entropy": 12.114952087402344,
          "acoustic_entropy_side": 12.341394424438477,
          "hz": 5139.766595350093
        },
        {
          "acoustic_entropy": 12.145224571228027,
          "acoustic_entropy_side": 12.29176139831543,
          "hz": 5656.929389854203
        },
        {
          "acoustic_entropy": 11.963541030883789,
          "acoustic_entropy_side": 12.302550315856934,
          "hz": 6219.891507268283
        },
        {
          "acoustic_entropy": 11.979374885559082,
          "acoustic_entropy_side": 12.288290977478027,
          "hz": 6832.70888123896
        },
        {
          "acoustic_entropy": 12.114089965820312,
          "acoustic_entropy_side": 12.235672950744629,
          "hz": 7499.796634079867
        },
        {
          "acoustic_entropy": 12.110978126525879,
          "acoustic_entropy_side": 12.208728790283203,
          "hz": 8225.96088609342
        },
        {
          "acoustic_entropy": 12.139763832092285,
          "acoustic_entropy_side": 12.132807731628418,
          "hz": 9016.43338188839
        },
        {
          "acoustic_entropy": 12.213067054748535,
          "acoustic_entropy_side": 12.100049018859863,
          "hz": 9876.909183162974
        },
        {
          "acoustic_entropy": 12.133934020996094,
          "acoustic_entropy_side": 12.080208778381348,
          "hz": 10813.587699516042
        },
        {
          "acoustic_entropy": 12.083452224731445,
          "acoustic_entropy_side": 12.059066772460938,
          "hz": 11833.21735289826
        },
        {
          "acoustic_entropy": 12.096148490905762,
          "acoustic_entropy_side": 12.06461238861084,
          "hz": 12943.144197493959
        },
        {
          "acoustic_entropy": 11.894159317016602,
          "acoustic_entropy_side": 12.075998306274414,
          "hz": 14151.364845322005
        },
        {
          "acoustic_entropy": 11.991792678833008,
          "acoustic_entropy_side": 12.113068580627441,
          "hz": 15466.58407886509
        },
        {
          "acoustic_entropy": 12.10922908782959,
          "acoustic_entropy_side": 12.131242752075195,
          "hz": 16898.27756580493
        },
        {
          "acoustic_entropy": 12.14409065246582,
          "acoustic_entropy_side": 12.119080543518066,
          "hz": 18456.760127700032
        },
        {
          "acoustic_entropy": 12.126848220825195,
          "acoustic_entropy_side": 12.133079528808594,
          "hz": 20153.260054456492
        },
        {
          "acoustic_entropy": 12.14884090423584,
          "acoustic_entropy_side": 12.147358894348145,
          "hz": 22000.00000000001
        }
      ],
      "diff_acoustic_entropy": 8.66299057006836,
      "sn": 12
    },
    {
      "acoustic_entropy": 15.77310848236084,
      "acoustic_entropy_mono": 15.437117576599121,
      "band_eliminated_acoustic_entropies": [
        {
          "acoustic_entropy": 15.918091773986816,
          "acoustic_entropy_side": 15.845964431762695,
          "hz": 129.47220167065723
        },
        {
          "acoustic_entropy": 16.36410140991211,
          "acoustic_entropy_side": 16.513240814208984,
          "hz": 202.92927478742237
        },
        {
          "acoustic_entropy": 15.432855606079102,
          "acoustic_entropy_side": 16.01700210571289,
          "hz": 282.89161906338205
        },
        {
          "acoustic_entropy": 15.540345191955566,
          "acoustic_entropy_side": 16.315662384033203,
          "hz": 369.9353335868758
        },
        {
          "acoustic_entropy": 16.921281814575195,
          "acoustic_entropy_side": 16.500831604003906,
          "hz": 464.6875360973435
        },
        {
          "acoustic_entropy": 16.30457878112793,
          "acoustic_entropy_side": 15.761917114257812,
          "hz": 567.8308811364784
        },
        {
          "acoustic_entropy": 15.688983917236328,
          "acoustic_entropy_side": 16.00093650817871,
          "hz": 680.1084783214808
        },
        {
          "acoustic_entropy": 15.425759315490723,
          "acoustic_entropy_side": 16.16115379333496,
          "hz": 802.3292461747484
        },
        {
          "acoustic_entropy": 15.001391410827637,
          "acoustic_entropy_side": 16.174161911010742,
          "hz": 935.3737400823702
        },
        {
          "acoustic_entropy": 15.633588790893555,
          "acoustic_entropy_side": 15.414036750793457,
          "hz": 1080.2004963696966
        },
        {
          "acoustic_entropy": 16.409282684326172,
          "acoustic_entropy_side": 15.988913536071777,
          "hz": 1237.8529382007157
        },
        {
          "acoustic_entropy": 16.249927520751953,
          "acoustic_entropy_side": 15.944350242614746,
          "hz": 1409.4668930556702
        },
        {
          "acoustic_entropy": 16.142929077148438,
          "acoustic_entropy_side": 15.787960052490234,
          "hz": 1596.2787759475705
        },
        {
          "acoustic_entropy": 15.747923851013184,
          "acoustic_entropy_side": 16.051284790039062,
          "hz": 1799.6344973346393
        },
        {
          "acoustic_entropy": 15.687978744506836,
          "acoustic_entropy_side": 15.680015563964844,
          "hz": 2020.9991599069049
        },
        {
          "acoustic_entropy": 15.852071762084961,
          "acoustic_entropy_side": 15.3671293258667,
          "hz": 2261.9676141086993
        },
        {
          "acoustic_entropy": 16.594959259033203,
          "acoustic_entropy_side": 15.784744262695312,
          "hz": 2524.2759484456974
        },
        {
          "acoustic_entropy": 16.190959930419922,
          "acoustic_entropy_side": 15.783241271972656,
          "hz": 2809.813997359896
        },
        {
          "acoustic_entropy": 15.447667121887207,
          "acoustic_entropy_side": 15.4152250289917,
          "hz": 3120.6389567871424
        },
        {
          "acoustic_entropy": 16.037263870239258,
