{
  "acoustic_entropy": 78.67143249511719,
  "bands": [
    {
      "high_freq": 148.1999969482422,
      "loudness": -67.78749084472656,
      "loudness_range": 25.19875717163086,
      "mid_mean": -63.419151306152344,
      "mid_to_side_loudness": -6.126163482666016,
      "mid_to_side_loudness_range": 19.54612159729004,
      "side_mean": -67.77458190917969
    },
    {
      "high_freq": 392.3793640136719,
      "loudness": -57.797340393066406,
      "loudness_range": 20.450603485107422,
      "low_freq": 148.1999969482422,
      "mid_mean": -56.17319107055664,
      "mid_to_side_loudness": -2.953456163406372,
      "mid_to_side_loudness_range": 8.440960884094238,
      "side_mean": -58.9412956237793
    },
    {
      "high_freq": 794.6976318359375,
      "loudness": -57.51082229614258,
      "loudness_range": 23.855457305908203,
      "low_freq": 392.3793640136719,
      "mid_mean": -56.314247131347656,
      "mid_to_side_loudness": -3.3187386989593506,
      "mid_to_side_loudness_range": 11.079986572265625,
      "side_mean": -59.3963623046875
    },
    {
      "high_freq": 1457.5709228515625,
      "loudness": -55.3709602355957,
      "loudness_range": 22.134899139404297,
      "low_freq": 794.6976318359375,
      "mid_mean": -53.97540283203125,
      "mid_to_side_loudness": -3.3311245441436768,
      "mid_to_side_loudness_range": 6.906172275543213,
      "side_mean": -57.059791564941406
    },
    {
      "high_freq": 2549.74365234375,
      "loudness": -49.828025817871094,
      "loudness_range": 18.080059051513672,
      "low_freq": 1457.5709228515625,
      "mid_mean": -48.28927230834961,
      "mid_to_side_loudness": -2.550034284591675,
      "mid_to_side_loudness_range": 3.6466622352600098,
      "side_mean": -51.577247619628906
    },
    {
      "high_freq": 4349.24462890625,
      "loudness": -41.148162841796875,
      "loudness_range": 21.39490509033203,
      "low_freq": 2549.74365234375,
      "mid_mean": -39.67051315307617,
      "mid_to_side_loudness": -1.94314444065094,
      "mid_to_side_loudness_range": 4.175988674163818,
      "side_mean": -41.775718688964844
    },
    {
      "high_freq": 7314.1640625,
      "loudness": -41.79227066040039,
      "loudness_range": 24.42531394958496,
      "low_freq": 4349.24462890625,
      "mid_mean": -40.205509185791016,
      "mid_to_side_loudness": -2.8462934494018555,
      "mid_to_side_loudness_range": 3.6540660858154297,
      "side_mean": -43.36616134643555
    },
    {
      "high_freq": 12199.2666015625,
      "loudness": -42.86640167236328,
      "loudness_range": 24.949575424194336,
      "low_freq": 7314.1640625,
      "mid_mean": -41.501991271972656,
      "mid_to_side_loudness": -2.2099688053131104,
      "mid_to_side_loudness_range": 2.7865829467773438,
      "side_mean": -44.4017333984375
    },
    {
      "loudness": -50.329681396484375,
      "loudness_range": 30.70556640625,
      "low_freq": 12199.2666015625,
      "mid_mean": -52.80996322631836,
      "mid_to_side_loudness": -2.00063157081604,
      "mid_to_side_loudness_range": 2.5972635746002197,
      "side_mean": -54.4461669921875
    }
  ],
  "bands_short": [
    {
      "high_freq": 148.1999969482422,
      "loudness": -74.3021011352539,
      "loudness_range": 16.942337036132812,
      "mid_mean": -67.42070007324219,
      "mid_to_side_loudness": -2.143612861633301,
      "mid_to_side_loudness_range": 9.763911247253418,
      "side_mean": -68.53264617919922
    },
    {
      "high_freq": 392.3793640136719,
      "loudness": -60.98593521118164,
      "loudness_range": 18.950153350830078,
      "low_freq": 148.1999969482422,
      "mid_mean": -59.204830169677734,
      "mid_to_side_loudness": -1.871315360069275,
      "mid_to_side_loudness_range": 4.958529472351074,
      "side_mean": -60.88034439086914
    },
    {
      "high_freq": 794.6976318359375,
      "loudness": -61.5748291015625,
      "loudness_range": 27.780914306640625,
      "low_freq": 392.3793640136719,
      "mid_mean": -59.93917465209961,
      "mid_to_side_loudness": -1.5560096502304077,
      "mid_to_side_loudness_range": 6.438726425170898,
      "side_mean": -61.218055725097656
    },
    {
      "high_freq": 1457.5709228515625,
      "loudness": -59.017730712890625,
      "loudness_range": 26.093982696533203,
      "low_freq": 794.6976318359375,
      "mid_mean": -57.2997932434082,
      "mid_to_side_loudness": -2.8548667430877686,
      "mid_to_side_loudness_range": 4.301749229431152,
      "side_mean": -59.73347854614258
    },
    {
      "high_freq": 2549.74365234375,
      "loudness": -52.12926483154297,
      "loudness_range": 21.5419921875,
      "low_freq": 1457.5709228515625,
      "mid_mean": -51.64788055419922,
      "mid_to_side_loudness": -1.4965779781341553,
      "mid_to_side_loudness_range": 5.342487335205078,
      "side_mean": -53.22184753417969
    },
    {
      "high_freq": 4349.24462890625,
      "loudness": -41.9582405090332,
      "loudness_range": 22.335111618041992,
      "low_freq": 2549.74365234375,
      "mid_mean": -40.59552764892578,
      "mid_to_side_loudness": -1.5836238861083984,
      "mid_to_side_loudness_range": 3.4364514350891113,
      "side_mean": -42.367210388183594
    },
    {
      "high_freq": 7314.1640625,
      "loudness": -43.86383056640625,
      "loudness_range": 26.024272918701172,
      "low_freq": 4349.24462890625,
      "mid_mean": -42.59134292602539,
      "mid_to_side_loudness": -2.56449818611145,
      "mid_to_side_loudness_range": 3.611100196838379,
      "side_mean": -45.2969856262207
    },
    {
      "high_freq": 12199.2666015625,
      "loudness": -44.619850158691406,
      "loudness_range": 27.875656127929688,
      "low_freq": 7314.1640625,
      "mid_mean": -43.44795608520508,
      "mid_to_side_loudness": -2.3590362071990967,
      "mid_to_side_loudness_range": 3.6007943153381348,
      "side_mean": -46.74700927734375
    },
    {
      "loudness": -58.545738220214844,
      "loudness_range": 40.35011672973633,
      "low_freq": 12199.2666015625,
      "mid_mean": -57.304874420166016,
      "mid_to_side_loudness": -2.334591865539551,
      "mid_to_side_loudness_range": 3.729722023010254,
      "side_mean": -59.08158493041992
    }
  ],
  "bandwidth": 2273.384521484375,
  "channels": 2,
  "covariance": [
    [
      53.91497039794922,
      6.992826461791992,
      50.545799255371094,
      28.2490291595459,
      55.224327087402344,
      27.145036697387695,
      54.157875061035156,
      36.90837860107422,
      22.383012771606445,
      20.90807342529297,
      14.262185096740723,
      8.536412239074707,
      17.92168426513672,
      12.53697681427002,
      5.4869384765625,
      3.611829996109009,
      7.314382076263428,
      5.2601118087768555
    ],
    [
      6.992826461791992,
      2.289278268814087,
      8.390703201293945,
      6.185375213623047,
      9.299452781677246,
      6.63810920715332,
      9.011689186096191,
      7.081472396850586,
      5.061740875244141,
      5.769813060760498,
      4.785469055175781,
      3.947150945663452,
      6.090949535369873,
      5.908331871032715,
      6.522589206695557,
      6.53520393371582,
      9.83055591583252,
      9.285453796386719
    ],
    [
      50.545799255371094,
      8.390703201293945,
      55.845664978027344,
      35.02025604248047,
      63.95316696166992,
      37.40347671508789,
      62.52483367919922,
      45.12929153442383,
      30.710386276245117,
      33.61350631713867,
      24.500879287719727,
      18.01026725769043,
      28.03093147277832,
      23.587936401367188,
      17.705480575561523,
      16.0948486328125,
      31.648738861083984,
      27.688556671142578
    ],
    [
      28.2490291595459,
      6.185375213623047,
      35.02025604248047,
      24.254722595214844,
      39.9687614440918,
      26.281789779663086,
      39.01354217529297,
      29.541696548461914,
      20.93397331237793,
      24.94207191467285,
      18.453920364379883,
      14.868903160095215,
      21.154645919799805,
      19.746097564697266,
      17.550310134887695,
      17.16139793395996,
      31.486248016357422,
      28.710325241088867
    ],
    [
      55.224327087402344,
      9.299452781677246,
      63.95316696166992,
      39.9687614440918,
      85.82441711425781,
      52.665889739990234,
      81.638671875,
      59.38528823852539,
      48.34421157836914,
      46.287353515625,
      44.08318328857422,
      32.468894958496094,
      46.95246505737305,
      39.078758239746094,
      31.808265686035156,
      27.325206756591797,
      51.737613677978516,
      43.73055648803711
    ],
    [
      27.145036697387695,
      6.63810920715332,
      37.40347671508789,
      26.281789779663086,
      52.665889739990234,
      37.26296615600586,
      49.66578674316406,
      38.33232498168945,
      33.75003433227539,
      34.38656234741211,
      34.296016693115234,
      27.34306526184082,
      36.942012786865234,
      33.60237503051758,
      31.82993507385254,
      29.550277709960938,
      51.52103805541992,
      45.728126525878906
    ],
    [
      54.157875061035156,
      9.011689186096191,
      62.52483367919922,
      39.01354217529297,
      81.638671875,
      49.66578674316406,
      79.5501937866211,
      57.95746612548828,
      45.488677978515625,
      45.86660385131836,
      39.84656524658203,
      29.254026412963867,
      42.47430419921875,
      35.010536193847656,
      26.73687744140625,
      22.61292839050293,
      48.35313034057617,
      40.871341705322266
    ],
    [
      36.90837860107422,
      7.081472396850586,
      45.12929153442383,
      29.541696548461914,
      59.38528823852539,
      38.33232498168945,
      57.95746612548828,
      43.624019622802734,
      35.083431243896484,
      36.553009033203125,
      31.913555145263672,
      24.563823699951172,
      34.07503128051758,
      29.464765548706055,
      23.847137451171875,
      21.085752487182617,
      43.0618896484375,
      37.32001876831055
    ],
    [
      22.383012771606445,
      5.061740875244141,
      30.710386276245117,
      20.93397331237793,
      48.34421157836914,
      33.75003433227539,
      45.488677978515625,
      35.083431243896484,
      39.555145263671875,
      31.775487899780273,
      37.179931640625,
      30.071773529052734,
      35.323238372802734,
      31.80579376220703,
      25.6234130859375,
      22.562671661376953,
      43.67190170288086,
      37.28266525268555
    ],
    [
      20.90807342529297,
      5.769813060760498,
      33.61350631713867,
      24.94207191467285,
      46.287353515625,
      34.38656234741211,
      45.86660385131836,
      36.553009033203125,
      31.775487899780273,
      39.55832290649414,
      30.34247398376465,
      25.4794921875,
      29.24639129638672,
      27.286874771118164,
      22.76409149169922,
      20.843673706054688,
      49.67274856567383,
      43.79351043701172
    ],
    [
      14.262185096740723,
      4.785469055175781,
      24.500879287719727,
      18.453920364379883,
      44.08318328857422,
      34.296016693115234,
      39.84656524658203,
      31.913555145263672,
      37.179931640625,
      30.34247398376465,
      45.112815856933594,
      37.16120147705078,
      43.471805572509766,
      41.29241180419922,
      36.84632873535156,
      34.43274688720703,
      55.416465759277344,
      48.674774169921875
    ],
    [
      8.536412239074707,
      3.947150945663452,
      18.01026725769043,
      14.868903160095215,
      32.468894958496094,
      27.34306526184082,
      29.254026412963867,
      24.563823699951172,
      30.071773529052734,
      25.4794921875,
      37.16120147705078,
      32.81647872924805,
      35.072265625,
      34.91275405883789,
      31.343400955200195,
      30.169736862182617,
      48.4532470703125,
      43.41402053833008
    ],
    [
      17.92168426513672,
      6.090949535369873,
      28.03093147277832,
      21.154645919799805,
      46.95246505737305,
      36.942012786865234,
      42.47430419921875,
      34.07503128051758,
      35.323238372802734,
      29.24639129638672,
      43.471805572509766,
      35.072265625,
      55.01406478881836,
      49.50359344482422,
      51.005611419677734,
      49.52161407470703,
      69.80661010742188,
      63.53863525390625
    ],
    [
      12.53697681427002,
      5.908331871032715,
      23.587936401367188,
      19.746097564697266,
      39.078758239746094,
      33.60237503051758,
      35.010536193847656,
      29.464765548706055,
      31.80579376220703,
      27.286874771118164,
      41.29241180419922,
      34.91275405883789,
      49.50359344482422,
      50.98146057128906,
      49.554622650146484,
      49.43505859375,
      72.23969268798828,
      67.21686553955078
    ],
    [
      5.4869384765625,
      6.522589206695557,
      17.705480575561523,
      17.550310134887695,
      31.808265686035156,
      31.82993507385254,
      26.73687744140625,
      23.847137451171875,
      25.6234130859375,
      22.76409149169922,
      36.84632873535156,
      31.343400955200195,
      51.005611419677734,
      49.554622650146484,
      70.8652114868164,
      69.26385498046875,
      88.59288787841797,
      84.09952545166016
    ],
    [
      3.611829996109009,
      6.53520393371582,
      16.0948486328125,
      17.16139793395996,
      27.325206756591797,
      29.550277709960938,
      22.61292839050293,
      21.085752487182617,
      22.562671661376953,
      20.843673706054688,
      34.43274688720703,
      30.169736862182617,
      49.52161407470703,
      49.43505859375,
      69.26385498046875,
      71.87297058105469,
      89.40492248535156,
      85.94120025634766
    ],
    [
      7.314382076263428,
      9.83055591583252,
      31.648738861083984,
      31.486248016357422,
      51.737613677978516,
      51.52103805541992,
      48.35313034057617,
      43.0618896484375,
      43.67190170288086,
      49.67274856567383,
      55.416465759277344,
      48.4532470703125,
      69.80661010742188,
      72.23969268798828,
      88.59288787841797,
      89.40492248535156,
      149.5084991455078,
      141.80323791503906
    ],
    [
      5.2601118087768555,
      9.285453796386719,
      27.688556671142578,
      28.710325241088867,
      43.73055648803711,
      45.728126525878906,
      40.871341705322266,
      37.32001876831055,
      37.28266525268555,
      43.79351043701172,
      48.674774169921875,
      43.41402053833008,
      63.53863525390625,
      67.21686553955078,
      84.09952545166016,
      85.94120025634766,
      141.80323791503906,
      135.9414825439453
    ]
  ],
  "covariance_short": [
    [
      14.65042781829834,
      3.1463937759399414,
      19.685619354248047,
      12.466700553894043,
      20.646011352539062,
      14.079395294189453,
      20.779891967773438,
      15.875409126281738,
      14.868209838867188,
      11.37171745300293,
      9.567758560180664,
      7.195900917053223,
      13.774922370910645,
      11.637921333312988,
      10.612079620361328,
      10.168230056762695,
      11.380520820617676,
      10.273792266845703
    ],
    [
      3.1463937759399414,
      2.47578763961792,
      4.674450874328613,
      3.9812493324279785,
      5.311575412750244,
      5.027126312255859,
      5.571330547332764,
      4.950833320617676,
      5.585630416870117,
      4.733987808227539,
      4.1403608322143555,
      3.6536190509796143,
      6.2988996505737305,
      6.065830230712891,
      7.447377681732178,
      7.826587200164795,
      8.763015747070312,
      8.16224193572998
    ],
    [
      19.685619354248047,
      4.674450874328613,
      41.85190963745117,
      30.793495178222656,
      42.875362396240234,
      32.62268829345703,
      44.42222213745117,
      36.009117126464844,
      38.81609344482422,
      31.20557975769043,
      25.777996063232422,
      21.07073974609375,
      36.02110290527344,
      31.542200088500977,
      29.296293258666992,
      29.52071762084961,
      37.13846969604492,
      33.202049255371094
    ],
    [
      12.466700553894043,
      3.9812493324279785,
      30.793495178222656,
      26.345956802368164,
      30.980667114257812,
      25.851991653442383,
      32.162513732910156,
      27.242624282836914,
      30.304473876953125,
      25.325469970703125,
      20.96977424621582,
      18.241323471069336,
      29.84271240234375,
      27.288414001464844,
      26.603134155273438,
      27.781747817993164,
      34.1591911315918,
      31.040164947509766
    ],
    [
      20.646011352539062,
      5.311575412750244,
      42.875362396240234,
      30.980667114257812,
      63.101871490478516,
      47.48394012451172,
      60.238765716552734,
      48.380821228027344,
      56.45283126831055,
      44.17845916748047,
      46.6060791015625,
      37.239437103271484,
      57.058013916015625,
      49.30313491821289,
      47.2620735168457,
      45.617919921875,
      63.16691970825195,
      55.36274719238281
    ],
    [
      14.079395294189453,
      5.027126312255859,
      32.62268829345703,
      25.851991653442383,
      47.48394012451172,
      40.663021087646484,
      45.953128814697266,
      39.37460708618164,
      45.67420959472656,
      37.35107421875,
      38.29096603393555,
      32.14005661010742,
      48.31519317626953,
      43.007904052734375,
      43.08900833129883,
      42.850547790527344,
      56.88423156738281,
      50.8218994140625
    ],
    [
      20.779891967773438,
      5.571330547332764,
      44.42222213745117,
      32.162513732910156,
      60.238765716552734,
      45.953128814697266,
      62.906097412109375,
      50.80216979980469,
      57.73665237426758,
      45.947486877441406,
      43.653526306152344,
      35.03106689453125,
      55.02388381958008,
      47.15955352783203,
      43.53652572631836,
      42.109188079833984,
      61.095726013183594,
      53.26883316040039
    ],
    [
      15.875409126281738,
      4.950833320617676,
      36.009117126464844,
      27.242624282836914,
      48.380821228027344,
      39.37460708618164,
      50.80216979980469,
      44.20576477050781,
      48.18848419189453,
      39.46681594848633,
      36.678287506103516,
      30.286182403564453,
      47.25321578979492,
      41.02570724487305,
      38.03324508666992,
      37.33481216430664,
      53.283939361572266,
      47.05809783935547
    ],
    [
      14.868209838867188,
      5.585630416870117,
      38.81609344482422,
      30.304473876953125,
      56.45283126831055,
      45.67420959472656,
      57.73665237426758,
      48.18848419189453,
      62.90396499633789,
      51.330650329589844,
      45.66036605834961,
      38.13222885131836,
      54.06631088256836,
      47.63882827758789,
      41.628334045410156,
      41.93071746826172,
      66.05221557617188,
      57.62159729003906
    ],
    [
      11.37171745300293,
      4.733987808227539,
      31.20557975769043,
      25.325469970703125,
      44.17845916748047,
      37.35107421875,
      45.947486877441406,
      39.46681594848633,
      51.330650329589844,
      44.59506607055664,
      36.1334114074707,
      31.311038970947266,
      43.28022384643555,
      38.941734313964844,
      33.81357192993164,
      34.99229431152344,
      54.87765884399414,
      48.43036651611328
    ],
    [
      9.567758560180664,
      4.1403608322143555,
      25.777996063232422,
      20.96977424621582,
      46.6060791015625,
      38.29096603393555,
      43.653526306152344,
      36.678287506103516,
      45.66036605834961,
      36.1334114074707,
      50.402915954589844,
      42.52765655517578,
      57.36586380004883,
      52.27936553955078,
      46.502777099609375,
      47.69303512573242,
      63.660179138183594,
      56.63050079345703
    ],
    [
      7.195900917053223,
      3.6536190509796143,
      21.07073974609375,
      18.241323471069336,
      37.239437103271484,
      32.14005661010742,
      35.03106689453125,
      30.286182403564453,
      38.13222885131836,
      31.311038970947266,
      42.52765655517578,
      38.44441604614258,
      48.670936584472656,
      45.4936408996582,
      39.75901794433594,
      41.87301254272461,
      54.661251068115234,
      49.285972595214844
    ],
    [
      13.774922370910645,
      6.2988996505737305,
      36.02110290527344,
      29.84271240234375,
      57.058013916015625,
      48.31519317626953,
      55.02388381958008,
      47.25321578979492,
      54.06631088256836,
      43.28022384643555,
      57.36586380004883,
      48.670936584472656,
      79.22795867919922,
      72.34485626220703,
      67.93489837646484,
      71.565185546875,
      87.65070343017578,
      79.56819915771484
    ],
    [
      11.637921333312988,
      6.065830230712891,
      31.542200088500977,
      27.288414001464844,
      49.30313491821289,
      43.007904052734375,
      47.15955352783203,
      41.02570724487305,
      47.63882827758789,
      38.941734313964844,
      52.27936553955078,
      45.4936408996582,
      72.34485626220703,
      69.05680847167969,
      64.16958618164062,
      68.88714599609375,
      82.81339263916016,
      76.2251968383789
    ],
    [
      10.612079620361328,
      7.447377681732178,
      29.296293258666992,
      26.603134155273438,
      47.2620735168457,
      43.08900833129883,
      43.53652572631836,
      38.03324508666992,
      41.628334045410156,
      33.81357192993164,
      46.502777099609375,
      39.75901794433594,
      67.93489837646484,
      64.16958618164062,
      91.39247131347656,
      87.71711730957031,
      98.40654754638672,
      91.18382263183594
    ],
    [
      10.168230056762695,
      7.826587200164795,
      29.52071762084961,
      27.781747817993164,
      45.617919921875,
      42.850547790527344,
      42.109188079833984,
      37.33481216430664,
      41.93071746826172,
      34.99229431152344,
      47.69303512573242,
      41.87301254272461,
      71.565185546875,
      68.88714599609375,
      87.71711730957031,
      95.43951416015625,
      98.5274658203125,
      92.02388000488281
    ],
    [
      11.380520820617676,
      8.763015747070312,
      37.13846969604492,
      34.1591911315918,
      63.16691970825195,
      56.88423156738281,
      61.095726013183594,
      53.283939361572266,
      66.05221557617188,
      54.87765884399414,
      63.660179138183594,
      54.661251068115234,
      87.65070343017578,
      82.81339263916016,
      98.40654754638672,
      98.5274658203125,
      139.28724670410156,
      128.4947967529297
    ],
    [
      10.273792266845703,
      8.16224193572998,
      33.202049255371094,
      31.040164947509766,
      55.36274719238281,
      50.8218994140625,
      53.26883316040039,
      47.05809783935547,
      57.62159729003906,
      48.43036651611328,
      56.63050079345703,
      49.285972595214844,
      79.56819915771484,
      76.2251968383789,
      91.18382263183594,
      92.02388000488281,
      128.4947967529297,
      120.30718231201172
    ]
  ],
  "damage": -21.699731826782227,
  "diff_bandwidth": 2270.964599609375,
  "dissonance": 15.722634415993912,
  "drr": 7.267017364501953,
  "dynamics": 6.024296283721924,
  "format": 1245190,
  "frames": 2823104,
  "loudness": -31.636930465698242,
  "loudness_range": 22.215717315673828,
  "loudness_range_short": 23.423860549926758,
  "lowpass_true_peak_15khz": -3.236269235610962,
  "mastering3_acoustic_entropies": [
    {
      "acoustic_entropy": 5.319398880004883,
      "acoustic_entropy_mono": 4.754975318908691,
      "band_eliminated_acoustic_entropies": [
        {
          "acoustic_entropy": 5.3194050788879395,
          "acoustic_entropy_side": 5.319398880004883,
          "hz": 129.47220167065723
        },
        {
          "acoustic_entropy": 5.320871353149414,
          "acoustic_entropy_side": 5.319400310516357,
          "hz": 202.92927478742237
        },
        {
          "acoustic_entropy": 5.324360370635986,
          "acoustic_entropy_side": 5.319431304931641,
          "hz": 282.89161906338205
        },
        {
          "acoustic_entropy": 5.319760322570801,
          "acoustic_entropy_side": 5.319532871246338,
          "hz": 369.9353335868758
        },
        {
          "acoustic_entropy": 5.32109260559082,
          "acoustic_entropy_side": 5.319450378417969,
          "hz": 464.6875360973435
        },
        {
          "acoustic_entropy": 5.338903903961182,
          "acoustic_entropy_side": 5.320423603057861,
          "hz": 567.8308811364784
        },
        {
          "acoustic_entropy": 5.339688777923584,
          "acoustic_entropy_side": 5.322386741638184,
          "hz": 680.1084783214808
        },
        {
          "acoustic_entropy": 5.3384199142456055,
          "acoustic_entropy_side": 5.322708606719971,
          "hz": 802.3292461747484
        },
        {
          "acoustic_entropy": 5.331586837768555,
          "acoustic_entropy_side": 5.321259498596191,
          "hz": 935.3737400823702
        },
        {
          "acoustic_entropy": 5.332951545715332,
          "acoustic_entropy_side": 5.321450233459473,
          "hz": 1080.2004963696966
        },
        {
          "acoustic_entropy": 5.322869300842285,
          "acoustic_entropy_side": 5.324527740478516,
          "hz": 1237.8529382007157
        },
        {
          "acoustic_entropy": 5.205495357513428,
          "acoustic_entropy_side": 5.324780464172363,
          "hz": 1409.4668930556702
        },
        {
          "acoustic_entropy": 5.339687347412109,
          "acoustic_entropy_side": 5.322355270385742,
          "hz": 1596.2787759475705
        },
        {
          "acoustic_entropy": 5.341184616088867,
          "acoustic_entropy_side": 5.323925495147705,
          "hz": 1799.6344973346393
        },
        {
          "acoustic_entropy": 5.340628147125244,
          "acoustic_entropy_side": 5.325531959533691,
          "hz": 2020.9991599069049
        },
        {
          "acoustic_entropy": 5.3408684730529785,
          "acoustic_entropy_side": 5.322452068328857,
          "hz": 2261.9676141086993
        },
        {
          "acoustic_entropy": 5.344715118408203,
          "acoustic_entropy_side": 5.322658061981201,
          "hz": 2524.2759484456974
        },
        {
          "acoustic_entropy": 5.331845760345459,
          "acoustic_entropy_side": 5.315206527709961,
          "hz": 2809.813997359896
        },
        {
          "acoustic_entropy": 5.313786029815674,
          "acoustic_entropy_side": 5.299091815948486,
          "hz": 3120.6389567871424
        },
        {
          "acoustic_entropy": 5.306025981903076,
          "acoustic_entropy_side": 5.307702541351318,
          "hz": 3458.990205492291
        },
        {
          "acoustic_entropy": 5.176041603088379,
          "acoustic_entropy_side": 5.297173023223877,
          "hz": 3827.305438964164
        },
        {
          "acoustic_entropy": 5.341149806976318,
          "acoustic_entropy_side": 5.328779697418213,
          "hz": 4228.238232109126
        },
        {
          "acoustic_entropy": 5.351235866546631,
          "acoustic_entropy_side": 5.317860126495361,
          "hz": 4664.6771572759235
        },
        {
          "acoustic_entropy": 5.395371913909912,
          "acoustic_entropy_side": 5.334470748901367,
          "hz": 5139.766595350093
        },
        {
          "acoustic_entropy": 5.2802276611328125,
          "acoustic_entropy_side": 5.302823543548584,
          "hz": 5656.929389854203
        },
        {
          "acoustic_entropy": 5.388270854949951,
          "acoustic_entropy_side": 5.309520244598389,
          "hz": 6219.891507268283
        },
        {
          "acoustic_entropy": 5.323944568634033,
          "acoustic_entropy_side": 5.31040620803833,
          "hz": 6832.70888123896
        },
        {
          "acoustic_entropy": 5.217107772827148,
          "acoustic_entropy_side": 5.268460273742676,
          "hz": 7499.796634079867
        },
        {
          "acoustic_entropy": 5.231598377227783,
          "acoustic_entropy_side": 5.268320560455322,
          "hz": 8225.96088609342
        },
        {
          "acoustic_entropy": 5.167079448699951,
          "acoustic_entropy_side": 5.254621982574463,
          "hz": 9016.43338188839
        },
        {
          "acoustic_entropy": 5.133217811584473,
          "acoustic_entropy_side": 5.252630710601807,
          "hz": 9876.909183162974
        },
        {
          "acoustic_entropy": 5.113012790679932,
          "acoustic_entropy_side": 5.246830940246582,
          "hz": 10813.587699516042
        },
        {
          "acoustic_entropy": 5.212546348571777,
          "acoustic_entropy_side": 5.288987636566162,
          "hz": 11833.21735289826
        },
        {
          "acoustic_entropy": 5.2579522132873535,
          "acoustic_entropy_side": 5.302917957305908,
          "hz": 12943.144197493959
        },
        {
          "acoustic_entropy": 5.33556604385376,
          "acoustic_entropy_side": 5.321157455444336,
          "hz": 14151.364845322005
        },
        {
          "acoustic_entropy": 5.291409015655518,
          "acoustic_entropy_side": 5.304660320281982,
          "hz": 15466.58407886509
        },
        {
          "acoustic_entropy": 5.183648109436035,
          "acoustic_entropy_side": 5.261350631713867,
          "hz": 16898.27756580493
        },
        {
          "acoustic_entropy": 5.146681785583496,
          "acoustic_entropy_side": 5.2448248863220215,
          "hz": 18456.760127700032
        },
        {
          "acoustic_entropy": 5.143942832946777,
          "acoustic_entropy_side": 5.319002151489258,
          "hz": 20153.260054456492
        },
        {
          "acoustic_entropy": 5.35281229019165,
          "acoustic_entropy_side": 5.340731143951416,
          "hz": 22000.00000000001
        }
      ],
      "diff_acoustic_entropy": 5.288915634155273,
      "sn": 6
    },
    {
      "acoustic_entropy": 7.768313407897949,
      "acoustic_entropy_mono": 7.358761310577393,
      "band_eliminated_acoustic_entropies": [
        {
          "acoustic_entropy": 7.76832914352417,
          "acoustic_entropy_side": 7.768313407897949,
          "hz": 129.47220167065723
        },
        {
          "acoustic_entropy": 7.772335529327393,
          "acoustic_entropy_side": 7.768317699432373,
          "hz": 202.92927478742237
        },
        {
          "acoustic_entropy": 7.77734375,
          "acoustic_entropy_side": 7.76844596862793,
          "hz": 282.89161906338205
        },
        {
          "acoustic_entropy": 7.769593715667725,
          "acoustic_entropy_side": 7.768592357635498,
          "hz": 369.9353335868758
        },
        {
          "acoustic_entropy": 7.77282190322876,
          "acoustic_entropy_side": 7.769703388214111,
          "hz": 464.6875360973435
        },
        {
          "acoustic_entropy": 7.775716304779053,
          "acoustic_entropy_side": 7.772526741027832,
          "hz": 567.8308811364784
        },
        {
          "acoustic_entropy": 7.806413173675537,
          "acoustic_entropy_side": 7.785162448883057,
          "hz": 680.1084783214808
        },
        {
          "acoustic_entropy": 7.807136535644531,
          "acoustic_entropy_side": 7.784887313842773,
          "hz": 802.3292461747484
        },
        {
          "acoustic_entropy": 7.803140163421631,
          "acoustic_entropy_side": 7.778459548950195,
          "hz": 935.3737400823702
        },
        {
          "acoustic_entropy": 7.799407005310059,
          "acoustic_entropy_side": 7.7758026123046875,
          "hz": 1080.2004963696966
        },
        {
          "acoustic_entropy": 7.7317214012146,
          "acoustic_entropy_side": 7.775297164916992,
          "hz": 1237.8529382007157
        },
        {
          "acoustic_entropy": 7.6255269050598145,
          "acoustic_entropy_side": 7.77329683303833,
          "hz": 1409.4668930556702
        },
        {
          "acoustic_entropy": 7.783877372741699,
          "acoustic_entropy_side": 7.771881580352783,
          "hz": 1596.2787759475705
        },
        {
          "acoustic_entropy": 7.79268217086792,
          "acoustic_entropy_side": 7.776496410369873,
          "hz": 1799.6344973346393
        },
        {
          "acoustic_entropy": 7.776937961578369,
          "acoustic_entropy_side": 7.7680206298828125,
          "hz": 2020.9991599069049
        },
        {
          "acoustic_entropy": 7.763867378234863,
          "acoustic_entropy_side": 7.762565612792969,
          "hz": 2261.9676141086993
        },
        {
          "acoustic_entropy": 7.751845836639404,
          "acoustic_entropy_side": 7.752051830291748,
          "hz": 2524.2759484456974
        },
        {
          "acoustic_entropy": 7.775005340576172,
          "acoustic_entropy_side": 7.781830310821533,
          "hz": 2809.813997359896
        },
        {
          "acoustic_entropy": 7.774744987487793,
          "acoustic_entropy_side": 7.776733875274658,
          "hz": 3120.6389567871424
        },
        {
          "acoustic_entropy": 7.78298807144165,
          "acoustic_entropy_side": 7.7876105308532715,
          "hz": 3458.990205492291
        },
        {
          "acoustic_entropy": 7.655338764190674,
          "acoustic_entropy_side": 7.707762718200684,
          "hz": 3827.305438964164
        },
        {
          "acoustic_entropy": 7.784426212310791,
          "acoustic_entropy_side": 7.787659645080566,
          "hz": 4228.238232109126
        },
        {
          "acoustic_entropy": 7.808548927307129,
          "acoustic_entropy_side": 7.811248302459717,
          "hz": 4664.6771572759235
        },
        {
          "acoustic_entropy": 7.782403945922852,
          "acoustic_entropy_side": 7.766308307647705,
          "hz": 5139.766595350093
        },
        {
          "acoustic_entropy": 7.757529258728027,
          "acoustic_entropy_side": 7.771463871002197,
          "hz": 5656.929389854203
        },
        {
          "acoustic_entropy": 7.7798027992248535,
          "acoustic_entropy_side": 7.762370586395264,
          "hz": 6219.891507268283
        },
        {
          "acoustic_entropy": 7.768504619598389,
          "acoustic_entropy_side": 7.768954753875732,
          "hz": 6832.70888123896
        },
        {
          "acoustic_entropy": 7.608292102813721,
          "acoustic_entropy_side": 7.708951473236084,
          "hz": 7499.796634079867
        },
        {
          "acoustic_entropy": 7.618851661682129,
          "acoustic_entropy_side": 7.691998481750488,
          "hz": 8225.96088609342
        },
        {
          "acoustic_entropy": 7.608205795288086,
          "acoustic_entropy_side": 7.70559024810791,
          "hz": 9016.43338188839
        },
        {
          "acoustic_entropy": 7.697293281555176,
          "acoustic_entropy_side": 7.737890720367432,
          "hz": 9876.909183162974
        },
        {
          "acoustic_entropy": 7.689459323883057,
          "acoustic_entropy_side": 7.742085933685303,
          "hz": 10813.587699516042
        },
        {
          "acoustic_entropy": 7.7167792320251465,
          "acoustic_entropy_side": 7.748747825622559,
          "hz": 11833.21735289826
        },
        {
          "acoustic_entropy": 7.521031856536865,
          "acoustic_entropy_side": 7.738753318786621,
          "hz": 12943.144197493959
        },
        {
          "acoustic_entropy": 7.7707061767578125,
          "acoustic_entropy_side": 7.770190238952637,
          "hz": 14151.364845322005
        },
        {
          "acoustic_entropy": 7.7884626388549805,
          "acoustic_entropy_side": 7.774315357208252,
          "hz": 15466.58407886509
        },
        {
          "acoustic_entropy": 7.718123435974121,
          "acoustic_entropy_side": 7.741701602935791,
          "hz": 16898.27756580493
        },
        {
          "acoustic_entropy": 7.703880786895752,
          "acoustic_entropy_side": 7.73842716217041,
          "hz": 18456.760127700032
        },
        {
          "acoustic_entropy": 7.800745487213135,
          "acoustic_entropy_side": 7.788410663604736,
          "hz": 20153.260054456492
        },
        {
          "acoustic_entropy": 7.785118103027344,
          "acoustic_entropy_side": 7.777515411376953,
          "hz": 22000.00000000001
        }
      ],
      "diff_acoustic_entropy": 7.992311000823975,
      "sn": 12
    },
    {
      "acoustic_entropy": 10.623376846313477,
      "acoustic_entropy_mono": 10.382538795471191,
      "band_eliminated_acoustic_entropies": [
        {
          "acoustic_entropy": 10.623586654663086,
          "acoustic_entropy_side": 10.62341594696045,
          "hz": 129.47220167065723
        },
        {
          "acoustic_entropy": 10.639371871948242,
          "acoustic_entropy_side": 10.623566627502441,
          "hz": 202.92927478742237
        },
        {
          "acoustic_entropy": 10.621382713317871,
          "acoustic_entropy_side": 10.626235961914062,
          "hz": 282.89161906338205
        },
        {
          "acoustic_entropy": 10.585294723510742,
          "acoustic_entropy_side": 10.614547729492188,
          "hz": 369.9353335868758
        },
        {
          "acoustic_entropy": 10.626511573791504,
          "acoustic_entropy_side": 10.629977226257324,
          "hz": 464.6875360973435
        },
        {
          "acoustic_entropy": 10.5883207321167,
          "acoustic_entropy_side": 10.62966251373291,
          "hz": 567.8308811364784
        },
        {
          "acoustic_entropy": 10.60123062133789,
          "acoustic_entropy_side": 10.624510765075684,
          "hz": 680.1084783214808
        },
        {
          "acoustic_entropy": 10.654620170593262,
          "acoustic_entropy_side": 10.632139205932617,
          "hz": 802.3292461747484
        },
        {
          "acoustic_entropy": 10.641217231750488,
          "acoustic_entropy_side": 10.626283645629883,
          "hz": 935.3737400823702
        },
        {
          "acoustic_entropy": 10.617837905883789,
          "acoustic_entropy_side": 10.622895240783691,
          "hz": 1080.2004963696966
        },
        {
          "acoustic_entropy": 10.581855773925781,
          "acoustic_entropy_side": 10.613280296325684,
          "hz": 1237.8529382007157
        },
        {
          "acoustic_entropy": 10.529186248779297,
          "acoustic_entropy_side": 10.616814613342285,
          "hz": 1409.4668930556702
        },
        {
          "acoustic_entropy": 10.681520462036133,
          "acoustic_entropy_side": 10.635281562805176,
          "hz": 1596.2787759475705
        },
        {
          "acoustic_entropy": 10.660014152526855,
          "acoustic_entropy_side": 10.630169868469238,
          "hz": 1799.6344973346393
        },
        {
          "acoustic_entropy": 10.637960433959961,
          "acoustic_entropy_side": 10.626505851745605,
          "hz": 2020.9991599069049
        },
        {
          "acoustic_entropy": 10.721185684204102,
          "acoustic_entropy_side": 10.668293952941895,
          "hz": 2261.9676141086993
        },
        {
          "acoustic_entropy": 10.566057205200195,
          "acoustic_entropy_side": 10.615584373474121,
          "hz": 2524.2759484456974
        },
        {
          "acoustic_entropy": 10.745752334594727,
          "acoustic_entropy_side": 10.68559741973877,
          "hz": 2809.813997359896
        },
        {
          "acoustic_entropy": 10.797080039978027,
          "acoustic_entropy_side": 10.695225715637207,
          "hz": 3120.6389567871424
        },
        {
          "acoustic_entropy": 10.677352905273438,
          "acoustic_entropy_side": 10.662273406982422,
          "hz": 3458.990205492291
        },
