{
  "acoustic_entropy": 139.7139892578125,
  "bands": [
    {
      "high_freq": 148.1999969482422,
      "loudness": -51.815757751464844,
      "loudness_range": 36.200439453125,
      "mid_mean": -48.79503631591797,
      "mid_to_side_loudness": -6.528359413146973,
      "mid_to_side_loudness_range": 6.805893898010254,
      "side_mean": -54.45465087890625
    },
    {
      "high_freq": 392.3793640136719,
      "loudness": -39.89100646972656,
      "loudness_range": 26.148263931274414,
      "low_freq": 148.1999969482422,
      "mid_mean": -38.01812744140625,
      "mid_to_side_loudness": -4.131457328796387,
      "mid_to_side_loudness_range": 8.234745979309082,
      "side_mean": -42.3475227355957
    },
    {
      "high_freq": 794.6976318359375,
      "loudness": -42.76046371459961,
      "loudness_range": 29.51495933532715,
      "low_freq": 392.3793640136719,
      "mid_mean": -41.21635437011719,
      "mid_to_side_loudness": -3.3596243858337402,
      "mid_to_side_loudness_range": 5.784133434295654,
      "side_mean": -44.64738464355469
    },
    {
      "high_freq": 1457.5709228515625,
      "loudness": -47.73918151855469,
      "loudness_range": 33.84898376464844,
      "low_freq": 794.6976318359375,
      "mid_mean": -48.150630950927734,
      "mid_to_side_loudness": -1.9631456136703491,
      "mid_to_side_loudness_range": 6.3700456619262695,
      "side_mean": -50.52265930175781
    },
    {
      "high_freq": 2549.74365234375,
      "loudness": -54.34376525878906,
      "loudness_range": 32.92159652709961,
      "low_freq": 1457.5709228515625,
      "mid_mean": -53.90104675292969,
      "mid_to_side_loudness": -3.193098306655884,
      "mid_to_side_loudness_range": 4.899585247039795,
      "side_mean": -56.40189743041992
    },
    {
      "high_freq": 4349.24462890625,
      "loudness": -57.49238586425781,
      "loudness_range": 32.41753387451172,
      "low_freq": 2549.74365234375,
      "mid_mean": -57.64064407348633,
      "mid_to_side_loudness": -2.518261432647705,
      "mid_to_side_loudness_range": 4.576728820800781,
      "side_mean": -59.36490249633789
    },
    {
      "high_freq": 7314.1640625,
      "loudness": -62.64577865600586,
      "loudness_range": 30.031166076660156,
      "low_freq": 4349.24462890625,
      "mid_mean": -63.26156234741211,
      "mid_to_side_loudness": -2.571836233139038,
      "mid_to_side_loudness_range": 3.7017781734466553,
      "side_mean": -64.47718048095703
    },
    {
      "high_freq": 12199.2666015625,
      "loudness": -65.93680572509766,
      "loudness_range": 30.973445892333984,
      "low_freq": 7314.1640625,
      "mid_mean": -66.20684814453125,
      "mid_to_side_loudness": -1.924933671951294,
      "mid_to_side_loudness_range": 2.6053736209869385,
      "side_mean": -66.86345672607422
    },
    {
      "loudness": -66.64656829833984,
      "loudness_range": 31.650562286376953,
      "low_freq": 12199.2666015625,
      "mid_mean": -67.54074096679688,
      "mid_to_side_loudness": -2.0049076080322266,
      "mid_to_side_loudness_range": 2.92865252494812,
      "side_mean": -67.95121002197266
    }
  ],
  "bands_short": [
    {
      "high_freq": 148.1999969482422,
      "loudness": -56.04572296142578,
      "loudness_range": 34.27842712402344,
      "mid_mean": -52.885597229003906,
      "mid_to_side_loudness": -7.552201747894287,
      "mid_to_side_loudness_range": 12.902383804321289,
      "side_mean": -59.071197509765625
    },
    {
      "high_freq": 392.3793640136719,
      "loudness": -40.86885452270508,
      "loudness_range": 28.432861328125,
      "low_freq": 148.1999969482422,
      "mid_mean": -39.36347198486328,
      "mid_to_side_loudness": -3.9025168418884277,
      "mid_to_side_loudness_range": 12.19487190246582,
      "side_mean": -43.541343688964844
    },
    {
      "high_freq": 794.6976318359375,
      "loudness": -43.864906311035156,
      "loudness_range": 31.47548484802246,
      "low_freq": 392.3793640136719,
      "mid_mean": -42.69627380371094,
      "mid_to_side_loudness": -3.105116367340088,
      "mid_to_side_loudness_range": 10.096748352050781,
      "side_mean": -46.14051818847656
    },
    {
      "high_freq": 1457.5709228515625,
      "loudness": -48.9963493347168,
      "loudness_range": 33.97993469238281,
      "low_freq": 794.6976318359375,
      "mid_mean": -50.788352966308594,
      "mid_to_side_loudness": -1.9597771167755127,
      "mid_to_side_loudness_range": 9.124018669128418,
      "side_mean": -52.37287521362305
    },
    {
      "high_freq": 2549.74365234375,
      "loudness": -55.33251953125,
      "loudness_range": 32.83375549316406,
      "low_freq": 1457.5709228515625,
      "mid_mean": -56.1209716796875,
      "mid_to_side_loudness": -2.3834726810455322,
      "mid_to_side_loudness_range": 7.1978559494018555,
      "side_mean": -57.912445068359375
    },
    {
      "high_freq": 4349.24462890625,
      "loudness": -58.86603927612305,
      "loudness_range": 32.17685317993164,
      "low_freq": 2549.74365234375,
      "mid_mean": -59.84614562988281,
      "mid_to_side_loudness": -2.0463497638702393,
      "mid_to_side_loudness_range": 5.638866901397705,
      "side_mean": -61.14202117919922
    },
    {
      "high_freq": 7314.1640625,
      "loudness": -65.22589874267578,
      "loudness_range": 29.31835174560547,
      "low_freq": 4349.24462890625,
      "mid_mean": -65.0030746459961,
      "mid_to_side_loudness": -2.0487730503082275,
      "mid_to_side_loudness_range": 4.4883012771606445,
      "side_mean": -65.84109497070312
    },
    {
      "high_freq": 12199.2666015625,
      "loudness": -69.25438690185547,
      "loudness_range": 27.97915267944336,
      "low_freq": 7314.1640625,
      "mid_mean": -67.7467269897461,
      "mid_to_side_loudness": -1.5789004564285278,
      "mid_to_side_loudness_range": 3.3076534271240234,
      "side_mean": -68.12578582763672
    },
    {
      "loudness": -70.661865234375,
      "loudness_range": 28.358116149902344,
      "low_freq": 12199.2666015625,
      "mid_mean": -68.90933990478516,
      "mid_to_side_loudness": -1.9489766359329224,
      "mid_to_side_loudness_range": 4.341344356536865,
      "side_mean": -69.10340118408203
    }
  ],
  "bandwidth": 524.5834350585938,
  "channels": 2,
  "covariance": [
    [
      138.47964477539062,
      130.72299194335938,
      75.31703186035156,
      71.91547393798828,
      86.16021728515625,
      84.68026733398438,
      96.94572448730469,
      104.42652893066406,
      89.95918273925781,
      82.35557556152344,
      77.44205474853516,
      69.18588256835938,
      51.16791915893555,
      41.03237533569336,
      31.02187728881836,
      24.564067840576172,
      20.932893753051758,
      16.249649047851562
    ],
    [
      130.72299194335938,
      127.3188247680664,
      72.07002258300781,
      68.70341491699219,
      82.06488800048828,
      80.51444244384766,
      92.5112533569336,
      99.54132080078125,
      86.09901428222656,
      79.03470611572266,
      74.2123794555664,
      66.37557220458984,
      49.37466812133789,
      39.58461380004883,
      29.975927352905273,
      23.66864585876465,
      20.282432556152344,
      15.717144012451172
    ],
    [
      75.31703186035156,
      72.07002258300781,
      87.04734802246094,
      77.06380462646484,
      77.63937377929688,
      74.69840240478516,
      88.81095123291016,
      89.91419982910156,
      81.69880676269531,
      75.41738891601562,
      74.88636779785156,
      67.14814758300781,
      51.67920684814453,
      42.53689193725586,
      32.42775344848633,
      26.576366424560547,
      22.503318786621094,
      18.241363525390625
    ],
    [
      71.91547393798828,
      68.70341491699219,
      77.06380462646484,
      82.74149322509766,
      75.36465454101562,
      74.50425720214844,
      86.58729553222656,
      87.8471908569336,
      79.78652954101562,
      73.8669204711914,
      71.79961395263672,
      64.7835922241211,
      49.412071228027344,
      40.88884735107422,
      30.997777938842773,
      25.562545776367188,
      21.3486328125,
      17.483213424682617
    ],
    [
      86.16021728515625,
      82.06488800048828,
      77.63937377929688,
      75.36465454101562,
      110.47807312011719,
      106.52543640136719,
      114.94245910644531,
      116.31745147705078,
      103.19766998291016,
      95.70902252197266,
      93.45226287841797,
      84.97372436523438,
      65.38900756835938,
      54.853912353515625,
      41.40022659301758,
      34.5859489440918,
      29.082977294921875,
      24.32708740234375
    ],
    [
      84.68026733398438,
      80.51444244384766,
      74.69840240478516,
      74.50425720214844,
      106.52543640136719,
      110.37598419189453,
      113.97218322753906,
      115.83983612060547,
      103.1286849975586,
      95.97447204589844,
      91.8257827758789,
      83.8101577758789,
      64.1150894165039,
      54.01576232910156,
      40.358646392822266,
      33.942684173583984,
      28.504810333251953,
      24.007301330566406
    ],
    [
      96.94572448730469,
      92.5112533569336,
      88.81095123291016,
      86.58729553222656,
      114.94245910644531,
      113.97218322753906,
      145.23965454101562,
      145.80441284179688,
      127.68866729736328,
      118.36161804199219,
      115.07369995117188,
      105.3840560913086,
      81.48116302490234,
      69.15965270996094,
      51.7899055480957,
      43.32984924316406,
      36.04647445678711,
      30.20098304748535
    ],
    [
      104.42652893066406,
      99.54132080078125,
      89.91419982910156,
      87.8471908569336,
      116.31745147705078,
      115.83983612060547,
      145.80441284179688,
      158.80577087402344,
      136.64942932128906,
      126.25109100341797,
      122.3322525024414,
      111.72795104980469,
      85.44657897949219,
      72.46944427490234,
      54.021331787109375,
      45.203285217285156,
      37.42761993408203,
      31.340152740478516
    ],
    [
      89.95918273925781,
      86.09901428222656,
      81.69880676269531,
      79.78652954101562,
      103.19766998291016,
      103.1286849975586,
      127.68866729736328,
      136.64942932128906,
      128.81658935546875,
      118.50208282470703,
      114.9157485961914,
      105.34225463867188,
      83.17484283447266,
      71.20973205566406,
      54.32984161376953,
      45.86943435668945,
      38.480831146240234,
      32.505924224853516
    ],
    [
      82.35557556152344,
      79.03470611572266,
      75.41738891601562,
      73.8669204711914,
      95.70902252197266,
      95.97447204589844,
      118.36161804199219,
      126.25109100341797,
      118.50208282470703,
      111.03467559814453,
      106.81979370117188,
      98.37093353271484,
      77.69700622558594,
      66.70743560791016,
      50.47746658325195,
      42.67634582519531,
      35.5710334777832,
      30.096445083618164
    ],
    [
      77.44205474853516,
      74.2123794555664,
      74.88636779785156,
      71.79961395263672,
      93.45226287841797,
      91.8257827758789,
      115.07369995117188,
      122.3322525024414,
      114.9157485961914,
      106.81979370117188,
      111.70667266845703,
      102.42896270751953,
      82.66073608398438,
      71.44046783447266,
      56.22416687011719,
      47.78011703491211,
      40.080894470214844,
      34.042510986328125
    ],
    [
      69.18588256835938,
      66.37557220458984,
      67.14814758300781,
      64.7835922241211,
      84.97372436523438,
      83.8101577758789,
      105.3840560913086,
      111.72795104980469,
      105.34225463867188,
      98.37093353271484,
      102.42896270751953,
      95.60916900634766,
      76.78460693359375,
      66.9770736694336,
      52.3937873840332,
      44.66866683959961,
      36.99304962158203,
      31.53574562072754
    ],
    [
      51.16791915893555,
      49.37466812133789,
      51.67920684814453,
      49.412071228027344,
      65.38900756835938,
      64.1150894165039,
      81.48116302490234,
      85.44657897949219,
      83.17484283447266,
      77.69700622558594,
      82.66073608398438,
      76.78460693359375,
      68.81395721435547,
      60.30262756347656,
      50.6402473449707,
      43.787811279296875,
      38.34614562988281,
      33.14365005493164
    ],
    [
      41.03237533569336,
      39.58461380004883,
      42.53689193725586,
      40.88884735107422,
      54.853912353515625,
      54.01576232910156,
      69.15965270996094,
      72.46944427490234,
      71.20973205566406,
      66.70743560791016,
      71.44046783447266,
      66.9770736694336,
      60.30262756347656,
      53.94207763671875,
      45.215946197509766,
      39.44539260864258,
      34.31589126586914,
      29.94427490234375
    ],
    [
      31.02187728881836,
      29.975927352905273,
      32.42775344848633,
      30.997777938842773,
      41.40022659301758,
      40.358646392822266,
      51.7899055480957,
      54.021331787109375,
      54.32984161376953,
      50.47746658325195,
      56.22416687011719,
      52.3937873840332,
      50.6402473449707,
      45.215946197509766,
      43.390098571777344,
      38.36711883544922,
      35.78902816772461,
      31.57537269592285
    ],
    [
      24.564067840576172,
      23.66864585876465,
      26.576366424560547,
      25.562545776367188,
      34.5859489440918,
      33.942684173583984,
      43.32984924316406,
      45.203285217285156,
      45.86943435668945,
      42.67634582519531,
      47.78011703491211,
      44.66866683959961,
      43.787811279296875,
      39.44539260864258,
      38.36711883544922,
      34.395633697509766,
      32.30915451049805,
      28.774749755859375
    ],
    [
      20.932893753051758,
      20.282432556152344,
      22.503318786621094,
      21.3486328125,
      29.082977294921875,
      28.504810333251953,
      36.04647445678711,
      37.42761993408203,
      38.480831146240234,
      35.5710334777832,
      40.080894470214844,
      36.99304962158203,
      38.34614562988281,
      34.31589126586914,
      35.78902816772461,
      32.30915451049805,
      32.963436126708984,
      29.406484603881836
    ],
    [
      16.249649047851562,
      15.717144012451172,
      18.241363525390625,
      17.483213424682617,
      24.32708740234375,
      24.007301330566406,
      30.20098304748535,
      31.340152740478516,
      32.505924224853516,
      30.096445083618164,
      34.042510986328125,
      31.53574562072754,
      33.14365005493164,
      29.94427490234375,
      31.57537269592285,
      28.774749755859375,
      29.406484603881836,
      26.547849655151367
    ]
  ],
  "covariance_short": [
    [
      113.31025695800781,
      94.0136489868164,
      71.2864761352539,
      66.41908264160156,
      71.02267456054688,
      70.16168212890625,
      81.17064666748047,
      79.33735656738281,
      68.18354034423828,
      62.17949676513672,
      55.310142517089844,
      49.49141311645508,
      32.63895034790039,
      27.018896102905273,
      16.956775665283203,
      13.828559875488281,
      9.54013442993164,
      7.498598098754883
    ],
    [
      94.0136489868164,
      91.00908660888672,
      62.08357238769531,
      58.24004364013672,
      62.078636169433594,
      61.154544830322266,
      70.08318328857422,
      68.74401092529297,
      59.11316680908203,
      54.21662139892578,
      48.08537292480469,
      43.027408599853516,
      28.437217712402344,
      23.542118072509766,
      14.819073677062988,
      12.060750961303711,
      8.532496452331543,
      6.669584274291992
    ],
    [
      71.2864761352539,
      62.08357238769531,
      102.6966552734375,
      86.32100677490234,
      85.54655456542969,
      81.8039779663086,
      93.47456359863281,
      93.11534118652344,
      82.7243881225586,
      75.9830093383789,
      70.92752838134766,
      64.32843017578125,
      43.08491897583008,
      36.553749084472656,
      22.064306259155273,
      18.485227584838867,
      12.05221939086914,
      9.940918922424316
    ],
    [
      66.41908264160156,
      58.24004364013672,
      86.32100677490234,
      96.24738311767578,
      81.49429321289062,
      80.57376098632812,
      92.08800506591797,
      91.20870208740234,
      81.13859558105469,
      75.08418273925781,
      68.73719787597656,
      62.542808532714844,
      41.49540328979492,
      35.307403564453125,
      21.130285263061523,
      17.745220184326172,
      11.283832550048828,
      9.343194007873535
    ],
    [
      71.02267456054688,
      62.078636169433594,
      85.54655456542969,
      81.49429321289062,
      121.42826080322266,
      111.40025329589844,
      118.4410400390625,
      117.322265625,
      104.24337768554688,
      95.92652893066406,
      90.78543853759766,
      82.71659851074219,
      56.69928741455078,
      48.46177673339844,
      29.8764591217041,
      25.301395416259766,
      16.5999755859375,
      14.011911392211914
    ],
    [
      70.16168212890625,
      61.154544830322266,
      81.8039779663086,
      80.57376098632812,
      111.40025329589844,
      119.69702911376953,
      118.99467468261719,
      118.03072357177734,
      103.57698822021484,
      95.98535919189453,
      88.47370910644531,
      80.99662780761719,
      54.526241302490234,
      46.9163932800293,
      28.376739501953125,
      24.22958755493164,
      15.53113842010498,
      13.244266510009766
    ],
    [
      81.17064666748047,
      70.08318328857422,
      93.47456359863281,
      92.08800506591797,
      118.4410400390625,
      118.99467468261719,
      158.06678771972656,
      152.52188110351562,
      131.41160583496094,
      120.84561157226562,
      111.97185516357422,
      102.0655517578125,
      68.96533203125,
      59.33776092529297,
      35.66010284423828,
      30.274826049804688,
      19.206071853637695,
      16.23098373413086
    ],
    [
      79.33735656738281,
      68.74401092529297,
      93.11534118652344,
      91.20870208740234,
      117.322265625,
      118.03072357177734,
      152.52188110351562,
      155.163818359375,
      130.317626953125,
      120.55648803710938,
      111.40242767333984,
      101.94512176513672,
      68.73057556152344,
      59.42375564575195,
      35.494136810302734,
      30.256240844726562,
      18.966331481933594,
      16.085092544555664
    ],
    [
      68.18354034423828,
      59.11316680908203,
      82.7243881225586,
      81.13859558105469,
      104.24337768554688,
      103.57698822021484,
      131.41160583496094,
      130.317626953125,
      124.09398651123047,
      112.88835144042969,
      106.56920623779297,
      97.36148071289062,
      68.41754150390625,
      59.20955276489258,
      36.83452224731445,
      31.419992446899414,
      20.492046356201172,
      17.441612243652344
    ],
    [
      62.17949676513672,
      54.21662139892578,
      75.9830093383789,
      75.08418273925781,
      95.92652893066406,
      95.98535919189453,
      120.84561157226562,
      120.55648803710938,
      112.88835144042969,
      106.54136657714844,
      98.3292465209961,
      90.40476989746094,
      63.3696174621582,
      55.1673698425293,
      33.8782844543457,
      29.00832748413086,
      18.573083877563477,
      15.859525680541992
    ],
    [
      55.310142517089844,
      48.08537292480469,
      70.92752838134766,
      68.73719787597656,
      90.78543853759766,
      88.47370910644531,
      111.97185516357422,
      111.40242767333984,
      106.56920623779297,
      98.3292465209961,
      102.124755859375,
      92.71561431884766,
      67.43060302734375,
      58.71257781982422,
      38.01180648803711,
      32.57157897949219,
      21.20638084411621,
      18.131277084350586
    ],
    [
      49.49141311645508,
      43.027408599853516,
      64.32843017578125,
      62.542808532714844,
      82.71659851074219,
      80.99662780761719,
      102.0655517578125,
      101.94512176513672,
      97.36148071289062,
      90.40476989746094,
      92.71561431884766,
      86.4505386352539,
      62.239891052246094,
      54.68885803222656,
      35.260353088378906,
      30.43312644958496,
      19.464828491210938,
      16.76348304748535
    ],
    [
      32.63895034790039,
      28.437217712402344,
      43.08491897583008,
      41.49540328979492,
      56.69928741455078,
      54.526241302490234,
      68.96533203125,
      68.73057556152344,
      68.41754150390625,
      63.3696174621582,
      67.43060302734375,
      62.239891052246094,
      51.9929313659668,
      45.57344436645508,
      32.51337814331055,
      28.220157623291016,
      19.473926544189453,
      16.872995376586914
    ],
    [
      27.018896102905273,
      23.542118072509766,
      36.553749084472656,
      35.307403564453125,
      48.46177673339844,
      46.9163932800293,
      59.33776092529297,
      59.42375564575195,
      59.20955276489258,
      55.1673698425293,
      58.71257781982422,
      54.68885803222656,
      45.57344436645508,
      41.12739562988281,
      29.137187957763672,
      25.612205505371094,
      17.33916473388672,
      15.244546890258789
    ],
    [
      16.956775665283203,
      14.819073677062988,
      22.064306259155273,
      21.130285263061523,
      29.8764591217041,
      28.376739501953125,
      35.66010284423828,
      35.494136810302734,
      36.83452224731445,
      33.8782844543457,
      38.01180648803711,
      35.260353088378906,
      32.51337814331055,
      29.137187957763672,
      25.333602905273438,
      22.35555076599121,
      17.02203369140625,
      15.019405364990234
    ],
    [
      13.828559875488281,
      12.060750961303711,
      18.485227584838867,
      17.745220184326172,
      25.301395416259766,
      24.22958755493164,
      30.274826049804688,
      30.256240844726562,
      31.419992446899414,
      29.00832748413086,
      32.57157897949219,
      30.43312644958496,
      28.220157623291016,
      25.612205505371094,
      22.35555076599121,
      20.1900691986084,
      15.195714950561523,
      13.647201538085938
    ],
    [
      9.54013442993164,
      8.532496452331543,
      12.05221939086914,
      11.283832550048828,
      16.5999755859375,
      15.53113842010498,
      19.206071853637695,
      18.966331481933594,
      20.492046356201172,
      18.573083877563477,
      21.20638084411621,
      19.464828491210938,
      19.473926544189453,
      17.33916473388672,
      17.02203369140625,
      15.195714950561523,
      13.964818954467773,
      12.390861511230469
    ],
    [
      7.498598098754883,
      6.669584274291992,
      9.940918922424316,
      9.343194007873535,
      14.011911392211914,
      13.244266510009766,
      16.23098373413086,
      16.085092544555664,
      17.441612243652344,
      15.859525680541992,
      18.131277084350586,
      16.76348304748535,
      16.872995376586914,
      15.244546890258789,
      15.019405364990234,
      13.647201538085938,
      12.390861511230469,
      11.264856338500977
    ]
  ],
  "damage": -21.518611907958984,
  "diff_bandwidth": 542.4405517578125,
  "dissonance": 8.099626135550285,
  "drr": 15.982152938842773,
  "dynamics": 7.346767425537109,
  "format": 1245190,
  "frames": 7102400,
  "loudness": -30.196044921875,
  "loudness_range": 27.508590698242188,
  "loudness_range_short": 29.88198471069336,
  "lowpass_true_peak_15khz": -2.859830141067505,
  "mastering3_acoustic_entropies": [
    {
      "acoustic_entropy": 5.377490520477295,
      "acoustic_entropy_mono": 5.459141254425049,
      "band_eliminated_acoustic_entropies": [
        {
          "acoustic_entropy": 5.491941928863525,
          "acoustic_entropy_side": 5.3712005615234375,
          "hz": 129.47220167065723
        },
        {
          "acoustic_entropy": 5.176686763763428,
          "acoustic_entropy_side": 5.524068355560303,
          "hz": 202.92927478742237
        },
        {
          "acoustic_entropy": 5.673509120941162,
          "acoustic_entropy_side": 5.267153739929199,
          "hz": 282.89161906338205
        },
        {
          "acoustic_entropy": 5.147298336029053,
          "acoustic_entropy_side": 5.319674015045166,
          "hz": 369.9353335868758
        },
        {
          "acoustic_entropy": 4.893742561340332,
          "acoustic_entropy_side": 5.691161632537842,
          "hz": 464.6875360973435
        },
        {
          "acoustic_entropy": 5.204019546508789,
          "acoustic_entropy_side": 5.559295654296875,
          "hz": 567.8308811364784
        },
        {
          "acoustic_entropy": 5.536324501037598,
          "acoustic_entropy_side": 5.403934955596924,
          "hz": 680.1084783214808
        },
        {
          "acoustic_entropy": 5.532352447509766,
          "acoustic_entropy_side": 5.63206672668457,
          "hz": 802.3292461747484
        },
        {
          "acoustic_entropy": 5.164498329162598,
          "acoustic_entropy_side": 5.396378517150879,
          "hz": 935.3737400823702
        },
        {
          "acoustic_entropy": 5.605071067810059,
          "acoustic_entropy_side": 5.444271564483643,
          "hz": 1080.2004963696966
        },
        {
          "acoustic_entropy": 5.466739654541016,
          "acoustic_entropy_side": 5.43280553817749,
          "hz": 1237.8529382007157
        },
        {
          "acoustic_entropy": 5.365126132965088,
          "acoustic_entropy_side": 5.353769779205322,
          "hz": 1409.4668930556702
        },
        {
          "acoustic_entropy": 5.508999347686768,
          "acoustic_entropy_side": 5.425282001495361,
          "hz": 1596.2787759475705
        },
        {
          "acoustic_entropy": 5.559711933135986,
          "acoustic_entropy_side": 5.475874900817871,
          "hz": 1799.6344973346393
        },
        {
          "acoustic_entropy": 5.491164207458496,
          "acoustic_entropy_side": 5.4459381103515625,
          "hz": 2020.9991599069049
        },
        {
          "acoustic_entropy": 5.369036674499512,
          "acoustic_entropy_side": 5.380269527435303,
          "hz": 2261.9676141086993
        },
        {
          "acoustic_entropy": 5.434340953826904,
          "acoustic_entropy_side": 5.401296615600586,
          "hz": 2524.2759484456974
        },
        {
          "acoustic_entropy": 5.424549102783203,
          "acoustic_entropy_side": 5.405420780181885,
          "hz": 2809.813997359896
        },
        {
          "acoustic_entropy": 5.434288501739502,
          "acoustic_entropy_side": 5.409609794616699,
          "hz": 3120.6389567871424
        },
        {
          "acoustic_entropy": 5.412047863006592,
          "acoustic_entropy_side": 5.385623455047607,
          "hz": 3458.990205492291
        },
        {
          "acoustic_entropy": 5.410874843597412,
          "acoustic_entropy_side": 5.38983154296875,
          "hz": 3827.305438964164
        },
        {
          "acoustic_entropy": 5.403323173522949,
          "acoustic_entropy_side": 5.388681888580322,
          "hz": 4228.238232109126
        },
        {
          "acoustic_entropy": 5.398327350616455,
          "acoustic_entropy_side": 5.3876447677612305,
          "hz": 4664.6771572759235
        },
        {
          "acoustic_entropy": 5.388813018798828,
          "acoustic_entropy_side": 5.381119728088379,
          "hz": 5139.766595350093
        },
        {
          "acoustic_entropy": 5.381933689117432,
          "acoustic_entropy_side": 5.3783183097839355,
          "hz": 5656.929389854203
        },
        {
          "acoustic_entropy": 5.383904457092285,
          "acoustic_entropy_side": 5.380198955535889,
          "hz": 6219.891507268283
        },
        {
          "acoustic_entropy": 5.385934829711914,
          "acoustic_entropy_side": 5.379884719848633,
          "hz": 6832.70888123896
        },
        {
          "acoustic_entropy": 5.387726306915283,
          "acoustic_entropy_side": 5.3804168701171875,
          "hz": 7499.796634079867
        },
        {
          "acoustic_entropy": 5.384363174438477,
          "acoustic_entropy_side": 5.379333972930908,
          "hz": 8225.96088609342
        },
        {
          "acoustic_entropy": 5.3947319984436035,
          "acoustic_entropy_side": 5.38358211517334,
          "hz": 9016.43338188839
        },
        {
          "acoustic_entropy": 5.4040751457214355,
          "acoustic_entropy_side": 5.387613296508789,
          "hz": 9876.909183162974
        },
        {
          "acoustic_entropy": 5.39534330368042,
          "acoustic_entropy_side": 5.387266159057617,
          "hz": 10813.587699516042
        },
        {
          "acoustic_entropy": 5.4041008949279785,
          "acoustic_entropy_side": 5.387752532958984,
          "hz": 11833.21735289826
        },
        {
          "acoustic_entropy": 5.409763813018799,
          "acoustic_entropy_side": 5.390321731567383,
          "hz": 12943.144197493959
        },
        {
          "acoustic_entropy": 5.411753177642822,
          "acoustic_entropy_side": 5.389272689819336,
          "hz": 14151.364845322005
        },
        {
          "acoustic_entropy": 5.410061359405518,
          "acoustic_entropy_side": 5.389339447021484,
          "hz": 15466.58407886509
        },
        {
          "acoustic_entropy": 5.408821105957031,
          "acoustic_entropy_side": 5.390749454498291,
          "hz": 16898.27756580493
        },
        {
          "acoustic_entropy": 5.40315055847168,
          "acoustic_entropy_side": 5.387773036956787,
          "hz": 18456.760127700032
        },
        {
          "acoustic_entropy": 5.391496181488037,
          "acoustic_entropy_side": 5.3843536376953125,
          "hz": 20153.260054456492
        },
        {
          "acoustic_entropy": 5.384680271148682,
          "acoustic_entropy_side": 5.380749702453613,
          "hz": 22000.00000000001
        }
      ],
      "diff_acoustic_entropy": 3.7807419300079346,
      "sn": 6
    },
    {
      "acoustic_entropy": 8.87758731842041,
      "acoustic_entropy_mono": 8.769104957580566,
      "band_eliminated_acoustic_entropies": [
        {
          "acoustic_entropy": 9.007235527038574,
          "acoustic_entropy_side": 8.830758094787598,
          "hz": 129.47220167065723
        },
        {
          "acoustic_entropy": 9.179248809814453,
          "acoustic_entropy_side": 9.286797523498535,
          "hz": 202.92927478742237
        },
        {
          "acoustic_entropy": 9.631054878234863,
          "acoustic_entropy_side": 9.134600639343262,
          "hz": 282.89161906338205
        },
        {
          "acoustic_entropy": 9.175456047058105,
          "acoustic_entropy_side": 9.459505081176758,
          "hz": 369.9353335868758
        },
        {
          "acoustic_entropy": 8.600893020629883,
          "acoustic_entropy_side": 8.965449333190918,
          "hz": 464.6875360973435
        },
        {
          "acoustic_entropy": 8.568533897399902,
          "acoustic_entropy_side": 8.921920776367188,
          "hz": 567.8308811364784
        },
        {
          "acoustic_entropy": 8.865938186645508,
          "acoustic_entropy_side": 8.920181274414062,
          "hz": 680.1084783214808
        },
        {
          "acoustic_entropy": 8.707013130187988,
          "acoustic_entropy_side": 9.238486289978027,
          "hz": 802.3292461747484
        },
        {
          "acoustic_entropy": 9.006241798400879,
          "acoustic_entropy_side": 8.84400463104248,
          "hz": 935.3737400823702
        },
        {
          "acoustic_entropy": 8.947835922241211,
          "acoustic_entropy_side": 9.115019798278809,
          "hz": 1080.2004963696966
        },
        {
          "acoustic_entropy": 9.138821601867676,
          "acoustic_entropy_side": 9.136893272399902,
          "hz": 1237.8529382007157
        },
        {
          "acoustic_entropy": 9.08970832824707,
          "acoustic_entropy_side": 8.975172996520996,
          "hz": 1409.4668930556702
        },
        {
          "acoustic_entropy": 8.766927719116211,
          "acoustic_entropy_side": 8.790511131286621,
          "hz": 1596.2787759475705
        },
        {
          "acoustic_entropy": 8.941261291503906,
          "acoustic_entropy_side": 8.979811668395996,
          "hz": 1799.6344973346393
        },
        {
          "acoustic_entropy": 8.973304748535156,
          "acoustic_entropy_side": 8.976701736450195,
          "hz": 2020.9991599069049
        },
        {
          "acoustic_entropy": 8.776915550231934,
          "acoustic_entropy_side": 8.893326759338379,
          "hz": 2261.9676141086993
        },
        {
          "acoustic_entropy": 8.896097183227539,
          "acoustic_entropy_side": 8.903011322021484,
          "hz": 2524.2759484456974
        },
        {
          "acoustic_entropy": 8.952235221862793,
          "acoustic_entropy_side": 8.929308891296387,
          "hz": 2809.813997359896
        },
        {
          "acoustic_entropy": 8.74446964263916,
          "acoustic_entropy_side": 8.851921081542969,
          "hz": 3120.6389567871424
        },
        {
          "acoustic_entropy": 8.825904846191406,
          "acoustic_entropy_side": 8.87459659576416,
          "hz": 3458.990205492291
        },
        {
          "acoustic_entropy": 8.86552906036377,
          "acoustic_entropy_side": 8.886414527893066,
          "hz": 3827.305438964164
        },
        {
          "acoustic_entropy": 8.88541030883789,
          "acoustic_entropy_side": 8.882767677307129,
          "hz": 4228.238232109126
        },
        {
          "acoustic_entropy": 8.930121421813965,
          "acoustic_entropy_side": 8.898103713989258,
          "hz": 4664.6771572759235
        },
        {
          "acoustic_entropy": 8.87388801574707,
          "acoustic_entropy_side": 8.877328872680664,
          "hz": 5139.766595350093
        },
        {
          "acoustic_entropy": 8.869844436645508,
          "acoustic_entropy_side": 8.874066352844238,
          "hz": 5656.929389854203
        },
        {
          "acoustic_entropy": 8.855220794677734,
          "acoustic_entropy_side": 8.868311882019043,
          "hz": 6219.891507268283
        },
        {
          "acoustic_entropy": 8.855352401733398,
          "acoustic_entropy_side": 8.868697166442871,
          "hz": 6832.70888123896
        },
        {
          "acoustic_entropy": 8.858856201171875,
          "acoustic_entropy_side": 8.870630264282227,
          "hz": 7499.796634079867
        },
        {
          "acoustic_entropy": 8.859383583068848,
          "acoustic_entropy_side": 8.87197208404541,
          "hz": 8225.96088609342
        },
        {
          "acoustic_entropy": 8.857481002807617,
          "acoustic_entropy_side": 8.871528625488281,
          "hz": 9016.43338188839
        },
        {
          "acoustic_entropy": 8.885049819946289,
          "acoustic_entropy_side": 8.882146835327148,
          "hz": 9876.909183162974
        },
        {
          "acoustic_entropy": 8.86289119720459,
          "acoustic_entropy_side": 8.875555038452148,
          "hz": 10813.587699516042
        },
        {
          "acoustic_entropy": 8.864603996276855,
          "acoustic_entropy_side": 8.872882843017578,
          "hz": 11833.21735289826
        },
        {
          "acoustic_entropy": 8.892256736755371,
          "acoustic_entropy_side": 8.885649681091309,
          "hz": 12943.144197493959
        },
        {
          "acoustic_entropy": 8.901619911193848,
          "acoustic_entropy_side": 8.888223648071289,
          "hz": 14151.364845322005
        },
        {
          "acoustic_entropy": 8.876009941101074,
          "acoustic_entropy_side": 8.878714561462402,
          "hz": 15466.58407886509
        },
        {
          "acoustic_entropy": 8.912778854370117,
          "acoustic_entropy_side": 8.89810562133789,
          "hz": 16898.27756580493
        },
        {
          "acoustic_entropy": 8.902252197265625,
          "acoustic_entropy_side": 8.890233039855957,
          "hz": 18456.760127700032
        },
        {
          "acoustic_entropy": 8.903352737426758,
          "acoustic_entropy_side": 8.890050888061523,
          "hz": 20153.260054456492
        },
        {
          "acoustic_entropy": 8.89277172088623,
          "acoustic_entropy_side": 8.88454532623291,
          "hz": 22000.00000000001
        }
      ],
      "diff_acoustic_entropy": 6.197364330291748,
      "sn": 12
    },
    {
      "acoustic_entropy": 13.820878982543945,
      "acoustic_entropy_mono": 14.566129684448242,
      "band_eliminated_acoustic_entropies": [
        {
          "acoustic_entropy": 13.805314064025879,
          "acoustic_entropy_side": 13.738249778747559,
          "hz": 129.47220167065723
        },
        {
          "acoustic_entropy": 14.70547866821289,
          "acoustic_entropy_side": 14.592108726501465,
          "hz": 202.92927478742237
        },
        {
          "acoustic_entropy": 14.072537422180176,
          "acoustic_entropy_side": 13.869919776916504,
          "hz": 282.89161906338205
        },
        {
          "acoustic_entropy": 15.383454322814941,
          "acoustic_entropy_side": 15.07945728302002,
          "hz": 369.9353335868758
        },
        {
          "acoustic_entropy": 13.6611967086792,
          "acoustic_entropy_side": 15.313281059265137,
          "hz": 464.6875360973435
        },
        {
          "acoustic_entropy": 15.089570999145508,
          "acoustic_entropy_side": 15.013867378234863,
          "hz": 567.8308811364784
        },
        {
          "acoustic_entropy": 14.661340713500977,
          "acoustic_entropy_side": 14.271615028381348,
          "hz": 680.1084783214808
        },
        {
          "acoustic_entropy": 14.133881568908691,
          "acoustic_entropy_side": 14.518649101257324,
          "hz": 802.3292461747484
        },
        {
          "acoustic_entropy": 13.914259910583496,
          "acoustic_entropy_side": 13.954107284545898,
          "hz": 935.3737400823702
        },
        {
          "acoustic_entropy": 14.249001502990723,
          "acoustic_entropy_side": 13.75367546081543,
          "hz": 1080.2004963696966
        },
        {
          "acoustic_entropy": 14.349492073059082,
          "acoustic_entropy_side": 14.167560577392578,
          "hz": 1237.8529382007157
        },
        {
          "acoustic_entropy": 14.11465072631836,
          "acoustic_entropy_side": 14.004481315612793,
          "hz": 1409.4668930556702
        },
        {
          "acoustic_entropy": 14.654592514038086,
          "acoustic_entropy_side": 14.612783432006836,
          "hz": 1596.2787759475705
        },
        {
          "acoustic_entropy": 13.511529922485352,
          "acoustic_entropy_side": 14.002079010009766,
          "hz": 1799.6344973346393
        },
        {
          "acoustic_entropy": 13.939906120300293,
          "acoustic_entropy_side": 13.920382499694824,
          "hz": 2020.9991599069049
        },
        {
          "acoustic_entropy": 13.47010326385498,
          "acoustic_entropy_side": 13.711089134216309,
          "hz": 2261.9676141086993
        },
        {
          "acoustic_entropy": 13.666162490844727,
          "acoustic_entropy_side": 13.824057579040527,
          "hz": 2524.2759484456974
        },
        {
          "acoustic_entropy": 13.514533042907715,
          "acoustic_entropy_side": 13.67162799835205,
          "hz": 2809.813997359896
        },
        {
          "acoustic_entropy": 13.735438346862793,
          "acoustic_entropy_side": 13.70513916015625,
          "hz": 3120.6389567871424
        },
        {
          "acoustic_entropy": 13.915107727050781,
          "acoustic_entropy_side": 13.912209510803223,
          "hz": 3458.990205492291
        },
