{
  "acoustic_entropy": 84.78189849853516,
  "bands": [
    {
      "high_freq": 148.1999969482422,
      "loudness": 0,
      "loudness_range": 0,
      "mid_mean": -69.98204040527344,
      "mid_to_side_loudness": -7.172680854797363,
      "mid_to_side_loudness_range": 12.640602111816406,
      "side_mean": -69.9980239868164
    },
    {
      "high_freq": 392.3793640136719,
      "loudness": -52.04273986816406,
      "loudness_range": 27.736427307128906,
      "low_freq": 148.1999969482422,
      "mid_mean": -51.815940856933594,
      "mid_to_side_loudness": -9.945734024047852,
      "mid_to_side_loudness_range": 19.773937225341797,
      "side_mean": -60.65858840942383
    },
    {
      "high_freq": 794.6976318359375,
      "loudness": -45.17831802368164,
      "loudness_range": 15.016471862792969,
      "low_freq": 392.3793640136719,
      "mid_mean": -50.25914764404297,
      "mid_to_side_loudness": -7.1501665115356445,
      "mid_to_side_loudness_range": 12.306541442871094,
      "side_mean": -56.568294525146484
    },
    {
      "high_freq": 1457.5709228515625,
      "loudness": -43.83262634277344,
      "loudness_range": 15.776199340820312,
      "low_freq": 794.6976318359375,
      "mid_mean": -42.96845626831055,
      "mid_to_side_loudness": -6.711302280426025,
      "mid_to_side_loudness_range": 15.402153968811035,
      "side_mean": -55.309471130371094
    },
    {
      "high_freq": 2549.74365234375,
      "loudness": -42.20249557495117,
      "loudness_range": 21.132612228393555,
      "low_freq": 1457.5709228515625,
      "mid_mean": -40.7768440246582,
      "mid_to_side_loudness": -8.939141273498535,
      "mid_to_side_loudness_range": 13.28786849975586,
      "side_mean": -55.981849670410156
    },
    {
      "high_freq": 4349.24462890625,
      "loudness": -42.65060806274414,
      "loudness_range": 17.027408599853516,
      "low_freq": 2549.74365234375,
      "mid_mean": -40.74311828613281,
      "mid_to_side_loudness": -5.53102445602417,
      "mid_to_side_loudness_range": 10.745565414428711,
      "side_mean": -54.78572082519531
    },
    {
      "high_freq": 7314.1640625,
      "loudness": -52.682525634765625,
      "loudness_range": 17.237197875976562,
      "low_freq": 4349.24462890625,
      "mid_mean": -56.31181335449219,
      "mid_to_side_loudness": -3.38344144821167,
      "mid_to_side_loudness_range": 8.672713279724121,
      "side_mean": -59.38130187988281
    },
    {
      "high_freq": 12199.2666015625,
      "loudness": -71.99578094482422,
      "loudness_range": 22.63958740234375,
      "low_freq": 7314.1640625,
      "mid_mean": -67.15946197509766,
      "mid_to_side_loudness": -0.637534499168396,
      "mid_to_side_loudness_range": 6.037139892578125,
      "side_mean": -67.9316635131836
    },
    {
      "loudness": -80.52838897705078,
      "loudness_range": 12.252342224121094,
      "low_freq": 12199.2666015625,
      "mid_mean": -69.25788879394531,
      "mid_to_side_loudness": -0.878372311592102,
      "mid_to_side_loudness_range": 3.239989995956421,
      "side_mean": -69.46736145019531
    }
  ],
  "bands_short": [
    {
      "high_freq": 148.1999969482422,
      "loudness": 0,
      "loudness_range": 0,
      "mid_mean": -69.95307922363281,
      "mid_to_side_loudness": -7.39139461517334,
      "mid_to_side_loudness_range": 19.838499069213867,
      "side_mean": -69.99588012695312
    },
    {
      "high_freq": 392.3793640136719,
      "loudness": -53.71491241455078,
      "loudness_range": 33.069053649902344,
      "low_freq": 148.1999969482422,
      "mid_mean": -54.68857192993164,
      "mid_to_side_loudness": -8.428539276123047,
      "mid_to_side_loudness_range": 21.915546417236328,
      "side_mean": -61.860992431640625
    },
    {
      "high_freq": 794.6976318359375,
      "loudness": -49.036720275878906,
      "loudness_range": 23.68136215209961,
      "low_freq": 392.3793640136719,
      "mid_mean": -54.116641998291016,
      "mid_to_side_loudness": -6.2591552734375,
      "mid_to_side_loudness_range": 16.621095657348633,
      "side_mean": -59.719688415527344
    },
    {
      "high_freq": 1457.5709228515625,
      "loudness": -46.14265060424805,
      "loudness_range": 25.712867736816406,
      "low_freq": 794.6976318359375,
      "mid_mean": -50.390201568603516,
      "mid_to_side_loudness": -6.292752265930176,
      "mid_to_side_loudness_range": 17.54723358154297,
      "side_mean": -56.43595886230469
    },
    {
      "high_freq": 2549.74365234375,
      "loudness": -45.59150695800781,
      "loudness_range": 29.596147537231445,
      "low_freq": 1457.5709228515625,
      "mid_mean": -51.61375045776367,
      "mid_to_side_loudness": -7.309418678283691,
      "mid_to_side_loudness_range": 15.839311599731445,
      "side_mean": -57.96678924560547
    },
    {
      "high_freq": 4349.24462890625,
      "loudness": -45.5289192199707,
      "loudness_range": 25.806520462036133,
      "low_freq": 2549.74365234375,
      "mid_mean": -51.81344223022461,
      "mid_to_side_loudness": -4.714419364929199,
      "mid_to_side_loudness_range": 12.383471488952637,
      "side_mean": -56.62485885620117
    },
    {
      "high_freq": 7314.1640625,
      "loudness": -55.53905487060547,
      "loudness_range": 27.157466888427734,
      "low_freq": 4349.24462890625,
      "mid_mean": -59.064483642578125,
      "mid_to_side_loudness": -2.7344322204589844,
      "mid_to_side_loudness_range": 11.628260612487793,
      "side_mean": -61.62305450439453
    },
    {
      "high_freq": 12199.2666015625,
      "loudness": -72.68215942382812,
      "loudness_range": 24.427043914794922,
      "low_freq": 7314.1640625,
      "mid_mean": -67.981689453125,
      "mid_to_side_loudness": -1.2272961139678955,
      "mid_to_side_loudness_range": 8.804315567016602,
      "side_mean": -68.52120971679688
    },
    {
      "loudness": -81.7374038696289,
      "loudness_range": 11.558212280273438,
      "low_freq": 12199.2666015625,
      "mid_mean": -69.37581634521484,
      "mid_to_side_loudness": -0.7170085310935974,
      "mid_to_side_loudness_range": 6.311726093292236,
      "side_mean": -69.52810668945312
    }
  ],
  "bandwidth": 1173.6893310546875,
  "channels": 2,
  "covariance": [
    [
      0.0007684726151637733,
      8.07164833531715e-05,
      0.2183670699596405,
      0.16139072179794312,
      0.20359915494918823,
      0.1575956791639328,
      0.12468381971120834,
      0.12044690549373627,
      0.07225529104471207,
      0.12437471002340317,
      0.06119885295629501,
      0.12511003017425537,
      0.1342412531375885,
      0.0880206897854805,
      0.02881529927253723,
      0.015322637744247913,
      0.0018318829825147986,
      0.0027712553273886442
    ],
    [
      8.07164833531715e-05,
      9.337996743852273e-06,
      0.02346806973218918,
      0.017505871132016182,
      0.022198952734470367,
      0.017594434320926666,
      0.013653510250151157,
      0.013540632091462612,
      0.008294906467199326,
      0.013941098004579544,
      0.007119108457118273,
      0.013971034437417984,
      0.014893685467541218,
      0.009983020834624767,
      0.00337622850202024,
      0.0018857928225770593,
      0.0002731058921199292,
      0.000339844380505383
    ],
    [
      0.2183670699596405,
      0.02346806973218918,
      151.69692993164062,
      82.44573211669922,
      124.12171173095703,
      85.8360366821289,
      55.31430435180664,
      77.5107192993164,
      5.953227519989014,
      62.214412689208984,
      4.469822406768799,
      75.02850341796875,
      79.95585632324219,
      54.26194763183594,
      5.285373210906982,
      -0.37292197346687317,
      -0.8115150332450867,
      0.054543912410736084
    ],
    [
      0.16139072179794312,
      0.017505871132016182,
      82.44573211669922,
      58.13026809692383,
      63.39808654785156,
      47.89057540893555,
      25.489166259765625,
      36.55097579956055,
      4.671872138977051,
      29.736175537109375,
      6.146910190582275,
      32.22050094604492,
      34.746761322021484,
      20.254928588867188,
      2.1662893295288086,
      -1.1204466819763184,
      -1.0017039775848389,
      -0.15465956926345825
    ],
    [
      0.20359915494918823,
      0.022198952734470367,
      124.12171173095703,
      63.39808654785156,
      165.2611541748047,
      119.50849914550781,
      87.3210220336914,
      118.00553131103516,
      61.30742263793945,
      124.45073699951172,
      44.63592529296875,
      131.32876586914062,
      123.16477966308594,
      95.95093536376953,
      29.633058547973633,
      21.261333465576172,
      5.446691989898682,
      3.545217514038086
    ],
    [
      0.1575956791639328,
      0.017594434320926666,
      85.8360366821289,
      47.89057540893555,
      119.50849914550781,
      92.09977722167969,
      66.51136016845703,
      88.71402740478516,
      53.84294509887695,
      96.79743194580078,
      42.18021774291992,
      98.22332763671875,
      92.44221496582031,
      73.68848419189453,
      25.888744354248047,
      19.148378372192383,
      5.067780017852783,
      3.2347164154052734
    ],
    [
      0.12468381971120834,
      0.013653510250151157,
      55.31430435180664,
      25.489166259765625,
      87.3210220336914,
      66.51136016845703,
      90.86180877685547,
      62.14959716796875,
      60.717166900634766,
      72.4251480102539,
      45.15567398071289,
      76.0666732788086,
      76.97525787353516,
      62.88783645629883,
      20.916019439697266,
      15.165078163146973,
      4.109820365905762,
      2.6179003715515137
    ],
    [
      0.12044690549373627,
      0.013540632091462612,
      77.5107192993164,
      36.55097579956055,
      118.00553131103516,
      88.71402740478516,
      62.14959716796875,
      92.04474639892578,
      53.2338981628418,
      100.70545959472656,
      41.06465530395508,
      103.45870208740234,
      96.10466003417969,
      78.95172119140625,
      27.032922744750977,
      20.634124755859375,
      5.6759443283081055,
      3.450134038925171
    ],
    [
      0.07225529104471207,
      0.008294906467199326,
      5.953227519989014,
      4.671872138977051,
      61.30742263793945,
      53.84294509887695,
      60.717166900634766,
      53.2338981628418,
      86.8516845703125,
      74.3094482421875,
      63.98836135864258,
      68.16604614257812,
      65.38729858398438,
      59.87521743774414,
      30.28571319580078,
      24.72984504699707,
      7.088714599609375,
      4.187403678894043
    ],
    [
      0.12437471002340317,
      0.013941098004579544,
      62.214412689208984,
      29.736175537109375,
      124.45073699951172,
      96.79743194580078,
      72.4251480102539,
      100.70545959472656,
      74.3094482421875,
      119.1846923828125,
      56.833961486816406,
      117.1230697631836,
      106.01338195800781,
      89.62106323242188,
      36.01396560668945,
      28.710702896118164,
      8.013092041015625,
      4.781676769256592
    ],
    [
      0.06119885295629501,
      0.007119108457118273,
      4.469822406768799,
      6.146910190582275,
      44.63592529296875,
      42.18021774291992,
      45.15567398071289,
      41.06465530395508,
      63.98836135864258,
      56.833961486816406,
      59.365753173828125,
      51.54777908325195,
      51.58182907104492,
      48.03017044067383,
      24.342613220214844,
      19.6905460357666,
      5.70752477645874,
      3.3943443298339844
    ],
    [
      0.12511003017425537,
      0.013971034437417984,
      75.02850341796875,
      32.22050094604492,
      131.32876586914062,
      98.22332763671875,
      76.0666732788086,
      103.45870208740234,
      68.16604614257812,
      117.1230697631836,
      51.54777908325195,
      120.3345947265625,
      110.82939147949219,
      92.4039077758789,
      33.119361877441406,
      25.839914321899414,
      7.147556781768799,
      4.30346155166626
    ],
    [
      0.1342412531375885,
      0.014893685467541218,
      79.95585632324219,
      34.746761322021484,
      123.16477966308594,
      92.44221496582031,
      76.97525787353516,
      96.10466003417969,
      65.38729858398438,
      106.01338195800781,
      51.58182907104492,
      110.82939147949219,
      106.31169891357422,
      88.26612091064453,
      30.083206176757812,
      22.93263053894043,
      6.392724514007568,
      3.9023754596710205
    ],
    [
      0.0880206897854805,
      0.009983020834624767,
      54.26194763183594,
      20.254928588867188,
      95.95093536376953,
      73.68848419189453,
      62.88783645629883,
      78.95172119140625,
      59.87521743774414,
      89.62106323242188,
      48.03017044067383,
      92.4039077758789,
      88.26612091064453,
      75.80582427978516,
      27.459030151367188,
      21.56258201599121,
      6.201519966125488,
      3.6837515830993652
    ],
    [
      0.02881529927253723,
      0.00337622850202024,
      5.285373210906982,
      2.1662893295288086,
      29.633058547973633,
      25.888744354248047,
      20.916019439697266,
      27.032922744750977,
      30.28571319580078,
      36.01396560668945,
      24.342613220214844,
      33.119361877441406,
      30.083206176757812,
      27.459030151367188,
      14.345117568969727,
      11.999445915222168,
      3.514171600341797,
      2.058823823928833
    ],
    [
      0.015322637744247913,
      0.0018857928225770593,
      -0.37292197346687317,
      -1.1204466819763184,
      21.261333465576172,
      19.148378372192383,
      15.165078163146973,
      20.634124755859375,
      24.72984504699707,
      28.710702896118164,
      19.6905460357666,
      25.839914321899414,
      22.93263053894043,
      21.56258201599121,
      11.999445915222168,
      10.266706466674805,
      3.0579144954681396,
      1.7639447450637817
    ],
    [
      0.0018318829825147986,
      0.0002731058921199292,
      -0.8115150332450867,
      -1.0017039775848389,
      5.446691989898682,
      5.067780017852783,
      4.109820365905762,
      5.6759443283081055,
      7.088714599609375,
      8.013092041015625,
      5.70752477645874,
      7.147556781768799,
      6.392724514007568,
      6.201519966125488,
      3.514171600341797,
      3.0579144954681396,
      0.9551504850387573,
      0.5436286926269531
    ],
    [
      0.0027712553273886442,
      0.000339844380505383,
      0.054543912410736084,
      -0.15465956926345825,
      3.545217514038086,
      3.2347164154052734,
      2.6179003715515137,
      3.450134038925171,
      4.187403678894043,
      4.781676769256592,
      3.3943443298339844,
      4.30346155166626,
      3.9023754596710205,
      3.6837515830993652,
      2.058823823928833,
      1.7639447450637817,
      0.5436286926269531,
      0.31670081615448
    ]
  ],
  "covariance_short": [
    [
      0.01873801089823246,
      0.0009596513700671494,
      0.7885111570358276,
      0.6238724589347839,
      0.7532735466957092,
      0.6273984313011169,
      0.6304985284805298,
      0.42318418622016907,
      0.6359304785728455,
      0.4815237522125244,
      0.6383988857269287,
      0.4483086168766022,
      0.46284234523773193,
      0.3290330469608307,
      0.16469818353652954,
      0.1106284037232399,
      0.02422390691936016,
      0.022781729698181152
    ],
    [
      0.0009596513700671494,
      0.00011211156379431486,
      0.06157783418893814,
      0.05024360120296478,
      0.0612010732293129,
      0.05330202728509903,
      0.05112762004137039,
      0.03689068555831909,
      0.05294230952858925,
      0.041931938380002975,
      0.052794620394706726,
      0.03807893767952919,
      0.03583451732993126,
      0.0256890207529068,
      0.013569547794759274,
      0.009713960811495781,
      0.0023841746151447296,
      0.0019913192372769117
    ],
    [
      0.7885111570358276,
      0.06157783418893814,
      167.1253204345703,
      81.32390594482422,
      100.52571868896484,
      70.17369079589844,
      129.09957885742188,
      79.43944549560547,
      111.37987518310547,
      58.7809944152832,
      115.29438781738281,
      73.60231018066406,
      85.15570831298828,
      62.220619201660156,
      9.206597328186035,
      3.1413793563842773,
      0.3814960718154907,
      0.7564281225204468
    ],
    [
      0.6238724589347839,
      0.05024360120296478,
      81.32390594482422,
      56.23622131347656,
      51.46446228027344,
      41.92161178588867,
      57.90209197998047,
      38.83897018432617,
      48.25297546386719,
      32.31309127807617,
      50.866397857666016,
      33.52672576904297,
      36.200443267822266,
      25.721790313720703,
      5.508781433105469,
      2.440232276916504,
      0.337054044008255,
      0.554110050201416
    ],
    [
      0.7532735466957092,
      0.0612010732293129,
      100.52571868896484,
      51.46446228027344,
      155.08157348632812,
      102.73588562011719,
      161.16127014160156,
      107.31800079345703,
      168.4540557861328,
      110.85506439208984,
      167.56874084472656,
      120.74581146240234,
      109.44731903076172,
      83.30520629882812,
      28.116680145263672,
      21.179487228393555,
      6.643792152404785,
      4.601273059844971
    ],
    [
      0.6273984313011169,
      0.05330202728509903,
      70.17369079589844,
      41.92161178588867,
      102.73588562011719,
      81.77855682373047,
      107.982666015625,
      78.57676696777344,
      116.69990539550781,
      83.58100128173828,
      115.75114440917969,
      86.78858184814453,
      78.85467529296875,
      63.35344696044922,
      24.094161987304688,
      18.853010177612305,
      6.039337158203125,
      4.06137752532959
    ],
    [
      0.6304985284805298,
      0.05112762004137039,
      129.09957885742188,
      57.90209197998047,
      161.16127014160156,
      107.982666015625,
      192.0537872314453,
      128.2598114013672,
      192.71498107910156,
      122.56909942626953,
      194.2478485107422,
      140.9713134765625,
      133.21592712402344,
      104.80387878417969,
      29.66895294189453,
      21.800228118896484,
      6.893070697784424,
      4.654148578643799
    ],
    [
      0.42318418622016907,
      0.03689068555831909,
      79.43944549560547,
      38.83897018432617,
      107.31800079345703,
      78.57676696777344,
      128.2598114013672,
      96.2760009765625,
      132.97532653808594,
      91.93378448486328,
      133.5166473388672,
      101.2556381225586,
      91.70895385742188,
      75.09701538085938,
      22.977556228637695,
      17.708677291870117,
      5.643500328063965,
      3.6280064582824707
    ],
    [
      0.6359304785728455,
      0.05294230952858925,
      111.37987518310547,
      48.25297546386719,
      168.4540557861328,
      116.69990539550781,
      192.71498107910156,
      132.97532653808594,
      210.37957763671875,
      138.4495086669922,
      207.41737365722656,
      153.4268035888672,
      143.39723205566406,
      115.86902618408203,
      38.86752700805664,
      30.356807708740234,
      9.725093841552734,
      6.385514736175537
    ],
    [
      0.4815237522125244,
      0.041931938380002975,
      58.7809944152832,
      32.31309127807617,
      110.85506439208984,
      83.58100128173828,
      122.56909942626953,
      91.93378448486328,
      138.4495086669922,
      104.74671936035156,
      137.18099975585938,
      106.8163833618164,
      92.88233947753906,
      78.32498168945312,
      28.81841278076172,
      23.352712631225586,
      7.731782913208008,
      4.967772483825684
    ],
    [
      0.6383988857269287,
      0.052794620394706726,
      115.29438781738281,
      50.866397857666016,
      167.56874084472656,
      115.75114440917969,
      194.2478485107422,
      133.5166473388672,
      207.41737365722656,
      137.18099975585938,
      207.34396362304688,
      153.03359985351562,
      142.7342987060547,
      115.04493713378906,
      36.450958251953125,
      28.120866775512695,
      9.018696784973145,
      5.941803455352783
    ],
    [
      0.4483086168766022,
      0.03807893767952919,
      73.60231018066406,
      33.52672576904297,
      120.74581146240234,
      86.78858184814453,
      140.9713134765625,
      101.2556381225586,
      153.4268035888672,
      106.8163833618164,
      153.03359985351562,
      117.48574829101562,
      105.60118103027344,
      87.29510498046875,
      29.059736251831055,
      22.97404670715332,
      7.377963542938232,
      4.784361839294434
    ],
    [
      0.46284234523773193,
      0.03583451732993126,
      85.15570831298828,
      36.200443267822266,
      109.44731903076172,
      78.85467529296875,
      133.21592712402344,
      91.70895385742188,
      143.39723205566406,
      92.88233947753906,
      142.7342987060547,
      105.60118103027344,
      106.4244613647461,
      87.48649597167969,
      28.83776092529297,
      22.152273178100586,
      7.305302619934082,
      4.824991226196289
    ],
    [
      0.3290330469608307,
      0.0256890207529068,
      62.220619201660156,
      25.721790313720703,
      83.30520629882812,
      63.35344696044922,
      104.80387878417969,
      75.09701538085938,
      115.86902618408203,
      78.32498168945312,
      115.04493713378906,
      87.29510498046875,
      87.48649597167969,
      74.9885025024414,
      25.567195892333984,
      20.11859893798828,
      6.81764554977417,
      4.424427032470703
    ],
    [
      0.16469818353652954,
      0.013569547794759274,
      9.206597328186035,
      5.508781433105469,
      28.116680145263672,
      24.094161987304688,
      29.66895294189453,
      22.977556228637695,
      38.86752700805664,
      28.81841278076172,
      36.450958251953125,
      29.059736251831055,
      28.83776092529297,
      25.567195892333984,
      13.665329933166504,
      11.475003242492676,
      4.024588584899902,
      2.612375020980835
    ],
    [
      0.1106284037232399,
      0.009713960811495781,
      3.1413793563842773,
      2.440232276916504,
      21.179487228393555,
      18.853010177612305,
      21.800228118896484,
      17.708677291870117,
      30.356807708740234,
      23.352712631225586,
      28.120866775512695,
      22.97404670715332,
      22.152273178100586,
      20.11859893798828,
      11.475003242492676,
      9.866938591003418,
      3.500235080718994,
      2.2417526245117188
    ],
    [
      0.02422390691936016,
      0.0023841746151447296,
      0.3814960718154907,
      0.337054044008255,
      6.643792152404785,
      6.039337158203125,
      6.893070697784424,
      5.643500328063965,
      9.725093841552734,
      7.731782913208008,
      9.018696784973145,
      7.377963542938232,
      7.305302619934082,
      6.81764554977417,
      4.024588584899902,
      3.500235080718994,
      1.3838412761688232,
      0.8836246728897095
    ],
    [
      0.022781729698181152,
      0.0019913192372769117,
      0.7564281225204468,
      0.554110050201416,
      4.601273059844971,
      4.06137752532959,
      4.654148578643799,
      3.6280064582824707,
      6.385514736175537,
      4.967772483825684,
      5.941803455352783,
      4.784361839294434,
      4.824991226196289,
      4.424427032470703,
      2.612375020980835,
      2.2417526245117188,
      0.8836246728897095,
      0.5905956625938416
    ]
  ],
  "damage": -25.398029327392578,
  "diff_bandwidth": 1195.34619140625,
  "dissonance": 3.4986441491274074,
  "drr": -6.870396614074707,
  "dynamics": 5.394410133361816,
  "format": 1245190,
  "frames": 973760,
  "loudness": -32.27670669555664,
  "loudness_range": 13.489355087280273,
  "loudness_range_short": 34.86117935180664,
  "lowpass_true_peak_15khz": -14.821528434753418,
  "mastering3_acoustic_entropies": [
    {
      "acoustic_entropy": 5.467944622039795,
      "acoustic_entropy_mono": 5.380082130432129,
      "band_eliminated_acoustic_entropies": [
        {
          "acoustic_entropy": 5.467944145202637,
          "acoustic_entropy_side": 5.467944622039795,
          "hz": 129.47220167065723
        },
        {
          "acoustic_entropy": 5.467945098876953,
          "acoustic_entropy_side": 5.467944622039795,
          "hz": 202.92927478742237
        },
        {
          "acoustic_entropy": 5.437686443328857,
          "acoustic_entropy_side": 5.467892646789551,
          "hz": 282.89161906338205
        },
        {
          "acoustic_entropy": 5.6905059814453125,
          "acoustic_entropy_side": 5.475367069244385,
          "hz": 369.9353335868758
        },
        {
          "acoustic_entropy": 5.638648986816406,
          "acoustic_entropy_side": 5.481359481811523,
          "hz": 464.6875360973435
        },
        {
          "acoustic_entropy": 5.418419361114502,
          "acoustic_entropy_side": 5.461984157562256,
          "hz": 567.8308811364784
        },
        {
          "acoustic_entropy": 5.544092655181885,
          "acoustic_entropy_side": 5.474844932556152,
          "hz": 680.1084783214808
        },
        {
          "acoustic_entropy": 5.695353984832764,
          "acoustic_entropy_side": 5.536214351654053,
          "hz": 802.3292461747484
        },
        {
          "acoustic_entropy": 5.641403675079346,
          "acoustic_entropy_side": 5.462243556976318,
          "hz": 935.3737400823702
        },
        {
          "acoustic_entropy": 5.464559555053711,
          "acoustic_entropy_side": 5.444572925567627,
          "hz": 1080.2004963696966
        },
        {
          "acoustic_entropy": 5.442968845367432,
          "acoustic_entropy_side": 5.469916343688965,
          "hz": 1237.8529382007157
        },
        {
          "acoustic_entropy": 5.475765705108643,
          "acoustic_entropy_side": 5.476232051849365,
          "hz": 1409.4668930556702
        },
        {
          "acoustic_entropy": 5.361751556396484,
          "acoustic_entropy_side": 5.455142974853516,
          "hz": 1596.2787759475705
        },
        {
          "acoustic_entropy": 5.43201208114624,
          "acoustic_entropy_side": 5.441844463348389,
          "hz": 1799.6344973346393
        },
        {
          "acoustic_entropy": 5.499621868133545,
          "acoustic_entropy_side": 5.462299823760986,
          "hz": 2020.9991599069049
        },
        {
          "acoustic_entropy": 5.418468475341797,
          "acoustic_entropy_side": 5.455667018890381,
          "hz": 2261.9676141086993
        },
        {
          "acoustic_entropy": 5.523778915405273,
          "acoustic_entropy_side": 5.472625255584717,
          "hz": 2524.2759484456974
        },
        {
          "acoustic_entropy": 5.440051078796387,
          "acoustic_entropy_side": 5.442319869995117,
          "hz": 2809.813997359896
        },
        {
          "acoustic_entropy": 5.45525598526001,
          "acoustic_entropy_side": 5.460139274597168,
          "hz": 3120.6389567871424
        },
        {
          "acoustic_entropy": 5.460633754730225,
          "acoustic_entropy_side": 5.467132568359375,
          "hz": 3458.990205492291
        },
        {
          "acoustic_entropy": 5.456053256988525,
          "acoustic_entropy_side": 5.467001438140869,
          "hz": 3827.305438964164
        },
        {
          "acoustic_entropy": 5.432897567749023,
          "acoustic_entropy_side": 5.434868335723877,
          "hz": 4228.238232109126
        },
        {
          "acoustic_entropy": 5.454183101654053,
          "acoustic_entropy_side": 5.460574150085449,
          "hz": 4664.6771572759235
        },
        {
          "acoustic_entropy": 5.466150283813477,
          "acoustic_entropy_side": 5.467030048370361,
          "hz": 5139.766595350093
        },
        {
          "acoustic_entropy": 5.46738862991333,
          "acoustic_entropy_side": 5.468008518218994,
          "hz": 5656.929389854203
        },
        {
          "acoustic_entropy": 5.461426734924316,
          "acoustic_entropy_side": 5.466527938842773,
          "hz": 6219.891507268283
        },
        {
          "acoustic_entropy": 5.464757919311523,
          "acoustic_entropy_side": 5.467695236206055,
          "hz": 6832.70888123896
        },
        {
          "acoustic_entropy": 5.467995643615723,
          "acoustic_entropy_side": 5.467949390411377,
          "hz": 7499.796634079867
        },
        {
          "acoustic_entropy": 5.467770576477051,
          "acoustic_entropy_side": 5.467891693115234,
          "hz": 8225.96088609342
        },
        {
          "acoustic_entropy": 5.4676361083984375,
          "acoustic_entropy_side": 5.46778678894043,
          "hz": 9016.43338188839
        },
        {
          "acoustic_entropy": 5.4677863121032715,
          "acoustic_entropy_side": 5.4679107666015625,
          "hz": 9876.909183162974
        },
        {
          "acoustic_entropy": 5.467945098876953,
          "acoustic_entropy_side": 5.4679436683654785,
          "hz": 10813.587699516042
        },
        {
          "acoustic_entropy": 5.467939853668213,
          "acoustic_entropy_side": 5.467944145202637,
          "hz": 11833.21735289826
        },
        {
          "acoustic_entropy": 5.467937469482422,
          "acoustic_entropy_side": 5.467942714691162,
          "hz": 12943.144197493959
        },
        {
          "acoustic_entropy": 5.467938423156738,
          "acoustic_entropy_side": 5.467944145202637,
          "hz": 14151.364845322005
        },
        {
          "acoustic_entropy": 5.4679436683654785,
          "acoustic_entropy_side": 5.467944145202637,
          "hz": 15466.58407886509
        },
        {
          "acoustic_entropy": 5.467944622039795,
          "acoustic_entropy_side": 5.467944622039795,
          "hz": 16898.27756580493
        },
        {
          "acoustic_entropy": 5.467944145202637,
          "acoustic_entropy_side": 5.467944622039795,
          "hz": 18456.760127700032
        },
        {
          "acoustic_entropy": 5.467944622039795,
          "acoustic_entropy_side": 5.467944622039795,
          "hz": 20153.260054456492
        },
        {
          "acoustic_entropy": 5.467944622039795,
          "acoustic_entropy_side": 5.467944622039795,
          "hz": 22000.00000000001
        }
      ],
      "diff_acoustic_entropy": 6.074563503265381,
      "sn": 6
    },
    {
      "acoustic_entropy": 7.692128658294678,
      "acoustic_entropy_mono": 7.872046947479248,
      "band_eliminated_acoustic_entropies": [
        {
          "acoustic_entropy": 7.692128658294678,
          "acoustic_entropy_side": 7.692128658294678,
          "hz": 129.47220167065723
        },
        {
          "acoustic_entropy": 7.692129611968994,
          "acoustic_entropy_side": 7.692129135131836,
          "hz": 202.92927478742237
        },
        {
          "acoustic_entropy": 7.727487564086914,
          "acoustic_entropy_side": 7.691230773925781,
          "hz": 282.89161906338205
        },
        {
          "acoustic_entropy": 8.051178932189941,
          "acoustic_entropy_side": 7.693202495574951,
          "hz": 369.9353335868758
        },
        {
          "acoustic_entropy": 7.692920684814453,
          "acoustic_entropy_side": 7.726984977722168,
          "hz": 464.6875360973435
        },
        {
          "acoustic_entropy": 7.648147106170654,
          "acoustic_entropy_side": 7.664211273193359,
          "hz": 567.8308811364784
        },
        {
          "acoustic_entropy": 7.757946014404297,
          "acoustic_entropy_side": 7.663801670074463,
          "hz": 680.1084783214808
        },
        {
          "acoustic_entropy": 8.234262466430664,
          "acoustic_entropy_side": 7.808391094207764,
          "hz": 802.3292461747484
        },
        {
          "acoustic_entropy": 7.432103157043457,
          "acoustic_entropy_side": 7.725975036621094,
          "hz": 935.3737400823702
        },
        {
          "acoustic_entropy": 7.876075267791748,
          "acoustic_entropy_side": 7.723954200744629,
          "hz": 1080.2004963696966
        },
        {
          "acoustic_entropy": 7.677985668182373,
          "acoustic_entropy_side": 7.716597557067871,
          "hz": 1237.8529382007157
        },
        {
          "acoustic_entropy": 7.607242584228516,
          "acoustic_entropy_side": 7.747818946838379,
          "hz": 1409.4668930556702
        },
        {
          "acoustic_entropy": 7.682012557983398,
          "acoustic_entropy_side": 7.768219947814941,
          "hz": 1596.2787759475705
        },
        {
          "acoustic_entropy": 7.777507305145264,
          "acoustic_entropy_side": 7.676263332366943,
          "hz": 1799.6344973346393
        },
        {
          "acoustic_entropy": 7.733964443206787,
          "acoustic_entropy_side": 7.674549579620361,
          "hz": 2020.9991599069049
        },
        {
          "acoustic_entropy": 7.610519886016846,
          "acoustic_entropy_side": 7.711649417877197,
          "hz": 2261.9676141086993
        },
        {
          "acoustic_entropy": 7.736767292022705,
          "acoustic_entropy_side": 7.644896030426025,
          "hz": 2524.2759484456974
        },
        {
          "acoustic_entropy": 7.675537586212158,
          "acoustic_entropy_side": 7.632349491119385,
          "hz": 2809.813997359896
        },
        {
          "acoustic_entropy": 7.7126145362854,
          "acoustic_entropy_side": 7.673882961273193,
          "hz": 3120.6389567871424
        },
        {
          "acoustic_entropy": 7.595108509063721,
          "acoustic_entropy_side": 7.681485176086426,
          "hz": 3458.990205492291
        },
        {
          "acoustic_entropy": 7.818131923675537,
          "acoustic_entropy_side": 7.753048896789551,
          "hz": 3827.305438964164
        },
        {
          "acoustic_entropy": 7.694048881530762,
          "acoustic_entropy_side": 7.652256965637207,
          "hz": 4228.238232109126
        },
        {
          "acoustic_entropy": 7.758285999298096,
          "acoustic_entropy_side": 7.734086036682129,
          "hz": 4664.6771572759235
        },
        {
          "acoustic_entropy": 7.767285346984863,
          "acoustic_entropy_side": 7.727993011474609,
          "hz": 5139.766595350093
        },
        {
          "acoustic_entropy": 7.728994369506836,
          "acoustic_entropy_side": 7.708529949188232,
          "hz": 5656.929389854203
        },
        {
          "acoustic_entropy": 7.723416328430176,
          "acoustic_entropy_side": 7.698134422302246,
          "hz": 6219.891507268283
        },
        {
          "acoustic_entropy": 7.687891006469727,
          "acoustic_entropy_side": 7.684141159057617,
          "hz": 6832.70888123896
        },
        {
          "acoustic_entropy": 7.7014994621276855,
          "acoustic_entropy_side": 7.690343856811523,
          "hz": 7499.796634079867
        },
        {
          "acoustic_entropy": 7.690731525421143,
          "acoustic_entropy_side": 7.691168785095215,
          "hz": 8225.96088609342
        },
        {
          "acoustic_entropy": 7.686595916748047,
          "acoustic_entropy_side": 7.68938684463501,
          "hz": 9016.43338188839
        },
        {
          "acoustic_entropy": 7.689609527587891,
          "acoustic_entropy_side": 7.691650390625,
          "hz": 9876.909183162974
        },
        {
          "acoustic_entropy": 7.691863059997559,
          "acoustic_entropy_side": 7.692099094390869,
          "hz": 10813.587699516042
        },
        {
          "acoustic_entropy": 7.69188117980957,
          "acoustic_entropy_side": 7.692121982574463,
          "hz": 11833.21735289826
        },
        {
          "acoustic_entropy": 7.691696643829346,
          "acoustic_entropy_side": 7.692087173461914,
          "hz": 12943.144197493959
        },
        {
          "acoustic_entropy": 7.692002296447754,
          "acoustic_entropy_side": 7.6921067237854,
          "hz": 14151.364845322005
        },
        {
          "acoustic_entropy": 7.6921210289001465,
          "acoustic_entropy_side": 7.692126274108887,
          "hz": 15466.58407886509
        },
        {
          "acoustic_entropy": 7.6921281814575195,
          "acoustic_entropy_side": 7.692128658294678,
          "hz": 16898.27756580493
        },
        {
          "acoustic_entropy": 7.692127704620361,
          "acoustic_entropy_side": 7.692129135131836,
          "hz": 18456.760127700032
        },
        {
          "acoustic_entropy": 7.692128658294678,
          "acoustic_entropy_side": 7.692128658294678,
          "hz": 20153.260054456492
        },
        {
          "acoustic_entropy": 7.692129135131836,
          "acoustic_entropy_side": 7.692129135131836,
          "hz": 22000.00000000001
        }
      ],
      "diff_acoustic_entropy": 7.793789386749268,
      "sn": 12
    },
    {
      "acoustic_entropy": 11.253522872924805,
      "acoustic_entropy_mono": 10.927955627441406,
      "band_eliminated_acoustic_entropies": [
        {
          "acoustic_entropy": 11.253521919250488,
          "acoustic_entropy_side": 11.253522872924805,
          "hz": 129.47220167065723
        },
        {
          "acoustic_entropy": 11.253548622131348,
          "acoustic_entropy_side": 11.253520965576172,
          "hz": 202.92927478742237
        },
        {
          "acoustic_entropy": 11.277754783630371,
          "acoustic_entropy_side": 11.253671646118164,
          "hz": 282.89161906338205
        },
        {
          "acoustic_entropy": 11.348347663879395,
          "acoustic_entropy_side": 11.263294219970703,
          "hz": 369.9353335868758
        },
        {
          "acoustic_entropy": 11.480944633483887,
          "acoustic_entropy_side": 11.254338264465332,
          "hz": 464.6875360973435
        },
        {
          "acoustic_entropy": 11.155449867248535,
          "acoustic_entropy_side": 11.29409408569336,
          "hz": 567.8308811364784
        },
        {
          "acoustic_entropy": 11.361442565917969,
          "acoustic_entropy_side": 11.222034454345703,
          "hz": 680.1084783214808
        },
        {
          "acoustic_entropy": 12.16332721710205,
          "acoustic_entropy_side": 11.605207443237305,
          "hz": 802.3292461747484
        },
        {
          "acoustic_entropy": 10.636369705200195,
          "acoustic_entropy_side": 11.111652374267578,
          "hz": 935.3737400823702
        },
        {
          "acoustic_entropy": 11.315982818603516,
          "acoustic_entropy_side": 11.425443649291992,
          "hz": 1080.2004963696966
        },
        {
          "acoustic_entropy": 11.451311111450195,
          "acoustic_entropy_side": 11.267110824584961,
          "hz": 1237.8529382007157
        },
        {
          "acoustic_entropy": 11.241747856140137,
          "acoustic_entropy_side": 11.24786376953125,
          "hz": 1409.4668930556702
        },
        {
          "acoustic_entropy": 11.236172676086426,
          "acoustic_entropy_side": 11.479656219482422,
          "hz": 1596.2787759475705
        },
        {
          "acoustic_entropy": 11.279623985290527,
          "acoustic_entropy_side": 11.246227264404297,
          "hz": 1799.6344973346393
        },
        {
          "acoustic_entropy": 11.233753204345703,
          "acoustic_entropy_side": 11.212044715881348,
          "hz": 2020.9991599069049
        },
        {
          "acoustic_entropy": 11.322500228881836,
          "acoustic_entropy_side": 11.29833698272705,
          "hz": 2261.9676141086993
        },
        {
          "acoustic_entropy": 11.299915313720703,
          "acoustic_entropy_side": 11.231255531311035,
          "hz": 2524.2759484456974
        },
        {
          "acoustic_entropy": 11.223000526428223,
          "acoustic_entropy_side": 11.233668327331543,
          "hz": 2809.813997359896
        },
        {
