{
  "acoustic_entropy": 202.83401489257812,
  "bands": [
    {
      "high_freq": 148.1999969482422,
      "loudness": -33.71343994140625,
      "loudness_range": 16.64348793029785,
      "mid_mean": -33.104530334472656,
      "mid_to_side_loudness": -0.7981410622596741,
      "mid_to_side_loudness_range": 10.956043243408203,
      "side_mean": -33.86148452758789
    },
    {
      "high_freq": 392.3793640136719,
      "loudness": -23.73615837097168,
      "loudness_range": 9.883749008178711,
      "low_freq": 148.1999969482422,
      "mid_mean": -21.993608474731445,
      "mid_to_side_loudness": -2.6896190643310547,
      "mid_to_side_loudness_range": 5.422153949737549,
      "side_mean": -24.696870803833008
    },
    {
      "high_freq": 794.6976318359375,
      "loudness": -22.557741165161133,
      "loudness_range": 11.402765274047852,
      "low_freq": 392.3793640136719,
      "mid_mean": -20.04244613647461,
      "mid_to_side_loudness": -5.642838954925537,
      "mid_to_side_loudness_range": 8.31698226928711,
      "side_mean": -25.820175170898438
    },
    {
      "high_freq": 1457.5709228515625,
      "loudness": -22.806604385375977,
      "loudness_range": 17.356843948364258,
      "low_freq": 794.6976318359375,
      "mid_mean": -20.051372528076172,
      "mid_to_side_loudness": -7.691423416137695,
      "mid_to_side_loudness_range": 11.942887306213379,
      "side_mean": -27.928483963012695
    },
    {
      "high_freq": 2549.74365234375,
      "loudness": -28.140729904174805,
      "loudness_range": 9.665971755981445,
      "low_freq": 1457.5709228515625,
      "mid_mean": -26.078006744384766,
      "mid_to_side_loudness": -3.676069498062134,
      "mid_to_side_loudness_range": 5.722818851470947,
      "side_mean": -29.845727920532227
    },
    {
      "high_freq": 4349.24462890625,
      "loudness": -28.960742950439453,
      "loudness_range": 11.517955780029297,
      "low_freq": 2549.74365234375,
      "mid_mean": -26.875530242919922,
      "mid_to_side_loudness": -3.6438324451446533,
      "mid_to_side_loudness_range": 4.405200481414795,
      "side_mean": -30.534061431884766
    },
    {
      "high_freq": 7314.1640625,
      "loudness": -33.834964752197266,
      "loudness_range": 12.83403205871582,
      "low_freq": 4349.24462890625,
      "mid_mean": -31.721656799316406,
      "mid_to_side_loudness": -3.7500531673431396,
      "mid_to_side_loudness_range": 4.481423377990723,
      "side_mean": -35.49658966064453
    },
    {
      "high_freq": 12199.2666015625,
      "loudness": -40.3818244934082,
      "loudness_range": 16.595542907714844,
      "low_freq": 7314.1640625,
      "mid_mean": -38.00304412841797,
      "mid_to_side_loudness": -4.685393333435059,
      "mid_to_side_loudness_range": 4.918551445007324,
      "side_mean": -42.7943229675293
    },
    {
      "loudness": -50.03273010253906,
      "loudness_range": 19.37814712524414,
      "low_freq": 12199.2666015625,
      "mid_mean": -47.871273040771484,
      "mid_to_side_loudness": -4.155070781707764,
      "mid_to_side_loudness_range": 4.816079616546631,
      "side_mean": -52.47987747192383
    }
  ],
  "bands_short": [
    {
      "high_freq": 148.1999969482422,
      "loudness": -38.977840423583984,
      "loudness_range": 26.715049743652344,
      "mid_mean": -38.56761169433594,
      "mid_to_side_loudness": -0.7221447229385376,
      "mid_to_side_loudness_range": 13.712761878967285,
      "side_mean": -39.030723571777344
    },
    {
      "high_freq": 392.3793640136719,
      "loudness": -25.846433639526367,
      "loudness_range": 15.721822738647461,
      "low_freq": 148.1999969482422,
      "mid_mean": -24.429119110107422,
      "mid_to_side_loudness": -2.2252140045166016,
      "mid_to_side_loudness_range": 8.654966354370117,
      "side_mean": -26.671016693115234
    },
    {
      "high_freq": 794.6976318359375,
      "loudness": -24.544713973999023,
      "loudness_range": 17.932676315307617,
      "low_freq": 392.3793640136719,
      "mid_mean": -22.50067901611328,
      "mid_to_side_loudness": -4.6157636642456055,
      "mid_to_side_loudness_range": 12.512157440185547,
      "side_mean": -27.24968719482422
    },
    {
      "high_freq": 1457.5709228515625,
      "loudness": -23.514942169189453,
      "loudness_range": 20.564075469970703,
      "low_freq": 794.6976318359375,
      "mid_mean": -21.023178100585938,
      "mid_to_side_loudness": -7.192364692687988,
      "mid_to_side_loudness_range": 15.747519493103027,
      "side_mean": -28.430566787719727
    },
    {
      "high_freq": 2549.74365234375,
      "loudness": -29.25993537902832,
      "loudness_range": 13.937223434448242,
      "low_freq": 1457.5709228515625,
      "mid_mean": -27.40087127685547,
      "mid_to_side_loudness": -3.414457082748413,
      "mid_to_side_loudness_range": 8.735601425170898,
      "side_mean": -30.888675689697266
    },
    {
      "high_freq": 4349.24462890625,
      "loudness": -30.047910690307617,
      "loudness_range": 16.560571670532227,
      "low_freq": 2549.74365234375,
      "mid_mean": -28.05878257751465,
      "mid_to_side_loudness": -3.5451879501342773,
      "mid_to_side_loudness_range": 6.365446090698242,
      "side_mean": -31.64118766784668
    },
    {
      "high_freq": 7314.1640625,
      "loudness": -35.05845260620117,
      "loudness_range": 18.29986000061035,
      "low_freq": 4349.24462890625,
      "mid_mean": -32.979007720947266,
      "mid_to_side_loudness": -3.861832618713379,
      "mid_to_side_loudness_range": 6.288958549499512,
      "side_mean": -36.913631439208984
    },
    {
      "high_freq": 12199.2666015625,
      "loudness": -41.876224517822266,
      "loudness_range": 21.80076026916504,
      "low_freq": 7314.1640625,
      "mid_mean": -39.64347457885742,
      "mid_to_side_loudness": -4.791403770446777,
      "mid_to_side_loudness_range": 6.389532089233398,
      "side_mean": -44.68560028076172
    },
    {
      "loudness": -51.55959701538086,
      "loudness_range": 23.963947296142578,
      "low_freq": 12199.2666015625,
      "mid_mean": -50.6461181640625,
      "mid_to_side_loudness": -4.316390037536621,
      "mid_to_side_loudness_range": 6.2920942306518555,
      "side_mean": -54.530113220214844
    }
  ],
  "bandwidth": 778.91259765625,
  "channels": 2,
  "covariance": [
    [
      37.71580505371094,
      32.196739196777344,
      3.937438726425171,
      1.9811195135116577,
      -0.7395822405815125,
      -0.053595226258039474,
      -6.829349994659424,
      -1.6689248085021973,
      -0.28806233406066895,
      0.07829346507787704,
      -1.3391128778457642,
      -0.6159698963165283,
      -0.60462886095047,
      -0.40927284955978394,
      0.07743377238512039,
      -0.5335745811462402,
      0.9403722286224365,
      1.5558058023452759
    ],
    [
      32.196739196777344,
      44.771484375,
      6.729487419128418,
      6.254108428955078,
      2.7288177013397217,
      3.4471118450164795,
      -3.7762176990509033,
      -0.008463134989142418,
      0.8307843208312988,
      1.6481120586395264,
      0.21591311693191528,
      -0.30135655403137207,
      1.571793794631958,
      1.7446295022964478,
      2.9153521060943604,
      1.7675445079803467,
      5.129208564758301,
      4.943424224853516
    ],
    [
      3.937438726425171,
      6.729487419128418,
      15.478370666503906,
      13.850526809692383,
      8.618319511413574,
      8.817368507385254,
      10.157425880432129,
      8.45464038848877,
      6.896162986755371,
      7.315817356109619,
      7.707327365875244,
      7.321461200714111,
      7.6241254806518555,
      7.720776557922363,
      9.011801719665527,
      9.061330795288086,
      10.397919654846191,
      10.187958717346191
    ],
    [
      1.9811195135116577,
      6.254108428955078,
      13.850526809692383,
      16.668180465698242,
      11.09105396270752,
      10.901459693908691,
      15.411754608154297,
      10.844110488891602,
      8.24736499786377,
      8.93624210357666,
      10.383766174316406,
      9.268484115600586,
      10.132720947265625,
      9.719090461730957,
      11.991450309753418,
      11.889479637145996,
      13.572888374328613,
      12.936769485473633
    ],
    [
      -0.7395822405815125,
      2.7288177013397217,
      8.618319511413574,
      11.09105396270752,
      22.887401580810547,
      14.691092491149902,
      17.20338249206543,
      11.202188491821289,
      10.757954597473145,
      9.768911361694336,
      10.547804832458496,
      8.989750862121582,
      9.418974876403809,
      8.567830085754395,
      9.384956359863281,
      9.851802825927734,
      11.033624649047852,
      9.730841636657715
    ],
    [
      -0.053595226258039474,
      3.4471118450164795,
      8.817368507385254,
      10.901459693908691,
      14.691092491149902,
      15.271529197692871,
      15.914469718933105,
      11.264078140258789,
      9.322127342224121,
      10.028716087341309,
      10.73422908782959,
      9.573444366455078,
      9.868428230285645,
      9.677742004394531,
      9.958497047424316,
      10.477766990661621,
      11.763069152832031,
      11.422067642211914
    ],
    [
      -6.829349994659424,
      -3.7762176990509033,
      10.157425880432129,
      15.411754608154297,
      17.20338249206543,
      15.914469718933105,
      53.087646484375,
      26.473539352416992,
      17.447036743164062,
      16.979211807250977,
      23.98497200012207,
      20.71914291381836,
      22.584741592407227,
      20.722837448120117,
      25.53075408935547,
      24.98312759399414,
      28.573646545410156,
      24.4751033782959
    ],
    [
      -1.6689248085021973,
      -0.008463134989142418,
      8.45464038848877,
      10.844110488891602,
      11.202188491821289,
      11.264078140258789,
      26.473539352416992,
      19.776201248168945,
      10.320759773254395,
      12.122840881347656,
      15.057401657104492,
      13.806662559509277,
      14.760420799255371,
      14.35054874420166,
      16.648103713989258,
      16.74401092529297,
      18.87116050720215,
      17.153644561767578
    ],
    [
      -0.28806233406066895,
      0.8307843208312988,
      6.896162986755371,
      8.24736499786377,
      10.757954597473145,
      9.322127342224121,
      17.447036743164062,
      10.320759773254395,
      14.693467140197754,
      11.632767677307129,
      13.2268648147583,
      12.352678298950195,
      13.269501686096191,
      12.795965194702148,
      13.252429008483887,
      13.498976707458496,
      15.219871520996094,
      13.526715278625488
    ],
    [
      0.07829346507787704,
      1.6481120586395264,
      7.315817356109619,
      8.93624210357666,
      9.768911361694336,
      10.028716087341309,
      16.979211807250977,
      12.122840881347656,
      11.632767677307129,
      13.984488487243652,
      14.441081047058105,
      13.603453636169434,
      14.32582950592041,
      14.133288383483887,
      14.796538352966309,
      14.920568466186523,
      17.170366287231445,
      15.619466781616211
    ],
    [
      -1.3391128778457642,
      0.21591311693191528,
      7.707327365875244,
      10.383766174316406,
      10.547804832458496,
      10.73422908782959,
      23.98497200012207,
      15.057401657104492,
      13.2268648147583,
      14.441081047058105,
      23.049461364746094,
      19.538806915283203,
      22.759628295898438,
      19.991233825683594,
      26.794599533081055,
      24.932693481445312,
      30.161426544189453,
      25.92577362060547
    ],
    [
      -0.6159698963165283,
      -0.30135655403137207,
      7.321461200714111,
      9.268484115600586,
      8.989750862121582,
      9.573444366455078,
      20.71914291381836,
      13.806662559509277,
      12.352678298950195,
      13.603453636169434,
      19.538806915283203,
      18.521047592163086,
      19.529956817626953,
      18.46107292175293,
      21.72197723388672,
      21.21746826171875,
      24.400957107543945,
      21.659568786621094
    ],
    [
      -0.60462886095047,
      1.571793794631958,
      7.6241254806518555,
      10.132720947265625,
      9.418974876403809,
      9.868428230285645,
      22.584741592407227,
      14.760420799255371,
      13.269501686096191,
      14.32582950592041,
      22.759628295898438,
      19.529956817626953,
      25.46626853942871,
      22.26321029663086,
      29.836612701416016,
      27.46173095703125,
      33.83279037475586,
      28.81446075439453
    ],
    [
      -0.40927284955978394,
      1.7446295022964478,
      7.720776557922363,
      9.719090461730957,
      8.567830085754395,
      9.677742004394531,
      20.722837448120117,
      14.35054874420166,
      12.795965194702148,
      14.133288383483887,
      19.991233825683594,
      18.46107292175293,
      22.26321029663086,
      22.001850128173828,
      24.399255752563477,
      23.697858810424805,
      27.69099998474121,
      24.581642150878906
    ],
    [
      0.07743377238512039,
      2.9153521060943604,
      9.011801719665527,
      11.991450309753418,
      9.384956359863281,
      9.958497047424316,
      25.53075408935547,
      16.648103713989258,
      13.252429008483887,
      14.796538352966309,
      26.794599533081055,
      21.72197723388672,
      29.836612701416016,
      24.399255752563477,
      43.511871337890625,
      36.199893951416016,
      47.13983917236328,
      38.820919036865234
    ],
    [
      -0.5335745811462402,
      1.7675445079803467,
      9.061330795288086,
      11.889479637145996,
      9.851802825927734,
      10.477766990661621,
      24.98312759399414,
      16.74401092529297,
      13.498976707458496,
      14.920568466186523,
      24.932693481445312,
      21.21746826171875,
      27.46173095703125,
      23.697858810424805,
      36.199893951416016,
      33.26966094970703,
      40.77913284301758,
      34.64585494995117
    ],
    [
      0.9403722286224365,
      5.129208564758301,
      10.397919654846191,
      13.572888374328613,
      11.033624649047852,
      11.763069152832031,
      28.573646545410156,
      18.87116050720215,
      15.219871520996094,
      17.170366287231445,
      30.161426544189453,
      24.400957107543945,
      33.83279037475586,
      27.69099998474121,
      47.13983917236328,
      40.77913284301758,
      55.46484375,
      45.929229736328125
    ],
    [
      1.5558058023452759,
      4.943424224853516,
      10.187958717346191,
      12.936769485473633,
      9.730841636657715,
      11.422067642211914,
      24.4751033782959,
      17.153644561767578,
      13.526715278625488,
      15.619466781616211,
      25.92577362060547,
      21.659568786621094,
      28.81446075439453,
      24.581642150878906,
      38.820919036865234,
      34.64585494995117,
      45.929229736328125,
      47.54515838623047
    ]
  ],
  "covariance_short": [
    [
      82.27349853515625,
      75.0094985961914,
      15.309700012207031,
      13.019906044006348,
      4.7486467361450195,
      6.0931715965271,
      -1.4863579273223877,
      1.5599465370178223,
      3.6925153732299805,
      3.403642416000366,
      1.3710551261901855,
      1.620774745941162,
      2.6804192066192627,
      2.9815258979797363,
      4.800755977630615,
      3.5682525634765625,
      6.051005840301514,
      4.946557521820068
    ],
    [
      75.0094985961914,
      91.74961853027344,
      16.886381149291992,
      16.26532745361328,
      7.165400505065918,
      8.235361099243164,
      -0.5168682932853699,
      1.111074686050415,
      3.2153477668762207,
      3.131146192550659,
      -0.028001872822642326,
      -0.0372745543718338,
      0.80430668592453,
      1.6057015657424927,
      1.4627162218093872,
      0.8129960894584656,
      2.758782386779785,
      2.241110324859619
    ],
    [
      15.309700012207031,
      16.886381149291992,
      33.751708984375,
      27.785930633544922,
      19.711528778076172,
      18.9700984954834,
      14.371199607849121,
      12.201985359191895,
      13.660372734069824,
      12.402889251708984,
      12.965408325195312,
      12.634931564331055,
      12.682860374450684,
      13.289542198181152,
      12.278017044067383,
      13.198826789855957,
      14.230274200439453,
      12.661341667175293
    ],
    [
      13.019906044006348,
      16.26532745361328,
      27.785930633544922,
      32.156280517578125,
      21.161087036132812,
      20.502094268798828,
      18.781871795654297,
      14.053337097167969,
      15.29478645324707,
      14.545504570007324,
      16.38872528076172,
      15.156508445739746,
      16.247161865234375,
      16.401077270507812,
      16.6033935546875,
      17.5275821685791,
      19.95218849182129,
      17.398582458496094
    ],
    [
      4.7486467361450195,
      7.165400505065918,
      19.711528778076172,
      21.161087036132812,
      47.78374099731445,
      29.750959396362305,
      28.203336715698242,
      18.87042236328125,
      22.33580780029297,
      20.041568756103516,
      21.95686912536621,
      19.150310516357422,
      19.924341201782227,
      18.9019832611084,
      18.36174201965332,
      19.75507926940918,
      22.1229305267334,
      18.576486587524414
    ],
    [
      6.0931715965271,
      8.235361099243164,
      18.9700984954834,
      20.502094268798828,
      29.750959396362305,
      31.9246826171875,
      23.798521041870117,
      17.82547378540039,
      19.009614944458008,
      18.515121459960938,
      19.921491622924805,
      18.17327308654785,
      19.314800262451172,
      19.273181915283203,
      18.862306594848633,
      20.03830909729004,
      22.892637252807617,
      19.8347225189209
    ],
    [
      -1.4863579273223877,
      -0.5168682932853699,
      14.371199607849121,
      18.781871795654297,
      28.203336715698242,
      23.798521041870117,
      68.34473419189453,
      31.682872772216797,
      31.961294174194336,
      25.65424919128418,
      33.67570877075195,
      29.276281356811523,
      32.26637649536133,
      30.81983184814453,
      31.8757381439209,
      32.561885833740234,
      36.21998977661133,
      30.906328201293945
    ],
    [
      1.5599465370178223,
      1.111074686050415,
      12.201985359191895,
      14.053337097167969,
      18.87042236328125,
      17.82547378540039,
      31.682872772216797,
      28.288022994995117,
      18.074697494506836,
      18.174741744995117,
      21.75349998474121,
      20.601728439331055,
      21.9981689453125,
      22.16351318359375,
      22.676755905151367,
      23.993141174316406,
      26.799795150756836,
      23.261629104614258
    ],
    [
      3.6925153732299805,
      3.2153477668762207,
      13.660372734069824,
      15.29478645324707,
      22.33580780029297,
      19.009614944458008,
      31.961294174194336,
      18.074697494506836,
      31.285728454589844,
      23.255380630493164,
      25.7528133392334,
      23.5927734375,
      25.35163688659668,
      24.990453720092773,
      23.032978057861328,
      24.248374938964844,
      26.41061782836914,
      22.84274673461914
    ],
    [
      3.403642416000366,
      3.131146192550659,
      12.402889251708984,
      14.545504570007324,
      20.041568756103516,
      18.515121459960938,
      25.65424919128418,
      18.174741744995117,
      23.255380630493164,
      26.09324073791504,
      24.69572639465332,
      23.562171936035156,
      24.787731170654297,
      25.33865737915039,
      23.628948211669922,
      25.01703453063965,
      27.248353958129883,
      24.086488723754883
    ],
    [
      1.3710551261901855,
      -0.028001872822642326,
      12.965408325195312,
      16.38872528076172,
      21.95686912536621,
      19.921491622924805,
      33.67570877075195,
      21.75349998474121,
      25.7528133392334,
      24.69572639465332,
      39.25764083862305,
      33.26531982421875,
      38.02357482910156,
      35.3068962097168,
      40.77680206298828,
      40.14079666137695,
      46.2408447265625,
      39.516212463378906
    ],
    [
      1.620774745941162,
      -0.0372745543718338,
      12.634931564331055,
      15.156508445739746,
      19.150310516357422,
      18.17327308654785,
      29.276281356811523,
      20.601728439331055,
      23.5927734375,
      23.562171936035156,
      33.26531982421875,
      32.8399772644043,
      33.48142623901367,
      33.144893646240234,
      34.496280670166016,
      35.66205978393555,
      39.02257537841797,
      34.471214294433594
    ],
    [
      2.6804192066192627,
      0.80430668592453,
      12.682860374450684,
      16.247161865234375,
      19.924341201782227,
      19.314800262451172,
      32.26637649536133,
      21.9981689453125,
      25.35163688659668,
      24.787731170654297,
      38.02357482910156,
      33.48142623901367,
      44.99406051635742,
      40.303123474121094,
      47.05084991455078,
      46.283843994140625,
      53.072265625,
      45.80252456665039
    ],
    [
      2.9815258979797363,
      1.6057015657424927,
      13.289542198181152,
      16.401077270507812,
      18.9019832611084,
      19.273181915283203,
      30.81983184814453,
      22.16351318359375,
      24.990453720092773,
      25.33865737915039,
      35.3068962097168,
      33.144893646240234,
      40.303123474121094,
      41.77164077758789,
      40.64192199707031,
      42.728851318359375,
      46.489742279052734,
      41.577392578125
    ],
    [
      4.800755977630615,
      1.4627162218093872,
      12.278017044067383,
      16.6033935546875,
      18.36174201965332,
      18.862306594848633,
      31.8757381439209,
      22.676755905151367,
      23.032978057861328,
      23.628948211669922,
      40.77680206298828,
      34.496280670166016,
      47.05084991455078,
      40.64192199707031,
      66.658447265625,
      58.659034729003906,
      69.2986068725586,
      59.21503829956055
    ],
    [
      3.5682525634765625,
      0.8129960894584656,
      13.198826789855957,
      17.5275821685791,
      19.75507926940918,
      20.03830909729004,
      32.561885833740234,
      23.993141174316406,
      24.248374938964844,
      25.01703453063965,
      40.14079666137695,
      35.66205978393555,
      46.283843994140625,
      42.728851318359375,
      58.659034729003906,
      60.0731315612793,
      65.52466583251953,
      57.77802658081055
    ],
    [
      6.051005840301514,
      2.758782386779785,
      14.230274200439453,
      19.95218849182129,
      22.1229305267334,
      22.892637252807617,
      36.21998977661133,
      26.799795150756836,
      26.41061782836914,
      27.248353958129883,
      46.2408447265625,
      39.02257537841797,
      53.072265625,
      46.489742279052734,
      69.2986068725586,
      65.52466583251953,
      91.74097442626953,
      76.98258972167969
    ],
    [
      4.946557521820068,
      2.241110324859619,
      12.661341667175293,
      17.398582458496094,
      18.576486587524414,
      19.8347225189209,
      30.906328201293945,
      23.261629104614258,
      22.84274673461914,
      24.086488723754883,
      39.516212463378906,
      34.471214294433594,
      45.80252456665039,
      41.577392578125,
      59.21503829956055,
      57.77802658081055,
      76.98258972167969,
      67.72724914550781
    ]
  ],
  "damage": -4.47630500793457,
  "diff_bandwidth": 781.9130249023438,
  "dissonance": 8.20426386870876,
  "drr": 1.1304543018341064,
  "dynamics": 3.5327963829040527,
  "format": 1245190,
  "frames": 9105408,
  "loudness": -12.856912612915039,
  "loudness_range": 8.682489395141602,
  "loudness_range_short": 13.144068717956543,
  "lowpass_true_peak_15khz": 0.5060533285140991,
  "mastering3_acoustic_entropies": [
    {
      "acoustic_entropy": 8.241772651672363,
      "acoustic_entropy_mono": 8.268205642700195,
      "band_eliminated_acoustic_entropies": [
        {
          "acoustic_entropy": 8.239300727844238,
          "acoustic_entropy_side": 8.241024017333984,
          "hz": 129.47220167065723
        },
        {
          "acoustic_entropy": 8.185652732849121,
          "acoustic_entropy_side": 8.235804557800293,
          "hz": 202.92927478742237
        },
        {
          "acoustic_entropy": 8.190031051635742,
          "acoustic_entropy_side": 8.277490615844727,
          "hz": 282.89161906338205
        },
        {
          "acoustic_entropy": 8.443991661071777,
          "acoustic_entropy_side": 8.352643966674805,
          "hz": 369.9353335868758
        },
        {
          "acoustic_entropy": 7.984967231750488,
          "acoustic_entropy_side": 8.143757820129395,
          "hz": 464.6875360973435
        },
        {
          "acoustic_entropy": 8.284764289855957,
          "acoustic_entropy_side": 8.264252662658691,
          "hz": 567.8308811364784
        },
        {
          "acoustic_entropy": 8.236309051513672,
          "acoustic_entropy_side": 8.590418815612793,
          "hz": 680.1084783214808
        },
        {
          "acoustic_entropy": 8.321817398071289,
          "acoustic_entropy_side": 8.331147193908691,
          "hz": 802.3292461747484
        },
        {
          "acoustic_entropy": 8.53714370727539,
          "acoustic_entropy_side": 8.324515342712402,
          "hz": 935.3737400823702
        },
        {
          "acoustic_entropy": 7.419663429260254,
          "acoustic_entropy_side": 8.209169387817383,
          "hz": 1080.2004963696966
        },
        {
          "acoustic_entropy": 8.28907299041748,
          "acoustic_entropy_side": 8.299229621887207,
          "hz": 1237.8529382007157
        },
        {
          "acoustic_entropy": 7.646659851074219,
          "acoustic_entropy_side": 8.280234336853027,
          "hz": 1409.4668930556702
        },
        {
          "acoustic_entropy": 8.191723823547363,
          "acoustic_entropy_side": 8.261387825012207,
          "hz": 1596.2787759475705
        },
        {
          "acoustic_entropy": 8.852787017822266,
          "acoustic_entropy_side": 8.282186508178711,
          "hz": 1799.6344973346393
        },
        {
          "acoustic_entropy": 8.287707328796387,
          "acoustic_entropy_side": 8.210535049438477,
          "hz": 2020.9991599069049
        },
        {
          "acoustic_entropy": 8.296512603759766,
          "acoustic_entropy_side": 8.272066116333008,
          "hz": 2261.9676141086993
        },
        {
          "acoustic_entropy": 8.275445938110352,
          "acoustic_entropy_side": 8.250406265258789,
          "hz": 2524.2759484456974
        },
        {
          "acoustic_entropy": 8.283344268798828,
          "acoustic_entropy_side": 8.249478340148926,
          "hz": 2809.813997359896
        },
        {
          "acoustic_entropy": 8.230764389038086,
          "acoustic_entropy_side": 8.240246772766113,
          "hz": 3120.6389567871424
        },
        {
          "acoustic_entropy": 8.195950508117676,
          "acoustic_entropy_side": 8.236223220825195,
          "hz": 3458.990205492291
        },
        {
          "acoustic_entropy": 8.204551696777344,
          "acoustic_entropy_side": 8.240413665771484,
          "hz": 3827.305438964164
        },
        {
          "acoustic_entropy": 7.991539478302002,
          "acoustic_entropy_side": 8.216465950012207,
          "hz": 4228.238232109126
        },
        {
          "acoustic_entropy": 8.019463539123535,
          "acoustic_entropy_side": 8.205745697021484,
          "hz": 4664.6771572759235
        },
        {
          "acoustic_entropy": 8.183467864990234,
          "acoustic_entropy_side": 8.228775978088379,
          "hz": 5139.766595350093
        },
        {
          "acoustic_entropy": 8.102103233337402,
          "acoustic_entropy_side": 8.217436790466309,
          "hz": 5656.929389854203
        },
        {
          "acoustic_entropy": 8.074263572692871,
          "acoustic_entropy_side": 8.20693588256836,
          "hz": 6219.891507268283
        },
        {
          "acoustic_entropy": 8.224661827087402,
          "acoustic_entropy_side": 8.239779472351074,
          "hz": 6832.70888123896
        },
        {
          "acoustic_entropy": 8.23651123046875,
          "acoustic_entropy_side": 8.241268157958984,
          "hz": 7499.796634079867
        },
        {
          "acoustic_entropy": 8.218518257141113,
          "acoustic_entropy_side": 8.237187385559082,
          "hz": 8225.96088609342
        },
        {
          "acoustic_entropy": 8.219781875610352,
          "acoustic_entropy_side": 8.238487243652344,
          "hz": 9016.43338188839
        },
        {
          "acoustic_entropy": 8.233709335327148,
          "acoustic_entropy_side": 8.24113941192627,
          "hz": 9876.909183162974
        },
        {
          "acoustic_entropy": 8.239557266235352,
          "acoustic_entropy_side": 8.241498947143555,
          "hz": 10813.587699516042
        },
        {
          "acoustic_entropy": 8.219385147094727,
          "acoustic_entropy_side": 8.239680290222168,
          "hz": 11833.21735289826
        },
        {
          "acoustic_entropy": 8.223579406738281,
          "acoustic_entropy_side": 8.24034309387207,
          "hz": 12943.144197493959
        },
        {
          "acoustic_entropy": 8.230037689208984,
          "acoustic_entropy_side": 8.240818977355957,
          "hz": 14151.364845322005
        },
        {
          "acoustic_entropy": 8.241143226623535,
          "acoustic_entropy_side": 8.241707801818848,
          "hz": 15466.58407886509
        },
        {
          "acoustic_entropy": 8.241349220275879,
          "acoustic_entropy_side": 8.24173641204834,
          "hz": 16898.27756580493
        },
        {
          "acoustic_entropy": 8.241689682006836,
          "acoustic_entropy_side": 8.241761207580566,
          "hz": 18456.760127700032
        },
        {
          "acoustic_entropy": 8.241756439208984,
          "acoustic_entropy_side": 8.241768836975098,
          "hz": 20153.260054456492
        },
        {
          "acoustic_entropy": 8.241769790649414,
          "acoustic_entropy_side": 8.241772651672363,
          "hz": 22000.00000000001
        }
      ],
      "diff_acoustic_entropy": 8.270082473754883,
      "sn": 6
    },
    {
      "acoustic_entropy": 12.085721969604492,
      "acoustic_entropy_mono": 11.762803077697754,
      "band_eliminated_acoustic_entropies": [
        {
          "acoustic_entropy": 12.050657272338867,
          "acoustic_entropy_side": 12.066181182861328,
          "hz": 129.47220167065723
        },
        {
          "acoustic_entropy": 11.8103666305542,
          "acoustic_entropy_side": 11.823540687561035,
          "hz": 202.92927478742237
        },
        {
          "acoustic_entropy": 11.921432495117188,
          "acoustic_entropy_side": 11.60730266571045,
          "hz": 282.89161906338205
        },
        {
          "acoustic_entropy": 11.526715278625488,
          "acoustic_entropy_side": 11.767370223999023,
          "hz": 369.9353335868758
        },
        {
          "acoustic_entropy": 11.205915451049805,
          "acoustic_entropy_side": 11.680574417114258,
          "hz": 464.6875360973435
        },
        {
          "acoustic_entropy": 12.024487495422363,
          "acoustic_entropy_side": 11.857637405395508,
          "hz": 567.8308811364784
        },
        {
          "acoustic_entropy": 11.281253814697266,
          "acoustic_entropy_side": 12.17050552368164,
          "hz": 680.1084783214808
        },
        {
          "acoustic_entropy": 12.082586288452148,
          "acoustic_entropy_side": 11.895195960998535,
          "hz": 802.3292461747484
        },
        {
          "acoustic_entropy": 11.624974250793457,
          "acoustic_entropy_side": 12.113242149353027,
          "hz": 935.3737400823702
        },
        {
          "acoustic_entropy": 10.933263778686523,
          "acoustic_entropy_side": 11.680304527282715,
          "hz": 1080.2004963696966
        },
        {
          "acoustic_entropy": 12.390637397766113,
          "acoustic_entropy_side": 12.171886444091797,
          "hz": 1237.8529382007157
        },
        {
          "acoustic_entropy": 12.020829200744629,
          "acoustic_entropy_side": 11.878159523010254,
          "hz": 1409.4668930556702
        },
        {
          "acoustic_entropy": 11.955318450927734,
          "acoustic_entropy_side": 11.804072380065918,
          "hz": 1596.2787759475705
        },
        {
          "acoustic_entropy": 12.387986183166504,
          "acoustic_entropy_side": 12.357945442199707,
          "hz": 1799.6344973346393
        },
        {
          "acoustic_entropy": 11.817935943603516,
          "acoustic_entropy_side": 11.858827590942383,
          "hz": 2020.9991599069049
        },
        {
          "acoustic_entropy": 12.101631164550781,
          "acoustic_entropy_side": 12.145098686218262,
          "hz": 2261.9676141086993
        },
        {
          "acoustic_entropy": 12.310385704040527,
          "acoustic_entropy_side": 12.277546882629395,
          "hz": 2524.2759484456974
        },
        {
          "acoustic_entropy": 12.34935188293457,
          "acoustic_entropy_side": 12.284405708312988,
          "hz": 2809.813997359896
        },
        {
          "acoustic_entropy": 12.192183494567871,
          "acoustic_entropy_side": 12.17708683013916,
          "hz": 3120.6389567871424
        },
        {
          "acoustic_entropy": 12.180046081542969,
          "acoustic_entropy_side": 12.188716888427734,
          "hz": 3458.990205492291
        },
        {
          "acoustic_entropy": 12.179424285888672,
          "acoustic_entropy_side": 12.156035423278809,
          "hz": 3827.305438964164
        },
        {
          "acoustic_entropy": 12.284003257751465,
          "acoustic_entropy_side": 12.229401588439941,
          "hz": 4228.238232109126
        },
        {
          "acoustic_entropy": 12.12092113494873,
          "acoustic_entropy_side": 12.113521575927734,
          "hz": 4664.6771572759235
        },
        {
          "acoustic_entropy": 12.178051948547363,
          "acoustic_entropy_side": 12.168121337890625,
          "hz": 5139.766595350093
        },
        {
          "acoustic_entropy": 12.087688446044922,
          "acoustic_entropy_side": 12.078577995300293,
          "hz": 5656.929389854203
        },
        {
          "acoustic_entropy": 12.118962287902832,
          "acoustic_entropy_side": 12.098522186279297,
          "hz": 6219.891507268283
        },
        {
          "acoustic_entropy": 12.100022315979004,
          "acoustic_entropy_side": 12.097369194030762,
          "hz": 6832.70888123896
        },
        {
          "acoustic_entropy": 12.079669952392578,
          "acoustic_entropy_side": 12.099994659423828,
          "hz": 7499.796634079867
        },
        {
          "acoustic_entropy": 12.292074203491211,
          "acoustic_entropy_side": 12.115446090698242,
          "hz": 8225.96088609342
        },
        {
          "acoustic_entropy": 12.244129180908203,
          "acoustic_entropy_side": 12.10101318359375,
          "hz": 9016.43338188839
        },
        {
          "acoustic_entropy": 12.093472480773926,
          "acoustic_entropy_side": 12.085779190063477,
          "hz": 9876.909183162974
        },
        {
          "acoustic_entropy": 12.080864906311035,
          "acoustic_entropy_side": 12.084892272949219,
          "hz": 10813.587699516042
        },
        {
          "acoustic_entropy": 12.224409103393555,
          "acoustic_entropy_side": 12.106146812438965,
          "hz": 11833.21735289826
        },
        {
          "acoustic_entropy": 12.202693939208984,
          "acoustic_entropy_side": 12.103769302368164,
          "hz": 12943.144197493959
        },
        {
          "acoustic_entropy": 12.17986011505127,
          "acoustic_entropy_side": 12.098427772521973,
          "hz": 14151.364845322005
        },
        {
          "acoustic_entropy": 12.08900260925293,
          "acoustic_entropy_side": 12.085747718811035,
          "hz": 15466.58407886509
        },
        {
          "acoustic_entropy": 12.091242790222168,
          "acoustic_entropy_side": 12.08598804473877,
          "hz": 16898.27756580493
        },
        {
          "acoustic_entropy": 12.087174415588379,
          "acoustic_entropy_side": 12.085801124572754,
          "hz": 18456.760127700032
        },
        {
          "acoustic_entropy": 12.086031913757324,
          "acoustic_entropy_side": 12.085746765136719,
          "hz": 20153.260054456492
        },
        {
          "acoustic_entropy": 12.08575439453125,
          "acoustic_entropy_side": 12.085725784301758,
          "hz": 22000.00000000001
        }
      ],
      "diff_acoustic_entropy": 12.192140579223633,
      "sn": 12
    },
    {
      "acoustic_entropy": 17.38739585876465,
      "acoustic_entropy_mono": 16.380977630615234,
      "band_eliminated_acoustic_entropies": [
        {
          "acoustic_entropy": 17.426279067993164,
          "acoustic_entropy_side": 17.621417999267578,
          "hz": 129.47220167065723
        },
        {
          "acoustic_entropy": 17.926225662231445,
          "acoustic_entropy_side": 17.414831161499023,
          "hz": 202.92927478742237
        },
        {
          "acoustic_entropy": 17.32647132873535,
          "acoustic_entropy_side": 17.4620418548584,
          "hz": 282.89161906338205
        },
        {
          "acoustic_entropy": 17.347658157348633,
          "acoustic_entropy_side": 18.064634323120117,
          "hz": 369.9353335868758
        },
        {
          "acoustic_entropy": 15.865432739257812,
          "acoustic_entropy_side": 17.303234100341797,
          "hz": 464.6875360973435
        },
        {
          "acoustic_entropy": 16.70806121826172,
          "acoustic_entropy_side": 17.619184494018555,
          "hz": 567.8308811364784
        },
        {
          "acoustic_entropy": 16.719432830810547,
          "acoustic_entropy_side": 17.556337356567383,
          "hz": 680.1084783214808
        },
        {
          "acoustic_entropy": 17.33748435974121,
          "acoustic_entropy_side": 17.127077102661133,
          "hz": 802.3292461747484
        },
        {
          "acoustic_entropy": 17.08154296875,
          "acoustic_entropy_side": 17.158241271972656,
          "hz": 935.3737400823702
        },
        {
          "acoustic_entropy": 17.565185546875,
          "acoustic_entropy_side": 17.527891159057617,
          "hz": 1080.2004963696966
        },
        {
          "acoustic_entropy": 17.514909744262695,
          "acoustic_entropy_side": 17.059614181518555,
          "hz": 1237.8529382007157
        },
        {
          "acoustic_entropy": 16.717758178710938,
          "acoustic_entropy_side": 17.187049865722656,
          "hz": 1409.4668930556702
        },
        {
          "acoustic_entropy": 16.48316192626953,
          "acoustic_entropy_side": 17.476016998291016,
          "hz": 1596.2787759475705
        },
        {
          "acoustic_entropy": 17.957130432128906,
          "acoustic_entropy_side": 17.20442008972168,
          "hz": 1799.6344973346393
        },
        {
          "acoustic_entropy": 17.204652786254883,
          "acoustic_entropy_side": 17.649919509887695,
          "hz": 2020.9991599069049
        },
        {
          "acoustic_entropy": 17.283597946166992,
          "acoustic_entropy_side": 17.38749122619629,
          "hz": 2261.9676141086993
        },
        {
          "acoustic_entropy": 17.365983963012695,
          "acoustic_entropy_side": 17.278154373168945,
          "hz": 2524.2759484456974
        },
        {
          "acoustic_entropy": 17.112821578979492,
          "acoustic_entropy_side": 17.289339065551758,
          "hz": 2809.813997359896
        },
        {
