{
  "acoustic_entropy": 198.13330078125,
  "bands": [
    {
      "high_freq": 148.1999969482422,
      "loudness": -23.276975631713867,
      "loudness_range": 22.84522819519043,
      "mid_mean": -19.82000160217285,
      "mid_to_side_loudness": -20.88262176513672,
      "mid_to_side_loudness_range": 29.706830978393555,
      "side_mean": -42.38860321044922
    },
    {
      "high_freq": 392.3793640136719,
      "loudness": -22.71369743347168,
      "loudness_range": 14.20146656036377,
      "low_freq": 148.1999969482422,
      "mid_mean": -19.280780792236328,
      "mid_to_side_loudness": -14.172093391418457,
      "mid_to_side_loudness_range": 15.179033279418945,
      "side_mean": -33.58896255493164
    },
    {
      "high_freq": 794.6976318359375,
      "loudness": -25.908676147460938,
      "loudness_range": 11.137784957885742,
      "low_freq": 392.3793640136719,
      "mid_mean": -22.74700927734375,
      "mid_to_side_loudness": -10.070734024047852,
      "mid_to_side_loudness_range": 11.23963737487793,
      "side_mean": -32.9523811340332
    },
    {
      "high_freq": 1457.5709228515625,
      "loudness": -25.39617347717285,
      "loudness_range": 14.405498504638672,
      "low_freq": 794.6976318359375,
      "mid_mean": -22.12116813659668,
      "mid_to_side_loudness": -11.029191017150879,
      "mid_to_side_loudness_range": 11.52570629119873,
      "side_mean": -33.30252456665039
    },
    {
      "high_freq": 2549.74365234375,
      "loudness": -24.644123077392578,
      "loudness_range": 12.338727951049805,
      "low_freq": 1457.5709228515625,
      "mid_mean": -21.32709312438965,
      "mid_to_side_loudness": -11.268463134765625,
      "mid_to_side_loudness_range": 10.804784774780273,
      "side_mean": -32.83866882324219
    },
    {
      "high_freq": 4349.24462890625,
      "loudness": -24.635211944580078,
      "loudness_range": 13.203975677490234,
      "low_freq": 2549.74365234375,
      "mid_mean": -21.365314483642578,
      "mid_to_side_loudness": -11.406363487243652,
      "mid_to_side_loudness_range": 12.538747787475586,
      "side_mean": -32.94816589355469
    },
    {
      "high_freq": 7314.1640625,
      "loudness": -26.413959503173828,
      "loudness_range": 10.999565124511719,
      "low_freq": 4349.24462890625,
      "mid_mean": -23.560911178588867,
      "mid_to_side_loudness": -8.924715042114258,
      "mid_to_side_loudness_range": 10.678547859191895,
      "side_mean": -32.46820831298828
    },
    {
      "high_freq": 12199.2666015625,
      "loudness": -31.189165115356445,
      "loudness_range": 10.686344146728516,
      "low_freq": 7314.1640625,
      "mid_mean": -28.43941879272461,
      "mid_to_side_loudness": -8.16563606262207,
      "mid_to_side_loudness_range": 14.972681999206543,
      "side_mean": -37.206302642822266
    },
    {
      "loudness": -41.96689224243164,
      "loudness_range": 16.19537353515625,
      "low_freq": 12199.2666015625,
      "mid_mean": -39.63774490356445,
      "mid_to_side_loudness": -9.082249641418457,
      "mid_to_side_loudness_range": 25.5263671875,
      "side_mean": -50.64786148071289
    }
  ],
  "bands_short": [
    {
      "high_freq": 148.1999969482422,
      "loudness": -28.275123596191406,
      "loudness_range": 32.46949005126953,
      "mid_mean": -25.187692642211914,
      "mid_to_side_loudness": -16.419130325317383,
      "mid_to_side_loudness_range": 28.846529006958008,
      "side_mean": -48.57217025756836
    },
    {
      "high_freq": 392.3793640136719,
      "loudness": -25.26923370361328,
      "loudness_range": 24.450531005859375,
      "low_freq": 148.1999969482422,
      "mid_mean": -22.080001831054688,
      "mid_to_side_loudness": -12.840831756591797,
      "mid_to_side_loudness_range": 20.514724731445312,
      "side_mean": -35.554405212402344
    },
    {
      "high_freq": 794.6976318359375,
      "loudness": -27.13394546508789,
      "loudness_range": 15.454902648925781,
      "low_freq": 392.3793640136719,
      "mid_mean": -24.242450714111328,
      "mid_to_side_loudness": -9.035247802734375,
      "mid_to_side_loudness_range": 15.719063758850098,
      "side_mean": -33.513065338134766
    },
    {
      "high_freq": 1457.5709228515625,
      "loudness": -26.53521728515625,
      "loudness_range": 17.83381462097168,
      "low_freq": 794.6976318359375,
      "mid_mean": -23.45899200439453,
      "mid_to_side_loudness": -10.408988952636719,
      "mid_to_side_loudness_range": 15.362154006958008,
      "side_mean": -34.01682662963867
    },
    {
      "high_freq": 2549.74365234375,
      "loudness": -25.639909744262695,
      "loudness_range": 16.164995193481445,
      "low_freq": 1457.5709228515625,
      "mid_mean": -22.45553207397461,
      "mid_to_side_loudness": -10.782203674316406,
      "mid_to_side_loudness_range": 14.28865909576416,
      "side_mean": -33.539371490478516
    },
    {
      "high_freq": 4349.24462890625,
      "loudness": -25.940471649169922,
      "loudness_range": 17.42411231994629,
      "low_freq": 2549.74365234375,
      "mid_mean": -22.7070369720459,
      "mid_to_side_loudness": -11.424903869628906,
      "mid_to_side_loudness_range": 15.078113555908203,
      "side_mean": -34.45643997192383
    },
    {
      "high_freq": 7314.1640625,
      "loudness": -30.38275909423828,
      "loudness_range": 23.4670352935791,
      "low_freq": 4349.24462890625,
      "mid_mean": -27.551958084106445,
      "mid_to_side_loudness": -8.657926559448242,
      "mid_to_side_loudness_range": 13.766888618469238,
      "side_mean": -36.28364562988281
    },
    {
      "high_freq": 12199.2666015625,
      "loudness": -33.9223747253418,
      "loudness_range": 20.20387077331543,
      "low_freq": 7314.1640625,
      "mid_mean": -31.20694351196289,
      "mid_to_side_loudness": -8.532320022583008,
      "mid_to_side_loudness_range": 17.207355499267578,
      "side_mean": -40.49546432495117
    },
    {
      "loudness": -45.36355972290039,
      "loudness_range": 24.926097869873047,
      "low_freq": 12199.2666015625,
      "mid_mean": -43.04072189331055,
      "mid_to_side_loudness": -9.497498512268066,
      "mid_to_side_loudness_range": 25.32037925720215,
      "side_mean": -54.23571014404297
    }
  ],
  "bandwidth": 615.8372192382812,
  "channels": 2,
  "covariance": [
    [
      64.10205078125,
      24.131103515625,
      9.923158645629883,
      -3.8580117225646973,
      3.9619312286376953,
      3.5235161781311035,
      4.529902935028076,
      2.878844738006592,
      6.853370189666748,
      2.7137069702148438,
      6.718000411987305,
      -0.12472094595432281,
      7.259298324584961,
      0.30240580439567566,
      6.262186050415039,
      -4.24635648727417,
      14.029687881469727,
      -6.577710151672363
    ],
    [
      24.131103515625,
      73.46488952636719,
      11.996150970458984,
      16.030506134033203,
      0.27617692947387695,
      2.595367431640625,
      0.4024614691734314,
      3.3407363891601562,
      -3.9956281185150146,
      -0.9932883977890015,
      -5.262953281402588,
      2.4541425704956055,
      -2.2379865646362305,
      0.9348692893981934,
      -6.353032112121582,
      2.284296751022339,
      -3.614457368850708,
      3.002988576889038
    ],
    [
      9.923158645629883,
      11.996150970458984,
      26.608673095703125,
      15.234055519104004,
      8.279715538024902,
      6.429418563842773,
      3.2341268062591553,
      4.528467655181885,
      1.9273500442504883,
      6.468087196350098,
      7.264400959014893,
      12.97500228881836,
      10.683488845825195,
      15.79162311553955,
      7.56130838394165,
      20.508546829223633,
      8.519769668579102,
      28.791120529174805
    ],
    [
      -3.8580117225646973,
      16.030506134033203,
      15.234055519104004,
      29.844566345214844,
      6.960003852844238,
      10.752425193786621,
      4.011998176574707,
      9.320394515991211,
      2.783569097518921,
      11.457508087158203,
      6.235238552093506,
      16.578596115112305,
      6.306190013885498,
      15.778595924377441,
      3.4611473083496094,
      20.238845825195312,
      3.629767656326294,
      29.01129722595215
    ],
    [
      3.9619312286376953,
      0.27617692947387695,
      8.279715538024902,
      6.960003852844238,
      17.452198028564453,
      12.113926887512207,
      10.821839332580566,
      8.245049476623535,
      5.426316261291504,
      6.498189926147461,
      9.375748634338379,
      8.127908706665039,
      7.077024936676025,
      8.429760932922363,
      6.551229953765869,
      10.262799263000488,
      8.414376258850098,
      15.512706756591797
    ],
    [
      3.5235161781311035,
      2.595367431640625,
      6.429418563842773,
      10.752425193786621,
      12.113926887512207,
      22.568361282348633,
      10.540271759033203,
      15.069815635681152,
      7.707274913787842,
      12.717121124267578,
      9.921714782714844,
      12.654520034790039,
      7.610424518585205,
      11.6867094039917,
      6.298330307006836,
      14.524917602539062,
      9.829696655273438,
      20.792072296142578
    ],
    [
      4.529902935028076,
      0.4024614691734314,
      3.2341268062591553,
      4.011998176574707,
      10.821839332580566,
      10.540271759033203,
      27.363557815551758,
      17.335012435913086,
      10.943183898925781,
      8.310736656188965,
      13.583972930908203,
      8.951325416564941,
      6.2538886070251465,
      5.449399471282959,
      4.221488952636719,
      5.972682952880859,
      6.530263900756836,
      12.896581649780273
    ],
    [
      2.878844738006592,
      3.3407363891601562,
      4.528467655181885,
      9.320394515991211,
      8.245049476623535,
      15.069815635681152,
      17.335012435913086,
      23.22151756286621,
      8.108144760131836,
      12.959733009338379,
      10.9116849899292,
      13.109397888183594,
      5.903776168823242,
      9.538215637207031,
      4.264679431915283,
      11.613340377807617,
      7.977363586425781,
      19.58436393737793
    ],
    [
      6.853370189666748,
      -3.9956281185150146,
      1.9273500442504883,
      2.783569097518921,
      5.426316261291504,
      7.707274913787842,
      10.943183898925781,
      8.108144760131836,
      21.761333465576172,
      14.544088363647461,
      15.278909683227539,
      10.955268859863281,
      8.294449806213379,
      8.74596118927002,
      5.967299461364746,
      8.025118827819824,
      7.314032077789307,
      12.523072242736816
    ],
    [
      2.7137069702148438,
      -0.9932883977890015,
      6.468087196350098,
      11.457508087158203,
      6.498189926147461,
      12.717121124267578,
      8.310736656188965,
      12.959733009338379,
      14.544088363647461,
      22.189693450927734,
      12.198055267333984,
      17.857379913330078,
      9.022600173950195,
      16.357202529907227,
      6.872931957244873,
      17.5751895904541,
      9.100179672241211,
      25.454509735107422
    ],
    [
      6.718000411987305,
      -5.262953281402588,
      7.264400959014893,
      6.235238552093506,
      9.375748634338379,
      9.921714782714844,
      13.583972930908203,
      10.9116849899292,
      15.278909683227539,
      12.198055267333984,
      25.77107048034668,
      18.417001724243164,
      17.474550247192383,
      18.39579963684082,
      12.40471363067627,
      17.503803253173828,
      13.829617500305176,
      23.646432876586914
    ],
    [
      -0.12472094595432281,
      2.4541425704956055,
      12.97500228881836,
      16.578596115112305,
      8.127908706665039,
      12.654520034790039,
      8.951325416564941,
      13.109397888183594,
      10.955268859863281,
      17.857379913330078,
      18.417001724243164,
      28.263513565063477,
      16.03693962097168,
      28.829601287841797,
      11.023040771484375,
      30.250261306762695,
      12.884956359863281,
      41.32184600830078
    ],
    [
      7.259298324584961,
      -2.2379865646362305,
      10.683488845825195,
      6.306190013885498,
      7.077024936676025,
      7.610424518585205,
      6.2538886070251465,
      5.903776168823242,
      8.294449806213379,
      9.022600173950195,
      17.474550247192383,
      16.03693962097168,
      27.415241241455078,
      24.441247940063477,
      17.89859390258789,
      24.52821159362793,
      15.357470512390137,
      26.261802673339844
    ],
    [
      0.30240580439567566,
      0.9348692893981934,
      15.79162311553955,
      15.778595924377441,
      8.429760932922363,
      11.6867094039917,
      5.449399471282959,
      9.538215637207031,
      8.74596118927002,
      16.357202529907227,
      18.39579963684082,
      28.829601287841797,
      24.441247940063477,
      41.799171447753906,
      17.638689041137695,
      41.24961853027344,
      16.291017532348633,
      48.31439971923828
    ],
    [
      6.262186050415039,
      -6.353032112121582,
      7.56130838394165,
      3.4611473083496094,
      6.551229953765869,
      6.298330307006836,
      4.221488952636719,
      4.264679431915283,
      5.967299461364746,
      6.872931957244873,
      12.40471363067627,
      11.023040771484375,
      17.89859390258789,
      17.638689041137695,
      22.230670928955078,
      20.05855369567871,
      18.78042221069336,
      21.89737319946289
    ],
    [
      -4.24635648727417,
      2.284296751022339,
      20.508546829223633,
      20.238845825195312,
      10.262799263000488,
      14.524917602539062,
      5.972682952880859,
      11.613340377807617,
      8.025118827819824,
      17.5751895904541,
      17.503803253173828,
      30.250261306762695,
      24.52821159362793,
      41.24961853027344,
      20.05855369567871,
      51.339576721191406,
      18.867488861083984,
      62.51025390625
    ],
    [
      14.029687881469727,
      -3.614457368850708,
      8.519769668579102,
      3.629767656326294,
      8.414376258850098,
      9.829696655273438,
      6.530263900756836,
      7.977363586425781,
      7.314032077789307,
      9.100179672241211,
      13.829617500305176,
      12.884956359863281,
      15.357470512390137,
      16.291017532348633,
      18.78042221069336,
      18.867488861083984,
      36.132911682128906,
      24.017114639282227
    ],
    [
      -6.577710151672363,
      3.002988576889038,
      28.791120529174805,
      29.01129722595215,
      15.512706756591797,
      20.792072296142578,
      12.896581649780273,
      19.58436393737793,
      12.523072242736816,
      25.454509735107422,
      23.646432876586914,
      41.32184600830078,
      26.261802673339844,
      48.31439971923828,
      21.89737319946289,
      62.51025390625,
      24.017114639282227,
      99.99500274658203
    ]
  ],
  "covariance_short": [
    [
      122.39207458496094,
      63.289390563964844,
      37.692386627197266,
      7.793849468231201,
      8.472511291503906,
      8.937994956970215,
      10.036507606506348,
      7.540674686431885,
      14.71922492980957,
      7.428692817687988,
      17.654491424560547,
      9.79415225982666,
      25.527278900146484,
      19.245935440063477,
      22.083335876464844,
      16.032512664794922,
      23.96913719177246,
      10.277857780456543
    ],
    [
      63.289390563964844,
      148.80653381347656,
      47.35821533203125,
      33.02411651611328,
      3.265007495880127,
      5.021841526031494,
      4.611495018005371,
      6.009454727172852,
      1.5663295984268188,
      1.3069692850112915,
      0.9545878171920776,
      9.050040245056152,
      8.721311569213867,
      15.86573314666748,
      2.564889430999756,
      14.267495155334473,
      -8.349771499633789,
      15.568337440490723
    ],
    [
      37.692386627197266,
      47.35821533203125,
      59.29579544067383,
      22.390445709228516,
      15.17014217376709,
      7.266045093536377,
      6.556117057800293,
      6.123109817504883,
      8.171920776367188,
      7.760956764221191,
      11.740896224975586,
      14.020705223083496,
      23.796972274780273,
      24.71648597717285,
      18.27606773376465,
      24.273334503173828,
      17.962316513061523,
      25.761962890625
    ],
    [
      7.793849468231201,
      33.02411651611328,
      22.390445709228516,
      42.65933609008789,
      11.252878189086914,
      14.486424446105957,
      7.090016841888428,
      12.819876670837402,
      5.3772196769714355,
      12.798748970031738,
      8.995874404907227,
      18.503009796142578,
      15.082027435302734,
      24.0429744720459,
      10.071710586547852,
      23.0887508392334,
      8.21904468536377,
      27.77742576599121
    ],
    [
      8.472511291503906,
      3.265007495880127,
      15.17014217376709,
      11.252878189086914,
      35.41392135620117,
      16.92278480529785,
      18.322708129882812,
      11.56618881225586,
      12.21622371673584,
      10.071925163269043,
      16.755908966064453,
      12.536972999572754,
      16.101377487182617,
      16.54033851623535,
      16.284488677978516,
      16.759437561035156,
      19.495044708251953,
      18.706270217895508
    ],
    [
      8.937994956970215,
      5.021841526031494,
      7.266045093536377,
      14.486424446105957,
      16.92278480529785,
      30.953536987304688,
      13.1073579788208,
      17.426876068115234,
      10.400043487548828,
      16.253475189208984,
      12.987133026123047,
      16.386619567871094,
      14.55390453338623,
      21.10470962524414,
      12.034360885620117,
      21.655031204223633,
      15.967021942138672,
      23.819793701171875
    ],
    [
      10.036507606506348,
      4.611495018005371,
      6.556117057800293,
      7.090016841888428,
      18.322708129882812,
      13.1073579788208,
      42.90158462524414,
      22.453449249267578,
      19.115636825561523,
      12.512269973754883,
      21.809904098510742,
      14.723318099975586,
      14.582785606384277,
      14.495341300964355,
      12.717841148376465,
      14.459817886352539,
      17.41463279724121,
      18.509653091430664
    ],
    [
      7.540674686431885,
      6.009454727172852,
      6.123109817504883,
      12.819876670837402,
      11.56618881225586,
      17.426876068115234,
      22.453449249267578,
      31.143770217895508,
      11.240263938903809,
      16.318553924560547,
      13.981342315673828,
      17.668119430541992,
      13.609609603881836,
      20.173261642456055,
      10.127638816833496,
      20.540481567382812,
      15.548060417175293,
      24.24711799621582
    ],
    [
      14.71922492980957,
      1.5663295984268188,
      8.171920776367188,
      5.3772196769714355,
      12.21622371673584,
      10.400043487548828,
      19.115636825561523,
      11.240263938903809,
      34.98774719238281,
      19.684528350830078,
      25.69757080078125,
      17.912500381469727,
      21.976900100708008,
      20.330522537231445,
      17.694494247436523,
      18.455156326293945,
      19.703044891357422,
      18.778377532958984
    ],
    [
      7.428692817687988,
      1.3069692850112915,
      7.760956764221191,
      12.798748970031738,
      10.071925163269043,
      16.253475189208984,
      12.512269973754883,
      16.318553924560547,
      19.684528350830078,
      29.489151000976562,
      16.56336784362793,
      23.718904495239258,
      19.8516788482666,
      28.52265739440918,
      14.567831993103027,
      27.163372039794922,
      19.013965606689453,
      29.772417068481445
    ],
    [
      17.654491424560547,
      0.9545878171920776,
      11.740896224975586,
      8.995874404907227,
      16.755908966064453,
      12.987133026123047,
      21.809904098510742,
      13.981342315673828,
      25.69757080078125,
      16.56336784362793,
      41.36994934082031,
      26.748952865600586,
      36.37250518798828,
      32.77037048339844,
      28.695539474487305,
      30.955707550048828,
      31.475034713745117,
      30.194395065307617
    ],
    [
      9.79415225982666,
      9.050040245056152,
      14.020705223083496,
      18.503009796142578,
      12.536972999572754,
      16.386619567871094,
      14.723318099975586,
      17.668119430541992,
      17.912500381469727,
      23.718904495239258,
      26.748952865600586,
      37.6938362121582,
      34.350364685058594,
      46.02363204956055,
      23.858320236206055,
      42.939022064208984,
      27.405099868774414,
      45.401634216308594
    ],
    [
      25.527278900146484,
      8.721311569213867,
      23.796972274780273,
      15.082027435302734,
      16.101377487182617,
      14.55390453338623,
      14.582785606384277,
      13.609609603881836,
      21.976900100708008,
      19.8516788482666,
      36.37250518798828,
      34.350364685058594,
      63.29644012451172,
      54.82696533203125,
      46.68737030029297,
      50.96339416503906,
      46.067142486572266,
      47.875892639160156
    ],
    [
      19.245935440063477,
      15.86573314666748,
      24.71648597717285,
      24.0429744720459,
      16.54033851623535,
      21.10470962524414,
      14.495341300964355,
      20.173261642456055,
      20.330522537231445,
      28.52265739440918,
      32.77037048339844,
      46.02363204956055,
      54.82696533203125,
      76.43743896484375,
      40.472450256347656,
      68.09355163574219,
      41.9128303527832,
      66.60883331298828
    ],
    [
      22.083335876464844,
      2.564889430999756,
      18.27606773376465,
      10.071710586547852,
      16.284488677978516,
      12.034360885620117,
      12.717841148376465,
      10.127638816833496,
      17.694494247436523,
      14.567831993103027,
      28.695539474487305,
      23.858320236206055,
      46.68737030029297,
      40.472450256347656,
      54.03805923461914,
      43.69380569458008,
      49.845664978027344,
      41.061424255371094
    ],
    [
      16.032512664794922,
      14.267495155334473,
      24.273334503173828,
      23.0887508392334,
      16.759437561035156,
      21.655031204223633,
      14.459817886352539,
      20.540481567382812,
      18.455156326293945,
      27.163372039794922,
      30.955707550048828,
      42.939022064208984,
      50.96339416503906,
      68.09355163574219,
      43.69380569458008,
      76.95622253417969,
      45.39632034301758,
      76.45570373535156
    ],
    [
      23.96913719177246,
      -8.349771499633789,
      17.962316513061523,
      8.21904468536377,
      19.495044708251953,
      15.967021942138672,
      17.41463279724121,
      15.548060417175293,
      19.703044891357422,
      19.013965606689453,
      31.475034713745117,
      27.405099868774414,
      46.067142486572266,
      41.9128303527832,
      49.845664978027344,
      45.39632034301758,
      78.5448989868164,
      48.45079803466797
    ],
    [
      10.277857780456543,
      15.568337440490723,
      25.761962890625,
      27.77742576599121,
      18.706270217895508,
      23.819793701171875,
      18.509653091430664,
      24.24711799621582,
      18.778377532958984,
      29.772417068481445,
      30.194395065307617,
      45.401634216308594,
      47.875892639160156,
      66.60883331298828,
      41.061424255371094,
      76.45570373535156,
      48.45079803466797,
      102.38312530517578
    ]
  ],
  "damage": -5.79263162612915,
  "diff_bandwidth": 580.1019287109375,
  "dissonance": 10.133489003698024,
  "drr": 15.9375638961792,
  "dynamics": 3.506148338317871,
  "format": 1245190,
  "frames": 13134784,
  "loudness": -10.938640594482422,
  "loudness_range": 7.471917152404785,
  "loudness_range_short": 14.780045509338379,
  "lowpass_true_peak_15khz": 0.96319979429245,
  "mastering3_acoustic_entropies": [
    {
      "acoustic_entropy": 9.49073600769043,
      "acoustic_entropy_mono": 9.022971153259277,
      "band_eliminated_acoustic_entropies": [
        {
          "acoustic_entropy": 9.856588363647461,
          "acoustic_entropy_side": 9.493906021118164,
          "hz": 129.47220167065723
        },
        {
          "acoustic_entropy": 8.21077823638916,
          "acoustic_entropy_side": 9.503409385681152,
          "hz": 202.92927478742237
        },
        {
          "acoustic_entropy": 10.101330757141113,
          "acoustic_entropy_side": 9.1517972946167,
          "hz": 282.89161906338205
        },
        {
          "acoustic_entropy": 9.648892402648926,
          "acoustic_entropy_side": 9.408246994018555,
          "hz": 369.9353335868758
        },
        {
          "acoustic_entropy": 9.515379905700684,
          "acoustic_entropy_side": 9.44336986541748,
          "hz": 464.6875360973435
        },
        {
          "acoustic_entropy": 9.39747428894043,
          "acoustic_entropy_side": 9.378292083740234,
          "hz": 567.8308811364784
        },
        {
          "acoustic_entropy": 9.13530158996582,
          "acoustic_entropy_side": 9.520626068115234,
          "hz": 680.1084783214808
        },
        {
          "acoustic_entropy": 9.420687675476074,
          "acoustic_entropy_side": 9.595293045043945,
          "hz": 802.3292461747484
        },
        {
          "acoustic_entropy": 9.779937744140625,
          "acoustic_entropy_side": 9.591495513916016,
          "hz": 935.3737400823702
        },
        {
          "acoustic_entropy": 9.303524017333984,
          "acoustic_entropy_side": 9.330572128295898,
          "hz": 1080.2004963696966
        },
        {
          "acoustic_entropy": 9.00219440460205,
          "acoustic_entropy_side": 9.477030754089355,
          "hz": 1237.8529382007157
        },
        {
          "acoustic_entropy": 9.331364631652832,
          "acoustic_entropy_side": 9.95340347290039,
          "hz": 1409.4668930556702
        },
        {
          "acoustic_entropy": 9.689305305480957,
          "acoustic_entropy_side": 9.82744312286377,
          "hz": 1596.2787759475705
        },
        {
          "acoustic_entropy": 9.065940856933594,
          "acoustic_entropy_side": 9.626953125,
          "hz": 1799.6344973346393
        },
        {
          "acoustic_entropy": 9.788949966430664,
          "acoustic_entropy_side": 9.711212158203125,
          "hz": 2020.9991599069049
        },
        {
          "acoustic_entropy": 9.310762405395508,
          "acoustic_entropy_side": 9.498327255249023,
          "hz": 2261.9676141086993
        },
        {
          "acoustic_entropy": 9.235201835632324,
          "acoustic_entropy_side": 9.371960639953613,
          "hz": 2524.2759484456974
        },
        {
          "acoustic_entropy": 9.549040794372559,
          "acoustic_entropy_side": 9.486400604248047,
          "hz": 2809.813997359896
        },
        {
          "acoustic_entropy": 9.71703815460205,
          "acoustic_entropy_side": 9.585041046142578,
          "hz": 3120.6389567871424
        },
        {
          "acoustic_entropy": 10.074925422668457,
          "acoustic_entropy_side": 9.736727714538574,
          "hz": 3458.990205492291
        },
        {
          "acoustic_entropy": 9.618644714355469,
          "acoustic_entropy_side": 9.85419750213623,
          "hz": 3827.305438964164
        },
        {
          "acoustic_entropy": 9.216182708740234,
          "acoustic_entropy_side": 9.578307151794434,
          "hz": 4228.238232109126
        },
        {
          "acoustic_entropy": 9.382844924926758,
          "acoustic_entropy_side": 9.799973487854004,
          "hz": 4664.6771572759235
        },
        {
          "acoustic_entropy": 9.153213500976562,
          "acoustic_entropy_side": 9.671438217163086,
          "hz": 5139.766595350093
        },
        {
          "acoustic_entropy": 9.272416114807129,
          "acoustic_entropy_side": 9.759238243103027,
          "hz": 5656.929389854203
        },
        {
          "acoustic_entropy": 9.624488830566406,
          "acoustic_entropy_side": 9.672283172607422,
          "hz": 6219.891507268283
        },
        {
          "acoustic_entropy": 9.242982864379883,
          "acoustic_entropy_side": 9.645831108093262,
          "hz": 6832.70888123896
        },
        {
          "acoustic_entropy": 9.488853454589844,
          "acoustic_entropy_side": 9.642464637756348,
          "hz": 7499.796634079867
        },
        {
          "acoustic_entropy": 9.558650970458984,
          "acoustic_entropy_side": 9.661651611328125,
          "hz": 8225.96088609342
        },
        {
          "acoustic_entropy": 9.744118690490723,
          "acoustic_entropy_side": 9.718230247497559,
          "hz": 9016.43338188839
        },
        {
          "acoustic_entropy": 9.566902160644531,
          "acoustic_entropy_side": 9.745092391967773,
          "hz": 9876.909183162974
        },
        {
          "acoustic_entropy": 9.500627517700195,
          "acoustic_entropy_side": 9.770358085632324,
          "hz": 10813.587699516042
        },
        {
          "acoustic_entropy": 9.359628677368164,
          "acoustic_entropy_side": 9.480177879333496,
          "hz": 11833.21735289826
        },
        {
          "acoustic_entropy": 9.482182502746582,
          "acoustic_entropy_side": 9.294600486755371,
          "hz": 12943.144197493959
        },
        {
          "acoustic_entropy": 9.502962112426758,
          "acoustic_entropy_side": 9.205574035644531,
          "hz": 14151.364845322005
        },
        {
          "acoustic_entropy": 9.334970474243164,
          "acoustic_entropy_side": 9.254057884216309,
          "hz": 15466.58407886509
        },
        {
          "acoustic_entropy": 9.474067687988281,
          "acoustic_entropy_side": 9.397575378417969,
          "hz": 16898.27756580493
        },
        {
          "acoustic_entropy": 9.43212890625,
          "acoustic_entropy_side": 9.452621459960938,
          "hz": 18456.760127700032
        },
        {
          "acoustic_entropy": 9.480473518371582,
          "acoustic_entropy_side": 9.486659049987793,
          "hz": 20153.260054456492
        },
        {
          "acoustic_entropy": 9.49163818359375,
          "acoustic_entropy_side": 9.490462303161621,
          "hz": 22000.00000000001
        }
      ],
      "diff_acoustic_entropy": 11.26755142211914,
      "sn": 6
    },
    {
      "acoustic_entropy": 13.658998489379883,
      "acoustic_entropy_mono": 12.991368293762207,
      "band_eliminated_acoustic_entropies": [
        {
          "acoustic_entropy": 13.601692199707031,
          "acoustic_entropy_side": 13.652074813842773,
          "hz": 129.47220167065723
        },
        {
          "acoustic_entropy": 12.959920883178711,
          "acoustic_entropy_side": 13.648530006408691,
          "hz": 202.92927478742237
        },
        {
          "acoustic_entropy": 14.183907508850098,
          "acoustic_entropy_side": 13.66724967956543,
          "hz": 282.89161906338205
        },
        {
          "acoustic_entropy": 13.698016166687012,
          "acoustic_entropy_side": 13.697516441345215,
          "hz": 369.9353335868758
        },
        {
          "acoustic_entropy": 13.85506534576416,
          "acoustic_entropy_side": 13.662712097167969,
          "hz": 464.6875360973435
        },
        {
          "acoustic_entropy": 13.556581497192383,
          "acoustic_entropy_side": 13.596131324768066,
          "hz": 567.8308811364784
        },
        {
          "acoustic_entropy": 13.778193473815918,
          "acoustic_entropy_side": 13.981581687927246,
          "hz": 680.1084783214808
        },
        {
          "acoustic_entropy": 13.20640754699707,
          "acoustic_entropy_side": 13.931926727294922,
          "hz": 802.3292461747484
        },
        {
          "acoustic_entropy": 14.639522552490234,
          "acoustic_entropy_side": 14.23921012878418,
          "hz": 935.3737400823702
        },
        {
          "acoustic_entropy": 12.876611709594727,
          "acoustic_entropy_side": 13.706345558166504,
          "hz": 1080.2004963696966
        },
        {
          "acoustic_entropy": 13.594537734985352,
          "acoustic_entropy_side": 13.798829078674316,
          "hz": 1237.8529382007157
        },
        {
          "acoustic_entropy": 13.741390228271484,
          "acoustic_entropy_side": 13.926006317138672,
          "hz": 1409.4668930556702
        },
        {
          "acoustic_entropy": 14.4735746383667,
          "acoustic_entropy_side": 13.958861351013184,
          "hz": 1596.2787759475705
        },
        {
          "acoustic_entropy": 13.721349716186523,
          "acoustic_entropy_side": 13.823674201965332,
          "hz": 1799.6344973346393
        },
        {
          "acoustic_entropy": 13.681992530822754,
          "acoustic_entropy_side": 13.663253784179688,
          "hz": 2020.9991599069049
        },
        {
          "acoustic_entropy": 13.544384956359863,
          "acoustic_entropy_side": 13.6832857131958,
          "hz": 2261.9676141086993
        },
        {
          "acoustic_entropy": 13.549251556396484,
          "acoustic_entropy_side": 13.66847038269043,
          "hz": 2524.2759484456974
        },
        {
          "acoustic_entropy": 13.647261619567871,
          "acoustic_entropy_side": 13.762062072753906,
          "hz": 2809.813997359896
        },
        {
          "acoustic_entropy": 13.675068855285645,
          "acoustic_entropy_side": 13.654922485351562,
          "hz": 3120.6389567871424
        },
        {
          "acoustic_entropy": 13.474884986877441,
          "acoustic_entropy_side": 13.712602615356445,
          "hz": 3458.990205492291
        },
        {
          "acoustic_entropy": 13.416746139526367,
          "acoustic_entropy_side": 13.650938034057617,
          "hz": 3827.305438964164
        },
        {
          "acoustic_entropy": 13.589398384094238,
          "acoustic_entropy_side": 13.74377727508545,
          "hz": 4228.238232109126
        },
        {
          "acoustic_entropy": 13.716650009155273,
          "acoustic_entropy_side": 13.643575668334961,
          "hz": 4664.6771572759235
        },
        {
          "acoustic_entropy": 13.729591369628906,
          "acoustic_entropy_side": 13.636518478393555,
          "hz": 5139.766595350093
        },
        {
          "acoustic_entropy": 13.669775009155273,
          "acoustic_entropy_side": 13.589621543884277,
          "hz": 5656.929389854203
        },
        {
          "acoustic_entropy": 13.664351463317871,
          "acoustic_entropy_side": 13.675024032592773,
          "hz": 6219.891507268283
        },
        {
          "acoustic_entropy": 13.741401672363281,
          "acoustic_entropy_side": 13.69966983795166,
          "hz": 6832.70888123896
        },
        {
          "acoustic_entropy": 13.812724113464355,
          "acoustic_entropy_side": 13.67700481414795,
          "hz": 7499.796634079867
        },
        {
          "acoustic_entropy": 13.692635536193848,
          "acoustic_entropy_side": 13.67870044708252,
          "hz": 8225.96088609342
        },
        {
          "acoustic_entropy": 13.64987850189209,
          "acoustic_entropy_side": 13.752336502075195,
          "hz": 9016.43338188839
        },
        {
          "acoustic_entropy": 13.57908821105957,
          "acoustic_entropy_side": 13.68486499786377,
          "hz": 9876.909183162974
        },
        {
          "acoustic_entropy": 13.485513687133789,
          "acoustic_entropy_side": 13.740348815917969,
          "hz": 10813.587699516042
        },
        {
          "acoustic_entropy": 13.451849937438965,
          "acoustic_entropy_side": 13.62909984588623,
          "hz": 11833.21735289826
        },
        {
          "acoustic_entropy": 13.583950996398926,
          "acoustic_entropy_side": 13.641730308532715,
          "hz": 12943.144197493959
        },
        {
          "acoustic_entropy": 13.575668334960938,
          "acoustic_entropy_side": 13.649158477783203,
          "hz": 14151.364845322005
        },
        {
          "acoustic_entropy": 13.626235008239746,
          "acoustic_entropy_side": 13.672721862792969,
          "hz": 15466.58407886509
        },
        {
          "acoustic_entropy": 13.665122985839844,
          "acoustic_entropy_side": 13.671968460083008,
          "hz": 16898.27756580493
        },
        {
          "acoustic_entropy": 13.701186180114746,
          "acoustic_entropy_side": 13.669832229614258,
          "hz": 18456.760127700032
        },
        {
          "acoustic_entropy": 13.697437286376953,
          "acoustic_entropy_side": 13.659761428833008,
          "hz": 20153.260054456492
        },
        {
          "acoustic_entropy": 13.671639442443848,
          "acoustic_entropy_side": 13.659099578857422,
          "hz": 22000.00000000001
        }
      ],
      "diff_acoustic_entropy": 15.67811107635498,
      "sn": 12
    },
    {
      "acoustic_entropy": 19.049480438232422,
      "acoustic_entropy_mono": 16.88477325439453,
      "band_eliminated_acoustic_entropies": [
        {
          "acoustic_entropy": 19.033870697021484,
          "acoustic_entropy_side": 18.627506256103516,
          "hz": 129.47220167065723
        },
        {
          "acoustic_entropy": 19.610349655151367,
          "acoustic_entropy_side": 18.765457153320312,
          "hz": 202.92927478742237
        },
        {
          "acoustic_entropy": 18.263521194458008,
          "acoustic_entropy_side": 18.927345275878906,
          "hz": 282.89161906338205
        },
        {
          "acoustic_entropy": 18.957265853881836,
          "acoustic_entropy_side": 18.71038246154785,
          "hz": 369.9353335868758
        },
        {
          "acoustic_entropy": 18.49968719482422,
          "acoustic_entropy_side": 18.601402282714844,
          "hz": 464.6875360973435
        },
        {
          "acoustic_entropy": 19.154281616210938,
          "acoustic_entropy_side": 19.277835845947266,
          "hz": 567.8308811364784
        },
        {
          "acoustic_entropy": 18.65724754333496,
          "acoustic_entropy_side": 19.37079429626465,
          "hz": 680.1084783214808
        },
        {
          "acoustic_entropy": 18.787708282470703,
          "acoustic_entropy_side": 18.24934196472168,
          "hz": 802.3292461747484
        },
        {
          "acoustic_entropy": 18.22593879699707,
          "acoustic_entropy_side": 18.685022354125977,
          "hz": 935.3737400823702
        },
        {
          "acoustic_entropy": 19.012296676635742,
          "acoustic_entropy_side": 18.608198165893555,
          "hz": 1080.2004963696966
        },
        {
          "acoustic_entropy": 18.76144027709961,
          "acoustic_entropy_side": 18.99114227294922,
          "hz": 1237.8529382007157
        },
        {
          "acoustic_entropy": 19.067760467529297,
          "acoustic_entropy_side": 18.49428939819336,
          "hz": 1409.4668930556702
        },
        {
          "acoustic_entropy": 19.887981414794922,
          "acoustic_entropy_side": 19.303733825683594,
          "hz": 1596.2787759475705
        },
        {
          "acoustic_entropy": 18.579574584960938,
          "acoustic_entropy_side": 18.807804107666016,
          "hz": 1799.6344973346393
        },
        {
          "acoustic_entropy": 18.794971466064453,
          "acoustic_entropy_side": 18.65229606628418,
          "hz": 2020.9991599069049
        },
        {
          "acoustic_entropy": 18.95380973815918,
          "acoustic_entropy_side": 18.796802520751953,
          "hz": 2261.9676141086993
        },
        {
          "acoustic_entropy": 18.73731231689453,
          "acoustic_entropy_side": 18.960731506347656,
          "hz": 2524.2759484456974
        },
        {
          "acoustic_entropy": 19.062896728515625,
          "acoustic_entropy_side": 18.89173698425293,
          "hz": 2809.813997359896
        },
        {
          "acoustic_entropy": 19.077924728393555,
