{
  "acoustic_entropy": 225.5357208251953,
  "bands": [
    {
      "high_freq": 148.1999969482422,
      "loudness": -18.71918487548828,
      "loudness_range": 6.107531547546387,
      "mid_mean": -15.092209815979004,
      "mid_to_side_loudness": -21.365346908569336,
      "mid_to_side_loudness_range": 15.020026206970215,
      "side_mean": -36.39925003051758
    },
    {
      "high_freq": 392.3793640136719,
      "loudness": -20.223575592041016,
      "loudness_range": 6.832302093505859,
      "low_freq": 148.1999969482422,
      "mid_mean": -16.881092071533203,
      "mid_to_side_loudness": -11.799918174743652,
      "mid_to_side_loudness_range": 9.57668685913086,
      "side_mean": -28.5384521484375
    },
    {
      "high_freq": 794.6976318359375,
      "loudness": -20.926237106323242,
      "loudness_range": 8.885482788085938,
      "low_freq": 392.3793640136719,
      "mid_mean": -17.996583938598633,
      "mid_to_side_loudness": -8.288352012634277,
      "mid_to_side_loudness_range": 11.294445037841797,
      "side_mean": -26.34560203552246
    },
    {
      "high_freq": 1457.5709228515625,
      "loudness": -23.286378860473633,
      "loudness_range": 11.472166061401367,
      "low_freq": 794.6976318359375,
      "mid_mean": -20.408754348754883,
      "mid_to_side_loudness": -7.73147439956665,
      "mid_to_side_loudness_range": 9.255636215209961,
      "side_mean": -28.20659637451172
    },
    {
      "high_freq": 2549.74365234375,
      "loudness": -21.63259506225586,
      "loudness_range": 10.53885269165039,
      "low_freq": 1457.5709228515625,
      "mid_mean": -18.727619171142578,
      "mid_to_side_loudness": -7.962277889251709,
      "mid_to_side_loudness_range": 9.279180526733398,
      "side_mean": -26.736906051635742
    },
    {
      "high_freq": 4349.24462890625,
      "loudness": -22.10431671142578,
      "loudness_range": 8.643903732299805,
      "low_freq": 2549.74365234375,
      "mid_mean": -19.384723663330078,
      "mid_to_side_loudness": -6.695410251617432,
      "mid_to_side_loudness_range": 7.920305252075195,
      "side_mean": -26.1320743560791
    },
    {
      "high_freq": 7314.1640625,
      "loudness": -25.89472770690918,
      "loudness_range": 8.964826583862305,
      "low_freq": 4349.24462890625,
      "mid_mean": -23.158164978027344,
      "mid_to_side_loudness": -6.607726097106934,
      "mid_to_side_loudness_range": 7.32280158996582,
      "side_mean": -29.837173461914062
    },
    {
      "high_freq": 12199.2666015625,
      "loudness": -29.278766632080078,
      "loudness_range": 9.003995895385742,
      "low_freq": 7314.1640625,
      "mid_mean": -26.508840560913086,
      "mid_to_side_loudness": -6.569636344909668,
      "mid_to_side_loudness_range": 5.785120964050293,
      "side_mean": -33.163482666015625
    },
    {
      "loudness": -34.078582763671875,
      "loudness_range": 7.484003067016602,
      "low_freq": 12199.2666015625,
      "mid_mean": -31.36208724975586,
      "mid_to_side_loudness": -6.2372331619262695,
      "mid_to_side_loudness_range": 5.457101821899414,
      "side_mean": -37.66962432861328
    }
  ],
  "bands_short": [
    {
      "high_freq": 148.1999969482422,
      "loudness": -21.387460708618164,
      "loudness_range": 12.649977684020996,
      "mid_mean": -17.779375076293945,
      "mid_to_side_loudness": -22.292932510375977,
      "mid_to_side_loudness_range": 24.021028518676758,
      "side_mean": -40.89234161376953
    },
    {
      "high_freq": 392.3793640136719,
      "loudness": -20.340532302856445,
      "loudness_range": 12.198200225830078,
      "low_freq": 148.1999969482422,
      "mid_mean": -17.029193878173828,
      "mid_to_side_loudness": -12.79061222076416,
      "mid_to_side_loudness_range": 14.980679512023926,
      "side_mean": -29.725479125976562
    },
    {
      "high_freq": 794.6976318359375,
      "loudness": -22.030242919921875,
      "loudness_range": 12.93720817565918,
      "low_freq": 392.3793640136719,
      "mid_mean": -19.31428337097168,
      "mid_to_side_loudness": -7.984469890594482,
      "mid_to_side_loudness_range": 14.534594535827637,
      "side_mean": -27.30878257751465
    },
    {
      "high_freq": 1457.5709228515625,
      "loudness": -23.9500675201416,
      "loudness_range": 15.079704284667969,
      "low_freq": 794.6976318359375,
      "mid_mean": -21.236783981323242,
      "mid_to_side_loudness": -7.529865264892578,
      "mid_to_side_loudness_range": 12.875835418701172,
      "side_mean": -28.836214065551758
    },
    {
      "high_freq": 2549.74365234375,
      "loudness": -22.518890380859375,
      "loudness_range": 13.790491104125977,
      "low_freq": 1457.5709228515625,
      "mid_mean": -19.749614715576172,
      "mid_to_side_loudness": -7.7131853103637695,
      "mid_to_side_loudness_range": 12.348774909973145,
      "side_mean": -27.550155639648438
    },
    {
      "high_freq": 4349.24462890625,
      "loudness": -22.594749450683594,
      "loudness_range": 11.063337326049805,
      "low_freq": 2549.74365234375,
      "mid_mean": -19.977317810058594,
      "mid_to_side_loudness": -6.637397766113281,
      "mid_to_side_loudness_range": 10.441500663757324,
      "side_mean": -26.661649703979492
    },
    {
      "high_freq": 7314.1640625,
      "loudness": -26.7998104095459,
      "loudness_range": 12.740234375,
      "low_freq": 4349.24462890625,
      "mid_mean": -24.20420265197754,
      "mid_to_side_loudness": -6.448244094848633,
      "mid_to_side_loudness_range": 9.555562019348145,
      "side_mean": -30.57073974609375
    },
    {
      "high_freq": 12199.2666015625,
      "loudness": -31.083391189575195,
      "loudness_range": 15.563077926635742,
      "low_freq": 7314.1640625,
      "mid_mean": -28.390954971313477,
      "mid_to_side_loudness": -6.769167423248291,
      "mid_to_side_loudness_range": 9.020089149475098,
      "side_mean": -35.09495162963867
    },
    {
      "loudness": -37.09846878051758,
      "loudness_range": 18.411272048950195,
      "low_freq": 12199.2666015625,
      "mid_mean": -34.40098190307617,
      "mid_to_side_loudness": -6.996484279632568,
      "mid_to_side_loudness_range": 9.99025821685791,
      "side_mean": -41.28300857543945
    }
  ],
  "bandwidth": 645.1154174804688,
  "channels": 2,
  "covariance": [
    [
      7.136067867279053,
      6.068783283233643,
      2.9112489223480225,
      3.5747182369232178,
      2.2974226474761963,
      3.129331350326538,
      2.7611606121063232,
      3.089510917663574,
      2.1568939685821533,
      2.8468708992004395,
      2.2680137157440186,
      3.208814859390259,
      1.7738492488861084,
      2.3981292247772217,
      1.5118383169174194,
      2.3620121479034424,
      1.2128479480743408,
      1.968705177307129
    ],
    [
      6.068783283233643,
      32.46665954589844,
      6.137778282165527,
      11.632373809814453,
      6.9157395362854,
      8.02149772644043,
      9.367887496948242,
      10.219270706176758,
      9.103846549987793,
      12.587625503540039,
      8.897704124450684,
      12.703145027160645,
      7.862418174743652,
      9.953062057495117,
      5.642614841461182,
      7.618925094604492,
      3.4458296298980713,
      4.687713146209717
    ],
    [
      2.9112489223480225,
      6.137778282165527,
      6.941598892211914,
      4.983506202697754,
      3.2046618461608887,
      3.2945716381073,
      2.3467257022857666,
      2.3963921070098877,
      3.1692655086517334,
      2.646615982055664,
      3.201094388961792,
      2.914271116256714,
      2.894519090652466,
      2.5227277278900146,
      2.5081539154052734,
      2.347947120666504,
      2.2222301959991455,
      2.2626307010650635
    ],
    [
      3.5747182369232178,
      11.632373809814453,
      4.983506202697754,
      15.640759468078613,
      5.015027046203613,
      8.904062271118164,
      5.540265083312988,
      7.786794662475586,
      7.290237903594971,
      10.09338665008545,
      7.238399982452393,
      10.894998550415039,
      6.536065578460693,
      9.115826606750488,
      4.523288726806641,
      7.216073989868164,
      2.4691102504730225,
      4.302649974822998
    ],
    [
      2.2974226474761963,
      6.9157395362854,
      3.2046618461608887,
      5.015027046203613,
      13.591781616210938,
      7.310663223266602,
      9.56177806854248,
      5.854260444641113,
      6.4926958084106445,
      5.598788261413574,
      5.139547824859619,
      5.52351713180542,
      3.1082518100738525,
      4.131523609161377,
      1.9323854446411133,
      3.0166828632354736,
      1.3457527160644531,
      2.16747784614563
    ],
    [
      3.129331350326538,
      8.02149772644043,
      3.2945716381073,
      8.904062271118164,
      7.310663223266602,
      17.56491470336914,
      7.03249979019165,
      12.132441520690918,
      7.395630359649658,
      11.700783729553223,
      6.723420143127441,
      12.155474662780762,
      6.007017612457275,
      9.52463150024414,
      4.472085952758789,
      7.872538089752197,
      2.1085104942321777,
      4.922048091888428
    ],
    [
      2.7611606121063232,
      9.367887496948242,
      2.3467257022857666,
      5.540265083312988,
      9.56177806854248,
      7.03249979019165,
      18.88834571838379,
      12.949118614196777,
      7.636709690093994,
      9.109862327575684,
      5.787964820861816,
      8.14898681640625,
      4.587271213531494,
      6.135848522186279,
      2.6373307704925537,
      4.4816060066223145,
      1.797328233718872,
      2.9879865646362305
    ],
    [
      3.089510917663574,
      10.219270706176758,
      2.3963921070098877,
      7.786794662475586,
      5.854260444641113,
      12.132441520690918,
      12.949118614196777,
      19.690916061401367,
      7.639191150665283,
      13.641891479492188,
      7.301616191864014,
      13.594406127929688,
      6.864102840423584,
      11.020646095275879,
      4.494056701660156,
      8.144875526428223,
      2.2615721225738525,
      4.974585056304932
    ],
    [
      2.1568939685821533,
      9.103846549987793,
      3.1692655086517334,
      7.290237903594971,
      6.4926958084106445,
      7.395630359649658,
      7.636709690093994,
      7.639191150665283,
      18.265323638916016,
      12.764264106750488,
      12.117342948913574,
      10.999110221862793,
      8.378373146057129,
      8.311331748962402,
      4.84450626373291,
      6.583729267120361,
      2.632406234741211,
      4.041850566864014
    ],
    [
      2.8468708992004395,
      12.587625503540039,
      2.646615982055664,
      10.09338665008545,
      5.598788261413574,
      11.700783729553223,
      9.109862327575684,
      13.641891479492188,
      12.764264106750488,
      19.25937843322754,
      10.9085054397583,
      18.00692367553711,
      9.223136901855469,
      13.976576805114746,
      6.750621318817139,
      10.753314971923828,
      3.670046806335449,
      6.809284687042236
    ],
    [
      2.2680137157440186,
      8.897704124450684,
      3.201094388961792,
      7.238399982452393,
      5.139547824859619,
      6.723420143127441,
      5.787964820861816,
      7.301616191864014,
      12.117342948913574,
      10.9085054397583,
      12.450074195861816,
      12.795605659484863,
      8.74815559387207,
      9.727415084838867,
      5.521441459655762,
      7.192617893218994,
      3.145843267440796,
      4.519922256469727
    ],
    [
      3.208814859390259,
      12.703145027160645,
      2.914271116256714,
      10.894998550415039,
      5.52351713180542,
      12.155474662780762,
      8.14898681640625,
      13.594406127929688,
      10.999110221862793,
      18.00692367553711,
      12.795605659484863,
      22.576669692993164,
      10.68528938293457,
      16.786827087402344,
      7.503931999206543,
      11.884077072143555,
      3.885666608810425,
      7.152828693389893
    ],
    [
      1.7738492488861084,
      7.862418174743652,
      2.894519090652466,
      6.536065578460693,
      3.1082518100738525,
      6.007017612457275,
      4.587271213531494,
      6.864102840423584,
      8.378373146057129,
      9.223136901855469,
      8.74815559387207,
      10.68528938293457,
      11.488908767700195,
      11.318103790283203,
      8.107187271118164,
      8.911779403686523,
      5.245533466339111,
      5.843069076538086
    ],
    [
      2.3981292247772217,
      9.953062057495117,
      2.5227277278900146,
      9.115826606750488,
      4.131523609161377,
      9.52463150024414,
      6.135848522186279,
      11.020646095275879,
      8.311331748962402,
      13.976576805114746,
      9.727415084838867,
      16.786827087402344,
      11.318103790283203,
      19.27535057067871,
      8.53265380859375,
      13.323634147644043,
      5.3502197265625,
      8.452252388000488
    ],
    [
      1.5118383169174194,
      5.642614841461182,
      2.5081539154052734,
      4.523288726806641,
      1.9323854446411133,
      4.472085952758789,
      2.6373307704925537,
      4.494056701660156,
      4.84450626373291,
      6.750621318817139,
      5.521441459655762,
      7.503931999206543,
      8.107187271118164,
      8.53265380859375,
      9.766740798950195,
      8.867918014526367,
      7.63605260848999,
      7.048538684844971
    ],
    [
      2.3620121479034424,
      7.618925094604492,
      2.347947120666504,
      7.216073989868164,
      3.0166828632354736,
      7.872538089752197,
      4.4816060066223145,
      8.144875526428223,
      6.583729267120361,
      10.753314971923828,
      7.192617893218994,
      11.884077072143555,
      8.911779403686523,
      13.323634147644043,
      8.867918014526367,
      13.697461128234863,
      6.612741470336914,
      9.890508651733398
    ],
    [
      1.2128479480743408,
      3.4458296298980713,
      2.2222301959991455,
      2.4691102504730225,
      1.3457527160644531,
      2.1085104942321777,
      1.797328233718872,
      2.2615721225738525,
      2.632406234741211,
      3.670046806335449,
      3.145843267440796,
      3.885666608810425,
      5.245533466339111,
      5.3502197265625,
      7.63605260848999,
      6.612741470336914,
      8.941437721252441,
      8.283736228942871
    ],
    [
      1.968705177307129,
      4.687713146209717,
      2.2626307010650635,
      4.302649974822998,
      2.16747784614563,
      4.922048091888428,
      2.9879865646362305,
      4.974585056304932,
      4.041850566864014,
      6.809284687042236,
      4.519922256469727,
      7.152828693389893,
      5.843069076538086,
      8.452252388000488,
      7.048538684844971,
      9.890508651733398,
      8.283736228942871,
      12.119649887084961
    ]
  ],
  "covariance_short": [
    [
      27.792673110961914,
      11.918570518493652,
      4.018413543701172,
      4.087911128997803,
      2.996615409851074,
      4.9647321701049805,
      4.137633800506592,
      5.262507915496826,
      2.7736194133758545,
      4.622312068939209,
      2.1398868560791016,
      3.7880897521972656,
      1.4267264604568481,
      2.843433141708374,
      0.9032081365585327,
      3.0082437992095947,
      0.7517739534378052,
      3.183720350265503
    ],
    [
      11.918570518493652,
      50.742469787597656,
      9.299955368041992,
      14.587780952453613,
      9.323288917541504,
      8.221388816833496,
      10.298296928405762,
      10.302342414855957,
      8.653119087219238,
      9.993753433227539,
      8.920333862304688,
      10.092995643615723,
      8.725153923034668,
      7.928221702575684,
      6.387871265411377,
      8.080507278442383,
      6.394829273223877,
      8.866506576538086
    ],
    [
      4.018413543701172,
      9.299955368041992,
      22.296382904052734,
      11.099286079406738,
      8.810927391052246,
      6.397780418395996,
      6.130136489868164,
      5.934109210968018,
      7.904226303100586,
      5.8101019859313965,
      7.402676582336426,
      5.1850409507751465,
      9.131750106811523,
      7.781083106994629,
      10.171370506286621,
      11.22020149230957,
      12.190333366394043,
      14.746973991394043
    ],
    [
      4.087911128997803,
      14.587780952453613,
      11.099286079406738,
      28.08094024658203,
      10.112456321716309,
      12.712347030639648,
      10.329465866088867,
      11.995865821838379,
      11.054455757141113,
      13.321096420288086,
      10.930139541625977,
      13.25693416595459,
      10.845145225524902,
      13.023553848266602,
      9.880189895629883,
      14.041810035705566,
      9.96008014678955,
      14.864702224731445
    ],
    [
      2.996615409851074,
      9.323288917541504,
      8.810927391052246,
      10.112456321716309,
      27.76729393005371,
      14.156286239624023,
      16.10675048828125,
      11.007019996643066,
      13.06127643585205,
      9.73709487915039,
      10.873790740966797,
      8.459750175476074,
      8.67671012878418,
      8.173798561096191,
      7.104333400726318,
      9.663749694824219,
      7.889220714569092,
      11.875279426574707
    ],
    [
      4.9647321701049805,
      8.221388816833496,
      6.397780418395996,
      12.712347030639648,
      14.156286239624023,
      28.387340545654297,
      10.616228103637695,
      15.966546058654785,
      11.919376373291016,
      16.083162307739258,
      10.6878662109375,
      15.844832420349121,
      10.20330810546875,
      13.818832397460938,
      9.021045684814453,
      14.366448402404785,
      8.93323802947998,
      14.9309663772583
    ],
    [
      4.137633800506592,
      10.298296928405762,
      6.130136489868164,
      10.329465866088867,
      16.10675048828125,
      10.616228103637695,
      32.22684097290039,
      18.994945526123047,
      14.559310913085938,
      13.271291732788086,
      11.005657196044922,
      10.72583293914795,
      9.82796859741211,
      9.858960151672363,
      7.369858264923096,
      10.661595344543457,
      8.345867156982422,
      12.457585334777832
    ],
    [
      5.262507915496826,
      10.302342414855957,
      5.934109210968018,
      11.995865821838379,
      11.007019996643066,
      15.966546058654785,
      18.994945526123047,
      28.542949676513672,
      11.767587661743164,
      17.650882720947266,
      10.996296882629395,
      16.590110778808594,
      10.891079902648926,
      14.809967994689941,
      9.443634986877441,
      14.869924545288086,
      9.831360816955566,
      15.893792152404785
    ],
    [
      2.7736194133758545,
      8.653119087219238,
      7.904226303100586,
      11.054455757141113,
      13.06127643585205,
      11.919376373291016,
      14.559310913085938,
      11.767587661743164,
      30.29900360107422,
      17.869728088378906,
      19.202795028686523,
      14.329898834228516,
      15.519046783447266,
      12.7476224899292,
      11.842873573303223,
      14.40321159362793,
      13.049741744995117,
      16.841537475585938
    ],
    [
      4.622312068939209,
      9.993753433227539,
      5.8101019859313965,
      13.321096420288086,
      9.73709487915039,
      16.083162307739258,
      13.271291732788086,
      17.650882720947266,
      17.869728088378906,
      26.508695602416992,
      15.183775901794434,
      22.109140396118164,
      14.180112838745117,
      18.177810668945312,
      12.342350959777832,
      17.992874145507812,
      12.843667030334473,
      19.67501449584961
    ],
    [
      2.1398868560791016,
      8.920333862304688,
      7.402676582336426,
      10.930139541625977,
      10.873790740966797,
      10.6878662109375,
      11.005657196044922,
      10.996296882629395,
      19.202795028686523,
      15.183775901794434,
      21.339881896972656,
      17.227508544921875,
      15.839008331298828,
      14.31833553314209,
      12.641510009765625,
      14.36213207244873,
      13.217507362365723,
      16.243318557739258
    ],
    [
      3.7880897521972656,
      10.092995643615723,
      5.1850409507751465,
      13.25693416595459,
      8.459750175476074,
      15.844832420349121,
      10.72583293914795,
      16.590110778808594,
      14.329898834228516,
      22.109140396118164,
      17.227508544921875,
      29.025516510009766,
      15.47481632232666,
      21.339868545532227,
      12.59477710723877,
      18.550594329833984,
      12.377747535705566,
      18.824819564819336
    ],
    [
      1.4267264604568481,
      8.725153923034668,
      9.131750106811523,
      10.845145225524902,
      8.67671012878418,
      10.20330810546875,
      9.82796859741211,
      10.891079902648926,
      15.519046783447266,
      14.180112838745117,
      15.839008331298828,
      15.47481632232666,
      24.256380081176758,
      20.17925262451172,
      21.39354705810547,
      22.398073196411133,
      22.405813217163086,
      24.754777908325195
    ],
    [
      2.843433141708374,
      7.928221702575684,
      7.781083106994629,
      13.023553848266602,
      8.173798561096191,
      13.818832397460938,
      9.858960151672363,
      14.809967994689941,
      12.7476224899292,
      18.177810668945312,
      14.31833553314209,
      21.339868545532227,
      20.17925262451172,
      31.074989318847656,
      18.77399444580078,
      27.16886329650879,
      18.960214614868164,
      27.027673721313477
    ],
    [
      0.9032081365585327,
      6.387871265411377,
      10.171370506286621,
      9.880189895629883,
      7.104333400726318,
      9.021045684814453,
      7.369858264923096,
      9.443634986877441,
      11.842873573303223,
      12.342350959777832,
      12.641510009765625,
      12.59477710723877,
      21.39354705810547,
      18.77399444580078,
      30.944963455200195,
      28.54343032836914,
      32.575077056884766,
      32.662750244140625
    ],
    [
      3.0082437992095947,
      8.080507278442383,
      11.22020149230957,
      14.041810035705566,
      9.663749694824219,
      14.366448402404785,
      10.661595344543457,
      14.869924545288086,
      14.40321159362793,
      17.992874145507812,
      14.36213207244873,
      18.550594329833984,
      22.398073196411133,
      27.16886329650879,
      28.54343032836914,
      40.78749465942383,
      30.74589729309082,
      41.79191589355469
    ],
    [
      0.7517739534378052,
      6.394829273223877,
      12.190333366394043,
      9.96008014678955,
      7.889220714569092,
      8.93323802947998,
      8.345867156982422,
      9.831360816955566,
      13.049741744995117,
      12.843667030334473,
      13.217507362365723,
      12.377747535705566,
      22.405813217163086,
      18.960214614868164,
      32.575077056884766,
      30.74589729309082,
      41.96915817260742,
      42.2706298828125
    ],
    [
      3.183720350265503,
      8.866506576538086,
      14.746973991394043,
      14.864702224731445,
      11.875279426574707,
      14.9309663772583,
      12.457585334777832,
      15.893792152404785,
      16.841537475585938,
      19.67501449584961,
      16.243318557739258,
      18.824819564819336,
      24.754777908325195,
      27.027673721313477,
      32.662750244140625,
      41.79191589355469,
      42.2706298828125,
      59.15841293334961
    ]
  ],
  "damage": -4.634838104248047,
  "diff_bandwidth": 638.242431640625,
  "dissonance": 10.109315903777407,
  "drr": 3.6095011234283447,
  "dynamics": 2.116056203842163,
  "format": 1245190,
  "frames": 13314048,
  "loudness": -9.044600486755371,
  "loudness_range": 4.620663166046143,
  "loudness_range_short": 7.491962909698486,
  "lowpass_true_peak_15khz": 1.1255145072937012,
  "mastering3_acoustic_entropies": [
    {
      "acoustic_entropy": 5.231006622314453,
      "acoustic_entropy_mono": 5.308765411376953,
      "band_eliminated_acoustic_entropies": [
        {
          "acoustic_entropy": 5.279716968536377,
          "acoustic_entropy_side": 5.231075763702393,
          "hz": 129.47220167065723
        },
        {
          "acoustic_entropy": 5.31298828125,
          "acoustic_entropy_side": 5.233334064483643,
          "hz": 202.92927478742237
        },
        {
          "acoustic_entropy": 5.603748321533203,
          "acoustic_entropy_side": 5.240383148193359,
          "hz": 282.89161906338205
        },
        {
          "acoustic_entropy": 5.605475425720215,
          "acoustic_entropy_side": 5.241210460662842,
          "hz": 369.9353335868758
        },
        {
          "acoustic_entropy": 5.428682327270508,
          "acoustic_entropy_side": 5.284544944763184,
          "hz": 464.6875360973435
        },
        {
          "acoustic_entropy": 5.402485370635986,
          "acoustic_entropy_side": 5.270134925842285,
          "hz": 567.8308811364784
        },
        {
          "acoustic_entropy": 5.720001220703125,
          "acoustic_entropy_side": 5.2591376304626465,
          "hz": 680.1084783214808
        },
        {
          "acoustic_entropy": 6.324710369110107,
          "acoustic_entropy_side": 5.235424041748047,
          "hz": 802.3292461747484
        },
        {
          "acoustic_entropy": 5.637698650360107,
          "acoustic_entropy_side": 5.293996334075928,
          "hz": 935.3737400823702
        },
        {
          "acoustic_entropy": 5.434647083282471,
          "acoustic_entropy_side": 5.24818754196167,
          "hz": 1080.2004963696966
        },
        {
          "acoustic_entropy": 5.648838043212891,
          "acoustic_entropy_side": 5.258732318878174,
          "hz": 1237.8529382007157
        },
        {
          "acoustic_entropy": 5.240500450134277,
          "acoustic_entropy_side": 5.249049186706543,
          "hz": 1409.4668930556702
        },
        {
          "acoustic_entropy": 5.746455669403076,
          "acoustic_entropy_side": 5.3181233406066895,
          "hz": 1596.2787759475705
        },
        {
          "acoustic_entropy": 5.42538595199585,
          "acoustic_entropy_side": 5.240631103515625,
          "hz": 1799.6344973346393
        },
        {
          "acoustic_entropy": 5.209728717803955,
          "acoustic_entropy_side": 5.353389263153076,
          "hz": 2020.9991599069049
        },
        {
          "acoustic_entropy": 5.357132911682129,
          "acoustic_entropy_side": 5.29010534286499,
          "hz": 2261.9676141086993
        },
        {
          "acoustic_entropy": 4.8758697509765625,
          "acoustic_entropy_side": 5.249565124511719,
          "hz": 2524.2759484456974
        },
        {
          "acoustic_entropy": 5.336397647857666,
          "acoustic_entropy_side": 5.2491374015808105,
          "hz": 2809.813997359896
        },
        {
          "acoustic_entropy": 5.405017375946045,
          "acoustic_entropy_side": 5.337079048156738,
          "hz": 3120.6389567871424
        },
        {
          "acoustic_entropy": 5.25762939453125,
          "acoustic_entropy_side": 5.238335132598877,
          "hz": 3458.990205492291
        },
        {
          "acoustic_entropy": 5.3706159591674805,
          "acoustic_entropy_side": 5.344228744506836,
          "hz": 3827.305438964164
        },
        {
          "acoustic_entropy": 5.376360893249512,
          "acoustic_entropy_side": 5.374717712402344,
          "hz": 4228.238232109126
        },
        {
          "acoustic_entropy": 5.236515998840332,
          "acoustic_entropy_side": 5.240380764007568,
          "hz": 4664.6771572759235
        },
        {
          "acoustic_entropy": 5.284116268157959,
          "acoustic_entropy_side": 5.245511531829834,
          "hz": 5139.766595350093
        },
        {
          "acoustic_entropy": 5.337550640106201,
          "acoustic_entropy_side": 5.24299955368042,
          "hz": 5656.929389854203
        },
        {
          "acoustic_entropy": 5.313907146453857,
          "acoustic_entropy_side": 5.250543117523193,
          "hz": 6219.891507268283
        },
        {
          "acoustic_entropy": 5.289497375488281,
          "acoustic_entropy_side": 5.262270450592041,
          "hz": 6832.70888123896
        },
        {
          "acoustic_entropy": 5.161984443664551,
          "acoustic_entropy_side": 5.230841159820557,
          "hz": 7499.796634079867
        },
        {
          "acoustic_entropy": 5.132387161254883,
          "acoustic_entropy_side": 5.241459369659424,
          "hz": 8225.96088609342
        },
        {
          "acoustic_entropy": 5.1245646476745605,
          "acoustic_entropy_side": 5.239086627960205,
          "hz": 9016.43338188839
        },
        {
          "acoustic_entropy": 5.130039215087891,
          "acoustic_entropy_side": 5.235419750213623,
          "hz": 9876.909183162974
        },
        {
          "acoustic_entropy": 5.120680809020996,
          "acoustic_entropy_side": 5.233853816986084,
          "hz": 10813.587699516042
        },
        {
          "acoustic_entropy": 5.11035680770874,
          "acoustic_entropy_side": 5.230020046234131,
          "hz": 11833.21735289826
        },
        {
          "acoustic_entropy": 5.1359758377075195,
          "acoustic_entropy_side": 5.231719017028809,
          "hz": 12943.144197493959
        },
        {
          "acoustic_entropy": 5.167176723480225,
          "acoustic_entropy_side": 5.232783794403076,
          "hz": 14151.364845322005
        },
        {
          "acoustic_entropy": 5.191041469573975,
          "acoustic_entropy_side": 5.233203411102295,
          "hz": 15466.58407886509
        },
        {
          "acoustic_entropy": 5.222954750061035,
          "acoustic_entropy_side": 5.232482433319092,
          "hz": 16898.27756580493
        },
        {
          "acoustic_entropy": 5.232461929321289,
          "acoustic_entropy_side": 5.2312421798706055,
          "hz": 18456.760127700032
        },
        {
          "acoustic_entropy": 5.226952075958252,
          "acoustic_entropy_side": 5.231345176696777,
          "hz": 20153.260054456492
        },
        {
          "acoustic_entropy": 5.230530261993408,
          "acoustic_entropy_side": 5.231070041656494,
          "hz": 22000.00000000001
        }
      ],
      "diff_acoustic_entropy": 5.307523250579834,
      "sn": 6
    },
    {
      "acoustic_entropy": 8.802491188049316,
      "acoustic_entropy_mono": 9.01095962524414,
      "band_eliminated_acoustic_entropies": [
        {
          "acoustic_entropy": 8.685022354125977,
          "acoustic_entropy_side": 8.809054374694824,
          "hz": 129.47220167065723
        },
        {
          "acoustic_entropy": 9.310194969177246,
          "acoustic_entropy_side": 8.820738792419434,
          "hz": 202.92927478742237
        },
        {
          "acoustic_entropy": 9.65627384185791,
          "acoustic_entropy_side": 8.890888214111328,
          "hz": 282.89161906338205
        },
        {
          "acoustic_entropy": 8.821606636047363,
          "acoustic_entropy_side": 8.802473068237305,
          "hz": 369.9353335868758
        },
        {
          "acoustic_entropy": 9.052837371826172,
          "acoustic_entropy_side": 8.940468788146973,
          "hz": 464.6875360973435
        },
        {
          "acoustic_entropy": 8.722617149353027,
          "acoustic_entropy_side": 8.844196319580078,
          "hz": 567.8308811364784
        },
        {
          "acoustic_entropy": 9.480536460876465,
          "acoustic_entropy_side": 8.789376258850098,
          "hz": 680.1084783214808
        },
        {
          "acoustic_entropy": 9.345784187316895,
          "acoustic_entropy_side": 8.90826416015625,
          "hz": 802.3292461747484
        },
        {
          "acoustic_entropy": 9.058255195617676,
          "acoustic_entropy_side": 8.784156799316406,
          "hz": 935.3737400823702
        },
        {
          "acoustic_entropy": 9.03754711151123,
          "acoustic_entropy_side": 8.662684440612793,
          "hz": 1080.2004963696966
        },
        {
          "acoustic_entropy": 9.366477012634277,
          "acoustic_entropy_side": 8.773255348205566,
          "hz": 1237.8529382007157
        },
        {
          "acoustic_entropy": 8.74765396118164,
          "acoustic_entropy_side": 8.738950729370117,
          "hz": 1409.4668930556702
        },
        {
          "acoustic_entropy": 9.092351913452148,
          "acoustic_entropy_side": 8.88875675201416,
          "hz": 1596.2787759475705
        },
        {
          "acoustic_entropy": 8.606340408325195,
          "acoustic_entropy_side": 8.832664489746094,
          "hz": 1799.6344973346393
        },
        {
          "acoustic_entropy": 8.56401252746582,
          "acoustic_entropy_side": 8.9313325881958,
          "hz": 2020.9991599069049
        },
        {
          "acoustic_entropy": 8.937291145324707,
          "acoustic_entropy_side": 8.911707878112793,
          "hz": 2261.9676141086993
        },
        {
          "acoustic_entropy": 8.017570495605469,
          "acoustic_entropy_side": 8.762655258178711,
          "hz": 2524.2759484456974
        },
        {
          "acoustic_entropy": 8.877918243408203,
          "acoustic_entropy_side": 8.734861373901367,
          "hz": 2809.813997359896
        },
        {
          "acoustic_entropy": 8.530970573425293,
          "acoustic_entropy_side": 8.419309616088867,
          "hz": 3120.6389567871424
        },
        {
          "acoustic_entropy": 8.747166633605957,
          "acoustic_entropy_side": 8.71925163269043,
          "hz": 3458.990205492291
        },
        {
          "acoustic_entropy": 8.780447959899902,
          "acoustic_entropy_side": 8.558645248413086,
          "hz": 3827.305438964164
        },
        {
          "acoustic_entropy": 8.578407287597656,
          "acoustic_entropy_side": 8.62769889831543,
          "hz": 4228.238232109126
        },
        {
          "acoustic_entropy": 8.774306297302246,
          "acoustic_entropy_side": 8.685445785522461,
          "hz": 4664.6771572759235
        },
        {
          "acoustic_entropy": 8.74537467956543,
          "acoustic_entropy_side": 8.72962474822998,
          "hz": 5139.766595350093
        },
        {
          "acoustic_entropy": 8.715959548950195,
          "acoustic_entropy_side": 8.704643249511719,
          "hz": 5656.929389854203
        },
        {
          "acoustic_entropy": 8.813694953918457,
          "acoustic_entropy_side": 8.748434066772461,
          "hz": 6219.891507268283
        },
        {
          "acoustic_entropy": 8.645842552185059,
          "acoustic_entropy_side": 8.866095542907715,
          "hz": 6832.70888123896
        },
        {
          "acoustic_entropy": 8.8196382522583,
          "acoustic_entropy_side": 8.80172061920166,
          "hz": 7499.796634079867
        },
        {
          "acoustic_entropy": 8.905537605285645,
          "acoustic_entropy_side": 8.826217651367188,
          "hz": 8225.96088609342
        },
        {
          "acoustic_entropy": 8.854435920715332,
          "acoustic_entropy_side": 8.830717086791992,
          "hz": 9016.43338188839
        },
        {
          "acoustic_entropy": 8.916651725769043,
          "acoustic_entropy_side": 8.859025001525879,
          "hz": 9876.909183162974
        },
        {
          "acoustic_entropy": 8.95531177520752,
          "acoustic_entropy_side": 8.875009536743164,
          "hz": 10813.587699516042
        },
        {
          "acoustic_entropy": 8.918482780456543,
          "acoustic_entropy_side": 8.832762718200684,
          "hz": 11833.21735289826
        },
        {
          "acoustic_entropy": 8.840332984924316,
          "acoustic_entropy_side": 8.809629440307617,
          "hz": 12943.144197493959
        },
        {
          "acoustic_entropy": 8.814319610595703,
          "acoustic_entropy_side": 8.841041564941406,
          "hz": 14151.364845322005
        },
        {
          "acoustic_entropy": 8.83897590637207,
          "acoustic_entropy_side": 8.856816291809082,
          "hz": 15466.58407886509
        },
        {
          "acoustic_entropy": 8.986268997192383,
          "acoustic_entropy_side": 8.896843910217285,
          "hz": 16898.27756580493
        },
        {
          "acoustic_entropy": 9.010113716125488,
          "acoustic_entropy_side": 8.902005195617676,
          "hz": 18456.760127700032
        },
        {
          "acoustic_entropy": 8.927821159362793,
          "acoustic_entropy_side": 8.859054565429688,
          "hz": 20153.260054456492
        },
        {
          "acoustic_entropy": 8.856225967407227,
          "acoustic_entropy_side": 8.816699981689453,
          "hz": 22000.00000000001
        }
      ],
      "diff_acoustic_entropy": 8.142388343811035,
      "sn": 12
    },
    {
      "acoustic_entropy": 13.409478187561035,
      "acoustic_entropy_mono": 12.363024711608887,
      "band_eliminated_acoustic_entropies": [
        {
          "acoustic_entropy": 13.674110412597656,
          "acoustic_entropy_side": 13.365235328674316,
          "hz": 129.47220167065723
        },
        {
          "acoustic_entropy": 14.416316986083984,
          "acoustic_entropy_side": 13.669732093811035,
          "hz": 202.92927478742237
        },
        {
          "acoustic_entropy": 13.944059371948242,
          "acoustic_entropy_side": 14.133444786071777,
          "hz": 282.89161906338205
        },
        {
          "acoustic_entropy": 13.66190242767334,
          "acoustic_entropy_side": 13.597312927246094,
          "hz": 369.9353335868758
        },
        {
          "acoustic_entropy": 13.6712064743042,
          "acoustic_entropy_side": 13.178051948547363,
          "hz": 464.6875360973435
        },
        {
          "acoustic_entropy": 14.02796459197998,
          "acoustic_entropy_side": 13.773563385009766,
          "hz": 567.8308811364784
        },
        {
          "acoustic_entropy": 13.504212379455566,
          "acoustic_entropy_side": 13.158991813659668,
          "hz": 680.1084783214808
        },
        {
          "acoustic_entropy": 14.761754035949707,
          "acoustic_entropy_side": 13.733235359191895,
          "hz": 802.3292461747484
        },
        {
          "acoustic_entropy": 13.981412887573242,
          "acoustic_entropy_side": 13.667314529418945,
          "hz": 935.3737400823702
        },
        {
          "acoustic_entropy": 13.550468444824219,
          "acoustic_entropy_side": 13.664064407348633,
          "hz": 1080.2004963696966
        },
        {
          "acoustic_entropy": 14.268719673156738,
          "acoustic_entropy_side": 13.254118919372559,
          "hz": 1237.8529382007157
        },
        {
          "acoustic_entropy": 14.329651832580566,
          "acoustic_entropy_side": 13.975996971130371,
          "hz": 1409.4668930556702
        },
        {
          "acoustic_entropy": 13.723624229431152,
          "acoustic_entropy_side": 13.656410217285156,
          "hz": 1596.2787759475705
        },
        {
          "acoustic_entropy": 13.663497924804688,
          "acoustic_entropy_side": 13.748412132263184,
          "hz": 1799.6344973346393
        },
        {
          "acoustic_entropy": 13.56943130493164,
          "acoustic_entropy_side": 13.620523452758789,
          "hz": 2020.9991599069049
        },
        {
          "acoustic_entropy": 13.774381637573242,
          "acoustic_entropy_side": 13.416869163513184,
          "hz": 2261.9676141086993
        },
        {
          "acoustic_entropy": 13.65142822265625,
          "acoustic_entropy_side": 13.376337051391602,
          "hz": 2524.2759484456974
        },
        {
          "acoustic_entropy": 14.04133129119873,
          "acoustic_entropy_side": 13.630152702331543,
          "hz": 2809.813997359896
        },
        {
          "acoustic_entropy": 13.381523132324219,
          "acoustic_entropy_side": 13.454309463500977,
          "hz": 3120.6389567871424
        },
        {
          "acoustic_entropy": 13.63759708404541,
