{
  "acoustic_entropy": 157.7238311767578,
  "bands": [
    {
      "high_freq": 148.1999969482422,
      "loudness": -20.055747985839844,
      "loudness_range": 26.903942108154297,
      "mid_mean": -16.688547134399414,
      "mid_to_side_loudness": -31.661151885986328,
      "mid_to_side_loudness_range": 37.871952056884766,
      "side_mean": -52.96571731567383
    },
    {
      "high_freq": 392.3793640136719,
      "loudness": -22.15913200378418,
      "loudness_range": 16.667129516601562,
      "low_freq": 148.1999969482422,
      "mid_mean": -18.93232536315918,
      "mid_to_side_loudness": -13.777082443237305,
      "mid_to_side_loudness_range": 21.62966537475586,
      "side_mean": -33.202125549316406
    },
    {
      "high_freq": 794.6976318359375,
      "loudness": -25.613826751708984,
      "loudness_range": 11.169578552246094,
      "low_freq": 392.3793640136719,
      "mid_mean": -22.877012252807617,
      "mid_to_side_loudness": -6.7386155128479,
      "mid_to_side_loudness_range": 10.85539436340332,
      "side_mean": -29.938232421875
    },
    {
      "high_freq": 1457.5709228515625,
      "loudness": -26.118425369262695,
      "loudness_range": 12.528667449951172,
      "low_freq": 794.6976318359375,
      "mid_mean": -23.082496643066406,
      "mid_to_side_loudness": -10.078429222106934,
      "mid_to_side_loudness_range": 15.32093334197998,
      "side_mean": -33.58763122558594
    },
    {
      "high_freq": 2549.74365234375,
      "loudness": -25.907594680786133,
      "loudness_range": 14.12330436706543,
      "low_freq": 1457.5709228515625,
      "mid_mean": -22.877389907836914,
      "mid_to_side_loudness": -9.984756469726562,
      "mid_to_side_loudness_range": 15.15501594543457,
      "side_mean": -32.81199645996094
    },
    {
      "high_freq": 4349.24462890625,
      "loudness": -26.188493728637695,
      "loudness_range": 12.099172592163086,
      "low_freq": 2549.74365234375,
      "mid_mean": -23.069019317626953,
      "mid_to_side_loudness": -10.572009086608887,
      "mid_to_side_loudness_range": 16.791017532348633,
      "side_mean": -33.96875762939453
    },
    {
      "high_freq": 7314.1640625,
      "loudness": -25.25505256652832,
      "loudness_range": 11.308328628540039,
      "low_freq": 4349.24462890625,
      "mid_mean": -22.022335052490234,
      "mid_to_side_loudness": -10.990585327148438,
      "mid_to_side_loudness_range": 17.51641845703125,
      "side_mean": -33.23579788208008
    },
    {
      "high_freq": 12199.2666015625,
      "loudness": -21.65323829650879,
      "loudness_range": 9.152257919311523,
      "low_freq": 7314.1640625,
      "mid_mean": -19.135025024414062,
      "mid_to_side_loudness": -6.32800817489624,
      "mid_to_side_loudness_range": 12.804654121398926,
      "side_mean": -25.881946563720703
    },
    {
      "loudness": -26.87037467956543,
      "loudness_range": 13.57203483581543,
      "low_freq": 12199.2666015625,
      "mid_mean": -23.874601364135742,
      "mid_to_side_loudness": -11.11007308959961,
      "mid_to_side_loudness_range": 20.997150421142578,
      "side_mean": -35.52578353881836
    }
  ],
  "bands_short": [
    {
      "high_freq": 148.1999969482422,
      "loudness": -27.244295120239258,
      "loudness_range": 38.949546813964844,
      "mid_mean": -23.850374221801758,
      "mid_to_side_loudness": -30.395992279052734,
      "mid_to_side_loudness_range": 41.56242370605469,
      "side_mean": -58.62204360961914
    },
    {
      "high_freq": 392.3793640136719,
      "loudness": -26.28728485107422,
      "loudness_range": 28.561359405517578,
      "low_freq": 148.1999969482422,
      "mid_mean": -23.51690673828125,
      "mid_to_side_loudness": -10.002314567565918,
      "mid_to_side_loudness_range": 21.865978240966797,
      "side_mean": -34.921451568603516
    },
    {
      "high_freq": 794.6976318359375,
      "loudness": -26.626195907592773,
      "loudness_range": 14.507122039794922,
      "low_freq": 392.3793640136719,
      "mid_mean": -24.245380401611328,
      "mid_to_side_loudness": -6.390594482421875,
      "mid_to_side_loudness_range": 15.595441818237305,
      "side_mean": -30.92800521850586
    },
    {
      "high_freq": 1457.5709228515625,
      "loudness": -27.03755760192871,
      "loudness_range": 16.006675720214844,
      "low_freq": 794.6976318359375,
      "mid_mean": -24.27913475036621,
      "mid_to_side_loudness": -8.365550994873047,
      "mid_to_side_loudness_range": 16.2083683013916,
      "side_mean": -33.027259826660156
    },
    {
      "high_freq": 2549.74365234375,
      "loudness": -27.44599151611328,
      "loudness_range": 18.73444938659668,
      "low_freq": 1457.5709228515625,
      "mid_mean": -24.687326431274414,
      "mid_to_side_loudness": -8.160215377807617,
      "mid_to_side_loudness_range": 17.14734649658203,
      "side_mean": -33.5318489074707
    },
    {
      "high_freq": 4349.24462890625,
      "loudness": -28.329259872436523,
      "loudness_range": 18.965351104736328,
      "low_freq": 2549.74365234375,
      "mid_mean": -25.551504135131836,
      "mid_to_side_loudness": -8.31837272644043,
      "mid_to_side_loudness_range": 17.789480209350586,
      "side_mean": -34.762577056884766
    },
    {
      "high_freq": 7314.1640625,
      "loudness": -28.060911178588867,
      "loudness_range": 20.26746940612793,
      "low_freq": 4349.24462890625,
      "mid_mean": -25.207067489624023,
      "mid_to_side_loudness": -8.322151184082031,
      "mid_to_side_loudness_range": 17.67819595336914,
      "side_mean": -34.87724304199219
    },
    {
      "high_freq": 12199.2666015625,
      "loudness": -26.357471466064453,
      "loudness_range": 24.163314819335938,
      "low_freq": 7314.1640625,
      "mid_mean": -23.73979949951172,
      "mid_to_side_loudness": -6.202241897583008,
      "mid_to_side_loudness_range": 17.200637817382812,
      "side_mean": -31.7635440826416
    },
    {
      "loudness": -31.198684692382812,
      "loudness_range": 25.07323455810547,
      "low_freq": 12199.2666015625,
      "mid_mean": -28.35960578918457,
      "mid_to_side_loudness": -8.192692756652832,
      "mid_to_side_loudness_range": 21.766782760620117,
      "side_mean": -39.68218994140625
    }
  ],
  "bandwidth": 580.8919067382812,
  "channels": 2,
  "covariance": [
    [
      101.82145690917969,
      0.12566417455673218,
      49.893943786621094,
      -1.5347223281860352,
      6.164126396179199,
      1.5728129148483276,
      6.518225193023682,
      11.067004203796387,
      8.892629623413086,
      10.693015098571777,
      15.049713134765625,
      9.033626556396484,
      11.98434829711914,
      0.013792901299893856,
      1.4368959665298462,
      -16.06256103515625,
      10.667765617370605,
      -13.152331352233887
    ],
    [
      0.12566417455673218,
      40.8349609375,
      6.837120532989502,
      8.034049034118652,
      -0.4895426630973816,
      2.053917169570923,
      -0.8226907849311829,
      2.1649177074432373,
      -1.0218867063522339,
      1.734699010848999,
      1.0765398740768433,
      3.4927923679351807,
      -2.8642008304595947,
      0.9442536234855652,
      -4.524330139160156,
      -1.4239534139633179,
      -6.934473514556885,
      -0.9365526437759399
    ],
    [
      49.893943786621094,
      6.837120532989502,
      42.11436462402344,
      1.047806978225708,
      5.48577880859375,
      2.7299680709838867,
      8.470367431640625,
      8.302528381347656,
      8.315075874328613,
      7.264859676361084,
      13.461631774902344,
      6.668385028839111,
      8.46849250793457,
      1.4818562269210815,
      -1.2238678932189941,
      -8.61708927154541,
      3.1314079761505127,
      -5.3886494636535645
    ],
    [
      -1.5347223281860352,
      8.034049034118652,
      1.047806978225708,
      21.161090850830078,
      9.760679244995117,
      15.518221855163574,
      10.370904922485352,
      16.63664436340332,
      13.151315689086914,
      12.758357048034668,
      7.685469627380371,
      11.471948623657227,
      6.864551544189453,
      9.460663795471191,
      8.680245399475098,
      9.568951606750488,
      6.462344646453857,
      7.249402046203613
    ],
    [
      6.164126396179199,
      -0.4895426630973816,
      5.48577880859375,
      9.760679244995117,
      16.083688735961914,
      13.344215393066406,
      13.93227481842041,
      16.120452880859375,
      18.544132232666016,
      12.66295337677002,
      12.555221557617188,
      10.013440132141113,
      11.209489822387695,
      7.335147380828857,
      11.285808563232422,
      6.54723596572876,
      11.612029075622559,
      4.517892837524414
    ],
    [
      1.5728129148483276,
      2.053917169570923,
      2.7299680709838867,
      15.518221855163574,
      13.344215393066406,
      24.755937576293945,
      14.47707462310791,
      25.94144630432129,
      17.113014221191406,
      18.277021408081055,
      11.432705879211426,
      16.987436294555664,
      10.599298477172852,
      12.292752265930176,
      12.451759338378906,
      11.054287910461426,
      11.976531982421875,
      8.550392150878906
    ],
    [
      6.518225193023682,
      -0.8226907849311829,
      8.470367431640625,
      10.370904922485352,
      13.93227481842041,
      14.47707462310791,
      21.708833694458008,
      19.667301177978516,
      21.390926361083984,
      15.047847747802734,
      17.422025680541992,
      12.54675579071045,
      15.129715919494629,
      10.205022811889648,
      13.363149642944336,
      9.431468963623047,
      14.158132553100586,
      7.528949737548828
    ],
    [
      11.067004203796387,
      2.1649177074432373,
      8.302528381347656,
      16.63664436340332,
      16.120452880859375,
      25.94144630432129,
      19.667301177978516,
      44.22280502319336,
      21.40811538696289,
      30.87511444091797,
      16.526729583740234,
      30.68663787841797,
      15.109580993652344,
      22.524145126342773,
      14.706357955932617,
      13.127458572387695,
      16.159053802490234,
      12.104397773742676
    ],
    [
      8.892629623413086,
      -1.0218867063522339,
      8.315075874328613,
      13.151315689086914,
      18.544132232666016,
      17.113014221191406,
      21.390926361083984,
      21.40811538696289,
      32.36691665649414,
      18.438541412353516,
      23.295188903808594,
      14.229558944702148,
      20.423995971679688,
      11.552663803100586,
      18.373443603515625,
      10.263727188110352,
      18.93408203125,
      8.171403884887695
    ],
    [
      10.693015098571777,
      1.734699010848999,
      7.264859676361084,
      12.758357048034668,
      12.66295337677002,
      18.277021408081055,
      15.047847747802734,
      30.87511444091797,
      18.438541412353516,
      31.396400451660156,
      14.48452091217041,
      28.27878761291504,
      11.41206169128418,
      22.362510681152344,
      9.310168266296387,
      13.747815132141113,
      10.396805763244629,
      12.067410469055176
    ],
    [
      15.049713134765625,
      1.0765398740768433,
      13.461631774902344,
      7.685469627380371,
      12.555221557617188,
      11.432705879211426,
      17.422025680541992,
      16.526729583740234,
      23.295188903808594,
      14.48452091217041,
      22.502254486083984,
      12.689702033996582,
      18.473133087158203,
      9.359708786010742,
      13.230243682861328,
      4.933360576629639,
      15.541994094848633,
      4.98628044128418
    ],
    [
      9.033626556396484,
      3.4927923679351807,
      6.668385028839111,
      11.471948623657227,
      10.013440132141113,
      16.987436294555664,
      12.54675579071045,
      30.68663787841797,
      14.229558944702148,
      28.27878761291504,
      12.689702033996582,
      34.122283935546875,
      9.27488899230957,
      25.097248077392578,
      6.4247002601623535,
      12.142374992370605,
      7.804565906524658,
      12.936430931091309
    ],
    [
      11.98434829711914,
      -2.8642008304595947,
      8.46849250793457,
      6.864551544189453,
      11.209489822387695,
      10.599298477172852,
      15.129715919494629,
      15.109580993652344,
      20.423995971679688,
      11.41206169128418,
      18.473133087158203,
      9.27488899230957,
      21.56553840637207,
      8.014010429382324,
      18.701648712158203,
      5.930690765380859,
      22.318443298339844,
      5.432869911193848
    ],
    [
      0.013792901299893856,
      0.9442536234855652,
      1.4818562269210815,
      9.460663795471191,
      7.335147380828857,
      12.292752265930176,
      10.205022811889648,
      22.524145126342773,
      11.552663803100586,
      22.362510681152344,
      9.359708786010742,
      25.097248077392578,
      8.014010429382324,
      27.399951934814453,
      6.990936279296875,
      19.615367889404297,
      6.935339450836182,
      19.20362663269043
    ],
    [
      1.4368959665298462,
      -4.524330139160156,
      -1.2238678932189941,
      8.680245399475098,
      11.285808563232422,
      12.451759338378906,
      13.363149642944336,
      14.706357955932617,
      18.373443603515625,
      9.310168266296387,
      13.230243682861328,
      6.4247002601623535,
      18.701648712158203,
      6.990936279296875,
      26.516277313232422,
      10.694263458251953,
      27.285245895385742,
      7.23577356338501
    ],
    [
      -16.06256103515625,
      -1.4239534139633179,
      -8.61708927154541,
      9.568951606750488,
      6.54723596572876,
      11.054287910461426,
      9.431468963623047,
      13.127458572387695,
      10.263727188110352,
      13.747815132141113,
      4.933360576629639,
      12.142374992370605,
      5.930690765380859,
      19.615367889404297,
      10.694263458251953,
      43.016197204589844,
      6.686886310577393,
      27.873212814331055
    ],
    [
      10.667765617370605,
      -6.934473514556885,
      3.1314079761505127,
      6.462344646453857,
      11.612029075622559,
      11.976531982421875,
      14.158132553100586,
      16.159053802490234,
      18.93408203125,
      10.396805763244629,
      15.541994094848633,
      7.804565906524658,
      22.318443298339844,
      6.935339450836182,
      27.285245895385742,
      6.686886310577393,
      36.58455276489258,
      6.247736930847168
    ],
    [
      -13.152331352233887,
      -0.9365526437759399,
      -5.3886494636535645,
      7.249402046203613,
      4.517892837524414,
      8.550392150878906,
      7.528949737548828,
      12.104397773742676,
      8.171403884887695,
      12.067410469055176,
      4.98628044128418,
      12.936430931091309,
      5.432869911193848,
      19.20362663269043,
      7.23577356338501,
      27.873212814331055,
      6.247736930847168,
      33.666297912597656
    ]
  ],
  "covariance_short": [
    [
      152.6572265625,
      16.68560791015625,
      50.81706237792969,
      -0.6002150774002075,
      8.332585334777832,
      4.745490074157715,
      6.259167194366455,
      14.81049919128418,
      7.369845390319824,
      10.729673385620117,
      8.373693466186523,
      9.38901424407959,
      8.601710319519043,
      3.6663403511047363,
      6.813991546630859,
      -6.477029323577881,
      18.91362953186035,
      -2.052643060684204
    ],
    [
      16.68560791015625,
      55.933082580566406,
      8.897004127502441,
      7.519533157348633,
      -2.1716482639312744,
      1.7238082885742188,
      -3.6354687213897705,
      -0.3784683346748352,
      -5.760566711425781,
      -1.0689443349838257,
      -3.9490742683410645,
      1.0949440002441406,
      -5.780611991882324,
      0.7363553643226624,
      -6.602492809295654,
      -1.9966527223587036,
      -6.500875949859619,
      -1.6020947694778442
    ],
    [
      50.81706237792969,
      8.897004127502441,
      83.15503692626953,
      13.674695014953613,
      21.719091415405273,
      10.720327377319336,
      24.706119537353516,
      14.441676139831543,
      26.414499282836914,
      13.440811157226562,
      32.489505767822266,
      13.222007751464844,
      32.5788459777832,
      14.317293167114258,
      33.92164993286133,
      23.432823181152344,
      35.66985321044922,
      18.353519439697266
    ],
    [
      -0.6002150774002075,
      7.519533157348633,
      13.674695014953613,
      30.82082176208496,
      11.548168182373047,
      18.118078231811523,
      13.601095199584961,
      14.895702362060547,
      13.797257423400879,
      12.557104110717773,
      12.151765823364258,
      11.679655075073242,
      10.727006912231445,
      10.962554931640625,
      9.426617622375488,
      9.44996452331543,
      8.375007629394531,
      7.348644733428955
    ],
    [
      8.332585334777832,
      -2.1716482639312744,
      21.719091415405273,
      11.548168182373047,
      30.336441040039062,
      16.871715545654297,
      22.60940933227539,
      17.072154998779297,
      28.339271545410156,
      15.290520668029785,
      24.607145309448242,
      12.691640853881836,
      23.86870765686035,
      12.54547119140625,
      24.92925262451172,
      17.276203155517578,
      25.007164001464844,
      13.195368766784668
    ],
    [
      4.745490074157715,
      1.7238082885742188,
      10.720327377319336,
      18.118078231811523,
      16.871715545654297,
      33.704463958740234,
      18.897247314453125,
      24.945270538330078,
      18.607336044311523,
      19.911624908447266,
      16.231670379638672,
      17.774648666381836,
      14.58779525756836,
      14.88792896270752,
      13.63711929321289,
      13.884641647338867,
      13.556539535522461,
      11.722559928894043
    ],
    [
      6.259167194366455,
      -3.6354687213897705,
      24.706119537353516,
      13.601095199584961,
      22.60940933227539,
      18.897247314453125,
      37.18019485473633,
      21.863000869750977,
      32.7105598449707,
      18.77603530883789,
      31.747777938842773,
      16.01804542541504,
      29.509912490844727,
      16.634950637817383,
      28.076038360595703,
      21.77876853942871,
      28.82963752746582,
      18.305095672607422
    ],
    [
      14.81049919128418,
      -0.3784683346748352,
      14.441676139831543,
      14.895702362060547,
      17.072154998779297,
      24.945270538330078,
      21.863000869750977,
      39.206851959228516,
      20.049165725708008,
      27.66860008239746,
      18.508785247802734,
      25.926008224487305,
      15.572131156921387,
      20.5845890045166,
      13.161920547485352,
      15.713296890258789,
      14.480896949768066,
      15.260129928588867
    ],
    [
      7.369845390319824,
      -5.760566711425781,
      26.414499282836914,
      13.797257423400879,
      28.339271545410156,
      18.607336044311523,
      32.7105598449707,
      20.049165725708008,
      52.23627853393555,
      22.353700637817383,
      43.187103271484375,
      17.91676139831543,
      41.359493255615234,
      19.661245346069336,
      41.17918014526367,
      28.90436363220215,
      40.931060791015625,
      21.369596481323242
    ],
    [
      10.729673385620117,
      -1.0689443349838257,
      13.440811157226562,
      12.557104110717773,
      15.290520668029785,
      19.911624908447266,
      18.77603530883789,
      27.66860008239746,
      22.353700637817383,
      34.13070297241211,
      21.628684997558594,
      27.92446517944336,
      19.07499122619629,
      24.601547241210938,
      16.04007339477539,
      21.542747497558594,
      16.653974533081055,
      18.253650665283203
    ],
    [
      8.373693466186523,
      -3.9490742683410645,
      32.489505767822266,
      12.151765823364258,
      24.607145309448242,
      16.231670379638672,
      31.747777938842773,
      18.508785247802734,
      43.187103271484375,
      21.628684997558594,
      50.15074920654297,
      19.358638763427734,
      47.20102310180664,
      21.676467895507812,
      44.5720100402832,
      34.316322326660156,
      43.6261100769043,
      25.367538452148438
    ],
    [
      9.38901424407959,
      1.0949440002441406,
      13.222007751464844,
      11.679655075073242,
      12.691640853881836,
      17.774648666381836,
      16.01804542541504,
      25.926008224487305,
      17.91676139831543,
      27.92446517944336,
      19.358638763427734,
      34.22997283935547,
      16.06900978088379,
      28.62225341796875,
      13.17508316040039,
      22.576526641845703,
      13.378039360046387,
      21.13974380493164
    ],
    [
      8.601710319519043,
      -5.780611991882324,
      32.5788459777832,
      10.727006912231445,
      23.86870765686035,
      14.58779525756836,
      29.509912490844727,
      15.572131156921387,
      41.359493255615234,
      19.07499122619629,
      47.20102310180664,
      16.06900978088379,
      57.11619567871094,
      21.377216339111328,
      57.76108169555664,
      39.78468322753906,
      58.03512191772461,
      28.542972564697266
    ],
    [
      3.6663403511047363,
      0.7363553643226624,
      14.317293167114258,
      10.962554931640625,
      12.54547119140625,
      14.88792896270752,
      16.634950637817383,
      20.5845890045166,
      19.661245346069336,
      24.601547241210938,
      21.676467895507812,
      28.62225341796875,
      21.377216339111328,
      37.868919372558594,
      21.84861946105957,
      38.80851364135742,
      19.03601837158203,
      34.6612548828125
    ],
    [
      6.813991546630859,
      -6.602492809295654,
      33.92164993286133,
      9.426617622375488,
      24.92925262451172,
      13.63711929321289,
      28.076038360595703,
      13.161920547485352,
      41.17918014526367,
      16.04007339477539,
      44.5720100402832,
      13.17508316040039,
      57.76108169555664,
      21.84861946105957,
      77.90618896484375,
      53.702552795410156,
      71.90454864501953,
      36.75119400024414
    ],
    [
      -6.477029323577881,
      -1.9966527223587036,
      23.432823181152344,
      9.44996452331543,
      17.276203155517578,
      13.884641647338867,
      21.77876853942871,
      15.713296890258789,
      28.90436363220215,
      21.542747497558594,
      34.316322326660156,
      22.576526641845703,
      39.78468322753906,
      38.80851364135742,
      53.702552795410156,
      87.6944580078125,
      41.692626953125,
      64.6593246459961
    ],
    [
      18.91362953186035,
      -6.500875949859619,
      35.66985321044922,
      8.375007629394531,
      25.007164001464844,
      13.556539535522461,
      28.82963752746582,
      14.480896949768066,
      40.931060791015625,
      16.653974533081055,
      43.6261100769043,
      13.378039360046387,
      58.03512191772461,
      19.03601837158203,
      71.90454864501953,
      41.692626953125,
      82.36599731445312,
      29.44640350341797
    ],
    [
      -2.052643060684204,
      -1.6020947694778442,
      18.353519439697266,
      7.348644733428955,
      13.195368766784668,
      11.722559928894043,
      18.305095672607422,
      15.260129928588867,
      21.369596481323242,
      18.253650665283203,
      25.367538452148438,
      21.13974380493164,
      28.542972564697266,
      34.6612548828125,
      36.75119400024414,
      64.6593246459961,
      29.44640350341797,
      74.2913589477539
    ]
  ],
  "damage": -2.1038739681243896,
  "diff_bandwidth": 494.02166748046875,
  "dissonance": 11.393158087595157,
  "drr": 12.828291893005371,
  "dynamics": 4.037691593170166,
  "format": 1245190,
  "frames": 10922944,
  "loudness": -9.360819816589355,
  "loudness_range": 8.630315780639648,
  "loudness_range_short": 17.242584228515625,
  "lowpass_true_peak_15khz": 1.9334111213684082,
  "mastering3_acoustic_entropies": [
    {
      "acoustic_entropy": 9.472677230834961,
      "acoustic_entropy_mono": 7.8277363777160645,
      "band_eliminated_acoustic_entropies": [
        {
          "acoustic_entropy": 9.319829940795898,
          "acoustic_entropy_side": 9.472672462463379,
          "hz": 129.47220167065723
        },
        {
          "acoustic_entropy": 9.78451919555664,
          "acoustic_entropy_side": 9.472676277160645,
          "hz": 202.92927478742237
        },
        {
          "acoustic_entropy": 9.190485954284668,
          "acoustic_entropy_side": 9.473172187805176,
          "hz": 282.89161906338205
        },
        {
          "acoustic_entropy": 9.262201309204102,
          "acoustic_entropy_side": 9.475908279418945,
          "hz": 369.9353335868758
        },
        {
          "acoustic_entropy": 9.8545503616333,
          "acoustic_entropy_side": 9.485931396484375,
          "hz": 464.6875360973435
        },
        {
          "acoustic_entropy": 9.734082221984863,
          "acoustic_entropy_side": 9.445128440856934,
          "hz": 567.8308811364784
        },
        {
          "acoustic_entropy": 9.446334838867188,
          "acoustic_entropy_side": 9.444478034973145,
          "hz": 680.1084783214808
        },
        {
          "acoustic_entropy": 9.47544002532959,
          "acoustic_entropy_side": 9.485651016235352,
          "hz": 802.3292461747484
        },
        {
          "acoustic_entropy": 9.493293762207031,
          "acoustic_entropy_side": 9.490456581115723,
          "hz": 935.3737400823702
        },
        {
          "acoustic_entropy": 9.641541481018066,
          "acoustic_entropy_side": 9.43110466003418,
          "hz": 1080.2004963696966
        },
        {
          "acoustic_entropy": 9.39261245727539,
          "acoustic_entropy_side": 9.434144973754883,
          "hz": 1237.8529382007157
        },
        {
          "acoustic_entropy": 9.584295272827148,
          "acoustic_entropy_side": 9.514778137207031,
          "hz": 1409.4668930556702
        },
        {
          "acoustic_entropy": 9.36383056640625,
          "acoustic_entropy_side": 9.49869155883789,
          "hz": 1596.2787759475705
        },
        {
          "acoustic_entropy": 9.662919998168945,
          "acoustic_entropy_side": 9.505607604980469,
          "hz": 1799.6344973346393
        },
        {
          "acoustic_entropy": 9.225916862487793,
          "acoustic_entropy_side": 9.47239875793457,
          "hz": 2020.9991599069049
        },
        {
          "acoustic_entropy": 9.759481430053711,
          "acoustic_entropy_side": 9.496687889099121,
          "hz": 2261.9676141086993
        },
        {
          "acoustic_entropy": 9.566685676574707,
          "acoustic_entropy_side": 9.50574016571045,
          "hz": 2524.2759484456974
        },
        {
          "acoustic_entropy": 9.515042304992676,
          "acoustic_entropy_side": 9.483716011047363,
          "hz": 2809.813997359896
        },
        {
          "acoustic_entropy": 9.534209251403809,
          "acoustic_entropy_side": 9.488354682922363,
          "hz": 3120.6389567871424
        },
        {
          "acoustic_entropy": 9.521559715270996,
          "acoustic_entropy_side": 9.515179634094238,
          "hz": 3458.990205492291
        },
        {
          "acoustic_entropy": 9.511870384216309,
          "acoustic_entropy_side": 9.514142036437988,
          "hz": 3827.305438964164
        },
        {
          "acoustic_entropy": 9.527517318725586,
          "acoustic_entropy_side": 9.495359420776367,
          "hz": 4228.238232109126
        },
        {
          "acoustic_entropy": 9.560111999511719,
          "acoustic_entropy_side": 9.487311363220215,
          "hz": 4664.6771572759235
        },
        {
          "acoustic_entropy": 9.544243812561035,
          "acoustic_entropy_side": 9.506871223449707,
          "hz": 5139.766595350093
        },
        {
          "acoustic_entropy": 9.5640230178833,
          "acoustic_entropy_side": 9.520539283752441,
          "hz": 5656.929389854203
        },
        {
          "acoustic_entropy": 9.513018608093262,
          "acoustic_entropy_side": 9.522785186767578,
          "hz": 6219.891507268283
        },
        {
          "acoustic_entropy": 9.488896369934082,
          "acoustic_entropy_side": 9.516087532043457,
          "hz": 6832.70888123896
        },
        {
          "acoustic_entropy": 9.457653045654297,
          "acoustic_entropy_side": 9.474716186523438,
          "hz": 7499.796634079867
        },
        {
          "acoustic_entropy": 9.46138858795166,
          "acoustic_entropy_side": 9.467987060546875,
          "hz": 8225.96088609342
        },
        {
          "acoustic_entropy": 9.38451099395752,
          "acoustic_entropy_side": 9.332767486572266,
          "hz": 9016.43338188839
        },
        {
          "acoustic_entropy": 8.880594253540039,
          "acoustic_entropy_side": 8.922792434692383,
          "hz": 9876.909183162974
        },
        {
          "acoustic_entropy": 8.965993881225586,
          "acoustic_entropy_side": 8.98216438293457,
          "hz": 10813.587699516042
        },
        {
          "acoustic_entropy": 9.334274291992188,
          "acoustic_entropy_side": 9.349538803100586,
          "hz": 11833.21735289826
        },
        {
          "acoustic_entropy": 9.410656929016113,
          "acoustic_entropy_side": 9.392881393432617,
          "hz": 12943.144197493959
        },
        {
          "acoustic_entropy": 9.460427284240723,
          "acoustic_entropy_side": 9.392910957336426,
          "hz": 14151.364845322005
        },
        {
          "acoustic_entropy": 9.521944046020508,
          "acoustic_entropy_side": 9.412778854370117,
          "hz": 15466.58407886509
        },
        {
          "acoustic_entropy": 9.502727508544922,
          "acoustic_entropy_side": 9.462209701538086,
          "hz": 16898.27756580493
        },
        {
          "acoustic_entropy": 9.4975004196167,
          "acoustic_entropy_side": 9.477991104125977,
          "hz": 18456.760127700032
        },
        {
          "acoustic_entropy": 9.492903709411621,
          "acoustic_entropy_side": 9.491983413696289,
          "hz": 20153.260054456492
        },
        {
          "acoustic_entropy": 9.483835220336914,
          "acoustic_entropy_side": 9.479168891906738,
          "hz": 22000.00000000001
        }
      ],
      "diff_acoustic_entropy": 11.228909492492676,
      "sn": 6
    },
    {
      "acoustic_entropy": 13.377935409545898,
      "acoustic_entropy_mono": 10.968109130859375,
      "band_eliminated_acoustic_entropies": [
        {
          "acoustic_entropy": 12.789963722229004,
          "acoustic_entropy_side": 13.378090858459473,
          "hz": 129.47220167065723
        },
        {
          "acoustic_entropy": 13.569256782531738,
          "acoustic_entropy_side": 13.382421493530273,
          "hz": 202.92927478742237
        },
        {
          "acoustic_entropy": 13.459065437316895,
          "acoustic_entropy_side": 13.39743423461914,
          "hz": 282.89161906338205
        },
        {
          "acoustic_entropy": 13.34058952331543,
          "acoustic_entropy_side": 13.409209251403809,
          "hz": 369.9353335868758
        },
        {
          "acoustic_entropy": 13.640801429748535,
          "acoustic_entropy_side": 13.758199691772461,
          "hz": 464.6875360973435
        },
        {
          "acoustic_entropy": 13.50341510772705,
          "acoustic_entropy_side": 13.575446128845215,
          "hz": 567.8308811364784
        },
        {
          "acoustic_entropy": 13.54716682434082,
          "acoustic_entropy_side": 13.508072853088379,
          "hz": 680.1084783214808
        },
        {
          "acoustic_entropy": 13.204967498779297,
          "acoustic_entropy_side": 13.653717994689941,
          "hz": 802.3292461747484
        },
        {
          "acoustic_entropy": 13.689599990844727,
          "acoustic_entropy_side": 13.484550476074219,
          "hz": 935.3737400823702
        },
        {
          "acoustic_entropy": 13.59564208984375,
          "acoustic_entropy_side": 13.388590812683105,
          "hz": 1080.2004963696966
        },
        {
          "acoustic_entropy": 13.719059944152832,
          "acoustic_entropy_side": 13.368239402770996,
          "hz": 1237.8529382007157
        },
        {
          "acoustic_entropy": 13.269173622131348,
          "acoustic_entropy_side": 13.3562593460083,
          "hz": 1409.4668930556702
        },
        {
          "acoustic_entropy": 13.880912780761719,
          "acoustic_entropy_side": 13.36438274383545,
          "hz": 1596.2787759475705
        },
        {
          "acoustic_entropy": 13.25648307800293,
          "acoustic_entropy_side": 13.347062110900879,
          "hz": 1799.6344973346393
        },
        {
          "acoustic_entropy": 13.583087921142578,
          "acoustic_entropy_side": 13.295293807983398,
          "hz": 2020.9991599069049
        },
        {
          "acoustic_entropy": 13.657210350036621,
          "acoustic_entropy_side": 13.365275382995605,
          "hz": 2261.9676141086993
        },
        {
          "acoustic_entropy": 13.301799774169922,
          "acoustic_entropy_side": 13.310925483703613,
          "hz": 2524.2759484456974
        },
        {
          "acoustic_entropy": 13.26418685913086,
          "acoustic_entropy_side": 13.301698684692383,
          "hz": 2809.813997359896
        },
        {
          "acoustic_entropy": 13.416677474975586,
          "acoustic_entropy_side": 13.357449531555176,
          "hz": 3120.6389567871424
        },
        {
          "acoustic_entropy": 13.470577239990234,
          "acoustic_entropy_side": 13.324492454528809,
          "hz": 3458.990205492291
        },
        {
          "acoustic_entropy": 13.3871431350708,
          "acoustic_entropy_side": 13.4043550491333,
          "hz": 3827.305438964164
        },
        {
          "acoustic_entropy": 13.346097946166992,
          "acoustic_entropy_side": 13.383575439453125,
          "hz": 4228.238232109126
        },
        {
          "acoustic_entropy": 13.52902889251709,
          "acoustic_entropy_side": 13.388400077819824,
          "hz": 4664.6771572759235
        },
        {
          "acoustic_entropy": 13.41405200958252,
          "acoustic_entropy_side": 13.37930679321289,
          "hz": 5139.766595350093
        },
        {
          "acoustic_entropy": 13.32736587524414,
          "acoustic_entropy_side": 13.336897850036621,
          "hz": 5656.929389854203
        },
        {
          "acoustic_entropy": 13.195687294006348,
          "acoustic_entropy_side": 13.223848342895508,
          "hz": 6219.891507268283
        },
        {
          "acoustic_entropy": 13.268259048461914,
          "acoustic_entropy_side": 13.256272315979004,
          "hz": 6832.70888123896
        },
        {
          "acoustic_entropy": 13.177998542785645,
          "acoustic_entropy_side": 13.232272148132324,
          "hz": 7499.796634079867
        },
        {
          "acoustic_entropy": 13.36051082611084,
          "acoustic_entropy_side": 13.358531951904297,
          "hz": 8225.96088609342
        },
        {
          "acoustic_entropy": 13.231589317321777,
          "acoustic_entropy_side": 13.345468521118164,
          "hz": 9016.43338188839
        },
        {
          "acoustic_entropy": 13.062483787536621,
          "acoustic_entropy_side": 12.787487983703613,
          "hz": 9876.909183162974
        },
        {
          "acoustic_entropy": 13.36465835571289,
          "acoustic_entropy_side": 13.32332706451416,
          "hz": 10813.587699516042
        },
        {
          "acoustic_entropy": 13.195893287658691,
          "acoustic_entropy_side": 13.255273818969727,
          "hz": 11833.21735289826
        },
        {
          "acoustic_entropy": 13.216506958007812,
          "acoustic_entropy_side": 13.176051139831543,
          "hz": 12943.144197493959
        },
        {
          "acoustic_entropy": 13.608643531799316,
          "acoustic_entropy_side": 13.487289428710938,
          "hz": 14151.364845322005
        },
        {
          "acoustic_entropy": 12.884461402893066,
          "acoustic_entropy_side": 12.728445053100586,
          "hz": 15466.58407886509
        },
        {
          "acoustic_entropy": 13.573040008544922,
          "acoustic_entropy_side": 13.507777214050293,
          "hz": 16898.27756580493
        },
        {
          "acoustic_entropy": 13.115473747253418,
          "acoustic_entropy_side": 13.108336448669434,
          "hz": 18456.760127700032
        },
        {
          "acoustic_entropy": 13.093707084655762,
          "acoustic_entropy_side": 13.020588874816895,
          "hz": 20153.260054456492
        },
        {
          "acoustic_entropy": 13.45326042175293,
          "acoustic_entropy_side": 13.26423454284668,
          "hz": 22000.00000000001
        }
      ],
      "diff_acoustic_entropy": 14.50490951538086,
      "sn": 12
    },
    {
      "acoustic_entropy": 19.241823196411133,
      "acoustic_entropy_mono": 13.97433090209961,
      "band_eliminated_acoustic_entropies": [
        {
          "acoustic_entropy": 19.409690856933594,
          "acoustic_entropy_side": 19.27716827392578,
          "hz": 129.47220167065723
        },
        {
          "acoustic_entropy": 19.65342140197754,
          "acoustic_entropy_side": 19.71907615661621,
          "hz": 202.92927478742237
        },
        {
          "acoustic_entropy": 19.380769729614258,
          "acoustic_entropy_side": 19.23935317993164,
          "hz": 282.89161906338205
        },
        {
          "acoustic_entropy": 19.645843505859375,
          "acoustic_entropy_side": 19.463441848754883,
          "hz": 369.9353335868758
        },
        {
          "acoustic_entropy": 19.13990592956543,
          "acoustic_entropy_side": 19.927528381347656,
          "hz": 464.6875360973435
        },
        {
          "acoustic_entropy": 18.639225006103516,
          "acoustic_entropy_side": 19.308996200561523,
          "hz": 567.8308811364784
        },
        {
          "acoustic_entropy": 18.922082901000977,
          "acoustic_entropy_side": 19.68036460876465,
          "hz": 680.1084783214808
        },
        {
          "acoustic_entropy": 18.76803207397461,
          "acoustic_entropy_side": 18.50611114501953,
          "hz": 802.3292461747484
        },
        {
          "acoustic_entropy": 20.04239273071289,
          "acoustic_entropy_side": 19.938701629638672,
          "hz": 935.3737400823702
        },
        {
          "acoustic_entropy": 19.503376007080078,
          "acoustic_entropy_side": 18.996170043945312,
          "hz": 1080.2004963696966
        },
        {
          "acoustic_entropy": 19.6429443359375,
          "acoustic_entropy_side": 19.349872589111328,
          "hz": 1237.8529382007157
        },
        {
          "acoustic_entropy": 19.468612670898438,
          "acoustic_entropy_side": 19.339717864990234,
          "hz": 1409.4668930556702
        },
        {
          "acoustic_entropy": 19.034881591796875,
          "acoustic_entropy_side": 19.556495666503906,
          "hz": 1596.2787759475705
        },
        {
          "acoustic_entropy": 19.410167694091797,
          "acoustic_entropy_side": 19.41216278076172,
          "hz": 1799.6344973346393
        },
        {
          "acoustic_entropy": 19.55313491821289,
          "acoustic_entropy_side": 19.734689712524414,
          "hz": 2020.9991599069049
        },
        {
          "acoustic_entropy": 19.77771759033203,
          "acoustic_entropy_side": 19.534923553466797,
          "hz": 2261.9676141086993
        },
        {
          "acoustic_entropy": 19.20878791809082,
          "acoustic_entropy_side": 19.325763702392578,
          "hz": 2524.2759484456974
        },
        {
          "acoustic_entropy": 19.090898513793945,
          "acoustic_entropy_side": 19.0614070892334,
          "hz": 2809.813997359896
        },
        {
