{
  "acoustic_entropy": 213.38937377929688,
  "bands": [
    {
      "high_freq": 148.1999969482422,
      "loudness": -23.644428253173828,
      "loudness_range": 16.51325035095215,
      "mid_mean": -21.049562454223633,
      "mid_to_side_loudness": -14.44076156616211,
      "mid_to_side_loudness_range": 33.28588104248047,
      "side_mean": -39.074607849121094
    },
    {
      "high_freq": 392.3793640136719,
      "loudness": -26.9564208984375,
      "loudness_range": 10.012069702148438,
      "low_freq": 148.1999969482422,
      "mid_mean": -24.88810920715332,
      "mid_to_side_loudness": -5.819086074829102,
      "mid_to_side_loudness_range": 18.775657653808594,
      "side_mean": -32.25798034667969
    },
    {
      "high_freq": 794.6976318359375,
      "loudness": -25.39576530456543,
      "loudness_range": 9.295761108398438,
      "low_freq": 392.3793640136719,
      "mid_mean": -24.210323333740234,
      "mid_to_side_loudness": -1.4068607091903687,
      "mid_to_side_loudness_range": 5.492448329925537,
      "side_mean": -25.70720100402832
    },
    {
      "high_freq": 1457.5709228515625,
      "loudness": -23.493600845336914,
      "loudness_range": 12.563365936279297,
      "low_freq": 794.6976318359375,
      "mid_mean": -22.508913040161133,
      "mid_to_side_loudness": -1.2550426721572876,
      "mid_to_side_loudness_range": 7.71320104598999,
      "side_mean": -23.867616653442383
    },
    {
      "high_freq": 2549.74365234375,
      "loudness": -26.795574188232422,
      "loudness_range": 12.100744247436523,
      "low_freq": 1457.5709228515625,
      "mid_mean": -25.593420028686523,
      "mid_to_side_loudness": -1.4131864309310913,
      "mid_to_side_loudness_range": 4.931599140167236,
      "side_mean": -27.105976104736328
    },
    {
      "high_freq": 4349.24462890625,
      "loudness": -28.501617431640625,
      "loudness_range": 14.510732650756836,
      "low_freq": 2549.74365234375,
      "mid_mean": -27.468303680419922,
      "mid_to_side_loudness": -1.2528525590896606,
      "mid_to_side_loudness_range": 6.530947685241699,
      "side_mean": -28.860769271850586
    },
    {
      "high_freq": 7314.1640625,
      "loudness": -32.719058990478516,
      "loudness_range": 18.77659034729004,
      "low_freq": 4349.24462890625,
      "mid_mean": -31.352502822875977,
      "mid_to_side_loudness": -2.3078560829162598,
      "mid_to_side_loudness_range": 8.29275894165039,
      "side_mean": -33.833431243896484
    },
    {
      "high_freq": 12199.2666015625,
      "loudness": -35.491580963134766,
      "loudness_range": 18.295970916748047,
      "low_freq": 7314.1640625,
      "mid_mean": -33.6646614074707,
      "mid_to_side_loudness": -3.3341774940490723,
      "mid_to_side_loudness_range": 7.44512939453125,
      "side_mean": -37.55842971801758
    },
    {
      "loudness": -38.97355651855469,
      "loudness_range": 17.715452194213867,
      "low_freq": 12199.2666015625,
      "mid_mean": -36.986446380615234,
      "mid_to_side_loudness": -4.326796531677246,
      "mid_to_side_loudness_range": 8.726561546325684,
      "side_mean": -42.04546356201172
    }
  ],
  "bands_short": [
    {
      "high_freq": 148.1999969482422,
      "loudness": -26.858598709106445,
      "loudness_range": 26.816444396972656,
      "mid_mean": -24.616241455078125,
      "mid_to_side_loudness": -12.49427318572998,
      "mid_to_side_loudness_range": 35.98809814453125,
      "side_mean": -44.44062805175781
    },
    {
      "high_freq": 392.3793640136719,
      "loudness": -27.456167221069336,
      "loudness_range": 16.42040252685547,
      "low_freq": 148.1999969482422,
      "mid_mean": -26.063220977783203,
      "mid_to_side_loudness": -5.492642402648926,
      "mid_to_side_loudness_range": 23.640535354614258,
      "side_mean": -33.56899642944336
    },
    {
      "high_freq": 794.6976318359375,
      "loudness": -26.266023635864258,
      "loudness_range": 10.811288833618164,
      "low_freq": 392.3793640136719,
      "mid_mean": -25.403223037719727,
      "mid_to_side_loudness": -1.1532418727874756,
      "mid_to_side_loudness_range": 9.420442581176758,
      "side_mean": -26.60649871826172
    },
    {
      "high_freq": 1457.5709228515625,
      "loudness": -23.621429443359375,
      "loudness_range": 13.877830505371094,
      "low_freq": 794.6976318359375,
      "mid_mean": -22.843427658081055,
      "mid_to_side_loudness": -0.9724719524383545,
      "mid_to_side_loudness_range": 9.737606048583984,
      "side_mean": -23.88317108154297
    },
    {
      "high_freq": 2549.74365234375,
      "loudness": -27.474010467529297,
      "loudness_range": 13.341014862060547,
      "low_freq": 1457.5709228515625,
      "mid_mean": -26.50385856628418,
      "mid_to_side_loudness": -1.0670586824417114,
      "mid_to_side_loudness_range": 6.746131420135498,
      "side_mean": -27.628108978271484
    },
    {
      "high_freq": 4349.24462890625,
      "loudness": -29.682748794555664,
      "loudness_range": 19.30076789855957,
      "low_freq": 2549.74365234375,
      "mid_mean": -28.83518409729004,
      "mid_to_side_loudness": -0.9188446402549744,
      "mid_to_side_loudness_range": 6.193231582641602,
      "side_mean": -29.816164016723633
    },
    {
      "high_freq": 7314.1640625,
      "loudness": -33.84528350830078,
      "loudness_range": 22.66549301147461,
      "low_freq": 4349.24462890625,
      "mid_mean": -32.71416091918945,
      "mid_to_side_loudness": -1.7713640928268433,
      "mid_to_side_loudness_range": 7.463819980621338,
      "side_mean": -34.67295837402344
    },
    {
      "high_freq": 12199.2666015625,
      "loudness": -36.36748504638672,
      "loudness_range": 21.988628387451172,
      "low_freq": 7314.1640625,
      "mid_mean": -34.93750762939453,
      "mid_to_side_loudness": -2.804266929626465,
      "mid_to_side_loudness_range": 7.462549686431885,
      "side_mean": -38.34431457519531
    },
    {
      "loudness": -40.57084655761719,
      "loudness_range": 22.809707641601562,
      "low_freq": 12199.2666015625,
      "mid_mean": -39.031982421875,
      "mid_to_side_loudness": -3.2579104900360107,
      "mid_to_side_loudness_range": 9.10313606262207,
      "side_mean": -43.023433685302734
    }
  ],
  "bandwidth": 546.5023193359375,
  "channels": 2,
  "covariance": [
    [
      59.37374496459961,
      -10.736251831054688,
      21.68131446838379,
      -10.918574333190918,
      9.482768058776855,
      6.7003374099731445,
      8.003785133361816,
      7.056570529937744,
      11.52691650390625,
      10.823512077331543,
      19.257488250732422,
      14.933764457702637,
      28.504051208496094,
      22.13360595703125,
      34.23076248168945,
      27.086942672729492,
      32.44013595581055,
      22.660879135131836
    ],
    [
      -10.736251831054688,
      118.04769897460938,
      -12.353962898254395,
      52.5877571105957,
      -16.861255645751953,
      -10.865418434143066,
      -8.734757423400879,
      -5.048017978668213,
      -18.978267669677734,
      -14.370747566223145,
      -34.62276840209961,
      -23.36927032470703,
      -48.299827575683594,
      -35.845741271972656,
      -50.553470611572266,
      -41.62358093261719,
      -46.93966293334961,
      -31.583797454833984
    ],
    [
      21.68131446838379,
      -12.353962898254395,
      17.01616096496582,
      -0.9190812706947327,
      8.523255348205566,
      5.685016632080078,
      6.344827175140381,
      4.906932830810547,
      8.81023120880127,
      6.458829879760742,
      15.24531078338623,
      10.420071601867676,
      21.356313705444336,
      14.62048053741455,
      20.709129333496094,
      16.553234100341797,
      18.909229278564453,
      13.98990535736084
    ],
    [
      -10.918574333190918,
      52.5877571105957,
      -0.9190812706947327,
      59.93767547607422,
      -3.428143262863159,
      -2.11643648147583,
      -1.5993715524673462,
      -0.009206715039908886,
      -7.211228370666504,
      -4.498449802398682,
      -11.776068687438965,
      -6.606220722198486,
      -17.369596481323242,
      -12.332206726074219,
      -22.919559478759766,
      -17.140092849731445,
      -22.148330688476562,
      -12.13559341430664
    ],
    [
      9.482768058776855,
      -16.861255645751953,
      8.523255348205566,
      -3.428143262863159,
      16.35247802734375,
      12.051026344299316,
      7.387111186981201,
      5.076170921325684,
      7.120309352874756,
      5.193045616149902,
      16.93310546875,
      11.114898681640625,
      23.609140396118164,
      16.012821197509766,
      20.472766876220703,
      16.569049835205078,
      18.8394775390625,
      14.005762100219727
    ],
    [
      6.7003374099731445,
      -10.865418434143066,
      5.685016632080078,
      -2.11643648147583,
      12.051026344299316,
      13.33517074584961,
      5.36495304107666,
      4.926095962524414,
      4.341996669769287,
      4.487324237823486,
      11.636924743652344,
      8.772916793823242,
      17.071556091308594,
      13.22447681427002,
      14.857304573059082,
      13.21427059173584,
      13.777372360229492,
      11.330129623413086
    ],
    [
      8.003785133361816,
      -8.734757423400879,
      6.344827175140381,
      -1.5993715524673462,
      7.387111186981201,
      5.36495304107666,
      27.778034210205078,
      18.709064483642578,
      9.142829895019531,
      5.7781453132629395,
      14.137027740478516,
      10.452275276184082,
      16.791250228881836,
      10.347612380981445,
      12.60747241973877,
      10.657061576843262,
      12.897764205932617,
      10.546113014221191
    ],
    [
      7.056570529937744,
      -5.048017978668213,
      4.906932830810547,
      -0.009206715039908886,
      5.076170921325684,
      4.926095962524414,
      18.709064483642578,
      19.022212982177734,
      7.570432186126709,
      6.548946380615234,
      10.74307918548584,
      9.265512466430664,
      12.268716812133789,
      8.927478790283203,
      9.094675064086914,
      8.910400390625,
      9.071239471435547,
      8.74935245513916
    ],
    [
      11.52691650390625,
      -18.978267669677734,
      8.81023120880127,
      -7.211228370666504,
      7.120309352874756,
      4.341996669769287,
      9.142829895019531,
      7.570432186126709,
      21.905019760131836,
      17.778440475463867,
      18.012815475463867,
      11.900403022766113,
      23.19256019592285,
      15.201249122619629,
      19.033546447753906,
      15.892162322998047,
      17.44300079345703,
      13.424568176269531
    ],
    [
      10.823512077331543,
      -14.370747566223145,
      6.458829879760742,
      -4.498449802398682,
      5.193045616149902,
      4.487324237823486,
      5.7781453132629395,
      6.548946380615234,
      17.778440475463867,
      20.017812728881836,
      13.019327163696289,
      10.801176071166992,
      17.710947036743164,
      14.00968074798584,
      14.732255935668945,
      13.94002628326416,
      13.422646522521973,
      11.960317611694336
    ],
    [
      19.257488250732422,
      -34.62276840209961,
      15.24531078338623,
      -11.776068687438965,
      16.93310546875,
      11.636924743652344,
      14.137027740478516,
      10.74307918548584,
      18.012815475463867,
      13.019327163696289,
      36.10813522338867,
      25.080219268798828,
      43.604583740234375,
      30.1962890625,
      37.862693786621094,
      31.919668197631836,
      33.84379959106445,
      26.172460556030273
    ],
    [
      14.933764457702637,
      -23.36927032470703,
      10.420071601867676,
      -6.606220722198486,
      11.114898681640625,
      8.772916793823242,
      10.452275276184082,
      9.265512466430664,
      11.900403022766113,
      10.801176071166992,
      25.080219268798828,
      23.61332893371582,
      29.171621322631836,
      24.775127410888672,
      26.235797882080078,
      24.425975799560547,
      23.353132247924805,
      19.89171028137207
    ],
    [
      28.504051208496094,
      -48.299827575683594,
      21.356313705444336,
      -17.369596481323242,
      23.609140396118164,
      17.071556091308594,
      16.791250228881836,
      12.268716812133789,
      23.19256019592285,
      17.710947036743164,
      43.604583740234375,
      29.171621322631836,
      62.46235656738281,
      42.69289779663086,
      55.35908508300781,
      45.52553176879883,
      50.58734130859375,
      37.70259475708008
    ],
    [
      22.13360595703125,
      -35.845741271972656,
      14.62048053741455,
      -12.332206726074219,
      16.012821197509766,
      13.22447681427002,
      10.347612380981445,
      8.927478790283203,
      15.201249122619629,
      14.00968074798584,
      30.1962890625,
      24.775127410888672,
      42.69289779663086,
      35.9897346496582,
      39.78502655029297,
      36.378597259521484,
      35.92073440551758,
      29.59207534790039
    ],
    [
      34.23076248168945,
      -50.553470611572266,
      20.709129333496094,
      -22.919559478759766,
      20.472766876220703,
      14.857304573059082,
      12.60747241973877,
      9.094675064086914,
      19.033546447753906,
      14.732255935668945,
      37.862693786621094,
      26.235797882080078,
      55.35908508300781,
      39.78502655029297,
      64.296630859375,
      48.43248748779297,
      60.715553283691406,
      41.30788040161133
    ],
    [
      27.086942672729492,
      -41.62358093261719,
      16.553234100341797,
      -17.140092849731445,
      16.569049835205078,
      13.21427059173584,
      10.657061576843262,
      8.910400390625,
      15.892162322998047,
      13.94002628326416,
      31.919668197631836,
      24.425975799560547,
      45.52553176879883,
      36.378597259521484,
      48.43248748779297,
      44.69964599609375,
      44.386077880859375,
      37.478816986083984
    ],
    [
      32.44013595581055,
      -46.93966293334961,
      18.909229278564453,
      -22.148330688476562,
      18.8394775390625,
      13.777372360229492,
      12.897764205932617,
      9.071239471435547,
      17.44300079345703,
      13.422646522521973,
      33.84379959106445,
      23.353132247924805,
      50.58734130859375,
      35.92073440551758,
      60.715553283691406,
      44.386077880859375,
      62.395774841308594,
      39.559471130371094
    ],
    [
      22.660879135131836,
      -31.583797454833984,
      13.98990535736084,
      -12.13559341430664,
      14.005762100219727,
      11.330129623413086,
      10.546113014221191,
      8.74935245513916,
      13.424568176269531,
      11.960317611694336,
      26.172460556030273,
      19.89171028137207,
      37.70259475708008,
      29.59207534790039,
      41.30788040161133,
      37.478816986083984,
      39.559471130371094,
      35.60227584838867
    ]
  ],
  "covariance_short": [
    [
      114.19014739990234,
      3.887394905090332,
      35.818180084228516,
      -15.442975044250488,
      9.790291786193848,
      6.996252536773682,
      7.877477645874023,
      8.224136352539062,
      11.542852401733398,
      11.172249794006348,
      20.58003807067871,
      16.183191299438477,
      31.257400512695312,
      25.917236328125,
      42.34073257446289,
      32.13554382324219,
      40.81910705566406,
      30.48486328125
    ],
    [
      3.887394905090332,
      152.3657684326172,
      13.456656455993652,
      77.40853118896484,
      -15.212148666381836,
      -12.350102424621582,
      -7.909251689910889,
      -6.097592353820801,
      -18.123397827148438,
      -15.927757263183594,
      -35.945133209228516,
      -29.67990493774414,
      -45.09071731567383,
      -37.295936584472656,
      -45.632728576660156,
      -41.571311950683594,
      -39.06679916381836,
      -30.350080490112305
    ],
    [
      35.818180084228516,
      13.456656455993652,
      52.883880615234375,
      12.592345237731934,
      10.308372497558594,
      4.376452922821045,
      6.545135498046875,
      4.736714839935303,
      8.60204792022705,
      5.375735759735107,
      15.406953811645508,
      9.078096389770508,
      20.370637893676758,
      12.380516052246094,
      19.09810447692871,
      12.74389934539795,
      20.111753463745117,
      13.272628784179688
    ],
    [
      -15.442975044250488,
      77.40853118896484,
      12.592345237731934,
      89.87610626220703,
      -3.4953136444091797,
      -3.302199602127075,
      -2.3459529876708984,
      -1.2314693927764893,
      -9.999618530273438,
      -9.062346458435059,
      -18.617895126342773,
      -16.2125301361084,
      -24.845590591430664,
      -21.43471336364746,
      -32.0848503112793,
      -26.55769157409668,
      -28.37380027770996,
      -20.186241149902344
    ],
    [
      9.790291786193848,
      -15.212148666381836,
      10.308372497558594,
      -3.4953136444091797,
      21.645492553710938,
      12.337406158447266,
      9.0082368850708,
      6.083576679229736,
      8.906882286071777,
      5.9016432762146,
      20.106168746948242,
      13.920912742614746,
      25.526824951171875,
      18.393102645874023,
      22.73500633239746,
      18.393579483032227,
      21.42192268371582,
      16.31376838684082
    ],
    [
      6.996252536773682,
      -12.350102424621582,
      4.376452922821045,
      -3.302199602127075,
      12.337406158447266,
      16.55896759033203,
      6.138794898986816,
      5.7583112716674805,
      5.186097621917725,
      5.260838508605957,
      13.29819393157959,
      11.415352821350098,
      17.39946174621582,
      15.272005081176758,
      16.31232452392578,
      15.709548950195312,
      14.991332054138184,
      13.552448272705078
    ],
    [
      7.877477645874023,
      -7.909251689910889,
      6.545135498046875,
      -2.3459529876708984,
      9.0082368850708,
      6.138794898986816,
      30.45572280883789,
      19.166868209838867,
      9.845690727233887,
      6.580580711364746,
      17.45058250427246,
      13.273894309997559,
      17.520143508911133,
      12.121851921081543,
      13.72314453125,
      11.803956985473633,
      14.747640609741211,
      11.546748161315918
    ],
    [
      8.224136352539062,
      -6.097592353820801,
      4.736714839935303,
      -1.2314693927764893,
      6.083576679229736,
      5.7583112716674805,
      19.166868209838867,
      22.014928817749023,
      7.249305248260498,
      6.977945327758789,
      13.44273567199707,
      12.189066886901855,
      12.65660285949707,
      10.997207641601562,
      10.897209167480469,
      10.888111114501953,
      11.066332817077637,
      10.651752471923828
    ],
    [
      11.542852401733398,
      -18.123397827148438,
      8.60204792022705,
      -9.999618530273438,
      8.906882286071777,
      5.186097621917725,
      9.845690727233887,
      7.249305248260498,
      26.22900390625,
      20.037078857421875,
      22.50479507446289,
      16.67965316772461,
      25.821407318115234,
      18.541885375976562,
      20.700851440429688,
      17.237031936645508,
      19.162351608276367,
      15.560223579406738
    ],
    [
      11.172249794006348,
      -15.927757263183594,
      5.375735759735107,
      -9.062346458435059,
      5.9016432762146,
      5.260838508605957,
      6.580580711364746,
      6.977945327758789,
      20.037078857421875,
      22.837238311767578,
      17.296369552612305,
      15.8331880569458,
      20.332735061645508,
      17.923402786254883,
      17.416301727294922,
      16.69076919555664,
      15.752973556518555,
      14.748064041137695
    ],
    [
      20.58003807067871,
      -35.945133209228516,
      15.406953811645508,
      -18.617895126342773,
      20.106168746948242,
      13.29819393157959,
      17.45058250427246,
      13.44273567199707,
      22.50479507446289,
      17.296369552612305,
      48.75961685180664,
      37.33670425415039,
      53.27687072753906,
      40.754615783691406,
      44.58189392089844,
      38.40607833862305,
      39.23522186279297,
      32.86484146118164
    ],
    [
      16.183191299438477,
      -29.67990493774414,
      9.078096389770508,
      -16.2125301361084,
      13.920912742614746,
      11.415352821350098,
      13.273894309997559,
      12.189066886901855,
      16.67965316772461,
      15.8331880569458,
      37.33670425415039,
      36.12491989135742,
      39.87416076660156,
      36.54899978637695,
      34.75601577758789,
      32.85636520385742,
      30.355894088745117,
      27.586549758911133
    ],
    [
      31.257400512695312,
      -45.09071731567383,
      20.370637893676758,
      -24.845590591430664,
      25.526824951171875,
      17.39946174621582,
      17.520143508911133,
      12.65660285949707,
      25.821407318115234,
      20.332735061645508,
      53.27687072753906,
      39.87416076660156,
      72.2341537475586,
      53.897216796875,
      62.45960235595703,
      53.35600662231445,
      55.68558883666992,
      45.42045593261719
    ],
    [
      25.917236328125,
      -37.295936584472656,
      12.380516052246094,
      -21.43471336364746,
      18.393102645874023,
      15.272005081176758,
      12.121851921081543,
      10.997207641601562,
      18.541885375976562,
      17.923402786254883,
      40.754615783691406,
      36.54899978637695,
      53.897216796875,
      49.9168701171875,
      48.301361083984375,
      46.117408752441406,
      42.6705322265625,
      38.40501403808594
    ],
    [
      42.34073257446289,
      -45.632728576660156,
      19.09810447692871,
      -32.0848503112793,
      22.73500633239746,
      16.31232452392578,
      13.72314453125,
      10.897209167480469,
      20.700851440429688,
      17.416301727294922,
      44.58189392089844,
      34.75601577758789,
      62.45960235595703,
      48.301361083984375,
      76.6715316772461,
      58.13260269165039,
      70.74951934814453,
      52.74981689453125
    ],
    [
      32.13554382324219,
      -41.571311950683594,
      12.74389934539795,
      -26.55769157409668,
      18.393579483032227,
      15.709548950195312,
      11.803956985473633,
      10.888111114501953,
      17.237031936645508,
      16.69076919555664,
      38.40607833862305,
      32.85636520385742,
      53.35600662231445,
      46.117408752441406,
      58.13260269165039,
      57.02302169799805,
      52.490875244140625,
      48.39031982421875
    ],
    [
      40.81910705566406,
      -39.06679916381836,
      20.111753463745117,
      -28.37380027770996,
      21.42192268371582,
      14.991332054138184,
      14.747640609741211,
      11.066332817077637,
      19.162351608276367,
      15.752973556518555,
      39.23522186279297,
      30.355894088745117,
      55.68558883666992,
      42.6705322265625,
      70.74951934814453,
      52.490875244140625,
      76.63174438476562,
      52.27326965332031
    ],
    [
      30.48486328125,
      -30.350080490112305,
      13.272628784179688,
      -20.186241149902344,
      16.31376838684082,
      13.552448272705078,
      11.546748161315918,
      10.651752471923828,
      15.560223579406738,
      14.748064041137695,
      32.86484146118164,
      27.586549758911133,
      45.42045593261719,
      38.40501403808594,
      52.74981689453125,
      48.39031982421875,
      52.27326965332031,
      51.43893814086914
    ]
  ],
  "damage": -6.873588562011719,
  "diff_bandwidth": 487.9063415527344,
  "dissonance": 8.95436754239557,
  "drr": 4.922638893127441,
  "dynamics": 3.6081790924072266,
  "format": 1245190,
  "frames": 4311040,
  "loudness": -12.954730033874512,
  "loudness_range": 9.298985481262207,
  "loudness_range_short": 11.403421401977539,
  "lowpass_true_peak_15khz": 0.8202071189880371,
  "mastering3_acoustic_entropies": [
    {
      "acoustic_entropy": 7.843764305114746,
      "acoustic_entropy_mono": 6.976361274719238,
      "band_eliminated_acoustic_entropies": [
        {
          "acoustic_entropy": 7.676548957824707,
          "acoustic_entropy_side": 7.844604015350342,
          "hz": 129.47220167065723
        },
        {
          "acoustic_entropy": 7.382518768310547,
          "acoustic_entropy_side": 7.839098930358887,
          "hz": 202.92927478742237
        },
        {
          "acoustic_entropy": 7.901071071624756,
          "acoustic_entropy_side": 7.864810466766357,
          "hz": 282.89161906338205
        },
        {
          "acoustic_entropy": 7.849632263183594,
          "acoustic_entropy_side": 7.813277721405029,
          "hz": 369.9353335868758
        },
        {
          "acoustic_entropy": 7.767143249511719,
          "acoustic_entropy_side": 7.727780818939209,
          "hz": 464.6875360973435
        },
        {
          "acoustic_entropy": 7.632243633270264,
          "acoustic_entropy_side": 7.7113237380981445,
          "hz": 567.8308811364784
        },
        {
          "acoustic_entropy": 7.754384517669678,
          "acoustic_entropy_side": 7.64000129699707,
          "hz": 680.1084783214808
        },
        {
          "acoustic_entropy": 7.498244285583496,
          "acoustic_entropy_side": 7.592398643493652,
          "hz": 802.3292461747484
        },
        {
          "acoustic_entropy": 7.751504898071289,
          "acoustic_entropy_side": 7.762406349182129,
          "hz": 935.3737400823702
        },
        {
          "acoustic_entropy": 6.817404747009277,
          "acoustic_entropy_side": 7.642526626586914,
          "hz": 1080.2004963696966
        },
        {
          "acoustic_entropy": 8.054808616638184,
          "acoustic_entropy_side": 7.7062506675720215,
          "hz": 1237.8529382007157
        },
        {
          "acoustic_entropy": 7.9880218505859375,
          "acoustic_entropy_side": 7.752381324768066,
          "hz": 1409.4668930556702
        },
        {
          "acoustic_entropy": 8.021584510803223,
          "acoustic_entropy_side": 7.96433162689209,
          "hz": 1596.2787759475705
        },
        {
          "acoustic_entropy": 7.242302894592285,
          "acoustic_entropy_side": 7.189192295074463,
          "hz": 1799.6344973346393
        },
        {
          "acoustic_entropy": 7.471462726593018,
          "acoustic_entropy_side": 7.653147220611572,
          "hz": 2020.9991599069049
        },
        {
          "acoustic_entropy": 7.927545547485352,
          "acoustic_entropy_side": 7.872434139251709,
          "hz": 2261.9676141086993
        },
        {
          "acoustic_entropy": 7.940408229827881,
          "acoustic_entropy_side": 7.858292102813721,
          "hz": 2524.2759484456974
        },
        {
          "acoustic_entropy": 7.907352924346924,
          "acoustic_entropy_side": 7.818609237670898,
          "hz": 2809.813997359896
        },
        {
          "acoustic_entropy": 7.780050754547119,
          "acoustic_entropy_side": 7.800840854644775,
          "hz": 3120.6389567871424
        },
        {
          "acoustic_entropy": 7.923872470855713,
          "acoustic_entropy_side": 7.974771499633789,
          "hz": 3458.990205492291
        },
        {
          "acoustic_entropy": 7.781396865844727,
          "acoustic_entropy_side": 7.859521865844727,
          "hz": 3827.305438964164
        },
        {
          "acoustic_entropy": 7.892756462097168,
          "acoustic_entropy_side": 7.891330718994141,
          "hz": 4228.238232109126
        },
        {
          "acoustic_entropy": 7.856441974639893,
          "acoustic_entropy_side": 7.8907952308654785,
          "hz": 4664.6771572759235
        },
        {
          "acoustic_entropy": 7.852697849273682,
          "acoustic_entropy_side": 7.894021511077881,
          "hz": 5139.766595350093
        },
        {
          "acoustic_entropy": 7.846503257751465,
          "acoustic_entropy_side": 7.878480434417725,
          "hz": 5656.929389854203
        },
        {
          "acoustic_entropy": 7.89647102355957,
          "acoustic_entropy_side": 7.9196248054504395,
          "hz": 6219.891507268283
        },
        {
          "acoustic_entropy": 7.878513336181641,
          "acoustic_entropy_side": 7.90785551071167,
          "hz": 6832.70888123896
        },
        {
          "acoustic_entropy": 7.884980201721191,
          "acoustic_entropy_side": 7.901426792144775,
          "hz": 7499.796634079867
        },
        {
          "acoustic_entropy": 7.860454082489014,
          "acoustic_entropy_side": 7.867822170257568,
          "hz": 8225.96088609342
        },
        {
          "acoustic_entropy": 7.82396936416626,
          "acoustic_entropy_side": 7.842624187469482,
          "hz": 9016.43338188839
        },
        {
          "acoustic_entropy": 7.82264518737793,
          "acoustic_entropy_side": 7.834104537963867,
          "hz": 9876.909183162974
        },
        {
          "acoustic_entropy": 7.8593926429748535,
          "acoustic_entropy_side": 7.844041347503662,
          "hz": 10813.587699516042
        },
        {
          "acoustic_entropy": 7.856610298156738,
          "acoustic_entropy_side": 7.841283798217773,
          "hz": 11833.21735289826
        },
        {
          "acoustic_entropy": 7.869343280792236,
          "acoustic_entropy_side": 7.8386077880859375,
          "hz": 12943.144197493959
        },
        {
          "acoustic_entropy": 7.8799357414245605,
          "acoustic_entropy_side": 7.836898326873779,
          "hz": 14151.364845322005
        },
        {
          "acoustic_entropy": 7.877860069274902,
          "acoustic_entropy_side": 7.840641021728516,
          "hz": 15466.58407886509
        },
        {
          "acoustic_entropy": 7.865314960479736,
          "acoustic_entropy_side": 7.843082904815674,
          "hz": 16898.27756580493
        },
        {
          "acoustic_entropy": 7.851078033447266,
          "acoustic_entropy_side": 7.843507766723633,
          "hz": 18456.760127700032
        },
        {
          "acoustic_entropy": 7.847934246063232,
          "acoustic_entropy_side": 7.843651294708252,
          "hz": 20153.260054456492
        },
        {
          "acoustic_entropy": 7.844618797302246,
          "acoustic_entropy_side": 7.843753337860107,
          "hz": 22000.00000000001
        }
      ],
      "diff_acoustic_entropy": 6.131515979766846,
      "sn": 6
    },
    {
      "acoustic_entropy": 11.905678749084473,
      "acoustic_entropy_mono": 10.33973217010498,
      "band_eliminated_acoustic_entropies": [
        {
          "acoustic_entropy": 11.766581535339355,
          "acoustic_entropy_side": 11.943577766418457,
          "hz": 129.47220167065723
        },
        {
          "acoustic_entropy": 11.468421936035156,
          "acoustic_entropy_side": 11.764220237731934,
          "hz": 202.92927478742237
        },
        {
          "acoustic_entropy": 12.117585182189941,
          "acoustic_entropy_side": 12.222176551818848,
          "hz": 282.89161906338205
        },
        {
          "acoustic_entropy": 11.737077713012695,
          "acoustic_entropy_side": 11.811080932617188,
          "hz": 369.9353335868758
        },
        {
          "acoustic_entropy": 12.079081535339355,
          "acoustic_entropy_side": 11.980012893676758,
          "hz": 464.6875360973435
        },
        {
          "acoustic_entropy": 12.00202465057373,
          "acoustic_entropy_side": 11.925012588500977,
          "hz": 567.8308811364784
        },
        {
          "acoustic_entropy": 11.694832801818848,
          "acoustic_entropy_side": 11.774785995483398,
          "hz": 680.1084783214808
        },
        {
          "acoustic_entropy": 11.050350189208984,
          "acoustic_entropy_side": 11.662589073181152,
          "hz": 802.3292461747484
        },
        {
          "acoustic_entropy": 11.227255821228027,
          "acoustic_entropy_side": 11.605256080627441,
          "hz": 935.3737400823702
        },
        {
          "acoustic_entropy": 10.158242225646973,
          "acoustic_entropy_side": 11.706331253051758,
          "hz": 1080.2004963696966
        },
        {
          "acoustic_entropy": 11.668384552001953,
          "acoustic_entropy_side": 11.46319580078125,
          "hz": 1237.8529382007157
        },
        {
          "acoustic_entropy": 12.13991928100586,
          "acoustic_entropy_side": 12.175328254699707,
          "hz": 1409.4668930556702
        },
        {
          "acoustic_entropy": 11.916996955871582,
          "acoustic_entropy_side": 11.875370025634766,
          "hz": 1596.2787759475705
        },
        {
          "acoustic_entropy": 11.288172721862793,
          "acoustic_entropy_side": 11.324141502380371,
          "hz": 1799.6344973346393
        },
        {
          "acoustic_entropy": 12.198630332946777,
          "acoustic_entropy_side": 11.894838333129883,
          "hz": 2020.9991599069049
        },
        {
          "acoustic_entropy": 11.856034278869629,
          "acoustic_entropy_side": 11.801708221435547,
          "hz": 2261.9676141086993
        },
        {
          "acoustic_entropy": 11.33646297454834,
          "acoustic_entropy_side": 11.699922561645508,
          "hz": 2524.2759484456974
        },
        {
          "acoustic_entropy": 11.864164352416992,
          "acoustic_entropy_side": 11.89796257019043,
          "hz": 2809.813997359896
        },
        {
          "acoustic_entropy": 11.900723457336426,
          "acoustic_entropy_side": 11.968456268310547,
          "hz": 3120.6389567871424
        },
        {
          "acoustic_entropy": 11.532074928283691,
          "acoustic_entropy_side": 11.636728286743164,
          "hz": 3458.990205492291
        },
        {
          "acoustic_entropy": 11.819585800170898,
          "acoustic_entropy_side": 11.881837844848633,
          "hz": 3827.305438964164
        },
        {
          "acoustic_entropy": 11.935158729553223,
          "acoustic_entropy_side": 11.907194137573242,
          "hz": 4228.238232109126
        },
        {
          "acoustic_entropy": 11.79861831665039,
          "acoustic_entropy_side": 11.824613571166992,
          "hz": 4664.6771572759235
        },
        {
          "acoustic_entropy": 11.708074569702148,
          "acoustic_entropy_side": 11.812400817871094,
          "hz": 5139.766595350093
        },
        {
          "acoustic_entropy": 11.726533889770508,
          "acoustic_entropy_side": 11.841154098510742,
          "hz": 5656.929389854203
        },
        {
          "acoustic_entropy": 11.845471382141113,
          "acoustic_entropy_side": 11.842439651489258,
          "hz": 6219.891507268283
        },
        {
          "acoustic_entropy": 11.841169357299805,
          "acoustic_entropy_side": 11.861092567443848,
          "hz": 6832.70888123896
        },
        {
          "acoustic_entropy": 11.842621803283691,
          "acoustic_entropy_side": 11.852788925170898,
          "hz": 7499.796634079867
        },
        {
          "acoustic_entropy": 11.852753639221191,
          "acoustic_entropy_side": 11.891951560974121,
          "hz": 8225.96088609342
        },
        {
          "acoustic_entropy": 11.909317970275879,
          "acoustic_entropy_side": 11.882710456848145,
          "hz": 9016.43338188839
        },
        {
          "acoustic_entropy": 11.938983917236328,
          "acoustic_entropy_side": 11.904671669006348,
          "hz": 9876.909183162974
        },
        {
          "acoustic_entropy": 11.84879207611084,
          "acoustic_entropy_side": 11.902291297912598,
          "hz": 10813.587699516042
        },
        {
          "acoustic_entropy": 11.920639991760254,
          "acoustic_entropy_side": 11.916742324829102,
          "hz": 11833.21735289826
        },
        {
          "acoustic_entropy": 11.853907585144043,
          "acoustic_entropy_side": 11.918102264404297,
          "hz": 12943.144197493959
        },
        {
          "acoustic_entropy": 11.810365676879883,
          "acoustic_entropy_side": 11.92113208770752,
          "hz": 14151.364845322005
        },
        {
          "acoustic_entropy": 11.827298164367676,
          "acoustic_entropy_side": 11.922335624694824,
          "hz": 15466.58407886509
        },
        {
          "acoustic_entropy": 11.914498329162598,
          "acoustic_entropy_side": 11.917474746704102,
          "hz": 16898.27756580493
        },
        {
          "acoustic_entropy": 11.924760818481445,
          "acoustic_entropy_side": 11.911714553833008,
          "hz": 18456.760127700032
        },
        {
          "acoustic_entropy": 11.897069931030273,
          "acoustic_entropy_side": 11.907068252563477,
          "hz": 20153.260054456492
        },
        {
          "acoustic_entropy": 11.89520263671875,
          "acoustic_entropy_side": 11.905811309814453,
          "hz": 22000.00000000001
        }
      ],
      "diff_acoustic_entropy": 8.35302448272705,
      "sn": 12
    },
    {
      "acoustic_entropy": 16.826379776000977,
      "acoustic_entropy_mono": 13.552593231201172,
      "band_eliminated_acoustic_entropies": [
        {
          "acoustic_entropy": 17.403528213500977,
          "acoustic_entropy_side": 16.57250213623047,
          "hz": 129.47220167065723
        },
        {
          "acoustic_entropy": 16.166959762573242,
          "acoustic_entropy_side": 16.62590217590332,
          "hz": 202.92927478742237
        },
        {
          "acoustic_entropy": 16.827346801757812,
          "acoustic_entropy_side": 17.34809684753418,
          "hz": 282.89161906338205
        },
        {
          "acoustic_entropy": 16.59963607788086,
          "acoustic_entropy_side": 16.5482120513916,
          "hz": 369.9353335868758
        },
        {
          "acoustic_entropy": 17.038646697998047,
          "acoustic_entropy_side": 16.978708267211914,
          "hz": 464.6875360973435
        },
        {
          "acoustic_entropy": 16.59714698791504,
          "acoustic_entropy_side": 16.737342834472656,
          "hz": 567.8308811364784
        },
        {
          "acoustic_entropy": 17.29881477355957,
          "acoustic_entropy_side": 17.719755172729492,
          "hz": 680.1084783214808
        },
        {
          "acoustic_entropy": 16.95282745361328,
          "acoustic_entropy_side": 16.84866714477539,
          "hz": 802.3292461747484
        },
        {
          "acoustic_entropy": 16.372337341308594,
          "acoustic_entropy_side": 16.475749969482422,
          "hz": 935.3737400823702
        },
        {
          "acoustic_entropy": 16.93235969543457,
          "acoustic_entropy_side": 17.027917861938477,
          "hz": 1080.2004963696966
        },
        {
          "acoustic_entropy": 17.358890533447266,
          "acoustic_entropy_side": 16.799484252929688,
          "hz": 1237.8529382007157
        },
        {
          "acoustic_entropy": 16.433807373046875,
          "acoustic_entropy_side": 17.008161544799805,
          "hz": 1409.4668930556702
        },
        {
          "acoustic_entropy": 16.24306869506836,
          "acoustic_entropy_side": 17.21060562133789,
          "hz": 1596.2787759475705
        },
        {
          "acoustic_entropy": 17.650287628173828,
          "acoustic_entropy_side": 16.90390396118164,
          "hz": 1799.6344973346393
        },
        {
          "acoustic_entropy": 16.82781219482422,
          "acoustic_entropy_side": 16.71978187561035,
          "hz": 2020.9991599069049
        },
        {
          "acoustic_entropy": 16.881277084350586,
          "acoustic_entropy_side": 16.90799331665039,
          "hz": 2261.9676141086993
        },
        {
          "acoustic_entropy": 16.71531105041504,
          "acoustic_entropy_side": 16.7672061920166,
          "hz": 2524.2759484456974
        },
        {
          "acoustic_entropy": 16.913007736206055,
          "acoustic_entropy_side": 16.731664657592773,
          "hz": 2809.813997359896
        },
        {
