{
  "acoustic_entropy": 210.64012145996094,
  "bands": [
    {
      "high_freq": 148.1999969482422,
      "loudness": -20.552913665771484,
      "loudness_range": 6.171113967895508,
      "mid_mean": -17.16678237915039,
      "mid_to_side_loudness": -13.793426513671875,
      "mid_to_side_loudness_range": 15.520526885986328,
      "side_mean": -31.098054885864258
    },
    {
      "high_freq": 392.3793640136719,
      "loudness": -22.13080596923828,
      "loudness_range": 6.375009536743164,
      "low_freq": 148.1999969482422,
      "mid_mean": -19.812353134155273,
      "mid_to_side_loudness": -4.840536594390869,
      "mid_to_side_loudness_range": 8.172150611877441,
      "side_mean": -24.684720993041992
    },
    {
      "high_freq": 794.6976318359375,
      "loudness": -24.70731544494629,
      "loudness_range": 9.064414978027344,
      "low_freq": 392.3793640136719,
      "mid_mean": -22.349891662597656,
      "mid_to_side_loudness": -4.971852779388428,
      "mid_to_side_loudness_range": 8.12841510772705,
      "side_mean": -27.36976432800293
    },
    {
      "high_freq": 1457.5709228515625,
      "loudness": -26.363359451293945,
      "loudness_range": 9.06715202331543,
      "low_freq": 794.6976318359375,
      "mid_mean": -24.087247848510742,
      "mid_to_side_loudness": -4.480913162231445,
      "mid_to_side_loudness_range": 6.35182523727417,
      "side_mean": -28.609703063964844
    },
    {
      "high_freq": 2549.74365234375,
      "loudness": -21.68907356262207,
      "loudness_range": 6.975381851196289,
      "low_freq": 1457.5709228515625,
      "mid_mean": -19.850093841552734,
      "mid_to_side_loudness": -2.932483196258545,
      "mid_to_side_loudness_range": 4.528658866882324,
      "side_mean": -22.804346084594727
    },
    {
      "high_freq": 4349.24462890625,
      "loudness": -21.03629493713379,
      "loudness_range": 9.255952835083008,
      "low_freq": 2549.74365234375,
      "mid_mean": -19.449678421020508,
      "mid_to_side_loudness": -2.514911413192749,
      "mid_to_side_loudness_range": 7.540094375610352,
      "side_mean": -21.985279083251953
    },
    {
      "high_freq": 7314.1640625,
      "loudness": -27.945341110229492,
      "loudness_range": 9.537721633911133,
      "low_freq": 4349.24462890625,
      "mid_mean": -26.938488006591797,
      "mid_to_side_loudness": -1.1371134519577026,
      "mid_to_side_loudness_range": 8.140843391418457,
      "side_mean": -28.072092056274414
    },
    {
      "high_freq": 12199.2666015625,
      "loudness": -34.837074279785156,
      "loudness_range": 11.046634674072266,
      "low_freq": 7314.1640625,
      "mid_mean": -33.0101318359375,
      "mid_to_side_loudness": -2.877317428588867,
      "mid_to_side_loudness_range": 4.698657512664795,
      "side_mean": -35.90196990966797
    },
    {
      "loudness": -39.895931243896484,
      "loudness_range": 11.94540023803711,
      "low_freq": 12199.2666015625,
      "mid_mean": -38.35936737060547,
      "mid_to_side_loudness": -1.9889060258865356,
      "mid_to_side_loudness_range": 2.824718952178955,
      "side_mean": -40.36825942993164
    }
  ],
  "bands_short": [
    {
      "high_freq": 148.1999969482422,
      "loudness": -24.38619613647461,
      "loudness_range": 12.733039855957031,
      "mid_mean": -21.095008850097656,
      "mid_to_side_loudness": -15.344592094421387,
      "mid_to_side_loudness_range": 22.6563777923584,
      "side_mean": -36.620662689208984
    },
    {
      "high_freq": 392.3793640136719,
      "loudness": -21.04581642150879,
      "loudness_range": 9.771114349365234,
      "low_freq": 148.1999969482422,
      "mid_mean": -18.64687156677246,
      "mid_to_side_loudness": -5.875582218170166,
      "mid_to_side_loudness_range": 11.863435745239258,
      "side_mean": -24.539268493652344
    },
    {
      "high_freq": 794.6976318359375,
      "loudness": -25.60455322265625,
      "loudness_range": 11.048992156982422,
      "low_freq": 392.3793640136719,
      "mid_mean": -23.71495819091797,
      "mid_to_side_loudness": -3.8739962577819824,
      "mid_to_side_loudness_range": 10.979738235473633,
      "side_mean": -27.614604949951172
    },
    {
      "high_freq": 1457.5709228515625,
      "loudness": -26.82414436340332,
      "loudness_range": 11.58677864074707,
      "low_freq": 794.6976318359375,
      "mid_mean": -24.74441909790039,
      "mid_to_side_loudness": -4.33571720123291,
      "mid_to_side_loudness_range": 10.063899040222168,
      "side_mean": -29.116268157958984
    },
    {
      "high_freq": 2549.74365234375,
      "loudness": -22.288984298706055,
      "loudness_range": 9.317989349365234,
      "low_freq": 1457.5709228515625,
      "mid_mean": -20.611177444458008,
      "mid_to_side_loudness": -2.7552175521850586,
      "mid_to_side_loudness_range": 7.398651123046875,
      "side_mean": -23.387849807739258
    },
    {
      "high_freq": 4349.24462890625,
      "loudness": -21.412416458129883,
      "loudness_range": 11.290372848510742,
      "low_freq": 2549.74365234375,
      "mid_mean": -20.02336883544922,
      "mid_to_side_loudness": -2.2141497135162354,
      "mid_to_side_loudness_range": 8.926095962524414,
      "side_mean": -22.264251708984375
    },
    {
      "high_freq": 7314.1640625,
      "loudness": -28.629058837890625,
      "loudness_range": 12.412578582763672,
      "low_freq": 4349.24462890625,
      "mid_mean": -28.07068634033203,
      "mid_to_side_loudness": -0.4443087875843048,
      "mid_to_side_loudness_range": 9.88329792022705,
      "side_mean": -28.496763229370117
    },
    {
      "high_freq": 12199.2666015625,
      "loudness": -36.40748596191406,
      "loudness_range": 16.76971435546875,
      "low_freq": 7314.1640625,
      "mid_mean": -34.782615661621094,
      "mid_to_side_loudness": -2.4503071308135986,
      "mid_to_side_loudness_range": 5.986583232879639,
      "side_mean": -37.261295318603516
    },
    {
      "loudness": -43.25883865356445,
      "loudness_range": 20.91519546508789,
      "low_freq": 12199.2666015625,
      "mid_mean": -41.78253173828125,
      "mid_to_side_loudness": -1.8982162475585938,
      "mid_to_side_loudness_range": 4.016639232635498,
      "side_mean": -43.66780090332031
    }
  ],
  "bandwidth": 713.2293090820312,
  "channels": 2,
  "covariance": [
    [
      5.380456447601318,
      1.877620816230774,
      1.3044472932815552,
      0.04981473088264465,
      0.21548992395401,
      0.22842830419540405,
      0.8169953227043152,
      0.4713682532310486,
      0.9715916514396667,
      0.5387086868286133,
      0.7615216374397278,
      0.52096027135849,
      1.3226319551467896,
      0.8578693866729736,
      2.1237597465515137,
      2.221912384033203,
      1.7670921087265015,
      1.900579810142517
    ],
    [
      1.877620816230774,
      25.21210479736328,
      0.6217601299285889,
      -2.2515885829925537,
      -1.9890748262405396,
      -4.276909828186035,
      0.04153475537896156,
      -0.421619713306427,
      0.6379489898681641,
      -1.0068124532699585,
      1.2452325820922852,
      -0.7289101481437683,
      0.8791576027870178,
      -0.4063373804092407,
      -2.2738699913024902,
      -3.0299742221832275,
      1.9260951280593872,
      0.9905222058296204
    ],
    [
      1.3044472932815552,
      0.6217601299285889,
      5.476717948913574,
      3.4519217014312744,
      4.525362014770508,
      3.5812692642211914,
      3.457144260406494,
      3.6710102558135986,
      2.6352944374084473,
      1.844297170639038,
      3.8476340770721436,
      1.6799148321151733,
      5.5531463623046875,
      2.3141350746154785,
      5.361155986785889,
      4.024444580078125,
      3.888423442840576,
      3.112473726272583
    ],
    [
      0.04981473088264465,
      -2.2515885829925537,
      3.4519217014312744,
      8.837279319763184,
      3.611287832260132,
      4.513651371002197,
      2.408479928970337,
      2.4528303146362305,
      1.8763747215270996,
      0.9848310351371765,
      3.3106160163879395,
      1.215671181678772,
      3.5683414936065674,
      1.2786189317703247,
      5.075927734375,
      4.233828544616699,
      3.516033172607422,
      3.3309779167175293
    ],
    [
      0.21548992395401,
      -1.9890748262405396,
      4.525362014770508,
      3.611287832260132,
      12.67724895477295,
      7.2701849937438965,
      5.935389995574951,
      6.987915515899658,
      5.483072280883789,
      4.978913307189941,
      8.094552040100098,
      4.952887535095215,
      9.851409912109375,
      5.92279577255249,
      10.193363189697266,
      7.452200412750244,
      6.936255931854248,
      5.656137466430664
    ],
    [
      0.22842830419540405,
      -4.276909828186035,
      3.5812692642211914,
      4.513651371002197,
      7.2701849937438965,
      9.810811996459961,
      5.263552665710449,
      6.601712703704834,
      4.586904525756836,
      4.671438217163086,
      7.141029357910156,
      4.3859453201293945,
      8.05052661895752,
      4.934144973754883,
      8.617424011230469,
      7.444839954376221,
      3.8323893547058105,
      3.329132318496704
    ],
    [
      0.8169953227043152,
      0.04153475537896156,
      3.457144260406494,
      2.408479928970337,
      5.935389995574951,
      5.263552665710449,
      10.963641166687012,
      8.469481468200684,
      6.316144943237305,
      4.904998302459717,
      9.309637069702148,
      5.977895259857178,
      8.885432243347168,
      6.035711288452148,
      7.833806991577148,
      6.041250228881836,
      5.054501056671143,
      4.2063703536987305
    ],
    [
      0.4713682532310486,
      -0.421619713306427,
      3.6710102558135986,
      2.4528303146362305,
      6.987915515899658,
      6.601712703704834,
      8.469481468200684,
      11.370983123779297,
      6.084105968475342,
      6.59894323348999,
      8.299703598022461,
      6.15665864944458,
      9.509987831115723,
      7.264644145965576,
      8.263189315795898,
      7.248603343963623,
      4.282812595367432,
      3.49166202545166
    ],
    [
      0.9715916514396667,
      0.6379489898681641,
      2.6352944374084473,
      1.8763747215270996,
      5.483072280883789,
      4.586904525756836,
      6.316144943237305,
      6.084105968475342,
      7.857700824737549,
      5.7429118156433105,
      9.27652359008789,
      5.589698791503906,
      7.9967265129089355,
      5.76044225692749,
      7.353216648101807,
      5.77756404876709,
      4.587869167327881,
      4.044156074523926
    ],
    [
      0.5387086868286133,
      -1.0068124532699585,
      1.844297170639038,
      0.9848310351371765,
      4.978913307189941,
      4.671438217163086,
      4.904998302459717,
      6.59894323348999,
      5.7429118156433105,
      7.17656946182251,
      6.2177934646606445,
      5.739762783050537,
      6.471287250518799,
      6.624438285827637,
      5.631864070892334,
      5.429133415222168,
      1.8367924690246582,
      1.6695290803909302
    ],
    [
      0.7615216374397278,
      1.2452325820922852,
      3.8476340770721436,
      3.3106160163879395,
      8.094552040100098,
      7.141029357910156,
      9.309637069702148,
      8.299703598022461,
      9.27652359008789,
      6.2177934646606445,
      15.62960147857666,
      7.702470302581787,
      12.021075248718262,
      6.7986369132995605,
      11.006586074829102,
      8.104480743408203,
      7.297745227813721,
      6.287794589996338
    ],
    [
      0.52096027135849,
      -0.7289101481437683,
      1.6799148321151733,
      1.215671181678772,
      4.952887535095215,
      4.3859453201293945,
      5.977895259857178,
      6.15665864944458,
      5.589698791503906,
      5.739762783050537,
      7.702470302581787,
      7.587374210357666,
      6.617420196533203,
      7.093053340911865,
      6.135156154632568,
      5.8504838943481445,
      2.6926021575927734,
      2.5735902786254883
    ],
    [
      1.3226319551467896,
      0.8791576027870178,
      5.5531463623046875,
      3.5683414936065674,
      9.851409912109375,
      8.05052661895752,
      8.885432243347168,
      9.509987831115723,
      7.9967265129089355,
      6.471287250518799,
      12.021075248718262,
      6.617420196533203,
      17.45443344116211,
      10.020968437194824,
      15.774885177612305,
      13.000782012939453,
      9.25259017944336,
      7.972177982330322
    ],
    [
      0.8578693866729736,
      -0.4063373804092407,
      2.3141350746154785,
      1.2786189317703247,
      5.92279577255249,
      4.934144973754883,
      6.035711288452148,
      7.264644145965576,
      5.76044225692749,
      6.624438285827637,
      6.7986369132995605,
      7.093053340911865,
      10.020968437194824,
      10.53479290008545,
      9.252610206604004,
      9.532516479492188,
      3.6079373359680176,
      3.601933479309082
    ],
    [
      2.1237597465515137,
      -2.2738699913024902,
      5.361155986785889,
      5.075927734375,
      10.193363189697266,
      8.617424011230469,
      7.833806991577148,
      8.263189315795898,
      7.353216648101807,
      5.631864070892334,
      11.006586074829102,
      6.135156154632568,
      15.774885177612305,
      9.252610206604004,
      20.26122283935547,
      17.814476013183594,
      14.074018478393555,
      13.606416702270508
    ],
    [
      2.221912384033203,
      -3.0299742221832275,
      4.024444580078125,
      4.233828544616699,
      7.452200412750244,
      7.444839954376221,
      6.041250228881836,
      7.248603343963623,
      5.77756404876709,
      5.429133415222168,
      8.104480743408203,
      5.8504838943481445,
      13.000782012939453,
      9.532516479492188,
      17.814476013183594,
      18.13889503479004,
      11.600351333618164,
      12.408929824829102
    ],
    [
      1.7670921087265015,
      1.9260951280593872,
      3.888423442840576,
      3.516033172607422,
      6.936255931854248,
      3.8323893547058105,
      5.054501056671143,
      4.282812595367432,
      4.587869167327881,
      1.8367924690246582,
      7.297745227813721,
      2.6926021575927734,
      9.25259017944336,
      3.6079373359680176,
      14.074018478393555,
      11.600351333618164,
      21.405780792236328,
      20.343854904174805
    ],
    [
      1.900579810142517,
      0.9905222058296204,
      3.112473726272583,
      3.3309779167175293,
      5.656137466430664,
      3.329132318496704,
      4.2063703536987305,
      3.49166202545166,
      4.044156074523926,
      1.6695290803909302,
      6.287794589996338,
      2.5735902786254883,
      7.972177982330322,
      3.601933479309082,
      13.606416702270508,
      12.408929824829102,
      20.343854904174805,
      20.780059814453125
    ]
  ],
  "covariance_short": [
    [
      17.69268226623535,
      6.462233066558838,
      7.486166000366211,
      0.3154945969581604,
      2.9259824752807617,
      0.8247241973876953,
      3.5823659896850586,
      2.6812236309051514,
      3.214946985244751,
      2.1277103424072266,
      3.2160630226135254,
      1.8783260583877563,
      5.172638416290283,
      2.59098482131958,
      7.046544075012207,
      6.396236896514893,
      9.454617500305176,
      9.046525001525879
    ],
    [
      6.462233066558838,
      53.16556167602539,
      -0.8868314027786255,
      -2.387226104736328,
      -5.0007710456848145,
      -9.146294593811035,
      -1.8907241821289062,
      -3.224231243133545,
      -1.0682557821273804,
      -2.875272750854492,
      -1.6919798851013184,
      -1.788467288017273,
      -1.0535247325897217,
      -0.2830193340778351,
      -4.487451553344727,
      -3.724364995956421,
      -1.9425863027572632,
      -2.635343313217163
    ],
    [
      7.486166000366211,
      -0.8868314027786255,
      13.467212677001953,
      3.8745040893554688,
      7.202545166015625,
      4.652836799621582,
      5.467195510864258,
      4.896529674530029,
      4.682628631591797,
      3.0823214054107666,
      5.350808143615723,
      2.194672107696533,
      8.512346267700195,
      2.937603712081909,
      10.078317642211914,
      7.93520975112915,
      11.789603233337402,
      10.984193801879883
    ],
    [
      0.3154945969581604,
      -2.387226104736328,
      3.8745040893554688,
      11.329180717468262,
      3.769597053527832,
      4.65239143371582,
      2.367628812789917,
      2.6206061840057373,
      1.971943736076355,
      0.9889530539512634,
      3.2299211025238037,
      1.1748462915420532,
      3.8156073093414307,
      1.2330420017242432,
      6.016489028930664,
      4.90078592300415,
      6.3111066818237305,
      6.194684028625488
    ],
    [
      2.9259824752807617,
      -5.0007710456848145,
      7.202545166015625,
      3.769597053527832,
      21.479963302612305,
      10.969836235046387,
      9.141545295715332,
      8.946817398071289,
      8.808441162109375,
      7.323543548583984,
      11.915741920471191,
      7.60323429107666,
      14.181351661682129,
      8.59224796295166,
      15.393815994262695,
      11.787646293640137,
      14.774959564208984,
      13.146871566772461
    ],
    [
      0.8247241973876953,
      -9.146294593811035,
      4.652836799621582,
      4.65239143371582,
      10.969836235046387,
      15.882737159729004,
      6.997683525085449,
      8.913180351257324,
      6.2674641609191895,
      6.541481971740723,
      9.16102123260498,
      6.11848258972168,
      11.40756607055664,
      7.058242321014404,
      13.429720878601074,
      11.431920051574707,
      11.2001371383667,
      10.281911849975586
    ],
    [
      3.5823659896850586,
      -1.8907241821289062,
      5.467195510864258,
      2.367628812789917,
      9.141545295715332,
      6.997683525085449,
      19.990720748901367,
      12.223371505737305,
      10.980146408081055,
      8.296845436096191,
      14.396933555603027,
      9.702103614807129,
      14.425161361694336,
      9.977174758911133,
      13.59384536743164,
      10.11572265625,
      11.82618236541748,
      9.962325096130371
    ],
    [
      2.6812236309051514,
      -3.224231243133545,
      4.896529674530029,
      2.6206061840057373,
      8.946817398071289,
      8.913180351257324,
      12.223371505737305,
      17.121299743652344,
      8.640349388122559,
      8.966512680053711,
      11.105318069458008,
      8.334468841552734,
      13.644752502441406,
      9.93018913269043,
      13.909221649169922,
      11.793617248535156,
      12.256624221801758,
      10.793760299682617
    ],
    [
      3.214946985244751,
      -1.0682557821273804,
      4.682628631591797,
      1.971943736076355,
      8.808441162109375,
      6.2674641609191895,
      10.980146408081055,
      8.640349388122559,
      14.708389282226562,
      9.31757926940918,
      14.328725814819336,
      8.910245895385742,
      13.215852737426758,
      9.425901412963867,
      12.403753280639648,
      9.032362937927246,
      10.694353103637695,
      8.924712181091309
    ],
    [
      2.1277103424072266,
      -2.875272750854492,
      3.0823214054107666,
      0.9889530539512634,
      7.323543548583984,
      6.541481971740723,
      8.296845436096191,
      8.966512680053711,
      9.31757926940918,
      11.74492073059082,
      9.335426330566406,
      8.22408390045166,
      10.170255661010742,
      9.613089561462402,
      9.446479797363281,
      8.471104621887207,
      7.6350274085998535,
      6.841226100921631
    ],
    [
      3.2160630226135254,
      -1.6919798851013184,
      5.350808143615723,
      3.2299211025238037,
      11.915741920471191,
      9.16102123260498,
      14.396933555603027,
      11.105318069458008,
      14.328725814819336,
      9.335426330566406,
      23.303133010864258,
      12.170967102050781,
      18.425806045532227,
      10.980215072631836,
      18.00723648071289,
      12.468546867370605,
      14.600129127502441,
      11.78605842590332
    ],
    [
      1.8783260583877563,
      -1.788467288017273,
      2.194672107696533,
      1.1748462915420532,
      7.60323429107666,
      6.11848258972168,
      9.702103614807129,
      8.334468841552734,
      8.910245895385742,
      8.22408390045166,
      12.170967102050781,
      12.452802658081055,
      10.778468132019043,
      10.89033031463623,
      9.65413761138916,
      8.667240142822266,
      7.654921531677246,
      6.776858329772949
    ],
    [
      5.172638416290283,
      -1.0535247325897217,
      8.512346267700195,
      3.8156073093414307,
      14.181351661682129,
      11.40756607055664,
      14.425161361694336,
      13.644752502441406,
      13.215852737426758,
      10.170255661010742,
      18.425806045532227,
      10.778468132019043,
      27.834104537963867,
      15.760189056396484,
      28.13426399230957,
      23.00051498413086,
      25.39008903503418,
      22.49217987060547
    ],
    [
      2.59098482131958,
      -0.2830193340778351,
      2.937603712081909,
      1.2330420017242432,
      8.59224796295166,
      7.058242321014404,
      9.977174758911133,
      9.93018913269043,
      9.425901412963867,
      9.613089561462402,
      10.980215072631836,
      10.89033031463623,
      15.760189056396484,
      16.550113677978516,
      15.223658561706543,
      14.995030403137207,
      12.810644149780273,
      12.008540153503418
    ],
    [
      7.046544075012207,
      -4.487451553344727,
      10.078317642211914,
      6.016489028930664,
      15.393815994262695,
      13.429720878601074,
      13.59384536743164,
      13.909221649169922,
      12.403753280639648,
      9.446479797363281,
      18.00723648071289,
      9.65413761138916,
      28.13426399230957,
      15.223658561706543,
      40.328285217285156,
      33.632511138916016,
      38.88414764404297,
      36.045528411865234
    ],
    [
      6.396236896514893,
      -3.724364995956421,
      7.93520975112915,
      4.90078592300415,
      11.787646293640137,
      11.431920051574707,
      10.11572265625,
      11.793617248535156,
      9.032362937927246,
      8.471104621887207,
      12.468546867370605,
      8.667240142822266,
      23.00051498413086,
      14.995030403137207,
      33.632511138916016,
      32.45993423461914,
      33.68586730957031,
      33.28374481201172
    ],
    [
      9.454617500305176,
      -1.9425863027572632,
      11.789603233337402,
      6.3111066818237305,
      14.774959564208984,
      11.2001371383667,
      11.82618236541748,
      12.256624221801758,
      10.694353103637695,
      7.6350274085998535,
      14.600129127502441,
      7.654921531677246,
      25.39008903503418,
      12.810644149780273,
      38.88414764404297,
      33.68586730957031,
      52.81846237182617,
      50.02804183959961
    ],
    [
      9.046525001525879,
      -2.635343313217163,
      10.984193801879883,
      6.194684028625488,
      13.146871566772461,
      10.281911849975586,
      9.962325096130371,
      10.793760299682617,
      8.924712181091309,
      6.841226100921631,
      11.78605842590332,
      6.776858329772949,
      22.49217987060547,
      12.008540153503418,
      36.045528411865234,
      33.28374481201172,
      50.02804183959961,
      50.09727096557617
    ]
  ],
  "damage": -6.783039093017578,
  "diff_bandwidth": 739.33349609375,
  "dissonance": 10.170158002054725,
  "drr": 3.1735646724700928,
  "dynamics": 2.022658586502075,
  "format": 1245190,
  "frames": 12226560,
  "loudness": -10.755448341369629,
  "loudness_range": 4.51823616027832,
  "loudness_range_short": 7.722601890563965,
  "lowpass_true_peak_15khz": 0.5207237601280212,
  "mastering3_acoustic_entropies": [
    {
      "acoustic_entropy": 4.816999912261963,
      "acoustic_entropy_mono": 4.261194229125977,
      "band_eliminated_acoustic_entropies": [
        {
          "acoustic_entropy": 4.699138641357422,
          "acoustic_entropy_side": 4.816365718841553,
          "hz": 129.47220167065723
        },
        {
          "acoustic_entropy": 4.180222511291504,
          "acoustic_entropy_side": 4.806817531585693,
          "hz": 202.92927478742237
        },
        {
          "acoustic_entropy": 4.2298126220703125,
          "acoustic_entropy_side": 4.860172748565674,
          "hz": 282.89161906338205
        },
        {
          "acoustic_entropy": 5.013341426849365,
          "acoustic_entropy_side": 4.883833885192871,
          "hz": 369.9353335868758
        },
        {
          "acoustic_entropy": 5.058765888214111,
          "acoustic_entropy_side": 4.8981733322143555,
          "hz": 464.6875360973435
        },
        {
          "acoustic_entropy": 4.851806640625,
          "acoustic_entropy_side": 4.879479885101318,
          "hz": 567.8308811364784
        },
        {
          "acoustic_entropy": 4.011354446411133,
          "acoustic_entropy_side": 4.877225875854492,
          "hz": 680.1084783214808
        },
        {
          "acoustic_entropy": 4.639834403991699,
          "acoustic_entropy_side": 4.845483303070068,
          "hz": 802.3292461747484
        },
        {
          "acoustic_entropy": 4.66790246963501,
          "acoustic_entropy_side": 4.872220993041992,
          "hz": 935.3737400823702
        },
        {
          "acoustic_entropy": 4.757336616516113,
          "acoustic_entropy_side": 4.647388935089111,
          "hz": 1080.2004963696966
        },
        {
          "acoustic_entropy": 4.513866901397705,
          "acoustic_entropy_side": 4.622182846069336,
          "hz": 1237.8529382007157
        },
        {
          "acoustic_entropy": 5.071578025817871,
          "acoustic_entropy_side": 4.9893269538879395,
          "hz": 1409.4668930556702
        },
        {
          "acoustic_entropy": 5.127715110778809,
          "acoustic_entropy_side": 4.880642414093018,
          "hz": 1596.2787759475705
        },
        {
          "acoustic_entropy": 4.720050811767578,
          "acoustic_entropy_side": 4.7259602546691895,
          "hz": 1799.6344973346393
        },
        {
          "acoustic_entropy": 4.671444892883301,
          "acoustic_entropy_side": 4.791465759277344,
          "hz": 2020.9991599069049
        },
        {
          "acoustic_entropy": 4.966275215148926,
          "acoustic_entropy_side": 4.925821304321289,
          "hz": 2261.9676141086993
        },
        {
          "acoustic_entropy": 4.574017524719238,
          "acoustic_entropy_side": 4.76474666595459,
          "hz": 2524.2759484456974
        },
        {
          "acoustic_entropy": 4.633339881896973,
          "acoustic_entropy_side": 4.510897159576416,
          "hz": 2809.813997359896
        },
        {
          "acoustic_entropy": 4.657465934753418,
          "acoustic_entropy_side": 4.687824249267578,
          "hz": 3120.6389567871424
        },
        {
          "acoustic_entropy": 4.842229843139648,
          "acoustic_entropy_side": 4.877074241638184,
          "hz": 3458.990205492291
        },
        {
          "acoustic_entropy": 4.967976093292236,
          "acoustic_entropy_side": 4.96353816986084,
          "hz": 3827.305438964164
        },
        {
          "acoustic_entropy": 4.582350730895996,
          "acoustic_entropy_side": 4.882925510406494,
          "hz": 4228.238232109126
        },
        {
          "acoustic_entropy": 4.637118816375732,
          "acoustic_entropy_side": 4.827278137207031,
          "hz": 4664.6771572759235
        },
        {
          "acoustic_entropy": 4.842628002166748,
          "acoustic_entropy_side": 4.831754684448242,
          "hz": 5139.766595350093
        },
        {
          "acoustic_entropy": 4.829643726348877,
          "acoustic_entropy_side": 4.802606105804443,
          "hz": 5656.929389854203
        },
        {
          "acoustic_entropy": 4.852869987487793,
          "acoustic_entropy_side": 4.818056106567383,
          "hz": 6219.891507268283
        },
        {
          "acoustic_entropy": 4.796640396118164,
          "acoustic_entropy_side": 4.7977824211120605,
          "hz": 6832.70888123896
        },
        {
          "acoustic_entropy": 4.730772972106934,
          "acoustic_entropy_side": 4.789125442504883,
          "hz": 7499.796634079867
        },
        {
          "acoustic_entropy": 4.749361515045166,
          "acoustic_entropy_side": 4.788210868835449,
          "hz": 8225.96088609342
        },
        {
          "acoustic_entropy": 4.763137340545654,
          "acoustic_entropy_side": 4.793609619140625,
          "hz": 9016.43338188839
        },
        {
          "acoustic_entropy": 4.783036708831787,
          "acoustic_entropy_side": 4.801405429840088,
          "hz": 9876.909183162974
        },
        {
          "acoustic_entropy": 4.80728816986084,
          "acoustic_entropy_side": 4.80844783782959,
          "hz": 10813.587699516042
        },
        {
          "acoustic_entropy": 4.847271919250488,
          "acoustic_entropy_side": 4.821633815765381,
          "hz": 11833.21735289826
        },
        {
          "acoustic_entropy": 4.882742404937744,
          "acoustic_entropy_side": 4.828557014465332,
          "hz": 12943.144197493959
        },
        {
          "acoustic_entropy": 4.891394138336182,
          "acoustic_entropy_side": 4.836341381072998,
          "hz": 14151.364845322005
        },
        {
          "acoustic_entropy": 4.896352291107178,
          "acoustic_entropy_side": 4.8406476974487305,
          "hz": 15466.58407886509
        },
        {
          "acoustic_entropy": 4.883443832397461,
          "acoustic_entropy_side": 4.835904121398926,
          "hz": 16898.27756580493
        },
        {
          "acoustic_entropy": 4.85590124130249,
          "acoustic_entropy_side": 4.829710960388184,
          "hz": 18456.760127700032
        },
        {
          "acoustic_entropy": 4.84153413772583,
          "acoustic_entropy_side": 4.825738906860352,
          "hz": 20153.260054456492
        },
        {
          "acoustic_entropy": 4.820303440093994,
          "acoustic_entropy_side": 4.818176746368408,
          "hz": 22000.00000000001
        }
      ],
      "diff_acoustic_entropy": 5.049161434173584,
      "sn": 6
    },
    {
      "acoustic_entropy": 8.45307445526123,
      "acoustic_entropy_mono": 7.6648993492126465,
      "band_eliminated_acoustic_entropies": [
        {
          "acoustic_entropy": 8.012575149536133,
          "acoustic_entropy_side": 8.450010299682617,
          "hz": 129.47220167065723
        },
        {
          "acoustic_entropy": 7.757628917694092,
          "acoustic_entropy_side": 8.528005599975586,
          "hz": 202.92927478742237
        },
        {
          "acoustic_entropy": 9.197111129760742,
          "acoustic_entropy_side": 9.179505348205566,
          "hz": 282.89161906338205
        },
        {
          "acoustic_entropy": 8.29071044921875,
          "acoustic_entropy_side": 8.409597396850586,
          "hz": 369.9353335868758
        },
        {
          "acoustic_entropy": 8.133502960205078,
          "acoustic_entropy_side": 8.245423316955566,
          "hz": 464.6875360973435
        },
        {
          "acoustic_entropy": 8.338793754577637,
          "acoustic_entropy_side": 8.268564224243164,
          "hz": 567.8308811364784
        },
        {
          "acoustic_entropy": 7.51514196395874,
          "acoustic_entropy_side": 8.462894439697266,
          "hz": 680.1084783214808
        },
        {
          "acoustic_entropy": 7.818625450134277,
          "acoustic_entropy_side": 8.472519874572754,
          "hz": 802.3292461747484
        },
        {
          "acoustic_entropy": 7.859609603881836,
          "acoustic_entropy_side": 8.445694923400879,
          "hz": 935.3737400823702
        },
        {
          "acoustic_entropy": 8.672119140625,
          "acoustic_entropy_side": 8.423187255859375,
          "hz": 1080.2004963696966
        },
        {
          "acoustic_entropy": 8.617671966552734,
          "acoustic_entropy_side": 8.593876838684082,
          "hz": 1237.8529382007157
        },
        {
          "acoustic_entropy": 8.161019325256348,
          "acoustic_entropy_side": 8.660043716430664,
          "hz": 1409.4668930556702
        },
        {
          "acoustic_entropy": 8.714432716369629,
          "acoustic_entropy_side": 8.922593116760254,
          "hz": 1596.2787759475705
        },
        {
          "acoustic_entropy": 8.487981796264648,
          "acoustic_entropy_side": 8.664740562438965,
          "hz": 1799.6344973346393
        },
        {
          "acoustic_entropy": 8.316458702087402,
          "acoustic_entropy_side": 8.540447235107422,
          "hz": 2020.9991599069049
        },
        {
          "acoustic_entropy": 8.218570709228516,
          "acoustic_entropy_side": 8.236358642578125,
          "hz": 2261.9676141086993
        },
        {
          "acoustic_entropy": 8.090839385986328,
          "acoustic_entropy_side": 8.532958030700684,
          "hz": 2524.2759484456974
        },
        {
          "acoustic_entropy": 7.96403694152832,
          "acoustic_entropy_side": 8.313655853271484,
          "hz": 2809.813997359896
        },
        {
          "acoustic_entropy": 8.442495346069336,
          "acoustic_entropy_side": 8.42979907989502,
          "hz": 3120.6389567871424
        },
        {
          "acoustic_entropy": 8.775208473205566,
          "acoustic_entropy_side": 8.55627727508545,
          "hz": 3458.990205492291
        },
        {
          "acoustic_entropy": 8.345483779907227,
          "acoustic_entropy_side": 8.471943855285645,
          "hz": 3827.305438964164
        },
        {
          "acoustic_entropy": 8.560572624206543,
          "acoustic_entropy_side": 8.542245864868164,
          "hz": 4228.238232109126
        },
        {
          "acoustic_entropy": 8.5396728515625,
          "acoustic_entropy_side": 8.525693893432617,
          "hz": 4664.6771572759235
        },
        {
          "acoustic_entropy": 8.515860557556152,
          "acoustic_entropy_side": 8.413286209106445,
          "hz": 5139.766595350093
        },
        {
          "acoustic_entropy": 8.473154067993164,
          "acoustic_entropy_side": 8.441886901855469,
          "hz": 5656.929389854203
        },
        {
          "acoustic_entropy": 8.522780418395996,
          "acoustic_entropy_side": 8.498957633972168,
          "hz": 6219.891507268283
        },
        {
          "acoustic_entropy": 8.37763500213623,
          "acoustic_entropy_side": 8.50589370727539,
          "hz": 6832.70888123896
        },
        {
          "acoustic_entropy": 8.345802307128906,
          "acoustic_entropy_side": 8.483748435974121,
          "hz": 7499.796634079867
        },
        {
          "acoustic_entropy": 8.426179885864258,
          "acoustic_entropy_side": 8.487593650817871,
          "hz": 8225.96088609342
        },
        {
          "acoustic_entropy": 8.539361953735352,
          "acoustic_entropy_side": 8.520735740661621,
          "hz": 9016.43338188839
        },
        {
          "acoustic_entropy": 8.654271125793457,
          "acoustic_entropy_side": 8.556695938110352,
          "hz": 9876.909183162974
        },
        {
          "acoustic_entropy": 8.598488807678223,
          "acoustic_entropy_side": 8.534154891967773,
          "hz": 10813.587699516042
        },
        {
          "acoustic_entropy": 8.492548942565918,
          "acoustic_entropy_side": 8.466243743896484,
          "hz": 11833.21735289826
        },
        {
          "acoustic_entropy": 8.41446590423584,
          "acoustic_entropy_side": 8.416512489318848,
          "hz": 12943.144197493959
        },
        {
          "acoustic_entropy": 8.48362922668457,
          "acoustic_entropy_side": 8.423893928527832,
          "hz": 14151.364845322005
        },
        {
          "acoustic_entropy": 8.5368070602417,
          "acoustic_entropy_side": 8.440281867980957,
          "hz": 15466.58407886509
        },
        {
          "acoustic_entropy": 8.605246543884277,
          "acoustic_entropy_side": 8.468887329101562,
          "hz": 16898.27756580493
        },
        {
          "acoustic_entropy": 8.599194526672363,
          "acoustic_entropy_side": 8.492130279541016,
          "hz": 18456.760127700032
        },
        {
          "acoustic_entropy": 8.592245101928711,
          "acoustic_entropy_side": 8.500764846801758,
          "hz": 20153.260054456492
        },
        {
          "acoustic_entropy": 8.471795082092285,
          "acoustic_entropy_side": 8.459627151489258,
          "hz": 22000.00000000001
        }
      ],
      "diff_acoustic_entropy": 8.039932250976562,
      "sn": 12
    },
    {
      "acoustic_entropy": 13.369623184204102,
      "acoustic_entropy_mono": 11.813294410705566,
      "band_eliminated_acoustic_entropies": [
        {
          "acoustic_entropy": 13.324763298034668,
          "acoustic_entropy_side": 13.190735816955566,
          "hz": 129.47220167065723
        },
        {
          "acoustic_entropy": 12.763409614562988,
          "acoustic_entropy_side": 13.324889183044434,
          "hz": 202.92927478742237
        },
        {
          "acoustic_entropy": 13.988954544067383,
          "acoustic_entropy_side": 13.731571197509766,
          "hz": 282.89161906338205
        },
        {
          "acoustic_entropy": 13.020930290222168,
          "acoustic_entropy_side": 13.50003719329834,
          "hz": 369.9353335868758
        },
        {
          "acoustic_entropy": 13.031673431396484,
          "acoustic_entropy_side": 13.183905601501465,
          "hz": 464.6875360973435
        },
        {
          "acoustic_entropy": 13.756133079528809,
          "acoustic_entropy_side": 13.609192848205566,
          "hz": 567.8308811364784
        },
        {
          "acoustic_entropy": 11.981133460998535,
          "acoustic_entropy_side": 12.667938232421875,
          "hz": 680.1084783214808
        },
        {
          "acoustic_entropy": 13.800470352172852,
          "acoustic_entropy_side": 13.554936408996582,
          "hz": 802.3292461747484
        },
        {
          "acoustic_entropy": 12.72407341003418,
          "acoustic_entropy_side": 13.046350479125977,
          "hz": 935.3737400823702
        },
        {
          "acoustic_entropy": 13.657380104064941,
          "acoustic_entropy_side": 13.562836647033691,
          "hz": 1080.2004963696966
        },
        {
          "acoustic_entropy": 13.01500415802002,
          "acoustic_entropy_side": 13.593314170837402,
          "hz": 1237.8529382007157
        },
        {
          "acoustic_entropy": 12.965599060058594,
          "acoustic_entropy_side": 13.13284969329834,
          "hz": 1409.4668930556702
        },
        {
          "acoustic_entropy": 13.196812629699707,
          "acoustic_entropy_side": 13.09270191192627,
          "hz": 1596.2787759475705
        },
        {
          "acoustic_entropy": 13.627771377563477,
          "acoustic_entropy_side": 13.753913879394531,
          "hz": 1799.6344973346393
        },
        {
          "acoustic_entropy": 12.761387825012207,
          "acoustic_entropy_side": 13.32983684539795,
          "hz": 2020.9991599069049
        },
        {
          "acoustic_entropy": 12.82907485961914,
          "acoustic_entropy_side": 13.142749786376953,
          "hz": 2261.9676141086993
        },
        {
          "acoustic_entropy": 13.214587211608887,
          "acoustic_entropy_side": 13.651668548583984,
          "hz": 2524.2759484456974
        },
        {
          "acoustic_entropy": 12.499116897583008,
          "acoustic_entropy_side": 12.991801261901855,
          "hz": 2809.813997359896
        },
        {
          "acoustic_entropy": 13.07141399383545,
          "acoustic_entropy_side": 13.239641189575195,
          "hz": 3120.6389567871424
        },
        {
