{
  "acoustic_entropy": 139.80865478515625,
  "bands": [
    {
      "high_freq": 148.1999969482422,
      "loudness": -32.06613540649414,
      "loudness_range": 27.499727249145508,
      "mid_mean": -28.863697052001953,
      "mid_to_side_loudness": -24.89478874206543,
      "mid_to_side_loudness_range": 21.666370391845703,
      "side_mean": -55.701969146728516
    },
    {
      "high_freq": 392.3793640136719,
      "loudness": -32.72412109375,
      "loudness_range": 16.874975204467773,
      "low_freq": 148.1999969482422,
      "mid_mean": -29.29619026184082,
      "mid_to_side_loudness": -20.735010147094727,
      "mid_to_side_loudness_range": 15.285859107971191,
      "side_mean": -53.247108459472656
    },
    {
      "high_freq": 794.6976318359375,
      "loudness": -32.35133743286133,
      "loudness_range": 20.156322479248047,
      "low_freq": 392.3793640136719,
      "mid_mean": -28.82595443725586,
      "mid_to_side_loudness": -20.32489585876465,
      "mid_to_side_loudness_range": 11.737152099609375,
      "side_mean": -52.57871627807617
    },
    {
      "high_freq": 1457.5709228515625,
      "loudness": -34.14800262451172,
      "loudness_range": 20.568740844726562,
      "low_freq": 794.6976318359375,
      "mid_mean": -30.590373992919922,
      "mid_to_side_loudness": -20.850318908691406,
      "mid_to_side_loudness_range": 10.964681625366211,
      "side_mean": -54.5516242980957
    },
    {
      "high_freq": 2549.74365234375,
      "loudness": -33.12431716918945,
      "loudness_range": 18.833742141723633,
      "low_freq": 1457.5709228515625,
      "mid_mean": -29.623096466064453,
      "mid_to_side_loudness": -20.29974365234375,
      "mid_to_side_loudness_range": 8.602094650268555,
      "side_mean": -52.371429443359375
    },
    {
      "high_freq": 4349.24462890625,
      "loudness": -42.796478271484375,
      "loudness_range": 22.44569206237793,
      "low_freq": 2549.74365234375,
      "mid_mean": -39.355438232421875,
      "mid_to_side_loudness": -21.77267837524414,
      "mid_to_side_loudness_range": 9.128351211547852,
      "side_mean": -61.124839782714844
    },
    {
      "high_freq": 7314.1640625,
      "loudness": -52.33704376220703,
      "loudness_range": 25.694480895996094,
      "low_freq": 4349.24462890625,
      "mid_mean": -51.166316986083984,
      "mid_to_side_loudness": -26.064037322998047,
      "mid_to_side_loudness_range": 12.919822692871094,
      "side_mean": -67.73462677001953
    },
    {
      "high_freq": 12199.2666015625,
      "loudness": -61.50410842895508,
      "loudness_range": 23.798473358154297,
      "low_freq": 7314.1640625,
      "mid_mean": -58.15873336791992,
      "mid_to_side_loudness": -30.61318588256836,
      "mid_to_side_loudness_range": 24.36013412475586,
      "side_mean": -69.82331085205078
    },
    {
      "loudness": 0,
      "loudness_range": 0,
      "low_freq": 12199.2666015625,
      "mid_mean": -69.31106567382812,
      "mid_to_side_loudness": -7.554147243499756,
      "mid_to_side_loudness_range": 6.93159294128418,
      "side_mean": -69.89241027832031
    }
  ],
  "bands_short": [
    {
      "high_freq": 148.1999969482422,
      "loudness": -37.986385345458984,
      "loudness_range": 35.93016815185547,
      "mid_mean": -35.393009185791016,
      "mid_to_side_loudness": -23.93866729736328,
      "mid_to_side_loudness_range": 25.70660400390625,
      "side_mean": -58.78573226928711
    },
    {
      "high_freq": 392.3793640136719,
      "loudness": -31.603397369384766,
      "loudness_range": 19.961076736450195,
      "low_freq": 148.1999969482422,
      "mid_mean": -28.18562126159668,
      "mid_to_side_loudness": -21.432279586791992,
      "mid_to_side_loudness_range": 18.207942962646484,
      "side_mean": -52.89347839355469
    },
    {
      "high_freq": 794.6976318359375,
      "loudness": -33.00700759887695,
      "loudness_range": 21.117103576660156,
      "low_freq": 392.3793640136719,
      "mid_mean": -29.53693962097168,
      "mid_to_side_loudness": -19.832656860351562,
      "mid_to_side_loudness_range": 15.378583908081055,
      "side_mean": -52.79592514038086
    },
    {
      "high_freq": 1457.5709228515625,
      "loudness": -34.13258743286133,
      "loudness_range": 20.804344177246094,
      "low_freq": 794.6976318359375,
      "mid_mean": -30.62742042541504,
      "mid_to_side_loudness": -20.791839599609375,
      "mid_to_side_loudness_range": 13.883745193481445,
      "side_mean": -54.544578552246094
    },
    {
      "high_freq": 2549.74365234375,
      "loudness": -33.51813888549805,
      "loudness_range": 20.008434295654297,
      "low_freq": 1457.5709228515625,
      "mid_mean": -30.112337112426758,
      "mid_to_side_loudness": -20.146772384643555,
      "mid_to_side_loudness_range": 12.160846710205078,
      "side_mean": -52.6895751953125
    },
    {
      "high_freq": 4349.24462890625,
      "loudness": -43.065277099609375,
      "loudness_range": 23.43271255493164,
      "low_freq": 2549.74365234375,
      "mid_mean": -39.67624282836914,
      "mid_to_side_loudness": -21.54647445678711,
      "mid_to_side_loudness_range": 11.72462272644043,
      "side_mean": -61.1586799621582
    },
    {
      "high_freq": 7314.1640625,
      "loudness": -52.11049270629883,
      "loudness_range": 25.95760726928711,
      "low_freq": 4349.24462890625,
      "mid_mean": -51.044551849365234,
      "mid_to_side_loudness": -25.47718620300293,
      "mid_to_side_loudness_range": 13.704023361206055,
      "side_mean": -67.50928497314453
    },
    {
      "high_freq": 12199.2666015625,
      "loudness": -61.666805267333984,
      "loudness_range": 24.35195541381836,
      "low_freq": 7314.1640625,
      "mid_mean": -58.31247329711914,
      "mid_to_side_loudness": -30.041305541992188,
      "mid_to_side_loudness_range": 24.470369338989258,
      "side_mean": -69.82402038574219
    },
    {
      "loudness": -80.99545288085938,
      "loudness_range": 7.358345031738281,
      "low_freq": 12199.2666015625,
      "mid_mean": -69.3009262084961,
      "mid_to_side_loudness": -7.601905822753906,
      "mid_to_side_loudness_range": 7.538557052612305,
      "side_mean": -69.89213562011719
    }
  ],
  "bandwidth": 449.1348571777344,
  "channels": 2,
  "covariance": [
    [
      98.41365051269531,
      51.47835159301758,
      35.471168518066406,
      24.230426788330078,
      21.631864547729492,
      24.974225997924805,
      19.36216926574707,
      18.18027687072754,
      16.784069061279297,
      14.88935661315918,
      18.189340591430664,
      13.893190383911133,
      17.17854881286621,
      4.59768533706665,
      15.532111167907715,
      0.4216926097869873,
      1.1450388431549072,
      -0.025028081610798836
    ],
    [
      51.47835159301758,
      86.3360824584961,
      26.778728485107422,
      59.406837463378906,
      14.735332489013672,
      57.60281753540039,
      19.737600326538086,
      53.49860763549805,
      16.060380935668945,
      43.40031433105469,
      19.97999382019043,
      30.950101852416992,
      44.98465347290039,
      8.57282543182373,
      34.242469787597656,
      0.8722674250602722,
      1.9289079904556274,
      0.10017795860767365
    ],
    [
      35.471168518066406,
      26.778728485107422,
      41.25145721435547,
      26.32033348083496,
      18.37826919555664,
      17.331226348876953,
      22.94862937927246,
      17.264453887939453,
      16.10566520690918,
      15.475103378295898,
      16.93712615966797,
      11.964008331298828,
      18.396841049194336,
      3.1384267807006836,
      15.158872604370117,
      0.30950865149497986,
      0.730934739112854,
      -0.007054027635604143
    ],
    [
      24.230426788330078,
      59.406837463378906,
      26.32033348083496,
      77.88606262207031,
      15.904837608337402,
      65.55554962158203,
      19.122543334960938,
      61.35118103027344,
      14.311379432678223,
      47.465084075927734,
      19.870269775390625,
      32.354610443115234,
      47.02640914916992,
      6.126163005828857,
      33.52878189086914,
      0.6887694597244263,
      1.550298810005188,
      0.13560743629932404
    ],
    [
      21.631864547729492,
      14.735332489013672,
      18.37826919555664,
      15.904837608337402,
      54.352447509765625,
      40.59476089477539,
      44.13667678833008,
      34.5380973815918,
      39.70792770385742,
      36.30850601196289,
      48.908966064453125,
      35.203617095947266,
      47.57060241699219,
      11.20258617401123,
      36.620601654052734,
      0.8582959771156311,
      1.9319179058074951,
      -0.00878265779465437
    ],
    [
      24.974225997924805,
      57.60281753540039,
      17.331226348876953,
      65.55554962158203,
      40.59476089477539,
      90.00344848632812,
      35.707359313964844,
      74.94548797607422,
      31.392927169799805,
      63.47456359863281,
      43.6782112121582,
      49.8166618347168,
      67.8765640258789,
      11.792679786682129,
      49.88640213012695,
      0.9419497847557068,
      2.5775344371795654,
      0.13659724593162537
    ],
    [
      19.36216926574707,
      19.737600326538086,
      22.94862937927246,
      19.122543334960938,
      44.13667678833008,
      35.707359313964844,
      55.338260650634766,
      42.40304183959961,
      45.383758544921875,
      41.440738677978516,
      53.22368621826172,
      38.89385986328125,
      55.66889190673828,
      13.715617179870605,
      43.998226165771484,
      1.169230341911316,
      2.5568740367889404,
      -0.008768100291490555
    ],
    [
      18.18027687072754,
      53.49860763549805,
      17.264453887939453,
      61.35118103027344,
      34.5380973815918,
      74.94548797607422,
      42.40304183959961,
      77.4247817993164,
      35.77008819580078,
      63.48054122924805,
      46.36332321166992,
      50.14640808105469,
      70.76422119140625,
      14.084819793701172,
      52.88804244995117,
      1.3135195970535278,
      2.9340755939483643,
      0.11987888813018799
    ],
    [
      16.784069061279297,
      16.060380935668945,
      16.10566520690918,
      14.311379432678223,
      39.70792770385742,
      31.392927169799805,
      45.383758544921875,
      35.77008819580078,
      49.768821716308594,
      42.1685905456543,
      52.559539794921875,
      37.61521911621094,
      57.56318664550781,
      14.898058891296387,
      45.14132308959961,
      1.2274720668792725,
      2.6136474609375,
      -0.01166241429746151
    ],
    [
      14.88935661315918,
      43.40031433105469,
      15.475103378295898,
      47.465084075927734,
      36.30850601196289,
      63.47456359863281,
      41.440738677978516,
      63.48054122924805,
      42.1685905456543,
      74.07363891601562,
      46.789859771728516,
      50.68754577636719,
      84.96448516845703,
      17.34817123413086,
      60.208343505859375,
      1.3752856254577637,
      3.2561910152435303,
      0.1414613574743271
    ],
    [
      18.189340591430664,
      19.97999382019043,
      16.93712615966797,
      19.870269775390625,
      48.908966064453125,
      43.6782112121582,
      53.22368621826172,
      46.36332321166992,
      52.559539794921875,
      46.789859771728516,
      66.35394287109375,
      46.50988006591797,
      65.56307220458984,
      17.044557571411133,
      52.47172164916992,
      1.384197473526001,
      3.0306663513183594,
      -0.013135313056409359
    ],
    [
      13.893190383911133,
      30.950101852416992,
      11.964008331298828,
      32.354610443115234,
      35.203617095947266,
      49.8166618347168,
      38.89385986328125,
      50.14640808105469,
      37.61521911621094,
      50.68754577636719,
      46.50988006591797,
      43.3954963684082,
      61.8538932800293,
      15.073113441467285,
      46.48915100097656,
      1.2353147268295288,
      2.6647825241088867,
      0.06597810238599777
    ],
    [
      17.17854881286621,
      44.98465347290039,
      18.396841049194336,
      47.02640914916992,
      47.57060241699219,
      67.8765640258789,
      55.66889190673828,
      70.76422119140625,
      57.56318664550781,
      84.96448516845703,
      65.56307220458984,
      61.8538932800293,
      111.20757293701172,
      24.274381637573242,
      79.95391845703125,
      1.8568745851516724,
      4.625907897949219,
      0.14594517648220062
    ],
    [
      4.59768533706665,
      8.57282543182373,
      3.1384267807006836,
      6.126163005828857,
      11.20258617401123,
      11.792679786682129,
      13.715617179870605,
      14.084819793701172,
      14.898058891296387,
      17.34817123413086,
      17.044557571411133,
      15.073113441467285,
      24.274381637573242,
      8.510425567626953,
      18.72919464111328,
      0.7288058400154114,
      1.3511202335357666,
      0.013154172338545322
    ],
    [
      15.532111167907715,
      34.242469787597656,
      15.158872604370117,
      33.52878189086914,
      36.620601654052734,
      49.88640213012695,
      43.998226165771484,
      52.88804244995117,
      45.14132308959961,
      60.208343505859375,
      52.47172164916992,
      46.48915100097656,
      79.95391845703125,
      18.72919464111328,
      61.82475280761719,
      1.6663991212844849,
      3.7322616577148438,
      0.08438152819871902
    ],
    [
      0.4216926097869873,
      0.8722674250602722,
      0.30950865149497986,
      0.6887694597244263,
      0.8582959771156311,
      0.9419497847557068,
      1.169230341911316,
      1.3135195970535278,
      1.2274720668792725,
      1.3752856254577637,
      1.384197473526001,
      1.2353147268295288,
      1.8568745851516724,
      0.7288058400154114,
      1.6663991212844849,
      0.1660163253545761,
      0.12889046967029572,
      0.001214240095578134
    ],
    [
      1.1450388431549072,
      1.9289079904556274,
      0.730934739112854,
      1.550298810005188,
      1.9319179058074951,
      2.5775344371795654,
      2.5568740367889404,
      2.9340755939483643,
      2.6136474609375,
      3.2561910152435303,
      3.0306663513183594,
      2.6647825241088867,
      4.625907897949219,
      1.3511202335357666,
      3.7322616577148438,
      0.12889046967029572,
      0.341578871011734,
      0.004081716760993004
    ],
    [
      -0.025028081610798836,
      0.10017795860767365,
      -0.007054027635604143,
      0.13560743629932404,
      -0.00878265779465437,
      0.13659724593162537,
      -0.008768100291490555,
      0.11987888813018799,
      -0.01166241429746151,
      0.1414613574743271,
      -0.013135313056409359,
      0.06597810238599777,
      0.14594517648220062,
      0.013154172338545322,
      0.08438152819871902,
      0.001214240095578134,
      0.004081716760993004,
      0.0009693311876617372
    ]
  ],
  "covariance_short": [
    [
      150.4485626220703,
      75.29767608642578,
      44.39828872680664,
      49.48355484008789,
      11.292810440063477,
      36.76874542236328,
      14.364386558532715,
      32.42250061035156,
      6.88431453704834,
      13.72846794128418,
      14.829996109008789,
      17.263124465942383,
      8.23721981048584,
      0.8397461175918579,
      12.733617782592773,
      0.5352988243103027,
      1.0714083909988403,
      -0.02581964060664177
    ],
    [
      75.29767608642578,
      85.06961822509766,
      22.584352493286133,
      53.4888801574707,
      7.914734363555908,
      43.17892074584961,
      14.595273971557617,
      41.7564811706543,
      10.369492530822754,
      32.13033676147461,
      15.19947624206543,
      23.549854278564453,
      31.344200134277344,
      5.223110198974609,
      24.819435119628906,
      0.8398051857948303,
      1.4696292877197266,
      0.07856639474630356
    ],
    [
      44.39828872680664,
      22.584352493286133,
      54.143856048583984,
      27.923051834106445,
      22.848522186279297,
      19.462730407714844,
      23.2580509185791,
      17.45282554626465,
      19.283231735229492,
      16.819988250732422,
      19.745410919189453,
      15.103670120239258,
      19.158029556274414,
      3.9745750427246094,
      16.041698455810547,
      0.2661971151828766,
      0.93187016248703,
      -0.012489466927945614
    ],
    [
      49.48355484008789,
      53.4888801574707,
      27.923051834106445,
      83.51081085205078,
      17.47661781311035,
      67.47256469726562,
      19.112516403198242,
      61.976139068603516,
      15.922738075256348,
      49.06642532348633,
      24.566259384155273,
      36.22035217285156,
      47.154579162597656,
      6.474034786224365,
      34.303611755371094,
      0.7002260088920593,
      1.6805006265640259,
      0.13701747357845306
    ],
    [
      11.292810440063477,
      7.914734363555908,
      22.848522186279297,
      17.47661781311035,
      57.34709548950195,
      36.859535217285156,
      41.53205490112305,
      33.049034118652344,
      38.05319595336914,
      33.911041259765625,
      47.24057388305664,
      34.49432373046875,
      43.95995330810547,
      10.464249610900879,
      34.52186965942383,
      0.8392547369003296,
      1.853375792503357,
      -0.008319166488945484
    ],
    [
      36.76874542236328,
      43.17892074584961,
      19.462730407714844,
      67.47256469726562,
      36.859535217285156,
      88.37284088134766,
      33.75202178955078,
      73.00881958007812,
      30.809091567993164,
      61.77872085571289,
      46.41633224487305,
      50.83182144165039,
      64.97328186035156,
      10.829426765441895,
      48.10508346557617,
      0.8971237540245056,
      2.490194082260132,
      0.13534227013587952
    ],
    [
      14.364386558532715,
      14.595273971557617,
      23.2580509185791,
      19.112516403198242,
      41.53205490112305,
      33.75202178955078,
      58.67365264892578,
      41.526920318603516,
      46.20673751831055,
      40.96830368041992,
      53.91017532348633,
      39.32052230834961,
      54.97072219848633,
      13.810345649719238,
      43.69330978393555,
      1.1441011428833008,
      2.6050403118133545,
      -0.01088322140276432
    ],
    [
      32.42250061035156,
      41.7564811706543,
      17.45282554626465,
      61.976139068603516,
      33.049034118652344,
      73.00881958007812,
      41.526920318603516,
      79.55715942382812,
      36.56694793701172,
      63.6622428894043,
      50.28851318359375,
      52.3602294921875,
      69.52529907226562,
      13.818387031555176,
      52.586585998535156,
      1.296118974685669,
      2.9780402183532715,
      0.1192617192864418
    ],
    [
      6.88431453704834,
      10.369492530822754,
      19.283231735229492,
      15.922738075256348,
      38.05319595336914,
      30.809091567993164,
      46.20673751831055,
      36.56694793701172,
      54.933292388916016,
      42.331058502197266,
      53.92323684692383,
      38.40871810913086,
      58.85075378417969,
      15.418410301208496,
      45.917476654052734,
      1.2217868566513062,
      2.7599236965179443,
      -0.012482138350605965
    ],
    [
      13.72846794128418,
      32.13033676147461,
      16.819988250732422,
      49.06642532348633,
      33.911041259765625,
      61.77872085571289,
      40.96830368041992,
      63.6622428894043,
      42.331058502197266,
      75.45330810546875,
      46.71427917480469,
      51.044090270996094,
      84.3660659790039,
      18.179887771606445,
      59.17251968383789,
      1.3673791885375977,
      3.2728068828582764,
      0.1384429782629013
    ],
    [
      14.829996109008789,
      15.19947624206543,
      19.745410919189453,
      24.566259384155273,
      47.24057388305664,
      46.41633224487305,
      53.91017532348633,
      50.28851318359375,
      53.92323684692383,
      46.71427917480469,
      73.99482727050781,
      49.343406677246094,
      64.13813018798828,
      16.468469619750977,
      52.88692855834961,
      1.382783055305481,
      3.2118582725524902,
      -0.016864314675331116
    ],
    [
      17.263124465942383,
      23.549854278564453,
      15.103670120239258,
      36.22035217285156,
      34.49432373046875,
      50.83182144165039,
      39.32052230834961,
      52.3602294921875,
      38.40871810913086,
      51.044090270996094,
      49.343406677246094,
      46.61254119873047,
      61.03230285644531,
      15.168440818786621,
      46.563236236572266,
      1.2770209312438965,
      2.7561819553375244,
      0.06421078741550446
    ],
    [
      8.23721981048584,
      31.344200134277344,
      19.158029556274414,
      47.154579162597656,
      43.95995330810547,
      64.97328186035156,
      54.97072219848633,
      69.52529907226562,
      58.85075378417969,
      84.3660659790039,
      64.13813018798828,
      61.03230285644531,
      115.57940673828125,
      26.14364242553711,
      80.41792297363281,
      1.8305268287658691,
      4.788079261779785,
      0.1467376947402954
    ],
    [
      0.8397461175918579,
      5.223110198974609,
      3.9745750427246094,
      6.474034786224365,
      10.464249610900879,
      10.829426765441895,
      13.810345649719238,
      13.818387031555176,
      15.418410301208496,
      18.179887771606445,
      16.468469619750977,
      15.168440818786621,
      26.14364242553711,
      9.83871841430664,
      19.491365432739258,
      0.7551684975624084,
      1.4015283584594727,
      0.015735657885670662
    ],
    [
      12.733617782592773,
      24.819435119628906,
      16.041698455810547,
      34.303611755371094,
      34.52186965942383,
      48.10508346557617,
      43.69330978393555,
      52.586585998535156,
      45.917476654052734,
      59.17251968383789,
      52.88692855834961,
      46.563236236572266,
      80.41792297363281,
      19.491365432739258,
      62.43917465209961,
      1.6248364448547363,
      3.849163770675659,
      0.08198697119951248
    ],
    [
      0.5352988243103027,
      0.8398051857948303,
      0.2661971151828766,
      0.7002260088920593,
      0.8392547369003296,
      0.8971237540245056,
      1.1441011428833008,
      1.296118974685669,
      1.2217868566513062,
      1.3673791885375977,
      1.382783055305481,
      1.2770209312438965,
      1.8305268287658691,
      0.7551684975624084,
      1.6248364448547363,
      0.190862238407135,
      0.12673567235469818,
      0.0013173435581848025
    ],
    [
      1.0714083909988403,
      1.4696292877197266,
      0.93187016248703,
      1.6805006265640259,
      1.853375792503357,
      2.490194082260132,
      2.6050403118133545,
      2.9780402183532715,
      2.7599236965179443,
      3.2728068828582764,
      3.2118582725524902,
      2.7561819553375244,
      4.788079261779785,
      1.4015283584594727,
      3.849163770675659,
      0.12673567235469818,
      0.3944321870803833,
      0.003965682815760374
    ],
    [
      -0.02581964060664177,
      0.07856639474630356,
      -0.012489466927945614,
      0.13701747357845306,
      -0.008319166488945484,
      0.13534227013587952,
      -0.01088322140276432,
      0.1192617192864418,
      -0.012482138350605965,
      0.1384429782629013,
      -0.016864314675331116,
      0.06421078741550446,
      0.1467376947402954,
      0.015735657885670662,
      0.08198697119951248,
      0.0013173435581848025,
      0.003965682815760374,
      0.0012321232352405787
    ]
  ],
  "damage": -11.214142799377441,
  "diff_bandwidth": 455.3674621582031,
  "dissonance": 3.741561485708129,
  "drr": 11.646632194519043,
  "dynamics": 5.248861312866211,
  "format": 1245190,
  "frames": 6213568,
  "loudness": -20.129487991333008,
  "loudness_range": 15.873367309570312,
  "loudness_range_short": 17.146690368652344,
  "lowpass_true_peak_15khz": -1.0747804641723633,
  "mastering3_acoustic_entropies": [
    {
      "acoustic_entropy": 8.617339134216309,
      "acoustic_entropy_mono": 8.622516632080078,
      "band_eliminated_acoustic_entropies": [
        {
          "acoustic_entropy": 8.839068412780762,
          "acoustic_entropy_side": 8.617340087890625,
          "hz": 129.47220167065723
        },
        {
          "acoustic_entropy": 7.872094631195068,
          "acoustic_entropy_side": 8.617159843444824,
          "hz": 202.92927478742237
        },
        {
          "acoustic_entropy": 8.874788284301758,
          "acoustic_entropy_side": 8.61828899383545,
          "hz": 282.89161906338205
        },
        {
          "acoustic_entropy": 9.479585647583008,
          "acoustic_entropy_side": 8.617630958557129,
          "hz": 369.9353335868758
        },
        {
          "acoustic_entropy": 8.575532913208008,
          "acoustic_entropy_side": 8.618295669555664,
          "hz": 464.6875360973435
        },
        {
          "acoustic_entropy": 8.917160987854004,
          "acoustic_entropy_side": 8.622944831848145,
          "hz": 567.8308811364784
        },
        {
          "acoustic_entropy": 8.751673698425293,
          "acoustic_entropy_side": 8.623867988586426,
          "hz": 680.1084783214808
        },
        {
          "acoustic_entropy": 8.605634689331055,
          "acoustic_entropy_side": 8.617225646972656,
          "hz": 802.3292461747484
        },
        {
          "acoustic_entropy": 8.352044105529785,
          "acoustic_entropy_side": 8.617420196533203,
          "hz": 935.3737400823702
        },
        {
          "acoustic_entropy": 8.75803279876709,
          "acoustic_entropy_side": 8.616644859313965,
          "hz": 1080.2004963696966
        },
        {
          "acoustic_entropy": 8.414468765258789,
          "acoustic_entropy_side": 8.614974975585938,
          "hz": 1237.8529382007157
        },
        {
          "acoustic_entropy": 8.702037811279297,
          "acoustic_entropy_side": 8.616604804992676,
          "hz": 1409.4668930556702
        },
        {
          "acoustic_entropy": 8.884077072143555,
          "acoustic_entropy_side": 8.617931365966797,
          "hz": 1596.2787759475705
        },
        {
          "acoustic_entropy": 9.068218231201172,
          "acoustic_entropy_side": 8.616523742675781,
          "hz": 1799.6344973346393
        },
        {
          "acoustic_entropy": 8.69694709777832,
          "acoustic_entropy_side": 8.618115425109863,
          "hz": 2020.9991599069049
        },
        {
          "acoustic_entropy": 8.315896034240723,
          "acoustic_entropy_side": 8.618703842163086,
          "hz": 2261.9676141086993
        },
        {
          "acoustic_entropy": 8.685707092285156,
          "acoustic_entropy_side": 8.617471694946289,
          "hz": 2524.2759484456974
        },
        {
          "acoustic_entropy": 8.60925579071045,
          "acoustic_entropy_side": 8.616344451904297,
          "hz": 2809.813997359896
        },
        {
          "acoustic_entropy": 8.628815650939941,
          "acoustic_entropy_side": 8.617085456848145,
          "hz": 3120.6389567871424
        },
        {
          "acoustic_entropy": 8.679060935974121,
          "acoustic_entropy_side": 8.617403030395508,
          "hz": 3458.990205492291
        },
        {
          "acoustic_entropy": 8.586477279663086,
          "acoustic_entropy_side": 8.617396354675293,
          "hz": 3827.305438964164
        },
        {
          "acoustic_entropy": 8.554695129394531,
          "acoustic_entropy_side": 8.617328643798828,
          "hz": 4228.238232109126
        },
        {
          "acoustic_entropy": 8.72744083404541,
          "acoustic_entropy_side": 8.61733627319336,
          "hz": 4664.6771572759235
        },
        {
          "acoustic_entropy": 8.657925605773926,
          "acoustic_entropy_side": 8.617340087890625,
          "hz": 5139.766595350093
        },
        {
          "acoustic_entropy": 8.634102821350098,
          "acoustic_entropy_side": 8.617338180541992,
          "hz": 5656.929389854203
        },
        {
          "acoustic_entropy": 8.634200096130371,
          "acoustic_entropy_side": 8.617339134216309,
          "hz": 6219.891507268283
        },
        {
          "acoustic_entropy": 8.620050430297852,
          "acoustic_entropy_side": 8.617339134216309,
          "hz": 6832.70888123896
        },
        {
          "acoustic_entropy": 8.65186882019043,
          "acoustic_entropy_side": 8.617339134216309,
          "hz": 7499.796634079867
        },
        {
          "acoustic_entropy": 8.621194839477539,
          "acoustic_entropy_side": 8.617339134216309,
          "hz": 8225.96088609342
        },
        {
          "acoustic_entropy": 8.620976448059082,
          "acoustic_entropy_side": 8.617339134216309,
          "hz": 9016.43338188839
        },
        {
          "acoustic_entropy": 8.618289947509766,
          "acoustic_entropy_side": 8.617339134216309,
          "hz": 9876.909183162974
        },
        {
          "acoustic_entropy": 8.617995262145996,
          "acoustic_entropy_side": 8.617339134216309,
          "hz": 10813.587699516042
        },
        {
          "acoustic_entropy": 8.617384910583496,
          "acoustic_entropy_side": 8.617339134216309,
          "hz": 11833.21735289826
        },
        {
          "acoustic_entropy": 8.617341041564941,
          "acoustic_entropy_side": 8.617339134216309,
          "hz": 12943.144197493959
        },
        {
          "acoustic_entropy": 8.617339134216309,
          "acoustic_entropy_side": 8.617339134216309,
          "hz": 14151.364845322005
        },
        {
          "acoustic_entropy": 8.617339134216309,
          "acoustic_entropy_side": 8.617339134216309,
          "hz": 15466.58407886509
        },
        {
          "acoustic_entropy": 8.617339134216309,
          "acoustic_entropy_side": 8.617339134216309,
          "hz": 16898.27756580493
        },
        {
          "acoustic_entropy": 8.617339134216309,
          "acoustic_entropy_side": 8.617339134216309,
          "hz": 18456.760127700032
        },
        {
          "acoustic_entropy": 8.617339134216309,
          "acoustic_entropy_side": 8.617339134216309,
          "hz": 20153.260054456492
        },
        {
          "acoustic_entropy": 8.617339134216309,
          "acoustic_entropy_side": 8.617339134216309,
          "hz": 22000.00000000001
        }
      ],
      "diff_acoustic_entropy": 4.18634557723999,
      "sn": 6
    },
    {
      "acoustic_entropy": 12.419795989990234,
      "acoustic_entropy_mono": 12.534161567687988,
      "band_eliminated_acoustic_entropies": [
        {
          "acoustic_entropy": 12.131893157958984,
          "acoustic_entropy_side": 12.41964340209961,
          "hz": 129.47220167065723
        },
        {
          "acoustic_entropy": 12.037081718444824,
          "acoustic_entropy_side": 12.420028686523438,
          "hz": 202.92927478742237
        },
        {
          "acoustic_entropy": 12.111197471618652,
          "acoustic_entropy_side": 12.436052322387695,
          "hz": 282.89161906338205
        },
        {
          "acoustic_entropy": 13.786538124084473,
          "acoustic_entropy_side": 12.425822257995605,
          "hz": 369.9353335868758
        },
        {
          "acoustic_entropy": 11.74522876739502,
          "acoustic_entropy_side": 12.43045711517334,
          "hz": 464.6875360973435
        },
        {
          "acoustic_entropy": 12.478041648864746,
          "acoustic_entropy_side": 12.497611045837402,
          "hz": 567.8308811364784
        },
        {
          "acoustic_entropy": 12.616308212280273,
          "acoustic_entropy_side": 12.453583717346191,
          "hz": 680.1084783214808
        },
        {
          "acoustic_entropy": 12.20200252532959,
          "acoustic_entropy_side": 12.429929733276367,
          "hz": 802.3292461747484
        },
        {
          "acoustic_entropy": 11.86455249786377,
          "acoustic_entropy_side": 12.416437149047852,
          "hz": 935.3737400823702
        },
        {
          "acoustic_entropy": 11.896063804626465,
          "acoustic_entropy_side": 12.43386173248291,
          "hz": 1080.2004963696966
        },
        {
          "acoustic_entropy": 11.957788467407227,
          "acoustic_entropy_side": 12.454544067382812,
          "hz": 1237.8529382007157
        },
        {
          "acoustic_entropy": 11.449092864990234,
          "acoustic_entropy_side": 12.393830299377441,
          "hz": 1409.4668930556702
        },
        {
          "acoustic_entropy": 12.795616149902344,
          "acoustic_entropy_side": 12.44385051727295,
          "hz": 1596.2787759475705
        },
        {
          "acoustic_entropy": 12.455992698669434,
          "acoustic_entropy_side": 12.41468334197998,
          "hz": 1799.6344973346393
        },
        {
          "acoustic_entropy": 12.09968376159668,
          "acoustic_entropy_side": 12.415912628173828,
          "hz": 2020.9991599069049
        },
        {
          "acoustic_entropy": 11.949583053588867,
          "acoustic_entropy_side": 12.450655937194824,
          "hz": 2261.9676141086993
        },
        {
          "acoustic_entropy": 12.316327095031738,
          "acoustic_entropy_side": 12.4308500289917,
          "hz": 2524.2759484456974
        },
        {
          "acoustic_entropy": 11.994890213012695,
          "acoustic_entropy_side": 12.372151374816895,
          "hz": 2809.813997359896
        },
        {
          "acoustic_entropy": 13.114849090576172,
          "acoustic_entropy_side": 12.42624568939209,
          "hz": 3120.6389567871424
        },
        {
          "acoustic_entropy": 12.28332805633545,
          "acoustic_entropy_side": 12.418402671813965,
          "hz": 3458.990205492291
        },
        {
          "acoustic_entropy": 12.009449005126953,
          "acoustic_entropy_side": 12.419244766235352,
          "hz": 3827.305438964164
        },
        {
          "acoustic_entropy": 12.52638053894043,
          "acoustic_entropy_side": 12.419840812683105,
          "hz": 4228.238232109126
        },
        {
          "acoustic_entropy": 12.167831420898438,
          "acoustic_entropy_side": 12.419731140136719,
          "hz": 4664.6771572759235
        },
        {
          "acoustic_entropy": 12.326704978942871,
          "acoustic_entropy_side": 12.419775009155273,
          "hz": 5139.766595350093
        },
        {
          "acoustic_entropy": 12.404583930969238,
          "acoustic_entropy_side": 12.419815063476562,
          "hz": 5656.929389854203
        },
        {
          "acoustic_entropy": 12.176924705505371,
          "acoustic_entropy_side": 12.419788360595703,
          "hz": 6219.891507268283
        },
        {
          "acoustic_entropy": 12.391572952270508,
          "acoustic_entropy_side": 12.419797897338867,
          "hz": 6832.70888123896
        },
        {
          "acoustic_entropy": 12.189278602600098,
          "acoustic_entropy_side": 12.419791221618652,
          "hz": 7499.796634079867
        },
        {
          "acoustic_entropy": 12.379191398620605,
          "acoustic_entropy_side": 12.41979694366455,
          "hz": 8225.96088609342
        },
        {
          "acoustic_entropy": 12.402661323547363,
          "acoustic_entropy_side": 12.419795989990234,
          "hz": 9016.43338188839
        },
        {
          "acoustic_entropy": 12.408076286315918,
          "acoustic_entropy_side": 12.419795989990234,
          "hz": 9876.909183162974
        },
        {
          "acoustic_entropy": 12.417960166931152,
          "acoustic_entropy_side": 12.419795989990234,
          "hz": 10813.587699516042
        },
        {
          "acoustic_entropy": 12.419301986694336,
          "acoustic_entropy_side": 12.419795989990234,
          "hz": 11833.21735289826
        },
        {
          "acoustic_entropy": 12.419746398925781,
          "acoustic_entropy_side": 12.419795989990234,
          "hz": 12943.144197493959
        },
        {
          "acoustic_entropy": 12.419794082641602,
          "acoustic_entropy_side": 12.419795989990234,
          "hz": 14151.364845322005
        },
        {
          "acoustic_entropy": 12.419795989990234,
          "acoustic_entropy_side": 12.419795989990234,
          "hz": 15466.58407886509
        },
        {
          "acoustic_entropy": 12.419795989990234,
          "acoustic_entropy_side": 12.419795989990234,
          "hz": 16898.27756580493
        },
        {
          "acoustic_entropy": 12.419795989990234,
          "acoustic_entropy_side": 12.419795989990234,
          "hz": 18456.760127700032
        },
        {
          "acoustic_entropy": 12.419795989990234,
          "acoustic_entropy_side": 12.419795989990234,
          "hz": 20153.260054456492
        },
        {
          "acoustic_entropy": 12.419795989990234,
          "acoustic_entropy_side": 12.419795989990234,
          "hz": 22000.00000000001
        }
      ],
      "diff_acoustic_entropy": 6.108019828796387,
      "sn": 12
    },
    {
      "acoustic_entropy": 16.63441276550293,
      "acoustic_entropy_mono": 16.63431739807129,
      "band_eliminated_acoustic_entropies": [
        {
          "acoustic_entropy": 15.652596473693848,
          "acoustic_entropy_side": 16.524169921875,
          "hz": 129.47220167065723
        },
        {
          "acoustic_entropy": 17.703372955322266,
          "acoustic_entropy_side": 16.506872177124023,
          "hz": 202.92927478742237
        },
        {
          "acoustic_entropy": 16.560630798339844,
          "acoustic_entropy_side": 16.80937385559082,
          "hz": 282.89161906338205
        },
        {
          "acoustic_entropy": 17.652681350708008,
          "acoustic_entropy_side": 16.742008209228516,
          "hz": 369.9353335868758
        },
        {
          "acoustic_entropy": 16.043434143066406,
          "acoustic_entropy_side": 16.62853240966797,
          "hz": 464.6875360973435
        },
        {
          "acoustic_entropy": 16.578861236572266,
          "acoustic_entropy_side": 16.383861541748047,
          "hz": 567.8308811364784
        },
        {
          "acoustic_entropy": 16.628679275512695,
          "acoustic_entropy_side": 17.345067977905273,
          "hz": 680.1084783214808
        },
        {
          "acoustic_entropy": 16.925857543945312,
          "acoustic_entropy_side": 16.61121368408203,
          "hz": 802.3292461747484
        },
        {
          "acoustic_entropy": 16.229881286621094,
          "acoustic_entropy_side": 16.48603630065918,
          "hz": 935.3737400823702
        },
        {
          "acoustic_entropy": 16.51645851135254,
          "acoustic_entropy_side": 16.689821243286133,
          "hz": 1080.2004963696966
        },
        {
          "acoustic_entropy": 15.961773872375488,
          "acoustic_entropy_side": 16.806386947631836,
          "hz": 1237.8529382007157
        },
        {
          "acoustic_entropy": 16.999818801879883,
          "acoustic_entropy_side": 16.735322952270508,
          "hz": 1409.4668930556702
        },
        {
          "acoustic_entropy": 16.092042922973633,
          "acoustic_entropy_side": 16.242328643798828,
          "hz": 1596.2787759475705
        },
        {
          "acoustic_entropy": 16.513248443603516,
          "acoustic_entropy_side": 16.46969985961914,
          "hz": 1799.6344973346393
        },
        {
          "acoustic_entropy": 16.506052017211914,
          "acoustic_entropy_side": 16.38142204284668,
          "hz": 2020.9991599069049
        },
        {
          "acoustic_entropy": 17.11541175842285,
          "acoustic_entropy_side": 16.3874454498291,
          "hz": 2261.9676141086993
        },
        {
          "acoustic_entropy": 16.86532974243164,
          "acoustic_entropy_side": 16.88004493713379,
          "hz": 2524.2759484456974
        },
        {
          "acoustic_entropy": 16.6044921875,
          "acoustic_entropy_side": 16.733741760253906,
