{
  "acoustic_entropy": 211.699462890625,
  "bands": [
    {
      "high_freq": 148.1999969482422,
      "loudness": -38.223876953125,
      "loudness_range": 11.33306884765625,
      "mid_mean": -35.60845184326172,
      "mid_to_side_loudness": -8.127889633178711,
      "mid_to_side_loudness_range": 16.083955764770508,
      "side_mean": -44.067867279052734
    },
    {
      "high_freq": 392.3793640136719,
      "loudness": -30.53447723388672,
      "loudness_range": 15.23139762878418,
      "low_freq": 148.1999969482422,
      "mid_mean": -29.723770141601562,
      "mid_to_side_loudness": -1.1318178176879883,
      "mid_to_side_loudness_range": 10.386775970458984,
      "side_mean": -30.716989517211914
    },
    {
      "high_freq": 794.6976318359375,
      "loudness": -26.00551414489746,
      "loudness_range": 10.014739990234375,
      "low_freq": 392.3793640136719,
      "mid_mean": -25.380773544311523,
      "mid_to_side_loudness": -0.596652626991272,
      "mid_to_side_loudness_range": 8.126938819885254,
      "side_mean": -25.909740447998047
    },
    {
      "high_freq": 1457.5709228515625,
      "loudness": -29.26716423034668,
      "loudness_range": 16.49481201171875,
      "low_freq": 794.6976318359375,
      "mid_mean": -27.875526428222656,
      "mid_to_side_loudness": -2.1102523803710938,
      "mid_to_side_loudness_range": 8.776328086853027,
      "side_mean": -30.157629013061523
    },
    {
      "high_freq": 2549.74365234375,
      "loudness": -34.654197692871094,
      "loudness_range": 22.399206161499023,
      "low_freq": 1457.5709228515625,
      "mid_mean": -32.8785400390625,
      "mid_to_side_loudness": -4.305334568023682,
      "mid_to_side_loudness_range": 14.581244468688965,
      "side_mean": -37.39662170410156
    },
    {
      "high_freq": 4349.24462890625,
      "loudness": -45.28362274169922,
      "loudness_range": 24.48816680908203,
      "low_freq": 2549.74365234375,
      "mid_mean": -43.53001403808594,
      "mid_to_side_loudness": -3.31113338470459,
      "mid_to_side_loudness_range": 7.714667797088623,
      "side_mean": -47.09233093261719
    },
    {
      "high_freq": 7314.1640625,
      "loudness": -51.171592712402344,
      "loudness_range": 29.093849182128906,
      "low_freq": 4349.24462890625,
      "mid_mean": -50.548667907714844,
      "mid_to_side_loudness": -2.8933353424072266,
      "mid_to_side_loudness_range": 7.23045015335083,
      "side_mean": -53.35569381713867
    },
    {
      "high_freq": 12199.2666015625,
      "loudness": -59.950313568115234,
      "loudness_range": 24.295120239257812,
      "low_freq": 7314.1640625,
      "mid_mean": -58.2503662109375,
      "mid_to_side_loudness": -0.8038917183876038,
      "mid_to_side_loudness_range": 3.9799716472625732,
      "side_mean": -59.04083251953125
    },
    {
      "loudness": -67.59701538085938,
      "loudness_range": 13.01016616821289,
      "low_freq": 12199.2666015625,
      "mid_mean": -65.05227661132812,
      "mid_to_side_loudness": 0.7667004466056824,
      "mid_to_side_loudness_range": 3.8123064041137695,
      "side_mean": -64.67491912841797
    }
  ],
  "bands_short": [
    {
      "high_freq": 148.1999969482422,
      "loudness": -39.83585739135742,
      "loudness_range": 16.818416595458984,
      "mid_mean": -37.399532318115234,
      "mid_to_side_loudness": -9.081340789794922,
      "mid_to_side_loudness_range": 20.664043426513672,
      "side_mean": -47.14492416381836
    },
    {
      "high_freq": 392.3793640136719,
      "loudness": -30.699844360351562,
      "loudness_range": 15.854808807373047,
      "low_freq": 148.1999969482422,
      "mid_mean": -29.907466888427734,
      "mid_to_side_loudness": -1.4415303468704224,
      "mid_to_side_loudness_range": 12.259893417358398,
      "side_mean": -31.197221755981445
    },
    {
      "high_freq": 794.6976318359375,
      "loudness": -27.220996856689453,
      "loudness_range": 12.78476333618164,
      "low_freq": 392.3793640136719,
      "mid_mean": -26.717012405395508,
      "mid_to_side_loudness": -0.377415269613266,
      "mid_to_side_loudness_range": 9.730388641357422,
      "side_mean": -27.005285263061523
    },
    {
      "high_freq": 1457.5709228515625,
      "loudness": -29.0633544921875,
      "loudness_range": 17.435842514038086,
      "low_freq": 794.6976318359375,
      "mid_mean": -27.876087188720703,
      "mid_to_side_loudness": -1.9438982009887695,
      "mid_to_side_loudness_range": 10.665891647338867,
      "side_mean": -29.951011657714844
    },
    {
      "high_freq": 2549.74365234375,
      "loudness": -35.17228698730469,
      "loudness_range": 23.45429801940918,
      "low_freq": 1457.5709228515625,
      "mid_mean": -33.65108871459961,
      "mid_to_side_loudness": -4.276062965393066,
      "mid_to_side_loudness_range": 17.362680435180664,
      "side_mean": -38.109153747558594
    },
    {
      "high_freq": 4349.24462890625,
      "loudness": -47.956626892089844,
      "loudness_range": 29.767257690429688,
      "low_freq": 2549.74365234375,
      "mid_mean": -46.5188102722168,
      "mid_to_side_loudness": -3.1760237216949463,
      "mid_to_side_loudness_range": 10.365983009338379,
      "side_mean": -50.68672561645508
    },
    {
      "high_freq": 7314.1640625,
      "loudness": -55.99164962768555,
      "loudness_range": 35.27389907836914,
      "low_freq": 4349.24462890625,
      "mid_mean": -54.78083419799805,
      "mid_to_side_loudness": -2.8873608112335205,
      "mid_to_side_loudness_range": 7.896188735961914,
      "side_mean": -57.38780975341797
    },
    {
      "high_freq": 12199.2666015625,
      "loudness": -65.83206939697266,
      "loudness_range": 27.287803649902344,
      "low_freq": 7314.1640625,
      "mid_mean": -62.36655807495117,
      "mid_to_side_loudness": -0.841309666633606,
      "mid_to_side_loudness_range": 4.387233257293701,
      "side_mean": -63.09605026245117
    },
    {
      "loudness": -70.64241027832031,
      "loudness_range": 16.32292938232422,
      "low_freq": 12199.2666015625,
      "mid_mean": -66.6624526977539,
      "mid_to_side_loudness": 0.8784204125404358,
      "mid_to_side_loudness_range": 4.581916332244873,
      "side_mean": -66.27974700927734
    }
  ],
  "bandwidth": 748.4073486328125,
  "channels": 2,
  "covariance": [
    [
      25.05803108215332,
      3.355323076248169,
      -0.261524498462677,
      -4.901431560516357,
      5.6041579246521,
      4.48074197769165,
      4.972651481628418,
      4.360193252563477,
      5.797915458679199,
      8.84940242767334,
      11.207236289978027,
      10.501014709472656,
      13.244592666625977,
      12.069963455200195,
      6.24986457824707,
      6.339140892028809,
      3.8387980461120605,
      4.475016117095947
    ],
    [
      3.355323076248169,
      21.450712203979492,
      5.2169976234436035,
      5.113438129425049,
      0.8465933203697205,
      1.186923623085022,
      2.2901604175567627,
      2.6778509616851807,
      -1.2314282655715942,
      -0.5464913845062256,
      5.329075336456299,
      4.759484767913818,
      2.701937437057495,
      3.5120389461517334,
      3.4334311485290527,
      2.9378418922424316,
      1.9618096351623535,
      1.9496785402297974
    ],
    [
      -0.261524498462677,
      5.2169976234436035,
      25.476703643798828,
      26.693479537963867,
      0.5764509439468384,
      -0.4959787428379059,
      -2.4480745792388916,
      -6.177218914031982,
      -10.425546646118164,
      -15.134077072143555,
      2.543055534362793,
      2.5627191066741943,
      -0.8738783597946167,
      0.788611888885498,
      0.8061631917953491,
      0.5671157240867615,
      0.6073537468910217,
      0.394724577665329
    ],
    [
      -4.901431560516357,
      5.113438129425049,
      26.693479537963867,
      41.6249885559082,
      2.007246255874634,
      0.24792343378067017,
      -4.058708667755127,
      -8.401634216308594,
      -14.063079833984375,
      -21.537229537963867,
      -3.1242430210113525,
      -3.2373626232147217,
      2.6056034564971924,
      2.8323347568511963,
      2.2381670475006104,
      1.0428862571716309,
      -0.005474226549267769,
      -0.3206818699836731
    ],
    [
      5.6041579246521,
      0.8465933203697205,
      0.5764509439468384,
      2.007246255874634,
      18.93595314025879,
      16.198015213012695,
      6.941964149475098,
      6.75606632232666,
      12.756046295166016,
      13.635246276855469,
      7.148711204528809,
      6.413624286651611,
      16.81298065185547,
      13.045013427734375,
      7.864126682281494,
      6.523566722869873,
      1.179869532585144,
      2.073488473892212
    ],
    [
      4.48074197769165,
      1.186923623085022,
      -0.4959787428379059,
      0.24792343378067017,
      16.198015213012695,
      23.85870933532715,
      6.129711627960205,
      6.116169452667236,
      11.41356086730957,
      12.545339584350586,
      4.854390621185303,
      4.09771728515625,
      16.77733039855957,
      12.823633193969727,
      9.148955345153809,
      7.49906063079834,
      1.1851576566696167,
      2.2555155754089355
    ],
    [
      4.972651481628418,
      2.2901604175567627,
      -2.4480745792388916,
      -4.058708667755127,
      6.941964149475098,
      6.129711627960205,
      35.56131362915039,
      31.035686492919922,
      16.318452835083008,
      25.532291412353516,
      21.095487594604492,
      20.6929988861084,
      18.511301040649414,
      15.077051162719727,
      12.693329811096191,
      11.338979721069336,
      3.247079372406006,
      3.760676622390747
    ],
    [
      4.360193252563477,
      2.6778509616851807,
      -6.177218914031982,
      -8.401634216308594,
      6.75606632232666,
      6.116169452667236,
      31.035686492919922,
      38.64948272705078,
      17.787681579589844,
      29.584667205810547,
      17.859352111816406,
      18.044082641601562,
      14.673357009887695,
      11.400217056274414,
      10.664372444152832,
      9.166772842407227,
      1.93241286277771,
      2.3678057193756104
    ],
    [
      5.797915458679199,
      -1.2314282655715942,
      -10.425546646118164,
      -14.063079833984375,
      12.756046295166016,
      11.41356086730957,
      16.318452835083008,
      17.787681579589844,
      54.9525146484375,
      53.13016891479492,
      2.9437060356140137,
      2.3864362239837646,
      28.213150024414062,
      21.362422943115234,
      10.027714729309082,
      10.089399337768555,
      0.5939645767211914,
      2.190220355987549
    ],
    [
      8.84940242767334,
      -0.5464913845062256,
      -15.134077072143555,
      -21.537229537963867,
      13.635246276855469,
      12.545339584350586,
      25.532291412353516,
      29.584667205810547,
      53.13016891479492,
      82.59200286865234,
      13.587003707885742,
      14.304903030395508,
      34.62629699707031,
      26.7943058013916,
      13.338374137878418,
      13.450370788574219,
      2.4905519485473633,
      4.440885066986084
    ],
    [
      11.207236289978027,
      5.329075336456299,
      2.543055534362793,
      -3.1242430210113525,
      7.148711204528809,
      4.854390621185303,
      21.095487594604492,
      17.859352111816406,
      2.9437060356140137,
      13.587003707885742,
      67.92648315429688,
      59.90012741088867,
      28.853004455566406,
      24.774124145507812,
      24.473424911499023,
      21.756792068481445,
      7.913206577301025,
      9.118385314941406
    ],
    [
      10.501014709472656,
      4.759484767913818,
      2.5627191066741943,
      -3.2373626232147217,
      6.413624286651611,
      4.09771728515625,
      20.6929988861084,
      18.044082641601562,
      2.3864362239837646,
      14.304903030395508,
      59.90012741088867,
      62.99993896484375,
      30.014789581298828,
      26.410823822021484,
      25.720232009887695,
      23.08326530456543,
      8.45324993133545,
      9.368972778320312
    ],
    [
      13.244592666625977,
      2.701937437057495,
      -0.8738783597946167,
      2.6056034564971924,
      16.81298065185547,
      16.77733039855957,
      18.511301040649414,
      14.673357009887695,
      28.213150024414062,
      34.62629699707031,
      28.853004455566406,
      30.014789581298828,
      112.81863403320312,
      92.1158447265625,
      59.974491119384766,
      54.71192169189453,
      17.865251541137695,
      22.31149673461914
    ],
    [
      12.069963455200195,
      3.5120389461517334,
      0.788611888885498,
      2.8323347568511963,
      13.045013427734375,
      12.823633193969727,
      15.077051162719727,
      11.400217056274414,
      21.362422943115234,
      26.7943058013916,
      24.774124145507812,
      26.410823822021484,
      92.1158447265625,
      79.43276977539062,
      49.17021942138672,
      45.764488220214844,
      16.36592674255371,
      19.677932739257812
    ],
    [
      6.24986457824707,
      3.4334311485290527,
      0.8061631917953491,
      2.2381670475006104,
      7.864126682281494,
      9.148955345153809,
      12.693329811096191,
      10.664372444152832,
      10.027714729309082,
      13.338374137878418,
      24.473424911499023,
      25.720232009887695,
      59.974491119384766,
      49.17021942138672,
      49.79237747192383,
      44.984825134277344,
      14.13493824005127,
      16.490755081176758
    ],
    [
      6.339140892028809,
      2.9378418922424316,
      0.5671157240867615,
      1.0428862571716309,
      6.523566722869873,
      7.49906063079834,
      11.338979721069336,
      9.166772842407227,
      10.089399337768555,
      13.450370788574219,
      21.756792068481445,
      23.08326530456543,
      54.71192169189453,
      45.764488220214844,
      44.984825134277344,
      41.881465911865234,
      13.743303298950195,
      15.828433990478516
    ],
    [
      3.8387980461120605,
      1.9618096351623535,
      0.6073537468910217,
      -0.005474226549267769,
      1.179869532585144,
      1.1851576566696167,
      3.247079372406006,
      1.93241286277771,
      0.5939645767211914,
      2.4905519485473633,
      7.913206577301025,
      8.45324993133545,
      17.865251541137695,
      16.36592674255371,
      14.13493824005127,
      13.743303298950195,
      9.359231948852539,
      9.887760162353516
    ],
    [
      4.475016117095947,
      1.9496785402297974,
      0.394724577665329,
      -0.3206818699836731,
      2.073488473892212,
      2.2555155754089355,
      3.760676622390747,
      2.3678057193756104,
      2.190220355987549,
      4.440885066986084,
      9.118385314941406,
      9.368972778320312,
      22.31149673461914,
      19.677932739257812,
      16.490755081176758,
      15.828433990478516,
      9.887760162353516,
      11.06342887878418
    ]
  ],
  "covariance_short": [
    [
      49.497711181640625,
      13.980386734008789,
      6.039588451385498,
      -3.663445472717285,
      5.300121307373047,
      5.235990524291992,
      6.62874698638916,
      5.586101531982422,
      8.2321195602417,
      10.12211799621582,
      13.911469459533691,
      14.02918529510498,
      14.353320121765137,
      11.824716567993164,
      5.908008098602295,
      5.704380035400391,
      1.8561458587646484,
      2.598680257797241
    ],
    [
      13.980386734008789,
      48.548240661621094,
      10.842891693115234,
      10.06852912902832,
      4.419734477996826,
      4.018669605255127,
      -1.6519176959991455,
      0.0019228114979341626,
      -1.6326905488967896,
      -3.2192001342773438,
      6.88992977142334,
      7.535215377807617,
      4.5375871658325195,
      5.707060813903809,
      5.5096049308776855,
      4.629757881164551,
      1.3647164106369019,
      1.2366282939910889
    ],
    [
      6.039588451385498,
      10.842891693115234,
      30.282745361328125,
      28.353431701660156,
      4.93572998046875,
      2.639500379562378,
      -0.6020638346672058,
      -4.657745361328125,
      -7.212191104888916,
      -11.53210735321045,
      6.519442081451416,
      5.720298767089844,
      1.1617321968078613,
      2.6745193004608154,
      2.184629201889038,
      2.0182340145111084,
      1.025602102279663,
      0.9790064096450806
    ],
    [
      -3.663445472717285,
      10.06852912902832,
      28.353431701660156,
      47.1722412109375,
      5.028269290924072,
      3.6782872676849365,
      -2.3088462352752686,
      -7.6060662269592285,
      -11.587515830993652,
      -20.634634017944336,
      -2.3255538940429688,
      -1.6078277826309204,
      3.5948455333709717,
      5.028984546661377,
      3.899629592895508,
      2.8733484745025635,
      0.8244269490242004,
      0.6433216333389282
    ],
    [
      5.300121307373047,
      4.419734477996826,
      4.93572998046875,
      5.028269290924072,
      24.60247802734375,
      21.470680236816406,
      7.610070705413818,
      8.439846992492676,
      13.782870292663574,
      13.002482414245605,
      12.171074867248535,
      11.97743034362793,
      20.523740768432617,
      17.556440353393555,
      11.344091415405273,
      10.009662628173828,
      2.4770781993865967,
      3.3755722045898438
    ],
    [
      5.235990524291992,
      4.018669605255127,
      2.639500379562378,
      3.6782872676849365,
      21.470680236816406,
      31.528200149536133,
      5.538729190826416,
      7.496559143066406,
      12.598365783691406,
      11.694221496582031,
      8.097293853759766,
      8.652820587158203,
      19.538305282592773,
      16.33837127685547,
      11.51695728302002,
      9.954065322875977,
      2.0129356384277344,
      2.9997596740722656
    ],
    [
      6.62874698638916,
      -1.6519176959991455,
      -0.6020638346672058,
      -2.3088462352752686,
      7.610070705413818,
      5.538729190826416,
      42.01834487915039,
      33.11443328857422,
      20.853252410888672,
      29.86363410949707,
      22.33621597290039,
      22.139820098876953,
      21.27797508239746,
      16.968997955322266,
      11.622821807861328,
      10.321717262268066,
      2.8840270042419434,
      3.3348443508148193
    ],
    [
      5.586101531982422,
      0.0019228114979341626,
      -4.657745361328125,
      -7.6060662269592285,
      8.439846992492676,
      7.496559143066406,
      33.11443328857422,
      41.730281829833984,
      22.254810333251953,
      34.2493896484375,
      19.002105712890625,
      20.21005630493164,
      18.3547306060791,
      14.609753608703613,
      10.163717269897461,
      8.795367240905762,
      2.0382015705108643,
      2.5189990997314453
    ],
    [
      8.2321195602417,
      -1.6326905488967896,
      -7.212191104888916,
      -11.587515830993652,
      13.782870292663574,
      12.598365783691406,
      20.853252410888672,
      22.254810333251953,
      63.47307205200195,
      56.733551025390625,
      5.384794235229492,
      6.0029425621032715,
      33.08016586303711,
      26.75179672241211,
      13.940115928649902,
      13.037224769592285,
      3.038241386413574,
      4.521306037902832
    ],
    [
      10.12211799621582,
      -3.2192001342773438,
      -11.53210735321045,
      -20.634634017944336,
      13.002482414245605,
      11.694221496582031,
      29.86363410949707,
      34.2493896484375,
      56.733551025390625,
      91.01072692871094,
      21.329072952270508,
      21.875173568725586,
      39.64630889892578,
      31.54183006286621,
      16.346250534057617,
      15.712635040283203,
      4.2057013511657715,
      5.96491813659668
    ],
    [
      13.911469459533691,
      6.88992977142334,
      6.519442081451416,
      -2.3255538940429688,
      12.171074867248535,
      8.097293853759766,
      22.33621597290039,
      19.002105712890625,
      5.384794235229492,
      21.329072952270508,
      102.5447998046875,
      87.57331848144531,
      46.724666595458984,
      41.51079559326172,
      36.041725158691406,
      33.210628509521484,
      12.396905899047852,
      13.987561225891113
    ],
    [
      14.02918529510498,
      7.535215377807617,
      5.720298767089844,
      -1.6078277826309204,
      11.97743034362793,
      8.652820587158203,
      22.139820098876953,
      20.21005630493164,
      6.0029425621032715,
      21.875173568725586,
      87.57331848144531,
      100.9959716796875,
      59.45684051513672,
      52.663734436035156,
      41.974788665771484,
      38.742156982421875,
      14.956646919250488,
      16.452131271362305
    ],
    [
      14.353320121765137,
      4.5375871658325195,
      1.1617321968078613,
      3.5948455333709717,
      20.523740768432617,
      19.538305282592773,
      21.27797508239746,
      18.3547306060791,
      33.08016586303711,
      39.64630889892578,
      46.724666595458984,
      59.45684051513672,
      142.3544464111328,
      120.13655853271484,
      73.86634826660156,
      67.36898040771484,
      22.21200180053711,
      27.533954620361328
    ],
    [
      11.824716567993164,
      5.707060813903809,
      2.6745193004608154,
      5.028984546661377,
      17.556440353393555,
      16.33837127685547,
      16.968997955322266,
      14.609753608703613,
      26.75179672241211,
      31.54183006286621,
      41.51079559326172,
      52.663734436035156,
      120.13655853271484,
      107.98153686523438,
      65.52882385253906,
      60.4318733215332,
      21.064807891845703,
      25.381168365478516
    ],
    [
      5.908008098602295,
      5.5096049308776855,
      2.184629201889038,
      3.899629592895508,
      11.344091415405273,
      11.51695728302002,
      11.622821807861328,
      10.163717269897461,
      13.940115928649902,
      16.346250534057617,
      36.041725158691406,
      41.974788665771484,
      73.86634826660156,
      65.52882385253906,
      62.073970794677734,
      56.50270080566406,
      19.810949325561523,
      22.8200626373291
    ],
    [
      5.704380035400391,
      4.629757881164551,
      2.0182340145111084,
      2.8733484745025635,
      10.009662628173828,
      9.954065322875977,
      10.321717262268066,
      8.795367240905762,
      13.037224769592285,
      15.712635040283203,
      33.210628509521484,
      38.742156982421875,
      67.36898040771484,
      60.4318733215332,
      56.50270080566406,
      53.01752853393555,
      19.407339096069336,
      22.2186222076416
    ],
    [
      1.8561458587646484,
      1.3647164106369019,
      1.025602102279663,
      0.8244269490242004,
      2.4770781993865967,
      2.0129356384277344,
      2.8840270042419434,
      2.0382015705108643,
      3.038241386413574,
      4.2057013511657715,
      12.396905899047852,
      14.956646919250488,
      22.21200180053711,
      21.064807891845703,
      19.810949325561523,
      19.407339096069336,
      12.976750373840332,
      13.589512825012207
    ],
    [
      2.598680257797241,
      1.2366282939910889,
      0.9790064096450806,
      0.6433216333389282,
      3.3755722045898438,
      2.9997596740722656,
      3.3348443508148193,
      2.5189990997314453,
      4.521306037902832,
      5.96491813659668,
      13.987561225891113,
      16.452131271362305,
      27.533954620361328,
      25.381168365478516,
      22.8200626373291,
      22.2186222076416,
      13.589512825012207,
      15.002457618713379
    ]
  ],
  "damage": -11.822962760925293,
  "diff_bandwidth": 816.5925903320312,
  "dissonance": 2.7947940344449003,
  "drr": 12.231465339660645,
  "dynamics": 2.9243297576904297,
  "format": 1245190,
  "frames": 7378224,
  "loudness": -18.13676643371582,
  "loudness_range": 7.472838401794434,
  "loudness_range_short": 9.155622482299805,
  "lowpass_true_peak_15khz": -1.2747184038162231,
  "mastering3_acoustic_entropies": [
    {
      "acoustic_entropy": 9.211188316345215,
      "acoustic_entropy_mono": 9.065444946289062,
      "band_eliminated_acoustic_entropies": [
        {
          "acoustic_entropy": 9.234600067138672,
          "acoustic_entropy_side": 9.211475372314453,
          "hz": 129.47220167065723
        },
        {
          "acoustic_entropy": 9.236742973327637,
          "acoustic_entropy_side": 9.214780807495117,
          "hz": 202.92927478742237
        },
        {
          "acoustic_entropy": 9.060483932495117,
          "acoustic_entropy_side": 8.961713790893555,
          "hz": 282.89161906338205
        },
        {
          "acoustic_entropy": 9.479819297790527,
          "acoustic_entropy_side": 9.682625770568848,
          "hz": 369.9353335868758
        },
        {
          "acoustic_entropy": 9.775416374206543,
          "acoustic_entropy_side": 10.024369239807129,
          "hz": 464.6875360973435
        },
        {
          "acoustic_entropy": 8.571846008300781,
          "acoustic_entropy_side": 8.854066848754883,
          "hz": 567.8308811364784
        },
        {
          "acoustic_entropy": 9.746801376342773,
          "acoustic_entropy_side": 9.377873420715332,
          "hz": 680.1084783214808
        },
        {
          "acoustic_entropy": 9.3134765625,
          "acoustic_entropy_side": 9.810324668884277,
          "hz": 802.3292461747484
        },
        {
          "acoustic_entropy": 9.30453109741211,
          "acoustic_entropy_side": 9.767084121704102,
          "hz": 935.3737400823702
        },
        {
          "acoustic_entropy": 9.168524742126465,
          "acoustic_entropy_side": 9.201682090759277,
          "hz": 1080.2004963696966
        },
        {
          "acoustic_entropy": 9.35940933227539,
          "acoustic_entropy_side": 10.02975082397461,
          "hz": 1237.8529382007157
        },
        {
          "acoustic_entropy": 10.012213706970215,
          "acoustic_entropy_side": 9.727218627929688,
          "hz": 1409.4668930556702
        },
        {
          "acoustic_entropy": 9.769172668457031,
          "acoustic_entropy_side": 10.21660041809082,
          "hz": 1596.2787759475705
        },
        {
          "acoustic_entropy": 8.883549690246582,
          "acoustic_entropy_side": 9.408523559570312,
          "hz": 1799.6344973346393
        },
        {
          "acoustic_entropy": 9.727970123291016,
          "acoustic_entropy_side": 9.238667488098145,
          "hz": 2020.9991599069049
        },
        {
          "acoustic_entropy": 9.392718315124512,
          "acoustic_entropy_side": 8.890731811523438,
          "hz": 2261.9676141086993
        },
        {
          "acoustic_entropy": 8.821891784667969,
          "acoustic_entropy_side": 8.95484447479248,
          "hz": 2524.2759484456974
        },
        {
          "acoustic_entropy": 8.883261680603027,
          "acoustic_entropy_side": 8.99512004852295,
          "hz": 2809.813997359896
        },
        {
          "acoustic_entropy": 8.966529846191406,
          "acoustic_entropy_side": 8.960970878601074,
          "hz": 3120.6389567871424
        },
        {
          "acoustic_entropy": 9.123516082763672,
          "acoustic_entropy_side": 9.188977241516113,
          "hz": 3458.990205492291
        },
        {
          "acoustic_entropy": 9.266890525817871,
          "acoustic_entropy_side": 9.22980785369873,
          "hz": 3827.305438964164
        },
        {
          "acoustic_entropy": 9.215852737426758,
          "acoustic_entropy_side": 9.204192161560059,
          "hz": 4228.238232109126
        },
        {
          "acoustic_entropy": 9.254009246826172,
          "acoustic_entropy_side": 9.209229469299316,
          "hz": 4664.6771572759235
        },
        {
          "acoustic_entropy": 9.182733535766602,
          "acoustic_entropy_side": 9.173004150390625,
          "hz": 5139.766595350093
        },
        {
          "acoustic_entropy": 9.257739067077637,
          "acoustic_entropy_side": 9.265896797180176,
          "hz": 5656.929389854203
        },
        {
          "acoustic_entropy": 9.273311614990234,
          "acoustic_entropy_side": 9.236400604248047,
          "hz": 6219.891507268283
        },
        {
          "acoustic_entropy": 9.293813705444336,
          "acoustic_entropy_side": 9.231650352478027,
          "hz": 6832.70888123896
        },
        {
          "acoustic_entropy": 9.271947860717773,
          "acoustic_entropy_side": 9.22470474243164,
          "hz": 7499.796634079867
        },
        {
          "acoustic_entropy": 9.208113670349121,
          "acoustic_entropy_side": 9.210640907287598,
          "hz": 8225.96088609342
        },
        {
          "acoustic_entropy": 9.210920333862305,
          "acoustic_entropy_side": 9.211150169372559,
          "hz": 9016.43338188839
        },
        {
          "acoustic_entropy": 9.209775924682617,
          "acoustic_entropy_side": 9.210516929626465,
          "hz": 9876.909183162974
        },
        {
          "acoustic_entropy": 9.205361366271973,
          "acoustic_entropy_side": 9.209137916564941,
          "hz": 10813.587699516042
        },
        {
          "acoustic_entropy": 9.211735725402832,
          "acoustic_entropy_side": 9.211483001708984,
          "hz": 11833.21735289826
        },
        {
          "acoustic_entropy": 9.211258888244629,
          "acoustic_entropy_side": 9.211238861083984,
          "hz": 12943.144197493959
        },
        {
          "acoustic_entropy": 9.21119499206543,
          "acoustic_entropy_side": 9.211193084716797,
          "hz": 14151.364845322005
        },
        {
          "acoustic_entropy": 9.211193084716797,
          "acoustic_entropy_side": 9.211191177368164,
          "hz": 15466.58407886509
        },
        {
          "acoustic_entropy": 9.211195945739746,
          "acoustic_entropy_side": 9.21119213104248,
          "hz": 16898.27756580493
        },
        {
          "acoustic_entropy": 9.211195945739746,
          "acoustic_entropy_side": 9.211195945739746,
          "hz": 18456.760127700032
        },
        {
          "acoustic_entropy": 9.211191177368164,
          "acoustic_entropy_side": 9.211189270019531,
          "hz": 20153.260054456492
        },
        {
          "acoustic_entropy": 9.211189270019531,
          "acoustic_entropy_side": 9.211189270019531,
          "hz": 22000.00000000001
        }
      ],
      "diff_acoustic_entropy": 5.48498010635376,
      "sn": 6
    },
    {
      "acoustic_entropy": 15.743391036987305,
      "acoustic_entropy_mono": 14.503527641296387,
      "band_eliminated_acoustic_entropies": [
        {
          "acoustic_entropy": 15.712299346923828,
          "acoustic_entropy_side": 15.743487358093262,
          "hz": 129.47220167065723
        },
        {
          "acoustic_entropy": 15.729780197143555,
          "acoustic_entropy_side": 15.746262550354004,
          "hz": 202.92927478742237
        },
        {
          "acoustic_entropy": 15.41591739654541,
          "acoustic_entropy_side": 15.394527435302734,
          "hz": 282.89161906338205
        },
        {
          "acoustic_entropy": 15.975015640258789,
          "acoustic_entropy_side": 16.00139617919922,
          "hz": 369.9353335868758
        },
        {
          "acoustic_entropy": 15.890595436096191,
          "acoustic_entropy_side": 16.49063491821289,
          "hz": 464.6875360973435
        },
        {
          "acoustic_entropy": 14.287565231323242,
          "acoustic_entropy_side": 15.520284652709961,
          "hz": 567.8308811364784
        },
        {
          "acoustic_entropy": 15.057247161865234,
          "acoustic_entropy_side": 15.937932968139648,
          "hz": 680.1084783214808
        },
        {
          "acoustic_entropy": 14.835803031921387,
          "acoustic_entropy_side": 14.90935230255127,
          "hz": 802.3292461747484
        },
        {
          "acoustic_entropy": 15.450647354125977,
          "acoustic_entropy_side": 16.440492630004883,
          "hz": 935.3737400823702
        },
        {
          "acoustic_entropy": 15.977638244628906,
          "acoustic_entropy_side": 16.22709846496582,
          "hz": 1080.2004963696966
        },
        {
          "acoustic_entropy": 15.483351707458496,
          "acoustic_entropy_side": 16.247377395629883,
          "hz": 1237.8529382007157
        },
        {
          "acoustic_entropy": 16.032180786132812,
          "acoustic_entropy_side": 16.230621337890625,
          "hz": 1409.4668930556702
        },
        {
          "acoustic_entropy": 14.870746612548828,
          "acoustic_entropy_side": 15.981679916381836,
          "hz": 1596.2787759475705
        },
        {
          "acoustic_entropy": 15.945599555969238,
          "acoustic_entropy_side": 16.364032745361328,
          "hz": 1799.6344973346393
        },
        {
          "acoustic_entropy": 15.756206512451172,
          "acoustic_entropy_side": 15.455662727355957,
          "hz": 2020.9991599069049
        },
        {
          "acoustic_entropy": 15.351240158081055,
          "acoustic_entropy_side": 15.577390670776367,
          "hz": 2261.9676141086993
        },
        {
          "acoustic_entropy": 15.849193572998047,
          "acoustic_entropy_side": 16.62777328491211,
          "hz": 2524.2759484456974
        },
        {
          "acoustic_entropy": 16.23384666442871,
          "acoustic_entropy_side": 16.115650177001953,
          "hz": 2809.813997359896
        },
        {
          "acoustic_entropy": 15.208148956298828,
          "acoustic_entropy_side": 15.19422721862793,
          "hz": 3120.6389567871424
        },
        {
          "acoustic_entropy": 15.772027969360352,
          "acoustic_entropy_side": 15.753270149230957,
          "hz": 3458.990205492291
        },
        {
          "acoustic_entropy": 15.914450645446777,
          "acoustic_entropy_side": 15.805904388427734,
          "hz": 3827.305438964164
        },
        {
          "acoustic_entropy": 15.848016738891602,
          "acoustic_entropy_side": 15.777633666992188,
          "hz": 4228.238232109126
        },
        {
          "acoustic_entropy": 15.746557235717773,
          "acoustic_entropy_side": 15.78598403930664,
          "hz": 4664.6771572759235
        },
        {
          "acoustic_entropy": 15.924005508422852,
          "acoustic_entropy_side": 15.845539093017578,
          "hz": 5139.766595350093
        },
        {
          "acoustic_entropy": 14.791840553283691,
          "acoustic_entropy_side": 15.718141555786133,
          "hz": 5656.929389854203
        },
        {
          "acoustic_entropy": 15.738064765930176,
          "acoustic_entropy_side": 15.736625671386719,
          "hz": 6219.891507268283
        },
        {
          "acoustic_entropy": 15.72738265991211,
          "acoustic_entropy_side": 15.73500919342041,
          "hz": 6832.70888123896
        },
        {
          "acoustic_entropy": 15.67929744720459,
          "acoustic_entropy_side": 15.730084419250488,
          "hz": 7499.796634079867
        },
        {
          "acoustic_entropy": 15.723712921142578,
          "acoustic_entropy_side": 15.741771697998047,
          "hz": 8225.96088609342
        },
        {
          "acoustic_entropy": 15.743077278137207,
          "acoustic_entropy_side": 15.743906021118164,
          "hz": 9016.43338188839
        },
        {
          "acoustic_entropy": 15.744444847106934,
          "acoustic_entropy_side": 15.743852615356445,
          "hz": 9876.909183162974
        },
        {
          "acoustic_entropy": 15.74564266204834,
          "acoustic_entropy_side": 15.7452974319458,
          "hz": 10813.587699516042
        },
        {
          "acoustic_entropy": 15.743571281433105,
          "acoustic_entropy_side": 15.743206024169922,
          "hz": 11833.21735289826
        },
        {
          "acoustic_entropy": 15.74304485321045,
          "acoustic_entropy_side": 15.742804527282715,
          "hz": 12943.144197493959
        },
        {
          "acoustic_entropy": 15.743406295776367,
          "acoustic_entropy_side": 15.743400573730469,
          "hz": 14151.364845322005
        },
        {
          "acoustic_entropy": 15.743438720703125,
          "acoustic_entropy_side": 15.743415832519531,
          "hz": 15466.58407886509
        },
        {
          "acoustic_entropy": 15.74327278137207,
          "acoustic_entropy_side": 15.74327278137207,
          "hz": 16898.27756580493
        },
        {
          "acoustic_entropy": 15.743302345275879,
          "acoustic_entropy_side": 15.743297576904297,
          "hz": 18456.760127700032
        },
        {
          "acoustic_entropy": 15.743435859680176,
          "acoustic_entropy_side": 15.743416786193848,
          "hz": 20153.260054456492
        },
        {
          "acoustic_entropy": 15.743396759033203,
          "acoustic_entropy_side": 15.743396759033203,
          "hz": 22000.00000000001
        }
      ],
      "diff_acoustic_entropy": 9.047466278076172,
      "sn": 12
    },
    {
      "acoustic_entropy": 23.95707893371582,
      "acoustic_entropy_mono": 20.813385009765625,
      "band_eliminated_acoustic_entropies": [
        {
          "acoustic_entropy": 23.91292953491211,
          "acoustic_entropy_side": 23.96826934814453,
          "hz": 129.47220167065723
        },
        {
          "acoustic_entropy": 24.220905303955078,
          "acoustic_entropy_side": 24.016403198242188,
          "hz": 202.92927478742237
        },
        {
          "acoustic_entropy": 24.008346557617188,
          "acoustic_entropy_side": 23.8165283203125,
          "hz": 282.89161906338205
        },
        {
          "acoustic_entropy": 24.218461990356445,
          "acoustic_entropy_side": 24.14751625061035,
          "hz": 369.9353335868758
        },
        {
          "acoustic_entropy": 24.579923629760742,
          "acoustic_entropy_side": 24.807397842407227,
          "hz": 464.6875360973435
        },
        {
          "acoustic_entropy": 23.881729125976562,
          "acoustic_entropy_side": 23.813879013061523,
          "hz": 567.8308811364784
        },
        {
          "acoustic_entropy": 23.099761962890625,
          "acoustic_entropy_side": 23.84280776977539,
          "hz": 680.1084783214808
        },
        {
          "acoustic_entropy": 23.81593894958496,
          "acoustic_entropy_side": 23.7481746673584,
          "hz": 802.3292461747484
        },
        {
          "acoustic_entropy": 24.820369720458984,
          "acoustic_entropy_side": 24.646831512451172,
          "hz": 935.3737400823702
        },
        {
          "acoustic_entropy": 24.328840255737305,
          "acoustic_entropy_side": 24.21088981628418,
          "hz": 1080.2004963696966
        },
        {
          "acoustic_entropy": 23.738739013671875,
          "acoustic_entropy_side": 24.962614059448242,
          "hz": 1237.8529382007157
        },
        {
          "acoustic_entropy": 24.339540481567383,
          "acoustic_entropy_side": 24.201778411865234,
          "hz": 1409.4668930556702
        },
        {
          "acoustic_entropy": 24.053382873535156,
          "acoustic_entropy_side": 23.87824058532715,
          "hz": 1596.2787759475705
        },
        {
          "acoustic_entropy": 25.012483596801758,
          "acoustic_entropy_side": 24.495288848876953,
          "hz": 1799.6344973346393
        },
        {
          "acoustic_entropy": 23.59952735900879,
          "acoustic_entropy_side": 24.965349197387695,
          "hz": 2020.9991599069049
        },
        {
          "acoustic_entropy": 24.63616371154785,
          "acoustic_entropy_side": 25.003374099731445,
          "hz": 2261.9676141086993
        },
        {
          "acoustic_entropy": 23.893808364868164,
          "acoustic_entropy_side": 24.5417423248291,
          "hz": 2524.2759484456974
        },
        {
          "acoustic_entropy": 25.142309188842773,
          "acoustic_entropy_side": 23.58224868774414,
          "hz": 2809.813997359896
        },
        {
