{
  "acoustic_entropy": 155.2288055419922,
  "bands": [
    {
      "high_freq": 148.1999969482422,
      "loudness": -24.054853439331055,
      "loudness_range": 17.580371856689453,
      "mid_mean": -20.52572250366211,
      "mid_to_side_loudness": -26.164785385131836,
      "mid_to_side_loudness_range": 25.490345001220703,
      "side_mean": -47.28825759887695
    },
    {
      "high_freq": 392.3793640136719,
      "loudness": -26.90713119506836,
      "loudness_range": 15.284013748168945,
      "low_freq": 148.1999969482422,
      "mid_mean": -24.1438045501709,
      "mid_to_side_loudness": -7.397456169128418,
      "mid_to_side_loudness_range": 10.90567398071289,
      "side_mean": -31.425086975097656
    },
    {
      "high_freq": 794.6976318359375,
      "loudness": -21.645524978637695,
      "loudness_range": 18.41164207458496,
      "low_freq": 392.3793640136719,
      "mid_mean": -20.343320846557617,
      "mid_to_side_loudness": -2.4788849353790283,
      "mid_to_side_loudness_range": 11.343082427978516,
      "side_mean": -22.5817928314209
    },
    {
      "high_freq": 1457.5709228515625,
      "loudness": -29.397300720214844,
      "loudness_range": 16.384550094604492,
      "low_freq": 794.6976318359375,
      "mid_mean": -27.47283935546875,
      "mid_to_side_loudness": -3.3657066822052,
      "mid_to_side_loudness_range": 6.809240818023682,
      "side_mean": -30.851943969726562
    },
    {
      "high_freq": 2549.74365234375,
      "loudness": -32.972007751464844,
      "loudness_range": 16.847707748413086,
      "low_freq": 1457.5709228515625,
      "mid_mean": -31.757841110229492,
      "mid_to_side_loudness": -1.633451223373413,
      "mid_to_side_loudness_range": 7.03758430480957,
      "side_mean": -33.34306335449219
    },
    {
      "high_freq": 4349.24462890625,
      "loudness": -36.02873229980469,
      "loudness_range": 19.857967376708984,
      "low_freq": 2549.74365234375,
      "mid_mean": -34.085594177246094,
      "mid_to_side_loudness": -3.4628098011016846,
      "mid_to_side_loudness_range": 6.687685012817383,
      "side_mean": -37.52823257446289
    },
    {
      "high_freq": 7314.1640625,
      "loudness": -39.06283950805664,
      "loudness_range": 20.757205963134766,
      "low_freq": 4349.24462890625,
      "mid_mean": -36.42658233642578,
      "mid_to_side_loudness": -6.301198959350586,
      "mid_to_side_loudness_range": 8.67486572265625,
      "side_mean": -42.774253845214844
    },
    {
      "high_freq": 12199.2666015625,
      "loudness": -44.568077087402344,
      "loudness_range": 23.797420501708984,
      "low_freq": 7314.1640625,
      "mid_mean": -42.14685821533203,
      "mid_to_side_loudness": -5.438909530639648,
      "mid_to_side_loudness_range": 7.659813404083252,
      "side_mean": -47.512298583984375
    },
    {
      "loudness": -48.49869918823242,
      "loudness_range": 26.918067932128906,
      "low_freq": 12199.2666015625,
      "mid_mean": -46.880374908447266,
      "mid_to_side_loudness": -3.9572417736053467,
      "mid_to_side_loudness_range": 4.191682815551758,
      "side_mean": -51.21080017089844
    }
  ],
  "bands_short": [
    {
      "high_freq": 148.1999969482422,
      "loudness": -27.594463348388672,
      "loudness_range": 26.05748748779297,
      "mid_mean": -24.06324577331543,
      "mid_to_side_loudness": -27.225309371948242,
      "mid_to_side_loudness_range": 27.794893264770508,
      "side_mean": -52.83535385131836
    },
    {
      "high_freq": 392.3793640136719,
      "loudness": -27.283708572387695,
      "loudness_range": 18.476022720336914,
      "low_freq": 148.1999969482422,
      "mid_mean": -24.499155044555664,
      "mid_to_side_loudness": -8.538567543029785,
      "mid_to_side_loudness_range": 17.27470588684082,
      "side_mean": -33.28571319580078
    },
    {
      "high_freq": 794.6976318359375,
      "loudness": -23.629892349243164,
      "loudness_range": 23.29619598388672,
      "low_freq": 392.3793640136719,
      "mid_mean": -22.295299530029297,
      "mid_to_side_loudness": -2.826345205307007,
      "mid_to_side_loudness_range": 12.991960525512695,
      "side_mean": -24.670352935791016
    },
    {
      "high_freq": 1457.5709228515625,
      "loudness": -30.18927764892578,
      "loudness_range": 22.88238525390625,
      "low_freq": 794.6976318359375,
      "mid_mean": -28.583498001098633,
      "mid_to_side_loudness": -2.9947290420532227,
      "mid_to_side_loudness_range": 9.329026222229004,
      "side_mean": -31.44035530090332
    },
    {
      "high_freq": 2549.74365234375,
      "loudness": -35.0733757019043,
      "loudness_range": 22.408594131469727,
      "low_freq": 1457.5709228515625,
      "mid_mean": -33.82316589355469,
      "mid_to_side_loudness": -1.8887428045272827,
      "mid_to_side_loudness_range": 8.479066848754883,
      "side_mean": -35.681331634521484
    },
    {
      "high_freq": 4349.24462890625,
      "loudness": -37.89596939086914,
      "loudness_range": 25.63215446472168,
      "low_freq": 2549.74365234375,
      "mid_mean": -36.18973922729492,
      "mid_to_side_loudness": -3.085814952850342,
      "mid_to_side_loudness_range": 7.569326877593994,
      "side_mean": -39.173255920410156
    },
    {
      "high_freq": 7314.1640625,
      "loudness": -41.918190002441406,
      "loudness_range": 27.605436325073242,
      "low_freq": 4349.24462890625,
      "mid_mean": -39.57540512084961,
      "mid_to_side_loudness": -5.229518890380859,
      "mid_to_side_loudness_range": 9.3762788772583,
      "side_mean": -44.821083068847656
    },
    {
      "high_freq": 12199.2666015625,
      "loudness": -47.54454040527344,
      "loudness_range": 31.106182098388672,
      "low_freq": 7314.1640625,
      "mid_mean": -45.67081832885742,
      "mid_to_side_loudness": -4.802504539489746,
      "mid_to_side_loudness_range": 7.770084381103516,
      "side_mean": -50.764320373535156
    },
    {
      "loudness": -50.42487335205078,
      "loudness_range": 30.02529525756836,
      "low_freq": 12199.2666015625,
      "mid_mean": -51.54836654663086,
      "mid_to_side_loudness": -3.44350004196167,
      "mid_to_side_loudness_range": 4.701552867889404,
      "side_mean": -54.19316864013672
    }
  ],
  "bandwidth": 499.07830810546875,
  "channels": 2,
  "covariance": [
    [
      44.93650817871094,
      15.190985679626465,
      10.059155464172363,
      9.276168823242188,
      11.349139213562012,
      13.624488830566406,
      10.446158409118652,
      10.795604705810547,
      7.439888000488281,
      9.550765991210938,
      2.831754684448242,
      4.920487403869629,
      0.15857243537902832,
      2.3685078620910645,
      2.070065498352051,
      4.8805317878723145,
      3.5507559776306152,
      6.657544136047363
    ],
    [
      15.190985679626465,
      49.71154022216797,
      18.29384422302246,
      26.179244995117188,
      17.96091651916504,
      14.479954719543457,
      17.807748794555664,
      22.025188446044922,
      19.33852195739746,
      21.567428588867188,
      20.75399398803711,
      21.181934356689453,
      17.273273468017578,
      19.776792526245117,
      14.958639144897461,
      16.82034683227539,
      13.991286277770996,
      15.413543701171875
    ],
    [
      10.059155464172363,
      18.29384422302246,
      31.143783569335938,
      29.8935546875,
      22.983238220214844,
      17.425832748413086,
      19.671470642089844,
      20.82750129699707,
      20.28588104248047,
      20.76407241821289,
      20.56572151184082,
      20.893611907958984,
      17.91518211364746,
      20.53783416748047,
      18.069969177246094,
      20.42717742919922,
      18.7939453125,
      20.97287368774414
    ],
    [
      9.276168823242188,
      26.179244995117188,
      29.8935546875,
      44.92641067504883,
      25.20939826965332,
      19.31787872314453,
      20.80362319946289,
      24.805156707763672,
      23.064725875854492,
      23.94789695739746,
      23.594289779663086,
      24.593002319335938,
      20.903959274291992,
      25.054668426513672,
      22.216888427734375,
      26.071653366088867,
      24.125364303588867,
      26.08344268798828
    ],
    [
      11.349139213562012,
      17.96091651916504,
      22.983238220214844,
      25.20939826965332,
      44.51991653442383,
      40.5866584777832,
      26.94175148010254,
      30.944644927978516,
      29.155168533325195,
      32.78279495239258,
      22.971208572387695,
      26.320844650268555,
      14.312305450439453,
      17.890518188476562,
      13.36856746673584,
      15.012545585632324,
      13.952802658081055,
      15.802431106567383
    ],
    [
      13.624488830566406,
      14.479954719543457,
      17.425832748413086,
      19.31787872314453,
      40.5866584777832,
      53.375606536865234,
      28.808061599731445,
      34.25315856933594,
      29.03438377380371,
      35.82609558105469,
      20.08325958251953,
      24.886133193969727,
      8.875560760498047,
      13.618834495544434,
      8.454084396362305,
      10.1814603805542,
      9.364709854125977,
      11.51291275024414
    ],
    [
      10.446158409118652,
      17.807748794555664,
      19.671470642089844,
      20.80362319946289,
      26.94175148010254,
      28.808061599731445,
      34.805580139160156,
      33.47587966918945,
      28.334842681884766,
      30.605310440063477,
      22.478776931762695,
      25.09516143798828,
      14.629362106323242,
      19.532039642333984,
      14.75523567199707,
      17.89366340637207,
      16.02763557434082,
      17.491825103759766
    ],
    [
      10.795604705810547,
      22.025188446044922,
      20.82750129699707,
      24.805156707763672,
      30.944644927978516,
      34.25315856933594,
      33.47587966918945,
      41.17955780029297,
      29.939191818237305,
      33.88362121582031,
      24.369443893432617,
      27.75767707824707,
      15.454002380371094,
      20.91901397705078,
      14.955580711364746,
      18.621658325195312,
      15.891440391540527,
      18.587451934814453
    ],
    [
      7.439888000488281,
      19.33852195739746,
      20.28588104248047,
      23.064725875854492,
      29.155168533325195,
      29.03438377380371,
      28.334842681884766,
      29.939191818237305,
      34.29970932006836,
      34.525604248046875,
      30.660303115844727,
      32.27676010131836,
      22.697101593017578,
      27.392684936523438,
      22.018049240112305,
      24.2762393951416,
      22.49773597717285,
      22.41164207458496
    ],
    [
      9.550765991210938,
      21.567428588867188,
      20.76407241821289,
      23.94789695739746,
      32.78279495239258,
      35.82609558105469,
      30.605310440063477,
      33.88362121582031,
      34.525604248046875,
      41.96623992919922,
      29.87362289428711,
      33.038822174072266,
      19.47404670715332,
      25.404935836791992,
      18.760478973388672,
      21.122472763061523,
      19.304861068725586,
      19.509096145629883
    ],
    [
      2.831754684448242,
      20.75399398803711,
      20.56572151184082,
      23.594289779663086,
      22.971208572387695,
      20.08325958251953,
      22.478776931762695,
      24.369443893432617,
      30.660303115844727,
      29.87362289428711,
      47.258670806884766,
      45.339298248291016,
      42.948211669921875,
      50.26469039916992,
      43.0506706237793,
      47.60024642944336,
      42.96586608886719,
      43.158504486083984
    ],
    [
      4.920487403869629,
      21.181934356689453,
      20.893611907958984,
      24.593002319335938,
      26.320844650268555,
      24.886133193969727,
      25.09516143798828,
      27.75767707824707,
      32.27676010131836,
      33.038822174072266,
      45.339298248291016,
      49.74271011352539,
      38.56658172607422,
      49.526947021484375,
      40.0313835144043,
      47.12798309326172,
      41.4695930480957,
      42.74405288696289
    ],
    [
      0.15857243537902832,
      17.273273468017578,
      17.91518211364746,
      20.903959274291992,
      14.312305450439453,
      8.875560760498047,
      14.629362106323242,
      15.454002380371094,
      22.697101593017578,
      19.47404670715332,
      42.948211669921875,
      38.56658172607422,
      50.069766998291016,
      53.302433013916016,
      51.33164978027344,
      55.46269607543945,
      51.87611389160156,
      52.11848068237305
    ],
    [
      2.3685078620910645,
      19.776792526245117,
      20.53783416748047,
      25.054668426513672,
      17.890518188476562,
      13.618834495544434,
      19.532039642333984,
      20.91901397705078,
      27.392684936523438,
      25.404935836791992,
      50.26469039916992,
      49.526947021484375,
      53.302433013916016,
      66.58685302734375,
      59.89545822143555,
      70.45724487304688,
      64.23970031738281,
      65.74909210205078
    ],
    [
      2.070065498352051,
      14.958639144897461,
      18.069969177246094,
      22.216888427734375,
      13.36856746673584,
      8.454084396362305,
      14.75523567199707,
      14.955580711364746,
      22.018049240112305,
      18.760478973388672,
      43.0506706237793,
      40.0313835144043,
      51.33164978027344,
      59.89545822143555,
      63.053855895996094,
      71.06884765625,
      69.6061782836914,
      69.02699279785156
    ],
    [
      4.8805317878723145,
      16.82034683227539,
      20.42717742919922,
      26.071653366088867,
      15.012545585632324,
      10.1814603805542,
      17.89366340637207,
      18.621658325195312,
      24.2762393951416,
      21.122472763061523,
      47.60024642944336,
      47.12798309326172,
      55.46269607543945,
      70.45724487304688,
      71.06884765625,
      87.24809265136719,
      82.54657745361328,
      84.06368255615234
    ],
    [
      3.5507559776306152,
      13.991286277770996,
      18.7939453125,
      24.125364303588867,
      13.952802658081055,
      9.364709854125977,
      16.02763557434082,
      15.891440391540527,
      22.49773597717285,
      19.304861068725586,
      42.96586608886719,
      41.4695930480957,
      51.87611389160156,
      64.23970031738281,
      69.6061782836914,
      82.54657745361328,
      88.09405517578125,
      84.49728393554688
    ],
    [
      6.657544136047363,
      15.413543701171875,
      20.97287368774414,
      26.08344268798828,
      15.802431106567383,
      11.51291275024414,
      17.491825103759766,
      18.587451934814453,
      22.41164207458496,
      19.509096145629883,
      43.158504486083984,
      42.74405288696289,
      52.11848068237305,
      65.74909210205078,
      69.02699279785156,
      84.06368255615234,
      84.49728393554688,
      92.69649505615234
    ]
  ],
  "covariance_short": [
    [
      85.95410919189453,
      32.56025695800781,
      24.3033504486084,
      15.561525344848633,
      18.15761375427246,
      19.290283203125,
      18.161592483520508,
      18.73582649230957,
      15.83620548248291,
      18.41330909729004,
      12.27489185333252,
      12.906036376953125,
      9.769357681274414,
      11.310808181762695,
      12.518186569213867,
      16.482297897338867,
      16.323238372802734,
      15.882575988769531
    ],
    [
      32.56025695800781,
      56.163692474365234,
      22.597257614135742,
      29.921138763427734,
      24.05154037475586,
      22.3525333404541,
      25.526226043701172,
      28.509443283081055,
      25.0538330078125,
      28.414043426513672,
      23.705041885375977,
      23.859771728515625,
      19.366302490234375,
      21.678266525268555,
      18.589475631713867,
      26.281005859375,
      25.057477951049805,
      22.99040412902832
    ],
    [
      24.3033504486084,
      22.597257614135742,
      45.683082580566406,
      35.470947265625,
      32.713558197021484,
      27.829988479614258,
      32.409523010253906,
      31.775178909301758,
      30.397939682006836,
      31.12156867980957,
      25.81181526184082,
      25.01426887512207,
      21.65579605102539,
      22.437210083007812,
      22.622730255126953,
      24.236318588256836,
      24.864765167236328,
      23.018817901611328
    ],
    [
      15.561525344848633,
      29.921138763427734,
      35.470947265625,
      67.67517852783203,
      39.81803894042969,
      33.08290481567383,
      37.026641845703125,
      41.265052795410156,
      39.15186309814453,
      40.97187805175781,
      37.448917388916016,
      37.314308166503906,
      33.463775634765625,
      36.5035400390625,
      35.3088493347168,
      38.30364990234375,
      37.59521484375,
      35.45486068725586
    ],
    [
      18.15761375427246,
      24.05154037475586,
      32.713558197021484,
      39.81803894042969,
      67.03050231933594,
      59.65913772583008,
      46.662349700927734,
      50.69780731201172,
      46.78522872924805,
      51.50212860107422,
      37.76231002807617,
      39.22157287597656,
      23.669431686401367,
      27.433074951171875,
      22.260608673095703,
      24.051443099975586,
      23.5047550201416,
      21.852130889892578
    ],
    [
      19.290283203125,
      22.3525333404541,
      27.829988479614258,
      33.08290481567383,
      59.65913772583008,
      75.21367645263672,
      47.87931823730469,
      55.157562255859375,
      46.07788848876953,
      53.80795669555664,
      34.13629150390625,
      38.15190887451172,
      17.23143768310547,
      23.145614624023438,
      16.197938919067383,
      18.873682022094727,
      18.333003997802734,
      17.20755386352539
    ],
    [
      18.161592483520508,
      25.526226043701172,
      32.409523010253906,
      37.026641845703125,
      46.662349700927734,
      47.87931823730469,
      59.674461364746094,
      57.41297912597656,
      49.082374572753906,
      51.67047882080078,
      40.630279541015625,
      41.53096008300781,
      28.887968063354492,
      33.717464447021484,
      28.4306583404541,
      31.256803512573242,
      29.941003799438477,
      28.081809997558594
    ],
    [
      18.73582649230957,
      28.509443283081055,
      31.775178909301758,
      41.265052795410156,
      50.69780731201172,
      55.157562255859375,
      57.41297912597656,
      70.6520767211914,
      51.282962799072266,
      58.15806579589844,
      42.117584228515625,
      44.64231491088867,
      28.718887329101562,
      35.0786247253418,
      27.86741828918457,
      31.641342163085938,
      29.534400939941406,
      28.22684669494629
    ],
    [
      15.83620548248291,
      25.0538330078125,
      30.397939682006836,
      39.15186309814453,
      46.78522872924805,
      46.07788848876953,
      49.082374572753906,
      51.282962799072266,
      58.64562225341797,
      56.09278869628906,
      51.81419372558594,
      50.966773986816406,
      40.18830108642578,
      44.069847106933594,
      39.371341705322266,
      39.196048736572266,
      38.47562026977539,
      35.55835723876953
    ],
    [
      18.41330909729004,
      28.414043426513672,
      31.12156867980957,
      40.97187805175781,
      51.50212860107422,
      53.80795669555664,
      51.67047882080078,
      58.15806579589844,
      56.09278869628906,
      66.55828857421875,
      50.00791549682617,
      51.90314483642578,
      35.528038024902344,
      41.683982849121094,
      34.31691360473633,
      35.996490478515625,
      34.410701751708984,
      32.52254867553711
    ],
    [
      12.27489185333252,
      23.705041885375977,
      25.81181526184082,
      37.448917388916016,
      37.76231002807617,
      34.13629150390625,
      40.630279541015625,
      42.117584228515625,
      51.81419372558594,
      50.00791549682617,
      76.71956634521484,
      71.04535675048828,
      71.13117980957031,
      75.77053833007812,
      71.94456481933594,
      73.6152572631836,
      70.1581039428711,
      65.3504638671875
    ],
    [
      12.906036376953125,
      23.859771728515625,
      25.01426887512207,
      37.314308166503906,
      39.22157287597656,
      38.15190887451172,
      41.53096008300781,
      44.64231491088867,
      50.966773986816406,
      51.90314483642578,
      71.04535675048828,
      75.17044067382812,
      63.23224639892578,
      72.94412231445312,
      65.13045501708984,
      70.39021301269531,
      65.12408447265625,
      62.562583923339844
    ],
    [
      9.769357681274414,
      19.366302490234375,
      21.65579605102539,
      33.463775634765625,
      23.669431686401367,
      17.23143768310547,
      28.887968063354492,
      28.718887329101562,
      40.18830108642578,
      35.528038024902344,
      71.13117980957031,
      63.23224639892578,
      86.92787170410156,
      84.81629943847656,
      90.3563003540039,
      90.89053344726562,
      88.86557006835938,
      82.33930206298828
    ],
    [
      11.310808181762695,
      21.678266525268555,
      22.437210083007812,
      36.5035400390625,
      27.433074951171875,
      23.145614624023438,
      33.717464447021484,
      35.0786247253418,
      44.069847106933594,
      41.683982849121094,
      75.77053833007812,
      72.94412231445312,
      84.81629943847656,
      95.13475799560547,
      92.47245788574219,
      99.96368408203125,
      94.29180145263672,
      90.15473175048828
    ],
    [
      12.518186569213867,
      18.589475631713867,
      22.622730255126953,
      35.3088493347168,
      22.260608673095703,
      16.197938919067383,
      28.4306583404541,
      27.86741828918457,
      39.371341705322266,
      34.31691360473633,
      71.94456481933594,
      65.13045501708984,
      90.3563003540039,
      92.47245788574219,
      108.13292694091797,
      109.82151794433594,
      110.29452514648438,
      102.81887817382812
    ],
    [
      16.482297897338867,
      26.281005859375,
      24.236318588256836,
      38.30364990234375,
      24.051443099975586,
      18.873682022094727,
      31.256803512573242,
      31.641342163085938,
      39.196048736572266,
      35.996490478515625,
      73.6152572631836,
      70.39021301269531,
      90.89053344726562,
      99.96368408203125,
      109.82151794433594,
      127.98238372802734,
      123.81743621826172,
      117.92298889160156
    ],
    [
      16.323238372802734,
      25.057477951049805,
      24.864765167236328,
      37.59521484375,
      23.5047550201416,
      18.333003997802734,
      29.941003799438477,
      29.534400939941406,
      38.47562026977539,
      34.410701751708984,
      70.1581039428711,
      65.12408447265625,
      88.86557006835938,
      94.29180145263672,
      110.29452514648438,
      123.81743621826172,
      128.95654296875,
      119.8664321899414
    ],
    [
      15.882575988769531,
      22.99040412902832,
      23.018817901611328,
      35.45486068725586,
      21.852130889892578,
      17.20755386352539,
      28.081809997558594,
      28.22684669494629,
      35.55835723876953,
      32.52254867553711,
      65.3504638671875,
      62.562583923339844,
      82.33930206298828,
      90.15473175048828,
      102.81887817382812,
      117.92298889160156,
      119.8664321899414,
      114.23096466064453
    ]
  ],
  "damage": -4.482169151306152,
  "diff_bandwidth": 492.12591552734375,
  "dissonance": 6.136750252619539,
  "drr": 9.793720245361328,
  "dynamics": 3.9340426921844482,
  "format": 1245190,
  "frames": 13412288,
  "loudness": -13.054888725280762,
  "loudness_range": 9.609064102172852,
  "loudness_range_short": 15.530523300170898,
  "lowpass_true_peak_15khz": -0.10543879866600037,
  "mastering3_acoustic_entropies": [
    {
      "acoustic_entropy": 7.686050891876221,
      "acoustic_entropy_mono": 6.507606029510498,
      "band_eliminated_acoustic_entropies": [
        {
          "acoustic_entropy": 7.691141128540039,
          "acoustic_entropy_side": 7.686069011688232,
          "hz": 129.47220167065723
        },
        {
          "acoustic_entropy": 6.880910873413086,
          "acoustic_entropy_side": 7.694103240966797,
          "hz": 202.92927478742237
        },
        {
          "acoustic_entropy": 7.589524269104004,
          "acoustic_entropy_side": 7.678194999694824,
          "hz": 282.89161906338205
        },
        {
          "acoustic_entropy": 7.355899810791016,
          "acoustic_entropy_side": 7.646566867828369,
          "hz": 369.9353335868758
        },
        {
          "acoustic_entropy": 7.1600165367126465,
          "acoustic_entropy_side": 7.590735912322998,
          "hz": 464.6875360973435
        },
        {
          "acoustic_entropy": 6.264718055725098,
          "acoustic_entropy_side": 6.794715404510498,
          "hz": 567.8308811364784
        },
        {
          "acoustic_entropy": 6.418073654174805,
          "acoustic_entropy_side": 7.322877407073975,
          "hz": 680.1084783214808
        },
        {
          "acoustic_entropy": 7.392983436584473,
          "acoustic_entropy_side": 7.3690714836120605,
          "hz": 802.3292461747484
        },
        {
          "acoustic_entropy": 6.453230857849121,
          "acoustic_entropy_side": 6.596111297607422,
          "hz": 935.3737400823702
        },
        {
          "acoustic_entropy": 7.596182346343994,
          "acoustic_entropy_side": 7.882724285125732,
          "hz": 1080.2004963696966
        },
        {
          "acoustic_entropy": 7.419043064117432,
          "acoustic_entropy_side": 7.785325050354004,
          "hz": 1237.8529382007157
        },
        {
          "acoustic_entropy": 7.340961933135986,
          "acoustic_entropy_side": 7.706598281860352,
          "hz": 1409.4668930556702
        },
        {
          "acoustic_entropy": 7.636501312255859,
          "acoustic_entropy_side": 7.647144794464111,
          "hz": 1596.2787759475705
        },
        {
          "acoustic_entropy": 7.687604904174805,
          "acoustic_entropy_side": 7.693490982055664,
          "hz": 1799.6344973346393
        },
        {
          "acoustic_entropy": 7.883410930633545,
          "acoustic_entropy_side": 7.833654403686523,
          "hz": 2020.9991599069049
        },
        {
          "acoustic_entropy": 7.7571563720703125,
          "acoustic_entropy_side": 7.754542827606201,
          "hz": 2261.9676141086993
        },
        {
          "acoustic_entropy": 7.7068281173706055,
          "acoustic_entropy_side": 7.680266857147217,
          "hz": 2524.2759484456974
        },
        {
          "acoustic_entropy": 7.728555679321289,
          "acoustic_entropy_side": 7.68693733215332,
          "hz": 2809.813997359896
        },
        {
          "acoustic_entropy": 7.678150653839111,
          "acoustic_entropy_side": 7.658255100250244,
          "hz": 3120.6389567871424
        },
        {
          "acoustic_entropy": 7.671703815460205,
          "acoustic_entropy_side": 7.676822185516357,
          "hz": 3458.990205492291
        },
        {
          "acoustic_entropy": 7.72464656829834,
          "acoustic_entropy_side": 7.6826558113098145,
          "hz": 3827.305438964164
        },
        {
          "acoustic_entropy": 7.756918907165527,
          "acoustic_entropy_side": 7.692207336425781,
          "hz": 4228.238232109126
        },
        {
          "acoustic_entropy": 7.7112650871276855,
          "acoustic_entropy_side": 7.6884026527404785,
          "hz": 4664.6771572759235
        },
        {
          "acoustic_entropy": 7.74758243560791,
          "acoustic_entropy_side": 7.699912071228027,
          "hz": 5139.766595350093
        },
        {
          "acoustic_entropy": 7.7263641357421875,
          "acoustic_entropy_side": 7.693838596343994,
          "hz": 5656.929389854203
        },
        {
          "acoustic_entropy": 7.718417644500732,
          "acoustic_entropy_side": 7.691519260406494,
          "hz": 6219.891507268283
        },
        {
          "acoustic_entropy": 7.728773593902588,
          "acoustic_entropy_side": 7.691124439239502,
          "hz": 6832.70888123896
        },
        {
          "acoustic_entropy": 7.709881782531738,
          "acoustic_entropy_side": 7.689661026000977,
          "hz": 7499.796634079867
        },
        {
          "acoustic_entropy": 7.699690341949463,
          "acoustic_entropy_side": 7.690145969390869,
          "hz": 8225.96088609342
        },
        {
          "acoustic_entropy": 7.697068691253662,
          "acoustic_entropy_side": 7.690561771392822,
          "hz": 9016.43338188839
        },
        {
          "acoustic_entropy": 7.696735858917236,
          "acoustic_entropy_side": 7.689794540405273,
          "hz": 9876.909183162974
        },
        {
          "acoustic_entropy": 7.70422887802124,
          "acoustic_entropy_side": 7.686598300933838,
          "hz": 10813.587699516042
        },
        {
          "acoustic_entropy": 7.70678186416626,
          "acoustic_entropy_side": 7.686724662780762,
          "hz": 11833.21735289826
        },
        {
          "acoustic_entropy": 7.7086615562438965,
          "acoustic_entropy_side": 7.687061309814453,
          "hz": 12943.144197493959
        },
        {
          "acoustic_entropy": 7.709141731262207,
          "acoustic_entropy_side": 7.687211513519287,
          "hz": 14151.364845322005
        },
        {
          "acoustic_entropy": 7.709733963012695,
          "acoustic_entropy_side": 7.687121391296387,
          "hz": 15466.58407886509
        },
        {
          "acoustic_entropy": 7.70820426940918,
          "acoustic_entropy_side": 7.686952114105225,
          "hz": 16898.27756580493
        },
        {
          "acoustic_entropy": 7.702364444732666,
          "acoustic_entropy_side": 7.686570167541504,
          "hz": 18456.760127700032
        },
        {
          "acoustic_entropy": 7.6943359375,
          "acoustic_entropy_side": 7.686247825622559,
          "hz": 20153.260054456492
        },
        {
          "acoustic_entropy": 7.686485290527344,
          "acoustic_entropy_side": 7.686069488525391,
          "hz": 22000.00000000001
        }
      ],
      "diff_acoustic_entropy": 6.329648017883301,
      "sn": 6
    },
    {
      "acoustic_entropy": 11.317314147949219,
      "acoustic_entropy_mono": 10.12295150756836,
      "band_eliminated_acoustic_entropies": [
        {
          "acoustic_entropy": 12.102925300598145,
          "acoustic_entropy_side": 11.316734313964844,
          "hz": 129.47220167065723
        },
        {
          "acoustic_entropy": 12.054487228393555,
          "acoustic_entropy_side": 11.182947158813477,
          "hz": 202.92927478742237
        },
        {
          "acoustic_entropy": 11.394137382507324,
          "acoustic_entropy_side": 11.060399055480957,
          "hz": 282.89161906338205
        },
        {
          "acoustic_entropy": 11.41968059539795,
          "acoustic_entropy_side": 11.261693000793457,
          "hz": 369.9353335868758
        },
        {
          "acoustic_entropy": 10.866432189941406,
          "acoustic_entropy_side": 11.281363487243652,
          "hz": 464.6875360973435
        },
        {
          "acoustic_entropy": 10.907393455505371,
          "acoustic_entropy_side": 10.787747383117676,
          "hz": 567.8308811364784
        },
        {
          "acoustic_entropy": 10.856759071350098,
          "acoustic_entropy_side": 11.566357612609863,
          "hz": 680.1084783214808
        },
        {
          "acoustic_entropy": 10.817497253417969,
          "acoustic_entropy_side": 11.018308639526367,
          "hz": 802.3292461747484
        },
        {
          "acoustic_entropy": 10.265867233276367,
          "acoustic_entropy_side": 11.559443473815918,
          "hz": 935.3737400823702
        },
        {
          "acoustic_entropy": 10.887588500976562,
          "acoustic_entropy_side": 11.372852325439453,
          "hz": 1080.2004963696966
        },
        {
          "acoustic_entropy": 11.27833080291748,
          "acoustic_entropy_side": 11.175121307373047,
          "hz": 1237.8529382007157
        },
        {
          "acoustic_entropy": 11.640350341796875,
          "acoustic_entropy_side": 11.210897445678711,
          "hz": 1409.4668930556702
        },
        {
          "acoustic_entropy": 11.237268447875977,
          "acoustic_entropy_side": 11.174424171447754,
          "hz": 1596.2787759475705
        },
        {
          "acoustic_entropy": 10.952335357666016,
          "acoustic_entropy_side": 11.127565383911133,
          "hz": 1799.6344973346393
        },
        {
          "acoustic_entropy": 11.4149808883667,
          "acoustic_entropy_side": 11.318412780761719,
          "hz": 2020.9991599069049
        },
        {
          "acoustic_entropy": 11.328165054321289,
          "acoustic_entropy_side": 11.285059928894043,
          "hz": 2261.9676141086993
        },
        {
          "acoustic_entropy": 11.249594688415527,
          "acoustic_entropy_side": 11.360328674316406,
          "hz": 2524.2759484456974
        },
        {
          "acoustic_entropy": 11.456768035888672,
          "acoustic_entropy_side": 11.366350173950195,
          "hz": 2809.813997359896
        },
        {
          "acoustic_entropy": 11.240558624267578,
          "acoustic_entropy_side": 11.296031951904297,
          "hz": 3120.6389567871424
        },
        {
          "acoustic_entropy": 11.415506362915039,
          "acoustic_entropy_side": 11.372644424438477,
          "hz": 3458.990205492291
        },
        {
          "acoustic_entropy": 11.2875394821167,
          "acoustic_entropy_side": 11.301697731018066,
          "hz": 3827.305438964164
        },
        {
          "acoustic_entropy": 11.105775833129883,
          "acoustic_entropy_side": 11.203791618347168,
          "hz": 4228.238232109126
        },
        {
          "acoustic_entropy": 11.256994247436523,
          "acoustic_entropy_side": 11.26659870147705,
          "hz": 4664.6771572759235
        },
        {
          "acoustic_entropy": 11.300156593322754,
          "acoustic_entropy_side": 11.29210376739502,
          "hz": 5139.766595350093
        },
        {
          "acoustic_entropy": 11.278160095214844,
          "acoustic_entropy_side": 11.266623497009277,
          "hz": 5656.929389854203
        },
        {
          "acoustic_entropy": 11.287046432495117,
          "acoustic_entropy_side": 11.274580001831055,
          "hz": 6219.891507268283
        },
        {
          "acoustic_entropy": 11.24953842163086,
          "acoustic_entropy_side": 11.253535270690918,
          "hz": 6832.70888123896
        },
        {
          "acoustic_entropy": 11.324841499328613,
          "acoustic_entropy_side": 11.301959991455078,
          "hz": 7499.796634079867
        },
        {
          "acoustic_entropy": 11.343440055847168,
          "acoustic_entropy_side": 11.314427375793457,
          "hz": 8225.96088609342
        },
        {
          "acoustic_entropy": 11.330745697021484,
          "acoustic_entropy_side": 11.305041313171387,
          "hz": 9016.43338188839
        },
        {
          "acoustic_entropy": 11.342567443847656,
          "acoustic_entropy_side": 11.312837600708008,
          "hz": 9876.909183162974
        },
        {
          "acoustic_entropy": 11.351462364196777,
          "acoustic_entropy_side": 11.325284957885742,
          "hz": 10813.587699516042
        },
        {
          "acoustic_entropy": 11.346573829650879,
          "acoustic_entropy_side": 11.328327178955078,
          "hz": 11833.21735289826
        },
        {
          "acoustic_entropy": 11.342710494995117,
          "acoustic_entropy_side": 11.329057693481445,
          "hz": 12943.144197493959
        },
        {
          "acoustic_entropy": 11.339277267456055,
          "acoustic_entropy_side": 11.329255104064941,
          "hz": 14151.364845322005
        },
        {
          "acoustic_entropy": 11.315933227539062,
          "acoustic_entropy_side": 11.330266952514648,
          "hz": 15466.58407886509
        },
        {
          "acoustic_entropy": 11.327815055847168,
          "acoustic_entropy_side": 11.33117961883545,
          "hz": 16898.27756580493
        },
        {
          "acoustic_entropy": 11.340137481689453,
          "acoustic_entropy_side": 11.330692291259766,
          "hz": 18456.760127700032
        },
        {
          "acoustic_entropy": 11.335271835327148,
          "acoustic_entropy_side": 11.32744026184082,
          "hz": 20153.260054456492
        },
        {
          "acoustic_entropy": 11.32147216796875,
          "acoustic_entropy_side": 11.318739891052246,
          "hz": 22000.00000000001
        }
      ],
      "diff_acoustic_entropy": 10.794981002807617,
      "sn": 12
    },
    {
      "acoustic_entropy": 18.773792266845703,
      "acoustic_entropy_mono": 17.916187286376953,
      "band_eliminated_acoustic_entropies": [
        {
          "acoustic_entropy": 19.169103622436523,
          "acoustic_entropy_side": 18.743379592895508,
          "hz": 129.47220167065723
        },
        {
          "acoustic_entropy": 20.054872512817383,
          "acoustic_entropy_side": 19.1243896484375,
          "hz": 202.92927478742237
        },
        {
          "acoustic_entropy": 19.0634822845459,
          "acoustic_entropy_side": 18.70969581604004,
          "hz": 282.89161906338205
        },
        {
          "acoustic_entropy": 18.151317596435547,
          "acoustic_entropy_side": 18.364131927490234,
          "hz": 369.9353335868758
        },
        {
          "acoustic_entropy": 18.72210121154785,
          "acoustic_entropy_side": 19.111385345458984,
          "hz": 464.6875360973435
        },
        {
          "acoustic_entropy": 19.662057876586914,
          "acoustic_entropy_side": 20.435510635375977,
          "hz": 567.8308811364784
        },
        {
          "acoustic_entropy": 19.24190330505371,
          "acoustic_entropy_side": 19.025856018066406,
          "hz": 680.1084783214808
        },
        {
          "acoustic_entropy": 19.747968673706055,
          "acoustic_entropy_side": 19.106571197509766,
          "hz": 802.3292461747484
        },
        {
          "acoustic_entropy": 18.60651397705078,
          "acoustic_entropy_side": 19.141332626342773,
          "hz": 935.3737400823702
        },
        {
          "acoustic_entropy": 17.841184616088867,
          "acoustic_entropy_side": 18.751541137695312,
          "hz": 1080.2004963696966
        },
        {
          "acoustic_entropy": 19.015419006347656,
          "acoustic_entropy_side": 18.42173957824707,
          "hz": 1237.8529382007157
        },
        {
          "acoustic_entropy": 19.08816909790039,
          "acoustic_entropy_side": 18.532556533813477,
          "hz": 1409.4668930556702
        },
        {
          "acoustic_entropy": 19.23105239868164,
          "acoustic_entropy_side": 18.404422760009766,
          "hz": 1596.2787759475705
        },
        {
          "acoustic_entropy": 18.66643524169922,
          "acoustic_entropy_side": 18.77076530456543,
          "hz": 1799.6344973346393
        },
        {
          "acoustic_entropy": 18.702804565429688,
          "acoustic_entropy_side": 18.538639068603516,
          "hz": 2020.9991599069049
        },
        {
          "acoustic_entropy": 19.098316192626953,
          "acoustic_entropy_side": 19.576486587524414,
          "hz": 2261.9676141086993
        },
        {
          "acoustic_entropy": 18.297183990478516,
          "acoustic_entropy_side": 18.140804290771484,
          "hz": 2524.2759484456974
        },
        {
          "acoustic_entropy": 18.573429107666016,
          "acoustic_entropy_side": 18.37205696105957,
          "hz": 2809.813997359896
        },
        {
          "acoustic_entropy": 19.506603240966797,
          "acoustic_entropy_side": 19.349445343017578,
          "hz": 3120.6389567871424
