{
  "acoustic_entropy": 112.16567993164062,
  "bands": [
    {
      "high_freq": 148.1999969482422,
      "loudness": -31.1298770904541,
      "loudness_range": 18.804447174072266,
      "mid_mean": -27.4820499420166,
      "mid_to_side_loudness": -32.19660186767578,
      "mid_to_side_loudness_range": 0.7047328948974609,
      "side_mean": -59.198020935058594
    },
    {
      "high_freq": 392.3793640136719,
      "loudness": -26.174057006835938,
      "loudness_range": 16.083600997924805,
      "low_freq": 148.1999969482422,
      "mid_mean": -22.5012149810791,
      "mid_to_side_loudness": -32.00101089477539,
      "mid_to_side_loudness_range": 2.2854881286621094,
      "side_mean": -54.74411392211914
    },
    {
      "high_freq": 794.6976318359375,
      "loudness": -28.395357131958008,
      "loudness_range": 21.136577606201172,
      "low_freq": 392.3793640136719,
      "mid_mean": -24.749603271484375,
      "mid_to_side_loudness": -31.921682357788086,
      "mid_to_side_loudness_range": 3.6789302825927734,
      "side_mean": -56.76728820800781
    },
    {
      "high_freq": 1457.5709228515625,
      "loudness": -41.9076042175293,
      "loudness_range": 29.47793197631836,
      "low_freq": 794.6976318359375,
      "mid_mean": -38.253082275390625,
      "mid_to_side_loudness": -31.66910171508789,
      "mid_to_side_loudness_range": 5.146720886230469,
      "side_mean": -65.43999481201172
    },
    {
      "high_freq": 2549.74365234375,
      "loudness": -47.456417083740234,
      "loudness_range": 30.611112594604492,
      "low_freq": 1457.5709228515625,
      "mid_mean": -43.75857925415039,
      "mid_to_side_loudness": -32.10890197753906,
      "mid_to_side_loudness_range": 6.482076644897461,
      "side_mean": -67.26099395751953
    },
    {
      "high_freq": 4349.24462890625,
      "loudness": -55.2763557434082,
      "loudness_range": 25.556182861328125,
      "low_freq": 2549.74365234375,
      "mid_mean": -51.97300338745117,
      "mid_to_side_loudness": -32.47058868408203,
      "mid_to_side_loudness_range": 8.630041122436523,
      "side_mean": -69.23721313476562
    },
    {
      "high_freq": 7314.1640625,
      "loudness": -62.908470153808594,
      "loudness_range": 30.154319763183594,
      "low_freq": 4349.24462890625,
      "mid_mean": -58.4305534362793,
      "mid_to_side_loudness": -32.32462692260742,
      "mid_to_side_loudness_range": 8.368263244628906,
      "side_mean": -69.67108154296875
    },
    {
      "high_freq": 12199.2666015625,
      "loudness": -69.17520904541016,
      "loudness_range": 27.289730072021484,
      "low_freq": 7314.1640625,
      "mid_mean": -63.15498733520508,
      "mid_to_side_loudness": -36.138153076171875,
      "mid_to_side_loudness_range": 16.4997615814209,
      "side_mean": -69.93824768066406
    },
    {
      "loudness": -75.23238372802734,
      "loudness_range": 20.546878814697266,
      "low_freq": 12199.2666015625,
      "mid_mean": -67.39170837402344,
      "mid_to_side_loudness": -43.36089324951172,
      "mid_to_side_loudness_range": 20.481597900390625,
      "side_mean": -69.99618530273438
    }
  ],
  "bands_short": [
    {
      "high_freq": 148.1999969482422,
      "loudness": -34.29298782348633,
      "loudness_range": 25.622478485107422,
      "mid_mean": -30.700319290161133,
      "mid_to_side_loudness": -32.17768859863281,
      "mid_to_side_loudness_range": 1.8660659790039062,
      "side_mean": -61.37187576293945
    },
    {
      "high_freq": 392.3793640136719,
      "loudness": -26.765100479125977,
      "loudness_range": 17.557331085205078,
      "low_freq": 148.1999969482422,
      "mid_mean": -23.111053466796875,
      "mid_to_side_loudness": -32.01345443725586,
      "mid_to_side_loudness_range": 2.7640304565429688,
      "side_mean": -55.32635498046875
    },
    {
      "high_freq": 794.6976318359375,
      "loudness": -29.657081604003906,
      "loudness_range": 24.70137596130371,
      "low_freq": 392.3793640136719,
      "mid_mean": -26.11148452758789,
      "mid_to_side_loudness": -31.703935623168945,
      "mid_to_side_loudness_range": 5.062843322753906,
      "side_mean": -57.93319320678711
    },
    {
      "high_freq": 1457.5709228515625,
      "loudness": -42.775787353515625,
      "loudness_range": 33.54547119140625,
      "low_freq": 794.6976318359375,
      "mid_mean": -39.23469161987305,
      "mid_to_side_loudness": -31.488330841064453,
      "mid_to_side_loudness_range": 6.53618049621582,
      "side_mean": -65.53793334960938
    },
    {
      "high_freq": 2549.74365234375,
      "loudness": -49.650028228759766,
      "loudness_range": 31.589553833007812,
      "low_freq": 1457.5709228515625,
      "mid_mean": -46.21232223510742,
      "mid_to_side_loudness": -31.702966690063477,
      "mid_to_side_loudness_range": 7.771318435668945,
      "side_mean": -67.7177963256836
    },
    {
      "high_freq": 4349.24462890625,
      "loudness": -56.29661178588867,
      "loudness_range": 27.9283447265625,
      "low_freq": 2549.74365234375,
      "mid_mean": -53.21623229980469,
      "mid_to_side_loudness": -31.546140670776367,
      "mid_to_side_loudness_range": 8.650543212890625,
      "side_mean": -69.29031372070312
    },
    {
      "high_freq": 7314.1640625,
      "loudness": -64.15254211425781,
      "loudness_range": 29.91283416748047,
      "low_freq": 4349.24462890625,
      "mid_mean": -59.40793991088867,
      "mid_to_side_loudness": -31.384765625,
      "mid_to_side_loudness_range": 9.140802383422852,
      "side_mean": -69.71904754638672
    },
    {
      "high_freq": 12199.2666015625,
      "loudness": -70.32624053955078,
      "loudness_range": 26.097991943359375,
      "low_freq": 7314.1640625,
      "mid_mean": -63.95167922973633,
      "mid_to_side_loudness": -34.71324920654297,
      "mid_to_side_loudness_range": 17.623748779296875,
      "side_mean": -69.94330596923828
    },
    {
      "loudness": -75.6086196899414,
      "loudness_range": 19.494922637939453,
      "low_freq": 12199.2666015625,
      "mid_mean": -67.69524383544922,
      "mid_to_side_loudness": -57.273170471191406,
      "mid_to_side_loudness_range": 39.676971435546875,
      "side_mean": -69.99618530273438
    }
  ],
  "bandwidth": 493.9739685058594,
  "channels": 2,
  "covariance": [
    [
      44.25408172607422,
      33.89353942871094,
      2.8676400184631348,
      3.386159658432007,
      -0.1671542078256607,
      1.521912932395935,
      2.805976390838623,
      0.9351045489311218,
      2.2289769649505615,
      -0.8041499257087708,
      1.4746781587600708,
      -0.594460129737854,
      -0.032535601407289505,
      -0.010529214516282082,
      -1.0942612886428833,
      0.04385249689221382,
      -1.0678950548171997,
      0.0023698341101408005
    ],
    [
      33.89353942871094,
      30.389062881469727,
      1.749692678451538,
      5.252821445465088,
      -0.7550594210624695,
      3.199183702468872,
      2.201336145401001,
      1.6133805513381958,
      1.528759479522705,
      -0.17856553196907043,
      4.444811820983887,
      -0.3227693736553192,
      1.8843486309051514,
      0.04573961719870567,
      0.4838879704475403,
      0.04584037885069847,
      -0.32842060923576355,
      0.002444653771817684
    ],
    [
      2.8676400184631348,
      1.749692678451538,
      33.90644836425781,
      30.44404411315918,
      16.440959930419922,
      16.475242614746094,
      14.816545486450195,
      3.558483839035034,
      14.309464454650879,
      0.46741384267807007,
      18.227365493774414,
      -0.6138356328010559,
      14.61876106262207,
      -0.6932149529457092,
      9.273094177246094,
      -0.1512240618467331,
      2.549053907394409,
      -0.0157834030687809
    ],
    [
      3.386159658432007,
      5.252821445465088,
      30.44404411315918,
      34.391517639160156,
      14.671323776245117,
      20.14826011657715,
      12.48398208618164,
      4.904071807861328,
      13.0265474319458,
      1.3367475271224976,
      22.263517379760742,
      -0.3416299521923065,
      16.99602508544922,
      -0.5351836681365967,
      10.5782470703125,
      -0.11844824254512787,
      3.1665096282958984,
      -0.012939137406647205
    ],
    [
      -0.1671542078256607,
      -0.7550594210624695,
      16.440959930419922,
      14.671323776245117,
      52.55992126464844,
      44.53608322143555,
      45.46696472167969,
      21.800453186035156,
      51.297607421875,
      18.605453491210938,
      44.19141387939453,
      5.611515045166016,
      36.207069396972656,
      2.7430436611175537,
      27.158721923828125,
      0.5424695611000061,
      13.339752197265625,
      0.034687913954257965
    ],
    [
      1.521912932395935,
      3.199183702468872,
      16.475242614746094,
      20.14826011657715,
      44.53608322143555,
      45.63702392578125,
      41.18490219116211,
      21.226163864135742,
      46.74380111694336,
      17.762033462524414,
      45.70059585571289,
      5.257369041442871,
      36.32139587402344,
      2.544485092163086,
      26.505474090576172,
      0.5006474256515503,
      12.745063781738281,
      0.03195490688085556
    ],
    [
      2.805976390838623,
      2.201336145401001,
      14.816545486450195,
      12.48398208618164,
      45.46696472167969,
      41.18490219116211,
      85.4369888305664,
      45.063743591308594,
      81.45012664794922,
      34.262874603271484,
      61.0133171081543,
      11.065214157104492,
      52.45235061645508,
      6.077727794647217,
      42.26702117919922,
      1.1947895288467407,
      23.39453887939453,
      0.0794212743639946
    ],
    [
      0.9351045489311218,
      1.6133805513381958,
      3.558483839035034,
      4.904071807861328,
      21.800453186035156,
      21.226163864135742,
      45.063743591308594,
      27.826948165893555,
      46.25080108642578,
      22.536006927490234,
      35.465824127197266,
      7.589751720428467,
      33.17215347290039,
      4.35500431060791,
      26.799245834350586,
      0.8639097809791565,
      15.36096477508545,
      0.058570049703121185
    ],
    [
      2.2289769649505615,
      1.528759479522705,
      14.309464454650879,
      13.0265474319458,
      51.297607421875,
      46.74380111694336,
      81.45012664794922,
      46.25080108642578,
      100.98333740234375,
      44.81219482421875,
      74.61908721923828,
      14.758977890014648,
      67.19924926757812,
      8.334829330444336,
      53.96589660644531,
      1.6294857263565063,
      29.98691749572754,
      0.11186962574720383
    ],
    [
      -0.8041499257087708,
      -0.17856553196907043,
      0.46741384267807007,
      1.3367475271224976,
      18.605453491210938,
      17.762033462524414,
      34.262874603271484,
      22.536006927490234,
      44.81219482421875,
      24.95454216003418,
      33.6165657043457,
      9.007254600524902,
      34.08888244628906,
      5.442774772644043,
      27.978548049926758,
      1.080630898475647,
      16.726228713989258,
      0.0770302563905716
    ],
    [
      1.4746781587600708,
      4.444811820983887,
      18.227365493774414,
      22.263517379760742,
      44.19141387939453,
      45.70059585571289,
      61.0133171081543,
      35.465824127197266,
      74.61908721923828,
      33.6165657043457,
      81.2463607788086,
      13.153942108154297,
      67.97569274902344,
      6.802913188934326,
      51.229522705078125,
      1.325777292251587,
      26.558744430541992,
      0.09066975861787796
    ],
    [
      -0.594460129737854,
      -0.3227693736553192,
      -0.6138356328010559,
      -0.3416299521923065,
      5.611515045166016,
      5.257369041442871,
      11.065214157104492,
      7.589751720428467,
      14.758977890014648,
      9.007254600524902,
      13.153942108154297,
      4.4917402267456055,
      12.839946746826172,
      2.588371753692627,
      10.684503555297852,
      0.5265364050865173,
      6.853414058685303,
      0.03926040977239609
    ],
    [
      -0.032535601407289505,
      1.8843486309051514,
      14.61876106262207,
      16.99602508544922,
      36.207069396972656,
      36.32139587402344,
      52.45235061645508,
      33.17215347290039,
      67.19924926757812,
      34.08888244628906,
      67.97569274902344,
      12.839946746826172,
      70.9573974609375,
      7.816411018371582,
      54.35759735107422,
      1.512201189994812,
      28.73698616027832,
      0.10077381879091263
    ],
    [
      -0.010529214516282082,
      0.04573961719870567,
      -0.6932149529457092,
      -0.5351836681365967,
      2.7430436611175537,
      2.544485092163086,
      6.077727794647217,
      4.35500431060791,
      8.334829330444336,
      5.442774772644043,
      6.802913188934326,
      2.588371753692627,
      7.816411018371582,
      1.9384714365005493,
      6.42423152923584,
      0.41557228565216064,
      4.252815246582031,
      0.029637567698955536
    ],
    [
      -1.0942612886428833,
      0.4838879704475403,
      9.273094177246094,
      10.5782470703125,
      27.158721923828125,
      26.505474090576172,
      42.26702117919922,
      26.799245834350586,
      53.96589660644531,
      27.978548049926758,
      51.229522705078125,
      10.684503555297852,
      54.35759735107422,
      6.42423152923584,
      44.9688835144043,
      1.2750740051269531,
      24.128694534301758,
      0.08433859050273895
    ],
    [
      0.04385249689221382,
      0.04584037885069847,
      -0.1512240618467331,
      -0.11844824254512787,
      0.5424695611000061,
      0.5006474256515503,
      1.1947895288467407,
      0.8639097809791565,
      1.6294857263565063,
      1.080630898475647,
      1.325777292251587,
      0.5265364050865173,
      1.512201189994812,
      0.41557228565216064,
      1.2750740051269531,
      0.12360670417547226,
      0.8547961711883545,
      0.008843797259032726
    ],
    [
      -1.0678950548171997,
      -0.32842060923576355,
      2.549053907394409,
      3.1665096282958984,
      13.339752197265625,
      12.745063781738281,
      23.39453887939453,
      15.36096477508545,
      29.98691749572754,
      16.726228713989258,
      26.558744430541992,
      6.853414058685303,
      28.73698616027832,
      4.252815246582031,
      24.128694534301758,
      0.8547961711883545,
      14.445734977722168,
      0.061680663377046585
    ],
    [
      0.0023698341101408005,
      0.002444653771817684,
      -0.0157834030687809,
      -0.012939137406647205,
      0.034687913954257965,
      0.03195490688085556,
      0.0794212743639946,
      0.058570049703121185,
      0.11186962574720383,
      0.0770302563905716,
      0.09066975861787796,
      0.03926040977239609,
      0.10077381879091263,
      0.029637567698955536,
      0.08433859050273895,
      0.008843797259032726,
      0.061680663377046585,
      0.0008113242220133543
    ]
  ],
  "covariance_short": [
    [
      73.37268829345703,
      49.07782745361328,
      10.870019912719727,
      10.393217086791992,
      0.508599042892456,
      1.9688043594360352,
      3.4184837341308594,
      0.012793372385203838,
      3.432512044906616,
      -1.3775626420974731,
      1.491087794303894,
      -0.7934422492980957,
      -1.2087688446044922,
      -0.15272928774356842,
      -2.321779489517212,
      0.02454364113509655,
      -1.6105467081069946,
      0.0010929092532023787
    ],
    [
      49.07782745361328,
      37.35542678833008,
      7.415985107421875,
      9.589866638183594,
      0.15855078399181366,
      3.1638801097869873,
      2.5434188842773438,
      0.6508278250694275,
      2.876885175704956,
      -0.6364649534225464,
      3.4887118339538574,
      -0.4828867018222809,
      0.5572658777236938,
      -0.09587057679891586,
      -0.6015815734863281,
      0.0138411745429039,
      -0.6784994602203369,
      -3.6220702895661816e-05
    ],
    [
      10.870019912719727,
      7.415985107421875,
      40.866058349609375,
      35.90176773071289,
      22.21994400024414,
      21.53784942626953,
      16.854228973388672,
      3.7343602180480957,
      19.672880172729492,
      0.470893919467926,
      21.69456672668457,
      -0.2691318690776825,
      14.003318786621094,
      -0.6837726831436157,
      8.134015083312988,
      -0.13878659904003143,
      1.910518765449524,
      -0.014823781326413155
    ],
    [
      10.393217086791992,
      9.589866638183594,
      35.90176773071289,
      39.076969146728516,
      20.02658462524414,
      24.337814331054688,
      14.778158187866211,
      4.967955589294434,
      18.46571922302246,
      1.3131378889083862,
      24.92179298400879,
      0.029878363013267517,
      16.068599700927734,
      -0.5041228532791138,
      9.361145973205566,
      -0.10407549142837524,
      2.5510854721069336,
      -0.011812707409262657
    ],
    [
      0.508599042892456,
      0.15855078399181366,
      22.21994400024414,
      20.02658462524414,
      75.33344268798828,
      59.145565032958984,
      67.42253875732422,
      31.45853614807129,
      65.79717254638672,
      20.350215911865234,
      55.627784729003906,
      6.663064002990723,
      41.29963684082031,
      3.0140364170074463,
      30.435937881469727,
      0.6366782784461975,
      14.448963165283203,
      0.044413972645998
    ],
    [
      1.9688043594360352,
      3.1638801097869873,
      21.53784942626953,
      24.337814331054688,
      59.145565032958984,
      56.91145324707031,
      57.61768341064453,
      28.919254302978516,
      58.84785842895508,
      18.63868522644043,
      54.20060348510742,
      6.004368782043457,
      39.610782623291016,
      2.690577268600464,
      28.399213790893555,
      0.5659358501434326,
      13.3042573928833,
      0.03938392922282219
    ],
    [
      3.4184837341308594,
      2.5434188842773438,
      16.854228973388672,
      14.778158187866211,
      67.42253875732422,
      57.61768341064453,
      112.03396606445312,
      57.24027633666992,
      96.02809143066406,
      34.376590728759766,
      70.90580749511719,
      11.343904495239258,
      57.06898880004883,
      5.849327564239502,
      44.63442611694336,
      1.2548542022705078,
      23.845312118530273,
      0.09016946703195572
    ],
    [
      0.012793372385203838,
      0.6508278250694275,
      3.7343602180480957,
      4.967955589294434,
      31.45853614807129,
      28.919254302978516,
      57.24027633666992,
      35.06133270263672,
      51.655113220214844,
      21.872329711914062,
      39.26459884643555,
      7.3481926918029785,
      34.889076232910156,
      4.030282497406006,
      27.583940505981445,
      0.876368522644043,
      15.220600128173828,
      0.06388170272111893
    ],
    [
      3.432512044906616,
      2.876885175704956,
      19.672880172729492,
      18.46571922302246,
      65.79717254638672,
      58.84785842895508,
      96.02809143066406,
      51.655113220214844,
      115.85099792480469,
      43.16731262207031,
      85.62733459472656,
      14.85999584197998,
      70.12570190429688,
      7.842360496520996,
      54.21502685546875,
      1.6763736009597778,
      29.25591468811035,
      0.1271878182888031
    ],
    [
      -1.3775626420974731,
      -0.6364649534225464,
      0.470893919467926,
      1.3131378889083862,
      20.350215911865234,
      18.63868522644043,
      34.376590728759766,
      21.872329711914062,
      43.16731262207031,
      22.340124130249023,
      32.13981246948242,
      8.2861328125,
      30.86029815673828,
      4.834305763244629,
      24.986255645751953,
      1.058956503868103,
      14.878331184387207,
      0.08405126631259918
    ],
    [
      1.491087794303894,
      3.4887118339538574,
      21.69456672668457,
      24.92179298400879,
      55.627784729003906,
      54.20060348510742,
      70.90580749511719,
      39.26459884643555,
      85.62733459472656,
      32.13981246948242,
      90.32868957519531,
      13.105412483215332,
      69.49615478515625,
      6.234767913818359,
      50.165985107421875,
      1.324555516242981,
      25.221752166748047,
      0.10070911794900894
    ],
    [
      -0.7934422492980957,
      -0.4828867018222809,
      -0.2691318690776825,
      0.029878363013267517,
      6.663064002990723,
      6.004368782043457,
      11.343904495239258,
      7.3481926918029785,
      14.85999584197998,
      8.2861328125,
      13.105412483215332,
      4.2702484130859375,
      12.015775680541992,
      2.3347442150115967,
      9.765647888183594,
      0.5258783102035522,
      6.194843292236328,
      0.04419125244021416
    ],
    [
      -1.2087688446044922,
      0.5572658777236938,
      14.003318786621094,
      16.068599700927734,
      41.29963684082031,
      39.610782623291016,
      57.06898880004883,
      34.889076232910156,
      70.12570190429688,
      30.86029815673828,
      69.49615478515625,
      12.015775680541992,
      68.83016967773438,
      7.037402629852295,
      50.85176086425781,
      1.483669638633728,
      26.475505828857422,
      0.10965640842914581
    ],
    [
      -0.15272928774356842,
      -0.09587057679891586,
      -0.6837726831436157,
      -0.5041228532791138,
      3.0140364170074463,
      2.690577268600464,
      5.849327564239502,
      4.030282497406006,
      7.842360496520996,
      4.834305763244629,
      6.234767913818359,
      2.3347442150115967,
      7.037402629852295,
      1.8225432634353638,
      5.768307685852051,
      0.41987958550453186,
      3.845001459121704,
      0.033354710787534714
    ],
    [
      -2.321779489517212,
      -0.6015815734863281,
      8.134015083312988,
      9.361145973205566,
      30.435937881469727,
      28.399213790893555,
      44.63442611694336,
      27.583940505981445,
      54.21502685546875,
      24.986255645751953,
      50.165985107421875,
      9.765647888183594,
      50.85176086425781,
      5.768307685852051,
      41.97135543823242,
      1.2744085788726807,
      22.244407653808594,
      0.09332404285669327
    ],
    [
      0.02454364113509655,
      0.0138411745429039,
      -0.13878659904003143,
      -0.10407549142837524,
      0.6366782784461975,
      0.5659358501434326,
      1.2548542022705078,
      0.876368522644043,
      1.6763736009597778,
      1.058956503868103,
      1.324555516242981,
      0.5258783102035522,
      1.483669638633728,
      0.41987958550453186,
      1.2744085788726807,
      0.1428144872188568,
      0.8589690327644348,
      0.011059215292334557
    ],
    [
      -1.6105467081069946,
      -0.6784994602203369,
      1.910518765449524,
      2.5510854721069336,
      14.448963165283203,
      13.3042573928833,
      23.845312118530273,
      15.220600128173828,
      29.25591468811035,
      14.878331184387207,
      25.221752166748047,
      6.194843292236328,
      26.475505828857422,
      3.845001459121704,
      22.244407653808594,
      0.8589690327644348,
      13.308268547058105,
      0.06948705017566681
    ],
    [
      0.0010929092532023787,
      -3.6220702895661816e-05,
      -0.014823781326413155,
      -0.011812707409262657,
      0.044413972645998,
      0.03938392922282219,
      0.09016946703195572,
      0.06388170272111893,
      0.1271878182888031,
      0.08405126631259918,
      0.10070911794900894,
      0.04419125244021416,
      0.10965640842914581,
      0.033354710787534714,
      0.09332404285669327,
      0.011059215292334557,
      0.06948705017566681,
      0.0012679656501859426
    ]
  ],
  "damage": -9.540081024169922,
  "diff_bandwidth": 516.9096069335938,
  "dissonance": 3.1866465175627434,
  "drr": 5.066165447235107,
  "dynamics": 4.228692054748535,
  "format": 1245190,
  "frames": 11069376,
  "loudness": -17.763507843017578,
  "loudness_range": 11.908203125,
  "loudness_range_short": 15.489347457885742,
  "lowpass_true_peak_15khz": -0.5864010453224182,
  "mastering3_acoustic_entropies": [
    {
      "acoustic_entropy": 9.260333061218262,
      "acoustic_entropy_mono": 9.26051139831543,
      "band_eliminated_acoustic_entropies": [
        {
          "acoustic_entropy": 9.381631851196289,
          "acoustic_entropy_side": 9.260334014892578,
          "hz": 129.47220167065723
        },
        {
          "acoustic_entropy": 8.993749618530273,
          "acoustic_entropy_side": 9.260335922241211,
          "hz": 202.92927478742237
        },
        {
          "acoustic_entropy": 9.357393264770508,
          "acoustic_entropy_side": 9.260311126708984,
          "hz": 282.89161906338205
        },
        {
          "acoustic_entropy": 9.938307762145996,
          "acoustic_entropy_side": 9.260346412658691,
          "hz": 369.9353335868758
        },
        {
          "acoustic_entropy": 8.342576026916504,
          "acoustic_entropy_side": 9.260367393493652,
          "hz": 464.6875360973435
        },
        {
          "acoustic_entropy": 9.099384307861328,
          "acoustic_entropy_side": 9.260329246520996,
          "hz": 567.8308811364784
        },
        {
          "acoustic_entropy": 8.921649932861328,
          "acoustic_entropy_side": 9.260333061218262,
          "hz": 680.1084783214808
        },
        {
          "acoustic_entropy": 9.181312561035156,
          "acoustic_entropy_side": 9.26031494140625,
          "hz": 802.3292461747484
        },
        {
          "acoustic_entropy": 8.776159286499023,
          "acoustic_entropy_side": 9.260354042053223,
          "hz": 935.3737400823702
        },
        {
          "acoustic_entropy": 9.472282409667969,
          "acoustic_entropy_side": 9.260340690612793,
          "hz": 1080.2004963696966
        },
        {
          "acoustic_entropy": 9.286749839782715,
          "acoustic_entropy_side": 9.260334968566895,
          "hz": 1237.8529382007157
        },
        {
          "acoustic_entropy": 9.224457740783691,
          "acoustic_entropy_side": 9.260333061218262,
          "hz": 1409.4668930556702
        },
        {
          "acoustic_entropy": 9.239675521850586,
          "acoustic_entropy_side": 9.260348320007324,
          "hz": 1596.2787759475705
        },
        {
          "acoustic_entropy": 9.075911521911621,
          "acoustic_entropy_side": 9.26038932800293,
          "hz": 1799.6344973346393
        },
        {
          "acoustic_entropy": 9.186541557312012,
          "acoustic_entropy_side": 9.26032829284668,
          "hz": 2020.9991599069049
        },
        {
          "acoustic_entropy": 9.211928367614746,
          "acoustic_entropy_side": 9.26039981842041,
          "hz": 2261.9676141086993
        },
        {
          "acoustic_entropy": 9.220210075378418,
          "acoustic_entropy_side": 9.260336875915527,
          "hz": 2524.2759484456974
        },
        {
          "acoustic_entropy": 9.1923828125,
          "acoustic_entropy_side": 9.260331153869629,
          "hz": 2809.813997359896
        },
        {
          "acoustic_entropy": 9.257277488708496,
          "acoustic_entropy_side": 9.260334014892578,
          "hz": 3120.6389567871424
        },
        {
          "acoustic_entropy": 9.260051727294922,
          "acoustic_entropy_side": 9.260333061218262,
          "hz": 3458.990205492291
        },
        {
          "acoustic_entropy": 9.25890064239502,
          "acoustic_entropy_side": 9.260333061218262,
          "hz": 3827.305438964164
        },
        {
          "acoustic_entropy": 9.267995834350586,
          "acoustic_entropy_side": 9.260333061218262,
          "hz": 4228.238232109126
        },
        {
          "acoustic_entropy": 9.267997741699219,
          "acoustic_entropy_side": 9.260333061218262,
          "hz": 4664.6771572759235
        },
        {
          "acoustic_entropy": 9.26790714263916,
          "acoustic_entropy_side": 9.260333061218262,
          "hz": 5139.766595350093
        },
        {
          "acoustic_entropy": 9.242366790771484,
          "acoustic_entropy_side": 9.260333061218262,
          "hz": 5656.929389854203
        },
        {
          "acoustic_entropy": 9.247389793395996,
          "acoustic_entropy_side": 9.260333061218262,
          "hz": 6219.891507268283
        },
        {
          "acoustic_entropy": 9.255341529846191,
          "acoustic_entropy_side": 9.260333061218262,
          "hz": 6832.70888123896
        },
        {
          "acoustic_entropy": 9.262256622314453,
          "acoustic_entropy_side": 9.260333061218262,
          "hz": 7499.796634079867
        },
        {
          "acoustic_entropy": 9.262197494506836,
          "acoustic_entropy_side": 9.260333061218262,
          "hz": 8225.96088609342
        },
        {
          "acoustic_entropy": 9.261221885681152,
          "acoustic_entropy_side": 9.260333061218262,
          "hz": 9016.43338188839
        },
        {
          "acoustic_entropy": 9.261374473571777,
          "acoustic_entropy_side": 9.260333061218262,
          "hz": 9876.909183162974
        },
        {
          "acoustic_entropy": 9.261677742004395,
          "acoustic_entropy_side": 9.260333061218262,
          "hz": 10813.587699516042
        },
        {
          "acoustic_entropy": 9.260613441467285,
          "acoustic_entropy_side": 9.260333061218262,
          "hz": 11833.21735289826
        },
        {
          "acoustic_entropy": 9.260371208190918,
          "acoustic_entropy_side": 9.260333061218262,
          "hz": 12943.144197493959
        },
        {
          "acoustic_entropy": 9.260342597961426,
          "acoustic_entropy_side": 9.260333061218262,
          "hz": 14151.364845322005
        },
        {
          "acoustic_entropy": 9.260344505310059,
          "acoustic_entropy_side": 9.260333061218262,
          "hz": 15466.58407886509
        },
        {
          "acoustic_entropy": 9.260353088378906,
          "acoustic_entropy_side": 9.260333061218262,
          "hz": 16898.27756580493
        },
        {
          "acoustic_entropy": 9.2603759765625,
          "acoustic_entropy_side": 9.260333061218262,
          "hz": 18456.760127700032
        },
        {
          "acoustic_entropy": 9.260348320007324,
          "acoustic_entropy_side": 9.260333061218262,
          "hz": 20153.260054456492
        },
        {
          "acoustic_entropy": 9.260333061218262,
          "acoustic_entropy_side": 9.260333061218262,
          "hz": 22000.00000000001
        }
      ],
      "diff_acoustic_entropy": 7.575113296508789,
      "sn": 6
    },
    {
      "acoustic_entropy": 11.933403968811035,
      "acoustic_entropy_mono": 11.925151824951172,
      "band_eliminated_acoustic_entropies": [
        {
          "acoustic_entropy": 12.066712379455566,
          "acoustic_entropy_side": 11.933406829833984,
          "hz": 129.47220167065723
        },
        {
          "acoustic_entropy": 13.030036926269531,
          "acoustic_entropy_side": 11.93350887298584,
          "hz": 202.92927478742237
        },
        {
          "acoustic_entropy": 12.781886100769043,
          "acoustic_entropy_side": 11.933764457702637,
          "hz": 282.89161906338205
        },
        {
          "acoustic_entropy": 13.05335807800293,
          "acoustic_entropy_side": 11.934091567993164,
          "hz": 369.9353335868758
        },
        {
          "acoustic_entropy": 11.490346908569336,
          "acoustic_entropy_side": 11.93148136138916,
          "hz": 464.6875360973435
        },
        {
          "acoustic_entropy": 12.361065864562988,
          "acoustic_entropy_side": 11.932435035705566,
          "hz": 567.8308811364784
        },
        {
          "acoustic_entropy": 12.084139823913574,
          "acoustic_entropy_side": 11.926880836486816,
          "hz": 680.1084783214808
        },
        {
          "acoustic_entropy": 12.461141586303711,
          "acoustic_entropy_side": 11.933807373046875,
          "hz": 802.3292461747484
        },
        {
          "acoustic_entropy": 11.862232208251953,
          "acoustic_entropy_side": 11.933356285095215,
          "hz": 935.3737400823702
        },
        {
          "acoustic_entropy": 12.368767738342285,
          "acoustic_entropy_side": 11.93291187286377,
          "hz": 1080.2004963696966
        },
        {
          "acoustic_entropy": 11.995351791381836,
          "acoustic_entropy_side": 11.933621406555176,
          "hz": 1237.8529382007157
        },
        {
          "acoustic_entropy": 11.76941204071045,
          "acoustic_entropy_side": 11.933499336242676,
          "hz": 1409.4668930556702
        },
        {
          "acoustic_entropy": 12.646580696105957,
          "acoustic_entropy_side": 11.933833122253418,
          "hz": 1596.2787759475705
        },
        {
          "acoustic_entropy": 11.739221572875977,
          "acoustic_entropy_side": 11.933065414428711,
          "hz": 1799.6344973346393
        },
        {
          "acoustic_entropy": 11.800272941589355,
          "acoustic_entropy_side": 11.93350887298584,
          "hz": 2020.9991599069049
        },
        {
          "acoustic_entropy": 12.16947078704834,
          "acoustic_entropy_side": 11.93433666229248,
          "hz": 2261.9676141086993
        },
        {
          "acoustic_entropy": 12.013638496398926,
          "acoustic_entropy_side": 11.933505058288574,
          "hz": 2524.2759484456974
        },
        {
          "acoustic_entropy": 11.872468948364258,
          "acoustic_entropy_side": 11.933342933654785,
          "hz": 2809.813997359896
        },
        {
          "acoustic_entropy": 11.875819206237793,
          "acoustic_entropy_side": 11.933406829833984,
          "hz": 3120.6389567871424
        },
        {
          "acoustic_entropy": 11.865286827087402,
          "acoustic_entropy_side": 11.933403015136719,
          "hz": 3458.990205492291
        },
        {
          "acoustic_entropy": 11.883641242980957,
          "acoustic_entropy_side": 11.933403968811035,
          "hz": 3827.305438964164
        },
        {
          "acoustic_entropy": 11.938417434692383,
          "acoustic_entropy_side": 11.933404922485352,
          "hz": 4228.238232109126
        },
        {
          "acoustic_entropy": 11.959358215332031,
          "acoustic_entropy_side": 11.933404922485352,
          "hz": 4664.6771572759235
        },
        {
          "acoustic_entropy": 11.95582103729248,
          "acoustic_entropy_side": 11.933404922485352,
          "hz": 5139.766595350093
        },
        {
          "acoustic_entropy": 11.923592567443848,
          "acoustic_entropy_side": 11.933399200439453,
          "hz": 5656.929389854203
        },
        {
          "acoustic_entropy": 11.895934104919434,
          "acoustic_entropy_side": 11.933402061462402,
          "hz": 6219.891507268283
        },
        {
          "acoustic_entropy": 11.920650482177734,
          "acoustic_entropy_side": 11.933403015136719,
          "hz": 6832.70888123896
        },
        {
          "acoustic_entropy": 11.932266235351562,
          "acoustic_entropy_side": 11.933403968811035,
          "hz": 7499.796634079867
        },
        {
          "acoustic_entropy": 11.944965362548828,
          "acoustic_entropy_side": 11.933403968811035,
          "hz": 8225.96088609342
        },
        {
          "acoustic_entropy": 11.952637672424316,
          "acoustic_entropy_side": 11.933403968811035,
          "hz": 9016.43338188839
        },
        {
          "acoustic_entropy": 11.948953628540039,
          "acoustic_entropy_side": 11.933403968811035,
          "hz": 9876.909183162974
        },
        {
          "acoustic_entropy": 11.947955131530762,
          "acoustic_entropy_side": 11.933403968811035,
          "hz": 10813.587699516042
        },
        {
          "acoustic_entropy": 11.935300827026367,
          "acoustic_entropy_side": 11.933403968811035,
          "hz": 11833.21735289826
        },
        {
          "acoustic_entropy": 11.934032440185547,
          "acoustic_entropy_side": 11.933403968811035,
          "hz": 12943.144197493959
        },
        {
          "acoustic_entropy": 11.933485984802246,
          "acoustic_entropy_side": 11.933403968811035,
          "hz": 14151.364845322005
        },
        {
          "acoustic_entropy": 11.933634757995605,
          "acoustic_entropy_side": 11.933403968811035,
          "hz": 15466.58407886509
        },
        {
          "acoustic_entropy": 11.934021949768066,
          "acoustic_entropy_side": 11.933403968811035,
          "hz": 16898.27756580493
        },
        {
          "acoustic_entropy": 11.934453010559082,
          "acoustic_entropy_side": 11.933403968811035,
          "hz": 18456.760127700032
        },
        {
          "acoustic_entropy": 11.933756828308105,
          "acoustic_entropy_side": 11.933403968811035,
          "hz": 20153.260054456492
        },
        {
          "acoustic_entropy": 11.9334077835083,
          "acoustic_entropy_side": 11.933403968811035,
          "hz": 22000.00000000001
        }
      ],
      "diff_acoustic_entropy": 10.982589721679688,
      "sn": 12
    },
    {
      "acoustic_entropy": 17.558897018432617,
      "acoustic_entropy_mono": 17.520158767700195,
      "band_eliminated_acoustic_entropies": [
        {
          "acoustic_entropy": 16.867361068725586,
          "acoustic_entropy_side": 17.5584716796875,
          "hz": 129.47220167065723
        },
        {
          "acoustic_entropy": 16.98737335205078,
          "acoustic_entropy_side": 17.565587997436523,
          "hz": 202.92927478742237
        },
        {
          "acoustic_entropy": 16.17640495300293,
          "acoustic_entropy_side": 17.579505920410156,
          "hz": 282.89161906338205
        },
        {
          "acoustic_entropy": 17.328596115112305,
          "acoustic_entropy_side": 17.56729507446289,
          "hz": 369.9353335868758
        },
        {
          "acoustic_entropy": 16.73812484741211,
          "acoustic_entropy_side": 17.548925399780273,
          "hz": 464.6875360973435
        },
        {
          "acoustic_entropy": 17.384048461914062,
          "acoustic_entropy_side": 17.581787109375,
          "hz": 567.8308811364784
        },
        {
          "acoustic_entropy": 17.29682731628418,
          "acoustic_entropy_side": 17.5010929107666,
          "hz": 680.1084783214808
        },
        {
          "acoustic_entropy": 16.77269172668457,
          "acoustic_entropy_side": 17.61686134338379,
          "hz": 802.3292461747484
        },
        {
          "acoustic_entropy": 17.15109634399414,
          "acoustic_entropy_side": 17.566940307617188,
          "hz": 935.3737400823702
        },
        {
          "acoustic_entropy": 17.546348571777344,
          "acoustic_entropy_side": 17.556896209716797,
          "hz": 1080.2004963696966
        },
        {
          "acoustic_entropy": 16.570999145507812,
          "acoustic_entropy_side": 17.54377555847168,
          "hz": 1237.8529382007157
        },
        {
          "acoustic_entropy": 17.497459411621094,
          "acoustic_entropy_side": 17.563493728637695,
          "hz": 1409.4668930556702
        },
        {
          "acoustic_entropy": 17.498382568359375,
          "acoustic_entropy_side": 17.550434112548828,
          "hz": 1596.2787759475705
        },
        {
          "acoustic_entropy": 17.53326416015625,
          "acoustic_entropy_side": 17.555030822753906,
          "hz": 1799.6344973346393
        },
        {
          "acoustic_entropy": 17.440692901611328,
          "acoustic_entropy_side": 17.557748794555664,
          "hz": 2020.9991599069049
        },
        {
          "acoustic_entropy": 17.64057731628418,
          "acoustic_entropy_side": 17.586055755615234,
          "hz": 2261.9676141086993
        },
        {
          "acoustic_entropy": 17.56641960144043,
          "acoustic_entropy_side": 17.56731414794922,
          "hz": 2524.2759484456974
        },
        {
