{
  "acoustic_entropy": 108.44287109375,
  "bands": [
    {
      "high_freq": 148.1999969482422,
      "loudness": -37.62483215332031,
      "loudness_range": 16.441574096679688,
      "mid_mean": -33.94618225097656,
      "mid_to_side_loudness": -24.08822250366211,
      "mid_to_side_loudness_range": 13.768647193908691,
      "side_mean": -58.09534454345703
    },
    {
      "high_freq": 392.3793640136719,
      "loudness": -31.22215461730957,
      "loudness_range": 9.21950912475586,
      "low_freq": 148.1999969482422,
      "mid_mean": -27.573205947875977,
      "mid_to_side_loudness": -19.715736389160156,
      "mid_to_side_loudness_range": 9.020964622497559,
      "side_mean": -47.70321273803711
    },
    {
      "high_freq": 794.6976318359375,
      "loudness": -35.14641189575195,
      "loudness_range": 10.797632217407227,
      "low_freq": 392.3793640136719,
      "mid_mean": -31.533771514892578,
      "mid_to_side_loudness": -17.4739990234375,
      "mid_to_side_loudness_range": 9.554540634155273,
      "side_mean": -49.37553787231445
    },
    {
      "high_freq": 1457.5709228515625,
      "loudness": -38.8651123046875,
      "loudness_range": 15.456657409667969,
      "low_freq": 794.6976318359375,
      "mid_mean": -35.278343200683594,
      "mid_to_side_loudness": -17.963159561157227,
      "mid_to_side_loudness_range": 9.779746055603027,
      "side_mean": -54.07548522949219
    },
    {
      "high_freq": 2549.74365234375,
      "loudness": -46.31039810180664,
      "loudness_range": 24.011180877685547,
      "low_freq": 1457.5709228515625,
      "mid_mean": -43.22669219970703,
      "mid_to_side_loudness": -15.919258117675781,
      "mid_to_side_loudness_range": 12.674421310424805,
      "side_mean": -59.2143440246582
    },
    {
      "high_freq": 4349.24462890625,
      "loudness": -68.25151824951172,
      "loudness_range": 20.60793685913086,
      "low_freq": 2549.74365234375,
      "mid_mean": -62.818756103515625,
      "mid_to_side_loudness": -12.376089096069336,
      "mid_to_side_loudness_range": 13.069120407104492,
      "side_mean": -68.98344421386719
    },
    {
      "high_freq": 7314.1640625,
      "loudness": -76.39741516113281,
      "loudness_range": 8.639877319335938,
      "low_freq": 4349.24462890625,
      "mid_mean": -68.17521667480469,
      "mid_to_side_loudness": -6.141827583312988,
      "mid_to_side_loudness_range": 5.841131210327148,
      "side_mean": -69.54351043701172
    },
    {
      "high_freq": 12199.2666015625,
      "loudness": -75.71036529541016,
      "loudness_range": 2.9202117919921875,
      "low_freq": 7314.1640625,
      "mid_mean": -68.39801025390625,
      "mid_to_side_loudness": -3.0888845920562744,
      "mid_to_side_loudness_range": 2.1646814346313477,
      "side_mean": -69.17137908935547
    },
    {
      "loudness": 0,
      "loudness_range": 0,
      "low_freq": 12199.2666015625,
      "mid_mean": -68.76268005371094,
      "mid_to_side_loudness": -0.5512815713882446,
      "mid_to_side_loudness_range": 0.5930429100990295,
      "side_mean": -68.89640045166016
    }
  ],
  "bands_short": [
    {
      "high_freq": 148.1999969482422,
      "loudness": -41.839229583740234,
      "loudness_range": 22.73587417602539,
      "mid_mean": -38.18391799926758,
      "mid_to_side_loudness": -23.681392669677734,
      "mid_to_side_loudness_range": 17.41672134399414,
      "side_mean": -61.19050598144531
    },
    {
      "high_freq": 392.3793640136719,
      "loudness": -30.9455509185791,
      "loudness_range": 9.997350692749023,
      "low_freq": 148.1999969482422,
      "mid_mean": -27.296308517456055,
      "mid_to_side_loudness": -20.091453552246094,
      "mid_to_side_loudness_range": 10.658413887023926,
      "side_mean": -47.817054748535156
    },
    {
      "high_freq": 794.6976318359375,
      "loudness": -35.3061408996582,
      "loudness_range": 11.801462173461914,
      "low_freq": 392.3793640136719,
      "mid_mean": -31.699058532714844,
      "mid_to_side_loudness": -17.662588119506836,
      "mid_to_side_loudness_range": 11.333291053771973,
      "side_mean": -50.020729064941406
    },
    {
      "high_freq": 1457.5709228515625,
      "loudness": -39.12468338012695,
      "loudness_range": 17.023963928222656,
      "low_freq": 794.6976318359375,
      "mid_mean": -35.54221725463867,
      "mid_to_side_loudness": -17.91468048095703,
      "mid_to_side_loudness_range": 11.349776268005371,
      "side_mean": -54.20624542236328
    },
    {
      "high_freq": 2549.74365234375,
      "loudness": -47.4936637878418,
      "loudness_range": 26.79318618774414,
      "low_freq": 1457.5709228515625,
      "mid_mean": -44.46104431152344,
      "mid_to_side_loudness": -15.552857398986816,
      "mid_to_side_loudness_range": 16.15114974975586,
      "side_mean": -59.92018127441406
    },
    {
      "high_freq": 4349.24462890625,
      "loudness": -69.65599060058594,
      "loudness_range": 22.351421356201172,
      "low_freq": 2549.74365234375,
      "mid_mean": -63.672935485839844,
      "mid_to_side_loudness": -11.23075008392334,
      "mid_to_side_loudness_range": 13.83491039276123,
      "side_mean": -69.02130889892578
    },
    {
      "high_freq": 7314.1640625,
      "loudness": -77.1649398803711,
      "loudness_range": 9.040695190429688,
      "low_freq": 4349.24462890625,
      "mid_mean": -68.41768646240234,
      "mid_to_side_loudness": -5.447399616241455,
      "mid_to_side_loudness_range": 6.273304462432861,
      "side_mean": -69.56059265136719
    },
    {
      "high_freq": 12199.2666015625,
      "loudness": -75.8829116821289,
      "loudness_range": 2.77532958984375,
      "low_freq": 7314.1640625,
      "mid_mean": -68.46569061279297,
      "mid_to_side_loudness": -2.9529507160186768,
      "mid_to_side_loudness_range": 2.7891926765441895,
      "side_mean": -69.18216705322266
    },
    {
      "loudness": -75.79573822021484,
      "loudness_range": 0.8553085327148438,
      "low_freq": 12199.2666015625,
      "mid_mean": -68.76071166992188,
      "mid_to_side_loudness": -0.5442273616790771,
      "mid_to_side_loudness_range": 1.4838571548461914,
      "side_mean": -68.89305114746094
    }
  ],
  "bandwidth": 453.27520751953125,
  "channels": 2,
  "covariance": [
    [
      31.861125946044922,
      16.331512451171875,
      3.652194023132324,
      3.9175379276275635,
      -3.6807472705841064,
      -4.7238287925720215,
      -2.372945785522461,
      -3.5920169353485107,
      -4.709781169891357,
      -5.600228309631348,
      -1.4486432075500488,
      0.1481817066669464,
      -0.9457462430000305,
      -0.14841187000274658,
      -0.42939069867134094,
      -0.10488494485616684,
      -0.09836462140083313,
      -0.03866100311279297
    ],
    [
      16.331512451171875,
      19.475961685180664,
      3.790402412414551,
      3.9031126499176025,
      1.2294844388961792,
      2.044801712036133,
      0.38005712628364563,
      4.822368621826172,
      -1.6051907539367676,
      0.827950119972229,
      1.0268181562423706,
      -0.03321448341012001,
      -0.485337495803833,
      -0.11646226793527603,
      -0.257737934589386,
      -0.054492801427841187,
      0.008487551473081112,
      0.03707971051335335
    ],
    [
      3.652194023132324,
      3.790402412414551,
      11.125633239746094,
      8.759407043457031,
      0.31346142292022705,
      -0.10750338435173035,
      0.6346123218536377,
      2.276564121246338,
      2.618929147720337,
      3.439262628555298,
      1.794729232788086,
      0.33021461963653564,
      0.3716057240962982,
      0.038672301918268204,
      0.17024800181388855,
      0.03692863881587982,
      0.029382549226284027,
      0.022963223978877068
    ],
    [
      3.9175379276275635,
      3.9031126499176025,
      8.759407043457031,
      15.66524887084961,
      -0.5546767711639404,
      0.882537841796875,
      -0.6064890623092651,
      2.120819330215454,
      -0.8998160362243652,
      2.0711452960968018,
      0.7922258377075195,
      0.40725570917129517,
      0.11867111921310425,
      0.0012216962641105056,
      0.13180068135261536,
      0.03817127272486687,
      0.03514241799712181,
      0.03400825709104538
    ],
    [
      -3.6807472705841064,
      1.2294844388961792,
      0.31346142292022705,
      -0.5546767711639404,
      18.334850311279297,
      16.995346069335938,
      15.517265319824219,
      16.2778377532959,
      16.78122901916504,
      14.973763465881348,
      11.186491966247559,
      1.7232710123062134,
      0.5961705446243286,
      -0.08975615352392197,
      -0.0484217032790184,
      -0.07964591681957245,
      -0.010615592822432518,
      0.012120195664465427
    ],
    [
      -4.7238287925720215,
      2.044801712036133,
      -0.10750338435173035,
      0.882537841796875,
      16.995346069335938,
      25.96457290649414,
      14.752631187438965,
      19.44782257080078,
      14.354040145874023,
      16.407543182373047,
      10.465631484985352,
      1.6386297941207886,
      0.43724524974823,
      -0.043525442481040955,
      0.1609000861644745,
      0.0038554819766432047,
      0.048747170716524124,
      0.02993130497634411
    ],
    [
      -2.372945785522461,
      0.38005712628364563,
      0.6346123218536377,
      -0.6064890623092651,
      15.517265319824219,
      14.752631187438965,
      32.8433952331543,
      26.102039337158203,
      34.99753952026367,
      26.82035255432129,
      21.84721565246582,
      4.035034656524658,
      1.7313449382781982,
      0.10491719096899033,
      0.20860718190670013,
      -0.0394616574048996,
      0.018161457031965256,
      0.03244476765394211
    ],
    [
      -3.5920169353485107,
      4.822368621826172,
      2.276564121246338,
      2.120819330215454,
      16.2778377532959,
      19.44782257080078,
      26.102039337158203,
      37.002708435058594,
      26.292678833007812,
      27.85314178466797,
      21.059885025024414,
      3.914055824279785,
      1.531041145324707,
      0.0961250439286232,
      0.44051292538642883,
      0.05692674219608307,
      0.14945335686206818,
      0.12982673943042755
    ],
    [
      -4.709781169891357,
      -1.6051907539367676,
      2.618929147720337,
      -0.8998160362243652,
      16.78122901916504,
      14.354040145874023,
      34.99753952026367,
      26.292678833007812,
      80.12670135498047,
      55.713069915771484,
      33.60704803466797,
      6.013758182525635,
      2.743415117263794,
      0.1802106499671936,
      0.15352009236812592,
      -0.03133532032370567,
      0.02575264871120453,
      0.05808122456073761
    ],
    [
      -5.600228309631348,
      0.827950119972229,
      3.439262628555298,
      2.0711452960968018,
      14.973763465881348,
      16.407543182373047,
      26.82035255432129,
      27.85314178466797,
      55.713069915771484,
      52.59888458251953,
      27.435375213623047,
      5.188656806945801,
      2.1467831134796143,
      0.2158554494380951,
      0.4113011658191681,
      0.11156464368104935,
      0.12953244149684906,
      0.13199353218078613
    ],
    [
      -1.4486432075500488,
      1.0268181562423706,
      1.794729232788086,
      0.7922258377075195,
      11.186491966247559,
      10.465631484985352,
      21.84721565246582,
      21.059885025024414,
      33.60704803466797,
      27.435375213623047,
      28.463111877441406,
      5.627631664276123,
      3.2226016521453857,
      0.38591885566711426,
      0.9267900586128235,
      0.2372964471578598,
      0.1821647435426712,
      0.12086829543113708
    ],
    [
      0.1481817066669464,
      -0.03321448341012001,
      0.33021461963653564,
      0.40725570917129517,
      1.7232710123062134,
      1.6386297941207886,
      4.035034656524658,
      3.914055824279785,
      6.013758182525635,
      5.188656806945801,
      5.627631664276123,
      1.8201404809951782,
      0.4255458414554596,
      0.05651060491800308,
      0.10576539486646652,
      0.033922385424375534,
      0.023886093869805336,
      0.019408822059631348
    ],
    [
      -0.9457462430000305,
      -0.485337495803833,
      0.3716057240962982,
      0.11867111921310425,
      0.5961705446243286,
      0.43724524974823,
      1.7313449382781982,
      1.531041145324707,
      2.743415117263794,
      2.1467831134796143,
      3.2226016521453857,
      0.4255458414554596,
      2.485316514968872,
      0.4409186840057373,
      1.1537772417068481,
      0.3282027840614319,
      0.18636129796504974,
      0.07669216394424438
    ],
    [
      -0.14841187000274658,
      -0.11646226793527603,
      0.038672301918268204,
      0.0012216962641105056,
      -0.08975615352392197,
      -0.043525442481040955,
      0.10491719096899033,
      0.0961250439286232,
      0.1802106499671936,
      0.2158554494380951,
      0.38591885566711426,
      0.05651060491800308,
      0.4409186840057373,
      0.10794577747583389,
      0.24464546144008636,
      0.08574668318033218,
      0.045730654150247574,
      0.020116392523050308
    ],
    [
      -0.42939069867134094,
      -0.257737934589386,
      0.17024800181388855,
      0.13180068135261536,
      -0.0484217032790184,
      0.1609000861644745,
      0.20860718190670013,
      0.44051292538642883,
      0.15352009236812592,
      0.4113011658191681,
      0.9267900586128235,
      0.10576539486646652,
      1.1537772417068481,
      0.24464546144008636,
      0.7698520421981812,
      0.22756198048591614,
      0.1295660138130188,
      0.053260061889886856
    ],
    [
      -0.10488494485616684,
      -0.054492801427841187,
      0.03692863881587982,
      0.03817127272486687,
      -0.07964591681957245,
      0.0038554819766432047,
      -0.0394616574048996,
      0.05692674219608307,
      -0.03133532032370567,
      0.11156464368104935,
      0.2372964471578598,
      0.033922385424375534,
      0.3282027840614319,
      0.08574668318033218,
      0.22756198048591614,
      0.08300728350877762,
      0.045109838247299194,
      0.020785750821232796
    ],
    [
      -0.09836462140083313,
      0.008487551473081112,
      0.029382549226284027,
      0.03514241799712181,
      -0.010615592822432518,
      0.048747170716524124,
      0.018161457031965256,
      0.14945335686206818,
      0.02575264871120453,
      0.12953244149684906,
      0.1821647435426712,
      0.023886093869805336,
      0.18636129796504974,
      0.045730654150247574,
      0.1295660138130188,
      0.045109838247299194,
      0.029161343351006508,
      0.01367513183504343
    ],
    [
      -0.03866100311279297,
      0.03707971051335335,
      0.022963223978877068,
      0.03400825709104538,
      0.012120195664465427,
      0.02993130497634411,
      0.03244476765394211,
      0.12982673943042755,
      0.05808122456073761,
      0.13199353218078613,
      0.12086829543113708,
      0.019408822059631348,
      0.07669216394424438,
      0.020116392523050308,
      0.053260061889886856,
      0.020785750821232796,
      0.01367513183504343,
      0.008570495992898941
    ]
  ],
  "covariance_short": [
    [
      54.6308479309082,
      23.986635208129883,
      3.2313573360443115,
      2.332275390625,
      -1.1415263414382935,
      -0.9793102741241455,
      1.3980305194854736,
      1.0096192359924316,
      -2.311838150024414,
      -2.251570463180542,
      0.032766491174697876,
      0.025987405329942703,
      0.1816713809967041,
      0.0360884927213192,
      0.08558643609285355,
      0.04095463082194328,
      -0.021338744089007378,
      -0.013420731760561466
    ],
    [
      23.986635208129883,
      24.451353073120117,
      1.1060574054718018,
      1.4614466428756714,
      2.5105912685394287,
      5.404917240142822,
      2.8686234951019287,
      5.643507480621338,
      1.4265851974487305,
      2.2452540397644043,
      1.5173494815826416,
      -0.01657281257212162,
      0.03952167183160782,
      -0.02895796112716198,
      0.018724633380770683,
      -0.0049660238437354565,
      0.01903911866247654,
      0.019595395773649216
    ],
    [
      3.2313573360443115,
      1.1060574054718018,
      12.586664199829102,
      9.326529502868652,
      -0.5242313742637634,
      -1.772960901260376,
      0.6924116611480713,
      0.5114080309867859,
      1.4572786092758179,
      1.5428650379180908,
      1.3806034326553345,
      0.38466256856918335,
      0.182831808924675,
      0.004771822597831488,
      0.10607652366161346,
      0.018961172550916672,
      0.013479075394570827,
      0.018595844507217407
    ],
    [
      2.332275390625,
      1.4614466428756714,
      9.326529502868652,
      18.49528694152832,
      -1.505253791809082,
      0.8137246370315552,
      -0.410390168428421,
      1.8199406862258911,
      -2.0420055389404297,
      1.2667509317398071,
      0.2676786482334137,
      0.2695566713809967,
      0.1455666720867157,
      0.013126510195434093,
      0.1371452659368515,
      0.039127133786678314,
      0.029405241832137108,
      0.031209608539938927
    ],
    [
      -1.1415263414382935,
      2.5105912685394287,
      -0.5242313742637634,
      -1.505253791809082,
      20.17170524597168,
      16.812604904174805,
      17.44549560546875,
      16.34857940673828,
      17.779478073120117,
      13.73935317993164,
      11.434008598327637,
      1.5882467031478882,
      0.8349149227142334,
      -0.0013774376129731536,
      0.23401881754398346,
      0.011981435120105743,
      0.026046210899949074,
      0.025278473272919655
    ],
    [
      -0.9793102741241455,
      5.404917240142822,
      -1.772960901260376,
      0.8137246370315552,
      16.812604904174805,
      33.1693000793457,
      15.284465789794922,
      23.325441360473633,
      14.517607688903809,
      17.8144474029541,
      11.282611846923828,
      1.5872550010681152,
      0.7208610773086548,
      0.06535418331623077,
      0.49202436208724976,
      0.12412190437316895,
      0.1677161455154419,
      0.11777034401893616
    ],
    [
      1.3980305194854736,
      2.8686234951019287,
      0.6924116611480713,
      -0.410390168428421,
      17.44549560546875,
      15.284465789794922,
      39.60511016845703,
      29.195018768310547,
      42.64137268066406,
      31.194225311279297,
      24.617761611938477,
      4.385342121124268,
      2.330456256866455,
      0.24438604712486267,
      0.4289792776107788,
      0.06026177480816841,
      0.05769124627113342,
      0.055437278002500534
    ],
    [
      1.0096192359924316,
      5.643507480621338,
      0.5114080309867859,
      1.8199406862258911,
      16.34857940673828,
      23.325441360473633,
      29.195018768310547,
      40.893287658691406,
      29.681325912475586,
      29.244890213012695,
      21.45577049255371,
      3.920222282409668,
      1.7835830450057983,
      0.18445447087287903,
      0.5649340152740479,
      0.10914071649312973,
      0.14261235296726227,
      0.11775455623865128
    ],
    [
      -2.311838150024414,
      1.4265851974487305,
      1.4572786092758179,
      -2.0420055389404297,
      17.779478073120117,
      14.517607688903809,
      42.64137268066406,
      29.681325912475586,
      91.7748031616211,
      59.58760070800781,
      36.90549087524414,
      6.518726825714111,
      3.1774721145629883,
      0.3330722153186798,
      0.5052543878555298,
      0.12148396670818329,
      0.09245425462722778,
      0.08928026258945465
    ],
    [
      -2.251570463180542,
      2.2452540397644043,
      1.5428650379180908,
      1.2667509317398071,
      13.73935317993164,
      17.8144474029541,
      31.194225311279297,
      29.244890213012695,
      59.58760070800781,
      55.768428802490234,
      27.411649703979492,
      5.1360087394714355,
      1.6990681886672974,
      0.2398364245891571,
      0.4190170466899872,
      0.1625082641839981,
      0.1183943897485733,
      0.1291140466928482
    ],
    [
      0.032766491174697876,
      1.5173494815826416,
      1.3806034326553345,
      0.2676786482334137,
      11.434008598327637,
      11.282611846923828,
      24.617761611938477,
      21.45577049255371,
      36.90549087524414,
      27.411649703979492,
      31.106693267822266,
      5.784379959106445,
      3.917466402053833,
      0.5408300161361694,
      1.2476030588150024,
      0.35035011172294617,
      0.24352768063545227,
      0.14579635858535767
    ],
    [
      0.025987405329942703,
      -0.01657281257212162,
      0.38466256856918335,
      0.2695566713809967,
      1.5882467031478882,
      1.5872550010681152,
      4.385342121124268,
      3.920222282409668,
      6.518726825714111,
      5.1360087394714355,
      5.784379959106445,
      1.8999611139297485,
      0.5528574585914612,
      0.09675587713718414,
      0.1634557545185089,
      0.06502539664506912,
      0.0380135104060173,
      0.028040092438459396
    ],
    [
      0.1816713809967041,
      0.03952167183160782,
      0.182831808924675,
      0.1455666720867157,
      0.8349149227142334,
      0.7208610773086548,
      2.330456256866455,
      1.7835830450057983,
      3.1774721145629883,
      1.6990681886672974,
      3.917466402053833,
      0.5528574585914612,
      2.782714366912842,
      0.5085203647613525,
      1.1234346628189087,
      0.35291287302970886,
      0.2232152223587036,
      0.09656316787004471
    ],
    [
      0.0360884927213192,
      -0.02895796112716198,
      0.004771822597831488,
      0.013126510195434093,
      -0.0013774376129731536,
      0.06535418331623077,
      0.24438604712486267,
      0.18445447087287903,
      0.3330722153186798,
      0.2398364245891571,
      0.5408300161361694,
      0.09675587713718414,
      0.5085203647613525,
      0.15320439636707306,
      0.2715209722518921,
      0.11603446304798126,
      0.06874088197946548,
      0.0345083549618721
    ],
    [
      0.08558643609285355,
      0.018724633380770683,
      0.10607652366161346,
      0.1371452659368515,
      0.23401881754398346,
      0.49202436208724976,
      0.4289792776107788,
      0.5649340152740479,
      0.5052543878555298,
      0.4190170466899872,
      1.2476030588150024,
      0.1634557545185089,
      1.1234346628189087,
      0.2715209722518921,
      0.8080741763114929,
      0.26123133301734924,
      0.16471485793590546,
      0.07149769365787506
    ],
    [
      0.04095463082194328,
      -0.0049660238437354565,
      0.018961172550916672,
      0.039127133786678314,
      0.011981435120105743,
      0.12412190437316895,
      0.06026177480816841,
      0.10914071649312973,
      0.12148396670818329,
      0.1625082641839981,
      0.35035011172294617,
      0.06502539664506912,
      0.35291287302970886,
      0.11603446304798126,
      0.26123133301734924,
      0.11856372654438019,
      0.06831648200750351,
      0.03483787551522255
    ],
    [
      -0.021338744089007378,
      0.01903911866247654,
      0.013479075394570827,
      0.029405241832137108,
      0.026046210899949074,
      0.1677161455154419,
      0.05769124627113342,
      0.14261235296726227,
      0.09245425462722778,
      0.1183943897485733,
      0.24352768063545227,
      0.0380135104060173,
      0.2232152223587036,
      0.06874088197946548,
      0.16471485793590546,
      0.06831648200750351,
      0.05538840964436531,
      0.02343057096004486
    ],
    [
      -0.013420731760561466,
      0.019595395773649216,
      0.018595844507217407,
      0.031209608539938927,
      0.025278473272919655,
      0.11777034401893616,
      0.055437278002500534,
      0.11775455623865128,
      0.08928026258945465,
      0.1291140466928482,
      0.14579635858535767,
      0.028040092438459396,
      0.09656316787004471,
      0.0345083549618721,
      0.07149769365787506,
      0.03483787551522255,
      0.02343057096004486,
      0.01869136095046997
    ]
  ],
  "damage": -17.27901840209961,
  "diff_bandwidth": 521.8738403320312,
  "dissonance": 2.3574039644463367,
  "drr": 3.2196502685546875,
  "dynamics": 2.3093807697296143,
  "format": 1245190,
  "frames": 4570048,
  "loudness": -24.317678451538086,
  "loudness_range": 5.910846710205078,
  "loudness_range_short": 6.941370010375977,
  "lowpass_true_peak_15khz": -10.237741470336914,
  "mastering3_acoustic_entropies": [
    {
      "acoustic_entropy": 9.1087646484375,
      "acoustic_entropy_mono": 9.095555305480957,
      "band_eliminated_acoustic_entropies": [
        {
          "acoustic_entropy": 9.069355964660645,
          "acoustic_entropy_side": 9.108769416809082,
          "hz": 129.47220167065723
        },
        {
          "acoustic_entropy": 9.431038856506348,
          "acoustic_entropy_side": 9.108844757080078,
          "hz": 202.92927478742237
        },
        {
          "acoustic_entropy": 9.024163246154785,
          "acoustic_entropy_side": 9.109325408935547,
          "hz": 282.89161906338205
        },
        {
          "acoustic_entropy": 8.561063766479492,
          "acoustic_entropy_side": 9.105727195739746,
          "hz": 369.9353335868758
        },
        {
          "acoustic_entropy": 9.017964363098145,
          "acoustic_entropy_side": 9.104145050048828,
          "hz": 464.6875360973435
        },
        {
          "acoustic_entropy": 8.911986351013184,
          "acoustic_entropy_side": 9.105286598205566,
          "hz": 567.8308811364784
        },
        {
          "acoustic_entropy": 9.426334381103516,
          "acoustic_entropy_side": 9.126448631286621,
          "hz": 680.1084783214808
        },
        {
          "acoustic_entropy": 8.583677291870117,
          "acoustic_entropy_side": 9.125011444091797,
          "hz": 802.3292461747484
        },
        {
          "acoustic_entropy": 9.135778427124023,
          "acoustic_entropy_side": 9.099743843078613,
          "hz": 935.3737400823702
        },
        {
          "acoustic_entropy": 9.614516258239746,
          "acoustic_entropy_side": 9.123688697814941,
          "hz": 1080.2004963696966
        },
        {
          "acoustic_entropy": 9.070549011230469,
          "acoustic_entropy_side": 9.10856819152832,
          "hz": 1237.8529382007157
        },
        {
          "acoustic_entropy": 8.307003021240234,
          "acoustic_entropy_side": 9.062654495239258,
          "hz": 1409.4668930556702
        },
        {
          "acoustic_entropy": 8.45014476776123,
          "acoustic_entropy_side": 9.113125801086426,
          "hz": 1596.2787759475705
        },
        {
          "acoustic_entropy": 9.004748344421387,
          "acoustic_entropy_side": 9.120977401733398,
          "hz": 1799.6344973346393
        },
        {
          "acoustic_entropy": 8.692774772644043,
          "acoustic_entropy_side": 9.107494354248047,
          "hz": 2020.9991599069049
        },
        {
          "acoustic_entropy": 9.098518371582031,
          "acoustic_entropy_side": 9.108474731445312,
          "hz": 2261.9676141086993
        },
        {
          "acoustic_entropy": 9.127551078796387,
          "acoustic_entropy_side": 9.108795166015625,
          "hz": 2524.2759484456974
        },
        {
          "acoustic_entropy": 9.180718421936035,
          "acoustic_entropy_side": 9.108820915222168,
          "hz": 2809.813997359896
        },
        {
          "acoustic_entropy": 9.125922203063965,
          "acoustic_entropy_side": 9.108780860900879,
          "hz": 3120.6389567871424
        },
        {
          "acoustic_entropy": 9.109177589416504,
          "acoustic_entropy_side": 9.108765602111816,
          "hz": 3458.990205492291
        },
        {
          "acoustic_entropy": 9.108796119689941,
          "acoustic_entropy_side": 9.1087646484375,
          "hz": 3827.305438964164
        },
        {
          "acoustic_entropy": 9.10876750946045,
          "acoustic_entropy_side": 9.1087646484375,
          "hz": 4228.238232109126
        },
        {
          "acoustic_entropy": 9.1087646484375,
          "acoustic_entropy_side": 9.1087646484375,
          "hz": 4664.6771572759235
        },
        {
          "acoustic_entropy": 9.1087646484375,
          "acoustic_entropy_side": 9.1087646484375,
          "hz": 5139.766595350093
        },
        {
          "acoustic_entropy": 9.1087646484375,
          "acoustic_entropy_side": 9.1087646484375,
          "hz": 5656.929389854203
        },
        {
          "acoustic_entropy": 9.1087646484375,
          "acoustic_entropy_side": 9.1087646484375,
          "hz": 6219.891507268283
        },
        {
          "acoustic_entropy": 9.1087646484375,
          "acoustic_entropy_side": 9.1087646484375,
          "hz": 6832.70888123896
        },
        {
          "acoustic_entropy": 9.1087646484375,
          "acoustic_entropy_side": 9.1087646484375,
          "hz": 7499.796634079867
        },
        {
          "acoustic_entropy": 9.1087646484375,
          "acoustic_entropy_side": 9.1087646484375,
          "hz": 8225.96088609342
        },
        {
          "acoustic_entropy": 9.1087646484375,
          "acoustic_entropy_side": 9.1087646484375,
          "hz": 9016.43338188839
        },
        {
          "acoustic_entropy": 9.1087646484375,
          "acoustic_entropy_side": 9.1087646484375,
          "hz": 9876.909183162974
        },
        {
          "acoustic_entropy": 9.1087646484375,
          "acoustic_entropy_side": 9.1087646484375,
          "hz": 10813.587699516042
        },
        {
          "acoustic_entropy": 9.1087646484375,
          "acoustic_entropy_side": 9.1087646484375,
          "hz": 11833.21735289826
        },
        {
          "acoustic_entropy": 9.1087646484375,
          "acoustic_entropy_side": 9.1087646484375,
          "hz": 12943.144197493959
        },
        {
          "acoustic_entropy": 9.1087646484375,
          "acoustic_entropy_side": 9.1087646484375,
          "hz": 14151.364845322005
        },
        {
          "acoustic_entropy": 9.1087646484375,
          "acoustic_entropy_side": 9.1087646484375,
          "hz": 15466.58407886509
        },
        {
          "acoustic_entropy": 9.1087646484375,
          "acoustic_entropy_side": 9.1087646484375,
          "hz": 16898.27756580493
        },
        {
          "acoustic_entropy": 9.1087646484375,
          "acoustic_entropy_side": 9.1087646484375,
          "hz": 18456.760127700032
        },
        {
          "acoustic_entropy": 9.1087646484375,
          "acoustic_entropy_side": 9.1087646484375,
          "hz": 20153.260054456492
        },
        {
          "acoustic_entropy": 9.1087646484375,
          "acoustic_entropy_side": 9.1087646484375,
          "hz": 22000.00000000001
        }
      ],
      "diff_acoustic_entropy": 2.7525572776794434,
      "sn": 6
    },
    {
      "acoustic_entropy": 11.542866706848145,
      "acoustic_entropy_mono": 11.387569427490234,
      "band_eliminated_acoustic_entropies": [
        {
          "acoustic_entropy": 11.65294075012207,
          "acoustic_entropy_side": 11.542695045471191,
          "hz": 129.47220167065723
        },
        {
          "acoustic_entropy": 12.511215209960938,
          "acoustic_entropy_side": 11.538501739501953,
          "hz": 202.92927478742237
        },
        {
          "acoustic_entropy": 11.794593811035156,
          "acoustic_entropy_side": 11.550444602966309,
          "hz": 282.89161906338205
        },
        {
          "acoustic_entropy": 12.103056907653809,
          "acoustic_entropy_side": 11.471104621887207,
          "hz": 369.9353335868758
        },
        {
          "acoustic_entropy": 12.052258491516113,
          "acoustic_entropy_side": 11.507292747497559,
          "hz": 464.6875360973435
        },
        {
          "acoustic_entropy": 12.291071891784668,
          "acoustic_entropy_side": 11.53710651397705,
          "hz": 567.8308811364784
        },
        {
          "acoustic_entropy": 11.94311237335205,
          "acoustic_entropy_side": 11.480385780334473,
          "hz": 680.1084783214808
        },
        {
          "acoustic_entropy": 11.465078353881836,
          "acoustic_entropy_side": 11.506147384643555,
          "hz": 802.3292461747484
        },
        {
          "acoustic_entropy": 11.703855514526367,
          "acoustic_entropy_side": 11.440464973449707,
          "hz": 935.3737400823702
        },
        {
          "acoustic_entropy": 11.793545722961426,
          "acoustic_entropy_side": 11.551041603088379,
          "hz": 1080.2004963696966
        },
        {
          "acoustic_entropy": 11.719834327697754,
          "acoustic_entropy_side": 11.492914199829102,
          "hz": 1237.8529382007157
        },
        {
          "acoustic_entropy": 10.302557945251465,
          "acoustic_entropy_side": 11.557195663452148,
          "hz": 1409.4668930556702
        },
        {
          "acoustic_entropy": 11.303815841674805,
          "acoustic_entropy_side": 11.553966522216797,
          "hz": 1596.2787759475705
        },
        {
          "acoustic_entropy": 11.333245277404785,
          "acoustic_entropy_side": 11.534502029418945,
          "hz": 1799.6344973346393
        },
        {
          "acoustic_entropy": 11.571269989013672,
          "acoustic_entropy_side": 11.547172546386719,
          "hz": 2020.9991599069049
        },
        {
          "acoustic_entropy": 12.008386611938477,
          "acoustic_entropy_side": 11.54638671875,
          "hz": 2261.9676141086993
        },
        {
          "acoustic_entropy": 11.628950119018555,
          "acoustic_entropy_side": 11.543349266052246,
          "hz": 2524.2759484456974
        },
        {
          "acoustic_entropy": 11.500678062438965,
          "acoustic_entropy_side": 11.542871475219727,
          "hz": 2809.813997359896
        },
        {
          "acoustic_entropy": 11.553579330444336,
          "acoustic_entropy_side": 11.542933464050293,
          "hz": 3120.6389567871424
        },
        {
          "acoustic_entropy": 11.541521072387695,
          "acoustic_entropy_side": 11.542864799499512,
          "hz": 3458.990205492291
        },
        {
          "acoustic_entropy": 11.542887687683105,
          "acoustic_entropy_side": 11.542866706848145,
          "hz": 3827.305438964164
        },
        {
          "acoustic_entropy": 11.542885780334473,
          "acoustic_entropy_side": 11.542866706848145,
          "hz": 4228.238232109126
        },
        {
          "acoustic_entropy": 11.542865753173828,
          "acoustic_entropy_side": 11.542866706848145,
          "hz": 4664.6771572759235
        },
        {
          "acoustic_entropy": 11.542862892150879,
          "acoustic_entropy_side": 11.542866706848145,
          "hz": 5139.766595350093
        },
        {
          "acoustic_entropy": 11.542866706848145,
          "acoustic_entropy_side": 11.542866706848145,
          "hz": 5656.929389854203
        },
        {
          "acoustic_entropy": 11.542868614196777,
          "acoustic_entropy_side": 11.542866706848145,
          "hz": 6219.891507268283
        },
        {
          "acoustic_entropy": 11.542859077453613,
          "acoustic_entropy_side": 11.542866706848145,
          "hz": 6832.70888123896
        },
        {
          "acoustic_entropy": 11.542851448059082,
          "acoustic_entropy_side": 11.542866706848145,
          "hz": 7499.796634079867
        },
        {
          "acoustic_entropy": 11.542847633361816,
          "acoustic_entropy_side": 11.542867660522461,
          "hz": 8225.96088609342
        },
        {
          "acoustic_entropy": 11.54286003112793,
          "acoustic_entropy_side": 11.542866706848145,
          "hz": 9016.43338188839
        },
        {
          "acoustic_entropy": 11.542865753173828,
          "acoustic_entropy_side": 11.542866706848145,
          "hz": 9876.909183162974
        },
        {
          "acoustic_entropy": 11.542865753173828,
          "acoustic_entropy_side": 11.542866706848145,
          "hz": 10813.587699516042
        },
        {
          "acoustic_entropy": 11.542866706848145,
          "acoustic_entropy_side": 11.542866706848145,
          "hz": 11833.21735289826
        },
        {
          "acoustic_entropy": 11.542866706848145,
          "acoustic_entropy_side": 11.542866706848145,
          "hz": 12943.144197493959
        },
        {
          "acoustic_entropy": 11.542866706848145,
          "acoustic_entropy_side": 11.542866706848145,
          "hz": 14151.364845322005
        },
        {
          "acoustic_entropy": 11.542866706848145,
          "acoustic_entropy_side": 11.542866706848145,
          "hz": 15466.58407886509
        },
        {
          "acoustic_entropy": 11.542866706848145,
          "acoustic_entropy_side": 11.542866706848145,
          "hz": 16898.27756580493
        },
        {
          "acoustic_entropy": 11.542866706848145,
          "acoustic_entropy_side": 11.542866706848145,
          "hz": 18456.760127700032
        },
        {
          "acoustic_entropy": 11.542866706848145,
          "acoustic_entropy_side": 11.542866706848145,
          "hz": 20153.260054456492
        },
        {
          "acoustic_entropy": 11.542866706848145,
          "acoustic_entropy_side": 11.542866706848145,
          "hz": 22000.00000000001
        }
      ],
      "diff_acoustic_entropy": 4.348631858825684,
      "sn": 12
    },
    {
      "acoustic_entropy": 16.737611770629883,
      "acoustic_entropy_mono": 15.278158187866211,
      "band_eliminated_acoustic_entropies": [
        {
          "acoustic_entropy": 15.91254711151123,
          "acoustic_entropy_side": 16.727916717529297,
          "hz": 129.47220167065723
        },
        {
          "acoustic_entropy": 17.094053268432617,
          "acoustic_entropy_side": 16.681819915771484,
          "hz": 202.92927478742237
        },
        {
          "acoustic_entropy": 16.667842864990234,
          "acoustic_entropy_side": 16.596561431884766,
          "hz": 282.89161906338205
        },
        {
          "acoustic_entropy": 16.300519943237305,
          "acoustic_entropy_side": 16.675195693969727,
          "hz": 369.9353335868758
        },
        {
          "acoustic_entropy": 16.721609115600586,
          "acoustic_entropy_side": 16.3065242767334,
          "hz": 464.6875360973435
        },
        {
          "acoustic_entropy": 16.68227767944336,
          "acoustic_entropy_side": 16.483156204223633,
          "hz": 567.8308811364784
        },
        {
          "acoustic_entropy": 16.364221572875977,
          "acoustic_entropy_side": 16.199037551879883,
          "hz": 680.1084783214808
        },
        {
          "acoustic_entropy": 15.604382514953613,
          "acoustic_entropy_side": 16.70333480834961,
          "hz": 802.3292461747484
        },
        {
          "acoustic_entropy": 15.684113502502441,
          "acoustic_entropy_side": 16.656221389770508,
          "hz": 935.3737400823702
        },
        {
          "acoustic_entropy": 16.470474243164062,
          "acoustic_entropy_side": 16.873027801513672,
          "hz": 1080.2004963696966
        },
        {
          "acoustic_entropy": 16.426685333251953,
          "acoustic_entropy_side": 15.996155738830566,
          "hz": 1237.8529382007157
        },
        {
          "acoustic_entropy": 16.2049560546875,
          "acoustic_entropy_side": 15.992920875549316,
          "hz": 1409.4668930556702
        },
        {
          "acoustic_entropy": 17.20345687866211,
          "acoustic_entropy_side": 16.965173721313477,
          "hz": 1596.2787759475705
        },
        {
          "acoustic_entropy": 16.762971878051758,
          "acoustic_entropy_side": 16.431350708007812,
          "hz": 1799.6344973346393
        },
        {
          "acoustic_entropy": 15.56486701965332,
          "acoustic_entropy_side": 16.666688919067383,
          "hz": 2020.9991599069049
        },
        {
