{
  "acoustic_entropy": 157.16851806640625,
  "bands": [
    {
      "high_freq": 148.1999969482422,
      "loudness": -28.550132751464844,
      "loudness_range": 11.057416915893555,
      "mid_mean": -24.905412673950195,
      "mid_to_side_loudness": -39.80984115600586,
      "mid_to_side_loudness_range": 1.9333267211914062,
      "side_mean": -63.81353759765625
    },
    {
      "high_freq": 392.3793640136719,
      "loudness": -29.262407302856445,
      "loudness_range": 15.997533798217773,
      "low_freq": 148.1999969482422,
      "mid_mean": -25.56102752685547,
      "mid_to_side_loudness": -41.70891189575195,
      "mid_to_side_loudness_range": 4.275177001953125,
      "side_mean": -64.73664093017578
    },
    {
      "high_freq": 794.6976318359375,
      "loudness": -28.479957580566406,
      "loudness_range": 17.75761604309082,
      "low_freq": 392.3793640136719,
      "mid_mean": -24.815431594848633,
      "mid_to_side_loudness": -41.754150390625,
      "mid_to_side_loudness_range": 4.863178253173828,
      "side_mean": -64.08203887939453
    },
    {
      "high_freq": 1457.5709228515625,
      "loudness": -32.82064437866211,
      "loudness_range": 21.928171157836914,
      "low_freq": 794.6976318359375,
      "mid_mean": -29.155426025390625,
      "mid_to_side_loudness": -43.09548568725586,
      "mid_to_side_loudness_range": 9.860210418701172,
      "side_mean": -66.36421966552734
    },
    {
      "high_freq": 2549.74365234375,
      "loudness": -33.4682502746582,
      "loudness_range": 20.536144256591797,
      "low_freq": 1457.5709228515625,
      "mid_mean": -29.865428924560547,
      "mid_to_side_loudness": -43.26900100708008,
      "mid_to_side_loudness_range": 10.855270385742188,
      "side_mean": -66.94461822509766
    },
    {
      "high_freq": 4349.24462890625,
      "loudness": -36.353981018066406,
      "loudness_range": 23.342214584350586,
      "low_freq": 2549.74365234375,
      "mid_mean": -32.74869155883789,
      "mid_to_side_loudness": -43.92109298706055,
      "mid_to_side_loudness_range": 14.684799194335938,
      "side_mean": -67.97699737548828
    },
    {
      "high_freq": 7314.1640625,
      "loudness": -43.7948112487793,
      "loudness_range": 22.690731048583984,
      "low_freq": 4349.24462890625,
      "mid_mean": -40.20726776123047,
      "mid_to_side_loudness": -42.616493225097656,
      "mid_to_side_loudness_range": 14.899967193603516,
      "side_mean": -69.52188873291016
    },
    {
      "high_freq": 12199.2666015625,
      "loudness": -52.589271545410156,
      "loudness_range": 23.030529022216797,
      "low_freq": 7314.1640625,
      "mid_mean": -48.79787826538086,
      "mid_to_side_loudness": -42.63652038574219,
      "mid_to_side_loudness_range": 17.844554901123047,
      "side_mean": -69.89862823486328
    },
    {
      "loudness": -62.35569381713867,
      "loudness_range": 14.587482452392578,
      "low_freq": 12199.2666015625,
      "mid_mean": -58.360923767089844,
      "mid_to_side_loudness": -47.35893630981445,
      "mid_to_side_loudness_range": 27.17404556274414,
      "side_mean": -69.99429321289062
    }
  ],
  "bands_short": [
    {
      "high_freq": 148.1999969482422,
      "loudness": -32.0667724609375,
      "loudness_range": 18.146577835083008,
      "mid_mean": -28.483545303344727,
      "mid_to_side_loudness": -39.737266540527344,
      "mid_to_side_loudness_range": 4.021686553955078,
      "side_mean": -65.40386962890625
    },
    {
      "high_freq": 392.3793640136719,
      "loudness": -31.342653274536133,
      "loudness_range": 23.417041778564453,
      "low_freq": 148.1999969482422,
      "mid_mean": -27.704776763916016,
      "mid_to_side_loudness": -42.00431442260742,
      "mid_to_side_loudness_range": 8.396827697753906,
      "side_mean": -65.69467163085938
    },
    {
      "high_freq": 794.6976318359375,
      "loudness": -30.93077278137207,
      "loudness_range": 23.76179313659668,
      "low_freq": 392.3793640136719,
      "mid_mean": -27.476423263549805,
      "mid_to_side_loudness": -41.9644889831543,
      "mid_to_side_loudness_range": 7.277187347412109,
      "side_mean": -65.53328704833984
    },
    {
      "high_freq": 1457.5709228515625,
      "loudness": -34.10774230957031,
      "loudness_range": 30.232023239135742,
      "low_freq": 794.6976318359375,
      "mid_mean": -30.733097076416016,
      "mid_to_side_loudness": -42.1192626953125,
      "mid_to_side_loudness_range": 8.19986343383789,
      "side_mean": -66.72235870361328
    },
    {
      "high_freq": 2549.74365234375,
      "loudness": -36.03014373779297,
      "loudness_range": 29.19036865234375,
      "low_freq": 1457.5709228515625,
      "mid_mean": -32.71882247924805,
      "mid_to_side_loudness": -42.320465087890625,
      "mid_to_side_loudness_range": 10.060440063476562,
      "side_mean": -67.71397399902344
    },
    {
      "high_freq": 4349.24462890625,
      "loudness": -38.907981872558594,
      "loudness_range": 31.408544540405273,
      "low_freq": 2549.74365234375,
      "mid_mean": -35.822200775146484,
      "mid_to_side_loudness": -41.71247100830078,
      "mid_to_side_loudness_range": 10.50844955444336,
      "side_mean": -68.47065734863281
    },
    {
      "high_freq": 7314.1640625,
      "loudness": -45.79264831542969,
      "loudness_range": 27.400728225708008,
      "low_freq": 4349.24462890625,
      "mid_mean": -43.382293701171875,
      "mid_to_side_loudness": -40.1536979675293,
      "mid_to_side_loudness_range": 7.513431549072266,
      "side_mean": -69.5777587890625
    },
    {
      "high_freq": 12199.2666015625,
      "loudness": -56.205291748046875,
      "loudness_range": 29.994815826416016,
      "low_freq": 7314.1640625,
      "mid_mean": -52.39462661743164,
      "mid_to_side_loudness": -39.898189544677734,
      "mid_to_side_loudness_range": 12.640071868896484,
      "side_mean": -69.90558624267578
    },
    {
      "loudness": -63.55411148071289,
      "loudness_range": 15.745418548583984,
      "low_freq": 12199.2666015625,
      "mid_mean": -59.396175384521484,
      "mid_to_side_loudness": -42.5890998840332,
      "mid_to_side_loudness_range": 24.40165901184082,
      "side_mean": -69.99462890625
    }
  ],
  "bandwidth": 652.1232299804688,
  "channels": 2,
  "covariance": [
    [
      20.69812774658203,
      12.329948425292969,
      13.595969200134277,
      8.419855117797852,
      1.6745924949645996,
      0.09306380152702332,
      0.024811027571558952,
      -1.7248859405517578,
      1.894182562828064,
      0.027413178235292435,
      -2.0744636058807373,
      -1.1042451858520508,
      1.2531557083129883,
      -0.05102233588695526,
      1.2559795379638672,
      -0.09873106330633163,
      0.025769459083676338,
      0.002149987732991576
    ],
    [
      12.329948425292969,
      11.770552635192871,
      11.534743309020996,
      7.632701873779297,
      0.5384055972099304,
      0.28804829716682434,
      -0.6464693546295166,
      -0.99891597032547,
      -0.3968302607536316,
      -0.5278801918029785,
      -2.928497076034546,
      -1.073760747909546,
      -0.2991781234741211,
      -0.08895708620548248,
      -0.22872294485569,
      -0.1123509332537651,
      0.678878128528595,
      0.0032231679651886225
    ],
    [
      13.595969200134277,
      11.534743309020996,
      32.19097900390625,
      19.82176971435547,
      6.269979476928711,
      2.090099573135376,
      3.1829657554626465,
      -1.1646548509597778,
      8.627819061279297,
      1.845231056213379,
      5.077998638153076,
      0.43706798553466797,
      11.737736701965332,
      0.5025697350502014,
      10.903105735778809,
      -0.005671725142747164,
      5.047389507293701,
      0.018622566014528275
    ],
    [
      8.419855117797852,
      7.632701873779297,
      19.82176971435547,
      14.98599624633789,
      3.6363117694854736,
      2.1939542293548584,
      2.3073582649230957,
      0.32751399278640747,
      5.3199005126953125,
      2.1656782627105713,
      4.099128723144531,
      1.3583869934082031,
      9.248327255249023,
      0.7336631417274475,
      9.384937286376953,
      0.0849573090672493,
      5.5597004890441895,
      0.014635725878179073
    ],
    [
      1.6745924949645996,
      0.5384055972099304,
      6.269979476928711,
      3.6363117694854736,
      38.36177062988281,
      25.4168758392334,
      30.58161163330078,
      14.452986717224121,
      26.659807205200195,
      11.309840202331543,
      25.06066131591797,
      7.942056179046631,
      20.578027725219727,
      1.397542953491211,
      20.7324161529541,
      0.34933701157569885,
      12.979537010192871,
      0.03873090445995331
    ],
    [
      0.09306380152702332,
      0.28804829716682434,
      2.090099573135376,
      2.1939542293548584,
      25.4168758392334,
      20.640371322631836,
      20.946767807006836,
      12.011683464050293,
      17.96658706665039,
      9.668523788452148,
      17.3881778717041,
      6.925287246704102,
      13.88977336883545,
      1.324791431427002,
      15.719863891601562,
      0.323272168636322,
      11.523271560668945,
      0.034020546823740005
    ],
    [
      0.024811027571558952,
      -0.6464693546295166,
      3.1829657554626465,
      2.3073582649230957,
      30.58161163330078,
      20.946767807006836,
      53.942604064941406,
      27.733753204345703,
      26.326128005981445,
      10.195191383361816,
      35.89116287231445,
      11.385066986083984,
      25.90154457092285,
      1.9646074771881104,
      27.50702476501465,
      0.5672962069511414,
      18.009204864501953,
      0.055403679609298706
    ],
    [
      -1.7248859405517578,
      -0.99891597032547,
      -1.1646548509597778,
      0.32751399278640747,
      14.452986717224121,
      12.011683464050293,
      27.733753204345703,
      18.357532501220703,
      11.31434154510498,
      6.44687557220459,
      19.223909378051758,
      8.065155982971191,
      12.560757637023926,
      1.524044394493103,
      15.867334365844727,
      0.42654889822006226,
      11.87154769897461,
      0.04083338379859924
    ],
    [
      1.894182562828064,
      -0.3968302607536316,
      8.627819061279297,
      5.3199005126953125,
      26.659807205200195,
      17.96658706665039,
      26.326128005981445,
      11.31434154510498,
      50.88428497314453,
      22.077409744262695,
      42.30828094482422,
      11.229981422424316,
      37.37563705444336,
      2.741414785385132,
      34.35043716430664,
      0.5640276074409485,
      19.1451358795166,
      0.03479143977165222
    ],
    [
      0.027413178235292435,
      -0.5278801918029785,
      1.845231056213379,
      2.1656782627105713,
      11.309840202331543,
      9.668523788452148,
      10.195191383361816,
      6.44687557220459,
      22.077409744262695,
      13.877668380737305,
      18.634672164916992,
      7.380551338195801,
      16.934425354003906,
      2.0190041065216064,
      16.822280883789062,
      0.4150601029396057,
      10.820143699645996,
      0.024439964443445206
    ],
    [
      -2.0744636058807373,
      -2.928497076034546,
      5.077998638153076,
      4.099128723144531,
      25.06066131591797,
      17.3881778717041,
      35.89116287231445,
      19.223909378051758,
      42.30828094482422,
      18.634672164916992,
      66.17269134521484,
      17.870868682861328,
      51.67021560668945,
      3.6308701038360596,
      49.97049331665039,
      0.8229871392250061,
      27.788190841674805,
      0.05812501162290573
    ],
    [
      -1.1042451858520508,
      -1.073760747909546,
      0.43706798553466797,
      1.3583869934082031,
      7.942056179046631,
      6.925287246704102,
      11.385066986083984,
      8.065155982971191,
      11.229981422424316,
      7.380551338195801,
      17.870868682861328,
      9.359368324279785,
      12.915822982788086,
      2.2903363704681396,
      13.955479621887207,
      0.5188394784927368,
      9.585821151733398,
      0.031963009387254715
    ],
    [
      1.2531557083129883,
      -0.2991781234741211,
      11.737736701965332,
      9.248327255249023,
      20.578027725219727,
      13.88977336883545,
      25.90154457092285,
      12.560757637023926,
      37.37563705444336,
      16.934425354003906,
      51.67021560668945,
      12.915822982788086,
      59.634620666503906,
      4.082963466644287,
      53.66786575317383,
      0.8058232069015503,
      27.76650047302246,
      0.04971225932240486
    ],
    [
      -0.05102233588695526,
      -0.08895708620548248,
      0.5025697350502014,
      0.7336631417274475,
      1.397542953491211,
      1.324791431427002,
      1.9646074771881104,
      1.524044394493103,
      2.741414785385132,
      2.0190041065216064,
      3.6308701038360596,
      2.2903363704681396,
      4.082963466644287,
      1.268507480621338,
      3.8439390659332275,
      0.24829602241516113,
      2.5832536220550537,
      0.013295130804181099
    ],
    [
      1.2559795379638672,
      -0.22872294485569,
      10.903105735778809,
      9.384937286376953,
      20.7324161529541,
      15.719863891601562,
      27.50702476501465,
      15.867334365844727,
      34.35043716430664,
      16.822280883789062,
      49.97049331665039,
      13.955479621887207,
      53.66786575317383,
      3.8439390659332275,
      63.282222747802734,
      0.9472063779830933,
      31.70791244506836,
      0.04668290168046951
    ],
    [
      -0.09873106330633163,
      -0.1123509332537651,
      -0.005671725142747164,
      0.0849573090672493,
      0.34933701157569885,
      0.323272168636322,
      0.5672962069511414,
      0.42654889822006226,
      0.5640276074409485,
      0.4150601029396057,
      0.8229871392250061,
      0.5188394784927368,
      0.8058232069015503,
      0.24829602241516113,
      0.9472063779830933,
      0.08780822157859802,
      0.6273328065872192,
      0.004599366337060928
    ],
    [
      0.025769459083676338,
      0.678878128528595,
      5.047389507293701,
      5.5597004890441895,
      12.979537010192871,
      11.523271560668945,
      18.009204864501953,
      11.87154769897461,
      19.1451358795166,
      10.820143699645996,
      27.788190841674805,
      9.585821151733398,
      27.76650047302246,
      2.5832536220550537,
      31.70791244506836,
      0.6273328065872192,
      22.874361038208008,
      0.047003123909235
    ],
    [
      0.002149987732991576,
      0.0032231679651886225,
      0.018622566014528275,
      0.014635725878179073,
      0.03873090445995331,
      0.034020546823740005,
      0.055403679609298706,
      0.04083338379859924,
      0.03479143977165222,
      0.024439964443445206,
      0.05812501162290573,
      0.031963009387254715,
      0.04971225932240486,
      0.013295130804181099,
      0.04668290168046951,
      0.004599366337060928,
      0.047003123909235,
      0.0012775984359905124
    ]
  ],
  "covariance_short": [
    [
      46.41548538208008,
      22.325349807739258,
      26.00554084777832,
      12.093802452087402,
      3.30548095703125,
      -0.2822606563568115,
      -0.5099456310272217,
      -1.8160884380340576,
      3.129476547241211,
      -0.34930869936943054,
      3.6676247119903564,
      -0.6467083692550659,
      5.17259407043457,
      0.010709027759730816,
      4.120870590209961,
      -0.03227349370718002,
      0.5420969724655151,
      0.008716210722923279
    ],
    [
      22.325349807739258,
      14.11163330078125,
      15.021710395812988,
      7.836366653442383,
      1.7632131576538086,
      0.2854723036289215,
      -1.2300599813461304,
      -1.0283052921295166,
      0.37597471475601196,
      -0.41194072365760803,
      0.6771030426025391,
      -0.4350244998931885,
      1.7943005561828613,
      0.032192375510931015,
      3.1216516494750977,
      -0.05552934110164642,
      0.7456561326980591,
      0.006003458984196186
    ],
    [
      26.00554084777832,
      15.021710395812988,
      57.75874328613281,
      28.889490127563477,
      15.527375221252441,
      4.1515583992004395,
      7.560906410217285,
      -0.7527283430099487,
      15.260674476623535,
      1.4274804592132568,
      12.08169174194336,
      -0.5427889823913574,
      17.535694122314453,
      0.6403807401657104,
      16.579734802246094,
      0.03550662472844124,
      5.928557395935059,
      0.026205115020275116
    ],
    [
      12.093802452087402,
      7.836366653442383,
      28.889490127563477,
      20.685009002685547,
      7.592925071716309,
      3.0418505668640137,
      4.189634323120117,
      0.7452226281166077,
      6.692251205444336,
      1.6259249448776245,
      6.1846418380737305,
      0.7326933741569519,
      11.34000301361084,
      0.8129829168319702,
      12.58149528503418,
      0.11134999245405197,
      6.068447113037109,
      0.022078843787312508
    ],
    [
      3.30548095703125,
      1.7632131576538086,
      15.527375221252441,
      7.592925071716309,
      69.52747344970703,
      31.682296752929688,
      50.92411804199219,
      18.232725143432617,
      42.93098068237305,
      11.580657005310059,
      38.751670837402344,
      8.162810325622559,
      32.878501892089844,
      1.9582301378250122,
      32.8513298034668,
      0.4356721043586731,
      15.577227592468262,
      0.041795764118433
    ],
    [
      -0.2822606563568115,
      0.2854723036289215,
      4.1515583992004395,
      3.0418505668640137,
      31.682296752929688,
      21.949777603149414,
      25.58785057067871,
      12.592727661132812,
      21.134838104248047,
      7.918220520019531,
      20.268545150756836,
      5.819657802581787,
      16.560791015625,
      1.4250085353851318,
      18.625308990478516,
      0.3232763707637787,
      10.196781158447266,
      0.03146600350737572
    ],
    [
      -0.5099456310272217,
      -1.2300599813461304,
      7.560906410217285,
      4.189634323120117,
      50.92411804199219,
      25.58785057067871,
      99.14715576171875,
      41.002281188964844,
      61.424198150634766,
      17.456384658813477,
      67.53035736083984,
      15.533315658569336,
      52.00192642211914,
      3.1136181354522705,
      48.214046478271484,
      0.8050352931022644,
      25.474092483520508,
      0.06464982777833939
    ],
    [
      -1.8160884380340576,
      -1.0283052921295166,
      -0.7527283430099487,
      0.7452226281166077,
      18.232725143432617,
      12.592727661132812,
      41.002281188964844,
      24.436674118041992,
      23.673219680786133,
      9.86962604522705,
      30.682086944580078,
      9.46385383605957,
      22.290250778198242,
      1.95155668258667,
      23.764530181884766,
      0.5076044797897339,
      14.36408519744873,
      0.04299274459481239
    ],
    [
      3.129476547241211,
      0.37597471475601196,
      15.260674476623535,
      6.692251205444336,
      42.93098068237305,
      21.134838104248047,
      61.424198150634766,
      23.673219680786133,
      97.49268341064453,
      28.30251121520996,
      77.40122985839844,
      14.372241973876953,
      64.55134582519531,
      3.954741954803467,
      53.09075927734375,
      0.8235506415367126,
      24.99932861328125,
      0.04839995130896568
    ],
    [
      -0.34930869936943054,
      -0.41194072365760803,
      1.4274804592132568,
      1.6259249448776245,
      11.580657005310059,
      7.918220520019531,
      17.456384658813477,
      9.86962604522705,
      28.30251121520996,
      15.143397331237793,
      23.85457420349121,
      7.27020788192749,
      21.43185043334961,
      2.2819771766662598,
      19.748180389404297,
      0.49671560525894165,
      10.745830535888672,
      0.029808368533849716
    ],
    [
      3.6676247119903564,
      0.6771030426025391,
      12.08169174194336,
      6.1846418380737305,
      38.751670837402344,
      20.268545150756836,
      67.53035736083984,
      30.682086944580078,
      77.40122985839844,
      23.85457420349121,
      117.08001708984375,
      21.653379440307617,
      89.2280044555664,
      5.091610431671143,
      75.01862335205078,
      1.1479856967926025,
      35.422828674316406,
      0.07416161894798279
    ],
    [
      -0.6467083692550659,
      -0.4350244998931885,
      -0.5427889823913574,
      0.7326933741569519,
      8.162810325622559,
      5.819657802581787,
      15.533315658569336,
      9.46385383605957,
      14.372241973876953,
      7.27020788192749,
      21.653379440307617,
      9.956646919250488,
      16.376554489135742,
      2.4415993690490723,
      16.076417922973633,
      0.5729432702064514,
      9.34044361114502,
      0.03533373400568962
    ],
    [
      5.17259407043457,
      1.7943005561828613,
      17.535694122314453,
      11.34000301361084,
      32.878501892089844,
      16.560791015625,
      52.00192642211914,
      22.290250778198242,
      64.55134582519531,
      21.43185043334961,
      89.2280044555664,
      16.376554489135742,
      109.61135864257812,
      5.892905235290527,
      88.5370864868164,
      1.2289873361587524,
      39.42251205444336,
      0.07101184874773026
    ],
    [
      0.010709027759730816,
      0.032192375510931015,
      0.6403807401657104,
      0.8129829168319702,
      1.9582301378250122,
      1.4250085353851318,
      3.1136181354522705,
      1.95155668258667,
      3.954741954803467,
      2.2819771766662598,
      5.091610431671143,
      2.4415993690490723,
      5.892905235290527,
      1.4967663288116455,
      5.156382083892822,
      0.31170380115509033,
      2.89249587059021,
      0.019799944013357162
    ],
    [
      4.120870590209961,
      3.1216516494750977,
      16.579734802246094,
      12.58149528503418,
      32.8513298034668,
      18.625308990478516,
      48.214046478271484,
      23.764530181884766,
      53.09075927734375,
      19.748180389404297,
      75.01862335205078,
      16.076417922973633,
      88.5370864868164,
      5.156382083892822,
      99.44697570800781,
      1.3488836288452148,
      44.81711959838867,
      0.06451263278722763
    ],
    [
      -0.03227349370718002,
      -0.05552934110164642,
      0.03550662472844124,
      0.11134999245405197,
      0.4356721043586731,
      0.3232763707637787,
      0.8050352931022644,
      0.5076044797897339,
      0.8235506415367126,
      0.49671560525894165,
      1.1479856967926025,
      0.5729432702064514,
      1.2289873361587524,
      0.31170380115509033,
      1.3488836288452148,
      0.14005431532859802,
      0.7431468367576599,
      0.009009188041090965
    ],
    [
      0.5420969724655151,
      0.7456561326980591,
      5.928557395935059,
      6.068447113037109,
      15.577227592468262,
      10.196781158447266,
      25.474092483520508,
      14.36408519744873,
      24.99932861328125,
      10.745830535888672,
      35.422828674316406,
      9.34044361114502,
      39.42251205444336,
      2.89249587059021,
      44.81711959838867,
      0.7431468367576599,
      27.129716873168945,
      0.053920574486255646
    ],
    [
      0.008716210722923279,
      0.006003458984196186,
      0.026205115020275116,
      0.022078843787312508,
      0.041795764118433,
      0.03146600350737572,
      0.06464982777833939,
      0.04299274459481239,
      0.04839995130896568,
      0.029808368533849716,
      0.07416161894798279,
      0.03533373400568962,
      0.07101184874773026,
      0.019799944013357162,
      0.06451263278722763,
      0.009009188041090965,
      0.053920574486255646,
      0.004195223096758127
    ]
  ],
  "damage": -9.508258819580078,
  "diff_bandwidth": 679.0936889648438,
  "dissonance": 8.108219998257418,
  "drr": 18.116931915283203,
  "dynamics": 4.268104076385498,
  "format": 1245190,
  "frames": 7814080,
  "loudness": -17.382366180419922,
  "loudness_range": 10.246158599853516,
  "loudness_range_short": 17.882394790649414,
  "lowpass_true_peak_15khz": -0.8558811545372009,
  "mastering3_acoustic_entropies": [
    {
      "acoustic_entropy": 9.548078536987305,
      "acoustic_entropy_mono": 9.548053741455078,
      "band_eliminated_acoustic_entropies": [
        {
          "acoustic_entropy": 9.62083911895752,
          "acoustic_entropy_side": 9.548078536987305,
          "hz": 129.47220167065723
        },
        {
          "acoustic_entropy": 8.859248161315918,
          "acoustic_entropy_side": 9.548078536987305,
          "hz": 202.92927478742237
        },
        {
          "acoustic_entropy": 8.446266174316406,
          "acoustic_entropy_side": 9.548078536987305,
          "hz": 282.89161906338205
        },
        {
          "acoustic_entropy": 8.92402172088623,
          "acoustic_entropy_side": 9.548078536987305,
          "hz": 369.9353335868758
        },
        {
          "acoustic_entropy": 9.19474983215332,
          "acoustic_entropy_side": 9.548078536987305,
          "hz": 464.6875360973435
        },
        {
          "acoustic_entropy": 8.90390682220459,
          "acoustic_entropy_side": 9.548078536987305,
          "hz": 567.8308811364784
        },
        {
          "acoustic_entropy": 8.370184898376465,
          "acoustic_entropy_side": 9.548077583312988,
          "hz": 680.1084783214808
        },
        {
          "acoustic_entropy": 9.378584861755371,
          "acoustic_entropy_side": 9.548075675964355,
          "hz": 802.3292461747484
        },
        {
          "acoustic_entropy": 8.8281888961792,
          "acoustic_entropy_side": 9.54805850982666,
          "hz": 935.3737400823702
        },
        {
          "acoustic_entropy": 9.15408706665039,
          "acoustic_entropy_side": 9.548077583312988,
          "hz": 1080.2004963696966
        },
        {
          "acoustic_entropy": 9.385293006896973,
          "acoustic_entropy_side": 9.548076629638672,
          "hz": 1237.8529382007157
        },
        {
          "acoustic_entropy": 8.921751022338867,
          "acoustic_entropy_side": 9.548076629638672,
          "hz": 1409.4668930556702
        },
        {
          "acoustic_entropy": 9.66891098022461,
          "acoustic_entropy_side": 9.548078536987305,
          "hz": 1596.2787759475705
        },
        {
          "acoustic_entropy": 8.758892059326172,
          "acoustic_entropy_side": 9.548077583312988,
          "hz": 1799.6344973346393
        },
        {
          "acoustic_entropy": 9.47289752960205,
          "acoustic_entropy_side": 9.548077583312988,
          "hz": 2020.9991599069049
        },
        {
          "acoustic_entropy": 9.561877250671387,
          "acoustic_entropy_side": 9.548076629638672,
          "hz": 2261.9676141086993
        },
        {
          "acoustic_entropy": 9.663349151611328,
          "acoustic_entropy_side": 9.548078536987305,
          "hz": 2524.2759484456974
        },
        {
          "acoustic_entropy": 9.670549392700195,
          "acoustic_entropy_side": 9.548078536987305,
          "hz": 2809.813997359896
        },
        {
          "acoustic_entropy": 9.506747245788574,
          "acoustic_entropy_side": 9.548078536987305,
          "hz": 3120.6389567871424
        },
        {
          "acoustic_entropy": 9.4961519241333,
          "acoustic_entropy_side": 9.548079490661621,
          "hz": 3458.990205492291
        },
        {
          "acoustic_entropy": 9.63290786743164,
          "acoustic_entropy_side": 9.548078536987305,
          "hz": 3827.305438964164
        },
        {
          "acoustic_entropy": 9.832342147827148,
          "acoustic_entropy_side": 9.548078536987305,
          "hz": 4228.238232109126
        },
        {
          "acoustic_entropy": 9.850607872009277,
          "acoustic_entropy_side": 9.548078536987305,
          "hz": 4664.6771572759235
        },
        {
          "acoustic_entropy": 9.784598350524902,
          "acoustic_entropy_side": 9.548078536987305,
          "hz": 5139.766595350093
        },
        {
          "acoustic_entropy": 9.71152400970459,
          "acoustic_entropy_side": 9.548078536987305,
          "hz": 5656.929389854203
        },
        {
          "acoustic_entropy": 9.621710777282715,
          "acoustic_entropy_side": 9.548078536987305,
          "hz": 6219.891507268283
        },
        {
          "acoustic_entropy": 9.599539756774902,
          "acoustic_entropy_side": 9.548078536987305,
          "hz": 6832.70888123896
        },
        {
          "acoustic_entropy": 9.5729398727417,
          "acoustic_entropy_side": 9.548078536987305,
          "hz": 7499.796634079867
        },
        {
          "acoustic_entropy": 9.560652732849121,
          "acoustic_entropy_side": 9.548078536987305,
          "hz": 8225.96088609342
        },
        {
          "acoustic_entropy": 9.571027755737305,
          "acoustic_entropy_side": 9.548078536987305,
          "hz": 9016.43338188839
        },
        {
          "acoustic_entropy": 9.561325073242188,
          "acoustic_entropy_side": 9.548078536987305,
          "hz": 9876.909183162974
        },
        {
          "acoustic_entropy": 9.55219841003418,
          "acoustic_entropy_side": 9.548078536987305,
          "hz": 10813.587699516042
        },
        {
          "acoustic_entropy": 9.549633979797363,
          "acoustic_entropy_side": 9.548078536987305,
          "hz": 11833.21735289826
        },
        {
          "acoustic_entropy": 9.548974990844727,
          "acoustic_entropy_side": 9.548078536987305,
          "hz": 12943.144197493959
        },
        {
          "acoustic_entropy": 9.548460006713867,
          "acoustic_entropy_side": 9.548078536987305,
          "hz": 14151.364845322005
        },
        {
          "acoustic_entropy": 9.548311233520508,
          "acoustic_entropy_side": 9.548078536987305,
          "hz": 15466.58407886509
        },
        {
          "acoustic_entropy": 9.548141479492188,
          "acoustic_entropy_side": 9.548078536987305,
          "hz": 16898.27756580493
        },
        {
          "acoustic_entropy": 9.548104286193848,
          "acoustic_entropy_side": 9.548078536987305,
          "hz": 18456.760127700032
        },
        {
          "acoustic_entropy": 9.548089981079102,
          "acoustic_entropy_side": 9.548078536987305,
          "hz": 20153.260054456492
        },
        {
          "acoustic_entropy": 9.548079490661621,
          "acoustic_entropy_side": 9.548078536987305,
          "hz": 22000.00000000001
        }
      ],
      "diff_acoustic_entropy": 11.056153297424316,
      "sn": 6
    },
    {
      "acoustic_entropy": 13.174400329589844,
      "acoustic_entropy_mono": 13.174471855163574,
      "band_eliminated_acoustic_entropies": [
        {
          "acoustic_entropy": 13.024637222290039,
          "acoustic_entropy_side": 13.174400329589844,
          "hz": 129.47220167065723
        },
        {
          "acoustic_entropy": 12.830806732177734,
          "acoustic_entropy_side": 13.17440128326416,
          "hz": 202.92927478742237
        },
        {
          "acoustic_entropy": 12.448009490966797,
          "acoustic_entropy_side": 13.174400329589844,
          "hz": 282.89161906338205
        },
        {
          "acoustic_entropy": 12.086431503295898,
          "acoustic_entropy_side": 13.174400329589844,
          "hz": 369.9353335868758
        },
        {
          "acoustic_entropy": 13.662760734558105,
          "acoustic_entropy_side": 13.174399375915527,
          "hz": 464.6875360973435
        },
        {
          "acoustic_entropy": 12.903499603271484,
          "acoustic_entropy_side": 13.174399375915527,
          "hz": 567.8308811364784
        },
        {
          "acoustic_entropy": 11.841276168823242,
          "acoustic_entropy_side": 13.174398422241211,
          "hz": 680.1084783214808
        },
        {
          "acoustic_entropy": 13.911104202270508,
          "acoustic_entropy_side": 13.174448013305664,
          "hz": 802.3292461747484
        },
        {
          "acoustic_entropy": 12.610893249511719,
          "acoustic_entropy_side": 13.174379348754883,
          "hz": 935.3737400823702
        },
        {
          "acoustic_entropy": 12.992919921875,
          "acoustic_entropy_side": 13.174423217773438,
          "hz": 1080.2004963696966
        },
        {
          "acoustic_entropy": 12.915287971496582,
          "acoustic_entropy_side": 13.174400329589844,
          "hz": 1237.8529382007157
        },
        {
          "acoustic_entropy": 13.063997268676758,
          "acoustic_entropy_side": 13.174406051635742,
          "hz": 1409.4668930556702
        },
        {
          "acoustic_entropy": 13.067662239074707,
          "acoustic_entropy_side": 13.174412727355957,
          "hz": 1596.2787759475705
        },
        {
          "acoustic_entropy": 12.89146614074707,
          "acoustic_entropy_side": 13.174415588378906,
          "hz": 1799.6344973346393
        },
        {
          "acoustic_entropy": 13.103716850280762,
          "acoustic_entropy_side": 13.174400329589844,
          "hz": 2020.9991599069049
        },
        {
          "acoustic_entropy": 12.524168968200684,
          "acoustic_entropy_side": 13.17440128326416,
          "hz": 2261.9676141086993
        },
        {
          "acoustic_entropy": 12.979948043823242,
          "acoustic_entropy_side": 13.174400329589844,
          "hz": 2524.2759484456974
        },
        {
          "acoustic_entropy": 13.257658004760742,
          "acoustic_entropy_side": 13.174400329589844,
          "hz": 2809.813997359896
        },
        {
          "acoustic_entropy": 12.823887825012207,
          "acoustic_entropy_side": 13.174399375915527,
          "hz": 3120.6389567871424
        },
        {
          "acoustic_entropy": 13.173211097717285,
          "acoustic_entropy_side": 13.174395561218262,
          "hz": 3458.990205492291
        },
        {
          "acoustic_entropy": 13.294354438781738,
          "acoustic_entropy_side": 13.174397468566895,
          "hz": 3827.305438964164
        },
        {
          "acoustic_entropy": 12.92630672454834,
          "acoustic_entropy_side": 13.174396514892578,
          "hz": 4228.238232109126
        },
        {
          "acoustic_entropy": 13.13707160949707,
          "acoustic_entropy_side": 13.174400329589844,
          "hz": 4664.6771572759235
        },
        {
          "acoustic_entropy": 13.091068267822266,
          "acoustic_entropy_side": 13.174400329589844,
          "hz": 5139.766595350093
        },
        {
          "acoustic_entropy": 13.189046859741211,
          "acoustic_entropy_side": 13.174400329589844,
          "hz": 5656.929389854203
        },
        {
          "acoustic_entropy": 12.939082145690918,
          "acoustic_entropy_side": 13.174400329589844,
          "hz": 6219.891507268283
        },
        {
          "acoustic_entropy": 12.921985626220703,
          "acoustic_entropy_side": 13.174400329589844,
          "hz": 6832.70888123896
        },
        {
          "acoustic_entropy": 12.968901634216309,
          "acoustic_entropy_side": 13.174400329589844,
          "hz": 7499.796634079867
        },
        {
          "acoustic_entropy": 13.010653495788574,
          "acoustic_entropy_side": 13.174400329589844,
          "hz": 8225.96088609342
        },
        {
          "acoustic_entropy": 13.052958488464355,
          "acoustic_entropy_side": 13.174400329589844,
          "hz": 9016.43338188839
        },
        {
          "acoustic_entropy": 13.135968208312988,
          "acoustic_entropy_side": 13.174400329589844,
          "hz": 9876.909183162974
        },
        {
          "acoustic_entropy": 13.158143043518066,
          "acoustic_entropy_side": 13.174400329589844,
          "hz": 10813.587699516042
        },
        {
          "acoustic_entropy": 13.16127872467041,
          "acoustic_entropy_side": 13.174400329589844,
          "hz": 11833.21735289826
        },
        {
          "acoustic_entropy": 13.168262481689453,
          "acoustic_entropy_side": 13.174400329589844,
          "hz": 12943.144197493959
        },
        {
          "acoustic_entropy": 13.17237663269043,
          "acoustic_entropy_side": 13.174400329589844,
          "hz": 14151.364845322005
        },
        {
          "acoustic_entropy": 13.174214363098145,
          "acoustic_entropy_side": 13.174400329589844,
          "hz": 15466.58407886509
        },
        {
          "acoustic_entropy": 13.174408912658691,
          "acoustic_entropy_side": 13.174400329589844,
          "hz": 16898.27756580493
        },
        {
          "acoustic_entropy": 13.174393653869629,
          "acoustic_entropy_side": 13.174400329589844,
          "hz": 18456.760127700032
        },
        {
          "acoustic_entropy": 13.174400329589844,
          "acoustic_entropy_side": 13.174400329589844,
          "hz": 20153.260054456492
        },
        {
          "acoustic_entropy": 13.174397468566895,
          "acoustic_entropy_side": 13.174400329589844,
          "hz": 22000.00000000001
        }
      ],
      "diff_acoustic_entropy": 15.340678215026855,
      "sn": 12
    },
    {
      "acoustic_entropy": 18.054025650024414,
      "acoustic_entropy_mono": 18.07560157775879,
      "band_eliminated_acoustic_entropies": [
        {
          "acoustic_entropy": 17.989349365234375,
          "acoustic_entropy_side": 18.054035186767578,
          "hz": 129.47220167065723
        },
        {
          "acoustic_entropy": 19.09551239013672,
          "acoustic_entropy_side": 18.05402183532715,
          "hz": 202.92927478742237
        },
        {
          "acoustic_entropy": 18.336528778076172,
          "acoustic_entropy_side": 18.054121017456055,
          "hz": 282.89161906338205
        },
        {
          "acoustic_entropy": 18.118757247924805,
          "acoustic_entropy_side": 18.054569244384766,
          "hz": 369.9353335868758
        },
        {
          "acoustic_entropy": 19.510433197021484,
          "acoustic_entropy_side": 18.054279327392578,
          "hz": 464.6875360973435
        },
        {
          "acoustic_entropy": 18.163240432739258,
          "acoustic_entropy_side": 18.05396842956543,
          "hz": 567.8308811364784
        },
        {
          "acoustic_entropy": 19.16937828063965,
          "acoustic_entropy_side": 18.0540714263916,
          "hz": 680.1084783214808
        },
        {
          "acoustic_entropy": 19.25702476501465,
          "acoustic_entropy_side": 18.066068649291992,
          "hz": 802.3292461747484
        },
        {
          "acoustic_entropy": 18.27171516418457,
          "acoustic_entropy_side": 18.064651489257812,
          "hz": 935.3737400823702
        },
        {
          "acoustic_entropy": 18.257266998291016,
          "acoustic_entropy_side": 18.05524253845215,
          "hz": 1080.2004963696966
        },
        {
          "acoustic_entropy": 18.002153396606445,
          "acoustic_entropy_side": 18.0528621673584,
          "hz": 1237.8529382007157
        },
        {
          "acoustic_entropy": 17.673370361328125,
          "acoustic_entropy_side": 18.053239822387695,
          "hz": 1409.4668930556702
        },
        {
          "acoustic_entropy": 18.028982162475586,
          "acoustic_entropy_side": 18.05438995361328,
          "hz": 1596.2787759475705
        },
        {
          "acoustic_entropy": 18.606897354125977,
          "acoustic_entropy_side": 18.050752639770508,
          "hz": 1799.6344973346393
        },
        {
          "acoustic_entropy": 18.759355545043945,
          "acoustic_entropy_side": 18.05527114868164,
          "hz": 2020.9991599069049
        },
        {
          "acoustic_entropy": 17.903348922729492,
          "acoustic_entropy_side": 18.054109573364258,
          "hz": 2261.9676141086993
        },
        {
          "acoustic_entropy": 18.045297622680664,
