{
  "acoustic_entropy": 177.94554138183594,
  "bands": [
    {
      "high_freq": 148.1999969482422,
      "loudness": -23.934785842895508,
      "loudness_range": 10.442787170410156,
      "mid_mean": -21.807945251464844,
      "mid_to_side_loudness": -4.140653133392334,
      "mid_to_side_loudness_range": 8.857468605041504,
      "side_mean": -26.085166931152344
    },
    {
      "high_freq": 392.3793640136719,
      "loudness": -19.8974552154541,
      "loudness_range": 7.932512283325195,
      "low_freq": 148.1999969482422,
      "mid_mean": -17.665918350219727,
      "mid_to_side_loudness": -4.214686393737793,
      "mid_to_side_loudness_range": 6.69401216506958,
      "side_mean": -22.043264389038086
    },
    {
      "high_freq": 794.6976318359375,
      "loudness": -24.342145919799805,
      "loudness_range": 8.877344131469727,
      "low_freq": 392.3793640136719,
      "mid_mean": -22.052021026611328,
      "mid_to_side_loudness": -4.402513027191162,
      "mid_to_side_loudness_range": 7.510255336761475,
      "side_mean": -26.657691955566406
    },
    {
      "high_freq": 1457.5709228515625,
      "loudness": -27.519786834716797,
      "loudness_range": 10.090202331542969,
      "low_freq": 794.6976318359375,
      "mid_mean": -25.407081604003906,
      "mid_to_side_loudness": -3.7262842655181885,
      "mid_to_side_loudness_range": 5.693942546844482,
      "side_mean": -29.304443359375
    },
    {
      "high_freq": 2549.74365234375,
      "loudness": -26.41768455505371,
      "loudness_range": 10.37369155883789,
      "low_freq": 1457.5709228515625,
      "mid_mean": -24.222726821899414,
      "mid_to_side_loudness": -3.9090864658355713,
      "mid_to_side_loudness_range": 4.936183929443359,
      "side_mean": -28.32657814025879
    },
    {
      "high_freq": 4349.24462890625,
      "loudness": -31.304187774658203,
      "loudness_range": 11.561641693115234,
      "low_freq": 2549.74365234375,
      "mid_mean": -28.99996566772461,
      "mid_to_side_loudness": -4.323405742645264,
      "mid_to_side_loudness_range": 5.306427478790283,
      "side_mean": -33.59620666503906
    },
    {
      "high_freq": 7314.1640625,
      "loudness": -43.25391387939453,
      "loudness_range": 16.537246704101562,
      "low_freq": 4349.24462890625,
      "mid_mean": -41.17684555053711,
      "mid_to_side_loudness": -3.6144907474517822,
      "mid_to_side_loudness_range": 4.827186107635498,
      "side_mean": -44.92155456542969
    },
    {
      "high_freq": 12199.2666015625,
      "loudness": -54.232688903808594,
      "loudness_range": 19.26321792602539,
      "low_freq": 7314.1640625,
      "mid_mean": -53.01041030883789,
      "mid_to_side_loudness": -3.5967299938201904,
      "mid_to_side_loudness_range": 4.859561443328857,
      "side_mean": -56.273719787597656
    },
    {
      "loudness": -60.91817092895508,
      "loudness_range": 18.71851348876953,
      "low_freq": 12199.2666015625,
      "mid_mean": -58.65287780761719,
      "mid_to_side_loudness": -3.7562291622161865,
      "mid_to_side_loudness_range": 3.300682306289673,
      "side_mean": -61.74959945678711
    }
  ],
  "bands_short": [
    {
      "high_freq": 148.1999969482422,
      "loudness": -27.33667755126953,
      "loudness_range": 13.853597640991211,
      "mid_mean": -25.639747619628906,
      "mid_to_side_loudness": -3.8794169425964355,
      "mid_to_side_loudness_range": 15.270029067993164,
      "side_mean": -29.687021255493164
    },
    {
      "high_freq": 392.3793640136719,
      "loudness": -19.202409744262695,
      "loudness_range": 7.479250907897949,
      "low_freq": 148.1999969482422,
      "mid_mean": -17.00602149963379,
      "mid_to_side_loudness": -4.3471527099609375,
      "mid_to_side_loudness_range": 8.078407287597656,
      "side_mean": -21.42823028564453
    },
    {
      "high_freq": 794.6976318359375,
      "loudness": -24.304513931274414,
      "loudness_range": 9.718904495239258,
      "low_freq": 392.3793640136719,
      "mid_mean": -22.11458969116211,
      "mid_to_side_loudness": -4.451659202575684,
      "mid_to_side_loudness_range": 9.523149490356445,
      "side_mean": -26.765125274658203
    },
    {
      "high_freq": 1457.5709228515625,
      "loudness": -27.333959579467773,
      "loudness_range": 10.978279113769531,
      "low_freq": 794.6976318359375,
      "mid_mean": -25.295473098754883,
      "mid_to_side_loudness": -3.8415682315826416,
      "mid_to_side_loudness_range": 8.711257934570312,
      "side_mean": -29.320770263671875
    },
    {
      "high_freq": 2549.74365234375,
      "loudness": -26.56378746032715,
      "loudness_range": 11.156906127929688,
      "low_freq": 1457.5709228515625,
      "mid_mean": -24.462207794189453,
      "mid_to_side_loudness": -3.9185128211975098,
      "mid_to_side_loudness_range": 7.1497578620910645,
      "side_mean": -28.569263458251953
    },
    {
      "high_freq": 4349.24462890625,
      "loudness": -31.421058654785156,
      "loudness_range": 12.27867317199707,
      "low_freq": 2549.74365234375,
      "mid_mean": -29.13503074645996,
      "mid_to_side_loudness": -4.349104881286621,
      "mid_to_side_loudness_range": 6.448093891143799,
      "side_mean": -33.74407958984375
    },
    {
      "high_freq": 7314.1640625,
      "loudness": -43.53461456298828,
      "loudness_range": 16.919082641601562,
      "low_freq": 4349.24462890625,
      "mid_mean": -41.46403884887695,
      "mid_to_side_loudness": -3.5506436824798584,
      "mid_to_side_loudness_range": 5.757268905639648,
      "side_mean": -45.218624114990234
    },
    {
      "high_freq": 12199.2666015625,
      "loudness": -54.92265701293945,
      "loudness_range": 19.58102035522461,
      "low_freq": 7314.1640625,
      "mid_mean": -53.63250732421875,
      "mid_to_side_loudness": -3.4549169540405273,
      "mid_to_side_loudness_range": 4.845325946807861,
      "side_mean": -56.8145751953125
    },
    {
      "loudness": -61.29307556152344,
      "loudness_range": 18.883560180664062,
      "low_freq": 12199.2666015625,
      "mid_mean": -59.00459671020508,
      "mid_to_side_loudness": -3.588620185852051,
      "mid_to_side_loudness_range": 3.4914348125457764,
      "side_mean": -61.896690368652344
    }
  ],
  "bandwidth": 488.6103820800781,
  "channels": 2,
  "covariance": [
    [
      16.75547981262207,
      14.703242301940918,
      0.015460023656487465,
      0.8582148551940918,
      0.5550991296768188,
      0.4305324852466583,
      1.082646369934082,
      1.7017161846160889,
      0.5622309446334839,
      1.0659440755844116,
      1.4238731861114502,
      1.8913087844848633,
      3.7199556827545166,
      3.964472770690918,
      8.525500297546387,
      7.6554083824157715,
      6.957455158233643,
      5.521639823913574
    ],
    [
      14.703242301940918,
      21.675315856933594,
      1.445871353149414,
      2.2081637382507324,
      1.2534455060958862,
      0.9273823499679565,
      2.660543441772461,
      3.3590075969696045,
      2.200284957885742,
      2.6621766090393066,
      2.9632740020751953,
      4.141865253448486,
      6.045675754547119,
      6.5551347732543945,
      11.475227355957031,
      10.651284217834473,
      9.706448554992676,
      8.02147388458252
    ],
    [
      0.015460023656487465,
      1.445871353149414,
      12.399367332458496,
      8.590421676635742,
      7.491541385650635,
      7.383366584777832,
      8.829519271850586,
      8.535810470581055,
      9.54803466796875,
      10.136823654174805,
      11.231918334960938,
      12.771504402160645,
      12.941117286682129,
      13.335905075073242,
      14.581733703613281,
      13.85020923614502,
      11.32440185546875,
      9.95462417602539
    ],
    [
      0.8582148551940918,
      2.2081637382507324,
      8.590421676635742,
      10.47776985168457,
      5.3926682472229,
      5.8021135330200195,
      5.961230754852295,
      5.808035850524902,
      6.245361804962158,
      7.084550380706787,
      7.7493815422058105,
      9.111035346984863,
      8.961627960205078,
      9.115470886230469,
      11.358563423156738,
      10.532097816467285,
      7.795149803161621,
      6.42737340927124
    ],
    [
      0.5550991296768188,
      1.2534455060958862,
      7.491541385650635,
      5.3926682472229,
      12.210383415222168,
      10.110133171081543,
      10.28207015991211,
      9.464136123657227,
      11.441262245178223,
      11.377157211303711,
      13.60231876373291,
      14.907720565795898,
      14.762299537658691,
      15.603561401367188,
      14.361117362976074,
      14.222061157226562,
      12.299521446228027,
      11.294595718383789
    ],
    [
      0.4305324852466583,
      0.9273823499679565,
      7.383366584777832,
      5.8021135330200195,
      10.110133171081543,
      13.457101821899414,
      8.607419967651367,
      8.512560844421387,
      10.49875259399414,
      11.363805770874023,
      12.042128562927246,
      13.774369239807129,
      12.912552833557129,
      13.937182426452637,
      13.129193305969238,
      13.199801445007324,
      10.39678955078125,
      9.300491333007812
    ],
    [
      1.082646369934082,
      2.660543441772461,
      8.829519271850586,
      5.961230754852295,
      10.28207015991211,
      8.607419967651367,
      16.73842430114746,
      14.069829940795898,
      15.142074584960938,
      14.680401802062988,
      16.967164993286133,
      18.862682342529297,
      19.930706024169922,
      21.6912784576416,
      19.988527297973633,
      20.46274757385254,
      19.36318016052246,
      18.309213638305664
    ],
    [
      1.7017161846160889,
      3.3590075969696045,
      8.535810470581055,
      5.808035850524902,
      9.464136123657227,
      8.512560844421387,
      14.069829940795898,
      15.872267723083496,
      13.695552825927734,
      14.787599563598633,
      15.943622589111328,
      18.69443130493164,
      19.481124877929688,
      21.335012435913086,
      20.17429542541504,
      20.701007843017578,
      19.214595794677734,
      18.122732162475586
    ],
    [
      0.5622309446334839,
      2.200284957885742,
      9.54803466796875,
      6.245361804962158,
      11.441262245178223,
      10.49875259399414,
      15.142074584960938,
      13.695552825927734,
      18.85646629333496,
      17.253217697143555,
      19.168251037597656,
      20.927349090576172,
      21.05835723876953,
      22.47064208984375,
      21.544353485107422,
      21.803442001342773,
      20.433822631835938,
      19.261157989501953
    ],
    [
      1.0659440755844116,
      2.6621766090393066,
      10.136823654174805,
      7.084550380706787,
      11.377157211303711,
      11.363805770874023,
      14.680401802062988,
      14.787599563598633,
      17.253217697143555,
      18.520709991455078,
      18.392173767089844,
      21.33043670654297,
      21.18920135498047,
      22.928081512451172,
      21.91389274597168,
      22.26520538330078,
      20.156633377075195,
      18.80382537841797
    ],
    [
      1.4238731861114502,
      2.9632740020751953,
      11.231918334960938,
      7.7493815422058105,
      13.60231876373291,
      12.042128562927246,
      16.967164993286133,
      15.943622589111328,
      19.168251037597656,
      18.392173767089844,
      23.462900161743164,
      24.640066146850586,
      26.149656295776367,
      27.676740646362305,
      26.119285583496094,
      26.06145668029785,
      24.140398025512695,
      22.355148315429688
    ],
    [
      1.8913087844848633,
      4.141865253448486,
      12.771504402160645,
      9.111035346984863,
      14.907720565795898,
      13.774369239807129,
      18.862682342529297,
      18.69443130493164,
      20.927349090576172,
      21.33043670654297,
      24.640066146850586,
      28.986101150512695,
      29.51277732849121,
      31.926889419555664,
      30.13890266418457,
      30.68231201171875,
      27.84967041015625,
      26.13273811340332
    ],
    [
      3.7199556827545166,
      6.045675754547119,
      12.941117286682129,
      8.961627960205078,
      14.762299537658691,
      12.912552833557129,
      19.930706024169922,
      19.481124877929688,
      21.05835723876953,
      21.18920135498047,
      26.149656295776367,
      29.51277732849121,
      36.05957794189453,
      38.27091598510742,
      37.31373977661133,
      37.63081359863281,
      34.028358459472656,
      31.134706497192383
    ],
    [
      3.964472770690918,
      6.5551347732543945,
      13.335905075073242,
      9.115470886230469,
      15.603561401367188,
      13.937182426452637,
      21.6912784576416,
      21.335012435913086,
      22.47064208984375,
      22.928081512451172,
      27.676740646362305,
      31.926889419555664,
      38.27091598510742,
      42.640899658203125,
      40.077369689941406,
      41.609458923339844,
      36.49986267089844,
      34.00907897949219
    ],
    [
      8.525500297546387,
      11.475227355957031,
      14.581733703613281,
      11.358563423156738,
      14.361117362976074,
      13.129193305969238,
      19.988527297973633,
      20.17429542541504,
      21.544353485107422,
      21.91389274597168,
      26.119285583496094,
      30.13890266418457,
      37.31373977661133,
      40.077369689941406,
      59.454959869384766,
      55.78294372558594,
      48.139312744140625,
      41.036956787109375
    ],
    [
      7.6554083824157715,
      10.651284217834473,
      13.85020923614502,
      10.532097816467285,
      14.222061157226562,
      13.199801445007324,
      20.46274757385254,
      20.701007843017578,
      21.803442001342773,
      22.26520538330078,
      26.06145668029785,
      30.68231201171875,
      37.63081359863281,
      41.609458923339844,
      55.78294372558594,
      54.277496337890625,
      46.39557647705078,
      40.77903366088867
    ],
    [
      6.957455158233643,
      9.706448554992676,
      11.32440185546875,
      7.795149803161621,
      12.299521446228027,
      10.39678955078125,
      19.36318016052246,
      19.214595794677734,
      20.433822631835938,
      20.156633377075195,
      24.140398025512695,
      27.84967041015625,
      34.028358459472656,
      36.49986267089844,
      48.139312744140625,
      46.39557647705078,
      44.66432189941406,
      40.01710510253906
    ],
    [
      5.521639823913574,
      8.02147388458252,
      9.95462417602539,
      6.42737340927124,
      11.294595718383789,
      9.300491333007812,
      18.309213638305664,
      18.122732162475586,
      19.261157989501953,
      18.80382537841797,
      22.355148315429688,
      26.13273811340332,
      31.134706497192383,
      34.00907897949219,
      41.036956787109375,
      40.77903366088867,
      40.01710510253906,
      37.467403411865234
    ]
  ],
  "covariance_short": [
    [
      30.220483779907227,
      20.185239791870117,
      2.8120555877685547,
      2.1485092639923096,
      -0.2667641043663025,
      -0.4906529486179352,
      0.8614627122879028,
      1.3822373151779175,
      0.4471949636936188,
      0.1285441517829895,
      1.7434628009796143,
      1.3735913038253784,
      3.7904326915740967,
      3.3815360069274902,
      6.906126499176025,
      6.252601623535156,
      6.609091758728027,
      5.711802959442139
    ],
    [
      20.185239791870117,
      37.0507698059082,
      3.4395971298217773,
      4.915699481964111,
      0.5679984092712402,
      0.032581962645053864,
      2.2842750549316406,
      3.0880985260009766,
      2.245910167694092,
      2.430478572845459,
      3.067466974258423,
      3.996168375015259,
      5.6699604988098145,
      5.8976569175720215,
      10.22454833984375,
      9.858174324035645,
      9.232206344604492,
      8.074064254760742
    ],
    [
      2.8120555877685547,
      3.4395971298217773,
      11.20812702178955,
      6.6129631996154785,
      5.699740886688232,
      5.562297821044922,
      6.317015171051025,
      6.150679588317871,
      6.6696696281433105,
      7.236972808837891,
      7.725918292999268,
      8.827409744262695,
      9.512557983398438,
      9.98568344116211,
      12.607417106628418,
      11.967843055725098,
      9.708051681518555,
      8.458645820617676
    ],
    [
      2.1485092639923096,
      4.915699481964111,
      6.6129631996154785,
      10.218728065490723,
      4.463343620300293,
      4.673526287078857,
      4.867612361907959,
      4.7442426681518555,
      4.876015663146973,
      5.582432746887207,
      5.9293951988220215,
      7.074313163757324,
      7.361063480377197,
      7.714330196380615,
      9.960661888122559,
      9.465174674987793,
      6.940188407897949,
      5.883790493011475
    ],
    [
      -0.2667641043663025,
      0.5679984092712402,
      5.699740886688232,
      4.463343620300293,
      15.318938255310059,
      10.424062728881836,
      10.794047355651855,
      9.902881622314453,
      11.86992073059082,
      11.571001052856445,
      13.789682388305664,
      14.81089973449707,
      15.40532398223877,
      16.393043518066406,
      15.581751823425293,
      15.222867012023926,
      13.114212036132812,
      11.815073013305664
    ],
    [
      -0.4906529486179352,
      0.032581962645053864,
      5.562297821044922,
      4.673526287078857,
      10.424062728881836,
      16.051227569580078,
      8.774445533752441,
      8.929805755615234,
      10.5736665725708,
      11.44790267944336,
      11.682403564453125,
      13.522343635559082,
      13.091771125793457,
      14.269000053405762,
      14.100288391113281,
      13.896382331848145,
      10.681455612182617,
      9.421889305114746
    ],
    [
      0.8614627122879028,
      2.2842750549316406,
      6.317015171051025,
      4.867612361907959,
      10.794047355651855,
      8.774445533752441,
      18.883987426757812,
      13.812235832214355,
      14.753158569335938,
      14.252925872802734,
      16.237550735473633,
      18.14242172241211,
      19.529930114746094,
      21.53697395324707,
      19.992713928222656,
      20.389297485351562,
      18.624364852905273,
      17.546035766601562
    ],
    [
      1.3822373151779175,
      3.0880985260009766,
      6.150679588317871,
      4.7442426681518555,
      9.902881622314453,
      8.929805755615234,
      13.812235832214355,
      18.09087371826172,
      13.174571990966797,
      14.102066993713379,
      15.09829044342041,
      17.89912223815918,
      18.844284057617188,
      20.910661697387695,
      19.598541259765625,
      20.153615951538086,
      18.302326202392578,
      17.244510650634766
    ],
    [
      0.4471949636936188,
      2.245910167694092,
      6.6696696281433105,
      4.876015663146973,
      11.86992073059082,
      10.5736665725708,
      14.753158569335938,
      13.174571990966797,
      20.875606536865234,
      17.210418701171875,
      18.754318237304688,
      20.37991714477539,
      21.202518463134766,
      22.91686248779297,
      22.34455108642578,
      22.4564208984375,
      20.59856414794922,
      19.169675827026367
    ],
    [
      0.1285441517829895,
      2.430478572845459,
      7.236972808837891,
      5.582432746887207,
      11.571001052856445,
      11.44790267944336,
      14.252925872802734,
      14.102066993713379,
      17.210418701171875,
      20.34648895263672,
      17.530105590820312,
      20.473905563354492,
      20.929424285888672,
      23.04338836669922,
      22.188169479370117,
      22.52358627319336,
      19.81195831298828,
      18.40719223022461
    ],
    [
      1.7434628009796143,
      3.067466974258423,
      7.725918292999268,
      5.9293951988220215,
      13.789682388305664,
      11.682403564453125,
      16.237550735473633,
      15.09829044342041,
      18.754318237304688,
      17.530105590820312,
      24.293718338012695,
      24.288707733154297,
      25.835296630859375,
      27.363872528076172,
      26.57558822631836,
      26.493566513061523,
      24.128395080566406,
      22.21375274658203
    ],
    [
      1.3735913038253784,
      3.996168375015259,
      8.827409744262695,
      7.074313163757324,
      14.81089973449707,
      13.522343635559082,
      18.14242172241211,
      17.89912223815918,
      20.37991714477539,
      20.473905563354492,
      24.288707733154297,
      29.25674057006836,
      28.734718322753906,
      31.39965057373047,
      30.24165153503418,
      30.928071975708008,
      27.470561981201172,
      25.701824188232422
    ],
    [
      3.7904326915740967,
      5.6699604988098145,
      9.512557983398438,
      7.361063480377197,
      15.40532398223877,
      13.091771125793457,
      19.529930114746094,
      18.844284057617188,
      21.202518463134766,
      20.929424285888672,
      25.835296630859375,
      28.734718322753906,
      37.31449890136719,
      38.864803314208984,
      37.22256088256836,
      37.885231018066406,
      33.63141632080078,
      31.07534408569336
    ],
    [
      3.3815360069274902,
      5.8976569175720215,
      9.98568344116211,
      7.714330196380615,
      16.393043518066406,
      14.269000053405762,
      21.53697395324707,
      20.910661697387695,
      22.91686248779297,
      23.04338836669922,
      27.363872528076172,
      31.39965057373047,
      38.864803314208984,
      44.282718658447266,
      40.42482376098633,
      42.2264289855957,
      36.4880485534668,
      34.25618362426758
    ],
    [
      6.906126499176025,
      10.22454833984375,
      12.607417106628418,
      9.960661888122559,
      15.581751823425293,
      14.100288391113281,
      19.992713928222656,
      19.598541259765625,
      22.34455108642578,
      22.188169479370117,
      26.57558822631836,
      30.24165153503418,
      37.22256088256836,
      40.42482376098633,
      57.89414596557617,
      55.165130615234375,
      47.050689697265625,
      41.428367614746094
    ],
    [
      6.252601623535156,
      9.858174324035645,
      11.967843055725098,
      9.465174674987793,
      15.222867012023926,
      13.896382331848145,
      20.389297485351562,
      20.153615951538086,
      22.4564208984375,
      22.52358627319336,
      26.493566513061523,
      30.928071975708008,
      37.885231018066406,
      42.2264289855957,
      55.165130615234375,
      54.78980255126953,
      46.03654479980469,
      41.54157257080078
    ],
    [
      6.609091758728027,
      9.232206344604492,
      9.708051681518555,
      6.940188407897949,
      13.114212036132812,
      10.681455612182617,
      18.624364852905273,
      18.302326202392578,
      20.59856414794922,
      19.81195831298828,
      24.128395080566406,
      27.470561981201172,
      33.63141632080078,
      36.4880485534668,
      47.050689697265625,
      46.03654479980469,
      44.402034759521484,
      40.32450485229492
    ],
    [
      5.711802959442139,
      8.074064254760742,
      8.458645820617676,
      5.883790493011475,
      11.815073013305664,
      9.421889305114746,
      17.546035766601562,
      17.244510650634766,
      19.169675827026367,
      18.40719223022461,
      22.21375274658203,
      25.701824188232422,
      31.07534408569336,
      34.25618362426758,
      41.428367614746094,
      41.54157257080078,
      40.32450485229492,
      37.980506896972656
    ]
  ],
  "damage": -7.453327655792236,
  "diff_bandwidth": 530.3632202148438,
  "dissonance": 5.949063898245644,
  "drr": 6.215324401855469,
  "dynamics": 2.425870895385742,
  "format": 1245190,
  "frames": 4211648,
  "loudness": -12.740565299987793,
  "loudness_range": 5.921380996704102,
  "loudness_range_short": 6.581358909606934,
  "lowpass_true_peak_15khz": -0.022154521197080612,
  "mastering3_acoustic_entropies": [
    {
      "acoustic_entropy": 3.7137434482574463,
      "acoustic_entropy_mono": 3.733724594116211,
      "band_eliminated_acoustic_entropies": [
        {
          "acoustic_entropy": 3.759533405303955,
          "acoustic_entropy_side": 3.7548091411590576,
          "hz": 129.47220167065723
        },
        {
          "acoustic_entropy": 3.5847420692443848,
          "acoustic_entropy_side": 3.891453504562378,
          "hz": 202.92927478742237
        },
        {
          "acoustic_entropy": 4.137752056121826,
          "acoustic_entropy_side": 4.027021408081055,
          "hz": 282.89161906338205
        },
        {
          "acoustic_entropy": 3.9150829315185547,
          "acoustic_entropy_side": 3.6150691509246826,
          "hz": 369.9353335868758
        },
        {
          "acoustic_entropy": 3.575730562210083,
          "acoustic_entropy_side": 3.8198659420013428,
          "hz": 464.6875360973435
        },
        {
          "acoustic_entropy": 3.4075193405151367,
          "acoustic_entropy_side": 3.4682629108428955,
          "hz": 567.8308811364784
        },
        {
          "acoustic_entropy": 3.78629469871521,
          "acoustic_entropy_side": 3.6882214546203613,
          "hz": 680.1084783214808
        },
        {
          "acoustic_entropy": 3.7390658855438232,
          "acoustic_entropy_side": 3.7410950660705566,
          "hz": 802.3292461747484
        },
        {
          "acoustic_entropy": 3.503117322921753,
          "acoustic_entropy_side": 3.686063051223755,
          "hz": 935.3737400823702
        },
        {
          "acoustic_entropy": 3.7277441024780273,
          "acoustic_entropy_side": 3.739989995956421,
          "hz": 1080.2004963696966
        },
        {
          "acoustic_entropy": 3.488966703414917,
          "acoustic_entropy_side": 3.614647626876831,
          "hz": 1237.8529382007157
        },
        {
          "acoustic_entropy": 3.6626553535461426,
          "acoustic_entropy_side": 3.6429789066314697,
          "hz": 1409.4668930556702
        },
        {
          "acoustic_entropy": 3.6437530517578125,
          "acoustic_entropy_side": 3.715379238128662,
          "hz": 1596.2787759475705
        },
        {
          "acoustic_entropy": 3.726717710494995,
          "acoustic_entropy_side": 3.7046196460723877,
          "hz": 1799.6344973346393
        },
        {
          "acoustic_entropy": 3.5480663776397705,
          "acoustic_entropy_side": 3.6268739700317383,
          "hz": 2020.9991599069049
        },
        {
          "acoustic_entropy": 3.219452381134033,
          "acoustic_entropy_side": 3.6331124305725098,
          "hz": 2261.9676141086993
        },
        {
          "acoustic_entropy": 3.8934173583984375,
          "acoustic_entropy_side": 3.746255874633789,
          "hz": 2524.2759484456974
        },
        {
          "acoustic_entropy": 3.6661717891693115,
          "acoustic_entropy_side": 3.6811819076538086,
          "hz": 2809.813997359896
        },
        {
          "acoustic_entropy": 3.6890711784362793,
          "acoustic_entropy_side": 3.70103120803833,
          "hz": 3120.6389567871424
        },
        {
          "acoustic_entropy": 3.8074560165405273,
          "acoustic_entropy_side": 3.7508935928344727,
          "hz": 3458.990205492291
        },
        {
          "acoustic_entropy": 3.5734024047851562,
          "acoustic_entropy_side": 3.6884536743164062,
          "hz": 3827.305438964164
        },
        {
          "acoustic_entropy": 3.7235825061798096,
          "acoustic_entropy_side": 3.713930130004883,
          "hz": 4228.238232109126
        },
        {
          "acoustic_entropy": 3.7163872718811035,
          "acoustic_entropy_side": 3.7126681804656982,
          "hz": 4664.6771572759235
        },
        {
          "acoustic_entropy": 3.690708875656128,
          "acoustic_entropy_side": 3.7082977294921875,
          "hz": 5139.766595350093
        },
        {
          "acoustic_entropy": 3.709911823272705,
          "acoustic_entropy_side": 3.7130682468414307,
          "hz": 5656.929389854203
        },
        {
          "acoustic_entropy": 3.7119803428649902,
          "acoustic_entropy_side": 3.713393449783325,
          "hz": 6219.891507268283
        },
        {
          "acoustic_entropy": 3.7129199504852295,
          "acoustic_entropy_side": 3.71368408203125,
          "hz": 6832.70888123896
        },
        {
          "acoustic_entropy": 3.7133471965789795,
          "acoustic_entropy_side": 3.7137248516082764,
          "hz": 7499.796634079867
        },
        {
          "acoustic_entropy": 3.713594913482666,
          "acoustic_entropy_side": 3.713733434677124,
          "hz": 8225.96088609342
        },
        {
          "acoustic_entropy": 3.7137351036071777,
          "acoustic_entropy_side": 3.71374773979187,
          "hz": 9016.43338188839
        },
        {
          "acoustic_entropy": 3.7136988639831543,
          "acoustic_entropy_side": 3.713742733001709,
          "hz": 9876.909183162974
        },
        {
          "acoustic_entropy": 3.713655471801758,
          "acoustic_entropy_side": 3.713733196258545,
          "hz": 10813.587699516042
        },
        {
          "acoustic_entropy": 3.7137036323547363,
          "acoustic_entropy_side": 3.713738441467285,
          "hz": 11833.21735289826
        },
        {
          "acoustic_entropy": 3.7137069702148438,
          "acoustic_entropy_side": 3.7137391567230225,
          "hz": 12943.144197493959
        },
        {
          "acoustic_entropy": 3.7137093544006348,
          "acoustic_entropy_side": 3.7137370109558105,
          "hz": 14151.364845322005
        },
        {
          "acoustic_entropy": 3.713735818862915,
          "acoustic_entropy_side": 3.7137444019317627,
          "hz": 15466.58407886509
        },
        {
          "acoustic_entropy": 3.7137608528137207,
          "acoustic_entropy_side": 3.7137451171875,
          "hz": 16898.27756580493
        },
        {
          "acoustic_entropy": 3.713747501373291,
          "acoustic_entropy_side": 3.7137441635131836,
          "hz": 18456.760127700032
        },
        {
          "acoustic_entropy": 3.7137434482574463,
          "acoustic_entropy_side": 3.7137434482574463,
          "hz": 20153.260054456492
        },
        {
          "acoustic_entropy": 3.7137434482574463,
          "acoustic_entropy_side": 3.7137434482574463,
          "hz": 22000.00000000001
        }
      ],
      "diff_acoustic_entropy": 2.2231249809265137,
      "sn": 6
    },
    {
      "acoustic_entropy": 5.7071685791015625,
      "acoustic_entropy_mono": 5.337481498718262,
      "band_eliminated_acoustic_entropies": [
        {
          "acoustic_entropy": 5.705003261566162,
          "acoustic_entropy_side": 5.692654132843018,
          "hz": 129.47220167065723
        },
        {
          "acoustic_entropy": 5.643304824829102,
          "acoustic_entropy_side": 6.056699752807617,
          "hz": 202.92927478742237
        },
        {
          "acoustic_entropy": 6.2064528465271,
          "acoustic_entropy_side": 5.825406551361084,
          "hz": 282.89161906338205
        },
        {
          "acoustic_entropy": 5.693573474884033,
          "acoustic_entropy_side": 5.497686862945557,
          "hz": 369.9353335868758
        },
        {
          "acoustic_entropy": 5.748701572418213,
          "acoustic_entropy_side": 5.9815168380737305,
          "hz": 464.6875360973435
        },
        {
          "acoustic_entropy": 6.331592559814453,
          "acoustic_entropy_side": 6.155301570892334,
          "hz": 567.8308811364784
        },
        {
          "acoustic_entropy": 5.692262172698975,
          "acoustic_entropy_side": 5.71909236907959,
          "hz": 680.1084783214808
        },
        {
          "acoustic_entropy": 6.108983993530273,
          "acoustic_entropy_side": 5.902792930603027,
          "hz": 802.3292461747484
        },
        {
          "acoustic_entropy": 6.199724197387695,
          "acoustic_entropy_side": 6.029825210571289,
          "hz": 935.3737400823702
        },
        {
          "acoustic_entropy": 5.46049165725708,
          "acoustic_entropy_side": 5.5944061279296875,
          "hz": 1080.2004963696966
        },
        {
          "acoustic_entropy": 6.389596939086914,
          "acoustic_entropy_side": 6.073546886444092,
          "hz": 1237.8529382007157
        },
        {
          "acoustic_entropy": 6.039740085601807,
          "acoustic_entropy_side": 5.9696807861328125,
          "hz": 1409.4668930556702
        },
        {
          "acoustic_entropy": 5.835943222045898,
          "acoustic_entropy_side": 5.940409183502197,
          "hz": 1596.2787759475705
        },
        {
          "acoustic_entropy": 6.0750956535339355,
          "acoustic_entropy_side": 5.662485122680664,
          "hz": 1799.6344973346393
        },
        {
          "acoustic_entropy": 5.4652419090271,
          "acoustic_entropy_side": 5.688929557800293,
          "hz": 2020.9991599069049
        },
        {
          "acoustic_entropy": 6.44752311706543,
          "acoustic_entropy_side": 6.047566890716553,
          "hz": 2261.9676141086993
        },
        {
          "acoustic_entropy": 5.5842108726501465,
          "acoustic_entropy_side": 5.6536455154418945,
          "hz": 2524.2759484456974
        },
        {
          "acoustic_entropy": 5.837634563446045,
          "acoustic_entropy_side": 5.818227291107178,
          "hz": 2809.813997359896
        },
        {
          "acoustic_entropy": 5.72445821762085,
          "acoustic_entropy_side": 5.716475486755371,
          "hz": 3120.6389567871424
        },
        {
          "acoustic_entropy": 5.769494533538818,
          "acoustic_entropy_side": 5.527409076690674,
          "hz": 3458.990205492291
        },
        {
          "acoustic_entropy": 5.937226295471191,
          "acoustic_entropy_side": 5.711524963378906,
          "hz": 3827.305438964164
        },
        {
          "acoustic_entropy": 5.598364353179932,
          "acoustic_entropy_side": 5.6231184005737305,
          "hz": 4228.238232109126
        },
        {
          "acoustic_entropy": 5.608088970184326,
          "acoustic_entropy_side": 5.637299060821533,
          "hz": 4664.6771572759235
        },
        {
          "acoustic_entropy": 5.589865684509277,
          "acoustic_entropy_side": 5.643599987030029,
          "hz": 5139.766595350093
        },
        {
          "acoustic_entropy": 5.614660739898682,
          "acoustic_entropy_side": 5.631990432739258,
          "hz": 5656.929389854203
        },
        {
          "acoustic_entropy": 5.618882656097412,
          "acoustic_entropy_side": 5.686302661895752,
          "hz": 6219.891507268283
        },
        {
          "acoustic_entropy": 5.62545919418335,
          "acoustic_entropy_side": 5.687679767608643,
          "hz": 6832.70888123896
        },
        {
          "acoustic_entropy": 5.662702560424805,
          "acoustic_entropy_side": 5.698647499084473,
          "hz": 7499.796634079867
        },
        {
          "acoustic_entropy": 5.628451824188232,
          "acoustic_entropy_side": 5.70205545425415,
          "hz": 8225.96088609342
        },
        {
          "acoustic_entropy": 5.629427433013916,
          "acoustic_entropy_side": 5.702425956726074,
          "hz": 9016.43338188839
        },
        {
          "acoustic_entropy": 5.6502156257629395,
          "acoustic_entropy_side": 5.7059831619262695,
          "hz": 9876.909183162974
        },
        {
          "acoustic_entropy": 5.6377272605896,
          "acoustic_entropy_side": 5.706035614013672,
          "hz": 10813.587699516042
        },
        {
          "acoustic_entropy": 5.703591346740723,
          "acoustic_entropy_side": 5.706493377685547,
          "hz": 11833.21735289826
        },
        {
          "acoustic_entropy": 5.702927112579346,
          "acoustic_entropy_side": 5.706532001495361,
          "hz": 12943.144197493959
        },
        {
          "acoustic_entropy": 5.6980204582214355,
          "acoustic_entropy_side": 5.706146717071533,
          "hz": 14151.364845322005
        },
        {
          "acoustic_entropy": 5.701066970825195,
          "acoustic_entropy_side": 5.706509113311768,
          "hz": 15466.58407886509
        },
        {
          "acoustic_entropy": 5.706253528594971,
          "acoustic_entropy_side": 5.707047939300537,
          "hz": 16898.27756580493
        },
        {
          "acoustic_entropy": 5.707192897796631,
          "acoustic_entropy_side": 5.7071709632873535,
          "hz": 18456.760127700032
        },
        {
          "acoustic_entropy": 5.707195281982422,
          "acoustic_entropy_side": 5.707172393798828,
          "hz": 20153.260054456492
        },
        {
          "acoustic_entropy": 5.707171440124512,
          "acoustic_entropy_side": 5.707169055938721,
          "hz": 22000.00000000001
        }
      ],
      "diff_acoustic_entropy": 3.8111519813537598,
      "sn": 12
    },
    {
      "acoustic_entropy": 10.344480514526367,
      "acoustic_entropy_mono": 8.841132164001465,
      "band_eliminated_acoustic_entropies": [
        {
          "acoustic_entropy": 9.813899040222168,
          "acoustic_entropy_side": 9.953287124633789,
          "hz": 129.47220167065723
        },
        {
          "acoustic_entropy": 9.60498332977295,
          "acoustic_entropy_side": 10.18494987487793,
          "hz": 202.92927478742237
        },
        {
          "acoustic_entropy": 9.76845932006836,
          "acoustic_entropy_side": 10.358819961547852,
          "hz": 282.89161906338205
        },
        {
          "acoustic_entropy": 10.786614418029785,
          "acoustic_entropy_side": 10.29306411743164,
          "hz": 369.9353335868758
        },
        {
          "acoustic_entropy": 9.96143627166748,
          "acoustic_entropy_side": 10.368002891540527,
          "hz": 464.6875360973435
        },
        {
          "acoustic_entropy": 10.687536239624023,
          "acoustic_entropy_side": 10.586173057556152,
          "hz": 567.8308811364784
        },
        {
          "acoustic_entropy": 9.184172630310059,
          "acoustic_entropy_side": 10.593542098999023,
          "hz": 680.1084783214808
        },
        {
          "acoustic_entropy": 9.876141548156738,
          "acoustic_entropy_side": 10.210144996643066,
          "hz": 802.3292461747484
        },
        {
          "acoustic_entropy": 9.945047378540039,
          "acoustic_entropy_side": 10.09508228302002,
          "hz": 935.3737400823702
        },
        {
          "acoustic_entropy": 9.89116096496582,
          "acoustic_entropy_side": 10.094541549682617,
          "hz": 1080.2004963696966
        },
        {
          "acoustic_entropy": 10.256941795349121,
          "acoustic_entropy_side": 10.366623878479004,
          "hz": 1237.8529382007157
        },
        {
          "acoustic_entropy": 10.232553482055664,
          "acoustic_entropy_side": 10.189125061035156,
          "hz": 1409.4668930556702
        },
        {
          "acoustic_entropy": 9.968503952026367,
          "acoustic_entropy_side": 10.322781562805176,
          "hz": 1596.2787759475705
        },
        {
          "acoustic_entropy": 9.54283332824707,
          "acoustic_entropy_side": 10.142279624938965,
          "hz": 1799.6344973346393
        },
        {
          "acoustic_entropy": 9.879694938659668,
          "acoustic_entropy_side": 10.547045707702637,
          "hz": 2020.9991599069049
        },
        {
          "acoustic_entropy": 10.357123374938965,
          "acoustic_entropy_side": 10.360817909240723,
          "hz": 2261.9676141086993
        },
        {
          "acoustic_entropy": 10.369734764099121,
          "acoustic_entropy_side": 10.432042121887207,
          "hz": 2524.2759484456974
        },
        {
          "acoustic_entropy": 10.335350036621094,
          "acoustic_entropy_side": 10.37679386138916,
          "hz": 2809.813997359896
        },
        {
          "acoustic_entropy": 10.055323600769043,
