{
  "acoustic_entropy": 176.4541015625,
  "bands": [
    {
      "high_freq": 148.1999969482422,
      "loudness": -34.866641998291016,
      "loudness_range": 22.775806427001953,
      "mid_mean": -32.31239318847656,
      "mid_to_side_loudness": -18.423507690429688,
      "mid_to_side_loudness_range": 22.131301879882812,
      "side_mean": -53.59965896606445
    },
    {
      "high_freq": 392.3793640136719,
      "loudness": -30.567052841186523,
      "loudness_range": 15.387918472290039,
      "low_freq": 148.1999969482422,
      "mid_mean": -28.46169662475586,
      "mid_to_side_loudness": -10.626184463500977,
      "mid_to_side_loudness_range": 35.24748611450195,
      "side_mean": -41.51268768310547
    },
    {
      "high_freq": 794.6976318359375,
      "loudness": -37.03451156616211,
      "loudness_range": 18.565208435058594,
      "low_freq": 392.3793640136719,
      "mid_mean": -34.58781051635742,
      "mid_to_side_loudness": -13.395844459533691,
      "mid_to_side_loudness_range": 29.962631225585938,
      "side_mean": -46.986915588378906
    },
    {
      "high_freq": 1457.5709228515625,
      "loudness": -35.30025100708008,
      "loudness_range": 23.716684341430664,
      "low_freq": 794.6976318359375,
      "mid_mean": -33.56576156616211,
      "mid_to_side_loudness": -12.497320175170898,
      "mid_to_side_loudness_range": 31.393142700195312,
      "side_mean": -38.33501052856445
    },
    {
      "high_freq": 2549.74365234375,
      "loudness": -37.80554962158203,
      "loudness_range": 28.699893951416016,
      "low_freq": 1457.5709228515625,
      "mid_mean": -35.832275390625,
      "mid_to_side_loudness": -8.875505447387695,
      "mid_to_side_loudness_range": 28.855987548828125,
      "side_mean": -34.84835433959961
    },
    {
      "high_freq": 4349.24462890625,
      "loudness": -39.9056396484375,
      "loudness_range": 30.361536026000977,
      "low_freq": 2549.74365234375,
      "mid_mean": -38.12715530395508,
      "mid_to_side_loudness": -8.587520599365234,
      "mid_to_side_loudness_range": 24.001510620117188,
      "side_mean": -42.25170135498047
    },
    {
      "high_freq": 7314.1640625,
      "loudness": -41.05943298339844,
      "loudness_range": 24.37218475341797,
      "low_freq": 4349.24462890625,
      "mid_mean": -38.65612030029297,
      "mid_to_side_loudness": -7.0772013664245605,
      "mid_to_side_loudness_range": 16.357608795166016,
      "side_mean": -46.15818405151367
    },
    {
      "high_freq": 12199.2666015625,
      "loudness": -43.334537506103516,
      "loudness_range": 20.931297302246094,
      "low_freq": 7314.1640625,
      "mid_mean": -40.66082763671875,
      "mid_to_side_loudness": -6.8857808113098145,
      "mid_to_side_loudness_range": 12.180780410766602,
      "side_mean": -49.089847564697266
    },
    {
      "loudness": -55.160545349121094,
      "loudness_range": 22.50796127319336,
      "low_freq": 12199.2666015625,
      "mid_mean": -52.3422966003418,
      "mid_to_side_loudness": -5.356054782867432,
      "mid_to_side_loudness_range": 8.901341438293457,
      "side_mean": -57.3040885925293
    }
  ],
  "bands_short": [
    {
      "high_freq": 148.1999969482422,
      "loudness": -40.569793701171875,
      "loudness_range": 35.480384826660156,
      "mid_mean": -39.52991485595703,
      "mid_to_side_loudness": -16.01700782775879,
      "mid_to_side_loudness_range": 22.57647705078125,
      "side_mean": -56.8045539855957
    },
    {
      "high_freq": 392.3793640136719,
      "loudness": -34.44325256347656,
      "loudness_range": 27.466615676879883,
      "low_freq": 148.1999969482422,
      "mid_mean": -32.72300338745117,
      "mid_to_side_loudness": -12.6454439163208,
      "mid_to_side_loudness_range": 33.876976013183594,
      "side_mean": -50.71529006958008
    },
    {
      "high_freq": 794.6976318359375,
      "loudness": -36.75815200805664,
      "loudness_range": 20.917123794555664,
      "low_freq": 392.3793640136719,
      "mid_mean": -38.410255432128906,
      "mid_to_side_loudness": -11.654064178466797,
      "mid_to_side_loudness_range": 28.18053436279297,
      "side_mean": -51.616477966308594
    },
    {
      "high_freq": 1457.5709228515625,
      "loudness": -36.573692321777344,
      "loudness_range": 33.30604553222656,
      "low_freq": 794.6976318359375,
      "mid_mean": -36.77510452270508,
      "mid_to_side_loudness": -11.159658432006836,
      "mid_to_side_loudness_range": 29.69192123413086,
      "side_mean": -38.91082000732422
    },
    {
      "high_freq": 2549.74365234375,
      "loudness": -34.747100830078125,
      "loudness_range": 25.423450469970703,
      "low_freq": 1457.5709228515625,
      "mid_mean": -36.61917495727539,
      "mid_to_side_loudness": -6.315316200256348,
      "mid_to_side_loudness_range": 19.018211364746094,
      "side_mean": -39.8053092956543
    },
    {
      "high_freq": 4349.24462890625,
      "loudness": -38.89173126220703,
      "loudness_range": 34.63081359863281,
      "low_freq": 2549.74365234375,
      "mid_mean": -39.12782287597656,
      "mid_to_side_loudness": -5.755061626434326,
      "mid_to_side_loudness_range": 18.94321632385254,
      "side_mean": -50.847251892089844
    },
    {
      "high_freq": 7314.1640625,
      "loudness": -41.768028259277344,
      "loudness_range": 29.694480895996094,
      "low_freq": 4349.24462890625,
      "mid_mean": -45.97947692871094,
      "mid_to_side_loudness": -5.368475437164307,
      "mid_to_side_loudness_range": 14.471921920776367,
      "side_mean": -51.996131896972656
    },
    {
      "high_freq": 12199.2666015625,
      "loudness": -51.237152099609375,
      "loudness_range": 38.52742385864258,
      "low_freq": 7314.1640625,
      "mid_mean": -49.87632369995117,
      "mid_to_side_loudness": -4.908169269561768,
      "mid_to_side_loudness_range": 11.378125190734863,
      "side_mean": -54.198585510253906
    },
    {
      "loudness": -59.776390075683594,
      "loudness_range": 28.206520080566406,
      "low_freq": 12199.2666015625,
      "mid_mean": -57.06052017211914,
      "mid_to_side_loudness": -3.422559976577759,
      "mid_to_side_loudness_range": 8.79496955871582,
      "side_mean": -60.08760452270508
    }
  ],
  "bandwidth": 741.1909790039062,
  "channels": 2,
  "covariance": [
    [
      85.83644104003906,
      75.21153259277344,
      11.80747127532959,
      54.71791458129883,
      24.738203048706055,
      68.45637512207031,
      35.08425521850586,
      54.331764221191406,
      39.51780700683594,
      43.58427429199219,
      45.4266242980957,
      72.02267456054688,
      29.867956161499023,
      57.75294494628906,
      35.15418243408203,
      50.50366973876953,
      43.06338882446289,
      37.37250518798828
    ],
    [
      75.21153259277344,
      124.17369079589844,
      9.330265998840332,
      106.09209442138672,
      45.55553436279297,
      127.87071228027344,
      66.51041412353516,
      93.179443359375,
      73.09585571289062,
      66.57564544677734,
      78.6970443725586,
      116.06542205810547,
      49.38179016113281,
      101.82255554199219,
      61.4493408203125,
      99.8291015625,
      87.39191436767578,
      71.57612609863281
    ],
    [
      11.80747127532959,
      9.330265998840332,
      43.9755859375,
      -13.802023887634277,
      12.417222023010254,
      -20.71825408935547,
      -8.172993659973145,
      4.086792945861816,
      -9.274519920349121,
      -6.673211097717285,
      -8.067643165588379,
      -16.559242248535156,
      -6.010234832763672,
      -19.504140853881836,
      -4.8659210205078125,
      -11.50532341003418,
      -2.697373628616333,
      -3.798495292663574
    ],
    [
      54.71791458129883,
      106.09209442138672,
      -13.802023887634277,
      176.70358276367188,
      38.74294662475586,
      168.03846740722656,
      68.91197204589844,
      119.97868347167969,
      86.1475830078125,
      80.50687408447266,
      85.46012115478516,
      144.91854858398438,
      59.98388671875,
      128.081298828125,
      79.37911987304688,
      109.65711975097656,
      99.0396957397461,
      82.2165298461914
    ],
    [
      24.738203048706055,
      45.55553436279297,
      12.417222023010254,
      38.74294662475586,
      36.69948196411133,
      57.69844436645508,
      30.761474609375,
      56.85868453979492,
      40.32414245605469,
      30.45692253112793,
      39.14794921875,
      55.422386169433594,
      23.96548843383789,
      45.46354675292969,
      26.310306549072266,
      37.785953521728516,
      34.206687927246094,
      30.470441818237305
    ],
    [
      68.45637512207031,
      127.87071228027344,
      -20.71825408935547,
      168.03846740722656,
      57.69844436645508,
      224.5760955810547,
      83.59825134277344,
      178.8325653076172,
      118.96405029296875,
      120.8867416381836,
      116.60406494140625,
      203.83984375,
      76.65979766845703,
      165.40347290039062,
      90.2508316040039,
      135.7163848876953,
      116.23848724365234,
      100.71785736083984
    ],
    [
      35.08425521850586,
      66.51041412353516,
      -8.172993659973145,
      68.91197204589844,
      30.761474609375,
      83.59825134277344,
      72.83421325683594,
      59.99842834472656,
      65.31269836425781,
      60.869056701660156,
      73.79069519042969,
      94.89493560791016,
      46.97807312011719,
      88.97162628173828,
      49.171146392822266,
      70.44509887695312,
      54.370025634765625,
      49.748634338378906
    ],
    [
      54.331764221191406,
      93.179443359375,
      4.086792945861816,
      119.97868347167969,
      56.85868453979492,
      178.8325653076172,
      59.99842834472656,
      202.51895141601562,
      107.01364135742188,
      112.37781524658203,
      104.93550109863281,
      186.77012634277344,
      63.69166564941406,
      135.25755310058594,
      68.81591033935547,
      104.18421173095703,
      91.62139892578125,
      81.29781341552734
    ],
    [
      39.51780700683594,
      73.09585571289062,
      -9.274519920349121,
      86.1475830078125,
      40.32414245605469,
      118.96405029296875,
      65.31269836425781,
      107.01364135742188,
      90.73377990722656,
      79.46238708496094,
      88.49445343017578,
      129.81788635253906,
      53.556182861328125,
      105.48125457763672,
      52.853057861328125,
      81.49347686767578,
      64.65997314453125,
      59.839500427246094
    ],
    [
      43.58427429199219,
      66.57564544677734,
      -6.673211097717285,
      80.50687408447266,
      30.45692253112793,
      120.8867416381836,
      60.869056701660156,
      112.37781524658203,
      79.46238708496094,
      162.2721710205078,
      80.87451934814453,
      146.96336364746094,
      60.49623107910156,
      108.90534973144531,
      58.63655471801758,
      81.79460906982422,
      68.6277084350586,
      60.7065544128418
    ],
    [
      45.4266242980957,
      78.6970443725586,
      -8.067643165588379,
      85.46012115478516,
      39.14794921875,
      116.60406494140625,
      73.79069519042969,
      104.93550109863281,
      88.49445343017578,
      80.87451934814453,
      98.00586700439453,
      129.1613006591797,
      58.39619827270508,
      110.74431610107422,
      56.35421371459961,
      86.04943084716797,
      66.67729187011719,
      62.06558609008789
    ],
    [
      72.02267456054688,
      116.06542205810547,
      -16.559242248535156,
      144.91854858398438,
      55.422386169433594,
      203.83984375,
      94.89493560791016,
      186.77012634277344,
      129.81788635253906,
      146.96336364746094,
      129.1613006591797,
      255.07034301757812,
      89.556884765625,
      178.03033447265625,
      94.09390258789062,
      136.77085876464844,
      114.05381774902344,
      101.8388671875
    ],
    [
      29.867956161499023,
      49.38179016113281,
      -6.010234832763672,
      59.98388671875,
      23.96548843383789,
      76.65979766845703,
      46.97807312011719,
      63.69166564941406,
      53.556182861328125,
      60.49623107910156,
      58.39619827270508,
      89.556884765625,
      45.157501220703125,
      76.7895278930664,
      42.7134895324707,
      59.46957015991211,
      46.989322662353516,
      43.10343933105469
    ],
    [
      57.75294494628906,
      101.82255554199219,
      -19.504140853881836,
      128.081298828125,
      45.46354675292969,
      165.40347290039062,
      88.97162628173828,
      135.25755310058594,
      105.48125457763672,
      108.90534973144531,
      110.74431610107422,
      178.03033447265625,
      76.7895278930664,
      151.7025146484375,
      80.64628601074219,
      118.45051574707031,
      93.75463104248047,
      84.87054443359375
    ],
    [
      35.15418243408203,
      61.4493408203125,
      -4.8659210205078125,
      79.37911987304688,
      26.310306549072266,
      90.2508316040039,
      49.171146392822266,
      68.81591033935547,
      52.853057861328125,
      58.63655471801758,
      56.35421371459961,
      94.09390258789062,
      42.7134895324707,
      80.64628601074219,
      52.4853630065918,
      67.77593994140625,
      59.35685348510742,
      49.97745895385742
    ],
    [
      50.50366973876953,
      99.8291015625,
      -11.50532341003418,
      109.65711975097656,
      37.785953521728516,
      135.7163848876953,
      70.44509887695312,
      104.18421173095703,
      81.49347686767578,
      81.79460906982422,
      86.04943084716797,
      136.77085876464844,
      59.46957015991211,
      118.45051574707031,
      67.77593994140625,
      115.26063537597656,
      92.02949523925781,
      78.09480285644531
    ],
    [
      43.06338882446289,
      87.39191436767578,
      -2.697373628616333,
      99.0396957397461,
      34.206687927246094,
      116.23848724365234,
      54.370025634765625,
      91.62139892578125,
      64.65997314453125,
      68.6277084350586,
      66.67729187011719,
      114.05381774902344,
      46.989322662353516,
      93.75463104248047,
      59.35685348510742,
      92.02949523925781,
      83.78462219238281,
      66.84095764160156
    ],
    [
      37.37250518798828,
      71.57612609863281,
      -3.798495292663574,
      82.2165298461914,
      30.470441818237305,
      100.71785736083984,
      49.748634338378906,
      81.29781341552734,
      59.839500427246094,
      60.7065544128418,
      62.06558609008789,
      101.8388671875,
      43.10343933105469,
      84.87054443359375,
      49.97745895385742,
      78.09480285644531,
      66.84095764160156,
      57.8654899597168
    ]
  ],
  "covariance_short": [
    [
      191.72747802734375,
      131.4185791015625,
      59.17901611328125,
      148.0599365234375,
      75.36854553222656,
      134.2734375,
      99.71490478515625,
      64.27001190185547,
      76.97895812988281,
      79.75698852539062,
      80.21626281738281,
      145.91232299804688,
      100.65155029296875,
      119.6848373413086,
      97.52003479003906,
      101.4559097290039,
      68.32134246826172,
      57.98277282714844
    ],
    [
      131.4185791015625,
      131.60353088378906,
      49.3729133605957,
      156.1904754638672,
      81.30326843261719,
      149.93814086914062,
      97.55595397949219,
      82.50204467773438,
      78.64680480957031,
      94.82073211669922,
      77.49579620361328,
      157.8179931640625,
      96.0890884399414,
      123.74650573730469,
      96.30216979980469,
      100.90387725830078,
      68.06227111816406,
      58.78557205200195
    ],
    [
      59.17901611328125,
      49.3729133605957,
      97.31959533691406,
      70.3628921508789,
      42.2847900390625,
      43.65251159667969,
      32.386573791503906,
      23.39044952392578,
      41.92076873779297,
      20.387340545654297,
      31.476749420166016,
      40.211509704589844,
      34.362815856933594,
      33.798988342285156,
      39.34537124633789,
      36.0418701171875,
      33.846317291259766,
      26.397052764892578
    ],
    [
      148.0599365234375,
      156.1904754638672,
      70.3628921508789,
      260.7762451171875,
      133.415283203125,
      238.89111328125,
      141.2685089111328,
      124.20863342285156,
      119.52458190917969,
      136.97105407714844,
      111.75597381591797,
      242.1038818359375,
      140.3645477294922,
      184.41159057617188,
      144.01934814453125,
      149.98773193359375,
      106.2486343383789,
      89.39673614501953
    ],
    [
      75.36854553222656,
      81.30326843261719,
      42.2847900390625,
      133.415283203125,
      142.54164123535156,
      150.25535583496094,
      103.98551177978516,
      74.60393524169922,
      104.7939453125,
      79.92023468017578,
      96.46431732177734,
      147.3989715576172,
      70.313720703125,
      101.38385772705078,
      64.18004608154297,
      80.5297622680664,
      55.82045364379883,
      52.177005767822266
    ],
    [
      134.2734375,
      149.93814086914062,
      43.65251159667969,
      238.89111328125,
      150.25535583496094,
      265.507080078125,
      159.2888641357422,
      155.35569763183594,
      141.0187530517578,
      173.44102478027344,
      135.15077209472656,
      271.9519958496094,
      156.7248077392578,
      206.11053466796875,
      147.2954559326172,
      159.81719970703125,
      103.80054473876953,
      92.38750457763672
    ],
    [
      99.71490478515625,
      97.55595397949219,
      32.386573791503906,
      141.2685089111328,
      103.98551177978516,
      159.2888641357422,
      152.23538208007812,
      88.67842864990234,
      111.06363677978516,
      104.86115264892578,
      110.92225646972656,
      183.51702880859375,
      116.77113342285156,
      141.98960876464844,
      96.48383331298828,
      109.30416870117188,
      66.50342559814453,
      61.88407897949219
    ],
    [
      64.27001190185547,
      82.50204467773438,
      23.39044952392578,
      124.20863342285156,
      74.60393524169922,
      155.35569763183594,
      88.67842864990234,
      200.7489013671875,
      123.96585083007812,
      183.75454711914062,
      117.79340362548828,
      196.43145751953125,
      73.92058563232422,
      131.23069763183594,
      58.64228439331055,
      91.54479217529297,
      57.68277359008789,
      61.01939010620117
    ],
    [
      76.97895812988281,
      78.64680480957031,
      41.92076873779297,
      119.52458190917969,
      104.7939453125,
      141.0187530517578,
      111.06363677978516,
      123.96585083007812,
      152.7109375,
      134.2627410888672,
      132.18704223632812,
      177.83773803710938,
      69.00453186035156,
      116.7193603515625,
      52.49768829345703,
      84.3684310913086,
      52.492183685302734,
      55.78697967529297
    ],
    [
      79.75698852539062,
      94.82073211669922,
      20.387340545654297,
      136.97105407714844,
      79.92023468017578,
      173.44102478027344,
      104.86115264892578,
      183.75454711914062,
      134.2627410888672,
      240.13148498535156,
      133.2530059814453,
      223.65103149414062,
      94.34358215332031,
      158.02357482910156,
      79.45526885986328,
      110.64330291748047,
      67.55941772460938,
      68.9835433959961
    ],
    [
      80.21626281738281,
      77.49579620361328,
      31.476749420166016,
      111.75597381591797,
      96.46431732177734,
      135.15077209472656,
      110.92225646972656,
      117.79340362548828,
      132.18704223632812,
      133.2530059814453,
      146.1883544921875,
      178.05653381347656,
      97.45948791503906,
      135.14437866210938,
      81.21224975585938,
      105.47509765625,
      67.03659057617188,
      66.11534118652344
    ],
    [
      145.91232299804688,
      157.8179931640625,
      40.211509704589844,
      242.1038818359375,
      147.3989715576172,
      271.9519958496094,
      183.51702880859375,
      196.43145751953125,
      177.83773803710938,
      223.65103149414062,
      178.05653381347656,
      317.3793640136719,
      186.56317138671875,
      243.1673583984375,
      164.75514221191406,
      184.7100372314453,
      111.57804107666016,
      103.77406311035156
    ],
    [
      100.65155029296875,
      96.0890884399414,
      34.362815856933594,
      140.3645477294922,
      70.313720703125,
      156.7248077392578,
      116.77113342285156,
      73.92058563232422,
      69.00453186035156,
      94.34358215332031,
      97.45948791503906,
      186.56317138671875,
      189.74887084960938,
      183.29336547851562,
      166.9485626220703,
      156.77407836914062,
      103.42005157470703,
      86.25914001464844
    ],
    [
      119.6848373413086,
      123.74650573730469,
      33.798988342285156,
      184.41159057617188,
      101.38385772705078,
      206.11053466796875,
      141.98960876464844,
      131.23069763183594,
      116.7193603515625,
      158.02357482910156,
      135.14437866210938,
      243.1673583984375,
      183.29336547851562,
      213.80760192871094,
      168.6851043701172,
      173.14950561523438,
      109.0660629272461,
      96.63785552978516
    ],
    [
      97.52003479003906,
      96.30216979980469,
      39.34537124633789,
      144.01934814453125,
      64.18004608154297,
      147.2954559326172,
      96.48383331298828,
      58.64228439331055,
      52.49768829345703,
      79.45526885986328,
      81.21224975585938,
      164.75514221191406,
      166.9485626220703,
      168.6851043701172,
      177.71914672851562,
      157.64642333984375,
      116.2989273071289,
      90.75051879882812
    ],
    [
      101.4559097290039,
      100.90387725830078,
      36.0418701171875,
      149.98773193359375,
      80.5297622680664,
      159.81719970703125,
      109.30416870117188,
      91.54479217529297,
      84.3684310913086,
      110.64330291748047,
      105.47509765625,
      184.7100372314453,
      156.77407836914062,
      173.14950561523438,
      157.64642333984375,
      156.46502685546875,
      105.6632308959961,
      90.38636779785156
    ],
    [
      68.32134246826172,
      68.06227111816406,
      33.846317291259766,
      106.2486343383789,
      55.82045364379883,
      103.80054473876953,
      66.50342559814453,
      57.68277359008789,
      52.492183685302734,
      67.55941772460938,
      67.03659057617188,
      111.57804107666016,
      103.42005157470703,
      109.0660629272461,
      116.2989273071289,
      105.6632308959961,
      91.54729461669922,
      70.52716064453125
    ],
    [
      57.98277282714844,
      58.78557205200195,
      26.397052764892578,
      89.39673614501953,
      52.177005767822266,
      92.38750457763672,
      61.88407897949219,
      61.01939010620117,
      55.78697967529297,
      68.9835433959961,
      66.11534118652344,
      103.77406311035156,
      86.25914001464844,
      96.63785552978516,
      90.75051879882812,
      90.38636779785156,
      70.52716064453125,
      60.91667175292969
    ]
  ],
  "damage": -15.408738136291504,
  "diff_bandwidth": 726.3587036132812,
  "dissonance": 8.790861503704638,
  "drr": 1.8619180917739868,
  "dynamics": 5.060668468475342,
  "format": 1245190,
  "frames": 2816960,
  "loudness": -20.685327529907227,
  "loudness_range": 14.714679718017578,
  "loudness_range_short": 25.58903694152832,
  "lowpass_true_peak_15khz": 0.05414174124598503,
  "mastering3_acoustic_entropies": [
    {
      "acoustic_entropy": 7.527257442474365,
      "acoustic_entropy_mono": 7.205482482910156,
      "band_eliminated_acoustic_entropies": [
        {
          "acoustic_entropy": 7.547183036804199,
          "acoustic_entropy_side": 7.527020454406738,
          "hz": 129.47220167065723
        },
        {
          "acoustic_entropy": 7.1973490715026855,
          "acoustic_entropy_side": 7.511129856109619,
          "hz": 202.92927478742237
        },
        {
          "acoustic_entropy": 7.1263747215271,
          "acoustic_entropy_side": 7.058456897735596,
          "hz": 282.89161906338205
        },
        {
          "acoustic_entropy": 7.922544479370117,
          "acoustic_entropy_side": 6.997385025024414,
          "hz": 369.9353335868758
        },
        {
          "acoustic_entropy": 7.711762428283691,
          "acoustic_entropy_side": 7.560011863708496,
          "hz": 464.6875360973435
        },
        {
          "acoustic_entropy": 7.424528121948242,
          "acoustic_entropy_side": 7.651350498199463,
          "hz": 567.8308811364784
        },
        {
          "acoustic_entropy": 7.673592567443848,
          "acoustic_entropy_side": 7.537201881408691,
          "hz": 680.1084783214808
        },
        {
          "acoustic_entropy": 7.247769832611084,
          "acoustic_entropy_side": 7.440828323364258,
          "hz": 802.3292461747484
        },
        {
          "acoustic_entropy": 7.478523254394531,
          "acoustic_entropy_side": 7.768610954284668,
          "hz": 935.3737400823702
        },
        {
          "acoustic_entropy": 7.048954010009766,
          "acoustic_entropy_side": 7.598308086395264,
          "hz": 1080.2004963696966
        },
        {
          "acoustic_entropy": 7.891146659851074,
          "acoustic_entropy_side": 7.688788414001465,
          "hz": 1237.8529382007157
        },
        {
          "acoustic_entropy": 7.3462700843811035,
          "acoustic_entropy_side": 7.44480562210083,
          "hz": 1409.4668930556702
        },
        {
          "acoustic_entropy": 7.592136859893799,
          "acoustic_entropy_side": 7.533555507659912,
          "hz": 1596.2787759475705
        },
        {
          "acoustic_entropy": 7.341516017913818,
          "acoustic_entropy_side": 7.362305641174316,
          "hz": 1799.6344973346393
        },
        {
          "acoustic_entropy": 7.713519096374512,
          "acoustic_entropy_side": 7.601071834564209,
          "hz": 2020.9991599069049
        },
        {
          "acoustic_entropy": 7.551591873168945,
          "acoustic_entropy_side": 7.54813814163208,
          "hz": 2261.9676141086993
        },
        {
          "acoustic_entropy": 7.56584358215332,
          "acoustic_entropy_side": 7.547554016113281,
          "hz": 2524.2759484456974
        },
        {
          "acoustic_entropy": 7.544616222381592,
          "acoustic_entropy_side": 7.534732818603516,
          "hz": 2809.813997359896
        },
        {
          "acoustic_entropy": 7.503607273101807,
          "acoustic_entropy_side": 7.494348049163818,
          "hz": 3120.6389567871424
        },
        {
          "acoustic_entropy": 7.542866230010986,
          "acoustic_entropy_side": 7.514846324920654,
          "hz": 3458.990205492291
        },
        {
          "acoustic_entropy": 7.461062908172607,
          "acoustic_entropy_side": 7.4409918785095215,
          "hz": 3827.305438964164
        },
        {
          "acoustic_entropy": 7.4381232261657715,
          "acoustic_entropy_side": 7.439912796020508,
          "hz": 4228.238232109126
        },
        {
          "acoustic_entropy": 7.448315620422363,
          "acoustic_entropy_side": 7.424650192260742,
          "hz": 4664.6771572759235
        },
        {
          "acoustic_entropy": 7.399912357330322,
          "acoustic_entropy_side": 7.396595001220703,
          "hz": 5139.766595350093
        },
        {
          "acoustic_entropy": 7.457470417022705,
          "acoustic_entropy_side": 7.474854946136475,
          "hz": 5656.929389854203
        },
        {
          "acoustic_entropy": 7.401735782623291,
          "acoustic_entropy_side": 7.50795841217041,
          "hz": 6219.891507268283
        },
        {
          "acoustic_entropy": 7.411562442779541,
          "acoustic_entropy_side": 7.5167975425720215,
          "hz": 6832.70888123896
        },
        {
          "acoustic_entropy": 7.480072021484375,
          "acoustic_entropy_side": 7.5082106590271,
          "hz": 7499.796634079867
        },
        {
          "acoustic_entropy": 7.463456630706787,
          "acoustic_entropy_side": 7.524374008178711,
          "hz": 8225.96088609342
        },
        {
          "acoustic_entropy": 7.412693500518799,
          "acoustic_entropy_side": 7.526010513305664,
          "hz": 9016.43338188839
        },
        {
          "acoustic_entropy": 7.371631145477295,
          "acoustic_entropy_side": 7.509979248046875,
          "hz": 9876.909183162974
        },
        {
          "acoustic_entropy": 7.361512660980225,
          "acoustic_entropy_side": 7.525796890258789,
          "hz": 10813.587699516042
        },
        {
          "acoustic_entropy": 7.394219875335693,
          "acoustic_entropy_side": 7.53966760635376,
          "hz": 11833.21735289826
        },
        {
          "acoustic_entropy": 7.421263694763184,
          "acoustic_entropy_side": 7.540013313293457,
          "hz": 12943.144197493959
        },
        {
          "acoustic_entropy": 7.501881122589111,
          "acoustic_entropy_side": 7.532248497009277,
          "hz": 14151.364845322005
        },
        {
          "acoustic_entropy": 7.527585506439209,
          "acoustic_entropy_side": 7.529494762420654,
          "hz": 15466.58407886509
        },
        {
          "acoustic_entropy": 7.530418395996094,
          "acoustic_entropy_side": 7.527872085571289,
          "hz": 16898.27756580493
        },
        {
          "acoustic_entropy": 7.529195785522461,
          "acoustic_entropy_side": 7.52768087387085,
          "hz": 18456.760127700032
        },
        {
          "acoustic_entropy": 7.527359485626221,
          "acoustic_entropy_side": 7.5273566246032715,
          "hz": 20153.260054456492
        },
        {
          "acoustic_entropy": 7.527227878570557,
          "acoustic_entropy_side": 7.5272722244262695,
          "hz": 22000.00000000001
        }
      ],
      "diff_acoustic_entropy": 7.982100963592529,
      "sn": 6
    },
    {
      "acoustic_entropy": 12.481778144836426,
      "acoustic_entropy_mono": 12.241168022155762,
      "band_eliminated_acoustic_entropies": [
        {
          "acoustic_entropy": 12.104452133178711,
          "acoustic_entropy_side": 12.483417510986328,
          "hz": 129.47220167065723
        },
        {
          "acoustic_entropy": 12.58920955657959,
          "acoustic_entropy_side": 12.467070579528809,
          "hz": 202.92927478742237
        },
        {
          "acoustic_entropy": 12.088513374328613,
          "acoustic_entropy_side": 12.619585990905762,
          "hz": 282.89161906338205
        },
        {
          "acoustic_entropy": 13.01434326171875,
          "acoustic_entropy_side": 12.8676118850708,
          "hz": 369.9353335868758
        },
        {
          "acoustic_entropy": 11.80449104309082,
          "acoustic_entropy_side": 12.604942321777344,
          "hz": 464.6875360973435
        },
        {
          "acoustic_entropy": 13.182761192321777,
          "acoustic_entropy_side": 12.961424827575684,
          "hz": 567.8308811364784
        },
        {
          "acoustic_entropy": 13.0846586227417,
          "acoustic_entropy_side": 13.0801420211792,
          "hz": 680.1084783214808
        },
        {
          "acoustic_entropy": 12.82374095916748,
          "acoustic_entropy_side": 12.843446731567383,
          "hz": 802.3292461747484
        },
        {
          "acoustic_entropy": 12.766271591186523,
          "acoustic_entropy_side": 12.596158981323242,
          "hz": 935.3737400823702
        },
        {
          "acoustic_entropy": 11.797354698181152,
          "acoustic_entropy_side": 11.998448371887207,
          "hz": 1080.2004963696966
        },
        {
          "acoustic_entropy": 12.405576705932617,
          "acoustic_entropy_side": 12.15855884552002,
          "hz": 1237.8529382007157
        },
        {
          "acoustic_entropy": 12.378254890441895,
          "acoustic_entropy_side": 12.714834213256836,
          "hz": 1409.4668930556702
        },
        {
          "acoustic_entropy": 12.553291320800781,
          "acoustic_entropy_side": 12.346210479736328,
          "hz": 1596.2787759475705
        },
        {
          "acoustic_entropy": 12.609357833862305,
          "acoustic_entropy_side": 12.593535423278809,
          "hz": 1799.6344973346393
        },
        {
          "acoustic_entropy": 12.519899368286133,
          "acoustic_entropy_side": 12.553051948547363,
          "hz": 2020.9991599069049
        },
        {
          "acoustic_entropy": 12.434974670410156,
          "acoustic_entropy_side": 12.470549583435059,
          "hz": 2261.9676141086993
        },
        {
          "acoustic_entropy": 12.583130836486816,
          "acoustic_entropy_side": 12.563655853271484,
          "hz": 2524.2759484456974
        },
        {
          "acoustic_entropy": 12.49559211730957,
          "acoustic_entropy_side": 12.477151870727539,
          "hz": 2809.813997359896
        },
        {
          "acoustic_entropy": 12.533721923828125,
          "acoustic_entropy_side": 12.540894508361816,
          "hz": 3120.6389567871424
        },
        {
          "acoustic_entropy": 12.502534866333008,
          "acoustic_entropy_side": 12.462114334106445,
          "hz": 3458.990205492291
        },
        {
          "acoustic_entropy": 12.61275577545166,
          "acoustic_entropy_side": 12.54394817352295,
          "hz": 3827.305438964164
        },
        {
          "acoustic_entropy": 12.575967788696289,
          "acoustic_entropy_side": 12.50484848022461,
          "hz": 4228.238232109126
        },
        {
          "acoustic_entropy": 12.556085586547852,
          "acoustic_entropy_side": 12.470556259155273,
          "hz": 4664.6771572759235
        },
        {
          "acoustic_entropy": 12.441579818725586,
          "acoustic_entropy_side": 12.462347030639648,
          "hz": 5139.766595350093
        },
        {
          "acoustic_entropy": 12.480637550354004,
          "acoustic_entropy_side": 12.432181358337402,
          "hz": 5656.929389854203
        },
        {
          "acoustic_entropy": 12.430723190307617,
          "acoustic_entropy_side": 12.465302467346191,
          "hz": 6219.891507268283
        },
        {
          "acoustic_entropy": 12.603596687316895,
          "acoustic_entropy_side": 12.421591758728027,
          "hz": 6832.70888123896
        },
        {
          "acoustic_entropy": 12.590453147888184,
          "acoustic_entropy_side": 12.44521713256836,
          "hz": 7499.796634079867
        },
        {
          "acoustic_entropy": 12.582438468933105,
          "acoustic_entropy_side": 12.470599174499512,
          "hz": 8225.96088609342
        },
        {
          "acoustic_entropy": 12.58547592163086,
          "acoustic_entropy_side": 12.56009292602539,
          "hz": 9016.43338188839
        },
        {
          "acoustic_entropy": 12.633749961853027,
          "acoustic_entropy_side": 12.616630554199219,
          "hz": 9876.909183162974
        },
        {
          "acoustic_entropy": 12.603984832763672,
          "acoustic_entropy_side": 12.594423294067383,
          "hz": 10813.587699516042
        },
        {
          "acoustic_entropy": 12.517909049987793,
          "acoustic_entropy_side": 12.543989181518555,
          "hz": 11833.21735289826
        },
        {
          "acoustic_entropy": 12.473543167114258,
          "acoustic_entropy_side": 12.54096508026123,
          "hz": 12943.144197493959
        },
        {
          "acoustic_entropy": 12.49248218536377,
          "acoustic_entropy_side": 12.521743774414062,
          "hz": 14151.364845322005
        },
        {
          "acoustic_entropy": 12.504112243652344,
          "acoustic_entropy_side": 12.507620811462402,
          "hz": 15466.58407886509
        },
        {
          "acoustic_entropy": 12.48923110961914,
          "acoustic_entropy_side": 12.492395401000977,
          "hz": 16898.27756580493
        },
        {
          "acoustic_entropy": 12.481389999389648,
          "acoustic_entropy_side": 12.486721992492676,
          "hz": 18456.760127700032
        },
        {
          "acoustic_entropy": 12.481796264648438,
          "acoustic_entropy_side": 12.482961654663086,
          "hz": 20153.260054456492
        },
        {
          "acoustic_entropy": 12.481657028198242,
          "acoustic_entropy_side": 12.48195743560791,
          "hz": 22000.00000000001
        }
      ],
      "diff_acoustic_entropy": 13.380806922912598,
      "sn": 12
    },
    {
      "acoustic_entropy": 18.67810821533203,
      "acoustic_entropy_mono": 15.746274948120117,
      "band_eliminated_acoustic_entropies": [
        {
          "acoustic_entropy": 17.748201370239258,
          "acoustic_entropy_side": 18.630189895629883,
          "hz": 129.47220167065723
        },
        {
          "acoustic_entropy": 19.797550201416016,
          "acoustic_entropy_side": 18.225811004638672,
          "hz": 202.92927478742237
        },
        {
          "acoustic_entropy": 17.79501724243164,
          "acoustic_entropy_side": 18.821325302124023,
          "hz": 282.89161906338205
        },
        {
          "acoustic_entropy": 19.107393264770508,
          "acoustic_entropy_side": 18.45892906188965,
          "hz": 369.9353335868758
        },
        {
          "acoustic_entropy": 18.060625076293945,
          "acoustic_entropy_side": 18.771352767944336,
          "hz": 464.6875360973435
        },
        {
          "acoustic_entropy": 19.558202743530273,
          "acoustic_entropy_side": 19.534812927246094,
          "hz": 567.8308811364784
        },
        {
          "acoustic_entropy": 19.77737045288086,
          "acoustic_entropy_side": 19.06536293029785,
          "hz": 680.1084783214808
        },
        {
          "acoustic_entropy": 18.731962203979492,
          "acoustic_entropy_side": 19.3372802734375,
          "hz": 802.3292461747484
        },
        {
          "acoustic_entropy": 20.075153350830078,
          "acoustic_entropy_side": 19.480249404907227,
          "hz": 935.3737400823702
        },
        {
          "acoustic_entropy": 19.389989852905273,
          "acoustic_entropy_side": 18.85882568359375,
          "hz": 1080.2004963696966
        },
        {
          "acoustic_entropy": 19.39686393737793,
          "acoustic_entropy_side": 18.84324073791504,
          "hz": 1237.8529382007157
        },
        {
          "acoustic_entropy": 18.789997100830078,
          "acoustic_entropy_side": 18.983131408691406,
          "hz": 1409.4668930556702
        },
        {
          "acoustic_entropy": 18.817649841308594,
          "acoustic_entropy_side": 18.922250747680664,
          "hz": 1596.2787759475705
        },
        {
          "acoustic_entropy": 18.46776008605957,
          "acoustic_entropy_side": 18.644155502319336,
          "hz": 1799.6344973346393
        },
        {
          "acoustic_entropy": 18.340742111206055,
          "acoustic_entropy_side": 18.603843688964844,
          "hz": 2020.9991599069049
        },
        {
          "acoustic_entropy": 18.439868927001953,
          "acoustic_entropy_side": 18.72377586364746,
          "hz": 2261.9676141086993
        },
        {
          "acoustic_entropy": 18.66484832763672,
          "acoustic_entropy_side": 18.646549224853516,
          "hz": 2524.2759484456974
        },
        {
          "acoustic_entropy": 18.70781898498535,
          "acoustic_entropy_side": 18.697858810424805,
          "hz": 2809.813997359896
        },
        {
          "acoustic_entropy": 18.832502365112305,
          "acoustic_entropy_side": 18.823522567749023,
          "hz": 3120.6389567871424
        },
        {
          "acoustic_entropy": 19.078371047973633,
          "acoustic_entropy_side": 18.717687606811523,
