{
  "acoustic_entropy": 117.80061340332031,
  "bands": [
    {
      "high_freq": 148.1999969482422,
      "loudness": -55.69548416137695,
      "loudness_range": 25.137714385986328,
      "mid_mean": -53.00278854370117,
      "mid_to_side_loudness": -10.09537410736084,
      "mid_to_side_loudness_range": 12.867938995361328,
      "side_mean": -61.5458984375
    },
    {
      "high_freq": 392.3793640136719,
      "loudness": -41.00395202636719,
      "loudness_range": 25.643953323364258,
      "low_freq": 148.1999969482422,
      "mid_mean": -37.94188690185547,
      "mid_to_side_loudness": -9.226034164428711,
      "mid_to_side_loudness_range": 9.746519088745117,
      "side_mean": -47.492000579833984
    },
    {
      "high_freq": 794.6976318359375,
      "loudness": -33.247684478759766,
      "loudness_range": 15.489538192749023,
      "low_freq": 392.3793640136719,
      "mid_mean": -31.10095977783203,
      "mid_to_side_loudness": -4.262744903564453,
      "mid_to_side_loudness_range": 8.441288948059082,
      "side_mean": -35.42658996582031
    },
    {
      "high_freq": 1457.5709228515625,
      "loudness": -46.13202667236328,
      "loudness_range": 22.402557373046875,
      "low_freq": 794.6976318359375,
      "mid_mean": -45.944610595703125,
      "mid_to_side_loudness": 0.17258398234844208,
      "mid_to_side_loudness_range": 9.396005630493164,
      "side_mean": -45.72233581542969
    },
    {
      "high_freq": 2549.74365234375,
      "loudness": -52.6954460144043,
      "loudness_range": 27.036663055419922,
      "low_freq": 1457.5709228515625,
      "mid_mean": -53.7930793762207,
      "mid_to_side_loudness": 0.8996525406837463,
      "mid_to_side_loudness_range": 9.396693229675293,
      "side_mean": -52.99198913574219
    },
    {
      "high_freq": 4349.24462890625,
      "loudness": -59.38408279418945,
      "loudness_range": 29.625415802001953,
      "low_freq": 2549.74365234375,
      "mid_mean": -61.081214904785156,
      "mid_to_side_loudness": 0.2261771410703659,
      "mid_to_side_loudness_range": 8.069866180419922,
      "side_mean": -60.956764221191406
    },
    {
      "high_freq": 7314.1640625,
      "loudness": -71.70242309570312,
      "loudness_range": 23.413326263427734,
      "low_freq": 4349.24462890625,
      "mid_mean": -68.30166625976562,
      "mid_to_side_loudness": -0.3167904317378998,
      "mid_to_side_loudness_range": 6.092740535736084,
      "side_mean": -68.23167419433594
    },
    {
      "high_freq": 12199.2666015625,
      "loudness": -77.64691925048828,
      "loudness_range": 20.141685485839844,
      "low_freq": 7314.1640625,
      "mid_mean": -69.7555923461914,
      "mid_to_side_loudness": -1.1188181638717651,
      "mid_to_side_loudness_range": 3.4766435623168945,
      "side_mean": -69.76010131835938
    },
    {
      "loudness": 0,
      "loudness_range": 0,
      "low_freq": 12199.2666015625,
      "mid_mean": -69.93978118896484,
      "mid_to_side_loudness": -2.309187173843384,
      "mid_to_side_loudness_range": 0.7833348512649536,
      "side_mean": -69.96096801757812
    }
  ],
  "bands_short": [
    {
      "high_freq": 148.1999969482422,
      "loudness": -58.90658187866211,
      "loudness_range": 25.738914489746094,
      "mid_mean": -56.06679916381836,
      "mid_to_side_loudness": -9.58700942993164,
      "mid_to_side_loudness_range": 18.118072509765625,
      "side_mean": -63.544612884521484
    },
    {
      "high_freq": 392.3793640136719,
      "loudness": -40.81229019165039,
      "loudness_range": 23.56591796875,
      "low_freq": 148.1999969482422,
      "mid_mean": -38.07748794555664,
      "mid_to_side_loudness": -8.749957084655762,
      "mid_to_side_loudness_range": 13.313594818115234,
      "side_mean": -47.92395782470703
    },
    {
      "high_freq": 794.6976318359375,
      "loudness": -33.8507080078125,
      "loudness_range": 16.652055740356445,
      "low_freq": 392.3793640136719,
      "mid_mean": -31.84868812561035,
      "mid_to_side_loudness": -4.375457286834717,
      "mid_to_side_loudness_range": 11.762088775634766,
      "side_mean": -36.31435012817383
    },
    {
      "high_freq": 1457.5709228515625,
      "loudness": -46.08183288574219,
      "loudness_range": 24.358726501464844,
      "low_freq": 794.6976318359375,
      "mid_mean": -46.1892204284668,
      "mid_to_side_loudness": 0.45003437995910645,
      "mid_to_side_loudness_range": 11.732983589172363,
      "side_mean": -45.68168640136719
    },
    {
      "high_freq": 2549.74365234375,
      "loudness": -53.6058464050293,
      "loudness_range": 27.92776107788086,
      "low_freq": 1457.5709228515625,
      "mid_mean": -54.67551803588867,
      "mid_to_side_loudness": 0.4269154667854309,
      "mid_to_side_loudness_range": 11.763019561767578,
      "side_mean": -54.29310989379883
    },
    {
      "high_freq": 4349.24462890625,
      "loudness": -60.77150344848633,
      "loudness_range": 29.917694091796875,
      "low_freq": 2549.74365234375,
      "mid_mean": -61.90084457397461,
      "mid_to_side_loudness": 0.24766479432582855,
      "mid_to_side_loudness_range": 9.331733703613281,
      "side_mean": -61.748077392578125
    },
    {
      "high_freq": 7314.1640625,
      "loudness": -72.35533905029297,
      "loudness_range": 23.792537689208984,
      "low_freq": 4349.24462890625,
      "mid_mean": -68.51551055908203,
      "mid_to_side_loudness": -0.05430666729807854,
      "mid_to_side_loudness_range": 7.738028049468994,
      "side_mean": -68.4047622680664
    },
    {
      "high_freq": 12199.2666015625,
      "loudness": -77.11075592041016,
      "loudness_range": 20.706993103027344,
      "low_freq": 7314.1640625,
      "mid_mean": -69.802001953125,
      "mid_to_side_loudness": -1.18551766872406,
      "mid_to_side_loudness_range": 3.5842928886413574,
      "side_mean": -69.80436706542969
    },
    {
      "loudness": -81.58882904052734,
      "loudness_range": 13.672027587890625,
      "low_freq": 12199.2666015625,
      "mid_mean": -69.94081115722656,
      "mid_to_side_loudness": -2.337024688720703,
      "mid_to_side_loudness_range": 1.4176143407821655,
      "side_mean": -69.96263885498047
    }
  ],
  "bandwidth": 667.12646484375,
  "channels": 2,
  "covariance": [
    [
      72.3954086303711,
      45.34980773925781,
      40.27875900268555,
      35.818878173828125,
      11.568832397460938,
      12.980008125305176,
      26.89591407775879,
      21.32769203186035,
      41.240631103515625,
      44.498592376708984,
      33.233680725097656,
      29.689363479614258,
      9.540863990783691,
      9.83627986907959,
      1.0479977130889893,
      1.3045190572738647,
      0.043117351830005646,
      0.03671456128358841
    ],
    [
      45.34980773925781,
      37.949249267578125,
      32.20563888549805,
      27.81966781616211,
      8.195419311523438,
      8.302629470825195,
      17.530954360961914,
      13.827555656433105,
      26.445194244384766,
      27.558164596557617,
      21.379093170166016,
      19.33119010925293,
      6.641748428344727,
      6.832030296325684,
      0.5832570791244507,
      0.7885206937789917,
      0.017113640904426575,
      0.012607496231794357
    ],
    [
      40.27875900268555,
      32.20563888549805,
      73.54771423339844,
      59.57180404663086,
      10.971443176269531,
      13.23572826385498,
      37.216896057128906,
      26.97281837463379,
      47.07411193847656,
      41.94637680053711,
      37.0435791015625,
      34.75403594970703,
      10.234662055969238,
      10.75538158416748,
      1.3584115505218506,
      1.3732044696807861,
      0.043028417974710464,
      0.05085218325257301
    ],
    [
      35.818878173828125,
      27.81966781616211,
      59.57180404663086,
      60.002933502197266,
      12.557669639587402,
      13.541695594787598,
      35.149070739746094,
      27.59511947631836,
      44.932823181152344,
      40.32216262817383,
      36.430877685546875,
      34.41592788696289,
      9.317205429077148,
      9.792098999023438,
      1.3679559230804443,
      1.3284066915512085,
      0.044955648481845856,
      0.05240077152848244
    ],
    [
      11.568832397460938,
      8.195419311523438,
      10.971443176269531,
      12.557669639587402,
      34.479454040527344,
      27.154300689697266,
      25.236677169799805,
      30.435955047607422,
      29.737871170043945,
      31.746450424194336,
      30.06260108947754,
      31.515108108520508,
      7.26191520690918,
      8.061180114746094,
      0.2975616157054901,
      0.4294503331184387,
      -0.02258913405239582,
      -0.029345551505684853
    ],
    [
      12.980008125305176,
      8.302629470825195,
      13.23572826385498,
      13.541695594787598,
      27.154300689697266,
      28.996173858642578,
      27.615114212036133,
      29.182178497314453,
      31.396272659301758,
      33.17450714111328,
      28.848581314086914,
      29.28181266784668,
      7.734706401824951,
      8.43299674987793,
      0.6406564116477966,
      0.7988379597663879,
      -0.006102061364799738,
      -0.010088923387229443
    ],
    [
      26.89591407775879,
      17.530954360961914,
      37.216896057128906,
      35.149070739746094,
      25.236677169799805,
      27.615114212036133,
      61.75444793701172,
      55.76021194458008,
      62.454994201660156,
      62.95589828491211,
      56.41643524169922,
      54.69648361206055,
      17.228857040405273,
      17.26885986328125,
      3.1224546432495117,
      3.0187602043151855,
      0.10209030658006668,
      0.11709359288215637
    ],
    [
      21.32769203186035,
      13.827555656433105,
      26.97281837463379,
      27.59511947631836,
      30.435955047607422,
      29.182178497314453,
      55.76021194458008,
      60.9484748840332,
      58.89470672607422,
      61.08554458618164,
      55.53948211669922,
      54.84580612182617,
      16.840288162231445,
      17.067243576049805,
      3.0475199222564697,
      2.917602300643921,
      0.1023244857788086,
      0.11610950529575348
    ],
    [
      41.240631103515625,
      26.445194244384766,
      47.07411193847656,
      44.932823181152344,
      29.737871170043945,
      31.396272659301758,
      62.454994201660156,
      58.89470672607422,
      89.21604919433594,
      88.74645233154297,
      74.3743896484375,
      73.87482452392578,
      20.962785720825195,
      21.49601936340332,
      3.8411808013916016,
      3.8473246097564697,
      0.20545043051242828,
      0.229247584939003
    ],
    [
      44.498592376708984,
      27.558164596557617,
      41.94637680053711,
      40.32216262817383,
      31.746450424194336,
      33.17450714111328,
      62.95589828491211,
      61.08554458618164,
      88.74645233154297,
      97.29560852050781,
      75.88227844238281,
      74.61947631835938,
      22.332551956176758,
      23.133649826049805,
      3.9702911376953125,
      4.10068941116333,
      0.18876060843467712,
      0.20608863234519958
    ],
    [
      33.233680725097656,
      21.379093170166016,
      37.0435791015625,
      36.430877685546875,
      30.06260108947754,
      28.848581314086914,
      56.41643524169922,
      55.53948211669922,
      74.3743896484375,
      75.88227844238281,
      81.04102325439453,
      79.63309478759766,
      23.240333557128906,
      24.05206871032715,
      4.294397354125977,
      4.3143744468688965,
      0.20391219854354858,
      0.23547178506851196
    ],
    [
      29.689363479614258,
      19.33119010925293,
      34.75403594970703,
      34.41592788696289,
      31.515108108520508,
      29.28181266784668,
      54.69648361206055,
      54.84580612182617,
      73.87482452392578,
      74.61947631835938,
      79.63309478759766,
      81.9936294555664,
      22.8303165435791,
      23.708784103393555,
      4.084016799926758,
      4.096592426300049,
      0.20945104956626892,
      0.24114598333835602
    ],
    [
      9.540863990783691,
      6.641748428344727,
      10.234662055969238,
      9.317205429077148,
      7.26191520690918,
      7.734706401824951,
      17.228857040405273,
      16.840288162231445,
      20.962785720825195,
      22.332551956176758,
      23.240333557128906,
      22.8303165435791,
      11.320897102355957,
      10.979544639587402,
      2.472517967224121,
      2.509589672088623,
      0.11334744095802307,
      0.1368931382894516
    ],
    [
      9.83627986907959,
      6.832030296325684,
      10.75538158416748,
      9.792098999023438,
      8.061180114746094,
      8.43299674987793,
      17.26885986328125,
      17.067243576049805,
      21.49601936340332,
      23.133649826049805,
      24.05206871032715,
      23.708784103393555,
      10.979544639587402,
      11.448086738586426,
      2.4796764850616455,
      2.522836685180664,
      0.1204058825969696,
      0.14551043510437012
    ],
    [
      1.0479977130889893,
      0.5832570791244507,
      1.3584115505218506,
      1.3679559230804443,
      0.2975616157054901,
      0.6406564116477966,
      3.1224546432495117,
      3.0475199222564697,
      3.8411808013916016,
      3.9702911376953125,
      4.294397354125977,
      4.084016799926758,
      2.472517967224121,
      2.4796764850616455,
      0.9966930747032166,
      0.9678574800491333,
      0.05038917437195778,
      0.062468722462654114
    ],
    [
      1.3045190572738647,
      0.7885206937789917,
      1.3732044696807861,
      1.3284066915512085,
      0.4294503331184387,
      0.7988379597663879,
      3.0187602043151855,
      2.917602300643921,
      3.8473246097564697,
      4.10068941116333,
      4.3143744468688965,
      4.096592426300049,
      2.509589672088623,
      2.522836685180664,
      0.9678574800491333,
      1.0210574865341187,
      0.04705916717648506,
      0.05776228755712509
    ],
    [
      0.043117351830005646,
      0.017113640904426575,
      0.043028417974710464,
      0.044955648481845856,
      -0.02258913405239582,
      -0.006102061364799738,
      0.10209030658006668,
      0.1023244857788086,
      0.20545043051242828,
      0.18876060843467712,
      0.20391219854354858,
      0.20945104956626892,
      0.11334744095802307,
      0.1204058825969696,
      0.05038917437195778,
      0.04705916717648506,
      0.005531394854187965,
      0.006903214380145073
    ],
    [
      0.03671456128358841,
      0.012607496231794357,
      0.05085218325257301,
      0.05240077152848244,
      -0.029345551505684853,
      -0.010088923387229443,
      0.11709359288215637,
      0.11610950529575348,
      0.229247584939003,
      0.20608863234519958,
      0.23547178506851196,
      0.24114598333835602,
      0.1368931382894516,
      0.14551043510437012,
      0.062468722462654114,
      0.05776228755712509,
      0.006903214380145073,
      0.008830379694700241
    ]
  ],
  "covariance_short": [
    [
      70.75533294677734,
      33.864654541015625,
      34.5790901184082,
      32.689735412597656,
      10.944496154785156,
      12.20932388305664,
      23.314237594604492,
      20.61467742919922,
      36.589691162109375,
      40.31982421875,
      26.660730361938477,
      23.63849449157715,
      7.754785537719727,
      8.082578659057617,
      0.8290159106254578,
      1.0232939720153809,
      0.037917349487543106,
      0.03294562175869942
    ],
    [
      33.864654541015625,
      29.28070640563965,
      25.7839412689209,
      23.314607620239258,
      7.070982456207275,
      6.773969650268555,
      13.395024299621582,
      11.894956588745117,
      20.293310165405273,
      21.809267044067383,
      14.325206756591797,
      12.677339553833008,
      4.290241718292236,
      4.5829291343688965,
      0.3078528940677643,
      0.4423789978027344,
      0.0057974024675786495,
      0.0013944613747298717
    ],
    [
      34.5790901184082,
      25.7839412689209,
      74.40142822265625,
      54.2332649230957,
      9.045870780944824,
      11.0994873046875,
      33.04296112060547,
      23.699132919311523,
      41.08736801147461,
      36.505191802978516,
      27.587669372558594,
      25.562774658203125,
      8.081708908081055,
      8.72329330444336,
      0.8755215406417847,
      0.8915576934814453,
      0.02144359052181244,
      0.021126681938767433
    ],
    [
      32.689735412597656,
      23.314607620239258,
      54.2332649230957,
      65.9100341796875,
      11.3074312210083,
      12.50141716003418,
      36.7207145690918,
      29.57019805908203,
      43.744991302490234,
      39.619239807128906,
      31.664796829223633,
      30.009023666381836,
      8.160968780517578,
      8.922021865844727,
      1.0701037645339966,
      1.0677378177642822,
      0.03292934224009514,
      0.0346732996404171
    ],
    [
      10.944496154785156,
      7.070982456207275,
      9.045870780944824,
      11.3074312210083,
      39.03860855102539,
      27.829137802124023,
      25.10759925842285,
      31.05091094970703,
      28.87202262878418,
      30.73967933654785,
      29.03274154663086,
      30.81400489807129,
      7.046285152435303,
      7.937835216522217,
      0.19226180016994476,
      0.3399633467197418,
      -0.019477849826216698,
      -0.025869449600577354
    ],
    [
      12.20932388305664,
      6.773969650268555,
      11.0994873046875,
      12.50141716003418,
      27.829137802124023,
      33.71263122558594,
      27.989526748657227,
      28.70509910583496,
      30.404857635498047,
      31.580034255981445,
      25.924571990966797,
      26.62514877319336,
      7.131054401397705,
      7.714810371398926,
      0.3546842038631439,
      0.5522687435150146,
      -0.0052485158666968346,
      -0.009378924034535885
    ],
    [
      23.314237594604492,
      13.395024299621582,
      33.04296112060547,
      36.7207145690918,
      25.10759925842285,
      27.989526748657227,
      72.0746078491211,
      61.95634460449219,
      63.88074493408203,
      63.72296905517578,
      54.20183563232422,
      52.53413391113281,
      16.391460418701172,
      16.942155838012695,
      2.680081367492676,
      2.576540470123291,
      0.09618477523326874,
      0.10344430804252625
    ],
    [
      20.61467742919922,
      11.894956588745117,
      23.699132919311523,
      29.57019805908203,
      31.05091094970703,
      28.70509910583496,
      61.95634460449219,
      68.6964340209961,
      59.92780685424805,
      61.67145919799805,
      53.33803939819336,
      52.798614501953125,
      15.554815292358398,
      16.29861068725586,
      2.524320602416992,
      2.403371810913086,
      0.09714312106370926,
      0.10409300774335861
    ],
    [
      36.589691162109375,
      20.293310165405273,
      41.08736801147461,
      43.744991302490234,
      28.87202262878418,
      30.404857635498047,
      63.88074493408203,
      59.92780685424805,
      91.0715560913086,
      87.99266815185547,
      69.14449310302734,
      68.72002410888672,
      19.427322387695312,
      20.260494232177734,
      3.208876132965088,
      3.319981813430786,
      0.18594983220100403,
      0.19332793354988098
    ],
    [
      40.31982421875,
      21.809267044067383,
      36.505191802978516,
      39.619239807128906,
      30.73967933654785,
      31.580034255981445,
      63.72296905517578,
      61.67145919799805,
      87.99266815185547,
      98.2420425415039,
      69.25055694580078,
      68.17371368408203,
      20.635934829711914,
      21.435672760009766,
      3.3901472091674805,
      3.5333380699157715,
      0.1748938113451004,
      0.18030431866645813
    ],
    [
      26.660730361938477,
      14.325206756591797,
      27.587669372558594,
      31.664796829223633,
      29.03274154663086,
      25.924571990966797,
      54.20183563232422,
      53.33803939819336,
      69.14449310302734,
      69.25055694580078,
      72.6384506225586,
      70.92048645019531,
      20.87125587463379,
      21.792110443115234,
      3.4208757877349854,
      3.5075998306274414,
      0.17163318395614624,
      0.1813388466835022
    ],
    [
      23.63849449157715,
      12.677339553833008,
      25.562774658203125,
      30.009023666381836,
      30.81400489807129,
      26.62514877319336,
      52.53413391113281,
      52.798614501953125,
      68.72002410888672,
      68.17371368408203,
      70.92048645019531,
      74.53697967529297,
      20.54331398010254,
      21.450450897216797,
      3.2407219409942627,
      3.317031145095825,
      0.17080159485340118,
      0.17645378410816193
    ],
    [
      7.754785537719727,
      4.290241718292236,
      8.081708908081055,
      8.160968780517578,
      7.046285152435303,
      7.131054401397705,
      16.391460418701172,
      15.554815292358398,
      19.427322387695312,
      20.635934829711914,
      20.87125587463379,
      20.54331398010254,
      10.775586128234863,
      10.218722343444824,
      2.084237813949585,
      2.1707119941711426,
      0.11244700849056244,
      0.12429392337799072
    ],
    [
      8.082578659057617,
      4.5829291343688965,
      8.72329330444336,
      8.922021865844727,
      7.937835216522217,
      7.714810371398926,
      16.942155838012695,
      16.29861068725586,
      20.260494232177734,
      21.435672760009766,
      21.792110443115234,
      21.450450897216797,
      10.218722343444824,
      10.849027633666992,
      2.072587251663208,
      2.1477956771850586,
      0.1160973310470581,
      0.12943163514137268
    ],
    [
      0.8290159106254578,
      0.3078528940677643,
      0.8755215406417847,
      1.0701037645339966,
      0.19226180016994476,
      0.3546842038631439,
      2.680081367492676,
      2.524320602416992,
      3.208876132965088,
      3.3901472091674805,
      3.4208757877349854,
      3.2407219409942627,
      2.084237813949585,
      2.072587251663208,
      0.9182788133621216,
      0.8558073043823242,
      0.05696955695748329,
      0.06496915221214294
    ],
    [
      1.0232939720153809,
      0.4423789978027344,
      0.8915576934814453,
      1.0677378177642822,
      0.3399633467197418,
      0.5522687435150146,
      2.576540470123291,
      2.403371810913086,
      3.319981813430786,
      3.5333380699157715,
      3.5075998306274414,
      3.317031145095825,
      2.1707119941711426,
      2.1477956771850586,
      0.8558073043823242,
      0.9553043842315674,
      0.05164019763469696,
      0.059067096561193466
    ],
    [
      0.037917349487543106,
      0.0057974024675786495,
      0.02144359052181244,
      0.03292934224009514,
      -0.019477849826216698,
      -0.0052485158666968346,
      0.09618477523326874,
      0.09714312106370926,
      0.18594983220100403,
      0.1748938113451004,
      0.17163318395614624,
      0.17080159485340118,
      0.11244700849056244,
      0.1160973310470581,
      0.05696955695748329,
      0.05164019763469696,
      0.011999025009572506,
      0.013647381216287613
    ],
    [
      0.03294562175869942,
      0.0013944613747298717,
      0.021126681938767433,
      0.0346732996404171,
      -0.025869449600577354,
      -0.009378924034535885,
      0.10344430804252625,
      0.10409300774335861,
      0.19332793354988098,
      0.18030431866645813,
      0.1813388466835022,
      0.17645378410816193,
      0.12429392337799072,
      0.12943163514137268,
      0.06496915221214294,
      0.059067096561193466,
      0.013647381216287613,
      0.016363082453608513
    ]
  ],
  "damage": -16.847318649291992,
  "diff_bandwidth": 700.1881713867188,
  "dissonance": 4.497980073795883,
  "drr": 7.872679710388184,
  "dynamics": 4.56951904296875,
  "format": 1245190,
  "frames": 7644000,
  "loudness": -27.570592880249023,
  "loudness_range": 13.595664978027344,
  "loudness_range_short": 14.950008392333984,
  "lowpass_true_peak_15khz": -7.2039103507995605,
  "mastering3_acoustic_entropies": [
    {
      "acoustic_entropy": 6.803588390350342,
      "acoustic_entropy_mono": 6.0408711433410645,
      "band_eliminated_acoustic_entropies": [
        {
          "acoustic_entropy": 6.804190635681152,
          "acoustic_entropy_side": 6.803593158721924,
          "hz": 129.47220167065723
        },
        {
          "acoustic_entropy": 6.822090148925781,
          "acoustic_entropy_side": 6.803789138793945,
          "hz": 202.92927478742237
        },
        {
          "acoustic_entropy": 6.648478031158447,
          "acoustic_entropy_side": 6.80438232421875,
          "hz": 282.89161906338205
        },
        {
          "acoustic_entropy": 6.6036810874938965,
          "acoustic_entropy_side": 6.8125,
          "hz": 369.9353335868758
        },
        {
          "acoustic_entropy": 7.511992454528809,
          "acoustic_entropy_side": 6.650847434997559,
          "hz": 464.6875360973435
        },
        {
          "acoustic_entropy": 6.870750427246094,
          "acoustic_entropy_side": 6.541050910949707,
          "hz": 567.8308811364784
        },
        {
          "acoustic_entropy": 6.844942569732666,
          "acoustic_entropy_side": 7.117933750152588,
          "hz": 680.1084783214808
        },
        {
          "acoustic_entropy": 6.858491897583008,
          "acoustic_entropy_side": 7.296091079711914,
          "hz": 802.3292461747484
        },
        {
          "acoustic_entropy": 6.468592166900635,
          "acoustic_entropy_side": 6.5523786544799805,
          "hz": 935.3737400823702
        },
        {
          "acoustic_entropy": 6.977442264556885,
          "acoustic_entropy_side": 7.036942958831787,
          "hz": 1080.2004963696966
        },
        {
          "acoustic_entropy": 6.699233055114746,
          "acoustic_entropy_side": 6.8582611083984375,
          "hz": 1237.8529382007157
        },
        {
          "acoustic_entropy": 6.800929069519043,
          "acoustic_entropy_side": 6.78460168838501,
          "hz": 1409.4668930556702
        },
        {
          "acoustic_entropy": 6.411950588226318,
          "acoustic_entropy_side": 6.4769062995910645,
          "hz": 1596.2787759475705
        },
        {
          "acoustic_entropy": 6.749805927276611,
          "acoustic_entropy_side": 6.795130252838135,
          "hz": 1799.6344973346393
        },
        {
          "acoustic_entropy": 6.468245983123779,
          "acoustic_entropy_side": 6.554143905639648,
          "hz": 2020.9991599069049
        },
        {
          "acoustic_entropy": 6.7408318519592285,
          "acoustic_entropy_side": 6.77447509765625,
          "hz": 2261.9676141086993
        },
        {
          "acoustic_entropy": 6.748934745788574,
          "acoustic_entropy_side": 6.785512924194336,
          "hz": 2524.2759484456974
        },
        {
          "acoustic_entropy": 6.588540077209473,
          "acoustic_entropy_side": 6.695603370666504,
          "hz": 2809.813997359896
        },
        {
          "acoustic_entropy": 6.6899542808532715,
          "acoustic_entropy_side": 6.746823310852051,
          "hz": 3120.6389567871424
        },
        {
          "acoustic_entropy": 6.805171012878418,
          "acoustic_entropy_side": 6.794414520263672,
          "hz": 3458.990205492291
        },
        {
          "acoustic_entropy": 6.7950310707092285,
          "acoustic_entropy_side": 6.8011579513549805,
          "hz": 3827.305438964164
        },
        {
          "acoustic_entropy": 6.794764518737793,
          "acoustic_entropy_side": 6.8010125160217285,
          "hz": 4228.238232109126
        },
        {
          "acoustic_entropy": 6.79805326461792,
          "acoustic_entropy_side": 6.800767421722412,
          "hz": 4664.6771572759235
        },
        {
          "acoustic_entropy": 6.802744388580322,
          "acoustic_entropy_side": 6.803154945373535,
          "hz": 5139.766595350093
        },
        {
          "acoustic_entropy": 6.802709102630615,
          "acoustic_entropy_side": 6.803074359893799,
          "hz": 5656.929389854203
        },
        {
          "acoustic_entropy": 6.803194999694824,
          "acoustic_entropy_side": 6.803326606750488,
          "hz": 6219.891507268283
        },
        {
          "acoustic_entropy": 6.80348014831543,
          "acoustic_entropy_side": 6.803498268127441,
          "hz": 6832.70888123896
        },
        {
          "acoustic_entropy": 6.803585052490234,
          "acoustic_entropy_side": 6.803586959838867,
          "hz": 7499.796634079867
        },
        {
          "acoustic_entropy": 6.803585052490234,
          "acoustic_entropy_side": 6.803585052490234,
          "hz": 8225.96088609342
        },
        {
          "acoustic_entropy": 6.803585529327393,
          "acoustic_entropy_side": 6.803587436676025,
          "hz": 9016.43338188839
        },
        {
          "acoustic_entropy": 6.803587913513184,
          "acoustic_entropy_side": 6.803587436676025,
          "hz": 9876.909183162974
        },
        {
          "acoustic_entropy": 6.803588390350342,
          "acoustic_entropy_side": 6.803588390350342,
          "hz": 10813.587699516042
        },
        {
          "acoustic_entropy": 6.803587436676025,
          "acoustic_entropy_side": 6.803588390350342,
          "hz": 11833.21735289826
        },
        {
          "acoustic_entropy": 6.803588390350342,
          "acoustic_entropy_side": 6.803588390350342,
          "hz": 12943.144197493959
        },
        {
          "acoustic_entropy": 6.803588390350342,
          "acoustic_entropy_side": 6.803588390350342,
          "hz": 14151.364845322005
        },
        {
          "acoustic_entropy": 6.803588390350342,
          "acoustic_entropy_side": 6.803588390350342,
          "hz": 15466.58407886509
        },
        {
          "acoustic_entropy": 6.803588390350342,
          "acoustic_entropy_side": 6.803588390350342,
          "hz": 16898.27756580493
        },
        {
          "acoustic_entropy": 6.803588390350342,
          "acoustic_entropy_side": 6.803588390350342,
          "hz": 18456.760127700032
        },
        {
          "acoustic_entropy": 6.803588390350342,
          "acoustic_entropy_side": 6.803588390350342,
          "hz": 20153.260054456492
        },
        {
          "acoustic_entropy": 6.803588390350342,
          "acoustic_entropy_side": 6.803588390350342,
          "hz": 22000.00000000001
        }
      ],
      "diff_acoustic_entropy": 4.810016632080078,
      "sn": 6
    },
    {
      "acoustic_entropy": 10.455811500549316,
      "acoustic_entropy_mono": 9.052785873413086,
      "band_eliminated_acoustic_entropies": [
        {
          "acoustic_entropy": 10.447772979736328,
          "acoustic_entropy_side": 10.455811500549316,
          "hz": 129.47220167065723
        },
        {
          "acoustic_entropy": 10.471893310546875,
          "acoustic_entropy_side": 10.458329200744629,
          "hz": 202.92927478742237
        },
        {
          "acoustic_entropy": 10.586167335510254,
          "acoustic_entropy_side": 10.475085258483887,
          "hz": 282.89161906338205
        },
        {
          "acoustic_entropy": 10.245697021484375,
          "acoustic_entropy_side": 10.477903366088867,
          "hz": 369.9353335868758
        },
        {
          "acoustic_entropy": 11.312509536743164,
          "acoustic_entropy_side": 10.555994987487793,
          "hz": 464.6875360973435
        },
        {
          "acoustic_entropy": 10.911820411682129,
          "acoustic_entropy_side": 10.29112720489502,
          "hz": 567.8308811364784
        },
        {
          "acoustic_entropy": 10.481236457824707,
          "acoustic_entropy_side": 10.738054275512695,
          "hz": 680.1084783214808
        },
        {
          "acoustic_entropy": 10.60275650024414,
          "acoustic_entropy_side": 10.786833763122559,
          "hz": 802.3292461747484
        },
        {
          "acoustic_entropy": 9.575020790100098,
          "acoustic_entropy_side": 10.107833862304688,
          "hz": 935.3737400823702
        },
        {
          "acoustic_entropy": 10.497180938720703,
          "acoustic_entropy_side": 10.762452125549316,
          "hz": 1080.2004963696966
        },
        {
          "acoustic_entropy": 10.270295143127441,
          "acoustic_entropy_side": 10.486541748046875,
          "hz": 1237.8529382007157
        },
        {
          "acoustic_entropy": 10.629781723022461,
          "acoustic_entropy_side": 10.583329200744629,
          "hz": 1409.4668930556702
        },
        {
          "acoustic_entropy": 10.261720657348633,
          "acoustic_entropy_side": 10.191143989562988,
          "hz": 1596.2787759475705
        },
        {
          "acoustic_entropy": 10.555288314819336,
          "acoustic_entropy_side": 10.45438003540039,
          "hz": 1799.6344973346393
        },
        {
          "acoustic_entropy": 9.643566131591797,
          "acoustic_entropy_side": 10.000532150268555,
          "hz": 2020.9991599069049
        },
        {
          "acoustic_entropy": 10.224189758300781,
          "acoustic_entropy_side": 10.454329490661621,
          "hz": 2261.9676141086993
        },
        {
          "acoustic_entropy": 10.383011817932129,
          "acoustic_entropy_side": 10.498525619506836,
          "hz": 2524.2759484456974
        },
        {
          "acoustic_entropy": 9.593464851379395,
          "acoustic_entropy_side": 9.923964500427246,
          "hz": 2809.813997359896
        },
        {
          "acoustic_entropy": 9.855621337890625,
          "acoustic_entropy_side": 10.02171802520752,
          "hz": 3120.6389567871424
        },
        {
          "acoustic_entropy": 10.328824043273926,
          "acoustic_entropy_side": 10.380029678344727,
          "hz": 3458.990205492291
        },
        {
          "acoustic_entropy": 10.500212669372559,
          "acoustic_entropy_side": 10.464837074279785,
          "hz": 3827.305438964164
        },
        {
          "acoustic_entropy": 10.453131675720215,
          "acoustic_entropy_side": 10.443323135375977,
          "hz": 4228.238232109126
        },
        {
          "acoustic_entropy": 10.428583145141602,
          "acoustic_entropy_side": 10.439517974853516,
          "hz": 4664.6771572759235
        },
        {
          "acoustic_entropy": 10.452149391174316,
          "acoustic_entropy_side": 10.453792572021484,
          "hz": 5139.766595350093
        },
        {
          "acoustic_entropy": 10.450211524963379,
          "acoustic_entropy_side": 10.451807022094727,
          "hz": 5656.929389854203
        },
        {
          "acoustic_entropy": 10.454023361206055,
          "acoustic_entropy_side": 10.454009056091309,
          "hz": 6219.891507268283
        },
        {
          "acoustic_entropy": 10.456007957458496,
          "acoustic_entropy_side": 10.455649375915527,
          "hz": 6832.70888123896
        },
        {
          "acoustic_entropy": 10.455850601196289,
          "acoustic_entropy_side": 10.455806732177734,
          "hz": 7499.796634079867
        },
        {
          "acoustic_entropy": 10.455802917480469,
          "acoustic_entropy_side": 10.455815315246582,
          "hz": 8225.96088609342
        },
        {
          "acoustic_entropy": 10.455781936645508,
          "acoustic_entropy_side": 10.455808639526367,
          "hz": 9016.43338188839
        },
        {
          "acoustic_entropy": 10.45579719543457,
          "acoustic_entropy_side": 10.455805778503418,
          "hz": 9876.909183162974
        },
        {
          "acoustic_entropy": 10.455809593200684,
          "acoustic_entropy_side": 10.455809593200684,
          "hz": 10813.587699516042
        },
        {
          "acoustic_entropy": 10.455808639526367,
          "acoustic_entropy_side": 10.455808639526367,
          "hz": 11833.21735289826
        },
        {
          "acoustic_entropy": 10.455808639526367,
          "acoustic_entropy_side": 10.45580768585205,
          "hz": 12943.144197493959
        },
        {
          "acoustic_entropy": 10.455808639526367,
          "acoustic_entropy_side": 10.455810546875,
          "hz": 14151.364845322005
        },
        {
          "acoustic_entropy": 10.455811500549316,
          "acoustic_entropy_side": 10.455811500549316,
          "hz": 15466.58407886509
        },
        {
          "acoustic_entropy": 10.455811500549316,
          "acoustic_entropy_side": 10.455811500549316,
          "hz": 16898.27756580493
        },
        {
          "acoustic_entropy": 10.455811500549316,
          "acoustic_entropy_side": 10.455811500549316,
          "hz": 18456.760127700032
        },
        {
          "acoustic_entropy": 10.455811500549316,
          "acoustic_entropy_side": 10.455811500549316,
          "hz": 20153.260054456492
        },
        {
          "acoustic_entropy": 10.455811500549316,
          "acoustic_entropy_side": 10.455811500549316,
          "hz": 22000.00000000001
        }
      ],
      "diff_acoustic_entropy": 7.074706554412842,
      "sn": 12
    },
    {
      "acoustic_entropy": 16.303564071655273,
      "acoustic_entropy_mono": 13.474454879760742,
      "band_eliminated_acoustic_entropies": [
        {
          "acoustic_entropy": 16.326086044311523,
          "acoustic_entropy_side": 16.30877113342285,
          "hz": 129.47220167065723
        },
        {
          "acoustic_entropy": 16.0576114654541,
          "acoustic_entropy_side": 16.321346282958984,
          "hz": 202.92927478742237
        },
        {
          "acoustic_entropy": 16.065168380737305,
          "acoustic_entropy_side": 16.18182945251465,
          "hz": 282.89161906338205
        },
        {
          "acoustic_entropy": 16.072111129760742,
          "acoustic_entropy_side": 15.858870506286621,
          "hz": 369.9353335868758
        },
        {
          "acoustic_entropy": 16.301481246948242,
          "acoustic_entropy_side": 16.235048294067383,
          "hz": 464.6875360973435
        },
        {
          "acoustic_entropy": 16.31435203552246,
          "acoustic_entropy_side": 16.2179012298584,
          "hz": 567.8308811364784
        },
        {
          "acoustic_entropy": 16.500398635864258,
          "acoustic_entropy_side": 17.168685913085938,
          "hz": 680.1084783214808
        },
        {
          "acoustic_entropy": 16.22852897644043,
          "acoustic_entropy_side": 17.735610961914062,
          "hz": 802.3292461747484
        },
        {
          "acoustic_entropy": 15.859804153442383,
          "acoustic_entropy_side": 16.81359100341797,
          "hz": 935.3737400823702
        },
        {
          "acoustic_entropy": 15.771538734436035,
          "acoustic_entropy_side": 16.16849136352539,
          "hz": 1080.2004963696966
        },
        {
          "acoustic_entropy": 15.853999137878418,
          "acoustic_entropy_side": 15.519150733947754,
          "hz": 1237.8529382007157
        },
        {
          "acoustic_entropy": 15.837581634521484,
          "acoustic_entropy_side": 15.613592147827148,
          "hz": 1409.4668930556702
        },
        {
          "acoustic_entropy": 16.84158706665039,
          "acoustic_entropy_side": 17.2845458984375,
          "hz": 1596.2787759475705
        },
        {
          "acoustic_entropy": 16.019847869873047,
          "acoustic_entropy_side": 16.64454460144043,
          "hz": 1799.6344973346393
        },
        {
          "acoustic_entropy": 15.55576229095459,
          "acoustic_entropy_side": 15.03292179107666,
          "hz": 2020.9991599069049
        },
        {
          "acoustic_entropy": 16.28638458251953,
          "acoustic_entropy_side": 16.59228515625,
          "hz": 2261.9676141086993
        },
        {
          "acoustic_entropy": 16.214277267456055,
          "acoustic_entropy_side": 16.28236961364746,
          "hz": 2524.2759484456974
        },
        {
          "acoustic_entropy": 16.104585647583008,
