{
  "acoustic_entropy": 196.12686157226562,
  "bands": [
    {
      "high_freq": 148.1999969482422,
      "loudness": -40.37075424194336,
      "loudness_range": 38.05210494995117,
      "mid_mean": -38.52339172363281,
      "mid_to_side_loudness": -5.446201324462891,
      "mid_to_side_loudness_range": 12.398866653442383,
      "side_mean": -46.0726318359375
    },
    {
      "high_freq": 392.3793640136719,
      "loudness": -31.247352600097656,
      "loudness_range": 23.401430130004883,
      "low_freq": 148.1999969482422,
      "mid_mean": -30.00040626525879,
      "mid_to_side_loudness": -2.873631000518799,
      "mid_to_side_loudness_range": 9.339001655578613,
      "side_mean": -32.99066162109375
    },
    {
      "high_freq": 794.6976318359375,
      "loudness": -29.71161460876465,
      "loudness_range": 23.817577362060547,
      "low_freq": 392.3793640136719,
      "mid_mean": -28.605443954467773,
      "mid_to_side_loudness": -1.3262361288070679,
      "mid_to_side_loudness_range": 8.979747772216797,
      "side_mean": -30.434715270996094
    },
    {
      "high_freq": 1457.5709228515625,
      "loudness": -34.64826583862305,
      "loudness_range": 26.71358299255371,
      "low_freq": 794.6976318359375,
      "mid_mean": -32.888671875,
      "mid_to_side_loudness": -2.9703733921051025,
      "mid_to_side_loudness_range": 6.89362907409668,
      "side_mean": -35.907047271728516
    },
    {
      "high_freq": 2549.74365234375,
      "loudness": -36.40204620361328,
      "loudness_range": 26.550512313842773,
      "low_freq": 1457.5709228515625,
      "mid_mean": -34.81589889526367,
      "mid_to_side_loudness": -2.6316373348236084,
      "mid_to_side_loudness_range": 6.877518653869629,
      "side_mean": -37.505149841308594
    },
    {
      "high_freq": 4349.24462890625,
      "loudness": -40.07373046875,
      "loudness_range": 28.421916961669922,
      "low_freq": 2549.74365234375,
      "mid_mean": -38.80535125732422,
      "mid_to_side_loudness": -2.6726021766662598,
      "mid_to_side_loudness_range": 5.684970378875732,
      "side_mean": -41.21694564819336
    },
    {
      "high_freq": 7314.1640625,
      "loudness": -49.93463897705078,
      "loudness_range": 34.1061897277832,
      "low_freq": 4349.24462890625,
      "mid_mean": -52.417991638183594,
      "mid_to_side_loudness": -2.5408239364624023,
      "mid_to_side_loudness_range": 4.222360610961914,
      "side_mean": -54.31415557861328
    },
    {
      "high_freq": 12199.2666015625,
      "loudness": -59.88938903808594,
      "loudness_range": 37.399173736572266,
      "low_freq": 7314.1640625,
      "mid_mean": -59.29364776611328,
      "mid_to_side_loudness": -2.8819901943206787,
      "mid_to_side_loudness_range": 4.819028854370117,
      "side_mean": -60.895538330078125
    },
    {
      "loudness": -64.5917739868164,
      "loudness_range": 21.69249725341797,
      "low_freq": 12199.2666015625,
      "mid_mean": -62.07771301269531,
      "mid_to_side_loudness": -1.1244902610778809,
      "mid_to_side_loudness_range": 2.103020668029785,
      "side_mean": -62.95210266113281
    }
  ],
  "bands_short": [
    {
      "high_freq": 148.1999969482422,
      "loudness": -44.83422088623047,
      "loudness_range": 38.478973388671875,
      "mid_mean": -42.729759216308594,
      "mid_to_side_loudness": -5.072918891906738,
      "mid_to_side_loudness_range": 17.70160484313965,
      "side_mean": -48.68025207519531
    },
    {
      "high_freq": 392.3793640136719,
      "loudness": -31.122873306274414,
      "loudness_range": 24.1502742767334,
      "low_freq": 148.1999969482422,
      "mid_mean": -29.998106002807617,
      "mid_to_side_loudness": -2.967902898788452,
      "mid_to_side_loudness_range": 12.208288192749023,
      "side_mean": -33.19807815551758
    },
    {
      "high_freq": 794.6976318359375,
      "loudness": -30.130229949951172,
      "loudness_range": 23.128252029418945,
      "low_freq": 392.3793640136719,
      "mid_mean": -29.406494140625,
      "mid_to_side_loudness": -1.507880449295044,
      "mid_to_side_loudness_range": 11.935247421264648,
      "side_mean": -31.40815544128418
    },
    {
      "high_freq": 1457.5709228515625,
      "loudness": -33.843997955322266,
      "loudness_range": 26.654552459716797,
      "low_freq": 794.6976318359375,
      "mid_mean": -32.47311019897461,
      "mid_to_side_loudness": -2.420027256011963,
      "mid_to_side_loudness_range": 10.978458404541016,
      "side_mean": -34.91610336303711
    },
    {
      "high_freq": 2549.74365234375,
      "loudness": -36.645423889160156,
      "loudness_range": 26.893075942993164,
      "low_freq": 1457.5709228515625,
      "mid_mean": -35.216129302978516,
      "mid_to_side_loudness": -2.5112009048461914,
      "mid_to_side_loudness_range": 9.994207382202148,
      "side_mean": -37.790348052978516
    },
    {
      "high_freq": 4349.24462890625,
      "loudness": -40.09920120239258,
      "loudness_range": 28.211212158203125,
      "low_freq": 2549.74365234375,
      "mid_mean": -39.060951232910156,
      "mid_to_side_loudness": -2.6519412994384766,
      "mid_to_side_loudness_range": 7.948000907897949,
      "side_mean": -41.472591400146484
    },
    {
      "high_freq": 7314.1640625,
      "loudness": -49.80971145629883,
      "loudness_range": 33.39313507080078,
      "low_freq": 4349.24462890625,
      "mid_mean": -52.65717697143555,
      "mid_to_side_loudness": -2.3831565380096436,
      "mid_to_side_loudness_range": 6.100106716156006,
      "side_mean": -54.435791015625
    },
    {
      "high_freq": 12199.2666015625,
      "loudness": -60.24580764770508,
      "loudness_range": 36.51267623901367,
      "low_freq": 7314.1640625,
      "mid_mean": -59.66156768798828,
      "mid_to_side_loudness": -2.8388800621032715,
      "mid_to_side_loudness_range": 5.820481300354004,
      "side_mean": -61.21608352661133
    },
    {
      "loudness": -65.11396789550781,
      "loudness_range": 19.27928924560547,
      "low_freq": 12199.2666015625,
      "mid_mean": -62.58034896850586,
      "mid_to_side_loudness": -1.0540169477462769,
      "mid_to_side_loudness_range": 2.7286643981933594,
      "side_mean": -63.40678024291992
    }
  ],
  "bandwidth": 643.6064453125,
  "channels": 2,
  "covariance": [
    [
      179.87103271484375,
      149.98764038085938,
      79.27578735351562,
      76.12970733642578,
      73.41130828857422,
      68.47394561767578,
      69.82615661621094,
      72.39327239990234,
      75.00044250488281,
      75.8793716430664,
      73.6043472290039,
      73.85621643066406,
      106.17684173583984,
      98.57654571533203,
      87.27464294433594,
      80.19708251953125,
      51.22641372680664,
      46.12892532348633
    ],
    [
      149.98764038085938,
      154.75387573242188,
      73.70252227783203,
      73.28277587890625,
      70.716796875,
      67.38597106933594,
      70.96497344970703,
      76.88774108886719,
      73.75720977783203,
      76.9992446899414,
      67.76838684082031,
      69.13948822021484,
      102.32470703125,
      95.9890365600586,
      75.96180725097656,
      69.69359588623047,
      38.07078552246094,
      33.865943908691406
    ],
    [
      79.27578735351562,
      73.70252227783203,
      86.17798614501953,
      74.21307373046875,
      52.26408004760742,
      48.958648681640625,
      48.61814880371094,
      48.3541259765625,
      52.03507614135742,
      50.50679016113281,
      48.24752426147461,
      47.81058120727539,
      67.74505615234375,
      62.30862045288086,
      58.50440979003906,
      52.35430908203125,
      32.7901611328125,
      29.0084228515625
    ],
    [
      76.12970733642578,
      73.28277587890625,
      74.21307373046875,
      83.56620025634766,
      52.4484748840332,
      48.96875762939453,
      45.369388580322266,
      44.892215728759766,
      52.33522033691406,
      51.24565887451172,
      50.345951080322266,
      50.65970993041992,
      68.90113830566406,
      64.22254180908203,
      56.336669921875,
      50.6525764465332,
      28.894359588623047,
      25.278335571289062
    ],
    [
      73.41130828857422,
      70.716796875,
      52.26408004760742,
      52.4484748840332,
      74.9898681640625,
      64.75514221191406,
      56.53923797607422,
      56.724849700927734,
      57.31279373168945,
      60.00486373901367,
      51.516357421875,
      54.65849304199219,
      74.50704956054688,
      69.26254272460938,
      59.171226501464844,
      53.51457214355469,
      30.942848205566406,
      27.530820846557617
    ],
    [
      68.47394561767578,
      67.38597106933594,
      48.958648681640625,
      48.96875762939453,
      64.75514221191406,
      69.25,
      52.0304069519043,
      53.72069549560547,
      53.37617492675781,
      56.75444030761719,
      47.48411178588867,
      50.00106430053711,
      68.3407974243164,
      64.3643569946289,
      51.781734466552734,
      47.21916580200195,
      25.4747257232666,
      22.493122100830078
    ],
    [
      69.82615661621094,
      70.96497344970703,
      48.61814880371094,
      45.369388580322266,
      56.53923797607422,
      52.0304069519043,
      80.71427154541016,
      80.24990844726562,
      64.03907775878906,
      67.14336395263672,
      56.41060256958008,
      56.66896438598633,
      86.4521255493164,
      79.72526550292969,
      71.3221435546875,
      64.27093505859375,
      36.928897857666016,
      33.3210334777832
    ],
    [
      72.39327239990234,
      76.88774108886719,
      48.3541259765625,
      44.892215728759766,
      56.724849700927734,
      53.72069549560547,
      80.24990844726562,
      86.89215850830078,
      65.77901458740234,
      71.0820083618164,
      58.62126541137695,
      60.179073333740234,
      90.89613342285156,
      84.82392883300781,
      72.40535736083984,
      66.21357727050781,
      35.28630447387695,
      32.0010871887207
    ],
    [
      75.00044250488281,
      73.75720977783203,
      52.03507614135742,
      52.33522033691406,
      57.31279373168945,
      53.37617492675781,
      64.03907775878906,
      65.77901458740234,
      78.57391357421875,
      75.6747817993164,
      72.27286529541016,
      71.19488525390625,
      95.59569549560547,
      88.75684356689453,
      77.596923828125,
      70.89380645751953,
      39.97539520263672,
      36.042633056640625
    ],
    [
      75.8793716430664,
      76.9992446899414,
      50.50679016113281,
      51.24565887451172,
      60.00486373901367,
      56.75444030761719,
      67.14336395263672,
      71.0820083618164,
      75.6747817993164,
      80.94535064697266,
      70.8286361694336,
      72.03289794921875,
      97.41935729980469,
      91.5200424194336,
      75.91055297851562,
      70.1392822265625,
      36.478546142578125,
      32.995296478271484
    ],
    [
      73.6043472290039,
      67.76838684082031,
      48.24752426147461,
      50.345951080322266,
      51.516357421875,
      47.48411178588867,
      56.41060256958008,
      58.62126541137695,
      72.27286529541016,
      70.8286361694336,
      94.17634582519531,
      90.03970336914062,
      104.94996643066406,
      97.84783935546875,
      88.02415466308594,
      81.52128601074219,
      45.55964279174805,
      41.32734680175781
    ],
    [
      73.85621643066406,
      69.13948822021484,
      47.81058120727539,
      50.65970993041992,
      54.65849304199219,
      50.00106430053711,
      56.66896438598633,
      60.179073333740234,
      71.19488525390625,
      72.03289794921875,
      90.03970336914062,
      95.41769409179688,
      105.52545928955078,
      99.5740737915039,
      86.51104736328125,
      80.95270538330078,
      42.52769470214844,
      38.48955154418945
    ],
    [
      106.17684173583984,
      102.32470703125,
      67.74505615234375,
      68.90113830566406,
      74.50704956054688,
      68.3407974243164,
      86.4521255493164,
      90.89613342285156,
      95.59569549560547,
      97.41935729980469,
      104.94996643066406,
      105.52545928955078,
      158.06495666503906,
      146.13253784179688,
      127.39282989501953,
      117.16356658935547,
      64.85304260253906,
      57.82391357421875
    ],
    [
      98.57654571533203,
      95.9890365600586,
      62.30862045288086,
      64.22254180908203,
      69.26254272460938,
      64.3643569946289,
      79.72526550292969,
      84.82392883300781,
      88.75684356689453,
      91.5200424194336,
      97.84783935546875,
      99.5740737915039,
      146.13253784179688,
      137.57174682617188,
      117.19273376464844,
      109.03462982177734,
      58.392452239990234,
      52.129207611083984
    ],
    [
      87.27464294433594,
      75.96180725097656,
      58.50440979003906,
      56.336669921875,
      59.171226501464844,
      51.781734466552734,
      71.3221435546875,
      72.40535736083984,
      77.596923828125,
      75.91055297851562,
      88.02415466308594,
      86.51104736328125,
      127.39282989501953,
      117.19273376464844,
      117.84893798828125,
      107.9854736328125,
      67.06509399414062,
      59.609466552734375
    ],
    [
      80.19708251953125,
      69.69359588623047,
      52.35430908203125,
      50.6525764465332,
      53.51457214355469,
      47.21916580200195,
      64.27093505859375,
      66.21357727050781,
      70.89380645751953,
      70.1392822265625,
      81.52128601074219,
      80.95270538330078,
      117.16356658935547,
      109.03462982177734,
      107.9854736328125,
      100.68927001953125,
      61.5429573059082,
      55.411903381347656
    ],
    [
      51.22641372680664,
      38.07078552246094,
      32.7901611328125,
      28.894359588623047,
      30.942848205566406,
      25.4747257232666,
      36.928897857666016,
      35.28630447387695,
      39.97539520263672,
      36.478546142578125,
      45.55964279174805,
      42.52769470214844,
      64.85304260253906,
      58.392452239990234,
      67.06509399414062,
      61.5429573059082,
      48.545440673828125,
      43.95732498168945
    ],
    [
      46.12892532348633,
      33.865943908691406,
      29.0084228515625,
      25.278335571289062,
      27.530820846557617,
      22.493122100830078,
      33.3210334777832,
      32.0010871887207,
      36.042633056640625,
      32.995296478271484,
      41.32734680175781,
      38.48955154418945,
      57.82391357421875,
      52.129207611083984,
      59.609466552734375,
      55.411903381347656,
      43.95732498168945,
      41.62907028198242
    ]
  ],
  "covariance_short": [
    [
      195.3806915283203,
      153.32528686523438,
      82.44901275634766,
      77.43128204345703,
      77.22589874267578,
      73.20378112792969,
      75.1153564453125,
      75.66947937011719,
      77.99420928955078,
      82.38448333740234,
      75.7144546508789,
      77.1236343383789,
      111.18846893310547,
      104.38361358642578,
      83.53115844726562,
      77.60201263427734,
      40.30586624145508,
      36.91520690917969
    ],
    [
      153.32528686523438,
      149.23678588867188,
      71.95039367675781,
      70.24699401855469,
      65.49371337890625,
      63.03756332397461,
      62.73408889770508,
      65.36418914794922,
      66.13700103759766,
      70.22808074951172,
      63.48885726928711,
      65.3503189086914,
      95.01013946533203,
      89.65080261230469,
      68.17727661132812,
      63.29460144042969,
      29.620328903198242,
      26.76413917541504
    ],
    [
      82.44901275634766,
      71.95039367675781,
      93.8122329711914,
      75.11689758300781,
      54.65904235839844,
      50.47507095336914,
      51.41405487060547,
      51.39731216430664,
      53.85264587402344,
      51.928165435791016,
      51.64973831176758,
      51.03742599487305,
      70.93867492675781,
      64.78300476074219,
      59.16405487060547,
      52.865238189697266,
      29.425437927246094,
      25.965530395507812
    ],
    [
      77.43128204345703,
      70.24699401855469,
      75.11689758300781,
      87.6613540649414,
      53.51215362548828,
      50.262027740478516,
      44.87456512451172,
      44.405906677246094,
      51.719966888427734,
      50.74578857421875,
      50.114646911621094,
      50.95233917236328,
      67.94928741455078,
      63.246856689453125,
      53.74323272705078,
      48.47724533081055,
      24.459732055664062,
      21.612712860107422
    ],
    [
      77.22589874267578,
      65.49371337890625,
      54.65904235839844,
      53.51215362548828,
      81.39926147460938,
      68.21634674072266,
      56.3832893371582,
      53.44294738769531,
      58.64054489135742,
      61.1949577331543,
      53.225486755371094,
      56.04367446899414,
      75.8011474609375,
      70.51731872558594,
      58.6524772644043,
      52.850868225097656,
      27.240432739257812,
      24.129486083984375
    ],
    [
      73.20378112792969,
      63.03756332397461,
      50.47507095336914,
      50.262027740478516,
      68.21634674072266,
      80.17406463623047,
      51.68619155883789,
      50.68306350708008,
      53.833396911621094,
      57.77634048461914,
      48.4983024597168,
      51.74519729614258,
      70.56935119628906,
      66.71086883544922,
      51.70270538330078,
      47.09660339355469,
      22.260175704956055,
      19.65451431274414
    ],
    [
      75.1153564453125,
      62.73408889770508,
      51.41405487060547,
      44.87456512451172,
      56.3832893371582,
      51.68619155883789,
      86.04629516601562,
      76.62688446044922,
      64.39021301269531,
      67.82242584228516,
      56.23674392700195,
      56.48247528076172,
      84.6119384765625,
      77.74620819091797,
      67.59076690673828,
      60.51112747192383,
      30.88430404663086,
      27.876121520996094
    ],
    [
      75.66947937011719,
      65.36418914794922,
      51.39731216430664,
      44.405906677246094,
      53.44294738769531,
      50.68306350708008,
      76.62688446044922,
      85.37477111816406,
      63.20693588256836,
      67.47984313964844,
      56.429019927978516,
      57.26107406616211,
      84.64418029785156,
      78.85623168945312,
      65.97999572753906,
      60.16291427612305,
      28.48807144165039,
      25.867549896240234
    ],
    [
      77.99420928955078,
      66.13700103759766,
      53.85264587402344,
      51.719966888427734,
      58.64054489135742,
      53.833396911621094,
      64.39021301269531,
      63.20693588256836,
      82.25081634521484,
      75.47945404052734,
      72.15338134765625,
      71.50531005859375,
      94.44694519042969,
      87.63675689697266,
      74.4896469116211,
      67.68781280517578,
      34.03159713745117,
      30.703857421875
    ],
    [
      82.38448333740234,
      70.22808074951172,
      51.928165435791016,
      50.74578857421875,
      61.1949577331543,
      57.77634048461914,
      67.82242584228516,
      67.47984313964844,
      75.47945404052734,
      84.9998779296875,
      71.14313507080078,
      72.7765884399414,
      96.82931518554688,
      91.10517120361328,
      73.39056396484375,
      67.71656036376953,
      31.318130493164062,
      28.446638107299805
    ],
    [
      75.7144546508789,
      63.48885726928711,
      51.64973831176758,
      50.114646911621094,
      53.225486755371094,
      48.4983024597168,
      56.23674392700195,
      56.429019927978516,
      72.15338134765625,
      71.14313507080078,
      95.66004943847656,
      88.99275970458984,
      102.39118957519531,
      95.12918853759766,
      84.21095275878906,
      77.6595230102539,
      38.75920486450195,
      35.20991134643555
    ],
    [
      77.1236343383789,
      65.3503189086914,
      51.03742599487305,
      50.95233917236328,
      56.04367446899414,
      51.74519729614258,
      56.48247528076172,
      57.26107406616211,
      71.50531005859375,
      72.7765884399414,
      88.99275970458984,
      97.69852447509766,
      104.05127716064453,
      98.31610870361328,
      83.47168731689453,
      78.21096801757812,
      36.549442291259766,
      33.2845458984375
    ],
    [
      111.18846893310547,
      95.01013946533203,
      70.93867492675781,
      67.94928741455078,
      75.8011474609375,
      70.56935119628906,
      84.6119384765625,
      84.64418029785156,
      94.44694519042969,
      96.82931518554688,
      102.39118957519531,
      104.05127716064453,
      155.3344268798828,
      142.2859649658203,
      120.91071319580078,
      110.25914764404297,
      54.60065841674805,
      48.349666595458984
    ],
    [
      104.38361358642578,
      89.65080261230469,
      64.78300476074219,
      63.246856689453125,
      70.51731872558594,
      66.71086883544922,
      77.74620819091797,
      78.85623168945312,
      87.63675689697266,
      91.10517120361328,
      95.12918853759766,
      98.31610870361328,
      142.2859649658203,
      135.5803985595703,
      110.3744125366211,
      102.95677185058594,
      48.897865295410156,
      43.709747314453125
    ],
    [
      83.53115844726562,
      68.17727661132812,
      59.16405487060547,
      53.74323272705078,
      58.6524772644043,
      51.70270538330078,
      67.59076690673828,
      65.97999572753906,
      74.4896469116211,
      73.39056396484375,
      84.21095275878906,
      83.47168731689453,
      120.91071319580078,
      110.3744125366211,
      110.44256591796875,
      100.00250244140625,
      56.13566589355469,
      49.38001251220703
    ],
    [
      77.60201263427734,
      63.29460144042969,
      52.865238189697266,
      48.47724533081055,
      52.850868225097656,
      47.09660339355469,
      60.51112747192383,
      60.16291427612305,
      67.68781280517578,
      67.71656036376953,
      77.6595230102539,
      78.21096801757812,
      110.25914764404297,
      102.95677185058594,
      100.00250244140625,
      93.8036117553711,
      50.96025466918945,
      46.006446838378906
    ],
    [
      40.30586624145508,
      29.620328903198242,
      29.425437927246094,
      24.459732055664062,
      27.240432739257812,
      22.260175704956055,
      30.88430404663086,
      28.48807144165039,
      34.03159713745117,
      31.318130493164062,
      38.75920486450195,
      36.549442291259766,
      54.60065841674805,
      48.897865295410156,
      56.13566589355469,
      50.96025466918945,
      37.568359375,
      33.294925689697266
    ],
    [
      36.91520690917969,
      26.76413917541504,
      25.965530395507812,
      21.612712860107422,
      24.129486083984375,
      19.65451431274414,
      27.876121520996094,
      25.867549896240234,
      30.703857421875,
      28.446638107299805,
      35.20991134643555,
      33.2845458984375,
      48.349666595458984,
      43.709747314453125,
      49.38001251220703,
      46.006446838378906,
      33.294925689697266,
      31.937301635742188
    ]
  ],
  "damage": -12.778768539428711,
  "diff_bandwidth": 662.5386962890625,
  "dissonance": 7.9926968679226205,
  "drr": 11.100032806396484,
  "dynamics": 6.094331741333008,
  "format": 1245190,
  "frames": 8850368,
  "loudness": -19.966293334960938,
  "loudness_range": 26.498226165771484,
  "loudness_range_short": 26.99248504638672,
  "lowpass_true_peak_15khz": -0.12028869241476059,
  "mastering3_acoustic_entropies": [
    {
      "acoustic_entropy": 4.752556800842285,
      "acoustic_entropy_mono": 4.548189163208008,
      "band_eliminated_acoustic_entropies": [
        {
          "acoustic_entropy": 4.739038944244385,
          "acoustic_entropy_side": 4.752172946929932,
          "hz": 129.47220167065723
        },
        {
          "acoustic_entropy": 4.706894874572754,
          "acoustic_entropy_side": 4.732997894287109,
          "hz": 202.92927478742237
        },
        {
          "acoustic_entropy": 4.801992416381836,
          "acoustic_entropy_side": 4.688529968261719,
          "hz": 282.89161906338205
        },
        {
          "acoustic_entropy": 4.5907793045043945,
          "acoustic_entropy_side": 4.669276237487793,
          "hz": 369.9353335868758
        },
        {
          "acoustic_entropy": 4.56345796585083,
          "acoustic_entropy_side": 4.637237548828125,
          "hz": 464.6875360973435
        },
        {
          "acoustic_entropy": 4.655016899108887,
          "acoustic_entropy_side": 5.0184125900268555,
          "hz": 567.8308811364784
        },
        {
          "acoustic_entropy": 4.604344844818115,
          "acoustic_entropy_side": 5.124743938446045,
          "hz": 680.1084783214808
        },
        {
          "acoustic_entropy": 4.48951530456543,
          "acoustic_entropy_side": 4.820789337158203,
          "hz": 802.3292461747484
        },
        {
          "acoustic_entropy": 4.547290802001953,
          "acoustic_entropy_side": 4.890671253204346,
          "hz": 935.3737400823702
        },
        {
          "acoustic_entropy": 4.559020042419434,
          "acoustic_entropy_side": 5.164124965667725,
          "hz": 1080.2004963696966
        },
        {
          "acoustic_entropy": 4.378067970275879,
          "acoustic_entropy_side": 4.849094867706299,
          "hz": 1237.8529382007157
        },
        {
          "acoustic_entropy": 4.5860276222229,
          "acoustic_entropy_side": 4.545253753662109,
          "hz": 1409.4668930556702
        },
        {
          "acoustic_entropy": 4.817077159881592,
          "acoustic_entropy_side": 4.756997108459473,
          "hz": 1596.2787759475705
        },
        {
          "acoustic_entropy": 4.818562030792236,
          "acoustic_entropy_side": 4.757823467254639,
          "hz": 1799.6344973346393
        },
        {
          "acoustic_entropy": 4.7772321701049805,
          "acoustic_entropy_side": 4.735082626342773,
          "hz": 2020.9991599069049
        },
        {
          "acoustic_entropy": 4.72516393661499,
          "acoustic_entropy_side": 4.757062911987305,
          "hz": 2261.9676141086993
        },
        {
          "acoustic_entropy": 4.817569255828857,
          "acoustic_entropy_side": 4.77486515045166,
          "hz": 2524.2759484456974
        },
        {
          "acoustic_entropy": 4.843337535858154,
          "acoustic_entropy_side": 4.775503635406494,
          "hz": 2809.813997359896
        },
        {
          "acoustic_entropy": 4.755069255828857,
          "acoustic_entropy_side": 4.753714084625244,
          "hz": 3120.6389567871424
        },
        {
          "acoustic_entropy": 4.726873397827148,
          "acoustic_entropy_side": 4.7567925453186035,
          "hz": 3458.990205492291
        },
        {
          "acoustic_entropy": 4.633053302764893,
          "acoustic_entropy_side": 4.708709716796875,
          "hz": 3827.305438964164
        },
        {
          "acoustic_entropy": 4.681670665740967,
          "acoustic_entropy_side": 4.726632595062256,
          "hz": 4228.238232109126
        },
        {
          "acoustic_entropy": 4.840266227722168,
          "acoustic_entropy_side": 4.814743995666504,
          "hz": 4664.6771572759235
        },
        {
          "acoustic_entropy": 4.742298603057861,
          "acoustic_entropy_side": 4.76055908203125,
          "hz": 5139.766595350093
        },
        {
          "acoustic_entropy": 4.784265041351318,
          "acoustic_entropy_side": 4.786921977996826,
          "hz": 5656.929389854203
        },
        {
          "acoustic_entropy": 4.75328254699707,
          "acoustic_entropy_side": 4.7727274894714355,
          "hz": 6219.891507268283
        },
        {
          "acoustic_entropy": 4.787223815917969,
          "acoustic_entropy_side": 4.7859673500061035,
          "hz": 6832.70888123896
        },
        {
          "acoustic_entropy": 4.733527183532715,
          "acoustic_entropy_side": 4.751696586608887,
          "hz": 7499.796634079867
        },
        {
          "acoustic_entropy": 4.731969833374023,
          "acoustic_entropy_side": 4.7509050369262695,
          "hz": 8225.96088609342
        },
        {
          "acoustic_entropy": 4.736865043640137,
          "acoustic_entropy_side": 4.752845764160156,
          "hz": 9016.43338188839
        },
        {
          "acoustic_entropy": 4.737853050231934,
          "acoustic_entropy_side": 4.751421928405762,
          "hz": 9876.909183162974
        },
        {
          "acoustic_entropy": 4.725506782531738,
          "acoustic_entropy_side": 4.749995231628418,
          "hz": 10813.587699516042
        },
        {
          "acoustic_entropy": 4.707233428955078,
          "acoustic_entropy_side": 4.750743865966797,
          "hz": 11833.21735289826
        },
        {
          "acoustic_entropy": 4.737875461578369,
          "acoustic_entropy_side": 4.754704475402832,
          "hz": 12943.144197493959
        },
        {
          "acoustic_entropy": 4.755631923675537,
          "acoustic_entropy_side": 4.756604194641113,
          "hz": 14151.364845322005
        },
        {
          "acoustic_entropy": 4.761378288269043,
          "acoustic_entropy_side": 4.756243705749512,
          "hz": 15466.58407886509
        },
        {
          "acoustic_entropy": 4.763428211212158,
          "acoustic_entropy_side": 4.755052089691162,
          "hz": 16898.27756580493
        },
        {
          "acoustic_entropy": 4.760997295379639,
          "acoustic_entropy_side": 4.753956317901611,
          "hz": 18456.760127700032
        },
        {
          "acoustic_entropy": 4.757164478302002,
          "acoustic_entropy_side": 4.752964973449707,
          "hz": 20153.260054456492
        },
        {
          "acoustic_entropy": 4.753924369812012,
          "acoustic_entropy_side": 4.752629280090332,
          "hz": 22000.00000000001
        }
      ],
      "diff_acoustic_entropy": 1.05818510055542,
      "sn": 6
    },
    {
      "acoustic_entropy": 8.34531307220459,
      "acoustic_entropy_mono": 7.845237731933594,
      "band_eliminated_acoustic_entropies": [
        {
          "acoustic_entropy": 7.73469352722168,
          "acoustic_entropy_side": 8.329825401306152,
          "hz": 129.47220167065723
        },
        {
          "acoustic_entropy": 7.795480728149414,
          "acoustic_entropy_side": 8.115897178649902,
          "hz": 202.92927478742237
        },
        {
          "acoustic_entropy": 8.494277954101562,
          "acoustic_entropy_side": 8.175538063049316,
          "hz": 282.89161906338205
        },
        {
          "acoustic_entropy": 7.603503704071045,
          "acoustic_entropy_side": 7.663660526275635,
          "hz": 369.9353335868758
        },
        {
          "acoustic_entropy": 8.029685974121094,
          "acoustic_entropy_side": 8.286127090454102,
          "hz": 464.6875360973435
        },
        {
          "acoustic_entropy": 7.901376247406006,
          "acoustic_entropy_side": 8.380724906921387,
          "hz": 567.8308811364784
        },
        {
          "acoustic_entropy": 8.414671897888184,
          "acoustic_entropy_side": 8.699531555175781,
          "hz": 680.1084783214808
        },
        {
          "acoustic_entropy": 7.72864294052124,
          "acoustic_entropy_side": 8.291824340820312,
          "hz": 802.3292461747484
        },
        {
          "acoustic_entropy": 8.113701820373535,
          "acoustic_entropy_side": 9.05084228515625,
          "hz": 935.3737400823702
        },
        {
          "acoustic_entropy": 8.783068656921387,
          "acoustic_entropy_side": 8.484149932861328,
          "hz": 1080.2004963696966
        },
        {
          "acoustic_entropy": 8.094304084777832,
          "acoustic_entropy_side": 8.328521728515625,
          "hz": 1237.8529382007157
        },
        {
          "acoustic_entropy": 8.242533683776855,
          "acoustic_entropy_side": 8.04287052154541,
          "hz": 1409.4668930556702
        },
        {
          "acoustic_entropy": 8.140828132629395,
          "acoustic_entropy_side": 8.142022132873535,
          "hz": 1596.2787759475705
        },
        {
          "acoustic_entropy": 8.42646598815918,
          "acoustic_entropy_side": 8.288640022277832,
          "hz": 1799.6344973346393
        },
        {
          "acoustic_entropy": 7.963667392730713,
          "acoustic_entropy_side": 8.33630657196045,
          "hz": 2020.9991599069049
        },
        {
          "acoustic_entropy": 8.20621395111084,
          "acoustic_entropy_side": 8.384093284606934,
          "hz": 2261.9676141086993
        },
        {
          "acoustic_entropy": 8.59564208984375,
          "acoustic_entropy_side": 8.478902816772461,
          "hz": 2524.2759484456974
        },
        {
          "acoustic_entropy": 7.966757774353027,
          "acoustic_entropy_side": 8.07735824584961,
          "hz": 2809.813997359896
        },
        {
          "acoustic_entropy": 8.17334270477295,
          "acoustic_entropy_side": 8.257102966308594,
          "hz": 3120.6389567871424
        },
        {
          "acoustic_entropy": 8.141982078552246,
          "acoustic_entropy_side": 8.257518768310547,
          "hz": 3458.990205492291
        },
        {
          "acoustic_entropy": 8.380971908569336,
          "acoustic_entropy_side": 8.364742279052734,
          "hz": 3827.305438964164
        },
        {
          "acoustic_entropy": 8.272306442260742,
          "acoustic_entropy_side": 8.330355644226074,
          "hz": 4228.238232109126
        },
        {
          "acoustic_entropy": 8.140556335449219,
          "acoustic_entropy_side": 8.129634857177734,
          "hz": 4664.6771572759235
        },
        {
          "acoustic_entropy": 8.342915534973145,
          "acoustic_entropy_side": 8.404953002929688,
          "hz": 5139.766595350093
        },
        {
          "acoustic_entropy": 8.426621437072754,
          "acoustic_entropy_side": 8.4417724609375,
          "hz": 5656.929389854203
        },
        {
          "acoustic_entropy": 8.432671546936035,
          "acoustic_entropy_side": 8.433196067810059,
          "hz": 6219.891507268283
        },
        {
          "acoustic_entropy": 8.525031089782715,
          "acoustic_entropy_side": 8.469842910766602,
          "hz": 6832.70888123896
        },
        {
          "acoustic_entropy": 8.397773742675781,
          "acoustic_entropy_side": 8.38491439819336,
          "hz": 7499.796634079867
        },
        {
          "acoustic_entropy": 8.342110633850098,
          "acoustic_entropy_side": 8.37674617767334,
          "hz": 8225.96088609342
        },
        {
          "acoustic_entropy": 8.403252601623535,
          "acoustic_entropy_side": 8.391085624694824,
          "hz": 9016.43338188839
        },
        {
          "acoustic_entropy": 8.39672565460205,
          "acoustic_entropy_side": 8.386859893798828,
          "hz": 9876.909183162974
        },
        {
          "acoustic_entropy": 8.286442756652832,
          "acoustic_entropy_side": 8.358545303344727,
          "hz": 10813.587699516042
        },
        {
          "acoustic_entropy": 8.207667350769043,
          "acoustic_entropy_side": 8.315210342407227,
          "hz": 11833.21735289826
        },
        {
          "acoustic_entropy": 8.275650024414062,
          "acoustic_entropy_side": 8.326136589050293,
          "hz": 12943.144197493959
        },
        {
          "acoustic_entropy": 8.303352355957031,
          "acoustic_entropy_side": 8.338637351989746,
          "hz": 14151.364845322005
        },
        {
          "acoustic_entropy": 8.316876411437988,
          "acoustic_entropy_side": 8.348679542541504,
          "hz": 15466.58407886509
        },
        {
          "acoustic_entropy": 8.346508026123047,
          "acoustic_entropy_side": 8.354339599609375,
          "hz": 16898.27756580493
        },
        {
          "acoustic_entropy": 8.357973098754883,
          "acoustic_entropy_side": 8.358321189880371,
          "hz": 18456.760127700032
        },
        {
          "acoustic_entropy": 8.358877182006836,
          "acoustic_entropy_side": 8.353946685791016,
          "hz": 20153.260054456492
        },
        {
          "acoustic_entropy": 8.357771873474121,
          "acoustic_entropy_side": 8.346900939941406,
          "hz": 22000.00000000001
        }
      ],
      "diff_acoustic_entropy": 2.6821095943450928,
      "sn": 12
    },
    {
      "acoustic_entropy": 17.804794311523438,
      "acoustic_entropy_mono": 16.62631607055664,
      "band_eliminated_acoustic_entropies": [
        {
          "acoustic_entropy": 17.585195541381836,
          "acoustic_entropy_side": 17.6023006439209,
          "hz": 129.47220167065723
        },
        {
          "acoustic_entropy": 17.410179138183594,
          "acoustic_entropy_side": 17.60113525390625,
          "hz": 202.92927478742237
        },
        {
          "acoustic_entropy": 17.56464958190918,
          "acoustic_entropy_side": 17.765281677246094,
          "hz": 282.89161906338205
        },
        {
          "acoustic_entropy": 17.931909561157227,
          "acoustic_entropy_side": 17.671247482299805,
          "hz": 369.9353335868758
        },
        {
          "acoustic_entropy": 17.91437339782715,
          "acoustic_entropy_side": 17.713706970214844,
          "hz": 464.6875360973435
        },
        {
          "acoustic_entropy": 18.191186904907227,
          "acoustic_entropy_side": 17.939651489257812,
          "hz": 567.8308811364784
        },
        {
          "acoustic_entropy": 17.583446502685547,
          "acoustic_entropy_side": 17.320579528808594,
          "hz": 680.1084783214808
        },
        {
          "acoustic_entropy": 17.281007766723633,
          "acoustic_entropy_side": 17.3895263671875,
          "hz": 802.3292461747484
        },
        {
          "acoustic_entropy": 18.00463104248047,
          "acoustic_entropy_side": 17.55594253540039,
          "hz": 935.3737400823702
        },
        {
          "acoustic_entropy": 17.36919403076172,
          "acoustic_entropy_side": 17.674619674682617,
          "hz": 1080.2004963696966
        },
        {
          "acoustic_entropy": 17.627668380737305,
          "acoustic_entropy_side": 18.227235794067383,
          "hz": 1237.8529382007157
        },
        {
          "acoustic_entropy": 18.149703979492188,
          "acoustic_entropy_side": 17.344789505004883,
          "hz": 1409.4668930556702
        },
        {
          "acoustic_entropy": 17.14520263671875,
          "acoustic_entropy_side": 17.118301391601562,
          "hz": 1596.2787759475705
        },
        {
          "acoustic_entropy": 17.183151245117188,
          "acoustic_entropy_side": 17.12265968322754,
          "hz": 1799.6344973346393
        },
        {
          "acoustic_entropy": 17.59128761291504,
          "acoustic_entropy_side": 17.976539611816406,
          "hz": 2020.9991599069049
        },
        {
          "acoustic_entropy": 17.209577560424805,
          "acoustic_entropy_side": 17.078372955322266,
          "hz": 2261.9676141086993
        },
        {
          "acoustic_entropy": 17.26108741760254,
          "acoustic_entropy_side": 16.846073150634766,
          "hz": 2524.2759484456974
        },
        {
          "acoustic_entropy": 17.266918182373047,
          "acoustic_entropy_side": 17.440399169921875,
          "hz": 2809.813997359896
        },
        {
          "acoustic_entropy": 17.055103302001953,
          "acoustic_entropy_side": 17.61858367919922,
          "hz": 3120.6389567871424
        },
        {
          "acoustic_entropy": 17.77285385131836,
          "acoustic_entropy_side": 17.776247024536133,
          "hz": 3458.990205492291
        },
        {
          "acoustic_entropy": 17.305654525756836,
          "acoustic_entropy_side": 17.863489151000977,
