{
  "acoustic_entropy": 147.05091857910156,
  "bands": [
    {
      "high_freq": 148.1999969482422,
      "loudness": -26.043622970581055,
      "loudness_range": 9.05044174194336,
      "mid_mean": -22.34278678894043,
      "mid_to_side_loudness": -38.54945755004883,
      "mid_to_side_loudness_range": 1.5908241271972656,
      "side_mean": -60.431793212890625
    },
    {
      "high_freq": 392.3793640136719,
      "loudness": -25.5507869720459,
      "loudness_range": 9.049310684204102,
      "low_freq": 148.1999969482422,
      "mid_mean": -21.863454818725586,
      "mid_to_side_loudness": -39.78965759277344,
      "mid_to_side_loudness_range": 3.436870574951172,
      "side_mean": -61.09644317626953
    },
    {
      "high_freq": 794.6976318359375,
      "loudness": -24.202739715576172,
      "loudness_range": 14.552913665771484,
      "low_freq": 392.3793640136719,
      "mid_mean": -20.501827239990234,
      "mid_to_side_loudness": -39.6368522644043,
      "mid_to_side_loudness_range": 2.8161659240722656,
      "side_mean": -59.642921447753906
    },
    {
      "high_freq": 1457.5709228515625,
      "loudness": -30.39596939086914,
      "loudness_range": 20.183034896850586,
      "low_freq": 794.6976318359375,
      "mid_mean": -26.70786476135254,
      "mid_to_side_loudness": -41.67949676513672,
      "mid_to_side_loudness_range": 9.400455474853516,
      "side_mean": -64.61186218261719
    },
    {
      "high_freq": 2549.74365234375,
      "loudness": -33.539424896240234,
      "loudness_range": 19.375965118408203,
      "low_freq": 1457.5709228515625,
      "mid_mean": -29.837120056152344,
      "mid_to_side_loudness": -43.23442459106445,
      "mid_to_side_loudness_range": 13.709381103515625,
      "side_mean": -67.17241668701172
    },
    {
      "high_freq": 4349.24462890625,
      "loudness": -36.91288757324219,
      "loudness_range": 20.77769660949707,
      "low_freq": 2549.74365234375,
      "mid_mean": -33.222206115722656,
      "mid_to_side_loudness": -43.46003723144531,
      "mid_to_side_loudness_range": 18.17184829711914,
      "side_mean": -68.77405548095703
    },
    {
      "high_freq": 7314.1640625,
      "loudness": -39.30889129638672,
      "loudness_range": 20.30872917175293,
      "low_freq": 4349.24462890625,
      "mid_mean": -35.60321807861328,
      "mid_to_side_loudness": -41.11492156982422,
      "mid_to_side_loudness_range": 16.42782974243164,
      "side_mean": -69.16355895996094
    },
    {
      "high_freq": 12199.2666015625,
      "loudness": -46.31257247924805,
      "loudness_range": 22.74053955078125,
      "low_freq": 7314.1640625,
      "mid_mean": -42.634185791015625,
      "mid_to_side_loudness": -39.456947326660156,
      "mid_to_side_loudness_range": 16.78586196899414,
      "side_mean": -69.48819732666016
    },
    {
      "loudness": -54.22636413574219,
      "loudness_range": 16.13266372680664,
      "low_freq": 12199.2666015625,
      "mid_mean": -50.768367767333984,
      "mid_to_side_loudness": -40.120113372802734,
      "mid_to_side_loudness_range": 20.056686401367188,
      "side_mean": -69.91606903076172
    }
  ],
  "bands_short": [
    {
      "high_freq": 148.1999969482422,
      "loudness": -29.88273048400879,
      "loudness_range": 17.38961410522461,
      "mid_mean": -26.29018783569336,
      "mid_to_side_loudness": -38.547176361083984,
      "mid_to_side_loudness_range": 3.9344024658203125,
      "side_mean": -62.99815368652344
    },
    {
      "high_freq": 392.3793640136719,
      "loudness": -26.117525100708008,
      "loudness_range": 14.97515869140625,
      "low_freq": 148.1999969482422,
      "mid_mean": -22.432706832885742,
      "mid_to_side_loudness": -39.92255401611328,
      "mid_to_side_loudness_range": 5.918128967285156,
      "side_mean": -61.44019317626953
    },
    {
      "high_freq": 794.6976318359375,
      "loudness": -26.102439880371094,
      "loudness_range": 20.898462295532227,
      "low_freq": 392.3793640136719,
      "mid_mean": -22.420286178588867,
      "mid_to_side_loudness": -39.98284912109375,
      "mid_to_side_loudness_range": 5.3465118408203125,
      "side_mean": -61.14894104003906
    },
    {
      "high_freq": 1457.5709228515625,
      "loudness": -32.518829345703125,
      "loudness_range": 26.24410629272461,
      "low_freq": 794.6976318359375,
      "mid_mean": -28.863834381103516,
      "mid_to_side_loudness": -41.75120162963867,
      "mid_to_side_loudness_range": 11.996753692626953,
      "side_mean": -65.52574920654297
    },
    {
      "high_freq": 2549.74365234375,
      "loudness": -35.9309196472168,
      "loudness_range": 24.453445434570312,
      "low_freq": 1457.5709228515625,
      "mid_mean": -32.25493240356445,
      "mid_to_side_loudness": -42.11675262451172,
      "mid_to_side_loudness_range": 15.389701843261719,
      "side_mean": -67.81632232666016
    },
    {
      "high_freq": 4349.24462890625,
      "loudness": -39.004539489746094,
      "loudness_range": 25.23602867126465,
      "low_freq": 2549.74365234375,
      "mid_mean": -35.31172561645508,
      "mid_to_side_loudness": -39.323333740234375,
      "mid_to_side_loudness_range": 8.474655151367188,
      "side_mean": -68.98582458496094
    },
    {
      "high_freq": 7314.1640625,
      "loudness": -42.400020599365234,
      "loudness_range": 27.288036346435547,
      "low_freq": 4349.24462890625,
      "mid_mean": -38.717742919921875,
      "mid_to_side_loudness": -37.868675231933594,
      "mid_to_side_loudness_range": 6.121650695800781,
      "side_mean": -69.38449096679688
    },
    {
      "high_freq": 12199.2666015625,
      "loudness": -49.877601623535156,
      "loudness_range": 28.278629302978516,
      "low_freq": 7314.1640625,
      "mid_mean": -46.10349655151367,
      "mid_to_side_loudness": -36.196773529052734,
      "mid_to_side_loudness_range": 9.51803207397461,
      "side_mean": -69.65470123291016
    },
    {
      "loudness": -55.91282653808594,
      "loudness_range": 18.112506866455078,
      "low_freq": 12199.2666015625,
      "mid_mean": -52.379302978515625,
      "mid_to_side_loudness": -38.186790466308594,
      "mid_to_side_loudness_range": 15.862098693847656,
      "side_mean": -69.9261703491211
    }
  ],
  "bandwidth": 587.5554809570312,
  "channels": 2,
  "covariance": [
    [
      14.528488159179688,
      11.473176956176758,
      6.554714202880859,
      5.194305419921875,
      2.317917823791504,
      2.1703102588653564,
      1.7613332271575928,
      1.217162847518921,
      3.5240018367767334,
      0.5140566229820251,
      5.55186653137207,
      1.012048602104187,
      6.8628740310668945,
      0.8604284524917603,
      5.657125473022461,
      0.4791976809501648,
      2.663606882095337,
      0.0036180682945996523
    ],
    [
      11.473176956176758,
      11.547632217407227,
      5.143167972564697,
      5.929614067077637,
      2.2728142738342285,
      4.007810592651367,
      1.5923737287521362,
      2.2593729496002197,
      2.88065242767334,
      1.116750955581665,
      4.684901237487793,
      1.2783820629119873,
      5.8607940673828125,
      1.0542904138565063,
      4.950612545013428,
      0.5923652648925781,
      5.824726581573486,
      0.050348877906799316
    ],
    [
      6.554714202880859,
      5.143167972564697,
      11.540349960327148,
      9.463791847229004,
      4.898858547210693,
      3.7371997833251953,
      3.532268524169922,
      0.8652769327163696,
      6.552350997924805,
      1.1097317934036255,
      8.988184928894043,
      1.2512866258621216,
      10.588184356689453,
      1.337470531463623,
      10.837106704711914,
      0.8616102933883667,
      6.269711017608643,
      0.09331507980823517
    ],
    [
      5.194305419921875,
      5.929614067077637,
      9.463791847229004,
      11.84183120727539,
      3.718585968017578,
      5.7349467277526855,
      1.4133933782577515,
      2.201807737350464,
      4.498635292053223,
      2.3579535484313965,
      6.572491645812988,
      2.029191493988037,
      8.768220901489258,
      1.956101417541504,
      9.847094535827637,
      1.2390846014022827,
      8.848160743713379,
      0.17774243652820587
    ],
    [
      2.317917823791504,
      2.2728142738342285,
      4.898858547210693,
      3.718585968017578,
      24.806928634643555,
      22.78143310546875,
      21.118709564208984,
      11.957337379455566,
      15.80126667022705,
      7.0020952224731445,
      8.851408004760742,
      1.6484309434890747,
      9.906427383422852,
      0.8247506022453308,
      14.433645248413086,
      0.4418073892593384,
      11.050436973571777,
      -0.011577420867979527
    ],
    [
      2.1703102588653564,
      4.007810592651367,
      3.7371997833251953,
      5.7349467277526855,
      22.78143310546875,
      25.24356460571289,
      17.824092864990234,
      12.967347145080566,
      12.661179542541504,
      7.942793369293213,
      5.694249153137207,
      2.3254218101501465,
      6.735287189483643,
      1.347096562385559,
      13.115681648254395,
      0.7764370441436768,
      13.9033203125,
      0.0698038637638092
    ],
    [
      1.7613332271575928,
      1.5923737287521362,
      3.532268524169922,
      1.4133933782577515,
      21.118709564208984,
      17.824092864990234,
      50.111412048339844,
      31.664926528930664,
      26.97500228881836,
      10.009012222290039,
      26.957279205322266,
      4.456239700317383,
      20.243595123291016,
      1.4772523641586304,
      15.005254745483398,
      0.3117782473564148,
      14.607400894165039,
      0.05367894098162651
    ],
    [
      1.217162847518921,
      2.2593729496002197,
      0.8652769327163696,
      2.201807737350464,
      11.957337379455566,
      12.967347145080566,
      31.664926528930664,
      26.089946746826172,
      14.323554992675781,
      8.510639190673828,
      15.13007640838623,
      4.422943115234375,
      10.336004257202148,
      1.9158124923706055,
      8.044426918029785,
      0.7373027801513672,
      10.465847969055176,
      0.13882285356521606
    ],
    [
      3.5240018367767334,
      2.88065242767334,
      6.552350997924805,
      4.498635292053223,
      15.80126667022705,
      12.661179542541504,
      26.97500228881836,
      14.323554992675781,
      43.76374816894531,
      16.595075607299805,
      34.22840118408203,
      5.69656229019165,
      30.13274383544922,
      2.6928088665008545,
      22.118574142456055,
      1.112322449684143,
      14.82058334350586,
      0.2337673306465149
    ],
    [
      0.5140566229820251,
      1.116750955581665,
      1.1097317934036255,
      2.3579535484313965,
      7.0020952224731445,
      7.942793369293213,
      10.009012222290039,
      8.510639190673828,
      16.595075607299805,
      12.608438491821289,
      10.861309051513672,
      5.214751243591309,
      9.447937965393066,
      2.9115607738494873,
      8.34410285949707,
      1.397026777267456,
      6.8176655769348145,
      0.2922835648059845
    ],
    [
      5.55186653137207,
      4.684901237487793,
      8.988184928894043,
      6.572491645812988,
      8.851408004760742,
      5.694249153137207,
      26.957279205322266,
      15.13007640838623,
      34.22840118408203,
      10.861309051513672,
      48.40324783325195,
      8.365050315856934,
      40.66068649291992,
      4.713552474975586,
      22.183866500854492,
      1.955980658531189,
      14.405670166015625,
      0.38944488763809204
    ],
    [
      1.012048602104187,
      1.2783820629119873,
      1.2512866258621216,
      2.029191493988037,
      1.6484309434890747,
      2.3254218101501465,
      4.456239700317383,
      4.422943115234375,
      5.69656229019165,
      5.214751243591309,
      8.365050315856934,
      6.1121907234191895,
      7.322177886962891,
      3.945918560028076,
      4.484375476837158,
      1.7838939428329468,
      3.627265691757202,
      0.3857367932796478
    ],
    [
      6.8628740310668945,
      5.8607940673828125,
      10.588184356689453,
      8.768220901489258,
      9.906427383422852,
      6.735287189483643,
      20.243595123291016,
      10.336004257202148,
      30.13274383544922,
      9.447937965393066,
      40.66068649291992,
      7.322177886962891,
      47.55696105957031,
      6.036356449127197,
      38.19218444824219,
      3.680718421936035,
      23.021615982055664,
      0.6096893548965454
    ],
    [
      0.8604284524917603,
      1.0542904138565063,
      1.337470531463623,
      1.956101417541504,
      0.8247506022453308,
      1.347096562385559,
      1.4772523641586304,
      1.9158124923706055,
      2.6928088665008545,
      2.9115607738494873,
      4.713552474975586,
      3.945918560028076,
      6.036356449127197,
      4.126936912536621,
      5.759011268615723,
      2.396484851837158,
      3.914543867111206,
      0.45997485518455505
    ],
    [
      5.657125473022461,
      4.950612545013428,
      10.837106704711914,
      9.847094535827637,
      14.433645248413086,
      13.115681648254395,
      15.005254745483398,
      8.044426918029785,
      22.118574142456055,
      8.34410285949707,
      22.183866500854492,
      4.484375476837158,
      38.19218444824219,
      5.759011268615723,
      59.78845977783203,
      5.568033218383789,
      36.3333854675293,
      0.8642988204956055
    ],
    [
      0.4791976809501648,
      0.5923652648925781,
      0.8616102933883667,
      1.2390846014022827,
      0.4418073892593384,
      0.7764370441436768,
      0.3117782473564148,
      0.7373027801513672,
      1.112322449684143,
      1.397026777267456,
      1.955980658531189,
      1.7838939428329468,
      3.680718421936035,
      2.396484851837158,
      5.568033218383789,
      2.5895578861236572,
      3.4652509689331055,
      0.4172079563140869
    ],
    [
      2.663606882095337,
      5.824726581573486,
      6.269711017608643,
      8.848160743713379,
      11.050436973571777,
      13.9033203125,
      14.607400894165039,
      10.465847969055176,
      14.82058334350586,
      6.8176655769348145,
      14.405670166015625,
      3.627265691757202,
      23.021615982055664,
      3.914543867111206,
      36.3333854675293,
      3.4652509689331055,
      34.06669235229492,
      0.7340384125709534
    ],
    [
      0.0036180682945996523,
      0.050348877906799316,
      0.09331507980823517,
      0.17774243652820587,
      -0.011577420867979527,
      0.0698038637638092,
      0.05367894098162651,
      0.13882285356521606,
      0.2337673306465149,
      0.2922835648059845,
      0.38944488763809204,
      0.3857367932796478,
      0.6096893548965454,
      0.45997485518455505,
      0.8642988204956055,
      0.4172079563140869,
      0.7340384125709534,
      0.12406348437070847
    ]
  ],
  "covariance_short": [
    [
      44.58058166503906,
      26.32537269592285,
      11.799641609191895,
      8.173453330993652,
      9.213597297668457,
      5.78574275970459,
      9.554789543151855,
      4.286321640014648,
      10.483649253845215,
      1.7874490022659302,
      10.701703071594238,
      1.3314586877822876,
      11.202472686767578,
      0.46933913230895996,
      7.783371448516846,
      -0.09836558252573013,
      2.3790476322174072,
      -0.12728466093540192
    ],
    [
      26.32537269592285,
      19.753259658813477,
      7.492065906524658,
      6.859377384185791,
      7.072891712188721,
      5.837078094482422,
      7.349812984466553,
      3.966179609298706,
      8.0399169921875,
      1.8271037340164185,
      8.00147533416748,
      1.1869701147079468,
      8.28960132598877,
      0.5457553863525391,
      5.5926642417907715,
      0.03575587645173073,
      4.102327823638916,
      -0.056716859340667725
    ],
    [
      11.799641609191895,
      7.492065906524658,
      27.938297271728516,
      20.7258358001709,
      18.66926383972168,
      11.146293640136719,
      13.58510684967041,
      3.2458369731903076,
      17.52300453186035,
      2.5390591621398926,
      18.608970642089844,
      1.9659632444381714,
      22.580400466918945,
      1.8194010257720947,
      21.125690460205078,
      1.0708792209625244,
      10.94872760772705,
      0.13679273426532745
    ],
    [
      8.173453330993652,
      6.859377384185791,
      20.7258358001709,
      23.349634170532227,
      12.31484603881836,
      10.812785148620605,
      7.258387088775635,
      3.677003860473633,
      10.838312149047852,
      3.003072738647461,
      12.204075813293457,
      2.436100482940674,
      15.818402290344238,
      2.1988139152526855,
      16.274934768676758,
      1.31107759475708,
      11.334641456604004,
      0.2070189267396927
    ],
    [
      9.213597297668457,
      7.072891712188721,
      18.66926383972168,
      12.31484603881836,
      50.24624252319336,
      38.337135314941406,
      42.79473876953125,
      17.868213653564453,
      36.08788299560547,
      9.783707618713379,
      27.283023834228516,
      3.4210915565490723,
      30.72417449951172,
      1.6848400831222534,
      31.454185485839844,
      0.25392240285873413,
      18.840791702270508,
      -0.06905541568994522
    ],
    [
      5.78574275970459,
      5.837078094482422,
      11.146293640136719,
      10.812785148620605,
      38.337135314941406,
      37.56303787231445,
      30.672077178955078,
      16.087331771850586,
      24.752702713012695,
      9.470848083496094,
      16.295989990234375,
      3.539593458175659,
      19.666696548461914,
      1.9683326482772827,
      24.143613815307617,
      0.6381198167800903,
      17.952421188354492,
      0.04841270670294762
    ],
    [
      9.554789543151855,
      7.349812984466553,
      13.58510684967041,
      7.258387088775635,
      42.79473876953125,
      30.672077178955078,
      79.7754898071289,
      41.18342590332031,
      51.36767578125,
      14.658063888549805,
      47.73276138305664,
      6.281669616699219,
      43.985862731933594,
      2.361635684967041,
      35.13751220703125,
      -0.06286270171403885,
      24.457963943481445,
      -0.063394695520401
    ],
    [
      4.286321640014648,
      3.966179609298706,
      3.2458369731903076,
      3.677003860473633,
      17.868213653564453,
      16.087331771850586,
      41.18342590332031,
      31.296249389648438,
      23.004615783691406,
      10.602316856384277,
      22.46031379699707,
      5.069085597991943,
      19.412498474121094,
      2.17523193359375,
      15.726180076599121,
      0.4188935160636902,
      13.416850090026855,
      0.0875336080789566
    ],
    [
      10.483649253845215,
      8.0399169921875,
      17.52300453186035,
      10.838312149047852,
      36.08788299560547,
      24.752702713012695,
      51.36767578125,
      23.004615783691406,
      70.06614685058594,
      20.527286529541016,
      56.858375549316406,
      7.573009967803955,
      53.80181884765625,
      3.682372808456421,
      40.58787536621094,
      1.0094412565231323,
      23.387298583984375,
      0.15196076035499573
    ],
    [
      1.7874490022659302,
      1.8271037340164185,
      2.5390591621398926,
      3.003072738647461,
      9.783707618713379,
      9.470848083496094,
      14.658063888549805,
      10.602316856384277,
      20.527286529541016,
      14.367849349975586,
      14.332220077514648,
      5.538586139678955,
      13.575623512268066,
      2.964376926422119,
      11.917253494262695,
      1.0885666608810425,
      7.839497089385986,
      0.22927634418010712
    ],
    [
      10.701703071594238,
      8.00147533416748,
      18.608970642089844,
      12.204075813293457,
      27.283023834228516,
      16.295989990234375,
      47.73276138305664,
      22.46031379699707,
      56.858375549316406,
      14.332220077514648,
      70.5906753540039,
      10.08317756652832,
      63.16568374633789,
      5.4893269538879395,
      39.68976593017578,
      2.1335525512695312,
      22.865293502807617,
      0.42051807045936584
    ],
    [
      1.3314586877822876,
      1.1869701147079468,
      1.9659632444381714,
      2.436100482940674,
      3.4210915565490723,
      3.539593458175659,
      6.281669616699219,
      5.069085597991943,
      7.573009967803955,
      5.538586139678955,
      10.08317756652832,
      6.753236770629883,
      9.261974334716797,
      3.945885419845581,
      6.375171184539795,
      1.638904333114624,
      4.200671195983887,
      0.39125898480415344
    ],
    [
      11.202472686767578,
      8.28960132598877,
      22.580400466918945,
      15.818402290344238,
      30.72417449951172,
      19.666696548461914,
      43.985862731933594,
      19.412498474121094,
      53.80181884765625,
      13.575623512268066,
      63.16568374633789,
      9.261974334716797,
      75.34965515136719,
      6.960123538970947,
      58.70906448364258,
      3.889099597930908,
      33.71458053588867,
      0.7491977214813232
    ],
    [
      0.46933913230895996,
      0.5457553863525391,
      1.8194010257720947,
      2.1988139152526855,
      1.6848400831222534,
      1.9683326482772827,
      2.361635684967041,
      2.17523193359375,
      3.682372808456421,
      2.964376926422119,
      5.4893269538879395,
      3.945885419845581,
      6.960123538970947,
      4.043105602264404,
      6.314980983734131,
      2.21386981010437,
      4.070395469665527,
      0.5009554028511047
    ],
    [
      7.783371448516846,
      5.5926642417907715,
      21.125690460205078,
      16.274934768676758,
      31.454185485839844,
      24.143613815307617,
      35.13751220703125,
      15.726180076599121,
      40.58787536621094,
      11.917253494262695,
      39.68976593017578,
      6.375171184539795,
      58.70906448364258,
      6.314980983734131,
      79.97186279296875,
      5.4743499755859375,
      47.84871292114258,
      1.1168577671051025
    ],
    [
      -0.09836558252573013,
      0.03575587645173073,
      1.0708792209625244,
      1.31107759475708,
      0.25392240285873413,
      0.6381198167800903,
      -0.06286270171403885,
      0.4188935160636902,
      1.0094412565231323,
      1.0885666608810425,
      2.1335525512695312,
      1.638904333114624,
      3.889099597930908,
      2.21386981010437,
      5.4743499755859375,
      2.3624250888824463,
      3.5223615169525146,
      0.48608729243278503
    ],
    [
      2.3790476322174072,
      4.102327823638916,
      10.94872760772705,
      11.334641456604004,
      18.840791702270508,
      17.952421188354492,
      24.457963943481445,
      13.416850090026855,
      23.387298583984375,
      7.839497089385986,
      22.865293502807617,
      4.200671195983887,
      33.71458053588867,
      4.070395469665527,
      47.84871292114258,
      3.5223615169525146,
      40.95021057128906,
      0.9207128882408142
    ],
    [
      -0.12728466093540192,
      -0.056716859340667725,
      0.13679273426532745,
      0.2070189267396927,
      -0.06905541568994522,
      0.04841270670294762,
      -0.063394695520401,
      0.0875336080789566,
      0.15196076035499573,
      0.22927634418010712,
      0.42051807045936584,
      0.39125898480415344,
      0.7491977214813232,
      0.5009554028511047,
      1.1168577671051025,
      0.48608729243278503,
      0.9207128882408142,
      0.18012045323848724
    ]
  ],
  "damage": -7.54646110534668,
  "diff_bandwidth": 614.2637329101562,
  "dissonance": 7.893324277158987,
  "drr": 16.59674072265625,
  "dynamics": 3.3954849243164062,
  "format": 1245190,
  "frames": 6861760,
  "loudness": -14.91567611694336,
  "loudness_range": 7.540337562561035,
  "loudness_range_short": 13.7516508102417,
  "lowpass_true_peak_15khz": 0.2375412881374359,
  "mastering3_acoustic_entropies": [
    {
      "acoustic_entropy": 7.1722540855407715,
      "acoustic_entropy_mono": 7.1722540855407715,
      "band_eliminated_acoustic_entropies": [
        {
          "acoustic_entropy": 7.208296775817871,
          "acoustic_entropy_side": 7.17225456237793,
          "hz": 129.47220167065723
        },
        {
          "acoustic_entropy": 7.444347381591797,
          "acoustic_entropy_side": 7.17225456237793,
          "hz": 202.92927478742237
        },
        {
          "acoustic_entropy": 7.63533878326416,
          "acoustic_entropy_side": 7.1722540855407715,
          "hz": 282.89161906338205
        },
        {
          "acoustic_entropy": 7.566311359405518,
          "acoustic_entropy_side": 7.172253608703613,
          "hz": 369.9353335868758
        },
        {
          "acoustic_entropy": 7.786378383636475,
          "acoustic_entropy_side": 7.17225456237793,
          "hz": 464.6875360973435
        },
        {
          "acoustic_entropy": 7.062727928161621,
          "acoustic_entropy_side": 7.172255992889404,
          "hz": 567.8308811364784
        },
        {
          "acoustic_entropy": 8.1089506149292,
          "acoustic_entropy_side": 7.172264099121094,
          "hz": 680.1084783214808
        },
        {
          "acoustic_entropy": 7.2371978759765625,
          "acoustic_entropy_side": 7.172246932983398,
          "hz": 802.3292461747484
        },
        {
          "acoustic_entropy": 7.1878767013549805,
          "acoustic_entropy_side": 7.172249794006348,
          "hz": 935.3737400823702
        },
        {
          "acoustic_entropy": 7.164881706237793,
          "acoustic_entropy_side": 7.172253131866455,
          "hz": 1080.2004963696966
        },
        {
          "acoustic_entropy": 7.361312389373779,
          "acoustic_entropy_side": 7.172252178192139,
          "hz": 1237.8529382007157
        },
        {
          "acoustic_entropy": 7.307638168334961,
          "acoustic_entropy_side": 7.172253131866455,
          "hz": 1409.4668930556702
        },
        {
          "acoustic_entropy": 7.087778091430664,
          "acoustic_entropy_side": 7.172253131866455,
          "hz": 1596.2787759475705
        },
        {
          "acoustic_entropy": 7.226436138153076,
          "acoustic_entropy_side": 7.172253608703613,
          "hz": 1799.6344973346393
        },
        {
          "acoustic_entropy": 7.31264591217041,
          "acoustic_entropy_side": 7.1722540855407715,
          "hz": 2020.9991599069049
        },
        {
          "acoustic_entropy": 7.185311794281006,
          "acoustic_entropy_side": 7.1722540855407715,
          "hz": 2261.9676141086993
        },
        {
          "acoustic_entropy": 7.260476589202881,
          "acoustic_entropy_side": 7.1722540855407715,
          "hz": 2524.2759484456974
        },
        {
          "acoustic_entropy": 7.35654878616333,
          "acoustic_entropy_side": 7.1722540855407715,
          "hz": 2809.813997359896
        },
        {
          "acoustic_entropy": 7.233267307281494,
          "acoustic_entropy_side": 7.17225456237793,
          "hz": 3120.6389567871424
        },
        {
          "acoustic_entropy": 7.307140350341797,
          "acoustic_entropy_side": 7.17225456237793,
          "hz": 3458.990205492291
        },
        {
          "acoustic_entropy": 7.0989155769348145,
          "acoustic_entropy_side": 7.17225456237793,
          "hz": 3827.305438964164
        },
        {
          "acoustic_entropy": 7.131048202514648,
          "acoustic_entropy_side": 7.1722540855407715,
          "hz": 4228.238232109126
        },
        {
          "acoustic_entropy": 7.132349967956543,
          "acoustic_entropy_side": 7.17225456237793,
          "hz": 4664.6771572759235
        },
        {
          "acoustic_entropy": 6.911424160003662,
          "acoustic_entropy_side": 7.17225456237793,
          "hz": 5139.766595350093
        },
        {
          "acoustic_entropy": 7.136125564575195,
          "acoustic_entropy_side": 7.17225456237793,
          "hz": 5656.929389854203
        },
        {
          "acoustic_entropy": 7.284236431121826,
          "acoustic_entropy_side": 7.1722540855407715,
          "hz": 6219.891507268283
        },
        {
          "acoustic_entropy": 7.297567844390869,
          "acoustic_entropy_side": 7.1722540855407715,
          "hz": 6832.70888123896
        },
        {
          "acoustic_entropy": 7.286534786224365,
          "acoustic_entropy_side": 7.1722540855407715,
          "hz": 7499.796634079867
        },
        {
          "acoustic_entropy": 7.306510925292969,
          "acoustic_entropy_side": 7.1722540855407715,
          "hz": 8225.96088609342
        },
        {
          "acoustic_entropy": 7.349827289581299,
          "acoustic_entropy_side": 7.172253608703613,
          "hz": 9016.43338188839
        },
        {
          "acoustic_entropy": 7.375699043273926,
          "acoustic_entropy_side": 7.172253608703613,
          "hz": 9876.909183162974
        },
        {
          "acoustic_entropy": 7.367068767547607,
          "acoustic_entropy_side": 7.172253608703613,
          "hz": 10813.587699516042
        },
        {
          "acoustic_entropy": 7.317333221435547,
          "acoustic_entropy_side": 7.1722540855407715,
          "hz": 11833.21735289826
        },
        {
          "acoustic_entropy": 7.261446952819824,
          "acoustic_entropy_side": 7.1722540855407715,
          "hz": 12943.144197493959
        },
        {
          "acoustic_entropy": 7.198154926300049,
          "acoustic_entropy_side": 7.1722540855407715,
          "hz": 14151.364845322005
        },
        {
          "acoustic_entropy": 7.179378032684326,
          "acoustic_entropy_side": 7.1722540855407715,
          "hz": 15466.58407886509
        },
        {
          "acoustic_entropy": 7.174793720245361,
          "acoustic_entropy_side": 7.1722540855407715,
          "hz": 16898.27756580493
        },
        {
          "acoustic_entropy": 7.17316198348999,
          "acoustic_entropy_side": 7.1722540855407715,
          "hz": 18456.760127700032
        },
        {
          "acoustic_entropy": 7.172499179840088,
          "acoustic_entropy_side": 7.1722540855407715,
          "hz": 20153.260054456492
        },
        {
          "acoustic_entropy": 7.172280311584473,
          "acoustic_entropy_side": 7.1722540855407715,
          "hz": 22000.00000000001
        }
      ],
      "diff_acoustic_entropy": 7.707541465759277,
      "sn": 6
    },
    {
      "acoustic_entropy": 10.651378631591797,
      "acoustic_entropy_mono": 10.651514053344727,
      "band_eliminated_acoustic_entropies": [
        {
          "acoustic_entropy": 10.924580574035645,
          "acoustic_entropy_side": 10.65138053894043,
          "hz": 129.47220167065723
        },
        {
          "acoustic_entropy": 10.795039176940918,
          "acoustic_entropy_side": 10.651379585266113,
          "hz": 202.92927478742237
        },
        {
          "acoustic_entropy": 11.46688175201416,
          "acoustic_entropy_side": 10.651382446289062,
          "hz": 282.89161906338205
        },
        {
          "acoustic_entropy": 10.841835021972656,
          "acoustic_entropy_side": 10.651384353637695,
          "hz": 369.9353335868758
        },
        {
          "acoustic_entropy": 10.782109260559082,
          "acoustic_entropy_side": 10.65137767791748,
          "hz": 464.6875360973435
        },
        {
          "acoustic_entropy": 9.651268005371094,
          "acoustic_entropy_side": 10.651394844055176,
          "hz": 567.8308811364784
        },
        {
          "acoustic_entropy": 11.92916488647461,
          "acoustic_entropy_side": 10.651605606079102,
          "hz": 680.1084783214808
        },
        {
          "acoustic_entropy": 10.619461059570312,
          "acoustic_entropy_side": 10.65136432647705,
          "hz": 802.3292461747484
        },
        {
          "acoustic_entropy": 10.53744888305664,
          "acoustic_entropy_side": 10.65130615234375,
          "hz": 935.3737400823702
        },
        {
          "acoustic_entropy": 11.317818641662598,
          "acoustic_entropy_side": 10.651378631591797,
          "hz": 1080.2004963696966
        },
        {
          "acoustic_entropy": 10.621319770812988,
          "acoustic_entropy_side": 10.651365280151367,
          "hz": 1237.8529382007157
        },
        {
          "acoustic_entropy": 11.211801528930664,
          "acoustic_entropy_side": 10.65137004852295,
          "hz": 1409.4668930556702
        },
        {
          "acoustic_entropy": 10.734883308410645,
          "acoustic_entropy_side": 10.651384353637695,
          "hz": 1596.2787759475705
        },
        {
          "acoustic_entropy": 10.810548782348633,
          "acoustic_entropy_side": 10.651381492614746,
          "hz": 1799.6344973346393
        },
        {
          "acoustic_entropy": 10.404796600341797,
          "acoustic_entropy_side": 10.65138053894043,
          "hz": 2020.9991599069049
        },
        {
          "acoustic_entropy": 10.813469886779785,
          "acoustic_entropy_side": 10.651379585266113,
          "hz": 2261.9676141086993
        },
        {
          "acoustic_entropy": 10.931218147277832,
          "acoustic_entropy_side": 10.65138053894043,
          "hz": 2524.2759484456974
        },
        {
          "acoustic_entropy": 11.077853202819824,
          "acoustic_entropy_side": 10.65138053894043,
          "hz": 2809.813997359896
        },
        {
          "acoustic_entropy": 10.680023193359375,
          "acoustic_entropy_side": 10.651379585266113,
          "hz": 3120.6389567871424
        },
        {
          "acoustic_entropy": 10.716766357421875,
          "acoustic_entropy_side": 10.651378631591797,
          "hz": 3458.990205492291
        },
        {
          "acoustic_entropy": 10.671685218811035,
          "acoustic_entropy_side": 10.651379585266113,
          "hz": 3827.305438964164
        },
        {
          "acoustic_entropy": 10.727076530456543,
          "acoustic_entropy_side": 10.651378631591797,
          "hz": 4228.238232109126
        },
        {
          "acoustic_entropy": 10.779380798339844,
          "acoustic_entropy_side": 10.651378631591797,
          "hz": 4664.6771572759235
        },
        {
          "acoustic_entropy": 10.532362937927246,
          "acoustic_entropy_side": 10.651378631591797,
          "hz": 5139.766595350093
        },
        {
          "acoustic_entropy": 10.697911262512207,
          "acoustic_entropy_side": 10.651379585266113,
          "hz": 5656.929389854203
        },
        {
          "acoustic_entropy": 10.693367004394531,
          "acoustic_entropy_side": 10.651378631591797,
          "hz": 6219.891507268283
        },
        {
          "acoustic_entropy": 10.719478607177734,
          "acoustic_entropy_side": 10.651378631591797,
          "hz": 6832.70888123896
        },
        {
          "acoustic_entropy": 10.781124114990234,
          "acoustic_entropy_side": 10.651378631591797,
          "hz": 7499.796634079867
        },
        {
          "acoustic_entropy": 10.767099380493164,
          "acoustic_entropy_side": 10.651378631591797,
          "hz": 8225.96088609342
        },
        {
          "acoustic_entropy": 10.745176315307617,
          "acoustic_entropy_side": 10.651379585266113,
          "hz": 9016.43338188839
        },
        {
          "acoustic_entropy": 10.709908485412598,
          "acoustic_entropy_side": 10.651379585266113,
          "hz": 9876.909183162974
        },
        {
          "acoustic_entropy": 10.650424003601074,
          "acoustic_entropy_side": 10.651379585266113,
          "hz": 10813.587699516042
        },
        {
          "acoustic_entropy": 10.61621379852295,
          "acoustic_entropy_side": 10.651379585266113,
          "hz": 11833.21735289826
        },
        {
          "acoustic_entropy": 10.604965209960938,
          "acoustic_entropy_side": 10.651378631591797,
          "hz": 12943.144197493959
        },
        {
          "acoustic_entropy": 10.6289701461792,
          "acoustic_entropy_side": 10.651378631591797,
          "hz": 14151.364845322005
        },
        {
          "acoustic_entropy": 10.640851974487305,
          "acoustic_entropy_side": 10.651378631591797,
          "hz": 15466.58407886509
        },
        {
          "acoustic_entropy": 10.63888168334961,
          "acoustic_entropy_side": 10.651378631591797,
          "hz": 16898.27756580493
        },
        {
          "acoustic_entropy": 10.6419038772583,
          "acoustic_entropy_side": 10.651378631591797,
          "hz": 18456.760127700032
        },
        {
          "acoustic_entropy": 10.647428512573242,
          "acoustic_entropy_side": 10.651378631591797,
          "hz": 20153.260054456492
        },
        {
          "acoustic_entropy": 10.650789260864258,
          "acoustic_entropy_side": 10.651378631591797,
          "hz": 22000.00000000001
        }
      ],
      "diff_acoustic_entropy": 11.157354354858398,
      "sn": 12
    },
    {
      "acoustic_entropy": 15.240340232849121,
      "acoustic_entropy_mono": 15.203489303588867,
      "band_eliminated_acoustic_entropies": [
        {
          "acoustic_entropy": 14.999755859375,
          "acoustic_entropy_side": 15.24033260345459,
          "hz": 129.47220167065723
        },
        {
          "acoustic_entropy": 15.049782752990723,
          "acoustic_entropy_side": 15.240219116210938,
          "hz": 202.92927478742237
        },
        {
          "acoustic_entropy": 15.681180953979492,
          "acoustic_entropy_side": 15.24044418334961,
          "hz": 282.89161906338205
        },
        {
          "acoustic_entropy": 15.578887939453125,
          "acoustic_entropy_side": 15.240240097045898,
          "hz": 369.9353335868758
        },
        {
          "acoustic_entropy": 14.867425918579102,
          "acoustic_entropy_side": 15.239959716796875,
          "hz": 464.6875360973435
        },
        {
          "acoustic_entropy": 15.989032745361328,
          "acoustic_entropy_side": 15.240460395812988,
          "hz": 567.8308811364784
        },
        {
          "acoustic_entropy": 16.518978118896484,
          "acoustic_entropy_side": 15.221430778503418,
          "hz": 680.1084783214808
        },
        {
          "acoustic_entropy": 15.811473846435547,
          "acoustic_entropy_side": 15.236245155334473,
          "hz": 802.3292461747484
        },
        {
          "acoustic_entropy": 15.959559440612793,
          "acoustic_entropy_side": 15.231992721557617,
          "hz": 935.3737400823702
        },
        {
          "acoustic_entropy": 15.374090194702148,
          "acoustic_entropy_side": 15.240431785583496,
          "hz": 1080.2004963696966
        },
        {
          "acoustic_entropy": 15.632654190063477,
          "acoustic_entropy_side": 15.237446784973145,
          "hz": 1237.8529382007157
        },
        {
          "acoustic_entropy": 15.709495544433594,
          "acoustic_entropy_side": 15.239200592041016,
          "hz": 1409.4668930556702
        },
        {
          "acoustic_entropy": 15.524239540100098,
          "acoustic_entropy_side": 15.240736961364746,
          "hz": 1596.2787759475705
        },
        {
          "acoustic_entropy": 15.661127090454102,
          "acoustic_entropy_side": 15.240318298339844,
          "hz": 1799.6344973346393
        },
        {
          "acoustic_entropy": 15.322543144226074,
          "acoustic_entropy_side": 15.240304946899414,
          "hz": 2020.9991599069049
        },
        {
          "acoustic_entropy": 15.28226375579834,
          "acoustic_entropy_side": 15.240248680114746,
          "hz": 2261.9676141086993
        },
        {
          "acoustic_entropy": 15.670714378356934,
          "acoustic_entropy_side": 15.240263938903809,
          "hz": 2524.2759484456974
        },
        {
          "acoustic_entropy": 15.785087585449219,
          "acoustic_entropy_side": 15.240291595458984,
          "hz": 2809.813997359896
