{
  "acoustic_entropy": 216.24957275390625,
  "bands": [
    {
      "high_freq": 148.1999969482422,
      "loudness": -33.49681854248047,
      "loudness_range": 25.292911529541016,
      "mid_mean": -30.061294555664062,
      "mid_to_side_loudness": -22.16773796081543,
      "mid_to_side_loudness_range": 20.359718322753906,
      "side_mean": -53.85856246948242
    },
    {
      "high_freq": 392.3793640136719,
      "loudness": -29.73663902282715,
      "loudness_range": 14.713045120239258,
      "low_freq": 148.1999969482422,
      "mid_mean": -26.72805404663086,
      "mid_to_side_loudness": -9.550681114196777,
      "mid_to_side_loudness_range": 13.767199516296387,
      "side_mean": -36.55475997924805
    },
    {
      "high_freq": 794.6976318359375,
      "loudness": -29.093515396118164,
      "loudness_range": 18.06486701965332,
      "low_freq": 392.3793640136719,
      "mid_mean": -26.456005096435547,
      "mid_to_side_loudness": -7.89738655090332,
      "mid_to_side_loudness_range": 13.44603157043457,
      "side_mean": -34.39464569091797
    },
    {
      "high_freq": 1457.5709228515625,
      "loudness": -31.822843551635742,
      "loudness_range": 20.837284088134766,
      "low_freq": 794.6976318359375,
      "mid_mean": -29.234464645385742,
      "mid_to_side_loudness": -7.389244079589844,
      "mid_to_side_loudness_range": 13.443944931030273,
      "side_mean": -36.80792236328125
    },
    {
      "high_freq": 2549.74365234375,
      "loudness": -32.83662414550781,
      "loudness_range": 21.66583251953125,
      "low_freq": 1457.5709228515625,
      "mid_mean": -30.243009567260742,
      "mid_to_side_loudness": -7.044560432434082,
      "mid_to_side_loudness_range": 13.058648109436035,
      "side_mean": -37.459712982177734
    },
    {
      "high_freq": 4349.24462890625,
      "loudness": -33.95136260986328,
      "loudness_range": 22.026395797729492,
      "low_freq": 2549.74365234375,
      "mid_mean": -31.06491470336914,
      "mid_to_side_loudness": -9.87012767791748,
      "mid_to_side_loudness_range": 14.105117797851562,
      "side_mean": -41.152069091796875
    },
    {
      "high_freq": 7314.1640625,
      "loudness": -39.467063903808594,
      "loudness_range": 20.66690444946289,
      "low_freq": 4349.24462890625,
      "mid_mean": -36.36067199707031,
      "mid_to_side_loudness": -11.396041870117188,
      "mid_to_side_loudness_range": 17.000656127929688,
      "side_mean": -48.62567138671875
    },
    {
      "high_freq": 12199.2666015625,
      "loudness": -39.06382369995117,
      "loudness_range": 19.58961296081543,
      "low_freq": 7314.1640625,
      "mid_mean": -36.195621490478516,
      "mid_to_side_loudness": -9.2511568069458,
      "mid_to_side_loudness_range": 16.33108139038086,
      "side_mean": -46.3672981262207
    },
    {
      "loudness": -41.904109954833984,
      "loudness_range": 21.241313934326172,
      "low_freq": 12199.2666015625,
      "mid_mean": -39.30534362792969,
      "mid_to_side_loudness": -6.986793041229248,
      "mid_to_side_loudness_range": 13.540817260742188,
      "side_mean": -47.00834274291992
    }
  ],
  "bands_short": [
    {
      "high_freq": 148.1999969482422,
      "loudness": -40.417572021484375,
      "loudness_range": 31.74664878845215,
      "mid_mean": -37.072052001953125,
      "mid_to_side_loudness": -21.456501007080078,
      "mid_to_side_loudness_range": 24.461320877075195,
      "side_mean": -59.09456253051758
    },
    {
      "high_freq": 392.3793640136719,
      "loudness": -30.94223976135254,
      "loudness_range": 18.62856101989746,
      "low_freq": 148.1999969482422,
      "mid_mean": -27.969070434570312,
      "mid_to_side_loudness": -10.365803718566895,
      "mid_to_side_loudness_range": 17.319913864135742,
      "side_mean": -38.826290130615234
    },
    {
      "high_freq": 794.6976318359375,
      "loudness": -29.966781616210938,
      "loudness_range": 20.104516983032227,
      "low_freq": 392.3793640136719,
      "mid_mean": -27.534202575683594,
      "mid_to_side_loudness": -7.269440174102783,
      "mid_to_side_loudness_range": 15.958870887756348,
      "side_mean": -34.88063049316406
    },
    {
      "high_freq": 1457.5709228515625,
      "loudness": -32.31356430053711,
      "loudness_range": 24.527372360229492,
      "low_freq": 794.6976318359375,
      "mid_mean": -29.87267303466797,
      "mid_to_side_loudness": -7.421769142150879,
      "mid_to_side_loudness_range": 16.468399047851562,
      "side_mean": -37.536869049072266
    },
    {
      "high_freq": 2549.74365234375,
      "loudness": -34.21650314331055,
      "loudness_range": 25.47088623046875,
      "low_freq": 1457.5709228515625,
      "mid_mean": -31.864391326904297,
      "mid_to_side_loudness": -6.848166465759277,
      "mid_to_side_loudness_range": 15.682586669921875,
      "side_mean": -38.894989013671875
    },
    {
      "high_freq": 4349.24462890625,
      "loudness": -35.192359924316406,
      "loudness_range": 25.492605209350586,
      "low_freq": 2549.74365234375,
      "mid_mean": -32.46495819091797,
      "mid_to_side_loudness": -8.958510398864746,
      "mid_to_side_loudness_range": 16.469371795654297,
      "side_mean": -41.907501220703125
    },
    {
      "high_freq": 7314.1640625,
      "loudness": -42.35566711425781,
      "loudness_range": 27.55441665649414,
      "low_freq": 4349.24462890625,
      "mid_mean": -39.53219985961914,
      "mid_to_side_loudness": -10.330206871032715,
      "mid_to_side_loudness_range": 18.430253982543945,
      "side_mean": -51.70833206176758
    },
    {
      "high_freq": 12199.2666015625,
      "loudness": -43.779903411865234,
      "loudness_range": 30.130901336669922,
      "low_freq": 7314.1640625,
      "mid_mean": -40.93488311767578,
      "mid_to_side_loudness": -9.461920738220215,
      "mid_to_side_loudness_range": 17.448509216308594,
      "side_mean": -52.40302276611328
    },
    {
      "loudness": -49.36143112182617,
      "loudness_range": 30.333114624023438,
      "low_freq": 12199.2666015625,
      "mid_mean": -46.76506423950195,
      "mid_to_side_loudness": -6.634247779846191,
      "mid_to_side_loudness_range": 13.245349884033203,
      "side_mean": -54.40414047241211
    }
  ],
  "bandwidth": 726.6500244140625,
  "channels": 2,
  "covariance": [
    [
      77.62275695800781,
      37.403839111328125,
      30.078794479370117,
      12.572676658630371,
      23.43541717529297,
      18.42421531677246,
      24.644351959228516,
      24.390565872192383,
      22.515653610229492,
      21.661638259887695,
      29.804344177246094,
      25.537446975708008,
      34.71612548828125,
      29.000009536743164,
      27.44852638244629,
      23.870277404785156,
      25.69318962097168,
      18.20406150817871
    ],
    [
      37.403839111328125,
      45.6937370300293,
      20.863080978393555,
      14.806105613708496,
      19.35320472717285,
      17.204303741455078,
      18.575462341308594,
      20.142690658569336,
      18.38619041442871,
      20.270809173583984,
      23.734285354614258,
      24.680267333984375,
      25.07659339904785,
      29.84543228149414,
      19.20085334777832,
      22.013648986816406,
      18.84941864013672,
      17.044843673706055
    ],
    [
      30.078794479370117,
      20.863080978393555,
      37.0004997253418,
      19.58523941040039,
      29.375431060791016,
      21.37148666381836,
      22.66861343383789,
      22.438783645629883,
      26.399005889892578,
      21.378660202026367,
      32.0536994934082,
      24.964744567871094,
      30.506784439086914,
      26.633596420288086,
      25.73194122314453,
      25.476511001586914,
      26.496862411499023,
      21.680620193481445
    ],
    [
      12.572676658630371,
      14.806105613708496,
      19.58523941040039,
      28.459392547607422,
      20.149723052978516,
      19.572277069091797,
      18.80941390991211,
      21.6205997467041,
      21.041053771972656,
      21.97174072265625,
      22.73076820373535,
      23.153432846069336,
      19.306222915649414,
      23.84762954711914,
      17.696212768554688,
      22.834774017333984,
      21.40877342224121,
      19.996742248535156
    ],
    [
      23.43541717529297,
      19.35320472717285,
      29.375431060791016,
      20.149723052978516,
      50.969566345214844,
      32.155006408691406,
      36.98422622680664,
      32.64483642578125,
      37.91324996948242,
      31.854869842529297,
      42.33544921875,
      37.24458312988281,
      32.54726028442383,
      32.71291732788086,
      29.33245086669922,
      27.903135299682617,
      26.609664916992188,
      21.902528762817383
    ],
    [
      18.42421531677246,
      17.204303741455078,
      21.37148666381836,
      19.572277069091797,
      32.155006408691406,
      35.982337951660156,
      32.51485061645508,
      35.876739501953125,
      32.21766662597656,
      35.57362747192383,
      32.217262268066406,
      37.47311782836914,
      25.161632537841797,
      31.948883056640625,
      22.43121337890625,
      24.97465705871582,
      19.896257400512695,
      18.370512008666992
    ],
    [
      24.644351959228516,
      18.575462341308594,
      22.66861343383789,
      18.80941390991211,
      36.98422622680664,
      32.51485061645508,
      61.17207717895508,
      45.0364990234375,
      41.58578109741211,
      40.88349914550781,
      42.685794830322266,
      43.66848373413086,
      32.883541107177734,
      35.465057373046875,
      27.053998947143555,
      26.715547561645508,
      22.15835189819336,
      20.868356704711914
    ],
    [
      24.390565872192383,
      20.142690658569336,
      22.438783645629883,
      21.6205997467041,
      32.64483642578125,
      35.876739501953125,
      45.0364990234375,
      56.06879806518555,
      41.28660583496094,
      49.41572952270508,
      38.559444427490234,
      47.50861740112305,
      31.0173397064209,
      39.11737823486328,
      26.740964889526367,
      30.56639862060547,
      24.57645034790039,
      24.134868621826172
    ],
    [
      22.515653610229492,
      18.38619041442871,
      26.399005889892578,
      21.041053771972656,
      37.91324996948242,
      32.21766662597656,
      41.58578109741211,
      41.28660583496094,
      60.82815933227539,
      47.92216110229492,
      56.08583068847656,
      52.385257720947266,
      35.828975677490234,
      39.68467330932617,
      29.717620849609375,
      29.622982025146484,
      24.901384353637695,
      21.891279220581055
    ],
    [
      21.661638259887695,
      20.270809173583984,
      21.378660202026367,
      21.97174072265625,
      31.854869842529297,
      35.57362747192383,
      40.88349914550781,
      49.41572952270508,
      47.92216110229492,
      57.979488372802734,
      42.824745178222656,
      55.94221115112305,
      30.205780029296875,
      42.847190856933594,
      24.303638458251953,
      29.43069839477539,
      20.631738662719727,
      20.672527313232422
    ],
    [
      29.804344177246094,
      23.734285354614258,
      32.0536994934082,
      22.73076820373535,
      42.33544921875,
      32.217262268066406,
      42.685794830322266,
      38.559444427490234,
      56.08583068847656,
      42.824745178222656,
      67.23912811279297,
      55.79948806762695,
      48.23276901245117,
      45.757450103759766,
      39.808265686035156,
      35.9974365234375,
      31.755733489990234,
      25.51198959350586
    ],
    [
      25.537446975708008,
      24.680267333984375,
      24.964744567871094,
      23.153432846069336,
      37.24458312988281,
      37.47311782836914,
      43.66848373413086,
      47.50861740112305,
      52.385257720947266,
      55.94221115112305,
      55.79948806762695,
      69.64736938476562,
      38.76549530029297,
      53.38557434082031,
      32.25612258911133,
      37.288326263427734,
      24.71987533569336,
      24.05933380126953
    ],
    [
      34.71612548828125,
      25.07659339904785,
      30.506784439086914,
      19.306222915649414,
      32.54726028442383,
      25.161632537841797,
      32.883541107177734,
      31.0173397064209,
      35.828975677490234,
      30.205780029296875,
      48.23276901245117,
      38.76549530029297,
      57.31955337524414,
      39.637630462646484,
      45.736324310302734,
      33.158206939697266,
      36.43937301635742,
      23.824817657470703
    ],
    [
      29.000009536743164,
      29.84543228149414,
      26.633596420288086,
      23.84762954711914,
      32.71291732788086,
      31.948883056640625,
      35.465057373046875,
      39.11737823486328,
      39.68467330932617,
      42.847190856933594,
      45.757450103759766,
      53.38557434082031,
      39.637630462646484,
      61.801246643066406,
      36.40085983276367,
      53.99365234375,
      35.13552474975586,
      43.85269546508789
    ],
    [
      27.44852638244629,
      19.20085334777832,
      25.73194122314453,
      17.696212768554688,
      29.33245086669922,
      22.43121337890625,
      27.053998947143555,
      26.740964889526367,
      29.717620849609375,
      24.303638458251953,
      39.808265686035156,
      32.25612258911133,
      45.736324310302734,
      36.40085983276367,
      50.34553909301758,
      41.67140197753906,
      44.66136932373047,
      36.12336349487305
    ],
    [
      23.870277404785156,
      22.013648986816406,
      25.476511001586914,
      22.834774017333984,
      27.903135299682617,
      24.97465705871582,
      26.715547561645508,
      30.56639862060547,
      29.622982025146484,
      29.43069839477539,
      35.9974365234375,
      37.288326263427734,
      33.158206939697266,
      53.99365234375,
      41.67140197753906,
      79.63680267333984,
      52.16053771972656,
      77.00115203857422
    ],
    [
      25.69318962097168,
      18.84941864013672,
      26.496862411499023,
      21.40877342224121,
      26.609664916992188,
      19.896257400512695,
      22.15835189819336,
      24.57645034790039,
      24.901384353637695,
      20.631738662719727,
      31.755733489990234,
      24.71987533569336,
      36.43937301635742,
      35.13552474975586,
      44.66136932373047,
      52.16053771972656,
      60.356929779052734,
      55.37110900878906
    ],
    [
      18.20406150817871,
      17.044843673706055,
      21.680620193481445,
      19.996742248535156,
      21.902528762817383,
      18.370512008666992,
      20.868356704711914,
      24.134868621826172,
      21.891279220581055,
      20.672527313232422,
      25.51198959350586,
      24.05933380126953,
      23.824817657470703,
      43.85269546508789,
      36.12336349487305,
      77.00115203857422,
      55.37110900878906,
      91.31884002685547
    ]
  ],
  "covariance_short": [
    [
      119.12447357177734,
      56.1351318359375,
      47.218658447265625,
      26.820913314819336,
      30.785743713378906,
      23.993104934692383,
      34.611854553222656,
      31.423446655273438,
      34.71759796142578,
      31.69168472290039,
      40.956172943115234,
      34.97797393798828,
      44.674983978271484,
      41.188594818115234,
      44.412445068359375,
      39.48566436767578,
      43.949100494384766,
      35.27638244628906
    ],
    [
      56.1351318359375,
      49.820159912109375,
      27.280208587646484,
      18.96395492553711,
      17.52542495727539,
      14.898211479187012,
      17.056682586669922,
      17.572418212890625,
      18.93963050842285,
      19.181293487548828,
      23.660154342651367,
      22.03215789794922,
      28.4694766998291,
      34.59054946899414,
      27.06919288635254,
      30.598682403564453,
      30.191181182861328,
      25.987524032592773
    ],
    [
      47.218658447265625,
      27.280208587646484,
      52.86981201171875,
      26.242477416992188,
      34.929134368896484,
      23.114286422729492,
      28.37364959716797,
      26.01824188232422,
      33.04210662841797,
      24.97382164001465,
      37.4954948425293,
      27.477813720703125,
      39.65933609008789,
      33.53474426269531,
      41.86589813232422,
      35.883140563964844,
      39.483299255371094,
      30.55518341064453
    ],
    [
      26.820913314819336,
      18.96395492553711,
      26.242477416992188,
      40.37110900878906,
      23.02361297607422,
      22.558774948120117,
      23.34813117980957,
      26.076290130615234,
      24.691577911376953,
      24.90599822998047,
      24.777170181274414,
      24.896862030029297,
      26.18544578552246,
      28.885814666748047,
      27.937965393066406,
      30.069908142089844,
      30.571331024169922,
      26.093185424804688
    ],
    [
      30.785743713378906,
      17.52542495727539,
      34.929134368896484,
      23.02361297607422,
      60.297367095947266,
      32.46174240112305,
      42.0296516418457,
      35.95977020263672,
      46.169551849365234,
      37.07783889770508,
      50.80731201171875,
      41.2513542175293,
      43.748138427734375,
      37.53593063354492,
      45.040096282958984,
      33.27806091308594,
      36.268272399902344,
      24.07985496520996
    ],
    [
      23.993104934692383,
      14.898211479187012,
      23.114286422729492,
      22.558774948120117,
      32.46174240112305,
      39.780269622802734,
      34.23505401611328,
      39.279781341552734,
      36.159141540527344,
      39.757476806640625,
      35.419185638427734,
      39.864349365234375,
      31.348966598510742,
      34.459022521972656,
      28.67762565612793,
      27.90372085571289,
      27.32769775390625,
      20.52764892578125
    ],
    [
      34.611854553222656,
      17.056682586669922,
      28.37364959716797,
      23.34813117980957,
      42.0296516418457,
      34.23505401611328,
      78.40533447265625,
      55.427974700927734,
      50.2596321105957,
      48.883506774902344,
      50.04056167602539,
      46.81148147583008,
      46.5734977722168,
      42.30215835571289,
      40.78895950317383,
      32.01244354248047,
      34.626487731933594,
      23.654855728149414
    ],
    [
      31.423446655273438,
      17.572418212890625,
      26.01824188232422,
      26.076290130615234,
      35.95977020263672,
      39.279781341552734,
      55.427974700927734,
      69.98194122314453,
      50.59608840942383,
      60.55508804321289,
      45.1193733215332,
      53.45825958251953,
      42.368045806884766,
      47.44436264038086,
      36.660552978515625,
      36.80711364746094,
      35.87403106689453,
      28.283897399902344
    ],
    [
      34.71759796142578,
      18.93963050842285,
      33.04210662841797,
      24.691577911376953,
      46.169551849365234,
      36.159141540527344,
      50.2596321105957,
      50.59608840942383,
      79.8163070678711,
      60.13523864746094,
      68.70722961425781,
      59.36156463623047,
      52.276222229003906,
      48.9005012512207,
      47.97956085205078,
      38.02263259887695,
      37.60809326171875,
      27.634607315063477
    ],
    [
      31.69168472290039,
      19.181293487548828,
      24.97382164001465,
      24.90599822998047,
      37.07783889770508,
      39.757476806640625,
      48.883506774902344,
      60.55508804321289,
      60.13523864746094,
      75.74748992919922,
      51.72193908691406,
      66.45933532714844,
      43.87567138671875,
      54.3952522277832,
      37.54738998413086,
      38.530128479003906,
      33.57422637939453,
      26.434017181396484
    ],
    [
      40.956172943115234,
      23.660154342651367,
      37.4954948425293,
      24.777170181274414,
      50.80731201171875,
      35.419185638427734,
      50.04056167602539,
      45.1193733215332,
      68.70722961425781,
      51.72193908691406,
      85.71826171875,
      62.070648193359375,
      69.4814682006836,
      52.606204986572266,
      64.71125793457031,
      42.049583435058594,
      48.25135803222656,
      29.39849853515625
    ],
    [
      34.97797393798828,
      22.03215789794922,
      27.477813720703125,
      24.896862030029297,
      41.2513542175293,
      39.864349365234375,
      46.81148147583008,
      53.45825958251953,
      59.36156463623047,
      66.45933532714844,
      62.070648193359375,
      78.47209167480469,
      50.63510513305664,
      62.543025970458984,
      46.44470977783203,
      43.88154983520508,
      36.844844818115234,
      27.13125228881836
    ],
    [
      44.674983978271484,
      28.4694766998291,
      39.65933609008789,
      26.18544578552246,
      43.748138427734375,
      31.348966598510742,
      46.5734977722168,
      42.368045806884766,
      52.276222229003906,
      43.87567138671875,
      69.4814682006836,
      50.63510513305664,
      91.15843963623047,
      55.37691879272461,
      83.80331420898438,
      50.94805908203125,
      70.6607894897461,
      40.58915710449219
    ],
    [
      41.188594818115234,
      34.59054946899414,
      33.53474426269531,
      28.885814666748047,
      37.53593063354492,
      34.459022521972656,
      42.30215835571289,
      47.44436264038086,
      48.9005012512207,
      54.3952522277832,
      52.606204986572266,
      62.543025970458984,
      55.37691879272461,
      90.28311157226562,
      57.51721954345703,
      80.38519287109375,
      59.50393295288086,
      62.91128921508789
    ],
    [
      44.412445068359375,
      27.06919288635254,
      41.86589813232422,
      27.937965393066406,
      45.040096282958984,
      28.67762565612793,
      40.78895950317383,
      36.660552978515625,
      47.97956085205078,
      37.54738998413086,
      64.71125793457031,
      46.44470977783203,
      83.80331420898438,
      57.51721954345703,
      105.98080444335938,
      70.07666778564453,
      92.03776550292969,
      62.41792297363281
    ],
    [
      39.48566436767578,
      30.598682403564453,
      35.883140563964844,
      30.069908142089844,
      33.27806091308594,
      27.90372085571289,
      32.01244354248047,
      36.80711364746094,
      38.02263259887695,
      38.530128479003906,
      42.049583435058594,
      43.88154983520508,
      50.94805908203125,
      80.38519287109375,
      70.07666778564453,
      108.29659271240234,
      83.3209228515625,
      98.92404174804688
    ],
    [
      43.949100494384766,
      30.191181182861328,
      39.483299255371094,
      30.571331024169922,
      36.268272399902344,
      27.32769775390625,
      34.626487731933594,
      35.87403106689453,
      37.60809326171875,
      33.57422637939453,
      48.25135803222656,
      36.844844818115234,
      70.6607894897461,
      59.50393295288086,
      92.03776550292969,
      83.3209228515625,
      111.12056732177734,
      87.2104263305664
    ],
    [
      35.27638244628906,
      25.987524032592773,
      30.55518341064453,
      26.093185424804688,
      24.07985496520996,
      20.52764892578125,
      23.654855728149414,
      28.283897399902344,
      27.634607315063477,
      26.434017181396484,
      29.39849853515625,
      27.13125228881836,
      40.58915710449219,
      62.91128921508789,
      62.41792297363281,
      98.92404174804688,
      87.2104263305664,
      110.72836303710938
    ]
  ],
  "damage": -12.942523002624512,
  "diff_bandwidth": 689.8806762695312,
  "dissonance": 9.280660726924083,
  "drr": 15.062012672424316,
  "dynamics": 4.573581218719482,
  "format": 1245190,
  "frames": 7503808,
  "loudness": -17.58392906188965,
  "loudness_range": 13.84592342376709,
  "loudness_range_short": 18.182491302490234,
  "lowpass_true_peak_15khz": 0.24575763940811157,
  "mastering3_acoustic_entropies": [
    {
      "acoustic_entropy": 8.44861125946045,
      "acoustic_entropy_mono": 7.7380475997924805,
      "band_eliminated_acoustic_entropies": [
        {
          "acoustic_entropy": 8.176334381103516,
          "acoustic_entropy_side": 8.448620796203613,
          "hz": 129.47220167065723
        },
        {
          "acoustic_entropy": 7.999342441558838,
          "acoustic_entropy_side": 8.448690414428711,
          "hz": 202.92927478742237
        },
        {
          "acoustic_entropy": 8.53731632232666,
          "acoustic_entropy_side": 8.452879905700684,
          "hz": 282.89161906338205
        },
        {
          "acoustic_entropy": 8.738964080810547,
          "acoustic_entropy_side": 8.46268367767334,
          "hz": 369.9353335868758
        },
        {
          "acoustic_entropy": 8.75777816772461,
          "acoustic_entropy_side": 8.494582176208496,
          "hz": 464.6875360973435
        },
        {
          "acoustic_entropy": 7.735904216766357,
          "acoustic_entropy_side": 8.462860107421875,
          "hz": 567.8308811364784
        },
        {
          "acoustic_entropy": 8.31063461303711,
          "acoustic_entropy_side": 8.455303192138672,
          "hz": 680.1084783214808
        },
        {
          "acoustic_entropy": 8.301192283630371,
          "acoustic_entropy_side": 8.505074501037598,
          "hz": 802.3292461747484
        },
        {
          "acoustic_entropy": 7.93613338470459,
          "acoustic_entropy_side": 8.57652473449707,
          "hz": 935.3737400823702
        },
        {
          "acoustic_entropy": 8.209299087524414,
          "acoustic_entropy_side": 8.502678871154785,
          "hz": 1080.2004963696966
        },
        {
          "acoustic_entropy": 7.960908889770508,
          "acoustic_entropy_side": 8.304953575134277,
          "hz": 1237.8529382007157
        },
        {
          "acoustic_entropy": 8.15205192565918,
          "acoustic_entropy_side": 8.468470573425293,
          "hz": 1409.4668930556702
        },
        {
          "acoustic_entropy": 7.933024883270264,
          "acoustic_entropy_side": 8.547165870666504,
          "hz": 1596.2787759475705
        },
        {
          "acoustic_entropy": 8.631887435913086,
          "acoustic_entropy_side": 8.50350284576416,
          "hz": 1799.6344973346393
        },
        {
          "acoustic_entropy": 8.088476181030273,
          "acoustic_entropy_side": 8.373334884643555,
          "hz": 2020.9991599069049
        },
        {
          "acoustic_entropy": 8.437272071838379,
          "acoustic_entropy_side": 8.425174713134766,
          "hz": 2261.9676141086993
        },
        {
          "acoustic_entropy": 8.362277030944824,
          "acoustic_entropy_side": 8.432527542114258,
          "hz": 2524.2759484456974
        },
        {
          "acoustic_entropy": 8.495725631713867,
          "acoustic_entropy_side": 8.445882797241211,
          "hz": 2809.813997359896
        },
        {
          "acoustic_entropy": 8.50871753692627,
          "acoustic_entropy_side": 8.52008056640625,
          "hz": 3120.6389567871424
        },
        {
          "acoustic_entropy": 8.421408653259277,
          "acoustic_entropy_side": 8.521702766418457,
          "hz": 3458.990205492291
        },
        {
          "acoustic_entropy": 8.488729476928711,
          "acoustic_entropy_side": 8.522801399230957,
          "hz": 3827.305438964164
        },
        {
          "acoustic_entropy": 8.514335632324219,
          "acoustic_entropy_side": 8.512145042419434,
          "hz": 4228.238232109126
        },
        {
          "acoustic_entropy": 8.584768295288086,
          "acoustic_entropy_side": 8.52385139465332,
          "hz": 4664.6771572759235
        },
        {
          "acoustic_entropy": 8.497953414916992,
          "acoustic_entropy_side": 8.513752937316895,
          "hz": 5139.766595350093
        },
        {
          "acoustic_entropy": 8.434505462646484,
          "acoustic_entropy_side": 8.4850492477417,
          "hz": 5656.929389854203
        },
        {
          "acoustic_entropy": 8.415908813476562,
          "acoustic_entropy_side": 8.467928886413574,
          "hz": 6219.891507268283
        },
        {
          "acoustic_entropy": 8.552871704101562,
          "acoustic_entropy_side": 8.458271980285645,
          "hz": 6832.70888123896
        },
        {
          "acoustic_entropy": 8.525602340698242,
          "acoustic_entropy_side": 8.445412635803223,
          "hz": 7499.796634079867
        },
        {
          "acoustic_entropy": 8.519774436950684,
          "acoustic_entropy_side": 8.444158554077148,
          "hz": 8225.96088609342
        },
        {
          "acoustic_entropy": 8.413825035095215,
          "acoustic_entropy_side": 8.445186614990234,
          "hz": 9016.43338188839
        },
        {
          "acoustic_entropy": 8.448254585266113,
          "acoustic_entropy_side": 8.442255973815918,
          "hz": 9876.909183162974
        },
        {
          "acoustic_entropy": 8.397634506225586,
          "acoustic_entropy_side": 8.426141738891602,
          "hz": 10813.587699516042
        },
        {
          "acoustic_entropy": 8.424431800842285,
          "acoustic_entropy_side": 8.414629936218262,
          "hz": 11833.21735289826
        },
        {
          "acoustic_entropy": 8.445823669433594,
          "acoustic_entropy_side": 8.413262367248535,
          "hz": 12943.144197493959
        },
        {
          "acoustic_entropy": 8.40172290802002,
          "acoustic_entropy_side": 8.413484573364258,
          "hz": 14151.364845322005
        },
        {
          "acoustic_entropy": 8.37121868133545,
          "acoustic_entropy_side": 8.414971351623535,
          "hz": 15466.58407886509
        },
        {
          "acoustic_entropy": 8.44990062713623,
          "acoustic_entropy_side": 8.42740249633789,
          "hz": 16898.27756580493
        },
        {
          "acoustic_entropy": 8.53096866607666,
          "acoustic_entropy_side": 8.441353797912598,
          "hz": 18456.760127700032
        },
        {
          "acoustic_entropy": 8.5600004196167,
          "acoustic_entropy_side": 8.447548866271973,
          "hz": 20153.260054456492
        },
        {
          "acoustic_entropy": 8.494300842285156,
          "acoustic_entropy_side": 8.44861125946045,
          "hz": 22000.00000000001
        }
      ],
      "diff_acoustic_entropy": 6.837876319885254,
      "sn": 6
    },
    {
      "acoustic_entropy": 13.859185218811035,
      "acoustic_entropy_mono": 12.623178482055664,
      "band_eliminated_acoustic_entropies": [
        {
          "acoustic_entropy": 13.335599899291992,
          "acoustic_entropy_side": 13.8592529296875,
          "hz": 129.47220167065723
        },
        {
          "acoustic_entropy": 14.177962303161621,
          "acoustic_entropy_side": 13.858404159545898,
          "hz": 202.92927478742237
        },
        {
          "acoustic_entropy": 14.029600143432617,
          "acoustic_entropy_side": 13.890776634216309,
          "hz": 282.89161906338205
        },
        {
          "acoustic_entropy": 14.283782958984375,
          "acoustic_entropy_side": 13.892075538635254,
          "hz": 369.9353335868758
        },
        {
          "acoustic_entropy": 14.065225601196289,
          "acoustic_entropy_side": 13.903070449829102,
          "hz": 464.6875360973435
        },
        {
          "acoustic_entropy": 13.181966781616211,
          "acoustic_entropy_side": 13.884257316589355,
          "hz": 567.8308811364784
        },
        {
          "acoustic_entropy": 13.041448593139648,
          "acoustic_entropy_side": 13.292244911193848,
          "hz": 680.1084783214808
        },
        {
          "acoustic_entropy": 13.3966064453125,
          "acoustic_entropy_side": 14.132213592529297,
          "hz": 802.3292461747484
        },
        {
          "acoustic_entropy": 13.338489532470703,
          "acoustic_entropy_side": 13.746162414550781,
          "hz": 935.3737400823702
        },
        {
          "acoustic_entropy": 13.804410934448242,
          "acoustic_entropy_side": 13.99986743927002,
          "hz": 1080.2004963696966
        },
        {
          "acoustic_entropy": 13.384568214416504,
          "acoustic_entropy_side": 13.502227783203125,
          "hz": 1237.8529382007157
        },
        {
          "acoustic_entropy": 13.107633590698242,
          "acoustic_entropy_side": 13.51913833618164,
          "hz": 1409.4668930556702
        },
        {
          "acoustic_entropy": 13.442554473876953,
          "acoustic_entropy_side": 13.92851448059082,
          "hz": 1596.2787759475705
        },
        {
          "acoustic_entropy": 13.627836227416992,
          "acoustic_entropy_side": 13.66604232788086,
          "hz": 1799.6344973346393
        },
        {
          "acoustic_entropy": 12.735586166381836,
          "acoustic_entropy_side": 13.24341106414795,
          "hz": 2020.9991599069049
        },
        {
          "acoustic_entropy": 13.667622566223145,
          "acoustic_entropy_side": 13.686383247375488,
          "hz": 2261.9676141086993
        },
        {
          "acoustic_entropy": 13.844269752502441,
          "acoustic_entropy_side": 13.726216316223145,
          "hz": 2524.2759484456974
        },
        {
          "acoustic_entropy": 13.52507209777832,
          "acoustic_entropy_side": 13.723855018615723,
          "hz": 2809.813997359896
        },
        {
          "acoustic_entropy": 13.635663032531738,
          "acoustic_entropy_side": 13.755066871643066,
          "hz": 3120.6389567871424
        },
        {
          "acoustic_entropy": 13.63661003112793,
          "acoustic_entropy_side": 13.765275955200195,
          "hz": 3458.990205492291
        },
        {
          "acoustic_entropy": 13.645037651062012,
          "acoustic_entropy_side": 13.763272285461426,
          "hz": 3827.305438964164
        },
        {
          "acoustic_entropy": 13.50041675567627,
          "acoustic_entropy_side": 13.859457969665527,
          "hz": 4228.238232109126
        },
        {
          "acoustic_entropy": 13.88089370727539,
          "acoustic_entropy_side": 13.895723342895508,
          "hz": 4664.6771572759235
        },
        {
          "acoustic_entropy": 13.95460033416748,
          "acoustic_entropy_side": 13.969367027282715,
          "hz": 5139.766595350093
        },
        {
          "acoustic_entropy": 13.90706729888916,
          "acoustic_entropy_side": 13.962122917175293,
          "hz": 5656.929389854203
        },
        {
          "acoustic_entropy": 13.890146255493164,
          "acoustic_entropy_side": 13.941215515136719,
          "hz": 6219.891507268283
        },
        {
          "acoustic_entropy": 13.917764663696289,
          "acoustic_entropy_side": 13.912016868591309,
          "hz": 6832.70888123896
        },
        {
          "acoustic_entropy": 13.930617332458496,
          "acoustic_entropy_side": 13.884678840637207,
          "hz": 7499.796634079867
        },
        {
          "acoustic_entropy": 13.804642677307129,
          "acoustic_entropy_side": 13.87572193145752,
          "hz": 8225.96088609342
        },
        {
          "acoustic_entropy": 13.761347770690918,
          "acoustic_entropy_side": 13.882885932922363,
          "hz": 9016.43338188839
        },
        {
          "acoustic_entropy": 13.87814712524414,
          "acoustic_entropy_side": 13.878968238830566,
          "hz": 9876.909183162974
        },
        {
          "acoustic_entropy": 13.856826782226562,
          "acoustic_entropy_side": 13.87114143371582,
          "hz": 10813.587699516042
        },
        {
          "acoustic_entropy": 13.782392501831055,
          "acoustic_entropy_side": 13.837447166442871,
          "hz": 11833.21735289826
        },
        {
          "acoustic_entropy": 13.73049545288086,
          "acoustic_entropy_side": 13.815898895263672,
          "hz": 12943.144197493959
        },
        {
          "acoustic_entropy": 13.678607940673828,
          "acoustic_entropy_side": 13.776723861694336,
          "hz": 14151.364845322005
        },
        {
          "acoustic_entropy": 13.661526679992676,
          "acoustic_entropy_side": 13.767723083496094,
          "hz": 15466.58407886509
        },
        {
          "acoustic_entropy": 13.763453483581543,
          "acoustic_entropy_side": 13.85970687866211,
          "hz": 16898.27756580493
        },
        {
          "acoustic_entropy": 13.536332130432129,
          "acoustic_entropy_side": 13.868673324584961,
          "hz": 18456.760127700032
        },
        {
          "acoustic_entropy": 13.071978569030762,
          "acoustic_entropy_side": 13.8634033203125,
          "hz": 20153.260054456492
        },
        {
          "acoustic_entropy": 13.750248908996582,
          "acoustic_entropy_side": 13.859786033630371,
          "hz": 22000.00000000001
        }
      ],
      "diff_acoustic_entropy": 12.002664566040039,
      "sn": 12
    },
    {
      "acoustic_entropy": 22.515811920166016,
      "acoustic_entropy_mono": 17.654386520385742,
      "band_eliminated_acoustic_entropies": [
        {
          "acoustic_entropy": 21.44867515563965,
          "acoustic_entropy_side": 22.521636962890625,
          "hz": 129.47220167065723
        },
        {
          "acoustic_entropy": 22.41506004333496,
          "acoustic_entropy_side": 22.47328758239746,
          "hz": 202.92927478742237
        },
        {
          "acoustic_entropy": 23.223604202270508,
          "acoustic_entropy_side": 22.874290466308594,
          "hz": 282.89161906338205
        },
        {
          "acoustic_entropy": 22.354595184326172,
          "acoustic_entropy_side": 22.345781326293945,
          "hz": 369.9353335868758
        },
        {
          "acoustic_entropy": 22.25754737854004,
          "acoustic_entropy_side": 22.523569107055664,
          "hz": 464.6875360973435
        },
        {
          "acoustic_entropy": 22.315181732177734,
          "acoustic_entropy_side": 23.02029800415039,
          "hz": 567.8308811364784
        },
        {
          "acoustic_entropy": 22.576250076293945,
          "acoustic_entropy_side": 22.649242401123047,
          "hz": 680.1084783214808
        },
        {
          "acoustic_entropy": 21.961870193481445,
          "acoustic_entropy_side": 22.625661849975586,
          "hz": 802.3292461747484
        },
        {
          "acoustic_entropy": 22.29046630859375,
          "acoustic_entropy_side": 22.416353225708008,
          "hz": 935.3737400823702
        },
        {
          "acoustic_entropy": 22.435800552368164,
          "acoustic_entropy_side": 22.581993103027344,
          "hz": 1080.2004963696966
        },
        {
          "acoustic_entropy": 22.550596237182617,
          "acoustic_entropy_side": 22.95676040649414,
          "hz": 1237.8529382007157
        },
        {
          "acoustic_entropy": 22.21748924255371,
          "acoustic_entropy_side": 22.73360252380371,
          "hz": 1409.4668930556702
        },
        {
          "acoustic_entropy": 22.566810607910156,
          "acoustic_entropy_side": 22.698902130126953,
          "hz": 1596.2787759475705
        },
        {
          "acoustic_entropy": 22.581836700439453,
          "acoustic_entropy_side": 22.491451263427734,
          "hz": 1799.6344973346393
        },
        {
          "acoustic_entropy": 22.726675033569336,
          "acoustic_entropy_side": 22.77724838256836,
          "hz": 2020.9991599069049
        },
        {
          "acoustic_entropy": 22.54817008972168,
          "acoustic_entropy_side": 22.385419845581055,
          "hz": 2261.9676141086993
        },
        {
          "acoustic_entropy": 22.45877456665039,
          "acoustic_entropy_side": 22.405582427978516,
          "hz": 2524.2759484456974
        },
        {
          "acoustic_entropy": 22.245229721069336,
          "acoustic_entropy_side": 22.4339542388916,
          "hz": 2809.813997359896
        },
        {
          "acoustic_entropy": 22.58725929260254,
          "acoustic_entropy_side": 22.718351364135742,
          "hz": 3120.6389567871424
        },
