{
  "acoustic_entropy": 181.42120361328125,
  "bands": [
    {
      "high_freq": 148.1999969482422,
      "loudness": -54.61335754394531,
      "loudness_range": 34.732120513916016,
      "mid_mean": -52.79301452636719,
      "mid_to_side_loudness": -3.9523754119873047,
      "mid_to_side_loudness_range": 6.464944362640381,
      "side_mean": -56.29153823852539
    },
    {
      "high_freq": 392.3793640136719,
      "loudness": -31.105119705200195,
      "loudness_range": 21.88886833190918,
      "low_freq": 148.1999969482422,
      "mid_mean": -31.251981735229492,
      "mid_to_side_loudness": -1.2590843439102173,
      "mid_to_side_loudness_range": 8.407360076904297,
      "side_mean": -32.42008972167969
    },
    {
      "high_freq": 794.6976318359375,
      "loudness": -26.73447608947754,
      "loudness_range": 22.34425163269043,
      "low_freq": 392.3793640136719,
      "mid_mean": -25.807960510253906,
      "mid_to_side_loudness": -1.7230803966522217,
      "mid_to_side_loudness_range": 6.537040710449219,
      "side_mean": -27.973806381225586
    },
    {
      "high_freq": 1457.5709228515625,
      "loudness": -28.68529510498047,
      "loudness_range": 20.747650146484375,
      "low_freq": 794.6976318359375,
      "mid_mean": -27.035179138183594,
      "mid_to_side_loudness": -2.4964425563812256,
      "mid_to_side_loudness_range": 5.681488037109375,
      "side_mean": -29.67133140563965
    },
    {
      "high_freq": 2549.74365234375,
      "loudness": -31.193132400512695,
      "loudness_range": 23.824947357177734,
      "low_freq": 1457.5709228515625,
      "mid_mean": -29.80710220336914,
      "mid_to_side_loudness": -1.5299568176269531,
      "mid_to_side_loudness_range": 6.549015522003174,
      "side_mean": -31.637929916381836
    },
    {
      "high_freq": 4349.24462890625,
      "loudness": -38.410911560058594,
      "loudness_range": 23.99943733215332,
      "low_freq": 2549.74365234375,
      "mid_mean": -37.14262390136719,
      "mid_to_side_loudness": -1.9157792329788208,
      "mid_to_side_loudness_range": 4.562944412231445,
      "side_mean": -39.33199691772461
    },
    {
      "high_freq": 7314.1640625,
      "loudness": -50.144737243652344,
      "loudness_range": 27.53878402709961,
      "low_freq": 4349.24462890625,
      "mid_mean": -50.276832580566406,
      "mid_to_side_loudness": -2.1698639392852783,
      "mid_to_side_loudness_range": 5.157557964324951,
      "side_mean": -52.271018981933594
    },
    {
      "high_freq": 12199.2666015625,
      "loudness": -61.21962356567383,
      "loudness_range": 25.4815673828125,
      "low_freq": 7314.1640625,
      "mid_mean": -59.46876525878906,
      "mid_to_side_loudness": -2.0737805366516113,
      "mid_to_side_loudness_range": 4.9806084632873535,
      "side_mean": -60.8984489440918
    },
    {
      "loudness": -69.38349151611328,
      "loudness_range": 23.73287582397461,
      "low_freq": 12199.2666015625,
      "mid_mean": -64.6794204711914,
      "mid_to_side_loudness": -2.6329076290130615,
      "mid_to_side_loudness_range": 4.682961940765381,
      "side_mean": -65.64938354492188
    }
  ],
  "bands_short": [
    {
      "high_freq": 148.1999969482422,
      "loudness": -55.91766357421875,
      "loudness_range": 34.469139099121094,
      "mid_mean": -54.190940856933594,
      "mid_to_side_loudness": -4.2415595054626465,
      "mid_to_side_loudness_range": 12.475221633911133,
      "side_mean": -57.83864974975586
    },
    {
      "high_freq": 392.3793640136719,
      "loudness": -32.696964263916016,
      "loudness_range": 25.244064331054688,
      "low_freq": 148.1999969482422,
      "mid_mean": -33.11922836303711,
      "mid_to_side_loudness": -1.2040539979934692,
      "mid_to_side_loudness_range": 13.56942367553711,
      "side_mean": -34.437660217285156
    },
    {
      "high_freq": 794.6976318359375,
      "loudness": -27.06708526611328,
      "loudness_range": 22.727294921875,
      "low_freq": 392.3793640136719,
      "mid_mean": -26.397045135498047,
      "mid_to_side_loudness": -1.6555591821670532,
      "mid_to_side_loudness_range": 10.402915954589844,
      "side_mean": -28.49880027770996
    },
    {
      "high_freq": 1457.5709228515625,
      "loudness": -29.01844024658203,
      "loudness_range": 22.044836044311523,
      "low_freq": 794.6976318359375,
      "mid_mean": -27.581289291381836,
      "mid_to_side_loudness": -2.163285970687866,
      "mid_to_side_loudness_range": 9.099961280822754,
      "side_mean": -29.960893630981445
    },
    {
      "high_freq": 2549.74365234375,
      "loudness": -31.37108612060547,
      "loudness_range": 24.92760467529297,
      "low_freq": 1457.5709228515625,
      "mid_mean": -30.199905395507812,
      "mid_to_side_loudness": -1.5134555101394653,
      "mid_to_side_loudness_range": 9.193861961364746,
      "side_mean": -31.991294860839844
    },
    {
      "high_freq": 4349.24462890625,
      "loudness": -38.87518310546875,
      "loudness_range": 26.337486267089844,
      "low_freq": 2549.74365234375,
      "mid_mean": -37.64942932128906,
      "mid_to_side_loudness": -1.835922360420227,
      "mid_to_side_loudness_range": 7.199982643127441,
      "side_mean": -39.724365234375
    },
    {
      "high_freq": 7314.1640625,
      "loudness": -50.603153228759766,
      "loudness_range": 29.49048614501953,
      "low_freq": 4349.24462890625,
      "mid_mean": -50.86677551269531,
      "mid_to_side_loudness": -1.9727436304092407,
      "mid_to_side_loudness_range": 6.702982425689697,
      "side_mean": -52.67591857910156
    },
    {
      "high_freq": 12199.2666015625,
      "loudness": -61.755516052246094,
      "loudness_range": 27.4381103515625,
      "low_freq": 7314.1640625,
      "mid_mean": -59.9809455871582,
      "mid_to_side_loudness": -1.9904024600982666,
      "mid_to_side_loudness_range": 5.94456672668457,
      "side_mean": -61.31175994873047
    },
    {
      "loudness": -70.14701843261719,
      "loudness_range": 24.13739013671875,
      "low_freq": 12199.2666015625,
      "mid_mean": -65.08198547363281,
      "mid_to_side_loudness": -2.735473155975342,
      "mid_to_side_loudness_range": 5.618481636047363,
      "side_mean": -66.02164459228516
    }
  ],
  "bandwidth": 794.6658935546875,
  "channels": 2,
  "covariance": [
    [
      127.20091247558594,
      131.14398193359375,
      48.052345275878906,
      46.489131927490234,
      2.688016176223755,
      6.626183032989502,
      -5.67308235168457,
      -2.4216856956481934,
      -6.292409420013428,
      -3.6584198474884033,
      -12.562575340270996,
      -7.396271705627441,
      18.255821228027344,
      20.298677444458008,
      21.49505043029785,
      21.251514434814453,
      16.060791015625,
      15.272499084472656
    ],
    [
      131.14398193359375,
      138.74050903320312,
      49.88056564331055,
      49.77958679199219,
      2.6623127460479736,
      6.592807769775391,
      -6.107114315032959,
      -2.492751121520996,
      -7.663967609405518,
      -4.462484359741211,
      -14.944513320922852,
      -9.631345748901367,
      13.578803062438965,
      16.206750869750977,
      20.02168083190918,
      19.907699584960938,
      15.25497817993164,
      14.565316200256348
    ],
    [
      48.052345275878906,
      49.88056564331055,
      87.9639892578125,
      80.7389144897461,
      39.571632385253906,
      42.746368408203125,
      19.178375244140625,
      18.860383987426758,
      17.2817325592041,
      16.676151275634766,
      15.268350601196289,
      14.441277503967285,
      16.217470169067383,
      14.401707649230957,
      17.995365142822266,
      16.864126205444336,
      11.336944580078125,
      10.262853622436523
    ],
    [
      46.489131927490234,
      49.77958679199219,
      80.7389144897461,
      88.3355484008789,
      39.60572052001953,
      42.138126373291016,
      19.850353240966797,
      18.105148315429688,
      16.915395736694336,
      16.260068893432617,
      10.610832214355469,
      9.28644847869873,
      10.229818344116211,
      7.461835861206055,
      13.37548542022705,
      11.187121391296387,
      7.279420852661133,
      6.1768479347229
    ],
    [
      2.688016176223755,
      2.6623127460479736,
      39.571632385253906,
      39.60572052001953,
      69.19281768798828,
      64.98074340820312,
      44.85942077636719,
      43.55341720581055,
      48.090965270996094,
      42.172996520996094,
      48.82168197631836,
      45.04230880737305,
      47.36156463623047,
      41.73368453979492,
      36.08270263671875,
      31.60749626159668,
      21.370988845825195,
      18.232452392578125
    ],
    [
      6.626183032989502,
      6.592807769775391,
      42.746368408203125,
      42.138126373291016,
      64.98074340820312,
      70.3466796875,
      43.24333190917969,
      42.14426803588867,
      47.079383850097656,
      41.7730712890625,
      48.949195861816406,
      46.61099624633789,
      49.17819595336914,
      44.2481689453125,
      38.95671081542969,
      35.36498260498047,
      23.391923904418945,
      20.7136287689209
    ],
    [
      -5.67308235168457,
      -6.107114315032959,
      19.178375244140625,
      19.850353240966797,
      44.85942077636719,
      43.24333190917969,
      63.1226806640625,
      56.70925521850586,
      61.723876953125,
      58.99021530151367,
      54.64878463745117,
      49.54811477661133,
      50.80714797973633,
      43.81410217285156,
      37.31618881225586,
      31.8264217376709,
      23.753440856933594,
      20.040851593017578
    ],
    [
      -2.4216856956481934,
      -2.492751121520996,
      18.860383987426758,
      18.105148315429688,
      43.55341720581055,
      42.14426803588867,
      56.70925521850586,
      54.026493072509766,
      56.12211608886719,
      54.10646057128906,
      52.7599983215332,
      48.613948822021484,
      49.99253845214844,
      44.45457458496094,
      38.16230392456055,
      33.56300354003906,
      24.961706161499023,
      21.515666961669922
    ],
    [
      -6.292409420013428,
      -7.663967609405518,
      17.2817325592041,
      16.915395736694336,
      48.090965270996094,
      47.079383850097656,
      61.723876953125,
      56.12211608886719,
      70.24507141113281,
      65.57098388671875,
      64.23495483398438,
      60.895687103271484,
      63.887760162353516,
      58.10060119628906,
      49.50468063354492,
      44.2591667175293,
      31.2088680267334,
      26.949064254760742
    ],
    [
      -3.6584198474884033,
      -4.462484359741211,
      16.676151275634766,
      16.260068893432617,
      42.172996520996094,
      41.7730712890625,
      58.99021530151367,
      54.10646057128906,
      65.57098388671875,
      65.90430450439453,
      60.24641799926758,
      58.58058547973633,
      61.289466857910156,
      56.31553268432617,
      48.14922332763672,
      43.79988098144531,
      30.47715950012207,
      26.716283798217773
    ],
    [
      -12.562575340270996,
      -14.944513320922852,
      15.268350601196289,
      10.610832214355469,
      48.82168197631836,
      48.949195861816406,
      54.64878463745117,
      52.7599983215332,
      64.23495483398438,
      60.24641799926758,
      81.47630310058594,
      80.9172592163086,
      83.9863052368164,
      81.80079650878906,
      66.1877670288086,
      62.37255859375,
      40.94768142700195,
      36.63480758666992
    ],
    [
      -7.396271705627441,
      -9.631345748901367,
      14.441277503967285,
      9.28644847869873,
      45.04230880737305,
      46.61099624633789,
      49.54811477661133,
      48.613948822021484,
      60.895687103271484,
      58.58058547973633,
      80.9172592163086,
      85.54251861572266,
      87.97676849365234,
      87.58028411865234,
      69.88838195800781,
      67.13175201416016,
      43.083316802978516,
      39.11195755004883
    ],
    [
      18.255821228027344,
      13.578803062438965,
      16.217470169067383,
      10.229818344116211,
      47.36156463623047,
      49.17819595336914,
      50.80714797973633,
      49.99253845214844,
      63.887760162353516,
      61.289466857910156,
      83.9863052368164,
      87.97676849365234,
      120.75981903076172,
      117.04254150390625,
      87.92428588867188,
      83.18395233154297,
      52.36497116088867,
      47.005889892578125
    ],
    [
      20.298677444458008,
      16.206750869750977,
      14.401707649230957,
      7.461835861206055,
      41.73368453979492,
      44.2481689453125,
      43.81410217285156,
      44.45457458496094,
      58.10060119628906,
      56.31553268432617,
      81.80079650878906,
      87.58028411865234,
      117.04254150390625,
      117.04830169677734,
      87.82347106933594,
      85.17172241210938,
      53.45790100097656,
      48.773502349853516
    ],
    [
      21.49505043029785,
      20.02168083190918,
      17.995365142822266,
      13.37548542022705,
      36.08270263671875,
      38.95671081542969,
      37.31618881225586,
      38.16230392456055,
      49.50468063354492,
      48.14922332763672,
      66.1877670288086,
      69.88838195800781,
      87.92428588867188,
      87.82347106933594,
      72.65579223632812,
      70.06861877441406,
      45.04189682006836,
      41.14181137084961
    ],
    [
      21.251514434814453,
      19.907699584960938,
      16.864126205444336,
      11.187121391296387,
      31.60749626159668,
      35.36498260498047,
      31.8264217376709,
      33.56300354003906,
      44.2591667175293,
      43.79988098144531,
      62.37255859375,
      67.13175201416016,
      83.18395233154297,
      85.17172241210938,
      70.06861877441406,
      69.56301879882812,
      44.66727066040039,
      41.5792350769043
    ],
    [
      16.060791015625,
      15.25497817993164,
      11.336944580078125,
      7.279420852661133,
      21.370988845825195,
      23.391923904418945,
      23.753440856933594,
      24.961706161499023,
      31.2088680267334,
      30.47715950012207,
      40.94768142700195,
      43.083316802978516,
      52.36497116088867,
      53.45790100097656,
      45.04189682006836,
      44.66727066040039,
      31.532310485839844,
      29.360029220581055
    ],
    [
      15.272499084472656,
      14.565316200256348,
      10.262853622436523,
      6.1768479347229,
      18.232452392578125,
      20.7136287689209,
      20.040851593017578,
      21.515666961669922,
      26.949064254760742,
      26.716283798217773,
      36.63480758666992,
      39.11195755004883,
      47.005889892578125,
      48.773502349853516,
      41.14181137084961,
      41.5792350769043,
      29.360029220581055,
      27.795915603637695
    ]
  ],
  "covariance_short": [
    [
      112.35160827636719,
      109.25038146972656,
      49.50819778442383,
      47.364837646484375,
      3.0720338821411133,
      6.332420825958252,
      -6.894814968109131,
      -3.850238800048828,
      -7.598137378692627,
      -5.653048038482666,
      -11.190954208374023,
      -7.328761577606201,
      16.04391860961914,
      17.336774826049805,
      18.92317008972168,
      18.43503189086914,
      13.610279083251953,
      12.823249816894531
    ],
    [
      109.25038146972656,
      121.4330825805664,
      51.57001876831055,
      51.75082015991211,
      3.3397216796875,
      6.497379302978516,
      -7.1042375564575195,
      -4.06512975692749,
      -9.021288871765137,
      -6.691408157348633,
      -13.532322883605957,
      -9.440683364868164,
      10.98695182800293,
      12.743083953857422,
      17.356069564819336,
      16.993061065673828,
      12.618163108825684,
      11.874131202697754
    ],
    [
      49.50819778442383,
      51.57001876831055,
      104.16670989990234,
      86.87139892578125,
      36.721893310546875,
      41.68280792236328,
      18.200963973999023,
      17.399982452392578,
      15.73288631439209,
      14.947929382324219,
      11.6275634765625,
      9.897955894470215,
      10.593893051147461,
      8.158888816833496,
      14.223977088928223,
      12.580399513244629,
      9.446745872497559,
      8.294296264648438
    ],
    [
      47.364837646484375,
      51.75082015991211,
      86.87139892578125,
      105.8651351928711,
      37.86307144165039,
      43.514583587646484,
      20.71384048461914,
      17.98087501525879,
      17.512725830078125,
      16.41207504272461,
      10.0126953125,
      7.977923393249512,
      9.451203346252441,
      5.608663558959961,
      12.7645263671875,
      10.460579872131348,
      7.4179558753967285,
      6.168206691741943
    ],
    [
      3.0720338821411133,
      3.3397216796875,
      36.721893310546875,
      37.86307144165039,
      72.38066864013672,
      64.27896881103516,
      42.886558532714844,
      40.92568588256836,
      44.24542236328125,
      38.68586349487305,
      47.35115051269531,
      43.528160095214844,
      46.05345153808594,
      39.9901237487793,
      34.11213302612305,
      29.86665153503418,
      19.314199447631836,
      16.384990692138672
    ],
    [
      6.332420825958252,
      6.497379302978516,
      41.68280792236328,
      43.514583587646484,
      64.27896881103516,
      77.21263122558594,
      43.41438293457031,
      41.97002410888672,
      45.718177795410156,
      41.1453857421875,
      47.50701141357422,
      45.29326248168945,
      47.83173751831055,
      42.28473663330078,
      36.90098571777344,
      33.41434097290039,
      20.919191360473633,
      18.500581741333008
    ],
    [
      -6.894814968109131,
      -7.1042375564575195,
      18.200963973999023,
      20.71384048461914,
      42.886558532714844,
      43.41438293457031,
      67.36139678955078,
      57.451297760009766,
      61.5439453125,
      59.39568328857422,
      55.13804244995117,
      49.95386505126953,
      51.446311950683594,
      43.605987548828125,
      36.861549377441406,
      31.410205841064453,
      22.59314727783203,
      18.759082794189453
    ],
    [
      -3.850238800048828,
      -4.06512975692749,
      17.399982452392578,
      17.98087501525879,
      40.92568588256836,
      41.97002410888672,
      57.451297760009766,
      58.72859191894531,
      56.83766555786133,
      56.15586853027344,
      53.01961898803711,
      49.99772262573242,
      51.14735794067383,
      45.15058517456055,
      37.72043991088867,
      33.2862434387207,
      23.294645309448242,
      19.858434677124023
    ],
    [
      -7.598137378692627,
      -9.021288871765137,
      15.73288631439209,
      17.512725830078125,
      44.24542236328125,
      45.718177795410156,
      61.5439453125,
      56.83766555786133,
      75.18051147460938,
      67.06971740722656,
      64.36408233642578,
      60.87462615966797,
      64.75906372070312,
      57.720882415771484,
      48.75251770019531,
      43.32088088989258,
      29.631563186645508,
      25.16321563720703
    ],
    [
      -5.653048038482666,
      -6.691408157348633,
      14.947929382324219,
      16.41207504272461,
      38.68586349487305,
      41.1453857421875,
      59.39568328857422,
      56.15586853027344,
      67.06971740722656,
      70.24471282958984,
      60.62223434448242,
      58.89617156982422,
      61.404075622558594,
      56.312347412109375,
      46.87773132324219,
      42.69419479370117,
      28.345687866210938,
      24.750715255737305
    ],
    [
      -11.190954208374023,
      -13.532322883605957,
      11.6275634765625,
      10.0126953125,
      47.35115051269531,
      47.50701141357422,
      55.13804244995117,
      53.01961898803711,
      64.36408233642578,
      60.62223434448242,
      87.82178497314453,
      84.19580078125,
      88.34739685058594,
      84.46086120605469,
      67.90082550048828,
      63.44376754760742,
      39.9250373840332,
      35.518802642822266
    ],
    [
      -7.328761577606201,
      -9.440683364868164,
      9.897955894470215,
      7.977923393249512,
      43.528160095214844,
      45.29326248168945,
      49.95386505126953,
      49.99772262573242,
      60.87462615966797,
      58.89617156982422,
      84.19580078125,
      89.37379455566406,
      90.57084655761719,
      89.09709930419922,
      70.29253387451172,
      67.39231872558594,
      41.38514709472656,
      37.585235595703125
    ],
    [
      16.04391860961914,
      10.98695182800293,
      10.593893051147461,
      9.451203346252441,
      46.05345153808594,
      47.83173751831055,
      51.446311950683594,
      51.14735794067383,
      64.75906372070312,
      61.404075622558594,
      88.34739685058594,
      90.57084655761719,
      125.94544982910156,
      119.44430541992188,
      89.13232421875,
      83.5716552734375,
      50.520668029785156,
      45.09601974487305
    ],
    [
      17.336774826049805,
      12.743083953857422,
      8.158888816833496,
      5.608663558959961,
      39.9901237487793,
      42.28473663330078,
      43.605987548828125,
      45.15058517456055,
      57.720882415771484,
      56.312347412109375,
      84.46086120605469,
      89.09709930419922,
      119.44430541992188,
      118.5789794921875,
      87.31561279296875,
      84.17674255371094,
      50.47943115234375,
      46.06723403930664
    ],
    [
      18.92317008972168,
      17.356069564819336,
      14.223977088928223,
      12.7645263671875,
      34.11213302612305,
      36.90098571777344,
      36.861549377441406,
      37.72043991088867,
      48.75251770019531,
      46.87773132324219,
      67.90082550048828,
      70.29253387451172,
      89.13232421875,
      87.31561279296875,
      73.12757873535156,
      69.49697875976562,
      43.4952392578125,
      39.52412033081055
    ],
    [
      18.43503189086914,
      16.993061065673828,
      12.580399513244629,
      10.460579872131348,
      29.86665153503418,
      33.41434097290039,
      31.410205841064453,
      33.2862434387207,
      43.32088088989258,
      42.69419479370117,
      63.44376754760742,
      67.39231872558594,
      83.5716552734375,
      84.17674255371094,
      69.49697875976562,
      68.778076171875,
      42.51708221435547,
      39.628238677978516
    ],
    [
      13.610279083251953,
      12.618163108825684,
      9.446745872497559,
      7.4179558753967285,
      19.314199447631836,
      20.919191360473633,
      22.59314727783203,
      23.294645309448242,
      29.631563186645508,
      28.345687866210938,
      39.9250373840332,
      41.38514709472656,
      50.520668029785156,
      50.47943115234375,
      43.4952392578125,
      42.51708221435547,
      30.25764274597168,
      27.923994064331055
    ],
    [
      12.823249816894531,
      11.874131202697754,
      8.294296264648438,
      6.168206691741943,
      16.384990692138672,
      18.500581741333008,
      18.759082794189453,
      19.858434677124023,
      25.16321563720703,
      24.750715255737305,
      35.518802642822266,
      37.585235595703125,
      45.09601974487305,
      46.06723403930664,
      39.52412033081055,
      39.628238677978516,
      27.923994064331055,
      26.556621551513672
    ]
  ],
  "damage": -10.691385269165039,
  "diff_bandwidth": 814.3552856445312,
  "dissonance": 7.541987780257666,
  "drr": 0.5985201597213745,
  "dynamics": 5.050225734710693,
  "format": 1245190,
  "frames": 1472512,
  "loudness": -17.384057998657227,
  "loudness_range": 18.929039001464844,
  "loudness_range_short": 20.737070083618164,
  "lowpass_true_peak_15khz": -0.1926524043083191,
  "mastering3_acoustic_entropies": [
    {
      "acoustic_entropy": 6.758195400238037,
      "acoustic_entropy_mono": 6.880011558532715,
      "band_eliminated_acoustic_entropies": [
        {
          "acoustic_entropy": 6.797192096710205,
          "acoustic_entropy_side": 6.7693705558776855,
          "hz": 129.47220167065723
        },
        {
          "acoustic_entropy": 6.833083152770996,
          "acoustic_entropy_side": 6.837399482727051,
          "hz": 202.92927478742237
        },
        {
          "acoustic_entropy": 6.633934497833252,
          "acoustic_entropy_side": 6.819169998168945,
          "hz": 282.89161906338205
        },
        {
          "acoustic_entropy": 5.619300842285156,
          "acoustic_entropy_side": 6.390372276306152,
          "hz": 369.9353335868758
        },
        {
          "acoustic_entropy": 6.696294784545898,
          "acoustic_entropy_side": 6.891232967376709,
          "hz": 464.6875360973435
        },
        {
          "acoustic_entropy": 6.7854323387146,
          "acoustic_entropy_side": 7.134603023529053,
          "hz": 567.8308811364784
        },
        {
          "acoustic_entropy": 6.288007736206055,
          "acoustic_entropy_side": 5.969096660614014,
          "hz": 680.1084783214808
        },
        {
          "acoustic_entropy": 7.308891296386719,
          "acoustic_entropy_side": 7.1976776123046875,
          "hz": 802.3292461747484
        },
        {
          "acoustic_entropy": 6.254540920257568,
          "acoustic_entropy_side": 6.541191101074219,
          "hz": 935.3737400823702
        },
        {
          "acoustic_entropy": 6.859847068786621,
          "acoustic_entropy_side": 6.764155864715576,
          "hz": 1080.2004963696966
        },
        {
          "acoustic_entropy": 7.036509037017822,
          "acoustic_entropy_side": 6.6919426918029785,
          "hz": 1237.8529382007157
        },
        {
          "acoustic_entropy": 6.6578474044799805,
          "acoustic_entropy_side": 6.650450229644775,
          "hz": 1409.4668930556702
        },
        {
          "acoustic_entropy": 5.8106207847595215,
          "acoustic_entropy_side": 6.910746097564697,
          "hz": 1596.2787759475705
        },
        {
          "acoustic_entropy": 6.907135963439941,
          "acoustic_entropy_side": 6.775701999664307,
          "hz": 1799.6344973346393
        },
        {
          "acoustic_entropy": 6.327033042907715,
          "acoustic_entropy_side": 6.400938510894775,
          "hz": 2020.9991599069049
        },
        {
          "acoustic_entropy": 6.652464389801025,
          "acoustic_entropy_side": 6.804869651794434,
          "hz": 2261.9676141086993
        },
        {
          "acoustic_entropy": 7.360670566558838,
          "acoustic_entropy_side": 6.815103054046631,
          "hz": 2524.2759484456974
        },
        {
          "acoustic_entropy": 6.901873588562012,
          "acoustic_entropy_side": 6.9020609855651855,
          "hz": 2809.813997359896
        },
        {
          "acoustic_entropy": 6.854852199554443,
          "acoustic_entropy_side": 6.785912990570068,
          "hz": 3120.6389567871424
        },
        {
          "acoustic_entropy": 6.798787593841553,
          "acoustic_entropy_side": 6.806373119354248,
          "hz": 3458.990205492291
        },
        {
          "acoustic_entropy": 6.795437335968018,
          "acoustic_entropy_side": 6.758634567260742,
          "hz": 3827.305438964164
        },
        {
          "acoustic_entropy": 6.892786026000977,
          "acoustic_entropy_side": 6.810678005218506,
          "hz": 4228.238232109126
        },
        {
          "acoustic_entropy": 6.968716621398926,
          "acoustic_entropy_side": 6.802215099334717,
          "hz": 4664.6771572759235
        },
        {
          "acoustic_entropy": 6.7989373207092285,
          "acoustic_entropy_side": 6.777858257293701,
          "hz": 5139.766595350093
        },
        {
          "acoustic_entropy": 6.781225204467773,
          "acoustic_entropy_side": 6.771390438079834,
          "hz": 5656.929389854203
        },
        {
          "acoustic_entropy": 6.76411771774292,
          "acoustic_entropy_side": 6.762309551239014,
          "hz": 6219.891507268283
        },
        {
          "acoustic_entropy": 6.753767490386963,
          "acoustic_entropy_side": 6.75828218460083,
          "hz": 6832.70888123896
        },
        {
          "acoustic_entropy": 6.758930206298828,
          "acoustic_entropy_side": 6.758879661560059,
          "hz": 7499.796634079867
        },
        {
          "acoustic_entropy": 6.758511543273926,
          "acoustic_entropy_side": 6.75871467590332,
          "hz": 8225.96088609342
        },
        {
          "acoustic_entropy": 6.757330417633057,
          "acoustic_entropy_side": 6.758190155029297,
          "hz": 9016.43338188839
        },
        {
          "acoustic_entropy": 6.757828712463379,
          "acoustic_entropy_side": 6.758034706115723,
          "hz": 9876.909183162974
        },
        {
          "acoustic_entropy": 6.758140563964844,
          "acoustic_entropy_side": 6.75818395614624,
          "hz": 10813.587699516042
        },
        {
          "acoustic_entropy": 6.7581706047058105,
          "acoustic_entropy_side": 6.758175373077393,
          "hz": 11833.21735289826
        },
        {
          "acoustic_entropy": 6.758220195770264,
          "acoustic_entropy_side": 6.758203506469727,
          "hz": 12943.144197493959
        },
        {
          "acoustic_entropy": 6.758213043212891,
          "acoustic_entropy_side": 6.758200645446777,
          "hz": 14151.364845322005
        },
        {
          "acoustic_entropy": 6.758203029632568,
          "acoustic_entropy_side": 6.75819730758667,
          "hz": 15466.58407886509
        },
        {
          "acoustic_entropy": 6.758200168609619,
          "acoustic_entropy_side": 6.758195400238037,
          "hz": 16898.27756580493
        },
        {
          "acoustic_entropy": 6.758198261260986,
          "acoustic_entropy_side": 6.758195400238037,
          "hz": 18456.760127700032
        },
        {
          "acoustic_entropy": 6.758197784423828,
          "acoustic_entropy_side": 6.758195400238037,
          "hz": 20153.260054456492
        },
        {
          "acoustic_entropy": 6.758195877075195,
          "acoustic_entropy_side": 6.758195877075195,
          "hz": 22000.00000000001
        }
      ],
      "diff_acoustic_entropy": 4.731193542480469,
      "sn": 6
    },
    {
      "acoustic_entropy": 10.565190315246582,
      "acoustic_entropy_mono": 9.723952293395996,
      "band_eliminated_acoustic_entropies": [
        {
          "acoustic_entropy": 10.543188095092773,
          "acoustic_entropy_side": 10.54662799835205,
          "hz": 129.47220167065723
        },
        {
          "acoustic_entropy": 10.277453422546387,
          "acoustic_entropy_side": 10.507009506225586,
          "hz": 202.92927478742237
        },
        {
          "acoustic_entropy": 10.365013122558594,
          "acoustic_entropy_side": 10.621708869934082,
          "hz": 282.89161906338205
        },
        {
          "acoustic_entropy": 10.018924713134766,
          "acoustic_entropy_side": 10.601880073547363,
          "hz": 369.9353335868758
        },
        {
          "acoustic_entropy": 9.52030086517334,
          "acoustic_entropy_side": 10.321678161621094,
          "hz": 464.6875360973435
        },
        {
          "acoustic_entropy": 10.056228637695312,
          "acoustic_entropy_side": 11.164984703063965,
          "hz": 567.8308811364784
        },
        {
          "acoustic_entropy": 10.198394775390625,
          "acoustic_entropy_side": 10.77623462677002,
          "hz": 680.1084783214808
        },
        {
          "acoustic_entropy": 10.755014419555664,
          "acoustic_entropy_side": 11.303414344787598,
          "hz": 802.3292461747484
        },
        {
          "acoustic_entropy": 9.674646377563477,
          "acoustic_entropy_side": 10.05573844909668,
          "hz": 935.3737400823702
        },
        {
          "acoustic_entropy": 10.458740234375,
          "acoustic_entropy_side": 10.660346031188965,
          "hz": 1080.2004963696966
        },
        {
          "acoustic_entropy": 10.074601173400879,
          "acoustic_entropy_side": 10.275875091552734,
          "hz": 1237.8529382007157
        },
        {
          "acoustic_entropy": 10.151687622070312,
          "acoustic_entropy_side": 10.178380966186523,
          "hz": 1409.4668930556702
        },
        {
          "acoustic_entropy": 9.961236000061035,
          "acoustic_entropy_side": 10.31445598602295,
          "hz": 1596.2787759475705
        },
        {
          "acoustic_entropy": 10.638646125793457,
          "acoustic_entropy_side": 10.547731399536133,
          "hz": 1799.6344973346393
        },
        {
          "acoustic_entropy": 10.016666412353516,
          "acoustic_entropy_side": 10.290253639221191,
          "hz": 2020.9991599069049
        },
        {
          "acoustic_entropy": 11.02791690826416,
          "acoustic_entropy_side": 10.689021110534668,
          "hz": 2261.9676141086993
        },
        {
          "acoustic_entropy": 10.159153938293457,
          "acoustic_entropy_side": 10.508588790893555,
          "hz": 2524.2759484456974
        },
        {
          "acoustic_entropy": 10.25295639038086,
          "acoustic_entropy_side": 10.460491180419922,
          "hz": 2809.813997359896
        },
        {
          "acoustic_entropy": 10.746298789978027,
          "acoustic_entropy_side": 10.706339836120605,
          "hz": 3120.6389567871424
        },
        {
          "acoustic_entropy": 10.60715103149414,
          "acoustic_entropy_side": 10.611144065856934,
          "hz": 3458.990205492291
        },
        {
          "acoustic_entropy": 10.49642276763916,
          "acoustic_entropy_side": 10.553631782531738,
          "hz": 3827.305438964164
        },
        {
          "acoustic_entropy": 10.3749418258667,
          "acoustic_entropy_side": 10.481619834899902,
          "hz": 4228.238232109126
        },
        {
          "acoustic_entropy": 10.528721809387207,
          "acoustic_entropy_side": 10.560773849487305,
          "hz": 4664.6771572759235
        },
        {
          "acoustic_entropy": 10.557003021240234,
          "acoustic_entropy_side": 10.560600280761719,
          "hz": 5139.766595350093
        },
        {
          "acoustic_entropy": 10.484346389770508,
          "acoustic_entropy_side": 10.540718078613281,
          "hz": 5656.929389854203
        },
        {
          "acoustic_entropy": 10.524556159973145,
          "acoustic_entropy_side": 10.588787078857422,
          "hz": 6219.891507268283
        },
        {
          "acoustic_entropy": 10.525346755981445,
          "acoustic_entropy_side": 10.58370590209961,
          "hz": 6832.70888123896
        },
        {
          "acoustic_entropy": 10.562788963317871,
          "acoustic_entropy_side": 10.56712818145752,
          "hz": 7499.796634079867
        },
        {
          "acoustic_entropy": 10.560617446899414,
          "acoustic_entropy_side": 10.558297157287598,
          "hz": 8225.96088609342
        },
        {
          "acoustic_entropy": 10.556170463562012,
          "acoustic_entropy_side": 10.559090614318848,
          "hz": 9016.43338188839
        },
        {
          "acoustic_entropy": 10.554287910461426,
          "acoustic_entropy_side": 10.561405181884766,
          "hz": 9876.909183162974
        },
        {
          "acoustic_entropy": 10.56338882446289,
          "acoustic_entropy_side": 10.563982963562012,
          "hz": 10813.587699516042
        },
        {
          "acoustic_entropy": 10.563868522644043,
          "acoustic_entropy_side": 10.564384460449219,
          "hz": 11833.21735289826
        },
        {
          "acoustic_entropy": 10.56497859954834,
          "acoustic_entropy_side": 10.56513500213623,
          "hz": 12943.144197493959
        },
        {
          "acoustic_entropy": 10.565102577209473,
          "acoustic_entropy_side": 10.565185546875,
          "hz": 14151.364845322005
        },
        {
          "acoustic_entropy": 10.5651273727417,
          "acoustic_entropy_side": 10.565176010131836,
          "hz": 15466.58407886509
        },
        {
          "acoustic_entropy": 10.565176963806152,
          "acoustic_entropy_side": 10.565187454223633,
          "hz": 16898.27756580493
        },
        {
          "acoustic_entropy": 10.565221786499023,
          "acoustic_entropy_side": 10.565193176269531,
          "hz": 18456.760127700032
        },
        {
          "acoustic_entropy": 10.565239906311035,
          "acoustic_entropy_side": 10.565196990966797,
          "hz": 20153.260054456492
        },
        {
          "acoustic_entropy": 10.565197944641113,
          "acoustic_entropy_side": 10.565190315246582,
          "hz": 22000.00000000001
        }
      ],
      "diff_acoustic_entropy": 8.31355094909668,
      "sn": 12
    },
    {
      "acoustic_entropy": 15.52737808227539,
      "acoustic_entropy_mono": 15.041292190551758,
      "band_eliminated_acoustic_entropies": [
        {
          "acoustic_entropy": 15.267179489135742,
          "acoustic_entropy_side": 15.539924621582031,
          "hz": 129.47220167065723
        },
        {
          "acoustic_entropy": 14.85368824005127,
          "acoustic_entropy_side": 15.560603141784668,
          "hz": 202.92927478742237
        },
        {
          "acoustic_entropy": 15.516314506530762,
          "acoustic_entropy_side": 15.454314231872559,
          "hz": 282.89161906338205
        },
        {
          "acoustic_entropy": 15.774332046508789,
          "acoustic_entropy_side": 15.219820022583008,
          "hz": 369.9353335868758
        },
        {
          "acoustic_entropy": 16.432409286499023,
          "acoustic_entropy_side": 16.561826705932617,
          "hz": 464.6875360973435
        },
        {
          "acoustic_entropy": 15.490617752075195,
          "acoustic_entropy_side": 15.898530006408691,
          "hz": 567.8308811364784
        },
        {
          "acoustic_entropy": 15.761981010437012,
          "acoustic_entropy_side": 15.763108253479004,
          "hz": 680.1084783214808
        },
        {
          "acoustic_entropy": 15.557722091674805,
          "acoustic_entropy_side": 15.620939254760742,
          "hz": 802.3292461747484
        },
        {
          "acoustic_entropy": 15.534975051879883,
          "acoustic_entropy_side": 15.560763359069824,
          "hz": 935.3737400823702
        },
        {
          "acoustic_entropy": 15.072164535522461,
          "acoustic_entropy_side": 15.828227996826172,
          "hz": 1080.2004963696966
        },
        {
          "acoustic_entropy": 16.150957107543945,
          "acoustic_entropy_side": 15.728428840637207,
          "hz": 1237.8529382007157
        },
        {
          "acoustic_entropy": 15.924728393554688,
          "acoustic_entropy_side": 15.74571418762207,
          "hz": 1409.4668930556702
        },
        {
          "acoustic_entropy": 16.103960037231445,
          "acoustic_entropy_side": 15.465970039367676,
          "hz": 1596.2787759475705
        },
        {
          "acoustic_entropy": 15.710009574890137,
          "acoustic_entropy_side": 15.920756340026855,
          "hz": 1799.6344973346393
        },
        {
          "acoustic_entropy": 16.029672622680664,
          "acoustic_entropy_side": 16.14734649658203,
          "hz": 2020.9991599069049
        },
        {
          "acoustic_entropy": 15.25203800201416,
          "acoustic_entropy_side": 15.214129447937012,
          "hz": 2261.9676141086993
        },
        {
          "acoustic_entropy": 15.442809104919434,
          "acoustic_entropy_side": 15.554147720336914,
          "hz": 2524.2759484456974
        },
        {
          "acoustic_entropy": 15.823260307312012,
          "acoustic_entropy_side": 15.702017784118652,
          "hz": 2809.813997359896
        },
        {
          "acoustic_entropy": 15.755902290344238,
          "acoustic_entropy_side": 15.727673530578613,
          "hz": 3120.6389567871424
        },
        {
