{
  "acoustic_entropy": 204.132568359375,
  "bands": [
    {
      "high_freq": 148.1999969482422,
      "loudness": -37.1545524597168,
      "loudness_range": 30.605653762817383,
      "mid_mean": -36.2663459777832,
      "mid_to_side_loudness": -4.635883808135986,
      "mid_to_side_loudness_range": 11.901477813720703,
      "side_mean": -38.90597915649414
    },
    {
      "high_freq": 392.3793640136719,
      "loudness": -29.250843048095703,
      "loudness_range": 17.03830337524414,
      "low_freq": 148.1999969482422,
      "mid_mean": -30.833711624145508,
      "mid_to_side_loudness": 1.9485613107681274,
      "mid_to_side_loudness_range": 9.335822105407715,
      "side_mean": -27.821420669555664
    },
    {
      "high_freq": 794.6976318359375,
      "loudness": -30.566734313964844,
      "loudness_range": 16.48532485961914,
      "low_freq": 392.3793640136719,
      "mid_mean": -29.976627349853516,
      "mid_to_side_loudness": -0.4016767740249634,
      "mid_to_side_loudness_range": 8.736682891845703,
      "side_mean": -30.32997703552246
    },
    {
      "high_freq": 1457.5709228515625,
      "loudness": -35.53031921386719,
      "loudness_range": 19.689830780029297,
      "low_freq": 794.6976318359375,
      "mid_mean": -34.54401397705078,
      "mid_to_side_loudness": -1.1044800281524658,
      "mid_to_side_loudness_range": 6.2026591300964355,
      "side_mean": -35.556175231933594
    },
    {
      "high_freq": 2549.74365234375,
      "loudness": -36.99120330810547,
      "loudness_range": 21.725751876831055,
      "low_freq": 1457.5709228515625,
      "mid_mean": -36.321144104003906,
      "mid_to_side_loudness": -0.19387511909008026,
      "mid_to_side_loudness_range": 4.947673797607422,
      "side_mean": -36.51673126220703
    },
    {
      "high_freq": 4349.24462890625,
      "loudness": -40.09638214111328,
      "loudness_range": 24.318449020385742,
      "low_freq": 2549.74365234375,
      "mid_mean": -39.764713287353516,
      "mid_to_side_loudness": 0.18899032473564148,
      "mid_to_side_loudness_range": 4.262328147888184,
      "side_mean": -39.543556213378906
    },
    {
      "high_freq": 7314.1640625,
      "loudness": -52.32908248901367,
      "loudness_range": 28.41305160522461,
      "low_freq": 4349.24462890625,
      "mid_mean": -53.32548141479492,
      "mid_to_side_loudness": 0.46069785952568054,
      "mid_to_side_loudness_range": 3.336967945098877,
      "side_mean": -52.87848663330078
    },
    {
      "high_freq": 12199.2666015625,
      "loudness": -62.03419876098633,
      "loudness_range": 28.635597229003906,
      "low_freq": 7314.1640625,
      "mid_mean": -61.00685119628906,
      "mid_to_side_loudness": 0.4232669770717621,
      "mid_to_side_loudness_range": 2.454127073287964,
      "side_mean": -60.687721252441406
    },
    {
      "loudness": -72.67243194580078,
      "loudness_range": 23.63507843017578,
      "low_freq": 12199.2666015625,
      "mid_mean": -67.22367095947266,
      "mid_to_side_loudness": -0.2990363836288452,
      "mid_to_side_loudness_range": 1.9411872625350952,
      "side_mean": -67.2726058959961
    }
  ],
  "bands_short": [
    {
      "high_freq": 148.1999969482422,
      "loudness": -42.68321228027344,
      "loudness_range": 33.0628662109375,
      "mid_mean": -41.35005569458008,
      "mid_to_side_loudness": -5.346646785736084,
      "mid_to_side_loudness_range": 15.82052230834961,
      "side_mean": -46.3739013671875
    },
    {
      "high_freq": 392.3793640136719,
      "loudness": -29.056636810302734,
      "loudness_range": 18.539836883544922,
      "low_freq": 148.1999969482422,
      "mid_mean": -29.93421173095703,
      "mid_to_side_loudness": 1.2758324146270752,
      "mid_to_side_loudness_range": 11.749926567077637,
      "side_mean": -27.985776901245117
    },
    {
      "high_freq": 794.6976318359375,
      "loudness": -30.83821678161621,
      "loudness_range": 17.14072036743164,
      "low_freq": 392.3793640136719,
      "mid_mean": -30.4810733795166,
      "mid_to_side_loudness": -0.31514212489128113,
      "mid_to_side_loudness_range": 11.492057800292969,
      "side_mean": -30.73832130432129
    },
    {
      "high_freq": 1457.5709228515625,
      "loudness": -35.46728515625,
      "loudness_range": 19.987722396850586,
      "low_freq": 794.6976318359375,
      "mid_mean": -34.63805389404297,
      "mid_to_side_loudness": -0.9730229377746582,
      "mid_to_side_loudness_range": 9.275279998779297,
      "side_mean": -35.541507720947266
    },
    {
      "high_freq": 2549.74365234375,
      "loudness": -37.238006591796875,
      "loudness_range": 21.780696868896484,
      "low_freq": 1457.5709228515625,
      "mid_mean": -36.67711639404297,
      "mid_to_side_loudness": -0.16759738326072693,
      "mid_to_side_loudness_range": 7.611872673034668,
      "side_mean": -36.89836120605469
    },
    {
      "high_freq": 4349.24462890625,
      "loudness": -40.25443649291992,
      "loudness_range": 24.916139602661133,
      "low_freq": 2549.74365234375,
      "mid_mean": -40.042537689208984,
      "mid_to_side_loudness": 0.15828709304332733,
      "mid_to_side_loudness_range": 6.749255180358887,
      "side_mean": -39.81045150756836
    },
    {
      "high_freq": 7314.1640625,
      "loudness": -52.5793342590332,
      "loudness_range": 29.015079498291016,
      "low_freq": 4349.24462890625,
      "mid_mean": -53.56918716430664,
      "mid_to_side_loudness": 0.45295464992523193,
      "mid_to_side_loudness_range": 5.130468368530273,
      "side_mean": -53.14591979980469
    },
    {
      "high_freq": 12199.2666015625,
      "loudness": -62.12936782836914,
      "loudness_range": 28.620826721191406,
      "low_freq": 7314.1640625,
      "mid_mean": -61.19815444946289,
      "mid_to_side_loudness": 0.4030199944972992,
      "mid_to_side_loudness_range": 3.900631904602051,
      "side_mean": -60.898834228515625
    },
    {
      "loudness": -72.80047607421875,
      "loudness_range": 23.663738250732422,
      "low_freq": 12199.2666015625,
      "mid_mean": -67.33460235595703,
      "mid_to_side_loudness": -0.32443174719810486,
      "mid_to_side_loudness_range": 3.2896344661712646,
      "side_mean": -67.3868179321289
    }
  ],
  "bandwidth": 569.8162841796875,
  "channels": 2,
  "covariance": [
    [
      111.81745910644531,
      85.36422729492188,
      47.254737854003906,
      34.649967193603516,
      34.5100212097168,
      30.886699676513672,
      44.36952590942383,
      44.486366271972656,
      46.463253021240234,
      45.96638107299805,
      49.21638488769531,
      49.59915542602539,
      60.937713623046875,
      60.3276252746582,
      44.57339859008789,
      45.27692413330078,
      18.9466609954834,
      18.6021728515625
    ],
    [
      85.36422729492188,
      103.31796264648438,
      43.366241455078125,
      34.7659912109375,
      26.32720375061035,
      24.832067489624023,
      34.3698616027832,
      34.785667419433594,
      38.63395309448242,
      37.84183120727539,
      46.00278091430664,
      45.36679458618164,
      49.67411422729492,
      49.42055892944336,
      37.985382080078125,
      38.33056640625,
      16.867507934570312,
      16.622802734375
    ],
    [
      47.254737854003906,
      43.366241455078125,
      55.87567901611328,
      39.727394104003906,
      27.435007095336914,
      25.742666244506836,
      31.547088623046875,
      33.23149871826172,
      35.92752456665039,
      35.39805221557617,
      39.65621566772461,
      39.301429748535156,
      43.604434967041016,
      43.75133514404297,
      34.08576583862305,
      34.346256256103516,
      14.77565860748291,
      14.567631721496582
    ],
    [
      34.649967193603516,
      34.7659912109375,
      39.727394104003906,
      47.391387939453125,
      25.225893020629883,
      23.951305389404297,
      28.048574447631836,
      28.769893646240234,
      29.613134384155273,
      29.518016815185547,
      35.255958557128906,
      34.77360534667969,
      36.762237548828125,
      37.090763092041016,
      30.147789001464844,
      30.356576919555664,
      13.41161823272705,
      13.192102432250977
    ],
    [
      34.5100212097168,
      26.32720375061035,
      27.435007095336914,
      25.225893020629883,
      36.66305160522461,
      32.47618103027344,
      33.05686950683594,
      33.376556396484375,
      32.98847579956055,
      33.300384521484375,
      36.68385314941406,
      36.572547912597656,
      41.4911994934082,
      41.854000091552734,
      32.62583541870117,
      33.157283782958984,
      13.684155464172363,
      13.531545639038086
    ],
    [
      30.886699676513672,
      24.832067489624023,
      25.742666244506836,
      23.951305389404297,
      32.47618103027344,
      38.21424102783203,
      32.490657806396484,
      32.58875274658203,
      31.841983795166016,
      32.141212463378906,
      36.07638168334961,
      35.8841438293457,
      40.223846435546875,
      40.706382751464844,
      32.32013702392578,
      32.70429229736328,
      13.562607765197754,
      13.363818168640137
    ],
    [
      44.36952590942383,
      34.3698616027832,
      31.547088623046875,
      28.048574447631836,
      33.05686950683594,
      32.490657806396484,
      50.128334045410156,
      46.495853424072266,
      44.0560417175293,
      44.118064880371094,
      48.51132583618164,
      48.66933059692383,
      54.175575256347656,
      54.92815399169922,
      41.98394012451172,
      42.709144592285156,
      17.36322021484375,
      17.138980865478516
    ],
    [
      44.486366271972656,
      34.785667419433594,
      33.23149871826172,
      28.769893646240234,
      33.376556396484375,
      32.58875274658203,
      46.495853424072266,
      49.71531295776367,
      45.093727111816406,
      44.872440338134766,
      49.07806396484375,
      49.16278076171875,
      57.03507614135742,
      57.564430236816406,
      43.95575714111328,
      44.68705368041992,
      18.315099716186523,
      18.073335647583008
    ],
    [
      46.463253021240234,
      38.63395309448242,
      35.92752456665039,
      29.613134384155273,
      32.98847579956055,
      31.841983795166016,
      44.0560417175293,
      45.093727111816406,
      57.414939880371094,
      54.71184539794922,
      58.90556335449219,
      58.995277404785156,
      67.13374328613281,
      68.17251586914062,
      51.27033615112305,
      52.30752182006836,
      21.29375457763672,
      21.102800369262695
    ],
    [
      45.96638107299805,
      37.84183120727539,
      35.39805221557617,
      29.518016815185547,
      33.300384521484375,
      32.141212463378906,
      44.118064880371094,
      44.872440338134766,
      54.71184539794922,
      57.12944793701172,
      59.2804069519043,
      59.16951370239258,
      67.32927703857422,
      68.42829132080078,
      51.63479995727539,
      52.57372283935547,
      21.521995544433594,
      21.336692810058594
    ],
    [
      49.21638488769531,
      46.00278091430664,
      39.65621566772461,
      35.255958557128906,
      36.68385314941406,
      36.07638168334961,
      48.51132583618164,
      49.07806396484375,
      58.90556335449219,
      59.2804069519043,
      78.46743774414062,
      75.81404113769531,
      80.25508880615234,
      81.04961395263672,
      63.44556427001953,
      64.53092193603516,
      27.37497329711914,
      27.11346435546875
    ],
    [
      49.59915542602539,
      45.36679458618164,
      39.301429748535156,
      34.77360534667969,
      36.572547912597656,
      35.8841438293457,
      48.66933059692383,
      49.16278076171875,
      58.995277404785156,
      59.16951370239258,
      75.81404113769531,
      78.57927703857422,
      80.45452880859375,
      81.37617492675781,
      63.74201202392578,
      64.90435028076172,
      27.35016441345215,
      27.092967987060547
    ],
    [
      60.937713623046875,
      49.67411422729492,
      43.604434967041016,
      36.762237548828125,
      41.4911994934082,
      40.223846435546875,
      54.175575256347656,
      57.03507614135742,
      67.13374328613281,
      67.32927703857422,
      80.25508880615234,
      80.45452880859375,
      105.70381927490234,
      106.47540283203125,
      79.76228332519531,
      81.25656127929688,
      34.25759506225586,
      33.96561813354492
    ],
    [
      60.3276252746582,
      49.42055892944336,
      43.75133514404297,
      37.090763092041016,
      41.854000091552734,
      40.706382751464844,
      54.92815399169922,
      57.564430236816406,
      68.17251586914062,
      68.42829132080078,
      81.04961395263672,
      81.37617492675781,
      106.47540283203125,
      108.44426727294922,
      80.50476837158203,
      82.04448699951172,
      34.43953323364258,
      34.13231658935547
    ],
    [
      44.57339859008789,
      37.985382080078125,
      34.08576583862305,
      30.147789001464844,
      32.62583541870117,
      32.32013702392578,
      41.98394012451172,
      43.95575714111328,
      51.27033615112305,
      51.63479995727539,
      63.44556427001953,
      63.74201202392578,
      79.76228332519531,
      80.50476837158203,
      65.45999145507812,
      66.22990417480469,
      29.424509048461914,
      29.217069625854492
    ],
    [
      45.27692413330078,
      38.33056640625,
      34.346256256103516,
      30.356576919555664,
      33.157283782958984,
      32.70429229736328,
      42.709144592285156,
      44.68705368041992,
      52.30752182006836,
      52.57372283935547,
      64.53092193603516,
      64.90435028076172,
      81.25656127929688,
      82.04448699951172,
      66.22990417480469,
      67.54016876220703,
      29.686864852905273,
      29.471525192260742
    ],
    [
      18.9466609954834,
      16.867507934570312,
      14.77565860748291,
      13.41161823272705,
      13.684155464172363,
      13.562607765197754,
      17.36322021484375,
      18.315099716186523,
      21.29375457763672,
      21.521995544433594,
      27.37497329711914,
      27.35016441345215,
      34.25759506225586,
      34.43953323364258,
      29.424509048461914,
      29.686864852905273,
      15.253556251525879,
      15.100930213928223
    ],
    [
      18.6021728515625,
      16.622802734375,
      14.567631721496582,
      13.192102432250977,
      13.531545639038086,
      13.363818168640137,
      17.138980865478516,
      18.073335647583008,
      21.102800369262695,
      21.336692810058594,
      27.11346435546875,
      27.092967987060547,
      33.96561813354492,
      34.13231658935547,
      29.217069625854492,
      29.471525192260742,
      15.100930213928223,
      15.090619087219238
    ]
  ],
  "covariance_short": [
    [
      132.21656799316406,
      120.08952331542969,
      50.16402816772461,
      43.654151916503906,
      40.643978118896484,
      39.78567886352539,
      48.84151077270508,
      49.65513610839844,
      49.48282241821289,
      49.83416748046875,
      55.11675262451172,
      55.1972541809082,
      66.40461730957031,
      65.77216339111328,
      48.75372314453125,
      49.55797576904297,
      19.928842544555664,
      19.527849197387695
    ],
    [
      120.08952331542969,
      145.3577880859375,
      54.32206726074219,
      50.657257080078125,
      43.3642578125,
      42.4641227722168,
      52.656742095947266,
      53.24429702758789,
      53.53126907348633,
      53.16775894165039,
      58.80278396606445,
      58.54009246826172,
      70.0425033569336,
      69.7123794555664,
      51.66132736206055,
      52.41379165649414,
      21.208648681640625,
      20.82965850830078
    ],
    [
      50.16402816772461,
      54.32206726074219,
      53.30508804321289,
      41.44085693359375,
      25.69579315185547,
      24.520225524902344,
      29.538015365600586,
      30.586580276489258,
      30.86273956298828,
      30.310914993286133,
      35.96649169921875,
      35.456634521484375,
      38.0288200378418,
      37.700103759765625,
      30.310012817382812,
      30.515239715576172,
      13.1474609375,
      12.9136381149292
    ],
    [
      43.654151916503906,
      50.657257080078125,
      41.44085693359375,
      51.953739166259766,
      25.05642318725586,
      24.437002182006836,
      29.136064529418945,
      29.60545539855957,
      29.964946746826172,
      29.122295379638672,
      34.44466781616211,
      33.86140060424805,
      36.173362731933594,
      36.21278762817383,
      29.486831665039062,
      29.68986701965332,
      13.011720657348633,
      12.7539644241333
    ],
    [
      40.643978118896484,
      43.3642578125,
      25.69579315185547,
      25.05642318725586,
      40.59836196899414,
      33.123531341552734,
      33.605674743652344,
      33.64767837524414,
      32.87212371826172,
      33.18834686279297,
      36.51152038574219,
      36.15452194213867,
      41.432464599609375,
      41.71517562866211,
      31.712461471557617,
      32.26911544799805,
      13.019002914428711,
      12.832210540771484
    ],
    [
      39.78567886352539,
      42.4641227722168,
      24.520225524902344,
      24.437002182006836,
      33.123531341552734,
      42.59965896606445,
      33.204044342041016,
      32.985416412353516,
      32.6251335144043,
      33.09391403198242,
      36.307308197021484,
      35.942081451416016,
      41.19923400878906,
      41.61878204345703,
      31.990259170532227,
      32.42742919921875,
      13.101999282836914,
      12.885555267333984
    ],
    [
      48.84151077270508,
      52.656742095947266,
      29.538015365600586,
      29.136064529418945,
      33.605674743652344,
      33.204044342041016,
      53.28593063354492,
      46.341697692871094,
      44.07592010498047,
      44.57066345214844,
      48.081661224365234,
      47.76403045654297,
      54.694644927978516,
      55.40464401245117,
      41.72119903564453,
      42.487586975097656,
      17.07100486755371,
      16.827621459960938
    ],
    [
      49.65513610839844,
      53.24429702758789,
      30.586580276489258,
      29.60545539855957,
      33.64767837524414,
      32.985416412353516,
      46.341697692871094,
      52.123634338378906,
      43.88006591796875,
      43.9772834777832,
      48.04250717163086,
      47.83794403076172,
      56.073116302490234,
      56.547245025634766,
      42.588966369628906,
      43.28269958496094,
      17.542585372924805,
      17.287933349609375
    ],
    [
      49.48282241821289,
      53.53126907348633,
      30.86273956298828,
      29.964946746826172,
      32.87212371826172,
      32.6251335144043,
      44.07592010498047,
      43.88006591796875,
      59.914913177490234,
      54.728858947753906,
      59.37960433959961,
      59.109371185302734,
      67.14412689208984,
      68.02766418457031,
      51.08953094482422,
      52.141632080078125,
      20.74292755126953,
      20.491357803344727
    ],
    [
      49.83416748046875,
      53.16775894165039,
      30.310914993286133,
      29.122295379638672,
      33.18834686279297,
      33.09391403198242,
      44.57066345214844,
      43.9772834777832,
      54.728858947753906,
      60.277992248535156,
      59.71480941772461,
      59.364864349365234,
      67.66014862060547,
      68.70362854003906,
      51.57948684692383,
      52.55331039428711,
      20.989038467407227,
      20.755428314208984
    ],
    [
      55.11675262451172,
      58.80278396606445,
      35.96649169921875,
      34.44466781616211,
      36.51152038574219,
      36.307308197021484,
      48.081661224365234,
      48.04250717163086,
      59.37960433959961,
      59.71480941772461,
      80.6932373046875,
      75.474609375,
      80.84308624267578,
      81.59473419189453,
      63.33756637573242,
      64.45499420166016,
      26.582595825195312,
      26.27197265625
    ],
    [
      55.1972541809082,
      58.54009246826172,
      35.456634521484375,
      33.86140060424805,
      36.15452194213867,
      35.942081451416016,
      47.76403045654297,
      47.83794403076172,
      59.109371185302734,
      59.364864349365234,
      75.474609375,
      80.74805450439453,
      80.73662567138672,
      81.58541870117188,
      63.51430130004883,
      64.69269561767578,
      26.52303123474121,
      26.213289260864258
    ],
    [
      66.40461730957031,
      70.0425033569336,
      38.0288200378418,
      36.173362731933594,
      41.432464599609375,
      41.19923400878906,
      54.694644927978516,
      56.073116302490234,
      67.14412689208984,
      67.66014862060547,
      80.84308624267578,
      80.73662567138672,
      107.36393737792969,
      107.32080078125,
      79.77082824707031,
      81.26886749267578,
      33.368675231933594,
      33.013763427734375
    ],
    [
      65.77216339111328,
      69.7123794555664,
      37.700103759765625,
      36.21278762817383,
      41.71517562866211,
      41.61878204345703,
      55.40464401245117,
      56.547245025634766,
      68.02766418457031,
      68.70362854003906,
      81.59473419189453,
      81.58541870117188,
      107.32080078125,
      109.99347686767578,
      80.47752380371094,
      82.0377426147461,
      33.52773666381836,
      33.14345169067383
    ],
    [
      48.75372314453125,
      51.66132736206055,
      30.310012817382812,
      29.486831665039062,
      31.712461471557617,
      31.990259170532227,
      41.72119903564453,
      42.588966369628906,
      51.08953094482422,
      51.57948684692383,
      63.33756637573242,
      63.51430130004883,
      79.77082824707031,
      80.47752380371094,
      65.6748046875,
      66.07759857177734,
      28.650835037231445,
      28.37491226196289
    ],
    [
      49.55797576904297,
      52.41379165649414,
      30.515239715576172,
      29.68986701965332,
      32.26911544799805,
      32.42742919921875,
      42.487586975097656,
      43.28269958496094,
      52.141632080078125,
      52.55331039428711,
      64.45499420166016,
      64.69269561767578,
      81.26886749267578,
      82.0377426147461,
      66.07759857177734,
      67.81022644042969,
      28.936431884765625,
      28.66473388671875
    ],
    [
      19.928842544555664,
      21.208648681640625,
      13.1474609375,
      13.011720657348633,
      13.019002914428711,
      13.101999282836914,
      17.07100486755371,
      17.542585372924805,
      20.74292755126953,
      20.989038467407227,
      26.582595825195312,
      26.52303123474121,
      33.368675231933594,
      33.52773666381836,
      28.650835037231445,
      28.936431884765625,
      15.05746078491211,
      14.741952896118164
    ],
    [
      19.527849197387695,
      20.82965850830078,
      12.9136381149292,
      12.7539644241333,
      12.832210540771484,
      12.885555267333984,
      16.827621459960938,
      17.287933349609375,
      20.491357803344727,
      20.755428314208984,
      26.27197265625,
      26.213289260864258,
      33.013763427734375,
      33.14345169067383,
      28.37491226196289,
      28.66473388671875,
      14.741952896118164,
      14.876921653747559
    ]
  ],
  "damage": -13.563793182373047,
  "diff_bandwidth": 610.4693603515625,
  "dissonance": 6.172525607682918,
  "drr": 10.519288063049316,
  "dynamics": 5.3042378425598145,
  "format": 1245190,
  "frames": 14508992,
  "loudness": -21.085628509521484,
  "loudness_range": 17.50954818725586,
  "loudness_range_short": 18.178817749023438,
  "lowpass_true_peak_15khz": -0.044686246663331985,
  "mastering3_acoustic_entropies": [
    {
      "acoustic_entropy": 4.727231025695801,
      "acoustic_entropy_mono": 4.410000801086426,
      "band_eliminated_acoustic_entropies": [
        {
          "acoustic_entropy": 4.7425737380981445,
          "acoustic_entropy_side": 4.733153343200684,
          "hz": 129.47220167065723
        },
        {
          "acoustic_entropy": 4.704046726226807,
          "acoustic_entropy_side": 4.698320388793945,
          "hz": 202.92927478742237
        },
        {
          "acoustic_entropy": 4.551592826843262,
          "acoustic_entropy_side": 4.846087455749512,
          "hz": 282.89161906338205
        },
        {
          "acoustic_entropy": 5.0720696449279785,
          "acoustic_entropy_side": 4.8820319175720215,
          "hz": 369.9353335868758
        },
        {
          "acoustic_entropy": 4.543124198913574,
          "acoustic_entropy_side": 4.6071248054504395,
          "hz": 464.6875360973435
        },
        {
          "acoustic_entropy": 4.682816982269287,
          "acoustic_entropy_side": 4.708133697509766,
          "hz": 567.8308811364784
        },
        {
          "acoustic_entropy": 4.298477649688721,
          "acoustic_entropy_side": 4.496199131011963,
          "hz": 680.1084783214808
        },
        {
          "acoustic_entropy": 4.344784259796143,
          "acoustic_entropy_side": 4.871665000915527,
          "hz": 802.3292461747484
        },
        {
          "acoustic_entropy": 4.526399612426758,
          "acoustic_entropy_side": 4.802328586578369,
          "hz": 935.3737400823702
        },
        {
          "acoustic_entropy": 4.546815395355225,
          "acoustic_entropy_side": 4.756904602050781,
          "hz": 1080.2004963696966
        },
        {
          "acoustic_entropy": 4.879072189331055,
          "acoustic_entropy_side": 4.610815525054932,
          "hz": 1237.8529382007157
        },
        {
          "acoustic_entropy": 4.735206604003906,
          "acoustic_entropy_side": 4.581610202789307,
          "hz": 1409.4668930556702
        },
        {
          "acoustic_entropy": 5.0264573097229,
          "acoustic_entropy_side": 4.9261345863342285,
          "hz": 1596.2787759475705
        },
        {
          "acoustic_entropy": 4.730544567108154,
          "acoustic_entropy_side": 4.720517635345459,
          "hz": 1799.6344973346393
        },
        {
          "acoustic_entropy": 4.680086135864258,
          "acoustic_entropy_side": 4.703902244567871,
          "hz": 2020.9991599069049
        },
        {
          "acoustic_entropy": 4.628612041473389,
          "acoustic_entropy_side": 4.619140625,
          "hz": 2261.9676141086993
        },
        {
          "acoustic_entropy": 4.6561079025268555,
          "acoustic_entropy_side": 4.864832401275635,
          "hz": 2524.2759484456974
        },
        {
          "acoustic_entropy": 4.670441150665283,
          "acoustic_entropy_side": 4.651670932769775,
          "hz": 2809.813997359896
        },
        {
          "acoustic_entropy": 4.780086040496826,
          "acoustic_entropy_side": 4.775380611419678,
          "hz": 3120.6389567871424
        },
        {
          "acoustic_entropy": 4.632345676422119,
          "acoustic_entropy_side": 4.69141149520874,
          "hz": 3458.990205492291
        },
        {
          "acoustic_entropy": 4.730628967285156,
          "acoustic_entropy_side": 4.745935440063477,
          "hz": 3827.305438964164
        },
        {
          "acoustic_entropy": 4.688905239105225,
          "acoustic_entropy_side": 4.683305740356445,
          "hz": 4228.238232109126
        },
        {
          "acoustic_entropy": 4.740358352661133,
          "acoustic_entropy_side": 4.703743934631348,
          "hz": 4664.6771572759235
        },
        {
          "acoustic_entropy": 4.75629997253418,
          "acoustic_entropy_side": 4.716802597045898,
          "hz": 5139.766595350093
        },
        {
          "acoustic_entropy": 4.782942295074463,
          "acoustic_entropy_side": 4.734111785888672,
          "hz": 5656.929389854203
        },
        {
          "acoustic_entropy": 4.738087177276611,
          "acoustic_entropy_side": 4.709190845489502,
          "hz": 6219.891507268283
        },
        {
          "acoustic_entropy": 4.775056838989258,
          "acoustic_entropy_side": 4.729632377624512,
          "hz": 6832.70888123896
        },
        {
          "acoustic_entropy": 4.743503093719482,
          "acoustic_entropy_side": 4.712495803833008,
          "hz": 7499.796634079867
        },
        {
          "acoustic_entropy": 4.721911907196045,
          "acoustic_entropy_side": 4.716724872589111,
          "hz": 8225.96088609342
        },
        {
          "acoustic_entropy": 4.708532333374023,
          "acoustic_entropy_side": 4.713672161102295,
          "hz": 9016.43338188839
        },
        {
          "acoustic_entropy": 4.717783451080322,
          "acoustic_entropy_side": 4.717936992645264,
          "hz": 9876.909183162974
        },
        {
          "acoustic_entropy": 4.718369483947754,
          "acoustic_entropy_side": 4.722148418426514,
          "hz": 10813.587699516042
        },
        {
          "acoustic_entropy": 4.724908351898193,
          "acoustic_entropy_side": 4.7260422706604,
          "hz": 11833.21735289826
        },
        {
          "acoustic_entropy": 4.726634502410889,
          "acoustic_entropy_side": 4.726913928985596,
          "hz": 12943.144197493959
        },
        {
          "acoustic_entropy": 4.727075099945068,
          "acoustic_entropy_side": 4.72715425491333,
          "hz": 14151.364845322005
        },
        {
          "acoustic_entropy": 4.727208137512207,
          "acoustic_entropy_side": 4.727217674255371,
          "hz": 15466.58407886509
        },
        {
          "acoustic_entropy": 4.727227210998535,
          "acoustic_entropy_side": 4.72722864151001,
          "hz": 16898.27756580493
        },
        {
          "acoustic_entropy": 4.727230072021484,
          "acoustic_entropy_side": 4.727230548858643,
          "hz": 18456.760127700032
        },
        {
          "acoustic_entropy": 4.727231025695801,
          "acoustic_entropy_side": 4.727231025695801,
          "hz": 20153.260054456492
        },
        {
          "acoustic_entropy": 4.727231025695801,
          "acoustic_entropy_side": 4.727231025695801,
          "hz": 22000.00000000001
        }
      ],
      "diff_acoustic_entropy": 1.7070324420928955,
      "sn": 6
    },
    {
      "acoustic_entropy": 9.264679908752441,
      "acoustic_entropy_mono": 8.425430297851562,
      "band_eliminated_acoustic_entropies": [
        {
          "acoustic_entropy": 8.956583976745605,
          "acoustic_entropy_side": 9.315457344055176,
          "hz": 129.47220167065723
        },
        {
          "acoustic_entropy": 8.837148666381836,
          "acoustic_entropy_side": 9.13410758972168,
          "hz": 202.92927478742237
        },
        {
          "acoustic_entropy": 9.111783027648926,
          "acoustic_entropy_side": 9.230117797851562,
          "hz": 282.89161906338205
        },
        {
          "acoustic_entropy": 10.228039741516113,
          "acoustic_entropy_side": 9.709416389465332,
          "hz": 369.9353335868758
        },
        {
          "acoustic_entropy": 9.351526260375977,
          "acoustic_entropy_side": 9.052412986755371,
          "hz": 464.6875360973435
        },
        {
          "acoustic_entropy": 8.959809303283691,
          "acoustic_entropy_side": 8.657831192016602,
          "hz": 567.8308811364784
        },
        {
          "acoustic_entropy": 9.025400161743164,
          "acoustic_entropy_side": 9.37156867980957,
          "hz": 680.1084783214808
        },
        {
          "acoustic_entropy": 8.656790733337402,
          "acoustic_entropy_side": 9.565735816955566,
          "hz": 802.3292461747484
        },
        {
          "acoustic_entropy": 9.212159156799316,
          "acoustic_entropy_side": 9.290855407714844,
          "hz": 935.3737400823702
        },
        {
          "acoustic_entropy": 8.696737289428711,
          "acoustic_entropy_side": 9.38504409790039,
          "hz": 1080.2004963696966
        },
        {
          "acoustic_entropy": 9.480746269226074,
          "acoustic_entropy_side": 9.606589317321777,
          "hz": 1237.8529382007157
        },
        {
          "acoustic_entropy": 8.827300071716309,
          "acoustic_entropy_side": 8.857784271240234,
          "hz": 1409.4668930556702
        },
        {
          "acoustic_entropy": 9.612993240356445,
          "acoustic_entropy_side": 9.517719268798828,
          "hz": 1596.2787759475705
        },
        {
          "acoustic_entropy": 9.151079177856445,
          "acoustic_entropy_side": 9.197096824645996,
          "hz": 1799.6344973346393
        },
        {
          "acoustic_entropy": 9.00293254852295,
          "acoustic_entropy_side": 8.967392921447754,
          "hz": 2020.9991599069049
        },
        {
          "acoustic_entropy": 9.564797401428223,
          "acoustic_entropy_side": 9.348483085632324,
          "hz": 2261.9676141086993
        },
        {
          "acoustic_entropy": 9.263169288635254,
          "acoustic_entropy_side": 9.388201713562012,
          "hz": 2524.2759484456974
        },
        {
          "acoustic_entropy": 8.8930025100708,
          "acoustic_entropy_side": 8.924678802490234,
          "hz": 2809.813997359896
        },
        {
          "acoustic_entropy": 9.125055313110352,
          "acoustic_entropy_side": 9.051107406616211,
          "hz": 3120.6389567871424
        },
        {
          "acoustic_entropy": 9.128105163574219,
          "acoustic_entropy_side": 9.127923965454102,
          "hz": 3458.990205492291
        },
        {
          "acoustic_entropy": 9.18681526184082,
          "acoustic_entropy_side": 9.347243309020996,
          "hz": 3827.305438964164
        },
        {
          "acoustic_entropy": 9.189448356628418,
          "acoustic_entropy_side": 9.245388984680176,
          "hz": 4228.238232109126
        },
        {
          "acoustic_entropy": 9.238311767578125,
          "acoustic_entropy_side": 9.272377014160156,
          "hz": 4664.6771572759235
        },
        {
          "acoustic_entropy": 9.236358642578125,
          "acoustic_entropy_side": 9.251974105834961,
          "hz": 5139.766595350093
        },
        {
          "acoustic_entropy": 9.205587387084961,
          "acoustic_entropy_side": 9.229105949401855,
          "hz": 5656.929389854203
        },
        {
          "acoustic_entropy": 9.25234603881836,
          "acoustic_entropy_side": 9.251924514770508,
          "hz": 6219.891507268283
        },
        {
          "acoustic_entropy": 9.259322166442871,
          "acoustic_entropy_side": 9.27343463897705,
          "hz": 6832.70888123896
        },
        {
          "acoustic_entropy": 9.22680377960205,
          "acoustic_entropy_side": 9.268653869628906,
          "hz": 7499.796634079867
        },
        {
          "acoustic_entropy": 9.283191680908203,
          "acoustic_entropy_side": 9.278790473937988,
          "hz": 8225.96088609342
        },
        {
          "acoustic_entropy": 9.297415733337402,
          "acoustic_entropy_side": 9.283086776733398,
          "hz": 9016.43338188839
        },
        {
          "acoustic_entropy": 9.270096778869629,
          "acoustic_entropy_side": 9.268332481384277,
          "hz": 9876.909183162974
        },
        {
          "acoustic_entropy": 9.273055076599121,
          "acoustic_entropy_side": 9.268617630004883,
          "hz": 10813.587699516042
        },
        {
          "acoustic_entropy": 9.264339447021484,
          "acoustic_entropy_side": 9.26431941986084,
          "hz": 11833.21735289826
        },
        {
          "acoustic_entropy": 9.263361930847168,
          "acoustic_entropy_side": 9.2639799118042,
          "hz": 12943.144197493959
        },
        {
          "acoustic_entropy": 9.264434814453125,
          "acoustic_entropy_side": 9.264549255371094,
          "hz": 14151.364845322005
        },
        {
          "acoustic_entropy": 9.264567375183105,
          "acoustic_entropy_side": 9.264627456665039,
          "hz": 15466.58407886509
        },
        {
          "acoustic_entropy": 9.264618873596191,
          "acoustic_entropy_side": 9.26464557647705,
          "hz": 16898.27756580493
        },
        {
          "acoustic_entropy": 9.264654159545898,
          "acoustic_entropy_side": 9.264663696289062,
          "hz": 18456.760127700032
        },
        {
          "acoustic_entropy": 9.264676094055176,
          "acoustic_entropy_side": 9.264678955078125,
          "hz": 20153.260054456492
        },
        {
          "acoustic_entropy": 9.264679908752441,
          "acoustic_entropy_side": 9.264679908752441,
          "hz": 22000.00000000001
        }
      ],
      "diff_acoustic_entropy": 3.9887912273406982,
      "sn": 12
    },
    {
      "acoustic_entropy": 16.380748748779297,
      "acoustic_entropy_mono": 14.71130084991455,
      "band_eliminated_acoustic_entropies": [
        {
          "acoustic_entropy": 16.308095932006836,
          "acoustic_entropy_side": 16.56432342529297,
          "hz": 129.47220167065723
        },
        {
          "acoustic_entropy": 16.56820297241211,
          "acoustic_entropy_side": 16.42061996459961,
          "hz": 202.92927478742237
        },
        {
          "acoustic_entropy": 17.265460968017578,
          "acoustic_entropy_side": 16.80554962158203,
          "hz": 282.89161906338205
        },
        {
          "acoustic_entropy": 15.916742324829102,
          "acoustic_entropy_side": 16.08542251586914,
          "hz": 369.9353335868758
        },
        {
          "acoustic_entropy": 17.04427719116211,
          "acoustic_entropy_side": 16.710359573364258,
          "hz": 464.6875360973435
        },
        {
          "acoustic_entropy": 15.279443740844727,
          "acoustic_entropy_side": 15.889595985412598,
          "hz": 567.8308811364784
        },
        {
          "acoustic_entropy": 15.392889976501465,
          "acoustic_entropy_side": 16.22306251525879,
          "hz": 680.1084783214808
        },
        {
          "acoustic_entropy": 16.234731674194336,
          "acoustic_entropy_side": 16.20391273498535,
          "hz": 802.3292461747484
        },
        {
          "acoustic_entropy": 15.537459373474121,
          "acoustic_entropy_side": 15.430960655212402,
          "hz": 935.3737400823702
        },
        {
          "acoustic_entropy": 17.147459030151367,
          "acoustic_entropy_side": 16.261215209960938,
          "hz": 1080.2004963696966
        },
        {
          "acoustic_entropy": 16.43425178527832,
          "acoustic_entropy_side": 17.078163146972656,
          "hz": 1237.8529382007157
        },
        {
          "acoustic_entropy": 15.703795433044434,
          "acoustic_entropy_side": 16.142793655395508,
          "hz": 1409.4668930556702
        },
        {
          "acoustic_entropy": 15.76364803314209,
          "acoustic_entropy_side": 17.12876319885254,
          "hz": 1596.2787759475705
        },
        {
          "acoustic_entropy": 16.699546813964844,
          "acoustic_entropy_side": 16.694374084472656,
          "hz": 1799.6344973346393
        },
        {
          "acoustic_entropy": 15.917837142944336,
          "acoustic_entropy_side": 16.421588897705078,
          "hz": 2020.9991599069049
        },
        {
          "acoustic_entropy": 16.473215103149414,
          "acoustic_entropy_side": 16.51380157470703,
          "hz": 2261.9676141086993
        },
        {
          "acoustic_entropy": 15.598013877868652,
          "acoustic_entropy_side": 16.048320770263672,
          "hz": 2524.2759484456974
        },
        {
          "acoustic_entropy": 17.002269744873047,
          "acoustic_entropy_side": 16.672496795654297,
          "hz": 2809.813997359896
        },
        {
          "acoustic_entropy": 16.3753604888916,
          "acoustic_entropy_side": 16.446685791015625,
          "hz": 3120.6389567871424
        },
        {
          "acoustic_entropy": 16.900636672973633,
          "acoustic_entropy_side": 16.841588973999023,
