{
  "acoustic_entropy": 214.1390838623047,
  "bands": [
    {
      "high_freq": 148.1999969482422,
      "loudness": -22.9718017578125,
      "loudness_range": 5.824378967285156,
      "mid_mean": -19.36366081237793,
      "mid_to_side_loudness": -14.14251708984375,
      "mid_to_side_loudness_range": 6.804879188537598,
      "side_mean": -34.0439567565918
    },
    {
      "high_freq": 392.3793640136719,
      "loudness": -23.776535034179688,
      "loudness_range": 6.07281494140625,
      "low_freq": 148.1999969482422,
      "mid_mean": -20.51922607421875,
      "mid_to_side_loudness": -10.15572738647461,
      "mid_to_side_loudness_range": 8.983333587646484,
      "side_mean": -31.02938461303711
    },
    {
      "high_freq": 794.6976318359375,
      "loudness": -23.846874237060547,
      "loudness_range": 5.019956588745117,
      "low_freq": 392.3793640136719,
      "mid_mean": -20.524839401245117,
      "mid_to_side_loudness": -10.8228759765625,
      "mid_to_side_loudness_range": 8.869190216064453,
      "side_mean": -31.720027923583984
    },
    {
      "high_freq": 1457.5709228515625,
      "loudness": -26.80415916442871,
      "loudness_range": 7.961122512817383,
      "low_freq": 794.6976318359375,
      "mid_mean": -23.57193374633789,
      "mid_to_side_loudness": -9.984719276428223,
      "mid_to_side_loudness_range": 8.967111587524414,
      "side_mean": -33.8918342590332
    },
    {
      "high_freq": 2549.74365234375,
      "loudness": -27.14339256286621,
      "loudness_range": 8.320117950439453,
      "low_freq": 1457.5709228515625,
      "mid_mean": -24.002071380615234,
      "mid_to_side_loudness": -9.131972312927246,
      "mid_to_side_loudness_range": 9.252519607543945,
      "side_mean": -33.452232360839844
    },
    {
      "high_freq": 4349.24462890625,
      "loudness": -28.18498992919922,
      "loudness_range": 6.16986083984375,
      "low_freq": 2549.74365234375,
      "mid_mean": -24.962684631347656,
      "mid_to_side_loudness": -9.749807357788086,
      "mid_to_side_loudness_range": 8.951301574707031,
      "side_mean": -35.11564636230469
    },
    {
      "high_freq": 7314.1640625,
      "loudness": -28.802043914794922,
      "loudness_range": 5.807178497314453,
      "low_freq": 4349.24462890625,
      "mid_mean": -25.419788360595703,
      "mid_to_side_loudness": -11.266568183898926,
      "mid_to_side_loudness_range": 7.08514404296875,
      "side_mean": -37.169525146484375
    },
    {
      "high_freq": 12199.2666015625,
      "loudness": -31.731645584106445,
      "loudness_range": 5.935527801513672,
      "low_freq": 7314.1640625,
      "mid_mean": -28.30457878112793,
      "mid_to_side_loudness": -11.792265892028809,
      "mid_to_side_loudness_range": 5.716483116149902,
      "side_mean": -40.51854705810547
    },
    {
      "loudness": -38.010169982910156,
      "loudness_range": 6.812778472900391,
      "low_freq": 12199.2666015625,
      "mid_mean": -34.67251205444336,
      "mid_to_side_loudness": -10.559078216552734,
      "mid_to_side_loudness_range": 6.493552207946777,
      "side_mean": -45.69783401489258
    }
  ],
  "bands_short": [
    {
      "high_freq": 148.1999969482422,
      "loudness": -25.25568389892578,
      "loudness_range": 10.39000129699707,
      "mid_mean": -21.721458435058594,
      "mid_to_side_loudness": -14.63666820526123,
      "mid_to_side_loudness_range": 15.472749710083008,
      "side_mean": -37.050575256347656
    },
    {
      "high_freq": 392.3793640136719,
      "loudness": -23.67702865600586,
      "loudness_range": 10.594160079956055,
      "low_freq": 148.1999969482422,
      "mid_mean": -20.46234130859375,
      "mid_to_side_loudness": -10.318045616149902,
      "mid_to_side_loudness_range": 12.478400230407715,
      "side_mean": -31.177698135375977
    },
    {
      "high_freq": 794.6976318359375,
      "loudness": -24.226268768310547,
      "loudness_range": 7.953235626220703,
      "low_freq": 392.3793640136719,
      "mid_mean": -20.9621524810791,
      "mid_to_side_loudness": -10.598420143127441,
      "mid_to_side_loudness_range": 11.685083389282227,
      "side_mean": -31.97311782836914
    },
    {
      "high_freq": 1457.5709228515625,
      "loudness": -26.932830810546875,
      "loudness_range": 10.542364120483398,
      "low_freq": 794.6976318359375,
      "mid_mean": -23.758745193481445,
      "mid_to_side_loudness": -9.934075355529785,
      "mid_to_side_loudness_range": 11.965648651123047,
      "side_mean": -34.02767562866211
    },
    {
      "high_freq": 2549.74365234375,
      "loudness": -28.11410903930664,
      "loudness_range": 12.764179229736328,
      "low_freq": 1457.5709228515625,
      "mid_mean": -25.051801681518555,
      "mid_to_side_loudness": -8.961483001708984,
      "mid_to_side_loudness_range": 11.264902114868164,
      "side_mean": -34.32149124145508
    },
    {
      "high_freq": 4349.24462890625,
      "loudness": -29.13593101501465,
      "loudness_range": 11.112668991088867,
      "low_freq": 2549.74365234375,
      "mid_mean": -25.979963302612305,
      "mid_to_side_loudness": -9.53371810913086,
      "mid_to_side_loudness_range": 10.813301086425781,
      "side_mean": -35.88642120361328
    },
    {
      "high_freq": 7314.1640625,
      "loudness": -30.078731536865234,
      "loudness_range": 12.511213302612305,
      "low_freq": 4349.24462890625,
      "mid_mean": -26.773818969726562,
      "mid_to_side_loudness": -10.945743560791016,
      "mid_to_side_loudness_range": 10.373952865600586,
      "side_mean": -38.18203353881836
    },
    {
      "high_freq": 12199.2666015625,
      "loudness": -33.09212112426758,
      "loudness_range": 12.79039192199707,
      "low_freq": 7314.1640625,
      "mid_mean": -29.719667434692383,
      "mid_to_side_loudness": -11.485466957092285,
      "mid_to_side_loudness_range": 9.063932418823242,
      "side_mean": -41.64645767211914
    },
    {
      "loudness": -39.20195388793945,
      "loudness_range": 12.714775085449219,
      "low_freq": 12199.2666015625,
      "mid_mean": -35.922821044921875,
      "mid_to_side_loudness": -10.325399398803711,
      "mid_to_side_loudness_range": 8.568779945373535,
      "side_mean": -46.626365661621094
    }
  ],
  "bandwidth": 583.7742919921875,
  "channels": 2,
  "covariance": [
    [
      6.5528411865234375,
      3.629976511001587,
      2.7025468349456787,
      1.886979341506958,
      1.6770600080490112,
      0.5232008099555969,
      1.5206042528152466,
      -0.35293346643447876,
      0.5218765735626221,
      -0.2908598482608795,
      1.05323326587677,
      0.530345618724823,
      1.5492429733276367,
      1.6277626752853394,
      1.4778155088424683,
      1.753136157989502,
      2.1613810062408447,
      1.8954360485076904
    ],
    [
      3.629976511001587,
      5.938473224639893,
      2.356548547744751,
      3.158087730407715,
      0.863487720489502,
      1.1715073585510254,
      1.5058757066726685,
      0.15971054136753082,
      0.3822738826274872,
      0.1974286288022995,
      0.6195698976516724,
      0.7476338148117065,
      0.7006039619445801,
      0.8860034346580505,
      0.9062254428863525,
      1.3994152545928955,
      1.0368380546569824,
      1.60460364818573
    ],
    [
      2.7025468349456787,
      2.356548547744751,
      6.275447368621826,
      5.361543655395508,
      1.2036097049713135,
      1.0967224836349487,
      2.758578300476074,
      2.1628692150115967,
      1.6961616277694702,
      2.195354461669922,
      1.9541258811950684,
      2.782270669937134,
      1.2027347087860107,
      2.5044026374816895,
      0.5812274813652039,
      2.280963897705078,
      1.1510578393936157,
      3.024794101715088
    ],
    [
      1.886979341506958,
      3.158087730407715,
      5.361543655395508,
      13.6216459274292,
      -0.22468143701553345,
      1.1315934658050537,
      2.1242945194244385,
      4.414125442504883,
      3.175297737121582,
      5.949044227600098,
      1.524506688117981,
      4.388036727905273,
      1.0085197687149048,
      4.425011157989502,
      0.9630752801895142,
      3.4155726432800293,
      1.3225593566894531,
      3.9113378524780273
    ],
    [
      1.6770600080490112,
      0.863487720489502,
      1.2036097049713135,
      -0.22468143701553345,
      5.40853214263916,
      3.4319684505462646,
      2.662654399871826,
      1.488146185874939,
      2.6162161827087402,
      0.6431594491004944,
      1.4461123943328857,
      1.2120674848556519,
      0.954564094543457,
      1.3857275247573853,
      1.3178035020828247,
      1.9691290855407715,
      1.8369203805923462,
      2.1557681560516357
    ],
    [
      0.5232008099555969,
      1.1715073585510254,
      1.0967224836349487,
      1.1315934658050537,
      3.4319684505462646,
      9.42611312866211,
      2.522489547729492,
      5.331191539764404,
      2.7908859252929688,
      4.212032794952393,
      2.8758840560913086,
      5.221404075622559,
      2.042025089263916,
      3.1794021129608154,
      2.2473134994506836,
      3.5726261138916016,
      3.1521615982055664,
      5.5300798416137695
    ],
    [
      1.5206042528152466,
      1.5058757066726685,
      2.758578300476074,
      2.1242945194244385,
      2.662654399871826,
      2.522489547729492,
      9.072508811950684,
      5.706071853637695,
      5.3518242835998535,
      3.7409780025482178,
      1.618327260017395,
      2.7829079627990723,
      0.6734956502914429,
      2.679211378097534,
      0.10051489621400833,
      2.0268633365631104,
      0.8041237592697144,
      2.393303394317627
    ],
    [
      -0.35293346643447876,
      0.15971054136753082,
      2.1628692150115967,
      4.414125442504883,
      1.488146185874939,
      5.331191539764404,
      5.706071853637695,
      12.181520462036133,
      5.781430244445801,
      8.803573608398438,
      1.3114877939224243,
      6.247305393218994,
      -0.1309148520231247,
      4.235712051391602,
      -0.9931917190551758,
      2.0847220420837402,
      -0.12030782550573349,
      3.8339626789093018
    ],
    [
      0.5218765735626221,
      0.3822738826274872,
      1.6961616277694702,
      3.175297737121582,
      2.6162161827087402,
      2.7908859252929688,
      5.3518242835998535,
      5.781430244445801,
      9.38557243347168,
      8.345830917358398,
      2.1272335052490234,
      4.8691911697387695,
      0.8488532900810242,
      3.9627304077148438,
      0.8236967325210571,
      3.033365249633789,
      2.167163848876953,
      3.930027723312378
    ],
    [
      -0.2908598482608795,
      0.1974286288022995,
      2.195354461669922,
      5.949044227600098,
      0.6431594491004944,
      4.212032794952393,
      3.7409780025482178,
      8.803573608398438,
      8.345830917358398,
      16.315587997436523,
      2.841599941253662,
      11.549535751342773,
      -0.1367005556821823,
      5.82733678817749,
      0.2858041822910309,
      4.424898147583008,
      2.531581163406372,
      7.33843994140625
    ],
    [
      1.05323326587677,
      0.6195698976516724,
      1.9541258811950684,
      1.524506688117981,
      1.4461123943328857,
      2.8758840560913086,
      1.618327260017395,
      1.3114877939224243,
      2.1272335052490234,
      2.841599941253662,
      5.294388294219971,
      5.764175891876221,
      3.293825149536133,
      3.6076276302337646,
      3.3139448165893555,
      3.6151230335235596,
      4.196446418762207,
      4.81569766998291
    ],
    [
      0.530345618724823,
      0.7476338148117065,
      2.782270669937134,
      4.388036727905273,
      1.2120674848556519,
      5.221404075622559,
      2.7829079627990723,
      6.247305393218994,
      4.8691911697387695,
      11.549535751342773,
      5.764175891876221,
      14.592133522033691,
      1.7292393445968628,
      6.710326194763184,
      1.8448703289031982,
      5.693759918212891,
      4.205776214599609,
      9.358563423156738
    ],
    [
      1.5492429733276367,
      0.7006039619445801,
      1.2027347087860107,
      1.0085197687149048,
      0.954564094543457,
      2.042025089263916,
      0.6734956502914429,
      -0.1309148520231247,
      0.8488532900810242,
      -0.1367005556821823,
      3.293825149536133,
      1.7292393445968628,
      6.20599889755249,
      4.241680145263672,
      5.355388641357422,
      3.4709460735321045,
      4.672125816345215,
      3.227566719055176
    ],
    [
      1.6277626752853394,
      0.8860034346580505,
      2.5044026374816895,
      4.425011157989502,
      1.3857275247573853,
      3.1794021129608154,
      2.679211378097534,
      4.235712051391602,
      3.9627304077148438,
      5.82733678817749,
      3.6076276302337646,
      6.710326194763184,
      4.241680145263672,
      7.925723075866699,
      3.227936267852783,
      5.208064556121826,
      3.587721586227417,
      5.777324199676514
    ],
    [
      1.4778155088424683,
      0.9062254428863525,
      0.5812274813652039,
      0.9630752801895142,
      1.3178035020828247,
      2.2473134994506836,
      0.10051489621400833,
      -0.9931917190551758,
      0.8236967325210571,
      0.2858041822910309,
      3.3139448165893555,
      1.8448703289031982,
      5.355388641357422,
      3.227936267852783,
      5.9180731773376465,
      3.8671631813049316,
      5.431754112243652,
      3.7350151538848877
    ],
    [
      1.753136157989502,
      1.3994152545928955,
      2.280963897705078,
      3.4155726432800293,
      1.9691290855407715,
      3.5726261138916016,
      2.0268633365631104,
      2.0847220420837402,
      3.033365249633789,
      4.424898147583008,
      3.6151230335235596,
      5.693759918212891,
      3.4709460735321045,
      5.208064556121826,
      3.8671631813049316,
      5.563539505004883,
      4.519495487213135,
      6.276653289794922
    ],
    [
      2.1613810062408447,
      1.0368380546569824,
      1.1510578393936157,
      1.3225593566894531,
      1.8369203805923462,
      3.1521615982055664,
      0.8041237592697144,
      -0.12030782550573349,
      2.167163848876953,
      2.531581163406372,
      4.196446418762207,
      4.205776214599609,
      4.672125816345215,
      3.587721586227417,
      5.431754112243652,
      4.519495487213135,
      7.5187788009643555,
      6.255556583404541
    ],
    [
      1.8954360485076904,
      1.60460364818573,
      3.024794101715088,
      3.9113378524780273,
      2.1557681560516357,
      5.5300798416137695,
      2.393303394317627,
      3.8339626789093018,
      3.930027723312378,
      7.33843994140625,
      4.81569766998291,
      9.358563423156738,
      3.227566719055176,
      5.777324199676514,
      3.7350151538848877,
      6.276653289794922,
      6.255556583404541,
      9.77182674407959
    ]
  ],
  "covariance_short": [
    [
      17.56995391845703,
      4.891340255737305,
      4.276070594787598,
      2.637495756149292,
      3.4809815883636475,
      0.6193428635597229,
      1.8877733945846558,
      0.6823626160621643,
      0.5135201215744019,
      0.19210894405841827,
      1.4010136127471924,
      1.2398203611373901,
      1.5522788763046265,
      2.1447560787200928,
      1.7444549798965454,
      2.4785001277923584,
      2.7445085048675537,
      2.3283324241638184
    ],
    [
      4.891340255737305,
      15.377750396728516,
      1.618718147277832,
      3.5315706729888916,
      0.6057549715042114,
      1.131759762763977,
      1.07606840133667,
      0.015404727309942245,
      -1.2345311641693115,
      -0.9490723609924316,
      -0.31472110748291016,
      0.05334196984767914,
      -0.9930403828620911,
      -0.21390880644321442,
      -0.6058793663978577,
      0.23715588450431824,
      -0.4917515218257904,
      0.13630740344524384
    ],
    [
      4.276070594787598,
      1.618718147277832,
      15.037738800048828,
      6.949263095855713,
      2.313703775405884,
      1.3036566972732544,
      5.325412273406982,
      2.8845982551574707,
      4.855043411254883,
      4.352167129516602,
      6.83397912979126,
      6.158143520355225,
      6.730507850646973,
      7.188151836395264,
      6.179144382476807,
      7.276384353637695,
      6.820926666259766,
      7.251315116882324
    ],
    [
      2.637495756149292,
      3.5315706729888916,
      6.949263095855713,
      16.82018280029297,
      0.695979118347168,
      2.6889407634735107,
      3.5710370540618896,
      4.388146877288818,
      4.27272891998291,
      6.401855945587158,
      2.9202942848205566,
      5.833196640014648,
      2.5923919677734375,
      6.2764363288879395,
      2.368187665939331,
      5.111745357513428,
      3.036856174468994,
      5.762698650360107
    ],
    [
      3.4809815883636475,
      0.6057549715042114,
      2.313703775405884,
      0.695979118347168,
      10.849833488464355,
      5.873014450073242,
      4.327208518981934,
      3.6028733253479004,
      5.211686134338379,
      2.6436212062835693,
      3.9641244411468506,
      3.562443256378174,
      4.127462863922119,
      3.8938305377960205,
      4.598047733306885,
      4.892548084259033,
      5.086218357086182,
      4.947116374969482
    ],
    [
      0.6193428635597229,
      1.131759762763977,
      1.3036566972732544,
      2.6889407634735107,
      5.873014450073242,
      15.636494636535645,
      4.541972637176514,
      7.460135459899902,
      6.694156646728516,
      7.449138164520264,
      5.944375991821289,
      8.52033805847168,
      5.031752586364746,
      6.585792064666748,
      5.6067376136779785,
      7.760465145111084,
      6.818309307098389,
      9.629620552062988
    ],
    [
      1.8877733945846558,
      1.07606840133667,
      5.325412273406982,
      3.5710370540618896,
      4.327208518981934,
      4.541972637176514,
      16.04021644592285,
      7.951783180236816,
      9.281508445739746,
      5.910011291503906,
      5.863311767578125,
      5.716195583343506,
      4.919041156768799,
      5.642165184020996,
      4.4018635749816895,
      5.522621154785156,
      5.090625762939453,
      5.703006744384766
    ],
    [
      0.6823626160621643,
      0.015404727309942245,
      2.8845982551574707,
      4.388146877288818,
      3.6028733253479004,
      7.460135459899902,
      7.951783180236816,
      15.442598342895508,
      8.896917343139648,
      11.355690956115723,
      3.976372480392456,
      9.443079948425293,
      2.800307273864746,
      7.71207857131958,
      1.6296218633651733,
      5.95269250869751,
      2.7420785427093506,
      7.54827356338501
    ],
    [
      0.5135201215744019,
      -1.2345311641693115,
      4.855043411254883,
      4.27272891998291,
      5.211686134338379,
      6.694156646728516,
      9.281508445739746,
      8.896917343139648,
      21.414854049682617,
      14.941229820251465,
      9.336047172546387,
      10.566872596740723,
      8.310338973999023,
      9.808394432067871,
      8.615572929382324,
      9.755097389221191,
      10.21046257019043,
      10.606867790222168
    ],
    [
      0.19210894405841827,
      -0.9490723609924316,
      4.352167129516602,
      6.401855945587158,
      2.6436212062835693,
      7.449138164520264,
      5.910011291503906,
      11.355690956115723,
      14.941229820251465,
      22.866600036621094,
      7.3448896408081055,
      16.0853328704834,
      4.227720260620117,
      10.769145965576172,
      4.91314172744751,
      10.077951431274414,
      7.608311653137207,
      13.032033920288086
    ],
    [
      1.4010136127471924,
      -0.31472110748291016,
      6.83397912979126,
      2.9202942848205566,
      3.9641244411468506,
      5.944375991821289,
      5.863311767578125,
      3.976372480392456,
      9.336047172546387,
      7.3448896408081055,
      18.50860595703125,
      14.275775909423828,
      14.721924781799316,
      11.784085273742676,
      15.556117057800293,
      13.328439712524414,
      15.804323196411133,
      13.49393367767334
    ],
    [
      1.2398203611373901,
      0.05334196984767914,
      6.158143520355225,
      5.833196640014648,
      3.562443256378174,
      8.52033805847168,
      5.716195583343506,
      9.443079948425293,
      10.566872596740723,
      16.0853328704834,
      14.275775909423828,
      22.590822219848633,
      8.915019035339355,
      14.115427017211914,
      9.65378475189209,
      14.382306098937988,
      12.061200141906738,
      17.421772003173828
    ],
    [
      1.5522788763046265,
      -0.9930403828620911,
      6.730507850646973,
      2.5923919677734375,
      4.127462863922119,
      5.031752586364746,
      4.919041156768799,
      2.800307273864746,
      8.310338973999023,
      4.227720260620117,
      14.721924781799316,
      8.915019035339355,
      24.268810272216797,
      16.238384246826172,
      21.664274215698242,
      15.429211616516113,
      17.74848747253418,
      12.327690124511719
    ],
    [
      2.1447560787200928,
      -0.21390880644321442,
      7.188151836395264,
      6.2764363288879395,
      3.8938305377960205,
      6.585792064666748,
      5.642165184020996,
      7.71207857131958,
      9.808394432067871,
      10.769145965576172,
      11.784085273742676,
      14.115427017211914,
      16.238384246826172,
      19.746328353881836,
      14.254344940185547,
      16.185300827026367,
      12.845048904418945,
      14.742827415466309
    ],
    [
      1.7444549798965454,
      -0.6058793663978577,
      6.179144382476807,
      2.368187665939331,
      4.598047733306885,
      5.6067376136779785,
      4.4018635749816895,
      1.6296218633651733,
      8.615572929382324,
      4.91314172744751,
      15.556117057800293,
      9.65378475189209,
      21.664274215698242,
      14.254344940185547,
      24.881898880004883,
      17.532424926757812,
      20.347557067871094,
      14.045411109924316
    ],
    [
      2.4785001277923584,
      0.23715588450431824,
      7.276384353637695,
      5.111745357513428,
      4.892548084259033,
      7.760465145111084,
      5.522621154785156,
      5.95269250869751,
      9.755097389221191,
      10.077951431274414,
      13.328439712524414,
      14.382306098937988,
      15.429211616516113,
      16.185300827026367,
      17.532424926757812,
      18.77629280090332,
      16.08083152770996,
      16.95290756225586
    ],
    [
      2.7445085048675537,
      -0.4917515218257904,
      6.820926666259766,
      3.036856174468994,
      5.086218357086182,
      6.818309307098389,
      5.090625762939453,
      2.7420785427093506,
      10.21046257019043,
      7.608311653137207,
      15.804323196411133,
      12.061200141906738,
      17.74848747253418,
      12.845048904418945,
      20.347557067871094,
      16.08083152770996,
      22.451892852783203,
      16.939226150512695
    ],
    [
      2.3283324241638184,
      0.13630740344524384,
      7.251315116882324,
      5.762698650360107,
      4.947116374969482,
      9.629620552062988,
      5.703006744384766,
      7.54827356338501,
      10.606867790222168,
      13.032033920288086,
      13.49393367767334,
      17.421772003173828,
      12.327690124511719,
      14.742827415466309,
      14.045411109924316,
      16.95290756225586,
      16.939226150512695,
      20.533206939697266
    ]
  ],
  "damage": -9.627788543701172,
  "diff_bandwidth": 571.9613647460938,
  "dissonance": 9.116091352214161,
  "drr": 5.9044976234436035,
  "dynamics": 1.3646384477615356,
  "format": 1245190,
  "frames": 3629056,
  "loudness": -13.247858047485352,
  "loudness_range": 2.7662086486816406,
  "loudness_range_short": 5.745144844055176,
  "lowpass_true_peak_15khz": 0.3796725273132324,
  "mastering3_acoustic_entropies": [
    {
      "acoustic_entropy": 4.520491600036621,
      "acoustic_entropy_mono": 4.617363929748535,
      "band_eliminated_acoustic_entropies": [
        {
          "acoustic_entropy": 4.676672458648682,
          "acoustic_entropy_side": 4.521350860595703,
          "hz": 129.47220167065723
        },
        {
          "acoustic_entropy": 4.7330169677734375,
          "acoustic_entropy_side": 4.5322980880737305,
          "hz": 202.92927478742237
        },
        {
          "acoustic_entropy": 4.247838020324707,
          "acoustic_entropy_side": 4.477593421936035,
          "hz": 282.89161906338205
        },
        {
          "acoustic_entropy": 4.846656322479248,
          "acoustic_entropy_side": 4.041851997375488,
          "hz": 369.9353335868758
        },
        {
          "acoustic_entropy": 4.5411882400512695,
          "acoustic_entropy_side": 4.502987861633301,
          "hz": 464.6875360973435
        },
        {
          "acoustic_entropy": 4.594361782073975,
          "acoustic_entropy_side": 4.6164445877075195,
          "hz": 567.8308811364784
        },
        {
          "acoustic_entropy": 4.446021556854248,
          "acoustic_entropy_side": 4.613219738006592,
          "hz": 680.1084783214808
        },
        {
          "acoustic_entropy": 4.372937202453613,
          "acoustic_entropy_side": 4.552346706390381,
          "hz": 802.3292461747484
        },
        {
          "acoustic_entropy": 4.787252426147461,
          "acoustic_entropy_side": 4.531922817230225,
          "hz": 935.3737400823702
        },
        {
          "acoustic_entropy": 4.62797737121582,
          "acoustic_entropy_side": 4.5460076332092285,
          "hz": 1080.2004963696966
        },
        {
          "acoustic_entropy": 5.045983791351318,
          "acoustic_entropy_side": 4.578647136688232,
          "hz": 1237.8529382007157
        },
        {
          "acoustic_entropy": 4.883073329925537,
          "acoustic_entropy_side": 4.679586410522461,
          "hz": 1409.4668930556702
        },
        {
          "acoustic_entropy": 4.140201568603516,
          "acoustic_entropy_side": 4.4888224601745605,
          "hz": 1596.2787759475705
        },
        {
          "acoustic_entropy": 4.6824517250061035,
          "acoustic_entropy_side": 4.420580863952637,
          "hz": 1799.6344973346393
        },
        {
          "acoustic_entropy": 4.60480260848999,
          "acoustic_entropy_side": 4.507439613342285,
          "hz": 2020.9991599069049
        },
        {
          "acoustic_entropy": 4.681209087371826,
          "acoustic_entropy_side": 4.598599433898926,
          "hz": 2261.9676141086993
        },
        {
          "acoustic_entropy": 4.0498948097229,
          "acoustic_entropy_side": 4.6154985427856445,
          "hz": 2524.2759484456974
        },
        {
          "acoustic_entropy": 4.666584491729736,
          "acoustic_entropy_side": 4.648794651031494,
          "hz": 2809.813997359896
        },
        {
          "acoustic_entropy": 4.300276756286621,
          "acoustic_entropy_side": 4.637249946594238,
          "hz": 3120.6389567871424
        },
        {
          "acoustic_entropy": 4.755177974700928,
          "acoustic_entropy_side": 4.6154680252075195,
          "hz": 3458.990205492291
        },
        {
          "acoustic_entropy": 4.5371880531311035,
          "acoustic_entropy_side": 4.513910293579102,
          "hz": 3827.305438964164
        },
        {
          "acoustic_entropy": 4.3867058753967285,
          "acoustic_entropy_side": 4.466226577758789,
          "hz": 4228.238232109126
        },
        {
          "acoustic_entropy": 4.3140339851379395,
          "acoustic_entropy_side": 4.40079927444458,
          "hz": 4664.6771572759235
        },
        {
          "acoustic_entropy": 4.552215099334717,
          "acoustic_entropy_side": 4.409036159515381,
          "hz": 5139.766595350093
        },
        {
          "acoustic_entropy": 4.576809406280518,
          "acoustic_entropy_side": 4.489591121673584,
          "hz": 5656.929389854203
        },
        {
          "acoustic_entropy": 4.749899387359619,
          "acoustic_entropy_side": 4.491966724395752,
          "hz": 6219.891507268283
        },
        {
          "acoustic_entropy": 4.726367473602295,
          "acoustic_entropy_side": 4.511816024780273,
          "hz": 6832.70888123896
        },
        {
          "acoustic_entropy": 4.671878814697266,
          "acoustic_entropy_side": 4.5121049880981445,
          "hz": 7499.796634079867
        },
        {
          "acoustic_entropy": 4.601272106170654,
          "acoustic_entropy_side": 4.516032695770264,
          "hz": 8225.96088609342
        },
        {
          "acoustic_entropy": 4.565563201904297,
          "acoustic_entropy_side": 4.514549255371094,
          "hz": 9016.43338188839
        },
        {
          "acoustic_entropy": 4.643024444580078,
          "acoustic_entropy_side": 4.51141881942749,
          "hz": 9876.909183162974
        },
        {
          "acoustic_entropy": 4.679405689239502,
          "acoustic_entropy_side": 4.51346492767334,
          "hz": 10813.587699516042
        },
        {
          "acoustic_entropy": 4.665618896484375,
          "acoustic_entropy_side": 4.517669200897217,
          "hz": 11833.21735289826
        },
        {
          "acoustic_entropy": 4.5612897872924805,
          "acoustic_entropy_side": 4.519106388092041,
          "hz": 12943.144197493959
        },
        {
          "acoustic_entropy": 4.488694667816162,
          "acoustic_entropy_side": 4.521036148071289,
          "hz": 14151.364845322005
        },
        {
          "acoustic_entropy": 4.5055155754089355,
          "acoustic_entropy_side": 4.522709846496582,
          "hz": 15466.58407886509
        },
        {
          "acoustic_entropy": 4.519139289855957,
          "acoustic_entropy_side": 4.522430896759033,
          "hz": 16898.27756580493
        },
        {
          "acoustic_entropy": 4.519349098205566,
          "acoustic_entropy_side": 4.522129058837891,
          "hz": 18456.760127700032
        },
        {
          "acoustic_entropy": 4.520012855529785,
          "acoustic_entropy_side": 4.521640777587891,
          "hz": 20153.260054456492
        },
        {
          "acoustic_entropy": 4.520429611206055,
          "acoustic_entropy_side": 4.520599842071533,
          "hz": 22000.00000000001
        }
      ],
      "diff_acoustic_entropy": 3.692474842071533,
      "sn": 6
    },
    {
      "acoustic_entropy": 8.259480476379395,
      "acoustic_entropy_mono": 7.370502948760986,
      "band_eliminated_acoustic_entropies": [
        {
          "acoustic_entropy": 8.19667911529541,
          "acoustic_entropy_side": 8.260147094726562,
          "hz": 129.47220167065723
        },
        {
          "acoustic_entropy": 8.483070373535156,
          "acoustic_entropy_side": 8.324901580810547,
          "hz": 202.92927478742237
        },
        {
          "acoustic_entropy": 7.8943071365356445,
          "acoustic_entropy_side": 8.298860549926758,
          "hz": 282.89161906338205
        },
        {
          "acoustic_entropy": 7.606895446777344,
          "acoustic_entropy_side": 8.37271785736084,
          "hz": 369.9353335868758
        },
        {
          "acoustic_entropy": 7.914435386657715,
          "acoustic_entropy_side": 7.843558311462402,
          "hz": 464.6875360973435
        },
        {
          "acoustic_entropy": 7.928707599639893,
          "acoustic_entropy_side": 8.678704261779785,
          "hz": 567.8308811364784
        },
        {
          "acoustic_entropy": 7.971594333648682,
          "acoustic_entropy_side": 8.586644172668457,
          "hz": 680.1084783214808
        },
        {
          "acoustic_entropy": 8.221226692199707,
          "acoustic_entropy_side": 8.436827659606934,
          "hz": 802.3292461747484
        },
        {
          "acoustic_entropy": 8.132711410522461,
          "acoustic_entropy_side": 8.32962417602539,
          "hz": 935.3737400823702
        },
        {
          "acoustic_entropy": 7.742720127105713,
          "acoustic_entropy_side": 8.091382026672363,
          "hz": 1080.2004963696966
        },
        {
          "acoustic_entropy": 8.210478782653809,
          "acoustic_entropy_side": 8.035964965820312,
          "hz": 1237.8529382007157
        },
        {
          "acoustic_entropy": 7.802269458770752,
          "acoustic_entropy_side": 8.34682846069336,
          "hz": 1409.4668930556702
        },
        {
          "acoustic_entropy": 7.798181056976318,
          "acoustic_entropy_side": 8.260836601257324,
          "hz": 1596.2787759475705
        },
        {
          "acoustic_entropy": 7.935797691345215,
          "acoustic_entropy_side": 8.21543025970459,
          "hz": 1799.6344973346393
        },
        {
          "acoustic_entropy": 8.166094779968262,
          "acoustic_entropy_side": 8.460417747497559,
          "hz": 2020.9991599069049
        },
        {
          "acoustic_entropy": 7.556782245635986,
          "acoustic_entropy_side": 8.174378395080566,
          "hz": 2261.9676141086993
        },
        {
          "acoustic_entropy": 8.03577995300293,
          "acoustic_entropy_side": 8.216034889221191,
          "hz": 2524.2759484456974
        },
        {
          "acoustic_entropy": 8.091357231140137,
          "acoustic_entropy_side": 8.270851135253906,
          "hz": 2809.813997359896
        },
        {
          "acoustic_entropy": 8.198583602905273,
          "acoustic_entropy_side": 8.30817699432373,
          "hz": 3120.6389567871424
        },
        {
          "acoustic_entropy": 8.241381645202637,
          "acoustic_entropy_side": 8.195775032043457,
          "hz": 3458.990205492291
        },
        {
          "acoustic_entropy": 8.046869277954102,
          "acoustic_entropy_side": 8.270867347717285,
          "hz": 3827.305438964164
        },
        {
          "acoustic_entropy": 8.00870418548584,
          "acoustic_entropy_side": 8.140684127807617,
          "hz": 4228.238232109126
        },
        {
          "acoustic_entropy": 8.087382316589355,
          "acoustic_entropy_side": 8.09562873840332,
          "hz": 4664.6771572759235
        },
        {
          "acoustic_entropy": 8.229512214660645,
          "acoustic_entropy_side": 8.175869941711426,
          "hz": 5139.766595350093
        },
        {
          "acoustic_entropy": 7.862703323364258,
          "acoustic_entropy_side": 8.144344329833984,
          "hz": 5656.929389854203
        },
        {
          "acoustic_entropy": 8.03316879272461,
          "acoustic_entropy_side": 8.267834663391113,
          "hz": 6219.891507268283
        },
        {
          "acoustic_entropy": 8.310919761657715,
          "acoustic_entropy_side": 8.282220840454102,
          "hz": 6832.70888123896
        },
        {
          "acoustic_entropy": 8.215474128723145,
          "acoustic_entropy_side": 8.273713111877441,
          "hz": 7499.796634079867
        },
        {
          "acoustic_entropy": 8.230360984802246,
          "acoustic_entropy_side": 8.278175354003906,
          "hz": 8225.96088609342
        },
        {
          "acoustic_entropy": 8.227438926696777,
          "acoustic_entropy_side": 8.263071060180664,
          "hz": 9016.43338188839
        },
        {
          "acoustic_entropy": 8.297447204589844,
          "acoustic_entropy_side": 8.267719268798828,
          "hz": 9876.909183162974
        },
        {
          "acoustic_entropy": 8.314003944396973,
          "acoustic_entropy_side": 8.2583589553833,
          "hz": 10813.587699516042
        },
        {
          "acoustic_entropy": 8.30015754699707,
          "acoustic_entropy_side": 8.262462615966797,
          "hz": 11833.21735289826
        },
        {
          "acoustic_entropy": 8.289924621582031,
          "acoustic_entropy_side": 8.261451721191406,
          "hz": 12943.144197493959
        },
        {
          "acoustic_entropy": 8.18056583404541,
          "acoustic_entropy_side": 8.266569137573242,
          "hz": 14151.364845322005
        },
        {
          "acoustic_entropy": 8.117698669433594,
          "acoustic_entropy_side": 8.268255233764648,
          "hz": 15466.58407886509
        },
        {
          "acoustic_entropy": 8.205928802490234,
          "acoustic_entropy_side": 8.26991081237793,
          "hz": 16898.27756580493
        },
        {
          "acoustic_entropy": 8.235803604125977,
          "acoustic_entropy_side": 8.268014907836914,
          "hz": 18456.760127700032
        },
        {
          "acoustic_entropy": 8.22943115234375,
          "acoustic_entropy_side": 8.262883186340332,
          "hz": 20153.260054456492
        },
        {
          "acoustic_entropy": 8.25732707977295,
          "acoustic_entropy_side": 8.259748458862305,
          "hz": 22000.00000000001
        }
      ],
      "diff_acoustic_entropy": 7.035271167755127,
      "sn": 12
    },
    {
      "acoustic_entropy": 11.393834114074707,
      "acoustic_entropy_mono": 9.775094985961914,
      "band_eliminated_acoustic_entropies": [
        {
          "acoustic_entropy": 11.932380676269531,
          "acoustic_entropy_side": 11.426542282104492,
          "hz": 129.47220167065723
        },
        {
          "acoustic_entropy": 11.704534530639648,
          "acoustic_entropy_side": 11.754520416259766,
          "hz": 202.92927478742237
        },
        {
          "acoustic_entropy": 11.709239959716797,
          "acoustic_entropy_side": 11.994872093200684,
          "hz": 282.89161906338205
        },
        {
          "acoustic_entropy": 10.923697471618652,
          "acoustic_entropy_side": 11.860403060913086,
          "hz": 369.9353335868758
        },
        {
          "acoustic_entropy": 11.044695854187012,
          "acoustic_entropy_side": 11.002655029296875,
          "hz": 464.6875360973435
        },
        {
          "acoustic_entropy": 11.092564582824707,
          "acoustic_entropy_side": 10.80893611907959,
          "hz": 567.8308811364784
        },
        {
          "acoustic_entropy": 12.069120407104492,
          "acoustic_entropy_side": 11.750203132629395,
          "hz": 680.1084783214808
        },
        {
          "acoustic_entropy": 11.848158836364746,
          "acoustic_entropy_side": 12.064035415649414,
          "hz": 802.3292461747484
        },
        {
          "acoustic_entropy": 11.47089672088623,
          "acoustic_entropy_side": 10.845052719116211,
          "hz": 935.3737400823702
        },
        {
          "acoustic_entropy": 11.422041893005371,
          "acoustic_entropy_side": 11.428080558776855,
          "hz": 1080.2004963696966
        },
        {
          "acoustic_entropy": 11.130179405212402,
          "acoustic_entropy_side": 11.5009126663208,
          "hz": 1237.8529382007157
        },
        {
          "acoustic_entropy": 11.85090446472168,
          "acoustic_entropy_side": 12.156715393066406,
          "hz": 1409.4668930556702
        },
        {
          "acoustic_entropy": 11.380460739135742,
          "acoustic_entropy_side": 11.413739204406738,
          "hz": 1596.2787759475705
        },
        {
          "acoustic_entropy": 11.611895561218262,
          "acoustic_entropy_side": 11.453373908996582,
          "hz": 1799.6344973346393
        },
        {
          "acoustic_entropy": 11.66373348236084,
          "acoustic_entropy_side": 11.613141059875488,
          "hz": 2020.9991599069049
        },
        {
          "acoustic_entropy": 11.854167938232422,
          "acoustic_entropy_side": 11.665782928466797,
          "hz": 2261.9676141086993
        },
        {
          "acoustic_entropy": 11.834524154663086,
          "acoustic_entropy_side": 11.716083526611328,
          "hz": 2524.2759484456974
        },
        {
          "acoustic_entropy": 11.526049613952637,
          "acoustic_entropy_side": 11.45677375793457,
          "hz": 2809.813997359896
        },
        {
          "acoustic_entropy": 11.258423805236816,
