{
  "acoustic_entropy": 128.56280517578125,
  "bands": [
    {
      "high_freq": 148.1999969482422,
      "loudness": -34.40462875366211,
      "loudness_range": 18.617290496826172,
      "mid_mean": -30.966794967651367,
      "mid_to_side_loudness": -17.30978775024414,
      "mid_to_side_loudness_range": 23.674945831298828,
      "side_mean": -50.92777633666992
    },
    {
      "high_freq": 392.3793640136719,
      "loudness": -23.210744857788086,
      "loudness_range": 12.112337112426758,
      "low_freq": 148.1999969482422,
      "mid_mean": -19.51392936706543,
      "mid_to_side_loudness": -31.267427444458008,
      "mid_to_side_loudness_range": 13.773880004882812,
      "side_mean": -53.34376525878906
    },
    {
      "high_freq": 794.6976318359375,
      "loudness": -23.25823402404785,
      "loudness_range": 11.209659576416016,
      "low_freq": 392.3793640136719,
      "mid_mean": -19.82567024230957,
      "mid_to_side_loudness": -30.21630096435547,
      "mid_to_side_loudness_range": 12.905052185058594,
      "side_mean": -52.69381332397461
    },
    {
      "high_freq": 1457.5709228515625,
      "loudness": -26.04657554626465,
      "loudness_range": 15.603496551513672,
      "low_freq": 794.6976318359375,
      "mid_mean": -22.760589599609375,
      "mid_to_side_loudness": -24.46866226196289,
      "mid_to_side_loudness_range": 11.072725296020508,
      "side_mean": -50.12866973876953
    },
    {
      "high_freq": 2549.74365234375,
      "loudness": -32.28380584716797,
      "loudness_range": 27.377029418945312,
      "low_freq": 1457.5709228515625,
      "mid_mean": -29.146757125854492,
      "mid_to_side_loudness": -16.83194351196289,
      "mid_to_side_loudness_range": 11.52200698852539,
      "side_mean": -46.7044677734375
    },
    {
      "high_freq": 4349.24462890625,
      "loudness": -36.5909309387207,
      "loudness_range": 31.762531280517578,
      "low_freq": 2549.74365234375,
      "mid_mean": -33.19321823120117,
      "mid_to_side_loudness": -13.047945976257324,
      "mid_to_side_loudness_range": 9.401656150817871,
      "side_mean": -46.71568298339844
    },
    {
      "high_freq": 7314.1640625,
      "loudness": -39.215232849121094,
      "loudness_range": 25.294801712036133,
      "low_freq": 4349.24462890625,
      "mid_mean": -36.01227569580078,
      "mid_to_side_loudness": -9.835383415222168,
      "mid_to_side_loudness_range": 6.294297218322754,
      "side_mean": -46.22779083251953
    },
    {
      "high_freq": 12199.2666015625,
      "loudness": -45.25184631347656,
      "loudness_range": 19.748769760131836,
      "low_freq": 7314.1640625,
      "mid_mean": -43.0072021484375,
      "mid_to_side_loudness": -4.501184463500977,
      "mid_to_side_loudness_range": 4.246718406677246,
      "side_mean": -47.658267974853516
    },
    {
      "loudness": -56.37762451171875,
      "loudness_range": 14.238178253173828,
      "low_freq": 12199.2666015625,
      "mid_mean": -57.6127815246582,
      "mid_to_side_loudness": 1.7523086071014404,
      "mid_to_side_loudness_range": 4.0393218994140625,
      "side_mean": -56.07198715209961
    }
  ],
  "bands_short": [
    {
      "high_freq": 148.1999969482422,
      "loudness": -38.48346710205078,
      "loudness_range": 22.451797485351562,
      "mid_mean": -35.344200134277344,
      "mid_to_side_loudness": -14.2279634475708,
      "mid_to_side_loudness_range": 26.92878532409668,
      "side_mean": -51.96738815307617
    },
    {
      "high_freq": 392.3793640136719,
      "loudness": -23.59332847595215,
      "loudness_range": 13.109474182128906,
      "low_freq": 148.1999969482422,
      "mid_mean": -19.995439529418945,
      "mid_to_side_loudness": -30.791170120239258,
      "mid_to_side_loudness_range": 17.136371612548828,
      "side_mean": -53.42103576660156
    },
    {
      "high_freq": 794.6976318359375,
      "loudness": -23.03036880493164,
      "loudness_range": 10.822019577026367,
      "low_freq": 392.3793640136719,
      "mid_mean": -19.61208152770996,
      "mid_to_side_loudness": -30.885814666748047,
      "mid_to_side_loudness_range": 16.596887588500977,
      "side_mean": -53.4582405090332
    },
    {
      "high_freq": 1457.5709228515625,
      "loudness": -26.09943199157715,
      "loudness_range": 16.57015609741211,
      "low_freq": 794.6976318359375,
      "mid_mean": -22.748319625854492,
      "mid_to_side_loudness": -24.657093048095703,
      "mid_to_side_loudness_range": 12.817258834838867,
      "side_mean": -50.65243911743164
    },
    {
      "high_freq": 2549.74365234375,
      "loudness": -33.093994140625,
      "loudness_range": 29.391334533691406,
      "low_freq": 1457.5709228515625,
      "mid_mean": -29.91541290283203,
      "mid_to_side_loudness": -16.72150230407715,
      "mid_to_side_loudness_range": 13.70085334777832,
      "side_mean": -47.758087158203125
    },
    {
      "high_freq": 4349.24462890625,
      "loudness": -37.414276123046875,
      "loudness_range": 33.47808837890625,
      "low_freq": 2549.74365234375,
      "mid_mean": -34.0758056640625,
      "mid_to_side_loudness": -13.033016204833984,
      "mid_to_side_loudness_range": 10.843669891357422,
      "side_mean": -47.83823013305664
    },
    {
      "high_freq": 7314.1640625,
      "loudness": -39.89149856567383,
      "loudness_range": 26.6678524017334,
      "low_freq": 4349.24462890625,
      "mid_mean": -36.77249526977539,
      "mid_to_side_loudness": -9.810376167297363,
      "mid_to_side_loudness_range": 7.702813148498535,
      "side_mean": -47.18840789794922
    },
    {
      "high_freq": 12199.2666015625,
      "loudness": -45.919403076171875,
      "loudness_range": 20.777984619140625,
      "low_freq": 7314.1640625,
      "mid_mean": -43.70782470703125,
      "mid_to_side_loudness": -4.353793621063232,
      "mid_to_side_loudness_range": 4.999678134918213,
      "side_mean": -50.19469451904297
    },
    {
      "loudness": -56.53040313720703,
      "loudness_range": 14.802181243896484,
      "low_freq": 12199.2666015625,
      "mid_mean": -57.80345153808594,
      "mid_to_side_loudness": 1.8061081171035767,
      "mid_to_side_loudness_range": 4.543226718902588,
      "side_mean": -56.27432632446289
    }
  ],
  "bandwidth": 756.503662109375,
  "channels": 2,
  "covariance": [
    [
      45.638736724853516,
      3.264592409133911,
      8.665945053100586,
      3.8201754093170166,
      0.4691855311393738,
      -0.5552804470062256,
      0.7078952789306641,
      0.5915494561195374,
      -1.7131210565567017,
      0.5181758403778076,
      -4.156572341918945,
      0.05863254889845848,
      -5.827083587646484,
      -2.5580811500549316,
      -2.08809757232666,
      -3.6474664211273193,
      -2.794550657272339,
      -5.041280269622803
    ],
    [
      3.264592409133911,
      36.86197280883789,
      1.6275449991226196,
      33.17036056518555,
      1.3017381429672241,
      33.81442642211914,
      0.4122046232223511,
      38.29278564453125,
      -0.4761965870857239,
      1.24225652217865,
      -1.2210856676101685,
      0.3703955113887787,
      -0.9866227507591248,
      -0.1371193528175354,
      0.4314427673816681,
      2.571488380432129,
      23.485925674438477,
      25.9870662689209
    ],
    [
      8.665945053100586,
      1.6275449991226196,
      22.924022674560547,
      9.158129692077637,
      6.679462432861328,
      4.09221076965332,
      -0.3392229676246643,
      1.3068004846572876,
      -13.3402099609375,
      -6.852835655212402,
      -14.072057723999023,
      -9.13480281829834,
      -12.113021850585938,
      -8.036090850830078,
      -5.183895111083984,
      -5.002424716949463,
      -2.82240629196167,
      -3.5168814659118652
    ],
    [
      3.8201754093170166,
      33.17036056518555,
      9.158129692077637,
      36.51571273803711,
      3.1371676921844482,
      34.62229919433594,
      -0.3583604693412781,
      36.94855499267578,
      -2.576359987258911,
      2.1018240451812744,
      -2.8098971843719482,
      1.178253173828125,
      -1.8169604539871216,
      0.7540911436080933,
      1.9823644161224365,
      4.937234878540039,
      22.922822952270508,
      25.1092472076416
    ],
    [
      0.4691855311393738,
      1.3017381429672241,
      6.679462432861328,
      3.1371676921844482,
      27.364662170410156,
      15.062793731689453,
      24.187332153320312,
      19.420738220214844,
      20.022708892822266,
      20.712800979614258,
      21.427356719970703,
      19.93766212463379,
      13.530906677246094,
      13.805620193481445,
      10.629111289978027,
      9.259153366088867,
      6.507073879241943,
      6.587650299072266
    ],
    [
      -0.5552804470062256,
      33.81442642211914,
      4.09221076965332,
      34.62229919433594,
      15.062793731689453,
      43.8153076171875,
      13.65284538269043,
      49.647743225097656,
      14.794927597045898,
      18.77679443359375,
      16.497146606445312,
      18.821985244750977,
      12.866596221923828,
      14.49924373626709,
      12.711713790893555,
      15.362391471862793,
      29.75302505493164,
      32.963897705078125
    ],
    [
      0.7078952789306641,
      0.4122046232223511,
      -0.3392229676246643,
      -0.3583604693412781,
      24.187332153320312,
      13.65284538269043,
      46.8667106628418,
      33.677650451660156,
      46.898292541503906,
      40.38430404663086,
      44.59052276611328,
      39.405250549316406,
      29.705432891845703,
      25.86618423461914,
      18.141271591186523,
      16.99611473083496,
      10.865338325500488,
      11.799726486206055
    ],
    [
      0.5915494561195374,
      38.29278564453125,
      1.3068004846572876,
      36.94855499267578,
      19.420738220214844,
      49.647743225097656,
      33.677650451660156,
      70.10655975341797,
      42.41361618041992,
      40.83537292480469,
      42.20363235473633,
      41.65066146850586,
      28.366615295410156,
      29.462980270385742,
      21.849395751953125,
      24.592391967773438,
      36.823062896728516,
      41.29853057861328
    ],
    [
      -1.7131210565567017,
      -0.4761965870857239,
      -13.3402099609375,
      -2.576359987258911,
      20.022708892822266,
      14.794927597045898,
      46.898292541503906,
      42.41361618041992,
      107.78569030761719,
      79.5318374633789,
      103.16578674316406,
      87.6159896850586,
      63.221893310546875,
      59.40106964111328,
      36.741275787353516,
      35.63032913208008,
      18.950448989868164,
      22.101652145385742
    ],
    [
      0.5181758403778076,
      1.24225652217865,
      -6.852835655212402,
      2.1018240451812744,
      20.712800979614258,
      18.77679443359375,
      40.38430404663086,
      40.83537292480469,
      79.5318374633789,
      68.06517028808594,
      78.09464263916016,
      72.51004028320312,
      50.68310546875,
      50.24976348876953,
      34.14768981933594,
      33.789894104003906,
      19.07217025756836,
      21.42225456237793
    ],
    [
      -4.156572341918945,
      -1.2210856676101685,
      -14.072057723999023,
      -2.8098971843719482,
      21.427356719970703,
      16.497146606445312,
      44.59052276611328,
      42.20363235473633,
      103.16578674316406,
      78.09464263916016,
      130.28408813476562,
      106.15554809570312,
      85.29841613769531,
      79.34842681884766,
      49.37981033325195,
      48.65583038330078,
      24.127939224243164,
      29.453432083129883
    ],
    [
      0.05863254889845848,
      0.3703955113887787,
      -9.13480281829834,
      1.178253173828125,
      19.93766212463379,
      18.821985244750977,
      39.405250549316406,
      41.65066146850586,
      87.6159896850586,
      72.51004028320312,
      106.15554809570312,
      93.60540008544922,
      70.9971694946289,
      69.40381622314453,
      45.43899154663086,
      45.80765151977539,
      23.474716186523438,
      28.207727432250977
    ],
    [
      -5.827083587646484,
      -0.9866227507591248,
      -12.113021850585938,
      -1.8169604539871216,
      13.530906677246094,
      12.866596221923828,
      29.705432891845703,
      28.366615295410156,
      63.221893310546875,
      50.68310546875,
      85.29841613769531,
      70.9971694946289,
      68.90023040771484,
      61.16929244995117,
      44.82627868652344,
      43.18832778930664,
      24.078887939453125,
      28.461471557617188
    ],
    [
      -2.5580811500549316,
      -0.1371193528175354,
      -8.036090850830078,
      0.7540911436080933,
      13.805620193481445,
      14.49924373626709,
      25.86618423461914,
      29.462980270385742,
      59.40106964111328,
      50.24976348876953,
      79.34842681884766,
      69.40381622314453,
      61.16929244995117,
      59.93169021606445,
      43.81412887573242,
      42.816776275634766,
      22.851137161254883,
      27.586782455444336
    ],
    [
      -2.08809757232666,
      0.4314427673816681,
      -5.183895111083984,
      1.9823644161224365,
      10.629111289978027,
      12.711713790893555,
      18.141271591186523,
      21.849395751953125,
      36.741275787353516,
      34.14768981933594,
      49.37981033325195,
      45.43899154663086,
      44.82627868652344,
      43.81412887573242,
      39.63849639892578,
      36.787837982177734,
      23.20389175415039,
      26.19778060913086
    ],
    [
      -3.6474664211273193,
      2.571488380432129,
      -5.002424716949463,
      4.937234878540039,
      9.259153366088867,
      15.362391471862793,
      16.99611473083496,
      24.592391967773438,
      35.63032913208008,
      33.789894104003906,
      48.65583038330078,
      45.80765151977539,
      43.18832778930664,
      42.816776275634766,
      36.787837982177734,
      39.45033264160156,
      23.515090942382812,
      27.646743774414062
    ],
    [
      -2.794550657272339,
      23.485925674438477,
      -2.82240629196167,
      22.922822952270508,
      6.507073879241943,
      29.75302505493164,
      10.865338325500488,
      36.823062896728516,
      18.950448989868164,
      19.07217025756836,
      24.127939224243164,
      23.474716186523438,
      24.078887939453125,
      22.851137161254883,
      23.20389175415039,
      23.515090942382812,
      30.291854858398438,
      33.39432144165039
    ],
    [
      -5.041280269622803,
      25.9870662689209,
      -3.5168814659118652,
      25.1092472076416,
      6.587650299072266,
      32.963897705078125,
      11.799726486206055,
      41.29853057861328,
      22.101652145385742,
      21.42225456237793,
      29.453432083129883,
      28.207727432250977,
      28.461471557617188,
      27.586782455444336,
      26.19778060913086,
      27.646743774414062,
      33.39432144165039,
      38.260459899902344
    ]
  ],
  "covariance_short": [
    [
      69.60070037841797,
      2.753099203109741,
      10.051568031311035,
      3.7054665088653564,
      0.1944509595632553,
      -0.7980330586433411,
      0.012172969989478588,
      1.7018928527832031,
      -0.2543458044528961,
      2.337125778198242,
      -1.5767147541046143,
      1.9835797548294067,
      -2.569046974182129,
      0.5670873522758484,
      1.426621913909912,
      -0.6608193516731262,
      -0.7480216026306152,
      -2.725921630859375
    ],
    [
      2.753099203109741,
      39.63413619995117,
      1.7327052354812622,
      32.36515808105469,
      0.863240659236908,
      31.619043350219727,
      0.036947328597307205,
      36.37960433959961,
      -1.108157753944397,
      2.4341204166412354,
      -1.690443754196167,
      1.62943434715271,
      -1.3890572786331177,
      0.015659019351005554,
      0.0881330817937851,
      36.31087875366211,
      22.493453979492188,
      24.948894500732422
    ],
    [
      10.051568031311035,
      1.7327052354812622,
      28.563005447387695,
      10.288330078125,
      6.883206844329834,
      6.903122901916504,
      -2.6703503131866455,
      2.790623664855957,
      -11.737462997436523,
      -4.881722450256348,
      -14.028528213500977,
      -8.50854206085205,
      -12.918360710144043,
      -7.939996719360352,
      -4.992338180541992,
      -4.882616996765137,
      -2.714390993118286,
      -3.429401159286499
    ],
    [
      3.7054665088653564,
      32.36515808105469,
      10.288330078125,
      40.1063232421875,
      2.8548386096954346,
      36.32694625854492,
      0.16979588568210602,
      38.317405700683594,
      -0.7286664843559265,
      6.18741512298584,
      -1.8613677024841309,
      4.478999137878418,
      -1.3504185676574707,
      2.671759843826294,
      2.804137706756592,
      36.43259048461914,
      23.3115177154541,
      25.44455337524414
    ],
    [
      0.1944509595632553,
      0.863240659236908,
      6.883206844329834,
      2.8548386096954346,
      27.86918067932129,
      15.603906631469727,
      22.6237850189209,
      19.681543350219727,
      21.58940887451172,
      21.964818954467773,
      23.133270263671875,
      21.11676025390625,
      14.914719581604004,
      13.686235427856445,
      8.73636531829834,
      7.754358291625977,
      4.469821929931641,
      4.536927700042725
    ],
    [
      -0.7980330586433411,
      31.619043350219727,
      6.903122901916504,
      36.32694625854492,
      15.603906631469727,
      48.244911193847656,
      14.370383262634277,
      52.06953048706055,
      17.025238037109375,
      25.073474884033203,
      18.795536041259766,
      24.203121185302734,
      14.327431678771973,
      18.405725479125977,
      14.566368103027344,
      46.88617706298828,
      29.58589744567871,
      32.67950439453125
    ],
    [
      0.012172969989478588,
      0.036947328597307205,
      -2.6703503131866455,
      0.16979588568210602,
      22.6237850189209,
      14.370383262634277,
      48.268192291259766,
      36.0215950012207,
      50.50022888183594,
      44.68946075439453,
      48.53987121582031,
      42.58669662475586,
      31.63467025756836,
      28.14244842529297,
      17.80394744873047,
      16.528263092041016,
      9.559608459472656,
      10.164007186889648
    ],
    [
      1.7018928527832031,
      36.37960433959961,
      2.790623664855957,
      38.317405700683594,
      19.681543350219727,
      52.06953048706055,
      36.0215950012207,
      74.7491455078125,
      46.9255256652832,
      49.889339447021484,
      47.14955139160156,
      49.822120666503906,
      31.944623947143555,
      35.88574981689453,
      24.29673194885254,
      61.431758880615234,
      36.692623138427734,
      41.28892517089844
    ],
    [
      -0.2543458044528961,
      -1.108157753944397,
      -11.737462997436523,
      -0.7286664843559265,
      21.58940887451172,
      17.025238037109375,
      50.50022888183594,
      46.9255256652832,
      118.78205871582031,
      88.36808013916016,
      113.3080825805664,
      96.27989196777344,
      70.84593963623047,
      65.81063079833984,
      37.93764114379883,
      37.251747131347656,
      18.37451171875,
      21.268795013427734
    ],
    [
      2.337125778198242,
      2.4341204166412354,
      -4.881722450256348,
      6.18741512298584,
      21.964818954467773,
      25.073474884033203,
      44.68946075439453,
      49.889339447021484,
      88.36808013916016,
      81.6148681640625,
      88.02360534667969,
      84.93282318115234,
      57.45200729370117,
      60.01525115966797,
      38.16122817993164,
      40.11670684814453,
      21.40414810180664,
      23.966909408569336
    ],
    [
      -1.5767147541046143,
      -1.690443754196167,
      -14.028528213500977,
      -1.8613677024841309,
      23.133270263671875,
      18.795536041259766,
      48.53987121582031,
      47.14955139160156,
      113.3080825805664,
      88.02360534667969,
      145.90663146972656,
      118.7003173828125,
      97.03486633300781,
      89.48316955566406,
      54.508544921875,
      53.574832916259766,
      25.500083923339844,
      30.41111946105957
    ],
    [
      1.9835797548294067,
      1.62943434715271,
      -8.50854206085205,
      4.478999137878418,
      21.11676025390625,
      24.203121185302734,
      42.58669662475586,
      49.822120666503906,
      96.27989196777344,
      84.93282318115234,
      118.7003173828125,
      108.03800201416016,
      80.29296112060547,
      81.14608001708984,
      51.072574615478516,
      53.524269104003906,
      26.522342681884766,
      31.349620819091797
    ],
    [
      -2.569046974182129,
      -1.3890572786331177,
      -12.918360710144043,
      -1.3504185676574707,
      14.914719581604004,
      14.327431678771973,
      31.63467025756836,
      31.944623947143555,
      70.84593963623047,
      57.45200729370117,
      97.03486633300781,
      80.29296112060547,
      80.89615631103516,
      71.70874786376953,
      51.49760055541992,
      49.46002197265625,
      26.196622848510742,
      30.237564086914062
    ],
    [
      0.5670873522758484,
      0.015659019351005554,
      -7.939996719360352,
      2.671759843826294,
      13.686235427856445,
      18.405725479125977,
      28.14244842529297,
      35.88574981689453,
      65.81063079833984,
      60.01525115966797,
      89.48316955566406,
      81.14608001708984,
      71.70874786376953,
      72.9022216796875,
      51.37126159667969,
      51.32011032104492,
      26.23002052307129,
      31.030527114868164
    ],
    [
      1.426621913909912,
      0.0881330817937851,
      -4.992338180541992,
      2.804137706756592,
      8.73636531829834,
      14.566368103027344,
      17.80394744873047,
      24.29673194885254,
      37.93764114379883,
      38.16122817993164,
      54.508544921875,
      51.072574615478516,
      51.49760055541992,
      51.37126159667969,
      47.21041488647461,
      42.96522521972656,
      25.96761703491211,
      28.60272979736328
    ],
    [
      -0.6608193516731262,
      36.31087875366211,
      -4.882616996765137,
      36.43259048461914,
      7.754358291625977,
      46.88617706298828,
      16.528263092041016,
      61.431758880615234,
      37.251747131347656,
      40.11670684814453,
      53.574832916259766,
      53.524269104003906,
      49.46002197265625,
      51.32011032104492,
      42.96522521972656,
      79.02144622802734,
      46.70542907714844,
      53.41303253173828
    ],
    [
      -0.7480216026306152,
      22.493453979492188,
      -2.714390993118286,
      23.3115177154541,
      4.469821929931641,
      29.58589744567871,
      9.559608459472656,
      36.692623138427734,
      18.37451171875,
      21.40414810180664,
      25.500083923339844,
      26.522342681884766,
      26.196622848510742,
      26.23002052307129,
      25.96761703491211,
      46.70542907714844,
      31.52017593383789,
      34.0955696105957
    ],
    [
      -2.725921630859375,
      24.948894500732422,
      -3.429401159286499,
      25.44455337524414,
      4.536927700042725,
      32.67950439453125,
      10.164007186889648,
      41.28892517089844,
      21.268795013427734,
      23.966909408569336,
      30.41111946105957,
      31.349620819091797,
      30.237564086914062,
      31.030527114868164,
      28.60272979736328,
      53.41303253173828,
      34.0955696105957,
      39.0395393371582
    ]
  ],
  "damage": -7.078329563140869,
  "diff_bandwidth": 812.6954345703125,
  "dissonance": 6.6848894528712055,
  "drr": 4.38473653793335,
  "dynamics": 2.969036102294922,
  "format": 1245190,
  "frames": 1736704,
  "loudness": -13.543840408325195,
  "loudness_range": 7.969473838806152,
  "loudness_range_short": 8.968722343444824,
  "lowpass_true_peak_15khz": -2.6355504989624023,
  "mastering3_acoustic_entropies": [
    {
      "acoustic_entropy": 7.326426982879639,
      "acoustic_entropy_mono": 7.220562934875488,
      "band_eliminated_acoustic_entropies": [
        {
          "acoustic_entropy": 7.3931403160095215,
          "acoustic_entropy_side": 7.3264241218566895,
          "hz": 129.47220167065723
        },
        {
          "acoustic_entropy": 7.385786056518555,
          "acoustic_entropy_side": 7.32642936706543,
          "hz": 202.92927478742237
        },
        {
          "acoustic_entropy": 7.475371837615967,
          "acoustic_entropy_side": 7.326427459716797,
          "hz": 282.89161906338205
        },
        {
          "acoustic_entropy": 7.132748603820801,
          "acoustic_entropy_side": 7.326424598693848,
          "hz": 369.9353335868758
        },
        {
          "acoustic_entropy": 7.266892433166504,
          "acoustic_entropy_side": 7.326436519622803,
          "hz": 464.6875360973435
        },
        {
          "acoustic_entropy": 6.926723480224609,
          "acoustic_entropy_side": 7.326422214508057,
          "hz": 567.8308811364784
        },
        {
          "acoustic_entropy": 7.573712348937988,
          "acoustic_entropy_side": 7.326411724090576,
          "hz": 680.1084783214808
        },
        {
          "acoustic_entropy": 7.487349033355713,
          "acoustic_entropy_side": 7.3264055252075195,
          "hz": 802.3292461747484
        },
        {
          "acoustic_entropy": 7.5409770011901855,
          "acoustic_entropy_side": 7.326437473297119,
          "hz": 935.3737400823702
        },
        {
          "acoustic_entropy": 7.375975131988525,
          "acoustic_entropy_side": 7.326467990875244,
          "hz": 1080.2004963696966
        },
        {
          "acoustic_entropy": 7.16198205947876,
          "acoustic_entropy_side": 7.32634973526001,
          "hz": 1237.8529382007157
        },
        {
          "acoustic_entropy": 7.4452338218688965,
          "acoustic_entropy_side": 7.326488018035889,
          "hz": 1409.4668930556702
        },
        {
          "acoustic_entropy": 6.4573469161987305,
          "acoustic_entropy_side": 7.326663970947266,
          "hz": 1596.2787759475705
        },
        {
          "acoustic_entropy": 7.38279390335083,
          "acoustic_entropy_side": 7.326746463775635,
          "hz": 1799.6344973346393
        },
        {
          "acoustic_entropy": 7.2776970863342285,
          "acoustic_entropy_side": 7.326382637023926,
          "hz": 2020.9991599069049
        },
        {
          "acoustic_entropy": 7.337718486785889,
          "acoustic_entropy_side": 7.3281121253967285,
          "hz": 2261.9676141086993
        },
        {
          "acoustic_entropy": 7.290187835693359,
          "acoustic_entropy_side": 7.326193809509277,
          "hz": 2524.2759484456974
        },
        {
          "acoustic_entropy": 7.038211822509766,
          "acoustic_entropy_side": 7.3260884284973145,
          "hz": 2809.813997359896
        },
        {
          "acoustic_entropy": 7.315650463104248,
          "acoustic_entropy_side": 7.32529354095459,
          "hz": 3120.6389567871424
        },
        {
          "acoustic_entropy": 7.396169662475586,
          "acoustic_entropy_side": 7.328944683074951,
          "hz": 3458.990205492291
        },
        {
          "acoustic_entropy": 7.415981769561768,
          "acoustic_entropy_side": 7.330756664276123,
          "hz": 3827.305438964164
        },
        {
          "acoustic_entropy": 7.333445072174072,
          "acoustic_entropy_side": 7.325164318084717,
          "hz": 4228.238232109126
        },
        {
          "acoustic_entropy": 7.238147258758545,
          "acoustic_entropy_side": 7.314155101776123,
          "hz": 4664.6771572759235
        },
        {
          "acoustic_entropy": 7.204738140106201,
          "acoustic_entropy_side": 7.30937385559082,
          "hz": 5139.766595350093
        },
        {
          "acoustic_entropy": 7.191886901855469,
          "acoustic_entropy_side": 7.308534622192383,
          "hz": 5656.929389854203
        },
        {
          "acoustic_entropy": 7.246958255767822,
          "acoustic_entropy_side": 7.316856384277344,
          "hz": 6219.891507268283
        },
        {
          "acoustic_entropy": 7.3028998374938965,
          "acoustic_entropy_side": 7.31735372543335,
          "hz": 6832.70888123896
        },
        {
          "acoustic_entropy": 7.315754413604736,
          "acoustic_entropy_side": 7.315448760986328,
          "hz": 7499.796634079867
        },
        {
          "acoustic_entropy": 7.278083801269531,
          "acoustic_entropy_side": 7.310085296630859,
          "hz": 8225.96088609342
        },
        {
          "acoustic_entropy": 7.292481422424316,
          "acoustic_entropy_side": 7.310712814331055,
          "hz": 9016.43338188839
        },
        {
          "acoustic_entropy": 7.329996585845947,
          "acoustic_entropy_side": 7.3142290115356445,
          "hz": 9876.909183162974
        },
        {
          "acoustic_entropy": 7.314326763153076,
          "acoustic_entropy_side": 7.317884922027588,
          "hz": 10813.587699516042
        },
        {
          "acoustic_entropy": 7.318000793457031,
          "acoustic_entropy_side": 7.320217132568359,
          "hz": 11833.21735289826
        },
        {
          "acoustic_entropy": 7.320562362670898,
          "acoustic_entropy_side": 7.321574687957764,
          "hz": 12943.144197493959
        },
        {
          "acoustic_entropy": 7.323452472686768,
          "acoustic_entropy_side": 7.32383394241333,
          "hz": 14151.364845322005
        },
        {
          "acoustic_entropy": 7.325566291809082,
          "acoustic_entropy_side": 7.325688362121582,
          "hz": 15466.58407886509
        },
        {
          "acoustic_entropy": 7.326094150543213,
          "acoustic_entropy_side": 7.326172351837158,
          "hz": 16898.27756580493
        },
        {
          "acoustic_entropy": 7.326189041137695,
          "acoustic_entropy_side": 7.326260566711426,
          "hz": 18456.760127700032
        },
        {
          "acoustic_entropy": 7.326259613037109,
          "acoustic_entropy_side": 7.326316833496094,
          "hz": 20153.260054456492
        },
        {
          "acoustic_entropy": 7.3264079093933105,
          "acoustic_entropy_side": 7.326413631439209,
          "hz": 22000.00000000001
        }
      ],
      "diff_acoustic_entropy": 2.341949701309204,
      "sn": 6
    },
    {
      "acoustic_entropy": 9.755977630615234,
      "acoustic_entropy_mono": 9.916482925415039,
      "band_eliminated_acoustic_entropies": [
        {
          "acoustic_entropy": 9.66678237915039,
          "acoustic_entropy_side": 9.75598430633545,
          "hz": 129.47220167065723
        },
        {
          "acoustic_entropy": 9.543231010437012,
          "acoustic_entropy_side": 9.755973815917969,
          "hz": 202.92927478742237
        },
        {
          "acoustic_entropy": 10.100689888000488,
          "acoustic_entropy_side": 9.755982398986816,
          "hz": 282.89161906338205
        },
        {
          "acoustic_entropy": 10.19547176361084,
          "acoustic_entropy_side": 9.75600814819336,
          "hz": 369.9353335868758
        },
        {
          "acoustic_entropy": 9.987824440002441,
          "acoustic_entropy_side": 9.755904197692871,
          "hz": 464.6875360973435
        },
        {
          "acoustic_entropy": 9.573533058166504,
          "acoustic_entropy_side": 9.756075859069824,
          "hz": 567.8308811364784
        },
        {
          "acoustic_entropy": 10.138315200805664,
          "acoustic_entropy_side": 9.756012916564941,
          "hz": 680.1084783214808
        },
        {
          "acoustic_entropy": 9.734453201293945,
          "acoustic_entropy_side": 9.75545883178711,
          "hz": 802.3292461747484
        },
        {
          "acoustic_entropy": 9.670464515686035,
          "acoustic_entropy_side": 9.75561237335205,
          "hz": 935.3737400823702
        },
        {
          "acoustic_entropy": 9.803119659423828,
          "acoustic_entropy_side": 9.755345344543457,
          "hz": 1080.2004963696966
        },
        {
          "acoustic_entropy": 10.17293643951416,
          "acoustic_entropy_side": 9.756214141845703,
          "hz": 1237.8529382007157
        },
        {
          "acoustic_entropy": 10.043145179748535,
          "acoustic_entropy_side": 9.757181167602539,
          "hz": 1409.4668930556702
        },
        {
          "acoustic_entropy": 9.268294334411621,
          "acoustic_entropy_side": 9.75575065612793,
          "hz": 1596.2787759475705
        },
        {
          "acoustic_entropy": 9.811657905578613,
          "acoustic_entropy_side": 9.751906394958496,
          "hz": 1799.6344973346393
        },
        {
          "acoustic_entropy": 9.888710975646973,
          "acoustic_entropy_side": 9.760464668273926,
          "hz": 2020.9991599069049
        },
        {
          "acoustic_entropy": 10.230414390563965,
          "acoustic_entropy_side": 9.750520706176758,
          "hz": 2261.9676141086993
        },
        {
          "acoustic_entropy": 10.081612586975098,
          "acoustic_entropy_side": 9.756756782531738,
          "hz": 2524.2759484456974
        },
        {
          "acoustic_entropy": 9.919296264648438,
          "acoustic_entropy_side": 9.754681587219238,
          "hz": 2809.813997359896
        },
        {
          "acoustic_entropy": 9.74584674835205,
          "acoustic_entropy_side": 9.75234603881836,
          "hz": 3120.6389567871424
        },
        {
          "acoustic_entropy": 9.778756141662598,
          "acoustic_entropy_side": 9.751359939575195,
          "hz": 3458.990205492291
        },
        {
          "acoustic_entropy": 9.708620071411133,
          "acoustic_entropy_side": 9.743551254272461,
          "hz": 3827.305438964164
        },
        {
          "acoustic_entropy": 9.739500045776367,
          "acoustic_entropy_side": 9.7244873046875,
          "hz": 4228.238232109126
        },
        {
          "acoustic_entropy": 9.841622352600098,
          "acoustic_entropy_side": 9.742142677307129,
          "hz": 4664.6771572759235
        },
        {
          "acoustic_entropy": 9.744744300842285,
          "acoustic_entropy_side": 9.749460220336914,
          "hz": 5139.766595350093
        },
        {
          "acoustic_entropy": 9.723045349121094,
          "acoustic_entropy_side": 9.756941795349121,
          "hz": 5656.929389854203
        },
        {
          "acoustic_entropy": 9.723929405212402,
          "acoustic_entropy_side": 9.75407886505127,
          "hz": 6219.891507268283
        },
        {
          "acoustic_entropy": 9.731985092163086,
          "acoustic_entropy_side": 9.757430076599121,
          "hz": 6832.70888123896
        },
        {
          "acoustic_entropy": 9.73796272277832,
          "acoustic_entropy_side": 9.759623527526855,
          "hz": 7499.796634079867
        },
        {
          "acoustic_entropy": 9.754928588867188,
          "acoustic_entropy_side": 9.765125274658203,
          "hz": 8225.96088609342
        },
        {
          "acoustic_entropy": 9.761690139770508,
          "acoustic_entropy_side": 9.763445854187012,
          "hz": 9016.43338188839
        },
        {
          "acoustic_entropy": 9.777095794677734,
          "acoustic_entropy_side": 9.764002799987793,
          "hz": 9876.909183162974
        },
        {
          "acoustic_entropy": 9.771571159362793,
          "acoustic_entropy_side": 9.762001991271973,
          "hz": 10813.587699516042
        },
        {
          "acoustic_entropy": 9.768786430358887,
          "acoustic_entropy_side": 9.76258659362793,
          "hz": 11833.21735289826
        },
        {
          "acoustic_entropy": 9.767233848571777,
          "acoustic_entropy_side": 9.763505935668945,
          "hz": 12943.144197493959
        },
        {
          "acoustic_entropy": 9.761772155761719,
          "acoustic_entropy_side": 9.760499954223633,
          "hz": 14151.364845322005
        },
        {
          "acoustic_entropy": 9.757987976074219,
          "acoustic_entropy_side": 9.757554054260254,
          "hz": 15466.58407886509
        },
        {
          "acoustic_entropy": 9.756817817687988,
          "acoustic_entropy_side": 9.756585121154785,
          "hz": 16898.27756580493
        },
        {
          "acoustic_entropy": 9.75658130645752,
          "acoustic_entropy_side": 9.756388664245605,
          "hz": 18456.760127700032
        },
        {
          "acoustic_entropy": 9.756368637084961,
          "acoustic_entropy_side": 9.756235122680664,
          "hz": 20153.260054456492
        },
        {
          "acoustic_entropy": 9.756020545959473,
          "acoustic_entropy_side": 9.756006240844727,
          "hz": 22000.00000000001
        }
      ],
      "diff_acoustic_entropy": 5.01320219039917,
      "sn": 12
    },
    {
      "acoustic_entropy": 14.304768562316895,
      "acoustic_entropy_mono": 13.854747772216797,
      "band_eliminated_acoustic_entropies": [
        {
          "acoustic_entropy": 14.3371000289917,
          "acoustic_entropy_side": 14.304978370666504,
          "hz": 129.47220167065723
        },
        {
          "acoustic_entropy": 14.587571144104004,
          "acoustic_entropy_side": 14.305572509765625,
          "hz": 202.92927478742237
        },
        {
          "acoustic_entropy": 14.75272274017334,
          "acoustic_entropy_side": 14.304773330688477,
          "hz": 282.89161906338205
        },
        {
          "acoustic_entropy": 14.177103042602539,
          "acoustic_entropy_side": 14.29794692993164,
          "hz": 369.9353335868758
        },
        {
          "acoustic_entropy": 14.149322509765625,
          "acoustic_entropy_side": 14.306379318237305,
          "hz": 464.6875360973435
        },
        {
          "acoustic_entropy": 13.91433334350586,
          "acoustic_entropy_side": 14.288555145263672,
          "hz": 567.8308811364784
        },
        {
          "acoustic_entropy": 14.407058715820312,
          "acoustic_entropy_side": 14.288243293762207,
          "hz": 680.1084783214808
        },
        {
          "acoustic_entropy": 14.123387336730957,
          "acoustic_entropy_side": 14.303227424621582,
          "hz": 802.3292461747484
        },
        {
          "acoustic_entropy": 14.330384254455566,
          "acoustic_entropy_side": 14.293635368347168,
          "hz": 935.3737400823702
        },
        {
          "acoustic_entropy": 14.703764915466309,
          "acoustic_entropy_side": 14.290635108947754,
          "hz": 1080.2004963696966
        },
        {
          "acoustic_entropy": 14.50174331665039,
          "acoustic_entropy_side": 14.324984550476074,
          "hz": 1237.8529382007157
        },
        {
          "acoustic_entropy": 14.104755401611328,
          "acoustic_entropy_side": 14.292720794677734,
          "hz": 1409.4668930556702
        },
        {
          "acoustic_entropy": 14.313343048095703,
          "acoustic_entropy_side": 14.262353897094727,
          "hz": 1596.2787759475705
        },
        {
          "acoustic_entropy": 14.338476181030273,
          "acoustic_entropy_side": 14.241230964660645,
          "hz": 1799.6344973346393
        },
        {
          "acoustic_entropy": 14.539604187011719,
          "acoustic_entropy_side": 14.252962112426758,
          "hz": 2020.9991599069049
        },
        {
          "acoustic_entropy": 14.210556983947754,
          "acoustic_entropy_side": 14.224509239196777,
          "hz": 2261.9676141086993
        },
        {
          "acoustic_entropy": 13.436800003051758,
          "acoustic_entropy_side": 14.358482360839844,
          "hz": 2524.2759484456974
        },
        {
          "acoustic_entropy": 14.249112129211426,
          "acoustic_entropy_side": 14.339941024780273,
          "hz": 2809.813997359896
        },
        {
          "acoustic_entropy": 14.231986999511719,
