{
  "acoustic_entropy": 189.0574493408203,
  "bands": [
    {
      "high_freq": 148.1999969482422,
      "loudness": -21.593177795410156,
      "loudness_range": 8.171833038330078,
      "mid_mean": -18.488216400146484,
      "mid_to_side_loudness": -10.756804466247559,
      "mid_to_side_loudness_range": 13.558016777038574,
      "side_mean": -28.924358367919922
    },
    {
      "high_freq": 392.3793640136719,
      "loudness": -18.929393768310547,
      "loudness_range": 5.987804412841797,
      "low_freq": 148.1999969482422,
      "mid_mean": -16.825145721435547,
      "mid_to_side_loudness": -4.206815242767334,
      "mid_to_side_loudness_range": 7.280289649963379,
      "side_mean": -20.73383140563965
    },
    {
      "high_freq": 794.6976318359375,
      "loudness": -18.886873245239258,
      "loudness_range": 7.275398254394531,
      "low_freq": 392.3793640136719,
      "mid_mean": -17.120243072509766,
      "mid_to_side_loudness": -3.369037389755249,
      "mid_to_side_loudness_range": 8.27311897277832,
      "side_mean": -19.848222732543945
    },
    {
      "high_freq": 1457.5709228515625,
      "loudness": -20.053342819213867,
      "loudness_range": 9.882275581359863,
      "low_freq": 794.6976318359375,
      "mid_mean": -18.17302703857422,
      "mid_to_side_loudness": -4.053766250610352,
      "mid_to_side_loudness_range": 10.184768676757812,
      "side_mean": -21.312000274658203
    },
    {
      "high_freq": 2549.74365234375,
      "loudness": -19.289901733398438,
      "loudness_range": 9.164021492004395,
      "low_freq": 1457.5709228515625,
      "mid_mean": -17.126893997192383,
      "mid_to_side_loudness": -4.866495132446289,
      "mid_to_side_loudness_range": 9.330821990966797,
      "side_mean": -21.40289306640625
    },
    {
      "high_freq": 4349.24462890625,
      "loudness": -20.24016571044922,
      "loudness_range": 6.982091903686523,
      "low_freq": 2549.74365234375,
      "mid_mean": -18.938867568969727,
      "mid_to_side_loudness": -2.552704334259033,
      "mid_to_side_loudness_range": 5.262684345245361,
      "side_mean": -20.624771118164062
    },
    {
      "high_freq": 7314.1640625,
      "loudness": -26.529579162597656,
      "loudness_range": 9.60157585144043,
      "low_freq": 4349.24462890625,
      "mid_mean": -25.114713668823242,
      "mid_to_side_loudness": -2.425506830215454,
      "mid_to_side_loudness_range": 5.837479114532471,
      "side_mean": -26.118976593017578
    },
    {
      "high_freq": 12199.2666015625,
      "loudness": -29.468473434448242,
      "loudness_range": 11.080535888671875,
      "low_freq": 7314.1640625,
      "mid_mean": -28.39505386352539,
      "mid_to_side_loudness": -1.580100655555725,
      "mid_to_side_loudness_range": 5.130500316619873,
      "side_mean": -29.64531707763672
    },
    {
      "loudness": -37.332462310791016,
      "loudness_range": 13.118053436279297,
      "low_freq": 12199.2666015625,
      "mid_mean": -35.95784378051758,
      "mid_to_side_loudness": -2.2524240016937256,
      "mid_to_side_loudness_range": 6.259143829345703,
      "side_mean": -38.5229606628418
    }
  ],
  "bands_short": [
    {
      "high_freq": 148.1999969482422,
      "loudness": -26.03063201904297,
      "loudness_range": 17.698261260986328,
      "mid_mean": -22.98817253112793,
      "mid_to_side_loudness": -11.449533462524414,
      "mid_to_side_loudness_range": 21.044448852539062,
      "side_mean": -34.68220901489258
    },
    {
      "high_freq": 392.3793640136719,
      "loudness": -18.684886932373047,
      "loudness_range": 8.47396183013916,
      "low_freq": 148.1999969482422,
      "mid_mean": -16.618621826171875,
      "mid_to_side_loudness": -4.687737464904785,
      "mid_to_side_loudness_range": 11.338996887207031,
      "side_mean": -21.05966567993164
    },
    {
      "high_freq": 794.6976318359375,
      "loudness": -19.391942977905273,
      "loudness_range": 9.812481880187988,
      "low_freq": 392.3793640136719,
      "mid_mean": -17.837739944458008,
      "mid_to_side_loudness": -3.1288034915924072,
      "mid_to_side_loudness_range": 11.345951080322266,
      "side_mean": -20.55927085876465
    },
    {
      "high_freq": 1457.5709228515625,
      "loudness": -20.06983757019043,
      "loudness_range": 12.46230411529541,
      "low_freq": 794.6976318359375,
      "mid_mean": -18.31695556640625,
      "mid_to_side_loudness": -3.9244883060455322,
      "mid_to_side_loudness_range": 11.607888221740723,
      "side_mean": -21.396442413330078
    },
    {
      "high_freq": 2549.74365234375,
      "loudness": -19.647497177124023,
      "loudness_range": 11.350138664245605,
      "low_freq": 1457.5709228515625,
      "mid_mean": -17.667217254638672,
      "mid_to_side_loudness": -4.575205326080322,
      "mid_to_side_loudness_range": 11.920026779174805,
      "side_mean": -21.807514190673828
    },
    {
      "high_freq": 4349.24462890625,
      "loudness": -20.38567543029785,
      "loudness_range": 8.229166030883789,
      "low_freq": 2549.74365234375,
      "mid_mean": -19.025066375732422,
      "mid_to_side_loudness": -2.4667863845825195,
      "mid_to_side_loudness_range": 7.083051681518555,
      "side_mean": -20.8102970123291
    },
    {
      "high_freq": 7314.1640625,
      "loudness": -26.60234832763672,
      "loudness_range": 12.21080207824707,
      "low_freq": 4349.24462890625,
      "mid_mean": -25.425413131713867,
      "mid_to_side_loudness": -2.062105417251587,
      "mid_to_side_loudness_range": 7.187103271484375,
      "side_mean": -26.229337692260742
    },
    {
      "high_freq": 12199.2666015625,
      "loudness": -29.94451904296875,
      "loudness_range": 12.872982025146484,
      "low_freq": 7314.1640625,
      "mid_mean": -29.02898406982422,
      "mid_to_side_loudness": -1.2824066877365112,
      "mid_to_side_loudness_range": 5.434619426727295,
      "side_mean": -29.926223754882812
    },
    {
      "loudness": -38.60711669921875,
      "loudness_range": 15.820732116699219,
      "low_freq": 12199.2666015625,
      "mid_mean": -37.352474212646484,
      "mid_to_side_loudness": -1.84197199344635,
      "mid_to_side_loudness_range": 6.58619499206543,
      "side_mean": -39.57759475708008
    }
  ],
  "bandwidth": 804.3717041015625,
  "channels": 2,
  "covariance": [
    [
      16.36500358581543,
      8.357155799865723,
      0.8824805617332458,
      3.532360315322876,
      2.726611375808716,
      4.002182960510254,
      4.785731315612793,
      1.7818999290466309,
      2.565807580947876,
      2.462606906890869,
      2.956862211227417,
      1.5283467769622803,
      4.0872721672058105,
      0.6462574601173401,
      1.5639561414718628,
      1.3511687517166138,
      1.2787386178970337,
      4.497740268707275
    ],
    [
      8.357155799865723,
      22.265989303588867,
      3.1269171237945557,
      4.101415634155273,
      2.636143207550049,
      3.4401557445526123,
      4.035924434661865,
      0.4378740191459656,
      3.3410756587982178,
      0.6559756994247437,
      3.1206328868865967,
      -0.907841145992279,
      3.577815532684326,
      -1.754988670349121,
      -0.3083494305610657,
      -1.724448323249817,
      -0.9453729391098022,
      0.028069620952010155
    ],
    [
      0.8824805617332458,
      3.1269171237945557,
      8.805991172790527,
      5.340878486633301,
      3.7189717292785645,
      1.4978137016296387,
      3.5074245929718018,
      0.8271066546440125,
      3.1637001037597656,
      2.277508497238159,
      2.8298065662384033,
      1.3783237934112549,
      5.116724491119385,
      1.5689027309417725,
      4.315321445465088,
      2.1602728366851807,
      2.3722472190856934,
      1.3050599098205566
    ],
    [
      3.532360315322876,
      4.101415634155273,
      5.340878486633301,
      11.298924446105957,
      4.6567583084106445,
      4.949153423309326,
      5.186704635620117,
      4.305293083190918,
      4.014385223388672,
      4.857065677642822,
      4.734543323516846,
      3.0058717727661133,
      7.543689250946045,
      3.2196598052978516,
      4.547643661499023,
      3.4263672828674316,
      2.5627923011779785,
      3.8395867347717285
    ],
    [
      2.726611375808716,
      2.636143207550049,
      3.7189717292785645,
      4.6567583084106445,
      11.31961441040039,
      7.403902053833008,
      9.613338470458984,
      5.570367813110352,
      10.276954650878906,
      5.406885147094727,
      10.295089721679688,
      5.6506524085998535,
      11.274115562438965,
      5.405755996704102,
      6.396268367767334,
      5.722936630249023,
      6.289519786834717,
      8.86246395111084
    ],
    [
      4.002182960510254,
      3.4401557445526123,
      1.4978137016296387,
      4.949153423309326,
      7.403902053833008,
      14.657571792602539,
      8.014322280883789,
      9.279205322265625,
      8.93204116821289,
      10.21512508392334,
      9.029265403747559,
      8.465160369873047,
      8.86535358428955,
      8.08139419555664,
      4.966039657592773,
      6.143631458282471,
      6.410698890686035,
      9.75533676147461
    ],
    [
      4.785731315612793,
      4.035924434661865,
      3.5074245929718018,
      5.186704635620117,
      9.613338470458984,
      8.014322280883789,
      20.611541748046875,
      10.067529678344727,
      17.902629852294922,
      9.160684585571289,
      16.9298095703125,
      8.930177688598633,
      18.026941299438477,
      8.364034652709961,
      10.274285316467285,
      9.612979888916016,
      11.384012222290039,
      15.091643333435059
    ],
    [
      1.7818999290466309,
      0.4378740191459656,
      0.8271066546440125,
      4.305293083190918,
      5.570367813110352,
      9.279205322265625,
      10.067529678344727,
      15.814038276672363,
      10.35901165008545,
      12.026914596557617,
      10.529080390930176,
      9.986038208007812,
      9.942667961120605,
      9.767653465270996,
      6.876181125640869,
      9.238288879394531,
      8.170401573181152,
      11.936300277709961
    ],
    [
      2.565807580947876,
      3.3410756587982178,
      3.1637001037597656,
      4.014385223388672,
      10.276954650878906,
      8.93204116821289,
      17.902629852294922,
      10.35901165008545,
      24.079118728637695,
      10.973880767822266,
      19.980445861816406,
      10.667120933532715,
      19.283308029174805,
      9.862726211547852,
      11.004018783569336,
      10.225650787353516,
      13.582512855529785,
      15.558233261108398
    ],
    [
      2.462606906890869,
      0.6559756994247437,
      2.277508497238159,
      4.857065677642822,
      5.406885147094727,
      10.21512508392334,
      9.160684585571289,
      12.026914596557617,
      10.973880767822266,
      17.006925582885742,
      10.592263221740723,
      13.000296592712402,
      11.081292152404785,
      12.62932014465332,
      9.41568660736084,
      11.115571022033691,
      10.369922637939453,
      12.849318504333496
    ],
    [
      2.956862211227417,
      3.1206328868865967,
      2.8298065662384033,
      4.734543323516846,
      10.295089721679688,
      9.029265403747559,
      16.9298095703125,
      10.529080390930176,
      19.980445861816406,
      10.592263221740723,
      21.359012603759766,
      12.115846633911133,
      20.883525848388672,
      11.624448776245117,
      12.482933044433594,
      12.221382141113281,
      14.325246810913086,
      18.099491119384766
    ],
    [
      1.5283467769622803,
      -0.907841145992279,
      1.3783237934112549,
      3.0058717727661133,
      5.6506524085998535,
      8.465160369873047,
      8.930177688598633,
      9.986038208007812,
      10.667120933532715,
      13.000296592712402,
      12.115846633911133,
      16.836956024169922,
      12.934179306030273,
      15.936921119689941,
      13.58045768737793,
      15.844651222229004,
      13.625965118408203,
      14.586902618408203
    ],
    [
      4.0872721672058105,
      3.577815532684326,
      5.116724491119385,
      7.543689250946045,
      11.274115562438965,
      8.86535358428955,
      18.026941299438477,
      9.942667961120605,
      19.283308029174805,
      11.081292152404785,
      20.883525848388672,
      12.934179306030273,
      25.767641067504883,
      13.445316314697266,
      17.257062911987305,
      15.090353965759277,
      16.565799713134766,
      19.608966827392578
    ],
    [
      0.6462574601173401,
      -1.754988670349121,
      1.5689027309417725,
      3.2196598052978516,
      5.405755996704102,
      8.08139419555664,
      8.364034652709961,
      9.767653465270996,
      9.862726211547852,
      12.62932014465332,
      11.624448776245117,
      15.936921119689941,
      13.445316314697266,
      18.669143676757812,
      16.140949249267578,
      18.791330337524414,
      14.538800239562988,
      16.743511199951172
    ],
    [
      1.5639561414718628,
      -0.3083494305610657,
      4.315321445465088,
      4.547643661499023,
      6.396268367767334,
      4.966039657592773,
      10.274285316467285,
      6.876181125640869,
      11.004018783569336,
      9.41568660736084,
      12.482933044433594,
      13.58045768737793,
      17.257062911987305,
      16.140949249267578,
      26.42521095275879,
      21.67325210571289,
      23.300382614135742,
      19.474584579467773
    ],
    [
      1.3511687517166138,
      -1.724448323249817,
      2.1602728366851807,
      3.4263672828674316,
      5.722936630249023,
      6.143631458282471,
      9.612979888916016,
      9.238288879394531,
      10.225650787353516,
      11.115571022033691,
      12.221382141113281,
      15.844651222229004,
      15.090353965759277,
      18.791330337524414,
      21.67325210571289,
      26.688472747802734,
      19.226747512817383,
      22.841880798339844
    ],
    [
      1.2787386178970337,
      -0.9453729391098022,
      2.3722472190856934,
      2.5627923011779785,
      6.289519786834717,
      6.410698890686035,
      11.384012222290039,
      8.170401573181152,
      13.582512855529785,
      10.369922637939453,
      14.325246810913086,
      13.625965118408203,
      16.565799713134766,
      14.538800239562988,
      23.300382614135742,
      19.226747512817383,
      34.511966705322266,
      26.069414138793945
    ],
    [
      4.497740268707275,
      0.028069620952010155,
      1.3050599098205566,
      3.8395867347717285,
      8.86246395111084,
      9.75533676147461,
      15.091643333435059,
      11.936300277709961,
      15.558233261108398,
      12.849318504333496,
      18.099491119384766,
      14.586902618408203,
      19.608966827392578,
      16.743511199951172,
      19.474584579467773,
      22.841880798339844,
      26.069414138793945,
      36.86225509643555
    ]
  ],
  "covariance_short": [
    [
      38.6660270690918,
      10.172659873962402,
      7.811098575592041,
      4.270870685577393,
      2.504406452178955,
      2.5920820236206055,
      5.38707160949707,
      3.016796350479126,
      4.48560905456543,
      3.0529074668884277,
      3.3175716400146484,
      0.8286526203155518,
      1.8207626342773438,
      -0.8029417395591736,
      -1.0264955759048462,
      -1.5676372051239014,
      0.8324421048164368,
      1.7203510999679565
    ],
    [
      10.172659873962402,
      33.0520133972168,
      5.792502403259277,
      8.514245986938477,
      3.4100241661071777,
      5.823216438293457,
      1.9973664283752441,
      0.9290767908096313,
      2.7826080322265625,
      1.65220308303833,
      2.077303647994995,
      -0.1973402202129364,
      2.1435890197753906,
      -1.6258089542388916,
      -2.3115360736846924,
      -3.6666769981384277,
      -1.1134915351867676,
      -2.0925846099853516
    ],
    [
      7.811098575592041,
      5.792502403259277,
      15.940055847167969,
      9.29311752319336,
      5.664599418640137,
      4.950855731964111,
      4.44300651550293,
      2.5941708087921143,
      3.273038625717163,
      4.232491493225098,
      2.3692877292633057,
      1.6836491823196411,
      3.833519458770752,
      0.7082852721214294,
      3.026531934738159,
      0.1946079283952713,
      1.4873309135437012,
      0.7480387091636658
    ],
    [
      4.270870685577393,
      8.514245986938477,
      9.29311752319336,
      19.930076599121094,
      6.655571460723877,
      8.979684829711914,
      7.736172199249268,
      6.497603416442871,
      5.070125102996826,
      6.391242980957031,
      5.032310485839844,
      3.695030450820923,
      7.924078941345215,
      2.5586135387420654,
      3.8468525409698486,
      1.9969927072525024,
      3.4741859436035156,
      4.493488788604736
    ],
    [
      2.504406452178955,
      3.4100241661071777,
      5.664599418640137,
      6.655571460723877,
      17.07677459716797,
      10.022932052612305,
      9.97807502746582,
      7.032648086547852,
      10.029152870178223,
      7.080381393432617,
      9.323439598083496,
      6.166418075561523,
      10.611271858215332,
      5.289888381958008,
      5.689230442047119,
      4.835418701171875,
      7.578716278076172,
      9.334893226623535
    ],
    [
      2.5920820236206055,
      5.823216438293457,
      4.950855731964111,
      8.979684829711914,
      10.022932052612305,
      21.4167423248291,
      9.625266075134277,
      11.204891204833984,
      8.56202220916748,
      11.131489753723145,
      8.305337905883789,
      8.461324691772461,
      9.757065773010254,
      6.641670227050781,
      4.313670635223389,
      4.734757423400879,
      7.349475383758545,
      9.802566528320312
    ],
    [
      5.38707160949707,
      1.9973664283752441,
      4.44300651550293,
      7.736172199249268,
      9.97807502746582,
      9.625266075134277,
      26.979198455810547,
      13.713737487792969,
      19.543703079223633,
      12.338651657104492,
      17.147869110107422,
      11.076226234436035,
      19.149368286132812,
      9.441215515136719,
      10.786919593811035,
      9.43249797821045,
      14.191383361816406,
      17.50166893005371
    ],
    [
      3.016796350479126,
      0.9290767908096313,
      2.5941708087921143,
      6.497603416442871,
      7.032648086547852,
      11.204891204833984,
      13.713737487792969,
      21.597631454467773,
      11.690942764282227,
      14.80439281463623,
      10.640209197998047,
      11.557034492492676,
      10.835390090942383,
      9.970600128173828,
      7.18084192276001,
      8.694496154785156,
      9.833820343017578,
      14.688735961914062
    ],
    [
      4.48560905456543,
      2.7826080322265625,
      3.273038625717163,
      5.070125102996826,
      10.029152870178223,
      8.56202220916748,
      19.543703079223633,
      11.690942764282227,
      29.218990325927734,
      12.832342147827148,
      20.849634170532227,
      12.36725902557373,
      21.161592483520508,
      10.843456268310547,
      11.176334381103516,
      9.9605712890625,
      16.206501007080078,
      18.273725509643555
    ],
    [
      3.0529074668884277,
      1.65220308303833,
      4.232491493225098,
      6.391242980957031,
      7.080381393432617,
      11.131489753723145,
      12.338651657104492,
      14.80439281463623,
      12.832342147827148,
      22.92599868774414,
      12.293845176696777,
      16.057964324951172,
      13.48530387878418,
      13.813055992126465,
      11.025046348571777,
      11.51414680480957,
      12.729108810424805,
      15.77462387084961
    ],
    [
      3.3175716400146484,
      2.077303647994995,
      2.3692877292633057,
      5.032310485839844,
      9.323439598083496,
      8.305337905883789,
      17.147869110107422,
      10.640209197998047,
      20.849634170532227,
      12.293845176696777,
      23.180946350097656,
      13.591713905334473,
      22.108217239379883,
      12.838583946228027,
      13.62153434753418,
      12.704757690429688,
      17.480403900146484,
      20.901105880737305
    ],
    [
      0.8286526203155518,
      -0.1973402202129364,
      1.6836491823196411,
      3.695030450820923,
      6.166418075561523,
      8.461324691772461,
      11.076226234436035,
      11.557034492492676,
      12.36725902557373,
      16.057964324951172,
      13.591713905334473,
      20.688085556030273,
      15.033114433288574,
      17.761823654174805,
      14.496996879577637,
      15.953609466552734,
      14.712121963500977,
      17.64344024658203
    ],
    [
      1.8207626342773438,
      2.1435890197753906,
      3.833519458770752,
      7.924078941345215,
      10.611271858215332,
      9.757065773010254,
      19.149368286132812,
      10.835390090942383,
      21.161592483520508,
      13.48530387878418,
      22.108217239379883,
      15.033114433288574,
      30.669151306152344,
      16.256616592407227,
      20.83831024169922,
      17.61845588684082,
      23.381460189819336,
      26.326417922973633
    ],
    [
      -0.8029417395591736,
      -1.6258089542388916,
      0.7082852721214294,
      2.5586135387420654,
      5.289888381958008,
      6.641670227050781,
      9.441215515136719,
      9.970600128173828,
      10.843456268310547,
      13.813055992126465,
      12.838583946228027,
      17.761823654174805,
      16.256616592407227,
      22.17734146118164,
      17.929651260375977,
      20.709543228149414,
      16.594608306884766,
      20.80071449279785
    ],
    [
      -1.0264955759048462,
      -2.3115360736846924,
      3.026531934738159,
      3.8468525409698486,
      5.689230442047119,
      4.313670635223389,
      10.786919593811035,
      7.18084192276001,
      11.176334381103516,
      11.025046348571777,
      13.62153434753418,
      14.496996879577637,
      20.83831024169922,
      17.929651260375977,
      32.432029724121094,
      24.8135929107666,
      28.672504425048828,
      26.006898880004883
    ],
    [
      -1.5676372051239014,
      -3.6666769981384277,
      0.1946079283952713,
      1.9969927072525024,
      4.835418701171875,
      4.734757423400879,
      9.43249797821045,
      8.694496154785156,
      9.9605712890625,
      11.51414680480957,
      12.704757690429688,
      15.953609466552734,
      17.61845588684082,
      20.709543228149414,
      24.8135929107666,
      30.216650009155273,
      22.66791534423828,
      28.54990577697754
    ],
    [
      0.8324421048164368,
      -1.1134915351867676,
      1.4873309135437012,
      3.4741859436035156,
      7.578716278076172,
      7.349475383758545,
      14.191383361816406,
      9.833820343017578,
      16.206501007080078,
      12.729108810424805,
      17.480403900146484,
      14.712121963500977,
      23.381460189819336,
      16.594608306884766,
      28.672504425048828,
      22.66791534423828,
      45.09953308105469,
      36.382266998291016
    ],
    [
      1.7203510999679565,
      -2.0925846099853516,
      0.7480387091636658,
      4.493488788604736,
      9.334893226623535,
      9.802566528320312,
      17.50166893005371,
      14.688735961914062,
      18.273725509643555,
      15.77462387084961,
      20.901105880737305,
      17.64344024658203,
      26.326417922973633,
      20.80071449279785,
      26.006898880004883,
      28.54990577697754,
      36.382266998291016,
      48.09881591796875
    ]
  ],
  "damage": -5.580763816833496,
  "diff_bandwidth": 800.9791870117188,
  "dissonance": 10.64672536256807,
  "drr": 16.629180908203125,
  "dynamics": 2.143160820007324,
  "format": 1245190,
  "frames": 6755264,
  "loudness": -7.914679050445557,
  "loudness_range": 3.7000632286071777,
  "loudness_range_short": 5.506811141967773,
  "lowpass_true_peak_15khz": -0.11338953673839569,
  "mastering3_acoustic_entropies": [
    {
      "acoustic_entropy": 4.225456237792969,
      "acoustic_entropy_mono": 4.158567905426025,
      "band_eliminated_acoustic_entropies": [
        {
          "acoustic_entropy": 4.1695237159729,
          "acoustic_entropy_side": 4.2250285148620605,
          "hz": 129.47220167065723
        },
        {
          "acoustic_entropy": 4.129278659820557,
          "acoustic_entropy_side": 4.229963779449463,
          "hz": 202.92927478742237
        },
        {
          "acoustic_entropy": 4.387049198150635,
          "acoustic_entropy_side": 4.2692084312438965,
          "hz": 282.89161906338205
        },
        {
          "acoustic_entropy": 4.673451900482178,
          "acoustic_entropy_side": 4.221072196960449,
          "hz": 369.9353335868758
        },
        {
          "acoustic_entropy": 4.536252498626709,
          "acoustic_entropy_side": 4.170010089874268,
          "hz": 464.6875360973435
        },
        {
          "acoustic_entropy": 4.264795303344727,
          "acoustic_entropy_side": 4.269759178161621,
          "hz": 567.8308811364784
        },
        {
          "acoustic_entropy": 4.389843940734863,
          "acoustic_entropy_side": 4.34964656829834,
          "hz": 680.1084783214808
        },
        {
          "acoustic_entropy": 4.501271724700928,
          "acoustic_entropy_side": 4.109439849853516,
          "hz": 802.3292461747484
        },
        {
          "acoustic_entropy": 4.848276615142822,
          "acoustic_entropy_side": 4.2185893058776855,
          "hz": 935.3737400823702
        },
        {
          "acoustic_entropy": 4.468721389770508,
          "acoustic_entropy_side": 4.356494903564453,
          "hz": 1080.2004963696966
        },
        {
          "acoustic_entropy": 4.493860721588135,
          "acoustic_entropy_side": 4.213228702545166,
          "hz": 1237.8529382007157
        },
        {
          "acoustic_entropy": 4.143983840942383,
          "acoustic_entropy_side": 4.181412696838379,
          "hz": 1409.4668930556702
        },
        {
          "acoustic_entropy": 4.050116539001465,
          "acoustic_entropy_side": 4.17774772644043,
          "hz": 1596.2787759475705
        },
        {
          "acoustic_entropy": 4.285726070404053,
          "acoustic_entropy_side": 4.237645626068115,
          "hz": 1799.6344973346393
        },
        {
          "acoustic_entropy": 3.8119800090789795,
          "acoustic_entropy_side": 4.1841936111450195,
          "hz": 2020.9991599069049
        },
        {
          "acoustic_entropy": 4.461766242980957,
          "acoustic_entropy_side": 4.243816375732422,
          "hz": 2261.9676141086993
        },
        {
          "acoustic_entropy": 4.28624963760376,
          "acoustic_entropy_side": 4.2245893478393555,
          "hz": 2524.2759484456974
        },
        {
          "acoustic_entropy": 4.228315830230713,
          "acoustic_entropy_side": 4.2573652267456055,
          "hz": 2809.813997359896
        },
        {
          "acoustic_entropy": 4.290444850921631,
          "acoustic_entropy_side": 4.228982925415039,
          "hz": 3120.6389567871424
        },
        {
          "acoustic_entropy": 4.2786865234375,
          "acoustic_entropy_side": 4.261373996734619,
          "hz": 3458.990205492291
        },
        {
          "acoustic_entropy": 4.26676607131958,
          "acoustic_entropy_side": 4.235296249389648,
          "hz": 3827.305438964164
        },
        {
          "acoustic_entropy": 4.199617385864258,
          "acoustic_entropy_side": 4.216495037078857,
          "hz": 4228.238232109126
        },
        {
          "acoustic_entropy": 4.168760776519775,
          "acoustic_entropy_side": 4.229033470153809,
          "hz": 4664.6771572759235
        },
        {
          "acoustic_entropy": 4.099441051483154,
          "acoustic_entropy_side": 4.2230610847473145,
          "hz": 5139.766595350093
        },
        {
          "acoustic_entropy": 4.191839694976807,
          "acoustic_entropy_side": 4.22576379776001,
          "hz": 5656.929389854203
        },
        {
          "acoustic_entropy": 4.210629463195801,
          "acoustic_entropy_side": 4.231411457061768,
          "hz": 6219.891507268283
        },
        {
          "acoustic_entropy": 4.2222137451171875,
          "acoustic_entropy_side": 4.2374267578125,
          "hz": 6832.70888123896
        },
        {
          "acoustic_entropy": 4.263777256011963,
          "acoustic_entropy_side": 4.262534141540527,
          "hz": 7499.796634079867
        },
        {
          "acoustic_entropy": 4.275108814239502,
          "acoustic_entropy_side": 4.2745890617370605,
          "hz": 8225.96088609342
        },
        {
          "acoustic_entropy": 4.274273872375488,
          "acoustic_entropy_side": 4.292191028594971,
          "hz": 9016.43338188839
        },
        {
          "acoustic_entropy": 4.1048431396484375,
          "acoustic_entropy_side": 4.303382873535156,
          "hz": 9876.909183162974
        },
        {
          "acoustic_entropy": 4.086436748504639,
          "acoustic_entropy_side": 4.264206409454346,
          "hz": 10813.587699516042
        },
        {
          "acoustic_entropy": 4.110420227050781,
          "acoustic_entropy_side": 4.243386745452881,
          "hz": 11833.21735289826
        },
        {
          "acoustic_entropy": 4.141254901885986,
          "acoustic_entropy_side": 4.233828067779541,
          "hz": 12943.144197493959
        },
        {
          "acoustic_entropy": 4.1729230880737305,
          "acoustic_entropy_side": 4.231705665588379,
          "hz": 14151.364845322005
        },
        {
          "acoustic_entropy": 4.205928802490234,
          "acoustic_entropy_side": 4.228039264678955,
          "hz": 15466.58407886509
        },
        {
          "acoustic_entropy": 4.222582817077637,
          "acoustic_entropy_side": 4.226950645446777,
          "hz": 16898.27756580493
        },
        {
          "acoustic_entropy": 4.224758148193359,
          "acoustic_entropy_side": 4.226706504821777,
          "hz": 18456.760127700032
        },
        {
          "acoustic_entropy": 4.22568941116333,
          "acoustic_entropy_side": 4.225979804992676,
          "hz": 20153.260054456492
        },
        {
          "acoustic_entropy": 4.225667953491211,
          "acoustic_entropy_side": 4.225568771362305,
          "hz": 22000.00000000001
        }
      ],
      "diff_acoustic_entropy": 4.305588245391846,
      "sn": 6
    },
    {
      "acoustic_entropy": 7.645013332366943,
      "acoustic_entropy_mono": 6.714778423309326,
      "band_eliminated_acoustic_entropies": [
        {
          "acoustic_entropy": 7.6301398277282715,
          "acoustic_entropy_side": 7.629755020141602,
          "hz": 129.47220167065723
        },
        {
          "acoustic_entropy": 7.762523174285889,
          "acoustic_entropy_side": 8.050127029418945,
          "hz": 202.92927478742237
        },
        {
          "acoustic_entropy": 7.5259013175964355,
          "acoustic_entropy_side": 8.116991996765137,
          "hz": 282.89161906338205
        },
        {
          "acoustic_entropy": 7.804750442504883,
          "acoustic_entropy_side": 7.555368900299072,
          "hz": 369.9353335868758
        },
        {
          "acoustic_entropy": 7.292593955993652,
          "acoustic_entropy_side": 7.4615631103515625,
          "hz": 464.6875360973435
        },
        {
          "acoustic_entropy": 7.559304237365723,
          "acoustic_entropy_side": 7.810834884643555,
          "hz": 567.8308811364784
        },
        {
          "acoustic_entropy": 8.00205135345459,
          "acoustic_entropy_side": 7.488269329071045,
          "hz": 680.1084783214808
        },
        {
          "acoustic_entropy": 7.214723587036133,
          "acoustic_entropy_side": 7.189136981964111,
          "hz": 802.3292461747484
        },
        {
          "acoustic_entropy": 8.167585372924805,
          "acoustic_entropy_side": 7.933206558227539,
          "hz": 935.3737400823702
        },
        {
          "acoustic_entropy": 7.3966217041015625,
          "acoustic_entropy_side": 7.682792663574219,
          "hz": 1080.2004963696966
        },
        {
          "acoustic_entropy": 7.3369574546813965,
          "acoustic_entropy_side": 7.5051798820495605,
          "hz": 1237.8529382007157
        },
        {
          "acoustic_entropy": 7.819311141967773,
          "acoustic_entropy_side": 7.624905109405518,
          "hz": 1409.4668930556702
        },
        {
          "acoustic_entropy": 7.271354675292969,
          "acoustic_entropy_side": 7.458459854125977,
          "hz": 1596.2787759475705
        },
        {
          "acoustic_entropy": 7.030088424682617,
          "acoustic_entropy_side": 7.656673431396484,
          "hz": 1799.6344973346393
        },
        {
          "acoustic_entropy": 7.506425380706787,
          "acoustic_entropy_side": 7.621191501617432,
          "hz": 2020.9991599069049
        },
        {
          "acoustic_entropy": 7.5489912033081055,
          "acoustic_entropy_side": 7.684616565704346,
          "hz": 2261.9676141086993
        },
        {
          "acoustic_entropy": 7.498027801513672,
          "acoustic_entropy_side": 7.540548324584961,
          "hz": 2524.2759484456974
        },
        {
          "acoustic_entropy": 7.709225177764893,
          "acoustic_entropy_side": 7.656190395355225,
          "hz": 2809.813997359896
        },
        {
          "acoustic_entropy": 7.692556381225586,
          "acoustic_entropy_side": 7.797645568847656,
          "hz": 3120.6389567871424
        },
        {
          "acoustic_entropy": 7.4879961013793945,
          "acoustic_entropy_side": 7.564570426940918,
          "hz": 3458.990205492291
        },
        {
          "acoustic_entropy": 7.49786376953125,
          "acoustic_entropy_side": 7.5350446701049805,
          "hz": 3827.305438964164
        },
        {
          "acoustic_entropy": 7.4380998611450195,
          "acoustic_entropy_side": 7.594587802886963,
          "hz": 4228.238232109126
        },
        {
          "acoustic_entropy": 7.631417751312256,
          "acoustic_entropy_side": 7.656362056732178,
          "hz": 4664.6771572759235
        },
        {
          "acoustic_entropy": 7.8378005027771,
          "acoustic_entropy_side": 7.706208229064941,
          "hz": 5139.766595350093
        },
        {
          "acoustic_entropy": 7.726169109344482,
          "acoustic_entropy_side": 7.644187927246094,
          "hz": 5656.929389854203
        },
        {
          "acoustic_entropy": 7.648538589477539,
          "acoustic_entropy_side": 7.658346176147461,
          "hz": 6219.891507268283
        },
        {
          "acoustic_entropy": 7.6088457107543945,
          "acoustic_entropy_side": 7.667366027832031,
          "hz": 6832.70888123896
        },
        {
          "acoustic_entropy": 7.765925884246826,
          "acoustic_entropy_side": 7.74075174331665,
          "hz": 7499.796634079867
        },
        {
          "acoustic_entropy": 7.856984615325928,
          "acoustic_entropy_side": 7.840103626251221,
          "hz": 8225.96088609342
        },
        {
          "acoustic_entropy": 8.0512113571167,
          "acoustic_entropy_side": 7.972796440124512,
          "hz": 9016.43338188839
        },
        {
          "acoustic_entropy": 8.07379150390625,
          "acoustic_entropy_side": 8.056941032409668,
          "hz": 9876.909183162974
        },
        {
          "acoustic_entropy": 7.9121527671813965,
          "acoustic_entropy_side": 7.890692710876465,
          "hz": 10813.587699516042
        },
        {
          "acoustic_entropy": 7.864099979400635,
          "acoustic_entropy_side": 7.786836624145508,
          "hz": 11833.21735289826
        },
        {
          "acoustic_entropy": 7.795511722564697,
          "acoustic_entropy_side": 7.727126121520996,
          "hz": 12943.144197493959
        },
        {
          "acoustic_entropy": 7.76340913772583,
          "acoustic_entropy_side": 7.7067718505859375,
          "hz": 14151.364845322005
        },
        {
          "acoustic_entropy": 7.839985370635986,
          "acoustic_entropy_side": 7.685656547546387,
          "hz": 15466.58407886509
        },
        {
          "acoustic_entropy": 7.841794967651367,
          "acoustic_entropy_side": 7.6638264656066895,
          "hz": 16898.27756580493
        },
        {
          "acoustic_entropy": 7.736924648284912,
          "acoustic_entropy_side": 7.650213241577148,
          "hz": 18456.760127700032
        },
        {
          "acoustic_entropy": 7.668851375579834,
          "acoustic_entropy_side": 7.645508766174316,
          "hz": 20153.260054456492
        },
        {
          "acoustic_entropy": 7.632096767425537,
          "acoustic_entropy_side": 7.644752025604248,
          "hz": 22000.00000000001
        }
      ],
      "diff_acoustic_entropy": 7.581193447113037,
      "sn": 12
    },
    {
      "acoustic_entropy": 11.830326080322266,
      "acoustic_entropy_mono": 9.620140075683594,
      "band_eliminated_acoustic_entropies": [
        {
          "acoustic_entropy": 11.023051261901855,
          "acoustic_entropy_side": 11.983887672424316,
          "hz": 129.47220167065723
        },
        {
          "acoustic_entropy": 12.793938636779785,
          "acoustic_entropy_side": 12.359746932983398,
          "hz": 202.92927478742237
        },
        {
          "acoustic_entropy": 12.400533676147461,
          "acoustic_entropy_side": 12.099286079406738,
          "hz": 282.89161906338205
        },
        {
          "acoustic_entropy": 11.387331008911133,
          "acoustic_entropy_side": 11.582414627075195,
          "hz": 369.9353335868758
        },
        {
          "acoustic_entropy": 11.254894256591797,
          "acoustic_entropy_side": 11.720902442932129,
          "hz": 464.6875360973435
        },
        {
          "acoustic_entropy": 11.519286155700684,
          "acoustic_entropy_side": 12.063190460205078,
          "hz": 567.8308811364784
        },
        {
          "acoustic_entropy": 11.223421096801758,
          "acoustic_entropy_side": 11.60051155090332,
          "hz": 680.1084783214808
        },
        {
          "acoustic_entropy": 11.732075691223145,
          "acoustic_entropy_side": 11.890243530273438,
          "hz": 802.3292461747484
        },
        {
          "acoustic_entropy": 11.578302383422852,
          "acoustic_entropy_side": 12.042457580566406,
          "hz": 935.3737400823702
        },
        {
          "acoustic_entropy": 11.735808372497559,
          "acoustic_entropy_side": 11.659561157226562,
          "hz": 1080.2004963696966
        },
        {
          "acoustic_entropy": 11.998061180114746,
          "acoustic_entropy_side": 12.048711776733398,
          "hz": 1237.8529382007157
        },
        {
          "acoustic_entropy": 11.675897598266602,
          "acoustic_entropy_side": 11.605844497680664,
          "hz": 1409.4668930556702
        },
        {
          "acoustic_entropy": 11.780445098876953,
          "acoustic_entropy_side": 11.979399681091309,
          "hz": 1596.2787759475705
        },
        {
          "acoustic_entropy": 11.783576011657715,
          "acoustic_entropy_side": 11.829514503479004,
          "hz": 1799.6344973346393
        },
        {
          "acoustic_entropy": 11.641317367553711,
          "acoustic_entropy_side": 11.733602523803711,
          "hz": 2020.9991599069049
        },
        {
          "acoustic_entropy": 12.155527114868164,
          "acoustic_entropy_side": 11.720726013183594,
          "hz": 2261.9676141086993
        },
        {
          "acoustic_entropy": 11.48073959350586,
          "acoustic_entropy_side": 11.705856323242188,
          "hz": 2524.2759484456974
        },
        {
          "acoustic_entropy": 11.967411994934082,
          "acoustic_entropy_side": 11.761052131652832,
          "hz": 2809.813997359896
        },
        {
          "acoustic_entropy": 11.795509338378906,
