{
  "acoustic_entropy": 231.35250854492188,
  "bands": [
    {
      "high_freq": 148.1999969482422,
      "loudness": -19.890239715576172,
      "loudness_range": 5.898649215698242,
      "mid_mean": -16.397071838378906,
      "mid_to_side_loudness": -15.54018497467041,
      "mid_to_side_loudness_range": 14.357728958129883,
      "side_mean": -32.13066101074219
    },
    {
      "high_freq": 392.3793640136719,
      "loudness": -19.986997604370117,
      "loudness_range": 5.641902923583984,
      "low_freq": 148.1999969482422,
      "mid_mean": -16.769668579101562,
      "mid_to_side_loudness": -10.36742115020752,
      "mid_to_side_loudness_range": 10.118200302124023,
      "side_mean": -27.266273498535156
    },
    {
      "high_freq": 794.6976318359375,
      "loudness": -22.675867080688477,
      "loudness_range": 9.764896392822266,
      "low_freq": 392.3793640136719,
      "mid_mean": -19.787582397460938,
      "mid_to_side_loudness": -8.294075965881348,
      "mid_to_side_loudness_range": 13.056976318359375,
      "side_mean": -28.233062744140625
    },
    {
      "high_freq": 1457.5709228515625,
      "loudness": -24.02954864501953,
      "loudness_range": 14.326898574829102,
      "low_freq": 794.6976318359375,
      "mid_mean": -21.399768829345703,
      "mid_to_side_loudness": -7.311285972595215,
      "mid_to_side_loudness_range": 13.457404136657715,
      "side_mean": -28.841745376586914
    },
    {
      "high_freq": 2549.74365234375,
      "loudness": -21.846731185913086,
      "loudness_range": 14.428337097167969,
      "low_freq": 1457.5709228515625,
      "mid_mean": -19.1146183013916,
      "mid_to_side_loudness": -7.170602798461914,
      "mid_to_side_loudness_range": 11.745584487915039,
      "side_mean": -26.500661849975586
    },
    {
      "high_freq": 4349.24462890625,
      "loudness": -20.173458099365234,
      "loudness_range": 10.54149341583252,
      "low_freq": 2549.74365234375,
      "mid_mean": -17.511157989501953,
      "mid_to_side_loudness": -7.215975761413574,
      "mid_to_side_loudness_range": 10.13296127319336,
      "side_mean": -24.716167449951172
    },
    {
      "high_freq": 7314.1640625,
      "loudness": -22.611175537109375,
      "loudness_range": 10.422727584838867,
      "low_freq": 4349.24462890625,
      "mid_mean": -20.157146453857422,
      "mid_to_side_loudness": -5.796020030975342,
      "mid_to_side_loudness_range": 9.674449920654297,
      "side_mean": -26.035449981689453
    },
    {
      "high_freq": 12199.2666015625,
      "loudness": -26.79640007019043,
      "loudness_range": 9.735652923583984,
      "low_freq": 7314.1640625,
      "mid_mean": -24.50787353515625,
      "mid_to_side_loudness": -4.702627182006836,
      "mid_to_side_loudness_range": 8.18946647644043,
      "side_mean": -29.517723083496094
    },
    {
      "loudness": -33.758792877197266,
      "loudness_range": 10.882551193237305,
      "low_freq": 12199.2666015625,
      "mid_mean": -32.49354553222656,
      "mid_to_side_loudness": -1.989108920097351,
      "mid_to_side_loudness_range": 5.998765468597412,
      "side_mean": -34.4947509765625
    }
  ],
  "bands_short": [
    {
      "high_freq": 148.1999969482422,
      "loudness": -22.801212310791016,
      "loudness_range": 12.159040451049805,
      "mid_mean": -19.381853103637695,
      "mid_to_side_loudness": -16.235509872436523,
      "mid_to_side_loudness_range": 20.51415252685547,
      "side_mean": -35.844764709472656
    },
    {
      "high_freq": 392.3793640136719,
      "loudness": -19.481977462768555,
      "loudness_range": 9.373953819274902,
      "low_freq": 148.1999969482422,
      "mid_mean": -16.277667999267578,
      "mid_to_side_loudness": -10.901467323303223,
      "mid_to_side_loudness_range": 13.181819915771484,
      "side_mean": -27.30927085876465
    },
    {
      "high_freq": 794.6976318359375,
      "loudness": -23.2808895111084,
      "loudness_range": 12.130634307861328,
      "low_freq": 392.3793640136719,
      "mid_mean": -20.639856338500977,
      "mid_to_side_loudness": -7.38633918762207,
      "mid_to_side_loudness_range": 14.341851234436035,
      "side_mean": -28.156291961669922
    },
    {
      "high_freq": 1457.5709228515625,
      "loudness": -24.74976348876953,
      "loudness_range": 16.315000534057617,
      "low_freq": 794.6976318359375,
      "mid_mean": -22.33551788330078,
      "mid_to_side_loudness": -6.597321510314941,
      "mid_to_side_loudness_range": 14.736552238464355,
      "side_mean": -29.068632125854492
    },
    {
      "high_freq": 2549.74365234375,
      "loudness": -22.905534744262695,
      "loudness_range": 16.721572875976562,
      "low_freq": 1457.5709228515625,
      "mid_mean": -20.50550651550293,
      "mid_to_side_loudness": -6.192078113555908,
      "mid_to_side_loudness_range": 13.713279724121094,
      "side_mean": -26.89699935913086
    },
    {
      "high_freq": 4349.24462890625,
      "loudness": -20.867698669433594,
      "loudness_range": 13.530738830566406,
      "low_freq": 2549.74365234375,
      "mid_mean": -18.384201049804688,
      "mid_to_side_loudness": -6.65086555480957,
      "mid_to_side_loudness_range": 12.248905181884766,
      "side_mean": -25.078393936157227
    },
    {
      "high_freq": 7314.1640625,
      "loudness": -23.544164657592773,
      "loudness_range": 14.094257354736328,
      "low_freq": 4349.24462890625,
      "mid_mean": -21.186473846435547,
      "mid_to_side_loudness": -5.484147071838379,
      "mid_to_side_loudness_range": 10.901030540466309,
      "side_mean": -26.864892959594727
    },
    {
      "high_freq": 12199.2666015625,
      "loudness": -28.378925323486328,
      "loudness_range": 16.425540924072266,
      "low_freq": 7314.1640625,
      "mid_mean": -26.133285522460938,
      "mid_to_side_loudness": -5.106828212738037,
      "mid_to_side_loudness_range": 11.348905563354492,
      "side_mean": -31.578861236572266
    },
    {
      "loudness": -37.96071243286133,
      "loudness_range": 23.432857513427734,
      "low_freq": 12199.2666015625,
      "mid_mean": -36.38740158081055,
      "mid_to_side_loudness": -2.867933750152588,
      "mid_to_side_loudness_range": 8.504755020141602,
      "side_mean": -39.31052780151367
    }
  ],
  "bandwidth": 833.8233642578125,
  "channels": 2,
  "covariance": [
    [
      7.6468400955200195,
      3.859476327896118,
      5.310686111450195,
      2.6974616050720215,
      3.4112939834594727,
      2.0701582431793213,
      3.525624990463257,
      3.949319362640381,
      4.389089584350586,
      5.871463298797607,
      4.343533039093018,
      4.507324695587158,
      3.956324338912964,
      5.1120924949646,
      2.7702853679656982,
      5.317960262298584,
      1.6699501276016235,
      1.7367521524429321
    ],
    [
      3.859476327896118,
      24.31777000427246,
      0.5171911120414734,
      4.2683000564575195,
      0.9582535028457642,
      5.172880172729492,
      1.7134510278701782,
      6.103189945220947,
      0.6617709398269653,
      4.52127742767334,
      0.7060617804527283,
      3.6728358268737793,
      0.3329300880432129,
      2.803976058959961,
      -0.48002052307128906,
      0.16981056332588196,
      -5.526709079742432,
      -7.196563720703125
    ],
    [
      5.310686111450195,
      0.5171911120414734,
      11.501714706420898,
      4.383938789367676,
      3.7791852951049805,
      0.6911690831184387,
      4.404726505279541,
      3.620943307876587,
      6.78185510635376,
      6.830803394317627,
      7.4944891929626465,
      4.577054977416992,
      7.366483211517334,
      6.558999538421631,
      4.749605655670166,
      6.558492183685303,
      4.447598934173584,
      4.577109336853027
    ],
    [
      2.6974616050720215,
      4.2683000564575195,
      4.383938789367676,
      8.65437126159668,
      1.4868959188461304,
      3.4005730152130127,
      2.469689130783081,
      4.8917670249938965,
      4.1834259033203125,
      5.569651126861572,
      4.488609790802002,
      4.267619609832764,
      3.972364902496338,
      4.423482894897461,
      2.497297525405884,
      3.07891845703125,
      1.1247252225875854,
      0.16234521567821503
    ],
    [
      3.4112939834594727,
      0.9582535028457642,
      3.7791852951049805,
      1.4868959188461304,
      15.262380599975586,
      3.597214937210083,
      12.674040794372559,
      5.0695366859436035,
      11.465642929077148,
      5.916484355926514,
      7.8076372146606445,
      5.154797554016113,
      5.788779258728027,
      6.314033031463623,
      5.420802593231201,
      6.445181846618652,
      3.700061321258545,
      3.9827451705932617
    ],
    [
      2.0701582431793213,
      5.172880172729492,
      0.6911690831184387,
      3.4005730152130127,
      3.597214937210083,
      12.74070930480957,
      3.7103700637817383,
      11.167523384094238,
      4.991836071014404,
      8.773574829101562,
      3.8502254486083984,
      6.337584495544434,
      3.7445154190063477,
      6.302265167236328,
      2.995638132095337,
      4.3072509765625,
      0.4026881754398346,
      -1.2899768352508545
    ],
    [
      3.525624990463257,
      1.7134510278701782,
      4.404726505279541,
      2.469689130783081,
      12.674040794372559,
      3.7103700637817383,
      26.604084014892578,
      10.907817840576172,
      19.425386428833008,
      10.237189292907715,
      9.059215545654297,
      8.773918151855469,
      7.789768695831299,
      10.091233253479004,
      6.940463542938232,
      9.624321937561035,
      5.191091060638428,
      6.61025857925415
    ],
    [
      3.949319362640381,
      6.103189945220947,
      3.620943307876587,
      4.8917670249938965,
      5.0695366859436035,
      11.167523384094238,
      10.907817840576172,
      22.89166831970215,
      11.658706665039062,
      17.290149688720703,
      8.481466293334961,
      12.756665229797363,
      9.267127990722656,
      12.97582721710205,
      7.702999114990234,
      10.137624740600586,
      3.6247119903564453,
      2.3434901237487793
    ],
    [
      4.389089584350586,
      0.6617709398269653,
      6.78185510635376,
      4.1834259033203125,
      11.465642929077148,
      4.991836071014404,
      19.425386428833008,
      11.658706665039062,
      29.389135360717773,
      14.93242073059082,
      16.032794952392578,
      12.950943946838379,
      15.233450889587402,
      15.621634483337402,
      12.738054275512695,
      13.757929801940918,
      8.061742782592773,
      7.117506504058838
    ],
    [
      5.871463298797607,
      4.52127742767334,
      6.830803394317627,
      5.569651126861572,
      5.916484355926514,
      8.773574829101562,
      10.237189292907715,
      17.290149688720703,
      14.93242073059082,
      19.696195602416992,
      11.425046920776367,
      14.097461700439453,
      12.1324462890625,
      15.029050827026367,
      9.889749526977539,
      12.875263214111328,
      4.6872782707214355,
      3.5515010356903076
    ],
    [
      4.343533039093018,
      0.7060617804527283,
      7.4944891929626465,
      4.488609790802002,
      7.8076372146606445,
      3.8502254486083984,
      9.059215545654297,
      8.481466293334961,
      16.032794952392578,
      11.425046920776367,
      24.249530792236328,
      14.480413436889648,
      16.752290725708008,
      16.18321418762207,
      13.4683198928833,
      15.193206787109375,
      9.525225639343262,
      8.250308990478516
    ],
    [
      4.507324695587158,
      3.6728358268737793,
      4.577054977416992,
      4.267619609832764,
      5.154797554016113,
      6.337584495544434,
      8.773918151855469,
      12.756665229797363,
      12.950943946838379,
      14.097461700439453,
      14.480413436889648,
      19.898237228393555,
      12.72591495513916,
      19.740453720092773,
      11.058549880981445,
      17.8327579498291,
      7.292769432067871,
      7.9937968254089355
    ],
    [
      3.956324338912964,
      0.3329300880432129,
      7.366483211517334,
      3.972364902496338,
      5.788779258728027,
      3.7445154190063477,
      7.789768695831299,
      9.267127990722656,
      15.233450889587402,
      12.1324462890625,
      16.752290725708008,
      12.72591495513916,
      20.265947341918945,
      17.539182662963867,
      13.356328964233398,
      14.313912391662598,
      8.160168647766113,
      6.360414981842041
    ],
    [
      5.1120924949646,
      2.803976058959961,
      6.558999538421631,
      4.423482894897461,
      6.314033031463623,
      6.302265167236328,
      10.091233253479004,
      12.97582721710205,
      15.621634483337402,
      15.029050827026367,
      16.18321418762207,
      19.740453720092773,
      17.539182662963867,
      28.03279685974121,
      14.985119819641113,
      23.8146915435791,
      10.626032829284668,
      12.538896560668945
    ],
    [
      2.7702853679656982,
      -0.48002052307128906,
      4.749605655670166,
      2.497297525405884,
      5.420802593231201,
      2.995638132095337,
      6.940463542938232,
      7.702999114990234,
      12.738054275512695,
      9.889749526977539,
      13.4683198928833,
      11.058549880981445,
      13.356328964233398,
      14.985119819641113,
      18.2983455657959,
      16.21718406677246,
      10.689082145690918,
      9.452699661254883
    ],
    [
      5.317960262298584,
      0.16981056332588196,
      6.558492183685303,
      3.07891845703125,
      6.445181846618652,
      4.3072509765625,
      9.624321937561035,
      10.137624740600586,
      13.757929801940918,
      12.875263214111328,
      15.193206787109375,
      17.8327579498291,
      14.313912391662598,
      23.8146915435791,
      16.21718406677246,
      28.31780433654785,
      14.851799011230469,
      19.993122100830078
    ],
    [
      1.6699501276016235,
      -5.526709079742432,
      4.447598934173584,
      1.1247252225875854,
      3.700061321258545,
      0.4026881754398346,
      5.191091060638428,
      3.6247119903564453,
      8.061742782592773,
      4.6872782707214355,
      9.525225639343262,
      7.292769432067871,
      8.160168647766113,
      10.626032829284668,
      10.689082145690918,
      14.851799011230469,
      19.448184967041016,
      20.754079818725586
    ],
    [
      1.7367521524429321,
      -7.196563720703125,
      4.577109336853027,
      0.16234521567821503,
      3.9827451705932617,
      -1.2899768352508545,
      6.61025857925415,
      2.3434901237487793,
      7.117506504058838,
      3.5515010356903076,
      8.250308990478516,
      7.9937968254089355,
      6.360414981842041,
      12.538896560668945,
      9.452699661254883,
      19.993122100830078,
      20.754079818725586,
      33.3872184753418
    ]
  ],
  "covariance_short": [
    [
      19.667728424072266,
      8.461204528808594,
      4.618539810180664,
      2.4062862396240234,
      2.977994918823242,
      2.9075927734375,
      3.0519144535064697,
      3.836306095123291,
      4.397984981536865,
      5.336667537689209,
      4.523457050323486,
      4.27952766418457,
      3.321300745010376,
      5.1927642822265625,
      1.8587783575057983,
      5.094147205352783,
      1.9375613927841187,
      3.2141802310943604
    ],
    [
      8.461204528808594,
      46.96426010131836,
      2.056915760040283,
      7.7646026611328125,
      2.215492010116577,
      5.187352180480957,
      -0.5751854777336121,
      3.1122522354125977,
      -0.9505087733268738,
      1.746578335762024,
      1.129060983657837,
      2.390286922454834,
      -0.2855345904827118,
      2.1550710201263428,
      -1.3252273797988892,
      1.8461570739746094,
      -0.44712457060813904,
      1.359368085861206
    ],
    [
      4.618539810180664,
      2.056915760040283,
      15.940729141235352,
      4.499844551086426,
      4.868380546569824,
      0.7923133373260498,
      5.154969692230225,
      3.319742202758789,
      7.519625663757324,
      6.716437339782715,
      8.024884223937988,
      5.258951663970947,
      8.522237777709961,
      7.382426738739014,
      6.9145402908325195,
      9.262324333190918,
      9.62351131439209,
      10.228841781616211
    ],
    [
      2.4062862396240234,
      7.7646026611328125,
      4.499844551086426,
      12.523445129394531,
      2.334364652633667,
      4.405233860015869,
      3.210463285446167,
      6.621002197265625,
      4.9001030921936035,
      6.832754611968994,
      4.448845386505127,
      5.41705846786499,
      4.354735374450684,
      5.662875652313232,
      2.908233404159546,
      4.54067325592041,
      2.14485764503479,
      2.3510303497314453
    ],
    [
      2.977994918823242,
      2.215492010116577,
      4.868380546569824,
      2.334364652633667,
      22.075305938720703,
      4.391518592834473,
      13.589529991149902,
      5.382012367248535,
      13.21788501739502,
      6.070064544677734,
      11.179228782653809,
      6.0675787925720215,
      9.113165855407715,
      7.823798656463623,
      9.579571723937988,
      9.145081520080566,
      9.692704200744629,
      9.04234790802002
    ],
    [
      2.9075927734375,
      5.187352180480957,
      0.7923133373260498,
      4.405233860015869,
      4.391518592834473,
      14.086458206176758,
      3.8343558311462402,
      10.391674995422363,
      4.874486923217773,
      8.459392547607422,
      4.5329203605651855,
      6.765811443328857,
      4.546727180480957,
      6.564915180206299,
      3.7449376583099365,
      5.900240421295166,
      2.418735980987549,
      3.0924341678619385
    ],
    [
      3.0519144535064697,
      -0.5751854777336121,
      5.154969692230225,
      3.210463285446167,
      13.589529991149902,
      3.8343558311462402,
      32.19894790649414,
      12.375452995300293,
      23.733570098876953,
      11.19103717803955,
      12.562346458435059,
      9.570910453796387,
      11.697100639343262,
      11.851445198059082,
      12.555341720581055,
      13.123427391052246,
      13.44845199584961,
      13.162938117980957
    ],
    [
      3.836306095123291,
      3.1122522354125977,
      3.319742202758789,
      6.621002197265625,
      5.382012367248535,
      10.391674995422363,
      12.375452995300293,
      26.053293228149414,
      12.997167587280273,
      18.878768920898438,
      9.492406845092773,
      14.111157417297363,
      10.75440502166748,
      14.354832649230957,
      9.604964256286621,
      13.84177303314209,
      7.428955078125,
      9.077081680297852
    ],
    [
      4.397984981536865,
      -0.9505087733268738,
      7.519625663757324,
      4.9001030921936035,
      13.21788501739502,
      4.874486923217773,
      23.733570098876953,
      12.997167587280273,
      38.51816940307617,
      16.980915069580078,
      21.342649459838867,
      14.934713363647461,
      20.338773727416992,
      18.79360008239746,
      20.298139572143555,
      19.524564743041992,
      19.524112701416016,
      18.556411743164062
    ],
    [
      5.336667537689209,
      1.746578335762024,
      6.716437339782715,
      6.832754611968994,
      6.070064544677734,
      8.459392547607422,
      11.19103717803955,
      18.878768920898438,
      16.980915069580078,
      23.037893295288086,
      12.449533462524414,
      16.05494499206543,
      13.85299015045166,
      17.558300018310547,
      12.430663108825684,
      17.188819885253906,
      10.191376686096191,
      11.659425735473633
    ],
    [
      4.523457050323486,
      1.129060983657837,
      8.024884223937988,
      4.448845386505127,
      11.179228782653809,
      4.5329203605651855,
      12.562346458435059,
      9.492406845092773,
      21.342649459838867,
      12.449533462524414,
      32.659828186035156,
      17.06877326965332,
      24.78130531311035,
      21.006860733032227,
      23.309858322143555,
      22.05610466003418,
      21.166217803955078,
      20.45640754699707
    ],
    [
      4.27952766418457,
      2.390286922454834,
      5.258951663970947,
      5.41705846786499,
      6.0675787925720215,
      6.765811443328857,
      9.570910453796387,
      14.111157417297363,
      14.934713363647461,
      16.05494499206543,
      17.06877326965332,
      23.451623916625977,
      17.058298110961914,
      24.912790298461914,
      17.33184814453125,
      25.6901798248291,
      16.914695739746094,
      21.22235679626465
    ],
    [
      3.321300745010376,
      -0.2855345904827118,
      8.522237777709961,
      4.354735374450684,
      9.113165855407715,
      4.546727180480957,
      11.697100639343262,
      10.75440502166748,
      20.338773727416992,
      13.85299015045166,
      24.78130531311035,
      17.058298110961914,
      31.80743408203125,
      25.054914474487305,
      27.019559860229492,
      27.05643081665039,
      26.476215362548828,
      26.068710327148438
    ],
    [
      5.1927642822265625,
      2.1550710201263428,
      7.382426738739014,
      5.662875652313232,
      7.823798656463623,
      6.564915180206299,
      11.851445198059082,
      14.354832649230957,
      18.79360008239746,
      17.558300018310547,
      21.006860733032227,
      24.912790298461914,
      25.054914474487305,
      37.82710647583008,
      25.701499938964844,
      38.34975051879883,
      28.456802368164062,
      36.328487396240234
    ],
    [
      1.8587783575057983,
      -1.3252273797988892,
      6.9145402908325195,
      2.908233404159546,
      9.579571723937988,
      3.7449376583099365,
      12.555341720581055,
      9.604964256286621,
      20.298139572143555,
      12.430663108825684,
      23.309858322143555,
      17.33184814453125,
      27.019559860229492,
      25.701499938964844,
      38.75746154785156,
      34.5123405456543,
      37.31719207763672,
      36.842464447021484
    ],
    [
      5.094147205352783,
      1.8461570739746094,
      9.262324333190918,
      4.54067325592041,
      9.145081520080566,
      5.900240421295166,
      13.123427391052246,
      13.84177303314209,
      19.524564743041992,
      17.188819885253906,
      22.05610466003418,
      25.6901798248291,
      27.05643081665039,
      38.34975051879883,
      34.5123405456543,
      53.00063705444336,
      43.649757385253906,
      55.010032653808594
    ],
    [
      1.9375613927841187,
      -0.44712457060813904,
      9.62351131439209,
      2.14485764503479,
      9.692704200744629,
      2.418735980987549,
      13.44845199584961,
      7.428955078125,
      19.524112701416016,
      10.191376686096191,
      21.166217803955078,
      16.914695739746094,
      26.476215362548828,
      28.456802368164062,
      37.31719207763672,
      43.649757385253906,
      60.07522201538086,
      63.85514450073242
    ],
    [
      3.2141802310943604,
      1.359368085861206,
      10.228841781616211,
      2.3510303497314453,
      9.04234790802002,
      3.0924341678619385,
      13.162938117980957,
      9.077081680297852,
      18.556411743164062,
      11.659425735473633,
      20.45640754699707,
      21.22235679626465,
      26.068710327148438,
      36.328487396240234,
      36.842464447021484,
      55.010032653808594,
      63.85514450073242,
      82.32145690917969
    ]
  ],
  "damage": -5.994537830352783,
  "diff_bandwidth": 876.1278076171875,
  "dissonance": 10.75499993440241,
  "drr": 12.432506561279297,
  "dynamics": 2.5620737075805664,
  "format": 1245190,
  "frames": 10335276,
  "loudness": -8.782422065734863,
  "loudness_range": 5.6038737297058105,
  "loudness_range_short": 8.066289901733398,
  "lowpass_true_peak_15khz": 1.5307947397232056,
  "mastering3_acoustic_entropies": [
    {
      "acoustic_entropy": 6.809650897979736,
      "acoustic_entropy_mono": 6.448135852813721,
      "band_eliminated_acoustic_entropies": [
        {
          "acoustic_entropy": 6.79788064956665,
          "acoustic_entropy_side": 6.809950828552246,
          "hz": 129.47220167065723
        },
        {
          "acoustic_entropy": 6.840524196624756,
          "acoustic_entropy_side": 6.814117908477783,
          "hz": 202.92927478742237
        },
        {
          "acoustic_entropy": 7.137995719909668,
          "acoustic_entropy_side": 6.818233489990234,
          "hz": 282.89161906338205
        },
        {
          "acoustic_entropy": 7.16923713684082,
          "acoustic_entropy_side": 6.81340217590332,
          "hz": 369.9353335868758
        },
        {
          "acoustic_entropy": 6.557252883911133,
          "acoustic_entropy_side": 6.802309513092041,
          "hz": 464.6875360973435
        },
        {
          "acoustic_entropy": 6.55560302734375,
          "acoustic_entropy_side": 6.730296611785889,
          "hz": 567.8308811364784
        },
        {
          "acoustic_entropy": 6.646052837371826,
          "acoustic_entropy_side": 6.81489896774292,
          "hz": 680.1084783214808
        },
        {
          "acoustic_entropy": 7.328580856323242,
          "acoustic_entropy_side": 6.811097621917725,
          "hz": 802.3292461747484
        },
        {
          "acoustic_entropy": 6.751565456390381,
          "acoustic_entropy_side": 6.8192901611328125,
          "hz": 935.3737400823702
        },
        {
          "acoustic_entropy": 6.761704921722412,
          "acoustic_entropy_side": 6.832112789154053,
          "hz": 1080.2004963696966
        },
        {
          "acoustic_entropy": 6.73758602142334,
          "acoustic_entropy_side": 6.83396577835083,
          "hz": 1237.8529382007157
        },
        {
          "acoustic_entropy": 7.312930107116699,
          "acoustic_entropy_side": 6.89563512802124,
          "hz": 1409.4668930556702
        },
        {
          "acoustic_entropy": 6.654568672180176,
          "acoustic_entropy_side": 6.850565433502197,
          "hz": 1596.2787759475705
        },
        {
          "acoustic_entropy": 6.589110851287842,
          "acoustic_entropy_side": 6.816429615020752,
          "hz": 1799.6344973346393
        },
        {
          "acoustic_entropy": 6.736407279968262,
          "acoustic_entropy_side": 6.809452533721924,
          "hz": 2020.9991599069049
        },
        {
          "acoustic_entropy": 7.059056758880615,
          "acoustic_entropy_side": 6.827669143676758,
          "hz": 2261.9676141086993
        },
        {
          "acoustic_entropy": 7.181201934814453,
          "acoustic_entropy_side": 6.872910022735596,
          "hz": 2524.2759484456974
        },
        {
          "acoustic_entropy": 6.9749908447265625,
          "acoustic_entropy_side": 6.855177879333496,
          "hz": 2809.813997359896
        },
        {
          "acoustic_entropy": 6.884616851806641,
          "acoustic_entropy_side": 6.849064350128174,
          "hz": 3120.6389567871424
        },
        {
          "acoustic_entropy": 6.8414082527160645,
          "acoustic_entropy_side": 6.820330619812012,
          "hz": 3458.990205492291
        },
        {
          "acoustic_entropy": 6.769472599029541,
          "acoustic_entropy_side": 6.831080913543701,
          "hz": 3827.305438964164
        },
        {
          "acoustic_entropy": 6.7410078048706055,
          "acoustic_entropy_side": 6.800097465515137,
          "hz": 4228.238232109126
        },
        {
          "acoustic_entropy": 6.915911674499512,
          "acoustic_entropy_side": 6.758816719055176,
          "hz": 4664.6771572759235
        },
        {
          "acoustic_entropy": 6.845860958099365,
          "acoustic_entropy_side": 6.772253513336182,
          "hz": 5139.766595350093
        },
        {
          "acoustic_entropy": 6.7888031005859375,
          "acoustic_entropy_side": 6.718255043029785,
          "hz": 5656.929389854203
        },
        {
          "acoustic_entropy": 6.774413585662842,
          "acoustic_entropy_side": 6.7140984535217285,
          "hz": 6219.891507268283
        },
        {
          "acoustic_entropy": 6.573006629943848,
          "acoustic_entropy_side": 6.664394378662109,
          "hz": 6832.70888123896
        },
        {
          "acoustic_entropy": 6.7825517654418945,
          "acoustic_entropy_side": 6.797560214996338,
          "hz": 7499.796634079867
        },
        {
          "acoustic_entropy": 6.682971954345703,
          "acoustic_entropy_side": 6.705234527587891,
          "hz": 8225.96088609342
        },
        {
          "acoustic_entropy": 6.742027759552002,
          "acoustic_entropy_side": 6.720880508422852,
          "hz": 9016.43338188839
        },
        {
          "acoustic_entropy": 6.721633434295654,
          "acoustic_entropy_side": 6.7320356369018555,
          "hz": 9876.909183162974
        },
        {
          "acoustic_entropy": 6.676712989807129,
          "acoustic_entropy_side": 6.738590240478516,
          "hz": 10813.587699516042
        },
        {
          "acoustic_entropy": 6.786620616912842,
          "acoustic_entropy_side": 6.77281379699707,
          "hz": 11833.21735289826
        },
        {
          "acoustic_entropy": 6.762187957763672,
          "acoustic_entropy_side": 6.806293487548828,
          "hz": 12943.144197493959
        },
        {
          "acoustic_entropy": 6.778814315795898,
          "acoustic_entropy_side": 6.832711696624756,
          "hz": 14151.364845322005
        },
        {
          "acoustic_entropy": 6.794147491455078,
          "acoustic_entropy_side": 6.840699672698975,
          "hz": 15466.58407886509
        },
        {
          "acoustic_entropy": 6.841890335083008,
          "acoustic_entropy_side": 6.840357303619385,
          "hz": 16898.27756580493
        },
        {
          "acoustic_entropy": 6.83344030380249,
          "acoustic_entropy_side": 6.825464248657227,
          "hz": 18456.760127700032
        },
        {
          "acoustic_entropy": 6.821544170379639,
          "acoustic_entropy_side": 6.817258834838867,
          "hz": 20153.260054456492
        },
        {
          "acoustic_entropy": 6.812547206878662,
          "acoustic_entropy_side": 6.811090469360352,
          "hz": 22000.00000000001
        }
      ],
      "diff_acoustic_entropy": 5.865602493286133,
      "sn": 6
    },
    {
      "acoustic_entropy": 10.538248062133789,
      "acoustic_entropy_mono": 10.7698335647583,
      "band_eliminated_acoustic_entropies": [
        {
          "acoustic_entropy": 10.515402793884277,
          "acoustic_entropy_side": 10.537393569946289,
          "hz": 129.47220167065723
        },
        {
          "acoustic_entropy": 11.118057250976562,
          "acoustic_entropy_side": 10.552606582641602,
          "hz": 202.92927478742237
        },
        {
          "acoustic_entropy": 11.12503719329834,
          "acoustic_entropy_side": 10.85464859008789,
          "hz": 282.89161906338205
        },
        {
          "acoustic_entropy": 11.767953872680664,
          "acoustic_entropy_side": 10.749876976013184,
          "hz": 369.9353335868758
        },
        {
          "acoustic_entropy": 10.952510833740234,
          "acoustic_entropy_side": 10.92616081237793,
          "hz": 464.6875360973435
        },
        {
          "acoustic_entropy": 10.423500061035156,
          "acoustic_entropy_side": 10.895328521728516,
          "hz": 567.8308811364784
        },
        {
          "acoustic_entropy": 11.652257919311523,
          "acoustic_entropy_side": 10.395369529724121,
          "hz": 680.1084783214808
        },
        {
          "acoustic_entropy": 11.60330867767334,
          "acoustic_entropy_side": 10.595780372619629,
          "hz": 802.3292461747484
        },
        {
          "acoustic_entropy": 10.420065879821777,
          "acoustic_entropy_side": 10.420868873596191,
          "hz": 935.3737400823702
        },
        {
          "acoustic_entropy": 11.636576652526855,
          "acoustic_entropy_side": 10.535311698913574,
          "hz": 1080.2004963696966
        },
        {
          "acoustic_entropy": 10.622247695922852,
          "acoustic_entropy_side": 10.789134979248047,
          "hz": 1237.8529382007157
        },
        {
          "acoustic_entropy": 10.807250022888184,
          "acoustic_entropy_side": 10.665641784667969,
          "hz": 1409.4668930556702
        },
        {
          "acoustic_entropy": 11.390095710754395,
          "acoustic_entropy_side": 11.072898864746094,
          "hz": 1596.2787759475705
        },
        {
          "acoustic_entropy": 10.279341697692871,
          "acoustic_entropy_side": 10.554729461669922,
          "hz": 1799.6344973346393
        },
        {
          "acoustic_entropy": 11.022278785705566,
          "acoustic_entropy_side": 10.618158340454102,
          "hz": 2020.9991599069049
        },
        {
          "acoustic_entropy": 10.590460777282715,
          "acoustic_entropy_side": 10.667479515075684,
          "hz": 2261.9676141086993
        },
        {
          "acoustic_entropy": 10.992746353149414,
          "acoustic_entropy_side": 10.345759391784668,
          "hz": 2524.2759484456974
        },
        {
          "acoustic_entropy": 10.483201026916504,
          "acoustic_entropy_side": 10.377510070800781,
          "hz": 2809.813997359896
        },
        {
          "acoustic_entropy": 10.278143882751465,
          "acoustic_entropy_side": 10.400408744812012,
          "hz": 3120.6389567871424
        },
        {
          "acoustic_entropy": 10.269487380981445,
          "acoustic_entropy_side": 10.333611488342285,
          "hz": 3458.990205492291
        },
        {
          "acoustic_entropy": 10.401055335998535,
          "acoustic_entropy_side": 10.465932846069336,
          "hz": 3827.305438964164
        },
        {
          "acoustic_entropy": 10.416765213012695,
          "acoustic_entropy_side": 10.354691505432129,
          "hz": 4228.238232109126
        },
        {
          "acoustic_entropy": 10.549819946289062,
          "acoustic_entropy_side": 10.37852668762207,
          "hz": 4664.6771572759235
        },
        {
          "acoustic_entropy": 10.48355770111084,
          "acoustic_entropy_side": 10.543320655822754,
          "hz": 5139.766595350093
        },
        {
          "acoustic_entropy": 10.452559471130371,
          "acoustic_entropy_side": 10.35629940032959,
          "hz": 5656.929389854203
        },
        {
          "acoustic_entropy": 10.428272247314453,
          "acoustic_entropy_side": 10.445791244506836,
          "hz": 6219.891507268283
        },
        {
          "acoustic_entropy": 10.56112289428711,
          "acoustic_entropy_side": 10.661286354064941,
          "hz": 6832.70888123896
        },
        {
          "acoustic_entropy": 10.405838966369629,
          "acoustic_entropy_side": 10.719076156616211,
          "hz": 7499.796634079867
        },
        {
          "acoustic_entropy": 10.354837417602539,
          "acoustic_entropy_side": 10.5778226852417,
          "hz": 8225.96088609342
        },
        {
          "acoustic_entropy": 10.255126953125,
          "acoustic_entropy_side": 10.60538387298584,
          "hz": 9016.43338188839
        },
        {
          "acoustic_entropy": 10.38538932800293,
          "acoustic_entropy_side": 10.534526824951172,
          "hz": 9876.909183162974
        },
        {
          "acoustic_entropy": 10.641974449157715,
          "acoustic_entropy_side": 10.558631896972656,
          "hz": 10813.587699516042
        },
        {
          "acoustic_entropy": 10.642446517944336,
          "acoustic_entropy_side": 10.54769515991211,
          "hz": 11833.21735289826
        },
        {
          "acoustic_entropy": 10.473575592041016,
          "acoustic_entropy_side": 10.493182182312012,
          "hz": 12943.144197493959
        },
        {
          "acoustic_entropy": 10.626845359802246,
          "acoustic_entropy_side": 10.462873458862305,
          "hz": 14151.364845322005
        },
        {
          "acoustic_entropy": 10.515481948852539,
          "acoustic_entropy_side": 10.512773513793945,
          "hz": 15466.58407886509
        },
        {
          "acoustic_entropy": 10.655006408691406,
          "acoustic_entropy_side": 10.535594940185547,
          "hz": 16898.27756580493
        },
        {
          "acoustic_entropy": 10.50950813293457,
          "acoustic_entropy_side": 10.509273529052734,
          "hz": 18456.760127700032
        },
        {
          "acoustic_entropy": 10.501742362976074,
          "acoustic_entropy_side": 10.5100736618042,
          "hz": 20153.260054456492
        },
        {
          "acoustic_entropy": 10.523443222045898,
          "acoustic_entropy_side": 10.527118682861328,
          "hz": 22000.00000000001
        }
      ],
      "diff_acoustic_entropy": 8.973553657531738,
      "sn": 12
    },
    {
      "acoustic_entropy": 15.485350608825684,
      "acoustic_entropy_mono": 14.278868675231934,
      "band_eliminated_acoustic_entropies": [
        {
          "acoustic_entropy": 15.586974143981934,
          "acoustic_entropy_side": 15.481414794921875,
          "hz": 129.47220167065723
        },
        {
          "acoustic_entropy": 16.011043548583984,
          "acoustic_entropy_side": 15.592785835266113,
          "hz": 202.92927478742237
        },
        {
          "acoustic_entropy": 15.973434448242188,
          "acoustic_entropy_side": 15.930763244628906,
          "hz": 282.89161906338205
        },
        {
          "acoustic_entropy": 15.596416473388672,
          "acoustic_entropy_side": 15.466914176940918,
          "hz": 369.9353335868758
        },
        {
          "acoustic_entropy": 16.011960983276367,
          "acoustic_entropy_side": 16.077869415283203,
          "hz": 464.6875360973435
        },
        {
          "acoustic_entropy": 15.273972511291504,
          "acoustic_entropy_side": 15.678235054016113,
          "hz": 567.8308811364784
        },
        {
          "acoustic_entropy": 15.831851959228516,
          "acoustic_entropy_side": 15.646355628967285,
          "hz": 680.1084783214808
        },
        {
          "acoustic_entropy": 15.197138786315918,
          "acoustic_entropy_side": 15.513938903808594,
          "hz": 802.3292461747484
        },
        {
          "acoustic_entropy": 15.5516939163208,
          "acoustic_entropy_side": 15.580024719238281,
          "hz": 935.3737400823702
        },
        {
          "acoustic_entropy": 16.080951690673828,
          "acoustic_entropy_side": 15.772805213928223,
          "hz": 1080.2004963696966
        },
        {
          "acoustic_entropy": 15.622894287109375,
          "acoustic_entropy_side": 15.510428428649902,
          "hz": 1237.8529382007157
        },
        {
          "acoustic_entropy": 15.459221839904785,
          "acoustic_entropy_side": 15.3495454788208,
          "hz": 1409.4668930556702
        },
        {
          "acoustic_entropy": 15.359829902648926,
          "acoustic_entropy_side": 15.622578620910645,
          "hz": 1596.2787759475705
        },
        {
          "acoustic_entropy": 15.502130508422852,
          "acoustic_entropy_side": 15.543354988098145,
          "hz": 1799.6344973346393
        },
        {
          "acoustic_entropy": 15.529790878295898,
          "acoustic_entropy_side": 15.429211616516113,
          "hz": 2020.9991599069049
        },
        {
          "acoustic_entropy": 15.645038604736328,
          "acoustic_entropy_side": 15.541818618774414,
          "hz": 2261.9676141086993
        },
        {
          "acoustic_entropy": 15.59391975402832,
          "acoustic_entropy_side": 15.586631774902344,
          "hz": 2524.2759484456974
        },
        {
          "acoustic_entropy": 15.130362510681152,
          "acoustic_entropy_side": 15.49901008605957,
          "hz": 2809.813997359896
        },
        {
          "acoustic_entropy": 15.235668182373047,
