{
  "acoustic_entropy": 160.1549530029297,
  "bands": [
    {
      "high_freq": 148.1999969482422,
      "loudness": -49.00400161743164,
      "loudness_range": 30.918485641479492,
      "mid_mean": -46.386837005615234,
      "mid_to_side_loudness": -6.581026077270508,
      "mid_to_side_loudness_range": 14.347372055053711,
      "side_mean": -53.347984313964844
    },
    {
      "high_freq": 392.3793640136719,
      "loudness": -31.632312774658203,
      "loudness_range": 13.291894912719727,
      "low_freq": 148.1999969482422,
      "mid_mean": -28.877309799194336,
      "mid_to_side_loudness": -7.197977542877197,
      "mid_to_side_loudness_range": 12.180837631225586,
      "side_mean": -36.31524658203125
    },
    {
      "high_freq": 794.6976318359375,
      "loudness": -32.704795837402344,
      "loudness_range": 15.234832763671875,
      "low_freq": 392.3793640136719,
      "mid_mean": -30.263776779174805,
      "mid_to_side_loudness": -5.643557071685791,
      "mid_to_side_loudness_range": 9.849320411682129,
      "side_mean": -35.82129669189453
    },
    {
      "high_freq": 1457.5709228515625,
      "loudness": -34.12579345703125,
      "loudness_range": 22.90350914001465,
      "low_freq": 794.6976318359375,
      "mid_mean": -32.2882080078125,
      "mid_to_side_loudness": -3.3824710845947266,
      "mid_to_side_loudness_range": 7.719266414642334,
      "side_mean": -35.86247253417969
    },
    {
      "high_freq": 2549.74365234375,
      "loudness": -42.0927848815918,
      "loudness_range": 24.045387268066406,
      "low_freq": 1457.5709228515625,
      "mid_mean": -40.200965881347656,
      "mid_to_side_loudness": -3.5135159492492676,
      "mid_to_side_loudness_range": 8.58297348022461,
      "side_mean": -43.97648239135742
    },
    {
      "high_freq": 4349.24462890625,
      "loudness": -48.082096099853516,
      "loudness_range": 21.515491485595703,
      "low_freq": 2549.74365234375,
      "mid_mean": -46.81084060668945,
      "mid_to_side_loudness": -2.318176507949829,
      "mid_to_side_loudness_range": 9.784589767456055,
      "side_mean": -50.10792922973633
    },
    {
      "high_freq": 7314.1640625,
      "loudness": -60.92783737182617,
      "loudness_range": 21.415328979492188,
      "low_freq": 4349.24462890625,
      "mid_mean": -58.18067932128906,
      "mid_to_side_loudness": -2.8462038040161133,
      "mid_to_side_loudness_range": 6.642933368682861,
      "side_mean": -60.72685623168945
    },
    {
      "high_freq": 12199.2666015625,
      "loudness": -67.9039306640625,
      "loudness_range": 13.111652374267578,
      "low_freq": 7314.1640625,
      "mid_mean": -64.7908706665039,
      "mid_to_side_loudness": -0.5445573925971985,
      "mid_to_side_loudness_range": 1.7299354076385498,
      "side_mean": -65.1578598022461
    },
    {
      "loudness": -73.70303344726562,
      "loudness_range": 2.7693939208984375,
      "low_freq": 12199.2666015625,
      "mid_mean": -68.27957916259766,
      "mid_to_side_loudness": 0.411864697933197,
      "mid_to_side_loudness_range": 0.5604191422462463,
      "side_mean": -68.14068603515625
    }
  ],
  "bands_short": [
    {
      "high_freq": 148.1999969482422,
      "loudness": -50.60066604614258,
      "loudness_range": 32.83001708984375,
      "mid_mean": -48.61399459838867,
      "mid_to_side_loudness": -6.499014377593994,
      "mid_to_side_loudness_range": 19.834941864013672,
      "side_mean": -55.1179313659668
    },
    {
      "high_freq": 392.3793640136719,
      "loudness": -34.02063751220703,
      "loudness_range": 18.20208740234375,
      "low_freq": 148.1999969482422,
      "mid_mean": -31.384145736694336,
      "mid_to_side_loudness": -7.619714260101318,
      "mid_to_side_loudness_range": 15.256903648376465,
      "side_mean": -39.27067565917969
    },
    {
      "high_freq": 794.6976318359375,
      "loudness": -32.03668212890625,
      "loudness_range": 13.338232040405273,
      "low_freq": 392.3793640136719,
      "mid_mean": -29.694618225097656,
      "mid_to_side_loudness": -5.648069858551025,
      "mid_to_side_loudness_range": 11.786962509155273,
      "side_mean": -35.20175552368164
    },
    {
      "high_freq": 1457.5709228515625,
      "loudness": -33.75639343261719,
      "loudness_range": 22.055309295654297,
      "low_freq": 794.6976318359375,
      "mid_mean": -32.00598907470703,
      "mid_to_side_loudness": -3.5618679523468018,
      "mid_to_side_loudness_range": 10.781757354736328,
      "side_mean": -35.786041259765625
    },
    {
      "high_freq": 2549.74365234375,
      "loudness": -42.03461837768555,
      "loudness_range": 25.52149200439453,
      "low_freq": 1457.5709228515625,
      "mid_mean": -40.354042053222656,
      "mid_to_side_loudness": -3.4333364963531494,
      "mid_to_side_loudness_range": 11.157940864562988,
      "side_mean": -44.035011291503906
    },
    {
      "high_freq": 4349.24462890625,
      "loudness": -48.21635055541992,
      "loudness_range": 21.826210021972656,
      "low_freq": 2549.74365234375,
      "mid_mean": -47.145938873291016,
      "mid_to_side_loudness": -2.1769421100616455,
      "mid_to_side_loudness_range": 11.575873374938965,
      "side_mean": -50.28376770019531
    },
    {
      "high_freq": 7314.1640625,
      "loudness": -61.04510498046875,
      "loudness_range": 22.201457977294922,
      "low_freq": 4349.24462890625,
      "mid_mean": -58.28063201904297,
      "mid_to_side_loudness": -2.844557046890259,
      "mid_to_side_loudness_range": 7.420640468597412,
      "side_mean": -60.81109619140625
    },
    {
      "high_freq": 12199.2666015625,
      "loudness": -68.00013732910156,
      "loudness_range": 13.183868408203125,
      "low_freq": 7314.1640625,
      "mid_mean": -64.8488540649414,
      "mid_to_side_loudness": -0.5463292598724365,
      "mid_to_side_loudness_range": 2.682101249694824,
      "side_mean": -65.2220458984375
    },
    {
      "loudness": -73.67338562011719,
      "loudness_range": 2.8075485229492188,
      "low_freq": 12199.2666015625,
      "mid_mean": -68.26560974121094,
      "mid_to_side_loudness": 0.41334542632102966,
      "mid_to_side_loudness_range": 1.4988195896148682,
      "side_mean": -68.12645721435547
    }
  ],
  "bandwidth": 700.298095703125,
  "channels": 2,
  "covariance": [
    [
      139.51739501953125,
      93.50642395019531,
      11.019883155822754,
      11.65605354309082,
      22.91314697265625,
      27.325048446655273,
      3.718683958053589,
      5.9180121421813965,
      3.2637219429016113,
      -0.7596423625946045,
      -11.97349739074707,
      -13.224309921264648,
      -17.20842933654785,
      -13.732086181640625,
      -5.261897087097168,
      -5.517511367797852,
      -0.29220956563949585,
      -0.3117154538631439
    ],
    [
      93.50642395019531,
      77.57534790039062,
      10.959689140319824,
      14.5723237991333,
      17.745092391967773,
      22.045461654663086,
      4.5669097900390625,
      6.732484340667725,
      4.034472465515137,
      2.9626834392547607,
      -2.551004648208618,
      8.98364543914795,
      -1.7112765312194824,
      1.1203844547271729,
      2.799280881881714,
      2.635772228240967,
      0.6432307362556458,
      0.7005454301834106
    ],
    [
      11.019883155822754,
      10.959689140319824,
      23.792926788330078,
      17.388717651367188,
      7.593850135803223,
      7.3431878089904785,
      -0.6030434966087341,
      2.2631943225860596,
      5.07115364074707,
      6.049355983734131,
      7.934509754180908,
      9.544421195983887,
      6.104255199432373,
      6.48675537109375,
      4.0090813636779785,
      4.008951663970947,
      0.23927128314971924,
      0.2495669722557068
    ],
    [
      11.65605354309082,
      14.5723237991333,
      17.388717651367188,
      26.819477081298828,
      7.418790817260742,
      9.13062858581543,
      0.9650862216949463,
      4.076841831207275,
      6.875357627868652,
      11.442402839660645,
      13.159271240234375,
      18.1319522857666,
      6.958123683929443,
      10.546936988830566,
      8.077949523925781,
      8.349004745483398,
      0.6147146821022034,
      0.6159813404083252
    ],
    [
      22.91314697265625,
      17.745092391967773,
      7.593850135803223,
      7.418790817260742,
      30.29458236694336,
      24.0288143157959,
      19.11423683166504,
      19.390941619873047,
      26.876522064208984,
      22.235837936401367,
      17.658859252929688,
      14.188989639282227,
      14.738978385925293,
      11.791844367980957,
      5.534197807312012,
      4.979510307312012,
      0.3359488248825073,
      0.3241102397441864
    ],
    [
      27.325048446655273,
      22.045461654663086,
      7.3431878089904785,
      9.13062858581543,
      24.0288143157959,
      32.26408386230469,
      17.537883758544922,
      17.860084533691406,
      25.541820526123047,
      22.376596450805664,
      18.12854766845703,
      13.835237503051758,
      11.961538314819336,
      9.946259498596191,
      4.652897357940674,
      4.187662124633789,
      0.19192856550216675,
      0.17246459424495697
    ],
    [
      3.718683958053589,
      4.5669097900390625,
      -0.6030434966087341,
      0.9650862216949463,
      19.11423683166504,
      17.537883758544922,
      66.20988464355469,
      56.8820915222168,
      49.54082489013672,
      41.31594467163086,
      43.40234375,
      30.14495277404785,
      37.19052505493164,
      27.823102951049805,
      10.883566856384277,
      9.167098999023438,
      0.734437108039856,
      0.6564446687698364
    ],
    [
      5.9180121421813965,
      6.732484340667725,
      2.2631943225860596,
      4.076841831207275,
      19.390941619873047,
      17.860084533691406,
      56.8820915222168,
      56.43101501464844,
      45.004737854003906,
      39.49886703491211,
      43.93859100341797,
      33.53752136230469,
      36.473575592041016,
      28.384605407714844,
      11.598302841186523,
      9.924708366394043,
      0.8088971376419067,
      0.7538467049598694
    ],
    [
      3.2637219429016113,
      4.034472465515137,
      5.07115364074707,
      6.875357627868652,
      26.876522064208984,
      25.541820526123047,
      49.54082489013672,
      45.004737854003906,
      73.77622985839844,
      61.07288360595703,
      48.9061279296875,
      36.234928131103516,
      41.50079345703125,
      33.663238525390625,
      14.372361183166504,
      13.241189956665039,
      0.8471137285232544,
      0.8167377710342407
    ],
    [
      -0.7596423625946045,
      2.9626834392547607,
      6.049355983734131,
      11.442402839660645,
      22.235837936401367,
      22.376596450805664,
      41.31594467163086,
      39.49886703491211,
      61.07288360595703,
      59.889930725097656,
      47.51731872558594,
      41.55370330810547,
      37.358909606933594,
      33.10649108886719,
      15.646240234375,
      14.719290733337402,
      1.0461245775222778,
      1.0473169088363647
    ],
    [
      -11.97349739074707,
      -2.551004648208618,
      7.934509754180908,
      13.159271240234375,
      17.658859252929688,
      18.12854766845703,
      43.40234375,
      43.93859100341797,
      48.9061279296875,
      47.51731872558594,
      60.46965408325195,
      52.828094482421875,
      45.39834976196289,
      39.22063064575195,
      18.402395248413086,
      17.00141716003418,
      1.2212858200073242,
      1.190401554107666
    ],
    [
      -13.224309921264648,
      8.98364543914795,
      9.544421195983887,
      18.1319522857666,
      14.188989639282227,
      13.835237503051758,
      30.14495277404785,
      33.53752136230469,
      36.234928131103516,
      41.55370330810547,
      52.828094482421875,
      72.72557067871094,
      46.47604751586914,
      43.61763000488281,
      23.00264549255371,
      21.873945236206055,
      2.1939616203308105,
      2.305018424987793
    ],
    [
      -17.20842933654785,
      -1.7112765312194824,
      6.104255199432373,
      6.958123683929443,
      14.738978385925293,
      11.961538314819336,
      37.19052505493164,
      36.473575592041016,
      41.50079345703125,
      37.358909606933594,
      45.39834976196289,
      46.47604751586914,
      48.112674713134766,
      38.79569625854492,
      17.352609634399414,
      15.836843490600586,
      1.4708561897277832,
      1.4919915199279785
    ],
    [
      -13.732086181640625,
      1.1203844547271729,
      6.48675537109375,
      10.546936988830566,
      11.791844367980957,
      9.946259498596191,
      27.823102951049805,
      28.384605407714844,
      33.663238525390625,
      33.10649108886719,
      39.22063064575195,
      43.61763000488281,
      38.79569625854492,
      35.16033935546875,
      17.59840965270996,
      16.684537887573242,
      1.4834764003753662,
      1.516163945198059
    ],
    [
      -5.261897087097168,
      2.799280881881714,
      4.0090813636779785,
      8.077949523925781,
      5.534197807312012,
      4.652897357940674,
      10.883566856384277,
      11.598302841186523,
      14.372361183166504,
      15.646240234375,
      18.402395248413086,
      23.00264549255371,
      17.352609634399414,
      17.59840965270996,
      11.114331245422363,
      10.735254287719727,
      0.9652979969978333,
      0.9885400533676147
    ],
    [
      -5.517511367797852,
      2.635772228240967,
      4.008951663970947,
      8.349004745483398,
      4.979510307312012,
      4.187662124633789,
      9.167098999023438,
      9.924708366394043,
      13.241189956665039,
      14.719290733337402,
      17.00141716003418,
      21.873945236206055,
      15.836843490600586,
      16.684537887573242,
      10.735254287719727,
      10.651297569274902,
      0.928668737411499,
      0.9539560079574585
    ],
    [
      -0.29220956563949585,
      0.6432307362556458,
      0.23927128314971924,
      0.6147146821022034,
      0.3359488248825073,
      0.19192856550216675,
      0.734437108039856,
      0.8088971376419067,
      0.8471137285232544,
      1.0461245775222778,
      1.2212858200073242,
      2.1939616203308105,
      1.4708561897277832,
      1.4834764003753662,
      0.9652979969978333,
      0.928668737411499,
      0.13340163230895996,
      0.13795222342014313
    ],
    [
      -0.3117154538631439,
      0.7005454301834106,
      0.2495669722557068,
      0.6159813404083252,
      0.3241102397441864,
      0.17246459424495697,
      0.6564446687698364,
      0.7538467049598694,
      0.8167377710342407,
      1.0473169088363647,
      1.190401554107666,
      2.305018424987793,
      1.4919915199279785,
      1.516163945198059,
      0.9885400533676147,
      0.9539560079574585,
      0.13795222342014313,
      0.14773881435394287
    ]
  ],
  "covariance_short": [
    [
      162.83570861816406,
      94.50641632080078,
      30.6425724029541,
      37.613101959228516,
      9.997404098510742,
      15.355247497558594,
      6.297200679779053,
      4.926023960113525,
      1.806329369544983,
      -2.283592939376831,
      -14.140009880065918,
      -10.01375961303711,
      -16.966794967651367,
      -13.287208557128906,
      -4.840112686157227,
      -5.015190601348877,
      -0.1737474948167801,
      -0.16379596292972565
    ],
    [
      94.50641632080078,
      74.88634490966797,
      19.487245559692383,
      27.518474578857422,
      8.670416831970215,
      13.501952171325684,
      5.790524005889893,
      5.438755512237549,
      4.681680679321289,
      3.3822689056396484,
      -2.8920137882232666,
      7.753638744354248,
      -2.4259591102600098,
      0.6158567070960999,
      3.016068696975708,
      2.9502599239349365,
      0.6804012656211853,
      0.7265917658805847
    ],
    [
      30.6425724029541,
      19.487245559692383,
      44.8216438293457,
      30.995407104492188,
      11.604950904846191,
      11.272114753723145,
      2.7522032260894775,
      4.556900501251221,
      10.591236114501953,
      8.490803718566895,
      10.139485359191895,
      8.409918785095215,
      6.6391777992248535,
      5.715455055236816,
      2.9316277503967285,
      2.841593027114868,
      0.023746976628899574,
      0.009500750340521336
    ],
    [
      37.613101959228516,
      27.518474578857422,
      30.995407104492188,
      46.07242202758789,
      11.555516242980957,
      17.641054153442383,
      2.977938652038574,
      5.234001159667969,
      13.489640235900879,
      14.870317459106445,
      13.74710750579834,
      15.886942863464355,
      5.124946117401123,
      7.744999408721924,
      5.87269926071167,
      6.111652374267578,
      0.35323870182037354,
      0.3494707942008972
    ],
    [
      9.997404098510742,
      8.670416831970215,
      11.604950904846191,
      11.555516242980957,
      26.084341049194336,
      18.990203857421875,
      11.359116554260254,
      12.999613761901855,
      19.00552749633789,
      17.26548194885254,
      16.132347106933594,
      15.678608894348145,
      13.556934356689453,
      11.820489883422852,
      6.528501987457275,
      6.000275135040283,
      0.45525792241096497,
      0.45948824286460876
    ],
    [
      15.355247497558594,
      13.501952171325684,
      11.272114753723145,
      17.641054153442383,
      18.990203857421875,
      30.76409149169922,
      10.665953636169434,
      12.808472633361816,
      21.34063148498535,
      21.014690399169922,
      19.342742919921875,
      18.568838119506836,
      12.518780708312988,
      12.385248184204102,
      7.5119524002075195,
      7.051657676696777,
      0.409835547208786,
      0.38768628239631653
    ],
    [
      6.297200679779053,
      5.790524005889893,
      2.7522032260894775,
      2.977938652038574,
      11.359116554260254,
      10.665953636169434,
      61.608131408691406,
      49.17695236206055,
      48.7272834777832,
      40.381500244140625,
      38.717323303222656,
      25.91065216064453,
      31.918285369873047,
      23.264137268066406,
      8.502350807189941,
      6.995258808135986,
      0.5980435609817505,
      0.5144520998001099
    ],
    [
      4.926023960113525,
      5.438755512237549,
      4.556900501251221,
      5.234001159667969,
      12.999613761901855,
      12.808472633361816,
      49.17695236206055,
      53.65266799926758,
      44.919612884521484,
      40.175994873046875,
      40.09589385986328,
      30.305200576782227,
      32.96994400024414,
      25.21228790283203,
      9.662175178527832,
      8.138428688049316,
      0.6809391975402832,
      0.6277207136154175
    ],
    [
      1.806329369544983,
      4.681680679321289,
      10.591236114501953,
      13.489640235900879,
      19.00552749633789,
      21.34063148498535,
      48.7272834777832,
      44.919612884521484,
      83.23590850830078,
      67.43751525878906,
      54.50878143310547,
      41.78437423706055,
      45.16274642944336,
      36.613189697265625,
      16.18189811706543,
      14.733809471130371,
      1.0988959074020386,
      1.0578407049179077
    ],
    [
      -2.283592939376831,
      3.3822689056396484,
      8.490803718566895,
      14.870317459106445,
      17.26548194885254,
      21.014690399169922,
      40.381500244140625,
      40.175994873046875,
      67.43751525878906,
      69.74095153808594,
      52.4714241027832,
      46.10857009887695,
      41.24307632446289,
      36.09504318237305,
      17.393756866455078,
      16.12255096435547,
      1.3056392669677734,
      1.3041222095489502
    ],
    [
      -14.140009880065918,
      -2.8920137882232666,
      10.139485359191895,
      13.74710750579834,
      16.132347106933594,
      19.342742919921875,
      38.717323303222656,
      40.09589385986328,
      54.50878143310547,
      52.4714241027832,
      64.26252746582031,
      54.09246826171875,
      46.89836120605469,
      40.124778747558594,
      18.45123863220215,
      16.900285720825195,
      1.27664315700531,
      1.2385369539260864
    ],
    [
      -10.01375961303711,
      7.753638744354248,
      8.409918785095215,
      15.886942863464355,
      15.678608894348145,
      18.568838119506836,
      25.91065216064453,
      30.305200576782227,
      41.78437423706055,
      46.10857009887695,
      54.09246826171875,
      74.64659881591797,
      47.632965087890625,
      43.84816360473633,
      22.855688095092773,
      21.552492141723633,
      2.200697898864746,
      2.3060402870178223
    ],
    [
      -16.966794967651367,
      -2.4259591102600098,
      6.6391777992248535,
      5.124946117401123,
      13.556934356689453,
      12.518780708312988,
      31.918285369873047,
      32.96994400024414,
      45.16274642944336,
      41.24307632446289,
      46.89836120605469,
      47.632965087890625,
      51.70246505737305,
      40.93395233154297,
      17.838577270507812,
      16.103673934936523,
      1.5850870609283447,
      1.5965027809143066
    ],
    [
      -13.287208557128906,
      0.6158567070960999,
      5.715455055236816,
      7.744999408721924,
      11.820489883422852,
      12.385248184204102,
      23.264137268066406,
      25.21228790283203,
      36.613189697265625,
      36.09504318237305,
      40.124778747558594,
      43.84816360473633,
      40.93395233154297,
      36.95658874511719,
      17.724803924560547,
      16.57689666748047,
      1.5510445833206177,
      1.5789254903793335
    ],
    [
      -4.840112686157227,
      3.016068696975708,
      2.9316277503967285,
      5.87269926071167,
      6.528501987457275,
      7.5119524002075195,
      8.502350807189941,
      9.662175178527832,
      16.18189811706543,
      17.393756866455078,
      18.45123863220215,
      22.855688095092773,
      17.838577270507812,
      17.724803924560547,
      11.657422065734863,
      10.94272518157959,
      1.0316489934921265,
      1.0442100763320923
    ],
    [
      -5.015190601348877,
      2.9502599239349365,
      2.841593027114868,
      6.111652374267578,
      6.000275135040283,
      7.051657676696777,
      6.995258808135986,
      8.138428688049316,
      14.733809471130371,
      16.12255096435547,
      16.900285720825195,
      21.552492141723633,
      16.103673934936523,
      16.57689666748047,
      10.94272518157959,
      10.828968048095703,
      0.9802086353302002,
      0.9977478384971619
    ],
    [
      -0.1737474948167801,
      0.6804012656211853,
      0.023746976628899574,
      0.35323870182037354,
      0.45525792241096497,
      0.409835547208786,
      0.5980435609817505,
      0.6809391975402832,
      1.0988959074020386,
      1.3056392669677734,
      1.27664315700531,
      2.200697898864746,
      1.5850870609283447,
      1.5510445833206177,
      1.0316489934921265,
      0.9802086353302002,
      0.1663263738155365,
      0.15674561262130737
    ],
    [
      -0.16379596292972565,
      0.7265917658805847,
      0.009500750340521336,
      0.3494707942008972,
      0.45948824286460876,
      0.38768628239631653,
      0.5144520998001099,
      0.6277207136154175,
      1.0578407049179077,
      1.3041222095489502,
      1.2385369539260864,
      2.3060402870178223,
      1.5965027809143066,
      1.5789254903793335,
      1.0442100763320923,
      0.9977478384971619,
      0.15674561262130737,
      0.17953506112098694
    ]
  ],
  "damage": -13.297220230102539,
  "diff_bandwidth": 757.0767822265625,
  "dissonance": 3.9961608620950995,
  "drr": 8.896774291992188,
  "dynamics": 4.282987117767334,
  "format": 1245190,
  "frames": 6225856,
  "loudness": -22.5396671295166,
  "loudness_range": 13.018105506896973,
  "loudness_range_short": 13.438716888427734,
  "lowpass_true_peak_15khz": -2.8774499893188477,
  "mastering3_acoustic_entropies": [
    {
      "acoustic_entropy": 9.038012504577637,
      "acoustic_entropy_mono": 9.105801582336426,
      "band_eliminated_acoustic_entropies": [
        {
          "acoustic_entropy": 8.990543365478516,
          "acoustic_entropy_side": 9.03744888305664,
          "hz": 129.47220167065723
        },
        {
          "acoustic_entropy": 9.230392456054688,
          "acoustic_entropy_side": 9.01500415802002,
          "hz": 202.92927478742237
        },
        {
          "acoustic_entropy": 9.37015438079834,
          "acoustic_entropy_side": 8.988755226135254,
          "hz": 282.89161906338205
        },
        {
          "acoustic_entropy": 7.972311496734619,
          "acoustic_entropy_side": 8.964529037475586,
          "hz": 369.9353335868758
        },
        {
          "acoustic_entropy": 8.0972318649292,
          "acoustic_entropy_side": 8.706875801086426,
          "hz": 464.6875360973435
        },
        {
          "acoustic_entropy": 8.92542552947998,
          "acoustic_entropy_side": 8.925987243652344,
          "hz": 567.8308811364784
        },
        {
          "acoustic_entropy": 8.809890747070312,
          "acoustic_entropy_side": 9.076391220092773,
          "hz": 680.1084783214808
        },
        {
          "acoustic_entropy": 9.10689640045166,
          "acoustic_entropy_side": 9.49986743927002,
          "hz": 802.3292461747484
        },
        {
          "acoustic_entropy": 9.467437744140625,
          "acoustic_entropy_side": 9.36532211303711,
          "hz": 935.3737400823702
        },
        {
          "acoustic_entropy": 9.302021980285645,
          "acoustic_entropy_side": 9.283119201660156,
          "hz": 1080.2004963696966
        },
        {
          "acoustic_entropy": 8.858325958251953,
          "acoustic_entropy_side": 9.122320175170898,
          "hz": 1237.8529382007157
        },
        {
          "acoustic_entropy": 8.522491455078125,
          "acoustic_entropy_side": 8.88114070892334,
          "hz": 1409.4668930556702
        },
        {
          "acoustic_entropy": 8.431405067443848,
          "acoustic_entropy_side": 8.74069881439209,
          "hz": 1596.2787759475705
        },
        {
          "acoustic_entropy": 8.757133483886719,
          "acoustic_entropy_side": 8.96822452545166,
          "hz": 1799.6344973346393
        },
        {
          "acoustic_entropy": 8.917876243591309,
          "acoustic_entropy_side": 9.005983352661133,
          "hz": 2020.9991599069049
        },
        {
          "acoustic_entropy": 8.957359313964844,
          "acoustic_entropy_side": 9.04098129272461,
          "hz": 2261.9676141086993
        },
        {
          "acoustic_entropy": 9.219491004943848,
          "acoustic_entropy_side": 9.16551399230957,
          "hz": 2524.2759484456974
        },
        {
          "acoustic_entropy": 9.318739891052246,
          "acoustic_entropy_side": 9.20413875579834,
          "hz": 2809.813997359896
        },
        {
          "acoustic_entropy": 9.18593978881836,
          "acoustic_entropy_side": 9.116959571838379,
          "hz": 3120.6389567871424
        },
        {
          "acoustic_entropy": 9.07605266571045,
          "acoustic_entropy_side": 9.052842140197754,
          "hz": 3458.990205492291
        },
        {
          "acoustic_entropy": 9.04212760925293,
          "acoustic_entropy_side": 9.043453216552734,
          "hz": 3827.305438964164
        },
        {
          "acoustic_entropy": 9.036463737487793,
          "acoustic_entropy_side": 9.03759479522705,
          "hz": 4228.238232109126
        },
        {
          "acoustic_entropy": 9.038924217224121,
          "acoustic_entropy_side": 9.038667678833008,
          "hz": 4664.6771572759235
        },
        {
          "acoustic_entropy": 9.039679527282715,
          "acoustic_entropy_side": 9.038630485534668,
          "hz": 5139.766595350093
        },
        {
          "acoustic_entropy": 9.038298606872559,
          "acoustic_entropy_side": 9.038175582885742,
          "hz": 5656.929389854203
        },
        {
          "acoustic_entropy": 9.038203239440918,
          "acoustic_entropy_side": 9.038129806518555,
          "hz": 6219.891507268283
        },
        {
          "acoustic_entropy": 9.037893295288086,
          "acoustic_entropy_side": 9.038127899169922,
          "hz": 6832.70888123896
        },
        {
          "acoustic_entropy": 9.0380277633667,
          "acoustic_entropy_side": 9.038026809692383,
          "hz": 7499.796634079867
        },
        {
          "acoustic_entropy": 9.038053512573242,
          "acoustic_entropy_side": 9.038019180297852,
          "hz": 8225.96088609342
        },
        {
          "acoustic_entropy": 9.038020133972168,
          "acoustic_entropy_side": 9.038013458251953,
          "hz": 9016.43338188839
        },
        {
          "acoustic_entropy": 9.038008689880371,
          "acoustic_entropy_side": 9.038010597229004,
          "hz": 9876.909183162974
        },
        {
          "acoustic_entropy": 9.038028717041016,
          "acoustic_entropy_side": 9.038023948669434,
          "hz": 10813.587699516042
        },
        {
          "acoustic_entropy": 9.03803539276123,
          "acoustic_entropy_side": 9.038029670715332,
          "hz": 11833.21735289826
        },
        {
          "acoustic_entropy": 9.038012504577637,
          "acoustic_entropy_side": 9.038012504577637,
          "hz": 12943.144197493959
        },
        {
          "acoustic_entropy": 9.038012504577637,
          "acoustic_entropy_side": 9.038012504577637,
          "hz": 14151.364845322005
        },
        {
          "acoustic_entropy": 9.038012504577637,
          "acoustic_entropy_side": 9.038012504577637,
          "hz": 15466.58407886509
        },
        {
          "acoustic_entropy": 9.038012504577637,
          "acoustic_entropy_side": 9.038012504577637,
          "hz": 16898.27756580493
        },
        {
          "acoustic_entropy": 9.038012504577637,
          "acoustic_entropy_side": 9.038012504577637,
          "hz": 18456.760127700032
        },
        {
          "acoustic_entropy": 9.038012504577637,
          "acoustic_entropy_side": 9.038012504577637,
          "hz": 20153.260054456492
        },
        {
          "acoustic_entropy": 9.038012504577637,
          "acoustic_entropy_side": 9.038012504577637,
          "hz": 22000.00000000001
        }
      ],
      "diff_acoustic_entropy": 2.0310871601104736,
      "sn": 6
    },
    {
      "acoustic_entropy": 12.314078330993652,
      "acoustic_entropy_mono": 12.265998840332031,
      "band_eliminated_acoustic_entropies": [
        {
          "acoustic_entropy": 12.380605697631836,
          "acoustic_entropy_side": 12.315105438232422,
          "hz": 129.47220167065723
        },
        {
          "acoustic_entropy": 13.014289855957031,
          "acoustic_entropy_side": 12.360325813293457,
          "hz": 202.92927478742237
        },
        {
          "acoustic_entropy": 12.82382869720459,
          "acoustic_entropy_side": 12.427496910095215,
          "hz": 282.89161906338205
        },
        {
          "acoustic_entropy": 12.351175308227539,
          "acoustic_entropy_side": 12.005125045776367,
          "hz": 369.9353335868758
        },
        {
          "acoustic_entropy": 11.870816230773926,
          "acoustic_entropy_side": 12.325443267822266,
          "hz": 464.6875360973435
        },
        {
          "acoustic_entropy": 13.069775581359863,
          "acoustic_entropy_side": 12.61715030670166,
          "hz": 567.8308811364784
        },
        {
          "acoustic_entropy": 12.5529203414917,
          "acoustic_entropy_side": 13.357949256896973,
          "hz": 680.1084783214808
        },
        {
          "acoustic_entropy": 12.954765319824219,
          "acoustic_entropy_side": 12.2800931930542,
          "hz": 802.3292461747484
        },
        {
          "acoustic_entropy": 12.934629440307617,
          "acoustic_entropy_side": 12.723404884338379,
          "hz": 935.3737400823702
        },
        {
          "acoustic_entropy": 13.094504356384277,
          "acoustic_entropy_side": 12.36996078491211,
          "hz": 1080.2004963696966
        },
        {
          "acoustic_entropy": 12.3202486038208,
          "acoustic_entropy_side": 12.106658935546875,
          "hz": 1237.8529382007157
        },
        {
          "acoustic_entropy": 12.463689804077148,
          "acoustic_entropy_side": 12.479009628295898,
          "hz": 1409.4668930556702
        },
        {
          "acoustic_entropy": 12.499330520629883,
          "acoustic_entropy_side": 12.734169960021973,
          "hz": 1596.2787759475705
        },
        {
          "acoustic_entropy": 12.782303810119629,
          "acoustic_entropy_side": 12.338934898376465,
          "hz": 1799.6344973346393
        },
        {
          "acoustic_entropy": 12.788373947143555,
          "acoustic_entropy_side": 12.276935577392578,
          "hz": 2020.9991599069049
        },
        {
          "acoustic_entropy": 12.056859016418457,
          "acoustic_entropy_side": 12.330706596374512,
          "hz": 2261.9676141086993
        },
        {
          "acoustic_entropy": 12.348742485046387,
          "acoustic_entropy_side": 12.445318222045898,
          "hz": 2524.2759484456974
        },
        {
          "acoustic_entropy": 12.411741256713867,
          "acoustic_entropy_side": 12.402002334594727,
          "hz": 2809.813997359896
        },
        {
          "acoustic_entropy": 12.139814376831055,
          "acoustic_entropy_side": 12.212959289550781,
          "hz": 3120.6389567871424
        },
        {
          "acoustic_entropy": 12.271818161010742,
          "acoustic_entropy_side": 12.2813081741333,
          "hz": 3458.990205492291
        },
        {
          "acoustic_entropy": 12.151843070983887,
          "acoustic_entropy_side": 12.285442352294922,
          "hz": 3827.305438964164
        },
        {
          "acoustic_entropy": 12.318636894226074,
          "acoustic_entropy_side": 12.309258460998535,
          "hz": 4228.238232109126
        },
        {
          "acoustic_entropy": 12.275420188903809,
          "acoustic_entropy_side": 12.288524627685547,
          "hz": 4664.6771572759235
        },
        {
          "acoustic_entropy": 12.28708267211914,
          "acoustic_entropy_side": 12.310619354248047,
          "hz": 5139.766595350093
        },
        {
          "acoustic_entropy": 12.318406105041504,
          "acoustic_entropy_side": 12.31424331665039,
          "hz": 5656.929389854203
        },
        {
          "acoustic_entropy": 12.311370849609375,
          "acoustic_entropy_side": 12.312878608703613,
          "hz": 6219.891507268283
        },
        {
          "acoustic_entropy": 12.316686630249023,
          "acoustic_entropy_side": 12.31454086303711,
          "hz": 6832.70888123896
        },
        {
          "acoustic_entropy": 12.313854217529297,
          "acoustic_entropy_side": 12.314102172851562,
          "hz": 7499.796634079867
        },
        {
          "acoustic_entropy": 12.314894676208496,
          "acoustic_entropy_side": 12.31457233428955,
          "hz": 8225.96088609342
        },
        {
          "acoustic_entropy": 12.31397533416748,
          "acoustic_entropy_side": 12.314043998718262,
          "hz": 9016.43338188839
        },
        {
          "acoustic_entropy": 12.31400203704834,
          "acoustic_entropy_side": 12.314046859741211,
          "hz": 9876.909183162974
        },
        {
          "acoustic_entropy": 12.314264297485352,
          "acoustic_entropy_side": 12.314172744750977,
          "hz": 10813.587699516042
        },
        {
          "acoustic_entropy": 12.314065933227539,
          "acoustic_entropy_side": 12.314075469970703,
          "hz": 11833.21735289826
        },
        {
          "acoustic_entropy": 12.314067840576172,
          "acoustic_entropy_side": 12.314075469970703,
          "hz": 12943.144197493959
        },
        {
          "acoustic_entropy": 12.314078330993652,
          "acoustic_entropy_side": 12.314078330993652,
          "hz": 14151.364845322005
        },
        {
          "acoustic_entropy": 12.314078330993652,
          "acoustic_entropy_side": 12.314078330993652,
          "hz": 15466.58407886509
        },
        {
          "acoustic_entropy": 12.314078330993652,
          "acoustic_entropy_side": 12.314078330993652,
          "hz": 16898.27756580493
        },
        {
          "acoustic_entropy": 12.314078330993652,
          "acoustic_entropy_side": 12.314078330993652,
          "hz": 18456.760127700032
        },
        {
          "acoustic_entropy": 12.314078330993652,
          "acoustic_entropy_side": 12.314078330993652,
          "hz": 20153.260054456492
        },
        {
          "acoustic_entropy": 12.314078330993652,
          "acoustic_entropy_side": 12.314078330993652,
          "hz": 22000.00000000001
        }
      ],
      "diff_acoustic_entropy": 3.3587231636047363,
      "sn": 12
    },
    {
      "acoustic_entropy": 20.249164581298828,
      "acoustic_entropy_mono": 18.086828231811523,
      "band_eliminated_acoustic_entropies": [
        {
          "acoustic_entropy": 19.726119995117188,
          "acoustic_entropy_side": 20.240659713745117,
          "hz": 129.47220167065723
        },
        {
          "acoustic_entropy": 19.618419647216797,
          "acoustic_entropy_side": 19.812788009643555,
          "hz": 202.92927478742237
        },
        {
          "acoustic_entropy": 19.693281173706055,
          "acoustic_entropy_side": 19.867733001708984,
          "hz": 282.89161906338205
        },
        {
          "acoustic_entropy": 20.792030334472656,
          "acoustic_entropy_side": 20.992218017578125,
          "hz": 369.9353335868758
        },
        {
          "acoustic_entropy": 19.539234161376953,
          "acoustic_entropy_side": 20.537446975708008,
          "hz": 464.6875360973435
        },
        {
          "acoustic_entropy": 19.96380615234375,
          "acoustic_entropy_side": 20.225379943847656,
          "hz": 567.8308811364784
        },
        {
          "acoustic_entropy": 20.2109317779541,
          "acoustic_entropy_side": 20.361730575561523,
          "hz": 680.1084783214808
        },
        {
          "acoustic_entropy": 20.718799591064453,
          "acoustic_entropy_side": 20.743520736694336,
          "hz": 802.3292461747484
        },
        {
          "acoustic_entropy": 19.724761962890625,
          "acoustic_entropy_side": 20.67637062072754,
          "hz": 935.3737400823702
        },
        {
          "acoustic_entropy": 19.77705192565918,
          "acoustic_entropy_side": 19.710472106933594,
          "hz": 1080.2004963696966
        },
        {
          "acoustic_entropy": 20.614952087402344,
          "acoustic_entropy_side": 21.290437698364258,
          "hz": 1237.8529382007157
        },
        {
          "acoustic_entropy": 19.76556396484375,
          "acoustic_entropy_side": 20.12302017211914,
          "hz": 1409.4668930556702
        },
        {
          "acoustic_entropy": 18.67753791809082,
          "acoustic_entropy_side": 20.303796768188477,
          "hz": 1596.2787759475705
        },
        {
          "acoustic_entropy": 20.776527404785156,
          "acoustic_entropy_side": 20.759822845458984,
          "hz": 1799.6344973346393
        },
        {
          "acoustic_entropy": 20.17278289794922,
          "acoustic_entropy_side": 20.488101959228516,
          "hz": 2020.9991599069049
        },
        {
          "acoustic_entropy": 20.74736976623535,
          "acoustic_entropy_side": 20.63385772705078,
          "hz": 2261.9676141086993
        },
        {
          "acoustic_entropy": 21.59543800354004,
          "acoustic_entropy_side": 21.21266746520996,
          "hz": 2524.2759484456974
        },
        {
          "acoustic_entropy": 19.367366790771484,
          "acoustic_entropy_side": 20.03995704650879,
          "hz": 2809.813997359896
        },
        {
