{
  "acoustic_entropy": 35.22698974609375,
  "bands": [
    {
      "high_freq": 148.1999969482422,
      "loudness": -15.75758171081543,
      "loudness_range": 6.952329635620117,
      "mid_mean": -50.229793548583984,
      "mid_to_side_loudness": -39.218116760253906,
      "mid_to_side_loudness_range": 54.042076110839844,
      "side_mean": -69.99998474121094
    },
    {
      "high_freq": 392.3793640136719,
      "loudness": -21.643939971923828,
      "loudness_range": 8.894874572753906,
      "low_freq": 148.1999969482422,
      "mid_mean": -52.333133697509766,
      "mid_to_side_loudness": -33.22040939331055,
      "mid_to_side_loudness_range": 52.71228790283203,
      "side_mean": -69.99996185302734
    },
    {
      "high_freq": 794.6976318359375,
      "loudness": -39.52289962768555,
      "loudness_range": 16.065357208251953,
      "low_freq": 392.3793640136719,
      "mid_mean": -37.691402435302734,
      "mid_to_side_loudness": -42.05852508544922,
      "mid_to_side_loudness_range": 61.832115173339844,
      "side_mean": -69.9998779296875
    },
    {
      "high_freq": 1457.5709228515625,
      "loudness": -46.45508575439453,
      "loudness_range": 14.455867767333984,
      "low_freq": 794.6976318359375,
      "mid_mean": -51.657108306884766,
      "mid_to_side_loudness": -39.17066955566406,
      "mid_to_side_loudness_range": 61.89624786376953,
      "side_mean": -69.99971771240234
    },
    {
      "high_freq": 2549.74365234375,
      "loudness": -40.01140594482422,
      "loudness_range": 17.160114288330078,
      "low_freq": 1457.5709228515625,
      "mid_mean": -38.26537322998047,
      "mid_to_side_loudness": -42.895206451416016,
      "mid_to_side_loudness_range": 58.749122619628906,
      "side_mean": -69.99923706054688
    },
    {
      "high_freq": 4349.24462890625,
      "loudness": -41.7950439453125,
      "loudness_range": 11.181427001953125,
      "low_freq": 2549.74365234375,
      "mid_mean": -43.05992126464844,
      "mid_to_side_loudness": -48.34334182739258,
      "mid_to_side_loudness_range": 67.40765380859375,
      "side_mean": -69.9986343383789
    },
    {
      "high_freq": 7314.1640625,
      "loudness": -40.2440071105957,
      "loudness_range": 13.529842376708984,
      "low_freq": 4349.24462890625,
      "mid_mean": -40.240814208984375,
      "mid_to_side_loudness": -47.41698455810547,
      "mid_to_side_loudness_range": 67.36892700195312,
      "side_mean": -69.99755096435547
    },
    {
      "high_freq": 12199.2666015625,
      "loudness": -38.68989562988281,
      "loudness_range": 12.50189208984375,
      "low_freq": 7314.1640625,
      "mid_mean": -36.55048370361328,
      "mid_to_side_loudness": -44.7200813293457,
      "mid_to_side_loudness_range": 63.450992584228516,
      "side_mean": -69.98823547363281
    },
    {
      "loudness": -42.47309875488281,
      "loudness_range": 10.719413757324219,
      "low_freq": 12199.2666015625,
      "mid_mean": -50.51700210571289,
      "mid_to_side_loudness": -35.429080963134766,
      "mid_to_side_loudness_range": 54.3510627746582,
      "side_mean": -69.94715118408203
    }
  ],
  "bands_short": [
    {
      "high_freq": 148.1999969482422,
      "loudness": -16.87203598022461,
      "loudness_range": 5.751987457275391,
      "mid_mean": -51.50270462036133,
      "mid_to_side_loudness": -29.228364944458008,
      "mid_to_side_loudness_range": 45.470794677734375,
      "side_mean": -69.99999237060547
    },
    {
      "high_freq": 392.3793640136719,
      "loudness": -19.224655151367188,
      "loudness_range": 9.61182975769043,
      "low_freq": 148.1999969482422,
      "mid_mean": -52.19242858886719,
      "mid_to_side_loudness": -17.9912109375,
      "mid_to_side_loudness_range": 39.712547302246094,
      "side_mean": -69.99996185302734
    },
    {
      "high_freq": 794.6976318359375,
      "loudness": -44.59175109863281,
      "loudness_range": 27.97515296936035,
      "low_freq": 392.3793640136719,
      "mid_mean": -53.32999801635742,
      "mid_to_side_loudness": -31.648271560668945,
      "mid_to_side_loudness_range": 54.78760528564453,
      "side_mean": -69.99989318847656
    },
    {
      "high_freq": 1457.5709228515625,
      "loudness": -54.44771194458008,
      "loudness_range": 40.772491455078125,
      "low_freq": 794.6976318359375,
      "mid_mean": -60.05522537231445,
      "mid_to_side_loudness": -35.95148468017578,
      "mid_to_side_loudness_range": 54.81390380859375,
      "side_mean": -69.99971008300781
    },
    {
      "high_freq": 2549.74365234375,
      "loudness": -43.540077209472656,
      "loudness_range": 31.002582550048828,
      "low_freq": 1457.5709228515625,
      "mid_mean": -55.52824020385742,
      "mid_to_side_loudness": -33.269405364990234,
      "mid_to_side_loudness_range": 53.79234313964844,
      "side_mean": -69.99925231933594
    },
    {
      "high_freq": 4349.24462890625,
      "loudness": -51.22661209106445,
      "loudness_range": 39.272003173828125,
      "low_freq": 2549.74365234375,
      "mid_mean": -61.249969482421875,
      "mid_to_side_loudness": -26.83317756652832,
      "mid_to_side_loudness_range": 45.18996047973633,
      "side_mean": -69.9986343383789
    },
    {
      "high_freq": 7314.1640625,
      "loudness": -49.72361755371094,
      "loudness_range": 39.99522018432617,
      "low_freq": 4349.24462890625,
      "mid_mean": -61.048179626464844,
      "mid_to_side_loudness": -25.7261962890625,
      "mid_to_side_loudness_range": 44.57177734375,
      "side_mean": -69.99754333496094
    },
    {
      "high_freq": 12199.2666015625,
      "loudness": -49.24247741699219,
      "loudness_range": 42.648826599121094,
      "low_freq": 7314.1640625,
      "mid_mean": -62.23386001586914,
      "mid_to_side_loudness": -17.138635635375977,
      "mid_to_side_loudness_range": 35.50960922241211,
      "side_mean": -69.98839569091797
    },
    {
      "loudness": -51.61095428466797,
      "loudness_range": 38.4249267578125,
      "low_freq": 12199.2666015625,
      "mid_mean": -64.42438507080078,
      "mid_to_side_loudness": -7.335659503936768,
      "mid_to_side_loudness_range": 26.922639846801758,
      "side_mean": -69.94727325439453
    }
  ],
  "bandwidth": 193.890625,
  "channels": 2,
  "covariance": [
    [
      702.445068359375,
      -0.00023548339959234,
      627.2588500976562,
      -0.00041160613182000816,
      68.11544036865234,
      -0.00018610288680065423,
      145.5501708984375,
      0.0007496869657188654,
      20.05577850341797,
      -0.0011507278541103005,
      8.0446195602417,
      0.0025582448579370975,
      -11.407135963439941,
      0.007994935847818851,
      13.148209571838379,
      0.1379997432231903,
      125.5453872680664,
      0.6759485006332397
    ],
    [
      -0.00023548339959234,
      1.108553915329935e-09,
      -0.00020992301870137453,
      9.882946683248406e-10,
      -6.443841994041577e-05,
      1.8036138138555202e-09,
      -3.280326563981362e-05,
      3.1211111473083974e-09,
      -3.4662505640881136e-05,
      1.309946906502546e-08,
      -5.894184505450539e-05,
      1.395185478259009e-08,
      -6.416493852157146e-05,
      2.0926202992654908e-08,
      -2.728403705987148e-05,
      2.5362478339729932e-08,
      -3.100954199908301e-05,
      7.131962576067963e-08
    ],
    [
      627.2588500976562,
      -0.00020992301870137453,
      567.4935913085938,
      -0.00037628182326443493,
      61.10159683227539,
      -0.000172249463503249,
      131.2117919921875,
      0.0006576876621693373,
      17.17413330078125,
      -0.0010483894729986787,
      6.480021953582764,
      0.0022043862845748663,
      -11.451014518737793,
      0.007067246828228235,
      11.684386253356934,
      0.12510862946510315,
      111.74724578857422,
      0.602543830871582
    ],
    [
      -0.00041160613182000816,
      9.882946683248406e-10,
      -0.00037628182326443493,
      4.5320978081520025e-09,
      -0.00012169702677056193,
      4.678852416617474e-09,
      6.786480662412941e-05,
      1.2234042223724373e-08,
      -4.655863085645251e-05,
      5.551884996179979e-08,
      -0.0001225657033501193,
      5.180138629157227e-08,
      -8.98979851626791e-05,
      8.187635103240609e-08,
      -0.00011037990043405443,
      1.6502296773523994e-07,
      6.804685108363628e-05,
      5.460802299239731e-07
    ],
    [
      68.11544036865234,
      -6.443841994041577e-05,
      61.10159683227539,
      -0.00012169702677056193,
      87.39960479736328,
      -0.0003053277905564755,
      92.80552673339844,
      -0.00022138426720630378,
      83.49271392822266,
      -0.0016853077104315162,
      82.57218170166016,
      -0.0011939407559111714,
      71.5613784790039,
      -0.0014952862402424216,
      50.72726821899414,
      -0.0007274913950823247,
      105.49137115478516,
      0.007111021317541599
    ],
    [
      -0.00018610288680065423,
      1.8036138138555202e-09,
      -0.000172249463503249,
      4.678852416617474e-09,
      -0.0003053277905564755,
      2.5993427854587026e-08,
      0.00021625931549351662,
      2.677332666678467e-08,
      -0.00019839848391711712,
      1.6691623727638216e-07,
      -0.0003704486880451441,
      1.3211065663654153e-07,
      -0.00023655705444980413,
      2.0107520981582638e-07,
      -0.0001861115888459608,
      4.346872515270661e-07,
      0.0002053664647974074,
      1.805386432351952e-06
    ],
    [
      145.5501708984375,
      -3.280326563981362e-05,
      131.2117919921875,
      6.786480662412941e-05,
      92.80552673339844,
      0.00021625931549351662,
      175.5088348388672,
      0.000987798790447414,
      93.61577606201172,
      0.0017284778878092766,
      103.4209213256836,
      0.004653070122003555,
      94.15663146972656,
      0.00908778514713049,
      63.94926071166992,
      0.04684416949748993,
      196.2999725341797,
      0.22579175233840942
    ],
    [
      0.0007496869657188654,
      3.1211111473083974e-09,
      0.0006576876621693373,
      1.2234042223724373e-08,
      -0.00022138426720630378,
      2.677332666678467e-08,
      0.000987798790447414,
      8.912005000638601e-08,
      -6.99484080541879e-05,
      3.7915290818091307e-07,
      -0.0004062424704898149,
      2.869976754027448e-07,
      -0.00032745502539910376,
      4.176299341906997e-07,
      -0.00036543526221066713,
      1.1348520274623297e-06,
      0.000938518438488245,
      4.813917257706635e-06
    ],
    [
      20.05577850341797,
      -3.4662505640881136e-05,
      17.17413330078125,
      -4.655863085645251e-05,
      83.49271392822266,
      -0.00019839848391711712,
      93.61577606201172,
      -6.99484080541879e-05,
      96.86132049560547,
      -0.0009356951341032982,
      97.11640930175781,
      -0.00048757001059129834,
      88.7901840209961,
      -0.0005687796510756016,
      52.53195571899414,
      -0.011072049848735332,
      116.48400115966797,
      -0.030288536101579666
    ],
    [
      -0.0011507278541103005,
      1.309946906502546e-08,
      -0.0010483894729986787,
      5.551884996179979e-08,
      -0.0016853077104315162,
      1.6691623727638216e-07,
      0.0017284778878092766,
      3.7915290818091307e-07,
      -0.0009356951341032982,
      2.0826248601224506e-06,
      -0.0022553554736077785,
      1.2695277291641105e-06,
      -0.0012768200831487775,
      1.8652083326742286e-06,
      -0.0018898757407441735,
      3.138603005936602e-06,
      0.0014299824833869934,
      1.155619065684732e-05
    ],
    [
      8.0446195602417,
      -5.894184505450539e-05,
      6.480021953582764,
      -0.0001225657033501193,
      82.57218170166016,
      -0.0003704486880451441,
      103.4209213256836,
      -0.0004062424704898149,
      97.11640930175781,
      -0.0022553554736077785,
      127.46553802490234,
      -0.0018097322899848223,
      118.48877716064453,
      -0.002883747685700655,
      72.2237777709961,
      -0.02346823923289776,
      138.76663208007812,
      -0.09645266830921173
    ],
    [
      0.0025582448579370975,
      1.395185478259009e-08,
      0.0022043862845748663,
      5.180138629157227e-08,
      -0.0011939407559111714,
      1.3211065663654153e-07,
      0.004653070122003555,
      2.869976754027448e-07,
      -0.00048757001059129834,
      1.2695277291641105e-06,
      -0.0018097322899848223,
      1.3129206308803987e-06,
      -0.0016444706125184894,
      1.8496224356567836e-06,
      -0.001759945647791028,
      5.85376619710587e-06,
      0.004498081747442484,
      2.4705685063963756e-05
    ],
    [
      -11.407135963439941,
      -6.416493852157146e-05,
      -11.451014518737793,
      -8.98979851626791e-05,
      71.5613784790039,
      -0.00023655705444980413,
      94.15663146972656,
      -0.00032745502539910376,
      88.7901840209961,
      -0.0012768200831487775,
      118.48877716064453,
      -0.0016444706125184894,
      127.02249145507812,
      -0.0026365567464381456,
      78.37516021728516,
      -0.027373056858778,
      133.0575408935547,
      -0.11589424312114716
    ],
    [
      0.007994935847818851,
      2.0926202992654908e-08,
      0.007067246828228235,
      8.187635103240609e-08,
      -0.0014952862402424216,
      2.0107520981582638e-07,
      0.00908778514713049,
      4.176299341906997e-07,
      -0.0005687796510756016,
      1.8652083326742286e-06,
      -0.002883747685700655,
      1.8496224356567836e-06,
      -0.0026365567464381456,
      3.3376029477949487e-06,
      -0.0031482167541980743,
      1.10613500510226e-05,
      0.008754787966609001,
      4.5369066356215626e-05
    ],
    [
      13.148209571838379,
      -2.728403705987148e-05,
      11.684386253356934,
      -0.00011037990043405443,
      50.72726821899414,
      -0.0001861115888459608,
      63.94926071166992,
      -0.00036543526221066713,
      52.53195571899414,
      -0.0018898757407441735,
      72.2237777709961,
      -0.001759945647791028,
      78.37516021728516,
      -0.0031482167541980743,
      88.70698547363281,
      -0.017178643494844437,
      88.6153793334961,
      -0.0782681331038475
    ],
    [
      0.1379997432231903,
      2.5362478339729932e-08,
      0.12510862946510315,
      1.6502296773523994e-07,
      -0.0007274913950823247,
      4.346872515270661e-07,
      0.04684416949748993,
      1.1348520274623297e-06,
      -0.011072049848735332,
      3.138603005936602e-06,
      -0.02346823923289776,
      5.85376619710587e-06,
      -0.027373056858778,
      1.10613500510226e-05,
      -0.017178643494844437,
      7.784782064845785e-05,
      0.038565460592508316,
      0.0003161307831760496
    ],
    [
      125.5453872680664,
      -3.100954199908301e-05,
      111.74724578857422,
      6.804685108363628e-05,
      105.49137115478516,
      0.0002053664647974074,
      196.2999725341797,
      0.000938518438488245,
      116.48400115966797,
      0.0014299824833869934,
      138.76663208007812,
      0.004498081747442484,
      133.0575408935547,
      0.008754787966609001,
      88.6153793334961,
      0.038565460592508316,
      236.193115234375,
      0.18483677506446838
    ],
    [
      0.6759485006332397,
      7.131962576067963e-08,
      0.602543830871582,
      5.460802299239731e-07,
      0.007111021317541599,
      1.805386432351952e-06,
      0.22579175233840942,
      4.813917257706635e-06,
      -0.030288536101579666,
      1.155619065684732e-05,
      -0.09645266830921173,
      2.4705685063963756e-05,
      -0.11589424312114716,
      4.5369066356215626e-05,
      -0.0782681331038475,
      0.0003161307831760496,
      0.18483677506446838,
      0.00154338707216084
    ]
  ],
  "covariance_short": [
    [
      690.4571533203125,
      -0.00016204964776989073,
      660.9444580078125,
      -0.00044390876428224146,
      247.56723022460938,
      -0.00018489023204892874,
      146.0390167236328,
      0.0006013763486407697,
      109.48367309570312,
      -0.00119707640260458,
      84.53572082519531,
      0.002145554171875119,
      87.45972442626953,
      0.007263622246682644,
      64.6504135131836,
      0.13093173503875732,
      45.24184036254883,
      0.6489235162734985
    ],
    [
      -0.00016204964776989073,
      3.2846692032961755e-09,
      -0.00015405115846078843,
      2.5371675871355137e-09,
      -6.005214527249336e-05,
      4.449508761439347e-09,
      -5.1856888603651896e-05,
      1.0463224953127792e-08,
      -2.41543966694735e-05,
      4.448697410452951e-08,
      -4.279315908206627e-05,
      3.287049921141261e-08,
      -4.233061918057501e-05,
      5.258461044377327e-08,
      -3.2171476050280035e-05,
      7.703166460260036e-08,
      -2.0579831470968202e-05,
      9.370932474439542e-08
    ],
    [
      660.9444580078125,
      -0.00015405115846078843,
      635.6163330078125,
      -0.000417580537032336,
      238.99488830566406,
      -0.000170050174347125,
      140.71209716796875,
      0.0005895507056266069,
      105.85879516601562,
      -0.0011430729646235704,
      81.92655944824219,
      0.002117869909852743,
      85.07811737060547,
      0.006965364329516888,
      63.775081634521484,
      0.1251997947692871,
      44.993770599365234,
      0.6208832263946533
    ],
    [
      -0.00044390876428224146,
      2.5371675871355137e-09,
      -0.000417580537032336,
      1.901015522776106e-08,
      -5.585067628999241e-05,
      1.3576360480271887e-08,
      -9.594354196451604e-05,
      3.33269341012965e-08,
      7.001240010140464e-05,
      1.53208262076987e-07,
      -6.679679790977389e-05,
      1.402044205178754e-07,
      -6.056093843653798e-05,
      2.1680776285393222e-07,
      -3.198392005288042e-05,
      3.851825169931544e-07,
      -9.734907507663593e-06,
      8.081352120825613e-07
    ],
    [
      247.56723022460938,
      -6.005214527249336e-05,
      238.99488830566406,
      -5.585067628999241e-05,
      245.92510986328125,
      0.00015747486031614244,
      181.3516387939453,
      0.0012134226271882653,
      217.95477294921875,
      0.001596385263837874,
      162.3297882080078,
      0.005125436466187239,
      166.20162963867188,
      0.01033046655356884,
      151.3057098388672,
      0.05819515511393547,
      116.61682891845703,
      0.3009551763534546
    ],
    [
      -0.00018489023204892874,
      4.449508761439347e-09,
      -0.000170050174347125,
      1.3576360480271887e-08,
      0.00015747486031614244,
      6.80135343600341e-08,
      -2.0996531020500697e-06,
      6.992318901666295e-08,
      0.00026558799436315894,
      3.049356109841028e-07,
      4.2062151806021575e-06,
      2.874124334084627e-07,
      1.1197746971447486e-05,
      3.6987395901633136e-07,
      2.252200647490099e-05,
      7.411629212583648e-07,
      2.163046519854106e-05,
      2.461467829562025e-06
    ],
    [
      146.0390167236328,
      -5.1856888603651896e-05,
      140.71209716796875,
      -9.594354196451604e-05,
      181.3516387939453,
      -2.0996531020500697e-06,
      169.57492065429688,
      0.00045048657921142876,
      181.965087890625,
      -0.00024225664674304426,
      158.91473388671875,
      0.0016564978286623955,
      163.32867431640625,
      0.0035206510219722986,
      155.2458953857422,
      0.007903805933892727,
      127.55512237548828,
      0.057876914739608765
    ],
    [
      0.0006013763486407697,
      1.0463224953127792e-08,
      0.0005895507056266069,
      3.33269341012965e-08,
      0.0012134226271882653,
      6.992318901666295e-08,
      0.00045048657921142876,
      3.7158136478865345e-07,
      0.001280975411646068,
      1.4589927559427451e-06,
      0.00038538791704922915,
      8.854299835547863e-07,
      0.0003975287836510688,
      1.0818931741596316e-06,
      0.0003424923634156585,
      1.9317610622238135e-06,
      0.00022509286645799875,
      5.627132850349881e-06
    ],
    [
      109.48367309570312,
      -2.41543966694735e-05,
      105.85879516601562,
      7.001240010140464e-05,
      217.95477294921875,
      0.00026558799436315894,
      181.965087890625,
      0.001280975411646068,
      268.0422058105469,
      0.0022319811396300793,
      194.43003845214844,
      0.005518186371773481,
      197.19552612304688,
      0.00943248812109232,
      184.65243530273438,
      0.009366387501358986,
      142.21966552734375,
      0.1223624050617218
    ],
    [
      -0.00119707640260458,
      4.448697410452951e-08,
      -0.0011430729646235704,
      1.53208262076987e-07,
      0.001596385263837874,
      3.049356109841028e-07,
      -0.00024225664674304426,
      1.4589927559427451e-06,
      0.0022319811396300793,
      8.83247412275523e-06,
      -0.0002547282783780247,
      4.269925739208702e-06,
      -0.00025576582993380725,
      5.448094270832371e-06,
      -0.00026854954194277525,
      4.93928973810398e-06,
      -0.0003073622938245535,
      1.099997098208405e-05
    ],
    [
      84.53572082519531,
      -4.279315908206627e-05,
      81.92655944824219,
      -6.679679790977389e-05,
      162.3297882080078,
      4.2062151806021575e-06,
      158.91473388671875,
      0.00038538791704922915,
      194.43003845214844,
      -0.0002547282783780247,
      172.04164123535156,
      0.0013657647650688887,
      175.782470703125,
      0.002505849115550518,
      169.23895263671875,
      -0.014193824492394924,
      138.72747802734375,
      -0.04102484881877899
    ],
    [
      0.002145554171875119,
      3.287049921141261e-08,
      0.002117869909852743,
      1.402044205178754e-07,
      0.005125436466187239,
      2.874124334084627e-07,
      0.0016564978286623955,
      8.854299835547863e-07,
      0.005518186371773481,
      4.269925739208702e-06,
      0.0013657647650688887,
      3.8202947507670615e-06,
      0.0014514665817841887,
      4.294593509257538e-06,
      0.0012319048400968313,
      9.149381185125094e-06,
      0.0008095079101622105,
      3.168662078678608e-05
    ],
    [
      87.45972442626953,
      -4.233061918057501e-05,
      85.07811737060547,
      -6.056093843653798e-05,
      166.20162963867188,
      1.1197746971447486e-05,
      163.32867431640625,
      0.0003975287836510688,
      197.19552612304688,
      -0.00025576582993380725,
      175.782470703125,
      0.0014514665817841887,
      180.9532928466797,
      0.0027523476164788008,
      175.99053955078125,
      -0.01325384620577097,
      145.25123596191406,
      -0.031872622668743134
    ],
    [
      0.007263622246682644,
      5.258461044377327e-08,
      0.006965364329516888,
      2.1680776285393222e-07,
      0.01033046655356884,
      3.6987395901633136e-07,
      0.0035206510219722986,
      1.0818931741596316e-06,
      0.00943248812109232,
      5.448094270832371e-06,
      0.002505849115550518,
      4.294593509257538e-06,
      0.0027523476164788008,
      8.345469723280985e-06,
      0.0023683984763920307,
      1.8880984498537146e-05,
      0.0016410627868026495,
      6.406287138815969e-05
    ],
    [
      64.6504135131836,
      -3.2171476050280035e-05,
      63.775081634521484,
      -3.198392005288042e-05,
      151.3057098388672,
      2.252200647490099e-05,
      155.2458953857422,
      0.0003424923634156585,
      184.65243530273438,
      -0.00026854954194277525,
      169.23895263671875,
      0.0012319048400968313,
      175.99053955078125,
      0.0023683984763920307,
      176.27325439453125,
      -0.019615069031715393,
      148.01156616210938,
      -0.059877414256334305
    ],
    [
      0.13093173503875732,
      7.703166460260036e-08,
      0.1251997947692871,
      3.851825169931544e-07,
      0.05819515511393547,
      7.411629212583648e-07,
      0.007903805933892727,
      1.9317610622238135e-06,
      0.009366387501358986,
      4.93928973810398e-06,
      -0.014193824492394924,
      9.149381185125094e-06,
      -0.01325384620577097,
      1.8880984498537146e-05,
      -0.019615069031715393,
      0.00019451018306426704,
      -0.01689586602151394,
      0.0006567733944393694
    ],
    [
      45.24184036254883,
      -2.0579831470968202e-05,
      44.993770599365234,
      -9.734907507663593e-06,
      116.61682891845703,
      2.163046519854106e-05,
      127.55512237548828,
      0.00022509286645799875,
      142.21966552734375,
      -0.0003073622938245535,
      138.72747802734375,
      0.0008095079101622105,
      145.25123596191406,
      0.0016410627868026495,
      148.01156616210938,
      -0.01689586602151394,
      127.6919937133789,
      -0.06337190419435501
    ],
    [
      0.6489235162734985,
      9.370932474439542e-08,
      0.6208832263946533,
      8.081352120825613e-07,
      0.3009551763534546,
      2.461467829562025e-06,
      0.057876914739608765,
      5.627132850349881e-06,
      0.1223624050617218,
      1.099997098208405e-05,
      -0.04102484881877899,
      3.168662078678608e-05,
      -0.031872622668743134,
      6.406287138815969e-05,
      -0.059877414256334305,
      0.0006567733944393694,
      -0.06337190419435501,
      0.003916742745786905
    ]
  ],
  "damage": -6.5168609619140625,
  "diff_bandwidth": 239.1975555419922,
  "dissonance": 1.9999318213802983,
  "drr": 8.778848648071289,
  "dynamics": 8.906455993652344,
  "format": 1245190,
  "frames": 1869824,
  "loudness": -19.647661209106445,
  "loudness_range": 18.491477966308594,
  "loudness_range_short": 30.522480010986328,
  "lowpass_true_peak_15khz": -0.03456484153866768,
  "mastering3_acoustic_entropies": [
    {
      "acoustic_entropy": 6.14910364151001,
      "acoustic_entropy_mono": 6.14910364151001,
      "band_eliminated_acoustic_entropies": [
        {
          "acoustic_entropy": 5.956032752990723,
          "acoustic_entropy_side": 6.14910364151001,
          "hz": 129.47220167065723
        },
        {
          "acoustic_entropy": 6.0170793533325195,
          "acoustic_entropy_side": 6.14910364151001,
          "hz": 202.92927478742237
        },
        {
          "acoustic_entropy": 6.4456682205200195,
          "acoustic_entropy_side": 6.14910364151001,
          "hz": 282.89161906338205
        },
        {
          "acoustic_entropy": 6.076057434082031,
          "acoustic_entropy_side": 6.14910364151001,
          "hz": 369.9353335868758
        },
        {
          "acoustic_entropy": 5.819154739379883,
          "acoustic_entropy_side": 6.14910364151001,
          "hz": 464.6875360973435
        },
        {
          "acoustic_entropy": 6.104796886444092,
          "acoustic_entropy_side": 6.14910364151001,
          "hz": 567.8308811364784
        },
        {
          "acoustic_entropy": 6.1510748863220215,
          "acoustic_entropy_side": 6.14910364151001,
          "hz": 680.1084783214808
        },
        {
          "acoustic_entropy": 6.21079683303833,
          "acoustic_entropy_side": 6.14910364151001,
          "hz": 802.3292461747484
        },
        {
          "acoustic_entropy": 6.200802803039551,
          "acoustic_entropy_side": 6.14910364151001,
          "hz": 935.3737400823702
        },
        {
          "acoustic_entropy": 6.152010917663574,
          "acoustic_entropy_side": 6.14910364151001,
          "hz": 1080.2004963696966
        },
        {
          "acoustic_entropy": 6.13894510269165,
          "acoustic_entropy_side": 6.14910364151001,
          "hz": 1237.8529382007157
        },
        {
          "acoustic_entropy": 6.149039268493652,
          "acoustic_entropy_side": 6.14910364151001,
          "hz": 1409.4668930556702
        },
        {
          "acoustic_entropy": 6.148354530334473,
          "acoustic_entropy_side": 6.14910364151001,
          "hz": 1596.2787759475705
        },
        {
          "acoustic_entropy": 6.148804187774658,
          "acoustic_entropy_side": 6.14910364151001,
          "hz": 1799.6344973346393
        },
        {
          "acoustic_entropy": 5.912626266479492,
          "acoustic_entropy_side": 6.14910364151001,
          "hz": 2020.9991599069049
        },
        {
          "acoustic_entropy": 6.185334205627441,
          "acoustic_entropy_side": 6.14910364151001,
          "hz": 2261.9676141086993
        },
        {
          "acoustic_entropy": 6.148717403411865,
          "acoustic_entropy_side": 6.14910364151001,
          "hz": 2524.2759484456974
        },
        {
          "acoustic_entropy": 6.1489715576171875,
          "acoustic_entropy_side": 6.14910364151001,
          "hz": 2809.813997359896
        },
        {
          "acoustic_entropy": 6.1478424072265625,
          "acoustic_entropy_side": 6.14910364151001,
          "hz": 3120.6389567871424
        },
        {
          "acoustic_entropy": 6.167714595794678,
          "acoustic_entropy_side": 6.14910364151001,
          "hz": 3458.990205492291
        },
        {
          "acoustic_entropy": 6.151693344116211,
          "acoustic_entropy_side": 6.14910364151001,
          "hz": 3827.305438964164
        },
        {
          "acoustic_entropy": 6.143926620483398,
          "acoustic_entropy_side": 6.14910364151001,
          "hz": 4228.238232109126
        },
        {
          "acoustic_entropy": 6.146296977996826,
          "acoustic_entropy_side": 6.14910364151001,
          "hz": 4664.6771572759235
        },
        {
          "acoustic_entropy": 6.149805068969727,
          "acoustic_entropy_side": 6.14910364151001,
          "hz": 5139.766595350093
        },
        {
          "acoustic_entropy": 6.160624027252197,
          "acoustic_entropy_side": 6.14910364151001,
          "hz": 5656.929389854203
        },
        {
          "acoustic_entropy": 6.158436298370361,
          "acoustic_entropy_side": 6.14910364151001,
          "hz": 6219.891507268283
        },
        {
          "acoustic_entropy": 6.158346652984619,
          "acoustic_entropy_side": 6.14910364151001,
          "hz": 6832.70888123896
        },
        {
          "acoustic_entropy": 6.168452739715576,
          "acoustic_entropy_side": 6.14910364151001,
          "hz": 7499.796634079867
        },
        {
          "acoustic_entropy": 6.161824703216553,
          "acoustic_entropy_side": 6.14910364151001,
          "hz": 8225.96088609342
        },
        {
          "acoustic_entropy": 6.153077602386475,
          "acoustic_entropy_side": 6.14910364151001,
          "hz": 9016.43338188839
        },
        {
          "acoustic_entropy": 6.14928674697876,
          "acoustic_entropy_side": 6.14910364151001,
          "hz": 9876.909183162974
        },
        {
          "acoustic_entropy": 6.160252571105957,
          "acoustic_entropy_side": 6.14910364151001,
          "hz": 10813.587699516042
        },
        {
          "acoustic_entropy": 6.161109924316406,
          "acoustic_entropy_side": 6.14910364151001,
          "hz": 11833.21735289826
        },
        {
          "acoustic_entropy": 6.162838459014893,
          "acoustic_entropy_side": 6.14910364151001,
          "hz": 12943.144197493959
        },
        {
          "acoustic_entropy": 6.164617538452148,
          "acoustic_entropy_side": 6.14910364151001,
          "hz": 14151.364845322005
        },
        {
          "acoustic_entropy": 6.153494358062744,
          "acoustic_entropy_side": 6.14910364151001,
          "hz": 15466.58407886509
        },
        {
          "acoustic_entropy": 6.147587299346924,
          "acoustic_entropy_side": 6.14910364151001,
          "hz": 16898.27756580493
        },
        {
          "acoustic_entropy": 6.149076461791992,
          "acoustic_entropy_side": 6.14910364151001,
          "hz": 18456.760127700032
        },
        {
          "acoustic_entropy": 6.14910364151001,
          "acoustic_entropy_side": 6.14910364151001,
          "hz": 20153.260054456492
        },
        {
          "acoustic_entropy": 6.14910364151001,
          "acoustic_entropy_side": 6.14910364151001,
          "hz": 22000.00000000001
        }
      ],
      "diff_acoustic_entropy": 4.846871852874756,
      "sn": 6
    },
    {
      "acoustic_entropy": 8.128130912780762,
      "acoustic_entropy_mono": 8.128130912780762,
      "band_eliminated_acoustic_entropies": [
        {
          "acoustic_entropy": 7.726917743682861,
          "acoustic_entropy_side": 8.128130912780762,
          "hz": 129.47220167065723
        },
        {
          "acoustic_entropy": 8.083688735961914,
          "acoustic_entropy_side": 8.128130912780762,
          "hz": 202.92927478742237
        },
        {
          "acoustic_entropy": 8.665486335754395,
          "acoustic_entropy_side": 8.128130912780762,
          "hz": 282.89161906338205
        },
        {
          "acoustic_entropy": 8.103364944458008,
          "acoustic_entropy_side": 8.128130912780762,
          "hz": 369.9353335868758
        },
        {
          "acoustic_entropy": 7.823832988739014,
          "acoustic_entropy_side": 8.128130912780762,
          "hz": 464.6875360973435
        },
        {
          "acoustic_entropy": 7.857968330383301,
          "acoustic_entropy_side": 8.128130912780762,
          "hz": 567.8308811364784
        },
        {
          "acoustic_entropy": 8.10959529876709,
          "acoustic_entropy_side": 8.128130912780762,
          "hz": 680.1084783214808
        },
        {
          "acoustic_entropy": 8.388875961303711,
          "acoustic_entropy_side": 8.128130912780762,
          "hz": 802.3292461747484
        },
        {
          "acoustic_entropy": 8.324338912963867,
          "acoustic_entropy_side": 8.128130912780762,
          "hz": 935.3737400823702
        },
        {
          "acoustic_entropy": 8.111603736877441,
          "acoustic_entropy_side": 8.128130912780762,
          "hz": 1080.2004963696966
        },
        {
          "acoustic_entropy": 8.026870727539062,
          "acoustic_entropy_side": 8.128130912780762,
          "hz": 1237.8529382007157
        },
        {
          "acoustic_entropy": 8.138358116149902,
          "acoustic_entropy_side": 8.128130912780762,
          "hz": 1409.4668930556702
        },
        {
          "acoustic_entropy": 8.121417045593262,
          "acoustic_entropy_side": 8.128130912780762,
          "hz": 1596.2787759475705
        },
        {
          "acoustic_entropy": 8.071016311645508,
          "acoustic_entropy_side": 8.128130912780762,
          "hz": 1799.6344973346393
        },
        {
          "acoustic_entropy": 7.59879207611084,
          "acoustic_entropy_side": 8.128130912780762,
          "hz": 2020.9991599069049
        },
        {
          "acoustic_entropy": 8.351861000061035,
          "acoustic_entropy_side": 8.128130912780762,
          "hz": 2261.9676141086993
        },
        {
          "acoustic_entropy": 8.119758605957031,
          "acoustic_entropy_side": 8.128130912780762,
          "hz": 2524.2759484456974
        },
        {
          "acoustic_entropy": 8.126317977905273,
          "acoustic_entropy_side": 8.128130912780762,
          "hz": 2809.813997359896
        },
        {
          "acoustic_entropy": 8.124016761779785,
          "acoustic_entropy_side": 8.128130912780762,
          "hz": 3120.6389567871424
        },
        {
          "acoustic_entropy": 8.098353385925293,
          "acoustic_entropy_side": 8.128130912780762,
          "hz": 3458.990205492291
        },
        {
          "acoustic_entropy": 8.108949661254883,
          "acoustic_entropy_side": 8.128130912780762,
          "hz": 3827.305438964164
        },
        {
          "acoustic_entropy": 8.115824699401855,
          "acoustic_entropy_side": 8.128130912780762,
          "hz": 4228.238232109126
        },
        {
          "acoustic_entropy": 8.113578796386719,
          "acoustic_entropy_side": 8.128130912780762,
          "hz": 4664.6771572759235
        },
        {
          "acoustic_entropy": 8.103570938110352,
          "acoustic_entropy_side": 8.128130912780762,
          "hz": 5139.766595350093
        },
        {
          "acoustic_entropy": 8.110017776489258,
          "acoustic_entropy_side": 8.128130912780762,
          "hz": 5656.929389854203
        },
        {
          "acoustic_entropy": 8.11312484741211,
          "acoustic_entropy_side": 8.128130912780762,
          "hz": 6219.891507268283
        },
        {
          "acoustic_entropy": 8.140649795532227,
          "acoustic_entropy_side": 8.128130912780762,
          "hz": 6832.70888123896
        },
        {
          "acoustic_entropy": 8.153109550476074,
          "acoustic_entropy_side": 8.128130912780762,
          "hz": 7499.796634079867
        },
        {
          "acoustic_entropy": 8.139208793640137,
          "acoustic_entropy_side": 8.128130912780762,
          "hz": 8225.96088609342
        },
        {
          "acoustic_entropy": 8.13412094116211,
          "acoustic_entropy_side": 8.128130912780762,
          "hz": 9016.43338188839
        },
        {
          "acoustic_entropy": 7.93363618850708,
          "acoustic_entropy_side": 8.128130912780762,
          "hz": 9876.909183162974
        },
        {
          "acoustic_entropy": 8.140567779541016,
          "acoustic_entropy_side": 8.128130912780762,
          "hz": 10813.587699516042
        },
        {
          "acoustic_entropy": 8.16937255859375,
          "acoustic_entropy_side": 8.128130912780762,
          "hz": 11833.21735289826
        },
        {
          "acoustic_entropy": 8.175361633300781,
          "acoustic_entropy_side": 8.128130912780762,
          "hz": 12943.144197493959
        },
        {
          "acoustic_entropy": 8.179987907409668,
          "acoustic_entropy_side": 8.128130912780762,
          "hz": 14151.364845322005
        },
        {
          "acoustic_entropy": 8.158689498901367,
          "acoustic_entropy_side": 8.128130912780762,
          "hz": 15466.58407886509
        },
        {
          "acoustic_entropy": 8.125325202941895,
          "acoustic_entropy_side": 8.128130912780762,
          "hz": 16898.27756580493
        },
        {
          "acoustic_entropy": 8.12760066986084,
          "acoustic_entropy_side": 8.128130912780762,
          "hz": 18456.760127700032
        },
        {
          "acoustic_entropy": 8.128130912780762,
          "acoustic_entropy_side": 8.128130912780762,
          "hz": 20153.260054456492
        },
        {
          "acoustic_entropy": 8.128130912780762,
          "acoustic_entropy_side": 8.128130912780762,
          "hz": 22000.00000000001
        }
      ],
      "diff_acoustic_entropy": 6.147640228271484,
      "sn": 12
    },
    {
      "acoustic_entropy": 11.435997009277344,
      "acoustic_entropy_mono": 11.435996055603027,
      "band_eliminated_acoustic_entropies": [
        {
          "acoustic_entropy": 11.381606101989746,
          "acoustic_entropy_side": 11.435997009277344,
          "hz": 129.47220167065723
        },
        {
          "acoustic_entropy": 11.284725189208984,
          "acoustic_entropy_side": 11.435997009277344,
          "hz": 202.92927478742237
        },
        {
          "acoustic_entropy": 11.986876487731934,
          "acoustic_entropy_side": 11.435997009277344,
          "hz": 282.89161906338205
        },
        {
          "acoustic_entropy": 11.569890022277832,
          "acoustic_entropy_side": 11.435997009277344,
          "hz": 369.9353335868758
        },
        {
          "acoustic_entropy": 11.617292404174805,
          "acoustic_entropy_side": 11.435997009277344,
          "hz": 464.6875360973435
        },
        {
          "acoustic_entropy": 11.41119384765625,
          "acoustic_entropy_side": 11.435997009277344,
          "hz": 567.8308811364784
        },
        {
          "acoustic_entropy": 11.467838287353516,
          "acoustic_entropy_side": 11.435997009277344,
          "hz": 680.1084783214808
        },
        {
          "acoustic_entropy": 11.584711074829102,
          "acoustic_entropy_side": 11.435997009277344,
          "hz": 802.3292461747484
        },
        {
