{
  "acoustic_entropy": 153.96827697753906,
  "bands": [
    {
      "high_freq": 148.1999969482422,
      "loudness": -30.190214157104492,
      "loudness_range": 13.920425415039062,
      "mid_mean": -26.520843505859375,
      "mid_to_side_loudness": -32.21281051635742,
      "mid_to_side_loudness_range": 6.070791244506836,
      "side_mean": -58.96530532836914
    },
    {
      "high_freq": 392.3793640136719,
      "loudness": -33.167625427246094,
      "loudness_range": 15.255382537841797,
      "low_freq": 148.1999969482422,
      "mid_mean": -29.473299026489258,
      "mid_to_side_loudness": -40.47512435913086,
      "mid_to_side_loudness_range": 11.049972534179688,
      "side_mean": -66.72625732421875
    },
    {
      "high_freq": 794.6976318359375,
      "loudness": -31.472728729248047,
      "loudness_range": 20.25540542602539,
      "low_freq": 392.3793640136719,
      "mid_mean": -27.98832130432129,
      "mid_to_side_loudness": -43.12119674682617,
      "mid_to_side_loudness_range": 14.91763687133789,
      "side_mean": -66.78362274169922
    },
    {
      "high_freq": 1457.5709228515625,
      "loudness": -37.480167388916016,
      "loudness_range": 19.562664031982422,
      "low_freq": 794.6976318359375,
      "mid_mean": -33.8854866027832,
      "mid_to_side_loudness": -38.16250991821289,
      "mid_to_side_loudness_range": 16.097095489501953,
      "side_mean": -67.55748748779297
    },
    {
      "high_freq": 2549.74365234375,
      "loudness": -38.39618682861328,
      "loudness_range": 21.777708053588867,
      "low_freq": 1457.5709228515625,
      "mid_mean": -34.89273452758789,
      "mid_to_side_loudness": -30.71933364868164,
      "mid_to_side_loudness_range": 12.37983512878418,
      "side_mean": -64.39118194580078
    },
    {
      "high_freq": 4349.24462890625,
      "loudness": -40.27605438232422,
      "loudness_range": 23.79121971130371,
      "low_freq": 2549.74365234375,
      "mid_mean": -36.616764068603516,
      "mid_to_side_loudness": -27.575130462646484,
      "mid_to_side_loudness_range": 8.104822158813477,
      "side_mean": -62.51713180541992
    },
    {
      "high_freq": 7314.1640625,
      "loudness": -45.76357650756836,
      "loudness_range": 17.377792358398438,
      "low_freq": 4349.24462890625,
      "mid_mean": -42.07615280151367,
      "mid_to_side_loudness": -26.568918228149414,
      "mid_to_side_loudness_range": 11.678789138793945,
      "side_mean": -65.38218688964844
    },
    {
      "high_freq": 12199.2666015625,
      "loudness": -47.787410736083984,
      "loudness_range": 15.807109832763672,
      "low_freq": 7314.1640625,
      "mid_mean": -44.412391662597656,
      "mid_to_side_loudness": -21.1384334564209,
      "mid_to_side_loudness_range": 7.949899673461914,
      "side_mean": -63.45159912109375
    },
    {
      "loudness": -54.127647399902344,
      "loudness_range": 16.336936950683594,
      "low_freq": 12199.2666015625,
      "mid_mean": -50.67122268676758,
      "mid_to_side_loudness": -19.43435287475586,
      "mid_to_side_loudness_range": 7.282947540283203,
      "side_mean": -66.0230712890625
    }
  ],
  "bands_short": [
    {
      "high_freq": 148.1999969482422,
      "loudness": -33.18901062011719,
      "loudness_range": 20.272960662841797,
      "mid_mean": -29.572845458984375,
      "mid_to_side_loudness": -31.387432098388672,
      "mid_to_side_loudness_range": 8.1724853515625,
      "side_mean": -60.76747131347656
    },
    {
      "high_freq": 392.3793640136719,
      "loudness": -32.67440414428711,
      "loudness_range": 16.367782592773438,
      "low_freq": 148.1999969482422,
      "mid_mean": -29.001279830932617,
      "mid_to_side_loudness": -37.49851608276367,
      "mid_to_side_loudness_range": 14.523344039916992,
      "side_mean": -64.6845474243164
    },
    {
      "high_freq": 794.6976318359375,
      "loudness": -32.76895523071289,
      "loudness_range": 24.93142318725586,
      "low_freq": 392.3793640136719,
      "mid_mean": -29.217449188232422,
      "mid_to_side_loudness": -42.927146911621094,
      "mid_to_side_loudness_range": 23.979509353637695,
      "side_mean": -67.26182556152344
    },
    {
      "high_freq": 1457.5709228515625,
      "loudness": -39.58464431762695,
      "loudness_range": 24.35706901550293,
      "low_freq": 794.6976318359375,
      "mid_mean": -36.047698974609375,
      "mid_to_side_loudness": -36.762123107910156,
      "mid_to_side_loudness_range": 21.587779998779297,
      "side_mean": -68.1107177734375
    },
    {
      "high_freq": 2549.74365234375,
      "loudness": -40.601234436035156,
      "loudness_range": 27.276325225830078,
      "low_freq": 1457.5709228515625,
      "mid_mean": -37.1144905090332,
      "mid_to_side_loudness": -30.29686164855957,
      "mid_to_side_loudness_range": 16.434537887573242,
      "side_mean": -65.39534759521484
    },
    {
      "high_freq": 4349.24462890625,
      "loudness": -42.6973991394043,
      "loudness_range": 26.945619583129883,
      "low_freq": 2549.74365234375,
      "mid_mean": -39.041831970214844,
      "mid_to_side_loudness": -28.451889038085938,
      "mid_to_side_loudness_range": 14.047229766845703,
      "side_mean": -64.18394470214844
    },
    {
      "high_freq": 7314.1640625,
      "loudness": -48.09843826293945,
      "loudness_range": 21.346599578857422,
      "low_freq": 4349.24462890625,
      "mid_mean": -44.45244598388672,
      "mid_to_side_loudness": -27.686594009399414,
      "mid_to_side_loudness_range": 16.255826950073242,
      "side_mean": -66.76519012451172
    },
    {
      "high_freq": 12199.2666015625,
      "loudness": -51.73262405395508,
      "loudness_range": 22.229705810546875,
      "low_freq": 7314.1640625,
      "mid_mean": -47.995418548583984,
      "mid_to_side_loudness": -23.433025360107422,
      "mid_to_side_loudness_range": 13.244455337524414,
      "side_mean": -65.86872863769531
    },
    {
      "loudness": -58.3077507019043,
      "loudness_range": 23.120838165283203,
      "low_freq": 12199.2666015625,
      "mid_mean": -54.59144973754883,
      "mid_to_side_loudness": -20.605411529541016,
      "mid_to_side_loudness_range": 8.833364486694336,
      "side_mean": -67.58448791503906
    }
  ],
  "bandwidth": 491.40850830078125,
  "channels": 2,
  "covariance": [
    [
      29.845876693725586,
      18.77755355834961,
      2.6691486835479736,
      0.824928343296051,
      2.8982648849487305,
      1.1929833889007568,
      2.4582254886627197,
      -0.12326601892709732,
      3.375991106033325,
      1.8479773998260498,
      3.3869402408599854,
      2.794468402862549,
      9.163094520568848,
      4.088930130004883,
      12.092875480651855,
      6.442096710205078,
      10.710110664367676,
      3.838280439376831
    ],
    [
      18.77755355834961,
      15.464341163635254,
      1.148101806640625,
      1.2168439626693726,
      1.9466387033462524,
      1.667272686958313,
      1.8253397941589355,
      0.5859782695770264,
      2.3214282989501953,
      2.4777655601501465,
      2.6863698959350586,
      3.6807901859283447,
      5.958420753479004,
      3.598787784576416,
      7.582587718963623,
      5.5164031982421875,
      10.784446716308594,
      3.286714553833008
    ],
    [
      2.6691486835479736,
      1.148101806640625,
      28.70708656311035,
      9.024861335754395,
      12.696109771728516,
      4.016692161560059,
      14.182694435119629,
      3.404548168182373,
      16.22597885131836,
      7.736377239227295,
      15.081786155700684,
      7.832433223724365,
      10.448356628417969,
      5.409766674041748,
      9.067633628845215,
      7.228185176849365,
      7.525826930999756,
      4.9851884841918945
    ],
    [
      0.824928343296051,
      1.2168439626693726,
      9.024861335754395,
      5.550625801086426,
      2.381089925765991,
      2.0823662281036377,
      3.3710954189300537,
      1.620233178138733,
      4.094674587249756,
      2.7015109062194824,
      3.939366102218628,
      3.1984896659851074,
      3.237159252166748,
      2.3907573223114014,
      3.1965394020080566,
      3.056377410888672,
      4.054763317108154,
      2.199568510055542
    ],
    [
      2.8982648849487305,
      1.9466387033462524,
      12.696109771728516,
      2.381089925765991,
      55.49639129638672,
      16.555814743041992,
      41.03196716308594,
      7.456577301025391,
      42.55124282836914,
      16.66427230834961,
      43.383949279785156,
      24.29595947265625,
      18.349449157714844,
      6.224503040313721,
      12.153300285339355,
      7.909408092498779,
      8.237153053283691,
      3.96250581741333
    ],
    [
      1.1929833889007568,
      1.667272686958313,
      4.016692161560059,
      2.0823662281036377,
      16.555814743041992,
      8.992812156677246,
      11.952689170837402,
      3.952225923538208,
      14.597256660461426,
      7.112949371337891,
      15.911895751953125,
      10.385025024414062,
      5.698535919189453,
      2.5293943881988525,
      3.3031158447265625,
      2.734466552734375,
      3.0773682594299316,
      1.4050229787826538
    ],
    [
      2.4582254886627197,
      1.8253397941589355,
      14.182694435119629,
      3.3710954189300537,
      41.03196716308594,
      11.952689170837402,
      53.426876068115234,
      13.360236167907715,
      45.67656707763672,
      16.916606903076172,
      45.46404266357422,
      25.690725326538086,
      24.20539665222168,
      10.564949989318848,
      16.67951202392578,
      12.400721549987793,
      12.246835708618164,
      7.116456031799316
    ],
    [
      -0.12326601892709732,
      0.5859782695770264,
      3.404548168182373,
      1.620233178138733,
      7.456577301025391,
      3.952225923538208,
      13.360236167907715,
      6.952255725860596,
      10.517303466796875,
      5.210049152374268,
      12.003235816955566,
      8.21224308013916,
      4.802466869354248,
      3.1379454135894775,
      2.4050800800323486,
      2.770988702774048,
      2.2503249645233154,
      1.632427453994751
    ],
    [
      3.375991106033325,
      2.3214282989501953,
      16.22597885131836,
      4.094674587249756,
      42.55124282836914,
      14.597256660461426,
      45.67656707763672,
      10.517303466796875,
      62.30376052856445,
      23.209896087646484,
      51.26591491699219,
      28.982295989990234,
      26.641563415527344,
      10.626199722290039,
      18.700927734375,
      13.303622245788574,
      12.830403327941895,
      7.551541328430176
    ],
    [
      1.8479773998260498,
      2.4777655601501465,
      7.736377239227295,
      2.7015109062194824,
      16.66427230834961,
      7.112949371337891,
      16.916606903076172,
      5.210049152374268,
      23.209896087646484,
      12.946699142456055,
      20.49559211730957,
      13.76978588104248,
      9.333327293395996,
      4.882360935211182,
      6.080928325653076,
      5.421629428863525,
      5.927781581878662,
      2.8999826908111572
    ],
    [
      3.3869402408599854,
      2.6863698959350586,
      15.081786155700684,
      3.939366102218628,
      43.383949279785156,
      15.911895751953125,
      45.46404266357422,
      12.003235816955566,
      51.26591491699219,
      20.49559211730957,
      63.45250701904297,
      35.58238220214844,
      32.557865142822266,
      14.398591995239258,
      23.450912475585938,
      17.52803611755371,
      17.10930061340332,
      10.331454277038574
    ],
    [
      2.794468402862549,
      3.6807901859283447,
      7.832433223724365,
      3.1984896659851074,
      24.29595947265625,
      10.385025024414062,
      25.690725326538086,
      8.21224308013916,
      28.982295989990234,
      13.76978588104248,
      35.58238220214844,
      24.61878204345703,
      18.353517532348633,
      10.639169692993164,
      13.485563278198242,
      11.699004173278809,
      12.819050788879395,
      7.101076126098633
    ],
    [
      9.163094520568848,
      5.958420753479004,
      10.448356628417969,
      3.237159252166748,
      18.349449157714844,
      5.698535919189453,
      24.20539665222168,
      4.802466869354248,
      26.641563415527344,
      9.333327293395996,
      32.557865142822266,
      18.353517532348633,
      36.41035842895508,
      18.22983741760254,
      34.91719055175781,
      24.637954711914062,
      30.14631462097168,
      16.32924461364746
    ],
    [
      4.088930130004883,
      3.598787784576416,
      5.409766674041748,
      2.3907573223114014,
      6.224503040313721,
      2.5293943881988525,
      10.564949989318848,
      3.1379454135894775,
      10.626199722290039,
      4.882360935211182,
      14.398591995239258,
      10.639169692993164,
      18.22983741760254,
      14.894864082336426,
      17.993148803710938,
      16.232648849487305,
      17.75391387939453,
      11.423937797546387
    ],
    [
      12.092875480651855,
      7.582587718963623,
      9.067633628845215,
      3.1965394020080566,
      12.153300285339355,
      3.3031158447265625,
      16.67951202392578,
      2.4050800800323486,
      18.700927734375,
      6.080928325653076,
      23.450912475585938,
      13.485563278198242,
      34.91719055175781,
      17.993148803710938,
      40.638946533203125,
      27.50162124633789,
      36.26829147338867,
      18.698596954345703
    ],
    [
      6.442096710205078,
      5.5164031982421875,
      7.228185176849365,
      3.056377410888672,
      7.909408092498779,
      2.734466552734375,
      12.400721549987793,
      2.770988702774048,
      13.303622245788574,
      5.421629428863525,
      17.52803611755371,
      11.699004173278809,
      24.637954711914062,
      16.232648849487305,
      27.50162124633789,
      23.65364646911621,
      27.779556274414062,
      16.703203201293945
    ],
    [
      10.710110664367676,
      10.784446716308594,
      7.525826930999756,
      4.054763317108154,
      8.237153053283691,
      3.0773682594299316,
      12.246835708618164,
      2.2503249645233154,
      12.830403327941895,
      5.927781581878662,
      17.10930061340332,
      12.819050788879395,
      30.14631462097168,
      17.75391387939453,
      36.26829147338867,
      27.779556274414062,
      41.268741607666016,
      19.556108474731445
    ],
    [
      3.838280439376831,
      3.286714553833008,
      4.9851884841918945,
      2.199568510055542,
      3.96250581741333,
      1.4050229787826538,
      7.116456031799316,
      1.632427453994751,
      7.551541328430176,
      2.8999826908111572,
      10.331454277038574,
      7.101076126098633,
      16.32924461364746,
      11.423937797546387,
      18.698596954345703,
      16.703203201293945,
      19.556108474731445,
      13.161255836486816
    ]
  ],
  "covariance_short": [
    [
      52.2032356262207,
      31.620222091674805,
      13.557271957397461,
      9.151769638061523,
      3.9842374324798584,
      0.4228277802467346,
      6.204909324645996,
      -0.20883378386497498,
      5.598689079284668,
      1.7099273204803467,
      7.5745368003845215,
      3.0959911346435547,
      12.5713472366333,
      3.6356170177459717,
      14.662525177001953,
      5.588420391082764,
      11.729524612426758,
      3.091172456741333
    ],
    [
      31.620222091674805,
      23.23651123046875,
      7.522052764892578,
      6.7031049728393555,
      2.526536464691162,
      0.9902098774909973,
      3.9525539875030518,
      0.31179988384246826,
      3.5642013549804688,
      1.9394789934158325,
      5.06336784362793,
      3.112574815750122,
      8.124701499938965,
      2.9074525833129883,
      9.805678367614746,
      4.291293144226074,
      10.020486831665039,
      2.413370370864868
    ],
    [
      13.557271957397461,
      7.522052764892578,
      34.63576889038086,
      14.034664154052734,
      20.51039695739746,
      5.121721267700195,
      19.92078399658203,
      2.8874051570892334,
      23.255537033081055,
      8.608614921569824,
      21.140718460083008,
      9.805804252624512,
      14.579368591308594,
      5.799976825714111,
      12.476122856140137,
      7.25308895111084,
      10.44025993347168,
      4.55224609375
    ],
    [
      9.151769638061523,
      6.7031049728393555,
      14.034664154052734,
      13.102851867675781,
      3.0100696086883545,
      2.328779697418213,
      4.151227951049805,
      1.3429116010665894,
      5.491601943969727,
      3.2347896099090576,
      5.830928325653076,
      4.209190845489502,
      5.383424282073975,
      2.9632577896118164,
      5.824430465698242,
      3.4635329246520996,
      6.068123817443848,
      2.406251907348633
    ],
    [
      3.9842374324798584,
      2.526536464691162,
      20.51039695739746,
      3.0100696086883545,
      74.46192932128906,
      19.710643768310547,
      57.13031005859375,
      8.528230667114258,
      60.529666900634766,
      19.90939712524414,
      56.669437408447266,
      28.049842834472656,
      25.04703140258789,
      7.779845237731934,
      14.928314208984375,
      8.468992233276367,
      11.799870491027832,
      4.687756538391113
    ],
    [
      0.4228277802467346,
      0.9902098774909973,
      5.121721267700195,
      2.328779697418213,
      19.710643768310547,
      11.417902946472168,
      15.091452598571777,
      4.39679479598999,
      18.428890228271484,
      7.913932800292969,
      18.14883041381836,
      10.990352630615234,
      6.876715183258057,
      2.7608420848846436,
      2.92647385597229,
      1.7381857633590698,
      2.3902862071990967,
      0.8661854267120361
    ],
    [
      6.204909324645996,
      3.9525539875030518,
      19.92078399658203,
      4.151227951049805,
      57.13031005859375,
      15.091452598571777,
      74.98170471191406,
      14.027674674987793,
      66.0133056640625,
      20.118547439575195,
      59.34332275390625,
      29.88974952697754,
      31.63731575012207,
      11.59058952331543,
      20.659320831298828,
      12.5720853805542,
      16.018291473388672,
      7.11536169052124
    ],
    [
      -0.20883378386497498,
      0.31179988384246826,
      2.8874051570892334,
      1.3429116010665894,
      8.528230667114258,
      4.39679479598999,
      14.027674674987793,
      7.3202619552612305,
      11.973418235778809,
      6.149096965789795,
      11.843938827514648,
      8.311983108520508,
      4.359926223754883,
      2.6613569259643555,
      1.0782958269119263,
      1.0978026390075684,
      0.4945758581161499,
      0.4173588454723358
    ],
    [
      5.598689079284668,
      3.5642013549804688,
      23.255537033081055,
      5.491601943969727,
      60.529666900634766,
      18.428890228271484,
      66.0133056640625,
      11.973418235778809,
      86.34129333496094,
      28.337181091308594,
      68.78861236572266,
      35.36233901977539,
      36.01646041870117,
      13.128971099853516,
      21.349842071533203,
      13.209880828857422,
      15.893128395080566,
      7.518270015716553
    ],
    [
      1.7099273204803467,
      1.9394789934158325,
      8.608614921569824,
      3.2347896099090576,
      19.90939712524414,
      7.913932800292969,
      20.118547439575195,
      6.149096965789795,
      28.337181091308594,
      17.945110321044922,
      23.474163055419922,
      17.539688110351562,
      11.169753074645996,
      6.393923759460449,
      5.666414737701416,
      4.468567371368408,
      5.054244041442871,
      2.255002498626709
    ],
    [
      7.5745368003845215,
      5.06336784362793,
      21.140718460083008,
      5.830928325653076,
      56.669437408447266,
      18.14883041381836,
      59.34332275390625,
      11.843938827514648,
      68.78861236572266,
      23.474163055419922,
      80.14773559570312,
      41.68281173706055,
      45.08127212524414,
      17.744281768798828,
      30.606393814086914,
      18.91424560546875,
      24.667543411254883,
      11.084763526916504
    ],
    [
      3.0959911346435547,
      3.112574815750122,
      9.805804252624512,
      4.209190845489502,
      28.049842834472656,
      10.990352630615234,
      29.88974952697754,
      8.311983108520508,
      35.36233901977539,
      17.539688110351562,
      41.68281173706055,
      31.906600952148438,
      25.192651748657227,
      14.762121200561523,
      18.31459617614746,
      13.618219375610352,
      16.22205352783203,
      7.958757400512695
    ],
    [
      12.5713472366333,
      8.124701499938965,
      14.579368591308594,
      5.383424282073975,
      25.04703140258789,
      6.876715183258057,
      31.63731575012207,
      4.359926223754883,
      36.01646041870117,
      11.169753074645996,
      45.08127212524414,
      25.192651748657227,
      53.120513916015625,
      23.728641510009766,
      49.84486389160156,
      30.45745277404785,
      43.54496383666992,
      19.171743392944336
    ],
    [
      3.6356170177459717,
      2.9074525833129883,
      5.799976825714111,
      2.9632577896118164,
      7.779845237731934,
      2.7608420848846436,
      11.59058952331543,
      2.6613569259643555,
      13.128971099853516,
      6.393923759460449,
      17.744281768798828,
      14.762121200561523,
      23.728641510009766,
      18.85102653503418,
      24.059314727783203,
      19.367725372314453,
      22.91136932373047,
      12.817830085754395
    ],
    [
      14.662525177001953,
      9.805678367614746,
      12.476122856140137,
      5.824430465698242,
      14.928314208984375,
      2.92647385597229,
      20.659320831298828,
      1.0782958269119263,
      21.349842071533203,
      5.666414737701416,
      30.606393814086914,
      18.31459617614746,
      49.84486389160156,
      24.059314727783203,
      58.8031005859375,
      35.53330993652344,
      53.05034255981445,
      23.26244354248047
    ],
    [
      5.588420391082764,
      4.291293144226074,
      7.25308895111084,
      3.4635329246520996,
      8.468992233276367,
      1.7381857633590698,
      12.5720853805542,
      1.0978026390075684,
      13.209880828857422,
      4.468567371368408,
      18.91424560546875,
      13.618219375610352,
      30.45745277404785,
      19.367725372314453,
      35.53330993652344,
      27.763729095458984,
      34.95096969604492,
      18.744140625
    ],
    [
      11.729524612426758,
      10.020486831665039,
      10.44025993347168,
      6.068123817443848,
      11.799870491027832,
      2.3902862071990967,
      16.018291473388672,
      0.4945758581161499,
      15.893128395080566,
      5.054244041442871,
      24.667543411254883,
      16.22205352783203,
      43.54496383666992,
      22.91136932373047,
      53.05034255981445,
      34.95096969604492,
      55.480342864990234,
      24.199874877929688
    ],
    [
      3.091172456741333,
      2.413370370864868,
      4.55224609375,
      2.406251907348633,
      4.687756538391113,
      0.8661854267120361,
      7.11536169052124,
      0.4173588454723358,
      7.518270015716553,
      2.255002498626709,
      11.084763526916504,
      7.958757400512695,
      19.171743392944336,
      12.817830085754395,
      23.26244354248047,
      18.744140625,
      24.199874877929688,
      14.334588050842285
    ]
  ],
  "damage": -14.735876083374023,
  "diff_bandwidth": 523.7655639648438,
  "dissonance": 5.611445183396377,
  "drr": 3.941871404647827,
  "dynamics": 3.5026228427886963,
  "format": 1245190,
  "frames": 12280768,
  "loudness": -20.482057571411133,
  "loudness_range": 8.017288208007812,
  "loudness_range_short": 13.830998420715332,
  "lowpass_true_peak_15khz": -2.517346143722534,
  "mastering3_acoustic_entropies": [
    {
      "acoustic_entropy": 10.949446678161621,
      "acoustic_entropy_mono": 10.949299812316895,
      "band_eliminated_acoustic_entropies": [
        {
          "acoustic_entropy": 11.1173095703125,
          "acoustic_entropy_side": 10.949447631835938,
          "hz": 129.47220167065723
        },
        {
          "acoustic_entropy": 10.272881507873535,
          "acoustic_entropy_side": 10.94945240020752,
          "hz": 202.92927478742237
        },
        {
          "acoustic_entropy": 11.152856826782227,
          "acoustic_entropy_side": 10.949447631835938,
          "hz": 282.89161906338205
        },
        {
          "acoustic_entropy": 11.055036544799805,
          "acoustic_entropy_side": 10.949446678161621,
          "hz": 369.9353335868758
        },
        {
          "acoustic_entropy": 9.720091819763184,
          "acoustic_entropy_side": 10.949446678161621,
          "hz": 464.6875360973435
        },
        {
          "acoustic_entropy": 9.924981117248535,
          "acoustic_entropy_side": 10.949446678161621,
          "hz": 567.8308811364784
        },
        {
          "acoustic_entropy": 10.798218727111816,
          "acoustic_entropy_side": 10.949447631835938,
          "hz": 680.1084783214808
        },
        {
          "acoustic_entropy": 10.23853588104248,
          "acoustic_entropy_side": 10.949445724487305,
          "hz": 802.3292461747484
        },
        {
          "acoustic_entropy": 10.647603988647461,
          "acoustic_entropy_side": 10.949448585510254,
          "hz": 935.3737400823702
        },
        {
          "acoustic_entropy": 10.550832748413086,
          "acoustic_entropy_side": 10.94945240020752,
          "hz": 1080.2004963696966
        },
        {
          "acoustic_entropy": 10.275687217712402,
          "acoustic_entropy_side": 10.949447631835938,
          "hz": 1237.8529382007157
        },
        {
          "acoustic_entropy": 11.003454208374023,
          "acoustic_entropy_side": 10.949445724487305,
          "hz": 1409.4668930556702
        },
        {
          "acoustic_entropy": 10.075812339782715,
          "acoustic_entropy_side": 10.949450492858887,
          "hz": 1596.2787759475705
        },
        {
          "acoustic_entropy": 10.366116523742676,
          "acoustic_entropy_side": 10.949463844299316,
          "hz": 1799.6344973346393
        },
        {
          "acoustic_entropy": 10.196573257446289,
          "acoustic_entropy_side": 10.949447631835938,
          "hz": 2020.9991599069049
        },
        {
          "acoustic_entropy": 10.4389009475708,
          "acoustic_entropy_side": 10.949445724487305,
          "hz": 2261.9676141086993
        },
        {
          "acoustic_entropy": 10.548759460449219,
          "acoustic_entropy_side": 10.949445724487305,
          "hz": 2524.2759484456974
        },
        {
          "acoustic_entropy": 10.633448600769043,
          "acoustic_entropy_side": 10.949446678161621,
          "hz": 2809.813997359896
        },
        {
          "acoustic_entropy": 10.247578620910645,
          "acoustic_entropy_side": 10.94946575164795,
          "hz": 3120.6389567871424
        },
        {
          "acoustic_entropy": 10.747049331665039,
          "acoustic_entropy_side": 10.949447631835938,
          "hz": 3458.990205492291
        },
        {
          "acoustic_entropy": 10.542006492614746,
          "acoustic_entropy_side": 10.94942855834961,
          "hz": 3827.305438964164
        },
        {
          "acoustic_entropy": 10.991966247558594,
          "acoustic_entropy_side": 10.949464797973633,
          "hz": 4228.238232109126
        },
        {
          "acoustic_entropy": 10.894506454467773,
          "acoustic_entropy_side": 10.949448585510254,
          "hz": 4664.6771572759235
        },
        {
          "acoustic_entropy": 10.771234512329102,
          "acoustic_entropy_side": 10.949444770812988,
          "hz": 5139.766595350093
        },
        {
          "acoustic_entropy": 10.841083526611328,
          "acoustic_entropy_side": 10.949448585510254,
          "hz": 5656.929389854203
        },
        {
          "acoustic_entropy": 10.845897674560547,
          "acoustic_entropy_side": 10.949445724487305,
          "hz": 6219.891507268283
        },
        {
          "acoustic_entropy": 10.787384986877441,
          "acoustic_entropy_side": 10.949442863464355,
          "hz": 6832.70888123896
        },
        {
          "acoustic_entropy": 10.81984806060791,
          "acoustic_entropy_side": 10.949441909790039,
          "hz": 7499.796634079867
        },
        {
          "acoustic_entropy": 10.876873970031738,
          "acoustic_entropy_side": 10.949440956115723,
          "hz": 8225.96088609342
        },
        {
          "acoustic_entropy": 10.851248741149902,
          "acoustic_entropy_side": 10.949434280395508,
          "hz": 9016.43338188839
        },
        {
          "acoustic_entropy": 10.729125022888184,
          "acoustic_entropy_side": 10.949399948120117,
          "hz": 9876.909183162974
        },
        {
          "acoustic_entropy": 10.753108978271484,
          "acoustic_entropy_side": 10.9494047164917,
          "hz": 10813.587699516042
        },
        {
          "acoustic_entropy": 10.800780296325684,
          "acoustic_entropy_side": 10.94941234588623,
          "hz": 11833.21735289826
        },
        {
          "acoustic_entropy": 10.846824645996094,
          "acoustic_entropy_side": 10.949422836303711,
          "hz": 12943.144197493959
        },
        {
          "acoustic_entropy": 10.881712913513184,
          "acoustic_entropy_side": 10.949427604675293,
          "hz": 14151.364845322005
        },
        {
          "acoustic_entropy": 10.916007041931152,
          "acoustic_entropy_side": 10.949434280395508,
          "hz": 15466.58407886509
        },
        {
          "acoustic_entropy": 10.936012268066406,
          "acoustic_entropy_side": 10.949442863464355,
          "hz": 16898.27756580493
        },
        {
          "acoustic_entropy": 10.942880630493164,
          "acoustic_entropy_side": 10.949446678161621,
          "hz": 18456.760127700032
        },
        {
          "acoustic_entropy": 10.946897506713867,
          "acoustic_entropy_side": 10.949446678161621,
          "hz": 20153.260054456492
        },
        {
          "acoustic_entropy": 10.949190139770508,
          "acoustic_entropy_side": 10.949447631835938,
          "hz": 22000.00000000001
        }
      ],
      "diff_acoustic_entropy": 10.416455268859863,
      "sn": 6
    },
    {
      "acoustic_entropy": 14.36861515045166,
      "acoustic_entropy_mono": 14.36845588684082,
      "band_eliminated_acoustic_entropies": [
        {
          "acoustic_entropy": 14.794029235839844,
          "acoustic_entropy_side": 14.368608474731445,
          "hz": 129.47220167065723
        },
        {
          "acoustic_entropy": 13.705039978027344,
          "acoustic_entropy_side": 14.36856746673584,
          "hz": 202.92927478742237
        },
        {
          "acoustic_entropy": 14.819693565368652,
          "acoustic_entropy_side": 14.368614196777344,
          "hz": 282.89161906338205
        },
        {
          "acoustic_entropy": 15.53813648223877,
          "acoustic_entropy_side": 14.368616104125977,
          "hz": 369.9353335868758
        },
        {
          "acoustic_entropy": 13.870689392089844,
          "acoustic_entropy_side": 14.368609428405762,
          "hz": 464.6875360973435
        },
        {
          "acoustic_entropy": 14.05115032196045,
          "acoustic_entropy_side": 14.368612289428711,
          "hz": 567.8308811364784
        },
        {
          "acoustic_entropy": 14.977433204650879,
          "acoustic_entropy_side": 14.368608474731445,
          "hz": 680.1084783214808
        },
        {
          "acoustic_entropy": 13.463945388793945,
          "acoustic_entropy_side": 14.36860466003418,
          "hz": 802.3292461747484
        },
        {
          "acoustic_entropy": 14.874302864074707,
          "acoustic_entropy_side": 14.368636131286621,
          "hz": 935.3737400823702
        },
        {
          "acoustic_entropy": 14.276840209960938,
          "acoustic_entropy_side": 14.368685722351074,
          "hz": 1080.2004963696966
        },
        {
          "acoustic_entropy": 14.093976974487305,
          "acoustic_entropy_side": 14.368607521057129,
          "hz": 1237.8529382007157
        },
        {
          "acoustic_entropy": 13.924636840820312,
          "acoustic_entropy_side": 14.368550300598145,
          "hz": 1409.4668930556702
        },
        {
          "acoustic_entropy": 14.414222717285156,
          "acoustic_entropy_side": 14.368631362915039,
          "hz": 1596.2787759475705
        },
        {
          "acoustic_entropy": 14.042633056640625,
          "acoustic_entropy_side": 14.368744850158691,
          "hz": 1799.6344973346393
        },
        {
          "acoustic_entropy": 13.73066520690918,
          "acoustic_entropy_side": 14.368613243103027,
          "hz": 2020.9991599069049
        },
        {
          "acoustic_entropy": 14.510278701782227,
          "acoustic_entropy_side": 14.368794441223145,
          "hz": 2261.9676141086993
        },
        {
          "acoustic_entropy": 14.367332458496094,
          "acoustic_entropy_side": 14.368653297424316,
          "hz": 2524.2759484456974
        },
        {
          "acoustic_entropy": 14.345985412597656,
          "acoustic_entropy_side": 14.36874008178711,
          "hz": 2809.813997359896
        },
        {
          "acoustic_entropy": 12.775172233581543,
          "acoustic_entropy_side": 14.368186950683594,
          "hz": 3120.6389567871424
        },
        {
          "acoustic_entropy": 14.289689064025879,
          "acoustic_entropy_side": 14.368636131286621,
          "hz": 3458.990205492291
        },
        {
          "acoustic_entropy": 14.356707572937012,
          "acoustic_entropy_side": 14.368788719177246,
          "hz": 3827.305438964164
        },
        {
          "acoustic_entropy": 14.726956367492676,
          "acoustic_entropy_side": 14.368796348571777,
          "hz": 4228.238232109126
        },
        {
          "acoustic_entropy": 14.450270652770996,
          "acoustic_entropy_side": 14.368643760681152,
          "hz": 4664.6771572759235
        },
        {
          "acoustic_entropy": 14.349422454833984,
          "acoustic_entropy_side": 14.368616104125977,
          "hz": 5139.766595350093
        },
        {
          "acoustic_entropy": 14.35551643371582,
          "acoustic_entropy_side": 14.36859130859375,
          "hz": 5656.929389854203
        },
        {
          "acoustic_entropy": 14.372954368591309,
          "acoustic_entropy_side": 14.368606567382812,
          "hz": 6219.891507268283
        },
        {
          "acoustic_entropy": 14.343240737915039,
          "acoustic_entropy_side": 14.368593215942383,
          "hz": 6832.70888123896
        },
        {
          "acoustic_entropy": 14.347918510437012,
          "acoustic_entropy_side": 14.3685941696167,
          "hz": 7499.796634079867
        },
        {
          "acoustic_entropy": 14.349987030029297,
          "acoustic_entropy_side": 14.3685941696167,
          "hz": 8225.96088609342
        },
        {
          "acoustic_entropy": 14.31753921508789,
          "acoustic_entropy_side": 14.368570327758789,
          "hz": 9016.43338188839
        },
        {
          "acoustic_entropy": 14.253894805908203,
          "acoustic_entropy_side": 14.368646621704102,
          "hz": 9876.909183162974
        },
        {
          "acoustic_entropy": 14.230581283569336,
          "acoustic_entropy_side": 14.3685302734375,
          "hz": 10813.587699516042
        },
        {
          "acoustic_entropy": 14.269333839416504,
          "acoustic_entropy_side": 14.368500709533691,
          "hz": 11833.21735289826
        },
        {
          "acoustic_entropy": 14.273173332214355,
          "acoustic_entropy_side": 14.368474006652832,
          "hz": 12943.144197493959
        },
        {
          "acoustic_entropy": 14.303731918334961,
          "acoustic_entropy_side": 14.36857795715332,
          "hz": 14151.364845322005
        },
        {
          "acoustic_entropy": 14.327298164367676,
          "acoustic_entropy_side": 14.368610382080078,
          "hz": 15466.58407886509
        },
        {
          "acoustic_entropy": 14.343513488769531,
          "acoustic_entropy_side": 14.368626594543457,
          "hz": 16898.27756580493
        },
        {
          "acoustic_entropy": 14.348057746887207,
          "acoustic_entropy_side": 14.368619918823242,
          "hz": 18456.760127700032
        },
        {
          "acoustic_entropy": 14.352991104125977,
          "acoustic_entropy_side": 14.36861801147461,
          "hz": 20153.260054456492
        },
        {
          "acoustic_entropy": 14.368192672729492,
          "acoustic_entropy_side": 14.368618965148926,
          "hz": 22000.00000000001
        }
      ],
      "diff_acoustic_entropy": 14.554576873779297,
      "sn": 12
    },
    {
      "acoustic_entropy": 18.205524444580078,
      "acoustic_entropy_mono": 18.32856559753418,
      "band_eliminated_acoustic_entropies": [
        {
          "acoustic_entropy": 17.874523162841797,
          "acoustic_entropy_side": 18.204586029052734,
          "hz": 129.47220167065723
        },
        {
          "acoustic_entropy": 18.32343101501465,
          "acoustic_entropy_side": 18.206729888916016,
          "hz": 202.92927478742237
        },
        {
          "acoustic_entropy": 18.703672409057617,
          "acoustic_entropy_side": 18.2053279876709,
          "hz": 282.89161906338205
        },
        {
          "acoustic_entropy": 18.169694900512695,
          "acoustic_entropy_side": 18.20529556274414,
          "hz": 369.9353335868758
        },
        {
          "acoustic_entropy": 17.350950241088867,
          "acoustic_entropy_side": 18.20429801940918,
          "hz": 464.6875360973435
        },
        {
          "acoustic_entropy": 18.95830535888672,
          "acoustic_entropy_side": 18.204689025878906,
          "hz": 567.8308811364784
        },
        {
          "acoustic_entropy": 17.9525203704834,
          "acoustic_entropy_side": 18.20532989501953,
          "hz": 680.1084783214808
        },
        {
          "acoustic_entropy": 18.157222747802734,
          "acoustic_entropy_side": 18.203824996948242,
          "hz": 802.3292461747484
        },
        {
          "acoustic_entropy": 18.19166374206543,
          "acoustic_entropy_side": 18.205968856811523,
          "hz": 935.3737400823702
        },
        {
          "acoustic_entropy": 18.4841251373291,
          "acoustic_entropy_side": 18.208932876586914,
          "hz": 1080.2004963696966
        },
        {
          "acoustic_entropy": 17.734699249267578,
          "acoustic_entropy_side": 18.202648162841797,
          "hz": 1237.8529382007157
        },
        {
          "acoustic_entropy": 17.580097198486328,
          "acoustic_entropy_side": 18.202791213989258,
          "hz": 1409.4668930556702
        },
        {
          "acoustic_entropy": 19.179170608520508,
          "acoustic_entropy_side": 18.21875,
          "hz": 1596.2787759475705
        },
        {
          "acoustic_entropy": 18.005586624145508,
          "acoustic_entropy_side": 18.197956085205078,
          "hz": 1799.6344973346393
        },
        {
          "acoustic_entropy": 18.52167510986328,
          "acoustic_entropy_side": 18.2021427154541,
          "hz": 2020.9991599069049
        },
        {
          "acoustic_entropy": 18.21759796142578,
          "acoustic_entropy_side": 18.216617584228516,
          "hz": 2261.9676141086993
        },
        {
          "acoustic_entropy": 18.22420310974121,
          "acoustic_entropy_side": 18.199892044067383,
          "hz": 2524.2759484456974
        },
        {
          "acoustic_entropy": 17.819355010986328,
          "acoustic_entropy_side": 18.213178634643555,
          "hz": 2809.813997359896
        },
        {
