{
  "acoustic_entropy": 232.68698120117188,
  "bands": [
    {
      "high_freq": 148.1999969482422,
      "loudness": -19.199304580688477,
      "loudness_range": 10.343421936035156,
      "mid_mean": -15.57903003692627,
      "mid_to_side_loudness": -18.96445655822754,
      "mid_to_side_loudness_range": 23.5817928314209,
      "side_mean": -35.34003448486328
    },
    {
      "high_freq": 392.3793640136719,
      "loudness": -18.992877960205078,
      "loudness_range": 7.832768440246582,
      "low_freq": 148.1999969482422,
      "mid_mean": -16.142318725585938,
      "mid_to_side_loudness": -7.836503505706787,
      "mid_to_side_loudness_range": 11.0173978805542,
      "side_mean": -24.10196876525879
    },
    {
      "high_freq": 794.6976318359375,
      "loudness": -21.114282608032227,
      "loudness_range": 9.8511381149292,
      "low_freq": 392.3793640136719,
      "mid_mean": -18.85314178466797,
      "mid_to_side_loudness": -5.171730041503906,
      "mid_to_side_loudness_range": 11.367663383483887,
      "side_mean": -24.120065689086914
    },
    {
      "high_freq": 1457.5709228515625,
      "loudness": -24.332475662231445,
      "loudness_range": 11.199338912963867,
      "low_freq": 794.6976318359375,
      "mid_mean": -22.518455505371094,
      "mid_to_side_loudness": -3.26574444770813,
      "mid_to_side_loudness_range": 9.751988410949707,
      "side_mean": -25.897920608520508
    },
    {
      "high_freq": 2549.74365234375,
      "loudness": -21.43740463256836,
      "loudness_range": 10.507549285888672,
      "low_freq": 1457.5709228515625,
      "mid_mean": -19.560476303100586,
      "mid_to_side_loudness": -3.510315179824829,
      "mid_to_side_loudness_range": 9.370469093322754,
      "side_mean": -23.152799606323242
    },
    {
      "high_freq": 4349.24462890625,
      "loudness": -21.286697387695312,
      "loudness_range": 10.410013198852539,
      "low_freq": 2549.74365234375,
      "mid_mean": -19.711280822753906,
      "mid_to_side_loudness": -2.741673469543457,
      "mid_to_side_loudness_range": 10.02644157409668,
      "side_mean": -22.511837005615234
    },
    {
      "high_freq": 7314.1640625,
      "loudness": -20.831186294555664,
      "loudness_range": 10.841850280761719,
      "low_freq": 4349.24462890625,
      "mid_mean": -18.985200881958008,
      "mid_to_side_loudness": -4.135860443115234,
      "mid_to_side_loudness_range": 13.480985641479492,
      "side_mean": -23.252342224121094
    },
    {
      "high_freq": 12199.2666015625,
      "loudness": -22.5576229095459,
      "loudness_range": 10.620344161987305,
      "low_freq": 7314.1640625,
      "mid_mean": -20.30014991760254,
      "mid_to_side_loudness": -5.65553617477417,
      "mid_to_side_loudness_range": 13.869565963745117,
      "side_mean": -26.160978317260742
    },
    {
      "loudness": -27.250516891479492,
      "loudness_range": 9.241111755371094,
      "low_freq": 12199.2666015625,
      "mid_mean": -24.75373649597168,
      "mid_to_side_loudness": -5.939891338348389,
      "mid_to_side_loudness_range": 10.321857452392578,
      "side_mean": -30.99228286743164
    }
  ],
  "bands_short": [
    {
      "high_freq": 148.1999969482422,
      "loudness": -21.469528198242188,
      "loudness_range": 23.259220123291016,
      "mid_mean": -17.815019607543945,
      "mid_to_side_loudness": -19.393320083618164,
      "mid_to_side_loudness_range": 28.498781204223633,
      "side_mean": -38.708396911621094
    },
    {
      "high_freq": 392.3793640136719,
      "loudness": -19.62115478515625,
      "loudness_range": 12.180862426757812,
      "low_freq": 148.1999969482422,
      "mid_mean": -16.892724990844727,
      "mid_to_side_loudness": -8.426515579223633,
      "mid_to_side_loudness_range": 16.409936904907227,
      "side_mean": -25.47801399230957
    },
    {
      "high_freq": 794.6976318359375,
      "loudness": -21.163860321044922,
      "loudness_range": 11.646810531616211,
      "low_freq": 392.3793640136719,
      "mid_mean": -19.193815231323242,
      "mid_to_side_loudness": -4.8942670822143555,
      "mid_to_side_loudness_range": 15.197826385498047,
      "side_mean": -24.20295524597168
    },
    {
      "high_freq": 1457.5709228515625,
      "loudness": -24.816152572631836,
      "loudness_range": 12.827436447143555,
      "low_freq": 794.6976318359375,
      "mid_mean": -23.333255767822266,
      "mid_to_side_loudness": -3.0632665157318115,
      "mid_to_side_loudness_range": 13.740373611450195,
      "side_mean": -26.478925704956055
    },
    {
      "high_freq": 2549.74365234375,
      "loudness": -22.1742000579834,
      "loudness_range": 13.064215660095215,
      "low_freq": 1457.5709228515625,
      "mid_mean": -20.675033569335938,
      "mid_to_side_loudness": -3.0081052780151367,
      "mid_to_side_loudness_range": 12.822729110717773,
      "side_mean": -23.76058578491211
    },
    {
      "high_freq": 4349.24462890625,
      "loudness": -21.868282318115234,
      "loudness_range": 13.202722549438477,
      "low_freq": 2549.74365234375,
      "mid_mean": -20.583560943603516,
      "mid_to_side_loudness": -2.299346923828125,
      "mid_to_side_loudness_range": 11.3462553024292,
      "side_mean": -22.894559860229492
    },
    {
      "high_freq": 7314.1640625,
      "loudness": -21.650245666503906,
      "loudness_range": 13.845961570739746,
      "low_freq": 4349.24462890625,
      "mid_mean": -20.03661346435547,
      "mid_to_side_loudness": -3.702821731567383,
      "mid_to_side_loudness_range": 14.342049598693848,
      "side_mean": -23.887611389160156
    },
    {
      "high_freq": 12199.2666015625,
      "loudness": -23.766035079956055,
      "loudness_range": 14.66547966003418,
      "low_freq": 7314.1640625,
      "mid_mean": -21.780729293823242,
      "mid_to_side_loudness": -5.1904425621032715,
      "mid_to_side_loudness_range": 15.860217094421387,
      "side_mean": -27.18224334716797
    },
    {
      "loudness": -29.1212158203125,
      "loudness_range": 17.093217849731445,
      "low_freq": 12199.2666015625,
      "mid_mean": -26.934368133544922,
      "mid_to_side_loudness": -5.584246635437012,
      "mid_to_side_loudness_range": 14.949594497680664,
      "side_mean": -32.672386169433594
    }
  ],
  "bandwidth": 729.4641723632812,
  "channels": 2,
  "covariance": [
    [
      32.774070739746094,
      6.181426525115967,
      4.169706344604492,
      2.2822256088256836,
      3.533977746963501,
      6.787480354309082,
      8.85599422454834,
      8.05217170715332,
      6.316557884216309,
      8.018174171447754,
      7.921023368835449,
      11.529587745666504,
      6.907955169677734,
      15.232213973999023,
      4.070068359375,
      13.13760757446289,
      6.538356304168701,
      18.214181900024414
    ],
    [
      6.181426525115967,
      20.200485229492188,
      0.08878147602081299,
      1.3452162742614746,
      0.7450710535049438,
      2.785259962081909,
      3.736008882522583,
      3.6100220680236816,
      1.2601184844970703,
      4.083853244781494,
      3.0588319301605225,
      5.387697696685791,
      1.672521710395813,
      6.653873920440674,
      -0.32970061898231506,
      6.228416919708252,
      0.02152479626238346,
      4.341039180755615
    ],
    [
      4.169706344604492,
      0.08878147602081299,
      12.37519359588623,
      2.5821001529693604,
      3.048522710800171,
      2.6955323219299316,
      0.4098148047924042,
      -0.06073679402470589,
      2.6148266792297363,
      -0.7092152833938599,
      2.3992602825164795,
      -0.8707593083381653,
      4.7812347412109375,
      -0.47572270035743713,
      5.651325225830078,
      0.11828664690256119,
      2.2016520500183105,
      2.392552137374878
    ],
    [
      2.2822256088256836,
      1.3452162742614746,
      2.5821001529693604,
      8.073232650756836,
      3.2715961933135986,
      4.252699375152588,
      3.1690540313720703,
      3.7458512783050537,
      3.141953706741333,
      3.833113431930542,
      3.2485814094543457,
      4.779557228088379,
      3.197223663330078,
      4.701900959014893,
      2.4911558628082275,
      5.118353366851807,
      1.5697214603424072,
      4.478738784790039
    ],
    [
      3.533977746963501,
      0.7450710535049438,
      3.048522710800171,
      3.2715961933135986,
      19.038982391357422,
      6.523193359375,
      12.098559379577637,
      5.439186096191406,
      5.834996700286865,
      4.5833306312561035,
      5.519827842712402,
      5.605611801147461,
      4.52095890045166,
      5.804765224456787,
      5.962640762329102,
      5.792273998260498,
      4.560561180114746,
      6.40432071685791
    ],
    [
      6.787480354309082,
      2.785259962081909,
      2.6955323219299316,
      4.252699375152588,
      6.523193359375,
      11.42566967010498,
      8.017621040344238,
      8.045191764831543,
      6.9013543128967285,
      8.650242805480957,
      7.316263675689697,
      10.20777702331543,
      6.698793411254883,
      10.788172721862793,
      5.576682090759277,
      10.473812103271484,
      4.497325897216797,
      10.06344223022461
    ],
    [
      8.85599422454834,
      3.736008882522583,
      0.4098148047924042,
      3.1690540313720703,
      12.098559379577637,
      8.017621040344238,
      20.04126739501953,
      11.225666046142578,
      9.389994621276855,
      10.91159725189209,
      9.408284187316895,
      13.578446388244629,
      6.936204433441162,
      14.6444673538208,
      5.620485782623291,
      12.882295608520508,
      6.290250778198242,
      12.493562698364258
    ],
    [
      8.05217170715332,
      3.6100220680236816,
      -0.06073679402470589,
      3.7458512783050537,
      5.439186096191406,
      8.045191764831543,
      11.225666046142578,
      14.87263011932373,
      8.939223289489746,
      13.817106246948242,
      9.288846969604492,
      16.540233612060547,
      6.854260444641113,
      17.220687866210938,
      5.246306419372559,
      15.157214164733887,
      5.5922017097473145,
      13.019621849060059
    ],
    [
      6.316557884216309,
      1.2601184844970703,
      2.6148266792297363,
      3.141953706741333,
      5.834996700286865,
      6.9013543128967285,
      9.389994621276855,
      8.939223289489746,
      17.04568862915039,
      11.866312980651855,
      12.306426048278809,
      13.780601501464844,
      10.606475830078125,
      14.749428749084473,
      8.352734565734863,
      12.250408172607422,
      6.248438835144043,
      9.82217788696289
    ],
    [
      8.018174171447754,
      4.083853244781494,
      -0.7092152833938599,
      3.833113431930542,
      4.5833306312561035,
      8.650242805480957,
      10.91159725189209,
      13.817106246948242,
      11.866312980651855,
      19.040719985961914,
      11.702614784240723,
      21.42494010925293,
      8.336862564086914,
      21.709474563598633,
      6.181737899780273,
      17.906902313232422,
      5.8071489334106445,
      13.917052268981934
    ],
    [
      7.921023368835449,
      3.0588319301605225,
      2.3992602825164795,
      3.2485814094543457,
      5.519827842712402,
      7.316263675689697,
      9.408284187316895,
      9.288846969604492,
      12.306426048278809,
      11.702614784240723,
      14.52031135559082,
      15.08713436126709,
      11.139241218566895,
      16.707862854003906,
      8.17856502532959,
      13.942840576171875,
      6.943546772003174,
      11.516253471374512
    ],
    [
      11.529587745666504,
      5.387697696685791,
      -0.8707593083381653,
      4.779557228088379,
      5.605611801147461,
      10.20777702331543,
      13.578446388244629,
      16.540233612060547,
      13.780601501464844,
      21.42494010925293,
      15.08713436126709,
      28.6839656829834,
      11.255890846252441,
      30.572477340698242,
      8.045808792114258,
      25.5776424407959,
      8.215394973754883,
      20.23552131652832
    ],
    [
      6.907955169677734,
      1.672521710395813,
      4.7812347412109375,
      3.197223663330078,
      4.52095890045166,
      6.698793411254883,
      6.936204433441162,
      6.854260444641113,
      10.606475830078125,
      8.336862564086914,
      11.139241218566895,
      11.255890846252441,
      14.465677261352539,
      14.281084060668945,
      11.738929748535156,
      12.596632957458496,
      7.346612453460693,
      11.402630805969238
    ],
    [
      15.232213973999023,
      6.653873920440674,
      -0.47572270035743713,
      4.701900959014893,
      5.804765224456787,
      10.788172721862793,
      14.6444673538208,
      17.220687866210938,
      14.749428749084473,
      21.709474563598633,
      16.707862854003906,
      30.572477340698242,
      14.281084060668945,
      38.22970199584961,
      10.188178062438965,
      32.44565200805664,
      9.798822402954102,
      25.714086532592773
    ],
    [
      4.070068359375,
      -0.32970061898231506,
      5.651325225830078,
      2.4911558628082275,
      5.962640762329102,
      5.576682090759277,
      5.620485782623291,
      5.246306419372559,
      8.352734565734863,
      6.181737899780273,
      8.17856502532959,
      8.045808792114258,
      11.738929748535156,
      10.188178062438965,
      16.897716522216797,
      10.895503044128418,
      10.499841690063477,
      11.103680610656738
    ],
    [
      13.13760757446289,
      6.228416919708252,
      0.11828664690256119,
      5.118353366851807,
      5.792273998260498,
      10.473812103271484,
      12.882295608520508,
      15.157214164733887,
      12.250408172607422,
      17.906902313232422,
      13.942840576171875,
      25.5776424407959,
      12.596632957458496,
      32.44565200805664,
      10.895503044128418,
      33.1920051574707,
      10.218249320983887,
      26.54377555847168
    ],
    [
      6.538356304168701,
      0.02152479626238346,
      2.2016520500183105,
      1.5697214603424072,
      4.560561180114746,
      4.497325897216797,
      6.290250778198242,
      5.5922017097473145,
      6.248438835144043,
      5.8071489334106445,
      6.943546772003174,
      8.215394973754883,
      7.346612453460693,
      9.798822402954102,
      10.499841690063477,
      10.218249320983887,
      14.698113441467285,
      13.93764591217041
    ],
    [
      18.214181900024414,
      4.341039180755615,
      2.392552137374878,
      4.478738784790039,
      6.40432071685791,
      10.06344223022461,
      12.493562698364258,
      13.019621849060059,
      9.82217788696289,
      13.917052268981934,
      11.516253471374512,
      20.23552131652832,
      11.402630805969238,
      25.714086532592773,
      11.103680610656738,
      26.54377555847168,
      13.93764591217041,
      33.294715881347656
    ]
  ],
  "covariance_short": [
    [
      58.6298828125,
      14.609678268432617,
      8.207409858703613,
      1.1708219051361084,
      5.6743645668029785,
      6.305201053619385,
      9.758017539978027,
      8.162537574768066,
      9.201449394226074,
      8.626043319702148,
      11.297143936157227,
      13.546163558959961,
      10.465683937072754,
      17.460620880126953,
      6.087322235107422,
      13.703590393066406,
      8.674351692199707,
      19.719371795654297
    ],
    [
      14.609678268432617,
      33.895809173583984,
      0.07869790494441986,
      3.4822919368743896,
      1.0659509897232056,
      4.128371238708496,
      3.909714937210083,
      4.959300994873047,
      1.3736228942871094,
      5.116188049316406,
      4.04378604888916,
      6.795246601104736,
      2.891751527786255,
      9.075718879699707,
      2.0299291610717773,
      8.813968658447266,
      4.380224227905273,
      8.804784774780273
    ],
    [
      8.207409858703613,
      0.07869790494441986,
      25.337919235229492,
      5.260576248168945,
      5.886711597442627,
      3.6566543579101562,
      3.7448809146881104,
      1.887710690498352,
      6.647101402282715,
      1.0874377489089966,
      6.944386959075928,
      2.1073288917541504,
      9.2081880569458,
      3.98644757270813,
      8.975301742553711,
      3.978952646255493,
      6.774223804473877,
      8.090669631958008
    ],
    [
      1.1708219051361084,
      3.4822919368743896,
      5.260576248168945,
      17.600732803344727,
      4.115468502044678,
      7.450902462005615,
      4.1506476402282715,
      5.885371208190918,
      5.176517009735107,
      5.682322025299072,
      5.780965805053711,
      6.562194347381592,
      5.381283760070801,
      6.92490816116333,
      4.908133506774902,
      7.7843546867370605,
      4.73281192779541,
      8.46408462524414
    ],
    [
      5.6743645668029785,
      1.0659509897232056,
      5.886711597442627,
      4.115468502044678,
      26.545848846435547,
      7.8085408210754395,
      15.640110969543457,
      6.0748724937438965,
      9.8889799118042,
      5.56648588180542,
      9.754539489746094,
      7.303702354431152,
      8.652823448181152,
      8.311569213867188,
      9.909107208251953,
      8.754213333129883,
      10.38428020477295,
      11.139278411865234
    ],
    [
      6.305201053619385,
      4.128371238708496,
      3.6566543579101562,
      7.450902462005615,
      7.8085408210754395,
      17.768478393554688,
      8.914421081542969,
      10.380931854248047,
      8.45964527130127,
      10.298989295959473,
      9.269990921020508,
      11.291312217712402,
      8.0281343460083,
      12.201396942138672,
      7.976090431213379,
      12.681124687194824,
      8.564303398132324,
      14.783028602600098
    ],
    [
      9.758017539978027,
      3.909714937210083,
      3.7448809146881104,
      4.1506476402282715,
      15.640110969543457,
      8.914421081542969,
      29.014358520507812,
      13.617147445678711,
      15.312407493591309,
      13.128379821777344,
      15.646065711975098,
      16.843692779541016,
      12.495384216308594,
      18.57367515563965,
      11.833619117736816,
      17.95205307006836,
      14.586042404174805,
      20.13310432434082
    ],
    [
      8.162537574768066,
      4.959300994873047,
      1.887710690498352,
      5.885371208190918,
      6.0748724937438965,
      10.380931854248047,
      13.617147445678711,
      21.79245948791504,
      12.2522611618042,
      16.412973403930664,
      13.060389518737793,
      19.333768844604492,
      10.272686958312988,
      20.56736946105957,
      9.57064151763916,
      19.77457046508789,
      11.295730590820312,
      19.966886520385742
    ],
    [
      9.201449394226074,
      1.3736228942871094,
      6.647101402282715,
      5.176517009735107,
      9.8889799118042,
      8.45964527130127,
      15.312407493591309,
      12.2522611618042,
      29.59678077697754,
      16.725730895996094,
      21.74305534362793,
      19.72669792175293,
      18.534526824951172,
      21.707876205444336,
      16.399118423461914,
      19.846206665039062,
      15.48411750793457,
      19.265869140625
    ],
    [
      8.626043319702148,
      5.116188049316406,
      1.0874377489089966,
      5.682322025299072,
      5.56648588180542,
      10.298989295959473,
      13.128379821777344,
      16.412973403930664,
      16.725730895996094,
      25.29423713684082,
      16.619766235351562,
      25.44500732421875,
      12.333958625793457,
      26.141939163208008,
      10.655400276184082,
      23.49062728881836,
      12.07101821899414,
      22.23874855041504
    ],
    [
      11.297143936157227,
      4.04378604888916,
      6.944386959075928,
      5.780965805053711,
      9.754539489746094,
      9.269990921020508,
      15.646065711975098,
      13.060389518737793,
      21.74305534362793,
      16.619766235351562,
      26.9338436126709,
      22.448450088500977,
      21.45950698852539,
      25.399749755859375,
      18.476438522338867,
      23.55147933959961,
      18.718568801879883,
      23.056583404541016
    ],
    [
      13.546163558959961,
      6.795246601104736,
      2.1073288917541504,
      6.562194347381592,
      7.303702354431152,
      11.291312217712402,
      16.843692779541016,
      19.333768844604492,
      19.72669792175293,
      25.44500732421875,
      22.448450088500977,
      36.78267288208008,
      17.714818954467773,
      37.85544967651367,
      15.087101936340332,
      34.24747085571289,
      16.871814727783203,
      31.664350509643555
    ],
    [
      10.465683937072754,
      2.891751527786255,
      9.2081880569458,
      5.381283760070801,
      8.652823448181152,
      8.0281343460083,
      12.495384216308594,
      10.272686958312988,
      18.534526824951172,
      12.333958625793457,
      21.45950698852539,
      17.714818954467773,
      27.371248245239258,
      23.113943099975586,
      23.86602783203125,
      22.743289947509766,
      20.105188369750977,
      23.48910140991211
    ],
    [
      17.460620880126953,
      9.075718879699707,
      3.98644757270813,
      6.92490816116333,
      8.311569213867188,
      12.201396942138672,
      18.57367515563965,
      20.56736946105957,
      21.707876205444336,
      26.141939163208008,
      25.399749755859375,
      37.85544967651367,
      23.113943099975586,
      49.268924713134766,
      19.72190284729004,
      44.518760681152344,
      21.16130256652832,
      41.01509094238281
    ],
    [
      6.087322235107422,
      2.0299291610717773,
      8.975301742553711,
      4.908133506774902,
      9.909107208251953,
      7.976090431213379,
      11.833619117736816,
      9.57064151763916,
      16.399118423461914,
      10.655400276184082,
      18.476438522338867,
      15.087101936340332,
      23.86602783203125,
      19.72190284729004,
      33.81055450439453,
      23.46031379699707,
      28.165603637695312,
      26.094768524169922
    ],
    [
      13.703590393066406,
      8.813968658447266,
      3.978952646255493,
      7.7843546867370605,
      8.754213333129883,
      12.681124687194824,
      17.95205307006836,
      19.77457046508789,
      19.846206665039062,
      23.49062728881836,
      23.55147933959961,
      34.24747085571289,
      22.743289947509766,
      44.518760681152344,
      23.46031379699707,
      50.71351623535156,
      25.393383026123047,
      46.43373107910156
    ],
    [
      8.674351692199707,
      4.380224227905273,
      6.774223804473877,
      4.73281192779541,
      10.38428020477295,
      8.564303398132324,
      14.586042404174805,
      11.295730590820312,
      15.48411750793457,
      12.07101821899414,
      18.718568801879883,
      16.871814727783203,
      20.105188369750977,
      21.16130256652832,
      28.165603637695312,
      25.393383026123047,
      42.251529693603516,
      35.16656494140625
    ],
    [
      19.719371795654297,
      8.804784774780273,
      8.090669631958008,
      8.46408462524414,
      11.139278411865234,
      14.783028602600098,
      20.13310432434082,
      19.966886520385742,
      19.265869140625,
      22.23874855041504,
      23.056583404541016,
      31.664350509643555,
      23.48910140991211,
      41.01509094238281,
      26.094768524169922,
      46.43373107910156,
      35.16656494140625,
      63.519317626953125
    ]
  ],
  "damage": -4.508881092071533,
  "diff_bandwidth": 673.9158325195312,
  "dissonance": 11.148779365706044,
  "drr": 5.618717670440674,
  "dynamics": 2.190300226211548,
  "format": 1245190,
  "frames": 11161600,
  "loudness": -7.728238582611084,
  "loudness_range": 4.795600891113281,
  "loudness_range_short": 7.145676136016846,
  "lowpass_true_peak_15khz": 1.2303084135055542,
  "mastering3_acoustic_entropies": [
    {
      "acoustic_entropy": 7.604297161102295,
      "acoustic_entropy_mono": 6.795011043548584,
      "band_eliminated_acoustic_entropies": [
        {
          "acoustic_entropy": 7.7493791580200195,
          "acoustic_entropy_side": 7.604348659515381,
          "hz": 129.47220167065723
        },
        {
          "acoustic_entropy": 7.43842887878418,
          "acoustic_entropy_side": 7.604034900665283,
          "hz": 202.92927478742237
        },
        {
          "acoustic_entropy": 7.577723503112793,
          "acoustic_entropy_side": 7.644789695739746,
          "hz": 282.89161906338205
        },
        {
          "acoustic_entropy": 7.983408451080322,
          "acoustic_entropy_side": 7.61502742767334,
          "hz": 369.9353335868758
        },
        {
          "acoustic_entropy": 7.559723377227783,
          "acoustic_entropy_side": 7.588863849639893,
          "hz": 464.6875360973435
        },
        {
          "acoustic_entropy": 8.299159049987793,
          "acoustic_entropy_side": 7.776276111602783,
          "hz": 567.8308811364784
        },
        {
          "acoustic_entropy": 7.775293350219727,
          "acoustic_entropy_side": 7.586740016937256,
          "hz": 680.1084783214808
        },
        {
          "acoustic_entropy": 7.383639335632324,
          "acoustic_entropy_side": 7.567600250244141,
          "hz": 802.3292461747484
        },
        {
          "acoustic_entropy": 7.9857048988342285,
          "acoustic_entropy_side": 7.597525596618652,
          "hz": 935.3737400823702
        },
        {
          "acoustic_entropy": 7.676508903503418,
          "acoustic_entropy_side": 7.663314342498779,
          "hz": 1080.2004963696966
        },
        {
          "acoustic_entropy": 7.492243766784668,
          "acoustic_entropy_side": 7.455320835113525,
          "hz": 1237.8529382007157
        },
        {
          "acoustic_entropy": 7.5811285972595215,
          "acoustic_entropy_side": 7.543875694274902,
          "hz": 1409.4668930556702
        },
        {
          "acoustic_entropy": 8.057292938232422,
          "acoustic_entropy_side": 7.615058898925781,
          "hz": 1596.2787759475705
        },
        {
          "acoustic_entropy": 7.943050861358643,
          "acoustic_entropy_side": 7.644015789031982,
          "hz": 1799.6344973346393
        },
        {
          "acoustic_entropy": 8.025178909301758,
          "acoustic_entropy_side": 7.565793514251709,
          "hz": 2020.9991599069049
        },
        {
          "acoustic_entropy": 7.454563617706299,
          "acoustic_entropy_side": 7.453980445861816,
          "hz": 2261.9676141086993
        },
        {
          "acoustic_entropy": 7.517969608306885,
          "acoustic_entropy_side": 7.598996162414551,
          "hz": 2524.2759484456974
        },
        {
          "acoustic_entropy": 7.40826940536499,
          "acoustic_entropy_side": 7.646533966064453,
          "hz": 2809.813997359896
        },
        {
          "acoustic_entropy": 7.925072193145752,
          "acoustic_entropy_side": 7.616921424865723,
          "hz": 3120.6389567871424
        },
        {
          "acoustic_entropy": 7.8546037673950195,
          "acoustic_entropy_side": 7.494382381439209,
          "hz": 3458.990205492291
        },
        {
          "acoustic_entropy": 7.712920665740967,
          "acoustic_entropy_side": 7.475737571716309,
          "hz": 3827.305438964164
        },
        {
          "acoustic_entropy": 7.903838634490967,
          "acoustic_entropy_side": 7.639714241027832,
          "hz": 4228.238232109126
        },
        {
          "acoustic_entropy": 7.74475622177124,
          "acoustic_entropy_side": 7.58463191986084,
          "hz": 4664.6771572759235
        },
        {
          "acoustic_entropy": 7.63154935836792,
          "acoustic_entropy_side": 7.498597145080566,
          "hz": 5139.766595350093
        },
        {
          "acoustic_entropy": 7.5216383934021,
          "acoustic_entropy_side": 7.514292240142822,
          "hz": 5656.929389854203
        },
        {
          "acoustic_entropy": 7.618256092071533,
          "acoustic_entropy_side": 7.682206153869629,
          "hz": 6219.891507268283
        },
        {
          "acoustic_entropy": 7.6168437004089355,
          "acoustic_entropy_side": 7.605344295501709,
          "hz": 6832.70888123896
        },
        {
          "acoustic_entropy": 7.6269354820251465,
          "acoustic_entropy_side": 7.538631916046143,
          "hz": 7499.796634079867
        },
        {
          "acoustic_entropy": 7.493540287017822,
          "acoustic_entropy_side": 7.65438985824585,
          "hz": 8225.96088609342
        },
        {
          "acoustic_entropy": 7.4056782722473145,
          "acoustic_entropy_side": 7.602806091308594,
          "hz": 9016.43338188839
        },
        {
          "acoustic_entropy": 7.493907928466797,
          "acoustic_entropy_side": 7.652674674987793,
          "hz": 9876.909183162974
        },
        {
          "acoustic_entropy": 7.380434036254883,
          "acoustic_entropy_side": 7.655511856079102,
          "hz": 10813.587699516042
        },
        {
          "acoustic_entropy": 7.429164409637451,
          "acoustic_entropy_side": 7.657048225402832,
          "hz": 11833.21735289826
        },
        {
          "acoustic_entropy": 7.503066539764404,
          "acoustic_entropy_side": 7.587637901306152,
          "hz": 12943.144197493959
        },
        {
          "acoustic_entropy": 7.577468395233154,
          "acoustic_entropy_side": 7.6125640869140625,
          "hz": 14151.364845322005
        },
        {
          "acoustic_entropy": 7.398631572723389,
          "acoustic_entropy_side": 7.572969913482666,
          "hz": 15466.58407886509
        },
        {
          "acoustic_entropy": 7.496230125427246,
          "acoustic_entropy_side": 7.561870098114014,
          "hz": 16898.27756580493
        },
        {
          "acoustic_entropy": 7.498879432678223,
          "acoustic_entropy_side": 7.5775957107543945,
          "hz": 18456.760127700032
        },
        {
          "acoustic_entropy": 7.462488174438477,
          "acoustic_entropy_side": 7.587080955505371,
          "hz": 20153.260054456492
        },
        {
          "acoustic_entropy": 7.593496322631836,
          "acoustic_entropy_side": 7.602439880371094,
          "hz": 22000.00000000001
        }
      ],
      "diff_acoustic_entropy": 6.497763633728027,
      "sn": 6
    },
    {
      "acoustic_entropy": 12.438440322875977,
      "acoustic_entropy_mono": 10.82826042175293,
      "band_eliminated_acoustic_entropies": [
        {
          "acoustic_entropy": 12.767134666442871,
          "acoustic_entropy_side": 12.438547134399414,
          "hz": 129.47220167065723
        },
        {
          "acoustic_entropy": 12.045439720153809,
          "acoustic_entropy_side": 12.401208877563477,
          "hz": 202.92927478742237
        },
        {
          "acoustic_entropy": 12.53125286102295,
          "acoustic_entropy_side": 12.690814971923828,
          "hz": 282.89161906338205
        },
        {
          "acoustic_entropy": 12.97882080078125,
          "acoustic_entropy_side": 12.645840644836426,
          "hz": 369.9353335868758
        },
        {
          "acoustic_entropy": 12.550439834594727,
          "acoustic_entropy_side": 12.44483757019043,
          "hz": 464.6875360973435
        },
        {
          "acoustic_entropy": 12.423504829406738,
          "acoustic_entropy_side": 12.433103561401367,
          "hz": 567.8308811364784
        },
        {
          "acoustic_entropy": 12.772701263427734,
          "acoustic_entropy_side": 12.3955717086792,
          "hz": 680.1084783214808
        },
        {
          "acoustic_entropy": 11.760879516601562,
          "acoustic_entropy_side": 12.349299430847168,
          "hz": 802.3292461747484
        },
        {
          "acoustic_entropy": 12.889042854309082,
          "acoustic_entropy_side": 12.270061492919922,
          "hz": 935.3737400823702
        },
        {
          "acoustic_entropy": 12.45008659362793,
          "acoustic_entropy_side": 12.763346672058105,
          "hz": 1080.2004963696966
        },
        {
          "acoustic_entropy": 12.450860977172852,
          "acoustic_entropy_side": 12.431026458740234,
          "hz": 1237.8529382007157
        },
        {
          "acoustic_entropy": 12.377266883850098,
          "acoustic_entropy_side": 12.743478775024414,
          "hz": 1409.4668930556702
        },
        {
          "acoustic_entropy": 12.836172103881836,
          "acoustic_entropy_side": 12.706645965576172,
          "hz": 1596.2787759475705
        },
        {
          "acoustic_entropy": 11.67993450164795,
          "acoustic_entropy_side": 12.221062660217285,
          "hz": 1799.6344973346393
        },
        {
          "acoustic_entropy": 12.116781234741211,
          "acoustic_entropy_side": 12.32631778717041,
          "hz": 2020.9991599069049
        },
        {
          "acoustic_entropy": 12.556503295898438,
          "acoustic_entropy_side": 12.729103088378906,
          "hz": 2261.9676141086993
        },
        {
          "acoustic_entropy": 12.602542877197266,
          "acoustic_entropy_side": 12.549734115600586,
          "hz": 2524.2759484456974
        },
        {
          "acoustic_entropy": 12.889200210571289,
          "acoustic_entropy_side": 12.690712928771973,
          "hz": 2809.813997359896
        },
        {
          "acoustic_entropy": 12.787273406982422,
          "acoustic_entropy_side": 12.554306983947754,
          "hz": 3120.6389567871424
        },
        {
          "acoustic_entropy": 12.29796028137207,
          "acoustic_entropy_side": 12.2352876663208,
          "hz": 3458.990205492291
        },
        {
          "acoustic_entropy": 12.419595718383789,
          "acoustic_entropy_side": 12.218270301818848,
          "hz": 3827.305438964164
        },
        {
          "acoustic_entropy": 12.25574779510498,
          "acoustic_entropy_side": 12.493086814880371,
          "hz": 4228.238232109126
        },
        {
          "acoustic_entropy": 12.417263984680176,
          "acoustic_entropy_side": 12.700047492980957,
          "hz": 4664.6771572759235
        },
        {
          "acoustic_entropy": 12.355147361755371,
          "acoustic_entropy_side": 12.426834106445312,
          "hz": 5139.766595350093
        },
        {
          "acoustic_entropy": 12.485753059387207,
          "acoustic_entropy_side": 12.43090534210205,
          "hz": 5656.929389854203
        },
        {
          "acoustic_entropy": 12.396452903747559,
          "acoustic_entropy_side": 12.370548248291016,
          "hz": 6219.891507268283
        },
        {
          "acoustic_entropy": 12.37560749053955,
          "acoustic_entropy_side": 12.40777587890625,
          "hz": 6832.70888123896
        },
        {
          "acoustic_entropy": 12.373458862304688,
          "acoustic_entropy_side": 12.478877067565918,
          "hz": 7499.796634079867
        },
        {
          "acoustic_entropy": 12.605599403381348,
          "acoustic_entropy_side": 12.473615646362305,
          "hz": 8225.96088609342
        },
        {
          "acoustic_entropy": 12.506905555725098,
          "acoustic_entropy_side": 12.451850891113281,
          "hz": 9016.43338188839
        },
        {
          "acoustic_entropy": 12.5359468460083,
          "acoustic_entropy_side": 12.608112335205078,
          "hz": 9876.909183162974
        },
        {
          "acoustic_entropy": 12.552699089050293,
          "acoustic_entropy_side": 12.603079795837402,
          "hz": 10813.587699516042
        },
        {
          "acoustic_entropy": 12.324000358581543,
          "acoustic_entropy_side": 12.54017448425293,
          "hz": 11833.21735289826
        },
        {
          "acoustic_entropy": 12.409886360168457,
          "acoustic_entropy_side": 12.429974555969238,
          "hz": 12943.144197493959
        },
        {
          "acoustic_entropy": 12.527251243591309,
          "acoustic_entropy_side": 12.440077781677246,
          "hz": 14151.364845322005
        },
        {
          "acoustic_entropy": 12.750112533569336,
          "acoustic_entropy_side": 12.398094177246094,
          "hz": 15466.58407886509
        },
        {
          "acoustic_entropy": 12.59242057800293,
          "acoustic_entropy_side": 12.390482902526855,
          "hz": 16898.27756580493
        },
        {
          "acoustic_entropy": 12.61998176574707,
          "acoustic_entropy_side": 12.430336952209473,
          "hz": 18456.760127700032
        },
        {
          "acoustic_entropy": 12.666236877441406,
          "acoustic_entropy_side": 12.451051712036133,
          "hz": 20153.260054456492
        },
        {
          "acoustic_entropy": 12.505547523498535,
          "acoustic_entropy_side": 12.419821739196777,
          "hz": 22000.00000000001
        }
      ],
      "diff_acoustic_entropy": 10.16235065460205,
      "sn": 12
    },
    {
      "acoustic_entropy": 17.494356155395508,
      "acoustic_entropy_mono": 14.859734535217285,
      "band_eliminated_acoustic_entropies": [
        {
          "acoustic_entropy": 17.872615814208984,
          "acoustic_entropy_side": 17.64682960510254,
          "hz": 129.47220167065723
        },
        {
          "acoustic_entropy": 17.85039710998535,
          "acoustic_entropy_side": 17.64553451538086,
          "hz": 202.92927478742237
        },
        {
          "acoustic_entropy": 17.400976181030273,
          "acoustic_entropy_side": 16.916162490844727,
          "hz": 282.89161906338205
        },
        {
          "acoustic_entropy": 18.532163619995117,
          "acoustic_entropy_side": 17.43414306640625,
          "hz": 369.9353335868758
        },
        {
          "acoustic_entropy": 16.483205795288086,
          "acoustic_entropy_side": 17.475051879882812,
          "hz": 464.6875360973435
        },
        {
          "acoustic_entropy": 18.240753173828125,
          "acoustic_entropy_side": 17.863706588745117,
          "hz": 567.8308811364784
        },
        {
          "acoustic_entropy": 18.132978439331055,
          "acoustic_entropy_side": 18.523208618164062,
          "hz": 680.1084783214808
        },
        {
          "acoustic_entropy": 17.522686004638672,
          "acoustic_entropy_side": 17.502248764038086,
          "hz": 802.3292461747484
        },
        {
          "acoustic_entropy": 16.358861923217773,
          "acoustic_entropy_side": 16.69438934326172,
          "hz": 935.3737400823702
        },
        {
          "acoustic_entropy": 17.65723419189453,
          "acoustic_entropy_side": 17.7329158782959,
          "hz": 1080.2004963696966
        },
        {
          "acoustic_entropy": 17.193492889404297,
          "acoustic_entropy_side": 17.10221290588379,
          "hz": 1237.8529382007157
        },
        {
          "acoustic_entropy": 16.695106506347656,
          "acoustic_entropy_side": 17.581056594848633,
          "hz": 1409.4668930556702
        },
        {
          "acoustic_entropy": 17.689119338989258,
          "acoustic_entropy_side": 17.455846786499023,
          "hz": 1596.2787759475705
        },
        {
          "acoustic_entropy": 17.063634872436523,
          "acoustic_entropy_side": 17.817167282104492,
          "hz": 1799.6344973346393
        },
        {
          "acoustic_entropy": 16.262304306030273,
          "acoustic_entropy_side": 17.95487403869629,
          "hz": 2020.9991599069049
        },
        {
          "acoustic_entropy": 16.553834915161133,
          "acoustic_entropy_side": 16.932374954223633,
          "hz": 2261.9676141086993
        },
        {
          "acoustic_entropy": 17.452960968017578,
          "acoustic_entropy_side": 17.450109481811523,
          "hz": 2524.2759484456974
        },
        {
          "acoustic_entropy": 17.40224266052246,
          "acoustic_entropy_side": 17.580232620239258,
          "hz": 2809.813997359896
        },
        {
          "acoustic_entropy": 17.169822692871094,
          "acoustic_entropy_side": 17.273101806640625,
