{
  "acoustic_entropy": 232.82489013671875,
  "bands": [
    {
      "high_freq": 148.1999969482422,
      "loudness": -28.334747314453125,
      "loudness_range": 9.895511627197266,
      "mid_mean": -27.81085968017578,
      "mid_to_side_loudness": 0.0787084549665451,
      "mid_to_side_loudness_range": 6.340353012084961,
      "side_mean": -27.725255966186523
    },
    {
      "high_freq": 392.3793640136719,
      "loudness": -23.233116149902344,
      "loudness_range": 6.210685729980469,
      "low_freq": 148.1999969482422,
      "mid_mean": -22.51648712158203,
      "mid_to_side_loudness": -0.12284828722476959,
      "mid_to_side_loudness_range": 2.3913707733154297,
      "side_mean": -22.61684799194336
    },
    {
      "high_freq": 794.6976318359375,
      "loudness": -24.37274169921875,
      "loudness_range": 12.129465103149414,
      "low_freq": 392.3793640136719,
      "mid_mean": -23.50374412536621,
      "mid_to_side_loudness": -0.5003597140312195,
      "mid_to_side_loudness_range": 3.231884479522705,
      "side_mean": -23.98479461669922
    },
    {
      "high_freq": 1457.5709228515625,
      "loudness": -29.134098052978516,
      "loudness_range": 16.03322410583496,
      "low_freq": 794.6976318359375,
      "mid_mean": -28.048559188842773,
      "mid_to_side_loudness": -1.144295573234558,
      "mid_to_side_loudness_range": 5.404830455780029,
      "side_mean": -29.185819625854492
    },
    {
      "high_freq": 2549.74365234375,
      "loudness": -28.765531539916992,
      "loudness_range": 14.007299423217773,
      "low_freq": 1457.5709228515625,
      "mid_mean": -27.4016056060791,
      "mid_to_side_loudness": -1.9169343709945679,
      "mid_to_side_loudness_range": 6.886953353881836,
      "side_mean": -29.322839736938477
    },
    {
      "high_freq": 4349.24462890625,
      "loudness": -32.50809860229492,
      "loudness_range": 14.041616439819336,
      "low_freq": 2549.74365234375,
      "mid_mean": -31.285062789916992,
      "mid_to_side_loudness": -1.320371150970459,
      "mid_to_side_loudness_range": 4.4421257972717285,
      "side_mean": -32.62228012084961
    },
    {
      "high_freq": 7314.1640625,
      "loudness": -38.1871223449707,
      "loudness_range": 15.166025161743164,
      "low_freq": 4349.24462890625,
      "mid_mean": -37.202537536621094,
      "mid_to_side_loudness": -0.6978978514671326,
      "mid_to_side_loudness_range": 2.8133280277252197,
      "side_mean": -37.900699615478516
    },
    {
      "high_freq": 12199.2666015625,
      "loudness": -45.48508071899414,
      "loudness_range": 11.278617858886719,
      "low_freq": 7314.1640625,
      "mid_mean": -44.88962936401367,
      "mid_to_side_loudness": 0.1878378689289093,
      "mid_to_side_loudness_range": 0.9940033555030823,
      "side_mean": -44.68278121948242
    },
    {
      "loudness": -57.272640228271484,
      "loudness_range": 6.972618103027344,
      "low_freq": 12199.2666015625,
      "mid_mean": -56.683555603027344,
      "mid_to_side_loudness": 0.19021980464458466,
      "mid_to_side_loudness_range": 0.7860997915267944,
      "side_mean": -56.501258850097656
    }
  ],
  "bands_short": [
    {
      "high_freq": 148.1999969482422,
      "loudness": -32.09528732299805,
      "loudness_range": 19.578502655029297,
      "mid_mean": -32.01961135864258,
      "mid_to_side_loudness": 0.1515628546476364,
      "mid_to_side_loudness_range": 13.446483612060547,
      "side_mean": -31.87318992614746
    },
    {
      "high_freq": 392.3793640136719,
      "loudness": -24.635164260864258,
      "loudness_range": 12.590856552124023,
      "low_freq": 148.1999969482422,
      "mid_mean": -24.01736068725586,
      "mid_to_side_loudness": -0.20387223362922668,
      "mid_to_side_loudness_range": 6.985994815826416,
      "side_mean": -24.209766387939453
    },
    {
      "high_freq": 794.6976318359375,
      "loudness": -25.102109909057617,
      "loudness_range": 14.572713851928711,
      "low_freq": 392.3793640136719,
      "mid_mean": -24.247528076171875,
      "mid_to_side_loudness": -0.6676629781723022,
      "mid_to_side_loudness_range": 6.165486812591553,
      "side_mean": -24.890398025512695
    },
    {
      "high_freq": 1457.5709228515625,
      "loudness": -29.732515335083008,
      "loudness_range": 18.21566390991211,
      "low_freq": 794.6976318359375,
      "mid_mean": -28.741132736206055,
      "mid_to_side_loudness": -1.0907506942749023,
      "mid_to_side_loudness_range": 7.034977436065674,
      "side_mean": -29.83009147644043
    },
    {
      "high_freq": 2549.74365234375,
      "loudness": -30.00126838684082,
      "loudness_range": 17.486116409301758,
      "low_freq": 1457.5709228515625,
      "mid_mean": -28.698802947998047,
      "mid_to_side_loudness": -1.8596371412277222,
      "mid_to_side_loudness_range": 7.429007530212402,
      "side_mean": -30.572402954101562
    },
    {
      "high_freq": 4349.24462890625,
      "loudness": -33.43162536621094,
      "loudness_range": 16.52835464477539,
      "low_freq": 2549.74365234375,
      "mid_mean": -32.26909637451172,
      "mid_to_side_loudness": -1.2357275485992432,
      "mid_to_side_loudness_range": 5.052584171295166,
      "side_mean": -33.512813568115234
    },
    {
      "high_freq": 7314.1640625,
      "loudness": -39.35481643676758,
      "loudness_range": 17.67083740234375,
      "low_freq": 4349.24462890625,
      "mid_mean": -38.405670166015625,
      "mid_to_side_loudness": -0.6493333578109741,
      "mid_to_side_loudness_range": 3.3378660678863525,
      "side_mean": -39.058658599853516
    },
    {
      "high_freq": 12199.2666015625,
      "loudness": -46.77983474731445,
      "loudness_range": 14.123069763183594,
      "low_freq": 7314.1640625,
      "mid_mean": -46.2174186706543,
      "mid_to_side_loudness": 0.21004819869995117,
      "mid_to_side_loudness_range": 1.9675540924072266,
      "side_mean": -45.995323181152344
    },
    {
      "loudness": -58.89710998535156,
      "loudness_range": 12.828765869140625,
      "low_freq": 12199.2666015625,
      "mid_mean": -58.15452194213867,
      "mid_to_side_loudness": 0.21856504678726196,
      "mid_to_side_loudness_range": 1.7263503074645996,
      "side_mean": -57.952232360839844
    }
  ],
  "bandwidth": 619.5584716796875,
  "channels": 2,
  "covariance": [
    [
      12.324914932250977,
      11.218915939331055,
      0.3089103102684021,
      -0.20870132744312286,
      0.37409892678260803,
      0.7290929555892944,
      -1.5723891258239746,
      -1.6197313070297241,
      -0.1982349008321762,
      -0.2291906476020813,
      -0.730749785900116,
      -0.6009316444396973,
      0.2824346721172333,
      0.49067142605781555,
      0.8792692422866821,
      0.8593698740005493,
      1.0954632759094238,
      1.0740758180618286
    ],
    [
      11.218915939331055,
      14.569439888000488,
      0.8406089544296265,
      0.6132309436798096,
      0.8191179037094116,
      1.275230884552002,
      -1.7502671480178833,
      -1.5095094442367554,
      0.043003980070352554,
      0.2393302321434021,
      -0.6243025064468384,
      -0.36185213923454285,
      0.6170408129692078,
      0.81669020652771,
      1.0263278484344482,
      1.0305052995681763,
      1.1747701168060303,
      1.15708327293396
    ],
    [
      0.3089103102684021,
      0.8406089544296265,
      4.989397048950195,
      5.143385410308838,
      1.5388959646224976,
      1.4610322713851929,
      0.4046006500720978,
      0.6170969009399414,
      0.6477548480033875,
      1.0711811780929565,
      0.025210091844201088,
      0.2723613381385803,
      1.0878288745880127,
      1.2048078775405884,
      1.5109602212905884,
      1.351086974143982,
      2.2040462493896484,
      2.1863090991973877
    ],
    [
      -0.20870132744312286,
      0.6132309436798096,
      5.143385410308838,
      6.155892848968506,
      1.4930260181427002,
      1.4955167770385742,
      -0.020408742129802704,
      0.4419088363647461,
      0.17943449318408966,
      0.8584682941436768,
      -0.4475339949131012,
      -0.020657457411289215,
      0.6071264147758484,
      0.8586776256561279,
      1.3859530687332153,
      1.1881022453308105,
      2.288393259048462,
      2.2346909046173096
    ],
    [
      0.37409892678260803,
      0.8191179037094116,
      1.5388959646224976,
      1.4930260181427002,
      17.200611114501953,
      16.823741912841797,
      7.24907922744751,
      8.922386169433594,
      8.53722095489502,
      11.762147903442383,
      5.125612258911133,
      6.821183204650879,
      6.741849422454834,
      7.725155353546143,
      4.526648044586182,
      4.064416885375977,
      2.286595106124878,
      2.109027862548828
    ],
    [
      0.7290929555892944,
      1.275230884552002,
      1.4610322713851929,
      1.4955167770385742,
      16.823741912841797,
      18.51690101623535,
      6.713232517242432,
      9.941134452819824,
      6.930078506469727,
      11.920133590698242,
      4.156490802764893,
      6.992891788482666,
      5.075272560119629,
      6.983128070831299,
      4.943626880645752,
      4.3510613441467285,
      2.4595258235931396,
      2.1097187995910645
    ],
    [
      -1.5723891258239746,
      -1.7502671480178833,
      0.4046006500720978,
      -0.020408742129802704,
      7.24907922744751,
      6.713232517242432,
      27.2247257232666,
      26.772258758544922,
      11.71058177947998,
      11.718008995056152,
      13.706938743591309,
      13.987174987792969,
      12.48405647277832,
      12.078749656677246,
      7.448945045471191,
      7.1902241706848145,
      3.3712735176086426,
      3.4940531253814697
    ],
    [
      -1.6197313070297241,
      -1.5095094442367554,
      0.6170969009399414,
      0.4419088363647461,
      8.922386169433594,
      9.941134452819824,
      26.772258758544922,
      31.72993278503418,
      8.59262466430664,
      13.786964416503906,
      12.558226585388184,
      15.939858436584473,
      8.726948738098145,
      10.564017295837402,
      8.197647094726562,
      7.494373798370361,
      3.440324544906616,
      3.144702196121216
    ],
    [
      -0.1982349008321762,
      0.043003980070352554,
      0.6477548480033875,
      0.17943449318408966,
      8.53722095489502,
      6.930078506469727,
      11.71058177947998,
      8.59262466430664,
      26.40113639831543,
      23.043962478637695,
      18.778696060180664,
      16.71839714050293,
      17.69374656677246,
      15.515863418579102,
      7.9510064125061035,
      8.034028053283691,
      2.7028746604919434,
      3.2447659969329834
    ],
    [
      -0.2291906476020813,
      0.2393302321434021,
      1.0711811780929565,
      0.8584682941436768,
      11.762147903442383,
      11.920133590698242,
      11.718008995056152,
      13.786964416503906,
      23.043962478637695,
      27.34417152404785,
      17.344606399536133,
      19.532371520996094,
      13.49230670928955,
      14.298457145690918,
      9.332732200622559,
      8.864789009094238,
      2.8851335048675537,
      2.8922171592712402
    ],
    [
      -0.730749785900116,
      -0.6243025064468384,
      0.025210091844201088,
      -0.4475339949131012,
      5.125612258911133,
      4.156490802764893,
      13.706938743591309,
      12.558226585388184,
      18.778696060180664,
      17.344606399536133,
      22.475387573242188,
      21.365201950073242,
      16.02588653564453,
      14.785938262939453,
      9.866847038269043,
      10.069866180419922,
      4.048729419708252,
      4.426302909851074
    ],
    [
      -0.6009316444396973,
      -0.36185213923454285,
      0.2723613381385803,
      -0.020657457411289215,
      6.821183204650879,
      6.992891788482666,
      13.987174987792969,
      15.939858436584473,
      16.71839714050293,
      19.532371520996094,
      21.365201950073242,
      23.57346534729004,
      13.639538764953613,
      14.262435913085938,
      11.299476623535156,
      10.92017650604248,
      4.481558799743652,
      4.527524948120117
    ],
    [
      0.2824346721172333,
      0.6170408129692078,
      1.0878288745880127,
      0.6071264147758484,
      6.741849422454834,
      5.075272560119629,
      12.48405647277832,
      8.726948738098145,
      17.69374656677246,
      13.49230670928955,
      16.02588653564453,
      13.639538764953613,
      27.1073055267334,
      24.54483413696289,
      15.475232124328613,
      15.779131889343262,
      6.777383804321289,
      7.4226179122924805
    ],
    [
      0.49067142605781555,
      0.81669020652771,
      1.2048078775405884,
      0.8586776256561279,
      7.725155353546143,
      6.983128070831299,
      12.078749656677246,
      10.564017295837402,
      15.515863418579102,
      14.298457145690918,
      14.785938262939453,
      14.262435913085938,
      24.54483413696289,
      23.663732528686523,
      15.889569282531738,
      15.965664863586426,
      6.8464674949646,
      7.225728511810303
    ],
    [
      0.8792692422866821,
      1.0263278484344482,
      1.5109602212905884,
      1.3859530687332153,
      4.526648044586182,
      4.943626880645752,
      7.448945045471191,
      8.197647094726562,
      7.9510064125061035,
      9.332732200622559,
      9.866847038269043,
      11.299476623535156,
      15.475232124328613,
      15.889569282531738,
      17.626493453979492,
      17.168498992919922,
      7.835472106933594,
      7.90432596206665
    ],
    [
      0.8593698740005493,
      1.0305052995681763,
      1.351086974143982,
      1.1881022453308105,
      4.064416885375977,
      4.3510613441467285,
      7.1902241706848145,
      7.494373798370361,
      8.034028053283691,
      8.864789009094238,
      10.069866180419922,
      10.92017650604248,
      15.779131889343262,
      15.965664863586426,
      17.168498992919922,
      17.10993003845215,
      7.661379814147949,
      7.798243045806885
    ],
    [
      1.0954632759094238,
      1.1747701168060303,
      2.2040462493896484,
      2.288393259048462,
      2.286595106124878,
      2.4595258235931396,
      3.3712735176086426,
      3.440324544906616,
      2.7028746604919434,
      2.8851335048675537,
      4.048729419708252,
      4.481558799743652,
      6.777383804321289,
      6.8464674949646,
      7.835472106933594,
      7.661379814147949,
      10.09931468963623,
      10.161785125732422
    ],
    [
      1.0740758180618286,
      1.15708327293396,
      2.1863090991973877,
      2.2346909046173096,
      2.109027862548828,
      2.1097187995910645,
      3.4940531253814697,
      3.144702196121216,
      3.2447659969329834,
      2.8922171592712402,
      4.426302909851074,
      4.527524948120117,
      7.4226179122924805,
      7.225728511810303,
      7.90432596206665,
      7.798243045806885,
      10.161785125732422,
      10.345808982849121
    ]
  ],
  "covariance_short": [
    [
      48.41106414794922,
      39.28839874267578,
      8.249834060668945,
      6.434928894042969,
      1.7004719972610474,
      1.8880234956741333,
      -0.8832176327705383,
      -0.2934167683124542,
      1.3303227424621582,
      1.1912384033203125,
      1.168897271156311,
      1.429665207862854,
      2.4661202430725098,
      2.808913469314575,
      4.5369791984558105,
      4.301632404327393,
      2.88163161277771,
      2.7745509147644043
    ],
    [
      39.28839874267578,
      52.17148971557617,
      9.030207633972168,
      8.496786117553711,
      2.2760872840881348,
      2.6192030906677246,
      -0.9749700427055359,
      -0.19535452127456665,
      1.211486577987671,
      1.17695951461792,
      1.0357156991958618,
      1.4376052618026733,
      2.528409719467163,
      2.8072662353515625,
      4.482411861419678,
      4.345900058746338,
      2.760030508041382,
      2.6959781646728516
    ],
    [
      8.249834060668945,
      9.030207633972168,
      19.121753692626953,
      17.98502540588379,
      4.11308479309082,
      3.770643711090088,
      1.1765313148498535,
      1.4643224477767944,
      0.5109894275665283,
      1.0393801927566528,
      0.4771392345428467,
      0.5285778045654297,
      3.6766157150268555,
      3.985255002975464,
      5.430519104003906,
      5.08837366104126,
      5.7301483154296875,
      5.651289939880371
    ],
    [
      6.434928894042969,
      8.496786117553711,
      17.98502540588379,
      22.964435577392578,
      3.9829413890838623,
      3.8372535705566406,
      0.3431851267814636,
      0.9710103273391724,
      -0.29831552505493164,
      0.715508759021759,
      -0.5409256219863892,
      -0.27441462874412537,
      2.880223035812378,
      3.3388822078704834,
      5.252286911010742,
      4.840261459350586,
      5.982764720916748,
      5.776424884796143
    ],
    [
      1.7004719972610474,
      2.2760872840881348,
      4.11308479309082,
      3.9829413890838623,
      26.412246704101562,
      24.81023597717285,
      10.860749244689941,
      12.035684585571289,
      13.928369522094727,
      16.349132537841797,
      8.753809928894043,
      9.583927154541016,
      9.970412254333496,
      10.540618896484375,
      5.730963706970215,
      5.360400676727295,
      2.9122049808502197,
      2.748626470565796
    ],
    [
      1.8880234956741333,
      2.6192030906677246,
      3.770643711090088,
      3.8372535705566406,
      24.81023597717285,
      28.593673706054688,
      10.647540092468262,
      13.378739356994629,
      12.580667495727539,
      16.638408660888672,
      7.719173908233643,
      9.625308990478516,
      8.329590797424316,
      9.712732315063477,
      5.852831840515137,
      5.305204391479492,
      3.1216633319854736,
      2.6825718879699707
    ],
    [
      -0.8832176327705383,
      -0.9749700427055359,
      1.1765313148498535,
      0.3431851267814636,
      10.860749244689941,
      10.647540092468262,
      35.859275817871094,
      33.575069427490234,
      18.800687789916992,
      18.117843627929688,
      21.0976505279541,
      20.328157424926758,
      16.58423614501953,
      15.807047843933105,
      9.152606010437012,
      9.223282814025879,
      4.001904487609863,
      4.335455894470215
    ],
    [
      -0.2934167683124542,
      -0.19535452127456665,
      1.4643224477767944,
      0.9710103273391724,
      12.035684585571289,
      13.378739356994629,
      33.575069427490234,
      39.461734771728516,
      15.24515151977539,
      19.217016220092773,
      19.279081344604492,
      21.477428436279297,
      12.394851684570312,
      13.640745162963867,
      9.3460693359375,
      8.904443740844727,
      4.2690110206604,
      3.959552049636841
    ],
    [
      1.3303227424621582,
      1.211486577987671,
      0.5109894275665283,
      -0.29831552505493164,
      13.928369522094727,
      12.580667495727539,
      18.800687789916992,
      15.24515151977539,
      41.259376525878906,
      36.27147674560547,
      28.48964500427246,
      24.987886428833008,
      23.471200942993164,
      20.861061096191406,
      9.848174095153809,
      10.374584197998047,
      2.4404375553131104,
      3.367494583129883
    ],
    [
      1.1912384033203125,
      1.17695951461792,
      1.0393801927566528,
      0.715508759021759,
      16.349132537841797,
      16.638408660888672,
      18.117843627929688,
      19.217016220092773,
      36.27147674560547,
      40.4647331237793,
      26.12456703186035,
      26.747638702392578,
      18.862730026245117,
      18.920072555541992,
      10.473169326782227,
      10.35659408569336,
      2.951026678085327,
      3.109501600265503
    ],
    [
      1.168897271156311,
      1.0357156991958618,
      0.4771392345428467,
      -0.5409256219863892,
      8.753809928894043,
      7.719173908233643,
      21.0976505279541,
      19.279081344604492,
      28.48964500427246,
      26.12456703186035,
      33.84431457519531,
      31.129085540771484,
      23.31779670715332,
      21.609268188476562,
      14.509102821350098,
      14.91174602508545,
      5.32622766494751,
      6.085239410400391
    ],
    [
      1.429665207862854,
      1.4376052618026733,
      0.5285778045654297,
      -0.27441462874412537,
      9.583927154541016,
      9.625308990478516,
      20.328157424926758,
      21.477428436279297,
      24.987886428833008,
      26.747638702392578,
      31.129085540771484,
      32.521575927734375,
      20.219554901123047,
      20.3627986907959,
      15.097468376159668,
      15.173026084899902,
      5.864198207855225,
      6.097310543060303
    ],
    [
      2.4661202430725098,
      2.528409719467163,
      3.6766157150268555,
      2.880223035812378,
      9.970412254333496,
      8.329590797424316,
      16.58423614501953,
      12.394851684570312,
      23.471200942993164,
      18.862730026245117,
      23.31779670715332,
      20.219554901123047,
      36.41487503051758,
      33.44087600708008,
      21.56208038330078,
      21.99658203125,
      11.14087200164795,
      12.275533676147461
    ],
    [
      2.808913469314575,
      2.8072662353515625,
      3.985255002975464,
      3.3388822078704834,
      10.540618896484375,
      9.712732315063477,
      15.807047843933105,
      13.640745162963867,
      20.861061096191406,
      18.920072555541992,
      21.609268188476562,
      20.3627986907959,
      33.44087600708008,
      32.76316452026367,
      21.830650329589844,
      22.092227935791016,
      11.594855308532715,
      12.341053009033203
    ],
    [
      4.5369791984558105,
      4.482411861419678,
      5.430519104003906,
      5.252286911010742,
      5.730963706970215,
      5.852831840515137,
      9.152606010437012,
      9.3460693359375,
      9.848174095153809,
      10.473169326782227,
      14.509102821350098,
      15.097468376159668,
      21.56208038330078,
      21.830650329589844,
      26.60121726989746,
      25.932477951049805,
      15.475937843322754,
      15.70793342590332
    ],
    [
      4.301632404327393,
      4.345900058746338,
      5.08837366104126,
      4.840261459350586,
      5.360400676727295,
      5.305204391479492,
      9.223282814025879,
      8.904443740844727,
      10.374584197998047,
      10.35659408569336,
      14.91174602508545,
      15.173026084899902,
      21.99658203125,
      22.092227935791016,
      25.932477951049805,
      26.088518142700195,
      15.18277359008789,
      15.556809425354004
    ],
    [
      2.88163161277771,
      2.760030508041382,
      5.7301483154296875,
      5.982764720916748,
      2.9122049808502197,
      3.1216633319854736,
      4.001904487609863,
      4.2690110206604,
      2.4404375553131104,
      2.951026678085327,
      5.32622766494751,
      5.864198207855225,
      11.14087200164795,
      11.594855308532715,
      15.475937843322754,
      15.18277359008789,
      18.14305305480957,
      18.06805419921875
    ],
    [
      2.7745509147644043,
      2.6959781646728516,
      5.651289939880371,
      5.776424884796143,
      2.748626470565796,
      2.6825718879699707,
      4.335455894470215,
      3.959552049636841,
      3.367494583129883,
      3.109501600265503,
      6.085239410400391,
      6.097310543060303,
      12.275533676147461,
      12.341053009033203,
      15.70793342590332,
      15.556809425354004,
      18.06805419921875,
      18.418184280395508
    ]
  ],
  "damage": -8.413341522216797,
  "diff_bandwidth": 635.2258911132812,
  "dissonance": 8.640648312603748,
  "drr": -0.36272773146629333,
  "dynamics": 2.4258456230163574,
  "format": 1245190,
  "frames": 7369664,
  "loudness": -14.577957153320312,
  "loudness_range": 6.226833343505859,
  "loudness_range_short": 8.973913192749023,
  "lowpass_true_peak_15khz": -0.5933899283409119,
  "mastering3_acoustic_entropies": [
    {
      "acoustic_entropy": 5.860299110412598,
      "acoustic_entropy_mono": 6.004037380218506,
      "band_eliminated_acoustic_entropies": [
        {
          "acoustic_entropy": 5.864699363708496,
          "acoustic_entropy_side": 5.864346981048584,
          "hz": 129.47220167065723
        },
        {
          "acoustic_entropy": 5.776946067810059,
          "acoustic_entropy_side": 5.839565753936768,
          "hz": 202.92927478742237
        },
        {
          "acoustic_entropy": 6.572996139526367,
          "acoustic_entropy_side": 5.932291030883789,
          "hz": 282.89161906338205
        },
        {
          "acoustic_entropy": 6.158416748046875,
          "acoustic_entropy_side": 6.011599063873291,
          "hz": 369.9353335868758
        },
        {
          "acoustic_entropy": 6.0889201164245605,
          "acoustic_entropy_side": 5.940410137176514,
          "hz": 464.6875360973435
        },
        {
          "acoustic_entropy": 5.512967109680176,
          "acoustic_entropy_side": 5.753032207489014,
          "hz": 567.8308811364784
        },
        {
          "acoustic_entropy": 5.503429889678955,
          "acoustic_entropy_side": 5.967004776000977,
          "hz": 680.1084783214808
        },
        {
          "acoustic_entropy": 5.946495056152344,
          "acoustic_entropy_side": 6.173994064331055,
          "hz": 802.3292461747484
        },
        {
          "acoustic_entropy": 5.7183661460876465,
          "acoustic_entropy_side": 5.739306449890137,
          "hz": 935.3737400823702
        },
        {
          "acoustic_entropy": 6.236207008361816,
          "acoustic_entropy_side": 6.168252944946289,
          "hz": 1080.2004963696966
        },
        {
          "acoustic_entropy": 5.293466567993164,
          "acoustic_entropy_side": 5.439073085784912,
          "hz": 1237.8529382007157
        },
        {
          "acoustic_entropy": 5.25295877456665,
          "acoustic_entropy_side": 5.5613322257995605,
          "hz": 1409.4668930556702
        },
        {
          "acoustic_entropy": 5.813395977020264,
          "acoustic_entropy_side": 5.998257160186768,
          "hz": 1596.2787759475705
        },
        {
          "acoustic_entropy": 6.318483829498291,
          "acoustic_entropy_side": 6.065942764282227,
          "hz": 1799.6344973346393
        },
        {
          "acoustic_entropy": 6.366325378417969,
          "acoustic_entropy_side": 6.2657246589660645,
          "hz": 2020.9991599069049
        },
        {
          "acoustic_entropy": 6.087347984313965,
          "acoustic_entropy_side": 5.847390174865723,
          "hz": 2261.9676141086993
        },
        {
          "acoustic_entropy": 6.386194705963135,
          "acoustic_entropy_side": 5.845067024230957,
          "hz": 2524.2759484456974
        },
        {
          "acoustic_entropy": 6.155205726623535,
          "acoustic_entropy_side": 5.817640781402588,
          "hz": 2809.813997359896
        },
        {
          "acoustic_entropy": 6.097889423370361,
          "acoustic_entropy_side": 6.0066609382629395,
          "hz": 3120.6389567871424
        },
        {
          "acoustic_entropy": 6.144882678985596,
          "acoustic_entropy_side": 6.065071105957031,
          "hz": 3458.990205492291
        },
        {
          "acoustic_entropy": 6.023290157318115,
          "acoustic_entropy_side": 6.00023889541626,
          "hz": 3827.305438964164
        },
        {
          "acoustic_entropy": 5.999631404876709,
          "acoustic_entropy_side": 5.932191848754883,
          "hz": 4228.238232109126
        },
        {
          "acoustic_entropy": 6.107112407684326,
          "acoustic_entropy_side": 5.867043972015381,
          "hz": 4664.6771572759235
        },
        {
          "acoustic_entropy": 6.152710914611816,
          "acoustic_entropy_side": 5.76779842376709,
          "hz": 5139.766595350093
        },
        {
          "acoustic_entropy": 5.683653354644775,
          "acoustic_entropy_side": 5.857523441314697,
          "hz": 5656.929389854203
        },
        {
          "acoustic_entropy": 6.071308135986328,
          "acoustic_entropy_side": 6.029452800750732,
          "hz": 6219.891507268283
        },
        {
          "acoustic_entropy": 6.12022066116333,
          "acoustic_entropy_side": 6.038359642028809,
          "hz": 6832.70888123896
        },
        {
          "acoustic_entropy": 6.0376057624816895,
          "acoustic_entropy_side": 5.977602005004883,
          "hz": 7499.796634079867
        },
        {
          "acoustic_entropy": 6.054710865020752,
          "acoustic_entropy_side": 5.96920108795166,
          "hz": 8225.96088609342
        },
        {
          "acoustic_entropy": 5.96735954284668,
          "acoustic_entropy_side": 5.913959980010986,
          "hz": 9016.43338188839
        },
        {
          "acoustic_entropy": 5.898011207580566,
          "acoustic_entropy_side": 5.878097057342529,
          "hz": 9876.909183162974
        },
        {
          "acoustic_entropy": 5.8942766189575195,
          "acoustic_entropy_side": 5.876391410827637,
          "hz": 10813.587699516042
        },
        {
          "acoustic_entropy": 5.882789134979248,
          "acoustic_entropy_side": 5.870742321014404,
          "hz": 11833.21735289826
        },
        {
          "acoustic_entropy": 5.86348819732666,
          "acoustic_entropy_side": 5.861674785614014,
          "hz": 12943.144197493959
        },
        {
          "acoustic_entropy": 5.860596179962158,
          "acoustic_entropy_side": 5.860419750213623,
          "hz": 14151.364845322005
        },
        {
          "acoustic_entropy": 5.8603515625,
          "acoustic_entropy_side": 5.860321998596191,
          "hz": 15466.58407886509
        },
        {
          "acoustic_entropy": 5.860321044921875,
          "acoustic_entropy_side": 5.86030912399292,
          "hz": 16898.27756580493
        },
        {
          "acoustic_entropy": 5.860306262969971,
          "acoustic_entropy_side": 5.86030387878418,
          "hz": 18456.760127700032
        },
        {
          "acoustic_entropy": 5.860301494598389,
          "acoustic_entropy_side": 5.8603010177612305,
          "hz": 20153.260054456492
        },
        {
          "acoustic_entropy": 5.860300064086914,
          "acoustic_entropy_side": 5.860299587249756,
          "hz": 22000.00000000001
        }
      ],
      "diff_acoustic_entropy": 6.698294162750244,
      "sn": 6
    },
    {
      "acoustic_entropy": 9.701905250549316,
      "acoustic_entropy_mono": 9.751091003417969,
      "band_eliminated_acoustic_entropies": [
        {
          "acoustic_entropy": 9.876235008239746,
          "acoustic_entropy_side": 9.704536437988281,
          "hz": 129.47220167065723
        },
        {
          "acoustic_entropy": 10.010946273803711,
          "acoustic_entropy_side": 10.1153564453125,
          "hz": 202.92927478742237
        },
        {
          "acoustic_entropy": 10.526751518249512,
          "acoustic_entropy_side": 10.403225898742676,
          "hz": 282.89161906338205
        },
        {
          "acoustic_entropy": 9.943857192993164,
          "acoustic_entropy_side": 10.331523895263672,
          "hz": 369.9353335868758
        },
        {
          "acoustic_entropy": 10.088101387023926,
          "acoustic_entropy_side": 9.950411796569824,
          "hz": 464.6875360973435
        },
        {
          "acoustic_entropy": 11.01150894165039,
          "acoustic_entropy_side": 10.663237571716309,
          "hz": 567.8308811364784
        },
        {
          "acoustic_entropy": 10.122258186340332,
          "acoustic_entropy_side": 10.751611709594727,
          "hz": 680.1084783214808
        },
        {
          "acoustic_entropy": 10.918354988098145,
          "acoustic_entropy_side": 10.158324241638184,
          "hz": 802.3292461747484
        },
        {
          "acoustic_entropy": 9.606696128845215,
          "acoustic_entropy_side": 9.797616958618164,
          "hz": 935.3737400823702
        },
        {
          "acoustic_entropy": 10.201848983764648,
          "acoustic_entropy_side": 10.479405403137207,
          "hz": 1080.2004963696966
        },
        {
          "acoustic_entropy": 9.877548217773438,
          "acoustic_entropy_side": 9.947749137878418,
          "hz": 1237.8529382007157
        },
        {
          "acoustic_entropy": 9.942890167236328,
          "acoustic_entropy_side": 10.058707237243652,
          "hz": 1409.4668930556702
        },
        {
          "acoustic_entropy": 9.382936477661133,
          "acoustic_entropy_side": 9.60086441040039,
          "hz": 1596.2787759475705
        },
        {
          "acoustic_entropy": 9.798446655273438,
          "acoustic_entropy_side": 9.647995948791504,
          "hz": 1799.6344973346393
        },
        {
          "acoustic_entropy": 10.378683090209961,
          "acoustic_entropy_side": 9.917535781860352,
          "hz": 2020.9991599069049
        },
        {
          "acoustic_entropy": 10.0564603805542,
          "acoustic_entropy_side": 10.25819206237793,
          "hz": 2261.9676141086993
        },
        {
          "acoustic_entropy": 10.092758178710938,
          "acoustic_entropy_side": 9.576859474182129,
          "hz": 2524.2759484456974
        },
        {
          "acoustic_entropy": 10.080682754516602,
          "acoustic_entropy_side": 9.831106185913086,
          "hz": 2809.813997359896
        },
        {
          "acoustic_entropy": 9.896370887756348,
          "acoustic_entropy_side": 10.138513565063477,
          "hz": 3120.6389567871424
        },
        {
          "acoustic_entropy": 9.462191581726074,
          "acoustic_entropy_side": 9.345040321350098,
          "hz": 3458.990205492291
        },
        {
          "acoustic_entropy": 9.672490119934082,
          "acoustic_entropy_side": 9.636871337890625,
          "hz": 3827.305438964164
        },
        {
          "acoustic_entropy": 9.843350410461426,
          "acoustic_entropy_side": 9.82931137084961,
          "hz": 4228.238232109126
        },
        {
          "acoustic_entropy": 10.427581787109375,
          "acoustic_entropy_side": 9.956896781921387,
          "hz": 4664.6771572759235
        },
        {
          "acoustic_entropy": 9.698612213134766,
          "acoustic_entropy_side": 9.80570125579834,
          "hz": 5139.766595350093
        },
        {
          "acoustic_entropy": 9.46653938293457,
          "acoustic_entropy_side": 9.607412338256836,
          "hz": 5656.929389854203
        },
        {
          "acoustic_entropy": 9.39537525177002,
          "acoustic_entropy_side": 9.564888954162598,
          "hz": 6219.891507268283
        },
        {
          "acoustic_entropy": 9.504837989807129,
          "acoustic_entropy_side": 9.58049488067627,
          "hz": 6832.70888123896
        },
        {
          "acoustic_entropy": 9.389019012451172,
          "acoustic_entropy_side": 9.568984985351562,
          "hz": 7499.796634079867
        },
        {
          "acoustic_entropy": 9.486379623413086,
          "acoustic_entropy_side": 9.590307235717773,
          "hz": 8225.96088609342
        },
        {
          "acoustic_entropy": 9.754376411437988,
          "acoustic_entropy_side": 9.735732078552246,
          "hz": 9016.43338188839
        },
        {
          "acoustic_entropy": 9.793232917785645,
          "acoustic_entropy_side": 9.760196685791016,
          "hz": 9876.909183162974
        },
        {
          "acoustic_entropy": 9.712016105651855,
          "acoustic_entropy_side": 9.709426879882812,
          "hz": 10813.587699516042
        },
        {
          "acoustic_entropy": 9.704242706298828,
          "acoustic_entropy_side": 9.705854415893555,
          "hz": 11833.21735289826
        },
        {
          "acoustic_entropy": 9.705102920532227,
          "acoustic_entropy_side": 9.70383071899414,
          "hz": 12943.144197493959
        },
        {
          "acoustic_entropy": 9.703451156616211,
          "acoustic_entropy_side": 9.702717781066895,
          "hz": 14151.364845322005
        },
        {
          "acoustic_entropy": 9.702156066894531,
          "acoustic_entropy_side": 9.702058792114258,
          "hz": 15466.58407886509
        },
        {
          "acoustic_entropy": 9.702032089233398,
          "acoustic_entropy_side": 9.701971054077148,
          "hz": 16898.27756580493
        },
        {
          "acoustic_entropy": 9.701945304870605,
          "acoustic_entropy_side": 9.70192813873291,
          "hz": 18456.760127700032
        },
        {
          "acoustic_entropy": 9.701910018920898,
          "acoustic_entropy_side": 9.701908111572266,
          "hz": 20153.260054456492
        },
        {
          "acoustic_entropy": 9.70190715789795,
          "acoustic_entropy_side": 9.701906204223633,
          "hz": 22000.00000000001
        }
      ],
      "diff_acoustic_entropy": 10.890460014343262,
      "sn": 12
    },
    {
      "acoustic_entropy": 14.503531455993652,
      "acoustic_entropy_mono": 14.236641883850098,
      "band_eliminated_acoustic_entropies": [
        {
          "acoustic_entropy": 14.435139656066895,
          "acoustic_entropy_side": 14.262340545654297,
          "hz": 129.47220167065723
        },
        {
          "acoustic_entropy": 15.407447814941406,
          "acoustic_entropy_side": 15.086609840393066,
          "hz": 202.92927478742237
        },
        {
          "acoustic_entropy": 14.79912281036377,
          "acoustic_entropy_side": 14.552533149719238,
          "hz": 282.89161906338205
        },
        {
          "acoustic_entropy": 13.910005569458008,
          "acoustic_entropy_side": 14.20891284942627,
          "hz": 369.9353335868758
        },
        {
          "acoustic_entropy": 15.055519104003906,
          "acoustic_entropy_side": 14.967244148254395,
          "hz": 464.6875360973435
        },
        {
          "acoustic_entropy": 15.109842300415039,
          "acoustic_entropy_side": 14.414925575256348,
          "hz": 567.8308811364784
        },
        {
          "acoustic_entropy": 14.614641189575195,
          "acoustic_entropy_side": 14.307723999023438,
          "hz": 680.1084783214808
        },
        {
          "acoustic_entropy": 15.268802642822266,
          "acoustic_entropy_side": 14.87972354888916,
          "hz": 802.3292461747484
        },
        {
          "acoustic_entropy": 14.31530475616455,
          "acoustic_entropy_side": 14.963126182556152,
          "hz": 935.3737400823702
        },
        {
          "acoustic_entropy": 14.94025993347168,
          "acoustic_entropy_side": 14.978464126586914,
          "hz": 1080.2004963696966
        },
        {
          "acoustic_entropy": 14.726509094238281,
          "acoustic_entropy_side": 14.616752624511719,
          "hz": 1237.8529382007157
        },
        {
          "acoustic_entropy": 15.202515602111816,
          "acoustic_entropy_side": 15.119560241699219,
          "hz": 1409.4668930556702
        },
        {
          "acoustic_entropy": 14.805502891540527,
          "acoustic_entropy_side": 14.629022598266602,
          "hz": 1596.2787759475705
        },
        {
          "acoustic_entropy": 14.531635284423828,
          "acoustic_entropy_side": 14.332266807556152,
          "hz": 1799.6344973346393
        },
        {
          "acoustic_entropy": 14.45348072052002,
          "acoustic_entropy_side": 14.353606224060059,
          "hz": 2020.9991599069049
        },
        {
          "acoustic_entropy": 15.067490577697754,
          "acoustic_entropy_side": 15.0623197555542,
          "hz": 2261.9676141086993
        },
        {
          "acoustic_entropy": 14.393106460571289,
          "acoustic_entropy_side": 14.269641876220703,
          "hz": 2524.2759484456974
        },
        {
          "acoustic_entropy": 14.560214042663574,
          "acoustic_entropy_side": 14.378220558166504,
          "hz": 2809.813997359896
        },
        {
