{
  "acoustic_entropy": 155.1405029296875,
  "bands": [
    {
      "high_freq": 148.1999969482422,
      "loudness": -45.60184097290039,
      "loudness_range": 17.501911163330078,
      "mid_mean": -41.96644973754883,
      "mid_to_side_loudness": -20.26618766784668,
      "mid_to_side_loudness_range": 13.773914337158203,
      "side_mean": -61.89085388183594
    },
    {
      "high_freq": 392.3793640136719,
      "loudness": -28.758352279663086,
      "loudness_range": 11.540933609008789,
      "low_freq": 148.1999969482422,
      "mid_mean": -25.199155807495117,
      "mid_to_side_loudness": -16.744115829467773,
      "mid_to_side_loudness_range": 11.412562370300293,
      "side_mean": -42.2050666809082
    },
    {
      "high_freq": 794.6976318359375,
      "loudness": -29.793235778808594,
      "loudness_range": 15.894615173339844,
      "low_freq": 392.3793640136719,
      "mid_mean": -26.303781509399414,
      "mid_to_side_loudness": -15.147191047668457,
      "mid_to_side_loudness_range": 15.414236068725586,
      "side_mean": -41.608665466308594
    },
    {
      "high_freq": 1457.5709228515625,
      "loudness": -36.27511978149414,
      "loudness_range": 19.87902069091797,
      "low_freq": 794.6976318359375,
      "mid_mean": -32.80422592163086,
      "mid_to_side_loudness": -16.111995697021484,
      "mid_to_side_loudness_range": 16.646392822265625,
      "side_mean": -51.08170700073242
    },
    {
      "high_freq": 2549.74365234375,
      "loudness": -39.837772369384766,
      "loudness_range": 20.489778518676758,
      "low_freq": 1457.5709228515625,
      "mid_mean": -36.33317565917969,
      "mid_to_side_loudness": -15.059494018554688,
      "mid_to_side_loudness_range": 17.49466323852539,
      "side_mean": -53.574947357177734
    },
    {
      "high_freq": 4349.24462890625,
      "loudness": -41.610511779785156,
      "loudness_range": 21.210891723632812,
      "low_freq": 2549.74365234375,
      "mid_mean": -38.05720520019531,
      "mid_to_side_loudness": -17.28853416442871,
      "mid_to_side_loudness_range": 21.021686553955078,
      "side_mean": -57.27775573730469
    },
    {
      "high_freq": 7314.1640625,
      "loudness": -45.62301254272461,
      "loudness_range": 14.690006256103516,
      "low_freq": 4349.24462890625,
      "mid_mean": -42.52836227416992,
      "mid_to_side_loudness": -19.994062423706055,
      "mid_to_side_loudness_range": 18.694677352905273,
      "side_mean": -62.88258361816406
    },
    {
      "high_freq": 12199.2666015625,
      "loudness": -49.98392868041992,
      "loudness_range": 17.918285369873047,
      "low_freq": 7314.1640625,
      "mid_mean": -47.76817321777344,
      "mid_to_side_loudness": -21.02760887145996,
      "mid_to_side_loudness_range": 24.709392547607422,
      "side_mean": -66.03060913085938
    },
    {
      "loudness": -60.506526947021484,
      "loudness_range": 23.679424285888672,
      "low_freq": 12199.2666015625,
      "mid_mean": -57.01464080810547,
      "mid_to_side_loudness": -21.701032638549805,
      "mid_to_side_loudness_range": 26.73174285888672,
      "side_mean": -69.12944030761719
    }
  ],
  "bands_short": [
    {
      "high_freq": 148.1999969482422,
      "loudness": -49.35207748413086,
      "loudness_range": 21.658824920654297,
      "mid_mean": -45.80602264404297,
      "mid_to_side_loudness": -19.580904006958008,
      "mid_to_side_loudness_range": 21.22771453857422,
      "side_mean": -63.756587982177734
    },
    {
      "high_freq": 392.3793640136719,
      "loudness": -30.024290084838867,
      "loudness_range": 15.233030319213867,
      "low_freq": 148.1999969482422,
      "mid_mean": -26.546348571777344,
      "mid_to_side_loudness": -16.213953018188477,
      "mid_to_side_loudness_range": 17.609466552734375,
      "side_mean": -43.011260986328125
    },
    {
      "high_freq": 794.6976318359375,
      "loudness": -30.68099594116211,
      "loudness_range": 18.84276580810547,
      "low_freq": 392.3793640136719,
      "mid_mean": -27.38298797607422,
      "mid_to_side_loudness": -13.910530090332031,
      "mid_to_side_loudness_range": 20.18446159362793,
      "side_mean": -41.709903717041016
    },
    {
      "high_freq": 1457.5709228515625,
      "loudness": -37.63325500488281,
      "loudness_range": 22.20022201538086,
      "low_freq": 794.6976318359375,
      "mid_mean": -34.31636428833008,
      "mid_to_side_loudness": -14.8007230758667,
      "mid_to_side_loudness_range": 20.928373336791992,
      "side_mean": -51.477657318115234
    },
    {
      "high_freq": 2549.74365234375,
      "loudness": -41.441715240478516,
      "loudness_range": 23.75452423095703,
      "low_freq": 1457.5709228515625,
      "mid_mean": -38.14860916137695,
      "mid_to_side_loudness": -13.681981086730957,
      "mid_to_side_loudness_range": 21.087739944458008,
      "side_mean": -53.967830657958984
    },
    {
      "high_freq": 4349.24462890625,
      "loudness": -43.970462799072266,
      "loudness_range": 26.749055862426758,
      "low_freq": 2549.74365234375,
      "mid_mean": -40.66978454589844,
      "mid_to_side_loudness": -15.084219932556152,
      "mid_to_side_loudness_range": 22.281478881835938,
      "side_mean": -57.5589714050293
    },
    {
      "high_freq": 7314.1640625,
      "loudness": -50.56644821166992,
      "loudness_range": 25.093631744384766,
      "low_freq": 4349.24462890625,
      "mid_mean": -48.22316360473633,
      "mid_to_side_loudness": -16.243432998657227,
      "mid_to_side_loudness_range": 21.12375831604004,
      "side_mean": -63.50338363647461
    },
    {
      "high_freq": 12199.2666015625,
      "loudness": -57.4035758972168,
      "loudness_range": 29.900779724121094,
      "low_freq": 7314.1640625,
      "mid_mean": -54.46537780761719,
      "mid_to_side_loudness": -17.537445068359375,
      "mid_to_side_loudness_range": 23.83659553527832,
      "side_mean": -66.90052032470703
    },
    {
      "loudness": -67.98350524902344,
      "loudness_range": 23.908771514892578,
      "low_freq": 12199.2666015625,
      "mid_mean": -63.118629455566406,
      "mid_to_side_loudness": -18.251506805419922,
      "mid_to_side_loudness_range": 22.849720001220703,
      "side_mean": -69.45625305175781
    }
  ],
  "bandwidth": 621.4645385742188,
  "channels": 2,
  "covariance": [
    [
      37.00056838989258,
      20.079265594482422,
      2.432128667831421,
      3.9330382347106934,
      -4.700237274169922,
      -3.5246822834014893,
      -6.462283611297607,
      -5.4753618240356445,
      -3.529858112335205,
      -2.970773458480835,
      -5.898327350616455,
      -3.2522876262664795,
      -6.942920207977295,
      -1.441093921661377,
      -6.083064556121826,
      -1.5757710933685303,
      0.6766663789749146,
      0.4082706868648529
    ],
    [
      20.079265594482422,
      23.47780990600586,
      0.954619824886322,
      2.722832202911377,
      -2.2502939701080322,
      -2.6792585849761963,
      -3.271285057067871,
      5.9507598876953125,
      -3.696883201599121,
      4.774691104888916,
      -5.0071821212768555,
      3.1282591819763184,
      -7.199214458465576,
      1.6439844369888306,
      -9.873213768005371,
      -0.3712643086910248,
      1.6138871908187866,
      0.0709567591547966
    ],
    [
      2.432128667831421,
      0.954619824886322,
      18.119396209716797,
      8.444527626037598,
      11.686479568481445,
      4.993071556091309,
      8.870848655700684,
      6.953281879425049,
      16.013702392578125,
      13.489611625671387,
      14.769135475158691,
      11.45294189453125,
      4.629329681396484,
      4.720210552215576,
      11.05529499053955,
      4.206409454345703,
      2.9553542137145996,
      0.6449894905090332
    ],
    [
      3.9330382347106934,
      2.722832202911377,
      8.444527626037598,
      14.383811950683594,
      7.339720249176025,
      6.685044765472412,
      4.505662441253662,
      10.83812427520752,
      6.85664701461792,
      14.318506240844727,
      6.471583366394043,
      11.771748542785645,
      1.9442486763000488,
      4.662109375,
      9.225394248962402,
      3.3483967781066895,
      3.7302794456481934,
      0.7507032752037048
    ],
    [
      -4.700237274169922,
      -2.2502939701080322,
      11.686479568481445,
      7.339720249176025,
      34.427268981933594,
      16.9849910736084,
      29.88112449645996,
      20.047828674316406,
      20.81202507019043,
      18.487384796142578,
      24.811126708984375,
      19.560678482055664,
      11.609232902526855,
      6.874648094177246,
      16.221513748168945,
      5.47151517868042,
      3.884216070175171,
      0.43320465087890625
    ],
    [
      -3.5246822834014893,
      -2.6792585849761963,
      4.993071556091309,
      6.685044765472412,
      16.9849910736084,
      22.860919952392578,
      15.76784610748291,
      23.520849227905273,
      6.562589645385742,
      14.901592254638672,
      10.034396171569824,
      15.749044418334961,
      5.085938930511475,
      4.674183368682861,
      10.906920433044434,
      3.2911887168884277,
      3.8040473461151123,
      0.3879449963569641
    ],
    [
      -6.462283611297607,
      -3.271285057067871,
      8.870848655700684,
      4.505662441253662,
      29.88112449645996,
      15.76784610748291,
      43.94934844970703,
      23.25981903076172,
      19.59888458251953,
      14.730180740356445,
      30.114797592163086,
      21.36794662475586,
      14.509709358215332,
      7.723733425140381,
      15.281766891479492,
      4.921483516693115,
      3.1044938564300537,
      0.6057616472244263
    ],
    [
      -5.4753618240356445,
      5.9507598876953125,
      6.953281879425049,
      10.83812427520752,
      20.047828674316406,
      23.520849227905273,
      23.25981903076172,
      61.83722686767578,
      5.74619197845459,
      39.09245681762695,
      14.046695709228516,
      38.97695541381836,
      9.787473678588867,
      18.370820999145508,
      21.15700912475586,
      10.203192710876465,
      24.269428253173828,
      2.0364797115325928
    ],
    [
      -3.529858112335205,
      -3.696883201599121,
      16.013702392578125,
      6.85664701461792,
      20.81202507019043,
      6.562589645385742,
      19.59888458251953,
      5.74619197845459,
      50.155609130859375,
      29.68062973022461,
      37.95529556274414,
      21.942840576171875,
      17.065874099731445,
      8.374896049499512,
      19.709331512451172,
      7.714904308319092,
      6.131302356719971,
      0.9771981239318848
    ],
    [
      -2.970773458480835,
      4.774691104888916,
      13.489611625671387,
      14.318506240844727,
      18.487384796142578,
      14.901592254638672,
      14.730180740356445,
      39.09245681762695,
      29.68062973022461,
      56.82921600341797,
      23.032440185546875,
      39.348323822021484,
      10.851113319396973,
      17.118106842041016,
      23.14615249633789,
      11.350262641906738,
      22.185693740844727,
      2.0870654582977295
    ],
    [
      -5.898327350616455,
      -5.0071821212768555,
      14.769135475158691,
      6.471583366394043,
      24.811126708984375,
      10.034396171569824,
      30.114797592163086,
      14.046695709228516,
      37.95529556274414,
      23.032440185546875,
      53.36598205566406,
      30.87046241760254,
      28.386550903320312,
      13.048064231872559,
      29.7654972076416,
      10.722536087036133,
      13.504744529724121,
      2.237492799758911
    ],
    [
      -3.2522876262664795,
      3.1282591819763184,
      11.45294189453125,
      11.771748542785645,
      19.560678482055664,
      15.749044418334961,
      21.36794662475586,
      38.97695541381836,
      21.942840576171875,
      39.348323822021484,
      30.87046241760254,
      42.86957931518555,
      15.099663734436035,
      17.302003860473633,
      24.960826873779297,
      11.1619873046875,
      21.05659294128418,
      2.3077402114868164
    ],
    [
      -6.942920207977295,
      -7.199214458465576,
      4.629329681396484,
      1.9442486763000488,
      11.609232902526855,
      5.085938930511475,
      14.509709358215332,
      9.787473678588867,
      17.065874099731445,
      10.851113319396973,
      28.386550903320312,
      15.099663734436035,
      44.78531265258789,
      17.87448501586914,
      46.02812576293945,
      14.310057640075684,
      36.10846710205078,
      4.405091762542725
    ],
    [
      -1.441093921661377,
      1.6439844369888306,
      4.720210552215576,
      4.662109375,
      6.874648094177246,
      4.674183368682861,
      7.723733425140381,
      18.370820999145508,
      8.374896049499512,
      17.118106842041016,
      13.048064231872559,
      17.302003860473633,
      17.87448501586914,
      15.215123176574707,
      23.84002685546875,
      9.7579984664917,
      22.7775936126709,
      2.851710796356201
    ],
    [
      -6.083064556121826,
      -9.873213768005371,
      11.05529499053955,
      9.225394248962402,
      16.221513748168945,
      10.906920433044434,
      15.281766891479492,
      21.15700912475586,
      19.709331512451172,
      23.14615249633789,
      29.7654972076416,
      24.960826873779297,
      46.02812576293945,
      23.84002685546875,
      68.59812927246094,
      20.334150314331055,
      51.379608154296875,
      5.796711444854736
    ],
    [
      -1.5757710933685303,
      -0.3712643086910248,
      4.206409454345703,
      3.3483967781066895,
      5.47151517868042,
      3.2911887168884277,
      4.921483516693115,
      10.203192710876465,
      7.714904308319092,
      11.350262641906738,
      10.722536087036133,
      11.1619873046875,
      14.310057640075684,
      9.7579984664917,
      20.334150314331055,
      9.381265640258789,
      18.203657150268555,
      2.961332321166992
    ],
    [
      0.6766663789749146,
      1.6138871908187866,
      2.9553542137145996,
      3.7302794456481934,
      3.884216070175171,
      3.8040473461151123,
      3.1044938564300537,
      24.269428253173828,
      6.131302356719971,
      22.185693740844727,
      13.504744529724121,
      21.05659294128418,
      36.10846710205078,
      22.7775936126709,
      51.379608154296875,
      18.203657150268555,
      61.07257080078125,
      6.894193172454834
    ],
    [
      0.4082706868648529,
      0.0709567591547966,
      0.6449894905090332,
      0.7507032752037048,
      0.43320465087890625,
      0.3879449963569641,
      0.6057616472244263,
      2.0364797115325928,
      0.9771981239318848,
      2.0870654582977295,
      2.237492799758911,
      2.3077402114868164,
      4.405091762542725,
      2.851710796356201,
      5.796711444854736,
      2.961332321166992,
      6.894193172454834,
      1.7937852144241333
    ]
  ],
  "covariance_short": [
    [
      56.764801025390625,
      21.5010929107666,
      5.877495765686035,
      3.1632611751556396,
      -1.0629305839538574,
      -4.579010963439941,
      -2.757819652557373,
      -7.014405250549316,
      -0.6784791946411133,
      -4.541104316711426,
      -3.0299861431121826,
      -4.32116174697876,
      -5.229361534118652,
      -1.9971638917922974,
      -6.265005111694336,
      -2.0441739559173584,
      2.6815288066864014,
      0.4101436734199524
    ],
    [
      21.5010929107666,
      25.069442749023438,
      0.7218586206436157,
      2.431929349899292,
      -2.312009334564209,
      -2.642444372177124,
      -3.890491485595703,
      2.389554262161255,
      -5.0624470710754395,
      1.0813713073730469,
      -5.9774041175842285,
      0.5848756432533264,
      -9.239814758300781,
      0.3832918703556061,
      -3.281515598297119,
      -0.8803765773773193,
      0.5750613808631897,
      0.023186519742012024
    ],
    [
      5.877495765686035,
      0.7218586206436157,
      29.65091323852539,
      7.945732593536377,
      18.77731704711914,
      5.470544338226318,
      16.436431884765625,
      5.842740535736084,
      24.0767822265625,
      12.005827903747559,
      25.851802825927734,
      11.960660934448242,
      22.158300399780273,
      4.434515476226807,
      20.354961395263672,
      3.9494576454162598,
      6.5434770584106445,
      0.6277784705162048
    ],
    [
      3.1632611751556396,
      2.431929349899292,
      7.945732593536377,
      17.8855037689209,
      7.720286846160889,
      7.093352317810059,
      4.860361576080322,
      10.641426086425781,
      7.281869411468506,
      13.37213134765625,
      6.893915176391602,
      11.290935516357422,
      10.325728416442871,
      4.137087821960449,
      8.029382705688477,
      2.456096649169922,
      1.8535940647125244,
      0.2751268744468689
    ],
    [
      -1.0629305839538574,
      -2.312009334564209,
      18.77731704711914,
      7.720286846160889,
      48.574134826660156,
      16.319416046142578,
      40.11174774169922,
      19.316049575805664,
      32.322059631347656,
      19.203840255737305,
      40.93879318237305,
      21.57051658630371,
      33.8278694152832,
      6.85566520690918,
      30.322872161865234,
      4.997693061828613,
      7.383797645568848,
      0.3739812970161438
    ],
    [
      -4.579010963439941,
      -2.642444372177124,
      5.470544338226318,
      7.093352317810059,
      16.319416046142578,
      25.58482551574707,
      14.060572624206543,
      21.58084487915039,
      7.702486515045166,
      16.012359619140625,
      11.449484825134277,
      15.823904991149902,
      14.023721694946289,
      4.636923313140869,
      12.391851425170898,
      2.958557605743408,
      3.0494792461395264,
      0.36856362223625183
    ],
    [
      -2.757819652557373,
      -3.890491485595703,
      16.436431884765625,
      4.860361576080322,
      40.11174774169922,
      14.060572624206543,
      57.354610443115234,
      22.089244842529297,
      31.781251907348633,
      15.33825969696045,
      46.93286895751953,
      23.180822372436523,
      35.84831237792969,
      7.26780891418457,
      31.21472930908203,
      4.645160675048828,
      7.883431911468506,
      0.41334062814712524
    ],
    [
      -7.014405250549316,
      2.389554262161255,
      5.842740535736084,
      10.641426086425781,
      19.316049575805664,
      21.58084487915039,
      22.089244842529297,
      63.10115432739258,
      7.072121620178223,
      38.8426399230957,
      15.618945121765137,
      38.168724060058594,
      25.55874252319336,
      16.484241485595703,
      36.353065490722656,
      8.096711158752441,
      12.969462394714355,
      1.1822428703308105
    ],
    [
      -0.6784791946411133,
      -5.0624470710754395,
      24.0767822265625,
      7.281869411468506,
      32.322059631347656,
      7.702486515045166,
      31.781251907348633,
      7.072121620178223,
      66.69991302490234,
      29.640140533447266,
      59.78750228881836,
      25.205434799194336,
      42.14161682128906,
      9.028275489807129,
      40.93802261352539,
      8.772451400756836,
      11.076454162597656,
      1.0328081846237183
    ],
    [
      -4.541104316711426,
      1.0813713073730469,
      12.005827903747559,
      13.37213134765625,
      19.203840255737305,
      16.012359619140625,
      15.33825969696045,
      38.8426399230957,
      29.640140533447266,
      58.65780258178711,
      27.180892944335938,
      40.07267379760742,
      28.83123779296875,
      16.187219619750977,
      39.89923858642578,
      9.827853202819824,
      12.327352523803711,
      1.1783868074417114
    ],
    [
      -3.0299861431121826,
      -5.9774041175842285,
      25.851802825927734,
      6.893915176391602,
      40.93879318237305,
      11.449484825134277,
      46.93286895751953,
      15.618945121765137,
      59.78750228881836,
      27.180892944335938,
      90.21604919433594,
      37.2541618347168,
      64.01287078857422,
      14.542099952697754,
      61.74925231933594,
      13.479093551635742,
      21.314393997192383,
      2.6470720767974854
    ],
    [
      -4.32116174697876,
      0.5848756432533264,
      11.960660934448242,
      11.290935516357422,
      21.57051658630371,
      15.823904991149902,
      23.180822372436523,
      38.168724060058594,
      25.205434799194336,
      40.07267379760742,
      37.2541618347168,
      45.142642974853516,
      33.43537521362305,
      16.673826217651367,
      39.93267059326172,
      10.095211029052734,
      12.557689666748047,
      1.5022295713424683
    ],
    [
      -5.229361534118652,
      -9.239814758300781,
      22.158300399780273,
      10.325728416442871,
      33.8278694152832,
      14.023721694946289,
      35.84831237792969,
      25.55874252319336,
      42.14161682128906,
      28.83123779296875,
      64.01287078857422,
      33.43537521362305,
      92.50732421875,
      26.8969783782959,
      84.95036315917969,
      21.781497955322266,
      42.315101623535156,
      6.166895866394043
    ],
    [
      -1.9971638917922974,
      0.3832918703556061,
      4.434515476226807,
      4.137087821960449,
      6.85566520690918,
      4.636923313140869,
      7.26780891418457,
      16.484241485595703,
      9.028275489807129,
      16.187219619750977,
      14.542099952697754,
      16.673826217651367,
      26.8969783782959,
      16.93134307861328,
      28.42392349243164,
      10.53343677520752,
      16.073400497436523,
      3.206766128540039
    ],
    [
      -6.265005111694336,
      -3.281515598297119,
      20.354961395263672,
      8.029382705688477,
      30.322872161865234,
      12.391851425170898,
      31.21472930908203,
      36.353065490722656,
      40.93802261352539,
      39.89923858642578,
      61.74925231933594,
      39.93267059326172,
      84.95036315917969,
      28.42392349243164,
      101.48588562011719,
      25.83687973022461,
      49.79458236694336,
      6.847782611846924
    ],
    [
      -2.0441739559173584,
      -0.8803765773773193,
      3.9494576454162598,
      2.456096649169922,
      4.997693061828613,
      2.958557605743408,
      4.645160675048828,
      8.096711158752441,
      8.772451400756836,
      9.827853202819824,
      13.479093551635742,
      10.095211029052734,
      21.781497955322266,
      10.53343677520752,
      25.83687973022461,
      10.797975540161133,
      15.709927558898926,
      3.426252603530884
    ],
    [
      2.6815288066864014,
      0.5750613808631897,
      6.5434770584106445,
      1.8535940647125244,
      7.383797645568848,
      3.0494792461395264,
      7.883431911468506,
      12.969462394714355,
      11.076454162597656,
      12.327352523803711,
      21.314393997192383,
      12.557689666748047,
      42.315101623535156,
      16.073400497436523,
      49.79458236694336,
      15.709927558898926,
      43.26239013671875,
      7.4098615646362305
    ],
    [
      0.4101436734199524,
      0.023186519742012024,
      0.6277784705162048,
      0.2751268744468689,
      0.3739812970161438,
      0.36856362223625183,
      0.41334062814712524,
      1.1822428703308105,
      1.0328081846237183,
      1.1783868074417114,
      2.6470720767974854,
      1.5022295713424683,
      6.166895866394043,
      3.206766128540039,
      6.847782611846924,
      3.426252603530884,
      7.4098615646362305,
      2.319091796875
    ]
  ],
  "damage": -13.53723430633545,
  "diff_bandwidth": 640.7867431640625,
  "dissonance": 6.322054274982525,
  "drr": 8.54874324798584,
  "dynamics": 4.321583271026611,
  "format": 1245190,
  "frames": 4188096,
  "loudness": -20.97882080078125,
  "loudness_range": 11.68834114074707,
  "loudness_range_short": 15.07326889038086,
  "lowpass_true_peak_15khz": -5.58707857131958,
  "mastering3_acoustic_entropies": [
    {
      "acoustic_entropy": 8.294330596923828,
      "acoustic_entropy_mono": 8.385841369628906,
      "band_eliminated_acoustic_entropies": [
        {
          "acoustic_entropy": 8.290715217590332,
          "acoustic_entropy_side": 8.294331550598145,
          "hz": 129.47220167065723
        },
        {
          "acoustic_entropy": 8.329195976257324,
          "acoustic_entropy_side": 8.294393539428711,
          "hz": 202.92927478742237
        },
        {
          "acoustic_entropy": 7.823036193847656,
          "acoustic_entropy_side": 8.295815467834473,
          "hz": 282.89161906338205
        },
        {
          "acoustic_entropy": 7.877884864807129,
          "acoustic_entropy_side": 8.293978691101074,
          "hz": 369.9353335868758
        },
        {
          "acoustic_entropy": 8.552148818969727,
          "acoustic_entropy_side": 8.299997329711914,
          "hz": 464.6875360973435
        },
        {
          "acoustic_entropy": 7.431797981262207,
          "acoustic_entropy_side": 8.314363479614258,
          "hz": 567.8308811364784
        },
        {
          "acoustic_entropy": 7.989689350128174,
          "acoustic_entropy_side": 8.34687614440918,
          "hz": 680.1084783214808
        },
        {
          "acoustic_entropy": 7.670557975769043,
          "acoustic_entropy_side": 8.342865943908691,
          "hz": 802.3292461747484
        },
        {
          "acoustic_entropy": 8.389934539794922,
          "acoustic_entropy_side": 8.29596996307373,
          "hz": 935.3737400823702
        },
        {
          "acoustic_entropy": 8.030421257019043,
          "acoustic_entropy_side": 8.295792579650879,
          "hz": 1080.2004963696966
        },
        {
          "acoustic_entropy": 7.90302848815918,
          "acoustic_entropy_side": 8.307604789733887,
          "hz": 1237.8529382007157
        },
        {
          "acoustic_entropy": 7.997360706329346,
          "acoustic_entropy_side": 8.36642837524414,
          "hz": 1409.4668930556702
        },
        {
          "acoustic_entropy": 8.05757999420166,
          "acoustic_entropy_side": 8.295772552490234,
          "hz": 1596.2787759475705
        },
        {
          "acoustic_entropy": 7.2252726554870605,
          "acoustic_entropy_side": 8.288887023925781,
          "hz": 1799.6344973346393
        },
        {
          "acoustic_entropy": 7.9779558181762695,
          "acoustic_entropy_side": 8.29358196258545,
          "hz": 2020.9991599069049
        },
        {
          "acoustic_entropy": 8.209535598754883,
          "acoustic_entropy_side": 8.29482364654541,
          "hz": 2261.9676141086993
        },
        {
          "acoustic_entropy": 8.171496391296387,
          "acoustic_entropy_side": 8.294116973876953,
          "hz": 2524.2759484456974
        },
        {
          "acoustic_entropy": 8.115878105163574,
          "acoustic_entropy_side": 8.293871879577637,
          "hz": 2809.813997359896
        },
        {
          "acoustic_entropy": 7.488875865936279,
          "acoustic_entropy_side": 8.294022560119629,
          "hz": 3120.6389567871424
        },
        {
          "acoustic_entropy": 7.691165924072266,
          "acoustic_entropy_side": 8.294096946716309,
          "hz": 3458.990205492291
        },
        {
          "acoustic_entropy": 7.636018753051758,
          "acoustic_entropy_side": 8.293928146362305,
          "hz": 3827.305438964164
        },
        {
          "acoustic_entropy": 8.121623992919922,
          "acoustic_entropy_side": 8.2942533493042,
          "hz": 4228.238232109126
        },
        {
          "acoustic_entropy": 8.311821937561035,
          "acoustic_entropy_side": 8.294336318969727,
          "hz": 4664.6771572759235
        },
        {
          "acoustic_entropy": 8.338836669921875,
          "acoustic_entropy_side": 8.294329643249512,
          "hz": 5139.766595350093
        },
        {
          "acoustic_entropy": 8.3889741897583,
          "acoustic_entropy_side": 8.294323921203613,
          "hz": 5656.929389854203
        },
        {
          "acoustic_entropy": 8.31617546081543,
          "acoustic_entropy_side": 8.29432487487793,
          "hz": 6219.891507268283
        },
        {
          "acoustic_entropy": 8.369946479797363,
          "acoustic_entropy_side": 8.294327735900879,
          "hz": 6832.70888123896
        },
        {
          "acoustic_entropy": 8.26384162902832,
          "acoustic_entropy_side": 8.294328689575195,
          "hz": 7499.796634079867
        },
        {
          "acoustic_entropy": 8.255690574645996,
          "acoustic_entropy_side": 8.294328689575195,
          "hz": 8225.96088609342
        },
        {
          "acoustic_entropy": 8.338767051696777,
          "acoustic_entropy_side": 8.294328689575195,
          "hz": 9016.43338188839
        },
        {
          "acoustic_entropy": 8.318340301513672,
          "acoustic_entropy_side": 8.294327735900879,
          "hz": 9876.909183162974
        },
        {
          "acoustic_entropy": 8.328489303588867,
          "acoustic_entropy_side": 8.294329643249512,
          "hz": 10813.587699516042
        },
        {
          "acoustic_entropy": 8.334335327148438,
          "acoustic_entropy_side": 8.294330596923828,
          "hz": 11833.21735289826
        },
        {
          "acoustic_entropy": 8.322263717651367,
          "acoustic_entropy_side": 8.294330596923828,
          "hz": 12943.144197493959
        },
        {
          "acoustic_entropy": 8.300902366638184,
          "acoustic_entropy_side": 8.294331550598145,
          "hz": 14151.364845322005
        },
        {
          "acoustic_entropy": 8.284063339233398,
          "acoustic_entropy_side": 8.294331550598145,
          "hz": 15466.58407886509
        },
        {
          "acoustic_entropy": 8.286463737487793,
          "acoustic_entropy_side": 8.294331550598145,
          "hz": 16898.27756580493
        },
        {
          "acoustic_entropy": 8.293511390686035,
          "acoustic_entropy_side": 8.294330596923828,
          "hz": 18456.760127700032
        },
        {
          "acoustic_entropy": 8.294289588928223,
          "acoustic_entropy_side": 8.294330596923828,
          "hz": 20153.260054456492
        },
        {
          "acoustic_entropy": 8.294330596923828,
          "acoustic_entropy_side": 8.294330596923828,
          "hz": 22000.00000000001
        }
      ],
      "diff_acoustic_entropy": 7.280497074127197,
      "sn": 6
    },
    {
      "acoustic_entropy": 12.14149284362793,
      "acoustic_entropy_mono": 12.307631492614746,
      "band_eliminated_acoustic_entropies": [
        {
          "acoustic_entropy": 12.164101600646973,
          "acoustic_entropy_side": 12.141490936279297,
          "hz": 129.47220167065723
        },
        {
          "acoustic_entropy": 12.188811302185059,
          "acoustic_entropy_side": 12.141785621643066,
          "hz": 202.92927478742237
        },
        {
          "acoustic_entropy": 11.528319358825684,
          "acoustic_entropy_side": 12.107354164123535,
          "hz": 282.89161906338205
        },
        {
          "acoustic_entropy": 11.561287879943848,
          "acoustic_entropy_side": 12.169188499450684,
          "hz": 369.9353335868758
        },
        {
          "acoustic_entropy": 11.802933692932129,
          "acoustic_entropy_side": 12.134196281433105,
          "hz": 464.6875360973435
        },
        {
          "acoustic_entropy": 11.881922721862793,
          "acoustic_entropy_side": 12.162762641906738,
          "hz": 567.8308811364784
        },
        {
          "acoustic_entropy": 11.747623443603516,
          "acoustic_entropy_side": 12.077900886535645,
          "hz": 680.1084783214808
        },
        {
          "acoustic_entropy": 11.56917953491211,
          "acoustic_entropy_side": 12.200010299682617,
          "hz": 802.3292461747484
        },
        {
          "acoustic_entropy": 11.914534568786621,
          "acoustic_entropy_side": 12.153505325317383,
          "hz": 935.3737400823702
        },
        {
          "acoustic_entropy": 10.930190086364746,
          "acoustic_entropy_side": 12.14409065246582,
          "hz": 1080.2004963696966
        },
        {
          "acoustic_entropy": 12.685651779174805,
          "acoustic_entropy_side": 12.1204252243042,
          "hz": 1237.8529382007157
        },
        {
          "acoustic_entropy": 11.295367240905762,
          "acoustic_entropy_side": 12.31167221069336,
          "hz": 1409.4668930556702
        },
        {
          "acoustic_entropy": 12.207213401794434,
          "acoustic_entropy_side": 12.172680854797363,
          "hz": 1596.2787759475705
        },
        {
          "acoustic_entropy": 11.152216911315918,
          "acoustic_entropy_side": 12.268762588500977,
          "hz": 1799.6344973346393
        },
        {
          "acoustic_entropy": 11.97600269317627,
          "acoustic_entropy_side": 12.168006896972656,
          "hz": 2020.9991599069049
        },
        {
          "acoustic_entropy": 11.832330703735352,
          "acoustic_entropy_side": 12.147448539733887,
          "hz": 2261.9676141086993
        },
        {
          "acoustic_entropy": 12.124391555786133,
          "acoustic_entropy_side": 12.142563819885254,
          "hz": 2524.2759484456974
        },
        {
          "acoustic_entropy": 11.870733261108398,
          "acoustic_entropy_side": 12.143097877502441,
          "hz": 2809.813997359896
        },
        {
          "acoustic_entropy": 11.2930326461792,
          "acoustic_entropy_side": 12.139559745788574,
          "hz": 3120.6389567871424
        },
        {
          "acoustic_entropy": 11.959508895874023,
          "acoustic_entropy_side": 12.152654647827148,
          "hz": 3458.990205492291
        },
        {
          "acoustic_entropy": 11.945154190063477,
          "acoustic_entropy_side": 12.145563125610352,
          "hz": 3827.305438964164
        },
        {
          "acoustic_entropy": 11.52612590789795,
          "acoustic_entropy_side": 12.139328956604004,
          "hz": 4228.238232109126
        },
        {
          "acoustic_entropy": 12.066308975219727,
          "acoustic_entropy_side": 12.141453742980957,
          "hz": 4664.6771572759235
        },
        {
          "acoustic_entropy": 12.100046157836914,
          "acoustic_entropy_side": 12.141524314880371,
          "hz": 5139.766595350093
        },
        {
          "acoustic_entropy": 12.09804630279541,
          "acoustic_entropy_side": 12.141517639160156,
          "hz": 5656.929389854203
        },
        {
          "acoustic_entropy": 12.175467491149902,
          "acoustic_entropy_side": 12.141541481018066,
          "hz": 6219.891507268283
        },
        {
          "acoustic_entropy": 12.074386596679688,
          "acoustic_entropy_side": 12.141489028930664,
          "hz": 6832.70888123896
        },
        {
          "acoustic_entropy": 11.989726066589355,
          "acoustic_entropy_side": 12.141435623168945,
          "hz": 7499.796634079867
        },
        {
          "acoustic_entropy": 12.121784210205078,
          "acoustic_entropy_side": 12.141554832458496,
          "hz": 8225.96088609342
        },
        {
          "acoustic_entropy": 12.119624137878418,
          "acoustic_entropy_side": 12.141530990600586,
          "hz": 9016.43338188839
        },
        {
          "acoustic_entropy": 12.128305435180664,
          "acoustic_entropy_side": 12.141496658325195,
          "hz": 9876.909183162974
        },
        {
          "acoustic_entropy": 12.05124568939209,
          "acoustic_entropy_side": 12.1414794921875,
          "hz": 10813.587699516042
        },
        {
          "acoustic_entropy": 12.054165840148926,
          "acoustic_entropy_side": 12.141465187072754,
          "hz": 11833.21735289826
        },
        {
          "acoustic_entropy": 12.06445598602295,
          "acoustic_entropy_side": 12.14146900177002,
          "hz": 12943.144197493959
        },
        {
          "acoustic_entropy": 12.081677436828613,
          "acoustic_entropy_side": 12.14147663116455,
          "hz": 14151.364845322005
        },
        {
          "acoustic_entropy": 12.092050552368164,
          "acoustic_entropy_side": 12.141485214233398,
          "hz": 15466.58407886509
        },
        {
          "acoustic_entropy": 12.124140739440918,
          "acoustic_entropy_side": 12.141489028930664,
          "hz": 16898.27756580493
        },
        {
          "acoustic_entropy": 12.138325691223145,
          "acoustic_entropy_side": 12.141491889953613,
          "hz": 18456.760127700032
        },
        {
          "acoustic_entropy": 12.141229629516602,
          "acoustic_entropy_side": 12.14149284362793,
          "hz": 20153.260054456492
        },
        {
          "acoustic_entropy": 12.14148235321045,
          "acoustic_entropy_side": 12.14149284362793,
          "hz": 22000.00000000001
        }
      ],
      "diff_acoustic_entropy": 10.7731351852417,
      "sn": 12
    },
    {
      "acoustic_entropy": 18.627771377563477,
      "acoustic_entropy_mono": 17.554807662963867,
      "band_eliminated_acoustic_entropies": [
        {
          "acoustic_entropy": 18.626083374023438,
          "acoustic_entropy_side": 18.627595901489258,
          "hz": 129.47220167065723
        },
        {
          "acoustic_entropy": 18.170331954956055,
          "acoustic_entropy_side": 18.635604858398438,
          "hz": 202.92927478742237
        },
        {
          "acoustic_entropy": 18.00795555114746,
          "acoustic_entropy_side": 17.903934478759766,
          "hz": 282.89161906338205
        },
        {
          "acoustic_entropy": 18.611608505249023,
          "acoustic_entropy_side": 18.440322875976562,
          "hz": 369.9353335868758
        },
        {
          "acoustic_entropy": 18.452285766601562,
          "acoustic_entropy_side": 18.298124313354492,
          "hz": 464.6875360973435
        },
        {
          "acoustic_entropy": 17.84822654724121,
          "acoustic_entropy_side": 17.98299217224121,
          "hz": 567.8308811364784
        },
        {
          "acoustic_entropy": 18.553482055664062,
          "acoustic_entropy_side": 18.161542892456055,
          "hz": 680.1084783214808
        },
        {
          "acoustic_entropy": 17.510000228881836,
          "acoustic_entropy_side": 18.722429275512695,
          "hz": 802.3292461747484
        },
        {
          "acoustic_entropy": 17.509838104248047,
          "acoustic_entropy_side": 18.623456954956055,
          "hz": 935.3737400823702
        },
        {
          "acoustic_entropy": 18.96128273010254,
          "acoustic_entropy_side": 18.401456832885742,
          "hz": 1080.2004963696966
        },
        {
          "acoustic_entropy": 18.284273147583008,
          "acoustic_entropy_side": 18.997875213623047,
          "hz": 1237.8529382007157
        },
        {
          "acoustic_entropy": 18.133270263671875,
          "acoustic_entropy_side": 18.88642692565918,
          "hz": 1409.4668930556702
        },
        {
          "acoustic_entropy": 18.636499404907227,
          "acoustic_entropy_side": 18.56049346923828,
          "hz": 1596.2787759475705
        },
        {
          "acoustic_entropy": 18.1810359954834,
          "acoustic_entropy_side": 18.756542205810547,
          "hz": 1799.6344973346393
        },
        {
          "acoustic_entropy": 18.578580856323242,
          "acoustic_entropy_side": 18.1917724609375,
          "hz": 2020.9991599069049
        },
        {
          "acoustic_entropy": 17.898988723754883,
          "acoustic_entropy_side": 18.51919937133789,
          "hz": 2261.9676141086993
        },
        {
          "acoustic_entropy": 17.871984481811523,
          "acoustic_entropy_side": 18.6367244720459,
          "hz": 2524.2759484456974
        },
        {
          "acoustic_entropy": 18.023366928100586,
          "acoustic_entropy_side": 18.442602157592773,
          "hz": 2809.813997359896
        },
        {
