{
  "acoustic_entropy": 212.50514221191406,
  "bands": [
    {
      "high_freq": 148.1999969482422,
      "loudness": -18.57806968688965,
      "loudness_range": 6.985085487365723,
      "mid_mean": -14.995400428771973,
      "mid_to_side_loudness": -11.249815940856934,
      "mid_to_side_loudness_range": 14.738103866577148,
      "side_mean": -27.30848503112793
    },
    {
      "high_freq": 392.3793640136719,
      "loudness": -18.157381057739258,
      "loudness_range": 8.773341178894043,
      "low_freq": 148.1999969482422,
      "mid_mean": -15.46988296508789,
      "mid_to_side_loudness": -6.575732231140137,
      "mid_to_side_loudness_range": 10.627029418945312,
      "side_mean": -22.237871170043945
    },
    {
      "high_freq": 794.6976318359375,
      "loudness": -21.089651107788086,
      "loudness_range": 9.16354751586914,
      "low_freq": 392.3793640136719,
      "mid_mean": -18.975004196166992,
      "mid_to_side_loudness": -4.456960678100586,
      "mid_to_side_loudness_range": 10.916449546813965,
      "side_mean": -23.55931282043457
    },
    {
      "high_freq": 1457.5709228515625,
      "loudness": -22.505863189697266,
      "loudness_range": 11.021665573120117,
      "low_freq": 794.6976318359375,
      "mid_mean": -20.14451789855957,
      "mid_to_side_loudness": -5.350368499755859,
      "mid_to_side_loudness_range": 11.788843154907227,
      "side_mean": -25.717172622680664
    },
    {
      "high_freq": 2549.74365234375,
      "loudness": -18.197229385375977,
      "loudness_range": 8.113314628601074,
      "low_freq": 1457.5709228515625,
      "mid_mean": -16.526445388793945,
      "mid_to_side_loudness": -2.611114740371704,
      "mid_to_side_loudness_range": 6.643123626708984,
      "side_mean": -19.212827682495117
    },
    {
      "high_freq": 4349.24462890625,
      "loudness": -20.436744689941406,
      "loudness_range": 6.784967422485352,
      "low_freq": 2549.74365234375,
      "mid_mean": -18.269128799438477,
      "mid_to_side_loudness": -4.122091770172119,
      "mid_to_side_loudness_range": 7.277993202209473,
      "side_mean": -22.513835906982422
    },
    {
      "high_freq": 7314.1640625,
      "loudness": -24.17363166809082,
      "loudness_range": 8.68248176574707,
      "low_freq": 4349.24462890625,
      "mid_mean": -21.786243438720703,
      "mid_to_side_loudness": -4.9788432121276855,
      "mid_to_side_loudness_range": 7.986452579498291,
      "side_mean": -26.882829666137695
    },
    {
      "high_freq": 12199.2666015625,
      "loudness": -26.42801284790039,
      "loudness_range": 10.53187370300293,
      "low_freq": 7314.1640625,
      "mid_mean": -23.737836837768555,
      "mid_to_side_loudness": -7.045132637023926,
      "mid_to_side_loudness_range": 13.304632186889648,
      "side_mean": -31.05912971496582
    },
    {
      "loudness": -32.8768196105957,
      "loudness_range": 10.179187774658203,
      "low_freq": 12199.2666015625,
      "mid_mean": -30.485261917114258,
      "mid_to_side_loudness": -6.0669331550598145,
      "mid_to_side_loudness_range": 14.039356231689453,
      "side_mean": -36.50910186767578
    }
  ],
  "bands_short": [
    {
      "high_freq": 148.1999969482422,
      "loudness": -20.971406936645508,
      "loudness_range": 14.08200740814209,
      "mid_mean": -17.457426071166992,
      "mid_to_side_loudness": -14.489825248718262,
      "mid_to_side_loudness_range": 22.263948440551758,
      "side_mean": -33.04726791381836
    },
    {
      "high_freq": 392.3793640136719,
      "loudness": -17.817956924438477,
      "loudness_range": 10.160481452941895,
      "low_freq": 148.1999969482422,
      "mid_mean": -15.218706130981445,
      "mid_to_side_loudness": -6.638436794281006,
      "mid_to_side_loudness_range": 13.227619171142578,
      "side_mean": -22.053892135620117
    },
    {
      "high_freq": 794.6976318359375,
      "loudness": -21.479867935180664,
      "loudness_range": 11.479825019836426,
      "low_freq": 392.3793640136719,
      "mid_mean": -19.771175384521484,
      "mid_to_side_loudness": -3.7504146099090576,
      "mid_to_side_loudness_range": 13.732410430908203,
      "side_mean": -23.632259368896484
    },
    {
      "high_freq": 1457.5709228515625,
      "loudness": -23.0738525390625,
      "loudness_range": 13.286675453186035,
      "low_freq": 794.6976318359375,
      "mid_mean": -20.999486923217773,
      "mid_to_side_loudness": -4.709893703460693,
      "mid_to_side_loudness_range": 13.623129844665527,
      "side_mean": -25.92075538635254
    },
    {
      "high_freq": 2549.74365234375,
      "loudness": -18.53948974609375,
      "loudness_range": 9.662524223327637,
      "low_freq": 1457.5709228515625,
      "mid_mean": -17.043424606323242,
      "mid_to_side_loudness": -2.41215181350708,
      "mid_to_side_loudness_range": 8.802125930786133,
      "side_mean": -19.531246185302734
    },
    {
      "high_freq": 4349.24462890625,
      "loudness": -20.68086814880371,
      "loudness_range": 9.138582229614258,
      "low_freq": 2549.74365234375,
      "mid_mean": -18.758028030395508,
      "mid_to_side_loudness": -3.6119651794433594,
      "mid_to_side_loudness_range": 8.994129180908203,
      "side_mean": -22.49631118774414
    },
    {
      "high_freq": 7314.1640625,
      "loudness": -24.772092819213867,
      "loudness_range": 11.671184539794922,
      "low_freq": 4349.24462890625,
      "mid_mean": -22.68781089782715,
      "mid_to_side_loudness": -4.214933395385742,
      "mid_to_side_loudness_range": 9.47949504852295,
      "side_mean": -27.013341903686523
    },
    {
      "high_freq": 12199.2666015625,
      "loudness": -27.47821044921875,
      "loudness_range": 14.06971549987793,
      "low_freq": 7314.1640625,
      "mid_mean": -24.976633071899414,
      "mid_to_side_loudness": -6.438187599182129,
      "mid_to_side_loudness_range": 14.363748550415039,
      "side_mean": -31.842172622680664
    },
    {
      "loudness": -34.39594268798828,
      "loudness_range": 15.449844360351562,
      "low_freq": 12199.2666015625,
      "mid_mean": -32.1909294128418,
      "mid_to_side_loudness": -5.845690727233887,
      "mid_to_side_loudness_range": 15.117230415344238,
      "side_mean": -37.952789306640625
    }
  ],
  "bandwidth": 677.1793823242188,
  "channels": 2,
  "covariance": [
    [
      18.427276611328125,
      6.843225002288818,
      4.863638401031494,
      5.768249988555908,
      3.29729962348938,
      5.220269680023193,
      4.937110900878906,
      5.347851276397705,
      4.791800022125244,
      4.939117431640625,
      4.475095748901367,
      4.486124038696289,
      4.101349830627441,
      3.839493751525879,
      5.276940822601318,
      7.735355854034424,
      4.157284259796143,
      9.261650085449219
    ],
    [
      6.843225002288818,
      22.370254516601562,
      4.161100387573242,
      7.855722904205322,
      2.0585920810699463,
      4.674098491668701,
      2.0269901752471924,
      3.2023000717163086,
      3.5841064453125,
      3.9425911903381348,
      3.2282674312591553,
      3.9161171913146973,
      3.040696382522583,
      3.76261830329895,
      3.1865341663360596,
      5.729903697967529,
      2.032078742980957,
      5.83819580078125
    ],
    [
      4.863638401031494,
      4.161100387573242,
      14.627060890197754,
      6.825345993041992,
      5.857466697692871,
      6.462197780609131,
      2.3923544883728027,
      3.904677152633667,
      5.013505935668945,
      4.829780101776123,
      4.914303779602051,
      4.713794708251953,
      5.0253376960754395,
      4.264316558837891,
      5.884073257446289,
      5.770602226257324,
      4.5880513191223145,
      4.841583251953125
    ],
    [
      5.768249988555908,
      7.855722904205322,
      6.825345993041992,
      13.165761947631836,
      4.654290199279785,
      8.232403755187988,
      2.12956166267395,
      4.662423610687256,
      4.007777214050293,
      5.897150039672852,
      2.8166158199310303,
      5.6813740730285645,
      2.51120924949646,
      4.416293621063232,
      3.7599360942840576,
      6.703439712524414,
      3.160139799118042,
      6.988875389099121
    ],
    [
      3.29729962348938,
      2.0585920810699463,
      5.857466697692871,
      4.654290199279785,
      16.061168670654297,
      6.917179584503174,
      11.175575256347656,
      5.471341133117676,
      5.70269250869751,
      5.534320831298828,
      4.972683906555176,
      4.865455150604248,
      2.9529879093170166,
      3.5893566608428955,
      2.4014816284179688,
      3.9644365310668945,
      3.004483938217163,
      4.761781692504883
    ],
    [
      5.220269680023193,
      4.674098491668701,
      6.462197780609131,
      8.232403755187988,
      6.917179584503174,
      12.960992813110352,
      4.2066497802734375,
      7.537537574768066,
      5.374222278594971,
      8.207963943481445,
      3.813196897506714,
      7.338854789733887,
      3.159437656402588,
      5.518865585327148,
      3.6676294803619385,
      8.675512313842773,
      3.9755306243896484,
      10.667463302612305
    ],
    [
      4.937110900878906,
      2.0269901752471924,
      2.3923544883728027,
      2.12956166267395,
      11.175575256347656,
      4.2066497802734375,
      22.588701248168945,
      8.333311080932617,
      7.834892749786377,
      6.765950679779053,
      7.102499961853027,
      6.101644515991211,
      5.096462726593018,
      5.284008502960205,
      2.4114739894866943,
      5.789459228515625,
      3.1481094360351562,
      7.187708854675293
    ],
    [
      5.347851276397705,
      3.2023000717163086,
      3.904677152633667,
      4.662423610687256,
      5.471341133117676,
      7.537537574768066,
      8.333311080932617,
      11.562607765197754,
      5.796015739440918,
      7.59724235534668,
      4.894665241241455,
      7.3115105628967285,
      4.477487564086914,
      6.309769630432129,
      3.754998207092285,
      8.922218322753906,
      3.5335681438446045,
      9.99998950958252
    ],
    [
      4.791800022125244,
      3.5841064453125,
      5.013505935668945,
      4.007777214050293,
      5.70269250869751,
      5.374222278594971,
      7.834892749786377,
      5.796015739440918,
      12.340837478637695,
      8.675579071044922,
      8.043120384216309,
      7.35247802734375,
      6.311933994293213,
      5.856359958648682,
      5.16867733001709,
      6.484455585479736,
      4.714634895324707,
      8.135319709777832
    ],
    [
      4.939117431640625,
      3.9425911903381348,
      4.829780101776123,
      5.897150039672852,
      5.534320831298828,
      8.207963943481445,
      6.765950679779053,
      7.59724235534668,
      8.675579071044922,
      11.668744087219238,
      5.992699146270752,
      9.014179229736328,
      5.083549499511719,
      6.702800750732422,
      4.300571918487549,
      8.295731544494629,
      3.970550298690796,
      10.575867652893066
    ],
    [
      4.475095748901367,
      3.2282674312591553,
      4.914303779602051,
      2.8166158199310303,
      4.972683906555176,
      3.813196897506714,
      7.102499961853027,
      4.894665241241455,
      8.043120384216309,
      5.992699146270752,
      9.988027572631836,
      6.56353759765625,
      8.57209300994873,
      7.037882328033447,
      6.593905925750732,
      7.645810127258301,
      5.040091514587402,
      7.6045660972595215
    ],
    [
      4.486124038696289,
      3.9161171913146973,
      4.713794708251953,
      5.6813740730285645,
      4.865455150604248,
      7.338854789733887,
      6.101644515991211,
      7.3115105628967285,
      7.35247802734375,
      9.014179229736328,
      6.56353759765625,
      10.073528289794922,
      6.6802568435668945,
      9.412145614624023,
      5.591841220855713,
      11.670673370361328,
      4.616646766662598,
      11.521081924438477
    ],
    [
      4.101349830627441,
      3.040696382522583,
      5.0253376960754395,
      2.51120924949646,
      2.9529879093170166,
      3.159437656402588,
      5.096462726593018,
      4.477487564086914,
      6.311933994293213,
      5.083549499511719,
      8.57209300994873,
      6.6802568435668945,
      13.47296142578125,
      9.256184577941895,
      11.452478408813477,
      11.331050872802734,
      8.267834663391113,
      8.967731475830078
    ],
    [
      3.839493751525879,
      3.76261830329895,
      4.264316558837891,
      4.416293621063232,
      3.5893566608428955,
      5.518865585327148,
      5.284008502960205,
      6.309769630432129,
      5.856359958648682,
      6.702800750732422,
      7.037882328033447,
      9.412145614624023,
      9.256184577941895,
      13.302273750305176,
      7.627178192138672,
      16.62967300415039,
      5.281827926635742,
      13.197242736816406
    ],
    [
      5.276940822601318,
      3.1865341663360596,
      5.884073257446289,
      3.7599360942840576,
      2.4014816284179688,
      3.6676294803619385,
      2.4114739894866943,
      3.754998207092285,
      5.16867733001709,
      4.300571918487549,
      6.593905925750732,
      5.591841220855713,
      11.452478408813477,
      7.627178192138672,
      17.626733779907227,
      14.31241226196289,
      13.24271011352539,
      11.745737075805664
    ],
    [
      7.735355854034424,
      5.729903697967529,
      5.770602226257324,
      6.703439712524414,
      3.9644365310668945,
      8.675512313842773,
      5.789459228515625,
      8.922218322753906,
      6.484455585479736,
      8.295731544494629,
      7.645810127258301,
      11.670673370361328,
      11.331050872802734,
      16.62967300415039,
      14.31241226196289,
      31.0203800201416,
      11.594283103942871,
      27.788503646850586
    ],
    [
      4.157284259796143,
      2.032078742980957,
      4.5880513191223145,
      3.160139799118042,
      3.004483938217163,
      3.9755306243896484,
      3.1481094360351562,
      3.5335681438446045,
      4.714634895324707,
      3.970550298690796,
      5.040091514587402,
      4.616646766662598,
      8.267834663391113,
      5.281827926635742,
      13.24271011352539,
      11.594283103942871,
      15.132197380065918,
      14.01098346710205
    ],
    [
      9.261650085449219,
      5.83819580078125,
      4.841583251953125,
      6.988875389099121,
      4.761781692504883,
      10.667463302612305,
      7.187708854675293,
      9.99998950958252,
      8.135319709777832,
      10.575867652893066,
      7.6045660972595215,
      11.521081924438477,
      8.967731475830078,
      13.197242736816406,
      11.745737075805664,
      27.788503646850586,
      14.01098346710205,
      36.799556732177734
    ]
  ],
  "covariance_short": [
    [
      31.033544540405273,
      10.671272277832031,
      5.880932807922363,
      5.094467639923096,
      2.6414315700531006,
      4.718261241912842,
      4.364940643310547,
      4.616922855377197,
      4.428110122680664,
      4.441068649291992,
      4.215646266937256,
      3.7824244499206543,
      3.2357683181762695,
      2.6179256439208984,
      2.8470847606658936,
      6.479432106018066,
      3.094766616821289,
      8.73816204071045
    ],
    [
      10.671272277832031,
      42.6328010559082,
      6.884552001953125,
      10.229537010192871,
      4.026247024536133,
      4.899167537689209,
      3.0760438442230225,
      2.901014566421509,
      4.52375602722168,
      3.9761948585510254,
      3.8689119815826416,
      4.074529647827148,
      3.9174070358276367,
      4.111440181732178,
      3.0309255123138428,
      3.7132492065429688,
      1.8785456418991089,
      2.2757675647735596
    ],
    [
      5.880932807922363,
      6.884552001953125,
      19.033477783203125,
      6.920153617858887,
      6.621273517608643,
      6.508631706237793,
      2.3610057830810547,
      3.798145294189453,
      5.648575305938721,
      4.925428867340088,
      6.114031791687012,
      4.605067729949951,
      6.044530391693115,
      3.817537546157837,
      5.996711730957031,
      6.290382385253906,
      5.553315162658691,
      6.82602596282959
    ],
    [
      5.094467639923096,
      10.229537010192871,
      6.920153617858887,
      15.864866256713867,
      4.143905162811279,
      7.890897750854492,
      0.9022616147994995,
      3.895479440689087,
      3.4785187244415283,
      5.266713619232178,
      3.03769850730896,
      4.902589797973633,
      2.9075822830200195,
      3.472822427749634,
      4.160891532897949,
      6.49800443649292,
      3.649737596511841,
      7.450063228607178
    ],
    [
      2.6414315700531006,
      4.026247024536133,
      6.621273517608643,
      4.143905162811279,
      24.126441955566406,
      8.325267791748047,
      13.693397521972656,
      6.10554838180542,
      7.171550750732422,
      5.989835739135742,
      6.945389270782471,
      5.451589107513428,
      4.21364164352417,
      4.133677959442139,
      3.0934786796569824,
      5.618399620056152,
      4.558078289031982,
      6.478150844573975
    ],
    [
      4.718261241912842,
      4.899167537689209,
      6.508631706237793,
      7.890897750854492,
      8.325267791748047,
      16.646869659423828,
      4.592176914215088,
      7.736383438110352,
      5.936395645141602,
      9.060348510742188,
      4.574826240539551,
      8.287908554077148,
      4.610857009887695,
      6.465338706970215,
      5.317299842834473,
      10.413531303405762,
      5.569600582122803,
      12.602435111999512
    ],
    [
      4.364940643310547,
      3.0760438442230225,
      2.3610057830810547,
      0.9022616147994995,
      13.693397521972656,
      4.592176914215088,
      29.919748306274414,
      9.695250511169434,
      9.581581115722656,
      6.772067546844482,
      9.0482177734375,
      6.151786804199219,
      6.100840091705322,
      5.3422770500183105,
      2.0681560039520264,
      6.338765621185303,
      4.189990997314453,
      7.396695613861084
    ],
    [
      4.616922855377197,
      2.901014566421509,
      3.798145294189453,
      3.895479440689087,
      6.10554838180542,
      7.736383438110352,
      9.695250511169434,
      14.015790939331055,
      6.435342788696289,
      8.313258171081543,
      5.521450996398926,
      8.01054859161377,
      5.352508068084717,
      6.952264308929443,
      4.380832195281982,
      9.828323364257812,
      4.211445331573486,
      10.725302696228027
    ],
    [
      4.428110122680664,
      4.52375602722168,
      5.648575305938721,
      3.4785187244415283,
      7.171550750732422,
      5.936395645141602,
      9.581581115722656,
      6.435342788696289,
      16.548114776611328,
      9.585305213928223,
      10.538724899291992,
      7.962273597717285,
      8.541308403015137,
      6.404743671417236,
      7.209303855895996,
      7.7663445472717285,
      7.622811794281006,
      10.199066162109375
    ],
    [
      4.441068649291992,
      3.9761948585510254,
      4.925428867340088,
      5.266713619232178,
      5.989835739135742,
      9.060348510742188,
      6.772067546844482,
      8.313258171081543,
      9.585305213928223,
      13.92692756652832,
      6.567718505859375,
      10.06203842163086,
      5.977161884307861,
      7.622574329376221,
      5.056154727935791,
      9.528230667114258,
      5.160865306854248,
      12.404744148254395
    ],
    [
      4.215646266937256,
      3.8689119815826416,
      6.114031791687012,
      3.03769850730896,
      6.945389270782471,
      4.574826240539551,
      9.0482177734375,
      5.521450996398926,
      10.538724899291992,
      6.567718505859375,
      15.047163009643555,
      7.584013938903809,
      12.766704559326172,
      8.088479042053223,
      10.248635292053223,
      9.999061584472656,
      8.999061584472656,
      10.405386924743652
    ],
    [
      3.7824244499206543,
      4.074529647827148,
      4.605067729949951,
      4.902589797973633,
      5.451589107513428,
      8.287908554077148,
      6.151786804199219,
      8.01054859161377,
      7.962273597717285,
      10.06203842163086,
      7.584013938903809,
      12.05850887298584,
      8.345185279846191,
      10.887408256530762,
      7.0009236335754395,
      13.75880241394043,
      5.964859485626221,
      13.950139045715332
    ],
    [
      3.2357683181762695,
      3.9174070358276367,
      6.044530391693115,
      2.9075822830200195,
      4.21364164352417,
      4.610857009887695,
      6.100840091705322,
      5.352508068084717,
      8.541308403015137,
      5.977161884307861,
      12.766704559326172,
      8.345185279846191,
      21.89189338684082,
      12.206342697143555,
      19.359397888183594,
      17.167356491088867,
      16.47161293029785,
      16.20252799987793
    ],
    [
      2.6179256439208984,
      4.111440181732178,
      3.817537546157837,
      3.472822427749634,
      4.133677959442139,
      6.465338706970215,
      5.3422770500183105,
      6.952264308929443,
      6.404743671417236,
      7.622574329376221,
      8.088479042053223,
      10.887408256530762,
      12.206342697143555,
      16.126962661743164,
      10.30717945098877,
      20.499088287353516,
      7.65432596206665,
      17.295930862426758
    ],
    [
      2.8470847606658936,
      3.0309255123138428,
      5.996711730957031,
      4.160891532897949,
      3.0934786796569824,
      5.317299842834473,
      2.0681560039520264,
      4.380832195281982,
      7.209303855895996,
      5.056154727935791,
      10.248635292053223,
      7.0009236335754395,
      19.359397888183594,
      10.30717945098877,
      29.12030601501465,
      21.45669174194336,
      24.43337631225586,
      21.64318084716797
    ],
    [
      6.479432106018066,
      3.7132492065429688,
      6.290382385253906,
      6.49800443649292,
      5.618399620056152,
      10.413531303405762,
      6.338765621185303,
      9.828323364257812,
      7.7663445472717285,
      9.528230667114258,
      9.999061584472656,
      13.75880241394043,
      17.167356491088867,
      20.499088287353516,
      21.45669174194336,
      41.50945281982422,
      18.551584243774414,
      38.01144790649414
    ],
    [
      3.094766616821289,
      1.8785456418991089,
      5.553315162658691,
      3.649737596511841,
      4.558078289031982,
      5.569600582122803,
      4.189990997314453,
      4.211445331573486,
      7.622811794281006,
      5.160865306854248,
      8.999061584472656,
      5.964859485626221,
      16.47161293029785,
      7.65432596206665,
      24.43337631225586,
      18.551584243774414,
      32.129756927490234,
      26.92616081237793
    ],
    [
      8.73816204071045,
      2.2757675647735596,
      6.82602596282959,
      7.450063228607178,
      6.478150844573975,
      12.602435111999512,
      7.396695613861084,
      10.725302696228027,
      10.199066162109375,
      12.404744148254395,
      10.405386924743652,
      13.950139045715332,
      16.20252799987793,
      17.295930862426758,
      21.64318084716797,
      38.01144790649414,
      26.92616081237793,
      55.4713134765625
    ]
  ],
  "damage": -4.21931266784668,
  "diff_bandwidth": 680.1587524414062,
  "dissonance": 10.322282583639488,
  "drr": 5.348790645599365,
  "dynamics": 2.271437644958496,
  "format": 1245190,
  "frames": 11747328,
  "loudness": -7.636795997619629,
  "loudness_range": 4.946805000305176,
  "loudness_range_short": 6.268795967102051,
  "lowpass_true_peak_15khz": 2.177212953567505,
  "mastering3_acoustic_entropies": [
    {
      "acoustic_entropy": 5.205143928527832,
      "acoustic_entropy_mono": 5.572317600250244,
      "band_eliminated_acoustic_entropies": [
        {
          "acoustic_entropy": 5.226621150970459,
          "acoustic_entropy_side": 5.203413963317871,
          "hz": 129.47220167065723
        },
        {
          "acoustic_entropy": 5.267430305480957,
          "acoustic_entropy_side": 5.181375503540039,
          "hz": 202.92927478742237
        },
        {
          "acoustic_entropy": 5.742071628570557,
          "acoustic_entropy_side": 5.180509090423584,
          "hz": 282.89161906338205
        },
        {
          "acoustic_entropy": 5.774860382080078,
          "acoustic_entropy_side": 5.163247108459473,
          "hz": 369.9353335868758
        },
        {
          "acoustic_entropy": 5.404568195343018,
          "acoustic_entropy_side": 5.153120517730713,
          "hz": 464.6875360973435
        },
        {
          "acoustic_entropy": 5.278494834899902,
          "acoustic_entropy_side": 5.200680255889893,
          "hz": 567.8308811364784
        },
        {
          "acoustic_entropy": 5.158648490905762,
          "acoustic_entropy_side": 5.230485439300537,
          "hz": 680.1084783214808
        },
        {
          "acoustic_entropy": 5.281879901885986,
          "acoustic_entropy_side": 5.217310905456543,
          "hz": 802.3292461747484
        },
        {
          "acoustic_entropy": 5.490146160125732,
          "acoustic_entropy_side": 5.262500286102295,
          "hz": 935.3737400823702
        },
        {
          "acoustic_entropy": 5.217811584472656,
          "acoustic_entropy_side": 5.2515387535095215,
          "hz": 1080.2004963696966
        },
        {
          "acoustic_entropy": 5.281540870666504,
          "acoustic_entropy_side": 5.344099044799805,
          "hz": 1237.8529382007157
        },
        {
          "acoustic_entropy": 5.32682466506958,
          "acoustic_entropy_side": 5.299768447875977,
          "hz": 1409.4668930556702
        },
        {
          "acoustic_entropy": 5.396644115447998,
          "acoustic_entropy_side": 5.3636579513549805,
          "hz": 1596.2787759475705
        },
        {
          "acoustic_entropy": 4.988062858581543,
          "acoustic_entropy_side": 5.286541938781738,
          "hz": 1799.6344973346393
        },
        {
          "acoustic_entropy": 5.231679916381836,
          "acoustic_entropy_side": 5.242914199829102,
          "hz": 2020.9991599069049
        },
        {
          "acoustic_entropy": 5.538033962249756,
          "acoustic_entropy_side": 5.231447219848633,
          "hz": 2261.9676141086993
        },
        {
          "acoustic_entropy": 5.316878795623779,
          "acoustic_entropy_side": 5.255008697509766,
          "hz": 2524.2759484456974
        },
        {
          "acoustic_entropy": 5.2207770347595215,
          "acoustic_entropy_side": 5.2225728034973145,
          "hz": 2809.813997359896
        },
        {
          "acoustic_entropy": 5.331910610198975,
          "acoustic_entropy_side": 5.213743209838867,
          "hz": 3120.6389567871424
        },
        {
          "acoustic_entropy": 5.496211051940918,
          "acoustic_entropy_side": 5.208680152893066,
          "hz": 3458.990205492291
        },
        {
          "acoustic_entropy": 5.121260643005371,
          "acoustic_entropy_side": 5.208529949188232,
          "hz": 3827.305438964164
        },
        {
          "acoustic_entropy": 5.155063152313232,
          "acoustic_entropy_side": 5.200916767120361,
          "hz": 4228.238232109126
        },
        {
          "acoustic_entropy": 5.202885150909424,
          "acoustic_entropy_side": 5.177096366882324,
          "hz": 4664.6771572759235
        },
        {
          "acoustic_entropy": 5.198678970336914,
          "acoustic_entropy_side": 5.1927900314331055,
          "hz": 5139.766595350093
        },
        {
          "acoustic_entropy": 5.184802532196045,
          "acoustic_entropy_side": 5.197569847106934,
          "hz": 5656.929389854203
        },
        {
          "acoustic_entropy": 5.260318756103516,
          "acoustic_entropy_side": 5.199749946594238,
          "hz": 6219.891507268283
        },
        {
          "acoustic_entropy": 5.230737209320068,
          "acoustic_entropy_side": 5.187542915344238,
          "hz": 6832.70888123896
        },
        {
          "acoustic_entropy": 5.215628623962402,
          "acoustic_entropy_side": 5.205186367034912,
          "hz": 7499.796634079867
        },
        {
          "acoustic_entropy": 5.194824695587158,
          "acoustic_entropy_side": 5.201466083526611,
          "hz": 8225.96088609342
        },
        {
          "acoustic_entropy": 5.183401107788086,
          "acoustic_entropy_side": 5.189121246337891,
          "hz": 9016.43338188839
        },
        {
          "acoustic_entropy": 5.192510604858398,
          "acoustic_entropy_side": 5.2144293785095215,
          "hz": 9876.909183162974
        },
        {
          "acoustic_entropy": 5.190727233886719,
          "acoustic_entropy_side": 5.234378337860107,
          "hz": 10813.587699516042
        },
        {
          "acoustic_entropy": 5.237939834594727,
          "acoustic_entropy_side": 5.249248504638672,
          "hz": 11833.21735289826
        },
        {
          "acoustic_entropy": 5.249006271362305,
          "acoustic_entropy_side": 5.2453789710998535,
          "hz": 12943.144197493959
        },
        {
          "acoustic_entropy": 5.232438087463379,
          "acoustic_entropy_side": 5.223388671875,
          "hz": 14151.364845322005
        },
        {
          "acoustic_entropy": 5.211697578430176,
          "acoustic_entropy_side": 5.213459491729736,
          "hz": 15466.58407886509
        },
        {
          "acoustic_entropy": 5.223845481872559,
          "acoustic_entropy_side": 5.214355945587158,
          "hz": 16898.27756580493
        },
        {
          "acoustic_entropy": 5.215635776519775,
          "acoustic_entropy_side": 5.210444927215576,
          "hz": 18456.760127700032
        },
        {
          "acoustic_entropy": 5.204604625701904,
          "acoustic_entropy_side": 5.206096172332764,
          "hz": 20153.260054456492
        },
        {
          "acoustic_entropy": 5.204983234405518,
          "acoustic_entropy_side": 5.205156326293945,
          "hz": 22000.00000000001
        }
      ],
      "diff_acoustic_entropy": 5.6990227699279785,
      "sn": 6
    },
    {
      "acoustic_entropy": 9.189555168151855,
      "acoustic_entropy_mono": 9.292875289916992,
      "band_eliminated_acoustic_entropies": [
        {
          "acoustic_entropy": 8.779281616210938,
          "acoustic_entropy_side": 9.127321243286133,
          "hz": 129.47220167065723
        },
        {
          "acoustic_entropy": 9.19640064239502,
          "acoustic_entropy_side": 9.096331596374512,
          "hz": 202.92927478742237
        },
        {
          "acoustic_entropy": 9.396059036254883,
          "acoustic_entropy_side": 9.326737403869629,
          "hz": 282.89161906338205
        },
        {
          "acoustic_entropy": 9.81389331817627,
          "acoustic_entropy_side": 9.242531776428223,
          "hz": 369.9353335868758
        },
        {
          "acoustic_entropy": 9.568645477294922,
          "acoustic_entropy_side": 9.462213516235352,
          "hz": 464.6875360973435
        },
        {
          "acoustic_entropy": 9.57418155670166,
          "acoustic_entropy_side": 9.118098258972168,
          "hz": 567.8308811364784
        },
        {
          "acoustic_entropy": 9.382013320922852,
          "acoustic_entropy_side": 8.986067771911621,
          "hz": 680.1084783214808
        },
        {
          "acoustic_entropy": 9.187224388122559,
          "acoustic_entropy_side": 8.971626281738281,
          "hz": 802.3292461747484
        },
        {
          "acoustic_entropy": 9.895127296447754,
          "acoustic_entropy_side": 9.258663177490234,
          "hz": 935.3737400823702
        },
        {
          "acoustic_entropy": 9.847856521606445,
          "acoustic_entropy_side": 9.314156532287598,
          "hz": 1080.2004963696966
        },
        {
          "acoustic_entropy": 9.469080924987793,
          "acoustic_entropy_side": 9.4696683883667,
          "hz": 1237.8529382007157
        },
        {
          "acoustic_entropy": 9.483025550842285,
          "acoustic_entropy_side": 9.479349136352539,
          "hz": 1409.4668930556702
        },
        {
          "acoustic_entropy": 9.888303756713867,
          "acoustic_entropy_side": 9.397713661193848,
          "hz": 1596.2787759475705
        },
        {
          "acoustic_entropy": 8.881718635559082,
          "acoustic_entropy_side": 9.547784805297852,
          "hz": 1799.6344973346393
        },
        {
          "acoustic_entropy": 9.376198768615723,
          "acoustic_entropy_side": 9.195423126220703,
          "hz": 2020.9991599069049
        },
        {
          "acoustic_entropy": 8.86865520477295,
          "acoustic_entropy_side": 9.219402313232422,
          "hz": 2261.9676141086993
        },
        {
          "acoustic_entropy": 9.30614185333252,
          "acoustic_entropy_side": 9.125462532043457,
          "hz": 2524.2759484456974
        },
        {
          "acoustic_entropy": 9.184090614318848,
          "acoustic_entropy_side": 9.121618270874023,
          "hz": 2809.813997359896
        },
        {
          "acoustic_entropy": 9.116533279418945,
          "acoustic_entropy_side": 9.157927513122559,
          "hz": 3120.6389567871424
        },
        {
          "acoustic_entropy": 8.95526123046875,
          "acoustic_entropy_side": 9.17961311340332,
          "hz": 3458.990205492291
        },
        {
          "acoustic_entropy": 8.977560997009277,
          "acoustic_entropy_side": 9.206169128417969,
          "hz": 3827.305438964164
        },
        {
          "acoustic_entropy": 9.29852294921875,
          "acoustic_entropy_side": 9.233625411987305,
          "hz": 4228.238232109126
        },
        {
          "acoustic_entropy": 9.37572956085205,
          "acoustic_entropy_side": 9.263629913330078,
          "hz": 4664.6771572759235
        },
        {
          "acoustic_entropy": 9.191388130187988,
          "acoustic_entropy_side": 9.229260444641113,
          "hz": 5139.766595350093
        },
        {
          "acoustic_entropy": 9.137369155883789,
          "acoustic_entropy_side": 9.226444244384766,
          "hz": 5656.929389854203
        },
        {
          "acoustic_entropy": 9.06678295135498,
          "acoustic_entropy_side": 9.078503608703613,
          "hz": 6219.891507268283
        },
        {
          "acoustic_entropy": 9.050287246704102,
          "acoustic_entropy_side": 9.075444221496582,
          "hz": 6832.70888123896
        },
        {
          "acoustic_entropy": 9.031038284301758,
          "acoustic_entropy_side": 9.113983154296875,
          "hz": 7499.796634079867
        },
        {
          "acoustic_entropy": 8.98537826538086,
          "acoustic_entropy_side": 9.08431339263916,
          "hz": 8225.96088609342
        },
        {
          "acoustic_entropy": 8.986176490783691,
          "acoustic_entropy_side": 9.078817367553711,
          "hz": 9016.43338188839
        },
        {
          "acoustic_entropy": 8.936919212341309,
          "acoustic_entropy_side": 9.092615127563477,
          "hz": 9876.909183162974
        },
        {
          "acoustic_entropy": 8.944485664367676,
          "acoustic_entropy_side": 9.097060203552246,
          "hz": 10813.587699516042
        },
        {
          "acoustic_entropy": 9.122790336608887,
          "acoustic_entropy_side": 9.140942573547363,
          "hz": 11833.21735289826
        },
        {
          "acoustic_entropy": 9.13692569732666,
          "acoustic_entropy_side": 9.138388633728027,
          "hz": 12943.144197493959
        },
        {
          "acoustic_entropy": 9.005194664001465,
          "acoustic_entropy_side": 9.135687828063965,
          "hz": 14151.364845322005
        },
        {
          "acoustic_entropy": 8.995169639587402,
          "acoustic_entropy_side": 9.164925575256348,
          "hz": 15466.58407886509
        },
        {
          "acoustic_entropy": 9.015772819519043,
          "acoustic_entropy_side": 9.195902824401855,
          "hz": 16898.27756580493
        },
        {
          "acoustic_entropy": 9.019905090332031,
          "acoustic_entropy_side": 9.187417030334473,
          "hz": 18456.760127700032
        },
        {
          "acoustic_entropy": 9.121461868286133,
          "acoustic_entropy_side": 9.192602157592773,
          "hz": 20153.260054456492
        },
        {
          "acoustic_entropy": 9.195404052734375,
          "acoustic_entropy_side": 9.18980884552002,
          "hz": 22000.00000000001
        }
      ],
      "diff_acoustic_entropy": 9.344515800476074,
      "sn": 12
    },
    {
      "acoustic_entropy": 15.058082580566406,
      "acoustic_entropy_mono": 12.850076675415039,
      "band_eliminated_acoustic_entropies": [
        {
          "acoustic_entropy": 14.428598403930664,
          "acoustic_entropy_side": 15.402593612670898,
          "hz": 129.47220167065723
        },
        {
          "acoustic_entropy": 15.094316482543945,
          "acoustic_entropy_side": 15.034305572509766,
          "hz": 202.92927478742237
        },
        {
          "acoustic_entropy": 14.738810539245605,
          "acoustic_entropy_side": 15.296302795410156,
          "hz": 282.89161906338205
        },
        {
          "acoustic_entropy": 14.47135066986084,
          "acoustic_entropy_side": 15.000387191772461,
          "hz": 369.9353335868758
        },
        {
          "acoustic_entropy": 14.782955169677734,
          "acoustic_entropy_side": 14.783910751342773,
          "hz": 464.6875360973435
        },
        {
          "acoustic_entropy": 14.825553894042969,
          "acoustic_entropy_side": 15.057129859924316,
          "hz": 567.8308811364784
        },
        {
          "acoustic_entropy": 13.602815628051758,
          "acoustic_entropy_side": 15.023676872253418,
          "hz": 680.1084783214808
        },
        {
          "acoustic_entropy": 15.257745742797852,
          "acoustic_entropy_side": 15.048205375671387,
          "hz": 802.3292461747484
        },
        {
          "acoustic_entropy": 14.803040504455566,
          "acoustic_entropy_side": 15.024604797363281,
          "hz": 935.3737400823702
        },
        {
          "acoustic_entropy": 14.528061866760254,
          "acoustic_entropy_side": 14.900339126586914,
          "hz": 1080.2004963696966
        },
        {
          "acoustic_entropy": 14.157966613769531,
          "acoustic_entropy_side": 15.140026092529297,
          "hz": 1237.8529382007157
        },
        {
          "acoustic_entropy": 15.15246295928955,
          "acoustic_entropy_side": 15.269328117370605,
          "hz": 1409.4668930556702
        },
        {
          "acoustic_entropy": 15.061118125915527,
          "acoustic_entropy_side": 14.735794067382812,
          "hz": 1596.2787759475705
        },
        {
          "acoustic_entropy": 14.39560317993164,
          "acoustic_entropy_side": 14.621786117553711,
          "hz": 1799.6344973346393
        },
        {
          "acoustic_entropy": 15.010866165161133,
          "acoustic_entropy_side": 15.172529220581055,
          "hz": 2020.9991599069049
        },
        {
          "acoustic_entropy": 14.745121002197266,
          "acoustic_entropy_side": 15.142511367797852,
          "hz": 2261.9676141086993
        },
        {
          "acoustic_entropy": 14.694741249084473,
          "acoustic_entropy_side": 14.466422080993652,
          "hz": 2524.2759484456974
        },
        {
          "acoustic_entropy": 14.90211296081543,
          "acoustic_entropy_side": 14.692102432250977,
          "hz": 2809.813997359896
        },
        {
          "acoustic_entropy": 15.023784637451172,
          "acoustic_entropy_side": 15.327994346618652,
          "hz": 3120.6389567871424
        },
        {
          "acoustic_entropy": 14.903498649597168,
          "acoustic_entropy_side": 15.129067420959473,
          "hz": 3458.990205492291
