{
  "acoustic_entropy": 103.72924041748047,
  "bands": [
    {
      "high_freq": 148.1999969482422,
      "loudness": -27.52655029296875,
      "loudness_range": 18.90681266784668,
      "mid_mean": -25.025541305541992,
      "mid_to_side_loudness": -9.330856323242188,
      "mid_to_side_loudness_range": 24.57602310180664,
      "side_mean": -69.76947784423828
    },
    {
      "high_freq": 392.3793640136719,
      "loudness": -21.0101261138916,
      "loudness_range": 15.705676078796387,
      "low_freq": 148.1999969482422,
      "mid_mean": -17.58092498779297,
      "mid_to_side_loudness": -10.447169303894043,
      "mid_to_side_loudness_range": 25.097736358642578,
      "side_mean": -69.35334014892578
    },
    {
      "high_freq": 794.6976318359375,
      "loudness": -21.79892921447754,
      "loudness_range": 19.59206771850586,
      "low_freq": 392.3793640136719,
      "mid_mean": -18.432750701904297,
      "mid_to_side_loudness": -9.911996841430664,
      "mid_to_side_loudness_range": 25.04960060119629,
      "side_mean": -69.56913757324219
    },
    {
      "high_freq": 1457.5709228515625,
      "loudness": -28.56968116760254,
      "loudness_range": 21.032550811767578,
      "low_freq": 794.6976318359375,
      "mid_mean": -25.392026901245117,
      "mid_to_side_loudness": -9.953660011291504,
      "mid_to_side_loudness_range": 26.066015243530273,
      "side_mean": -69.76239013671875
    },
    {
      "high_freq": 2549.74365234375,
      "loudness": -32.952171325683594,
      "loudness_range": 23.86669921875,
      "low_freq": 1457.5709228515625,
      "mid_mean": -29.72881507873535,
      "mid_to_side_loudness": -11.904231071472168,
      "mid_to_side_loudness_range": 28.690662384033203,
      "side_mean": -69.91215515136719
    },
    {
      "high_freq": 4349.24462890625,
      "loudness": -44.16578674316406,
      "loudness_range": 26.798646926879883,
      "low_freq": 2549.74365234375,
      "mid_mean": -40.819740295410156,
      "mid_to_side_loudness": -15.471006393432617,
      "mid_to_side_loudness_range": 32.39727783203125,
      "side_mean": -69.95001220703125
    },
    {
      "high_freq": 7314.1640625,
      "loudness": -59.34754180908203,
      "loudness_range": 30.61513900756836,
      "low_freq": 4349.24462890625,
      "mid_mean": -61.256649017333984,
      "mid_to_side_loudness": -16.16714096069336,
      "mid_to_side_loudness_range": 37.644447326660156,
      "side_mean": -69.981689453125
    },
    {
      "high_freq": 12199.2666015625,
      "loudness": -57.04891586303711,
      "loudness_range": 36.621315002441406,
      "low_freq": 7314.1640625,
      "mid_mean": -65.42736053466797,
      "mid_to_side_loudness": -20.919477462768555,
      "mid_to_side_loudness_range": 50.06111145019531,
      "side_mean": -69.95167541503906
    },
    {
      "loudness": -72.44353485107422,
      "loudness_range": 24.475872039794922,
      "low_freq": 12199.2666015625,
      "mid_mean": -67.21986389160156,
      "mid_to_side_loudness": -1.854874849319458,
      "mid_to_side_loudness_range": 2.653838872909546,
      "side_mean": -69.01148986816406
    }
  ],
  "bands_short": [
    {
      "high_freq": 148.1999969482422,
      "loudness": -32.58576202392578,
      "loudness_range": 26.630638122558594,
      "mid_mean": -30.562257766723633,
      "mid_to_side_loudness": -7.2010650634765625,
      "mid_to_side_loudness_range": 26.926523208618164,
      "side_mean": -69.93273162841797
    },
    {
      "high_freq": 392.3793640136719,
      "loudness": -20.762475967407227,
      "loudness_range": 15.660362243652344,
      "low_freq": 148.1999969482422,
      "mid_mean": -17.478551864624023,
      "mid_to_side_loudness": -8.405116081237793,
      "mid_to_side_loudness_range": 20.54657554626465,
      "side_mean": -69.47108459472656
    },
    {
      "high_freq": 794.6976318359375,
      "loudness": -22.509593963623047,
      "loudness_range": 22.142955780029297,
      "low_freq": 392.3793640136719,
      "mid_mean": -19.367568969726562,
      "mid_to_side_loudness": -7.324031352996826,
      "mid_to_side_loudness_range": 20.312097549438477,
      "side_mean": -69.63551330566406
    },
    {
      "high_freq": 1457.5709228515625,
      "loudness": -26.737497329711914,
      "loudness_range": 17.772798538208008,
      "low_freq": 794.6976318359375,
      "mid_mean": -23.81534767150879,
      "mid_to_side_loudness": -7.404659271240234,
      "mid_to_side_loudness_range": 21.658205032348633,
      "side_mean": -69.8060073852539
    },
    {
      "high_freq": 2549.74365234375,
      "loudness": -33.2882080078125,
      "loudness_range": 24.560718536376953,
      "low_freq": 1457.5709228515625,
      "mid_mean": -30.256803512573242,
      "mid_to_side_loudness": -7.2769293785095215,
      "mid_to_side_loudness_range": 22.28095054626465,
      "side_mean": -69.9295654296875
    },
    {
      "high_freq": 4349.24462890625,
      "loudness": -45.073463439941406,
      "loudness_range": 28.45038604736328,
      "low_freq": 2549.74365234375,
      "mid_mean": -42.16423797607422,
      "mid_to_side_loudness": -9.462185859680176,
      "mid_to_side_loudness_range": 28.35823631286621,
      "side_mean": -69.9596176147461
    },
    {
      "high_freq": 7314.1640625,
      "loudness": -62.18605422973633,
      "loudness_range": 31.375213623046875,
      "low_freq": 4349.24462890625,
      "mid_mean": -62.2119026184082,
      "mid_to_side_loudness": -7.752812385559082,
      "mid_to_side_loudness_range": 26.35158348083496,
      "side_mean": -69.98595428466797
    },
    {
      "high_freq": 12199.2666015625,
      "loudness": -58.03586959838867,
      "loudness_range": 36.24497604370117,
      "low_freq": 7314.1640625,
      "mid_mean": -66.71027374267578,
      "mid_to_side_loudness": -6.404319763183594,
      "mid_to_side_loudness_range": 29.232545852661133,
      "side_mean": -69.96194458007812
    },
    {
      "loudness": -74.71603393554688,
      "loudness_range": 11.287139892578125,
      "low_freq": 12199.2666015625,
      "mid_mean": -67.75517272949219,
      "mid_to_side_loudness": -1.8591736555099487,
      "mid_to_side_loudness_range": 3.461249351501465,
      "side_mean": -69.02330017089844
    }
  ],
  "bandwidth": 533.5242309570312,
  "channels": 2,
  "covariance": [
    [
      78.969482421875,
      -2.403158664703369,
      14.54239273071289,
      -10.260263442993164,
      29.96028709411621,
      -6.1147990226745605,
      38.199275970458984,
      -3.297250270843506,
      38.03082275390625,
      -1.212467908859253,
      21.67306137084961,
      -0.7710748910903931,
      -4.178444862365723,
      -0.3481900095939636,
      -41.57176971435547,
      -0.7561790943145752,
      -25.717374801635742,
      0.030382180586457253
    ],
    [
      -2.403158664703369,
      4.090722560882568,
      0.020819567143917084,
      8.26655101776123,
      -1.9537136554718018,
      6.13023042678833,
      -1.6856073141098022,
      3.5904479026794434,
      -2.5729081630706787,
      1.1990275382995605,
      -1.4190058708190918,
      0.5655572414398193,
      2.3775055408477783,
      0.1496952325105667,
      5.5524373054504395,
      0.6259802579879761,
      3.592787742614746,
      -2.2040099793230183e-05
    ],
    [
      14.54239273071289,
      0.020819567143917084,
      38.90695571899414,
      0.6678829193115234,
      27.048748016357422,
      0.6385814547538757,
      28.50230598449707,
      0.7018569111824036,
      32.629791259765625,
      0.33093464374542236,
      32.30860900878906,
      0.11618826538324356,
      30.5102596282959,
      -0.04073934257030487,
      9.314208984375,
      0.015775518491864204,
      1.1897761821746826,
      0.006776586174964905
    ],
    [
      -10.260263442993164,
      8.26655101776123,
      0.6678829193115234,
      22.62721824645996,
      -5.831151008605957,
      15.564528465270996,
      -4.768549919128418,
      9.080388069152832,
      -6.633444786071777,
      3.2896506786346436,
      -2.4153635501861572,
      1.7401760816574097,
      7.022543907165527,
      0.5254957675933838,
      14.921323776245117,
      1.6611331701278687,
      9.687668800354004,
      0.042968861758708954
    ],
    [
      29.96028709411621,
      -1.9537136554718018,
      27.048748016357422,
      -5.831151008605957,
      53.10222625732422,
      -3.671658992767334,
      47.6211051940918,
      -1.944696307182312,
      52.10919952392578,
      -0.6143673658370972,
      46.872474670410156,
      -0.3752036988735199,
      36.67169189453125,
      -0.19494518637657166,
      -3.7263686656951904,
      -0.44331979751586914,
      -9.656061172485352,
      -0.003780203405767679
    ],
    [
      -6.1147990226745605,
      6.13023042678833,
      0.6385814547538757,
      15.564528465270996,
      -3.671658992767334,
      11.257613182067871,
      -3.3551719188690186,
      6.5538649559021,
      -4.702513217926025,
      2.3397347927093506,
      -1.5474923849105835,
      1.2421742677688599,
      5.111820697784424,
      0.37996068596839905,
      10.591103553771973,
      1.2265231609344482,
      6.8193511962890625,
      0.038816437125205994
    ],
    [
      38.199275970458984,
      -1.6856073141098022,
      28.50230598449707,
      -4.768549919128418,
      47.6211051940918,
      -3.3551719188690186,
      67.50177001953125,
      -1.5319803953170776,
      58.446929931640625,
      -0.6262564659118652,
      53.84872817993164,
      -0.4014504551887512,
      34.84095001220703,
      -0.1178402453660965,
      -10.761707305908203,
      -0.33267155289649963,
      -14.063592910766602,
      0.004356520716100931
    ],
    [
      -3.297250270843506,
      3.5904479026794434,
      0.7018569111824036,
      9.080388069152832,
      -1.944696307182312,
      6.5538649559021,
      -1.5319803953170776,
      4.172582149505615,
      -2.4166252613067627,
      1.4384479522705078,
      -0.6443566083908081,
      0.7004702687263489,
      2.848130941390991,
      0.18561451137065887,
      6.045978546142578,
      0.704965353012085,
      3.8976528644561768,
      0.02053162455558777
    ],
    [
      38.03082275390625,
      -2.5729081630706787,
      32.629791259765625,
      -6.633444786071777,
      52.10919952392578,
      -4.702513217926025,
      58.446929931640625,
      -2.4166252613067627,
      77.2325668334961,
      -0.7332561612129211,
      66.03599548339844,
      -0.44983893632888794,
      51.153072357177734,
      -0.2565653622150421,
      -6.686060428619385,
      -0.5603523254394531,
      -15.42184829711914,
      -0.025166573002934456
    ],
    [
      -1.212467908859253,
      1.1990275382995605,
      0.33093464374542236,
      3.2896506786346436,
      -0.6143673658370972,
      2.3397347927093506,
      -0.6262564659118652,
      1.4384479522705078,
      -0.7332561612129211,
      0.6093898415565491,
      0.026399660855531693,
      0.32943883538246155,
      1.1380311250686646,
      0.07842050492763519,
      2.2172229290008545,
      0.2587447166442871,
      1.3983982801437378,
      0.00980632659047842
    ],
    [
      21.67306137084961,
      -1.4190058708190918,
      32.30860900878906,
      -2.4153635501861572,
      46.872474670410156,
      -1.5474923849105835,
      53.84872817993164,
      -0.6443566083908081,
      66.03599548339844,
      0.026399660855531693,
      83.50155639648438,
      0.1906890869140625,
      71.38500213623047,
      0.05770507827401161,
      20.76677894592285,
      0.006858078297227621,
      -1.9810590744018555,
      0.013604465872049332
    ],
    [
      -0.7710748910903931,
      0.5655572414398193,
      0.11618826538324356,
      1.7401760816574097,
      -0.3752036988735199,
      1.2421742677688599,
      -0.4014504551887512,
      0.7004702687263489,
      -0.44983893632888794,
      0.32943883538246155,
      0.1906890869140625,
      0.2521810233592987,
      0.8154138326644897,
      0.08749618381261826,
      1.3403692245483398,
      0.19455833733081818,
      0.8860428333282471,
      0.01516816858202219
    ],
    [
      -4.178444862365723,
      2.3775055408477783,
      30.5102596282959,
      7.022543907165527,
      36.67169189453125,
      5.111820697784424,
      34.84095001220703,
      2.848130941390991,
      51.153072357177734,
      1.1380311250686646,
      71.38500213623047,
      0.8154138326644897,
      101.99335479736328,
      0.37015512585639954,
      64.23033142089844,
      0.7728770971298218,
      23.080711364746094,
      0.15315766632556915
    ],
    [
      -0.3481900095939636,
      0.1496952325105667,
      -0.04073934257030487,
      0.5254957675933838,
      -0.19494518637657166,
      0.37996068596839905,
      -0.1178402453660965,
      0.18561451137065887,
      -0.2565653622150421,
      0.07842050492763519,
      0.05770507827401161,
      0.08749618381261826,
      0.37015512585639954,
      0.057106416672468185,
      0.5306811332702637,
      0.09262945502996445,
      0.373786598443985,
      0.011701018549501896
    ],
    [
      -41.57176971435547,
      5.5524373054504395,
      9.314208984375,
      14.921323776245117,
      -3.7263686656951904,
      10.591103553771973,
      -10.761707305908203,
      6.045978546142578,
      -6.686060428619385,
      2.2172229290008545,
      20.76677894592285,
      1.3403692245483398,
      64.23033142089844,
      0.5306811332702637,
      83.56671142578125,
      1.3455631732940674,
      43.078758239746094,
      0.042878393083810806
    ],
    [
      -0.7561790943145752,
      0.6259802579879761,
      0.015775518491864204,
      1.6611331701278687,
      -0.44331979751586914,
      1.2265231609344482,
      -0.33267155289649963,
      0.704965353012085,
      -0.5603523254394531,
      0.2587447166442871,
      0.006858078297227621,
      0.19455833733081818,
      0.7728770971298218,
      0.09262945502996445,
      1.3455631732940674,
      0.20705921947956085,
      0.913852870464325,
      0.017255978658795357
    ],
    [
      -25.717374801635742,
      3.592787742614746,
      1.1897761821746826,
      9.687668800354004,
      -9.656061172485352,
      6.8193511962890625,
      -14.063592910766602,
      3.8976528644561768,
      -15.42184829711914,
      1.3983982801437378,
      -1.9810590744018555,
      0.8860428333282471,
      23.080711364746094,
      0.373786598443985,
      43.078758239746094,
      0.913852870464325,
      30.23641014099121,
      0.02997838333249092
    ],
    [
      0.030382180586457253,
      -2.2040099793230183e-05,
      0.006776586174964905,
      0.042968861758708954,
      -0.003780203405767679,
      0.038816437125205994,
      0.004356520716100931,
      0.02053162455558777,
      -0.025166573002934456,
      0.00980632659047842,
      0.013604465872049332,
      0.01516816858202219,
      0.15315766632556915,
      0.011701018549501896,
      0.042878393083810806,
      0.017255978658795357,
      0.02997838333249092,
      0.020552879199385643
    ]
  ],
  "covariance_short": [
    [
      124.91127014160156,
      -1.2485846281051636,
      13.249231338500977,
      -11.513570785522461,
      27.55808448791504,
      -8.157729148864746,
      36.93769073486328,
      -4.465998649597168,
      37.39980697631836,
      -1.6257139444351196,
      32.57910919189453,
      -0.8904632925987244,
      -6.002843379974365,
      -0.27658745646476746,
      -39.31488800048828,
      -0.8354763984680176,
      -18.32217025756836,
      -0.006616594735532999
    ],
    [
      -1.2485846281051636,
      0.4969481825828552,
      -0.04796379432082176,
      2.375425100326538,
      -0.7643082141876221,
      1.6759709119796753,
      -0.811137318611145,
      0.943543016910553,
      -0.803055465221405,
      0.31167227029800415,
      -0.6402633190155029,
      0.15288668870925903,
      0.5933669805526733,
      0.030767913907766342,
      1.4728001356124878,
      0.16219550371170044,
      0.8599149584770203,
      -6.726396350131836e-06
    ],
    [
      13.249231338500977,
      -0.04796379432082176,
      43.40333938598633,
      0.26446762681007385,
      34.680667877197266,
      0.11896318197250366,
      31.648649215698242,
      0.5050129890441895,
      38.06858444213867,
      0.23704417049884796,
      36.85390090942383,
      0.04864466190338135,
      27.001047134399414,
      -0.10734544694423676,
      -2.2153496742248535,
      -0.05816559121012688,
      -6.689210414886475,
      0.015256758779287338
    ],
    [
      -11.513570785522461,
      2.375425100326538,
      0.26446762681007385,
      18.323673248291016,
      -5.055213928222656,
      12.799447059631348,
      -5.636157512664795,
      7.366261959075928,
      -5.374362945556641,
      2.627641439437866,
      -3.3761799335479736,
      1.3932195901870728,
      5.043288707733154,
      0.3800089657306671,
      11.52265739440918,
      1.2998080253601074,
      6.682835578918457,
      0.048089947551488876
    ],
    [
      27.55808448791504,
      -0.7643082141876221,
      34.680667877197266,
      -5.055213928222656,
      68.64122772216797,
      -3.0486648082733154,
      47.8475227355957,
      -1.4339988231658936,
      57.8806266784668,
      -0.3442494571208954,
      58.3935661315918,
      -0.2345513105392456,
      35.51456069946289,
      -0.14906567335128784,
      -6.619853496551514,
      -0.27465900778770447,
      -10.465755462646484,
      0.02495231293141842
    ],
    [
      -8.157729148864746,
      1.6759709119796753,
      0.11896318197250366,
      12.799447059631348,
      -3.0486648082733154,
      9.612106323242188,
      -3.8239927291870117,
      5.450176239013672,
      -3.7773594856262207,
      1.9977437257766724,
      -2.074542284011841,
      1.0826051235198975,
      3.7626113891601562,
      0.3193473219871521,
      8.571554183959961,
      1.0528185367584229,
      4.973653316497803,
      0.05069278925657272
    ],
    [
      36.93769073486328,
      -0.811137318611145,
      31.648649215698242,
      -5.636157512664795,
      47.8475227355957,
      -3.8239927291870117,
      62.42844009399414,
      -1.610662817955017,
      58.8754768371582,
      -0.5930119752883911,
      55.229637145996094,
      -0.4153211712837219,
      32.325233459472656,
      -0.19497059285640717,
      -14.28789234161377,
      -0.3723941743373871,
      -12.321578979492188,
      -0.001888972008600831
    ],
    [
      -4.465998649597168,
      0.943543016910553,
      0.5050129890441895,
      7.366261959075928,
      -1.4339988231658936,
      5.450176239013672,
      -1.610662817955017,
      3.588041305541992,
      -2.0435867309570312,
      1.2508443593978882,
      -0.784130871295929,
      0.6163696646690369,
      2.2235686779022217,
      0.16330184042453766,
      4.989307403564453,
      0.6374162435531616,
      2.8831875324249268,
      0.029813382774591446
    ],
    [
      37.39980697631836,
      -0.803055465221405,
      38.06858444213867,
      -5.374362945556641,
      57.8806266784668,
      -3.7773594856262207,
      58.8754768371582,
      -2.0435867309570312,
      84.25711822509766,
      -0.5618200898170471,
      74.10176086425781,
      -0.36033737659454346,
      53.107208251953125,
      -0.16439256072044373,
      -7.357203960418701,
      -0.4215666651725769,
      -12.337579727172852,
      -0.001913457177579403
    ],
    [
      -1.6257139444351196,
      0.31167227029800415,
      0.23704417049884796,
      2.627641439437866,
      -0.3442494571208954,
      1.9977437257766724,
      -0.5930119752883911,
      1.2508443593978882,
      -0.5618200898170471,
      0.5862049460411072,
      -0.008297894150018692,
      0.29916852712631226,
      0.8734694123268127,
      0.06758397072553635,
      1.859015703201294,
      0.2411271333694458,
      1.0602253675460815,
      0.011930817738175392
    ],
    [
      32.57910919189453,
      -0.6402633190155029,
      36.85390090942383,
      -3.3761799335479736,
      58.3935661315918,
      -2.074542284011841,
      55.229637145996094,
      -0.784130871295929,
      74.10176086425781,
      -0.008297894150018692,
      99.95335388183594,
      0.24093374609947205,
      69.01502227783203,
      0.07931570708751678,
      9.368844985961914,
      0.06322328001260757,
      -4.5428595542907715,
      0.03941582515835762
    ],
    [
      -0.8904632925987244,
      0.15288668870925903,
      0.04864466190338135,
      1.3932195901870728,
      -0.2345513105392456,
      1.0826051235198975,
      -0.4153211712837219,
      0.6163696646690369,
      -0.36033737659454346,
      0.29916852712631226,
      0.24093374609947205,
      0.2506934404373169,
      0.6591116189956665,
      0.08068817108869553,
      1.1191052198410034,
      0.18073652684688568,
      0.6797361969947815,
      0.017801184207201004
    ],
    [
      -6.002843379974365,
      0.5933669805526733,
      27.001047134399414,
      5.043288707733154,
      35.51456069946289,
      3.7626113891601562,
      32.325233459472656,
      2.2235686779022217,
      53.107208251953125,
      0.8734694123268127,
      69.01502227783203,
      0.6591116189956665,
      88.17083740234375,
      0.28773972392082214,
      43.73748016357422,
      0.6107578277587891,
      14.234326362609863,
      0.15921369194984436
    ],
    [
      -0.27658745646476746,
      0.030767913907766342,
      -0.10734544694423676,
      0.3800089657306671,
      -0.14906567335128784,
      0.3193473219871521,
      -0.19497059285640717,
      0.16330184042453766,
      -0.16439256072044373,
      0.06758397072553635,
      0.07931570708751678,
      0.08068817108869553,
      0.28773972392082214,
      0.0600271075963974,
      0.4195849895477295,
      0.08921713382005692,
      0.2819777727127075,
      0.017406214028596878
    ],
    [
      -39.31488800048828,
      1.4728001356124878,
      -2.2153496742248535,
      11.52265739440918,
      -6.619853496551514,
      8.571554183959961,
      -14.28789234161377,
      4.989307403564453,
      -7.357203960418701,
      1.859015703201294,
      9.368844985961914,
      1.1191052198410034,
      43.73748016357422,
      0.4195849895477295,
      60.94671630859375,
      1.1267876625061035,
      28.03251075744629,
      0.04046829044818878
    ],
    [
      -0.8354763984680176,
      0.16219550371170044,
      -0.05816559121012688,
      1.2998080253601074,
      -0.27465900778770447,
      1.0528185367584229,
      -0.3723941743373871,
      0.6374162435531616,
      -0.4215666651725769,
      0.2411271333694458,
      0.06322328001260757,
      0.18073652684688568,
      0.6107578277587891,
      0.08921713382005692,
      1.1267876625061035,
      0.2094506174325943,
      0.7039628028869629,
      0.02731120027601719
    ],
    [
      -18.32217025756836,
      0.8599149584770203,
      -6.689210414886475,
      6.682835578918457,
      -10.465755462646484,
      4.973653316497803,
      -12.321578979492188,
      2.8831875324249268,
      -12.337579727172852,
      1.0602253675460815,
      -4.5428595542907715,
      0.6797361969947815,
      14.234326362609863,
      0.2819777727127075,
      28.03251075744629,
      0.7039628028869629,
      18.49359893798828,
      0.038006410002708435
    ],
    [
      -0.006616594735532999,
      -6.726396350131836e-06,
      0.015256758779287338,
      0.048089947551488876,
      0.02495231293141842,
      0.05069278925657272,
      -0.001888972008600831,
      0.029813382774591446,
      -0.001913457177579403,
      0.011930817738175392,
      0.03941582515835762,
      0.017801184207201004,
      0.15921369194984436,
      0.017406214028596878,
      0.04046829044818878,
      0.02731120027601719,
      0.038006410002708435,
      0.03456965461373329
    ]
  ],
  "damage": -4.531009674072266,
  "diff_bandwidth": 589.0707397460938,
  "dissonance": 2.448131518492161,
  "drr": 0.9178815484046936,
  "dynamics": 5.239821910858154,
  "format": 1245190,
  "frames": 9610176,
  "loudness": -12.78299331665039,
  "loudness_range": 14.858626365661621,
  "loudness_range_short": 16.545839309692383,
  "lowpass_true_peak_15khz": -0.44303348660469055,
  "mastering3_acoustic_entropies": [
    {
      "acoustic_entropy": 6.4415202140808105,
      "acoustic_entropy_mono": 6.441563129425049,
      "band_eliminated_acoustic_entropies": [
        {
          "acoustic_entropy": 6.555062294006348,
          "acoustic_entropy_side": 6.4415202140808105,
          "hz": 129.47220167065723
        },
        {
          "acoustic_entropy": 6.504542827606201,
          "acoustic_entropy_side": 6.441518306732178,
          "hz": 202.92927478742237
        },
        {
          "acoustic_entropy": 5.895915985107422,
          "acoustic_entropy_side": 6.441492080688477,
          "hz": 282.89161906338205
        },
        {
          "acoustic_entropy": 6.082538604736328,
          "acoustic_entropy_side": 6.441800117492676,
          "hz": 369.9353335868758
        },
        {
          "acoustic_entropy": 5.932826995849609,
          "acoustic_entropy_side": 6.441234111785889,
          "hz": 464.6875360973435
        },
        {
          "acoustic_entropy": 6.398736476898193,
          "acoustic_entropy_side": 6.441529273986816,
          "hz": 567.8308811364784
        },
        {
          "acoustic_entropy": 5.796392917633057,
          "acoustic_entropy_side": 6.441512107849121,
          "hz": 680.1084783214808
        },
        {
          "acoustic_entropy": 6.44638729095459,
          "acoustic_entropy_side": 6.441519260406494,
          "hz": 802.3292461747484
        },
        {
          "acoustic_entropy": 6.162749767303467,
          "acoustic_entropy_side": 6.441519260406494,
          "hz": 935.3737400823702
        },
        {
          "acoustic_entropy": 6.32989501953125,
          "acoustic_entropy_side": 6.441519737243652,
          "hz": 1080.2004963696966
        },
        {
          "acoustic_entropy": 6.545125484466553,
          "acoustic_entropy_side": 6.441519737243652,
          "hz": 1237.8529382007157
        },
        {
          "acoustic_entropy": 5.978903770446777,
          "acoustic_entropy_side": 6.441519737243652,
          "hz": 1409.4668930556702
        },
        {
          "acoustic_entropy": 6.290392875671387,
          "acoustic_entropy_side": 6.4415202140808105,
          "hz": 1596.2787759475705
        },
        {
          "acoustic_entropy": 6.244675636291504,
          "acoustic_entropy_side": 6.4415202140808105,
          "hz": 1799.6344973346393
        },
        {
          "acoustic_entropy": 6.453287124633789,
          "acoustic_entropy_side": 6.4415202140808105,
          "hz": 2020.9991599069049
        },
        {
          "acoustic_entropy": 6.459433555603027,
          "acoustic_entropy_side": 6.4415202140808105,
          "hz": 2261.9676141086993
        },
        {
          "acoustic_entropy": 6.408295631408691,
          "acoustic_entropy_side": 6.4415202140808105,
          "hz": 2524.2759484456974
        },
        {
          "acoustic_entropy": 6.387274742126465,
          "acoustic_entropy_side": 6.4415202140808105,
          "hz": 2809.813997359896
        },
        {
          "acoustic_entropy": 6.177529335021973,
          "acoustic_entropy_side": 6.4415202140808105,
          "hz": 3120.6389567871424
        },
        {
          "acoustic_entropy": 6.435301780700684,
          "acoustic_entropy_side": 6.4415202140808105,
          "hz": 3458.990205492291
        },
        {
          "acoustic_entropy": 6.41196870803833,
          "acoustic_entropy_side": 6.4415202140808105,
          "hz": 3827.305438964164
        },
        {
          "acoustic_entropy": 6.406376838684082,
          "acoustic_entropy_side": 6.4415202140808105,
          "hz": 4228.238232109126
        },
        {
          "acoustic_entropy": 6.431607723236084,
          "acoustic_entropy_side": 6.4415202140808105,
          "hz": 4664.6771572759235
        },
        {
          "acoustic_entropy": 6.438157081604004,
          "acoustic_entropy_side": 6.4415202140808105,
          "hz": 5139.766595350093
        },
        {
          "acoustic_entropy": 6.441224575042725,
          "acoustic_entropy_side": 6.4415202140808105,
          "hz": 5656.929389854203
        },
        {
          "acoustic_entropy": 6.4416375160217285,
          "acoustic_entropy_side": 6.4415202140808105,
          "hz": 6219.891507268283
        },
        {
          "acoustic_entropy": 6.442077159881592,
          "acoustic_entropy_side": 6.4415202140808105,
          "hz": 6832.70888123896
        },
        {
          "acoustic_entropy": 6.442398548126221,
          "acoustic_entropy_side": 6.4415202140808105,
          "hz": 7499.796634079867
        },
        {
          "acoustic_entropy": 6.445271968841553,
          "acoustic_entropy_side": 6.4415202140808105,
          "hz": 8225.96088609342
        },
        {
          "acoustic_entropy": 6.44661283493042,
          "acoustic_entropy_side": 6.4415202140808105,
          "hz": 9016.43338188839
        },
        {
          "acoustic_entropy": 6.442436695098877,
          "acoustic_entropy_side": 6.4415202140808105,
          "hz": 9876.909183162974
        },
        {
          "acoustic_entropy": 6.437546253204346,
          "acoustic_entropy_side": 6.4415202140808105,
          "hz": 10813.587699516042
        },
        {
          "acoustic_entropy": 6.440614223480225,
          "acoustic_entropy_side": 6.4415202140808105,
          "hz": 11833.21735289826
        },
        {
          "acoustic_entropy": 6.444684982299805,
          "acoustic_entropy_side": 6.4415202140808105,
          "hz": 12943.144197493959
        },
        {
          "acoustic_entropy": 6.443279266357422,
          "acoustic_entropy_side": 6.4415202140808105,
          "hz": 14151.364845322005
        },
        {
          "acoustic_entropy": 6.442422866821289,
          "acoustic_entropy_side": 6.4415202140808105,
          "hz": 15466.58407886509
        },
        {
          "acoustic_entropy": 6.441866874694824,
          "acoustic_entropy_side": 6.4415202140808105,
          "hz": 16898.27756580493
        },
        {
          "acoustic_entropy": 6.441557884216309,
          "acoustic_entropy_side": 6.4415202140808105,
          "hz": 18456.760127700032
        },
        {
          "acoustic_entropy": 6.441516399383545,
          "acoustic_entropy_side": 6.4415202140808105,
          "hz": 20153.260054456492
        },
        {
          "acoustic_entropy": 6.441518306732178,
          "acoustic_entropy_side": 6.4415202140808105,
          "hz": 22000.00000000001
        }
      ],
      "diff_acoustic_entropy": 2.98333477973938,
      "sn": 6
    },
    {
      "acoustic_entropy": 8.412440299987793,
      "acoustic_entropy_mono": 8.404646873474121,
      "band_eliminated_acoustic_entropies": [
        {
          "acoustic_entropy": 8.250201225280762,
          "acoustic_entropy_side": 8.412440299987793,
          "hz": 129.47220167065723
        },
        {
          "acoustic_entropy": 8.634384155273438,
          "acoustic_entropy_side": 8.412428855895996,
          "hz": 202.92927478742237
        },
        {
          "acoustic_entropy": 8.602526664733887,
          "acoustic_entropy_side": 8.412266731262207,
          "hz": 282.89161906338205
        },
        {
          "acoustic_entropy": 8.92146110534668,
          "acoustic_entropy_side": 8.407785415649414,
          "hz": 369.9353335868758
        },
        {
          "acoustic_entropy": 8.138906478881836,
          "acoustic_entropy_side": 8.410245895385742,
          "hz": 464.6875360973435
        },
        {
          "acoustic_entropy": 8.556851387023926,
          "acoustic_entropy_side": 8.412443161010742,
          "hz": 567.8308811364784
        },
        {
          "acoustic_entropy": 8.192300796508789,
          "acoustic_entropy_side": 8.412306785583496,
          "hz": 680.1084783214808
        },
        {
          "acoustic_entropy": 8.444727897644043,
          "acoustic_entropy_side": 8.412385940551758,
          "hz": 802.3292461747484
        },
        {
          "acoustic_entropy": 7.887973308563232,
          "acoustic_entropy_side": 8.412426948547363,
          "hz": 935.3737400823702
        },
        {
          "acoustic_entropy": 9.291889190673828,
          "acoustic_entropy_side": 8.412439346313477,
          "hz": 1080.2004963696966
        },
        {
          "acoustic_entropy": 8.478872299194336,
          "acoustic_entropy_side": 8.412440299987793,
          "hz": 1237.8529382007157
        },
        {
          "acoustic_entropy": 8.655094146728516,
          "acoustic_entropy_side": 8.412440299987793,
          "hz": 1409.4668930556702
        },
        {
          "acoustic_entropy": 9.358807563781738,
          "acoustic_entropy_side": 8.41244125366211,
          "hz": 1596.2787759475705
        },
        {
          "acoustic_entropy": 8.748775482177734,
          "acoustic_entropy_side": 8.41244125366211,
          "hz": 1799.6344973346393
        },
        {
          "acoustic_entropy": 8.322704315185547,
          "acoustic_entropy_side": 8.412440299987793,
          "hz": 2020.9991599069049
        },
        {
          "acoustic_entropy": 8.520488739013672,
          "acoustic_entropy_side": 8.412440299987793,
          "hz": 2261.9676141086993
        },
        {
          "acoustic_entropy": 8.52009105682373,
          "acoustic_entropy_side": 8.412440299987793,
          "hz": 2524.2759484456974
        },
        {
          "acoustic_entropy": 8.375948905944824,
          "acoustic_entropy_side": 8.412440299987793,
          "hz": 2809.813997359896
        },
        {
          "acoustic_entropy": 8.317495346069336,
          "acoustic_entropy_side": 8.412440299987793,
          "hz": 3120.6389567871424
        },
        {
          "acoustic_entropy": 8.32275104522705,
          "acoustic_entropy_side": 8.412440299987793,
          "hz": 3458.990205492291
        },
        {
          "acoustic_entropy": 8.332274436950684,
          "acoustic_entropy_side": 8.412440299987793,
          "hz": 3827.305438964164
        },
        {
          "acoustic_entropy": 8.321043014526367,
          "acoustic_entropy_side": 8.412440299987793,
          "hz": 4228.238232109126
        },
        {
          "acoustic_entropy": 8.305608749389648,
          "acoustic_entropy_side": 8.412440299987793,
          "hz": 4664.6771572759235
        },
        {
          "acoustic_entropy": 8.334556579589844,
          "acoustic_entropy_side": 8.412440299987793,
          "hz": 5139.766595350093
        },
        {
          "acoustic_entropy": 8.38526725769043,
          "acoustic_entropy_side": 8.412440299987793,
          "hz": 5656.929389854203
        },
        {
          "acoustic_entropy": 8.407623291015625,
          "acoustic_entropy_side": 8.412440299987793,
          "hz": 6219.891507268283
        },
        {
          "acoustic_entropy": 8.388298034667969,
          "acoustic_entropy_side": 8.412440299987793,
          "hz": 6832.70888123896
        },
        {
          "acoustic_entropy": 8.361067771911621,
          "acoustic_entropy_side": 8.412440299987793,
          "hz": 7499.796634079867
        },
        {
          "acoustic_entropy": 8.340700149536133,
          "acoustic_entropy_side": 8.412440299987793,
          "hz": 8225.96088609342
        },
        {
          "acoustic_entropy": 8.420464515686035,
          "acoustic_entropy_side": 8.412440299987793,
          "hz": 9016.43338188839
        },
        {
          "acoustic_entropy": 8.556242942810059,
          "acoustic_entropy_side": 8.412440299987793,
          "hz": 9876.909183162974
        },
        {
          "acoustic_entropy": 8.567702293395996,
          "acoustic_entropy_side": 8.412440299987793,
          "hz": 10813.587699516042
        },
        {
          "acoustic_entropy": 8.42036247253418,
          "acoustic_entropy_side": 8.412440299987793,
          "hz": 11833.21735289826
        },
        {
          "acoustic_entropy": 8.361876487731934,
          "acoustic_entropy_side": 8.412440299987793,
          "hz": 12943.144197493959
        },
        {
          "acoustic_entropy": 8.37222671508789,
          "acoustic_entropy_side": 8.412440299987793,
          "hz": 14151.364845322005
        },
        {
          "acoustic_entropy": 8.388781547546387,
          "acoustic_entropy_side": 8.412440299987793,
          "hz": 15466.58407886509
        },
        {
          "acoustic_entropy": 8.403106689453125,
          "acoustic_entropy_side": 8.412440299987793,
          "hz": 16898.27756580493
        },
        {
          "acoustic_entropy": 8.410687446594238,
          "acoustic_entropy_side": 8.412440299987793,
          "hz": 18456.760127700032
        },
        {
          "acoustic_entropy": 8.411937713623047,
          "acoustic_entropy_side": 8.412440299987793,
          "hz": 20153.260054456492
        },
        {
          "acoustic_entropy": 8.412364959716797,
          "acoustic_entropy_side": 8.412440299987793,
          "hz": 22000.00000000001
        }
      ],
      "diff_acoustic_entropy": 4.34959602355957,
      "sn": 12
    },
    {
      "acoustic_entropy": 12.677698135375977,
      "acoustic_entropy_mono": 12.66253662109375,
      "band_eliminated_acoustic_entropies": [
        {
          "acoustic_entropy": 12.20669174194336,
          "acoustic_entropy_side": 12.67770004272461,
          "hz": 129.47220167065723
        },
        {
          "acoustic_entropy": 13.569552421569824,
          "acoustic_entropy_side": 12.678084373474121,
          "hz": 202.92927478742237
        },
        {
          "acoustic_entropy": 13.231371879577637,
          "acoustic_entropy_side": 12.679749488830566,
          "hz": 282.89161906338205
        },
        {
          "acoustic_entropy": 14.064653396606445,
          "acoustic_entropy_side": 12.76617431640625,
          "hz": 369.9353335868758
        },
        {
          "acoustic_entropy": 12.728927612304688,
          "acoustic_entropy_side": 12.799857139587402,
          "hz": 464.6875360973435
        },
        {
          "acoustic_entropy": 12.413370132446289,
          "acoustic_entropy_side": 12.663154602050781,
          "hz": 567.8308811364784
        },
        {
          "acoustic_entropy": 11.46702766418457,
          "acoustic_entropy_side": 12.665685653686523,
          "hz": 680.1084783214808
        },
        {
          "acoustic_entropy": 12.282769203186035,
          "acoustic_entropy_side": 12.675494194030762,
          "hz": 802.3292461747484
        },
        {
          "acoustic_entropy": 12.68705940246582,
          "acoustic_entropy_side": 12.67807674407959,
          "hz": 935.3737400823702
        },
        {
          "acoustic_entropy": 12.61002254486084,
          "acoustic_entropy_side": 12.677891731262207,
          "hz": 1080.2004963696966
        },
        {
          "acoustic_entropy": 13.122164726257324,
          "acoustic_entropy_side": 12.677558898925781,
          "hz": 1237.8529382007157
        },
        {
          "acoustic_entropy": 12.244919776916504,
          "acoustic_entropy_side": 12.677569389343262,
          "hz": 1409.4668930556702
        },
        {
          "acoustic_entropy": 12.88801383972168,
          "acoustic_entropy_side": 12.677667617797852,
          "hz": 1596.2787759475705
        },
        {
          "acoustic_entropy": 12.604514122009277,
          "acoustic_entropy_side": 12.677696228027344,
          "hz": 1799.6344973346393
        },
        {
          "acoustic_entropy": 12.347257614135742,
          "acoustic_entropy_side": 12.67770004272461,
          "hz": 2020.9991599069049
        },
        {
