{
  "acoustic_entropy": 161.2136688232422,
  "bands": [
    {
      "high_freq": 148.1999969482422,
      "loudness": -64.71070861816406,
      "loudness_range": 13.347885131835938,
      "mid_mean": -62.300045013427734,
      "mid_to_side_loudness": -9.073323249816895,
      "mid_to_side_loudness_range": 15.367252349853516,
      "side_mean": -67.347900390625
    },
    {
      "high_freq": 392.3793640136719,
      "loudness": -48.24540710449219,
      "loudness_range": 25.63488006591797,
      "low_freq": 148.1999969482422,
      "mid_mean": -46.62024688720703,
      "mid_to_side_loudness": -5.280771732330322,
      "mid_to_side_loudness_range": 12.416674613952637,
      "side_mean": -55.2798957824707
    },
    {
      "high_freq": 794.6976318359375,
      "loudness": -26.202861785888672,
      "loudness_range": 18.463132858276367,
      "low_freq": 392.3793640136719,
      "mid_mean": -23.63513946533203,
      "mid_to_side_loudness": -10.318168640136719,
      "mid_to_side_loudness_range": 25.104476928710938,
      "side_mean": -35.07832717895508
    },
    {
      "high_freq": 1457.5709228515625,
      "loudness": -21.91295623779297,
      "loudness_range": 16.1408748626709,
      "low_freq": 794.6976318359375,
      "mid_mean": -19.79164695739746,
      "mid_to_side_loudness": -6.592504024505615,
      "mid_to_side_loudness_range": 16.862247467041016,
      "side_mean": -26.827146530151367
    },
    {
      "high_freq": 2549.74365234375,
      "loudness": -23.49756622314453,
      "loudness_range": 17.272109985351562,
      "low_freq": 1457.5709228515625,
      "mid_mean": -21.01410484313965,
      "mid_to_side_loudness": -8.458206176757812,
      "mid_to_side_loudness_range": 20.462013244628906,
      "side_mean": -30.319091796875
    },
    {
      "high_freq": 4349.24462890625,
      "loudness": -25.792236328125,
      "loudness_range": 17.46717643737793,
      "low_freq": 2549.74365234375,
      "mid_mean": -23.086444854736328,
      "mid_to_side_loudness": -9.579490661621094,
      "mid_to_side_loudness_range": 20.378244400024414,
      "side_mean": -33.39630126953125
    },
    {
      "high_freq": 7314.1640625,
      "loudness": -32.43418502807617,
      "loudness_range": 20.01213264465332,
      "low_freq": 4349.24462890625,
      "mid_mean": -29.623315811157227,
      "mid_to_side_loudness": -12.949076652526855,
      "mid_to_side_loudness_range": 24.868385314941406,
      "side_mean": -43.674991607666016
    },
    {
      "high_freq": 12199.2666015625,
      "loudness": -41.434818267822266,
      "loudness_range": 14.838577270507812,
      "low_freq": 7314.1640625,
      "mid_mean": -38.9321174621582,
      "mid_to_side_loudness": -12.034862518310547,
      "mid_to_side_loudness_range": 25.913881301879883,
      "side_mean": -54.26955795288086
    },
    {
      "loudness": -52.39625549316406,
      "loudness_range": 16.24887466430664,
      "low_freq": 12199.2666015625,
      "mid_mean": -52.276023864746094,
      "mid_to_side_loudness": -14.303630828857422,
      "mid_to_side_loudness_range": 24.057397842407227,
      "side_mean": -63.920780181884766
    }
  ],
  "bands_short": [
    {
      "high_freq": 148.1999969482422,
      "loudness": -68.91984558105469,
      "loudness_range": 16.961746215820312,
      "mid_mean": -64.8582992553711,
      "mid_to_side_loudness": -9.207347869873047,
      "mid_to_side_loudness_range": 18.333585739135742,
      "side_mean": -68.51045989990234
    },
    {
      "high_freq": 392.3793640136719,
      "loudness": -52.67900848388672,
      "loudness_range": 19.01018524169922,
      "low_freq": 148.1999969482422,
      "mid_mean": -53.61172103881836,
      "mid_to_side_loudness": -4.498496055603027,
      "mid_to_side_loudness_range": 13.784615516662598,
      "side_mean": -58.007171630859375
    },
    {
      "high_freq": 794.6976318359375,
      "loudness": -28.83268928527832,
      "loudness_range": 23.53696060180664,
      "low_freq": 392.3793640136719,
      "mid_mean": -26.730072021484375,
      "mid_to_side_loudness": -8.043559074401855,
      "mid_to_side_loudness_range": 25.123205184936523,
      "side_mean": -36.180912017822266
    },
    {
      "high_freq": 1457.5709228515625,
      "loudness": -23.125452041625977,
      "loudness_range": 17.453418731689453,
      "low_freq": 794.6976318359375,
      "mid_mean": -21.32659339904785,
      "mid_to_side_loudness": -5.2641401290893555,
      "mid_to_side_loudness_range": 17.347301483154297,
      "side_mean": -26.919157028198242
    },
    {
      "high_freq": 2549.74365234375,
      "loudness": -25.165063858032227,
      "loudness_range": 20.197628021240234,
      "low_freq": 1457.5709228515625,
      "mid_mean": -22.93977928161621,
      "mid_to_side_loudness": -6.663923740386963,
      "mid_to_side_loudness_range": 19.665407180786133,
      "side_mean": -30.418575286865234
    },
    {
      "high_freq": 4349.24462890625,
      "loudness": -27.451135635375977,
      "loudness_range": 21.164546966552734,
      "low_freq": 2549.74365234375,
      "mid_mean": -24.984256744384766,
      "mid_to_side_loudness": -7.611598491668701,
      "mid_to_side_loudness_range": 18.706384658813477,
      "side_mean": -33.34501266479492
    },
    {
      "high_freq": 7314.1640625,
      "loudness": -34.56343078613281,
      "loudness_range": 24.840953826904297,
      "low_freq": 4349.24462890625,
      "mid_mean": -31.968278884887695,
      "mid_to_side_loudness": -10.238021850585938,
      "mid_to_side_loudness_range": 23.28363037109375,
      "side_mean": -43.57958984375
    },
    {
      "high_freq": 12199.2666015625,
      "loudness": -43.70993423461914,
      "loudness_range": 22.641868591308594,
      "low_freq": 7314.1640625,
      "mid_mean": -41.51325988769531,
      "mid_to_side_loudness": -9.365132331848145,
      "mid_to_side_loudness_range": 25.670759201049805,
      "side_mean": -54.49360656738281
    },
    {
      "loudness": -54.89360809326172,
      "loudness_range": 23.149593353271484,
      "low_freq": 12199.2666015625,
      "mid_mean": -54.40589141845703,
      "mid_to_side_loudness": -10.803842544555664,
      "mid_to_side_loudness_range": 21.44972801208496,
      "side_mean": -64.16838073730469
    }
  ],
  "bandwidth": 1197.2939453125,
  "channels": 2,
  "covariance": [
    [
      23.977521896362305,
      9.208102226257324,
      18.194622039794922,
      27.423017501831055,
      15.497981071472168,
      11.889463424682617,
      11.89401626586914,
      10.031003952026367,
      10.411765098571777,
      10.623112678527832,
      11.287858009338379,
      8.539146423339844,
      11.845390319824219,
      9.690145492553711,
      12.086055755615234,
      24.23183250427246,
      32.28450393676758,
      11.3656644821167
    ],
    [
      9.208102226257324,
      9.12958812713623,
      7.706894874572754,
      16.657581329345703,
      3.747737407684326,
      15.374015808105469,
      9.44879150390625,
      16.3525333404541,
      6.457767963409424,
      16.090282440185547,
      6.7303900718688965,
      15.166393280029297,
      3.717268466949463,
      15.167553901672363,
      -0.7448504567146301,
      18.14218521118164,
      10.24366569519043,
      14.3891019821167
    ],
    [
      18.194622039794922,
      7.706894874572754,
      75.34855651855469,
      26.90557861328125,
      22.213436126708984,
      13.05053997039795,
      24.2385196685791,
      16.384845733642578,
      11.282710075378418,
      16.776926040649414,
      14.932886123657227,
      15.3707275390625,
      13.465886116027832,
      16.182416915893555,
      13.574973106384277,
      12.949077606201172,
      22.218210220336914,
      6.881843566894531
    ],
    [
      27.423017501831055,
      16.657581329345703,
      26.90557861328125,
      62.84897994995117,
      8.537802696228027,
      27.379331588745117,
      25.01300811767578,
      32.372901916503906,
      17.08359718322754,
      31.586437225341797,
      18.27922821044922,
      29.60125732421875,
      15.753032684326172,
      31.021928787231445,
      6.492793560028076,
      56.82335662841797,
      52.34876251220703,
      32.009727478027344
    ],
    [
      15.497981071472168,
      3.747737407684326,
      22.213436126708984,
      8.537802696228027,
      57.70213317871094,
      6.065060615539551,
      26.909162521362305,
      -0.9422801733016968,
      29.976802825927734,
      0.20150667428970337,
      31.76432228088379,
      1.1240712404251099,
      42.430389404296875,
      1.359270453453064,
      40.4184684753418,
      -1.7353235483169556,
      26.549009323120117,
      -4.4267659187316895
    ],
    [
      11.889463424682617,
      15.374015808105469,
      13.05053997039795,
      27.379331588745117,
      6.065060615539551,
      39.433109283447266,
      25.011653900146484,
      35.78657913208008,
      17.39922332763672,
      35.59871292114258,
      17.823911666870117,
      35.167354583740234,
      10.01902961730957,
      34.7712287902832,
      1.659279465675354,
      29.11667251586914,
      11.700364112854004,
      27.114944458007812
    ],
    [
      11.89401626586914,
      9.44879150390625,
      24.2385196685791,
      25.01300811767578,
      26.909162521362305,
      25.011653900146484,
      45.13720703125,
      25.235586166381836,
      37.25563049316406,
      24.1910400390625,
      26.675817489624023,
      23.605182647705078,
      34.471092224121094,
      24.843704223632812,
      22.986040115356445,
      19.176071166992188,
      22.19965171813965,
      14.324639320373535
    ],
    [
      10.031003952026367,
      16.3525333404541,
      16.384845733642578,
      32.372901916503906,
      -0.9422801733016968,
      35.78657913208008,
      25.235586166381836,
      45.82328414916992,
      15.385862350463867,
      43.256954193115234,
      14.297175407409668,
      39.78239059448242,
      5.961479187011719,
      42.045135498046875,
      -3.776958703994751,
      35.853084564208984,
      11.710244178771973,
      33.24239730834961
    ],
    [
      10.411765098571777,
      6.457767963409424,
      11.282710075378418,
      17.08359718322754,
      29.976802825927734,
      17.39922332763672,
      37.25563049316406,
      15.385862350463867,
      46.68413162231445,
      16.169189453125,
      31.272436141967773,
      15.449532508850098,
      42.63677978515625,
      17.13723373413086,
      31.967235565185547,
      12.073805809020996,
      24.598522186279297,
      6.63829231262207
    ],
    [
      10.623112678527832,
      16.090282440185547,
      16.776926040649414,
      31.586437225341797,
      0.20150667428970337,
      35.59871292114258,
      24.1910400390625,
      43.256954193115234,
      16.169189453125,
      43.25075912475586,
      14.868386268615723,
      39.89305877685547,
      6.991855144500732,
      41.73899841308594,
      -2.738682746887207,
      35.19490432739258,
      12.182896614074707,
      31.763113021850586
    ],
    [
      11.287858009338379,
      6.7303900718688965,
      14.932886123657227,
      18.27922821044922,
      31.76432228088379,
      17.823911666870117,
      26.675817489624023,
      14.297175407409668,
      31.272436141967773,
      14.868386268615723,
      46.15212631225586,
      16.159372329711914,
      43.750308990478516,
      16.860427856445312,
      31.841691970825195,
      10.175851821899414,
      23.332969665527344,
      7.019848823547363
    ],
    [
      8.539146423339844,
      15.166393280029297,
      15.3707275390625,
      29.60125732421875,
      1.1240712404251099,
      35.167354583740234,
      23.605182647705078,
      39.78239059448242,
      15.449532508850098,
      39.89305877685547,
      16.159372329711914,
      41.39815139770508,
      7.989132404327393,
      39.725955963134766,
      -2.418898582458496,
      33.76039505004883,
      11.028614044189453,
      31.025236129760742
    ],
    [
      11.845390319824219,
      3.717268466949463,
      13.465886116027832,
      15.753032684326172,
      42.430389404296875,
      10.01902961730957,
      34.471092224121094,
      5.961479187011719,
      42.63677978515625,
      6.991855144500732,
      43.750308990478516,
      7.989132404327393,
      62.91001892089844,
      9.7710542678833,
      45.634971618652344,
      2.202651262283325,
      29.40693473815918,
      -1.4679479598999023
    ],
    [
      9.690145492553711,
      15.167553901672363,
      16.182416915893555,
      31.021928787231445,
      1.359270453453064,
      34.7712287902832,
      24.843704223632812,
      42.045135498046875,
      17.13723373413086,
      41.73899841308594,
      16.860427856445312,
      39.725955963134766,
      9.7710542678833,
      42.128292083740234,
      -0.9706664085388184,
      34.3603401184082,
      12.589630126953125,
      30.85610008239746
    ],
    [
      12.086055755615234,
      -0.7448504567146301,
      13.574973106384277,
      6.492793560028076,
      40.4184684753418,
      1.659279465675354,
      22.986040115356445,
      -3.776958703994751,
      31.967235565185547,
      -2.738682746887207,
      31.841691970825195,
      -2.418898582458496,
      45.634971618652344,
      -0.9706664085388184,
      49.3128776550293,
      -4.912371635437012,
      35.39863586425781,
      -8.85134506225586
    ],
    [
      24.23183250427246,
      18.14218521118164,
      12.949077606201172,
      56.82335662841797,
      -1.7353235483169556,
      29.11667251586914,
      19.176071166992188,
      35.853084564208984,
      12.073805809020996,
      35.19490432739258,
      10.175851821899414,
      33.76039505004883,
      2.202651262283325,
      34.3603401184082,
      -4.912371635437012,
      65.46192932128906,
      49.48097229003906,
      39.62511444091797
    ],
    [
      32.28450393676758,
      10.24366569519043,
      22.218210220336914,
      52.34876251220703,
      26.549009323120117,
      11.700364112854004,
      22.19965171813965,
      11.710244178771973,
      24.598522186279297,
      12.182896614074707,
      23.332969665527344,
      11.028614044189453,
      29.40693473815918,
      12.589630126953125,
      35.39863586425781,
      49.48097229003906,
      86.68838500976562,
      19.009458541870117
    ],
    [
      11.3656644821167,
      14.3891019821167,
      6.881843566894531,
      32.009727478027344,
      -4.4267659187316895,
      27.114944458007812,
      14.324639320373535,
      33.24239730834961,
      6.63829231262207,
      31.763113021850586,
      7.019848823547363,
      31.025236129760742,
      -1.4679479598999023,
      30.85610008239746,
      -8.85134506225586,
      39.62511444091797,
      19.009458541870117,
      32.02222442626953
    ]
  ],
  "covariance_short": [
    [
      19.209884643554688,
      5.480504989624023,
      26.610279083251953,
      18.563617706298828,
      14.829267501831055,
      10.538825988769531,
      11.787917137145996,
      9.660393714904785,
      11.139098167419434,
      9.933856010437012,
      10.783998489379883,
      8.363302230834961,
      12.456707000732422,
      8.564765930175781,
      11.579155921936035,
      16.973594665527344,
      22.52016830444336,
      8.404789924621582
    ],
    [
      5.480504989624023,
      5.133264064788818,
      8.74144458770752,
      10.146003723144531,
      4.179884910583496,
      9.915491104125977,
      7.576633453369141,
      10.805255889892578,
      6.193464279174805,
      10.475799560546875,
      5.826691150665283,
      9.811327934265137,
      4.712123870849609,
      9.983744621276855,
      1.4863744974136353,
      11.14954948425293,
      7.130155086517334,
      9.08430290222168
    ],
    [
      26.610279083251953,
      8.74144458770752,
      94.15313720703125,
      51.395320892333984,
      27.575008392333984,
      16.943567276000977,
      22.027931213378906,
      20.109804153442383,
      15.950125694274902,
      20.228313446044922,
      17.040630340576172,
      18.340023040771484,
      16.476980209350586,
      18.951574325561523,
      18.82982635498047,
      53.020301818847656,
      60.55253982543945,
      24.291532516479492
    ],
    [
      18.563617706298828,
      10.146003723144531,
      51.395320892333984,
      52.36548614501953,
      14.540074348449707,
      27.069360733032227,
      25.57346534729004,
      31.126497268676758,
      19.57895851135254,
      30.61686134338379,
      20.367210388183594,
      28.91598129272461,
      18.173696517944336,
      29.947010040283203,
      10.685046195983887,
      50.56492233276367,
      43.6963005065918,
      29.825016021728516
    ],
    [
      14.829267501831055,
      4.179884910583496,
      27.575008392333984,
      14.540074348449707,
      85.49140167236328,
      15.886548042297363,
      36.04918670654297,
      6.231696605682373,
      37.45448684692383,
      7.866478443145752,
      40.72076416015625,
      8.247710227966309,
      52.904319763183594,
      8.48161792755127,
      52.741825103759766,
      3.683234930038452,
      34.65409469604492,
      0.6112855672836304
    ],
    [
      10.538825988769531,
      9.915491104125977,
      16.943567276000977,
      27.069360733032227,
      15.886548042297363,
      43.058773040771484,
      27.94991111755371,
      34.697757720947266,
      24.40867042541504,
      34.3155632019043,
      24.19347381591797,
      33.4734992980957,
      19.404062271118164,
      33.94214630126953,
      11.343758583068848,
      27.747238159179688,
      17.041654586791992,
      26.44696044921875
    ],
    [
      11.787917137145996,
      7.576633453369141,
      22.027931213378906,
      25.57346534729004,
      36.04918670654297,
      27.94991111755371,
      58.14230728149414,
      32.14963912963867,
      47.59782409667969,
      31.529966354370117,
      35.52106475830078,
      29.04416847229004,
      45.54368209838867,
      31.498918533325195,
      35.845088958740234,
      23.98023223876953,
      32.05070114135742,
      17.445409774780273
    ],
    [
      9.660393714904785,
      10.805255889892578,
      20.109804153442383,
      31.126497268676758,
      6.231696605682373,
      34.697757720947266,
      32.14963912963867,
      47.553260803222656,
      22.549888610839844,
      43.18760681152344,
      20.64978790283203,
      39.607086181640625,
      15.034101486206055,
      42.20380401611328,
      5.426456928253174,
      35.97074890136719,
      18.469375610351562,
      32.75724792480469
    ],
    [
      11.139098167419434,
      6.193464279174805,
      15.950125694274902,
      19.57895851135254,
      37.45448684692383,
      24.40867042541504,
      47.59782409667969,
      22.549888610839844,
      61.14435958862305,
      23.478296279907227,
      41.132240295410156,
      22.12506675720215,
      54.7929801940918,
      23.730836868286133,
      45.22597885131836,
      16.990259170532227,
      34.70600128173828,
      10.852133750915527
    ],
    [
      9.933856010437012,
      10.475799560546875,
      20.228313446044922,
      30.61686134338379,
      7.866478443145752,
      34.3155632019043,
      31.529966354370117,
      43.18760681152344,
      23.478296279907227,
      44.62467956542969,
      21.569000244140625,
      39.89944076538086,
      16.430278778076172,
      41.86277770996094,
      6.859755039215088,
      35.06222152709961,
      19.13908576965332,
      31.56210708618164
    ],
    [
      10.783998489379883,
      5.826691150665283,
      17.040630340576172,
      20.367210388183594,
      40.72076416015625,
      24.19347381591797,
      35.52106475830078,
      20.64978790283203,
      41.132240295410156,
      21.569000244140625,
      59.543800354003906,
      22.71112060546875,
      58.71421813964844,
      23.237401962280273,
      46.698177337646484,
      14.763863563537598,
      34.93825912475586,
      10.53090763092041
    ],
    [
      8.363302230834961,
      9.811327934265137,
      18.340023040771484,
      28.91598129272461,
      8.247710227966309,
      33.4734992980957,
      29.04416847229004,
      39.607086181640625,
      22.12506675720215,
      39.89944076538086,
      22.71112060546875,
      41.8641471862793,
      16.847909927368164,
      40.355438232421875,
      7.110333442687988,
      33.434654235839844,
      17.627084732055664,
      30.432315826416016
    ],
    [
      12.456707000732422,
      4.712123870849609,
      16.476980209350586,
      18.173696517944336,
      52.904319763183594,
      19.404062271118164,
      45.54368209838867,
      15.034101486206055,
      54.7929801940918,
      16.430278778076172,
      58.71421813964844,
      16.847909927368164,
      83.11900329589844,
      18.8586368560791,
      63.79631423950195,
      8.741868019104004,
      44.2501106262207,
      3.819288730621338
    ],
    [
      8.564765930175781,
      9.983744621276855,
      18.951574325561523,
      29.947010040283203,
      8.48161792755127,
      33.94214630126953,
      31.498918533325195,
      42.20380401611328,
      23.730836868286133,
      41.86277770996094,
      23.237401962280273,
      40.355438232421875,
      18.8586368560791,
      44.35211944580078,
      8.244176864624023,
      35.15394973754883,
      18.593400955200195,
      31.12102508544922
    ],
    [
      11.579155921936035,
      1.4863744974136353,
      18.82982635498047,
      10.685046195983887,
      52.741825103759766,
      11.343758583068848,
      35.845088958740234,
      5.426456928253174,
      45.22597885131836,
      6.859755039215088,
      46.698177337646484,
      7.110333442687988,
      63.79631423950195,
      8.244176864624023,
      73.72308349609375,
      1.571715235710144,
      53.72934341430664,
      -4.521463871002197
    ],
    [
      16.973594665527344,
      11.14954948425293,
      53.020301818847656,
      50.56492233276367,
      3.683234930038452,
      27.747238159179688,
      23.98023223876953,
      35.97074890136719,
      16.990259170532227,
      35.06222152709961,
      14.763863563537598,
      33.434654235839844,
      8.741868019104004,
      35.15394973754883,
      1.571715235710144,
      67.5480728149414,
      48.891727447509766,
      39.67185592651367
    ],
    [
      22.52016830444336,
      7.130155086517334,
      60.55253982543945,
      43.6963005065918,
      34.65409469604492,
      17.041654586791992,
      32.05070114135742,
      18.469375610351562,
      34.70600128173828,
      19.13908576965332,
      34.93825912475586,
      17.627084732055664,
      44.2501106262207,
      18.593400955200195,
      53.72934341430664,
      48.891727447509766,
      89.32874298095703,
      20.095787048339844
    ],
    [
      8.404789924621582,
      9.08430290222168,
      24.291532516479492,
      29.825016021728516,
      0.6112855672836304,
      26.44696044921875,
      17.445409774780273,
      32.75724792480469,
      10.852133750915527,
      31.56210708618164,
      10.53090763092041,
      30.432315826416016,
      3.819288730621338,
      31.12102508544922,
      -4.521463871002197,
      39.67185592651367,
      20.095787048339844,
      33.60758972167969
    ]
  ],
  "damage": -6.971640586853027,
  "diff_bandwidth": 1205.863525390625,
  "dissonance": 11.729126763237439,
  "drr": 2.942934513092041,
  "dynamics": 4.586982727050781,
  "format": 1245190,
  "frames": 1136640,
  "loudness": -12.78718090057373,
  "loudness_range": 13.369998931884766,
  "loudness_range_short": 17.40151596069336,
  "lowpass_true_peak_15khz": -0.5579131245613098,
  "mastering3_acoustic_entropies": [
    {
      "acoustic_entropy": 9.12440299987793,
      "acoustic_entropy_mono": 9.055536270141602,
      "band_eliminated_acoustic_entropies": [
        {
          "acoustic_entropy": 9.124402046203613,
          "acoustic_entropy_side": 9.12440299987793,
          "hz": 129.47220167065723
        },
        {
          "acoustic_entropy": 9.124402046203613,
          "acoustic_entropy_side": 9.12440299987793,
          "hz": 202.92927478742237
        },
        {
          "acoustic_entropy": 9.125516891479492,
          "acoustic_entropy_side": 9.12440299987793,
          "hz": 282.89161906338205
        },
        {
          "acoustic_entropy": 9.147452354431152,
          "acoustic_entropy_side": 9.12440299987793,
          "hz": 369.9353335868758
        },
        {
          "acoustic_entropy": 9.36571979522705,
          "acoustic_entropy_side": 9.124375343322754,
          "hz": 464.6875360973435
        },
        {
          "acoustic_entropy": 8.938814163208008,
          "acoustic_entropy_side": 9.125048637390137,
          "hz": 567.8308811364784
        },
        {
          "acoustic_entropy": 8.741345405578613,
          "acoustic_entropy_side": 9.125504493713379,
          "hz": 680.1084783214808
        },
        {
          "acoustic_entropy": 8.750897407531738,
          "acoustic_entropy_side": 9.112231254577637,
          "hz": 802.3292461747484
        },
        {
          "acoustic_entropy": 8.870792388916016,
          "acoustic_entropy_side": 9.09560489654541,
          "hz": 935.3737400823702
        },
        {
          "acoustic_entropy": 8.54045295715332,
          "acoustic_entropy_side": 9.070100784301758,
          "hz": 1080.2004963696966
        },
        {
          "acoustic_entropy": 9.5470552444458,
          "acoustic_entropy_side": 9.001628875732422,
          "hz": 1237.8529382007157
        },
        {
          "acoustic_entropy": 9.054572105407715,
          "acoustic_entropy_side": 9.084894180297852,
          "hz": 1409.4668930556702
        },
        {
          "acoustic_entropy": 9.107776641845703,
          "acoustic_entropy_side": 9.101269721984863,
          "hz": 1596.2787759475705
        },
        {
          "acoustic_entropy": 9.078397750854492,
          "acoustic_entropy_side": 9.122537612915039,
          "hz": 1799.6344973346393
        },
        {
          "acoustic_entropy": 8.880256652832031,
          "acoustic_entropy_side": 9.07216739654541,
          "hz": 2020.9991599069049
        },
        {
          "acoustic_entropy": 9.161246299743652,
          "acoustic_entropy_side": 9.099038124084473,
          "hz": 2261.9676141086993
        },
        {
          "acoustic_entropy": 8.997109413146973,
          "acoustic_entropy_side": 9.117196083068848,
          "hz": 2524.2759484456974
        },
        {
          "acoustic_entropy": 9.685059547424316,
          "acoustic_entropy_side": 9.141162872314453,
          "hz": 2809.813997359896
        },
        {
          "acoustic_entropy": 9.282934188842773,
          "acoustic_entropy_side": 9.1248197555542,
          "hz": 3120.6389567871424
        },
        {
          "acoustic_entropy": 8.858869552612305,
          "acoustic_entropy_side": 9.136935234069824,
          "hz": 3458.990205492291
        },
        {
          "acoustic_entropy": 9.241430282592773,
          "acoustic_entropy_side": 9.092768669128418,
          "hz": 3827.305438964164
        },
        {
          "acoustic_entropy": 9.219274520874023,
          "acoustic_entropy_side": 9.10074520111084,
          "hz": 4228.238232109126
        },
        {
          "acoustic_entropy": 9.094141960144043,
          "acoustic_entropy_side": 9.109491348266602,
          "hz": 4664.6771572759235
        },
        {
          "acoustic_entropy": 9.210234642028809,
          "acoustic_entropy_side": 9.12104320526123,
          "hz": 5139.766595350093
        },
        {
          "acoustic_entropy": 9.149962425231934,
          "acoustic_entropy_side": 9.122466087341309,
          "hz": 5656.929389854203
        },
        {
          "acoustic_entropy": 9.140908241271973,
          "acoustic_entropy_side": 9.12399673461914,
          "hz": 6219.891507268283
        },
        {
          "acoustic_entropy": 9.129688262939453,
          "acoustic_entropy_side": 9.124622344970703,
          "hz": 6832.70888123896
        },
        {
          "acoustic_entropy": 9.106969833374023,
          "acoustic_entropy_side": 9.124627113342285,
          "hz": 7499.796634079867
        },
        {
          "acoustic_entropy": 9.084429740905762,
          "acoustic_entropy_side": 9.124833106994629,
          "hz": 8225.96088609342
        },
        {
          "acoustic_entropy": 9.083345413208008,
          "acoustic_entropy_side": 9.124678611755371,
          "hz": 9016.43338188839
        },
        {
          "acoustic_entropy": 9.103089332580566,
          "acoustic_entropy_side": 9.124518394470215,
          "hz": 9876.909183162974
        },
        {
          "acoustic_entropy": 9.102677345275879,
          "acoustic_entropy_side": 9.124455451965332,
          "hz": 10813.587699516042
        },
        {
          "acoustic_entropy": 9.10338020324707,
          "acoustic_entropy_side": 9.124438285827637,
          "hz": 11833.21735289826
        },
        {
          "acoustic_entropy": 9.113570213317871,
          "acoustic_entropy_side": 9.124411582946777,
          "hz": 12943.144197493959
        },
        {
          "acoustic_entropy": 9.120939254760742,
          "acoustic_entropy_side": 9.124402046203613,
          "hz": 14151.364845322005
        },
        {
          "acoustic_entropy": 9.12335205078125,
          "acoustic_entropy_side": 9.124402046203613,
          "hz": 15466.58407886509
        },
        {
          "acoustic_entropy": 9.123751640319824,
          "acoustic_entropy_side": 9.12440299987793,
          "hz": 16898.27756580493
        },
        {
          "acoustic_entropy": 9.124216079711914,
          "acoustic_entropy_side": 9.12440299987793,
          "hz": 18456.760127700032
        },
        {
          "acoustic_entropy": 9.124406814575195,
          "acoustic_entropy_side": 9.12440299987793,
          "hz": 20153.260054456492
        },
        {
          "acoustic_entropy": 9.124402046203613,
          "acoustic_entropy_side": 9.12440299987793,
          "hz": 22000.00000000001
        }
      ],
      "diff_acoustic_entropy": 8.897947311401367,
      "sn": 6
    },
    {
      "acoustic_entropy": 12.019451141357422,
      "acoustic_entropy_mono": 11.484060287475586,
      "band_eliminated_acoustic_entropies": [
        {
          "acoustic_entropy": 12.019450187683105,
          "acoustic_entropy_side": 12.019451141357422,
          "hz": 129.47220167065723
        },
        {
          "acoustic_entropy": 12.019450187683105,
          "acoustic_entropy_side": 12.019451141357422,
          "hz": 202.92927478742237
        },
        {
          "acoustic_entropy": 12.023150444030762,
          "acoustic_entropy_side": 12.019452095031738,
          "hz": 282.89161906338205
        },
        {
          "acoustic_entropy": 12.051721572875977,
          "acoustic_entropy_side": 12.019447326660156,
          "hz": 369.9353335868758
        },
        {
          "acoustic_entropy": 12.652642250061035,
          "acoustic_entropy_side": 12.019429206848145,
          "hz": 464.6875360973435
        },
        {
          "acoustic_entropy": 12.942288398742676,
          "acoustic_entropy_side": 12.022974967956543,
          "hz": 567.8308811364784
        },
        {
          "acoustic_entropy": 12.974892616271973,
          "acoustic_entropy_side": 12.04459285736084,
          "hz": 680.1084783214808
        },
        {
          "acoustic_entropy": 12.453369140625,
          "acoustic_entropy_side": 11.991243362426758,
          "hz": 802.3292461747484
        },
        {
          "acoustic_entropy": 12.316835403442383,
          "acoustic_entropy_side": 12.032873153686523,
          "hz": 935.3737400823702
        },
        {
          "acoustic_entropy": 11.959343910217285,
          "acoustic_entropy_side": 11.973733901977539,
          "hz": 1080.2004963696966
        },
        {
          "acoustic_entropy": 12.815465927124023,
          "acoustic_entropy_side": 12.025825500488281,
          "hz": 1237.8529382007157
        },
        {
          "acoustic_entropy": 12.271574974060059,
          "acoustic_entropy_side": 12.016986846923828,
          "hz": 1409.4668930556702
        },
        {
          "acoustic_entropy": 11.915273666381836,
          "acoustic_entropy_side": 11.953630447387695,
          "hz": 1596.2787759475705
        },
        {
          "acoustic_entropy": 12.4275484085083,
          "acoustic_entropy_side": 12.031854629516602,
          "hz": 1799.6344973346393
        },
        {
          "acoustic_entropy": 11.877768516540527,
          "acoustic_entropy_side": 11.99649429321289,
          "hz": 2020.9991599069049
        },
        {
          "acoustic_entropy": 11.8693265914917,
          "acoustic_entropy_side": 12.005945205688477,
          "hz": 2261.9676141086993
        },
        {
          "acoustic_entropy": 12.010374069213867,
          "acoustic_entropy_side": 12.016459465026855,
          "hz": 2524.2759484456974
        },
        {
          "acoustic_entropy": 12.515999794006348,
          "acoustic_entropy_side": 12.001684188842773,
          "hz": 2809.813997359896
        },
        {
          "acoustic_entropy": 11.954075813293457,
          "acoustic_entropy_side": 11.997830390930176,
          "hz": 3120.6389567871424
        },
        {
          "acoustic_entropy": 12.173346519470215,
          "acoustic_entropy_side": 12.056395530700684,
          "hz": 3458.990205492291
        },
        {
          "acoustic_entropy": 11.985137939453125,
          "acoustic_entropy_side": 11.9646577835083,
          "hz": 3827.305438964164
        },
        {
          "acoustic_entropy": 12.227509498596191,
          "acoustic_entropy_side": 12.004366874694824,
          "hz": 4228.238232109126
        },
        {
          "acoustic_entropy": 12.051203727722168,
          "acoustic_entropy_side": 12.0175142288208,
          "hz": 4664.6771572759235
        },
        {
          "acoustic_entropy": 12.083100318908691,
          "acoustic_entropy_side": 12.021262168884277,
          "hz": 5139.766595350093
        },
        {
          "acoustic_entropy": 11.961014747619629,
          "acoustic_entropy_side": 12.024547576904297,
          "hz": 5656.929389854203
        },
        {
          "acoustic_entropy": 12.066703796386719,
          "acoustic_entropy_side": 12.020045280456543,
          "hz": 6219.891507268283
        },
        {
          "acoustic_entropy": 12.088645935058594,
          "acoustic_entropy_side": 12.020569801330566,
          "hz": 6832.70888123896
        },
        {
          "acoustic_entropy": 12.132214546203613,
          "acoustic_entropy_side": 12.021339416503906,
          "hz": 7499.796634079867
        },
        {
          "acoustic_entropy": 12.00220012664795,
          "acoustic_entropy_side": 12.022049903869629,
          "hz": 8225.96088609342
        },
        {
          "acoustic_entropy": 12.010773658752441,
          "acoustic_entropy_side": 12.021368026733398,
          "hz": 9016.43338188839
        },
        {
          "acoustic_entropy": 12.04940128326416,
          "acoustic_entropy_side": 12.020442962646484,
          "hz": 9876.909183162974
        },
        {
          "acoustic_entropy": 11.970796585083008,
          "acoustic_entropy_side": 12.019909858703613,
          "hz": 10813.587699516042
        },
        {
          "acoustic_entropy": 11.932650566101074,
          "acoustic_entropy_side": 12.019668579101562,
          "hz": 11833.21735289826
        },
        {
          "acoustic_entropy": 11.957600593566895,
          "acoustic_entropy_side": 12.019522666931152,
          "hz": 12943.144197493959
        },
        {
          "acoustic_entropy": 12.016439437866211,
          "acoustic_entropy_side": 12.019466400146484,
          "hz": 14151.364845322005
        },
        {
          "acoustic_entropy": 12.026074409484863,
          "acoustic_entropy_side": 12.019461631774902,
          "hz": 15466.58407886509
        },
        {
          "acoustic_entropy": 12.022747993469238,
          "acoustic_entropy_side": 12.019455909729004,
          "hz": 16898.27756580493
        },
        {
          "acoustic_entropy": 12.020679473876953,
          "acoustic_entropy_side": 12.019458770751953,
          "hz": 18456.760127700032
        },
        {
          "acoustic_entropy": 12.02003002166748,
          "acoustic_entropy_side": 12.019453048706055,
          "hz": 20153.260054456492
        },
        {
          "acoustic_entropy": 12.019478797912598,
          "acoustic_entropy_side": 12.019453048706055,
          "hz": 22000.00000000001
        }
      ],
      "diff_acoustic_entropy": 11.764122009277344,
      "sn": 12
    },
    {
      "acoustic_entropy": 17.35284423828125,
      "acoustic_entropy_mono": 15.985225677490234,
      "band_eliminated_acoustic_entropies": [
        {
          "acoustic_entropy": 17.352813720703125,
          "acoustic_entropy_side": 17.352840423583984,
          "hz": 129.47220167065723
        },
        {
          "acoustic_entropy": 17.351259231567383,
          "acoustic_entropy_side": 17.352853775024414,
          "hz": 202.92927478742237
        },
        {
          "acoustic_entropy": 17.362165451049805,
          "acoustic_entropy_side": 17.352811813354492,
          "hz": 282.89161906338205
        },
        {
          "acoustic_entropy": 17.132328033447266,
          "acoustic_entropy_side": 17.351428985595703,
          "hz": 369.9353335868758
        },
        {
          "acoustic_entropy": 16.589658737182617,
          "acoustic_entropy_side": 17.304290771484375,
          "hz": 464.6875360973435
        },
        {
          "acoustic_entropy": 17.191513061523438,
          "acoustic_entropy_side": 17.26897430419922,
          "hz": 567.8308811364784
        },
        {
          "acoustic_entropy": 16.939128875732422,
          "acoustic_entropy_side": 17.50775718688965,
          "hz": 680.1084783214808
        },
        {
          "acoustic_entropy": 16.77063751220703,
          "acoustic_entropy_side": 17.39399528503418,
          "hz": 802.3292461747484
        },
        {
          "acoustic_entropy": 17.416704177856445,
          "acoustic_entropy_side": 17.499256134033203,
          "hz": 935.3737400823702
        },
        {
          "acoustic_entropy": 16.906627655029297,
          "acoustic_entropy_side": 16.921892166137695,
          "hz": 1080.2004963696966
        },
        {
          "acoustic_entropy": 16.922075271606445,
          "acoustic_entropy_side": 17.32090187072754,
          "hz": 1237.8529382007157
        },
        {
          "acoustic_entropy": 17.64434242248535,
          "acoustic_entropy_side": 17.243757247924805,
          "hz": 1409.4668930556702
        },
        {
          "acoustic_entropy": 16.92780303955078,
          "acoustic_entropy_side": 17.15308952331543,
          "hz": 1596.2787759475705
        },
        {
          "acoustic_entropy": 17.631616592407227,
          "acoustic_entropy_side": 17.18965721130371,
          "hz": 1799.6344973346393
        },
        {
          "acoustic_entropy": 17.462779998779297,
          "acoustic_entropy_side": 17.3668155670166,
          "hz": 2020.9991599069049
        },
        {
          "acoustic_entropy": 17.042407989501953,
          "acoustic_entropy_side": 17.418716430664062,
          "hz": 2261.9676141086993
        },
        {
          "acoustic_entropy": 17.46211051940918,
          "acoustic_entropy_side": 17.29389190673828,
          "hz": 2524.2759484456974
        },
        {
          "acoustic_entropy": 16.881450653076172,
          "acoustic_entropy_side": 17.204933166503906,
          "hz": 2809.813997359896
        },
        {
          "acoustic_entropy": 16.967317581176758,
          "acoustic_entropy_side": 17.424312591552734,
