{
  "acoustic_entropy": 190.2506561279297,
  "bands": [
    {
      "high_freq": 148.1999969482422,
      "loudness": -45.364505767822266,
      "loudness_range": 34.781585693359375,
      "mid_mean": -43.39838409423828,
      "mid_to_side_loudness": -3.4377331733703613,
      "mid_to_side_loudness_range": 7.974210739135742,
      "side_mean": -46.7369384765625
    },
    {
      "high_freq": 392.3793640136719,
      "loudness": -36.12715148925781,
      "loudness_range": 27.82427978515625,
      "low_freq": 148.1999969482422,
      "mid_mean": -34.979698181152344,
      "mid_to_side_loudness": -2.2721524238586426,
      "mid_to_side_loudness_range": 8.211416244506836,
      "side_mean": -37.40058517456055
    },
    {
      "high_freq": 794.6976318359375,
      "loudness": -34.49070358276367,
      "loudness_range": 24.770906448364258,
      "low_freq": 392.3793640136719,
      "mid_mean": -32.717262268066406,
      "mid_to_side_loudness": -3.250699758529663,
      "mid_to_side_loudness_range": 8.841829299926758,
      "side_mean": -36.204559326171875
    },
    {
      "high_freq": 1457.5709228515625,
      "loudness": -38.67500305175781,
      "loudness_range": 26.837493896484375,
      "low_freq": 794.6976318359375,
      "mid_mean": -37.0365104675293,
      "mid_to_side_loudness": -3.1019046306610107,
      "mid_to_side_loudness_range": 8.130372047424316,
      "side_mean": -40.43705368041992
    },
    {
      "high_freq": 2549.74365234375,
      "loudness": -42.1218147277832,
      "loudness_range": 31.206464767456055,
      "low_freq": 1457.5709228515625,
      "mid_mean": -41.00822067260742,
      "mid_to_side_loudness": -2.4849212169647217,
      "mid_to_side_loudness_range": 6.884016036987305,
      "side_mean": -43.65375518798828
    },
    {
      "high_freq": 4349.24462890625,
      "loudness": -51.35770797729492,
      "loudness_range": 34.53725814819336,
      "low_freq": 2549.74365234375,
      "mid_mean": -52.604225158691406,
      "mid_to_side_loudness": -2.287841558456421,
      "mid_to_side_loudness_range": 5.277368545532227,
      "side_mean": -54.42997741699219
    },
    {
      "high_freq": 7314.1640625,
      "loudness": -63.170494079589844,
      "loudness_range": 31.92376708984375,
      "low_freq": 4349.24462890625,
      "mid_mean": -60.77294158935547,
      "mid_to_side_loudness": -2.302288293838501,
      "mid_to_side_loudness_range": 3.957615852355957,
      "side_mean": -62.23870086669922
    },
    {
      "high_freq": 12199.2666015625,
      "loudness": -72.18596649169922,
      "loudness_range": 25.385421752929688,
      "low_freq": 7314.1640625,
      "mid_mean": -65.77722930908203,
      "mid_to_side_loudness": -2.644805431365967,
      "mid_to_side_loudness_range": 3.543703556060791,
      "side_mean": -66.90641784667969
    },
    {
      "loudness": -71.69479370117188,
      "loudness_range": 8.28582763671875,
      "low_freq": 12199.2666015625,
      "mid_mean": -66.48202514648438,
      "mid_to_side_loudness": -3.765110731124878,
      "mid_to_side_loudness_range": 5.825987339019775,
      "side_mean": -68.13590240478516
    }
  ],
  "bands_short": [
    {
      "high_freq": 148.1999969482422,
      "loudness": -48.15419387817383,
      "loudness_range": 33.37648010253906,
      "mid_mean": -46.5212516784668,
      "mid_to_side_loudness": -3.321355104446411,
      "mid_to_side_loudness_range": 14.120051383972168,
      "side_mean": -49.72792434692383
    },
    {
      "high_freq": 392.3793640136719,
      "loudness": -36.706485748291016,
      "loudness_range": 31.02011489868164,
      "low_freq": 148.1999969482422,
      "mid_mean": -35.68852615356445,
      "mid_to_side_loudness": -2.3430557250976562,
      "mid_to_side_loudness_range": 11.697940826416016,
      "side_mean": -38.14781951904297
    },
    {
      "high_freq": 794.6976318359375,
      "loudness": -35.112709045410156,
      "loudness_range": 25.68634796142578,
      "low_freq": 392.3793640136719,
      "mid_mean": -33.59907531738281,
      "mid_to_side_loudness": -3.205404281616211,
      "mid_to_side_loudness_range": 12.283756256103516,
      "side_mean": -36.98322677612305
    },
    {
      "high_freq": 1457.5709228515625,
      "loudness": -39.1415901184082,
      "loudness_range": 27.881607055664062,
      "low_freq": 794.6976318359375,
      "mid_mean": -37.78803253173828,
      "mid_to_side_loudness": -2.7775447368621826,
      "mid_to_side_loudness_range": 11.408304214477539,
      "side_mean": -40.75968551635742
    },
    {
      "high_freq": 2549.74365234375,
      "loudness": -42.840999603271484,
      "loudness_range": 32.51601791381836,
      "low_freq": 1457.5709228515625,
      "mid_mean": -42.07905578613281,
      "mid_to_side_loudness": -2.227076768875122,
      "mid_to_side_loudness_range": 9.832711219787598,
      "side_mean": -44.572086334228516
    },
    {
      "high_freq": 4349.24462890625,
      "loudness": -51.67487716674805,
      "loudness_range": 34.89335250854492,
      "low_freq": 2549.74365234375,
      "mid_mean": -53.33872985839844,
      "mid_to_side_loudness": -2.10385799407959,
      "mid_to_side_loudness_range": 7.8926496505737305,
      "side_mean": -54.99431228637695
    },
    {
      "high_freq": 7314.1640625,
      "loudness": -63.820926666259766,
      "loudness_range": 32.20111846923828,
      "low_freq": 4349.24462890625,
      "mid_mean": -61.513309478759766,
      "mid_to_side_loudness": -2.1491339206695557,
      "mid_to_side_loudness_range": 5.7082839012146,
      "side_mean": -62.79685592651367
    },
    {
      "high_freq": 12199.2666015625,
      "loudness": -72.9434585571289,
      "loudness_range": 24.698455810546875,
      "low_freq": 7314.1640625,
      "mid_mean": -66.20108795166016,
      "mid_to_side_loudness": -2.4845058917999268,
      "mid_to_side_loudness_range": 4.287992000579834,
      "side_mean": -67.19381713867188
    },
    {
      "loudness": -71.92061614990234,
      "loudness_range": 7.764884948730469,
      "low_freq": 12199.2666015625,
      "mid_mean": -66.64148712158203,
      "mid_to_side_loudness": -3.643087863922119,
      "mid_to_side_loudness_range": 6.403900146484375,
      "side_mean": -68.19774627685547
    }
  ],
  "bandwidth": 578.3432006835938,
  "channels": 2,
  "covariance": [
    [
      153.18772888183594,
      150.90707397460938,
      80.80705261230469,
      80.83280944824219,
      40.86882019042969,
      38.71316146850586,
      35.805145263671875,
      36.573890686035156,
      48.388816833496094,
      47.56065368652344,
      63.24239730834961,
      61.05521774291992,
      53.24824523925781,
      48.92008972167969,
      37.07755661010742,
      29.99657440185547,
      12.804814338684082,
      7.949742317199707
    ],
    [
      150.90707397460938,
      156.4395294189453,
      82.16255187988281,
      82.76537322998047,
      41.861385345458984,
      39.58549118041992,
      36.30728530883789,
      37.113582611083984,
      49.17445373535156,
      48.35147476196289,
      63.15671157836914,
      61.12089157104492,
      52.44929504394531,
      48.16631317138672,
      36.639915466308594,
      29.59596824645996,
      12.577195167541504,
      7.960485935211182
    ],
    [
      80.80705261230469,
      82.16255187988281,
      94.1454086303711,
      87.97650909423828,
      40.37577438354492,
      41.2503547668457,
      37.878318786621094,
      37.86507034301758,
      36.65534973144531,
      37.32071304321289,
      41.06862258911133,
      39.522056579589844,
      33.69966506958008,
      31.049095153808594,
      26.356821060180664,
      21.505277633666992,
      10.961485862731934,
      6.66111946105957
    ],
    [
      80.83280944824219,
      82.76537322998047,
      87.97650909423828,
      98.92051696777344,
      37.536712646484375,
      40.082061767578125,
      36.59447479248047,
      37.29286193847656,
      37.22142028808594,
      38.61438751220703,
      41.24751281738281,
      39.900230407714844,
      33.213478088378906,
      30.687213897705078,
      25.178226470947266,
      20.709022521972656,
      10.477664947509766,
      6.438234329223633
    ],
    [
      40.86882019042969,
      41.861385345458984,
      40.37577438354492,
      37.536712646484375,
      73.98148345947266,
      61.1859245300293,
      49.06265640258789,
      47.42672348022461,
      33.8446044921875,
      30.666860580444336,
      42.7178955078125,
      40.01894760131836,
      30.866802215576172,
      27.206254959106445,
      22.72983741760254,
      17.890575408935547,
      9.257363319396973,
      5.672207355499268
    ],
    [
      38.71316146850586,
      39.58549118041992,
      41.2503547668457,
      40.082061767578125,
      61.1859245300293,
      65.05949401855469,
      43.72954559326172,
      42.97577667236328,
      29.669342041015625,
      27.679250717163086,
      37.87559127807617,
      36.7108154296875,
      29.589447021484375,
      26.476938247680664,
      19.94253158569336,
      15.827079772949219,
      8.612646102905273,
      5.103306770324707
    ],
    [
      35.805145263671875,
      36.30728530883789,
      37.878318786621094,
      36.59447479248047,
      49.06265640258789,
      43.72954559326172,
      82.1067886352539,
      74.14424133300781,
      71.60430908203125,
      68.19383239746094,
      76.95127868652344,
      73.56124877929688,
      53.29430389404297,
      47.117340087890625,
      33.339759826660156,
      26.621288299560547,
      11.978979110717773,
      7.3008036613464355
    ],
    [
      36.573890686035156,
      37.113582611083984,
      37.86507034301758,
      37.29286193847656,
      47.42672348022461,
      42.97577667236328,
      74.14424133300781,
      81.0050277709961,
      71.64904022216797,
      69.9789810180664,
      77.92569732666016,
      75.53309631347656,
      54.699501037597656,
      48.67420196533203,
      32.347633361816406,
      26.04944610595703,
      11.183344841003418,
      6.8574323654174805
    ],
    [
      48.388816833496094,
      49.17445373535156,
      36.65534973144531,
      37.22142028808594,
      33.8446044921875,
      29.669342041015625,
      71.60430908203125,
      71.64904022216797,
      121.46118927001953,
      115.42280578613281,
      111.69570922851562,
      107.3791275024414,
      77.35284423828125,
      69.44158172607422,
      42.016361236572266,
      34.146820068359375,
      13.403392791748047,
      8.344557762145996
    ],
    [
      47.56065368652344,
      48.35147476196289,
      37.32071304321289,
      38.61438751220703,
      30.666860580444336,
      27.679250717163086,
      68.19383239746094,
      69.9789810180664,
      115.42280578613281,
      120.06382751464844,
      110.45899963378906,
      106.7955551147461,
      76.7636489868164,
      69.32357025146484,
      40.51520538330078,
      33.20616912841797,
      12.700211524963379,
      7.877810001373291
    ],
    [
      63.24239730834961,
      63.15671157836914,
      41.06862258911133,
      41.24751281738281,
      42.7178955078125,
      37.87559127807617,
      76.95127868652344,
      77.92569732666016,
      111.69570922851562,
      110.45899963378906,
      147.66371154785156,
      140.2627716064453,
      95.41393280029297,
      85.161865234375,
      50.940303802490234,
      41.37235641479492,
      17.516735076904297,
      10.756699562072754
    ],
    [
      61.05521774291992,
      61.12089157104492,
      39.522056579589844,
      39.900230407714844,
      40.01894760131836,
      36.7108154296875,
      73.56124877929688,
      75.53309631347656,
      107.3791275024414,
      106.7955551147461,
      140.2627716064453,
      137.1377716064453,
      92.38455963134766,
      82.81849670410156,
      48.96807098388672,
      39.97150802612305,
      16.402008056640625,
      10.203327178955078
    ],
    [
      53.24824523925781,
      52.44929504394531,
      33.69966506958008,
      33.213478088378906,
      30.866802215576172,
      29.589447021484375,
      53.29430389404297,
      54.699501037597656,
      77.35284423828125,
      76.7636489868164,
      95.41393280029297,
      92.38455963134766,
      79.98754119873047,
      72.60040283203125,
      44.96831512451172,
      37.36591720581055,
      16.880643844604492,
      10.812433242797852
    ],
    [
      48.92008972167969,
      48.16631317138672,
      31.049095153808594,
      30.687213897705078,
      27.206254959106445,
      26.476938247680664,
      47.117340087890625,
      48.67420196533203,
      69.44158172607422,
      69.32357025146484,
      85.161865234375,
      82.81849670410156,
      72.60040283203125,
      67.1759033203125,
      41.23660659790039,
      34.61549758911133,
      15.485475540161133,
      10.09004020690918
    ],
    [
      37.07755661010742,
      36.639915466308594,
      26.356821060180664,
      25.178226470947266,
      22.72983741760254,
      19.94253158569336,
      33.339759826660156,
      32.347633361816406,
      42.016361236572266,
      40.51520538330078,
      50.940303802490234,
      48.96807098388672,
      44.96831512451172,
      41.23660659790039,
      35.24442672729492,
      29.636207580566406,
      15.104330062866211,
      9.909493446350098
    ],
    [
      29.99657440185547,
      29.59596824645996,
      21.505277633666992,
      20.709022521972656,
      17.890575408935547,
      15.827079772949219,
      26.621288299560547,
      26.04944610595703,
      34.146820068359375,
      33.20616912841797,
      41.37235641479492,
      39.97150802612305,
      37.36591720581055,
      34.61549758911133,
      29.636207580566406,
      25.569007873535156,
      12.997403144836426,
      8.794676780700684
    ],
    [
      12.804814338684082,
      12.577195167541504,
      10.961485862731934,
      10.477664947509766,
      9.257363319396973,
      8.612646102905273,
      11.978979110717773,
      11.183344841003418,
      13.403392791748047,
      12.700211524963379,
      17.516735076904297,
      16.402008056640625,
      16.880643844604492,
      15.485475540161133,
      15.104330062866211,
      12.997403144836426,
      9.247807502746582,
      6.097248077392578
    ],
    [
      7.949742317199707,
      7.960485935211182,
      6.66111946105957,
      6.438234329223633,
      5.672207355499268,
      5.103306770324707,
      7.3008036613464355,
      6.8574323654174805,
      8.344557762145996,
      7.877810001373291,
      10.756699562072754,
      10.203327178955078,
      10.812433242797852,
      10.09004020690918,
      9.909493446350098,
      8.794676780700684,
      6.097248077392578,
      4.689566135406494
    ]
  ],
  "covariance_short": [
    [
      135.4427032470703,
      125.3426284790039,
      84.62421417236328,
      83.97686004638672,
      39.533660888671875,
      37.09197235107422,
      30.034523010253906,
      29.55900001525879,
      41.108909606933594,
      40.231300354003906,
      51.562217712402344,
      49.19611740112305,
      42.84749984741211,
      39.59415054321289,
      28.839414596557617,
      23.530498504638672,
      9.072345733642578,
      5.9160943031311035
    ],
    [
      125.3426284790039,
      137.5379180908203,
      84.71502685546875,
      86.48561096191406,
      39.4310188293457,
      37.431121826171875,
      29.943166732788086,
      29.72193717956543,
      41.17001724243164,
      40.56999969482422,
      50.95182418823242,
      48.98295211791992,
      41.356937408447266,
      38.251220703125,
      28.14754867553711,
      22.942623138427734,
      8.83409309387207,
      5.979563236236572
    ],
    [
      84.62421417236328,
      84.71502685546875,
      115.6371841430664,
      102.54462432861328,
      42.35674285888672,
      44.7176399230957,
      37.499717712402344,
      35.035499572753906,
      40.97598648071289,
      41.262535095214844,
      43.976314544677734,
      42.64144515991211,
      35.7598762512207,
      32.93585968017578,
      27.184946060180664,
      22.283376693725586,
      9.493197441101074,
      6.19970703125
    ],
    [
      83.97686004638672,
      86.48561096191406,
      102.54462432861328,
      120.22473907470703,
      41.074832916259766,
      44.47112274169922,
      36.71169662475586,
      35.488826751708984,
      39.57493209838867,
      40.7306022644043,
      43.45332336425781,
      42.76401901245117,
      35.1286506652832,
      32.54069137573242,
      26.096389770507812,
      21.521059036254883,
      9.286418914794922,
      5.939725399017334
    ],
    [
      39.533660888671875,
      39.4310188293457,
      42.35674285888672,
      41.074832916259766,
      87.15316772460938,
      68.66117095947266,
      53.899723052978516,
      50.7061767578125,
      39.00975799560547,
      36.041847229003906,
      46.47635269165039,
      43.116397857666016,
      34.32772445678711,
      30.586429595947266,
      23.03189468383789,
      18.39505386352539,
      8.338778495788574,
      5.370128631591797
    ],
    [
      37.09197235107422,
      37.431121826171875,
      44.7176399230957,
      44.47112274169922,
      68.66117095947266,
      76.989501953125,
      47.770938873291016,
      45.80746078491211,
      34.19416809082031,
      32.745643615722656,
      41.81561279296875,
      39.65805435180664,
      31.243410110473633,
      28.22127342224121,
      19.969558715820312,
      16.12565803527832,
      7.440940856933594,
      4.687875270843506
    ],
    [
      30.034523010253906,
      29.943166732788086,
      37.499717712402344,
      36.71169662475586,
      53.899723052978516,
      47.770938873291016,
      90.69811248779297,
      77.19740295410156,
      77.35704803466797,
      73.4664306640625,
      80.75729370117188,
      76.9912338256836,
      55.05636978149414,
      49.095741271972656,
      31.868637084960938,
      25.574851989746094,
      10.30724811553955,
      6.635144233703613
    ],
    [
      29.55900001525879,
      29.72193717956543,
      35.035499572753906,
      35.488826751708984,
      50.7061767578125,
      45.80746078491211,
      77.19740295410156,
      86.06639099121094,
      75.24134063720703,
      73.89508056640625,
      79.81829833984375,
      76.92427062988281,
      54.65443420410156,
      49.38875961303711,
      30.113037109375,
      24.475709915161133,
      9.55760669708252,
      6.229829788208008
    ],
    [
      41.108909606933594,
      41.17001724243164,
      40.97598648071289,
      39.57493209838867,
      39.00975799560547,
      34.19416809082031,
      77.35704803466797,
      75.24134063720703,
      132.5098419189453,
      121.65078735351562,
      117.45693969726562,
      112.6272964477539,
      78.79122161865234,
      71.46330261230469,
      40.630279541015625,
      33.25111770629883,
      11.646346092224121,
      7.735962390899658
    ],
    [
      40.231300354003906,
      40.56999969482422,
      41.262535095214844,
      40.7306022644043,
      36.041847229003906,
      32.745643615722656,
      73.4664306640625,
      73.89508056640625,
      121.65078735351562,
      129.16702270507812,
      115.84465026855469,
      112.13127899169922,
      77.03850555419922,
      70.45357513427734,
      38.453529357910156,
      31.80888557434082,
      10.874335289001465,
      7.207719802856445
    ],
    [
      51.562217712402344,
      50.95182418823242,
      43.976314544677734,
      43.45332336425781,
      46.47635269165039,
      41.81561279296875,
      80.75729370117188,
      79.81829833984375,
      117.45693969726562,
      115.84465026855469,
      151.89736938476562,
      142.60470581054688,
      94.15040588378906,
      84.99561309814453,
      48.023193359375,
      39.30818176269531,
      15.391471862792969,
      9.92536735534668
    ],
    [
      49.19611740112305,
      48.98295211791992,
      42.64144515991211,
      42.76401901245117,
      43.116397857666016,
      39.65805435180664,
      76.9912338256836,
      76.92427062988281,
      112.6272964477539,
      112.13127899169922,
      142.60470581054688,
      140.79185485839844,
      90.74385833740234,
      82.4594955444336,
      45.874351501464844,
      37.81937026977539,
      14.296232223510742,
      9.376226425170898
    ],
    [
      42.84749984741211,
      41.356937408447266,
      35.7598762512207,
      35.1286506652832,
      34.32772445678711,
      31.243410110473633,
      55.05636978149414,
      54.65443420410156,
      78.79122161865234,
      77.03850555419922,
      94.15040588378906,
      90.74385833740234,
      78.46504211425781,
      70.88771057128906,
      42.52864074707031,
      35.568321228027344,
      14.586323738098145,
      9.86776065826416
    ],
    [
      39.59415054321289,
      38.251220703125,
      32.93585968017578,
      32.54069137573242,
      30.586429595947266,
      28.22127342224121,
      49.095741271972656,
      49.38875961303711,
      71.46330261230469,
      70.45357513427734,
      84.99561309814453,
      82.4594955444336,
      70.88771057128906,
      66.77313995361328,
      38.977718353271484,
      33.08882141113281,
      13.312143325805664,
      9.196076393127441
    ],
    [
      28.839414596557617,
      28.14754867553711,
      27.184946060180664,
      26.096389770507812,
      23.03189468383789,
      19.969558715820312,
      31.868637084960938,
      30.113037109375,
      40.630279541015625,
      38.453529357910156,
      48.023193359375,
      45.874351501464844,
      42.52864074707031,
      38.977718353271484,
      32.70427322387695,
      27.455759048461914,
      12.810799598693848,
      8.835925102233887
    ],
    [
      23.530498504638672,
      22.942623138427734,
      22.283376693725586,
      21.521059036254883,
      18.39505386352539,
      16.12565803527832,
      25.574851989746094,
      24.475709915161133,
      33.25111770629883,
      31.80888557434082,
      39.30818176269531,
      37.81937026977539,
      35.568321228027344,
      33.08882141113281,
      27.455759048461914,
      24.06955909729004,
      10.937202453613281,
      7.854040622711182
    ],
    [
      9.072345733642578,
      8.83409309387207,
      9.493197441101074,
      9.286418914794922,
      8.338778495788574,
      7.440940856933594,
      10.30724811553955,
      9.55760669708252,
      11.646346092224121,
      10.874335289001465,
      15.391471862792969,
      14.296232223510742,
      14.586323738098145,
      13.312143325805664,
      12.810799598693848,
      10.937202453613281,
      7.824366569519043,
      5.128802299499512
    ],
    [
      5.9160943031311035,
      5.979563236236572,
      6.19970703125,
      5.939725399017334,
      5.370128631591797,
      4.687875270843506,
      6.635144233703613,
      6.229829788208008,
      7.735962390899658,
      7.207719802856445,
      9.92536735534668,
      9.376226425170898,
      9.86776065826416,
      9.196076393127441,
      8.835925102233887,
      7.854040622711182,
      5.128802299499512,
      4.093688011169434
    ]
  ],
  "damage": -15.698670387268066,
  "diff_bandwidth": 596.9794311523438,
  "dissonance": 6.759284552178361,
  "drr": -0.77876216173172,
  "dynamics": 5.883140563964844,
  "format": 1245190,
  "frames": 14442496,
  "loudness": -24.015317916870117,
  "loudness_range": 20.56658935546875,
  "loudness_range_short": 22.1276912689209,
  "lowpass_true_peak_15khz": -0.03690730407834053,
  "mastering3_acoustic_entropies": [
    {
      "acoustic_entropy": 6.159955024719238,
      "acoustic_entropy_mono": 6.906350612640381,
      "band_eliminated_acoustic_entropies": [
        {
          "acoustic_entropy": 6.20259428024292,
          "acoustic_entropy_side": 6.170559883117676,
          "hz": 129.47220167065723
        },
        {
          "acoustic_entropy": 6.102680206298828,
          "acoustic_entropy_side": 6.236080169677734,
          "hz": 202.92927478742237
        },
        {
          "acoustic_entropy": 6.215174674987793,
          "acoustic_entropy_side": 6.266125679016113,
          "hz": 282.89161906338205
        },
        {
          "acoustic_entropy": 6.543286323547363,
          "acoustic_entropy_side": 6.404966831207275,
          "hz": 369.9353335868758
        },
        {
          "acoustic_entropy": 7.1370368003845215,
          "acoustic_entropy_side": 6.281409740447998,
          "hz": 464.6875360973435
        },
        {
          "acoustic_entropy": 6.419410228729248,
          "acoustic_entropy_side": 6.544502258300781,
          "hz": 567.8308811364784
        },
        {
          "acoustic_entropy": 7.0861639976501465,
          "acoustic_entropy_side": 6.546369552612305,
          "hz": 680.1084783214808
        },
        {
          "acoustic_entropy": 7.2862019538879395,
          "acoustic_entropy_side": 6.604125499725342,
          "hz": 802.3292461747484
        },
        {
          "acoustic_entropy": 6.274532318115234,
          "acoustic_entropy_side": 6.213578224182129,
          "hz": 935.3737400823702
        },
        {
          "acoustic_entropy": 6.440881729125977,
          "acoustic_entropy_side": 6.157413482666016,
          "hz": 1080.2004963696966
        },
        {
          "acoustic_entropy": 6.189608573913574,
          "acoustic_entropy_side": 6.099598407745361,
          "hz": 1237.8529382007157
        },
        {
          "acoustic_entropy": 6.227854251861572,
          "acoustic_entropy_side": 6.427592754364014,
          "hz": 1409.4668930556702
        },
        {
          "acoustic_entropy": 6.4832282066345215,
          "acoustic_entropy_side": 6.105785846710205,
          "hz": 1596.2787759475705
        },
        {
          "acoustic_entropy": 6.618671894073486,
          "acoustic_entropy_side": 6.679263114929199,
          "hz": 1799.6344973346393
        },
        {
          "acoustic_entropy": 6.129242897033691,
          "acoustic_entropy_side": 6.349192142486572,
          "hz": 2020.9991599069049
        },
        {
          "acoustic_entropy": 6.039175510406494,
          "acoustic_entropy_side": 6.177696228027344,
          "hz": 2261.9676141086993
        },
        {
          "acoustic_entropy": 6.124194145202637,
          "acoustic_entropy_side": 6.188458442687988,
          "hz": 2524.2759484456974
        },
        {
          "acoustic_entropy": 5.96735143661499,
          "acoustic_entropy_side": 6.00959587097168,
          "hz": 2809.813997359896
        },
        {
          "acoustic_entropy": 5.965516090393066,
          "acoustic_entropy_side": 6.0473856925964355,
          "hz": 3120.6389567871424
        },
        {
          "acoustic_entropy": 5.969045639038086,
          "acoustic_entropy_side": 6.1018266677856445,
          "hz": 3458.990205492291
        },
        {
          "acoustic_entropy": 5.985946178436279,
          "acoustic_entropy_side": 6.092702865600586,
          "hz": 3827.305438964164
        },
        {
          "acoustic_entropy": 6.064155578613281,
          "acoustic_entropy_side": 6.117701053619385,
          "hz": 4228.238232109126
        },
        {
          "acoustic_entropy": 6.106261253356934,
          "acoustic_entropy_side": 6.136793613433838,
          "hz": 4664.6771572759235
        },
        {
          "acoustic_entropy": 6.096324920654297,
          "acoustic_entropy_side": 6.136947154998779,
          "hz": 5139.766595350093
        },
        {
          "acoustic_entropy": 6.0942063331604,
          "acoustic_entropy_side": 6.137223720550537,
          "hz": 5656.929389854203
        },
        {
          "acoustic_entropy": 6.09253454208374,
          "acoustic_entropy_side": 6.134092807769775,
          "hz": 6219.891507268283
        },
        {
          "acoustic_entropy": 6.097989082336426,
          "acoustic_entropy_side": 6.136119842529297,
          "hz": 6832.70888123896
        },
        {
          "acoustic_entropy": 6.111769676208496,
          "acoustic_entropy_side": 6.143642425537109,
          "hz": 7499.796634079867
        },
        {
          "acoustic_entropy": 6.120009899139404,
          "acoustic_entropy_side": 6.145117282867432,
          "hz": 8225.96088609342
        },
        {
          "acoustic_entropy": 6.12510871887207,
          "acoustic_entropy_side": 6.147510051727295,
          "hz": 9016.43338188839
        },
        {
          "acoustic_entropy": 6.135709762573242,
          "acoustic_entropy_side": 6.152027606964111,
          "hz": 9876.909183162974
        },
        {
          "acoustic_entropy": 6.141499996185303,
          "acoustic_entropy_side": 6.153870105743408,
          "hz": 10813.587699516042
        },
        {
          "acoustic_entropy": 6.148311138153076,
          "acoustic_entropy_side": 6.156325817108154,
          "hz": 11833.21735289826
        },
        {
          "acoustic_entropy": 6.1516194343566895,
          "acoustic_entropy_side": 6.157599925994873,
          "hz": 12943.144197493959
        },
        {
          "acoustic_entropy": 6.1544013023376465,
          "acoustic_entropy_side": 6.158466339111328,
          "hz": 14151.364845322005
        },
        {
          "acoustic_entropy": 6.156736373901367,
          "acoustic_entropy_side": 6.159036159515381,
          "hz": 15466.58407886509
        },
        {
          "acoustic_entropy": 6.158356666564941,
          "acoustic_entropy_side": 6.1596150398254395,
          "hz": 16898.27756580493
        },
        {
          "acoustic_entropy": 6.159239768981934,
          "acoustic_entropy_side": 6.159786224365234,
          "hz": 18456.760127700032
        },
        {
          "acoustic_entropy": 6.159769058227539,
          "acoustic_entropy_side": 6.159902572631836,
          "hz": 20153.260054456492
        },
        {
          "acoustic_entropy": 6.15994119644165,
          "acoustic_entropy_side": 6.159951210021973,
          "hz": 22000.00000000001
        }
      ],
      "diff_acoustic_entropy": 2.216156244277954,
      "sn": 6
    },
    {
      "acoustic_entropy": 11.402887344360352,
      "acoustic_entropy_mono": 11.5923490524292,
      "band_eliminated_acoustic_entropies": [
        {
          "acoustic_entropy": 11.736581802368164,
          "acoustic_entropy_side": 11.670793533325195,
          "hz": 129.47220167065723
        },
        {
          "acoustic_entropy": 11.00436019897461,
          "acoustic_entropy_side": 11.52673625946045,
          "hz": 202.92927478742237
        },
        {
          "acoustic_entropy": 11.92334270477295,
          "acoustic_entropy_side": 11.865972518920898,
          "hz": 282.89161906338205
        },
        {
          "acoustic_entropy": 11.875540733337402,
          "acoustic_entropy_side": 11.808311462402344,
          "hz": 369.9353335868758
        },
        {
          "acoustic_entropy": 12.143559455871582,
          "acoustic_entropy_side": 12.005748748779297,
          "hz": 464.6875360973435
        },
        {
          "acoustic_entropy": 11.729254722595215,
          "acoustic_entropy_side": 12.156728744506836,
          "hz": 567.8308811364784
        },
        {
          "acoustic_entropy": 12.512563705444336,
          "acoustic_entropy_side": 11.809966087341309,
          "hz": 680.1084783214808
        },
        {
          "acoustic_entropy": 12.493992805480957,
          "acoustic_entropy_side": 11.882381439208984,
          "hz": 802.3292461747484
        },
        {
          "acoustic_entropy": 10.308350563049316,
          "acoustic_entropy_side": 10.927120208740234,
          "hz": 935.3737400823702
        },
        {
          "acoustic_entropy": 11.592026710510254,
          "acoustic_entropy_side": 11.57339096069336,
          "hz": 1080.2004963696966
        },
        {
          "acoustic_entropy": 11.72033405303955,
          "acoustic_entropy_side": 11.809270858764648,
          "hz": 1237.8529382007157
        },
        {
          "acoustic_entropy": 11.211140632629395,
          "acoustic_entropy_side": 11.428816795349121,
          "hz": 1409.4668930556702
        },
        {
          "acoustic_entropy": 11.588399887084961,
          "acoustic_entropy_side": 12.000696182250977,
          "hz": 1596.2787759475705
        },
        {
          "acoustic_entropy": 12.507052421569824,
          "acoustic_entropy_side": 11.65316104888916,
          "hz": 1799.6344973346393
        },
        {
          "acoustic_entropy": 11.43504524230957,
          "acoustic_entropy_side": 11.338223457336426,
          "hz": 2020.9991599069049
        },
        {
          "acoustic_entropy": 11.943028450012207,
          "acoustic_entropy_side": 11.779109954833984,
          "hz": 2261.9676141086993
        },
        {
          "acoustic_entropy": 11.241239547729492,
          "acoustic_entropy_side": 11.354389190673828,
          "hz": 2524.2759484456974
        },
        {
          "acoustic_entropy": 11.372374534606934,
          "acoustic_entropy_side": 11.431222915649414,
          "hz": 2809.813997359896
        },
        {
          "acoustic_entropy": 11.326340675354004,
          "acoustic_entropy_side": 11.384886741638184,
          "hz": 3120.6389567871424
        },
        {
          "acoustic_entropy": 10.992676734924316,
          "acoustic_entropy_side": 11.333023071289062,
          "hz": 3458.990205492291
        },
        {
          "acoustic_entropy": 11.43860912322998,
          "acoustic_entropy_side": 11.42259693145752,
          "hz": 3827.305438964164
        },
        {
          "acoustic_entropy": 11.364953994750977,
          "acoustic_entropy_side": 11.40019702911377,
          "hz": 4228.238232109126
        },
        {
          "acoustic_entropy": 11.290770530700684,
          "acoustic_entropy_side": 11.35478401184082,
          "hz": 4664.6771572759235
        },
        {
          "acoustic_entropy": 11.338119506835938,
          "acoustic_entropy_side": 11.375142097473145,
          "hz": 5139.766595350093
        },
        {
          "acoustic_entropy": 11.385791778564453,
          "acoustic_entropy_side": 11.404497146606445,
          "hz": 5656.929389854203
        },
        {
          "acoustic_entropy": 11.392017364501953,
          "acoustic_entropy_side": 11.404242515563965,
          "hz": 6219.891507268283
        },
        {
          "acoustic_entropy": 11.378876686096191,
          "acoustic_entropy_side": 11.400991439819336,
          "hz": 6832.70888123896
        },
        {
          "acoustic_entropy": 11.364076614379883,
          "acoustic_entropy_side": 11.404422760009766,
          "hz": 7499.796634079867
        },
        {
          "acoustic_entropy": 11.375458717346191,
          "acoustic_entropy_side": 11.406211853027344,
          "hz": 8225.96088609342
        },
        {
          "acoustic_entropy": 11.390701293945312,
          "acoustic_entropy_side": 11.408119201660156,
          "hz": 9016.43338188839
        },
        {
          "acoustic_entropy": 11.385578155517578,
          "acoustic_entropy_side": 11.405582427978516,
          "hz": 9876.909183162974
        },
        {
          "acoustic_entropy": 11.379022598266602,
          "acoustic_entropy_side": 11.402362823486328,
          "hz": 10813.587699516042
        },
        {
          "acoustic_entropy": 11.38216781616211,
          "acoustic_entropy_side": 11.40212631225586,
          "hz": 11833.21735289826
        },
        {
          "acoustic_entropy": 11.38597297668457,
          "acoustic_entropy_side": 11.402873992919922,
          "hz": 12943.144197493959
        },
        {
          "acoustic_entropy": 11.390022277832031,
          "acoustic_entropy_side": 11.402424812316895,
          "hz": 14151.364845322005
        },
        {
          "acoustic_entropy": 11.394911766052246,
          "acoustic_entropy_side": 11.402200698852539,
          "hz": 15466.58407886509
        },
        {
          "acoustic_entropy": 11.400065422058105,
          "acoustic_entropy_side": 11.40236759185791,
          "hz": 16898.27756580493
        },
        {
          "acoustic_entropy": 11.401969909667969,
          "acoustic_entropy_side": 11.402336120605469,
          "hz": 18456.760127700032
        },
        {
          "acoustic_entropy": 11.402366638183594,
          "acoustic_entropy_side": 11.402382850646973,
          "hz": 20153.260054456492
        },
        {
          "acoustic_entropy": 11.40268611907959,
          "acoustic_entropy_side": 11.402839660644531,
          "hz": 22000.00000000001
        }
      ],
      "diff_acoustic_entropy": 4.9217071533203125,
      "sn": 12
    },
    {
      "acoustic_entropy": 19.16716957092285,
      "acoustic_entropy_mono": 18.599599838256836,
      "band_eliminated_acoustic_entropies": [
        {
          "acoustic_entropy": 18.9566650390625,
          "acoustic_entropy_side": 19.1917724609375,
          "hz": 129.47220167065723
        },
        {
          "acoustic_entropy": 19.239267349243164,
          "acoustic_entropy_side": 19.495567321777344,
          "hz": 202.92927478742237
        },
        {
          "acoustic_entropy": 19.1605281829834,
          "acoustic_entropy_side": 19.09539794921875,
          "hz": 282.89161906338205
        },
        {
          "acoustic_entropy": 19.3372745513916,
          "acoustic_entropy_side": 19.773311614990234,
          "hz": 369.9353335868758
        },
        {
          "acoustic_entropy": 19.233362197875977,
          "acoustic_entropy_side": 20.047719955444336,
          "hz": 464.6875360973435
        },
        {
          "acoustic_entropy": 19.923677444458008,
          "acoustic_entropy_side": 19.851137161254883,
          "hz": 567.8308811364784
        },
        {
          "acoustic_entropy": 19.840801239013672,
          "acoustic_entropy_side": 19.661666870117188,
          "hz": 680.1084783214808
        },
        {
          "acoustic_entropy": 19.989013671875,
          "acoustic_entropy_side": 20.06416130065918,
          "hz": 802.3292461747484
        },
        {
          "acoustic_entropy": 19.002885818481445,
          "acoustic_entropy_side": 19.488433837890625,
          "hz": 935.3737400823702
        },
        {
          "acoustic_entropy": 20.601659774780273,
          "acoustic_entropy_side": 19.69563865661621,
          "hz": 1080.2004963696966
        },
        {
          "acoustic_entropy": 19.408645629882812,
          "acoustic_entropy_side": 19.197359085083008,
          "hz": 1237.8529382007157
        },
        {
          "acoustic_entropy": 19.59457015991211,
          "acoustic_entropy_side": 19.796951293945312,
          "hz": 1409.4668930556702
        },
        {
          "acoustic_entropy": 19.538293838500977,
          "acoustic_entropy_side": 19.399335861206055,
          "hz": 1596.2787759475705
        },
        {
          "acoustic_entropy": 20.500661849975586,
          "acoustic_entropy_side": 20.49184799194336,
          "hz": 1799.6344973346393
        },
        {
          "acoustic_entropy": 19.239423751831055,
          "acoustic_entropy_side": 19.498079299926758,
          "hz": 2020.9991599069049
        },
        {
          "acoustic_entropy": 19.094079971313477,
          "acoustic_entropy_side": 19.628894805908203,
          "hz": 2261.9676141086993
        },
        {
          "acoustic_entropy": 19.494518280029297,
          "acoustic_entropy_side": 19.54693031311035,
          "hz": 2524.2759484456974
        },
        {
          "acoustic_entropy": 19.18933868408203,
          "acoustic_entropy_side": 18.726612091064453,
          "hz": 2809.813997359896
        },
        {
          "acoustic_entropy": 19.4872989654541,
          "acoustic_entropy_side": 19.198652267456055,
          "hz": 3120.6389567871424
        },
        {
          "acoustic_entropy": 18.896238327026367,
