{
  "acoustic_entropy": 176.01744079589844,
  "bands": [
    {
      "high_freq": 148.1999969482422,
      "loudness": -23.489635467529297,
      "loudness_range": 27.984529495239258,
      "mid_mean": -25.18512535095215,
      "mid_to_side_loudness": -2.994466543197632,
      "mid_to_side_loudness_range": 12.23969841003418,
      "side_mean": -25.17360496520996
    },
    {
      "high_freq": 392.3793640136719,
      "loudness": -33.194252014160156,
      "loudness_range": 35.36768341064453,
      "low_freq": 148.1999969482422,
      "mid_mean": -34.10414123535156,
      "mid_to_side_loudness": -3.5491526126861572,
      "mid_to_side_loudness_range": 12.986933708190918,
      "side_mean": -35.33330535888672
    },
    {
      "high_freq": 794.6976318359375,
      "loudness": -34.82259750366211,
      "loudness_range": 37.582942962646484,
      "low_freq": 392.3793640136719,
      "mid_mean": -35.57861328125,
      "mid_to_side_loudness": -4.240807056427002,
      "mid_to_side_loudness_range": 13.973553657531738,
      "side_mean": -37.049034118652344
    },
    {
      "high_freq": 1457.5709228515625,
      "loudness": -39.550537109375,
      "loudness_range": 27.681913375854492,
      "low_freq": 794.6976318359375,
      "mid_mean": -37.008846282958984,
      "mid_to_side_loudness": -6.6664862632751465,
      "mid_to_side_loudness_range": 12.58082103729248,
      "side_mean": -43.768585205078125
    },
    {
      "high_freq": 2549.74365234375,
      "loudness": -32.52012634277344,
      "loudness_range": 15.544742584228516,
      "low_freq": 1457.5709228515625,
      "mid_mean": -29.994083404541016,
      "mid_to_side_loudness": -7.051425457000732,
      "mid_to_side_loudness_range": 13.16794204711914,
      "side_mean": -37.2357292175293
    },
    {
      "high_freq": 4349.24462890625,
      "loudness": -30.97050666809082,
      "loudness_range": 12.534360885620117,
      "low_freq": 2549.74365234375,
      "mid_mean": -28.587078094482422,
      "mid_to_side_loudness": -5.565609455108643,
      "mid_to_side_loudness_range": 10.223856925964355,
      "side_mean": -34.315673828125
    },
    {
      "high_freq": 7314.1640625,
      "loudness": -30.72333526611328,
      "loudness_range": 10.251678466796875,
      "low_freq": 4349.24462890625,
      "mid_mean": -27.753511428833008,
      "mid_to_side_loudness": -8.464290618896484,
      "mid_to_side_loudness_range": 11.26980972290039,
      "side_mean": -36.56171417236328
    },
    {
      "high_freq": 12199.2666015625,
      "loudness": -29.901378631591797,
      "loudness_range": 10.155574798583984,
      "low_freq": 7314.1640625,
      "mid_mean": -26.690284729003906,
      "mid_to_side_loudness": -11.477912902832031,
      "mid_to_side_loudness_range": 16.236976623535156,
      "side_mean": -38.727474212646484
    },
    {
      "loudness": -34.312652587890625,
      "loudness_range": 12.474502563476562,
      "low_freq": 12199.2666015625,
      "mid_mean": -31.044958114624023,
      "mid_to_side_loudness": -12.4295015335083,
      "mid_to_side_loudness_range": 17.794506072998047,
      "side_mean": -44.102149963378906
    }
  ],
  "bands_short": [
    {
      "high_freq": 148.1999969482422,
      "loudness": -24.8236083984375,
      "loudness_range": 30.99951934814453,
      "mid_mean": -26.6380558013916,
      "mid_to_side_loudness": -2.0846028327941895,
      "mid_to_side_loudness_range": 20.042964935302734,
      "side_mean": -26.351036071777344
    },
    {
      "high_freq": 392.3793640136719,
      "loudness": -30.071796417236328,
      "loudness_range": 33.97671127319336,
      "low_freq": 148.1999969482422,
      "mid_mean": -31.151653289794922,
      "mid_to_side_loudness": -2.9618594646453857,
      "mid_to_side_loudness_range": 14.805079460144043,
      "side_mean": -31.02690315246582
    },
    {
      "high_freq": 794.6976318359375,
      "loudness": -34.0009651184082,
      "loudness_range": 37.180747985839844,
      "low_freq": 392.3793640136719,
      "mid_mean": -34.22832107543945,
      "mid_to_side_loudness": -2.8656179904937744,
      "mid_to_side_loudness_range": 14.197063446044922,
      "side_mean": -36.4935302734375
    },
    {
      "high_freq": 1457.5709228515625,
      "loudness": -40.43253707885742,
      "loudness_range": 33.17896270751953,
      "low_freq": 794.6976318359375,
      "mid_mean": -39.004798889160156,
      "mid_to_side_loudness": -4.640533447265625,
      "mid_to_side_loudness_range": 14.691123008728027,
      "side_mean": -44.94026184082031
    },
    {
      "high_freq": 2549.74365234375,
      "loudness": -35.292579650878906,
      "loudness_range": 25.453777313232422,
      "low_freq": 1457.5709228515625,
      "mid_mean": -33.279911041259766,
      "mid_to_side_loudness": -4.909918308258057,
      "mid_to_side_loudness_range": 15.207079887390137,
      "side_mean": -38.281097412109375
    },
    {
      "high_freq": 4349.24462890625,
      "loudness": -32.97067642211914,
      "loudness_range": 21.86109733581543,
      "low_freq": 2549.74365234375,
      "mid_mean": -31.11928939819336,
      "mid_to_side_loudness": -4.389771461486816,
      "mid_to_side_loudness_range": 12.203027725219727,
      "side_mean": -35.72092056274414
    },
    {
      "high_freq": 7314.1640625,
      "loudness": -33.95170974731445,
      "loudness_range": 22.38853645324707,
      "low_freq": 4349.24462890625,
      "mid_mean": -31.339767456054688,
      "mid_to_side_loudness": -7.269454479217529,
      "mid_to_side_loudness_range": 14.4693021774292,
      "side_mean": -38.90531539916992
    },
    {
      "high_freq": 12199.2666015625,
      "loudness": -34.8759651184082,
      "loudness_range": 25.658292770385742,
      "low_freq": 7314.1640625,
      "mid_mean": -31.974628448486328,
      "mid_to_side_loudness": -10.037271499633789,
      "mid_to_side_loudness_range": 19.500089645385742,
      "side_mean": -42.52333450317383
    },
    {
      "loudness": -41.444583892822266,
      "loudness_range": 30.619125366210938,
      "low_freq": 12199.2666015625,
      "mid_mean": -38.42909622192383,
      "mid_to_side_loudness": -10.456931114196777,
      "mid_to_side_loudness_range": 18.21257972717285,
      "side_mean": -50.96251678466797
    }
  ],
  "bandwidth": 387.98211669921875,
  "channels": 2,
  "covariance": [
    [
      166.1031494140625,
      115.03142547607422,
      152.57583618164062,
      156.7225341796875,
      157.24830627441406,
      153.07704162597656,
      83.74395751953125,
      91.13967895507812,
      39.27383041381836,
      70.48682403564453,
      33.2232551574707,
      32.837066650390625,
      9.410467147827148,
      -14.239951133728027,
      7.112678050994873,
      -34.090354919433594,
      0.5300549268722534,
      -28.144622802734375
    ],
    [
      115.03142547607422,
      138.6006317138672,
      114.41496276855469,
      131.60543823242188,
      128.46746826171875,
      145.30897521972656,
      69.59821319580078,
      83.76512908935547,
      36.04095458984375,
      70.58876037597656,
      23.580421447753906,
      34.442535400390625,
      5.148622035980225,
      -11.00911808013916,
      5.104562282562256,
      -36.5274658203125,
      -5.879779815673828,
      -36.30339431762695
    ],
    [
      152.57583618164062,
      114.41496276855469,
      199.30917358398438,
      180.4215850830078,
      195.60206604003906,
      171.6297607421875,
      115.27645874023438,
      138.5224151611328,
      54.81422805786133,
      102.610595703125,
      50.338653564453125,
      64.42391204833984,
      23.874454498291016,
      14.707923889160156,
      21.796415328979492,
      -7.675474643707275,
      8.011316299438477,
      -0.30217617750167847
    ],
    [
      156.7225341796875,
      131.60543823242188,
      180.4215850830078,
      205.1125946044922,
      187.22718811035156,
      196.66542053222656,
      115.41511535644531,
      141.0123291015625,
      56.77268600463867,
      106.87571716308594,
      39.610958099365234,
      56.57936477661133,
      18.42145347595215,
      -0.6732262372970581,
      13.75091552734375,
      -35.917884826660156,
      -5.964410305023193,
      -38.0906982421875
    ],
    [
      157.24830627441406,
      128.46746826171875,
      195.60206604003906,
      187.22718811035156,
      226.9019775390625,
      210.4094696044922,
      123.31104278564453,
      150.43939208984375,
      58.87622833251953,
      116.54528045654297,
      51.64817428588867,
      71.98399353027344,
      20.290966033935547,
      10.118842124938965,
      19.573318481445312,
      -20.662118911743164,
      1.3284310102462769,
      -18.079484939575195
    ],
    [
      153.07704162597656,
      145.30897521972656,
      171.6297607421875,
      196.66542053222656,
      210.4094696044922,
      243.46791076660156,
      118.66136169433594,
      149.91995239257812,
      60.514381408691406,
      120.79808044433594,
      43.4556770324707,
      69.90096282958984,
      16.405624389648438,
      -2.0648179054260254,
      13.26843547821045,
      -47.26774597167969,
      -12.094000816345215,
      -55.7784538269043
    ],
    [
      83.74395751953125,
      69.59821319580078,
      115.27645874023438,
      115.41511535644531,
      123.31104278564453,
      118.66136169433594,
      87.57188415527344,
      103.66559600830078,
      42.79673767089844,
      75.45220184326172,
      33.7696647644043,
      47.2701301574707,
      15.061134338378906,
      9.521476745605469,
      13.989882469177246,
      -7.765614032745361,
      1.6955809593200684,
      -9.079667091369629
    ],
    [
      91.13967895507812,
      83.76512908935547,
      138.5224151611328,
      141.0123291015625,
      150.43939208984375,
      149.91995239257812,
      103.66559600830078,
      143.0646209716797,
      50.61601257324219,
      103.78242492675781,
      38.6618537902832,
      66.97605895996094,
      16.297456741333008,
      19.641565322875977,
      16.652339935302734,
      -6.654162406921387,
      -1.6206170320510864,
      -10.645590782165527
    ],
    [
      39.27383041381836,
      36.04095458984375,
      54.81422805786133,
      56.77268600463867,
      58.87622833251953,
      60.514381408691406,
      42.79673767089844,
      50.61601257324219,
      25.025352478027344,
      39.16626739501953,
      16.346073150634766,
      22.921781539916992,
      8.14148998260498,
      4.512535572052002,
      7.432631969451904,
      -4.235574245452881,
      1.349918246269226,
      -5.44171667098999
    ],
    [
      70.48682403564453,
      70.58876037597656,
      102.610595703125,
      106.87571716308594,
      116.54528045654297,
      120.79808044433594,
      75.45220184326172,
      103.78242492675781,
      39.16626739501953,
      81.663818359375,
      27.854154586791992,
      50.050350189208984,
      12.504847526550293,
      13.857564926147461,
      12.937899589538574,
      -7.90294075012207,
      -1.2696776390075684,
      -10.654574394226074
    ],
    [
      33.2232551574707,
      23.580421447753906,
      50.338653564453125,
      39.610958099365234,
      51.64817428588867,
      43.4556770324707,
      33.7696647644043,
      38.6618537902832,
      16.346073150634766,
      27.854154586791992,
      24.85646629333496,
      27.03357696533203,
      11.34785270690918,
      9.392086029052734,
      9.77949333190918,
      2.9167606830596924,
      6.9382710456848145,
      4.639074325561523
    ],
    [
      32.837066650390625,
      34.442535400390625,
      64.42391204833984,
      56.57936477661133,
      71.98399353027344,
      69.90096282958984,
      47.2701301574707,
      66.97605895996094,
      22.921781539916992,
      50.050350189208984,
      27.03357696533203,
      45.81275177001953,
      12.963383674621582,
      20.327877044677734,
      12.181761741638184,
      5.608973979949951,
      3.0822665691375732,
      5.1267476081848145
    ],
    [
      9.410467147827148,
      5.148622035980225,
      23.874454498291016,
      18.42145347595215,
      20.290966033935547,
      16.405624389648438,
      15.061134338378906,
      16.297456741333008,
      8.14148998260498,
      12.504847526550293,
      11.34785270690918,
      12.963383674621582,
      13.652383804321289,
      11.020683288574219,
      9.58492660522461,
      7.8268890380859375,
      6.282838821411133,
      9.124746322631836
    ],
    [
      -14.239951133728027,
      -11.00911808013916,
      14.707923889160156,
      -0.6732262372970581,
      10.118842124938965,
      -2.0648179054260254,
      9.521476745605469,
      19.641565322875977,
      4.512535572052002,
      13.857564926147461,
      9.392086029052734,
      20.327877044677734,
      11.020683288574219,
      26.176189422607422,
      10.008842468261719,
      25.582195281982422,
      5.949955940246582,
      27.405183792114258
    ],
    [
      7.112678050994873,
      5.104562282562256,
      21.796415328979492,
      13.75091552734375,
      19.573318481445312,
      13.26843547821045,
      13.989882469177246,
      16.652339935302734,
      7.432631969451904,
      12.937899589538574,
      9.77949333190918,
      12.181761741638184,
      9.58492660522461,
      10.008842468261719,
      11.33836555480957,
      9.199844360351562,
      9.354226112365723,
      12.50325870513916
    ],
    [
      -34.090354919433594,
      -36.5274658203125,
      -7.675474643707275,
      -35.917884826660156,
      -20.662118911743164,
      -47.26774597167969,
      -7.765614032745361,
      -6.654162406921387,
      -4.235574245452881,
      -7.90294075012207,
      2.9167606830596924,
      5.608973979949951,
      7.8268890380859375,
      25.582195281982422,
      9.199844360351562,
      41.038238525390625,
      11.841131210327148,
      46.11803436279297
    ],
    [
      0.5300549268722534,
      -5.879779815673828,
      8.011316299438477,
      -5.964410305023193,
      1.3284310102462769,
      -12.094000816345215,
      1.6955809593200684,
      -1.6206170320510864,
      1.349918246269226,
      -1.2696776390075684,
      6.9382710456848145,
      3.0822665691375732,
      6.282838821411133,
      5.949955940246582,
      9.354226112365723,
      11.841131210327148,
      16.097366333007812,
      19.289016723632812
    ],
    [
      -28.144622802734375,
      -36.30339431762695,
      -0.30217617750167847,
      -38.0906982421875,
      -18.079484939575195,
      -55.7784538269043,
      -9.079667091369629,
      -10.645590782165527,
      -5.44171667098999,
      -10.654574394226074,
      4.639074325561523,
      5.1267476081848145,
      9.124746322631836,
      27.405183792114258,
      12.50325870513916,
      46.11803436279297,
      19.289016723632812,
      61.492027282714844
    ]
  ],
  "covariance_short": [
    [
      163.5509033203125,
      107.74612426757812,
      135.84799194335938,
      116.88235473632812,
      125.5513687133789,
      121.03494262695312,
      75.90518951416016,
      85.3500747680664,
      48.033687591552734,
      65.57103729248047,
      37.622737884521484,
      38.22536849975586,
      17.259342193603516,
      8.219399452209473,
      16.831275939941406,
      -10.316055297851562,
      9.088679313659668,
      1.2555536031723022
    ],
    [
      107.74612426757812,
      148.58197021484375,
      115.41302490234375,
      123.46370697021484,
      125.96356201171875,
      144.06362915039062,
      71.26350402832031,
      87.63074493408203,
      50.62114334106445,
      72.94113159179688,
      31.26278305053711,
      38.432029724121094,
      15.136223793029785,
      8.775228500366211,
      16.408096313476562,
      -15.687013626098633,
      3.6539876461029053,
      -10.94780158996582
    ],
    [
      135.84799194335938,
      115.41302490234375,
      190.58470153808594,
      142.9691619873047,
      166.50613403320312,
      155.12388610839844,
      106.60444641113281,
      124.63493347167969,
      71.05281066894531,
      96.71011352539062,
      54.30963134765625,
      63.67889404296875,
      29.116600036621094,
      27.339414596557617,
      32.82593536376953,
      5.397191524505615,
      20.757596969604492,
      16.34803581237793
    ],
    [
      116.88235473632812,
      123.46370697021484,
      142.9691619873047,
      161.1178741455078,
      142.08935546875,
      164.20565795898438,
      89.63893127441406,
      105.88700866699219,
      63.42861557006836,
      85.65796661376953,
      37.18282699584961,
      43.20563888549805,
      19.703977584838867,
      8.76963996887207,
      22.031665802001953,
      -15.923108100891113,
      7.4724040031433105,
      -11.45528793334961
    ],
    [
      125.5513687133789,
      125.96356201171875,
      166.50613403320312,
      142.08935546875,
      211.08262634277344,
      190.99078369140625,
      122.77023315429688,
      141.5604705810547,
      80.17626953125,
      114.4568099975586,
      56.07865905761719,
      74.39810943603516,
      28.93494987487793,
      31.357318878173828,
      34.06155776977539,
      1.9553776979446411,
      16.383100509643555,
      5.910396575927734
    ],
    [
      121.03494262695312,
      144.06362915039062,
      155.12388610839844,
      164.20565795898438,
      190.99078369140625,
      240.82052612304688,
      122.53838348388672,
      154.69790649414062,
      92.4142074584961,
      126.57671356201172,
      61.89963912963867,
      79.37138366699219,
      41.977779388427734,
      33.79317092895508,
      45.79364776611328,
      -6.910951614379883,
      24.651050567626953,
      -8.161620140075684
    ],
    [
      75.90518951416016,
      71.26350402832031,
      106.60444641113281,
      89.63893127441406,
      122.77023315429688,
      122.53838348388672,
      128.94515991210938,
      128.5059356689453,
      84.04846954345703,
      96.40608215332031,
      62.82693862915039,
      67.72605895996094,
      40.96036148071289,
      33.447898864746094,
      47.61734390258789,
      16.956363677978516,
      37.34261703491211,
      21.646530151367188
    ],
    [
      85.3500747680664,
      87.63074493408203,
      124.63493347167969,
      105.88700866699219,
      141.5604705810547,
      154.69790649414062,
      128.5059356689453,
      168.28611755371094,
      90.6825942993164,
      121.94766235351562,
      72.32599639892578,
      91.04815673828125,
      46.48771667480469,
      48.16537094116211,
      51.4370002746582,
      20.892362594604492,
      35.96527862548828,
      24.692995071411133
    ],
    [
      48.033687591552734,
      50.62114334106445,
      71.05281066894531,
      63.42861557006836,
      80.17626953125,
      92.4142074584961,
      84.04846954345703,
      90.6825942993164,
      78.47193145751953,
      73.70565795898438,
      56.65583801269531,
      53.071495056152344,
      47.74582290649414,
      32.80427169799805,
      52.61365509033203,
      20.273109436035156,
      48.998451232910156,
      26.07838249206543
    ],
    [
      65.57103729248047,
      72.94113159179688,
      96.71011352539062,
      85.65796661376953,
      114.4568099975586,
      126.57671356201172,
      96.40608215332031,
      121.94766235351562,
      73.70565795898438,
      98.55792236328125,
      54.5899658203125,
      69.21355438232422,
      36.98052978515625,
      38.191383361816406,
      41.72349166870117,
      15.804479598999023,
      29.822498321533203,
      18.97258758544922
    ],
    [
      37.622737884521484,
      31.26278305053711,
      54.30963134765625,
      37.18282699584961,
      56.07865905761719,
      61.89963912963867,
      62.82693862915039,
      72.32599639892578,
      56.65583801269531,
      54.5899658203125,
      67.0174331665039,
      56.102195739746094,
      54.87214279174805,
      39.6842155456543,
      57.087703704833984,
      29.124971389770508,
      57.526519775390625,
      36.478790283203125
    ],
    [
      38.22536849975586,
      38.432029724121094,
      63.67889404296875,
      43.20563888549805,
      74.39810943603516,
      79.37138366699219,
      67.72605895996094,
      91.04815673828125,
      53.071495056152344,
      69.21355438232422,
      56.102195739746094,
      69.77472686767578,
      40.638916015625,
      44.12335968017578,
      43.676517486572266,
      26.99578094482422,
      37.00282669067383,
      32.4389762878418
    ],
    [
      17.259342193603516,
      15.136223793029785,
      29.116600036621094,
      19.703977584838867,
      28.93494987487793,
      41.977779388427734,
      40.96036148071289,
      46.48771667480469,
      47.74582290649414,
      36.98052978515625,
      54.87214279174805,
      40.638916015625,
      65.14879608154297,
      41.617950439453125,
      67.82567596435547,
      38.85197830200195,
      72.24921417236328,
      46.11496353149414
    ],
    [
      8.219399452209473,
      8.775228500366211,
      27.339414596557617,
      8.76963996887207,
      31.357318878173828,
      33.79317092895508,
      33.447898864746094,
      48.16537094116211,
      32.80427169799805,
      38.191383361816406,
      39.6842155456543,
      44.12335968017578,
      41.617950439453125,
      46.96585464477539,
      44.21987533569336,
      41.28287124633789,
      43.39815902709961,
      46.50092315673828
    ],
    [
      16.831275939941406,
      16.408096313476562,
      32.82593536376953,
      22.031665802001953,
      34.06155776977539,
      45.79364776611328,
      47.61734390258789,
      51.4370002746582,
      52.61365509033203,
      41.72349166870117,
      57.087703704833984,
      43.676517486572266,
      67.82567596435547,
      44.21987533569336,
      81.97074890136719,
      45.97422409057617,
      86.84707641601562,
      56.794700622558594
    ],
    [
      -10.316055297851562,
      -15.687013626098633,
      5.397191524505615,
      -15.923108100891113,
      1.9553776979446411,
      -6.910951614379883,
      16.956363677978516,
      20.892362594604492,
      20.273109436035156,
      15.804479598999023,
      29.124971389770508,
      26.99578094482422,
      38.85197830200195,
      41.28287124633789,
      45.97422409057617,
      57.2404670715332,
      51.67595672607422,
      64.6930923461914
    ],
    [
      9.088679313659668,
      3.6539876461029053,
      20.757596969604492,
      7.4724040031433105,
      16.383100509643555,
      24.651050567626953,
      37.34261703491211,
      35.96527862548828,
      48.998451232910156,
      29.822498321533203,
      57.526519775390625,
      37.00282669067383,
      72.24921417236328,
      43.39815902709961,
      86.84707641601562,
      51.67595672607422,
      104.25110626220703,
      68.60711669921875
    ],
    [
      1.2555536031723022,
      -10.94780158996582,
      16.34803581237793,
      -11.45528793334961,
      5.910396575927734,
      -8.161620140075684,
      21.646530151367188,
      24.692995071411133,
      26.07838249206543,
      18.97258758544922,
      36.478790283203125,
      32.4389762878418,
      46.11496353149414,
      46.50092315673828,
      56.794700622558594,
      64.6930923461914,
      68.60711669921875,
      103.58987426757812
    ]
  ],
  "damage": -6.582801342010498,
  "diff_bandwidth": 452.3947448730469,
  "dissonance": 8.420330608031945,
  "drr": 0.05894000455737114,
  "dynamics": 5.639854907989502,
  "format": 1245190,
  "frames": 4628480,
  "loudness": -15.94768238067627,
  "loudness_range": 14.966609954833984,
  "loudness_range_short": 21.804203033447266,
  "lowpass_true_peak_15khz": 0.7127930521965027,
  "mastering3_acoustic_entropies": [
    {
      "acoustic_entropy": 7.126818656921387,
      "acoustic_entropy_mono": 6.7303147315979,
      "band_eliminated_acoustic_entropies": [
        {
          "acoustic_entropy": 6.926383018493652,
          "acoustic_entropy_side": 7.110559463500977,
          "hz": 129.47220167065723
        },
        {
          "acoustic_entropy": 6.359150409698486,
          "acoustic_entropy_side": 7.113829135894775,
          "hz": 202.92927478742237
        },
        {
          "acoustic_entropy": 7.230251789093018,
          "acoustic_entropy_side": 7.245899200439453,
          "hz": 282.89161906338205
        },
        {
          "acoustic_entropy": 6.93677282333374,
          "acoustic_entropy_side": 7.028014183044434,
          "hz": 369.9353335868758
        },
        {
          "acoustic_entropy": 6.856420040130615,
          "acoustic_entropy_side": 7.0452423095703125,
          "hz": 464.6875360973435
        },
        {
          "acoustic_entropy": 7.088574409484863,
          "acoustic_entropy_side": 7.232311248779297,
          "hz": 567.8308811364784
        },
        {
          "acoustic_entropy": 7.2044596672058105,
          "acoustic_entropy_side": 7.362636089324951,
          "hz": 680.1084783214808
        },
        {
          "acoustic_entropy": 7.078207492828369,
          "acoustic_entropy_side": 7.108133792877197,
          "hz": 802.3292461747484
        },
        {
          "acoustic_entropy": 6.93970251083374,
          "acoustic_entropy_side": 7.032373905181885,
          "hz": 935.3737400823702
        },
        {
          "acoustic_entropy": 7.077285289764404,
          "acoustic_entropy_side": 7.114480495452881,
          "hz": 1080.2004963696966
        },
        {
          "acoustic_entropy": 7.134244918823242,
          "acoustic_entropy_side": 7.077065944671631,
          "hz": 1237.8529382007157
        },
        {
          "acoustic_entropy": 7.184373378753662,
          "acoustic_entropy_side": 7.121584892272949,
          "hz": 1409.4668930556702
        },
        {
          "acoustic_entropy": 7.101685047149658,
          "acoustic_entropy_side": 7.118887901306152,
          "hz": 1596.2787759475705
        },
        {
          "acoustic_entropy": 7.009582996368408,
          "acoustic_entropy_side": 7.049360275268555,
          "hz": 1799.6344973346393
        },
        {
          "acoustic_entropy": 7.230837821960449,
          "acoustic_entropy_side": 7.121252536773682,
          "hz": 2020.9991599069049
        },
        {
          "acoustic_entropy": 6.919502258300781,
          "acoustic_entropy_side": 7.096363544464111,
          "hz": 2261.9676141086993
        },
        {
          "acoustic_entropy": 7.070984363555908,
          "acoustic_entropy_side": 7.127074241638184,
          "hz": 2524.2759484456974
        },
        {
          "acoustic_entropy": 7.153549671173096,
          "acoustic_entropy_side": 7.178995132446289,
          "hz": 2809.813997359896
        },
        {
          "acoustic_entropy": 7.406521320343018,
          "acoustic_entropy_side": 7.244848251342773,
          "hz": 3120.6389567871424
        },
        {
          "acoustic_entropy": 7.488996982574463,
          "acoustic_entropy_side": 7.422175884246826,
          "hz": 3458.990205492291
        },
        {
          "acoustic_entropy": 7.0285491943359375,
          "acoustic_entropy_side": 7.2373528480529785,
          "hz": 3827.305438964164
        },
        {
          "acoustic_entropy": 7.0001678466796875,
          "acoustic_entropy_side": 7.160599708557129,
          "hz": 4228.238232109126
        },
        {
          "acoustic_entropy": 7.188662528991699,
          "acoustic_entropy_side": 7.277807235717773,
          "hz": 4664.6771572759235
        },
        {
          "acoustic_entropy": 7.179999828338623,
          "acoustic_entropy_side": 7.206851959228516,
          "hz": 5139.766595350093
        },
        {
          "acoustic_entropy": 7.302252292633057,
          "acoustic_entropy_side": 7.22916841506958,
          "hz": 5656.929389854203
        },
        {
          "acoustic_entropy": 7.326880931854248,
          "acoustic_entropy_side": 7.3383564949035645,
          "hz": 6219.891507268283
        },
        {
          "acoustic_entropy": 7.239650249481201,
          "acoustic_entropy_side": 7.1886796951293945,
          "hz": 6832.70888123896
        },
        {
          "acoustic_entropy": 7.474752902984619,
          "acoustic_entropy_side": 7.24854040145874,
          "hz": 7499.796634079867
        },
        {
          "acoustic_entropy": 7.3807268142700195,
          "acoustic_entropy_side": 7.357856750488281,
          "hz": 8225.96088609342
        },
        {
          "acoustic_entropy": 7.193524360656738,
          "acoustic_entropy_side": 7.257457256317139,
          "hz": 9016.43338188839
        },
        {
          "acoustic_entropy": 7.394750118255615,
          "acoustic_entropy_side": 7.283926963806152,
          "hz": 9876.909183162974
        },
        {
          "acoustic_entropy": 7.306793212890625,
          "acoustic_entropy_side": 7.217290878295898,
          "hz": 10813.587699516042
        },
        {
          "acoustic_entropy": 6.930382251739502,
          "acoustic_entropy_side": 7.231098175048828,
          "hz": 11833.21735289826
        },
        {
          "acoustic_entropy": 7.203453063964844,
          "acoustic_entropy_side": 7.197857856750488,
          "hz": 12943.144197493959
        },
        {
          "acoustic_entropy": 7.116700172424316,
          "acoustic_entropy_side": 7.198208332061768,
          "hz": 14151.364845322005
        },
        {
          "acoustic_entropy": 7.2677459716796875,
          "acoustic_entropy_side": 7.179463863372803,
          "hz": 15466.58407886509
        },
        {
          "acoustic_entropy": 7.079898357391357,
          "acoustic_entropy_side": 7.170177459716797,
          "hz": 16898.27756580493
        },
        {
          "acoustic_entropy": 7.198667526245117,
          "acoustic_entropy_side": 7.150450706481934,
          "hz": 18456.760127700032
        },
        {
          "acoustic_entropy": 7.223991394042969,
          "acoustic_entropy_side": 7.201662063598633,
          "hz": 20153.260054456492
        },
        {
          "acoustic_entropy": 7.179329872131348,
          "acoustic_entropy_side": 7.156639099121094,
          "hz": 22000.00000000001
        }
      ],
      "diff_acoustic_entropy": 5.601822853088379,
      "sn": 6
    },
    {
      "acoustic_entropy": 11.690828323364258,
      "acoustic_entropy_mono": 9.90052318572998,
      "band_eliminated_acoustic_entropies": [
        {
          "acoustic_entropy": 11.375726699829102,
          "acoustic_entropy_side": 11.710618019104004,
          "hz": 129.47220167065723
        },
        {
          "acoustic_entropy": 11.142573356628418,
          "acoustic_entropy_side": 11.703792572021484,
          "hz": 202.92927478742237
        },
        {
          "acoustic_entropy": 11.706403732299805,
          "acoustic_entropy_side": 11.557772636413574,
          "hz": 282.89161906338205
        },
        {
          "acoustic_entropy": 11.490910530090332,
          "acoustic_entropy_side": 11.349077224731445,
          "hz": 369.9353335868758
        },
        {
          "acoustic_entropy": 12.09078598022461,
          "acoustic_entropy_side": 11.790911674499512,
          "hz": 464.6875360973435
        },
        {
          "acoustic_entropy": 11.791346549987793,
          "acoustic_entropy_side": 11.83242416381836,
          "hz": 567.8308811364784
        },
        {
          "acoustic_entropy": 11.345325469970703,
          "acoustic_entropy_side": 11.244043350219727,
          "hz": 680.1084783214808
        },
        {
          "acoustic_entropy": 11.538420677185059,
          "acoustic_entropy_side": 11.592157363891602,
          "hz": 802.3292461747484
        },
        {
          "acoustic_entropy": 11.642073631286621,
          "acoustic_entropy_side": 11.62330150604248,
          "hz": 935.3737400823702
        },
        {
          "acoustic_entropy": 11.68498420715332,
          "acoustic_entropy_side": 11.611194610595703,
          "hz": 1080.2004963696966
        },
        {
          "acoustic_entropy": 11.777918815612793,
          "acoustic_entropy_side": 11.698737144470215,
          "hz": 1237.8529382007157
        },
        {
          "acoustic_entropy": 11.65473461151123,
          "acoustic_entropy_side": 11.664692878723145,
          "hz": 1409.4668930556702
        },
        {
          "acoustic_entropy": 11.79116439819336,
          "acoustic_entropy_side": 11.74515151977539,
          "hz": 1596.2787759475705
        },
        {
          "acoustic_entropy": 11.673407554626465,
          "acoustic_entropy_side": 11.62441635131836,
          "hz": 1799.6344973346393
        },
        {
          "acoustic_entropy": 12.008527755737305,
          "acoustic_entropy_side": 11.649274826049805,
          "hz": 2020.9991599069049
        },
        {
          "acoustic_entropy": 11.943861961364746,
          "acoustic_entropy_side": 11.821683883666992,
          "hz": 2261.9676141086993
        },
        {
          "acoustic_entropy": 11.529729843139648,
          "acoustic_entropy_side": 11.528400421142578,
          "hz": 2524.2759484456974
        },
        {
          "acoustic_entropy": 11.7207612991333,
          "acoustic_entropy_side": 11.654969215393066,
          "hz": 2809.813997359896
        },
        {
          "acoustic_entropy": 10.901265144348145,
          "acoustic_entropy_side": 11.4993257522583,
          "hz": 3120.6389567871424
        },
        {
          "acoustic_entropy": 11.865201950073242,
          "acoustic_entropy_side": 11.51184368133545,
          "hz": 3458.990205492291
        },
        {
          "acoustic_entropy": 11.74449634552002,
          "acoustic_entropy_side": 11.695205688476562,
          "hz": 3827.305438964164
        },
        {
          "acoustic_entropy": 11.772106170654297,
          "acoustic_entropy_side": 11.8128080368042,
          "hz": 4228.238232109126
        },
        {
          "acoustic_entropy": 11.878339767456055,
          "acoustic_entropy_side": 11.787824630737305,
          "hz": 4664.6771572759235
        },
        {
          "acoustic_entropy": 11.641444206237793,
          "acoustic_entropy_side": 11.810158729553223,
          "hz": 5139.766595350093
        },
        {
          "acoustic_entropy": 11.695091247558594,
          "acoustic_entropy_side": 11.770931243896484,
          "hz": 5656.929389854203
        },
        {
          "acoustic_entropy": 11.938053131103516,
          "acoustic_entropy_side": 11.821333885192871,
          "hz": 6219.891507268283
        },
        {
          "acoustic_entropy": 11.467351913452148,
          "acoustic_entropy_side": 11.663043975830078,
          "hz": 6832.70888123896
        },
        {
          "acoustic_entropy": 11.570250511169434,
          "acoustic_entropy_side": 11.578554153442383,
          "hz": 7499.796634079867
        },
        {
          "acoustic_entropy": 11.788207054138184,
          "acoustic_entropy_side": 11.820029258728027,
          "hz": 8225.96088609342
        },
        {
          "acoustic_entropy": 11.777405738830566,
          "acoustic_entropy_side": 11.699660301208496,
          "hz": 9016.43338188839
        },
        {
          "acoustic_entropy": 11.760326385498047,
          "acoustic_entropy_side": 11.685739517211914,
          "hz": 9876.909183162974
        },
        {
          "acoustic_entropy": 11.72353744506836,
          "acoustic_entropy_side": 11.434136390686035,
          "hz": 10813.587699516042
        },
        {
          "acoustic_entropy": 11.42405891418457,
          "acoustic_entropy_side": 11.511283874511719,
          "hz": 11833.21735289826
        },
        {
          "acoustic_entropy": 11.489822387695312,
          "acoustic_entropy_side": 11.608616828918457,
          "hz": 12943.144197493959
        },
        {
          "acoustic_entropy": 11.657401084899902,
          "acoustic_entropy_side": 11.600299835205078,
          "hz": 14151.364845322005
        },
        {
          "acoustic_entropy": 11.589134216308594,
          "acoustic_entropy_side": 11.565537452697754,
          "hz": 15466.58407886509
        },
        {
          "acoustic_entropy": 11.632829666137695,
          "acoustic_entropy_side": 11.618441581726074,
          "hz": 16898.27756580493
        },
        {
          "acoustic_entropy": 11.681981086730957,
          "acoustic_entropy_side": 11.599295616149902,
          "hz": 18456.760127700032
        },
        {
          "acoustic_entropy": 11.572847366333008,
          "acoustic_entropy_side": 11.612561225891113,
          "hz": 20153.260054456492
        },
        {
          "acoustic_entropy": 11.680511474609375,
          "acoustic_entropy_side": 11.673489570617676,
          "hz": 22000.00000000001
        }
      ],
      "diff_acoustic_entropy": 10.235554695129395,
      "sn": 12
    },
    {
      "acoustic_entropy": 16.868785858154297,
      "acoustic_entropy_mono": 14.261849403381348,
      "band_eliminated_acoustic_entropies": [
        {
          "acoustic_entropy": 17.087827682495117,
          "acoustic_entropy_side": 16.86038589477539,
          "hz": 129.47220167065723
        },
        {
          "acoustic_entropy": 17.96823501586914,
          "acoustic_entropy_side": 17.34952163696289,
          "hz": 202.92927478742237
        },
        {
          "acoustic_entropy": 16.878171920776367,
          "acoustic_entropy_side": 16.881996154785156,
          "hz": 282.89161906338205
        },
        {
          "acoustic_entropy": 16.80587387084961,
          "acoustic_entropy_side": 16.898412704467773,
          "hz": 369.9353335868758
        },
        {
          "acoustic_entropy": 17.304365158081055,
          "acoustic_entropy_side": 17.136455535888672,
          "hz": 464.6875360973435
        },
        {
          "acoustic_entropy": 16.638004302978516,
          "acoustic_entropy_side": 16.96843147277832,
          "hz": 567.8308811364784
        },
        {
          "acoustic_entropy": 16.92196273803711,
          "acoustic_entropy_side": 16.938371658325195,
          "hz": 680.1084783214808
        },
        {
          "acoustic_entropy": 17.056509017944336,
          "acoustic_entropy_side": 16.921913146972656,
          "hz": 802.3292461747484
        },
        {
          "acoustic_entropy": 16.990991592407227,
          "acoustic_entropy_side": 16.88173484802246,
          "hz": 935.3737400823702
        },
        {
          "acoustic_entropy": 16.647241592407227,
          "acoustic_entropy_side": 16.8087215423584,
          "hz": 1080.2004963696966
        },
        {
          "acoustic_entropy": 17.16338348388672,
          "acoustic_entropy_side": 17.16621971130371,
          "hz": 1237.8529382007157
        },
        {
          "acoustic_entropy": 16.921401977539062,
          "acoustic_entropy_side": 16.893720626831055,
          "hz": 1409.4668930556702
        },
        {
          "acoustic_entropy": 16.888763427734375,
          "acoustic_entropy_side": 17.21475601196289,
          "hz": 1596.2787759475705
        },
        {
          "acoustic_entropy": 17.14408302307129,
          "acoustic_entropy_side": 17.183616638183594,
          "hz": 1799.6344973346393
        },
        {
          "acoustic_entropy": 17.329524993896484,
          "acoustic_entropy_side": 17.129724502563477,
          "hz": 2020.9991599069049
        },
        {
          "acoustic_entropy": 16.719528198242188,
          "acoustic_entropy_side": 17.03094482421875,
          "hz": 2261.9676141086993
        },
        {
          "acoustic_entropy": 16.964693069458008,
          "acoustic_entropy_side": 16.9665470123291,
          "hz": 2524.2759484456974
        },
        {
          "acoustic_entropy": 16.89890480041504,
          "acoustic_entropy_side": 16.89959716796875,
          "hz": 2809.813997359896
        },
        {
          "acoustic_entropy": 17.01601791381836,
