{
  "acoustic_entropy": 191.7014617919922,
  "bands": [
    {
      "high_freq": 148.1999969482422,
      "loudness": -24.396181106567383,
      "loudness_range": 6.20393180847168,
      "mid_mean": -20.778135299682617,
      "mid_to_side_loudness": -27.01722526550293,
      "mid_to_side_loudness_range": 23.93808364868164,
      "side_mean": -47.592227935791016
    },
    {
      "high_freq": 392.3793640136719,
      "loudness": -22.38541603088379,
      "loudness_range": 8.471446990966797,
      "low_freq": 148.1999969482422,
      "mid_mean": -18.806751251220703,
      "mid_to_side_loudness": -17.595964431762695,
      "mid_to_side_loudness_range": 11.99278450012207,
      "side_mean": -36.269474029541016
    },
    {
      "high_freq": 794.6976318359375,
      "loudness": -25.230318069458008,
      "loudness_range": 7.674419403076172,
      "low_freq": 392.3793640136719,
      "mid_mean": -21.723888397216797,
      "mid_to_side_loudness": -14.655202865600586,
      "mid_to_side_loudness_range": 7.263213157653809,
      "side_mean": -36.38216018676758
    },
    {
      "high_freq": 1457.5709228515625,
      "loudness": -26.42949676513672,
      "loudness_range": 9.326223373413086,
      "low_freq": 794.6976318359375,
      "mid_mean": -22.901235580444336,
      "mid_to_side_loudness": -15.277913093566895,
      "mid_to_side_loudness_range": 9.361346244812012,
      "side_mean": -38.118099212646484
    },
    {
      "high_freq": 2549.74365234375,
      "loudness": -26.863521575927734,
      "loudness_range": 9.822408676147461,
      "low_freq": 1457.5709228515625,
      "mid_mean": -23.303808212280273,
      "mid_to_side_loudness": -16.234302520751953,
      "mid_to_side_loudness_range": 9.591540336608887,
      "side_mean": -39.43149948120117
    },
    {
      "high_freq": 4349.24462890625,
      "loudness": -30.335790634155273,
      "loudness_range": 6.884519577026367,
      "low_freq": 2549.74365234375,
      "mid_mean": -26.831674575805664,
      "mid_to_side_loudness": -18.647897720336914,
      "mid_to_side_loudness_range": 18.191984176635742,
      "side_mean": -45.467777252197266
    },
    {
      "high_freq": 7314.1640625,
      "loudness": -34.15947723388672,
      "loudness_range": 10.185661315917969,
      "low_freq": 4349.24462890625,
      "mid_mean": -30.651132583618164,
      "mid_to_side_loudness": -21.64176368713379,
      "mid_to_side_loudness_range": 31.143354415893555,
      "side_mean": -55.288734436035156
    },
    {
      "high_freq": 12199.2666015625,
      "loudness": -40.541587829589844,
      "loudness_range": 11.071514129638672,
      "low_freq": 7314.1640625,
      "mid_mean": -37.00339126586914,
      "mid_to_side_loudness": -21.598291397094727,
      "mid_to_side_loudness_range": 33.80522537231445,
      "side_mean": -60.83726119995117
    },
    {
      "loudness": -56.213687896728516,
      "loudness_range": 17.916900634765625,
      "low_freq": 12199.2666015625,
      "mid_mean": -53.100955963134766,
      "mid_to_side_loudness": -22.813697814941406,
      "mid_to_side_loudness_range": 32.861839294433594,
      "side_mean": -68.97879028320312
    }
  ],
  "bands_short": [
    {
      "high_freq": 148.1999969482422,
      "loudness": -26.6026668548584,
      "loudness_range": 13.002166748046875,
      "mid_mean": -22.942352294921875,
      "mid_to_side_loudness": -30.999305725097656,
      "mid_to_side_loudness_range": 21.200393676757812,
      "side_mean": -54.8258056640625
    },
    {
      "high_freq": 392.3793640136719,
      "loudness": -22.171871185302734,
      "loudness_range": 8.834150314331055,
      "low_freq": 148.1999969482422,
      "mid_mean": -18.63878631591797,
      "mid_to_side_loudness": -17.732269287109375,
      "mid_to_side_loudness_range": 16.21146011352539,
      "side_mean": -36.24025344848633
    },
    {
      "high_freq": 794.6976318359375,
      "loudness": -26.05093002319336,
      "loudness_range": 10.712039947509766,
      "low_freq": 392.3793640136719,
      "mid_mean": -22.55082893371582,
      "mid_to_side_loudness": -14.686480522155762,
      "mid_to_side_loudness_range": 10.115242004394531,
      "side_mean": -37.196781158447266
    },
    {
      "high_freq": 1457.5709228515625,
      "loudness": -26.320241928100586,
      "loudness_range": 11.415517807006836,
      "low_freq": 794.6976318359375,
      "mid_mean": -22.806299209594727,
      "mid_to_side_loudness": -15.44687271118164,
      "mid_to_side_loudness_range": 11.35172176361084,
      "side_mean": -38.19213104248047
    },
    {
      "high_freq": 2549.74365234375,
      "loudness": -27.320064544677734,
      "loudness_range": 12.25082778930664,
      "low_freq": 1457.5709228515625,
      "mid_mean": -23.77313995361328,
      "mid_to_side_loudness": -16.394672393798828,
      "mid_to_side_loudness_range": 11.25283145904541,
      "side_mean": -40.084415435791016
    },
    {
      "high_freq": 4349.24462890625,
      "loudness": -30.805347442626953,
      "loudness_range": 10.686485290527344,
      "low_freq": 2549.74365234375,
      "mid_mean": -27.302642822265625,
      "mid_to_side_loudness": -18.4258975982666,
      "mid_to_side_loudness_range": 19.088823318481445,
      "side_mean": -45.873313903808594
    },
    {
      "high_freq": 7314.1640625,
      "loudness": -35.2242546081543,
      "loudness_range": 14.852470397949219,
      "low_freq": 4349.24462890625,
      "mid_mean": -31.7569580078125,
      "mid_to_side_loudness": -17.944700241088867,
      "mid_to_side_loudness_range": 25.422157287597656,
      "side_mean": -56.284263610839844
    },
    {
      "high_freq": 12199.2666015625,
      "loudness": -41.13459396362305,
      "loudness_range": 14.692413330078125,
      "low_freq": 7314.1640625,
      "mid_mean": -37.7834587097168,
      "mid_to_side_loudness": -15.491214752197266,
      "mid_to_side_loudness_range": 22.135480880737305,
      "side_mean": -61.555057525634766
    },
    {
      "loudness": -56.61198806762695,
      "loudness_range": 22.69769287109375,
      "low_freq": 12199.2666015625,
      "mid_mean": -54.82228088378906,
      "mid_to_side_loudness": -15.153678894042969,
      "mid_to_side_loudness_range": 28.812477111816406,
      "side_mean": -69.05428314208984
    }
  ],
  "bandwidth": 540.30078125,
  "channels": 2,
  "covariance": [
    [
      13.571481704711914,
      10.85338020324707,
      9.847305297851562,
      10.837581634521484,
      7.132817268371582,
      6.992660045623779,
      6.080755233764648,
      5.673041820526123,
      5.585200786590576,
      4.271787643432617,
      5.421150207519531,
      -2.0195178985595703,
      4.682044506072998,
      -6.454242706298828,
      5.002630710601807,
      -5.108336448669434,
      10.1512451171875,
      -0.7736855149269104
    ],
    [
      10.85338020324707,
      84.71715545654297,
      2.8550703525543213,
      16.341907501220703,
      4.528992176055908,
      5.40211296081543,
      -4.529677391052246,
      -0.7941431999206543,
      -5.309237003326416,
      -4.3279547691345215,
      7.230970859527588,
      -5.400447368621826,
      9.413739204406738,
      -8.661744117736816,
      8.487594604492188,
      0.755296528339386,
      11.782424926757812,
      0.5729928016662598
    ],
    [
      9.847305297851562,
      2.8550703525543213,
      14.298754692077637,
      13.524337768554688,
      8.17872428894043,
      6.838138580322266,
      7.6289448738098145,
      5.703125,
      7.755290508270264,
      4.6661295890808105,
      6.006684303283691,
      -3.375450849533081,
      5.511617660522461,
      -8.428556442260742,
      6.35752010345459,
      -6.304636478424072,
      11.919818878173828,
      -0.9356358647346497
    ],
    [
      10.837581634521484,
      16.341907501220703,
      13.524337768554688,
      33.123634338378906,
      6.789239406585693,
      8.099348068237305,
      6.323348522186279,
      4.5952959060668945,
      8.987107276916504,
      2.6462223529815674,
      5.714346885681152,
      -12.100946426391602,
      5.470404148101807,
      -21.649492263793945,
      6.959051609039307,
      -12.4327392578125,
      14.79481029510498,
      -1.798478126525879
    ],
    [
      7.132817268371582,
      4.528992176055908,
      8.17872428894043,
      6.789239406585693,
      11.687057495117188,
      8.840545654296875,
      5.547058582305908,
      7.133558750152588,
      4.648821830749512,
      5.751287937164307,
      5.262033939361572,
      4.438878059387207,
      5.69534969329834,
      3.2101974487304688,
      5.040405750274658,
      1.1904724836349487,
      6.853455066680908,
      -0.1380573809146881
    ],
    [
      6.992660045623779,
      5.40211296081543,
      6.838138580322266,
      8.099348068237305,
      8.840545654296875,
      15.044584274291992,
      4.783075332641602,
      8.15359115600586,
      5.050428867340088,
      8.221696853637695,
      7.421110153198242,
      11.315787315368652,
      6.0738677978515625,
      11.486313819885254,
      5.4622979164123535,
      4.999936580657959,
      8.6636962890625,
      0.1992243528366089
    ],
    [
      6.080755233764648,
      -4.529677391052246,
      7.6289448738098145,
      6.323348522186279,
      5.547058582305908,
      4.783075332641602,
      14.410547256469727,
      8.561864852905273,
      10.320080757141113,
      6.701545238494873,
      3.3998990058898926,
      1.5908167362213135,
      3.6222610473632812,
      2.921064853668213,
      4.413785457611084,
      2.483795404434204,
      6.788722038269043,
      0.6301954388618469
    ],
    [
      5.673041820526123,
      -0.7941431999206543,
      5.703125,
      4.5952959060668945,
      7.133558750152588,
      8.15359115600586,
      8.561864852905273,
      14.392526626586914,
      5.5374908447265625,
      9.415238380432129,
      5.4168877601623535,
      12.921981811523438,
      5.085991859436035,
      18.243743896484375,
      4.121910572052002,
      13.304512977600098,
      2.1307952404022217,
      2.4153800010681152
    ],
    [
      5.585200786590576,
      -5.309237003326416,
      7.755290508270264,
      8.987107276916504,
      4.648821830749512,
      5.050428867340088,
      10.320080757141113,
      5.5374908447265625,
      15.261581420898438,
      8.862088203430176,
      2.438519239425659,
      0.2941179871559143,
      1.8855284452438354,
      0.9845631718635559,
      2.4435501098632812,
      -0.31922581791877747,
      3.322077751159668,
      -0.7858827710151672
    ],
    [
      4.271787643432617,
      -4.3279547691345215,
      4.6661295890808105,
      2.6462223529815674,
      5.751287937164307,
      8.221696853637695,
      6.701545238494873,
      9.415238380432129,
      8.862088203430176,
      13.821852684020996,
      4.679791450500488,
      16.023237228393555,
      3.752359390258789,
      22.749374389648438,
      2.7195138931274414,
      14.354265213012695,
      -1.0543501377105713,
      1.2521910667419434
    ],
    [
      5.421150207519531,
      7.230970859527588,
      6.006684303283691,
      5.714346885681152,
      5.262033939361572,
      7.421110153198242,
      3.3998990058898926,
      5.4168877601623535,
      2.438519239425659,
      4.679791450500488,
      12.695615768432617,
      12.254587173461914,
      9.564922332763672,
      12.04202651977539,
      9.818256378173828,
      9.858861923217773,
      12.756107330322266,
      1.5747860670089722
    ],
    [
      -2.0195178985595703,
      -5.400447368621826,
      -3.375450849533081,
      -12.100946426391602,
      4.438878059387207,
      11.315787315368652,
      1.5908167362213135,
      12.921981811523438,
      0.2941179871559143,
      16.023237228393555,
      12.254587173461914,
      60.52976989746094,
      11.818775177001953,
      92.21038818359375,
      9.803290367126465,
      68.07919311523438,
      -6.141210556030273,
      8.697723388671875
    ],
    [
      4.682044506072998,
      9.413739204406738,
      5.511617660522461,
      5.470404148101807,
      5.69534969329834,
      6.0738677978515625,
      3.6222610473632812,
      5.085991859436035,
      1.8855284452438354,
      3.752359390258789,
      9.564922332763672,
      11.818775177001953,
      14.694016456604004,
      18.571670532226562,
      15.136609077453613,
      18.32015037536621,
      14.075307846069336,
      2.8131768703460693
    ],
    [
      -6.454242706298828,
      -8.661744117736816,
      -8.428556442260742,
      -21.649492263793945,
      3.2101974487304688,
      11.486313819885254,
      2.921064853668213,
      18.243743896484375,
      0.9845631718635559,
      22.749374389648438,
      12.04202651977539,
      92.21038818359375,
      18.571670532226562,
      170.75042724609375,
      16.00210952758789,
      134.6288604736328,
      -11.497956275939941,
      16.096818923950195
    ],
    [
      5.002630710601807,
      8.487594604492188,
      6.35752010345459,
      6.959051609039307,
      5.040405750274658,
      5.4622979164123535,
      4.413785457611084,
      4.121910572052002,
      2.4435501098632812,
      2.7195138931274414,
      9.818256378173828,
      9.803290367126465,
      15.136609077453613,
      16.00210952758789,
      18.08538818359375,
      17.558441162109375,
      18.154375076293945,
      2.886733293533325
    ],
    [
      -5.108336448669434,
      0.755296528339386,
      -6.304636478424072,
      -12.4327392578125,
      1.1904724836349487,
      4.999936580657959,
      2.483795404434204,
      13.304512977600098,
      -0.31922581791877747,
      14.354265213012695,
      9.858861923217773,
      68.07919311523438,
      18.32015037536621,
      134.6288604736328,
      17.558441162109375,
      121.10845184326172,
      -10.416568756103516,
      15.008844375610352
    ],
    [
      10.1512451171875,
      11.782424926757812,
      11.919818878173828,
      14.79481029510498,
      6.853455066680908,
      8.6636962890625,
      6.788722038269043,
      2.1307952404022217,
      3.322077751159668,
      -1.0543501377105713,
      12.756107330322266,
      -6.141210556030273,
      14.075307846069336,
      -11.497956275939941,
      18.154375076293945,
      -10.416568756103516,
      50.82600784301758,
      -0.346140593290329
    ],
    [
      -0.7736855149269104,
      0.5729928016662598,
      -0.9356358647346497,
      -1.798478126525879,
      -0.1380573809146881,
      0.1992243528366089,
      0.6301954388618469,
      2.4153800010681152,
      -0.7858827710151672,
      1.2521910667419434,
      1.5747860670089722,
      8.697723388671875,
      2.8131768703460693,
      16.096818923950195,
      2.886733293533325,
      15.008844375610352,
      -0.346140593290329,
      3.1009185314178467
    ]
  ],
  "covariance_short": [
    [
      25.153968811035156,
      12.547012329101562,
      10.135702133178711,
      8.106792449951172,
      7.984413146972656,
      6.847958087921143,
      6.992644786834717,
      4.5837202072143555,
      7.684875965118408,
      4.75300407409668,
      5.302404403686523,
      -2.378669023513794,
      3.879286289215088,
      -7.749852657318115,
      3.0647974014282227,
      -6.71152925491333,
      8.451109886169434,
      -1.0630252361297607
    ],
    [
      12.547012329101562,
      49.83327102661133,
      10.971318244934082,
      19.96977996826172,
      9.51236629486084,
      10.762167930603027,
      5.205033779144287,
      4.546387195587158,
      5.16056489944458,
      2.951611280441284,
      7.7656168937683105,
      -2.6702065467834473,
      9.991503715515137,
      -2.6163177490234375,
      7.626711368560791,
      -1.2791463136672974,
      20.773019790649414,
      -0.1899023950099945
    ],
    [
      10.135702133178711,
      10.971318244934082,
      17.88253402709961,
      13.498738288879395,
      9.1411714553833,
      8.115534782409668,
      7.1469340324401855,
      4.9291863441467285,
      8.465218544006348,
      4.913655757904053,
      6.573838233947754,
      -2.1178882122039795,
      6.264256477355957,
      -7.988145351409912,
      7.42725944519043,
      -6.040208339691162,
      11.71735668182373,
      -1.1663283109664917
    ],
    [
      8.106792449951172,
      19.96977996826172,
      13.498738288879395,
      42.93905258178711,
      7.332709312438965,
      10.413293838500977,
      4.5478620529174805,
      2.762341260910034,
      7.187350273132324,
      1.4729480743408203,
      4.189295291900635,
      -13.645614624023438,
      3.8820765018463135,
      -23.38406753540039,
      6.76800537109375,
      -12.32620620727539,
      13.89514446258545,
      -1.7718602418899536
    ],
    [
      7.984413146972656,
      9.51236629486084,
      9.1411714553833,
      7.332709312438965,
      18.57564926147461,
      13.012216567993164,
      7.507195949554443,
      8.074902534484863,
      6.112769603729248,
      6.582413673400879,
      6.9930009841918945,
      5.102656364440918,
      8.32439136505127,
      2.92720627784729,
      6.381626129150391,
      0.8992418050765991,
      8.060321807861328,
      -0.3551250696182251
    ],
    [
      6.847958087921143,
      10.762167930603027,
      8.115534782409668,
      10.413293838500977,
      13.012216567993164,
      23.15797233581543,
      6.419139385223389,
      9.7077054977417,
      6.355796813964844,
      9.303115844726562,
      8.730116844177246,
      11.569944381713867,
      8.256250381469727,
      9.117572784423828,
      6.102275371551514,
      3.1701414585113525,
      11.419936180114746,
      -0.09054531157016754
    ],
    [
      6.992644786834717,
      5.205033779144287,
      7.1469340324401855,
      4.5478620529174805,
      7.507195949554443,
      6.419139385223389,
      18.417512893676758,
      10.802567481994629,
      11.16626262664795,
      8.369709968566895,
      4.708033084869385,
      4.032719612121582,
      4.897812366485596,
      4.537961959838867,
      6.503701686859131,
      3.034714460372925,
      5.931896209716797,
      0.43967798352241516
    ],
    [
      4.5837202072143555,
      4.546387195587158,
      4.9291863441467285,
      2.762341260910034,
      8.074902534484863,
      9.7077054977417,
      10.802567481994629,
      19.75115203857422,
      5.65775728225708,
      11.787822723388672,
      5.782548904418945,
      16.096878051757812,
      5.664052963256836,
      21.639402389526367,
      3.863027572631836,
      14.671828269958496,
      -0.17800690233707428,
      2.4349639415740967
    ],
    [
      7.684875965118408,
      5.16056489944458,
      8.465218544006348,
      7.187350273132324,
      6.112769603729248,
      6.355796813964844,
      11.16626262664795,
      5.65775728225708,
      20.037565231323242,
      11.9511079788208,
      3.6722755432128906,
      1.5090103149414062,
      1.3742191791534424,
      0.8723804354667664,
      4.458832263946533,
      -0.5381773710250854,
      2.092977523803711,
      -0.8980633020401001
    ],
    [
      4.75300407409668,
      2.951611280441284,
      4.913655757904053,
      1.4729480743408203,
      6.582413673400879,
      9.303115844726562,
      8.369709968566895,
      11.787822723388672,
      11.9511079788208,
      20.00226402282715,
      5.2444071769714355,
      18.293045043945312,
      2.990997314453125,
      24.252288818359375,
      2.5679807662963867,
      14.72122573852539,
      -3.809795379638672,
      1.3339765071868896
    ],
    [
      5.302404403686523,
      7.7656168937683105,
      6.573838233947754,
      4.189295291900635,
      6.9930009841918945,
      8.730116844177246,
      4.708033084869385,
      5.782548904418945,
      3.6722755432128906,
      5.2444071769714355,
      19.70113182067871,
      15.653341293334961,
      17.430374145507812,
      15.143633842468262,
      13.76697063446045,
      12.406145095825195,
      19.695032119750977,
      1.689283013343811
    ],
    [
      -2.378669023513794,
      -2.6702065467834473,
      -2.1178882122039795,
      -13.645614624023438,
      5.102656364440918,
      11.569944381713867,
      4.032719612121582,
      16.096878051757812,
      1.5090103149414062,
      18.293045043945312,
      15.653341293334961,
      65.4583740234375,
      16.162128448486328,
      94.04303741455078,
      9.351834297180176,
      68.1357650756836,
      -5.801669597625732,
      8.619488716125488
    ],
    [
      3.879286289215088,
      9.991503715515137,
      6.264256477355957,
      3.8820765018463135,
      8.32439136505127,
      8.256250381469727,
      4.897812366485596,
      5.664052963256836,
      1.3742191791534424,
      2.990997314453125,
      17.430374145507812,
      16.162128448486328,
      34.741092681884766,
      24.84877586364746,
      27.302457809448242,
      24.180530548095703,
      32.245182037353516,
      3.1021831035614014
    ],
    [
      -7.749852657318115,
      -2.6163177490234375,
      -7.988145351409912,
      -23.38406753540039,
      2.92720627784729,
      9.117572784423828,
      4.537961959838867,
      21.639402389526367,
      0.8723804354667664,
      24.252288818359375,
      15.143633842468262,
      94.04303741455078,
      24.84877586364746,
      173.57557678222656,
      16.645423889160156,
      134.09913635253906,
      -14.547279357910156,
      15.813651084899902
    ],
    [
      3.0647974014282227,
      7.626711368560791,
      7.42725944519043,
      6.76800537109375,
      6.381626129150391,
      6.102275371551514,
      6.503701686859131,
      3.863027572631836,
      4.458832263946533,
      2.5679807662963867,
      13.76697063446045,
      9.351834297180176,
      27.302457809448242,
      16.645423889160156,
      38.1077995300293,
      20.783620834350586,
      34.98009490966797,
      3.138183116912842
    ],
    [
      -6.71152925491333,
      -1.2791463136672974,
      -6.040208339691162,
      -12.32620620727539,
      0.8992418050765991,
      3.1701414585113525,
      3.034714460372925,
      14.671828269958496,
      -0.5381773710250854,
      14.72122573852539,
      12.406145095825195,
      68.1357650756836,
      24.180530548095703,
      134.09913635253906,
      20.783620834350586,
      121.38308715820312,
      -10.054496765136719,
      14.671972274780273
    ],
    [
      8.451109886169434,
      20.773019790649414,
      11.71735668182373,
      13.89514446258545,
      8.060321807861328,
      11.419936180114746,
      5.931896209716797,
      -0.17800690233707428,
      2.092977523803711,
      -3.809795379638672,
      19.695032119750977,
      -5.801669597625732,
      32.245182037353516,
      -14.547279357910156,
      34.98009490966797,
      -10.054496765136719,
      79.94816589355469,
      -0.511397123336792
    ],
    [
      -1.0630252361297607,
      -0.1899023950099945,
      -1.1663283109664917,
      -1.7718602418899536,
      -0.3551250696182251,
      -0.09054531157016754,
      0.43967798352241516,
      2.4349639415740967,
      -0.8980633020401001,
      1.3339765071868896,
      1.689283013343811,
      8.619488716125488,
      3.1021831035614014,
      15.813651084899902,
      3.138183116912842,
      14.671972274780273,
      -0.511397123336792,
      3.4457244873046875
    ]
  ],
  "damage": -9.414342880249023,
  "diff_bandwidth": 561.103515625,
  "dissonance": 8.204535659132706,
  "drr": 1.3110169172286987,
  "dynamics": 2.0996034145355225,
  "format": 1245190,
  "frames": 12800000,
  "loudness": -13.64682388305664,
  "loudness_range": 5.860357284545898,
  "loudness_range_short": 6.747265815734863,
  "lowpass_true_peak_15khz": 0.20819754898548126,
  "mastering3_acoustic_entropies": [
    {
      "acoustic_entropy": 6.896832466125488,
      "acoustic_entropy_mono": 6.797308444976807,
      "band_eliminated_acoustic_entropies": [
        {
          "acoustic_entropy": 6.910221099853516,
          "acoustic_entropy_side": 6.8968186378479,
          "hz": 129.47220167065723
        },
        {
          "acoustic_entropy": 6.789247989654541,
          "acoustic_entropy_side": 6.8915557861328125,
          "hz": 202.92927478742237
        },
        {
          "acoustic_entropy": 7.025475025177002,
          "acoustic_entropy_side": 6.889448642730713,
          "hz": 282.89161906338205
        },
        {
          "acoustic_entropy": 6.775356292724609,
          "acoustic_entropy_side": 6.87783145904541,
          "hz": 369.9353335868758
        },
        {
          "acoustic_entropy": 7.48756217956543,
          "acoustic_entropy_side": 6.880924701690674,
          "hz": 464.6875360973435
        },
        {
          "acoustic_entropy": 6.684892177581787,
          "acoustic_entropy_side": 6.8841023445129395,
          "hz": 567.8308811364784
        },
        {
          "acoustic_entropy": 6.924736499786377,
          "acoustic_entropy_side": 6.886849403381348,
          "hz": 680.1084783214808
        },
        {
          "acoustic_entropy": 7.682675361633301,
          "acoustic_entropy_side": 6.898910045623779,
          "hz": 802.3292461747484
        },
        {
          "acoustic_entropy": 6.743444919586182,
          "acoustic_entropy_side": 6.960695266723633,
          "hz": 935.3737400823702
        },
        {
          "acoustic_entropy": 6.800502777099609,
          "acoustic_entropy_side": 6.880372524261475,
          "hz": 1080.2004963696966
        },
        {
          "acoustic_entropy": 7.507347106933594,
          "acoustic_entropy_side": 6.925445556640625,
          "hz": 1237.8529382007157
        },
        {
          "acoustic_entropy": 7.778464317321777,
          "acoustic_entropy_side": 6.899155616760254,
          "hz": 1409.4668930556702
        },
        {
          "acoustic_entropy": 7.264486312866211,
          "acoustic_entropy_side": 6.900543212890625,
          "hz": 1596.2787759475705
        },
        {
          "acoustic_entropy": 6.948667049407959,
          "acoustic_entropy_side": 6.934022426605225,
          "hz": 1799.6344973346393
        },
        {
          "acoustic_entropy": 7.020870208740234,
          "acoustic_entropy_side": 6.89366340637207,
          "hz": 2020.9991599069049
        },
        {
          "acoustic_entropy": 7.49949312210083,
          "acoustic_entropy_side": 6.895299911499023,
          "hz": 2261.9676141086993
        },
        {
          "acoustic_entropy": 7.124736785888672,
          "acoustic_entropy_side": 6.899784088134766,
          "hz": 2524.2759484456974
        },
        {
          "acoustic_entropy": 7.381356716156006,
          "acoustic_entropy_side": 6.904734134674072,
          "hz": 2809.813997359896
        },
        {
          "acoustic_entropy": 6.772320747375488,
          "acoustic_entropy_side": 6.892959117889404,
          "hz": 3120.6389567871424
        },
        {
          "acoustic_entropy": 6.578559398651123,
          "acoustic_entropy_side": 6.884599685668945,
          "hz": 3458.990205492291
        },
        {
          "acoustic_entropy": 7.020482063293457,
          "acoustic_entropy_side": 6.892487049102783,
          "hz": 3827.305438964164
        },
        {
          "acoustic_entropy": 6.796008110046387,
          "acoustic_entropy_side": 6.88985013961792,
          "hz": 4228.238232109126
        },
        {
          "acoustic_entropy": 6.7459211349487305,
          "acoustic_entropy_side": 6.876571178436279,
          "hz": 4664.6771572759235
        },
        {
          "acoustic_entropy": 6.65191125869751,
          "acoustic_entropy_side": 6.884302139282227,
          "hz": 5139.766595350093
        },
        {
          "acoustic_entropy": 6.647536277770996,
          "acoustic_entropy_side": 6.879754543304443,
          "hz": 5656.929389854203
        },
        {
          "acoustic_entropy": 6.802763938903809,
          "acoustic_entropy_side": 6.891950607299805,
          "hz": 6219.891507268283
        },
        {
          "acoustic_entropy": 6.630845069885254,
          "acoustic_entropy_side": 6.888705253601074,
          "hz": 6832.70888123896
        },
        {
          "acoustic_entropy": 6.622053146362305,
          "acoustic_entropy_side": 6.889824390411377,
          "hz": 7499.796634079867
        },
        {
          "acoustic_entropy": 6.646719455718994,
          "acoustic_entropy_side": 6.892801761627197,
          "hz": 8225.96088609342
        },
        {
          "acoustic_entropy": 6.763615608215332,
          "acoustic_entropy_side": 6.895403861999512,
          "hz": 9016.43338188839
        },
        {
          "acoustic_entropy": 6.8482537269592285,
          "acoustic_entropy_side": 6.896358489990234,
          "hz": 9876.909183162974
        },
        {
          "acoustic_entropy": 6.883988857269287,
          "acoustic_entropy_side": 6.896728038787842,
          "hz": 10813.587699516042
        },
        {
          "acoustic_entropy": 6.8917012214660645,
          "acoustic_entropy_side": 6.896795272827148,
          "hz": 11833.21735289826
        },
        {
          "acoustic_entropy": 6.898534774780273,
          "acoustic_entropy_side": 6.8968281745910645,
          "hz": 12943.144197493959
        },
        {
          "acoustic_entropy": 6.897977828979492,
          "acoustic_entropy_side": 6.89683198928833,
          "hz": 14151.364845322005
        },
        {
          "acoustic_entropy": 6.897223949432373,
          "acoustic_entropy_side": 6.896832466125488,
          "hz": 15466.58407886509
        },
        {
          "acoustic_entropy": 6.896975994110107,
          "acoustic_entropy_side": 6.896832466125488,
          "hz": 16898.27756580493
        },
        {
          "acoustic_entropy": 6.896924018859863,
          "acoustic_entropy_side": 6.896832466125488,
          "hz": 18456.760127700032
        },
        {
          "acoustic_entropy": 6.896878719329834,
          "acoustic_entropy_side": 6.896832466125488,
          "hz": 20153.260054456492
        },
        {
          "acoustic_entropy": 6.89683723449707,
          "acoustic_entropy_side": 6.896832466125488,
          "hz": 22000.00000000001
        }
      ],
      "diff_acoustic_entropy": 4.019874572753906,
      "sn": 6
    },
    {
      "acoustic_entropy": 10.95788288116455,
      "acoustic_entropy_mono": 10.025856018066406,
      "band_eliminated_acoustic_entropies": [
        {
          "acoustic_entropy": 10.909491539001465,
          "acoustic_entropy_side": 10.957870483398438,
          "hz": 129.47220167065723
        },
        {
          "acoustic_entropy": 11.026004791259766,
          "acoustic_entropy_side": 10.976968765258789,
          "hz": 202.92927478742237
        },
        {
          "acoustic_entropy": 10.759176254272461,
          "acoustic_entropy_side": 10.982090950012207,
          "hz": 282.89161906338205
        },
        {
          "acoustic_entropy": 10.573114395141602,
          "acoustic_entropy_side": 11.018338203430176,
          "hz": 369.9353335868758
        },
        {
          "acoustic_entropy": 11.49869441986084,
          "acoustic_entropy_side": 10.93810749053955,
          "hz": 464.6875360973435
        },
        {
          "acoustic_entropy": 11.03700065612793,
          "acoustic_entropy_side": 10.990893363952637,
          "hz": 567.8308811364784
        },
        {
          "acoustic_entropy": 10.71631908416748,
          "acoustic_entropy_side": 11.05819034576416,
          "hz": 680.1084783214808
        },
        {
          "acoustic_entropy": 10.341251373291016,
          "acoustic_entropy_side": 10.96753215789795,
          "hz": 802.3292461747484
        },
        {
          "acoustic_entropy": 9.86682415008545,
          "acoustic_entropy_side": 11.035758018493652,
          "hz": 935.3737400823702
        },
        {
          "acoustic_entropy": 10.103038787841797,
          "acoustic_entropy_side": 11.039591789245605,
          "hz": 1080.2004963696966
        },
        {
          "acoustic_entropy": 10.328971862792969,
          "acoustic_entropy_side": 11.01203727722168,
          "hz": 1237.8529382007157
        },
        {
          "acoustic_entropy": 10.496521949768066,
          "acoustic_entropy_side": 10.945075988769531,
          "hz": 1409.4668930556702
        },
        {
          "acoustic_entropy": 10.736040115356445,
          "acoustic_entropy_side": 10.890486717224121,
          "hz": 1596.2787759475705
        },
        {
          "acoustic_entropy": 10.386680603027344,
          "acoustic_entropy_side": 10.961746215820312,
          "hz": 1799.6344973346393
        },
        {
          "acoustic_entropy": 9.840673446655273,
          "acoustic_entropy_side": 10.951004028320312,
          "hz": 2020.9991599069049
        },
        {
          "acoustic_entropy": 10.705455780029297,
          "acoustic_entropy_side": 11.013161659240723,
          "hz": 2261.9676141086993
        },
        {
          "acoustic_entropy": 10.159680366516113,
          "acoustic_entropy_side": 10.980883598327637,
          "hz": 2524.2759484456974
        },
        {
          "acoustic_entropy": 10.841550827026367,
          "acoustic_entropy_side": 10.920430183410645,
          "hz": 2809.813997359896
        },
        {
          "acoustic_entropy": 10.810928344726562,
          "acoustic_entropy_side": 10.945724487304688,
          "hz": 3120.6389567871424
        },
        {
          "acoustic_entropy": 11.059986114501953,
          "acoustic_entropy_side": 10.996700286865234,
          "hz": 3458.990205492291
        },
        {
          "acoustic_entropy": 10.9453763961792,
          "acoustic_entropy_side": 10.938496589660645,
          "hz": 3827.305438964164
        },
        {
          "acoustic_entropy": 10.83831787109375,
          "acoustic_entropy_side": 10.870306015014648,
          "hz": 4228.238232109126
        },
        {
          "acoustic_entropy": 10.895751953125,
          "acoustic_entropy_side": 10.913604736328125,
          "hz": 4664.6771572759235
        },
        {
          "acoustic_entropy": 10.841042518615723,
          "acoustic_entropy_side": 10.86978530883789,
          "hz": 5139.766595350093
        },
        {
          "acoustic_entropy": 10.924140930175781,
          "acoustic_entropy_side": 10.916501998901367,
          "hz": 5656.929389854203
        },
        {
          "acoustic_entropy": 10.858492851257324,
          "acoustic_entropy_side": 10.933707237243652,
          "hz": 6219.891507268283
        },
        {
          "acoustic_entropy": 10.981293678283691,
          "acoustic_entropy_side": 10.907273292541504,
          "hz": 6832.70888123896
        },
        {
          "acoustic_entropy": 10.98414421081543,
          "acoustic_entropy_side": 10.920454025268555,
          "hz": 7499.796634079867
        },
        {
          "acoustic_entropy": 11.075019836425781,
          "acoustic_entropy_side": 10.94114875793457,
          "hz": 8225.96088609342
        },
        {
          "acoustic_entropy": 11.060920715332031,
          "acoustic_entropy_side": 10.948281288146973,
          "hz": 9016.43338188839
        },
        {
          "acoustic_entropy": 11.007311820983887,
          "acoustic_entropy_side": 10.956804275512695,
          "hz": 9876.909183162974
        },
        {
          "acoustic_entropy": 10.94727611541748,
          "acoustic_entropy_side": 10.957466125488281,
          "hz": 10813.587699516042
        },
        {
          "acoustic_entropy": 10.941611289978027,
          "acoustic_entropy_side": 10.957743644714355,
          "hz": 11833.21735289826
        },
        {
          "acoustic_entropy": 10.902894973754883,
          "acoustic_entropy_side": 10.957873344421387,
          "hz": 12943.144197493959
        },
        {
          "acoustic_entropy": 10.9161958694458,
          "acoustic_entropy_side": 10.957881927490234,
          "hz": 14151.364845322005
        },
        {
          "acoustic_entropy": 10.936559677124023,
          "acoustic_entropy_side": 10.957880973815918,
          "hz": 15466.58407886509
        },
        {
          "acoustic_entropy": 10.94721794128418,
          "acoustic_entropy_side": 10.957881927490234,
          "hz": 16898.27756580493
        },
        {
          "acoustic_entropy": 10.952949523925781,
          "acoustic_entropy_side": 10.957881927490234,
          "hz": 18456.760127700032
        },
        {
          "acoustic_entropy": 10.956050872802734,
          "acoustic_entropy_side": 10.957881927490234,
          "hz": 20153.260054456492
        },
        {
          "acoustic_entropy": 10.957670211791992,
          "acoustic_entropy_side": 10.95788288116455,
          "hz": 22000.00000000001
        }
      ],
      "diff_acoustic_entropy": 7.154428482055664,
      "sn": 12
    },
    {
      "acoustic_entropy": 17.74193572998047,
      "acoustic_entropy_mono": 14.29154109954834,
      "band_eliminated_acoustic_entropies": [
        {
          "acoustic_entropy": 17.877708435058594,
          "acoustic_entropy_side": 17.663837432861328,
          "hz": 129.47220167065723
        },
        {
          "acoustic_entropy": 16.488567352294922,
          "acoustic_entropy_side": 16.647525787353516,
          "hz": 202.92927478742237
        },
        {
          "acoustic_entropy": 17.072399139404297,
          "acoustic_entropy_side": 17.435409545898438,
          "hz": 282.89161906338205
        },
        {
          "acoustic_entropy": 16.51786231994629,
          "acoustic_entropy_side": 16.7698974609375,
          "hz": 369.9353335868758
        },
        {
          "acoustic_entropy": 17.134384155273438,
          "acoustic_entropy_side": 17.52471923828125,
          "hz": 464.6875360973435
        },
        {
          "acoustic_entropy": 17.174598693847656,
          "acoustic_entropy_side": 17.52544403076172,
          "hz": 567.8308811364784
        },
        {
          "acoustic_entropy": 16.169652938842773,
          "acoustic_entropy_side": 17.731027603149414,
          "hz": 680.1084783214808
        },
        {
          "acoustic_entropy": 17.01959228515625,
          "acoustic_entropy_side": 17.95149803161621,
          "hz": 802.3292461747484
        },
        {
          "acoustic_entropy": 16.922758102416992,
          "acoustic_entropy_side": 16.93739128112793,
          "hz": 935.3737400823702
        },
        {
          "acoustic_entropy": 17.5345516204834,
          "acoustic_entropy_side": 17.835182189941406,
          "hz": 1080.2004963696966
        },
        {
          "acoustic_entropy": 17.687347412109375,
          "acoustic_entropy_side": 17.546253204345703,
          "hz": 1237.8529382007157
        },
        {
          "acoustic_entropy": 17.12722396850586,
          "acoustic_entropy_side": 17.07866096496582,
          "hz": 1409.4668930556702
        },
        {
          "acoustic_entropy": 18.03935432434082,
          "acoustic_entropy_side": 17.956985473632812,
          "hz": 1596.2787759475705
        },
        {
          "acoustic_entropy": 16.5560245513916,
          "acoustic_entropy_side": 17.55451774597168,
          "hz": 1799.6344973346393
        },
        {
          "acoustic_entropy": 17.426740646362305,
          "acoustic_entropy_side": 17.325273513793945,
          "hz": 2020.9991599069049
        },
        {
          "acoustic_entropy": 16.741308212280273,
          "acoustic_entropy_side": 16.936769485473633,
          "hz": 2261.9676141086993
        },
        {
          "acoustic_entropy": 16.80169677734375,
          "acoustic_entropy_side": 17.685245513916016,
          "hz": 2524.2759484456974
        },
        {
          "acoustic_entropy": 16.3209228515625,
          "acoustic_entropy_side": 17.044218063354492,
          "hz": 2809.813997359896
        },
        {
          "acoustic_entropy": 16.146953582763672,
