{
  "acoustic_entropy": 124.96875762939453,
  "bands": [
    {
      "high_freq": 148.1999969482422,
      "loudness": -35.821441650390625,
      "loudness_range": 24.545164108276367,
      "mid_mean": -33.95359420776367,
      "mid_to_side_loudness": -6.810458183288574,
      "mid_to_side_loudness_range": 20.059186935424805,
      "side_mean": -37.56825637817383
    },
    {
      "high_freq": 392.3793640136719,
      "loudness": -33.19658279418945,
      "loudness_range": 22.265697479248047,
      "low_freq": 148.1999969482422,
      "mid_mean": -29.984699249267578,
      "mid_to_side_loudness": -13.217013359069824,
      "mid_to_side_loudness_range": 18.22734260559082,
      "side_mean": -42.991722106933594
    },
    {
      "high_freq": 794.6976318359375,
      "loudness": -32.488704681396484,
      "loudness_range": 20.67678451538086,
      "low_freq": 392.3793640136719,
      "mid_mean": -28.910045623779297,
      "mid_to_side_loudness": -17.030473709106445,
      "mid_to_side_loudness_range": 9.381856918334961,
      "side_mean": -46.070926666259766
    },
    {
      "high_freq": 1457.5709228515625,
      "loudness": -41.81904220581055,
      "loudness_range": 27.790739059448242,
      "low_freq": 794.6976318359375,
      "mid_mean": -38.37287139892578,
      "mid_to_side_loudness": -14.896601676940918,
      "mid_to_side_loudness_range": 9.6339693069458,
      "side_mean": -53.40736770629883
    },
    {
      "high_freq": 2549.74365234375,
      "loudness": -48.25026321411133,
      "loudness_range": 30.09027862548828,
      "low_freq": 1457.5709228515625,
      "mid_mean": -45.2289924621582,
      "mid_to_side_loudness": -10.48878288269043,
      "mid_to_side_loudness_range": 11.5148286819458,
      "side_mean": -55.42443084716797
    },
    {
      "high_freq": 4349.24462890625,
      "loudness": -54.85448455810547,
      "loudness_range": 33.52112579345703,
      "low_freq": 2549.74365234375,
      "mid_mean": -52.56155014038086,
      "mid_to_side_loudness": -3.3591957092285156,
      "mid_to_side_loudness_range": 8.11972427368164,
      "side_mean": -55.397315979003906
    },
    {
      "high_freq": 7314.1640625,
      "loudness": -55.812599182128906,
      "loudness_range": 30.269107818603516,
      "low_freq": 4349.24462890625,
      "mid_mean": -54.16100311279297,
      "mid_to_side_loudness": -0.9497097730636597,
      "mid_to_side_loudness_range": 1.9520690441131592,
      "side_mean": -54.9334831237793
    },
    {
      "high_freq": 12199.2666015625,
      "loudness": -51.55788040161133,
      "loudness_range": 35.46002197265625,
      "low_freq": 7314.1640625,
      "mid_mean": -50.64157485961914,
      "mid_to_side_loudness": 0.1678897589445114,
      "mid_to_side_loudness_range": 0.7879093885421753,
      "side_mean": -50.488651275634766
    },
    {
      "loudness": -50.176055908203125,
      "loudness_range": 35.63181686401367,
      "low_freq": 12199.2666015625,
      "mid_mean": -49.396453857421875,
      "mid_to_side_loudness": 0.4150317311286926,
      "mid_to_side_loudness_range": 1.0985714197158813,
      "side_mean": -49.01752853393555
    }
  ],
  "bands_short": [
    {
      "high_freq": 148.1999969482422,
      "loudness": -39.8547477722168,
      "loudness_range": 30.43692970275879,
      "mid_mean": -38.545650482177734,
      "mid_to_side_loudness": -5.970250606536865,
      "mid_to_side_loudness_range": 21.202903747558594,
      "side_mean": -40.75070571899414
    },
    {
      "high_freq": 392.3793640136719,
      "loudness": -33.380245208740234,
      "loudness_range": 23.801631927490234,
      "low_freq": 148.1999969482422,
      "mid_mean": -30.25625991821289,
      "mid_to_side_loudness": -12.760674476623535,
      "mid_to_side_loudness_range": 19.224924087524414,
      "side_mean": -42.56500244140625
    },
    {
      "high_freq": 794.6976318359375,
      "loudness": -33.229251861572266,
      "loudness_range": 23.023967742919922,
      "low_freq": 392.3793640136719,
      "mid_mean": -29.67543601989746,
      "mid_to_side_loudness": -16.991287231445312,
      "mid_to_side_loudness_range": 11.77347183227539,
      "side_mean": -46.82379150390625
    },
    {
      "high_freq": 1457.5709228515625,
      "loudness": -43.193389892578125,
      "loudness_range": 29.228822708129883,
      "low_freq": 794.6976318359375,
      "mid_mean": -39.727630615234375,
      "mid_to_side_loudness": -14.605365753173828,
      "mid_to_side_loudness_range": 11.400814056396484,
      "side_mean": -54.278987884521484
    },
    {
      "high_freq": 2549.74365234375,
      "loudness": -49.97605514526367,
      "loudness_range": 32.225460052490234,
      "low_freq": 1457.5709228515625,
      "mid_mean": -47.015560150146484,
      "mid_to_side_loudness": -10.451437950134277,
      "mid_to_side_loudness_range": 12.386816024780273,
      "side_mean": -56.83360290527344
    },
    {
      "high_freq": 4349.24462890625,
      "loudness": -56.52390670776367,
      "loudness_range": 33.514915466308594,
      "low_freq": 2549.74365234375,
      "mid_mean": -54.043304443359375,
      "mid_to_side_loudness": -3.5427803993225098,
      "mid_to_side_loudness_range": 8.89149284362793,
      "side_mean": -57.00600814819336
    },
    {
      "high_freq": 7314.1640625,
      "loudness": -57.558982849121094,
      "loudness_range": 28.821331024169922,
      "low_freq": 4349.24462890625,
      "mid_mean": -55.74752426147461,
      "mid_to_side_loudness": -1.081455945968628,
      "mid_to_side_loudness_range": 3.0431180000305176,
      "side_mean": -56.624080657958984
    },
    {
      "high_freq": 12199.2666015625,
      "loudness": -53.625152587890625,
      "loudness_range": 33.23152160644531,
      "low_freq": 7314.1640625,
      "mid_mean": -52.61785125732422,
      "mid_to_side_loudness": 0.17957720160484314,
      "mid_to_side_loudness_range": 1.7518324851989746,
      "side_mean": -52.460418701171875
    },
    {
      "loudness": -52.124794006347656,
      "loudness_range": 33.918968200683594,
      "low_freq": 12199.2666015625,
      "mid_mean": -51.39878463745117,
      "mid_to_side_loudness": 0.47492164373397827,
      "mid_to_side_loudness_range": 1.6684091091156006,
      "side_mean": -50.974185943603516
    }
  ],
  "bandwidth": 583.1568603515625,
  "channels": 2,
  "covariance": [
    [
      71.73828887939453,
      64.88064575195312,
      30.86090850830078,
      55.24235153198242,
      27.37078285217285,
      36.1192741394043,
      39.420448303222656,
      43.780216217041016,
      45.57428741455078,
      49.58403396606445,
      55.396942138671875,
      57.213680267333984,
      53.65496826171875,
      54.13846206665039,
      60.65378189086914,
      60.3769416809082,
      59.79743194580078,
      58.67439270019531
    ],
    [
      64.88064575195312,
      128.9600830078125,
      25.798797607421875,
      64.45564270019531,
      23.336328506469727,
      34.53187942504883,
      37.67643356323242,
      45.476158142089844,
      50.30253219604492,
      57.58673095703125,
      66.18785858154297,
      72.17949676513672,
      68.85997772216797,
      70.49153137207031,
      80.40665435791016,
      80.01338958740234,
      79.8463363647461,
      78.0124282836914
    ],
    [
      30.86090850830078,
      25.798797607421875,
      54.28359603881836,
      48.20586013793945,
      34.81821060180664,
      38.5942497253418,
      37.922061920166016,
      40.935455322265625,
      47.36488342285156,
      44.22993850708008,
      48.4427490234375,
      44.198631286621094,
      39.97785949707031,
      39.372047424316406,
      43.92587661743164,
      43.74054718017578,
      43.27090835571289,
      42.92964172363281
    ],
    [
      55.24235153198242,
      64.45564270019531,
      48.20586013793945,
      81.61570739746094,
      38.953765869140625,
      50.99678039550781,
      54.74653625488281,
      60.56740188598633,
      67.50713348388672,
      70.1346435546875,
      78.58113861083984,
      78.18280792236328,
      73.42536926269531,
      73.45653533935547,
      84.4625473022461,
      84.07469940185547,
      83.69336700439453,
      82.4029769897461
    ],
    [
      27.37078285217285,
      23.336328506469727,
      34.81821060180664,
      38.953765869140625,
      49.858741760253906,
      47.43798065185547,
      48.90235900878906,
      48.08549499511719,
      55.95554733276367,
      48.433631896972656,
      54.034629821777344,
      47.021949768066406,
      42.878482818603516,
      41.664955139160156,
      46.03561019897461,
      45.82457733154297,
      45.28015899658203,
      44.89349365234375
    ],
    [
      36.1192741394043,
      34.53187942504883,
      38.5942497253418,
      50.99678039550781,
      47.43798065185547,
      54.521934509277344,
      53.37619400024414,
      55.735618591308594,
      63.3683967590332,
      59.21711349487305,
      66.05606079101562,
      60.790401458740234,
      56.34089279174805,
      55.41762161254883,
      62.606937408447266,
      62.3269157409668,
      61.96683883666992,
      61.25941467285156
    ],
    [
      39.420448303222656,
      37.67643356323242,
      37.922061920166016,
      54.74653625488281,
      48.90235900878906,
      53.37619400024414,
      90.50713348388672,
      79.07760620117188,
      84.55706024169922,
      72.97026062011719,
      79.53099060058594,
      69.61080932617188,
      65.56564331054688,
      63.376583099365234,
      72.78520965576172,
      72.42430114746094,
      72.55543518066406,
      71.74295043945312
    ],
    [
      43.780216217041016,
      45.476158142089844,
      40.935455322265625,
      60.56740188598633,
      48.08549499511719,
      55.735618591308594,
      79.07760620117188,
      81.6379165649414,
      81.46715545654297,
      78.64570617675781,
      86.77611541748047,
      80.0645751953125,
      75.87078857421875,
      74.53549194335938,
      86.22132873535156,
      85.87366485595703,
      84.8777847290039,
      83.81877899169922
    ],
    [
      45.57428741455078,
      50.30253219604492,
      47.36488342285156,
      67.50713348388672,
      55.95554733276367,
      63.3683967590332,
      84.55706024169922,
      81.46715545654297,
      106.94197845458984,
      91.02629852294922,
      96.91792297363281,
      86.43898010253906,
      81.14382934570312,
      78.93310546875,
      91.63238525390625,
      91.17558288574219,
      91.74356842041016,
      90.60057067871094
    ],
    [
      49.58403396606445,
      57.58673095703125,
      44.22993850708008,
      70.1346435546875,
      48.433631896972656,
      59.21711349487305,
      72.97026062011719,
      78.64570617675781,
      91.02629852294922,
      91.43724822998047,
      99.69770812988281,
      95.59674835205078,
      90.96045684814453,
      90.12301635742188,
      105.23735809326172,
      104.77566528320312,
      104.34871673583984,
      102.84783172607422
    ],
    [
      55.396942138671875,
      66.18785858154297,
      48.4427490234375,
      78.58113861083984,
      54.034629821777344,
      66.05606079101562,
      79.53099060058594,
      86.77611541748047,
      96.91792297363281,
      99.69770812988281,
      115.14127349853516,
      110.50121307373047,
      105.33969116210938,
      104.3084716796875,
      122.60613250732422,
      122.05167388916016,
      122.08300018310547,
      120.31298828125
    ],
    [
      57.213680267333984,
      72.17949676513672,
      44.198631286621094,
      78.18280792236328,
      47.021949768066406,
      60.790401458740234,
      69.61080932617188,
      80.0645751953125,
      86.43898010253906,
      95.59674835205078,
      110.50121307373047,
      113.78482055664062,
      110.03992462158203,
      110.87179565429688,
      132.098388671875,
      131.55145263671875,
      132.4844970703125,
      130.2728271484375
    ],
    [
      53.65496826171875,
      68.85997772216797,
      39.97785949707031,
      73.42536926269531,
      42.878482818603516,
      56.34089279174805,
      65.56564331054688,
      75.87078857421875,
      81.14382934570312,
      90.96045684814453,
      105.33969116210938,
      110.03992462158203,
      109.65000915527344,
      110.41448211669922,
      133.70797729492188,
      133.1387939453125,
      134.87774658203125,
      132.59808349609375
    ],
    [
      54.13846206665039,
      70.49153137207031,
      39.372047424316406,
      73.45653533935547,
      41.664955139160156,
      55.41762161254883,
      63.376583099365234,
      74.53549194335938,
      78.93310546875,
      90.12301635742188,
      104.3084716796875,
      110.87179565429688,
      110.41448211669922,
      112.16281127929688,
      136.49647521972656,
      135.95428466796875,
      137.99061584472656,
      135.56605529785156
    ],
    [
      60.65378189086914,
      80.40665435791016,
      43.92587661743164,
      84.4625473022461,
      46.03561019897461,
      62.606937408447266,
      72.78520965576172,
      86.22132873535156,
      91.63238525390625,
      105.23735809326172,
      122.60613250732422,
      132.098388671875,
      133.70797729492188,
      136.49647521972656,
      173.88119506835938,
      173.1673126220703,
      178.4244842529297,
      175.23953247070312
    ],
    [
      60.3769416809082,
      80.01338958740234,
      43.74054718017578,
      84.07469940185547,
      45.82457733154297,
      62.3269157409668,
      72.42430114746094,
      85.87366485595703,
      91.17558288574219,
      104.77566528320312,
      122.05167388916016,
      131.55145263671875,
      133.1387939453125,
      135.95428466796875,
      173.1673126220703,
      172.5084228515625,
      177.71975708007812,
      174.5573272705078
    ],
    [
      59.79743194580078,
      79.8463363647461,
      43.27090835571289,
      83.69336700439453,
      45.28015899658203,
      61.96683883666992,
      72.55543518066406,
      84.8777847290039,
      91.74356842041016,
      104.34871673583984,
      122.08300018310547,
      132.4844970703125,
      134.87774658203125,
      137.99061584472656,
      178.4244842529297,
      177.71975708007812,
      186.17066955566406,
      182.8533935546875
    ],
    [
      58.67439270019531,
      78.0124282836914,
      42.92964172363281,
      82.4029769897461,
      44.89349365234375,
      61.25941467285156,
      71.74295043945312,
      83.81877899169922,
      90.60057067871094,
      102.84783172607422,
      120.31298828125,
      130.2728271484375,
      132.59808349609375,
      135.56605529785156,
      175.23953247070312,
      174.5573272705078,
      182.8533935546875,
      179.66421508789062
    ]
  ],
  "covariance_short": [
    [
      103.12445831298828,
      92.78559875488281,
      40.720481872558594,
      74.32478332519531,
      30.66189193725586,
      41.108741760253906,
      44.299190521240234,
      47.657535552978516,
      53.46097946166992,
      53.659507751464844,
      58.996986389160156,
      59.12089157104492,
      54.75495910644531,
      54.665714263916016,
      61.13157272338867,
      60.810546875,
      59.84748077392578,
      58.724365234375
    ],
    [
      92.78559875488281,
      154.47706604003906,
      33.9033088684082,
      79.30548858642578,
      23.34174346923828,
      36.71599578857422,
      34.3387451171875,
      41.77500534057617,
      46.306148529052734,
      51.33757019042969,
      58.00505065917969,
      62.479736328125,
      59.26300811767578,
      60.240718841552734,
      68.93499755859375,
      68.6279296875,
      68.32328033447266,
      66.82696533203125
    ],
    [
      40.720481872558594,
      33.9033088684082,
      62.368682861328125,
      57.289459228515625,
      41.15841293334961,
      44.9658317565918,
      42.689857482910156,
      43.92570495605469,
      54.39706039428711,
      47.1016845703125,
      50.974090576171875,
      45.73114776611328,
      41.239891052246094,
      40.10683059692383,
      43.96670913696289,
      43.75328063964844,
      42.839542388916016,
      42.55192565917969
    ],
    [
      74.32478332519531,
      79.30548858642578,
      57.289459228515625,
      98.3517074584961,
      40.35452651977539,
      53.762550354003906,
      51.24428176879883,
      58.40354919433594,
      67.09105682373047,
      67.869140625,
      75.76513671875,
      75.0671157836914,
      69.84854125976562,
      69.6038818359375,
      79.44633483886719,
      79.05815887451172,
      78.37889862060547,
      77.15828704833984
    ],
    [
      30.66189193725586,
      23.34174346923828,
      41.15841293334961,
      40.35452651977539,
      61.476383209228516,
      55.17924499511719,
      55.39000701904297,
      52.028900146484375,
      63.83830642700195,
      51.41200637817383,
      57.263282775878906,
      47.51081848144531,
      42.36122131347656,
      40.299259185791016,
      43.11348342895508,
      42.84174346923828,
      41.593196868896484,
      41.393653869628906
    ],
    [
      41.108741760253906,
      36.71599578857422,
      44.9658317565918,
      53.762550354003906,
      55.17924499511719,
      64.44403839111328,
      58.481239318847656,
      59.62141799926758,
      70.51342010498047,
      62.101749420166016,
      68.79185485839844,
      61.2389030456543,
      55.82106399536133,
      54.13652038574219,
      59.66256332397461,
      59.38291549682617,
      58.35668182373047,
      57.8271369934082
    ],
    [
      44.299190521240234,
      34.3387451171875,
      42.689857482910156,
      51.24428176879883,
      55.39000701904297,
      58.481239318847656,
      97.2271499633789,
      83.04158782958984,
      93.32698059082031,
      75.6506576538086,
      81.794189453125,
      68.93940734863281,
      63.545955657958984,
      60.347328186035156,
      67.54695892333984,
      67.07958221435547,
      66.60823059082031,
      65.99124908447266
    ],
    [
      47.657535552978516,
      41.77500534057617,
      43.92570495605469,
      58.40354919433594,
      52.028900146484375,
      59.62141799926758,
      83.04158782958984,
      85.6771240234375,
      87.98699188232422,
      79.79788208007812,
      87.08284759521484,
      78.331787109375,
      72.90181732177734,
      70.86627197265625,
      80.42786407470703,
      80.14796447753906,
      79.78325653076172,
      78.94709777832031
    ],
    [
      53.46097946166992,
      46.306148529052734,
      54.39706039428711,
      67.09105682373047,
      63.83830642700195,
      70.51342010498047,
      93.32698059082031,
      87.98699188232422,
      117.94844818115234,
      96.1553726196289,
      101.85961151123047,
      88.22272491455078,
      81.21755981445312,
      78.07014465332031,
      88.83165740966797,
      88.2889633178711,
      88.3412094116211,
      87.30467987060547
    ],
    [
      53.659507751464844,
      51.33757019042969,
      47.1016845703125,
      67.869140625,
      51.41200637817383,
      62.101749420166016,
      75.6506576538086,
      79.79788208007812,
      96.1553726196289,
      92.11338806152344,
      99.02556610107422,
      92.98279571533203,
      86.94804382324219,
      85.49004364013672,
      97.95024108886719,
      97.58602905273438,
      97.56982421875,
      96.26461791992188
    ],
    [
      58.996986389160156,
      58.00505065917969,
      50.974090576171875,
      75.76513671875,
      57.263282775878906,
      68.79185485839844,
      81.794189453125,
      87.08284759521484,
      101.85961151123047,
      99.02556610107422,
      115.58963012695312,
      107.90411376953125,
      101.13207244873047,
      99.17106628417969,
      114.92508697509766,
      114.32792663574219,
      115.1800537109375,
      113.5751953125
    ],
    [
      59.12089157104492,
      62.479736328125,
      45.73114776611328,
      75.0671157836914,
      47.51081848144531,
      61.2389030456543,
      68.93940734863281,
      78.331787109375,
      88.22272491455078,
      92.98279571533203,
      107.90411376953125,
      109.64837646484375,
      104.39046478271484,
      104.70294189453125,
      123.46137237548828,
      123.00228118896484,
      124.54834747314453,
      122.45932006835938
    ],
    [
      54.75495910644531,
      59.26300811767578,
      41.239891052246094,
      69.84854125976562,
      42.36122131347656,
      55.82106399536133,
      63.545955657958984,
      72.90181732177734,
      81.21755981445312,
      86.94804382324219,
      101.13207244873047,
      104.39046478271484,
      103.80744171142578,
      103.84123229980469,
      124.43321228027344,
      123.84252166748047,
      126.35965728759766,
      124.16338348388672
    ],
    [
      54.665714263916016,
      60.240718841552734,
      40.10683059692383,
      69.6038818359375,
      40.299259185791016,
      54.13652038574219,
      60.347328186035156,
      70.86627197265625,
      78.07014465332031,
      85.49004364013672,
      99.17106628417969,
      104.70294189453125,
      103.84123229980469,
      105.4319076538086,
      127.1028823852539,
      126.63146209716797,
      129.41152954101562,
      127.04754638671875
    ],
    [
      61.13157272338867,
      68.93499755859375,
      43.96670913696289,
      79.44633483886719,
      43.11348342895508,
      59.66256332397461,
      67.54695892333984,
      80.42786407470703,
      88.83165740966797,
      97.95024108886719,
      114.92508697509766,
      123.46137237548828,
      124.43321228027344,
      127.1028823852539,
      162.26759338378906,
      161.48980712890625,
      167.83990478515625,
      164.58795166015625
    ],
    [
      60.810546875,
      68.6279296875,
      43.75328063964844,
      79.05815887451172,
      42.84174346923828,
      59.38291549682617,
      67.07958221435547,
      80.14796447753906,
      88.2889633178711,
      97.58602905273438,
      114.32792663574219,
      123.00228118896484,
      123.84252166748047,
      126.63146209716797,
      161.48980712890625,
      160.9772186279297,
      167.16098022460938,
      163.97169494628906
    ],
    [
      59.84748077392578,
      68.32328033447266,
      42.839542388916016,
      78.37889862060547,
      41.593196868896484,
      58.35668182373047,
      66.60823059082031,
      79.78325653076172,
      88.3412094116211,
      97.56982421875,
      115.1800537109375,
      124.54834747314453,
      126.35965728759766,
      129.41152954101562,
      167.83990478515625,
      167.16098022460938,
      176.24114990234375,
      172.76368713378906
    ],
    [
      58.724365234375,
      66.82696533203125,
      42.55192565917969,
      77.15828704833984,
      41.393653869628906,
      57.8271369934082,
      65.99124908447266,
      78.94709777832031,
      87.30467987060547,
      96.26461791992188,
      113.5751953125,
      122.45932006835938,
      124.16338348388672,
      127.04754638671875,
      164.58795166015625,
      163.97169494628906,
      172.76368713378906,
      169.5574951171875
    ]
  ],
  "damage": -12.781651496887207,
  "diff_bandwidth": 632.3519287109375,
  "dissonance": 8.08018227120165,
  "drr": 6.129493236541748,
  "dynamics": 5.694699287414551,
  "format": 1245190,
  "frames": 14673920,
  "loudness": -22.148618698120117,
  "loudness_range": 18.64593505859375,
  "loudness_range_short": 21.297645568847656,
  "lowpass_true_peak_15khz": -0.6825248599052429,
  "mastering3_acoustic_entropies": [
    {
      "acoustic_entropy": 8.911210060119629,
      "acoustic_entropy_mono": 9.269401550292969,
      "band_eliminated_acoustic_entropies": [
        {
          "acoustic_entropy": 8.804092407226562,
          "acoustic_entropy_side": 8.766399383544922,
          "hz": 129.47220167065723
        },
        {
          "acoustic_entropy": 8.770803451538086,
          "acoustic_entropy_side": 9.538548469543457,
          "hz": 202.92927478742237
        },
        {
          "acoustic_entropy": 9.124425888061523,
          "acoustic_entropy_side": 8.829343795776367,
          "hz": 282.89161906338205
        },
        {
          "acoustic_entropy": 9.305009841918945,
          "acoustic_entropy_side": 9.06218433380127,
          "hz": 369.9353335868758
        },
        {
          "acoustic_entropy": 8.453490257263184,
          "acoustic_entropy_side": 8.984962463378906,
          "hz": 464.6875360973435
        },
        {
          "acoustic_entropy": 8.709676742553711,
          "acoustic_entropy_side": 8.890645027160645,
          "hz": 567.8308811364784
        },
        {
          "acoustic_entropy": 8.876819610595703,
          "acoustic_entropy_side": 8.922204971313477,
          "hz": 680.1084783214808
        },
        {
          "acoustic_entropy": 8.500208854675293,
          "acoustic_entropy_side": 8.928030967712402,
          "hz": 802.3292461747484
        },
        {
          "acoustic_entropy": 8.78725814819336,
          "acoustic_entropy_side": 8.922003746032715,
          "hz": 935.3737400823702
        },
        {
          "acoustic_entropy": 8.474300384521484,
          "acoustic_entropy_side": 8.929267883300781,
          "hz": 1080.2004963696966
        },
        {
          "acoustic_entropy": 8.296302795410156,
          "acoustic_entropy_side": 8.891120910644531,
          "hz": 1237.8529382007157
        },
        {
          "acoustic_entropy": 8.877327919006348,
          "acoustic_entropy_side": 8.933588981628418,
          "hz": 1409.4668930556702
        },
        {
          "acoustic_entropy": 9.038881301879883,
          "acoustic_entropy_side": 8.924710273742676,
          "hz": 1596.2787759475705
        },
        {
          "acoustic_entropy": 8.79479694366455,
          "acoustic_entropy_side": 8.92117977142334,
          "hz": 1799.6344973346393
        },
        {
          "acoustic_entropy": 9.044024467468262,
          "acoustic_entropy_side": 8.933749198913574,
          "hz": 2020.9991599069049
        },
        {
          "acoustic_entropy": 9.060349464416504,
          "acoustic_entropy_side": 8.931324005126953,
          "hz": 2261.9676141086993
        },
        {
          "acoustic_entropy": 8.948919296264648,
          "acoustic_entropy_side": 8.939495086669922,
          "hz": 2524.2759484456974
        },
        {
          "acoustic_entropy": 9.02267074584961,
          "acoustic_entropy_side": 8.932866096496582,
          "hz": 2809.813997359896
        },
        {
          "acoustic_entropy": 8.988550186157227,
          "acoustic_entropy_side": 8.930154800415039,
          "hz": 3120.6389567871424
        },
        {
          "acoustic_entropy": 8.93984603881836,
          "acoustic_entropy_side": 8.921758651733398,
          "hz": 3458.990205492291
        },
        {
          "acoustic_entropy": 8.95655345916748,
          "acoustic_entropy_side": 8.926767349243164,
          "hz": 3827.305438964164
        },
        {
          "acoustic_entropy": 8.935890197753906,
          "acoustic_entropy_side": 8.921222686767578,
          "hz": 4228.238232109126
        },
        {
          "acoustic_entropy": 8.952122688293457,
          "acoustic_entropy_side": 8.926791191101074,
          "hz": 4664.6771572759235
        },
        {
          "acoustic_entropy": 8.96595287322998,
          "acoustic_entropy_side": 8.937631607055664,
          "hz": 5139.766595350093
        },
        {
          "acoustic_entropy": 8.950313568115234,
          "acoustic_entropy_side": 8.930815696716309,
          "hz": 5656.929389854203
        },
        {
          "acoustic_entropy": 8.923965454101562,
          "acoustic_entropy_side": 8.917967796325684,
          "hz": 6219.891507268283
        },
        {
          "acoustic_entropy": 8.91496753692627,
          "acoustic_entropy_side": 8.913661003112793,
          "hz": 6832.70888123896
        },
        {
          "acoustic_entropy": 8.920323371887207,
          "acoustic_entropy_side": 8.916537284851074,
          "hz": 7499.796634079867
        },
        {
          "acoustic_entropy": 8.90679931640625,
          "acoustic_entropy_side": 8.909412384033203,
          "hz": 8225.96088609342
        },
        {
          "acoustic_entropy": 8.887560844421387,
          "acoustic_entropy_side": 8.899310111999512,
          "hz": 9016.43338188839
        },
        {
          "acoustic_entropy": 8.897781372070312,
          "acoustic_entropy_side": 8.903950691223145,
          "hz": 9876.909183162974
        },
        {
          "acoustic_entropy": 8.86408805847168,
          "acoustic_entropy_side": 8.887799263000488,
          "hz": 10813.587699516042
        },
        {
          "acoustic_entropy": 8.836776733398438,
          "acoustic_entropy_side": 8.877350807189941,
          "hz": 11833.21735289826
        },
        {
          "acoustic_entropy": 8.756102561950684,
          "acoustic_entropy_side": 8.837740898132324,
          "hz": 12943.144197493959
        },
        {
          "acoustic_entropy": 8.711441040039062,
          "acoustic_entropy_side": 8.842516899108887,
          "hz": 14151.364845322005
        },
        {
          "acoustic_entropy": 8.77025032043457,
          "acoustic_entropy_side": 8.84707260131836,
          "hz": 15466.58407886509
        },
        {
          "acoustic_entropy": 8.802900314331055,
          "acoustic_entropy_side": 8.861997604370117,
          "hz": 16898.27756580493
        },
        {
          "acoustic_entropy": 8.813519477844238,
          "acoustic_entropy_side": 8.854804992675781,
          "hz": 18456.760127700032
        },
        {
          "acoustic_entropy": 8.87218189239502,
          "acoustic_entropy_side": 8.893010139465332,
          "hz": 20153.260054456492
        },
        {
          "acoustic_entropy": 8.910900115966797,
          "acoustic_entropy_side": 8.911027908325195,
          "hz": 22000.00000000001
        }
      ],
      "diff_acoustic_entropy": 7.5931077003479,
      "sn": 6
    },
    {
      "acoustic_entropy": 13.53132438659668,
      "acoustic_entropy_mono": 12.159161567687988,
      "band_eliminated_acoustic_entropies": [
        {
          "acoustic_entropy": 13.573702812194824,
          "acoustic_entropy_side": 13.591715812683105,
          "hz": 129.47220167065723
        },
        {
          "acoustic_entropy": 12.587754249572754,
          "acoustic_entropy_side": 13.451330184936523,
          "hz": 202.92927478742237
        },
        {
          "acoustic_entropy": 13.297355651855469,
          "acoustic_entropy_side": 13.43089771270752,
          "hz": 282.89161906338205
        },
        {
          "acoustic_entropy": 12.950678825378418,
          "acoustic_entropy_side": 13.506016731262207,
          "hz": 369.9353335868758
        },
        {
          "acoustic_entropy": 13.194762229919434,
          "acoustic_entropy_side": 13.607658386230469,
          "hz": 464.6875360973435
        },
        {
          "acoustic_entropy": 12.342535018920898,
          "acoustic_entropy_side": 13.338253021240234,
          "hz": 567.8308811364784
        },
        {
          "acoustic_entropy": 12.843060493469238,
          "acoustic_entropy_side": 13.469964981079102,
          "hz": 680.1084783214808
        },
        {
          "acoustic_entropy": 12.763242721557617,
          "acoustic_entropy_side": 13.444162368774414,
          "hz": 802.3292461747484
        },
        {
          "acoustic_entropy": 13.46281909942627,
          "acoustic_entropy_side": 13.53072738647461,
          "hz": 935.3737400823702
        },
        {
          "acoustic_entropy": 12.773815155029297,
          "acoustic_entropy_side": 13.520771026611328,
          "hz": 1080.2004963696966
        },
        {
          "acoustic_entropy": 13.382076263427734,
          "acoustic_entropy_side": 13.582626342773438,
          "hz": 1237.8529382007157
        },
        {
          "acoustic_entropy": 13.111886978149414,
          "acoustic_entropy_side": 13.529864311218262,
          "hz": 1409.4668930556702
        },
        {
          "acoustic_entropy": 13.336894989013672,
          "acoustic_entropy_side": 13.52966022491455,
          "hz": 1596.2787759475705
        },
        {
          "acoustic_entropy": 13.582362174987793,
          "acoustic_entropy_side": 13.490157127380371,
          "hz": 1799.6344973346393
        },
        {
          "acoustic_entropy": 13.667756080627441,
          "acoustic_entropy_side": 13.525199890136719,
          "hz": 2020.9991599069049
        },
        {
          "acoustic_entropy": 13.67490291595459,
          "acoustic_entropy_side": 13.505715370178223,
          "hz": 2261.9676141086993
        },
        {
          "acoustic_entropy": 13.317924499511719,
          "acoustic_entropy_side": 13.465283393859863,
          "hz": 2524.2759484456974
        },
        {
          "acoustic_entropy": 13.401909828186035,
          "acoustic_entropy_side": 13.473767280578613,
          "hz": 2809.813997359896
        },
        {
          "acoustic_entropy": 13.408979415893555,
          "acoustic_entropy_side": 13.441360473632812,
          "hz": 3120.6389567871424
        },
        {
          "acoustic_entropy": 13.395125389099121,
          "acoustic_entropy_side": 13.467804908752441,
          "hz": 3458.990205492291
        },
        {
          "acoustic_entropy": 13.258478164672852,
          "acoustic_entropy_side": 13.396944046020508,
          "hz": 3827.305438964164
        },
        {
          "acoustic_entropy": 13.35690975189209,
          "acoustic_entropy_side": 13.436812400817871,
          "hz": 4228.238232109126
        },
        {
          "acoustic_entropy": 13.221076965332031,
          "acoustic_entropy_side": 13.414019584655762,
          "hz": 4664.6771572759235
        },
        {
          "acoustic_entropy": 13.153546333312988,
          "acoustic_entropy_side": 13.373286247253418,
          "hz": 5139.766595350093
        },
        {
          "acoustic_entropy": 13.199563026428223,
          "acoustic_entropy_side": 13.392036437988281,
          "hz": 5656.929389854203
        },
        {
          "acoustic_entropy": 13.36427116394043,
          "acoustic_entropy_side": 13.4505615234375,
          "hz": 6219.891507268283
        },
        {
          "acoustic_entropy": 13.44425106048584,
          "acoustic_entropy_side": 13.489921569824219,
          "hz": 6832.70888123896
        },
        {
          "acoustic_entropy": 13.445743560791016,
          "acoustic_entropy_side": 13.486454963684082,
          "hz": 7499.796634079867
        },
        {
          "acoustic_entropy": 13.489483833312988,
          "acoustic_entropy_side": 13.510774612426758,
          "hz": 8225.96088609342
        },
        {
          "acoustic_entropy": 13.518795013427734,
          "acoustic_entropy_side": 13.526989936828613,
          "hz": 9016.43338188839
        },
        {
          "acoustic_entropy": 13.48969841003418,
          "acoustic_entropy_side": 13.506279945373535,
          "hz": 9876.909183162974
        },
        {
          "acoustic_entropy": 13.475777626037598,
          "acoustic_entropy_side": 13.50904655456543,
          "hz": 10813.587699516042
        },
        {
          "acoustic_entropy": 13.529032707214355,
          "acoustic_entropy_side": 13.535003662109375,
          "hz": 11833.21735289826
        },
        {
          "acoustic_entropy": 13.445331573486328,
          "acoustic_entropy_side": 13.501555442810059,
          "hz": 12943.144197493959
        },
        {
          "acoustic_entropy": 13.209577560424805,
          "acoustic_entropy_side": 13.402359962463379,
          "hz": 14151.364845322005
        },
        {
          "acoustic_entropy": 13.329855918884277,
          "acoustic_entropy_side": 13.437461853027344,
          "hz": 15466.58407886509
        },
        {
          "acoustic_entropy": 13.30943775177002,
          "acoustic_entropy_side": 13.381205558776855,
          "hz": 16898.27756580493
        },
        {
          "acoustic_entropy": 13.288040161132812,
          "acoustic_entropy_side": 13.390503883361816,
          "hz": 18456.760127700032
        },
        {
          "acoustic_entropy": 13.520689964294434,
          "acoustic_entropy_side": 13.505412101745605,
          "hz": 20153.260054456492
        },
        {
          "acoustic_entropy": 13.519373893737793,
          "acoustic_entropy_side": 13.528837203979492,
          "hz": 22000.00000000001
        }
      ],
      "diff_acoustic_entropy": 11.228989601135254,
      "sn": 12
    },
    {
      "acoustic_entropy": 20.279102325439453,
      "acoustic_entropy_mono": 18.874860763549805,
      "band_eliminated_acoustic_entropies": [
        {
          "acoustic_entropy": 20.10677146911621,
          "acoustic_entropy_side": 19.99254035949707,
          "hz": 129.47220167065723
        },
        {
          "acoustic_entropy": 20.713924407958984,
          "acoustic_entropy_side": 20.283531188964844,
          "hz": 202.92927478742237
        },
        {
          "acoustic_entropy": 20.626266479492188,
          "acoustic_entropy_side": 20.310794830322266,
          "hz": 282.89161906338205
        },
        {
          "acoustic_entropy": 21.7613582611084,
          "acoustic_entropy_side": 20.277326583862305,
          "hz": 369.9353335868758
        },
        {
          "acoustic_entropy": 19.952308654785156,
          "acoustic_entropy_side": 20.881134033203125,
          "hz": 464.6875360973435
        },
        {
          "acoustic_entropy": 19.384090423583984,
          "acoustic_entropy_side": 20.410449981689453,
          "hz": 567.8308811364784
        },
        {
          "acoustic_entropy": 19.700580596923828,
          "acoustic_entropy_side": 20.879329681396484,
          "hz": 680.1084783214808
        },
        {
          "acoustic_entropy": 19.924516677856445,
          "acoustic_entropy_side": 20.068450927734375,
          "hz": 802.3292461747484
        },
        {
          "acoustic_entropy": 19.61835289001465,
          "acoustic_entropy_side": 20.18488311767578,
          "hz": 935.3737400823702
        },
        {
          "acoustic_entropy": 19.090360641479492,
          "acoustic_entropy_side": 19.909818649291992,
          "hz": 1080.2004963696966
        },
        {
          "acoustic_entropy": 20.639678955078125,
          "acoustic_entropy_side": 20.258346557617188,
          "hz": 1237.8529382007157
        },
        {
          "acoustic_entropy": 20.176864624023438,
          "acoustic_entropy_side": 20.24796485900879,
          "hz": 1409.4668930556702
        },
        {
          "acoustic_entropy": 20.396503448486328,
          "acoustic_entropy_side": 20.45502281188965,
          "hz": 1596.2787759475705
        },
        {
          "acoustic_entropy": 20.32105255126953,
          "acoustic_entropy_side": 20.13062286376953,
          "hz": 1799.6344973346393
        },
        {
          "acoustic_entropy": 20.513425827026367,
          "acoustic_entropy_side": 20.62704849243164,
          "hz": 2020.9991599069049
        },
        {
          "acoustic_entropy": 20.344724655151367,
          "acoustic_entropy_side": 20.325185775756836,
          "hz": 2261.9676141086993
        },
        {
          "acoustic_entropy": 19.629716873168945,
          "acoustic_entropy_side": 20.125221252441406,
          "hz": 2524.2759484456974
        },
        {
          "acoustic_entropy": 19.925643920898438,
          "acoustic_entropy_side": 20.26776885986328,
          "hz": 2809.813997359896
        },
        {
          "acoustic_entropy": 20.259641647338867,
          "acoustic_entropy_side": 20.30092430114746,
          "hz": 3120.6389567871424
        },
        {
          "acoustic_entropy": 20.30628204345703,
          "acoustic_entropy_side": 20.316564559936523,
          "hz": 3458.990205492291
