{
  "acoustic_entropy": 222.91993713378906,
  "bands": [
    {
      "high_freq": 148.1999969482422,
      "loudness": -23.712261199951172,
      "loudness_range": 14.10828971862793,
      "mid_mean": -20.314231872558594,
      "mid_to_side_loudness": -15.096447944641113,
      "mid_to_side_loudness_range": 18.10420799255371,
      "side_mean": -35.48701858520508
    },
    {
      "high_freq": 392.3793640136719,
      "loudness": -20.7288818359375,
      "loudness_range": 8.039083480834961,
      "low_freq": 148.1999969482422,
      "mid_mean": -17.484607696533203,
      "mid_to_side_loudness": -10.278078079223633,
      "mid_to_side_loudness_range": 8.624865531921387,
      "side_mean": -27.94221305847168
    },
    {
      "high_freq": 794.6976318359375,
      "loudness": -23.38847541809082,
      "loudness_range": 9.478717803955078,
      "low_freq": 392.3793640136719,
      "mid_mean": -20.697744369506836,
      "mid_to_side_loudness": -6.951188087463379,
      "mid_to_side_loudness_range": 11.712924003601074,
      "side_mean": -27.76991844177246
    },
    {
      "high_freq": 1457.5709228515625,
      "loudness": -26.68836784362793,
      "loudness_range": 15.758844375610352,
      "low_freq": 794.6976318359375,
      "mid_mean": -23.953432083129883,
      "mid_to_side_loudness": -7.4412760734558105,
      "mid_to_side_loudness_range": 12.161722183227539,
      "side_mean": -31.46267318725586
    },
    {
      "high_freq": 2549.74365234375,
      "loudness": -27.013227462768555,
      "loudness_range": 16.68309783935547,
      "low_freq": 1457.5709228515625,
      "mid_mean": -24.259572982788086,
      "mid_to_side_loudness": -7.307448863983154,
      "mid_to_side_loudness_range": 11.15084457397461,
      "side_mean": -31.6395206451416
    },
    {
      "high_freq": 4349.24462890625,
      "loudness": -27.06049156188965,
      "loudness_range": 17.679410934448242,
      "low_freq": 2549.74365234375,
      "mid_mean": -24.197471618652344,
      "mid_to_side_loudness": -8.063885688781738,
      "mid_to_side_loudness_range": 12.117761611938477,
      "side_mean": -32.41240310668945
    },
    {
      "high_freq": 7314.1640625,
      "loudness": -32.03767013549805,
      "loudness_range": 15.899467468261719,
      "low_freq": 4349.24462890625,
      "mid_mean": -29.42060089111328,
      "mid_to_side_loudness": -6.297367095947266,
      "mid_to_side_loudness_range": 8.896888732910156,
      "side_mean": -35.789451599121094
    },
    {
      "high_freq": 12199.2666015625,
      "loudness": -33.290733337402344,
      "loudness_range": 17.030004501342773,
      "low_freq": 7314.1640625,
      "mid_mean": -30.583263397216797,
      "mid_to_side_loudness": -6.783847332000732,
      "mid_to_side_loudness_range": 8.974237442016602,
      "side_mean": -37.477840423583984
    },
    {
      "loudness": -36.79662322998047,
      "loudness_range": 14.222055435180664,
      "low_freq": 12199.2666015625,
      "mid_mean": -34.65947341918945,
      "mid_to_side_loudness": -4.533668518066406,
      "mid_to_side_loudness_range": 8.508660316467285,
      "side_mean": -38.903873443603516
    }
  ],
  "bands_short": [
    {
      "high_freq": 148.1999969482422,
      "loudness": -28.351213455200195,
      "loudness_range": 22.26494026184082,
      "mid_mean": -25.129470825195312,
      "mid_to_side_loudness": -14.911269187927246,
      "mid_to_side_loudness_range": 23.700166702270508,
      "side_mean": -40.23378372192383
    },
    {
      "high_freq": 392.3793640136719,
      "loudness": -20.661054611206055,
      "loudness_range": 10.81815242767334,
      "low_freq": 148.1999969482422,
      "mid_mean": -17.461523056030273,
      "mid_to_side_loudness": -10.905324935913086,
      "mid_to_side_loudness_range": 12.255840301513672,
      "side_mean": -28.164823532104492
    },
    {
      "high_freq": 794.6976318359375,
      "loudness": -24.174192428588867,
      "loudness_range": 11.927522659301758,
      "low_freq": 392.3793640136719,
      "mid_mean": -21.554288864135742,
      "mid_to_side_loudness": -7.105010986328125,
      "mid_to_side_loudness_range": 13.998851776123047,
      "side_mean": -28.7824649810791
    },
    {
      "high_freq": 1457.5709228515625,
      "loudness": -26.545570373535156,
      "loudness_range": 17.277559280395508,
      "low_freq": 794.6976318359375,
      "mid_mean": -23.90084457397461,
      "mid_to_side_loudness": -7.589412689208984,
      "mid_to_side_loudness_range": 14.418603897094727,
      "side_mean": -31.517337799072266
    },
    {
      "high_freq": 2549.74365234375,
      "loudness": -27.956077575683594,
      "loudness_range": 19.200332641601562,
      "low_freq": 1457.5709228515625,
      "mid_mean": -25.328338623046875,
      "mid_to_side_loudness": -7.128515720367432,
      "mid_to_side_loudness_range": 13.198431968688965,
      "side_mean": -32.54901123046875
    },
    {
      "high_freq": 4349.24462890625,
      "loudness": -28.21500015258789,
      "loudness_range": 20.459436416625977,
      "low_freq": 2549.74365234375,
      "mid_mean": -25.49748992919922,
      "mid_to_side_loudness": -7.83660364151001,
      "mid_to_side_loudness_range": 14.551791191101074,
      "side_mean": -33.4925422668457
    },
    {
      "high_freq": 7314.1640625,
      "loudness": -33.64689254760742,
      "loudness_range": 20.050710678100586,
      "low_freq": 4349.24462890625,
      "mid_mean": -31.074886322021484,
      "mid_to_side_loudness": -6.547851085662842,
      "mid_to_side_loudness_range": 11.109991073608398,
      "side_mean": -37.69016647338867
    },
    {
      "high_freq": 12199.2666015625,
      "loudness": -36.33448791503906,
      "loudness_range": 23.544574737548828,
      "low_freq": 7314.1640625,
      "mid_mean": -33.6900634765625,
      "mid_to_side_loudness": -7.578608989715576,
      "mid_to_side_loudness_range": 13.554683685302734,
      "side_mean": -41.530643463134766
    },
    {
      "loudness": -42.90293884277344,
      "loudness_range": 28.84995460510254,
      "low_freq": 12199.2666015625,
      "mid_mean": -40.60031509399414,
      "mid_to_side_loudness": -6.317183017730713,
      "mid_to_side_loudness_range": 11.825238227844238,
      "side_mean": -46.931732177734375
    }
  ],
  "bandwidth": 636.2472534179688,
  "channels": 2,
  "covariance": [
    [
      29.54659080505371,
      10.892857551574707,
      0.49373388290405273,
      2.3341784477233887,
      1.0586336851119995,
      5.076103687286377,
      5.460336685180664,
      8.173150062561035,
      9.104811668395996,
      10.206780433654785,
      10.559447288513184,
      10.90499210357666,
      7.755307197570801,
      8.626421928405762,
      7.707010269165039,
      8.85309886932373,
      3.3009870052337646,
      5.799245834350586
    ],
    [
      10.892857551574707,
      30.53573989868164,
      1.2017163038253784,
      6.618400573730469,
      3.4052696228027344,
      10.572639465332031,
      7.883106231689453,
      11.628602027893066,
      6.745039939880371,
      10.459362030029297,
      5.136250019073486,
      10.777660369873047,
      5.609160423278809,
      9.190346717834473,
      2.8319947719573975,
      5.16440486907959,
      2.060892105102539,
      -1.0925177335739136
    ],
    [
      0.49373388290405273,
      1.2017163038253784,
      11.986210823059082,
      7.819674491882324,
      3.120056390762329,
      3.10823917388916,
      0.8031142354011536,
      2.008004903793335,
      2.9050021171569824,
      4.164989471435547,
      5.870826244354248,
      5.05805778503418,
      6.194333553314209,
      6.583877086639404,
      6.048549175262451,
      6.710408687591553,
      5.118233680725098,
      7.397006988525391
    ],
    [
      2.3341784477233887,
      6.618400573730469,
      7.819674491882324,
      13.269433975219727,
      3.811769485473633,
      7.088454246520996,
      3.415282964706421,
      6.73100471496582,
      6.243496417999268,
      9.583176612854004,
      8.183576583862305,
      10.909151077270508,
      8.183561325073242,
      10.265201568603516,
      6.93245792388916,
      8.664531707763672,
      5.065235137939453,
      6.593472480773926
    ],
    [
      1.0586336851119995,
      3.4052696228027344,
      3.120056390762329,
      3.811769485473633,
      13.004865646362305,
      9.071246147155762,
      10.868287086486816,
      8.362846374511719,
      9.982270240783691,
      7.674917697906494,
      8.921201705932617,
      7.74698543548584,
      4.3848557472229,
      4.513393878936768,
      4.581618309020996,
      4.594497203826904,
      2.308880567550659,
      2.582270383834839
    ],
    [
      5.076103687286377,
      10.572639465332031,
      3.10823917388916,
      7.088454246520996,
      9.071246147155762,
      21.57149314880371,
      13.851715087890625,
      19.74225425720215,
      13.804956436157227,
      18.109756469726562,
      12.714015007019043,
      18.65511703491211,
      10.20051097869873,
      12.126490592956543,
      7.881073474884033,
      10.404483795166016,
      4.972611427307129,
      4.530343055725098
    ],
    [
      5.460336685180664,
      7.883106231689453,
      0.8031142354011536,
      3.415282964706421,
      10.868287086486816,
      13.851715087890625,
      30.165470123291016,
      21.505107879638672,
      20.803245544433594,
      17.457429885864258,
      16.875205993652344,
      15.131270408630371,
      8.712505340576172,
      8.924734115600586,
      8.03087329864502,
      9.479316711425781,
      4.339954376220703,
      5.362322807312012
    ],
    [
      8.173150062561035,
      11.628602027893066,
      2.008004903793335,
      6.73100471496582,
      8.362846374511719,
      19.74225425720215,
      21.505107879638672,
      30.574289321899414,
      20.529611587524414,
      25.0440616607666,
      19.099369049072266,
      24.433086395263672,
      15.06876277923584,
      16.893497467041016,
      11.951663970947266,
      15.395155906677246,
      7.436590194702148,
      8.695778846740723
    ],
    [
      9.104811668395996,
      6.745039939880371,
      2.9050021171569824,
      6.243496417999268,
      9.982270240783691,
      13.804956436157227,
      20.803245544433594,
      20.529611587524414,
      34.08353805541992,
      25.48390007019043,
      26.039554595947266,
      22.52798080444336,
      17.746746063232422,
      15.919857025146484,
      14.891462326049805,
      15.285407066345215,
      7.4437737464904785,
      10.989730834960938
    ],
    [
      10.206780433654785,
      10.459362030029297,
      4.164989471435547,
      9.583176612854004,
      7.674917697906494,
      18.109756469726562,
      17.457429885864258,
      25.0440616607666,
      25.48390007019043,
      31.82087516784668,
      23.562833786010742,
      28.698453903198242,
      19.03183364868164,
      21.16712188720703,
      15.889406204223633,
      18.74741554260254,
      9.225911140441895,
      12.362235069274902
    ],
    [
      10.559447288513184,
      5.136250019073486,
      5.870826244354248,
      8.183576583862305,
      8.921201705932617,
      12.714015007019043,
      16.875205993652344,
      19.099369049072266,
      26.039554595947266,
      23.562833786010742,
      39.55342102050781,
      28.16645050048828,
      24.649580001831055,
      20.045917510986328,
      18.470643997192383,
      17.92251205444336,
      8.956416130065918,
      15.288702011108398
    ],
    [
      10.90499210357666,
      10.777660369873047,
      5.05805778503418,
      10.909151077270508,
      7.74698543548584,
      18.65511703491211,
      15.131270408630371,
      24.433086395263672,
      22.52798080444336,
      28.698453903198242,
      28.16645050048828,
      35.118934631347656,
      22.831594467163086,
      26.424495697021484,
      17.316543579101562,
      21.815370559692383,
      9.471412658691406,
      13.657957077026367
    ],
    [
      7.755307197570801,
      5.609160423278809,
      6.194333553314209,
      8.183561325073242,
      4.3848557472229,
      10.20051097869873,
      8.712505340576172,
      15.06876277923584,
      17.746746063232422,
      19.03183364868164,
      24.649580001831055,
      22.831594467163086,
      30.7923583984375,
      24.204143524169922,
      25.6867733001709,
      23.3106689453125,
      14.574963569641113,
      17.77783203125
    ],
    [
      8.626421928405762,
      9.190346717834473,
      6.583877086639404,
      10.265201568603516,
      4.513393878936768,
      12.126490592956543,
      8.924734115600586,
      16.893497467041016,
      15.919857025146484,
      21.16712188720703,
      20.045917510986328,
      26.424495697021484,
      24.204143524169922,
      29.395368576049805,
      20.403949737548828,
      26.62267303466797,
      14.285301208496094,
      19.297073364257812
    ],
    [
      7.707010269165039,
      2.8319947719573975,
      6.048549175262451,
      6.93245792388916,
      4.581618309020996,
      7.881073474884033,
      8.03087329864502,
      11.951663970947266,
      14.891462326049805,
      15.889406204223633,
      18.470643997192383,
      17.316543579101562,
      25.6867733001709,
      20.403949737548828,
      34.82387161254883,
      27.93193244934082,
      21.08330535888672,
      22.436311721801758
    ],
    [
      8.85309886932373,
      5.16440486907959,
      6.710408687591553,
      8.664531707763672,
      4.594497203826904,
      10.404483795166016,
      9.479316711425781,
      15.395155906677246,
      15.285407066345215,
      18.74741554260254,
      17.92251205444336,
      21.815370559692383,
      23.3106689453125,
      26.62267303466797,
      27.93193244934082,
      35.011104583740234,
      22.91677474975586,
      28.80813217163086
    ],
    [
      3.3009870052337646,
      2.060892105102539,
      5.118233680725098,
      5.065235137939453,
      2.308880567550659,
      4.972611427307129,
      4.339954376220703,
      7.436590194702148,
      7.4437737464904785,
      9.225911140441895,
      8.956416130065918,
      9.471412658691406,
      14.574963569641113,
      14.285301208496094,
      21.08330535888672,
      22.91677474975586,
      24.387392044067383,
      25.576412200927734
    ],
    [
      5.799245834350586,
      -1.0925177335739136,
      7.397006988525391,
      6.593472480773926,
      2.582270383834839,
      4.530343055725098,
      5.362322807312012,
      8.695778846740723,
      10.989730834960938,
      12.362235069274902,
      15.288702011108398,
      13.657957077026367,
      17.77783203125,
      19.297073364257812,
      22.436311721801758,
      28.80813217163086,
      25.576412200927734,
      37.14562225341797
    ]
  ],
  "covariance_short": [
    [
      67.26373291015625,
      22.469980239868164,
      8.737177848815918,
      7.138722896575928,
      5.4906206130981445,
      11.097277641296387,
      9.919866561889648,
      15.522505760192871,
      16.871318817138672,
      18.80729103088379,
      17.431180953979492,
      20.729713439941406,
      17.420101165771484,
      21.329273223876953,
      17.96782684326172,
      24.405447006225586,
      19.54401969909668,
      26.82544708251953
    ],
    [
      22.469980239868164,
      44.378440856933594,
      6.78727388381958,
      10.598904609680176,
      4.8245463371276855,
      12.229068756103516,
      10.326208114624023,
      15.121367454528809,
      11.039834976196289,
      14.492507934570312,
      8.81628704071045,
      15.836743354797363,
      12.508282661437988,
      16.54151153564453,
      8.003931999206543,
      15.08996868133545,
      10.797713279724121,
      14.63286018371582
    ],
    [
      8.737177848815918,
      6.78727388381958,
      16.388551712036133,
      7.808844089508057,
      3.919393301010132,
      3.7358474731445312,
      0.7869989275932312,
      2.806959390640259,
      3.6998281478881836,
      5.158716678619385,
      7.045077800750732,
      6.692424774169922,
      8.56538200378418,
      9.549099922180176,
      10.18129825592041,
      12.259428977966309,
      12.956320762634277,
      16.761137008666992
    ],
    [
      7.138722896575928,
      10.598904609680176,
      7.808844089508057,
      17.88570213317871,
      4.265148162841797,
      7.764184474945068,
      4.10875129699707,
      8.150952339172363,
      6.857772350311279,
      10.763888359069824,
      8.616941452026367,
      12.024742126464844,
      10.48218059539795,
      12.924076080322266,
      10.286358833312988,
      13.10267448425293,
      11.338141441345215,
      13.947347640991211
    ],
    [
      5.4906206130981445,
      4.8245463371276855,
      3.919393301010132,
      4.265148162841797,
      19.382028579711914,
      10.99341106414795,
      13.490055084228516,
      10.357049942016602,
      13.520872116088867,
      10.213523864746094,
      15.3216552734375,
      11.09341049194336,
      8.965400695800781,
      9.005151748657227,
      10.801312446594238,
      11.254019737243652,
      10.894719123840332,
      12.90233039855957
    ],
    [
      11.097277641296387,
      12.229068756103516,
      3.7358474731445312,
      7.764184474945068,
      10.99341106414795,
      25.655513763427734,
      14.196226119995117,
      21.73354721069336,
      15.626199722290039,
      20.18214225769043,
      15.487274169921875,
      21.180950164794922,
      14.001782417297363,
      17.218076705932617,
      12.538022994995117,
      18.028018951416016,
      14.238304138183594,
      18.82491683959961
    ],
    [
      9.919866561889648,
      10.326208114624023,
      0.7869989275932312,
      4.10875129699707,
      13.490055084228516,
      14.196226119995117,
      35.95879364013672,
      23.27147674560547,
      25.373010635375977,
      19.55443572998047,
      22.029754638671875,
      17.587818145751953,
      13.067484855651855,
      12.680610656738281,
      13.362333297729492,
      15.182682037353516,
      13.780631065368652,
      16.059661865234375
    ],
    [
      15.522505760192871,
      15.121367454528809,
      2.806959390640259,
      8.150952339172363,
      10.357049942016602,
      21.73354721069336,
      23.27147674560547,
      36.51972579956055,
      23.6749324798584,
      28.978513717651367,
      21.73390769958496,
      28.52971839904785,
      19.54511070251465,
      23.294809341430664,
      17.656673431396484,
      25.058977127075195,
      19.720956802368164,
      25.938756942749023
    ],
    [
      16.871318817138672,
      11.039834976196289,
      3.6998281478881836,
      6.857772350311279,
      13.520872116088867,
      15.626199722290039,
      25.373010635375977,
      23.6749324798584,
      44.09103012084961,
      31.166975021362305,
      33.885414123535156,
      28.567737579345703,
      25.70198631286621,
      24.018253326416016,
      23.525745391845703,
      25.72633934020996,
      21.862260818481445,
      26.538034439086914
    ],
    [
      18.80729103088379,
      14.492507934570312,
      5.158716678619385,
      10.763888359069824,
      10.213523864746094,
      20.18214225769043,
      19.55443572998047,
      28.978513717651367,
      31.166975021362305,
      39.58428955078125,
      27.885372161865234,
      34.788055419921875,
      25.695926666259766,
      29.644664764404297,
      23.683589935302734,
      30.296144485473633,
      23.395666122436523,
      30.3206844329834
    ],
    [
      17.431180953979492,
      8.81628704071045,
      7.045077800750732,
      8.616941452026367,
      15.3216552734375,
      15.487274169921875,
      22.029754638671875,
      21.73390769958496,
      33.885414123535156,
      27.885372161865234,
      53.16851806640625,
      35.59309005737305,
      35.719512939453125,
      29.25579071044922,
      32.510494232177734,
      30.69233512878418,
      28.39508628845215,
      31.492919921875
    ],
    [
      20.729713439941406,
      15.836743354797363,
      6.692424774169922,
      12.024742126464844,
      11.09341049194336,
      21.180950164794922,
      17.587818145751953,
      28.52971839904785,
      28.567737579345703,
      34.788055419921875,
      35.59309005737305,
      44.80335998535156,
      32.79280471801758,
      38.586341857910156,
      28.841754913330078,
      38.42586135864258,
      28.648096084594727,
      37.8873291015625
    ],
    [
      17.420101165771484,
      12.508282661437988,
      8.56538200378418,
      10.48218059539795,
      8.965400695800781,
      14.001782417297363,
      13.067484855651855,
      19.54511070251465,
      25.70198631286621,
      25.695926666259766,
      35.719512939453125,
      32.79280471801758,
      48.43441390991211,
      40.07856750488281,
      45.80829620361328,
      45.82494354248047,
      43.944637298583984,
      47.12885284423828
    ],
    [
      21.329273223876953,
      16.54151153564453,
      9.549099922180176,
      12.924076080322266,
      9.005151748657227,
      17.218076705932617,
      12.680610656738281,
      23.294809341430664,
      24.018253326416016,
      29.644664764404297,
      29.25579071044922,
      38.586341857910156,
      40.07856750488281,
      50.07309341430664,
      38.656639099121094,
      53.355072021484375,
      42.97095489501953,
      56.40473556518555
    ],
    [
      17.96782684326172,
      8.003931999206543,
      10.18129825592041,
      10.286358833312988,
      10.801312446594238,
      12.538022994995117,
      13.362333297729492,
      17.656673431396484,
      23.525745391845703,
      23.683589935302734,
      32.510494232177734,
      28.841754913330078,
      45.80829620361328,
      38.656639099121094,
      68.05521392822266,
      58.97178649902344,
      63.63614273071289,
      63.242431640625
    ],
    [
      24.405447006225586,
      15.08996868133545,
      12.259428977966309,
      13.10267448425293,
      11.254019737243652,
      18.028018951416016,
      15.182682037353516,
      25.058977127075195,
      25.72633934020996,
      30.296144485473633,
      30.69233512878418,
      38.42586135864258,
      45.82494354248047,
      53.355072021484375,
      58.97178649902344,
      76.95907592773438,
      67.81697082519531,
      85.11554718017578
    ],
    [
      19.54401969909668,
      10.797713279724121,
      12.956320762634277,
      11.338141441345215,
      10.894719123840332,
      14.238304138183594,
      13.780631065368652,
      19.720956802368164,
      21.862260818481445,
      23.395666122436523,
      28.39508628845215,
      28.648096084594727,
      43.944637298583984,
      42.97095489501953,
      63.63614273071289,
      67.81697082519531,
      87.21707153320312,
      90.29212188720703
    ],
    [
      26.82544708251953,
      14.63286018371582,
      16.761137008666992,
      13.947347640991211,
      12.90233039855957,
      18.82491683959961,
      16.059661865234375,
      25.938756942749023,
      26.538034439086914,
      30.3206844329834,
      31.492919921875,
      37.8873291015625,
      47.12885284423828,
      56.40473556518555,
      63.242431640625,
      85.11554718017578,
      90.29212188720703,
      118.8226089477539
    ]
  ],
  "damage": -7.621481418609619,
  "diff_bandwidth": 667.0569458007812,
  "dissonance": 9.267515985869496,
  "drr": 5.668613433837891,
  "dynamics": 2.6861114501953125,
  "format": 1245190,
  "frames": 12259328,
  "loudness": -11.604878425598145,
  "loudness_range": 6.657332420349121,
  "loudness_range_short": 9.346538543701172,
  "lowpass_true_peak_15khz": 1.3573187589645386,
  "mastering3_acoustic_entropies": [
    {
      "acoustic_entropy": 7.466248512268066,
      "acoustic_entropy_mono": 8.038479804992676,
      "band_eliminated_acoustic_entropies": [
        {
          "acoustic_entropy": 7.3605756759643555,
          "acoustic_entropy_side": 7.465038776397705,
          "hz": 129.47220167065723
        },
        {
          "acoustic_entropy": 7.433237075805664,
          "acoustic_entropy_side": 7.446874141693115,
          "hz": 202.92927478742237
        },
        {
          "acoustic_entropy": 8.260795593261719,
          "acoustic_entropy_side": 7.453868389129639,
          "hz": 282.89161906338205
        },
        {
          "acoustic_entropy": 7.446528911590576,
          "acoustic_entropy_side": 7.447392463684082,
          "hz": 369.9353335868758
        },
        {
          "acoustic_entropy": 7.908518314361572,
          "acoustic_entropy_side": 7.556756019592285,
          "hz": 464.6875360973435
        },
        {
          "acoustic_entropy": 7.716274738311768,
          "acoustic_entropy_side": 7.745819091796875,
          "hz": 567.8308811364784
        },
        {
          "acoustic_entropy": 7.4123101234436035,
          "acoustic_entropy_side": 7.601048469543457,
          "hz": 680.1084783214808
        },
        {
          "acoustic_entropy": 7.550497531890869,
          "acoustic_entropy_side": 7.6539225578308105,
          "hz": 802.3292461747484
        },
        {
          "acoustic_entropy": 7.378419399261475,
          "acoustic_entropy_side": 7.718594551086426,
          "hz": 935.3737400823702
        },
        {
          "acoustic_entropy": 7.292287826538086,
          "acoustic_entropy_side": 7.611693859100342,
          "hz": 1080.2004963696966
        },
        {
          "acoustic_entropy": 7.919750690460205,
          "acoustic_entropy_side": 7.613186359405518,
          "hz": 1237.8529382007157
        },
        {
          "acoustic_entropy": 7.500147342681885,
          "acoustic_entropy_side": 7.657141208648682,
          "hz": 1409.4668930556702
        },
        {
          "acoustic_entropy": 7.584224700927734,
          "acoustic_entropy_side": 7.506279945373535,
          "hz": 1596.2787759475705
        },
        {
          "acoustic_entropy": 7.946404933929443,
          "acoustic_entropy_side": 7.444059371948242,
          "hz": 1799.6344973346393
        },
        {
          "acoustic_entropy": 7.736433506011963,
          "acoustic_entropy_side": 7.4538397789001465,
          "hz": 2020.9991599069049
        },
        {
          "acoustic_entropy": 7.769493103027344,
          "acoustic_entropy_side": 7.5477800369262695,
          "hz": 2261.9676141086993
        },
        {
          "acoustic_entropy": 7.197531223297119,
          "acoustic_entropy_side": 7.576157569885254,
          "hz": 2524.2759484456974
        },
        {
          "acoustic_entropy": 7.276252269744873,
          "acoustic_entropy_side": 7.5906453132629395,
          "hz": 2809.813997359896
        },
        {
          "acoustic_entropy": 7.200625419616699,
          "acoustic_entropy_side": 7.586385726928711,
          "hz": 3120.6389567871424
        },
        {
          "acoustic_entropy": 7.575005054473877,
          "acoustic_entropy_side": 7.54274845123291,
          "hz": 3458.990205492291
        },
        {
          "acoustic_entropy": 7.364358425140381,
          "acoustic_entropy_side": 7.506786346435547,
          "hz": 3827.305438964164
        },
        {
          "acoustic_entropy": 7.3483500480651855,
          "acoustic_entropy_side": 7.537801742553711,
          "hz": 4228.238232109126
        },
        {
          "acoustic_entropy": 7.494318962097168,
          "acoustic_entropy_side": 7.506490230560303,
          "hz": 4664.6771572759235
        },
        {
          "acoustic_entropy": 7.375741958618164,
          "acoustic_entropy_side": 7.499528884887695,
          "hz": 5139.766595350093
        },
        {
          "acoustic_entropy": 7.058185577392578,
          "acoustic_entropy_side": 7.444530487060547,
          "hz": 5656.929389854203
        },
        {
          "acoustic_entropy": 7.10337495803833,
          "acoustic_entropy_side": 7.454926490783691,
          "hz": 6219.891507268283
        },
        {
          "acoustic_entropy": 7.164661884307861,
          "acoustic_entropy_side": 7.461546421051025,
          "hz": 6832.70888123896
        },
        {
          "acoustic_entropy": 7.34504508972168,
          "acoustic_entropy_side": 7.459382057189941,
          "hz": 7499.796634079867
        },
        {
          "acoustic_entropy": 7.326411724090576,
          "acoustic_entropy_side": 7.4480977058410645,
          "hz": 8225.96088609342
        },
        {
          "acoustic_entropy": 7.297735691070557,
          "acoustic_entropy_side": 7.440293788909912,
          "hz": 9016.43338188839
        },
        {
          "acoustic_entropy": 7.218086242675781,
          "acoustic_entropy_side": 7.433263301849365,
          "hz": 9876.909183162974
        },
        {
          "acoustic_entropy": 7.346710205078125,
          "acoustic_entropy_side": 7.440266132354736,
          "hz": 10813.587699516042
        },
        {
          "acoustic_entropy": 7.426582336425781,
          "acoustic_entropy_side": 7.45653772354126,
          "hz": 11833.21735289826
        },
        {
          "acoustic_entropy": 7.469252586364746,
          "acoustic_entropy_side": 7.475692272186279,
          "hz": 12943.144197493959
        },
        {
          "acoustic_entropy": 7.433526039123535,
          "acoustic_entropy_side": 7.470199108123779,
          "hz": 14151.364845322005
        },
        {
          "acoustic_entropy": 7.424604415893555,
          "acoustic_entropy_side": 7.461518287658691,
          "hz": 15466.58407886509
        },
        {
          "acoustic_entropy": 7.416568279266357,
          "acoustic_entropy_side": 7.453273773193359,
          "hz": 16898.27756580493
        },
        {
          "acoustic_entropy": 7.3741455078125,
          "acoustic_entropy_side": 7.427994251251221,
          "hz": 18456.760127700032
        },
        {
          "acoustic_entropy": 7.3067755699157715,
          "acoustic_entropy_side": 7.4115142822265625,
          "hz": 20153.260054456492
        },
        {
          "acoustic_entropy": 7.447821140289307,
          "acoustic_entropy_side": 7.461180686950684,
          "hz": 22000.00000000001
        }
      ],
      "diff_acoustic_entropy": 6.297572135925293,
      "sn": 6
    },
    {
      "acoustic_entropy": 12.829724311828613,
      "acoustic_entropy_mono": 13.19661808013916,
      "band_eliminated_acoustic_entropies": [
        {
          "acoustic_entropy": 12.369742393493652,
          "acoustic_entropy_side": 12.800018310546875,
          "hz": 129.47220167065723
        },
        {
          "acoustic_entropy": 13.1713285446167,
          "acoustic_entropy_side": 12.669243812561035,
          "hz": 202.92927478742237
        },
        {
          "acoustic_entropy": 13.44610595703125,
          "acoustic_entropy_side": 12.933438301086426,
          "hz": 282.89161906338205
        },
        {
          "acoustic_entropy": 13.18240737915039,
          "acoustic_entropy_side": 12.86803150177002,
          "hz": 369.9353335868758
        },
        {
          "acoustic_entropy": 12.11760139465332,
          "acoustic_entropy_side": 12.822129249572754,
          "hz": 464.6875360973435
        },
        {
          "acoustic_entropy": 12.764471054077148,
          "acoustic_entropy_side": 12.968185424804688,
          "hz": 567.8308811364784
        },
        {
          "acoustic_entropy": 13.062198638916016,
          "acoustic_entropy_side": 12.808825492858887,
          "hz": 680.1084783214808
        },
        {
          "acoustic_entropy": 12.677252769470215,
          "acoustic_entropy_side": 12.98863410949707,
          "hz": 802.3292461747484
        },
        {
          "acoustic_entropy": 12.709920883178711,
          "acoustic_entropy_side": 12.403564453125,
          "hz": 935.3737400823702
        },
        {
          "acoustic_entropy": 12.344130516052246,
          "acoustic_entropy_side": 13.050039291381836,
          "hz": 1080.2004963696966
        },
        {
          "acoustic_entropy": 12.375994682312012,
          "acoustic_entropy_side": 12.82606315612793,
          "hz": 1237.8529382007157
        },
        {
          "acoustic_entropy": 11.983229637145996,
          "acoustic_entropy_side": 12.884256362915039,
          "hz": 1409.4668930556702
        },
        {
          "acoustic_entropy": 11.996743202209473,
          "acoustic_entropy_side": 12.82583236694336,
          "hz": 1596.2787759475705
        },
        {
          "acoustic_entropy": 11.986321449279785,
          "acoustic_entropy_side": 12.775215148925781,
          "hz": 1799.6344973346393
        },
        {
          "acoustic_entropy": 12.770988464355469,
          "acoustic_entropy_side": 12.64404296875,
          "hz": 2020.9991599069049
        },
        {
          "acoustic_entropy": 12.701896667480469,
          "acoustic_entropy_side": 12.752635955810547,
          "hz": 2261.9676141086993
        },
        {
          "acoustic_entropy": 12.355608940124512,
          "acoustic_entropy_side": 12.740683555603027,
          "hz": 2524.2759484456974
        },
        {
          "acoustic_entropy": 12.250134468078613,
          "acoustic_entropy_side": 12.91219711303711,
          "hz": 2809.813997359896
        },
        {
          "acoustic_entropy": 13.104340553283691,
          "acoustic_entropy_side": 12.728384971618652,
          "hz": 3120.6389567871424
        },
        {
          "acoustic_entropy": 12.862446784973145,
          "acoustic_entropy_side": 12.664374351501465,
          "hz": 3458.990205492291
        },
        {
          "acoustic_entropy": 12.316160202026367,
          "acoustic_entropy_side": 12.531533241271973,
          "hz": 3827.305438964164
        },
        {
          "acoustic_entropy": 12.614347457885742,
          "acoustic_entropy_side": 12.549363136291504,
          "hz": 4228.238232109126
        },
        {
          "acoustic_entropy": 12.891081809997559,
          "acoustic_entropy_side": 12.734735488891602,
          "hz": 4664.6771572759235
        },
        {
          "acoustic_entropy": 13.114853858947754,
          "acoustic_entropy_side": 13.007991790771484,
          "hz": 5139.766595350093
        },
        {
          "acoustic_entropy": 13.01974105834961,
          "acoustic_entropy_side": 13.063258171081543,
          "hz": 5656.929389854203
        },
        {
          "acoustic_entropy": 13.141706466674805,
          "acoustic_entropy_side": 13.083051681518555,
          "hz": 6219.891507268283
        },
        {
          "acoustic_entropy": 13.049812316894531,
          "acoustic_entropy_side": 12.901580810546875,
          "hz": 6832.70888123896
        },
        {
          "acoustic_entropy": 12.95059871673584,
          "acoustic_entropy_side": 12.975224494934082,
          "hz": 7499.796634079867
        },
        {
          "acoustic_entropy": 12.845413208007812,
          "acoustic_entropy_side": 12.840973854064941,
          "hz": 8225.96088609342
        },
        {
          "acoustic_entropy": 12.543451309204102,
          "acoustic_entropy_side": 12.806636810302734,
          "hz": 9016.43338188839
        },
        {
          "acoustic_entropy": 12.887975692749023,
          "acoustic_entropy_side": 12.88729476928711,
          "hz": 9876.909183162974
        },
        {
          "acoustic_entropy": 12.702531814575195,
          "acoustic_entropy_side": 12.843847274780273,
          "hz": 10813.587699516042
        },
        {
          "acoustic_entropy": 13.318130493164062,
          "acoustic_entropy_side": 12.780526161193848,
          "hz": 11833.21735289826
        },
        {
          "acoustic_entropy": 12.956963539123535,
          "acoustic_entropy_side": 12.76455307006836,
          "hz": 12943.144197493959
        },
        {
          "acoustic_entropy": 12.881691932678223,
          "acoustic_entropy_side": 12.786056518554688,
          "hz": 14151.364845322005
        },
        {
          "acoustic_entropy": 12.91677474975586,
          "acoustic_entropy_side": 12.789119720458984,
          "hz": 15466.58407886509
        },
        {
          "acoustic_entropy": 12.827306747436523,
          "acoustic_entropy_side": 12.772590637207031,
          "hz": 16898.27756580493
        },
        {
          "acoustic_entropy": 12.879839897155762,
          "acoustic_entropy_side": 12.807536125183105,
          "hz": 18456.760127700032
        },
        {
          "acoustic_entropy": 12.63000774383545,
          "acoustic_entropy_side": 12.76649284362793,
          "hz": 20153.260054456492
        },
        {
          "acoustic_entropy": 12.814242362976074,
          "acoustic_entropy_side": 12.776174545288086,
          "hz": 22000.00000000001
        }
      ],
      "diff_acoustic_entropy": 10.785636901855469,
      "sn": 12
    },
    {
      "acoustic_entropy": 18.370738983154297,
      "acoustic_entropy_mono": 16.117265701293945,
      "band_eliminated_acoustic_entropies": [
        {
          "acoustic_entropy": 17.765329360961914,
          "acoustic_entropy_side": 18.511009216308594,
          "hz": 129.47220167065723
        },
        {
          "acoustic_entropy": 19.29108238220215,
          "acoustic_entropy_side": 17.956623077392578,
          "hz": 202.92927478742237
        },
        {
          "acoustic_entropy": 17.974693298339844,
          "acoustic_entropy_side": 18.486160278320312,
          "hz": 282.89161906338205
        },
        {
          "acoustic_entropy": 19.1214656829834,
          "acoustic_entropy_side": 18.498388290405273,
          "hz": 369.9353335868758
        },
        {
          "acoustic_entropy": 18.9052677154541,
          "acoustic_entropy_side": 18.431842803955078,
          "hz": 464.6875360973435
        },
        {
          "acoustic_entropy": 19.122907638549805,
          "acoustic_entropy_side": 18.657344818115234,
          "hz": 567.8308811364784
        },
        {
          "acoustic_entropy": 19.31452178955078,
          "acoustic_entropy_side": 18.826656341552734,
          "hz": 680.1084783214808
        },
        {
          "acoustic_entropy": 19.112457275390625,
          "acoustic_entropy_side": 18.166948318481445,
          "hz": 802.3292461747484
        },
        {
          "acoustic_entropy": 18.391813278198242,
          "acoustic_entropy_side": 17.93314552307129,
          "hz": 935.3737400823702
        },
        {
          "acoustic_entropy": 18.060224533081055,
          "acoustic_entropy_side": 17.998693466186523,
          "hz": 1080.2004963696966
        },
        {
          "acoustic_entropy": 18.92544937133789,
          "acoustic_entropy_side": 18.241561889648438,
          "hz": 1237.8529382007157
        },
        {
          "acoustic_entropy": 18.07556915283203,
          "acoustic_entropy_side": 18.360809326171875,
          "hz": 1409.4668930556702
        },
        {
          "acoustic_entropy": 18.475982666015625,
          "acoustic_entropy_side": 18.27277374267578,
          "hz": 1596.2787759475705
        },
        {
          "acoustic_entropy": 18.60051918029785,
          "acoustic_entropy_side": 18.55952262878418,
          "hz": 1799.6344973346393
        },
        {
          "acoustic_entropy": 18.113101959228516,
          "acoustic_entropy_side": 18.194416046142578,
          "hz": 2020.9991599069049
        },
        {
          "acoustic_entropy": 18.243242263793945,
          "acoustic_entropy_side": 17.901464462280273,
          "hz": 2261.9676141086993
        },
        {
          "acoustic_entropy": 18.7215576171875,
          "acoustic_entropy_side": 18.568336486816406,
          "hz": 2524.2759484456974
        },
        {
          "acoustic_entropy": 18.428241729736328,
          "acoustic_entropy_side": 18.39569854736328,
          "hz": 2809.813997359896
        },
        {
          "acoustic_entropy": 18.46196937561035,
          "acoustic_entropy_side": 18.236732482910156,
