{
  "acoustic_entropy": 80.64777374267578,
  "bands": [
    {
      "high_freq": 148.1999969482422,
      "loudness": -47.30324935913086,
      "loudness_range": 37.57067108154297,
      "mid_mean": -44.12797927856445,
      "mid_to_side_loudness": -10.495038032531738,
      "mid_to_side_loudness_range": 14.711644172668457,
      "side_mean": -56.91385269165039
    },
    {
      "high_freq": 392.3793640136719,
      "loudness": -38.889827728271484,
      "loudness_range": 25.811800003051758,
      "low_freq": 148.1999969482422,
      "mid_mean": -39.548980712890625,
      "mid_to_side_loudness": -6.623128414154053,
      "mid_to_side_loudness_range": 8.485896110534668,
      "side_mean": -50.37274932861328
    },
    {
      "high_freq": 794.6976318359375,
      "loudness": -44.042022705078125,
      "loudness_range": 23.00281524658203,
      "low_freq": 392.3793640136719,
      "mid_mean": -42.989376068115234,
      "mid_to_side_loudness": -4.8864288330078125,
      "mid_to_side_loudness_range": 6.187760829925537,
      "side_mean": -51.74696350097656
    },
    {
      "high_freq": 1457.5709228515625,
      "loudness": -43.90560531616211,
      "loudness_range": 19.270572662353516,
      "low_freq": 794.6976318359375,
      "mid_mean": -41.189510345458984,
      "mid_to_side_loudness": -6.011674404144287,
      "mid_to_side_loudness_range": 7.694257736206055,
      "side_mean": -51.9315185546875
    },
    {
      "high_freq": 2549.74365234375,
      "loudness": -39.729248046875,
      "loudness_range": 12.832733154296875,
      "low_freq": 1457.5709228515625,
      "mid_mean": -37.20322799682617,
      "mid_to_side_loudness": -6.6249895095825195,
      "mid_to_side_loudness_range": 9.909218788146973,
      "side_mean": -50.68995666503906
    },
    {
      "high_freq": 4349.24462890625,
      "loudness": -37.27685546875,
      "loudness_range": 21.793907165527344,
      "low_freq": 2549.74365234375,
      "mid_mean": -35.07508087158203,
      "mid_to_side_loudness": -7.0368852615356445,
      "mid_to_side_loudness_range": 11.589041709899902,
      "side_mean": -46.29726028442383
    },
    {
      "high_freq": 7314.1640625,
      "loudness": -40.32090377807617,
      "loudness_range": 27.738651275634766,
      "low_freq": 4349.24462890625,
      "mid_mean": -38.399658203125,
      "mid_to_side_loudness": -6.411421775817871,
      "mid_to_side_loudness_range": 9.83337688446045,
      "side_mean": -53.02408218383789
    },
    {
      "high_freq": 12199.2666015625,
      "loudness": -41.69268035888672,
      "loudness_range": 31.84243392944336,
      "low_freq": 7314.1640625,
      "mid_mean": -38.90194320678711,
      "mid_to_side_loudness": -5.3064727783203125,
      "mid_to_side_loudness_range": 15.186897277832031,
      "side_mean": -55.26054000854492
    },
    {
      "loudness": -55.535316467285156,
      "loudness_range": 35.88003921508789,
      "low_freq": 12199.2666015625,
      "mid_mean": -55.267154693603516,
      "mid_to_side_loudness": -6.899901390075684,
      "mid_to_side_loudness_range": 10.601244926452637,
      "side_mean": -61.61505889892578
    }
  ],
  "bands_short": [
    {
      "high_freq": 148.1999969482422,
      "loudness": -56.789676666259766,
      "loudness_range": 30.050918579101562,
      "mid_mean": -55.6974983215332,
      "mid_to_side_loudness": -8.733250617980957,
      "mid_to_side_loudness_range": 12.777156829833984,
      "side_mean": -62.55012893676758
    },
    {
      "high_freq": 392.3793640136719,
      "loudness": -42.51528549194336,
      "loudness_range": 33.24563217163086,
      "low_freq": 148.1999969482422,
      "mid_mean": -41.680747985839844,
      "mid_to_side_loudness": -7.495607376098633,
      "mid_to_side_loudness_range": 12.063572883605957,
      "side_mean": -51.89802169799805
    },
    {
      "high_freq": 794.6976318359375,
      "loudness": -46.00367736816406,
      "loudness_range": 28.215463638305664,
      "low_freq": 392.3793640136719,
      "mid_mean": -51.388832092285156,
      "mid_to_side_loudness": -3.200364589691162,
      "mid_to_side_loudness_range": 8.598329544067383,
      "side_mean": -53.9551887512207
    },
    {
      "high_freq": 1457.5709228515625,
      "loudness": -45.59885787963867,
      "loudness_range": 25.56405258178711,
      "low_freq": 794.6976318359375,
      "mid_mean": -50.615421295166016,
      "mid_to_side_loudness": -3.2294089794158936,
      "mid_to_side_loudness_range": 9.501376152038574,
      "side_mean": -53.71158218383789
    },
    {
      "high_freq": 2549.74365234375,
      "loudness": -43.883506774902344,
      "loudness_range": 22.108972549438477,
      "low_freq": 1457.5709228515625,
      "mid_mean": -44.256961822509766,
      "mid_to_side_loudness": -2.6273040771484375,
      "mid_to_side_loudness_range": 10.23039436340332,
      "side_mean": -52.87638473510742
    },
    {
      "high_freq": 4349.24462890625,
      "loudness": -42.43587112426758,
      "loudness_range": 34.05216979980469,
      "low_freq": 2549.74365234375,
      "mid_mean": -42.510963439941406,
      "mid_to_side_loudness": -3.085357666015625,
      "mid_to_side_loudness_range": 8.920857429504395,
      "side_mean": -52.17699432373047
    },
    {
      "high_freq": 7314.1640625,
      "loudness": -47.2356071472168,
      "loudness_range": 43.56591033935547,
      "low_freq": 4349.24462890625,
      "mid_mean": -51.792724609375,
      "mid_to_side_loudness": -3.4451639652252197,
      "mid_to_side_loudness_range": 9.039286613464355,
      "side_mean": -56.28670120239258
    },
    {
      "high_freq": 12199.2666015625,
      "loudness": -48.52312469482422,
      "loudness_range": 52.075870513916016,
      "low_freq": 7314.1640625,
      "mid_mean": -54.685367584228516,
      "mid_to_side_loudness": -2.526322841644287,
      "mid_to_side_loudness_range": 10.510821342468262,
      "side_mean": -59.42882537841797
    },
    {
      "loudness": -47.329246520996094,
      "loudness_range": 35.319557189941406,
      "low_freq": 12199.2666015625,
      "mid_mean": -60.110687255859375,
      "mid_to_side_loudness": -2.3040318489074707,
      "mid_to_side_loudness_range": 9.231111526489258,
      "side_mean": -63.09967803955078
    }
  ],
  "bandwidth": 1677.21435546875,
  "channels": 2,
  "covariance": [
    [
      105.64468383789062,
      73.45863342285156,
      87.40620422363281,
      102.24681091308594,
      58.914512634277344,
      79.69579315185547,
      42.52717590332031,
      73.88528442382812,
      8.31781005859375,
      64.75174713134766,
      -9.815746307373047,
      24.8522891998291,
      -21.390621185302734,
      41.482643127441406,
      -49.72793960571289,
      36.377559661865234,
      -5.215290069580078,
      9.457600593566895
    ],
    [
      73.45863342285156,
      82.74586486816406,
      91.85932922363281,
      125.13401794433594,
      62.90864181518555,
      98.12489318847656,
      46.51235580444336,
      90.599365234375,
      10.965194702148438,
      79.23241424560547,
      -18.935373306274414,
      18.379268646240234,
      -37.12115478515625,
      37.57268524169922,
      -52.50737380981445,
      34.803184509277344,
      -4.06917667388916,
      -1.7576138973236084
    ],
    [
      87.40620422363281,
      91.85932922363281,
      174.78280639648438,
      166.60450744628906,
      104.01434326171875,
      118.54296112060547,
      77.84427642822266,
      101.05402374267578,
      13.835610389709473,
      75.96745300292969,
      -56.41312026977539,
      2.17165207862854,
      -101.01193237304688,
      -6.700776100158691,
      -120.7065200805664,
      -3.8719515800476074,
      -80.05986785888672,
      -51.984458923339844
    ],
    [
      102.24681091308594,
      125.13401794433594,
      166.60450744628906,
      220.23809814453125,
      122.34864807128906,
      174.58265686035156,
      90.39015197753906,
      158.81655883789062,
      23.018085479736328,
      139.99305725097656,
      -38.97203826904297,
      36.240196228027344,
      -82.20442962646484,
      56.230438232421875,
      -106.37065124511719,
      52.96844482421875,
      -17.66816520690918,
      -10.123705863952637
    ],
    [
      58.914512634277344,
      62.90864181518555,
      104.01434326171875,
      122.34864807128906,
      104.3082504272461,
      103.30331420898438,
      77.090087890625,
      90.93516540527344,
      34.18760681152344,
      83.84814453125,
      -8.864670753479004,
      51.63154983520508,
      -53.723121643066406,
      37.006683349609375,
      -71.29547119140625,
      33.85968780517578,
      -22.79372215270996,
      7.694817543029785
    ],
    [
      79.69579315185547,
      98.12489318847656,
      118.54296112060547,
      174.58265686035156,
      103.30331420898438,
      154.4197998046875,
      74.95557403564453,
      142.92799377441406,
      28.69589614868164,
      140.13003540039062,
      -5.8014421463012695,
      70.7187271118164,
      -37.37873458862305,
      90.41240692138672,
      -61.370155334472656,
      80.76160430908203,
      27.265823364257812,
      34.91441345214844
    ],
    [
      42.52717590332031,
      46.51235580444336,
      77.84427642822266,
      90.39015197753906,
      77.090087890625,
      74.95557403564453,
      60.27016830444336,
      65.383056640625,
      28.312589645385742,
      58.59183883666992,
      -5.107348442077637,
      33.80408477783203,
      -37.00761795043945,
      22.73418426513672,
      -48.44757843017578,
      22.116302490234375,
      -16.498624801635742,
      1.1654419898986816
    ],
    [
      73.88528442382812,
      90.599365234375,
      101.05402374267578,
      158.81655883789062,
      90.93516540527344,
      142.92799377441406,
      65.383056640625,
      133.4966583251953,
      25.664716720581055,
      132.71949768066406,
      -0.47117912769317627,
      69.44644165039062,
      -26.76286506652832,
      91.43486022949219,
      -49.62590789794922,
      81.23390197753906,
      34.24258041381836,
      40.19590377807617
    ],
    [
      8.31781005859375,
      10.965194702148438,
      13.835610389709473,
      23.018085479736328,
      34.18760681152344,
      28.69589614868164,
      28.312589645385742,
      25.664716720581055,
      31.383817672729492,
      29.89324378967285,
      27.20671844482422,
      34.70365905761719,
      22.3027400970459,
      31.682125091552734,
      20.196147918701172,
      31.11270523071289,
      32.83487319946289,
      27.757774353027344
    ],
    [
      64.75174713134766,
      79.23241424560547,
      75.96745300292969,
      139.99305725097656,
      83.84814453125,
      140.13003540039062,
      58.59183883666992,
      132.71949768066406,
      29.89324378967285,
      144.48719787597656,
      19.37563133239746,
      99.78607177734375,
      -1.2277991771697998,
      124.4763412475586,
      -27.328899383544922,
      107.82557678222656,
      67.07330322265625,
      75.39452362060547
    ],
    [
      -9.815746307373047,
      -18.935373306274414,
      -56.41312026977539,
      -38.97203826904297,
      -8.864670753479004,
      -5.8014421463012695,
      -5.107348442077637,
      -0.47117912769317627,
      27.20671844482422,
      19.37563133239746,
      79.01898956298828,
      59.807064056396484,
      97.70816040039062,
      68.97840118408203,
      93.08607482910156,
      63.200645446777344,
      103.4309310913086,
      83.8599853515625
    ],
    [
      24.8522891998291,
      18.379268646240234,
      2.17165207862854,
      36.240196228027344,
      51.63154983520508,
      70.7187271118164,
      33.80408477783203,
      69.44644165039062,
      34.70365905761719,
      99.78607177734375,
      59.807064056396484,
      140.66265869140625,
      46.10540008544922,
      133.1090545654297,
      22.08609390258789,
      112.60456085205078,
      100.33553314208984,
      121.58148956298828
    ],
    [
      -21.390621185302734,
      -37.12115478515625,
      -101.01193237304688,
      -82.20442962646484,
      -53.723121643066406,
      -37.37873458862305,
      -37.00761795043945,
      -26.76286506652832,
      22.3027400970459,
      -1.2277991771697998,
      97.70816040039062,
      46.10540008544922,
      155.1317138671875,
      76.36466217041016,
      155.6440887451172,
      69.48226165771484,
      141.15187072753906,
      97.98324584960938
    ],
    [
      41.482643127441406,
      37.57268524169922,
      -6.700776100158691,
      56.230438232421875,
      37.006683349609375,
      90.41240692138672,
      22.73418426513672,
      91.43486022949219,
      31.682125091552734,
      124.4763412475586,
      68.97840118408203,
      133.1090545654297,
      76.36466217041016,
      168.7064208984375,
      47.71733093261719,
      144.56768798828125,
      133.6047821044922,
      137.28765869140625
    ],
    [
      -49.72793960571289,
      -52.50737380981445,
      -120.7065200805664,
      -106.37065124511719,
      -71.29547119140625,
      -61.370155334472656,
      -48.44757843017578,
      -49.62590789794922,
      20.196147918701172,
      -27.328899383544922,
      93.08607482910156,
      22.08609390258789,
      155.6440887451172,
      47.71733093261719,
      174.6270751953125,
      45.442848205566406,
      133.2723388671875,
      78.26758575439453
    ],
    [
      36.377559661865234,
      34.803184509277344,
      -3.8719515800476074,
      52.96844482421875,
      33.85968780517578,
      80.76160430908203,
      22.116302490234375,
      81.23390197753906,
      31.11270523071289,
      107.82557678222656,
      63.200645446777344,
      112.60456085205078,
      69.48226165771484,
      144.56768798828125,
      45.442848205566406,
      126.95649719238281,
      116.97811889648438,
      115.99108123779297
    ],
    [
      -5.215290069580078,
      -4.06917667388916,
      -80.05986785888672,
      -17.66816520690918,
      -22.79372215270996,
      27.265823364257812,
      -16.498624801635742,
      34.24258041381836,
      32.83487319946289,
      67.07330322265625,
      103.4309310913086,
      100.33553314208984,
      141.15187072753906,
      133.6047821044922,
      133.2723388671875,
      116.97811889648438,
      169.8446807861328,
      133.21499633789062
    ],
    [
      9.457600593566895,
      -1.7576138973236084,
      -51.984458923339844,
      -10.123705863952637,
      7.694817543029785,
      34.91441345214844,
      1.1654419898986816,
      40.19590377807617,
      27.757774353027344,
      75.39452362060547,
      83.8599853515625,
      121.58148956298828,
      97.98324584960938,
      137.28765869140625,
      78.26758575439453,
      115.99108123779297,
      133.21499633789062,
      134.68045043945312
    ]
  ],
  "covariance_short": [
    [
      125.99655151367188,
      81.86466217041016,
      90.7591781616211,
      105.75321197509766,
      105.2548828125,
      89.3605728149414,
      102.09967803955078,
      85.07037353515625,
      60.60095977783203,
      79.98513793945312,
      46.53928756713867,
      65.25796508789062,
      79.9394760131836,
      62.037662506103516,
      70.02347564697266,
      55.2015266418457,
      34.01828384399414,
      18.0322265625
    ],
    [
      81.86466217041016,
      63.622623443603516,
      76.33311462402344,
      83.93795776367188,
      78.98640441894531,
      71.03124237060547,
      73.82714080810547,
      65.74560546875,
      45.66185760498047,
      61.56171798706055,
      25.860740661621094,
      48.48454666137695,
      45.033607482910156,
      42.07207107543945,
      37.37675094604492,
      36.41552734375,
      14.282341957092285,
      8.920223236083984
    ],
    [
      90.7591781616211,
      76.33311462402344,
      175.88523864746094,
      174.3780517578125,
      137.01458740234375,
      131.18319702148438,
      123.07442474365234,
      119.03175354003906,
      50.68693542480469,
      95.87722778320312,
      -15.306448936462402,
      49.91981887817383,
      1.4655914306640625,
      20.381282806396484,
      -17.19929313659668,
      11.49693775177002,
      -40.19994354248047,
      -32.520469665527344
    ],
    [
      105.75321197509766,
      83.93795776367188,
      174.3780517578125,
      210.26675415039062,
      169.0816650390625,
      161.99002075195312,
      156.4488983154297,
      150.35379028320312,
      51.89676284790039,
      129.51394653320312,
      -13.621964454650879,
      85.066650390625,
      29.345109939575195,
      45.0860710144043,
      5.487239360809326,
      29.18936538696289,
      -23.803701400756836,
      -17.046716690063477
    ],
    [
      105.2548828125,
      78.98640441894531,
      137.01458740234375,
      169.0816650390625,
      186.2187957763672,
      161.9551544189453,
      179.40237426757812,
      154.6835479736328,
      105.64479064941406,
      154.25051879882812,
      79.9634017944336,
      142.73878479003906,
      129.99813842773438,
      113.24431610107422,
      111.2392349243164,
      95.985595703125,
      69.8117446899414,
      50.18864822387695
    ],
    [
      89.3605728149414,
      71.03124237060547,
      131.18319702148438,
      161.99002075195312,
      161.9551544189453,
      149.85340881347656,
      153.14788818359375,
      141.0401153564453,
      78.62462615966797,
      138.31417846679688,
      45.73464584350586,
      122.91477966308594,
      85.97069549560547,
      92.41903686523438,
      66.07669830322266,
      75.84973907470703,
      39.23942565917969,
      36.2360725402832
    ],
    [
      102.09967803955078,
      73.82714080810547,
      123.07442474365234,
      156.4488983154297,
      179.40237426757812,
      153.14788818359375,
      178.52294921875,
      147.8784637451172,
      107.43020629882812,
      148.1413116455078,
      89.79876708984375,
      139.9513702392578,
      145.54017639160156,
      113.22550201416016,
      131.11614990234375,
      97.92056274414062,
      81.93681335449219,
      54.03349685668945
    ],
    [
      85.07037353515625,
      65.74560546875,
      119.03175354003906,
      150.35379028320312,
      154.6835479736328,
      141.0401153564453,
      147.8784637451172,
      136.0316925048828,
      75.13539123535156,
      133.9363555908203,
      49.0106201171875,
      122.70394897460938,
      91.4146499633789,
      95.03034210205078,
      72.72557830810547,
      79.1919937133789,
      46.86269760131836,
      42.13182830810547
    ],
    [
      60.60095977783203,
      45.66185760498047,
      50.68693542480469,
      51.89676284790039,
      105.64479064941406,
      78.62462615966797,
      107.43020629882812,
      75.13539123535156,
      132.8350067138672,
      87.99132537841797,
      134.54823303222656,
      103.11548614501953,
      156.3142852783203,
      104.95100402832031,
      158.04403686523438,
      100.7525634765625,
      114.47283935546875,
      75.91039276123047
    ],
    [
      79.98513793945312,
      61.56171798706055,
      95.87722778320312,
      129.51394653320312,
      154.25051879882812,
      138.31417846679688,
      148.1413116455078,
      133.9363555908203,
      87.99132537841797,
      147.88067626953125,
      83.1977310180664,
      156.1027069091797,
      130.37608337402344,
      133.32095336914062,
      108.60249328613281,
      112.62425231933594,
      87.0084228515625,
      79.69310760498047
    ],
    [
      46.53928756713867,
      25.860740661621094,
      -15.306448936462402,
      -13.621964454650879,
      79.9634017944336,
      45.73464584350586,
      89.79876708984375,
      49.0106201171875,
      134.54823303222656,
      83.1977310180664,
      203.60342407226562,
      135.62664794921875,
      231.18408203125,
      155.8057098388672,
      237.1778106689453,
      150.7237091064453,
      196.07884216308594,
      139.6222381591797
    ],
    [
      65.25796508789062,
      48.48454666137695,
      49.91981887817383,
      85.066650390625,
      142.73878479003906,
      122.91477966308594,
      139.9513702392578,
      122.70394897460938,
      103.11548614501953,
      156.1027069091797,
      135.62664794921875,
      198.71969604492188,
      189.38885498046875,
      185.87942504882812,
      167.08474731445312,
      161.18112182617188,
      150.526611328125,
      136.61325073242188
    ],
    [
      79.9394760131836,
      45.033607482910156,
      1.4655914306640625,
      29.345109939575195,
      129.99813842773438,
      85.97069549560547,
      145.54017639160156,
      91.4146499633789,
      156.3142852783203,
      130.37608337402344,
      231.18408203125,
      189.38885498046875,
      307.2090148925781,
      200.33316040039062,
      304.43621826171875,
      182.88143920898438,
      232.50352478027344,
      159.89744567871094
    ],
    [
      62.037662506103516,
      42.07207107543945,
      20.381282806396484,
      45.0860710144043,
      113.24431610107422,
      92.41903686523438,
      113.22550201416016,
      95.03034210205078,
      104.95100402832031,
      133.32095336914062,
      155.8057098388672,
      185.87942504882812,
      200.33316040039062,
      190.81382751464844,
      182.39703369140625,
      169.298095703125,
      167.22177124023438,
      148.5585479736328
    ],
    [
      70.02347564697266,
      37.37675094604492,
      -17.19929313659668,
      5.487239360809326,
      111.2392349243164,
      66.07669830322266,
      131.11614990234375,
      72.72557830810547,
      158.04403686523438,
      108.60249328613281,
      237.1778106689453,
      167.08474731445312,
      304.43621826171875,
      182.39703369140625,
      313.4963073730469,
      171.7135772705078,
      232.07835388183594,
      151.57745361328125
    ],
    [
      55.2015266418457,
      36.41552734375,
      11.49693775177002,
      29.18936538696289,
      95.985595703125,
      75.84973907470703,
      97.92056274414062,
      79.1919937133789,
      100.7525634765625,
      112.62425231933594,
      150.7237091064453,
      161.18112182617188,
      182.88143920898438,
      169.298095703125,
      171.7135772705078,
      155.4864044189453,
      155.58413696289062,
      134.98516845703125
    ],
    [
      34.01828384399414,
      14.282341957092285,
      -40.19994354248047,
      -23.803701400756836,
      69.8117446899414,
      39.23942565917969,
      81.93681335449219,
      46.86269760131836,
      114.47283935546875,
      87.0084228515625,
      196.07884216308594,
      150.526611328125,
      232.50352478027344,
      167.22177124023438,
      232.07835388183594,
      155.58413696289062,
      205.6398162841797,
      153.60494995117188
    ],
    [
      18.0322265625,
      8.920223236083984,
      -32.520469665527344,
      -17.046716690063477,
      50.18864822387695,
      36.2360725402832,
      54.03349685668945,
      42.13182830810547,
      75.91039276123047,
      79.69310760498047,
      139.6222381591797,
      136.61325073242188,
      159.89744567871094,
      148.5585479736328,
      151.57745361328125,
      134.98516845703125,
      153.60494995117188,
      137.32949829101562
    ]
  ],
  "damage": -17.76155662536621,
  "diff_bandwidth": 1774.2275390625,
  "dissonance": 15.179893020453205,
  "drr": 6.367019176483154,
  "dynamics": 5.816778659820557,
  "format": 1245190,
  "frames": 1133504,
  "loudness": -23.02488136291504,
  "loudness_range": 16.480297088623047,
  "loudness_range_short": 30.067821502685547,
  "lowpass_true_peak_15khz": -1.4958537817001343,
  "mastering3_acoustic_entropies": [
    {
      "acoustic_entropy": 7.90095329284668,
      "acoustic_entropy_mono": 7.403580665588379,
      "band_eliminated_acoustic_entropies": [
        {
          "acoustic_entropy": 7.8285393714904785,
          "acoustic_entropy_side": 7.900942325592041,
          "hz": 129.47220167065723
        },
        {
          "acoustic_entropy": 7.600347518920898,
          "acoustic_entropy_side": 7.900793552398682,
          "hz": 202.92927478742237
        },
        {
          "acoustic_entropy": 7.567135334014893,
          "acoustic_entropy_side": 7.901337146759033,
          "hz": 282.89161906338205
        },
        {
          "acoustic_entropy": 7.903736591339111,
          "acoustic_entropy_side": 7.901045799255371,
          "hz": 369.9353335868758
        },
        {
          "acoustic_entropy": 7.9018144607543945,
          "acoustic_entropy_side": 7.900975704193115,
          "hz": 464.6875360973435
        },
        {
          "acoustic_entropy": 7.901170253753662,
          "acoustic_entropy_side": 7.900789737701416,
          "hz": 567.8308811364784
        },
        {
          "acoustic_entropy": 7.904804229736328,
          "acoustic_entropy_side": 7.903853893280029,
          "hz": 680.1084783214808
        },
        {
          "acoustic_entropy": 7.8818039894104,
          "acoustic_entropy_side": 7.907102108001709,
          "hz": 802.3292461747484
        },
        {
          "acoustic_entropy": 7.90179443359375,
          "acoustic_entropy_side": 7.89980411529541,
          "hz": 935.3737400823702
        },
        {
          "acoustic_entropy": 7.89879846572876,
          "acoustic_entropy_side": 7.902161598205566,
          "hz": 1080.2004963696966
        },
        {
          "acoustic_entropy": 7.902718544006348,
          "acoustic_entropy_side": 7.900754451751709,
          "hz": 1237.8529382007157
        },
        {
          "acoustic_entropy": 7.907042980194092,
          "acoustic_entropy_side": 7.902456760406494,
          "hz": 1409.4668930556702
        },
        {
          "acoustic_entropy": 7.899630546569824,
          "acoustic_entropy_side": 7.899738788604736,
          "hz": 1596.2787759475705
        },
        {
          "acoustic_entropy": 7.902442932128906,
          "acoustic_entropy_side": 7.898110866546631,
          "hz": 1799.6344973346393
        },
        {
          "acoustic_entropy": 7.850836753845215,
          "acoustic_entropy_side": 7.9021148681640625,
          "hz": 2020.9991599069049
        },
        {
          "acoustic_entropy": 7.898227214813232,
          "acoustic_entropy_side": 7.90254020690918,
          "hz": 2261.9676141086993
        },
        {
          "acoustic_entropy": 7.929565906524658,
          "acoustic_entropy_side": 7.904905319213867,
          "hz": 2524.2759484456974
        },
        {
          "acoustic_entropy": 7.8909711837768555,
          "acoustic_entropy_side": 7.8923234939575195,
          "hz": 2809.813997359896
        },
        {
          "acoustic_entropy": 7.897767066955566,
          "acoustic_entropy_side": 7.887386798858643,
          "hz": 3120.6389567871424
        },
        {
          "acoustic_entropy": 7.9030280113220215,
          "acoustic_entropy_side": 7.8925933837890625,
          "hz": 3458.990205492291
        },
        {
          "acoustic_entropy": 7.818177223205566,
          "acoustic_entropy_side": 7.8728485107421875,
          "hz": 3827.305438964164
        },
        {
          "acoustic_entropy": 7.861025333404541,
          "acoustic_entropy_side": 7.8795013427734375,
          "hz": 4228.238232109126
        },
        {
          "acoustic_entropy": 7.868596076965332,
          "acoustic_entropy_side": 7.878413200378418,
          "hz": 4664.6771572759235
        },
        {
          "acoustic_entropy": 7.842999458312988,
          "acoustic_entropy_side": 7.85778284072876,
          "hz": 5139.766595350093
        },
        {
          "acoustic_entropy": 7.887855529785156,
          "acoustic_entropy_side": 7.879489421844482,
          "hz": 5656.929389854203
        },
        {
          "acoustic_entropy": 7.8992919921875,
          "acoustic_entropy_side": 7.878152847290039,
          "hz": 6219.891507268283
        },
        {
          "acoustic_entropy": 7.945047855377197,
          "acoustic_entropy_side": 7.893811225891113,
          "hz": 6832.70888123896
        },
        {
          "acoustic_entropy": 7.924807548522949,
          "acoustic_entropy_side": 7.901077747344971,
          "hz": 7499.796634079867
        },
        {
          "acoustic_entropy": 7.92899751663208,
          "acoustic_entropy_side": 7.899202823638916,
          "hz": 8225.96088609342
        },
        {
          "acoustic_entropy": 7.771112442016602,
          "acoustic_entropy_side": 7.8988938331604,
          "hz": 9016.43338188839
        },
        {
          "acoustic_entropy": 7.91235876083374,
          "acoustic_entropy_side": 7.886650085449219,
          "hz": 9876.909183162974
        },
        {
          "acoustic_entropy": 7.8594560623168945,
          "acoustic_entropy_side": 7.882086277008057,
          "hz": 10813.587699516042
        },
        {
          "acoustic_entropy": 7.928976058959961,
          "acoustic_entropy_side": 7.886685371398926,
          "hz": 11833.21735289826
        },
        {
          "acoustic_entropy": 7.898190975189209,
          "acoustic_entropy_side": 7.88783597946167,
          "hz": 12943.144197493959
        },
        {
          "acoustic_entropy": 7.858530044555664,
          "acoustic_entropy_side": 7.884984493255615,
          "hz": 14151.364845322005
        },
        {
          "acoustic_entropy": 7.87918758392334,
          "acoustic_entropy_side": 7.891831874847412,
          "hz": 15466.58407886509
        },
        {
          "acoustic_entropy": 7.884272575378418,
          "acoustic_entropy_side": 7.898322105407715,
          "hz": 16898.27756580493
        },
        {
          "acoustic_entropy": 7.8814239501953125,
          "acoustic_entropy_side": 7.896990776062012,
          "hz": 18456.760127700032
        },
        {
          "acoustic_entropy": 7.863242149353027,
          "acoustic_entropy_side": 7.885768890380859,
          "hz": 20153.260054456492
        },
        {
          "acoustic_entropy": 7.8506340980529785,
          "acoustic_entropy_side": 7.883777618408203,
          "hz": 22000.00000000001
        }
      ],
      "diff_acoustic_entropy": 7.501372337341309,
      "sn": 6
    },
    {
      "acoustic_entropy": 9.541813850402832,
      "acoustic_entropy_mono": 9.592158317565918,
      "band_eliminated_acoustic_entropies": [
        {
          "acoustic_entropy": 9.66298770904541,
          "acoustic_entropy_side": 9.542281150817871,
          "hz": 129.47220167065723
        },
        {
          "acoustic_entropy": 9.766042709350586,
          "acoustic_entropy_side": 9.572417259216309,
          "hz": 202.92927478742237
        },
        {
          "acoustic_entropy": 9.437163352966309,
          "acoustic_entropy_side": 9.599635124206543,
          "hz": 282.89161906338205
        },
        {
          "acoustic_entropy": 9.559080123901367,
          "acoustic_entropy_side": 9.543160438537598,
          "hz": 369.9353335868758
        },
        {
          "acoustic_entropy": 9.572038650512695,
          "acoustic_entropy_side": 9.542724609375,
          "hz": 464.6875360973435
        },
        {
          "acoustic_entropy": 9.604863166809082,
          "acoustic_entropy_side": 9.548036575317383,
          "hz": 567.8308811364784
        },
        {
          "acoustic_entropy": 9.796810150146484,
          "acoustic_entropy_side": 9.619938850402832,
          "hz": 680.1084783214808
        },
        {
          "acoustic_entropy": 9.625140190124512,
          "acoustic_entropy_side": 9.563102722167969,
          "hz": 802.3292461747484
        },
        {
          "acoustic_entropy": 9.685599327087402,
          "acoustic_entropy_side": 9.555484771728516,
          "hz": 935.3737400823702
        },
        {
          "acoustic_entropy": 9.747705459594727,
          "acoustic_entropy_side": 9.581480979919434,
          "hz": 1080.2004963696966
        },
        {
          "acoustic_entropy": 9.649717330932617,
          "acoustic_entropy_side": 9.567667007446289,
          "hz": 1237.8529382007157
        },
        {
          "acoustic_entropy": 9.58743667602539,
          "acoustic_entropy_side": 9.545853614807129,
          "hz": 1409.4668930556702
        },
        {
          "acoustic_entropy": 9.607010841369629,
          "acoustic_entropy_side": 9.549820899963379,
          "hz": 1596.2787759475705
        },
        {
          "acoustic_entropy": 9.589811325073242,
          "acoustic_entropy_side": 9.542057037353516,
          "hz": 1799.6344973346393
        },
        {
          "acoustic_entropy": 9.527457237243652,
          "acoustic_entropy_side": 9.58003044128418,
          "hz": 2020.9991599069049
        },
        {
          "acoustic_entropy": 9.693093299865723,
          "acoustic_entropy_side": 9.53643798828125,
          "hz": 2261.9676141086993
        },
        {
          "acoustic_entropy": 9.563974380493164,
          "acoustic_entropy_side": 9.526652336120605,
          "hz": 2524.2759484456974
        },
        {
          "acoustic_entropy": 9.52893352508545,
          "acoustic_entropy_side": 9.502724647521973,
          "hz": 2809.813997359896
        },
        {
          "acoustic_entropy": 9.530988693237305,
          "acoustic_entropy_side": 9.4955472946167,
          "hz": 3120.6389567871424
        },
        {
          "acoustic_entropy": 9.5675630569458,
          "acoustic_entropy_side": 9.514466285705566,
          "hz": 3458.990205492291
        },
        {
          "acoustic_entropy": 9.385344505310059,
          "acoustic_entropy_side": 9.479146003723145,
          "hz": 3827.305438964164
        },
        {
          "acoustic_entropy": 9.485189437866211,
          "acoustic_entropy_side": 9.504931449890137,
          "hz": 4228.238232109126
        },
        {
          "acoustic_entropy": 9.50888729095459,
          "acoustic_entropy_side": 9.508014678955078,
          "hz": 4664.6771572759235
        },
        {
          "acoustic_entropy": 9.522948265075684,
          "acoustic_entropy_side": 9.478754997253418,
          "hz": 5139.766595350093
        },
        {
          "acoustic_entropy": 9.485300064086914,
          "acoustic_entropy_side": 9.49722671508789,
          "hz": 5656.929389854203
        },
        {
          "acoustic_entropy": 9.487129211425781,
          "acoustic_entropy_side": 9.487030982971191,
          "hz": 6219.891507268283
        },
        {
          "acoustic_entropy": 9.568167686462402,
          "acoustic_entropy_side": 9.534966468811035,
          "hz": 6832.70888123896
        },
        {
          "acoustic_entropy": 9.541976928710938,
          "acoustic_entropy_side": 9.577280044555664,
          "hz": 7499.796634079867
        },
        {
          "acoustic_entropy": 9.433796882629395,
          "acoustic_entropy_side": 9.565781593322754,
          "hz": 8225.96088609342
        },
        {
          "acoustic_entropy": 9.476602554321289,
          "acoustic_entropy_side": 9.544010162353516,
          "hz": 9016.43338188839
        },
        {
          "acoustic_entropy": 9.438441276550293,
          "acoustic_entropy_side": 9.505373001098633,
          "hz": 9876.909183162974
        },
        {
          "acoustic_entropy": 9.475192070007324,
          "acoustic_entropy_side": 9.48826789855957,
          "hz": 10813.587699516042
        },
        {
          "acoustic_entropy": 9.500250816345215,
          "acoustic_entropy_side": 9.504825592041016,
          "hz": 11833.21735289826
        },
        {
          "acoustic_entropy": 9.558666229248047,
          "acoustic_entropy_side": 9.502176284790039,
          "hz": 12943.144197493959
        },
        {
          "acoustic_entropy": 9.542496681213379,
          "acoustic_entropy_side": 9.48930549621582,
          "hz": 14151.364845322005
        },
        {
          "acoustic_entropy": 9.499783515930176,
          "acoustic_entropy_side": 9.50406265258789,
          "hz": 15466.58407886509
        },
        {
          "acoustic_entropy": 9.527497291564941,
          "acoustic_entropy_side": 9.527965545654297,
          "hz": 16898.27756580493
        },
        {
          "acoustic_entropy": 9.521629333496094,
          "acoustic_entropy_side": 9.526127815246582,
          "hz": 18456.760127700032
        },
        {
          "acoustic_entropy": 9.466046333312988,
          "acoustic_entropy_side": 9.490586280822754,
          "hz": 20153.260054456492
        },
        {
          "acoustic_entropy": 9.433341026306152,
          "acoustic_entropy_side": 9.486200332641602,
          "hz": 22000.00000000001
        }
      ],
      "diff_acoustic_entropy": 10.260370254516602,
      "sn": 12
    },
    {
      "acoustic_entropy": 14.468538284301758,
      "acoustic_entropy_mono": 12.908339500427246,
      "band_eliminated_acoustic_entropies": [
        {
          "acoustic_entropy": 14.480385780334473,
          "acoustic_entropy_side": 14.468643188476562,
          "hz": 129.47220167065723
        },
        {
          "acoustic_entropy": 14.261700630187988,
          "acoustic_entropy_side": 14.433402061462402,
          "hz": 202.92927478742237
        },
        {
          "acoustic_entropy": 14.190248489379883,
          "acoustic_entropy_side": 14.491433143615723,
          "hz": 282.89161906338205
        },
        {
          "acoustic_entropy": 14.478806495666504,
          "acoustic_entropy_side": 14.473396301269531,
          "hz": 369.9353335868758
        },
        {
          "acoustic_entropy": 14.456575393676758,
          "acoustic_entropy_side": 14.46068286895752,
          "hz": 464.6875360973435
        },
        {
          "acoustic_entropy": 14.42261028289795,
          "acoustic_entropy_side": 14.445355415344238,
          "hz": 567.8308811364784
        },
        {
          "acoustic_entropy": 14.565147399902344,
          "acoustic_entropy_side": 14.477176666259766,
          "hz": 680.1084783214808
        },
        {
          "acoustic_entropy": 14.323887825012207,
          "acoustic_entropy_side": 14.425622940063477,
          "hz": 802.3292461747484
        },
        {
          "acoustic_entropy": 14.540266036987305,
          "acoustic_entropy_side": 14.454081535339355,
          "hz": 935.3737400823702
        },
        {
          "acoustic_entropy": 14.505228996276855,
          "acoustic_entropy_side": 14.474395751953125,
          "hz": 1080.2004963696966
        },
        {
          "acoustic_entropy": 14.416998863220215,
          "acoustic_entropy_side": 14.446483612060547,
          "hz": 1237.8529382007157
        },
        {
          "acoustic_entropy": 14.486367225646973,
          "acoustic_entropy_side": 14.487846374511719,
          "hz": 1409.4668930556702
        },
        {
          "acoustic_entropy": 14.508395195007324,
          "acoustic_entropy_side": 14.475196838378906,
          "hz": 1596.2787759475705
        },
        {
          "acoustic_entropy": 14.280571937561035,
          "acoustic_entropy_side": 14.434738159179688,
          "hz": 1799.6344973346393
        },
        {
          "acoustic_entropy": 13.976890563964844,
          "acoustic_entropy_side": 14.50728702545166,
          "hz": 2020.9991599069049
        },
        {
          "acoustic_entropy": 14.358587265014648,
          "acoustic_entropy_side": 14.528258323669434,
          "hz": 2261.9676141086993
        },
        {
          "acoustic_entropy": 14.453024864196777,
          "acoustic_entropy_side": 14.541675567626953,
          "hz": 2524.2759484456974
        },
        {
          "acoustic_entropy": 14.372666358947754,
          "acoustic_entropy_side": 14.469118118286133,
          "hz": 2809.813997359896
        },
        {
          "acoustic_entropy": 14.298501014709473,
          "acoustic_entropy_side": 14.415249824523926,
          "hz": 3120.6389567871424
        },
        {
          "acoustic_entropy": 14.347199440002441,
