{
  "acoustic_entropy": 123.21038818359375,
  "bands": [
    {
      "high_freq": 148.1999969482422,
      "loudness": -29.40078353881836,
      "loudness_range": 15.31717300415039,
      "mid_mean": -25.734962463378906,
      "mid_to_side_loudness": -66.73570251464844,
      "mid_to_side_loudness_range": 38.900211334228516,
      "side_mean": -69.99991607666016
    },
    {
      "high_freq": 392.3793640136719,
      "loudness": -29.04291343688965,
      "loudness_range": 12.588319778442383,
      "low_freq": 148.1999969482422,
      "mid_mean": -25.391460418701172,
      "mid_to_side_loudness": -50.95047378540039,
      "mid_to_side_loudness_range": 57.597896575927734,
      "side_mean": -69.9999008178711
    },
    {
      "high_freq": 794.6976318359375,
      "loudness": -28.99631118774414,
      "loudness_range": 18.360490798950195,
      "low_freq": 392.3793640136719,
      "mid_mean": -25.32349967956543,
      "mid_to_side_loudness": -61.6167106628418,
      "mid_to_side_loudness_range": 53.044288635253906,
      "side_mean": -69.99986267089844
    },
    {
      "high_freq": 1457.5709228515625,
      "loudness": -34.27301788330078,
      "loudness_range": 20.603151321411133,
      "low_freq": 794.6976318359375,
      "mid_mean": -30.635581970214844,
      "mid_to_side_loudness": -60.165565490722656,
      "mid_to_side_loudness_range": 33.098487854003906,
      "side_mean": -69.99951171875
    },
    {
      "high_freq": 2549.74365234375,
      "loudness": -41.223716735839844,
      "loudness_range": 22.351417541503906,
      "low_freq": 1457.5709228515625,
      "mid_mean": -37.530662536621094,
      "mid_to_side_loudness": -53.02920150756836,
      "mid_to_side_loudness_range": 29.92868423461914,
      "side_mean": -69.99813079833984
    },
    {
      "high_freq": 4349.24462890625,
      "loudness": -45.976661682128906,
      "loudness_range": 21.197834014892578,
      "low_freq": 2549.74365234375,
      "mid_mean": -42.2543830871582,
      "mid_to_side_loudness": -49.326171875,
      "mid_to_side_loudness_range": 28.075122833251953,
      "side_mean": -69.98728942871094
    },
    {
      "high_freq": 7314.1640625,
      "loudness": -48.04616928100586,
      "loudness_range": 19.895652770996094,
      "low_freq": 4349.24462890625,
      "mid_mean": -44.54733657836914,
      "mid_to_side_loudness": -44.82851791381836,
      "mid_to_side_loudness_range": 37.88812255859375,
      "side_mean": -69.98461151123047
    },
    {
      "high_freq": 12199.2666015625,
      "loudness": -53.95966339111328,
      "loudness_range": 19.04590606689453,
      "low_freq": 7314.1640625,
      "mid_mean": -50.3642692565918,
      "mid_to_side_loudness": -40.28025817871094,
      "mid_to_side_loudness_range": 30.789487838745117,
      "side_mean": -69.97334289550781
    },
    {
      "loudness": -59.616695404052734,
      "loudness_range": 15.490005493164062,
      "low_freq": 12199.2666015625,
      "mid_mean": -55.832271575927734,
      "mid_to_side_loudness": -39.81922912597656,
      "mid_to_side_loudness_range": 26.8480224609375,
      "side_mean": -69.98253631591797
    }
  ],
  "bands_short": [
    {
      "high_freq": 148.1999969482422,
      "loudness": -33.85983657836914,
      "loudness_range": 23.155921936035156,
      "mid_mean": -30.2398738861084,
      "mid_to_side_loudness": -62.797203063964844,
      "mid_to_side_loudness_range": 37.11268615722656,
      "side_mean": -69.99993896484375
    },
    {
      "high_freq": 392.3793640136719,
      "loudness": -28.927148818969727,
      "loudness_range": 16.185836791992188,
      "low_freq": 148.1999969482422,
      "mid_mean": -25.269468307495117,
      "mid_to_side_loudness": -48.16752243041992,
      "mid_to_side_loudness_range": 39.782470703125,
      "side_mean": -69.9999008178711
    },
    {
      "high_freq": 794.6976318359375,
      "loudness": -30.296537399291992,
      "loudness_range": 22.728914260864258,
      "low_freq": 392.3793640136719,
      "mid_mean": -26.6624755859375,
      "mid_to_side_loudness": -50.831302642822266,
      "mid_to_side_loudness_range": 44.648155212402344,
      "side_mean": -69.99986267089844
    },
    {
      "high_freq": 1457.5709228515625,
      "loudness": -35.77812957763672,
      "loudness_range": 23.90884017944336,
      "low_freq": 794.6976318359375,
      "mid_mean": -32.150211334228516,
      "mid_to_side_loudness": -48.10792922973633,
      "mid_to_side_loudness_range": 35.76759338378906,
      "side_mean": -69.99952697753906
    },
    {
      "high_freq": 2549.74365234375,
      "loudness": -42.53902053833008,
      "loudness_range": 24.855966567993164,
      "low_freq": 1457.5709228515625,
      "mid_mean": -38.935447692871094,
      "mid_to_side_loudness": -44.38014221191406,
      "mid_to_side_loudness_range": 27.41475486755371,
      "side_mean": -69.99818420410156
    },
    {
      "high_freq": 4349.24462890625,
      "loudness": -47.4683837890625,
      "loudness_range": 22.802425384521484,
      "low_freq": 2549.74365234375,
      "mid_mean": -43.737308502197266,
      "mid_to_side_loudness": -42.1156120300293,
      "mid_to_side_loudness_range": 22.99695587158203,
      "side_mean": -69.99064636230469
    },
    {
      "high_freq": 7314.1640625,
      "loudness": -50.3003044128418,
      "loudness_range": 22.117115020751953,
      "low_freq": 4349.24462890625,
      "mid_mean": -46.88198471069336,
      "mid_to_side_loudness": -36.680686950683594,
      "mid_to_side_loudness_range": 30.282573699951172,
      "side_mean": -69.98687744140625
    },
    {
      "high_freq": 12199.2666015625,
      "loudness": -56.58679962158203,
      "loudness_range": 21.839710235595703,
      "low_freq": 7314.1640625,
      "mid_mean": -52.85029220581055,
      "mid_to_side_loudness": -33.85587692260742,
      "mid_to_side_loudness_range": 26.928916931152344,
      "side_mean": -69.97463989257812
    },
    {
      "loudness": -61.45899963378906,
      "loudness_range": 14.488521575927734,
      "low_freq": 12199.2666015625,
      "mid_mean": -57.52253723144531,
      "mid_to_side_loudness": -33.19661331176758,
      "mid_to_side_loudness_range": 22.054765701293945,
      "side_mean": -69.98252868652344
    }
  ],
  "bandwidth": 465.4522705078125,
  "channels": 2,
  "covariance": [
    [
      33.64500045776367,
      0.00017234646657016128,
      9.050206184387207,
      -0.0003977732849307358,
      8.004189491271973,
      -0.0006495906854979694,
      5.264761924743652,
      -0.0011301884660497308,
      4.307614326477051,
      -0.003453460056334734,
      3.93156099319458,
      -0.0037580535281449556,
      2.918339729309082,
      -0.0076296767219901085,
      3.9770491123199463,
      -0.015649758279323578,
      1.4154499769210815,
      -0.012095093727111816
    ],
    [
      0.00017234646657016128,
      5.125476150169561e-07,
      -4.907903985440498e-06,
      8.211916480149739e-08,
      -1.6691579730832018e-05,
      4.471063874689207e-08,
      -0.00017702378681860864,
      6.72355398023683e-08,
      1.6206202417379245e-05,
      3.1685371482126357e-07,
      0.00010275181557517499,
      2.452992760026973e-07,
      0.0001301897718803957,
      1.0640771961334394e-06,
      0.00014067284064367414,
      2.523215243854793e-06,
      0.00012917633284814656,
      2.4176556507882196e-06
    ],
    [
      9.050206184387207,
      -4.907903985440498e-06,
      22.714731216430664,
      0.0003558579774107784,
      12.482902526855469,
      -0.000262324494542554,
      10.741155624389648,
      -0.0014135034289211035,
      13.909097671508789,
      -0.004769755993038416,
      10.863367080688477,
      -0.012788244523108006,
      8.346612930297852,
      -0.02416207268834114,
      7.383084774017334,
      -0.03233083710074425,
      5.799304962158203,
      -0.021045254543423653
    ],
    [
      -0.0003977732849307358,
      8.211916480149739e-08,
      0.0003558579774107784,
      4.867291636401205e-07,
      -7.364742486970499e-06,
      1.9705348108800536e-07,
      0.00016842606419231743,
      1.822456994204913e-07,
      0.00046538677997887135,
      4.4550563416123623e-07,
      0.0007011485286056995,
      2.9035119197828863e-08,
      0.0007202458218671381,
      6.20755656655092e-07,
      0.0006383989239111543,
      1.5078577462190879e-06,
      0.0006500965682789683,
      1.0710722335716127e-06
    ],
    [
      8.004189491271973,
      -1.6691579730832018e-05,
      12.482902526855469,
      -7.364742486970499e-06,
      42.04774475097656,
      -0.0003624754026532173,
      26.09209442138672,
      -0.003201140556484461,
      31.421493530273438,
      -0.010871882550418377,
      18.109146118164062,
      -0.017493758350610733,
      10.786654472351074,
      -0.03108520247042179,
      5.569244861602783,
      -0.04908556491136551,
      3.8326592445373535,
      -0.04819442331790924
    ],
    [
      -0.0006495906854979694,
      4.471063874689207e-08,
      -0.000262324494542554,
      1.9705348108800536e-07,
      -0.0003624754026532173,
      3.5960863442596747e-07,
      -0.00044438024633564055,
      5.754838525717787e-07,
      -0.0005287122912704945,
      1.5277539660019102e-06,
      -0.00037554383743554354,
      2.0997699721192475e-06,
      -0.0003402352158445865,
      4.330459432821954e-06,
      -0.00028016293072141707,
      8.959272236097604e-06,
      -4.877919127466157e-05,
      6.560227575391764e-06
    ],
    [
      5.264761924743652,
      -0.00017702378681860864,
      10.741155624389648,
      0.00016842606419231743,
      26.09209442138672,
      -0.00044438024633564055,
      50.745662689208984,
      -0.003686409443616867,
      38.957481384277344,
      -0.01389316376298666,
      25.191129684448242,
      -0.02206854149699211,
      14.240925788879395,
      -0.04260630905628204,
      8.64936351776123,
      -0.0775880515575409,
      6.723596096038818,
      -0.07833626866340637
    ],
    [
      -0.0011301884660497308,
      6.72355398023683e-08,
      -0.0014135034289211035,
      1.822456994204913e-07,
      -0.003201140556484461,
      5.754838525717787e-07,
      -0.003686409443616867,
      3.2396094411524246e-06,
      -0.004620650317519903,
      9.833982403506525e-06,
      -0.003238481702283025,
      1.3430385479296092e-05,
      -0.0021383576095104218,
      2.2932474166736938e-05,
      -0.0014968402683734894,
      3.893696703016758e-05,
      -0.0009990117978304625,
      3.359675611136481e-05
    ],
    [
      4.307614326477051,
      1.6206202417379245e-05,
      13.909097671508789,
      0.00046538677997887135,
      31.421493530273438,
      -0.0005287122912704945,
      38.957481384277344,
      -0.004620650317519903,
      56.67351150512695,
      -0.01725277304649353,
      40.736663818359375,
      -0.02631504274904728,
      28.071495056152344,
      -0.05022875964641571,
      19.081003189086914,
      -0.08896657824516296,
      14.209673881530762,
      -0.07962217181921005
    ],
    [
      -0.003453460056334734,
      3.1685371482126357e-07,
      -0.004769755993038416,
      4.4550563416123623e-07,
      -0.010871882550418377,
      1.5277539660019102e-06,
      -0.01389316376298666,
      9.833982403506525e-06,
      -0.01725277304649353,
      3.8369253161363304e-05,
      -0.012362351641058922,
      5.532032810151577e-05,
      -0.00822421908378601,
      9.46455038501881e-05,
      -0.0055154357105493546,
      0.00015270257426891476,
      -0.0036238147877156734,
      0.0001315385161433369
    ],
    [
      3.93156099319458,
      0.00010275181557517499,
      10.863367080688477,
      0.0007011485286056995,
      18.109146118164062,
      -0.00037554383743554354,
      25.191129684448242,
      -0.003238481702283025,
      40.736663818359375,
      -0.012362351641058922,
      43.9165153503418,
      -0.022202258929610252,
      37.84177780151367,
      -0.04693979397416115,
      30.227880477905273,
      -0.07769834995269775,
      20.377439498901367,
      -0.062060970813035965
    ],
    [
      -0.0037580535281449556,
      2.452992760026973e-07,
      -0.012788244523108006,
      2.9035119197828863e-08,
      -0.017493758350610733,
      2.0997699721192475e-06,
      -0.02206854149699211,
      1.3430385479296092e-05,
      -0.02631504274904728,
      5.532032810151577e-05,
      -0.022202258929610252,
      0.012660345993936062,
      -0.01567939482629299,
      0.00653713196516037,
      -0.010930140502750874,
      0.004102760925889015,
      -0.010240760631859303,
      0.0006943932385183871
    ],
    [
      2.918339729309082,
      0.0001301897718803957,
      8.346612930297852,
      0.0007202458218671381,
      10.786654472351074,
      -0.0003402352158445865,
      14.240925788879395,
      -0.0021383576095104218,
      28.071495056152344,
      -0.00822421908378601,
      37.84177780151367,
      -0.01567939482629299,
      46.18041229248047,
      -0.03715568035840988,
      39.17499542236328,
      -0.05663488432765007,
      24.687976837158203,
      -0.03744111955165863
    ],
    [
      -0.0076296767219901085,
      1.0640771961334394e-06,
      -0.02416207268834114,
      6.20755656655092e-07,
      -0.03108520247042179,
      4.330459432821954e-06,
      -0.04260630905628204,
      2.2932474166736938e-05,
      -0.05022875964641571,
      9.46455038501881e-05,
      -0.04693979397416115,
      0.00653713196516037,
      -0.03715568035840988,
      0.005597940646111965,
      -0.029279958456754684,
      0.003183688037097454,
      -0.021179312840104103,
      0.000965404964517802
    ],
    [
      3.9770491123199463,
      0.00014067284064367414,
      7.383084774017334,
      0.0006383989239111543,
      5.569244861602783,
      -0.00028016293072141707,
      8.64936351776123,
      -0.0014968402683734894,
      19.081003189086914,
      -0.0055154357105493546,
      30.227880477905273,
      -0.010930140502750874,
      39.17499542236328,
      -0.029279958456754684,
      44.39733123779297,
      -0.04354806989431381,
      28.966779708862305,
      -0.021097365766763687
    ],
    [
      -0.015649758279323578,
      2.523215243854793e-06,
      -0.03233083710074425,
      1.5078577462190879e-06,
      -0.04908556491136551,
      8.959272236097604e-06,
      -0.0775880515575409,
      3.893696703016758e-05,
      -0.08896657824516296,
      0.00015270257426891476,
      -0.07769834995269775,
      0.004102760925889015,
      -0.05663488432765007,
      0.003183688037097454,
      -0.04354806989431381,
      0.003392597893252969,
      -0.031695421785116196,
      0.001385479117743671
    ],
    [
      1.4154499769210815,
      0.00012917633284814656,
      5.799304962158203,
      0.0006500965682789683,
      3.8326592445373535,
      -4.877919127466157e-05,
      6.723596096038818,
      -0.0009990117978304625,
      14.209673881530762,
      -0.0036238147877156734,
      20.377439498901367,
      -0.010240760631859303,
      24.687976837158203,
      -0.021179312840104103,
      28.966779708862305,
      -0.031695421785116196,
      21.73918914794922,
      -0.015819823369383812
    ],
    [
      -0.012095093727111816,
      2.4176556507882196e-06,
      -0.021045254543423653,
      1.0710722335716127e-06,
      -0.04819442331790924,
      6.560227575391764e-06,
      -0.07833626866340637,
      3.359675611136481e-05,
      -0.07962217181921005,
      0.0001315385161433369,
      -0.062060970813035965,
      0.0006943932385183871,
      -0.03744111955165863,
      0.000965404964517802,
      -0.021097365766763687,
      0.001385479117743671,
      -0.015819823369383812,
      0.001164507819339633
    ]
  ],
  "covariance_short": [
    [
      62.800472259521484,
      0.0004411173576954752,
      24.20440673828125,
      -0.0003648885467555374,
      14.899663925170898,
      -0.0007246363093145192,
      11.378615379333496,
      -0.002256895648315549,
      12.746685981750488,
      -0.005850126966834068,
      8.393593788146973,
      0.004077446181327105,
      6.346593379974365,
      -0.007957671768963337,
      4.507144451141357,
      -0.019423577934503555,
      2.183396816253662,
      -0.023104175925254822
    ],
    [
      0.0004411173576954752,
      2.4895766728150193e-06,
      0.00016954810416791588,
      6.047363285688334e-07,
      -1.4250697859097272e-05,
      1.1789623499680602e-07,
      -0.0001830610999604687,
      6.936237184618221e-08,
      -5.8925856137648225e-05,
      5.003901151212631e-07,
      -9.987026714952663e-05,
      6.999907782301307e-07,
      -0.00013080968346912414,
      1.9174367480445653e-06,
      -0.00012457967386581004,
      3.249935161875328e-06,
      -3.1649226002627984e-05,
      2.5465449198236456e-06
    ],
    [
      24.20440673828125,
      0.00016954810416791588,
      36.05952453613281,
      0.0006780746625736356,
      20.26138687133789,
      -0.00031745858723297715,
      17.29762077331543,
      -0.0020447990391403437,
      18.031532287597656,
      -0.005309493746608496,
      14.142194747924805,
      -0.01093883067369461,
      12.695877075195312,
      -0.024961410090327263,
      10.01739501953125,
      -0.042994674295186996,
      6.522918701171875,
      -0.029705418273806572
    ],
    [
      -0.0003648885467555374,
      6.047363285688334e-07,
      0.0006780746625736356,
      4.434307811607141e-06,
      0.00043260501115582883,
      1.5109833384485682e-06,
      0.00043811000068672,
      2.2534840127264033e-07,
      0.0007399389869533479,
      5.271977556731144e-07,
      0.0009594127186574042,
      4.6482611537612684e-07,
      0.001020084018819034,
      1.179030164166761e-06,
      0.0011839022627100348,
      2.36305572798301e-06,
      0.0012205848470330238,
      1.562250417919131e-06
    ],
    [
      14.899663925170898,
      -1.4250697859097272e-05,
      20.26138687133789,
      0.00043260501115582883,
      62.647796630859375,
      -2.9068149160593748e-05,
      35.96818161010742,
      -0.003559813369065523,
      39.52046585083008,
      -0.012125051580369473,
      22.339096069335938,
      -0.02526703290641308,
      11.928605079650879,
      -0.04141058772802353,
      6.804684638977051,
      -0.07081443071365356,
      4.029842376708984,
      -0.06368870288133621
    ],
    [
      -0.0007246363093145192,
      1.1789623499680602e-07,
      -0.00031745858723297715,
      1.5109833384485682e-06,
      -2.9068149160593748e-05,
      1.728265260680928e-06,
      -0.00023091453476808965,
      7.726646913397417e-07,
      -0.0004985085688531399,
      1.8397760186417145e-06,
      -0.00033488127519376576,
      3.23316385220096e-06,
      -0.000332949886796996,
      5.573987891693832e-06,
      -5.436846913653426e-05,
      1.0380967978562694e-05,
      0.0002593022945802659,
      7.404985808534548e-06
    ],
    [
      11.378615379333496,
      -0.0001830610999604687,
      17.29762077331543,
      0.00043811000068672,
      35.96818161010742,
      -0.00023091453476808965,
      65.91432189941406,
      -0.0036868981551378965,
      47.3317756652832,
      -0.014173674397170544,
      30.78838539123535,
      -0.029266048222780228,
      17.594181060791016,
      -0.04968304932117462,
      11.173759460449219,
      -0.09610176831483841,
      6.943323135375977,
      -0.08373425900936127
    ],
    [
      -0.002256895648315549,
      6.936237184618221e-08,
      -0.0020447990391403437,
      2.2534840127264033e-07,
      -0.003559813369065523,
      7.726646913397417e-07,
      -0.0036868981551378965,
      9.494193363934755e-06,
      -0.005157142877578735,
      2.7429128749645315e-05,
      -0.003785432782024145,
      4.119176810490899e-05,
      -0.0027398010715842247,
      5.522733408724889e-05,
      -0.0017993117216974497,
      7.128438301151618e-05,
      -0.0009003109880723059,
      6.572907295776531e-05
    ],
    [
      12.746685981750488,
      -5.8925856137648225e-05,
      18.031532287597656,
      0.0007399389869533479,
      39.52046585083008,
      -0.0004985085688531399,
      47.3317756652832,
      -0.005157142877578735,
      70.27149963378906,
      -0.018803875893354416,
      49.7589111328125,
      -0.027938805520534515,
      35.23990249633789,
      -0.054729342460632324,
      25.144149780273438,
      -0.10719452053308487,
      15.2597017288208,
      -0.09413964301347733
    ],
    [
      -0.005850126966834068,
      5.003901151212631e-07,
      -0.005309493746608496,
      5.271977556731144e-07,
      -0.012125051580369473,
      1.8397760186417145e-06,
      -0.014173674397170544,
      2.7429128749645315e-05,
      -0.018803875893354416,
      0.00013543292880058289,
      -0.013624556362628937,
      0.0001918641646625474,
      -0.00976380705833435,
      0.0002739520277827978,
      -0.005696613807231188,
      0.00029740575700998306,
      -0.0025793907698243856,
      0.0002431397879263386
    ],
    [
      8.393593788146973,
      -9.987026714952663e-05,
      14.142194747924805,
      0.0009594127186574042,
      22.339096069335938,
      -0.00033488127519376576,
      30.78838539123535,
      -0.003785432782024145,
      49.7589111328125,
      -0.013624556362628937,
      56.49365234375,
      -0.017771782353520393,
      51.336917877197266,
      -0.041659191250801086,
      40.884368896484375,
      -0.09065086394548416,
      23.809568405151367,
      -0.06958024203777313
    ],
    [
      0.004077446181327105,
      6.999907782301307e-07,
      -0.01093883067369461,
      4.6482611537612684e-07,
      -0.02526703290641308,
      3.23316385220096e-06,
      -0.029266048222780228,
      4.119176810490899e-05,
      -0.027938805520534515,
      0.0001918641646625474,
      -0.017771782353520393,
      0.02109978348016739,
      -0.002534186467528343,
      0.017178090289235115,
      0.011141694150865078,
      0.011551020666956902,
      0.01683127135038376,
      0.002897629514336586
    ],
    [
      6.346593379974365,
      -0.00013080968346912414,
      12.695877075195312,
      0.001020084018819034,
      11.928605079650879,
      -0.000332949886796996,
      17.594181060791016,
      -0.0027398010715842247,
      35.23990249633789,
      -0.00976380705833435,
      51.336917877197266,
      -0.002534186467528343,
      64.94611358642578,
      -0.02653731405735016,
      55.35009002685547,
      -0.07442542165517807,
      31.84600257873535,
      -0.04553632438182831
    ],
    [
      -0.007957671768963337,
      1.9174367480445653e-06,
      -0.024961410090327263,
      1.179030164166761e-06,
      -0.04141058772802353,
      5.573987891693832e-06,
      -0.04968304932117462,
      5.522733408724889e-05,
      -0.054729342460632324,
      0.0002739520277827978,
      -0.041659191250801086,
      0.017178090289235115,
      -0.02653731405735016,
      0.018873173743486404,
      -0.004862765781581402,
      0.011890438385307789,
      0.008435536175966263,
      0.003769973758608103
    ],
    [
      4.507144451141357,
      -0.00012457967386581004,
      10.01739501953125,
      0.0011839022627100348,
      6.804684638977051,
      -5.436846913653426e-05,
      11.173759460449219,
      -0.0017993117216974497,
      25.144149780273438,
      -0.005696613807231188,
      40.884368896484375,
      0.011141694150865078,
      55.35009002685547,
      -0.004862765781581402,
      56.81943130493164,
      -0.04718085005879402,
      35.57359313964844,
      -0.023205257952213287
    ],
    [
      -0.019423577934503555,
      3.249935161875328e-06,
      -0.042994674295186996,
      2.36305572798301e-06,
      -0.07081443071365356,
      1.0380967978562694e-05,
      -0.09610176831483841,
      7.128438301151618e-05,
      -0.10719452053308487,
      0.00029740575700998306,
      -0.09065086394548416,
      0.011551020666956902,
      -0.07442542165517807,
      0.011890438385307789,
      -0.04718085005879402,
      0.010976365767419338,
      -0.021957911550998688,
      0.0037019788287580013
    ],
    [
      2.183396816253662,
      -3.1649226002627984e-05,
      6.522918701171875,
      0.0012205848470330238,
      4.029842376708984,
      0.0002593022945802659,
      6.943323135375977,
      -0.0009003109880723059,
      15.2597017288208,
      -0.0025793907698243856,
      23.809568405151367,
      0.01683127135038376,
      31.84600257873535,
      0.008435536175966263,
      35.57359313964844,
      -0.021957911550998688,
      26.110816955566406,
      -0.010893263854086399
    ],
    [
      -0.023104175925254822,
      2.5465449198236456e-06,
      -0.029705418273806572,
      1.562250417919131e-06,
      -0.06368870288133621,
      7.404985808534548e-06,
      -0.08373425900936127,
      6.572907295776531e-05,
      -0.09413964301347733,
      0.0002431397879263386,
      -0.06958024203777313,
      0.002897629514336586,
      -0.04553632438182831,
      0.003769973758608103,
      -0.023205257952213287,
      0.0037019788287580013,
      -0.010893263854086399,
      0.002603743225336075
    ]
  ],
  "damage": -12.066719055175781,
  "diff_bandwidth": 482.6552429199219,
  "dissonance": 6.244996595635853,
  "drr": 3.257451057434082,
  "dynamics": 3.551462411880493,
  "format": 1245190,
  "frames": 12803008,
  "loudness": -18.69430160522461,
  "loudness_range": 8.964015007019043,
  "loudness_range_short": 14.20434284210205,
  "lowpass_true_peak_15khz": -0.43303272128105164,
  "mastering3_acoustic_entropies": [
    {
      "acoustic_entropy": 7.916073799133301,
      "acoustic_entropy_mono": 7.916073799133301,
      "band_eliminated_acoustic_entropies": [
        {
          "acoustic_entropy": 7.833379745483398,
          "acoustic_entropy_side": 7.916073799133301,
          "hz": 129.47220167065723
        },
        {
          "acoustic_entropy": 7.16786003112793,
          "acoustic_entropy_side": 7.916073799133301,
          "hz": 202.92927478742237
        },
        {
          "acoustic_entropy": 8.113275527954102,
          "acoustic_entropy_side": 7.916073799133301,
          "hz": 282.89161906338205
        },
        {
          "acoustic_entropy": 8.41035270690918,
          "acoustic_entropy_side": 7.916073799133301,
          "hz": 369.9353335868758
        },
        {
          "acoustic_entropy": 8.422273635864258,
          "acoustic_entropy_side": 7.916073799133301,
          "hz": 464.6875360973435
        },
        {
          "acoustic_entropy": 8.412361145019531,
          "acoustic_entropy_side": 7.916073799133301,
          "hz": 567.8308811364784
        },
        {
          "acoustic_entropy": 7.856618404388428,
          "acoustic_entropy_side": 7.916073799133301,
          "hz": 680.1084783214808
        },
        {
          "acoustic_entropy": 8.109393119812012,
          "acoustic_entropy_side": 7.916073799133301,
          "hz": 802.3292461747484
        },
        {
          "acoustic_entropy": 8.006636619567871,
          "acoustic_entropy_side": 7.916073799133301,
          "hz": 935.3737400823702
        },
        {
          "acoustic_entropy": 7.773191928863525,
          "acoustic_entropy_side": 7.916073799133301,
          "hz": 1080.2004963696966
        },
        {
          "acoustic_entropy": 8.494633674621582,
          "acoustic_entropy_side": 7.916073799133301,
          "hz": 1237.8529382007157
        },
        {
          "acoustic_entropy": 8.05477237701416,
          "acoustic_entropy_side": 7.916073799133301,
          "hz": 1409.4668930556702
        },
        {
          "acoustic_entropy": 8.136676788330078,
          "acoustic_entropy_side": 7.916073799133301,
          "hz": 1596.2787759475705
        },
        {
          "acoustic_entropy": 7.906028747558594,
          "acoustic_entropy_side": 7.916073799133301,
          "hz": 1799.6344973346393
        },
        {
          "acoustic_entropy": 7.799421787261963,
          "acoustic_entropy_side": 7.916073799133301,
          "hz": 2020.9991599069049
        },
        {
          "acoustic_entropy": 7.777673721313477,
          "acoustic_entropy_side": 7.916073799133301,
          "hz": 2261.9676141086993
        },
        {
          "acoustic_entropy": 7.813514709472656,
          "acoustic_entropy_side": 7.916073799133301,
          "hz": 2524.2759484456974
        },
        {
          "acoustic_entropy": 7.824859619140625,
          "acoustic_entropy_side": 7.916073799133301,
          "hz": 2809.813997359896
        },
        {
          "acoustic_entropy": 7.797451019287109,
          "acoustic_entropy_side": 7.916073799133301,
          "hz": 3120.6389567871424
        },
        {
          "acoustic_entropy": 7.816336154937744,
          "acoustic_entropy_side": 7.916073799133301,
          "hz": 3458.990205492291
        },
        {
          "acoustic_entropy": 7.850472450256348,
          "acoustic_entropy_side": 7.916073799133301,
          "hz": 3827.305438964164
        },
        {
          "acoustic_entropy": 7.857492923736572,
          "acoustic_entropy_side": 7.916073799133301,
          "hz": 4228.238232109126
        },
        {
          "acoustic_entropy": 7.862656116485596,
          "acoustic_entropy_side": 7.916073799133301,
          "hz": 4664.6771572759235
        },
        {
          "acoustic_entropy": 7.861269950866699,
          "acoustic_entropy_side": 7.916073799133301,
          "hz": 5139.766595350093
        },
        {
          "acoustic_entropy": 7.8774027824401855,
          "acoustic_entropy_side": 7.916073799133301,
          "hz": 5656.929389854203
        },
        {
          "acoustic_entropy": 7.895463943481445,
          "acoustic_entropy_side": 7.916073799133301,
          "hz": 6219.891507268283
        },
        {
          "acoustic_entropy": 7.900489807128906,
          "acoustic_entropy_side": 7.916073799133301,
          "hz": 6832.70888123896
        },
        {
          "acoustic_entropy": 7.901130676269531,
          "acoustic_entropy_side": 7.916073799133301,
          "hz": 7499.796634079867
        },
        {
          "acoustic_entropy": 7.907683849334717,
          "acoustic_entropy_side": 7.916073799133301,
          "hz": 8225.96088609342
        },
        {
          "acoustic_entropy": 7.911093235015869,
          "acoustic_entropy_side": 7.916073799133301,
          "hz": 9016.43338188839
        },
        {
          "acoustic_entropy": 7.9131388664245605,
          "acoustic_entropy_side": 7.916073799133301,
          "hz": 9876.909183162974
        },
        {
          "acoustic_entropy": 7.913967132568359,
          "acoustic_entropy_side": 7.916073799133301,
          "hz": 10813.587699516042
        },
        {
          "acoustic_entropy": 7.914101600646973,
          "acoustic_entropy_side": 7.916073799133301,
          "hz": 11833.21735289826
        },
        {
          "acoustic_entropy": 7.9137959480285645,
          "acoustic_entropy_side": 7.916073799133301,
          "hz": 12943.144197493959
        },
        {
          "acoustic_entropy": 7.915304660797119,
          "acoustic_entropy_side": 7.916073799133301,
          "hz": 14151.364845322005
        },
        {
          "acoustic_entropy": 7.915983200073242,
          "acoustic_entropy_side": 7.916073799133301,
          "hz": 15466.58407886509
        },
        {
          "acoustic_entropy": 7.916067123413086,
          "acoustic_entropy_side": 7.916073799133301,
          "hz": 16898.27756580493
        },
        {
          "acoustic_entropy": 7.916074275970459,
          "acoustic_entropy_side": 7.916073799133301,
          "hz": 18456.760127700032
        },
        {
          "acoustic_entropy": 7.916073322296143,
          "acoustic_entropy_side": 7.916073799133301,
          "hz": 20153.260054456492
        },
        {
          "acoustic_entropy": 7.916072845458984,
          "acoustic_entropy_side": 7.916073799133301,
          "hz": 22000.00000000001
        }
      ],
      "diff_acoustic_entropy": 7.112218379974365,
      "sn": 6
    },
    {
      "acoustic_entropy": 10.433188438415527,
      "acoustic_entropy_mono": 10.433188438415527,
      "band_eliminated_acoustic_entropies": [
        {
          "acoustic_entropy": 10.4597806930542,
          "acoustic_entropy_side": 10.433188438415527,
          "hz": 129.47220167065723
        },
        {
          "acoustic_entropy": 10.474776268005371,
          "acoustic_entropy_side": 10.433188438415527,
          "hz": 202.92927478742237
        },
        {
          "acoustic_entropy": 11.09292984008789,
          "acoustic_entropy_side": 10.433188438415527,
          "hz": 282.89161906338205
        },
        {
          "acoustic_entropy": 10.976895332336426,
          "acoustic_entropy_side": 10.433188438415527,
          "hz": 369.9353335868758
        },
        {
          "acoustic_entropy": 10.924860954284668,
          "acoustic_entropy_side": 10.433188438415527,
          "hz": 464.6875360973435
        },
        {
          "acoustic_entropy": 10.875144958496094,
          "acoustic_entropy_side": 10.433188438415527,
          "hz": 567.8308811364784
        },
        {
          "acoustic_entropy": 10.342121124267578,
          "acoustic_entropy_side": 10.433188438415527,
          "hz": 680.1084783214808
        },
        {
          "acoustic_entropy": 11.083680152893066,
          "acoustic_entropy_side": 10.433188438415527,
          "hz": 802.3292461747484
        },
        {
          "acoustic_entropy": 10.62047004699707,
          "acoustic_entropy_side": 10.433188438415527,
          "hz": 935.3737400823702
        },
        {
          "acoustic_entropy": 11.334918022155762,
          "acoustic_entropy_side": 10.433188438415527,
          "hz": 1080.2004963696966
        },
        {
          "acoustic_entropy": 10.523808479309082,
          "acoustic_entropy_side": 10.433188438415527,
          "hz": 1237.8529382007157
        },
        {
          "acoustic_entropy": 10.732796669006348,
          "acoustic_entropy_side": 10.433188438415527,
          "hz": 1409.4668930556702
        },
        {
          "acoustic_entropy": 9.984452247619629,
          "acoustic_entropy_side": 10.433188438415527,
          "hz": 1596.2787759475705
        },
        {
          "acoustic_entropy": 10.41784381866455,
          "acoustic_entropy_side": 10.433188438415527,
          "hz": 1799.6344973346393
        },
        {
          "acoustic_entropy": 10.11223030090332,
          "acoustic_entropy_side": 10.433188438415527,
          "hz": 2020.9991599069049
        },
        {
          "acoustic_entropy": 10.224947929382324,
          "acoustic_entropy_side": 10.433188438415527,
          "hz": 2261.9676141086993
        },
        {
          "acoustic_entropy": 10.319877624511719,
          "acoustic_entropy_side": 10.433188438415527,
          "hz": 2524.2759484456974
        },
        {
          "acoustic_entropy": 10.34253215789795,
          "acoustic_entropy_side": 10.433188438415527,
          "hz": 2809.813997359896
        },
        {
          "acoustic_entropy": 10.344195365905762,
          "acoustic_entropy_side": 10.433188438415527,
          "hz": 3120.6389567871424
        },
        {
          "acoustic_entropy": 10.417648315429688,
          "acoustic_entropy_side": 10.433188438415527,
          "hz": 3458.990205492291
        },
        {
          "acoustic_entropy": 10.408607482910156,
          "acoustic_entropy_side": 10.433188438415527,
          "hz": 3827.305438964164
        },
        {
          "acoustic_entropy": 10.373709678649902,
          "acoustic_entropy_side": 10.433188438415527,
          "hz": 4228.238232109126
        },
        {
          "acoustic_entropy": 10.371526718139648,
          "acoustic_entropy_side": 10.433188438415527,
          "hz": 4664.6771572759235
        },
        {
          "acoustic_entropy": 10.301457405090332,
          "acoustic_entropy_side": 10.433188438415527,
          "hz": 5139.766595350093
        },
        {
          "acoustic_entropy": 10.309074401855469,
          "acoustic_entropy_side": 10.433188438415527,
          "hz": 5656.929389854203
        },
        {
          "acoustic_entropy": 10.351581573486328,
          "acoustic_entropy_side": 10.433188438415527,
          "hz": 6219.891507268283
        },
        {
          "acoustic_entropy": 10.337157249450684,
          "acoustic_entropy_side": 10.433188438415527,
          "hz": 6832.70888123896
        },
        {
          "acoustic_entropy": 10.340620994567871,
          "acoustic_entropy_side": 10.433188438415527,
          "hz": 7499.796634079867
        },
        {
          "acoustic_entropy": 10.382270812988281,
          "acoustic_entropy_side": 10.433188438415527,
          "hz": 8225.96088609342
        },
        {
          "acoustic_entropy": 10.405318260192871,
          "acoustic_entropy_side": 10.433188438415527,
          "hz": 9016.43338188839
        },
        {
          "acoustic_entropy": 10.412455558776855,
          "acoustic_entropy_side": 10.433188438415527,
          "hz": 9876.909183162974
        },
        {
          "acoustic_entropy": 10.421313285827637,
          "acoustic_entropy_side": 10.433188438415527,
          "hz": 10813.587699516042
        },
        {
          "acoustic_entropy": 10.420853614807129,
          "acoustic_entropy_side": 10.433188438415527,
          "hz": 11833.21735289826
        },
        {
          "acoustic_entropy": 10.419377326965332,
          "acoustic_entropy_side": 10.433188438415527,
          "hz": 12943.144197493959
        },
        {
          "acoustic_entropy": 10.427014350891113,
          "acoustic_entropy_side": 10.433188438415527,
          "hz": 14151.364845322005
        },
        {
          "acoustic_entropy": 10.43334674835205,
          "acoustic_entropy_side": 10.433188438415527,
          "hz": 15466.58407886509
        },
        {
          "acoustic_entropy": 10.434019088745117,
          "acoustic_entropy_side": 10.433188438415527,
          "hz": 16898.27756580493
        },
        {
          "acoustic_entropy": 10.433540344238281,
          "acoustic_entropy_side": 10.433188438415527,
          "hz": 18456.760127700032
        },
        {
          "acoustic_entropy": 10.433220863342285,
          "acoustic_entropy_side": 10.433188438415527,
          "hz": 20153.260054456492
        },
        {
          "acoustic_entropy": 10.43319034576416,
          "acoustic_entropy_side": 10.433188438415527,
          "hz": 22000.00000000001
        }
      ],
      "diff_acoustic_entropy": 10.80282974243164,
      "sn": 12
    },
    {
      "acoustic_entropy": 14.296431541442871,
      "acoustic_entropy_mono": 14.296431541442871,
      "band_eliminated_acoustic_entropies": [
        {
          "acoustic_entropy": 13.790922164916992,
          "acoustic_entropy_side": 14.296431541442871,
          "hz": 129.47220167065723
        },
        {
          "acoustic_entropy": 15.022381782531738,
          "acoustic_entropy_side": 14.296431541442871,
          "hz": 202.92927478742237
        },
        {
          "acoustic_entropy": 14.291312217712402,
          "acoustic_entropy_side": 14.296431541442871,
          "hz": 282.89161906338205
        },
        {
          "acoustic_entropy": 14.582721710205078,
          "acoustic_entropy_side": 14.296431541442871,
          "hz": 369.9353335868758
        },
        {
          "acoustic_entropy": 15.197671890258789,
          "acoustic_entropy_side": 14.296431541442871,
          "hz": 464.6875360973435
        },
        {
          "acoustic_entropy": 15.711874961853027,
          "acoustic_entropy_side": 14.296431541442871,
          "hz": 567.8308811364784
        },
        {
          "acoustic_entropy": 14.525968551635742,
          "acoustic_entropy_side": 14.296431541442871,
          "hz": 680.1084783214808
        },
        {
          "acoustic_entropy": 14.835235595703125,
