{
  "acoustic_entropy": 196.2944793701172,
  "bands": [
    {
      "high_freq": 148.1999969482422,
      "loudness": -20.440595626831055,
      "loudness_range": 17.027080535888672,
      "mid_mean": -17.864110946655273,
      "mid_to_side_loudness": -12.318567276000977,
      "mid_to_side_loudness_range": 30.678808212280273,
      "side_mean": -29.2271728515625
    },
    {
      "high_freq": 392.3793640136719,
      "loudness": -16.894046783447266,
      "loudness_range": 9.278753280639648,
      "low_freq": 148.1999969482422,
      "mid_mean": -15.204814910888672,
      "mid_to_side_loudness": -5.418308734893799,
      "mid_to_side_loudness_range": 22.176698684692383,
      "side_mean": -19.762432098388672
    },
    {
      "high_freq": 794.6976318359375,
      "loudness": -20.830957412719727,
      "loudness_range": 9.124512672424316,
      "low_freq": 392.3793640136719,
      "mid_mean": -18.857666015625,
      "mid_to_side_loudness": -5.25328254699707,
      "mid_to_side_loudness_range": 16.14301872253418,
      "side_mean": -23.198205947875977
    },
    {
      "high_freq": 1457.5709228515625,
      "loudness": -26.158781051635742,
      "loudness_range": 14.433000564575195,
      "low_freq": 794.6976318359375,
      "mid_mean": -23.53411865234375,
      "mid_to_side_loudness": -7.36899471282959,
      "mid_to_side_loudness_range": 12.529312133789062,
      "side_mean": -30.439666748046875
    },
    {
      "high_freq": 2549.74365234375,
      "loudness": -26.60847282409668,
      "loudness_range": 14.887313842773438,
      "low_freq": 1457.5709228515625,
      "mid_mean": -23.530799865722656,
      "mid_to_side_loudness": -9.63430404663086,
      "mid_to_side_loudness_range": 10.927279472351074,
      "side_mean": -33.10226821899414
    },
    {
      "high_freq": 4349.24462890625,
      "loudness": -28.184022903442383,
      "loudness_range": 10.593544006347656,
      "low_freq": 2549.74365234375,
      "mid_mean": -24.971132278442383,
      "mid_to_side_loudness": -10.173733711242676,
      "mid_to_side_loudness_range": 7.968811511993408,
      "side_mean": -35.12262725830078
    },
    {
      "high_freq": 7314.1640625,
      "loudness": -27.252668380737305,
      "loudness_range": 8.63496208190918,
      "low_freq": 4349.24462890625,
      "mid_mean": -24.003028869628906,
      "mid_to_side_loudness": -10.239129066467285,
      "mid_to_side_loudness_range": 6.140505313873291,
      "side_mean": -34.38557434082031
    },
    {
      "high_freq": 12199.2666015625,
      "loudness": -28.205827713012695,
      "loudness_range": 7.732032775878906,
      "low_freq": 7314.1640625,
      "mid_mean": -24.991151809692383,
      "mid_to_side_loudness": -9.80428695678711,
      "mid_to_side_loudness_range": 4.179507255554199,
      "side_mean": -35.057621002197266
    },
    {
      "loudness": -32.817474365234375,
      "loudness_range": 8.835988998413086,
      "low_freq": 12199.2666015625,
      "mid_mean": -29.564537048339844,
      "mid_to_side_loudness": -9.46024227142334,
      "mid_to_side_loudness_range": 6.381028652191162,
      "side_mean": -40.0571403503418
    }
  ],
  "bands_short": [
    {
      "high_freq": 148.1999969482422,
      "loudness": -28.19562339782715,
      "loudness_range": 30.58376693725586,
      "mid_mean": -27.215290069580078,
      "mid_to_side_loudness": -6.489223003387451,
      "mid_to_side_loudness_range": 33.26162338256836,
      "side_mean": -34.26441955566406
    },
    {
      "high_freq": 392.3793640136719,
      "loudness": -17.190635681152344,
      "loudness_range": 13.159353256225586,
      "low_freq": 148.1999969482422,
      "mid_mean": -15.750164031982422,
      "mid_to_side_loudness": -4.615331172943115,
      "mid_to_side_loudness_range": 19.939870834350586,
      "side_mean": -19.956424713134766
    },
    {
      "high_freq": 794.6976318359375,
      "loudness": -21.145780563354492,
      "loudness_range": 11.443079948425293,
      "low_freq": 392.3793640136719,
      "mid_mean": -19.510478973388672,
      "mid_to_side_loudness": -4.655828952789307,
      "mid_to_side_loudness_range": 16.86867904663086,
      "side_mean": -23.465450286865234
    },
    {
      "high_freq": 1457.5709228515625,
      "loudness": -26.94525146484375,
      "loudness_range": 17.62871551513672,
      "low_freq": 794.6976318359375,
      "mid_mean": -24.55402946472168,
      "mid_to_side_loudness": -6.898345947265625,
      "mid_to_side_loudness_range": 14.7821044921875,
      "side_mean": -31.013629913330078
    },
    {
      "high_freq": 2549.74365234375,
      "loudness": -28.2376766204834,
      "loudness_range": 20.191434860229492,
      "low_freq": 1457.5709228515625,
      "mid_mean": -25.318763732910156,
      "mid_to_side_loudness": -9.148836135864258,
      "mid_to_side_loudness_range": 13.346824645996094,
      "side_mean": -34.3715934753418
    },
    {
      "high_freq": 4349.24462890625,
      "loudness": -29.536483764648438,
      "loudness_range": 16.027090072631836,
      "low_freq": 2549.74365234375,
      "mid_mean": -26.44176483154297,
      "mid_to_side_loudness": -9.897577285766602,
      "mid_to_side_loudness_range": 11.204400062561035,
      "side_mean": -36.24321746826172
    },
    {
      "high_freq": 7314.1640625,
      "loudness": -29.173309326171875,
      "loudness_range": 17.12923240661621,
      "low_freq": 4349.24462890625,
      "mid_mean": -26.028230667114258,
      "mid_to_side_loudness": -10.08449649810791,
      "mid_to_side_loudness_range": 11.032191276550293,
      "side_mean": -36.29451370239258
    },
    {
      "high_freq": 12199.2666015625,
      "loudness": -30.576730728149414,
      "loudness_range": 18.287609100341797,
      "low_freq": 7314.1640625,
      "mid_mean": -27.451025009155273,
      "mid_to_side_loudness": -9.837109565734863,
      "mid_to_side_loudness_range": 10.445456504821777,
      "side_mean": -37.597694396972656
    },
    {
      "loudness": -36.524169921875,
      "loudness_range": 22.58563804626465,
      "low_freq": 12199.2666015625,
      "mid_mean": -33.36101531982422,
      "mid_to_side_loudness": -9.093873023986816,
      "mid_to_side_loudness_range": 9.27798843383789,
      "side_mean": -43.80034637451172
    }
  ],
  "bandwidth": 465.7860412597656,
  "channels": 2,
  "covariance": [
    [
      50.72835159301758,
      15.306854248046875,
      8.238500595092773,
      4.481774806976318,
      7.087038516998291,
      3.2850074768066406,
      8.771174430847168,
      5.774000644683838,
      10.249459266662598,
      7.929252624511719,
      7.165750503540039,
      7.226053237915039,
      3.485731363296509,
      5.815392017364502,
      4.256431579589844,
      5.911979675292969,
      0.6845171451568604,
      5.838405609130859
    ],
    [
      15.306854248046875,
      98.5526123046875,
      -2.377880811691284,
      39.82243728637695,
      16.72069549560547,
      38.531005859375,
      18.34748649597168,
      34.7222900390625,
      13.703596115112305,
      22.024707794189453,
      2.690991163253784,
      9.320672988891602,
      -3.3293259143829346,
      2.6511917114257812,
      3.4781546592712402,
      4.6404709815979,
      -7.889462471008301,
      -11.818522453308105
    ],
    [
      8.238500595092773,
      -2.377880811691284,
      18.737836837768555,
      5.622607707977295,
      8.367632865905762,
      1.5015201568603516,
      7.84669828414917,
      1.4968442916870117,
      9.92424201965332,
      3.500248432159424,
      9.145882606506348,
      4.796350955963135,
      8.533899307250977,
      6.043010234832764,
      5.278140544891357,
      5.898165702819824,
      4.131697654724121,
      5.487423896789551
    ],
    [
      4.481774806976318,
      39.82243728637695,
      5.622607707977295,
      49.96109390258789,
      14.493544578552246,
      40.42404556274414,
      12.91496467590332,
      26.615249633789062,
      7.066073417663574,
      9.596648216247559,
      -1.5090991258621216,
      1.0944530963897705,
      -4.18602991104126,
      1.224404215812683,
      0.01457451842725277,
      3.372769355773926,
      -6.843347549438477,
      -11.306342124938965
    ],
    [
      7.087038516998291,
      16.72069549560547,
      8.367632865905762,
      14.493544578552246,
      16.943145751953125,
      15.351072311401367,
      14.850567817687988,
      14.502734184265137,
      12.102818489074707,
      11.003973960876465,
      6.842408657073975,
      7.108921527862549,
      3.54762864112854,
      5.5445027351379395,
      5.5855207443237305,
      6.195354461669922,
      1.2531483173370361,
      0.13198134303092957
    ],
    [
      3.2850074768066406,
      38.531005859375,
      1.5015201568603516,
      40.42404556274414,
      15.351072311401367,
      44.42730712890625,
      13.989869117736816,
      28.511512756347656,
      5.863011360168457,
      9.755516052246094,
      -2.511509418487549,
      0.9147875308990479,
      -5.941131591796875,
      -0.4367672801017761,
      -0.578697144985199,
      2.0228965282440186,
      -7.369014263153076,
      -12.916105270385742
    ],
    [
      8.771174430847168,
      18.34748649597168,
      7.84669828414917,
      12.91496467590332,
      14.850567817687988,
      13.989869117736816,
      28.86870002746582,
      19.683055877685547,
      21.868249893188477,
      18.131267547607422,
      12.235623359680176,
      12.311385154724121,
      5.833428859710693,
      8.134581565856934,
      6.604345798492432,
      7.556824684143066,
      1.8299322128295898,
      3.2812328338623047
    ],
    [
      5.774000644683838,
      34.7222900390625,
      1.4968442916870117,
      26.615249633789062,
      14.502734184265137,
      28.511512756347656,
      19.683055877685547,
      29.936994552612305,
      12.047072410583496,
      16.493745803833008,
      3.3874053955078125,
      7.690301418304443,
      -0.4401355981826782,
      3.862712860107422,
      3.6534712314605713,
      5.211049556732178,
      -2.7397615909576416,
      -4.728394508361816
    ],
    [
      10.249459266662598,
      13.703596115112305,
      9.92424201965332,
      7.066073417663574,
      12.102818489074707,
      5.863011360168457,
      21.868249893188477,
      12.047072410583496,
      31.930147171020508,
      21.243799209594727,
      20.961339950561523,
      16.591012954711914,
      10.699457168579102,
      11.396194458007812,
      8.45493221282959,
      8.684895515441895,
      3.0328335762023926,
      8.00825309753418
    ],
    [
      7.929252624511719,
      22.024707794189453,
      3.500248432159424,
      9.596648216247559,
      11.003973960876465,
      9.755516052246094,
      18.131267547607422,
      16.493745803833008,
      21.243799209594727,
      23.688888549804688,
      11.964847564697266,
      14.75682258605957,
      5.92197847366333,
      8.830681800842285,
      7.159317970275879,
      7.4589338302612305,
      2.6529486179351807,
      4.670515060424805
    ],
    [
      7.165750503540039,
      2.690991163253784,
      9.145882606506348,
      -1.5090991258621216,
      6.842408657073975,
      -2.511509418487549,
      12.235623359680176,
      3.3874053955078125,
      20.961339950561523,
      11.964847564697266,
      21.842041015625,
      15.782877922058105,
      13.778998374938965,
      11.843289375305176,
      9.49182415008545,
      9.076966285705566,
      5.099575996398926,
      11.375635147094727
    ],
    [
      7.226053237915039,
      9.320672988891602,
      4.796350955963135,
      1.0944530963897705,
      7.108921527862549,
      0.9147875308990479,
      12.311385154724121,
      7.690301418304443,
      16.591012954711914,
      14.75682258605957,
      15.782877922058105,
      17.632795333862305,
      10.325552940368652,
      11.30750846862793,
      8.827629089355469,
      9.275110244750977,
      5.191606521606445,
      9.625086784362793
    ],
    [
      3.485731363296509,
      -3.3293259143829346,
      8.533899307250977,
      -4.18602991104126,
      3.54762864112854,
      -5.941131591796875,
      5.833428859710693,
      -0.4401355981826782,
      10.699457168579102,
      5.92197847366333,
      13.778998374938965,
      10.325552940368652,
      18.190555572509766,
      12.98327350616455,
      13.037581443786621,
      11.317610740661621,
      9.008291244506836,
      13.501492500305176
    ],
    [
      5.815392017364502,
      2.6511917114257812,
      6.043010234832764,
      1.224404215812683,
      5.5445027351379395,
      -0.4367672801017761,
      8.134581565856934,
      3.862712860107422,
      11.396194458007812,
      8.830681800842285,
      11.843289375305176,
      11.30750846862793,
      12.98327350616455,
      15.075801849365234,
      11.220586776733398,
      11.209415435791016,
      7.127080917358398,
      10.75320816040039
    ],
    [
      4.256431579589844,
      3.4781546592712402,
      5.278140544891357,
      0.01457451842725277,
      5.5855207443237305,
      -0.578697144985199,
      6.604345798492432,
      3.6534712314605713,
      8.45493221282959,
      7.159317970275879,
      9.49182415008545,
      8.827629089355469,
      13.037581443786621,
      11.220586776733398,
      16.6741886138916,
      14.015963554382324,
      8.881498336791992,
      11.720344543457031
    ],
    [
      5.911979675292969,
      4.6404709815979,
      5.898165702819824,
      3.372769355773926,
      6.195354461669922,
      2.0228965282440186,
      7.556824684143066,
      5.211049556732178,
      8.684895515441895,
      7.4589338302612305,
      9.076966285705566,
      9.275110244750977,
      11.317610740661621,
      11.209415435791016,
      14.015963554382324,
      16.08633041381836,
      7.650012969970703,
      11.658963203430176
    ],
    [
      0.6845171451568604,
      -7.889462471008301,
      4.131697654724121,
      -6.843347549438477,
      1.2531483173370361,
      -7.369014263153076,
      1.8299322128295898,
      -2.7397615909576416,
      3.0328335762023926,
      2.6529486179351807,
      5.099575996398926,
      5.191606521606445,
      9.008291244506836,
      7.127080917358398,
      8.881498336791992,
      7.650012969970703,
      15.38587474822998,
      14.29016399383545
    ],
    [
      5.838405609130859,
      -11.818522453308105,
      5.487423896789551,
      -11.306342124938965,
      0.13198134303092957,
      -12.916105270385742,
      3.2812328338623047,
      -4.728394508361816,
      8.00825309753418,
      4.670515060424805,
      11.375635147094727,
      9.625086784362793,
      13.501492500305176,
      10.75320816040039,
      11.720344543457031,
      11.658963203430176,
      14.29016399383545,
      26.2007999420166
    ]
  ],
  "covariance_short": [
    [
      112.08902740478516,
      45.47862243652344,
      23.777372360229492,
      2.396307945251465,
      9.782853126525879,
      1.9878219366073608,
      11.559552192687988,
      9.520565032958984,
      12.729101181030273,
      12.83564567565918,
      8.423871994018555,
      9.137948989868164,
      3.44865345954895,
      5.691522121429443,
      4.564645767211914,
      5.856522083282471,
      3.3448257446289062,
      6.259249210357666
    ],
    [
      45.47862243652344,
      143.42001342773438,
      3.910372734069824,
      32.28500747680664,
      17.60287094116211,
      32.46417999267578,
      21.88035774230957,
      41.35744857788086,
      19.808876037597656,
      35.26948547363281,
      7.045671463012695,
      18.486757278442383,
      2.859833002090454,
      8.843167304992676,
      8.458908081054688,
      7.4542670249938965,
      -1.3133939504623413,
      -6.389554500579834
    ],
    [
      23.777372360229492,
      3.910372734069824,
      35.15089797973633,
      11.169682502746582,
      14.228571891784668,
      7.133977890014648,
      12.859514236450195,
      6.593967914581299,
      13.204156875610352,
      5.805545806884766,
      11.90355110168457,
      6.501429557800293,
      10.036543846130371,
      8.536596298217773,
      7.664830207824707,
      9.194392204284668,
      7.344264984130859,
      10.719869613647461
    ],
    [
      2.396307945251465,
      32.28500747680664,
      11.169682502746582,
      50.82761764526367,
      16.065200805664062,
      35.65249252319336,
      13.378710746765137,
      27.046194076538086,
      6.216498374938965,
      10.698383331298828,
      1.0250197649002075,
      6.375087261199951,
      -1.2741166353225708,
      5.738435745239258,
      0.12868362665176392,
      5.744980812072754,
      -3.7074968814849854,
      -5.021568298339844
    ],
    [
      9.782853126525879,
      17.60287094116211,
      14.228571891784668,
      16.065200805664062,
      28.113651275634766,
      18.606531143188477,
      20.060705184936523,
      19.944299697875977,
      16.59407615661621,
      14.529065132141113,
      11.355490684509277,
      11.437193870544434,
      7.5529069900512695,
      9.341296195983887,
      7.8212409019470215,
      9.151762962341309,
      5.463047981262207,
      4.536440849304199
    ],
    [
      1.9878219366073608,
      32.46417999267578,
      7.133977890014648,
      35.65249252319336,
      18.606531143188477,
      47.96440887451172,
      16.84747314453125,
      32.324668884277344,
      6.128162384033203,
      12.745837211608887,
      0.7653475403785706,
      7.912895202636719,
      -2.266740083694458,
      4.962313652038574,
      0.32541385293006897,
      4.919110298156738,
      -3.7067041397094727,
      -7.646371841430664
    ],
    [
      11.559552192687988,
      21.88035774230957,
      12.859514236450195,
      13.378710746765137,
      20.060705184936523,
      16.84747314453125,
      40.81118392944336,
      27.856876373291016,
      30.62100601196289,
      26.07649040222168,
      19.541397094726562,
      19.601926803588867,
      11.892324447631836,
      14.310591697692871,
      10.19453239440918,
      11.801955223083496,
      7.829740524291992,
      9.904329299926758
    ],
    [
      9.520565032958984,
      41.35744857788086,
      6.593967914581299,
      27.046194076538086,
      19.944299697875977,
      32.324668884277344,
      27.856876373291016,
      43.27397537231445,
      17.712879180908203,
      26.557777404785156,
      8.995392799377441,
      17.88968849182129,
      4.765304088592529,
      12.120604515075684,
      6.769660472869873,
      11.08164119720459,
      2.3095126152038574,
      0.702787458896637
    ],
    [
      12.729101181030273,
      19.808876037597656,
      13.204156875610352,
      6.216498374938965,
      16.59407615661621,
      6.128162384033203,
      30.62100601196289,
      17.712879180908203,
      50.970176696777344,
      34.331565856933594,
      33.242034912109375,
      26.16335105895996,
      20.878393173217773,
      20.11018180847168,
      15.968125343322754,
      15.335505485534668,
      12.643902778625488,
      18.782140731811523
    ],
    [
      12.83564567565918,
      35.26948547363281,
      5.805545806884766,
      10.698383331298828,
      14.529065132141113,
      12.745837211608887,
      26.07649040222168,
      26.557777404785156,
      34.331565856933594,
      40.01167678833008,
      20.41957664489746,
      25.996456146240234,
      13.569805145263672,
      18.08755874633789,
      12.772571563720703,
      14.56474494934082,
      8.954473495483398,
      11.379185676574707
    ],
    [
      8.423871994018555,
      7.045671463012695,
      11.90355110168457,
      1.0250197649002075,
      11.355490684509277,
      0.7653475403785706,
      19.541397094726562,
      8.995392799377441,
      33.242034912109375,
      20.41957664489746,
      36.96355438232422,
      25.573759078979492,
      27.695924758911133,
      22.11888885498047,
      21.829124450683594,
      19.260297775268555,
      19.020544052124023,
      23.342304229736328
    ],
    [
      9.137948989868164,
      18.486757278442383,
      6.501429557800293,
      6.375087261199951,
      11.437193870544434,
      7.912895202636719,
      19.601926803588867,
      17.88968849182129,
      26.16335105895996,
      25.996456146240234,
      25.573759078979492,
      31.12514305114746,
      18.72870635986328,
      22.545568466186523,
      16.203771591186523,
      18.997743606567383,
      13.96950912475586,
      18.472352981567383
    ],
    [
      3.44865345954895,
      2.859833002090454,
      10.036543846130371,
      -1.2741166353225708,
      7.5529069900512695,
      -2.266740083694458,
      11.892324447631836,
      4.765304088592529,
      20.878393173217773,
      13.569805145263672,
      27.695924758911133,
      18.72870635986328,
      40.41848373413086,
      28.128889083862305,
      36.72041702270508,
      29.592130661010742,
      34.36729431152344,
      33.43257522583008
    ],
    [
      5.691522121429443,
      8.843167304992676,
      8.536596298217773,
      5.738435745239258,
      9.341296195983887,
      4.962313652038574,
      14.310591697692871,
      12.120604515075684,
      20.11018180847168,
      18.08755874633789,
      22.11888885498047,
      22.545568466186523,
      28.128889083862305,
      33.97798156738281,
      26.915809631347656,
      29.588027954101562,
      25.8295841217041,
      30.726364135742188
    ],
    [
      4.564645767211914,
      8.458908081054688,
      7.664830207824707,
      0.12868362665176392,
      7.8212409019470215,
      0.32541385293006897,
      10.19453239440918,
      6.769660472869873,
      15.968125343322754,
      12.772571563720703,
      21.829124450683594,
      16.203771591186523,
      36.72041702270508,
      26.915809631347656,
      45.601295471191406,
      34.97677230834961,
      42.75651931762695,
      37.835227966308594
    ],
    [
      5.856522083282471,
      7.4542670249938965,
      9.194392204284668,
      5.744980812072754,
      9.151762962341309,
      4.919110298156738,
      11.801955223083496,
      11.08164119720459,
      15.335505485534668,
      14.56474494934082,
      19.260297775268555,
      18.997743606567383,
      29.592130661010742,
      29.588027954101562,
      34.97677230834961,
      40.918495178222656,
      34.434303283691406,
      37.605098724365234
    ],
    [
      3.3448257446289062,
      -1.3133939504623413,
      7.344264984130859,
      -3.7074968814849854,
      5.463047981262207,
      -3.7067041397094727,
      7.829740524291992,
      2.3095126152038574,
      12.643902778625488,
      8.954473495483398,
      19.020544052124023,
      13.96950912475586,
      34.36729431152344,
      25.8295841217041,
      42.75651931762695,
      34.434303283691406,
      60.91278839111328,
      50.455448150634766
    ],
    [
      6.259249210357666,
      -6.389554500579834,
      10.719869613647461,
      -5.021568298339844,
      4.536440849304199,
      -7.646371841430664,
      9.904329299926758,
      0.702787458896637,
      18.782140731811523,
      11.379185676574707,
      23.342304229736328,
      18.472352981567383,
      33.43257522583008,
      30.726364135742188,
      37.835227966308594,
      37.605098724365234,
      50.455448150634766,
      60.2413215637207
    ]
  ],
  "damage": -3.334433078765869,
  "diff_bandwidth": 454.10614013671875,
  "dissonance": 9.066882545744294,
  "drr": 8.072586059570312,
  "dynamics": 2.602288246154785,
  "format": 1245190,
  "frames": 14006272,
  "loudness": -8.860071182250977,
  "loudness_range": 5.99548864364624,
  "loudness_range_short": 10.085762023925781,
  "lowpass_true_peak_15khz": 1.3556509017944336,
  "mastering3_acoustic_entropies": [
    {
      "acoustic_entropy": 6.067579746246338,
      "acoustic_entropy_mono": 6.1675333976745605,
      "band_eliminated_acoustic_entropies": [
        {
          "acoustic_entropy": 6.086137294769287,
          "acoustic_entropy_side": 6.035717487335205,
          "hz": 129.47220167065723
        },
        {
          "acoustic_entropy": 6.016117572784424,
          "acoustic_entropy_side": 6.555479526519775,
          "hz": 202.92927478742237
        },
        {
          "acoustic_entropy": 6.676499843597412,
          "acoustic_entropy_side": 6.566113471984863,
          "hz": 282.89161906338205
        },
        {
          "acoustic_entropy": 6.228359699249268,
          "acoustic_entropy_side": 6.320983409881592,
          "hz": 369.9353335868758
        },
        {
          "acoustic_entropy": 5.926291465759277,
          "acoustic_entropy_side": 5.875078201293945,
          "hz": 464.6875360973435
        },
        {
          "acoustic_entropy": 6.45373010635376,
          "acoustic_entropy_side": 5.825924396514893,
          "hz": 567.8308811364784
        },
        {
          "acoustic_entropy": 6.259172439575195,
          "acoustic_entropy_side": 6.1804704666137695,
          "hz": 680.1084783214808
        },
        {
          "acoustic_entropy": 6.378607749938965,
          "acoustic_entropy_side": 6.116302490234375,
          "hz": 802.3292461747484
        },
        {
          "acoustic_entropy": 5.950277805328369,
          "acoustic_entropy_side": 6.052839756011963,
          "hz": 935.3737400823702
        },
        {
          "acoustic_entropy": 5.947798728942871,
          "acoustic_entropy_side": 6.091427803039551,
          "hz": 1080.2004963696966
        },
        {
          "acoustic_entropy": 5.997853755950928,
          "acoustic_entropy_side": 6.064708709716797,
          "hz": 1237.8529382007157
        },
        {
          "acoustic_entropy": 5.746041774749756,
          "acoustic_entropy_side": 6.173365592956543,
          "hz": 1409.4668930556702
        },
        {
          "acoustic_entropy": 6.009324073791504,
          "acoustic_entropy_side": 6.231809616088867,
          "hz": 1596.2787759475705
        },
        {
          "acoustic_entropy": 5.793551921844482,
          "acoustic_entropy_side": 6.078620433807373,
          "hz": 1799.6344973346393
        },
        {
          "acoustic_entropy": 6.035813808441162,
          "acoustic_entropy_side": 6.096441268920898,
          "hz": 2020.9991599069049
        },
        {
          "acoustic_entropy": 6.1890411376953125,
          "acoustic_entropy_side": 6.09998893737793,
          "hz": 2261.9676141086993
        },
        {
          "acoustic_entropy": 5.942666053771973,
          "acoustic_entropy_side": 6.076618671417236,
          "hz": 2524.2759484456974
        },
        {
          "acoustic_entropy": 6.15089750289917,
          "acoustic_entropy_side": 6.0743279457092285,
          "hz": 2809.813997359896
        },
        {
          "acoustic_entropy": 6.268365383148193,
          "acoustic_entropy_side": 6.069138526916504,
          "hz": 3120.6389567871424
        },
        {
          "acoustic_entropy": 6.21751594543457,
          "acoustic_entropy_side": 6.07001256942749,
          "hz": 3458.990205492291
        },
        {
          "acoustic_entropy": 6.065701007843018,
          "acoustic_entropy_side": 6.065860271453857,
          "hz": 3827.305438964164
        },
        {
          "acoustic_entropy": 6.015559196472168,
          "acoustic_entropy_side": 6.061895847320557,
          "hz": 4228.238232109126
        },
        {
          "acoustic_entropy": 6.0805182456970215,
          "acoustic_entropy_side": 6.0672807693481445,
          "hz": 4664.6771572759235
        },
        {
          "acoustic_entropy": 6.009587287902832,
          "acoustic_entropy_side": 6.0591254234313965,
          "hz": 5139.766595350093
        },
        {
          "acoustic_entropy": 6.044849872589111,
          "acoustic_entropy_side": 6.0646467208862305,
          "hz": 5656.929389854203
        },
        {
          "acoustic_entropy": 6.00390625,
          "acoustic_entropy_side": 6.063210487365723,
          "hz": 6219.891507268283
        },
        {
          "acoustic_entropy": 5.940965175628662,
          "acoustic_entropy_side": 6.057680130004883,
          "hz": 6832.70888123896
        },
        {
          "acoustic_entropy": 6.0441083908081055,
          "acoustic_entropy_side": 6.051778793334961,
          "hz": 7499.796634079867
        },
        {
          "acoustic_entropy": 5.908840179443359,
          "acoustic_entropy_side": 6.038387298583984,
          "hz": 8225.96088609342
        },
        {
          "acoustic_entropy": 5.863862037658691,
          "acoustic_entropy_side": 6.039956569671631,
          "hz": 9016.43338188839
        },
        {
          "acoustic_entropy": 5.9717936515808105,
          "acoustic_entropy_side": 6.050410747528076,
          "hz": 9876.909183162974
        },
        {
          "acoustic_entropy": 6.056420803070068,
          "acoustic_entropy_side": 6.061098575592041,
          "hz": 10813.587699516042
        },
        {
          "acoustic_entropy": 6.119063377380371,
          "acoustic_entropy_side": 6.068573951721191,
          "hz": 11833.21735289826
        },
        {
          "acoustic_entropy": 6.121067523956299,
          "acoustic_entropy_side": 6.072341442108154,
          "hz": 12943.144197493959
        },
        {
          "acoustic_entropy": 6.1196513175964355,
          "acoustic_entropy_side": 6.069722652435303,
          "hz": 14151.364845322005
        },
        {
          "acoustic_entropy": 6.140963077545166,
          "acoustic_entropy_side": 6.070267677307129,
          "hz": 15466.58407886509
        },
        {
          "acoustic_entropy": 6.116218090057373,
          "acoustic_entropy_side": 6.06853723526001,
          "hz": 16898.27756580493
        },
        {
          "acoustic_entropy": 6.140037536621094,
          "acoustic_entropy_side": 6.069916248321533,
          "hz": 18456.760127700032
        },
        {
          "acoustic_entropy": 6.125022888183594,
          "acoustic_entropy_side": 6.069943428039551,
          "hz": 20153.260054456492
        },
        {
          "acoustic_entropy": 6.078715801239014,
          "acoustic_entropy_side": 6.067788600921631,
          "hz": 22000.00000000001
        }
      ],
      "diff_acoustic_entropy": 6.19935417175293,
      "sn": 6
    },
    {
      "acoustic_entropy": 10.78747272491455,
      "acoustic_entropy_mono": 9.62120532989502,
      "band_eliminated_acoustic_entropies": [
        {
          "acoustic_entropy": 11.353780746459961,
          "acoustic_entropy_side": 10.723523139953613,
          "hz": 129.47220167065723
        },
        {
          "acoustic_entropy": 12.311236381530762,
          "acoustic_entropy_side": 11.129234313964844,
          "hz": 202.92927478742237
        },
        {
          "acoustic_entropy": 11.551274299621582,
          "acoustic_entropy_side": 11.428584098815918,
          "hz": 282.89161906338205
        },
        {
          "acoustic_entropy": 10.885906219482422,
          "acoustic_entropy_side": 10.51244068145752,
          "hz": 369.9353335868758
        },
        {
          "acoustic_entropy": 10.644384384155273,
          "acoustic_entropy_side": 10.421257972717285,
          "hz": 464.6875360973435
        },
        {
          "acoustic_entropy": 10.284320831298828,
          "acoustic_entropy_side": 10.472832679748535,
          "hz": 567.8308811364784
        },
        {
          "acoustic_entropy": 11.11834716796875,
          "acoustic_entropy_side": 10.910892486572266,
          "hz": 680.1084783214808
        },
        {
          "acoustic_entropy": 10.854090690612793,
          "acoustic_entropy_side": 10.503630638122559,
          "hz": 802.3292461747484
        },
        {
          "acoustic_entropy": 10.849836349487305,
          "acoustic_entropy_side": 10.71467113494873,
          "hz": 935.3737400823702
        },
        {
          "acoustic_entropy": 10.260795593261719,
          "acoustic_entropy_side": 10.825484275817871,
          "hz": 1080.2004963696966
        },
        {
          "acoustic_entropy": 10.714426040649414,
          "acoustic_entropy_side": 10.731339454650879,
          "hz": 1237.8529382007157
        },
        {
          "acoustic_entropy": 10.844584465026855,
          "acoustic_entropy_side": 10.705045700073242,
          "hz": 1409.4668930556702
        },
        {
          "acoustic_entropy": 10.693704605102539,
          "acoustic_entropy_side": 10.673279762268066,
          "hz": 1596.2787759475705
        },
        {
          "acoustic_entropy": 10.348605155944824,
          "acoustic_entropy_side": 10.761702537536621,
          "hz": 1799.6344973346393
        },
        {
          "acoustic_entropy": 10.956911087036133,
          "acoustic_entropy_side": 10.79959487915039,
          "hz": 2020.9991599069049
        },
        {
          "acoustic_entropy": 10.619731903076172,
          "acoustic_entropy_side": 10.726304054260254,
          "hz": 2261.9676141086993
        },
        {
          "acoustic_entropy": 10.518587112426758,
          "acoustic_entropy_side": 10.66333293914795,
          "hz": 2524.2759484456974
        },
        {
          "acoustic_entropy": 10.855256080627441,
          "acoustic_entropy_side": 10.725894927978516,
          "hz": 2809.813997359896
        },
        {
          "acoustic_entropy": 10.84193229675293,
          "acoustic_entropy_side": 10.787802696228027,
          "hz": 3120.6389567871424
        },
        {
          "acoustic_entropy": 10.710618019104004,
          "acoustic_entropy_side": 10.80058479309082,
          "hz": 3458.990205492291
        },
        {
          "acoustic_entropy": 10.814830780029297,
          "acoustic_entropy_side": 10.806923866271973,
          "hz": 3827.305438964164
        },
        {
          "acoustic_entropy": 10.844820022583008,
          "acoustic_entropy_side": 10.86431884765625,
          "hz": 4228.238232109126
        },
        {
          "acoustic_entropy": 10.841106414794922,
          "acoustic_entropy_side": 10.822360038757324,
          "hz": 4664.6771572759235
        },
        {
          "acoustic_entropy": 10.647218704223633,
          "acoustic_entropy_side": 10.777178764343262,
          "hz": 5139.766595350093
        },
        {
          "acoustic_entropy": 10.692434310913086,
          "acoustic_entropy_side": 10.79081916809082,
          "hz": 5656.929389854203
        },
        {
          "acoustic_entropy": 10.77107048034668,
          "acoustic_entropy_side": 10.831355094909668,
          "hz": 6219.891507268283
        },
        {
          "acoustic_entropy": 10.746935844421387,
          "acoustic_entropy_side": 10.819331169128418,
          "hz": 6832.70888123896
        },
        {
          "acoustic_entropy": 10.693488121032715,
          "acoustic_entropy_side": 10.8054838180542,
          "hz": 7499.796634079867
        },
        {
          "acoustic_entropy": 10.782584190368652,
          "acoustic_entropy_side": 10.818740844726562,
          "hz": 8225.96088609342
        },
        {
          "acoustic_entropy": 10.817749977111816,
          "acoustic_entropy_side": 10.828539848327637,
          "hz": 9016.43338188839
        },
        {
          "acoustic_entropy": 10.808874130249023,
          "acoustic_entropy_side": 10.821642875671387,
          "hz": 9876.909183162974
        },
        {
          "acoustic_entropy": 10.799511909484863,
          "acoustic_entropy_side": 10.790145874023438,
          "hz": 10813.587699516042
        },
        {
          "acoustic_entropy": 10.75210952758789,
          "acoustic_entropy_side": 10.782894134521484,
          "hz": 11833.21735289826
        },
        {
          "acoustic_entropy": 10.822354316711426,
          "acoustic_entropy_side": 10.791983604431152,
          "hz": 12943.144197493959
        },
        {
          "acoustic_entropy": 10.783665657043457,
          "acoustic_entropy_side": 10.77970027923584,
          "hz": 14151.364845322005
        },
        {
          "acoustic_entropy": 10.727258682250977,
          "acoustic_entropy_side": 10.747488975524902,
          "hz": 15466.58407886509
        },
        {
          "acoustic_entropy": 10.748552322387695,
          "acoustic_entropy_side": 10.787428855895996,
          "hz": 16898.27756580493
        },
        {
          "acoustic_entropy": 10.627811431884766,
          "acoustic_entropy_side": 10.789463996887207,
          "hz": 18456.760127700032
        },
        {
          "acoustic_entropy": 10.54790210723877,
          "acoustic_entropy_side": 10.780028343200684,
          "hz": 20153.260054456492
        },
        {
          "acoustic_entropy": 10.735701560974121,
          "acoustic_entropy_side": 10.786303520202637,
          "hz": 22000.00000000001
        }
      ],
      "diff_acoustic_entropy": 10.213716506958008,
      "sn": 12
    },
    {
      "acoustic_entropy": 17.244600296020508,
      "acoustic_entropy_mono": 12.871085166931152,
      "band_eliminated_acoustic_entropies": [
        {
          "acoustic_entropy": 16.141752243041992,
          "acoustic_entropy_side": 16.453378677368164,
          "hz": 129.47220167065723
        },
        {
          "acoustic_entropy": 18.504695892333984,
          "acoustic_entropy_side": 17.65193748474121,
          "hz": 202.92927478742237
        },
        {
          "acoustic_entropy": 17.30791473388672,
          "acoustic_entropy_side": 17.46192741394043,
          "hz": 282.89161906338205
        },
        {
          "acoustic_entropy": 17.13420867919922,
          "acoustic_entropy_side": 17.00834846496582,
          "hz": 369.9353335868758
        },
        {
          "acoustic_entropy": 17.385631561279297,
          "acoustic_entropy_side": 17.227510452270508,
          "hz": 464.6875360973435
        },
        {
          "acoustic_entropy": 17.04550552368164,
          "acoustic_entropy_side": 16.68659019470215,
          "hz": 567.8308811364784
        },
        {
          "acoustic_entropy": 17.556522369384766,
          "acoustic_entropy_side": 17.507278442382812,
          "hz": 680.1084783214808
        },
        {
          "acoustic_entropy": 17.32605743408203,
          "acoustic_entropy_side": 17.259614944458008,
          "hz": 802.3292461747484
        },
        {
          "acoustic_entropy": 17.003923416137695,
          "acoustic_entropy_side": 17.531105041503906,
          "hz": 935.3737400823702
        },
        {
          "acoustic_entropy": 17.724088668823242,
          "acoustic_entropy_side": 17.294212341308594,
          "hz": 1080.2004963696966
        },
        {
          "acoustic_entropy": 17.729049682617188,
          "acoustic_entropy_side": 17.695690155029297,
          "hz": 1237.8529382007157
        },
        {
          "acoustic_entropy": 16.71803092956543,
          "acoustic_entropy_side": 17.162124633789062,
          "hz": 1409.4668930556702
        },
        {
          "acoustic_entropy": 17.94189453125,
          "acoustic_entropy_side": 17.452547073364258,
          "hz": 1596.2787759475705
        },
        {
          "acoustic_entropy": 17.061716079711914,
          "acoustic_entropy_side": 17.594451904296875,
          "hz": 1799.6344973346393
        },
        {
          "acoustic_entropy": 17.355236053466797,
          "acoustic_entropy_side": 17.193599700927734,
          "hz": 2020.9991599069049
        },
        {
          "acoustic_entropy": 17.03313446044922,
          "acoustic_entropy_side": 17.249616622924805,
          "hz": 2261.9676141086993
        },
        {
          "acoustic_entropy": 17.37993812561035,
          "acoustic_entropy_side": 17.597322463989258,
          "hz": 2524.2759484456974
        },
        {
          "acoustic_entropy": 17.424264907836914,
          "acoustic_entropy_side": 17.3868350982666,
          "hz": 2809.813997359896
        },
        {
          "acoustic_entropy": 17.53166389465332,
