{
  "acoustic_entropy": 228.2610626220703,
  "bands": [
    {
      "high_freq": 148.1999969482422,
      "loudness": -33.077598571777344,
      "loudness_range": 25.652414321899414,
      "mid_mean": -31.480966567993164,
      "mid_to_side_loudness": -3.5634045600891113,
      "mid_to_side_loudness_range": 11.401412963867188,
      "side_mean": -35.22100830078125
    },
    {
      "high_freq": 392.3793640136719,
      "loudness": -25.221576690673828,
      "loudness_range": 10.993499755859375,
      "low_freq": 148.1999969482422,
      "mid_mean": -24.661243438720703,
      "mid_to_side_loudness": -0.25892117619514465,
      "mid_to_side_loudness_range": 8.32758903503418,
      "side_mean": -24.890724182128906
    },
    {
      "high_freq": 794.6976318359375,
      "loudness": -25.43813705444336,
      "loudness_range": 8.359233856201172,
      "low_freq": 392.3793640136719,
      "mid_mean": -23.936542510986328,
      "mid_to_side_loudness": -2.155880928039551,
      "mid_to_side_loudness_range": 7.637883186340332,
      "side_mean": -26.409282684326172
    },
    {
      "high_freq": 1457.5709228515625,
      "loudness": -25.497577667236328,
      "loudness_range": 14.636333465576172,
      "low_freq": 794.6976318359375,
      "mid_mean": -23.911455154418945,
      "mid_to_side_loudness": -2.5471067428588867,
      "mid_to_side_loudness_range": 7.054065704345703,
      "side_mean": -26.58720588684082
    },
    {
      "high_freq": 2549.74365234375,
      "loudness": -28.17474937438965,
      "loudness_range": 11.669330596923828,
      "low_freq": 1457.5709228515625,
      "mid_mean": -26.423376083374023,
      "mid_to_side_loudness": -2.5759706497192383,
      "mid_to_side_loudness_range": 4.790470600128174,
      "side_mean": -29.073007583618164
    },
    {
      "high_freq": 4349.24462890625,
      "loudness": -29.821414947509766,
      "loudness_range": 16.522294998168945,
      "low_freq": 2549.74365234375,
      "mid_mean": -28.35099220275879,
      "mid_to_side_loudness": -1.962329626083374,
      "mid_to_side_loudness_range": 5.521461486816406,
      "side_mean": -30.34243392944336
    },
    {
      "high_freq": 7314.1640625,
      "loudness": -35.8622932434082,
      "loudness_range": 19.825557708740234,
      "low_freq": 4349.24462890625,
      "mid_mean": -34.21635437011719,
      "mid_to_side_loudness": -2.494544744491577,
      "mid_to_side_loudness_range": 3.77074933052063,
      "side_mean": -36.79878234863281
    },
    {
      "high_freq": 12199.2666015625,
      "loudness": -43.8582649230957,
      "loudness_range": 19.888160705566406,
      "low_freq": 7314.1640625,
      "mid_mean": -42.50216293334961,
      "mid_to_side_loudness": -2.090733051300049,
      "mid_to_side_loudness_range": 4.008982181549072,
      "side_mean": -44.726444244384766
    },
    {
      "loudness": -58.78152847290039,
      "loudness_range": 20.413921356201172,
      "low_freq": 12199.2666015625,
      "mid_mean": -56.842742919921875,
      "mid_to_side_loudness": -2.433419704437256,
      "mid_to_side_loudness_range": 4.295112133026123,
      "side_mean": -58.808101654052734
    }
  ],
  "bands_short": [
    {
      "high_freq": 148.1999969482422,
      "loudness": -38.0894775390625,
      "loudness_range": 28.065305709838867,
      "mid_mean": -37.04594421386719,
      "mid_to_side_loudness": -3.470296859741211,
      "mid_to_side_loudness_range": 18.937711715698242,
      "side_mean": -40.64470291137695
    },
    {
      "high_freq": 392.3793640136719,
      "loudness": -24.934406280517578,
      "loudness_range": 14.105232238769531,
      "low_freq": 148.1999969482422,
      "mid_mean": -24.276033401489258,
      "mid_to_side_loudness": -0.7531877160072327,
      "mid_to_side_loudness_range": 10.978456497192383,
      "side_mean": -25.016212463378906
    },
    {
      "high_freq": 794.6976318359375,
      "loudness": -26.13180923461914,
      "loudness_range": 9.117568969726562,
      "low_freq": 392.3793640136719,
      "mid_mean": -24.80222511291504,
      "mid_to_side_loudness": -2.1292569637298584,
      "mid_to_side_loudness_range": 10.620439529418945,
      "side_mean": -27.258665084838867
    },
    {
      "high_freq": 1457.5709228515625,
      "loudness": -25.324968338012695,
      "loudness_range": 15.674827575683594,
      "low_freq": 794.6976318359375,
      "mid_mean": -23.94051170349121,
      "mid_to_side_loudness": -2.4919662475585938,
      "mid_to_side_loudness_range": 9.757437705993652,
      "side_mean": -26.556821823120117
    },
    {
      "high_freq": 2549.74365234375,
      "loudness": -28.63771629333496,
      "loudness_range": 13.182857513427734,
      "low_freq": 1457.5709228515625,
      "mid_mean": -27.01738739013672,
      "mid_to_side_loudness": -2.523498296737671,
      "mid_to_side_loudness_range": 7.478218078613281,
      "side_mean": -29.627826690673828
    },
    {
      "high_freq": 4349.24462890625,
      "loudness": -30.423969268798828,
      "loudness_range": 17.88848876953125,
      "low_freq": 2549.74365234375,
      "mid_mean": -29.107810974121094,
      "mid_to_side_loudness": -1.8673384189605713,
      "mid_to_side_loudness_range": 7.307743072509766,
      "side_mean": -31.005146026611328
    },
    {
      "high_freq": 7314.1640625,
      "loudness": -36.79007339477539,
      "loudness_range": 21.80572509765625,
      "low_freq": 4349.24462890625,
      "mid_mean": -35.314029693603516,
      "mid_to_side_loudness": -2.2313318252563477,
      "mid_to_side_loudness_range": 5.790210247039795,
      "side_mean": -37.574623107910156
    },
    {
      "high_freq": 12199.2666015625,
      "loudness": -45.61793518066406,
      "loudness_range": 22.986560821533203,
      "low_freq": 7314.1640625,
      "mid_mean": -44.51598358154297,
      "mid_to_side_loudness": -1.884057641029358,
      "mid_to_side_loudness_range": 5.627619743347168,
      "side_mean": -46.47481918334961
    },
    {
      "loudness": -60.674747467041016,
      "loudness_range": 22.82138442993164,
      "low_freq": 12199.2666015625,
      "mid_mean": -58.45924377441406,
      "mid_to_side_loudness": -2.2757132053375244,
      "mid_to_side_loudness_range": 3.82771635055542,
      "side_mean": -60.165042877197266
    }
  ],
  "bandwidth": 731.2809448242188,
  "channels": 2,
  "covariance": [
    [
      102.9330825805664,
      89.19588470458984,
      25.533184051513672,
      32.9000129699707,
      -0.45555973052978516,
      11.511541366577148,
      -2.8401527404785156,
      5.004824161529541,
      9.268918991088867,
      9.289170265197754,
      17.18364715576172,
      15.913500785827637,
      12.199304580688477,
      11.871687889099121,
      10.550742149353027,
      10.743003845214844,
      14.674649238586426,
      19.872791290283203
    ],
    [
      89.19588470458984,
      90.07100677490234,
      21.099828720092773,
      27.01213264465332,
      -3.934415102005005,
      5.139700889587402,
      -8.662725448608398,
      -1.3230171203613281,
      7.10671329498291,
      7.061549186706543,
      12.810690879821777,
      12.045611381530762,
      8.26024055480957,
      7.513720512390137,
      7.563283920288086,
      6.031164646148682,
      12.268545150756836,
      16.589750289916992
    ],
    [
      25.533184051513672,
      21.099828720092773,
      19.23082160949707,
      17.204360961914062,
      3.732079267501831,
      7.059183597564697,
      3.761202335357666,
      4.634219646453857,
      2.8368735313415527,
      2.172901153564453,
      6.902021884918213,
      4.197864532470703,
      5.516764163970947,
      5.383779048919678,
      4.983532428741455,
      5.131686687469482,
      9.643610954284668,
      9.917329788208008
    ],
    [
      32.9000129699707,
      27.01213264465332,
      17.204360961914062,
      23.42875099182129,
      5.0004472732543945,
      9.514079093933105,
      5.929358959197998,
      7.414675235748291,
      4.436603546142578,
      4.429285049438477,
      10.101167678833008,
      7.806875705718994,
      8.663712501525879,
      8.952606201171875,
      7.934401988983154,
      8.432051658630371,
      11.18567180633545,
      12.353485107421875
    ],
    [
      -0.45555973052978516,
      -3.934415102005005,
      3.732079267501831,
      5.0004472732543945,
      17.661779403686523,
      11.524847030639648,
      16.817798614501953,
      15.14590835571289,
      8.252737998962402,
      7.418460369110107,
      14.135549545288086,
      12.401413917541504,
      18.282581329345703,
      17.535839080810547,
      17.923185348510742,
      18.099315643310547,
      15.882568359375,
      15.134618759155273
    ],
    [
      11.511541366577148,
      5.139700889587402,
      7.059183597564697,
      9.514079093933105,
      11.524847030639648,
      16.90949821472168,
      17.192203521728516,
      17.25774383544922,
      8.572515487670898,
      9.122689247131348,
      16.14433479309082,
      15.106249809265137,
      18.230022430419922,
      18.784421920776367,
      16.378582000732422,
      18.438779830932617,
      13.241775512695312,
      13.83165168762207
    ],
    [
      -2.8401527404785156,
      -8.662725448608398,
      3.761202335357666,
      5.929358959197998,
      16.817798614501953,
      17.192203521728516,
      31.55137062072754,
      27.982444763183594,
      14.474629402160645,
      14.189743995666504,
      24.648849487304688,
      22.795103073120117,
      30.83066177368164,
      31.075281143188477,
      29.286773681640625,
      30.925979614257812,
      22.643131256103516,
      21.85687828063965
    ],
    [
      5.004824161529541,
      -1.3230171203613281,
      4.634219646453857,
      7.414675235748291,
      15.14590835571289,
      17.25774383544922,
      27.982444763183594,
      31.141510009765625,
      14.83402156829834,
      15.438844680786133,
      25.03641128540039,
      24.580982208251953,
      29.469499588012695,
      30.2513427734375,
      28.203927993774414,
      30.419147491455078,
      21.135047912597656,
      21.64877700805664
    ],
    [
      9.268918991088867,
      7.10671329498291,
      2.8368735313415527,
      4.436603546142578,
      8.252737998962402,
      8.572515487670898,
      14.474629402160645,
      14.83402156829834,
      19.327045440673828,
      16.927316665649414,
      22.028932571411133,
      22.002439498901367,
      26.02511215209961,
      25.41452980041504,
      23.859176635742188,
      24.274850845336914,
      20.13103485107422,
      19.992414474487305
    ],
    [
      9.289170265197754,
      7.061549186706543,
      2.172901153564453,
      4.429285049438477,
      7.418460369110107,
      9.122689247131348,
      14.189743995666504,
      15.438844680786133,
      16.927316665649414,
      17.083820343017578,
      20.238325119018555,
      21.341053009033203,
      23.49390983581543,
      23.90268898010254,
      21.60544776916504,
      22.67165756225586,
      17.16537094116211,
      18.002962112426758
    ],
    [
      17.18364715576172,
      12.810690879821777,
      6.902021884918213,
      10.101167678833008,
      14.135549545288086,
      16.14433479309082,
      24.648849487304688,
      25.03641128540039,
      22.028932571411133,
      20.238325119018555,
      37.526947021484375,
      34.38542938232422,
      41.72198486328125,
      41.10458755493164,
      40.9196891784668,
      40.8000602722168,
      34.66022872924805,
      33.70644760131836
    ],
    [
      15.913500785827637,
      12.045611381530762,
      4.197864532470703,
      7.806875705718994,
      12.401413917541504,
      15.106249809265137,
      22.795103073120117,
      24.580982208251953,
      22.002439498901367,
      21.341053009033203,
      34.38542938232422,
      35.249942779541016,
      38.35758972167969,
      38.92787170410156,
      36.74015426635742,
      38.12151336669922,
      29.35186004638672,
      30.1817569732666
    ],
    [
      12.199304580688477,
      8.26024055480957,
      5.516764163970947,
      8.663712501525879,
      18.282581329345703,
      18.230022430419922,
      30.83066177368164,
      29.469499588012695,
      26.02511215209961,
      23.49390983581543,
      41.72198486328125,
      38.35758972167969,
      53.87502670288086,
      50.81069564819336,
      50.91261672973633,
      49.958091735839844,
      42.92182540893555,
      40.3511848449707
    ],
    [
      11.871687889099121,
      7.513720512390137,
      5.383779048919678,
      8.952606201171875,
      17.535839080810547,
      18.784421920776367,
      31.075281143188477,
      30.2513427734375,
      25.41452980041504,
      23.90268898010254,
      41.10458755493164,
      38.92787170410156,
      50.81069564819336,
      50.94416046142578,
      48.722965240478516,
      48.813453674316406,
      39.80562973022461,
      38.6940803527832
    ],
    [
      10.550742149353027,
      7.563283920288086,
      4.983532428741455,
      7.934401988983154,
      17.923185348510742,
      16.378582000732422,
      29.286773681640625,
      28.203927993774414,
      23.859176635742188,
      21.60544776916504,
      40.9196891784668,
      36.74015426635742,
      50.91261672973633,
      48.722965240478516,
      59.52597427368164,
      54.802303314208984,
      46.9647216796875,
      42.98848342895508
    ],
    [
      10.743003845214844,
      6.031164646148682,
      5.131686687469482,
      8.432051658630371,
      18.099315643310547,
      18.438779830932617,
      30.925979614257812,
      30.419147491455078,
      24.274850845336914,
      22.67165756225586,
      40.8000602722168,
      38.12151336669922,
      49.958091735839844,
      48.813453674316406,
      54.802303314208984,
      55.720821380615234,
      43.1868896484375,
      41.16844940185547
    ],
    [
      14.674649238586426,
      12.268545150756836,
      9.643610954284668,
      11.18567180633545,
      15.882568359375,
      13.241775512695312,
      22.643131256103516,
      21.135047912597656,
      20.13103485107422,
      17.16537094116211,
      34.66022872924805,
      29.35186004638672,
      42.92182540893555,
      39.80562973022461,
      46.9647216796875,
      43.1868896484375,
      52.785003662109375,
      47.47364807128906
    ],
    [
      19.872791290283203,
      16.589750289916992,
      9.917329788208008,
      12.353485107421875,
      15.134618759155273,
      13.83165168762207,
      21.85687828063965,
      21.64877700805664,
      19.992414474487305,
      18.002962112426758,
      33.70644760131836,
      30.1817569732666,
      40.3511848449707,
      38.6940803527832,
      42.98848342895508,
      41.16844940185547,
      47.47364807128906,
      45.223445892333984
    ]
  ],
  "covariance_short": [
    [
      117.27214050292969,
      87.83586120605469,
      37.829708099365234,
      39.314266204833984,
      2.8538458347320557,
      11.173140525817871,
      -4.451901435852051,
      0.5203699469566345,
      9.435760498046875,
      7.804749488830566,
      17.23642921447754,
      13.89066219329834,
      14.92597770690918,
      12.656013488769531,
      20.620708465576172,
      16.480703353881836,
      26.43928337097168,
      26.51062774658203
    ],
    [
      87.83586120605469,
      102.39302825927734,
      30.079299926757812,
      31.877119064331055,
      -3.2310590744018555,
      4.255669593811035,
      -12.020689010620117,
      -6.050342082977295,
      7.1692986488342285,
      6.115309238433838,
      9.90613079071045,
      8.647811889648438,
      7.193253517150879,
      5.449915409088135,
      10.227325439453125,
      6.132684707641602,
      17.441646575927734,
      17.33735466003418
    ],
    [
      37.829708099365234,
      30.079299926757812,
      30.07663345336914,
      23.80145835876465,
      4.319412708282471,
      8.984930992126465,
      3.6861376762390137,
      5.691746234893799,
      5.943929672241211,
      5.246068477630615,
      11.087583541870117,
      8.842412948608398,
      10.571417808532715,
      8.987682342529297,
      12.91021728515625,
      11.521016120910645,
      14.920872688293457,
      14.558585166931152
    ],
    [
      39.314266204833984,
      31.877119064331055,
      23.80145835876465,
      31.858251571655273,
      4.86893892288208,
      9.803560256958008,
      5.079134941101074,
      7.260529518127441,
      6.4893903732299805,
      6.496232509613037,
      12.926286697387695,
      10.909355163574219,
      12.50430965423584,
      11.390539169311523,
      15.464491844177246,
      14.2939453125,
      16.20002555847168,
      16.24437141418457
    ],
    [
      2.8538458347320557,
      -3.2310590744018555,
      4.319412708282471,
      4.86893892288208,
      20.563440322875977,
      10.504303932189941,
      16.08069610595703,
      13.530606269836426,
      7.648578643798828,
      6.698203086853027,
      13.965356826782227,
      12.042713165283203,
      17.46117401123047,
      16.71967315673828,
      19.037109375,
      18.776592254638672,
      14.072275161743164,
      13.302070617675781
    ],
    [
      11.173140525817871,
      4.255669593811035,
      8.984930992126465,
      9.803560256958008,
      10.504303932189941,
      18.451112747192383,
      14.588046073913574,
      15.018486976623535,
      7.306276321411133,
      7.8322248458862305,
      14.62306022644043,
      13.737961769104004,
      16.099578857421875,
      16.085145950317383,
      17.12623405456543,
      17.995004653930664,
      11.795540809631348,
      11.798439979553223
    ],
    [
      -4.451901435852051,
      -12.020689010620117,
      3.6861376762390137,
      5.079134941101074,
      16.08069610595703,
      14.588046073913574,
      34.956790924072266,
      28.038972854614258,
      15.423090934753418,
      14.64133358001709,
      25.544883728027344,
      23.59123992919922,
      32.102046966552734,
      31.111530303955078,
      32.43923568725586,
      33.03603744506836,
      20.749940872192383,
      20.194887161254883
    ],
    [
      0.5203699469566345,
      -6.050342082977295,
      5.691746234893799,
      7.260529518127441,
      13.530606269836426,
      15.018486976623535,
      28.038972854614258,
      34.579620361328125,
      15.640556335449219,
      16.420690536499023,
      26.19578742980957,
      25.98931121826172,
      30.719877243041992,
      30.732975006103516,
      31.43353271484375,
      33.07617950439453,
      20.305662155151367,
      20.557876586914062
    ],
    [
      9.435760498046875,
      7.1692986488342285,
      5.943929672241211,
      6.4893903732299805,
      7.648578643798828,
      7.306276321411133,
      15.423090934753418,
      15.640556335449219,
      24.2750186920166,
      19.179616928100586,
      26.056995391845703,
      25.25438117980957,
      30.879358291625977,
      29.205408096313477,
      32.2095947265625,
      31.119403839111328,
      24.819860458374023,
      23.77760887145996
    ],
    [
      7.804749488830566,
      6.115309238433838,
      5.246068477630615,
      6.496232509613037,
      6.698203086853027,
      7.8322248458862305,
      14.64133358001709,
      16.420690536499023,
      19.179616928100586,
      21.491655349731445,
      23.249893188476562,
      24.110576629638672,
      27.625579833984375,
      27.320817947387695,
      28.549945831298828,
      28.61821174621582,
      21.31977653503418,
      21.41139030456543
    ],
    [
      17.23642921447754,
      9.90613079071045,
      11.087583541870117,
      12.926286697387695,
      13.965356826782227,
      14.62306022644043,
      25.544883728027344,
      26.19578742980957,
      26.056995391845703,
      23.249893188476562,
      44.52156448364258,
      38.84404754638672,
      48.08719253540039,
      45.60371017456055,
      51.6455078125,
      49.065738677978516,
      39.80179214477539,
      37.79949188232422
    ],
    [
      13.89066219329834,
      8.647811889648438,
      8.842412948608398,
      10.909355163574219,
      12.042713165283203,
      13.737961769104004,
      23.59123992919922,
      25.98931121826172,
      25.25438117980957,
      24.110576629638672,
      38.84404754638672,
      40.90608215332031,
      43.92697525024414,
      43.526390075683594,
      46.1621208190918,
      45.997135162353516,
      33.96556854248047,
      33.788352966308594
    ],
    [
      14.92597770690918,
      7.193253517150879,
      10.571417808532715,
      12.50430965423584,
      17.46117401123047,
      16.099578857421875,
      32.102046966552734,
      30.719877243041992,
      30.879358291625977,
      27.625579833984375,
      48.08719253540039,
      43.92697525024414,
      63.216697692871094,
      57.566158294677734,
      64.78759765625,
      60.798160552978516,
      49.498443603515625,
      46.527008056640625
    ],
    [
      12.656013488769531,
      5.449915409088135,
      8.987682342529297,
      11.390539169311523,
      16.71967315673828,
      16.085145950317383,
      31.111530303955078,
      30.732975006103516,
      29.205408096313477,
      27.320817947387695,
      45.60371017456055,
      43.526390075683594,
      57.566158294677734,
      57.91471481323242,
      59.502220153808594,
      57.68513488769531,
      43.969818115234375,
      42.847869873046875
    ],
    [
      20.620708465576172,
      10.227325439453125,
      12.91021728515625,
      15.464491844177246,
      19.037109375,
      17.12623405456543,
      32.43923568725586,
      31.43353271484375,
      32.2095947265625,
      28.549945831298828,
      51.6455078125,
      46.1621208190918,
      64.78759765625,
      59.502220153808594,
      79.32376861572266,
      71.41899108886719,
      59.53422927856445,
      55.39521789550781
    ],
    [
      16.480703353881836,
      6.132684707641602,
      11.521016120910645,
      14.2939453125,
      18.776592254638672,
      17.995004653930664,
      33.03603744506836,
      33.07617950439453,
      31.119403839111328,
      28.61821174621582,
      49.065738677978516,
      45.997135162353516,
      60.798160552978516,
      57.68513488769531,
      71.41899108886719,
      71.18778228759766,
      53.46009826660156,
      51.60124969482422
    ],
    [
      26.43928337097168,
      17.441646575927734,
      14.920872688293457,
      16.20002555847168,
      14.072275161743164,
      11.795540809631348,
      20.749940872192383,
      20.305662155151367,
      24.819860458374023,
      21.31977653503418,
      39.80179214477539,
      33.96556854248047,
      49.498443603515625,
      43.969818115234375,
      59.53422927856445,
      53.46009826660156,
      59.781517028808594,
      54.61916732788086
    ],
    [
      26.51062774658203,
      17.33735466003418,
      14.558585166931152,
      16.24437141418457,
      13.302070617675781,
      11.798439979553223,
      20.194887161254883,
      20.557876586914062,
      23.77760887145996,
      21.41139030456543,
      37.79949188232422,
      33.788352966308594,
      46.527008056640625,
      42.847869873046875,
      55.39521789550781,
      51.60124969482422,
      54.61916732788086,
      52.38172912597656
    ]
  ],
  "damage": -10.571109771728516,
  "diff_bandwidth": 806.0440673828125,
  "dissonance": 8.2365331630079,
  "drr": 3.0128538608551025,
  "dynamics": 2.5190529823303223,
  "format": 1245190,
  "frames": 4925440,
  "loudness": -14.717615127563477,
  "loudness_range": 6.191379547119141,
  "loudness_range_short": 7.6400346755981445,
  "lowpass_true_peak_15khz": -0.9651766419410706,
  "mastering3_acoustic_entropies": [
    {
      "acoustic_entropy": 5.848247051239014,
      "acoustic_entropy_mono": 5.504500865936279,
      "band_eliminated_acoustic_entropies": [
        {
          "acoustic_entropy": 5.794425964355469,
          "acoustic_entropy_side": 5.845363616943359,
          "hz": 129.47220167065723
        },
        {
          "acoustic_entropy": 6.142718315124512,
          "acoustic_entropy_side": 5.883362293243408,
          "hz": 202.92927478742237
        },
        {
          "acoustic_entropy": 5.924222469329834,
          "acoustic_entropy_side": 5.770122051239014,
          "hz": 282.89161906338205
        },
        {
          "acoustic_entropy": 6.03617525100708,
          "acoustic_entropy_side": 5.869476795196533,
          "hz": 369.9353335868758
        },
        {
          "acoustic_entropy": 6.0621337890625,
          "acoustic_entropy_side": 6.07461404800415,
          "hz": 464.6875360973435
        },
        {
          "acoustic_entropy": 5.314267158508301,
          "acoustic_entropy_side": 5.866004943847656,
          "hz": 567.8308811364784
        },
        {
          "acoustic_entropy": 5.50160026550293,
          "acoustic_entropy_side": 5.810972213745117,
          "hz": 680.1084783214808
        },
        {
          "acoustic_entropy": 6.18895959854126,
          "acoustic_entropy_side": 5.9183669090271,
          "hz": 802.3292461747484
        },
        {
          "acoustic_entropy": 6.142768859863281,
          "acoustic_entropy_side": 5.867976665496826,
          "hz": 935.3737400823702
        },
        {
          "acoustic_entropy": 5.273390293121338,
          "acoustic_entropy_side": 5.860877513885498,
          "hz": 1080.2004963696966
        },
        {
          "acoustic_entropy": 5.68179178237915,
          "acoustic_entropy_side": 5.56870174407959,
          "hz": 1237.8529382007157
        },
        {
          "acoustic_entropy": 5.177138328552246,
          "acoustic_entropy_side": 5.824357986450195,
          "hz": 1409.4668930556702
        },
        {
          "acoustic_entropy": 5.248298645019531,
          "acoustic_entropy_side": 5.352331161499023,
          "hz": 1596.2787759475705
        },
        {
          "acoustic_entropy": 6.1861701011657715,
          "acoustic_entropy_side": 6.068613052368164,
          "hz": 1799.6344973346393
        },
        {
          "acoustic_entropy": 5.89546012878418,
          "acoustic_entropy_side": 5.881382465362549,
          "hz": 2020.9991599069049
        },
        {
          "acoustic_entropy": 5.743727684020996,
          "acoustic_entropy_side": 5.746803283691406,
          "hz": 2261.9676141086993
        },
        {
          "acoustic_entropy": 5.946211814880371,
          "acoustic_entropy_side": 5.929471015930176,
          "hz": 2524.2759484456974
        },
        {
          "acoustic_entropy": 5.639654159545898,
          "acoustic_entropy_side": 5.582870960235596,
          "hz": 2809.813997359896
        },
        {
          "acoustic_entropy": 5.726032733917236,
          "acoustic_entropy_side": 5.983423709869385,
          "hz": 3120.6389567871424
        },
        {
          "acoustic_entropy": 5.508875846862793,
          "acoustic_entropy_side": 5.900745868682861,
          "hz": 3458.990205492291
        },
        {
          "acoustic_entropy": 5.707889080047607,
          "acoustic_entropy_side": 5.907393932342529,
          "hz": 3827.305438964164
        },
        {
          "acoustic_entropy": 5.657196998596191,
          "acoustic_entropy_side": 5.774721622467041,
          "hz": 4228.238232109126
        },
        {
          "acoustic_entropy": 5.628807067871094,
          "acoustic_entropy_side": 5.770839214324951,
          "hz": 4664.6771572759235
        },
        {
          "acoustic_entropy": 5.741855621337891,
          "acoustic_entropy_side": 5.817365646362305,
          "hz": 5139.766595350093
        },
        {
          "acoustic_entropy": 5.594597339630127,
          "acoustic_entropy_side": 5.757942199707031,
          "hz": 5656.929389854203
        },
        {
          "acoustic_entropy": 5.768119812011719,
          "acoustic_entropy_side": 5.79416036605835,
          "hz": 6219.891507268283
        },
        {
          "acoustic_entropy": 5.841477394104004,
          "acoustic_entropy_side": 5.862974643707275,
          "hz": 6832.70888123896
        },
        {
          "acoustic_entropy": 5.828399181365967,
          "acoustic_entropy_side": 5.829620838165283,
          "hz": 7499.796634079867
        },
        {
          "acoustic_entropy": 5.837460994720459,
          "acoustic_entropy_side": 5.84549617767334,
          "hz": 8225.96088609342
        },
        {
          "acoustic_entropy": 5.855963706970215,
          "acoustic_entropy_side": 5.851278781890869,
          "hz": 9016.43338188839
        },
        {
          "acoustic_entropy": 5.846848964691162,
          "acoustic_entropy_side": 5.8479838371276855,
          "hz": 9876.909183162974
        },
        {
          "acoustic_entropy": 5.848540782928467,
          "acoustic_entropy_side": 5.848517894744873,
          "hz": 10813.587699516042
        },
        {
          "acoustic_entropy": 5.848836898803711,
          "acoustic_entropy_side": 5.848386287689209,
          "hz": 11833.21735289826
        },
        {
          "acoustic_entropy": 5.848886489868164,
          "acoustic_entropy_side": 5.8482770919799805,
          "hz": 12943.144197493959
        },
        {
          "acoustic_entropy": 5.848670482635498,
          "acoustic_entropy_side": 5.848232269287109,
          "hz": 14151.364845322005
        },
        {
          "acoustic_entropy": 5.848611831665039,
          "acoustic_entropy_side": 5.8482561111450195,
          "hz": 15466.58407886509
        },
        {
          "acoustic_entropy": 5.848329544067383,
          "acoustic_entropy_side": 5.848245143890381,
          "hz": 16898.27756580493
        },
        {
          "acoustic_entropy": 5.848258972167969,
          "acoustic_entropy_side": 5.848246097564697,
          "hz": 18456.760127700032
        },
        {
          "acoustic_entropy": 5.848252296447754,
          "acoustic_entropy_side": 5.848247051239014,
          "hz": 20153.260054456492
        },
        {
          "acoustic_entropy": 5.848247051239014,
          "acoustic_entropy_side": 5.848247051239014,
          "hz": 22000.00000000001
        }
      ],
      "diff_acoustic_entropy": 4.073213577270508,
      "sn": 6
    },
    {
      "acoustic_entropy": 10.153985977172852,
      "acoustic_entropy_mono": 9.40394115447998,
      "band_eliminated_acoustic_entropies": [
        {
          "acoustic_entropy": 10.147128105163574,
          "acoustic_entropy_side": 10.148289680480957,
          "hz": 129.47220167065723
        },
        {
          "acoustic_entropy": 9.739422798156738,
          "acoustic_entropy_side": 10.287015914916992,
          "hz": 202.92927478742237
        },
        {
          "acoustic_entropy": 10.506767272949219,
          "acoustic_entropy_side": 10.429990768432617,
          "hz": 282.89161906338205
        },
        {
          "acoustic_entropy": 10.539885520935059,
          "acoustic_entropy_side": 10.318249702453613,
          "hz": 369.9353335868758
        },
        {
          "acoustic_entropy": 10.389330863952637,
          "acoustic_entropy_side": 10.015459060668945,
          "hz": 464.6875360973435
        },
        {
          "acoustic_entropy": 10.278782844543457,
          "acoustic_entropy_side": 10.199321746826172,
          "hz": 567.8308811364784
        },
        {
          "acoustic_entropy": 10.271804809570312,
          "acoustic_entropy_side": 9.870603561401367,
          "hz": 680.1084783214808
        },
        {
          "acoustic_entropy": 10.475834846496582,
          "acoustic_entropy_side": 10.277318000793457,
          "hz": 802.3292461747484
        },
        {
          "acoustic_entropy": 11.162534713745117,
          "acoustic_entropy_side": 10.937928199768066,
          "hz": 935.3737400823702
        },
        {
          "acoustic_entropy": 10.217196464538574,
          "acoustic_entropy_side": 10.521245002746582,
          "hz": 1080.2004963696966
        },
        {
          "acoustic_entropy": 10.767404556274414,
          "acoustic_entropy_side": 10.533291816711426,
          "hz": 1237.8529382007157
        },
        {
          "acoustic_entropy": 9.973109245300293,
          "acoustic_entropy_side": 9.926347732543945,
          "hz": 1409.4668930556702
        },
        {
          "acoustic_entropy": 9.747109413146973,
          "acoustic_entropy_side": 9.398063659667969,
          "hz": 1596.2787759475705
        },
        {
          "acoustic_entropy": 10.820467948913574,
          "acoustic_entropy_side": 10.407305717468262,
          "hz": 1799.6344973346393
        },
        {
          "acoustic_entropy": 10.893073081970215,
          "acoustic_entropy_side": 10.395113945007324,
          "hz": 2020.9991599069049
        },
        {
          "acoustic_entropy": 10.315372467041016,
          "acoustic_entropy_side": 10.09734058380127,
          "hz": 2261.9676141086993
        },
        {
          "acoustic_entropy": 10.39700984954834,
          "acoustic_entropy_side": 10.143584251403809,
          "hz": 2524.2759484456974
        },
        {
          "acoustic_entropy": 9.386994361877441,
          "acoustic_entropy_side": 9.693390846252441,
          "hz": 2809.813997359896
        },
        {
          "acoustic_entropy": 11.010233879089355,
          "acoustic_entropy_side": 10.935342788696289,
          "hz": 3120.6389567871424
        },
        {
          "acoustic_entropy": 9.395087242126465,
          "acoustic_entropy_side": 9.74019718170166,
          "hz": 3458.990205492291
        },
        {
          "acoustic_entropy": 10.736787796020508,
          "acoustic_entropy_side": 10.341764450073242,
          "hz": 3827.305438964164
        },
        {
          "acoustic_entropy": 9.971209526062012,
          "acoustic_entropy_side": 9.957021713256836,
          "hz": 4228.238232109126
        },
        {
          "acoustic_entropy": 10.548418045043945,
          "acoustic_entropy_side": 10.437017440795898,
          "hz": 4664.6771572759235
        },
        {
          "acoustic_entropy": 9.978616714477539,
          "acoustic_entropy_side": 10.122772216796875,
          "hz": 5139.766595350093
        },
        {
          "acoustic_entropy": 10.162399291992188,
          "acoustic_entropy_side": 10.211223602294922,
          "hz": 5656.929389854203
        },
        {
          "acoustic_entropy": 10.188876152038574,
          "acoustic_entropy_side": 10.205034255981445,
          "hz": 6219.891507268283
        },
        {
          "acoustic_entropy": 10.216323852539062,
          "acoustic_entropy_side": 10.1038179397583,
          "hz": 6832.70888123896
        },
        {
          "acoustic_entropy": 10.15754222869873,
          "acoustic_entropy_side": 10.18243408203125,
          "hz": 7499.796634079867
        },
        {
          "acoustic_entropy": 10.21310806274414,
          "acoustic_entropy_side": 10.13440990447998,
          "hz": 8225.96088609342
        },
        {
          "acoustic_entropy": 10.184596061706543,
          "acoustic_entropy_side": 10.170364379882812,
          "hz": 9016.43338188839
        },
        {
          "acoustic_entropy": 10.139320373535156,
          "acoustic_entropy_side": 10.14988899230957,
          "hz": 9876.909183162974
        },
        {
          "acoustic_entropy": 10.111900329589844,
          "acoustic_entropy_side": 10.148664474487305,
          "hz": 10813.587699516042
        },
        {
          "acoustic_entropy": 10.129443168640137,
          "acoustic_entropy_side": 10.153353691101074,
          "hz": 11833.21735289826
        },
        {
          "acoustic_entropy": 10.13818359375,
          "acoustic_entropy_side": 10.154582977294922,
          "hz": 12943.144197493959
        },
        {
          "acoustic_entropy": 10.146750450134277,
          "acoustic_entropy_side": 10.154821395874023,
          "hz": 14151.364845322005
        },
        {
          "acoustic_entropy": 10.150598526000977,
          "acoustic_entropy_side": 10.15424919128418,
          "hz": 15466.58407886509
        },
        {
          "acoustic_entropy": 10.153630256652832,
          "acoustic_entropy_side": 10.154107093811035,
          "hz": 16898.27756580493
        },
        {
          "acoustic_entropy": 10.153977394104004,
          "acoustic_entropy_side": 10.154011726379395,
          "hz": 18456.760127700032
        },
        {
          "acoustic_entropy": 10.153459548950195,
          "acoustic_entropy_side": 10.153740882873535,
          "hz": 20153.260054456492
        },
        {
          "acoustic_entropy": 10.15395736694336,
          "acoustic_entropy_side": 10.153973579406738,
          "hz": 22000.00000000001
        }
      ],
      "diff_acoustic_entropy": 6.961578369140625,
      "sn": 12
    },
    {
      "acoustic_entropy": 15.167998313903809,
      "acoustic_entropy_mono": 14.284278869628906,
      "band_eliminated_acoustic_entropies": [
        {
          "acoustic_entropy": 14.891328811645508,
          "acoustic_entropy_side": 15.147178649902344,
          "hz": 129.47220167065723
        },
        {
          "acoustic_entropy": 14.188855171203613,
          "acoustic_entropy_side": 14.383590698242188,
          "hz": 202.92927478742237
        },
        {
          "acoustic_entropy": 14.428492546081543,
          "acoustic_entropy_side": 14.13884449005127,
          "hz": 282.89161906338205
        },
        {
          "acoustic_entropy": 15.038691520690918,
          "acoustic_entropy_side": 14.830438613891602,
          "hz": 369.9353335868758
        },
        {
          "acoustic_entropy": 15.4256591796875,
          "acoustic_entropy_side": 14.48085880279541,
          "hz": 464.6875360973435
        },
        {
          "acoustic_entropy": 15.732163429260254,
          "acoustic_entropy_side": 15.69408893585205,
          "hz": 567.8308811364784
        },
        {
          "acoustic_entropy": 14.55130386352539,
          "acoustic_entropy_side": 14.957449913024902,
          "hz": 680.1084783214808
        },
        {
          "acoustic_entropy": 15.411040306091309,
          "acoustic_entropy_side": 14.954261779785156,
          "hz": 802.3292461747484
        },
        {
          "acoustic_entropy": 15.394031524658203,
          "acoustic_entropy_side": 15.306777954101562,
          "hz": 935.3737400823702
        },
        {
          "acoustic_entropy": 16.06026268005371,
          "acoustic_entropy_side": 15.67182445526123,
          "hz": 1080.2004963696966
        },
        {
          "acoustic_entropy": 15.716915130615234,
          "acoustic_entropy_side": 14.687297821044922,
          "hz": 1237.8529382007157
        },
        {
          "acoustic_entropy": 15.722167015075684,
          "acoustic_entropy_side": 15.25507640838623,
          "hz": 1409.4668930556702
        },
        {
          "acoustic_entropy": 14.812442779541016,
          "acoustic_entropy_side": 14.582015037536621,
          "hz": 1596.2787759475705
        },
        {
          "acoustic_entropy": 15.54516887664795,
          "acoustic_entropy_side": 15.162318229675293,
          "hz": 1799.6344973346393
        },
        {
          "acoustic_entropy": 15.095316886901855,
          "acoustic_entropy_side": 15.257660865783691,
          "hz": 2020.9991599069049
        },
        {
          "acoustic_entropy": 15.041238784790039,
          "acoustic_entropy_side": 15.246725082397461,
          "hz": 2261.9676141086993
        },
        {
          "acoustic_entropy": 14.982582092285156,
          "acoustic_entropy_side": 14.706070899963379,
          "hz": 2524.2759484456974
        },
        {
          "acoustic_entropy": 14.815743446350098,
          "acoustic_entropy_side": 15.039122581481934,
          "hz": 2809.813997359896
        },
        {
          "acoustic_entropy": 15.442707061767578,
          "acoustic_entropy_side": 15.776253700256348,
