{
  "acoustic_entropy": 212.6201629638672,
  "bands": [
    {
      "high_freq": 148.1999969482422,
      "loudness": -25.430309295654297,
      "loudness_range": 13.366859436035156,
      "mid_mean": -22.19938850402832,
      "mid_to_side_loudness": -10.183695793151855,
      "mid_to_side_loudness_range": 5.583590030670166,
      "side_mean": -32.37779235839844
    },
    {
      "high_freq": 392.3793640136719,
      "loudness": -26.95952796936035,
      "loudness_range": 10.55972671508789,
      "low_freq": 148.1999969482422,
      "mid_mean": -23.8778018951416,
      "mid_to_side_loudness": -9.087961196899414,
      "mid_to_side_loudness_range": 8.03019905090332,
      "side_mean": -32.64471435546875
    },
    {
      "high_freq": 794.6976318359375,
      "loudness": -26.912799835205078,
      "loudness_range": 12.466482162475586,
      "low_freq": 392.3793640136719,
      "mid_mean": -24.107837677001953,
      "mid_to_side_loudness": -7.8847503662109375,
      "mid_to_side_loudness_range": 12.013399124145508,
      "side_mean": -31.562007904052734
    },
    {
      "high_freq": 1457.5709228515625,
      "loudness": -28.169940948486328,
      "loudness_range": 14.702848434448242,
      "low_freq": 794.6976318359375,
      "mid_mean": -25.495281219482422,
      "mid_to_side_loudness": -7.400747299194336,
      "mid_to_side_loudness_range": 12.829304695129395,
      "side_mean": -32.523983001708984
    },
    {
      "high_freq": 2549.74365234375,
      "loudness": -25.284883499145508,
      "loudness_range": 13.101251602172852,
      "low_freq": 1457.5709228515625,
      "mid_mean": -22.523319244384766,
      "mid_to_side_loudness": -7.600088119506836,
      "mid_to_side_loudness_range": 11.727970123291016,
      "side_mean": -29.82172203063965
    },
    {
      "high_freq": 4349.24462890625,
      "loudness": -27.877540588378906,
      "loudness_range": 14.541826248168945,
      "low_freq": 2549.74365234375,
      "mid_mean": -25.15488624572754,
      "mid_to_side_loudness": -7.193817615509033,
      "mid_to_side_loudness_range": 9.445175170898438,
      "side_mean": -32.19532775878906
    },
    {
      "high_freq": 7314.1640625,
      "loudness": -34.578094482421875,
      "loudness_range": 16.20488929748535,
      "low_freq": 4349.24462890625,
      "mid_mean": -31.950698852539062,
      "mid_to_side_loudness": -6.580073833465576,
      "mid_to_side_loudness_range": 9.0780668258667,
      "side_mean": -38.3838996887207
    },
    {
      "high_freq": 12199.2666015625,
      "loudness": -37.766761779785156,
      "loudness_range": 18.480636596679688,
      "low_freq": 7314.1640625,
      "mid_mean": -35.61606979370117,
      "mid_to_side_loudness": -4.298011302947998,
      "mid_to_side_loudness_range": 6.634446144104004,
      "side_mean": -39.79179000854492
    },
    {
      "loudness": -49.64720153808594,
      "loudness_range": 20.795780181884766,
      "low_freq": 12199.2666015625,
      "mid_mean": -48.06035232543945,
      "mid_to_side_loudness": -2.1081719398498535,
      "mid_to_side_loudness_range": 4.173516273498535,
      "side_mean": -50.29459762573242
    }
  ],
  "bands_short": [
    {
      "high_freq": 148.1999969482422,
      "loudness": -31.17066192626953,
      "loudness_range": 24.866453170776367,
      "mid_mean": -27.859041213989258,
      "mid_to_side_loudness": -11.224357604980469,
      "mid_to_side_loudness_range": 7.899272441864014,
      "side_mean": -39.21720886230469
    },
    {
      "high_freq": 392.3793640136719,
      "loudness": -26.114593505859375,
      "loudness_range": 14.479509353637695,
      "low_freq": 148.1999969482422,
      "mid_mean": -23.088850021362305,
      "mid_to_side_loudness": -8.736005783081055,
      "mid_to_side_loudness_range": 8.56010627746582,
      "side_mean": -31.520729064941406
    },
    {
      "high_freq": 794.6976318359375,
      "loudness": -28.103267669677734,
      "loudness_range": 17.120637893676758,
      "low_freq": 392.3793640136719,
      "mid_mean": -25.341651916503906,
      "mid_to_side_loudness": -8.204692840576172,
      "mid_to_side_loudness_range": 14.414362907409668,
      "side_mean": -33.14234924316406
    },
    {
      "high_freq": 1457.5709228515625,
      "loudness": -29.371002197265625,
      "loudness_range": 18.390260696411133,
      "low_freq": 794.6976318359375,
      "mid_mean": -26.7927188873291,
      "mid_to_side_loudness": -7.503290176391602,
      "mid_to_side_loudness_range": 14.871576309204102,
      "side_mean": -33.857810974121094
    },
    {
      "high_freq": 2549.74365234375,
      "loudness": -26.68594741821289,
      "loudness_range": 17.475187301635742,
      "low_freq": 1457.5709228515625,
      "mid_mean": -24.08934783935547,
      "mid_to_side_loudness": -7.231634140014648,
      "mid_to_side_loudness_range": 13.29922103881836,
      "side_mean": -30.928569793701172
    },
    {
      "high_freq": 4349.24462890625,
      "loudness": -29.355541229248047,
      "loudness_range": 19.295555114746094,
      "low_freq": 2549.74365234375,
      "mid_mean": -26.749591827392578,
      "mid_to_side_loudness": -6.781166076660156,
      "mid_to_side_loudness_range": 11.398126602172852,
      "side_mean": -33.3963623046875
    },
    {
      "high_freq": 7314.1640625,
      "loudness": -38.08656311035156,
      "loudness_range": 24.41209602355957,
      "low_freq": 4349.24462890625,
      "mid_mean": -35.501102447509766,
      "mid_to_side_loudness": -6.460151672363281,
      "mid_to_side_loudness_range": 9.977744102478027,
      "side_mean": -41.874908447265625
    },
    {
      "high_freq": 12199.2666015625,
      "loudness": -42.266136169433594,
      "loudness_range": 27.678733825683594,
      "low_freq": 7314.1640625,
      "mid_mean": -40.19281768798828,
      "mid_to_side_loudness": -4.159318923950195,
      "mid_to_side_loudness_range": 7.111923694610596,
      "side_mean": -44.2890739440918
    },
    {
      "loudness": -55.053951263427734,
      "loudness_range": 29.39975357055664,
      "low_freq": 12199.2666015625,
      "mid_mean": -53.362152099609375,
      "mid_to_side_loudness": -1.734978437423706,
      "mid_to_side_loudness_range": 4.464017868041992,
      "side_mean": -54.96117401123047
    }
  ],
  "bandwidth": 730.3438110351562,
  "channels": 2,
  "covariance": [
    [
      29.187084197998047,
      28.587596893310547,
      -0.33785364031791687,
      -2.5251219272613525,
      0.8602782487869263,
      -0.3929521143436432,
      3.6964926719665527,
      2.0571205615997314,
      1.8485664129257202,
      -1.337051510810852,
      1.7914001941680908,
      0.11583203822374344,
      2.729729175567627,
      -0.38913440704345703,
      0.28147634863853455,
      -2.1697545051574707,
      2.707228183746338,
      1.7243484258651733
    ],
    [
      28.587596893310547,
      34.41301727294922,
      -0.7858434915542603,
      -2.157275676727295,
      2.0388522148132324,
      2.0040390491485596,
      4.681380748748779,
      4.251467227935791,
      4.303483009338379,
      2.135932445526123,
      4.415962219238281,
      3.6931331157684326,
      3.7687692642211914,
      0.6647868156433105,
      1.9485489130020142,
      -0.7833462953567505,
      4.336679935455322,
      3.195708751678467
    ],
    [
      -0.33785364031791687,
      -0.7858434915542603,
      15.64279842376709,
      16.100475311279297,
      7.4345574378967285,
      5.415712356567383,
      6.002084732055664,
      3.1097095012664795,
      8.665414810180664,
      6.844791889190674,
      8.102203369140625,
      6.747856140136719,
      12.116462707519531,
      9.84583854675293,
      12.04371452331543,
      10.313834190368652,
      13.739922523498535,
      13.106802940368652
    ],
    [
      -2.5251219272613525,
      -2.157275676727295,
      16.100475311279297,
      27.666595458984375,
      7.166045188903809,
      9.931940078735352,
      6.574831485748291,
      8.502986907958984,
      10.931026458740234,
      12.25851821899414,
      10.832891464233398,
      11.658390998840332,
      9.899821281433105,
      10.69027328491211,
      11.014175415039062,
      10.859768867492676,
      12.729236602783203,
      12.261736869812012
    ],
    [
      0.8602782487869263,
      2.0388522148132324,
      7.4345574378967285,
      7.166045188903809,
      19.06545639038086,
      21.627511978149414,
      14.061854362487793,
      18.027477264404297,
      12.663716316223145,
      13.779227256774902,
      10.611002922058105,
      12.712300300598145,
      11.612089157104492,
      11.822388648986816,
      12.39268970489502,
      12.074441909790039,
      13.731223106384277,
      13.56313705444336
    ],
    [
      -0.3929521143436432,
      2.0040390491485596,
      5.415712356567383,
      9.931940078735352,
      21.627511978149414,
      42.90849304199219,
      17.667221069335938,
      37.61162567138672,
      16.485198974609375,
      30.854736328125,
      14.389779090881348,
      26.23409652709961,
      8.241849899291992,
      14.463375091552734,
      10.3411226272583,
      13.405207633972168,
      11.725173950195312,
      12.244182586669922
    ],
    [
      3.6964926719665527,
      4.681380748748779,
      6.002084732055664,
      6.574831485748291,
      14.061854362487793,
      17.667221069335938,
      22.34484100341797,
      28.5595703125,
      10.243680953979492,
      11.45810604095459,
      9.255134582519531,
      11.357675552368164,
      9.817953109741211,
      10.38703441619873,
      9.3694429397583,
      9.32548713684082,
      11.745492935180664,
      11.732134819030762
    ],
    [
      2.0571205615997314,
      4.251467227935791,
      3.1097095012664795,
      8.502986907958984,
      18.027477264404297,
      37.61162567138672,
      28.5595703125,
      55.64548110961914,
      14.107965469360352,
      28.254127502441406,
      12.779062271118164,
      24.244001388549805,
      5.4735918045043945,
      13.955598831176758,
      6.703211307525635,
      11.55491828918457,
      9.52514362335205,
      10.82258129119873
    ],
    [
      1.8485664129257202,
      4.303483009338379,
      8.665414810180664,
      10.931026458740234,
      12.663716316223145,
      16.485198974609375,
      10.243680953979492,
      14.107965469360352,
      20.52210807800293,
      23.131450653076172,
      17.487579345703125,
      19.822965621948242,
      14.536948204040527,
      16.583906173706055,
      14.20163631439209,
      14.66988754272461,
      14.210409164428711,
      14.144841194152832
    ],
    [
      -1.337051510810852,
      2.135932445526123,
      6.844791889190674,
      12.25851821899414,
      13.779227256774902,
      30.854736328125,
      11.45810604095459,
      28.254127502441406,
      23.131450653076172,
      44.31706237792969,
      20.518470764160156,
      34.09165954589844,
      11.158096313476562,
      19.448087692260742,
      11.513628959655762,
      15.819690704345703,
      10.846070289611816,
      12.204137802124023
    ],
    [
      1.7914001941680908,
      4.415962219238281,
      8.102203369140625,
      10.832891464233398,
      10.611002922058105,
      14.389779090881348,
      9.255134582519531,
      12.779062271118164,
      17.487579345703125,
      20.518470764160156,
      22.920101165771484,
      23.352420806884766,
      16.79770278930664,
      18.3530330657959,
      16.120149612426758,
      16.099193572998047,
      15.31299877166748,
      15.030266761779785
    ],
    [
      0.11583203822374344,
      3.6931331157684326,
      6.747856140136719,
      11.658390998840332,
      12.712300300598145,
      26.23409652709961,
      11.357675552368164,
      24.244001388549805,
      19.822965621948242,
      34.09165954589844,
      23.352420806884766,
      36.3911018371582,
      14.326172828674316,
      21.755760192871094,
      14.23434066772461,
      17.929149627685547,
      13.435978889465332,
      14.67590618133545
    ],
    [
      2.729729175567627,
      3.7687692642211914,
      12.116462707519531,
      9.899821281433105,
      11.612089157104492,
      8.241849899291992,
      9.817953109741211,
      5.4735918045043945,
      14.536948204040527,
      11.158096313476562,
      16.79770278930664,
      14.326172828674316,
      33.275962829589844,
      30.793197631835938,
      34.2553596496582,
      32.224647521972656,
      35.17319107055664,
      34.45741653442383
    ],
    [
      -0.38913440704345703,
      0.6647868156433105,
      9.84583854675293,
      10.69027328491211,
      11.822388648986816,
      14.463375091552734,
      10.38703441619873,
      13.955598831176758,
      16.583906173706055,
      19.448087692260742,
      18.3530330657959,
      21.755760192871094,
      30.793197631835938,
      39.320030212402344,
      33.18885040283203,
      38.422298431396484,
      34.33627700805664,
      36.74168014526367
    ],
    [
      0.28147634863853455,
      1.9485489130020142,
      12.04371452331543,
      11.014175415039062,
      12.39268970489502,
      10.3411226272583,
      9.3694429397583,
      6.703211307525635,
      14.20163631439209,
      11.513628959655762,
      16.120149612426758,
      14.23434066772461,
      34.2553596496582,
      33.18885040283203,
      42.372711181640625,
      40.916717529296875,
      41.75453567504883,
      40.862205505371094
    ],
    [
      -2.1697545051574707,
      -0.7833462953567505,
      10.313834190368652,
      10.859768867492676,
      12.074441909790039,
      13.405207633972168,
      9.32548713684082,
      11.55491828918457,
      14.66988754272461,
      15.819690704345703,
      16.099193572998047,
      17.929149627685547,
      32.224647521972656,
      38.422298431396484,
      40.916717529296875,
      45.85022735595703,
      40.7824592590332,
      42.656070709228516
    ],
    [
      2.707228183746338,
      4.336679935455322,
      13.739922523498535,
      12.729236602783203,
      13.731223106384277,
      11.725173950195312,
      11.745492935180664,
      9.52514362335205,
      14.210409164428711,
      10.846070289611816,
      15.31299877166748,
      13.435978889465332,
      35.17319107055664,
      34.33627700805664,
      41.75453567504883,
      40.7824592590332,
      51.705322265625,
      50.05237579345703
    ],
    [
      1.7243484258651733,
      3.195708751678467,
      13.106802940368652,
      12.261736869812012,
      13.56313705444336,
      12.244182586669922,
      11.732134819030762,
      10.82258129119873,
      14.144841194152832,
      12.204137802124023,
      15.030266761779785,
      14.67590618133545,
      34.45741653442383,
      36.74168014526367,
      40.862205505371094,
      42.656070709228516,
      50.05237579345703,
      53.43899917602539
    ]
  ],
  "covariance_short": [
    [
      80.29012298583984,
      72.23828887939453,
      11.910066604614258,
      7.744250297546387,
      3.9476406574249268,
      -0.38835790753364563,
      8.449724197387695,
      2.461229085922241,
      5.188950061798096,
      -1.6731462478637695,
      4.721474647521973,
      -0.7107901573181152,
      9.690567970275879,
      3.8331730365753174,
      6.1035966873168945,
      3.01271390914917,
      9.921635627746582,
      7.984079360961914
    ],
    [
      72.23828887939453,
      77.41709899902344,
      12.364078521728516,
      9.595027923583984,
      5.168197154998779,
      1.0653493404388428,
      9.299917221069336,
      3.3959970474243164,
      6.2707414627075195,
      -1.376906156539917,
      5.26101016998291,
      -0.33009257912635803,
      9.32960319519043,
      2.930237054824829,
      5.828652381896973,
      2.454277276992798,
      9.805109977722168,
      7.729192733764648
    ],
    [
      11.910066604614258,
      12.364078521728516,
      28.50975799560547,
      27.50878143310547,
      11.772080421447754,
      8.022385597229004,
      10.99918270111084,
      4.361720085144043,
      13.93718147277832,
      7.203124046325684,
      14.505288124084473,
      9.799524307250977,
      18.1774959564209,
      13.893281936645508,
      16.74974250793457,
      14.311766624450684,
      16.848331451416016,
      15.258885383605957
    ],
    [
      7.744250297546387,
      9.595027923583984,
      27.50878143310547,
      38.78459167480469,
      10.662849426269531,
      12.261958122253418,
      10.533424377441406,
      9.065755844116211,
      15.47052001953125,
      11.81362533569336,
      16.195337295532227,
      14.439346313476562,
      16.188791275024414,
      14.123388290405273,
      14.391101837158203,
      12.81045913696289,
      15.3925142288208,
      14.020486831665039
    ],
    [
      3.9476406574249268,
      5.168197154998779,
      11.772080421447754,
      10.662849426269531,
      36.72385787963867,
      35.76381301879883,
      25.8704776763916,
      26.97039031982422,
      25.47689437866211,
      22.883342742919922,
      25.806644439697266,
      24.20992088317871,
      21.801753997802734,
      22.703937530517578,
      21.25235366821289,
      21.711915969848633,
      19.52719497680664,
      18.459352493286133
    ],
    [
      -0.38835790753364563,
      1.0653493404388428,
      8.022385597229004,
      12.261958122253418,
      35.76381301879883,
      60.865013122558594,
      27.87825584411621,
      46.006900787353516,
      28.00722312927246,
      39.93238067626953,
      28.079591751098633,
      38.866371154785156,
      17.526214599609375,
      25.42726707458496,
      17.27034568786621,
      21.200054168701172,
      16.744842529296875,
      16.66039276123047
    ],
    [
      8.449724197387695,
      9.299917221069336,
      10.99918270111084,
      10.533424377441406,
      25.8704776763916,
      27.87825584411621,
      39.65334701538086,
      41.0112190246582,
      22.6127986907959,
      20.333972930908203,
      24.101211547851562,
      23.215774536132812,
      23.629587173461914,
      25.160860061645508,
      21.89663314819336,
      23.141414642333984,
      23.62903594970703,
      22.72005271911621
    ],
    [
      2.461229085922241,
      3.3959970474243164,
      4.361720085144043,
      9.065755844116211,
      26.97039031982422,
      46.006900787353516,
      41.0112190246582,
      69.57653045654297,
      24.227489471435547,
      36.98249816894531,
      24.93886947631836,
      35.71380615234375,
      15.707823753356934,
      25.825180053710938,
      14.868094444274902,
      21.15446662902832,
      18.3555908203125,
      19.04541778564453
    ],
    [
      5.188950061798096,
      6.2707414627075195,
      13.93718147277832,
      15.47052001953125,
      25.47689437866211,
      28.00722312927246,
      22.6127986907959,
      24.227489471435547,
      39.15620422363281,
      36.543392181396484,
      35.13302230834961,
      33.74702835083008,
      30.002107620239258,
      32.49447250366211,
      28.521760940551758,
      29.249984741210938,
      26.982147216796875,
      25.701889038085938
    ],
    [
      -1.6731462478637695,
      -1.376906156539917,
      7.203124046325684,
      11.81362533569336,
      22.883342742919922,
      39.93238067626953,
      20.333972930908203,
      36.98249816894531,
      36.543392181396484,
      57.58283233642578,
      33.25688552856445,
      46.015480041503906,
      22.806150436401367,
      32.83889389038086,
      22.41400718688965,
      27.424575805664062,
      21.044485092163086,
      21.395875930786133
    ],
    [
      4.721474647521973,
      5.26101016998291,
      14.505288124084473,
      16.195337295532227,
      25.806644439697266,
      28.079591751098633,
      24.101211547851562,
      24.93886947631836,
      35.13302230834961,
      33.25688552856445,
      46.3735466003418,
      40.57029342651367,
      35.79981994628906,
      37.720462799072266,
      34.57624816894531,
      34.708457946777344,
      31.883455276489258,
      30.204004287719727
    ],
    [
      -0.7107901573181152,
      -0.33009257912635803,
      9.799524307250977,
      14.439346313476562,
      24.20992088317871,
      38.866371154785156,
      23.215774536132812,
      35.71380615234375,
      33.74702835083008,
      46.015480041503906,
      40.57029342651367,
      53.002899169921875,
      29.559776306152344,
      38.89883041381836,
      28.777738571166992,
      33.49037551879883,
      27.08001708984375,
      27.16870880126953
    ],
    [
      9.690567970275879,
      9.32960319519043,
      18.1774959564209,
      16.188791275024414,
      21.801753997802734,
      17.526214599609375,
      23.629587173461914,
      15.707823753356934,
      30.002107620239258,
      22.806150436401367,
      35.79981994628906,
      29.559776306152344,
      62.85067367553711,
      60.5711784362793,
      66.30797576904297,
      64.58084106445312,
      64.52982330322266,
      60.84229278564453
    ],
    [
      3.8331730365753174,
      2.930237054824829,
      13.893281936645508,
      14.123388290405273,
      22.703937530517578,
      25.42726707458496,
      25.160860061645508,
      25.825180053710938,
      32.49447250366211,
      32.83889389038086,
      37.720462799072266,
      38.89883041381836,
      60.5711784362793,
      70.74164581298828,
      66.17588806152344,
      71.42318725585938,
      64.39801788330078,
      63.950565338134766
    ],
    [
      6.1035966873168945,
      5.828652381896973,
      16.74974250793457,
      14.391101837158203,
      21.25235366821289,
      17.27034568786621,
      21.89663314819336,
      14.868094444274902,
      28.521760940551758,
      22.41400718688965,
      34.57624816894531,
      28.777738571166992,
      66.30797576904297,
      66.17588806152344,
      83.00129699707031,
      80.99225616455078,
      77.340087890625,
      72.92755889892578
    ],
    [
      3.01271390914917,
      2.454277276992798,
      14.311766624450684,
      12.81045913696289,
      21.711915969848633,
      21.200054168701172,
      23.141414642333984,
      21.15446662902832,
      29.249984741210938,
      27.424575805664062,
      34.708457946777344,
      33.49037551879883,
      64.58084106445312,
      71.42318725585938,
      80.99225616455078,
      86.22956085205078,
      76.41031646728516,
      74.93226623535156
    ],
    [
      9.921635627746582,
      9.805109977722168,
      16.848331451416016,
      15.3925142288208,
      19.52719497680664,
      16.744842529296875,
      23.62903594970703,
      18.3555908203125,
      26.982147216796875,
      21.044485092163086,
      31.883455276489258,
      27.08001708984375,
      64.52982330322266,
      64.39801788330078,
      77.340087890625,
      76.41031646728516,
      85.57182312011719,
      80.54895782470703
    ],
    [
      7.984079360961914,
      7.729192733764648,
      15.258885383605957,
      14.020486831665039,
      18.459352493286133,
      16.66039276123047,
      22.72005271911621,
      19.04541778564453,
      25.701889038085938,
      21.395875930786133,
      30.204004287719727,
      27.16870880126953,
      60.84229278564453,
      63.950565338134766,
      72.92755889892578,
      74.93226623535156,
      80.54895782470703,
      78.08883666992188
    ]
  ],
  "damage": -9.773937225341797,
  "diff_bandwidth": 748.8178100585938,
  "dissonance": 9.019657551412452,
  "drr": 5.164198398590088,
  "dynamics": 3.0173323154449463,
  "format": 1245190,
  "frames": 7243776,
  "loudness": -14.01634407043457,
  "loudness_range": 6.084749221801758,
  "loudness_range_short": 11.179963111877441,
  "lowpass_true_peak_15khz": 0.003770249430090189,
  "mastering3_acoustic_entropies": [
    {
      "acoustic_entropy": 5.931173324584961,
      "acoustic_entropy_mono": 6.0253801345825195,
      "band_eliminated_acoustic_entropies": [
        {
          "acoustic_entropy": 5.888172626495361,
          "acoustic_entropy_side": 5.929037570953369,
          "hz": 129.47220167065723
        },
        {
          "acoustic_entropy": 5.720248699188232,
          "acoustic_entropy_side": 6.151224136352539,
          "hz": 202.92927478742237
        },
        {
          "acoustic_entropy": 6.010140419006348,
          "acoustic_entropy_side": 5.977344036102295,
          "hz": 282.89161906338205
        },
        {
          "acoustic_entropy": 6.150702476501465,
          "acoustic_entropy_side": 5.931358337402344,
          "hz": 369.9353335868758
        },
        {
          "acoustic_entropy": 6.406430244445801,
          "acoustic_entropy_side": 6.020511627197266,
          "hz": 464.6875360973435
        },
        {
          "acoustic_entropy": 6.858897686004639,
          "acoustic_entropy_side": 5.984223365783691,
          "hz": 567.8308811364784
        },
        {
          "acoustic_entropy": 6.343443393707275,
          "acoustic_entropy_side": 5.905642509460449,
          "hz": 680.1084783214808
        },
        {
          "acoustic_entropy": 6.33887243270874,
          "acoustic_entropy_side": 5.884631633758545,
          "hz": 802.3292461747484
        },
        {
          "acoustic_entropy": 6.004377841949463,
          "acoustic_entropy_side": 6.189840793609619,
          "hz": 935.3737400823702
        },
        {
          "acoustic_entropy": 5.2968268394470215,
          "acoustic_entropy_side": 6.184139728546143,
          "hz": 1080.2004963696966
        },
        {
          "acoustic_entropy": 6.0584306716918945,
          "acoustic_entropy_side": 6.244457244873047,
          "hz": 1237.8529382007157
        },
        {
          "acoustic_entropy": 6.159727573394775,
          "acoustic_entropy_side": 6.168698310852051,
          "hz": 1409.4668930556702
        },
        {
          "acoustic_entropy": 6.2530388832092285,
          "acoustic_entropy_side": 6.151576042175293,
          "hz": 1596.2787759475705
        },
        {
          "acoustic_entropy": 6.3257880210876465,
          "acoustic_entropy_side": 6.046573638916016,
          "hz": 1799.6344973346393
        },
        {
          "acoustic_entropy": 6.009906768798828,
          "acoustic_entropy_side": 5.756104469299316,
          "hz": 2020.9991599069049
        },
        {
          "acoustic_entropy": 5.943469524383545,
          "acoustic_entropy_side": 6.0586347579956055,
          "hz": 2261.9676141086993
        },
        {
          "acoustic_entropy": 5.958324909210205,
          "acoustic_entropy_side": 5.981367588043213,
          "hz": 2524.2759484456974
        },
        {
          "acoustic_entropy": 5.627167224884033,
          "acoustic_entropy_side": 5.907680034637451,
          "hz": 2809.813997359896
        },
        {
          "acoustic_entropy": 6.215438365936279,
          "acoustic_entropy_side": 6.10087251663208,
          "hz": 3120.6389567871424
        },
        {
          "acoustic_entropy": 6.107131481170654,
          "acoustic_entropy_side": 5.901318550109863,
          "hz": 3458.990205492291
        },
        {
          "acoustic_entropy": 6.3292012214660645,
          "acoustic_entropy_side": 6.0360846519470215,
          "hz": 3827.305438964164
        },
        {
          "acoustic_entropy": 6.055689811706543,
          "acoustic_entropy_side": 5.930248260498047,
          "hz": 4228.238232109126
        },
        {
          "acoustic_entropy": 5.894650459289551,
          "acoustic_entropy_side": 5.9444899559021,
          "hz": 4664.6771572759235
        },
        {
          "acoustic_entropy": 5.8532257080078125,
          "acoustic_entropy_side": 5.9375762939453125,
          "hz": 5139.766595350093
        },
        {
          "acoustic_entropy": 5.835051536560059,
          "acoustic_entropy_side": 5.932638168334961,
          "hz": 5656.929389854203
        },
        {
          "acoustic_entropy": 5.862283229827881,
          "acoustic_entropy_side": 5.941301345825195,
          "hz": 6219.891507268283
        },
        {
          "acoustic_entropy": 5.915792465209961,
          "acoustic_entropy_side": 5.954831123352051,
          "hz": 6832.70888123896
        },
        {
          "acoustic_entropy": 5.926276683807373,
          "acoustic_entropy_side": 5.941241264343262,
          "hz": 7499.796634079867
        },
        {
          "acoustic_entropy": 5.905566692352295,
          "acoustic_entropy_side": 5.931158542633057,
          "hz": 8225.96088609342
        },
        {
          "acoustic_entropy": 5.913859844207764,
          "acoustic_entropy_side": 5.92949104309082,
          "hz": 9016.43338188839
        },
        {
          "acoustic_entropy": 5.898769855499268,
          "acoustic_entropy_side": 5.900240898132324,
          "hz": 9876.909183162974
        },
        {
          "acoustic_entropy": 5.904998779296875,
          "acoustic_entropy_side": 5.890755653381348,
          "hz": 10813.587699516042
        },
        {
          "acoustic_entropy": 5.922336101531982,
          "acoustic_entropy_side": 5.896936416625977,
          "hz": 11833.21735289826
        },
        {
          "acoustic_entropy": 5.925131797790527,
          "acoustic_entropy_side": 5.919314384460449,
          "hz": 12943.144197493959
        },
        {
          "acoustic_entropy": 5.928218364715576,
          "acoustic_entropy_side": 5.926558017730713,
          "hz": 14151.364845322005
        },
        {
          "acoustic_entropy": 5.9298858642578125,
          "acoustic_entropy_side": 5.930148601531982,
          "hz": 15466.58407886509
        },
        {
          "acoustic_entropy": 5.930855751037598,
          "acoustic_entropy_side": 5.9310126304626465,
          "hz": 16898.27756580493
        },
        {
          "acoustic_entropy": 5.931145191192627,
          "acoustic_entropy_side": 5.931159973144531,
          "hz": 18456.760127700032
        },
        {
          "acoustic_entropy": 5.931164264678955,
          "acoustic_entropy_side": 5.931169033050537,
          "hz": 20153.260054456492
        },
        {
          "acoustic_entropy": 5.931172847747803,
          "acoustic_entropy_side": 5.9311723709106445,
          "hz": 22000.00000000001
        }
      ],
      "diff_acoustic_entropy": 6.128049850463867,
      "sn": 6
    },
    {
      "acoustic_entropy": 10.535820007324219,
      "acoustic_entropy_mono": 9.52042007446289,
      "band_eliminated_acoustic_entropies": [
        {
          "acoustic_entropy": 10.377527236938477,
          "acoustic_entropy_side": 10.531529426574707,
          "hz": 129.47220167065723
        },
        {
          "acoustic_entropy": 9.789133071899414,
          "acoustic_entropy_side": 10.994441032409668,
          "hz": 202.92927478742237
        },
        {
          "acoustic_entropy": 10.35612678527832,
          "acoustic_entropy_side": 10.443554878234863,
          "hz": 282.89161906338205
        },
        {
          "acoustic_entropy": 10.709794998168945,
          "acoustic_entropy_side": 10.625896453857422,
          "hz": 369.9353335868758
        },
        {
          "acoustic_entropy": 10.248006820678711,
          "acoustic_entropy_side": 10.409810066223145,
          "hz": 464.6875360973435
        },
        {
          "acoustic_entropy": 11.392977714538574,
          "acoustic_entropy_side": 11.072206497192383,
          "hz": 567.8308811364784
        },
        {
          "acoustic_entropy": 10.813956260681152,
          "acoustic_entropy_side": 10.335897445678711,
          "hz": 680.1084783214808
        },
        {
          "acoustic_entropy": 10.82889175415039,
          "acoustic_entropy_side": 10.502487182617188,
          "hz": 802.3292461747484
        },
        {
          "acoustic_entropy": 10.400263786315918,
          "acoustic_entropy_side": 10.634265899658203,
          "hz": 935.3737400823702
        },
        {
          "acoustic_entropy": 9.881599426269531,
          "acoustic_entropy_side": 10.144204139709473,
          "hz": 1080.2004963696966
        },
        {
          "acoustic_entropy": 10.4767484664917,
          "acoustic_entropy_side": 10.401355743408203,
          "hz": 1237.8529382007157
        },
        {
          "acoustic_entropy": 10.500288963317871,
          "acoustic_entropy_side": 10.55263900756836,
          "hz": 1409.4668930556702
        },
        {
          "acoustic_entropy": 10.088305473327637,
          "acoustic_entropy_side": 10.356813430786133,
          "hz": 1596.2787759475705
        },
        {
          "acoustic_entropy": 11.179981231689453,
          "acoustic_entropy_side": 11.095614433288574,
          "hz": 1799.6344973346393
        },
        {
          "acoustic_entropy": 10.76239013671875,
          "acoustic_entropy_side": 10.55591869354248,
          "hz": 2020.9991599069049
        },
        {
          "acoustic_entropy": 10.439749717712402,
          "acoustic_entropy_side": 10.326397895812988,
          "hz": 2261.9676141086993
        },
        {
          "acoustic_entropy": 10.578621864318848,
          "acoustic_entropy_side": 10.681821823120117,
          "hz": 2524.2759484456974
        },
        {
          "acoustic_entropy": 10.597482681274414,
          "acoustic_entropy_side": 10.500032424926758,
          "hz": 2809.813997359896
        },
        {
          "acoustic_entropy": 10.791568756103516,
          "acoustic_entropy_side": 10.545552253723145,
          "hz": 3120.6389567871424
        },
        {
          "acoustic_entropy": 10.548820495605469,
          "acoustic_entropy_side": 10.522852897644043,
          "hz": 3458.990205492291
        },
        {
          "acoustic_entropy": 10.244742393493652,
          "acoustic_entropy_side": 10.596230506896973,
          "hz": 3827.305438964164
        },
        {
          "acoustic_entropy": 10.531225204467773,
          "acoustic_entropy_side": 10.563821792602539,
          "hz": 4228.238232109126
        },
        {
          "acoustic_entropy": 10.4935884475708,
          "acoustic_entropy_side": 10.552724838256836,
          "hz": 4664.6771572759235
        },
        {
          "acoustic_entropy": 10.518442153930664,
          "acoustic_entropy_side": 10.57094955444336,
          "hz": 5139.766595350093
        },
        {
          "acoustic_entropy": 10.518631935119629,
          "acoustic_entropy_side": 10.589811325073242,
          "hz": 5656.929389854203
        },
        {
          "acoustic_entropy": 10.513373374938965,
          "acoustic_entropy_side": 10.58078670501709,
          "hz": 6219.891507268283
        },
        {
          "acoustic_entropy": 10.559228897094727,
          "acoustic_entropy_side": 10.59163761138916,
          "hz": 6832.70888123896
        },
        {
          "acoustic_entropy": 10.505861282348633,
          "acoustic_entropy_side": 10.544623374938965,
          "hz": 7499.796634079867
        },
        {
          "acoustic_entropy": 10.498074531555176,
          "acoustic_entropy_side": 10.530333518981934,
          "hz": 8225.96088609342
        },
        {
          "acoustic_entropy": 10.449536323547363,
          "acoustic_entropy_side": 10.474660873413086,
          "hz": 9016.43338188839
        },
        {
          "acoustic_entropy": 10.60373306274414,
          "acoustic_entropy_side": 10.55901050567627,
          "hz": 9876.909183162974
        },
        {
          "acoustic_entropy": 10.677310943603516,
          "acoustic_entropy_side": 10.537412643432617,
          "hz": 10813.587699516042
        },
        {
          "acoustic_entropy": 10.54504680633545,
          "acoustic_entropy_side": 10.483034133911133,
          "hz": 11833.21735289826
        },
        {
          "acoustic_entropy": 10.555535316467285,
          "acoustic_entropy_side": 10.513508796691895,
          "hz": 12943.144197493959
        },
        {
          "acoustic_entropy": 10.553017616271973,
          "acoustic_entropy_side": 10.524922370910645,
          "hz": 14151.364845322005
        },
        {
          "acoustic_entropy": 10.539790153503418,
          "acoustic_entropy_side": 10.536319732666016,
          "hz": 15466.58407886509
        },
        {
          "acoustic_entropy": 10.538290977478027,
          "acoustic_entropy_side": 10.53614616394043,
          "hz": 16898.27756580493
        },
        {
          "acoustic_entropy": 10.53626823425293,
          "acoustic_entropy_side": 10.535955429077148,
          "hz": 18456.760127700032
        },
        {
          "acoustic_entropy": 10.536001205444336,
          "acoustic_entropy_side": 10.535905838012695,
          "hz": 20153.260054456492
        },
        {
          "acoustic_entropy": 10.5358304977417,
          "acoustic_entropy_side": 10.535823822021484,
          "hz": 22000.00000000001
        }
      ],
      "diff_acoustic_entropy": 10.9291353225708,
      "sn": 12
    },
    {
      "acoustic_entropy": 17.966205596923828,
      "acoustic_entropy_mono": 13.193349838256836,
      "band_eliminated_acoustic_entropies": [
        {
          "acoustic_entropy": 17.670242309570312,
          "acoustic_entropy_side": 18.158706665039062,
          "hz": 129.47220167065723
        },
        {
          "acoustic_entropy": 18.356761932373047,
          "acoustic_entropy_side": 18.13100242614746,
          "hz": 202.92927478742237
        },
        {
          "acoustic_entropy": 17.673490524291992,
          "acoustic_entropy_side": 18.09462547302246,
          "hz": 282.89161906338205
        },
        {
          "acoustic_entropy": 17.426136016845703,
          "acoustic_entropy_side": 17.908395767211914,
          "hz": 369.9353335868758
        },
        {
          "acoustic_entropy": 16.54436492919922,
          "acoustic_entropy_side": 17.455482482910156,
          "hz": 464.6875360973435
        },
        {
          "acoustic_entropy": 17.3341121673584,
          "acoustic_entropy_side": 17.23394012451172,
          "hz": 567.8308811364784
        },
        {
          "acoustic_entropy": 17.74573516845703,
          "acoustic_entropy_side": 18.00864028930664,
          "hz": 680.1084783214808
        },
        {
          "acoustic_entropy": 17.66705894470215,
          "acoustic_entropy_side": 17.83774757385254,
          "hz": 802.3292461747484
        },
        {
          "acoustic_entropy": 17.637664794921875,
          "acoustic_entropy_side": 17.67064094543457,
          "hz": 935.3737400823702
        },
        {
          "acoustic_entropy": 17.431180953979492,
          "acoustic_entropy_side": 17.668893814086914,
          "hz": 1080.2004963696966
        },
        {
          "acoustic_entropy": 17.57755470275879,
          "acoustic_entropy_side": 17.62065315246582,
          "hz": 1237.8529382007157
        },
        {
          "acoustic_entropy": 17.79680633544922,
          "acoustic_entropy_side": 17.85235595703125,
          "hz": 1409.4668930556702
        },
        {
          "acoustic_entropy": 17.492441177368164,
          "acoustic_entropy_side": 17.440631866455078,
          "hz": 1596.2787759475705
        },
        {
          "acoustic_entropy": 17.93292999267578,
          "acoustic_entropy_side": 18.000343322753906,
          "hz": 1799.6344973346393
        },
        {
          "acoustic_entropy": 18.124937057495117,
          "acoustic_entropy_side": 17.860044479370117,
          "hz": 2020.9991599069049
        },
        {
          "acoustic_entropy": 17.338945388793945,
          "acoustic_entropy_side": 17.495254516601562,
          "hz": 2261.9676141086993
        },
        {
          "acoustic_entropy": 17.881511688232422,
          "acoustic_entropy_side": 17.949085235595703,
          "hz": 2524.2759484456974
        },
        {
          "acoustic_entropy": 17.863245010375977,
          "acoustic_entropy_side": 17.935304641723633,
          "hz": 2809.813997359896
        },
        {
          "acoustic_entropy": 18.349285125732422,
