{
  "acoustic_entropy": 180.51084899902344,
  "bands": [
    {
      "high_freq": 148.1999969482422,
      "loudness": -34.281986236572266,
      "loudness_range": 18.52034568786621,
      "mid_mean": -30.757070541381836,
      "mid_to_side_loudness": -17.501876831054688,
      "mid_to_side_loudness_range": 9.044710159301758,
      "side_mean": -51.164939880371094
    },
    {
      "high_freq": 392.3793640136719,
      "loudness": -30.143321990966797,
      "loudness_range": 14.788127899169922,
      "low_freq": 148.1999969482422,
      "mid_mean": -26.624605178833008,
      "mid_to_side_loudness": -13.995153427124023,
      "mid_to_side_loudness_range": 8.4827241897583,
      "side_mean": -41.13372039794922
    },
    {
      "high_freq": 794.6976318359375,
      "loudness": -33.16194534301758,
      "loudness_range": 16.779651641845703,
      "low_freq": 392.3793640136719,
      "mid_mean": -29.742847442626953,
      "mid_to_side_loudness": -13.004891395568848,
      "mid_to_side_loudness_range": 8.44166088104248,
      "side_mean": -43.24552536010742
    },
    {
      "high_freq": 1457.5709228515625,
      "loudness": -35.056640625,
      "loudness_range": 19.08407974243164,
      "low_freq": 794.6976318359375,
      "mid_mean": -31.653270721435547,
      "mid_to_side_loudness": -12.774101257324219,
      "mid_to_side_loudness_range": 9.361603736877441,
      "side_mean": -44.804569244384766
    },
    {
      "high_freq": 2549.74365234375,
      "loudness": -34.01628494262695,
      "loudness_range": 17.85650062561035,
      "low_freq": 1457.5709228515625,
      "mid_mean": -30.6019344329834,
      "mid_to_side_loudness": -12.391335487365723,
      "mid_to_side_loudness_range": 8.466875076293945,
      "side_mean": -43.30503845214844
    },
    {
      "high_freq": 4349.24462890625,
      "loudness": -35.454654693603516,
      "loudness_range": 19.639833450317383,
      "low_freq": 2549.74365234375,
      "mid_mean": -32.2607307434082,
      "mid_to_side_loudness": -10.172203063964844,
      "mid_to_side_loudness_range": 8.75082015991211,
      "side_mean": -42.57071304321289
    },
    {
      "high_freq": 7314.1640625,
      "loudness": -39.730735778808594,
      "loudness_range": 24.392223358154297,
      "low_freq": 4349.24462890625,
      "mid_mean": -36.76950454711914,
      "mid_to_side_loudness": -8.876888275146484,
      "mid_to_side_loudness_range": 10.392248153686523,
      "side_mean": -45.757484436035156
    },
    {
      "high_freq": 12199.2666015625,
      "loudness": -46.86473846435547,
      "loudness_range": 26.104183197021484,
      "low_freq": 7314.1640625,
      "mid_mean": -44.25666809082031,
      "mid_to_side_loudness": -7.237641334533691,
      "mid_to_side_loudness_range": 8.863980293273926,
      "side_mean": -51.924156188964844
    },
    {
      "loudness": -54.273258209228516,
      "loudness_range": 24.471996307373047,
      "low_freq": 12199.2666015625,
      "mid_mean": -54.022769927978516,
      "mid_to_side_loudness": -7.4071807861328125,
      "mid_to_side_loudness_range": 7.506893157958984,
      "side_mean": -59.850318908691406
    }
  ],
  "bands_short": [
    {
      "high_freq": 148.1999969482422,
      "loudness": -39.51227951049805,
      "loudness_range": 22.161043167114258,
      "mid_mean": -36.23921203613281,
      "mid_to_side_loudness": -19.491945266723633,
      "mid_to_side_loudness_range": 16.381134033203125,
      "side_mean": -57.812015533447266
    },
    {
      "high_freq": 392.3793640136719,
      "loudness": -30.765047073364258,
      "loudness_range": 18.74062728881836,
      "low_freq": 148.1999969482422,
      "mid_mean": -27.28798484802246,
      "mid_to_side_loudness": -13.710880279541016,
      "mid_to_side_loudness_range": 10.704509735107422,
      "side_mean": -41.57295608520508
    },
    {
      "high_freq": 794.6976318359375,
      "loudness": -34.26294708251953,
      "loudness_range": 20.031522750854492,
      "low_freq": 392.3793640136719,
      "mid_mean": -30.909076690673828,
      "mid_to_side_loudness": -12.686195373535156,
      "mid_to_side_loudness_range": 11.261222839355469,
      "side_mean": -44.20899200439453
    },
    {
      "high_freq": 1457.5709228515625,
      "loudness": -36.095489501953125,
      "loudness_range": 22.17361831665039,
      "low_freq": 794.6976318359375,
      "mid_mean": -32.761322021484375,
      "mid_to_side_loudness": -12.309868812561035,
      "mid_to_side_loudness_range": 11.150850296020508,
      "side_mean": -45.51639175415039
    },
    {
      "high_freq": 2549.74365234375,
      "loudness": -35.32987976074219,
      "loudness_range": 20.91354751586914,
      "low_freq": 1457.5709228515625,
      "mid_mean": -31.971412658691406,
      "mid_to_side_loudness": -12.123739242553711,
      "mid_to_side_loudness_range": 9.7384033203125,
      "side_mean": -44.48512649536133
    },
    {
      "high_freq": 4349.24462890625,
      "loudness": -36.41786575317383,
      "loudness_range": 22.974531173706055,
      "low_freq": 2549.74365234375,
      "mid_mean": -33.28805160522461,
      "mid_to_side_loudness": -9.987098693847656,
      "mid_to_side_loudness_range": 9.367866516113281,
      "side_mean": -43.48151397705078
    },
    {
      "high_freq": 7314.1640625,
      "loudness": -40.658111572265625,
      "loudness_range": 27.622325897216797,
      "low_freq": 4349.24462890625,
      "mid_mean": -37.83955383300781,
      "mid_to_side_loudness": -8.681153297424316,
      "mid_to_side_loudness_range": 10.430267333984375,
      "side_mean": -46.849281311035156
    },
    {
      "high_freq": 12199.2666015625,
      "loudness": -47.41020202636719,
      "loudness_range": 27.989444732666016,
      "low_freq": 7314.1640625,
      "mid_mean": -45.31622314453125,
      "mid_to_side_loudness": -7.2051801681518555,
      "mid_to_side_loudness_range": 9.17916202545166,
      "side_mean": -53.11126708984375
    },
    {
      "loudness": -54.82132339477539,
      "loudness_range": 24.010311126708984,
      "low_freq": 12199.2666015625,
      "mid_mean": -55.24803924560547,
      "mid_to_side_loudness": -7.6745805740356445,
      "mid_to_side_loudness_range": 8.593017578125,
      "side_mean": -61.004520416259766
    }
  ],
  "bandwidth": 701.9052124023438,
  "channels": 2,
  "covariance": [
    [
      42.12056350708008,
      38.44685363769531,
      21.17362403869629,
      16.31572151184082,
      10.836496353149414,
      8.661760330200195,
      11.230095863342285,
      8.95036792755127,
      8.641233444213867,
      7.681493282318115,
      7.415937423706055,
      7.2312750816345215,
      6.056795120239258,
      6.470340728759766,
      2.624659776687622,
      4.987728595733643,
      2.436784505844116,
      3.3970017433166504
    ],
    [
      38.44685363769531,
      80.41557312011719,
      29.120235443115234,
      23.608165740966797,
      30.454330444335938,
      28.91224479675293,
      30.56342315673828,
      27.684005737304688,
      26.771621704101562,
      23.218772888183594,
      30.63482666015625,
      29.44521141052246,
      29.443273544311523,
      30.47357940673828,
      24.754135131835938,
      30.941308975219727,
      29.803247451782227,
      20.99633026123047
    ],
    [
      21.17362403869629,
      29.120235443115234,
      30.54763412475586,
      26.27577781677246,
      17.131118774414062,
      14.505101203918457,
      12.776594161987305,
      13.367630004882812,
      12.752402305603027,
      13.03715705871582,
      12.441350936889648,
      11.957633972167969,
      9.05100154876709,
      9.138321876525879,
      2.2813823223114014,
      6.127831935882568,
      0.42151394486427307,
      1.2413671016693115
    ],
    [
      16.31572151184082,
      23.608165740966797,
      26.27577781677246,
      29.43614959716797,
      15.486180305480957,
      15.274026870727539,
      11.615579605102539,
      13.265151023864746,
      11.28534984588623,
      12.46335220336914,
      11.25076961517334,
      11.980456352233887,
      8.326895713806152,
      9.817950248718262,
      1.9290837049484253,
      7.707004070281982,
      -0.4811951816082001,
      0.7271278500556946
    ],
    [
      10.836496353149414,
      30.454330444335938,
      17.131118774414062,
      15.486180305480957,
      42.3065071105957,
      32.84485626220703,
      30.87764549255371,
      25.19355010986328,
      29.122285842895508,
      23.57119369506836,
      32.07708740234375,
      26.436243057250977,
      36.696998596191406,
      29.780611038208008,
      32.00187683105469,
      29.379718780517578,
      30.368179321289062,
      22.097007751464844
    ],
    [
      8.661760330200195,
      28.91224479675293,
      14.505101203918457,
      15.274026870727539,
      32.84485626220703,
      37.56300735473633,
      29.13970184326172,
      25.531423568725586,
      26.438745498657227,
      22.286781311035156,
      29.949291229248047,
      26.786266326904297,
      34.128395080566406,
      30.24955177307129,
      31.006322860717773,
      30.38138198852539,
      28.56315040588379,
      20.971900939941406
    ],
    [
      11.230095863342285,
      30.56342315673828,
      12.776594161987305,
      11.615579605102539,
      30.87764549255371,
      29.13970184326172,
      48.599483489990234,
      35.57750701904297,
      39.097537994384766,
      29.874378204345703,
      40.1794319152832,
      32.52598190307617,
      44.94071578979492,
      37.039302825927734,
      42.46686553955078,
      38.24286651611328,
      41.330875396728516,
      29.920364379882812
    ],
    [
      8.95036792755127,
      27.684005737304688,
      13.367630004882812,
      13.265151023864746,
      25.19355010986328,
      25.531423568725586,
      35.57750701904297,
      37.329795837402344,
      31.99344253540039,
      28.58867645263672,
      32.36803436279297,
      29.913846969604492,
      35.11494064331055,
      33.148738861083984,
      33.91415786743164,
      34.42182922363281,
      33.976829528808594,
      24.994564056396484
    ],
    [
      8.641233444213867,
      26.771621704101562,
      12.752402305603027,
      11.28534984588623,
      29.122285842895508,
      26.438745498657227,
      39.097537994384766,
      31.99344253540039,
      44.61235046386719,
      32.824283599853516,
      42.210811614990234,
      34.703216552734375,
      47.4969367980957,
      39.36436080932617,
      43.636329650878906,
      39.224308013916016,
      41.77019500732422,
      30.1112117767334
    ],
    [
      7.681493282318115,
      23.218772888183594,
      13.03715705871582,
      12.46335220336914,
      23.57119369506836,
      22.286781311035156,
      29.874378204345703,
      28.58867645263672,
      32.824283599853516,
      32.7895393371582,
      33.311676025390625,
      31.780237197875977,
      36.60649490356445,
      34.4388427734375,
      34.65882873535156,
      35.75896453857422,
      33.72653579711914,
      25.49818229675293
    ],
    [
      7.415937423706055,
      30.63482666015625,
      12.441350936889648,
      11.25076961517334,
      32.07708740234375,
      29.949291229248047,
      40.1794319152832,
      32.36803436279297,
      42.210811614990234,
      33.311676025390625,
      53.1328239440918,
      43.66877746582031,
      56.9259147644043,
      49.13533020019531,
      53.43193817138672,
      48.82072448730469,
      49.61174774169922,
      36.71915054321289
    ],
    [
      7.2312750816345215,
      29.44521141052246,
      11.957633972167969,
      11.980456352233887,
      26.436243057250977,
      26.786266326904297,
      32.52598190307617,
      29.913846969604492,
      34.703216552734375,
      31.780237197875977,
      43.66877746582031,
      46.54172134399414,
      48.20777893066406,
      50.464385986328125,
      48.32661437988281,
      50.647857666015625,
      45.25235366821289,
      36.016239166259766
    ],
    [
      6.056795120239258,
      29.443273544311523,
      9.05100154876709,
      8.326895713806152,
      36.696998596191406,
      34.128395080566406,
      44.94071578979492,
      35.11494064331055,
      47.4969367980957,
      36.60649490356445,
      56.9259147644043,
      48.20777893066406,
      74.68374633789062,
      61.016326904296875,
      70.2541275024414,
      62.32810974121094,
      65.68441009521484,
      49.3117561340332
    ],
    [
      6.470340728759766,
      30.47357940673828,
      9.138321876525879,
      9.817950248718262,
      29.780611038208008,
      30.24955177307129,
      37.039302825927734,
      33.148738861083984,
      39.36436080932617,
      34.4388427734375,
      49.13533020019531,
      50.464385986328125,
      61.016326904296875,
      64.56424713134766,
      63.434242248535156,
      65.0962142944336,
      59.34880828857422,
      48.13690948486328
    ],
    [
      2.624659776687622,
      24.754135131835938,
      2.2813823223114014,
      1.9290837049484253,
      32.00187683105469,
      31.006322860717773,
      42.46686553955078,
      33.91415786743164,
      43.636329650878906,
      34.65882873535156,
      53.43193817138672,
      48.32661437988281,
      70.2541275024414,
      63.434242248535156,
      79.4708251953125,
      71.6062240600586,
      76.80220794677734,
      58.5909538269043
    ],
    [
      4.987728595733643,
      30.941308975219727,
      6.127831935882568,
      7.707004070281982,
      29.379718780517578,
      30.38138198852539,
      38.24286651611328,
      34.42182922363281,
      39.224308013916016,
      35.75896453857422,
      48.82072448730469,
      50.647857666015625,
      62.32810974121094,
      65.0962142944336,
      71.6062240600586,
      82.87046813964844,
      75.51102447509766,
      61.123966217041016
    ],
    [
      2.436784505844116,
      29.803247451782227,
      0.42151394486427307,
      -0.4811951816082001,
      30.368179321289062,
      28.56315040588379,
      41.330875396728516,
      33.976829528808594,
      41.77019500732422,
      33.72653579711914,
      49.61174774169922,
      45.25235366821289,
      65.68441009521484,
      59.34880828857422,
      76.80220794677734,
      75.51102447509766,
      91.95428466796875,
      67.46119689941406
    ],
    [
      3.3970017433166504,
      20.99633026123047,
      1.2413671016693115,
      0.7271278500556946,
      22.097007751464844,
      20.971900939941406,
      29.920364379882812,
      24.994564056396484,
      30.1112117767334,
      25.49818229675293,
      36.71915054321289,
      36.016239166259766,
      49.3117561340332,
      48.13690948486328,
      58.5909538269043,
      61.123966217041016,
      67.46119689941406,
      54.83834457397461
    ]
  ],
  "covariance_short": [
    [
      65.60497283935547,
      38.44526672363281,
      15.70510196685791,
      12.60328197479248,
      16.86685562133789,
      14.086956977844238,
      20.123109817504883,
      17.236682891845703,
      19.08989906311035,
      17.52940559387207,
      19.866832733154297,
      20.69337272644043,
      23.371524810791016,
      25.26679801940918,
      26.56597328186035,
      30.116064071655273,
      30.342304229736328,
      25.4813289642334
    ],
    [
      38.44526672363281,
      51.1777229309082,
      17.410110473632812,
      16.5399227142334,
      24.091514587402344,
      24.05693817138672,
      25.67959976196289,
      23.350074768066406,
      22.825889587402344,
      20.29261589050293,
      26.45418930053711,
      26.221860885620117,
      29.5333251953125,
      30.81938934326172,
      31.060461044311523,
      35.44627380371094,
      35.527870178222656,
      26.126514434814453
    ],
    [
      15.70510196685791,
      17.410110473632812,
      43.398765563964844,
      33.698143005371094,
      19.9514217376709,
      16.422210693359375,
      15.36646842956543,
      14.404696464538574,
      12.899751663208008,
      12.54425048828125,
      9.209165573120117,
      7.833286762237549,
      4.92858362197876,
      5.477319717407227,
      -1.0173766613006592,
      3.3767178058624268,
      -2.3333675861358643,
      0.5650502443313599
    ],
    [
      12.60328197479248,
      16.5399227142334,
      33.698143005371094,
      39.898590087890625,
      18.394201278686523,
      18.11250114440918,
      14.920516014099121,
      15.138090133666992,
      12.3909273147583,
      12.895276069641113,
      9.901450157165527,
      9.514533042907715,
      5.960700511932373,
      7.218382358551025,
      -0.0749099850654602,
      6.019529342651367,
      -1.0747376680374146,
      1.2780870199203491
    ],
    [
      16.86685562133789,
      24.091514587402344,
      19.9514217376709,
      18.394201278686523,
      55.42875289916992,
      40.609657287597656,
      38.27195739746094,
      31.552658081054688,
      35.93399429321289,
      29.1097469329834,
      37.10274887084961,
      30.759061813354492,
      40.25776290893555,
      34.616451263427734,
      35.77614212036133,
      33.62263488769531,
      32.74617385864258,
      23.125730514526367
    ],
    [
      14.086956977844238,
      24.05693817138672,
      16.422210693359375,
      18.11250114440918,
      40.609657287597656,
      48.34627914428711,
      34.90956497192383,
      31.576148986816406,
      32.31229782104492,
      28.304723739624023,
      34.991878509521484,
      31.787796020507812,
      37.60083770751953,
      35.399635314941406,
      34.44933319091797,
      34.86345291137695,
      31.29549217224121,
      22.25715446472168
    ],
    [
      20.123109817504883,
      25.67959976196289,
      15.36646842956543,
      14.920516014099121,
      38.27195739746094,
      34.90956497192383,
      60.9788703918457,
      43.55910110473633,
      48.788204193115234,
      37.334442138671875,
      48.45591354370117,
      39.442527770996094,
      52.159912109375,
      44.27323532104492,
      48.85600280761719,
      43.8507080078125,
      44.69935989379883,
      31.01750946044922
    ],
    [
      17.236682891845703,
      23.350074768066406,
      14.404696464538574,
      15.138090133666992,
      31.552658081054688,
      31.576148986816406,
      43.55910110473633,
      46.0666618347168,
      38.92538070678711,
      35.20367431640625,
      38.9781494140625,
      36.51763153076172,
      40.99507141113281,
      40.40946960449219,
      39.636192321777344,
      40.499237060546875,
      37.79559326171875,
      26.729780197143555
    ],
    [
      19.08989906311035,
      22.825889587402344,
      12.899751663208008,
      12.3909273147583,
      35.93399429321289,
      32.31229782104492,
      48.788204193115234,
      38.92538070678711,
      58.44674301147461,
      43.14006042480469,
      53.49736404418945,
      44.635162353515625,
      58.001564025878906,
      50.39348602294922,
      53.6827392578125,
      48.776241302490234,
      48.859283447265625,
      33.646453857421875
    ],
    [
      17.52940559387207,
      20.29261589050293,
      12.54425048828125,
      12.895276069641113,
      29.1097469329834,
      28.304723739624023,
      37.334442138671875,
      35.20367431640625,
      43.14006042480469,
      43.85972213745117,
      42.44865798950195,
      41.088375091552734,
      45.04026412963867,
      45.021759033203125,
      43.2728385925293,
      45.543121337890625,
      40.40396499633789,
      29.381338119506836
    ],
    [
      19.866832733154297,
      26.45418930053711,
      9.209165573120117,
      9.901450157165527,
      37.10274887084961,
      34.991878509521484,
      48.45591354370117,
      38.9781494140625,
      53.49736404418945,
      42.44865798950195,
      67.37345886230469,
      56.440467834472656,
      70.51268768310547,
      63.421287536621094,
      66.90364074707031,
      61.57362365722656,
      60.005126953125,
      42.4420051574707
    ],
    [
      20.69337272644043,
      26.221860885620117,
      7.833286762237549,
      9.514533042907715,
      30.759061813354492,
      31.787796020507812,
      39.442527770996094,
      36.51763153076172,
      44.635162353515625,
      41.088375091552734,
      56.440467834472656,
      60.00356674194336,
      61.0293083190918,
      64.84489440917969,
      61.5301628112793,
      64.08917236328125,
      55.4797248840332,
      42.0975456237793
    ],
    [
      23.371524810791016,
      29.5333251953125,
      4.92858362197876,
      5.960700511932373,
      40.25776290893555,
      37.60083770751953,
      52.159912109375,
      40.99507141113281,
      58.001564025878906,
      45.04026412963867,
      70.51268768310547,
      61.0293083190918,
      91.08412170410156,
      76.7085952758789,
      85.87665557861328,
      76.0033187866211,
      76.3914794921875,
      55.22860336303711
    ],
    [
      25.26679801940918,
      30.81938934326172,
      5.477319717407227,
      7.218382358551025,
      34.616451263427734,
      35.399635314941406,
      44.27323532104492,
      40.40946960449219,
      50.39348602294922,
      45.021759033203125,
      63.421287536621094,
      64.84489440917969,
      76.7085952758789,
      83.34431457519531,
      79.49717712402344,
      81.60771942138672,
      71.69981384277344,
      55.95758819580078
    ],
    [
      26.56597328186035,
      31.060461044311523,
      -1.0173766613006592,
      -0.0749099850654602,
      35.77614212036133,
      34.44933319091797,
      48.85600280761719,
      39.636192321777344,
      53.6827392578125,
      43.2728385925293,
      66.90364074707031,
      61.5301628112793,
      85.87665557861328,
      79.49717712402344,
      98.25445556640625,
      86.30929565429688,
      86.966552734375,
      64.22410583496094
    ],
    [
      30.116064071655273,
      35.44627380371094,
      3.3767178058624268,
      6.019529342651367,
      33.62263488769531,
      34.86345291137695,
      43.8507080078125,
      40.499237060546875,
      48.776241302490234,
      45.543121337890625,
      61.57362365722656,
      64.08917236328125,
      76.0033187866211,
      81.60771942138672,
      86.30929565429688,
      97.43753051757812,
      84.36473083496094,
      66.32997131347656
    ],
    [
      30.342304229736328,
      35.527870178222656,
      -2.3333675861358643,
      -1.0747376680374146,
      32.74617385864258,
      31.29549217224121,
      44.69935989379883,
      37.79559326171875,
      48.859283447265625,
      40.40396499633789,
      60.005126953125,
      55.4797248840332,
      76.3914794921875,
      71.69981384277344,
      86.966552734375,
      84.36473083496094,
      96.42040252685547,
      68.73064422607422
    ],
    [
      25.4813289642334,
      26.126514434814453,
      0.5650502443313599,
      1.2780870199203491,
      23.125730514526367,
      22.25715446472168,
      31.01750946044922,
      26.729780197143555,
      33.646453857421875,
      29.381338119506836,
      42.4420051574707,
      42.0975456237793,
      55.22860336303711,
      55.95758819580078,
      64.22410583496094,
      66.32997131347656,
      68.73064422607422,
      55.79929733276367
    ]
  ],
  "damage": -14.64547061920166,
  "diff_bandwidth": 736.9116821289062,
  "dissonance": 9.590927470458116,
  "drr": -2.3363521099090576,
  "dynamics": 4.243572235107422,
  "format": 1245190,
  "frames": 39543744,
  "loudness": -19.99302864074707,
  "loudness_range": 15.672722816467285,
  "loudness_range_short": 17.346115112304688,
  "lowpass_true_peak_15khz": -0.003382919356226921,
  "mastering3_acoustic_entropies": [
    {
      "acoustic_entropy": 7.704877853393555,
      "acoustic_entropy_mono": 8.090293884277344,
      "band_eliminated_acoustic_entropies": [
        {
          "acoustic_entropy": 7.703168869018555,
          "acoustic_entropy_side": 7.70488977432251,
          "hz": 129.47220167065723
        },
        {
          "acoustic_entropy": 7.42288064956665,
          "acoustic_entropy_side": 7.70169734954834,
          "hz": 202.92927478742237
        },
        {
          "acoustic_entropy": 6.874661445617676,
          "acoustic_entropy_side": 7.694591522216797,
          "hz": 282.89161906338205
        },
        {
          "acoustic_entropy": 7.972555637359619,
          "acoustic_entropy_side": 7.695278644561768,
          "hz": 369.9353335868758
        },
        {
          "acoustic_entropy": 7.023833751678467,
          "acoustic_entropy_side": 7.707760810852051,
          "hz": 464.6875360973435
        },
        {
          "acoustic_entropy": 7.70574426651001,
          "acoustic_entropy_side": 7.707217216491699,
          "hz": 567.8308811364784
        },
        {
          "acoustic_entropy": 7.488315105438232,
          "acoustic_entropy_side": 7.682342052459717,
          "hz": 680.1084783214808
        },
        {
          "acoustic_entropy": 7.499838352203369,
          "acoustic_entropy_side": 7.701778888702393,
          "hz": 802.3292461747484
        },
        {
          "acoustic_entropy": 7.394016265869141,
          "acoustic_entropy_side": 7.715382099151611,
          "hz": 935.3737400823702
        },
        {
          "acoustic_entropy": 7.513634204864502,
          "acoustic_entropy_side": 7.704232215881348,
          "hz": 1080.2004963696966
        },
        {
          "acoustic_entropy": 7.718048095703125,
          "acoustic_entropy_side": 7.702200889587402,
          "hz": 1237.8529382007157
        },
        {
          "acoustic_entropy": 7.53795862197876,
          "acoustic_entropy_side": 7.659524917602539,
          "hz": 1409.4668930556702
        },
        {
          "acoustic_entropy": 7.4011454582214355,
          "acoustic_entropy_side": 7.683483600616455,
          "hz": 1596.2787759475705
        },
        {
          "acoustic_entropy": 7.4643120765686035,
          "acoustic_entropy_side": 7.759674549102783,
          "hz": 1799.6344973346393
        },
        {
          "acoustic_entropy": 8.059560775756836,
          "acoustic_entropy_side": 7.783715724945068,
          "hz": 2020.9991599069049
        },
        {
          "acoustic_entropy": 7.366607666015625,
          "acoustic_entropy_side": 7.693312168121338,
          "hz": 2261.9676141086993
        },
        {
          "acoustic_entropy": 7.778874397277832,
          "acoustic_entropy_side": 7.724075794219971,
          "hz": 2524.2759484456974
        },
        {
          "acoustic_entropy": 7.578536033630371,
          "acoustic_entropy_side": 7.692784309387207,
          "hz": 2809.813997359896
        },
        {
          "acoustic_entropy": 7.431868076324463,
          "acoustic_entropy_side": 7.669033527374268,
          "hz": 3120.6389567871424
        },
        {
          "acoustic_entropy": 7.762831687927246,
          "acoustic_entropy_side": 7.680298328399658,
          "hz": 3458.990205492291
        },
        {
          "acoustic_entropy": 7.781766414642334,
          "acoustic_entropy_side": 7.567931652069092,
          "hz": 3827.305438964164
        },
        {
          "acoustic_entropy": 7.68614387512207,
          "acoustic_entropy_side": 7.649485111236572,
          "hz": 4228.238232109126
        },
        {
          "acoustic_entropy": 7.59238338470459,
          "acoustic_entropy_side": 7.573829650878906,
          "hz": 4664.6771572759235
        },
        {
          "acoustic_entropy": 7.727372646331787,
          "acoustic_entropy_side": 7.654737949371338,
          "hz": 5139.766595350093
        },
        {
          "acoustic_entropy": 7.49713134765625,
          "acoustic_entropy_side": 7.551675796508789,
          "hz": 5656.929389854203
        },
        {
          "acoustic_entropy": 7.450550079345703,
          "acoustic_entropy_side": 7.586027145385742,
          "hz": 6219.891507268283
        },
        {
          "acoustic_entropy": 7.447710037231445,
          "acoustic_entropy_side": 7.602955341339111,
          "hz": 6832.70888123896
        },
        {
          "acoustic_entropy": 7.5000433921813965,
          "acoustic_entropy_side": 7.6131510734558105,
          "hz": 7499.796634079867
        },
        {
          "acoustic_entropy": 7.516914367675781,
          "acoustic_entropy_side": 7.597750663757324,
          "hz": 8225.96088609342
        },
        {
          "acoustic_entropy": 7.581729412078857,
          "acoustic_entropy_side": 7.6274638175964355,
          "hz": 9016.43338188839
        },
        {
          "acoustic_entropy": 7.597186088562012,
          "acoustic_entropy_side": 7.683438777923584,
          "hz": 9876.909183162974
        },
        {
          "acoustic_entropy": 7.594833850860596,
          "acoustic_entropy_side": 7.697175025939941,
          "hz": 10813.587699516042
        },
        {
          "acoustic_entropy": 7.592957973480225,
          "acoustic_entropy_side": 7.699007987976074,
          "hz": 11833.21735289826
        },
        {
          "acoustic_entropy": 7.629482269287109,
          "acoustic_entropy_side": 7.701889514923096,
          "hz": 12943.144197493959
        },
        {
          "acoustic_entropy": 7.643469333648682,
          "acoustic_entropy_side": 7.703711986541748,
          "hz": 14151.364845322005
        },
        {
          "acoustic_entropy": 7.629746437072754,
          "acoustic_entropy_side": 7.704377174377441,
          "hz": 15466.58407886509
        },
        {
          "acoustic_entropy": 7.6357741355896,
          "acoustic_entropy_side": 7.703884124755859,
          "hz": 16898.27756580493
        },
        {
          "acoustic_entropy": 7.667568206787109,
          "acoustic_entropy_side": 7.704161643981934,
          "hz": 18456.760127700032
        },
        {
          "acoustic_entropy": 7.693554878234863,
          "acoustic_entropy_side": 7.7046284675598145,
          "hz": 20153.260054456492
        },
        {
          "acoustic_entropy": 7.703254699707031,
          "acoustic_entropy_side": 7.704836845397949,
          "hz": 22000.00000000001
        }
      ],
      "diff_acoustic_entropy": 5.54658842086792,
      "sn": 6
    },
    {
      "acoustic_entropy": 11.823798179626465,
      "acoustic_entropy_mono": 11.869098663330078,
      "band_eliminated_acoustic_entropies": [
        {
          "acoustic_entropy": 11.763400077819824,
          "acoustic_entropy_side": 11.823758125305176,
          "hz": 129.47220167065723
        },
        {
          "acoustic_entropy": 11.397139549255371,
          "acoustic_entropy_side": 11.813551902770996,
          "hz": 202.92927478742237
        },
        {
          "acoustic_entropy": 11.016703605651855,
          "acoustic_entropy_side": 11.941634178161621,
          "hz": 282.89161906338205
        },
        {
          "acoustic_entropy": 12.028125762939453,
          "acoustic_entropy_side": 11.777658462524414,
          "hz": 369.9353335868758
        },
        {
          "acoustic_entropy": 11.368446350097656,
          "acoustic_entropy_side": 11.75220775604248,
          "hz": 464.6875360973435
        },
        {
          "acoustic_entropy": 11.780180931091309,
          "acoustic_entropy_side": 11.904983520507812,
          "hz": 567.8308811364784
        },
        {
          "acoustic_entropy": 11.4295072555542,
          "acoustic_entropy_side": 11.769539833068848,
          "hz": 680.1084783214808
        },
        {
          "acoustic_entropy": 11.497116088867188,
          "acoustic_entropy_side": 11.846949577331543,
          "hz": 802.3292461747484
        },
        {
          "acoustic_entropy": 11.30854320526123,
          "acoustic_entropy_side": 12.118321418762207,
          "hz": 935.3737400823702
        },
        {
          "acoustic_entropy": 11.794816970825195,
          "acoustic_entropy_side": 12.01093864440918,
          "hz": 1080.2004963696966
        },
        {
          "acoustic_entropy": 11.253681182861328,
          "acoustic_entropy_side": 11.720541000366211,
          "hz": 1237.8529382007157
        },
        {
          "acoustic_entropy": 11.434942245483398,
          "acoustic_entropy_side": 11.864519119262695,
          "hz": 1409.4668930556702
        },
        {
          "acoustic_entropy": 11.652067184448242,
          "acoustic_entropy_side": 11.717305183410645,
          "hz": 1596.2787759475705
        },
        {
          "acoustic_entropy": 11.547812461853027,
          "acoustic_entropy_side": 11.869041442871094,
          "hz": 1799.6344973346393
        },
        {
          "acoustic_entropy": 11.816900253295898,
          "acoustic_entropy_side": 11.979257583618164,
          "hz": 2020.9991599069049
        },
        {
          "acoustic_entropy": 11.656004905700684,
          "acoustic_entropy_side": 11.829082489013672,
          "hz": 2261.9676141086993
        },
        {
          "acoustic_entropy": 12.099573135375977,
          "acoustic_entropy_side": 11.910863876342773,
          "hz": 2524.2759484456974
        },
        {
          "acoustic_entropy": 11.793967247009277,
          "acoustic_entropy_side": 11.872724533081055,
          "hz": 2809.813997359896
        },
        {
          "acoustic_entropy": 12.014626502990723,
          "acoustic_entropy_side": 11.847657203674316,
          "hz": 3120.6389567871424
        },
        {
          "acoustic_entropy": 11.92834758758545,
          "acoustic_entropy_side": 12.043391227722168,
          "hz": 3458.990205492291
        },
        {
          "acoustic_entropy": 12.042466163635254,
          "acoustic_entropy_side": 11.790581703186035,
          "hz": 3827.305438964164
        },
        {
          "acoustic_entropy": 11.91752815246582,
          "acoustic_entropy_side": 11.826764106750488,
          "hz": 4228.238232109126
        },
        {
          "acoustic_entropy": 11.88071060180664,
          "acoustic_entropy_side": 11.826552391052246,
          "hz": 4664.6771572759235
        },
        {
          "acoustic_entropy": 11.710127830505371,
          "acoustic_entropy_side": 11.83885669708252,
          "hz": 5139.766595350093
        },
        {
          "acoustic_entropy": 11.859176635742188,
          "acoustic_entropy_side": 11.845141410827637,
          "hz": 5656.929389854203
        },
        {
          "acoustic_entropy": 11.897149085998535,
          "acoustic_entropy_side": 11.811036109924316,
          "hz": 6219.891507268283
        },
        {
          "acoustic_entropy": 11.747151374816895,
          "acoustic_entropy_side": 11.772601127624512,
          "hz": 6832.70888123896
        },
        {
          "acoustic_entropy": 11.74078369140625,
          "acoustic_entropy_side": 11.766450881958008,
          "hz": 7499.796634079867
        },
        {
          "acoustic_entropy": 11.84576416015625,
          "acoustic_entropy_side": 11.831496238708496,
          "hz": 8225.96088609342
        },
        {
          "acoustic_entropy": 11.873329162597656,
          "acoustic_entropy_side": 11.861175537109375,
          "hz": 9016.43338188839
        },
        {
          "acoustic_entropy": 11.856583595275879,
          "acoustic_entropy_side": 11.822924613952637,
          "hz": 9876.909183162974
        },
        {
          "acoustic_entropy": 11.81325912475586,
          "acoustic_entropy_side": 11.825549125671387,
          "hz": 10813.587699516042
        },
        {
          "acoustic_entropy": 11.863035202026367,
          "acoustic_entropy_side": 11.82601261138916,
          "hz": 11833.21735289826
        },
        {
          "acoustic_entropy": 11.878992080688477,
          "acoustic_entropy_side": 11.831711769104004,
          "hz": 12943.144197493959
        },
        {
          "acoustic_entropy": 11.8938627243042,
          "acoustic_entropy_side": 11.83067798614502,
          "hz": 14151.364845322005
        },
        {
          "acoustic_entropy": 11.918201446533203,
          "acoustic_entropy_side": 11.836166381835938,
          "hz": 15466.58407886509
        },
        {
          "acoustic_entropy": 11.923858642578125,
          "acoustic_entropy_side": 11.83578109741211,
          "hz": 16898.27756580493
        },
        {
          "acoustic_entropy": 11.913162231445312,
          "acoustic_entropy_side": 11.832159042358398,
          "hz": 18456.760127700032
        },
        {
          "acoustic_entropy": 11.865851402282715,
          "acoustic_entropy_side": 11.826531410217285,
          "hz": 20153.260054456492
        },
        {
          "acoustic_entropy": 11.829987525939941,
          "acoustic_entropy_side": 11.824176788330078,
          "hz": 22000.00000000001
        }
      ],
      "diff_acoustic_entropy": 8.504794120788574,
      "sn": 12
    },
    {
      "acoustic_entropy": 16.633708953857422,
      "acoustic_entropy_mono": 15.827966690063477,
      "band_eliminated_acoustic_entropies": [
        {
          "acoustic_entropy": 16.54603385925293,
          "acoustic_entropy_side": 16.64341926574707,
          "hz": 129.47220167065723
        },
        {
          "acoustic_entropy": 17.019868850708008,
          "acoustic_entropy_side": 16.28690528869629,
          "hz": 202.92927478742237
        },
        {
          "acoustic_entropy": 16.398950576782227,
          "acoustic_entropy_side": 16.924989700317383,
          "hz": 282.89161906338205
        },
        {
          "acoustic_entropy": 16.567052841186523,
          "acoustic_entropy_side": 16.54636001586914,
          "hz": 369.9353335868758
        },
        {
          "acoustic_entropy": 17.33617401123047,
          "acoustic_entropy_side": 16.962186813354492,
          "hz": 464.6875360973435
        },
        {
          "acoustic_entropy": 17.009008407592773,
          "acoustic_entropy_side": 16.233469009399414,
          "hz": 567.8308811364784
        },
        {
          "acoustic_entropy": 16.311063766479492,
          "acoustic_entropy_side": 17.159433364868164,
          "hz": 680.1084783214808
        },
        {
          "acoustic_entropy": 16.74143409729004,
          "acoustic_entropy_side": 15.836114883422852,
          "hz": 802.3292461747484
        },
        {
          "acoustic_entropy": 17.290878295898438,
          "acoustic_entropy_side": 17.245412826538086,
          "hz": 935.3737400823702
        },
        {
          "acoustic_entropy": 16.445192337036133,
          "acoustic_entropy_side": 16.530088424682617,
          "hz": 1080.2004963696966
        },
        {
          "acoustic_entropy": 15.929279327392578,
          "acoustic_entropy_side": 16.762083053588867,
          "hz": 1237.8529382007157
        },
        {
          "acoustic_entropy": 16.563268661499023,
          "acoustic_entropy_side": 16.501514434814453,
          "hz": 1409.4668930556702
        },
        {
          "acoustic_entropy": 16.779172897338867,
          "acoustic_entropy_side": 17.422597885131836,
          "hz": 1596.2787759475705
        },
        {
          "acoustic_entropy": 16.540542602539062,
          "acoustic_entropy_side": 16.356199264526367,
          "hz": 1799.6344973346393
        },
        {
          "acoustic_entropy": 16.50525665283203,
          "acoustic_entropy_side": 16.755611419677734,
          "hz": 2020.9991599069049
        },
        {
          "acoustic_entropy": 16.831947326660156,
          "acoustic_entropy_side": 16.69261932373047,
          "hz": 2261.9676141086993
        },
        {
          "acoustic_entropy": 16.676851272583008,
          "acoustic_entropy_side": 16.568862915039062,
          "hz": 2524.2759484456974
        },
        {
          "acoustic_entropy": 17.204130172729492,
          "acoustic_entropy_side": 16.703187942504883,
          "hz": 2809.813997359896
        },
        {
          "acoustic_entropy": 16.385906219482422,
          "acoustic_entropy_side": 16.268238067626953,
          "hz": 3120.6389567871424
        },
        {
