{
  "acoustic_entropy": 206.33786010742188,
  "bands": [
    {
      "high_freq": 148.1999969482422,
      "loudness": -59.20204544067383,
      "loudness_range": 30.983951568603516,
      "mid_mean": -57.81023406982422,
      "mid_to_side_loudness": -1.0519640445709229,
      "mid_to_side_loudness_range": 14.541685104370117,
      "side_mean": -57.877723693847656
    },
    {
      "high_freq": 392.3793640136719,
      "loudness": -28.12279510498047,
      "loudness_range": 15.336715698242188,
      "low_freq": 148.1999969482422,
      "mid_mean": -25.657548904418945,
      "mid_to_side_loudness": -5.991981506347656,
      "mid_to_side_loudness_range": 9.035350799560547,
      "side_mean": -31.47071075439453
    },
    {
      "high_freq": 794.6976318359375,
      "loudness": -26.452314376831055,
      "loudness_range": 13.223987579345703,
      "low_freq": 392.3793640136719,
      "mid_mean": -24.847322463989258,
      "mid_to_side_loudness": -2.9069371223449707,
      "mid_to_side_loudness_range": 9.093424797058105,
      "side_mean": -27.40041732788086
    },
    {
      "high_freq": 1457.5709228515625,
      "loudness": -26.83400535583496,
      "loudness_range": 12.024877548217773,
      "low_freq": 794.6976318359375,
      "mid_mean": -25.475954055786133,
      "mid_to_side_loudness": -2.2390739917755127,
      "mid_to_side_loudness_range": 9.860810279846191,
      "side_mean": -27.650426864624023
    },
    {
      "high_freq": 2549.74365234375,
      "loudness": -31.597368240356445,
      "loudness_range": 11.405454635620117,
      "low_freq": 1457.5709228515625,
      "mid_mean": -30.23659896850586,
      "mid_to_side_loudness": -2.445265531539917,
      "mid_to_side_loudness_range": 12.56403923034668,
      "side_mean": -32.654563903808594
    },
    {
      "high_freq": 4349.24462890625,
      "loudness": -36.3087043762207,
      "loudness_range": 16.34203338623047,
      "low_freq": 2549.74365234375,
      "mid_mean": -34.16221237182617,
      "mid_to_side_loudness": -4.245110034942627,
      "mid_to_side_loudness_range": 7.4420166015625,
      "side_mean": -38.406829833984375
    },
    {
      "high_freq": 7314.1640625,
      "loudness": -43.389312744140625,
      "loudness_range": 14.999099731445312,
      "low_freq": 4349.24462890625,
      "mid_mean": -41.06499099731445,
      "mid_to_side_loudness": -4.111001491546631,
      "mid_to_side_loudness_range": 4.318910121917725,
      "side_mean": -45.25607681274414
    },
    {
      "high_freq": 12199.2666015625,
      "loudness": -45.97402572631836,
      "loudness_range": 23.061824798583984,
      "low_freq": 7314.1640625,
      "mid_mean": -43.97488021850586,
      "mid_to_side_loudness": -3.734449625015259,
      "mid_to_side_loudness_range": 7.527376174926758,
      "side_mean": -47.777549743652344
    },
    {
      "loudness": -53.7559700012207,
      "loudness_range": 27.499080657958984,
      "low_freq": 12199.2666015625,
      "mid_mean": -51.81596755981445,
      "mid_to_side_loudness": -3.075885057449341,
      "mid_to_side_loudness_range": 7.1549248695373535,
      "side_mean": -54.75522232055664
    }
  ],
  "bands_short": [
    {
      "high_freq": 148.1999969482422,
      "loudness": -61.926666259765625,
      "loudness_range": 27.892879486083984,
      "mid_mean": -60.511878967285156,
      "mid_to_side_loudness": -1.3086224794387817,
      "mid_to_side_loudness_range": 18.969709396362305,
      "side_mean": -60.7825927734375
    },
    {
      "high_freq": 392.3793640136719,
      "loudness": -28.777372360229492,
      "loudness_range": 15.703330993652344,
      "low_freq": 148.1999969482422,
      "mid_mean": -26.297643661499023,
      "mid_to_side_loudness": -6.211697578430176,
      "mid_to_side_loudness_range": 11.664713859558105,
      "side_mean": -32.36229705810547
    },
    {
      "high_freq": 794.6976318359375,
      "loudness": -26.575767517089844,
      "loudness_range": 13.325593948364258,
      "low_freq": 392.3793640136719,
      "mid_mean": -25.02089500427246,
      "mid_to_side_loudness": -2.9033710956573486,
      "mid_to_side_loudness_range": 11.98581314086914,
      "side_mean": -27.875455856323242
    },
    {
      "high_freq": 1457.5709228515625,
      "loudness": -27.010839462280273,
      "loudness_range": 13.357015609741211,
      "low_freq": 794.6976318359375,
      "mid_mean": -25.800668716430664,
      "mid_to_side_loudness": -2.164402484893799,
      "mid_to_side_loudness_range": 12.099616050720215,
      "side_mean": -27.938840866088867
    },
    {
      "high_freq": 2549.74365234375,
      "loudness": -32.318145751953125,
      "loudness_range": 15.61806869506836,
      "low_freq": 1457.5709228515625,
      "mid_mean": -31.1495418548584,
      "mid_to_side_loudness": -2.3298499584198,
      "mid_to_side_loudness_range": 14.237401962280273,
      "side_mean": -33.437137603759766
    },
    {
      "high_freq": 4349.24462890625,
      "loudness": -37.12903594970703,
      "loudness_range": 20.16095542907715,
      "low_freq": 2549.74365234375,
      "mid_mean": -35.039669036865234,
      "mid_to_side_loudness": -4.405906677246094,
      "mid_to_side_loudness_range": 8.815648078918457,
      "side_mean": -39.349586486816406
    },
    {
      "high_freq": 7314.1640625,
      "loudness": -44.93223571777344,
      "loudness_range": 20.425376892089844,
      "low_freq": 4349.24462890625,
      "mid_mean": -42.762481689453125,
      "mid_to_side_loudness": -4.010922908782959,
      "mid_to_side_loudness_range": 6.108730316162109,
      "side_mean": -46.735130310058594
    },
    {
      "high_freq": 12199.2666015625,
      "loudness": -48.314754486083984,
      "loudness_range": 24.603248596191406,
      "low_freq": 7314.1640625,
      "mid_mean": -46.35813903808594,
      "mid_to_side_loudness": -3.4261016845703125,
      "mid_to_side_loudness_range": 7.360030651092529,
      "side_mean": -50.143104553222656
    },
    {
      "loudness": -56.57811737060547,
      "loudness_range": 29.423206329345703,
      "low_freq": 12199.2666015625,
      "mid_mean": -54.522666931152344,
      "mid_to_side_loudness": -3.1754331588745117,
      "mid_to_side_loudness_range": 7.5264739990234375,
      "side_mean": -57.40656661987305
    }
  ],
  "bandwidth": 756.1019897460938,
  "channels": 2,
  "covariance": [
    [
      74.30595397949219,
      86.38320922851562,
      20.68622398376465,
      12.034265518188477,
      10.92226791381836,
      7.098244667053223,
      9.835302352905273,
      9.102167129516602,
      21.115856170654297,
      21.95340347290039,
      18.23255157470703,
      26.084522247314453,
      11.213923454284668,
      14.0352783203125,
      -18.867191314697266,
      -8.156610488891602,
      -22.55986785888672,
      -17.361133575439453
    ],
    [
      86.38320922851562,
      113.88660430908203,
      25.268558502197266,
      14.358979225158691,
      11.332709312438965,
      3.803011894226074,
      12.029607772827148,
      9.859698295593262,
      26.05168342590332,
      25.367036819458008,
      21.76588249206543,
      31.792695999145508,
      9.961773872375488,
      13.394428253173828,
      -28.485877990722656,
      -16.264404296875,
      -32.85165023803711,
      -24.89975357055664
    ],
    [
      20.68622398376465,
      25.268558502197266,
      29.185123443603516,
      27.665637969970703,
      10.548823356628418,
      10.574188232421875,
      1.6634999513626099,
      -0.1710699051618576,
      10.382118225097656,
      11.260226249694824,
      12.553874969482422,
      13.37668514251709,
      14.250693321228027,
      13.284485816955566,
      2.4385247230529785,
      4.3950700759887695,
      4.540002346038818,
      4.638092517852783
    ],
    [
      12.034265518188477,
      14.358979225158691,
      27.665637969970703,
      36.030418395996094,
      9.556031227111816,
      12.166346549987793,
      -1.2346217632293701,
      -2.667149782180786,
      6.525867938995361,
      7.755376815795898,
      10.16560173034668,
      8.54029655456543,
      14.17209529876709,
      12.272937774658203,
      5.615819931030273,
      5.887872695922852,
      8.94681167602539,
      8.67033576965332
    ],
    [
      10.92226791381836,
      11.332709312438965,
      10.548823356628418,
      9.556031227111816,
      26.279897689819336,
      23.251365661621094,
      8.075368881225586,
      7.998569965362549,
      6.489066123962402,
      15.222940444946289,
      12.638734817504883,
      14.624946594238281,
      7.212484359741211,
      10.12386703491211,
      6.906430244445801,
      9.059794425964355,
      5.283291339874268,
      4.846731185913086
    ],
    [
      7.098244667053223,
      3.803011894226074,
      10.574188232421875,
      12.166346549987793,
      23.251365661621094,
      32.15666961669922,
      4.948540210723877,
      6.87506628036499,
      4.506405353546143,
      13.391165733337402,
      10.505840301513672,
      12.743507385253906,
      11.734170913696289,
      13.290853500366211,
      14.498673439025879,
      14.200704574584961,
      8.770458221435547,
      6.314831733703613
    ],
    [
      9.835302352905273,
      12.029607772827148,
      1.6634999513626099,
      -1.2346217632293701,
      8.075368881225586,
      4.948540210723877,
      18.403900146484375,
      16.38426399230957,
      4.46160364151001,
      10.564706802368164,
      10.847025871276855,
      14.917891502380371,
      -2.444182872772217,
      1.3237556219100952,
      -3.9117343425750732,
      -0.6001881957054138,
      -4.36043119430542,
      -1.1183712482452393
    ],
    [
      9.102167129516602,
      9.859698295593262,
      -0.1710699051618576,
      -2.667149782180786,
      7.998569965362549,
      6.87506628036499,
      16.38426399230957,
      25.21146011352539,
      2.6668944358825684,
      9.013456344604492,
      9.888670921325684,
      13.324880599975586,
      -1.1271624565124512,
      3.7874321937561035,
      0.11614923924207687,
      4.717062473297119,
      -0.6724257469177246,
      1.7030428647994995
    ],
    [
      21.115856170654297,
      26.05168342590332,
      10.382118225097656,
      6.525867938995361,
      6.489066123962402,
      4.506405353546143,
      4.46160364151001,
      2.6668944358825684,
      15.436199188232422,
      15.291207313537598,
      10.293784141540527,
      12.381607055664062,
      7.120794296264648,
      7.153930187225342,
      -3.4731485843658447,
      -1.9535881280899048,
      -3.171856164932251,
      -2.2720561027526855
    ],
    [
      21.95340347290039,
      25.367036819458008,
      11.260226249694824,
      7.755376815795898,
      15.222940444946289,
      13.391165733337402,
      10.564706802368164,
      9.013456344604492,
      15.291207313537598,
      29.965900421142578,
      23.36477279663086,
      24.21341896057129,
      10.451581001281738,
      12.21679401397705,
      10.527074813842773,
      10.632964134216309,
      8.265625953674316,
      9.025972366333008
    ],
    [
      18.23255157470703,
      21.76588249206543,
      12.553874969482422,
      10.16560173034668,
      12.638734817504883,
      10.505840301513672,
      10.847025871276855,
      9.888670921325684,
      10.293784141540527,
      23.36477279663086,
      32.4962272644043,
      31.221118927001953,
      11.821037292480469,
      14.322406768798828,
      15.940057754516602,
      16.619617462158203,
      17.418243408203125,
      18.193584442138672
    ],
    [
      26.084522247314453,
      31.792695999145508,
      13.37668514251709,
      8.54029655456543,
      14.624946594238281,
      12.743507385253906,
      14.917891502380371,
      13.324880599975586,
      12.381607055664062,
      24.21341896057129,
      31.221118927001953,
      37.852783203125,
      11.695893287658691,
      15.515520095825195,
      8.854279518127441,
      12.31650161743164,
      7.250306606292725,
      10.518808364868164
    ],
    [
      11.213923454284668,
      9.961773872375488,
      14.250693321228027,
      14.17209529876709,
      7.212484359741211,
      11.734170913696289,
      -2.444182872772217,
      -1.1271624565124512,
      7.120794296264648,
      10.451581001281738,
      11.821037292480469,
      11.695893287658691,
      29.45775032043457,
      27.13037109375,
      25.58686065673828,
      23.252914428710938,
      19.715290069580078,
      16.06247329711914
    ],
    [
      14.0352783203125,
      13.394428253173828,
      13.284485816955566,
      12.272937774658203,
      10.12386703491211,
      13.290853500366211,
      1.3237556219100952,
      3.7874321937561035,
      7.153930187225342,
      12.21679401397705,
      14.322406768798828,
      15.515520095825195,
      27.13037109375,
      27.9289608001709,
      24.303462982177734,
      24.659164428710938,
      18.488500595092773,
      15.819756507873535
    ],
    [
      -18.867191314697266,
      -28.485877990722656,
      2.4385247230529785,
      5.615819931030273,
      6.906430244445801,
      14.498673439025879,
      -3.9117343425750732,
      0.11614923924207687,
      -3.4731485843658447,
      10.527074813842773,
      15.940057754516602,
      8.854279518127441,
      25.58686065673828,
      24.303462982177734,
      60.89078140258789,
      49.28551483154297,
      58.193397521972656,
      47.66115951538086
    ],
    [
      -8.156610488891602,
      -16.264404296875,
      4.3950700759887695,
      5.887872695922852,
      9.059794425964355,
      14.200704574584961,
      -0.6001881957054138,
      4.717062473297119,
      -1.9535881280899048,
      10.632964134216309,
      16.619617462158203,
      12.31650161743164,
      23.252914428710938,
      24.659164428710938,
      49.28551483154297,
      45.16657638549805,
      47.20450973510742,
      40.04108428955078
    ],
    [
      -22.55986785888672,
      -32.85165023803711,
      4.540002346038818,
      8.94681167602539,
      5.283291339874268,
      8.770458221435547,
      -4.36043119430542,
      -0.6724257469177246,
      -3.171856164932251,
      8.265625953674316,
      17.418243408203125,
      7.250306606292725,
      19.715290069580078,
      18.488500595092773,
      58.193397521972656,
      47.20450973510742,
      82.7265625,
      70.20112609863281
    ],
    [
      -17.361133575439453,
      -24.89975357055664,
      4.638092517852783,
      8.67033576965332,
      4.846731185913086,
      6.314831733703613,
      -1.1183712482452393,
      1.7030428647994995,
      -2.2720561027526855,
      9.025972366333008,
      18.193584442138672,
      10.518808364868164,
      16.06247329711914,
      15.819756507873535,
      47.66115951538086,
      40.04108428955078,
      70.20112609863281,
      63.98007583618164
    ]
  ],
  "covariance_short": [
    [
      46.44143295288086,
      49.822383880615234,
      21.446916580200195,
      18.16759490966797,
      9.400455474853516,
      6.558674335479736,
      10.402817726135254,
      3.5955007076263428,
      18.94485092163086,
      18.501998901367188,
      17.96780014038086,
      23.704866409301758,
      14.397093772888184,
      13.900337219238281,
      -9.480292320251465,
      -2.6564650535583496,
      -8.638707160949707,
      -5.596322059631348
    ],
    [
      49.822383880615234,
      76.1238021850586,
      22.86685562133789,
      18.88936424255371,
      8.24482250213623,
      0.2974119484424591,
      12.62137508392334,
      2.3743484020233154,
      23.528093338012695,
      22.08361053466797,
      21.31836700439453,
      28.61452865600586,
      13.55318832397461,
      12.600879669189453,
      -19.941701889038086,
      -11.714194297790527,
      -18.678369522094727,
      -13.231051445007324
    ],
    [
      21.446916580200195,
      22.86685562133789,
      32.97730255126953,
      29.562763214111328,
      10.573263168334961,
      12.145249366760254,
      2.8888978958129883,
      -0.22632846236228943,
      11.53078556060791,
      11.34967041015625,
      14.482040405273438,
      15.974589347839355,
      16.566328048706055,
      15.904438972473145,
      3.8651201725006104,
      5.597925186157227,
      5.527166366577148,
      5.480315208435059
    ],
    [
      18.16759490966797,
      18.88936424255371,
      29.562763214111328,
      42.067359924316406,
      9.748278617858887,
      13.000787734985352,
      -0.05719433352351189,
      -2.431689977645874,
      9.000518798828125,
      9.569563865661621,
      11.988412857055664,
      11.915423393249512,
      16.37322998046875,
      15.339052200317383,
      6.339022159576416,
      7.085423469543457,
      8.54262638092041,
      8.361588478088379
    ],
    [
      9.400455474853516,
      8.24482250213623,
      10.573263168334961,
      9.748278617858887,
      26.931196212768555,
      22.790395736694336,
      8.919260025024414,
      7.132074356079102,
      8.089280128479004,
      16.34283447265625,
      14.243586540222168,
      15.930757522583008,
      8.535601615905762,
      10.971027374267578,
      8.92379379272461,
      9.193266868591309,
      6.432592391967773,
      5.728446960449219
    ],
    [
      6.558674335479736,
      0.2974119484424591,
      12.145249366760254,
      13.000787734985352,
      22.790395736694336,
      36.057193756103516,
      7.240078449249268,
      7.833500862121582,
      6.538459300994873,
      15.088955879211426,
      13.157235145568848,
      14.71423625946045,
      13.314322471618652,
      16.013233184814453,
      16.46535301208496,
      16.4530029296875,
      11.708548545837402,
      10.031905174255371
    ],
    [
      10.402817726135254,
      12.62137508392334,
      2.8888978958129883,
      -0.05719433352351189,
      8.919260025024414,
      7.240078449249268,
      24.11979103088379,
      17.739660263061523,
      8.87414836883545,
      14.796171188354492,
      16.026390075683594,
      19.266672134399414,
      1.9843859672546387,
      4.477295875549316,
      0.8945862054824829,
      2.575774669647217,
      0.7912766337394714,
      2.744938850402832
    ],
    [
      3.5955007076263428,
      2.3743484020233154,
      -0.22632846236228943,
      -2.431689977645874,
      7.132074356079102,
      7.833500862121582,
      17.739660263061523,
      28.158266067504883,
      6.586049556732178,
      12.554961204528809,
      14.107895851135254,
      16.55974006652832,
      1.6020432710647583,
      4.812511444091797,
      4.262679100036621,
      6.146018981933594,
      3.005403518676758,
      4.9352707862854
    ],
    [
      18.94485092163086,
      23.528093338012695,
      11.53078556060791,
      9.000518798828125,
      8.089280128479004,
      6.538459300994873,
      8.87414836883545,
      6.586049556732178,
      28.80899429321289,
      23.958358764648438,
      19.44674301147461,
      21.725284576416016,
      16.176759719848633,
      15.385577201843262,
      2.037259101867676,
      2.768407106399536,
      4.4354095458984375,
      3.191683530807495
    ],
    [
      18.501998901367188,
      22.08361053466797,
      11.34967041015625,
      9.569563865661621,
      16.34283447265625,
      15.088955879211426,
      14.796171188354492,
      12.554961204528809,
      23.958358764648438,
      40.568145751953125,
      32.701202392578125,
      32.83687210083008,
      17.167091369628906,
      18.97173309326172,
      15.914761543273926,
      15.412162780761719,
      13.880692481994629,
      12.90723991394043
    ],
    [
      17.96780014038086,
      21.31836700439453,
      14.482040405273438,
      11.988412857055664,
      14.243586540222168,
      13.157235145568848,
      16.026390075683594,
      14.107895851135254,
      19.44674301147461,
      32.701202392578125,
      48.67604064941406,
      45.27178955078125,
      21.034713745117188,
      23.001638412475586,
      25.982023239135742,
      24.464252471923828,
      24.09575653076172,
      23.638813018798828
    ],
    [
      23.704866409301758,
      28.61452865600586,
      15.974589347839355,
      11.915423393249512,
      15.930757522583008,
      14.71423625946045,
      19.266672134399414,
      16.55974006652832,
      21.725284576416016,
      32.83687210083008,
      45.27178955078125,
      54.420536041259766,
      23.381999969482422,
      25.826169967651367,
      19.843759536743164,
      20.187843322753906,
      15.975442886352539,
      17.671215057373047
    ],
    [
      14.397093772888184,
      13.55318832397461,
      16.566328048706055,
      16.37322998046875,
      8.535601615905762,
      13.314322471618652,
      1.9843859672546387,
      1.6020432710647583,
      16.176759719848633,
      17.167091369628906,
      21.034713745117188,
      23.381999969482422,
      47.65266799926758,
      44.330596923828125,
      36.69709014892578,
      34.17746353149414,
      29.07185173034668,
      25.976852416992188
    ],
    [
      13.900337219238281,
      12.600879669189453,
      15.904438972473145,
      15.339052200317383,
      10.971027374267578,
      16.013233184814453,
      4.477295875549316,
      4.812511444091797,
      15.385577201843262,
      18.97173309326172,
      23.001638412475586,
      25.826169967651367,
      44.330596923828125,
      45.63199234008789,
      37.027042388916016,
      35.71995544433594,
      28.911806106567383,
      26.549480438232422
    ],
    [
      -9.480292320251465,
      -19.941701889038086,
      3.8651201725006104,
      6.339022159576416,
      8.92379379272461,
      16.46535301208496,
      0.8945862054824829,
      4.262679100036621,
      2.037259101867676,
      15.914761543273926,
      25.982023239135742,
      19.843759536743164,
      36.69709014892578,
      37.027042388916016,
      74.5871810913086,
      62.1364860534668,
      66.4245834350586,
      58.135498046875
    ],
    [
      -2.6564650535583496,
      -11.714194297790527,
      5.597925186157227,
      7.085423469543457,
      9.193266868591309,
      16.4530029296875,
      2.575774669647217,
      6.146018981933594,
      2.768407106399536,
      15.412162780761719,
      24.464252471923828,
      20.187843322753906,
      34.17746353149414,
      35.71995544433594,
      62.1364860534668,
      63.37340545654297,
      59.721466064453125,
      53.4155158996582
    ],
    [
      -8.638707160949707,
      -18.678369522094727,
      5.527166366577148,
      8.54262638092041,
      6.432592391967773,
      11.708548545837402,
      0.7912766337394714,
      3.005403518676758,
      4.4354095458984375,
      13.880692481994629,
      24.09575653076172,
      15.975442886352539,
      29.07185173034668,
      28.911806106567383,
      66.4245834350586,
      59.721466064453125,
      87.74148559570312,
      74.81958770751953
    ],
    [
      -5.596322059631348,
      -13.231051445007324,
      5.480315208435059,
      8.361588478088379,
      5.728446960449219,
      10.031905174255371,
      2.744938850402832,
      4.9352707862854,
      3.191683530807495,
      12.90723991394043,
      23.638813018798828,
      17.671215057373047,
      25.976852416992188,
      26.549480438232422,
      58.135498046875,
      53.4155158996582,
      74.81958770751953,
      69.14041900634766
    ]
  ],
  "damage": -10.307756423950195,
  "diff_bandwidth": 792.8650512695312,
  "dissonance": 5.503964349411473,
  "drr": 5.443699359893799,
  "dynamics": 2.783834934234619,
  "format": 1245190,
  "frames": 1159168,
  "loudness": -16.968461990356445,
  "loudness_range": 6.973367691040039,
  "loudness_range_short": 9.083918571472168,
  "lowpass_true_peak_15khz": -2.8314504623413086,
  "mastering3_acoustic_entropies": [
    {
      "acoustic_entropy": 7.572289943695068,
      "acoustic_entropy_mono": 7.299116611480713,
      "band_eliminated_acoustic_entropies": [
        {
          "acoustic_entropy": 7.572001934051514,
          "acoustic_entropy_side": 7.572147846221924,
          "hz": 129.47220167065723
        },
        {
          "acoustic_entropy": 7.349035739898682,
          "acoustic_entropy_side": 7.548178195953369,
          "hz": 202.92927478742237
        },
        {
          "acoustic_entropy": 7.414111137390137,
          "acoustic_entropy_side": 7.514492034912109,
          "hz": 282.89161906338205
        },
        {
          "acoustic_entropy": 7.506331443786621,
          "acoustic_entropy_side": 7.446076393127441,
          "hz": 369.9353335868758
        },
        {
          "acoustic_entropy": 7.203771591186523,
          "acoustic_entropy_side": 7.312950134277344,
          "hz": 464.6875360973435
        },
        {
          "acoustic_entropy": 7.724616050720215,
          "acoustic_entropy_side": 8.213512420654297,
          "hz": 567.8308811364784
        },
        {
          "acoustic_entropy": 8.438834190368652,
          "acoustic_entropy_side": 8.102262496948242,
          "hz": 680.1084783214808
        },
        {
          "acoustic_entropy": 7.947067737579346,
          "acoustic_entropy_side": 7.836490631103516,
          "hz": 802.3292461747484
        },
        {
          "acoustic_entropy": 7.0806474685668945,
          "acoustic_entropy_side": 8.010894775390625,
          "hz": 935.3737400823702
        },
        {
          "acoustic_entropy": 8.118887901306152,
          "acoustic_entropy_side": 7.1876420974731445,
          "hz": 1080.2004963696966
        },
        {
          "acoustic_entropy": 7.7093729972839355,
          "acoustic_entropy_side": 7.942471504211426,
          "hz": 1237.8529382007157
        },
        {
          "acoustic_entropy": 7.545379638671875,
          "acoustic_entropy_side": 7.273620128631592,
          "hz": 1409.4668930556702
        },
        {
          "acoustic_entropy": 7.289425849914551,
          "acoustic_entropy_side": 7.2625555992126465,
          "hz": 1596.2787759475705
        },
        {
          "acoustic_entropy": 8.011781692504883,
          "acoustic_entropy_side": 7.640692710876465,
          "hz": 1799.6344973346393
        },
        {
          "acoustic_entropy": 7.710472583770752,
          "acoustic_entropy_side": 7.83683443069458,
          "hz": 2020.9991599069049
        },
        {
          "acoustic_entropy": 7.261487007141113,
          "acoustic_entropy_side": 7.471738815307617,
          "hz": 2261.9676141086993
        },
        {
          "acoustic_entropy": 7.388415813446045,
          "acoustic_entropy_side": 7.3830389976501465,
          "hz": 2524.2759484456974
        },
        {
          "acoustic_entropy": 7.832468509674072,
          "acoustic_entropy_side": 7.266247272491455,
          "hz": 2809.813997359896
        },
        {
          "acoustic_entropy": 7.415119171142578,
          "acoustic_entropy_side": 7.797805309295654,
          "hz": 3120.6389567871424
        },
        {
          "acoustic_entropy": 7.789827346801758,
          "acoustic_entropy_side": 7.928844451904297,
          "hz": 3458.990205492291
        },
        {
          "acoustic_entropy": 7.920883655548096,
          "acoustic_entropy_side": 7.664183616638184,
          "hz": 3827.305438964164
        },
        {
          "acoustic_entropy": 7.882949352264404,
          "acoustic_entropy_side": 7.958825588226318,
          "hz": 4228.238232109126
        },
        {
          "acoustic_entropy": 7.9532647132873535,
          "acoustic_entropy_side": 7.898909568786621,
          "hz": 4664.6771572759235
        },
        {
          "acoustic_entropy": 7.93865966796875,
          "acoustic_entropy_side": 7.8907012939453125,
          "hz": 5139.766595350093
        },
        {
          "acoustic_entropy": 7.910443305969238,
          "acoustic_entropy_side": 7.871670722961426,
          "hz": 5656.929389854203
        },
        {
          "acoustic_entropy": 7.9055304527282715,
          "acoustic_entropy_side": 7.884580612182617,
          "hz": 6219.891507268283
        },
        {
          "acoustic_entropy": 7.905607223510742,
          "acoustic_entropy_side": 7.802561283111572,
          "hz": 6832.70888123896
        },
        {
          "acoustic_entropy": 7.87083625793457,
          "acoustic_entropy_side": 7.780980587005615,
          "hz": 7499.796634079867
        },
        {
          "acoustic_entropy": 7.776785373687744,
          "acoustic_entropy_side": 7.810939311981201,
          "hz": 8225.96088609342
        },
        {
          "acoustic_entropy": 7.933980941772461,
          "acoustic_entropy_side": 7.886122226715088,
          "hz": 9016.43338188839
        },
        {
          "acoustic_entropy": 7.981007099151611,
          "acoustic_entropy_side": 7.954544544219971,
          "hz": 9876.909183162974
        },
        {
          "acoustic_entropy": 7.734745025634766,
          "acoustic_entropy_side": 7.865786075592041,
          "hz": 10813.587699516042
        },
        {
          "acoustic_entropy": 7.908442497253418,
          "acoustic_entropy_side": 7.733021259307861,
          "hz": 11833.21735289826
        },
        {
          "acoustic_entropy": 7.94559907913208,
          "acoustic_entropy_side": 7.835964202880859,
          "hz": 12943.144197493959
        },
        {
          "acoustic_entropy": 8.001642227172852,
          "acoustic_entropy_side": 7.795178413391113,
          "hz": 14151.364845322005
        },
        {
          "acoustic_entropy": 7.549831867218018,
          "acoustic_entropy_side": 7.56437349319458,
          "hz": 15466.58407886509
        },
        {
          "acoustic_entropy": 7.658234596252441,
          "acoustic_entropy_side": 7.601109027862549,
          "hz": 16898.27756580493
        },
        {
          "acoustic_entropy": 7.597204208374023,
          "acoustic_entropy_side": 7.581320762634277,
          "hz": 18456.760127700032
        },
        {
          "acoustic_entropy": 7.6526947021484375,
          "acoustic_entropy_side": 7.584349632263184,
          "hz": 20153.260054456492
        },
        {
          "acoustic_entropy": 7.573141098022461,
          "acoustic_entropy_side": 7.572378158569336,
          "hz": 22000.00000000001
        }
      ],
      "diff_acoustic_entropy": 5.092992782592773,
      "sn": 6
    },
    {
      "acoustic_entropy": 13.211840629577637,
      "acoustic_entropy_mono": 13.265874862670898,
      "band_eliminated_acoustic_entropies": [
        {
          "acoustic_entropy": 13.211588859558105,
          "acoustic_entropy_side": 13.211703300476074,
          "hz": 129.47220167065723
        },
        {
          "acoustic_entropy": 13.220718383789062,
          "acoustic_entropy_side": 13.193901062011719,
          "hz": 202.92927478742237
        },
        {
          "acoustic_entropy": 13.061304092407227,
          "acoustic_entropy_side": 13.483247756958008,
          "hz": 282.89161906338205
        },
        {
          "acoustic_entropy": 13.721227645874023,
          "acoustic_entropy_side": 13.581738471984863,
          "hz": 369.9353335868758
        },
        {
          "acoustic_entropy": 13.184664726257324,
          "acoustic_entropy_side": 13.568402290344238,
          "hz": 464.6875360973435
        },
        {
          "acoustic_entropy": 13.891471862792969,
          "acoustic_entropy_side": 13.834731101989746,
          "hz": 567.8308811364784
        },
        {
          "acoustic_entropy": 13.895796775817871,
          "acoustic_entropy_side": 12.984064102172852,
          "hz": 680.1084783214808
        },
        {
          "acoustic_entropy": 13.82888126373291,
          "acoustic_entropy_side": 13.831560134887695,
          "hz": 802.3292461747484
        },
        {
          "acoustic_entropy": 11.969881057739258,
          "acoustic_entropy_side": 12.495440483093262,
          "hz": 935.3737400823702
        },
        {
          "acoustic_entropy": 13.4829740524292,
          "acoustic_entropy_side": 13.830409049987793,
          "hz": 1080.2004963696966
        },
        {
          "acoustic_entropy": 12.552114486694336,
          "acoustic_entropy_side": 13.707082748413086,
          "hz": 1237.8529382007157
        },
        {
          "acoustic_entropy": 13.033150672912598,
          "acoustic_entropy_side": 13.144918441772461,
          "hz": 1409.4668930556702
        },
        {
          "acoustic_entropy": 13.298510551452637,
          "acoustic_entropy_side": 13.281631469726562,
          "hz": 1596.2787759475705
        },
        {
          "acoustic_entropy": 13.0177001953125,
          "acoustic_entropy_side": 12.989707946777344,
          "hz": 1799.6344973346393
        },
        {
          "acoustic_entropy": 13.748262405395508,
          "acoustic_entropy_side": 13.838153839111328,
          "hz": 2020.9991599069049
        },
        {
          "acoustic_entropy": 12.554712295532227,
          "acoustic_entropy_side": 12.658638000488281,
          "hz": 2261.9676141086993
        },
        {
          "acoustic_entropy": 12.86422348022461,
          "acoustic_entropy_side": 13.542057991027832,
          "hz": 2524.2759484456974
        },
        {
          "acoustic_entropy": 13.675016403198242,
          "acoustic_entropy_side": 13.329753875732422,
          "hz": 2809.813997359896
        },
        {
          "acoustic_entropy": 13.172350883483887,
          "acoustic_entropy_side": 13.150614738464355,
          "hz": 3120.6389567871424
        },
        {
          "acoustic_entropy": 13.828288078308105,
          "acoustic_entropy_side": 13.364151000976562,
          "hz": 3458.990205492291
        },
        {
          "acoustic_entropy": 13.815788269042969,
          "acoustic_entropy_side": 13.441182136535645,
          "hz": 3827.305438964164
        },
        {
          "acoustic_entropy": 13.422804832458496,
          "acoustic_entropy_side": 13.412732124328613,
          "hz": 4228.238232109126
        },
        {
          "acoustic_entropy": 13.483575820922852,
          "acoustic_entropy_side": 13.211423873901367,
          "hz": 4664.6771572759235
        },
        {
          "acoustic_entropy": 13.058012008666992,
          "acoustic_entropy_side": 13.289971351623535,
          "hz": 5139.766595350093
        },
        {
          "acoustic_entropy": 12.984040260314941,
          "acoustic_entropy_side": 13.122693061828613,
          "hz": 5656.929389854203
        },
        {
          "acoustic_entropy": 13.235641479492188,
          "acoustic_entropy_side": 13.170584678649902,
          "hz": 6219.891507268283
        },
        {
          "acoustic_entropy": 13.356586456298828,
          "acoustic_entropy_side": 13.189600944519043,
          "hz": 6832.70888123896
        },
        {
          "acoustic_entropy": 13.724448204040527,
          "acoustic_entropy_side": 13.283866882324219,
          "hz": 7499.796634079867
        },
        {
          "acoustic_entropy": 13.740667343139648,
          "acoustic_entropy_side": 13.221968650817871,
          "hz": 8225.96088609342
        },
        {
          "acoustic_entropy": 13.57177734375,
          "acoustic_entropy_side": 13.222027778625488,
          "hz": 9016.43338188839
        },
        {
          "acoustic_entropy": 13.569574356079102,
          "acoustic_entropy_side": 13.257925033569336,
          "hz": 9876.909183162974
        },
        {
          "acoustic_entropy": 13.55341911315918,
          "acoustic_entropy_side": 13.2302827835083,
          "hz": 10813.587699516042
        },
        {
          "acoustic_entropy": 13.520401000976562,
          "acoustic_entropy_side": 13.193514823913574,
          "hz": 11833.21735289826
        },
        {
          "acoustic_entropy": 13.815773010253906,
          "acoustic_entropy_side": 13.230766296386719,
          "hz": 12943.144197493959
        },
        {
          "acoustic_entropy": 13.081537246704102,
          "acoustic_entropy_side": 13.201543807983398,
          "hz": 14151.364845322005
        },
        {
          "acoustic_entropy": 12.722969055175781,
          "acoustic_entropy_side": 13.110392570495605,
          "hz": 15466.58407886509
        },
        {
          "acoustic_entropy": 13.500849723815918,
          "acoustic_entropy_side": 13.481867790222168,
          "hz": 16898.27756580493
        },
        {
          "acoustic_entropy": 13.457781791687012,
          "acoustic_entropy_side": 13.298567771911621,
          "hz": 18456.760127700032
        },
        {
          "acoustic_entropy": 13.187870025634766,
          "acoustic_entropy_side": 13.19510269165039,
          "hz": 20153.260054456492
        },
        {
          "acoustic_entropy": 13.212050437927246,
          "acoustic_entropy_side": 13.211843490600586,
          "hz": 22000.00000000001
        }
      ],
      "diff_acoustic_entropy": 9.043695449829102,
      "sn": 12
    },
    {
      "acoustic_entropy": 21.577266693115234,
      "acoustic_entropy_mono": 17.89508628845215,
      "band_eliminated_acoustic_entropies": [
        {
          "acoustic_entropy": 21.572978973388672,
          "acoustic_entropy_side": 21.574203491210938,
          "hz": 129.47220167065723
        },
        {
          "acoustic_entropy": 21.429922103881836,
          "acoustic_entropy_side": 21.702220916748047,
          "hz": 202.92927478742237
        },
        {
          "acoustic_entropy": 21.183094024658203,
          "acoustic_entropy_side": 20.82914161682129,
          "hz": 282.89161906338205
        },
        {
          "acoustic_entropy": 21.615394592285156,
          "acoustic_entropy_side": 21.345298767089844,
          "hz": 369.9353335868758
        },
        {
          "acoustic_entropy": 22.494903564453125,
          "acoustic_entropy_side": 22.320186614990234,
          "hz": 464.6875360973435
        },
        {
          "acoustic_entropy": 21.188785552978516,
          "acoustic_entropy_side": 21.665550231933594,
          "hz": 567.8308811364784
        },
        {
          "acoustic_entropy": 21.009197235107422,
          "acoustic_entropy_side": 21.273880004882812,
          "hz": 680.1084783214808
        },
        {
          "acoustic_entropy": 21.35714340209961,
          "acoustic_entropy_side": 21.661609649658203,
          "hz": 802.3292461747484
        },
        {
          "acoustic_entropy": 20.470998764038086,
          "acoustic_entropy_side": 21.228607177734375,
          "hz": 935.3737400823702
        },
        {
          "acoustic_entropy": 21.213298797607422,
          "acoustic_entropy_side": 21.961519241333008,
          "hz": 1080.2004963696966
        },
        {
          "acoustic_entropy": 20.70439338684082,
          "acoustic_entropy_side": 21.854650497436523,
          "hz": 1237.8529382007157
        },
        {
          "acoustic_entropy": 20.98050880432129,
          "acoustic_entropy_side": 21.4158878326416,
          "hz": 1409.4668930556702
        },
        {
          "acoustic_entropy": 21.61599349975586,
          "acoustic_entropy_side": 21.052797317504883,
          "hz": 1596.2787759475705
        },
        {
          "acoustic_entropy": 20.418079376220703,
          "acoustic_entropy_side": 21.11123275756836,
          "hz": 1799.6344973346393
        },
        {
          "acoustic_entropy": 21.797697067260742,
          "acoustic_entropy_side": 21.814077377319336,
          "hz": 2020.9991599069049
        },
        {
          "acoustic_entropy": 21.488243103027344,
          "acoustic_entropy_side": 21.606679916381836,
          "hz": 2261.9676141086993
        },
        {
          "acoustic_entropy": 21.1004581451416,
          "acoustic_entropy_side": 21.428918838500977,
          "hz": 2524.2759484456974
        },
        {
          "acoustic_entropy": 21.524412155151367,
          "acoustic_entropy_side": 21.36095428466797,
          "hz": 2809.813997359896
        },
        {
