{
  "acoustic_entropy": 172.91806030273438,
  "bands": [
    {
      "high_freq": 148.1999969482422,
      "loudness": -35.112213134765625,
      "loudness_range": 17.17972755432129,
      "mid_mean": -32.46934127807617,
      "mid_to_side_loudness": -6.065764904022217,
      "mid_to_side_loudness_range": 5.761503219604492,
      "side_mean": -38.55964660644531
    },
    {
      "high_freq": 392.3793640136719,
      "loudness": -24.893606185913086,
      "loudness_range": 11.082717895507812,
      "low_freq": 148.1999969482422,
      "mid_mean": -22.98732566833496,
      "mid_to_side_loudness": -3.5113906860351562,
      "mid_to_side_loudness_range": 7.682652950286865,
      "side_mean": -26.482162475585938
    },
    {
      "high_freq": 794.6976318359375,
      "loudness": -21.79629898071289,
      "loudness_range": 13.201789855957031,
      "low_freq": 392.3793640136719,
      "mid_mean": -21.315073013305664,
      "mid_to_side_loudness": -0.21125730872154236,
      "mid_to_side_loudness_range": 9.996112823486328,
      "side_mean": -21.500770568847656
    },
    {
      "high_freq": 1457.5709228515625,
      "loudness": -29.97984504699707,
      "loudness_range": 12.3121337890625,
      "low_freq": 794.6976318359375,
      "mid_mean": -29.1357479095459,
      "mid_to_side_loudness": -0.8639023303985596,
      "mid_to_side_loudness_range": 8.709800720214844,
      "side_mean": -30.012540817260742
    },
    {
      "high_freq": 2549.74365234375,
      "loudness": -32.41794967651367,
      "loudness_range": 13.255027770996094,
      "low_freq": 1457.5709228515625,
      "mid_mean": -31.509790420532227,
      "mid_to_side_loudness": -0.828001081943512,
      "mid_to_side_loudness_range": 7.405807018280029,
      "side_mean": -32.38130187988281
    },
    {
      "high_freq": 4349.24462890625,
      "loudness": -36.70497131347656,
      "loudness_range": 21.015684127807617,
      "low_freq": 2549.74365234375,
      "mid_mean": -36.50575256347656,
      "mid_to_side_loudness": 0.9855829477310181,
      "mid_to_side_loudness_range": 7.964417457580566,
      "side_mean": -36.002113342285156
    },
    {
      "high_freq": 7314.1640625,
      "loudness": -53.4281005859375,
      "loudness_range": 25.15670394897461,
      "low_freq": 4349.24462890625,
      "mid_mean": -54.52634811401367,
      "mid_to_side_loudness": -0.5536128282546997,
      "mid_to_side_loudness_range": 6.104927062988281,
      "side_mean": -55.01530838012695
    },
    {
      "high_freq": 12199.2666015625,
      "loudness": -71.68280029296875,
      "loudness_range": 25.350547790527344,
      "low_freq": 7314.1640625,
      "mid_mean": -66.67486572265625,
      "mid_to_side_loudness": -0.7203697562217712,
      "mid_to_side_loudness_range": 4.031013488769531,
      "side_mean": -66.89501190185547
    },
    {
      "loudness": 0,
      "loudness_range": 0,
      "low_freq": 12199.2666015625,
      "mid_mean": -69.89433288574219,
      "mid_to_side_loudness": -0.4631017744541168,
      "mid_to_side_loudness_range": 1.2120455503463745,
      "side_mean": -69.9051284790039
    }
  ],
  "bands_short": [
    {
      "high_freq": 148.1999969482422,
      "loudness": -39.3609619140625,
      "loudness_range": 22.034055709838867,
      "mid_mean": -36.95967102050781,
      "mid_to_side_loudness": -5.5083746910095215,
      "mid_to_side_loudness_range": 10.275585174560547,
      "side_mean": -42.53486633300781
    },
    {
      "high_freq": 392.3793640136719,
      "loudness": -25.91935157775879,
      "loudness_range": 12.545787811279297,
      "low_freq": 148.1999969482422,
      "mid_mean": -24.073888778686523,
      "mid_to_side_loudness": -3.6571202278137207,
      "mid_to_side_loudness_range": 10.27390193939209,
      "side_mean": -27.738372802734375
    },
    {
      "high_freq": 794.6976318359375,
      "loudness": -22.150278091430664,
      "loudness_range": 14.687846183776855,
      "low_freq": 392.3793640136719,
      "mid_mean": -21.714624404907227,
      "mid_to_side_loudness": -0.4264882802963257,
      "mid_to_side_loudness_range": 12.050642967224121,
      "side_mean": -22.112993240356445
    },
    {
      "high_freq": 1457.5709228515625,
      "loudness": -30.041950225830078,
      "loudness_range": 14.470125198364258,
      "low_freq": 794.6976318359375,
      "mid_mean": -29.103561401367188,
      "mid_to_side_loudness": -1.2841261625289917,
      "mid_to_side_loudness_range": 10.15831184387207,
      "side_mean": -30.419668197631836
    },
    {
      "high_freq": 2549.74365234375,
      "loudness": -33.239044189453125,
      "loudness_range": 16.009597778320312,
      "low_freq": 1457.5709228515625,
      "mid_mean": -32.46172332763672,
      "mid_to_side_loudness": -0.8338029384613037,
      "mid_to_side_loudness_range": 9.424493789672852,
      "side_mean": -33.365596771240234
    },
    {
      "high_freq": 4349.24462890625,
      "loudness": -38.17584228515625,
      "loudness_range": 23.893295288085938,
      "low_freq": 2549.74365234375,
      "mid_mean": -38.15814208984375,
      "mid_to_side_loudness": 0.9395448565483093,
      "mid_to_side_loudness_range": 9.641376495361328,
      "side_mean": -37.648250579833984
    },
    {
      "high_freq": 7314.1640625,
      "loudness": -55.6135139465332,
      "loudness_range": 28.690509796142578,
      "low_freq": 4349.24462890625,
      "mid_mean": -56.53666305541992,
      "mid_to_side_loudness": -0.25067031383514404,
      "mid_to_side_loudness_range": 8.126925468444824,
      "side_mean": -56.715049743652344
    },
    {
      "high_freq": 12199.2666015625,
      "loudness": -73.06497192382812,
      "loudness_range": 24.81112289428711,
      "low_freq": 7314.1640625,
      "mid_mean": -67.67323303222656,
      "mid_to_side_loudness": -0.5715147256851196,
      "mid_to_side_loudness_range": 5.303832530975342,
      "side_mean": -67.77212524414062
    },
    {
      "loudness": -84.88992309570312,
      "loudness_range": 8.797691345214844,
      "low_freq": 12199.2666015625,
      "mid_mean": -69.89839935302734,
      "mid_to_side_loudness": -0.36464977264404297,
      "mid_to_side_loudness_range": 2.1495022773742676,
      "side_mean": -69.90898132324219
    }
  ],
  "bandwidth": 618.0208740234375,
  "channels": 2,
  "covariance": [
    [
      37.505760192871094,
      33.63359069824219,
      4.521181106567383,
      5.189859390258789,
      -2.535865306854248,
      -5.402904033660889,
      -2.384770631790161,
      -3.259613037109375,
      -4.468242168426514,
      -4.561208724975586,
      -8.412717819213867,
      -7.99361515045166,
      -9.50298023223877,
      -9.853331565856934,
      -6.103458881378174,
      -6.213681221008301,
      -0.06347327679395676,
      -0.06798169016838074
    ],
    [
      33.63359069824219,
      35.412620544433594,
      3.9589147567749023,
      5.444399833679199,
      -2.371734619140625,
      -5.221478462219238,
      -2.36873197555542,
      -2.373284101486206,
      -4.6989617347717285,
      -5.02950382232666,
      -8.818215370178223,
      -8.189723014831543,
      -9.7783842086792,
      -9.886547088623047,
      -6.266937255859375,
      -6.256099224090576,
      -0.05068998038768768,
      -0.055140506476163864
    ],
    [
      4.521181106567383,
      3.9589147567749023,
      17.591045379638672,
      15.87340259552002,
      3.8418729305267334,
      1.742794156074524,
      5.269393444061279,
      6.36273717880249,
      7.18051815032959,
      6.692134857177734,
      2.494868516921997,
      2.031670331954956,
      7.467654228210449,
      7.296803951263428,
      -3.382861852645874,
      -3.4498250484466553,
      0.005256228614598513,
      -0.0029987869784235954
    ],
    [
      5.189859390258789,
      5.444399833679199,
      15.87340259552002,
      22.50972557067871,
      5.3763427734375,
      3.2528059482574463,
      7.714345455169678,
      9.213199615478516,
      8.14987564086914,
      7.853457450866699,
      3.9652693271636963,
      3.67478084564209,
      9.641105651855469,
      9.015155792236328,
      -3.1962051391601562,
      -3.2920191287994385,
      0.008175643160939217,
      0.00011934107169508934
    ],
    [
      -2.535865306854248,
      -2.371734619140625,
      3.8418729305267334,
      5.3763427734375,
      18.099262237548828,
      17.5748348236084,
      10.46713638305664,
      11.751267433166504,
      14.692270278930664,
      15.5516996383667,
      18.29578971862793,
      20.203346252441406,
      23.853221893310547,
      24.41988754272461,
      7.960764408111572,
      7.543275356292725,
      0.1113525927066803,
      0.10504075884819031
    ],
    [
      -5.402904033660889,
      -5.221478462219238,
      1.742794156074524,
      3.2528059482574463,
      17.5748348236084,
      28.882429122924805,
      15.972991943359375,
      13.480856895446777,
      18.536191940307617,
      20.93136215209961,
      27.741378784179688,
      32.42544174194336,
      36.219329833984375,
      35.716468811035156,
      15.148221969604492,
      14.46241569519043,
      0.1792808473110199,
      0.17885418236255646
    ],
    [
      -2.384770631790161,
      -2.36873197555542,
      5.269393444061279,
      7.714345455169678,
      10.46713638305664,
      15.972991943359375,
      23.949140548706055,
      17.985023498535156,
      18.805587768554688,
      20.040000915527344,
      22.483190536499023,
      26.069080352783203,
      30.546045303344727,
      29.251466751098633,
      9.751617431640625,
      9.18409252166748,
      0.17732791602611542,
      0.15872634947299957
    ],
    [
      -3.259613037109375,
      -2.373284101486206,
      6.36273717880249,
      9.213199615478516,
      11.751267433166504,
      13.480856895446777,
      17.985023498535156,
      22.21011734008789,
      17.67218780517578,
      17.903318405151367,
      20.946176528930664,
      20.76628875732422,
      29.50655746459961,
      28.65104866027832,
      9.661850929260254,
      9.28282356262207,
      0.1954808384180069,
      0.17042027413845062
    ],
    [
      -4.468242168426514,
      -4.6989617347717285,
      7.18051815032959,
      8.14987564086914,
      14.692270278930664,
      18.536191940307617,
      18.805587768554688,
      17.67218780517578,
      28.980525970458984,
      25.383373260498047,
      27.393936157226562,
      29.7703857421875,
      36.40239715576172,
      35.14872360229492,
      9.427766799926758,
      9.175889015197754,
      0.17688173055648804,
      0.16589464247226715
    ],
    [
      -4.561208724975586,
      -5.02950382232666,
      6.692134857177734,
      7.853457450866699,
      15.5516996383667,
      20.93136215209961,
      20.040000915527344,
      17.903318405151367,
      25.383373260498047,
      28.356796264648438,
      29.29492950439453,
      32.42314910888672,
      37.7673225402832,
      36.720577239990234,
      12.250914573669434,
      11.541336059570312,
      0.1645893156528473,
      0.14920510351657867
    ],
    [
      -8.412717819213867,
      -8.818215370178223,
      2.494868516921997,
      3.9652693271636963,
      18.29578971862793,
      27.741378784179688,
      22.483190536499023,
      20.946176528930664,
      27.393936157226562,
      29.29492950439453,
      52.976566314697266,
      50.045379638671875,
      57.083099365234375,
      55.91425323486328,
      22.707382202148438,
      21.619171142578125,
      0.3365112543106079,
      0.3161807060241699
    ],
    [
      -7.99361515045166,
      -8.189723014831543,
      2.031670331954956,
      3.67478084564209,
      20.203346252441406,
      32.42544174194336,
      26.069080352783203,
      20.76628875732422,
      29.7703857421875,
      32.42314910888672,
      50.045379638671875,
      59.2678108215332,
      60.31828308105469,
      59.3542366027832,
      23.852468490600586,
      22.61547088623047,
      0.3545331358909607,
      0.3445846736431122
    ],
    [
      -9.50298023223877,
      -9.7783842086792,
      7.467654228210449,
      9.641105651855469,
      23.853221893310547,
      36.219329833984375,
      30.546045303344727,
      29.50655746459961,
      36.40239715576172,
      37.7673225402832,
      57.083099365234375,
      60.31828308105469,
      89.3206558227539,
      85.67523193359375,
      32.74016189575195,
      31.25455093383789,
      0.5592535138130188,
      0.5255249738693237
    ],
    [
      -9.853331565856934,
      -9.886547088623047,
      7.296803951263428,
      9.015155792236328,
      24.41988754272461,
      35.716468811035156,
      29.251466751098633,
      28.65104866027832,
      35.14872360229492,
      36.720577239990234,
      55.91425323486328,
      59.3542366027832,
      85.67523193359375,
      86.16596984863281,
      32.8863525390625,
      31.571779251098633,
      0.5768147706985474,
      0.5443218946456909
    ],
    [
      -6.103458881378174,
      -6.266937255859375,
      -3.382861852645874,
      -3.1962051391601562,
      7.960764408111572,
      15.148221969604492,
      9.751617431640625,
      9.661850929260254,
      9.427766799926758,
      12.250914573669434,
      22.707382202148438,
      23.852468490600586,
      32.74016189575195,
      32.8863525390625,
      25.250343322753906,
      23.57427215576172,
      0.4131562411785126,
      0.39101284742355347
    ],
    [
      -6.213681221008301,
      -6.256099224090576,
      -3.4498250484466553,
      -3.2920191287994385,
      7.543275356292725,
      14.46241569519043,
      9.18409252166748,
      9.28282356262207,
      9.175889015197754,
      11.541336059570312,
      21.619171142578125,
      22.61547088623047,
      31.25455093383789,
      31.571779251098633,
      23.57427215576172,
      22.59715461730957,
      0.3950042128562927,
      0.3723159432411194
    ],
    [
      -0.06347327679395676,
      -0.05068998038768768,
      0.005256228614598513,
      0.008175643160939217,
      0.1113525927066803,
      0.1792808473110199,
      0.17732791602611542,
      0.1954808384180069,
      0.17688173055648804,
      0.1645893156528473,
      0.3365112543106079,
      0.3545331358909607,
      0.5592535138130188,
      0.5768147706985474,
      0.4131562411785126,
      0.3950042128562927,
      0.01833155006170273,
      0.017136085778474808
    ],
    [
      -0.06798169016838074,
      -0.055140506476163864,
      -0.0029987869784235954,
      0.00011934107169508934,
      0.10504075884819031,
      0.17885418236255646,
      0.15872634947299957,
      0.17042027413845062,
      0.16589464247226715,
      0.14920510351657867,
      0.3161807060241699,
      0.3445846736431122,
      0.5255249738693237,
      0.5443218946456909,
      0.39101284742355347,
      0.3723159432411194,
      0.017136085778474808,
      0.016446495428681374
    ]
  ],
  "covariance_short": [
    [
      69.49466705322266,
      55.53612518310547,
      8.356202125549316,
      6.205677509307861,
      -6.832559585571289,
      -11.779860496520996,
      -7.458995819091797,
      -6.034118175506592,
      -8.263409614562988,
      -8.856178283691406,
      -15.669200897216797,
      -14.349733352661133,
      -16.867399215698242,
      -17.11121940612793,
      -5.662978649139404,
      -6.079843044281006,
      -0.015097222290933132,
      -0.024566087871789932
    ],
    [
      55.53612518310547,
      57.03590774536133,
      6.328179836273193,
      5.733060836791992,
      -5.530036926269531,
      -10.19450569152832,
      -6.688466548919678,
      -5.098498344421387,
      -7.311973571777344,
      -8.341296195983887,
      -14.566387176513672,
      -12.576409339904785,
      -15.231925964355469,
      -15.16061782836914,
      -4.9641852378845215,
      -5.324778079986572,
      0.005039968062192202,
      -0.004010849166661501
    ],
    [
      8.356202125549316,
      6.328179836273193,
      21.12313461303711,
      18.809955596923828,
      6.12418270111084,
      4.71187162399292,
      8.247295379638672,
      8.826886177062988,
      8.414546966552734,
      8.274057388305664,
      5.147345066070557,
      4.615530967712402,
      7.905488967895508,
      7.620905876159668,
      -1.3960357904434204,
      -1.6305221319198608,
      0.024423321709036827,
      0.015451755374670029
    ],
    [
      6.205677509307861,
      5.733060836791992,
      18.809955596923828,
      29.68477439880371,
      8.5306978225708,
      7.237905502319336,
      11.616931915283203,
      12.509410858154297,
      10.024076461791992,
      10.372865676879883,
      7.554117679595947,
      7.269072532653809,
      11.780741691589355,
      11.253214836120605,
      -1.0335124731063843,
      -1.3188934326171875,
      0.04220203682780266,
      0.031355950981378555
    ],
    [
      -6.832559585571289,
      -5.530036926269531,
      6.12418270111084,
      8.5306978225708,
      25.44869041442871,
      21.204721450805664,
      15.47433090209961,
      16.483272552490234,
      18.94452667236328,
      19.20845603942871,
      22.66188621520996,
      23.435977935791016,
      25.64846420288086,
      26.976573944091797,
      6.727585792541504,
      6.360015392303467,
      0.1505243331193924,
      0.14110636711120605
    ],
    [
      -11.779860496520996,
      -10.19450569152832,
      4.71187162399292,
      7.237905502319336,
      21.204721450805664,
      34.549468994140625,
      19.96494483947754,
      16.590576171875,
      22.793289184570312,
      24.893192291259766,
      33.2071647644043,
      37.51517868041992,
      39.27840805053711,
      40.63676071166992,
      11.971200942993164,
      11.708358764648438,
      0.2110329568386078,
      0.2084505259990692
    ],
    [
      -7.458995819091797,
      -6.688466548919678,
      8.247295379638672,
      11.616931915283203,
      15.47433090209961,
      19.96494483947754,
      32.6336784362793,
      24.129030227661133,
      24.729761123657227,
      26.181089401245117,
      30.342477798461914,
      33.02639389038086,
      35.50053405761719,
      35.605525970458984,
      9.382527351379395,
      8.826814651489258,
      0.2493312507867813,
      0.22712916135787964
    ],
    [
      -6.034118175506592,
      -5.098498344421387,
      8.826886177062988,
      12.509410858154297,
      16.483272552490234,
      16.590576171875,
      24.129030227661133,
      29.840768814086914,
      23.43540382385254,
      23.354877471923828,
      28.567476272583008,
      27.44607925415039,
      33.709049224853516,
      33.6651496887207,
      9.151782035827637,
      8.84156322479248,
      0.26024705171585083,
      0.23229920864105225
    ],
    [
      -8.263409614562988,
      -7.311973571777344,
      8.414546966552734,
      10.024076461791992,
      18.94452667236328,
      22.793289184570312,
      24.729761123657227,
      23.43540382385254,
      38.20454406738281,
      31.32825469970703,
      36.986942291259766,
      37.54265213012695,
      41.16880798339844,
      40.6129264831543,
      9.881246566772461,
      9.708770751953125,
      0.2734840214252472,
      0.25735992193222046
    ],
    [
      -8.856178283691406,
      -8.341296195983887,
      8.274057388305664,
      10.372865676879883,
      19.20845603942871,
      24.893192291259766,
      26.181089401245117,
      23.354877471923828,
      31.32825469970703,
      37.081809997558594,
      38.47414779663086,
      40.46611022949219,
      42.46944046020508,
      41.84782791137695,
      11.447875022888184,
      11.036840438842773,
      0.2485935091972351,
      0.22940810024738312
    ],
    [
      -15.669200897216797,
      -14.566387176513672,
      5.147345066070557,
      7.554117679595947,
      22.66188621520996,
      33.2071647644043,
      30.342477798461914,
      28.567476272583008,
      36.986942291259766,
      38.47414779663086,
      67.74382781982422,
      62.26856994628906,
      66.19359588623047,
      67.2789306640625,
      21.035886764526367,
      20.509628295898438,
      0.48068955540657043,
      0.44749101996421814
    ],
    [
      -14.349733352661133,
      -12.576409339904785,
      4.615530967712402,
      7.269072532653809,
      23.435977935791016,
      37.51517868041992,
      33.02639389038086,
      27.44607925415039,
      37.54265213012695,
      40.46611022949219,
      62.26856994628906,
      72.84078216552734,
      68.4440689086914,
      69.66214752197266,
      21.678434371948242,
      21.1363468170166,
      0.4839596152305603,
      0.4605926275253296
    ],
    [
      -16.867399215698242,
      -15.231925964355469,
      7.905488967895508,
      11.780741691589355,
      25.64846420288086,
      39.27840805053711,
      35.50053405761719,
      33.709049224853516,
      41.16880798339844,
      42.46944046020508,
      66.19359588623047,
      68.4440689086914,
      93.1032485961914,
      90.36070251464844,
      27.749494552612305,
      27.069171905517578,
      0.7341777086257935,
      0.6822113394737244
    ],
    [
      -17.11121940612793,
      -15.16061782836914,
      7.620905876159668,
      11.253214836120605,
      26.976573944091797,
      40.63676071166992,
      35.605525970458984,
      33.6651496887207,
      40.6129264831543,
      41.84782791137695,
      67.2789306640625,
      69.66214752197266,
      90.36070251464844,
      93.97533416748047,
      28.542236328125,
      28.001962661743164,
      0.746071994304657,
      0.6969730854034424
    ],
    [
      -5.662978649139404,
      -4.9641852378845215,
      -1.3960357904434204,
      -1.0335124731063843,
      6.727585792541504,
      11.971200942993164,
      9.382527351379395,
      9.151782035827637,
      9.881246566772461,
      11.447875022888184,
      21.035886764526367,
      21.678434371948242,
      27.749494552612305,
      28.542236328125,
      18.483352661132812,
      17.368453979492188,
      0.5393846035003662,
      0.5041798949241638
    ],
    [
      -6.079843044281006,
      -5.324778079986572,
      -1.6305221319198608,
      -1.3188934326171875,
      6.360015392303467,
      11.708358764648438,
      8.826814651489258,
      8.84156322479248,
      9.708770751953125,
      11.036840438842773,
      20.509628295898438,
      21.1363468170166,
      27.069171905517578,
      28.001962661743164,
      17.368453979492188,
      17.39862632751465,
      0.5120193958282471,
      0.47796425223350525
    ],
    [
      -0.015097222290933132,
      0.005039968062192202,
      0.024423321709036827,
      0.04220203682780266,
      0.1505243331193924,
      0.2110329568386078,
      0.2493312507867813,
      0.26024705171585083,
      0.2734840214252472,
      0.2485935091972351,
      0.48068955540657043,
      0.4839596152305603,
      0.7341777086257935,
      0.746071994304657,
      0.5393846035003662,
      0.5120193958282471,
      0.05901971086859703,
      0.053443409502506256
    ],
    [
      -0.024566087871789932,
      -0.004010849166661501,
      0.015451755374670029,
      0.031355950981378555,
      0.14110636711120605,
      0.2084505259990692,
      0.22712916135787964,
      0.23229920864105225,
      0.25735992193222046,
      0.22940810024738312,
      0.44749101996421814,
      0.4605926275253296,
      0.6822113394737244,
      0.6969730854034424,
      0.5041798949241638,
      0.47796425223350525,
      0.053443409502506256,
      0.05121390148997307
    ]
  ],
  "damage": -6.983832836151123,
  "diff_bandwidth": 645.7051391601562,
  "dissonance": 5.44100289673715,
  "drr": 9.307792663574219,
  "dynamics": 3.187650680541992,
  "format": 1245190,
  "frames": 13512704,
  "loudness": -14.996989250183105,
  "loudness_range": 8.634805679321289,
  "loudness_range_short": 11.01099967956543,
  "lowpass_true_peak_15khz": -0.5589919090270996,
  "mastering3_acoustic_entropies": [
    {
      "acoustic_entropy": 6.375311374664307,
      "acoustic_entropy_mono": 5.770208835601807,
      "band_eliminated_acoustic_entropies": [
        {
          "acoustic_entropy": 6.374413967132568,
          "acoustic_entropy_side": 6.375216960906982,
          "hz": 129.47220167065723
        },
        {
          "acoustic_entropy": 6.394784450531006,
          "acoustic_entropy_side": 6.376506805419922,
          "hz": 202.92927478742237
        },
        {
          "acoustic_entropy": 6.576541423797607,
          "acoustic_entropy_side": 6.402927875518799,
          "hz": 282.89161906338205
        },
        {
          "acoustic_entropy": 6.7122697830200195,
          "acoustic_entropy_side": 6.44249153137207,
          "hz": 369.9353335868758
        },
        {
          "acoustic_entropy": 6.036193370819092,
          "acoustic_entropy_side": 6.478161334991455,
          "hz": 464.6875360973435
        },
        {
          "acoustic_entropy": 6.416131973266602,
          "acoustic_entropy_side": 6.36499547958374,
          "hz": 567.8308811364784
        },
        {
          "acoustic_entropy": 5.467750549316406,
          "acoustic_entropy_side": 5.2656779289245605,
          "hz": 680.1084783214808
        },
        {
          "acoustic_entropy": 5.57181453704834,
          "acoustic_entropy_side": 6.211792945861816,
          "hz": 802.3292461747484
        },
        {
          "acoustic_entropy": 5.610763072967529,
          "acoustic_entropy_side": 6.25007438659668,
          "hz": 935.3737400823702
        },
        {
          "acoustic_entropy": 5.972524166107178,
          "acoustic_entropy_side": 6.2196221351623535,
          "hz": 1080.2004963696966
        },
        {
          "acoustic_entropy": 6.257619857788086,
          "acoustic_entropy_side": 6.189137935638428,
          "hz": 1237.8529382007157
        },
        {
          "acoustic_entropy": 6.464512825012207,
          "acoustic_entropy_side": 6.431607723236084,
          "hz": 1409.4668930556702
        },
        {
          "acoustic_entropy": 6.692879676818848,
          "acoustic_entropy_side": 6.485962867736816,
          "hz": 1596.2787759475705
        },
        {
          "acoustic_entropy": 6.474496364593506,
          "acoustic_entropy_side": 6.398069381713867,
          "hz": 1799.6344973346393
        },
        {
          "acoustic_entropy": 6.369968414306641,
          "acoustic_entropy_side": 6.37532901763916,
          "hz": 2020.9991599069049
        },
        {
          "acoustic_entropy": 6.469221591949463,
          "acoustic_entropy_side": 6.375436782836914,
          "hz": 2261.9676141086993
        },
        {
          "acoustic_entropy": 6.348967552185059,
          "acoustic_entropy_side": 6.354247093200684,
          "hz": 2524.2759484456974
        },
        {
          "acoustic_entropy": 6.189836502075195,
          "acoustic_entropy_side": 6.267233371734619,
          "hz": 2809.813997359896
        },
        {
          "acoustic_entropy": 6.298404693603516,
          "acoustic_entropy_side": 6.342870712280273,
          "hz": 3120.6389567871424
        },
        {
          "acoustic_entropy": 6.376359939575195,
          "acoustic_entropy_side": 6.382823944091797,
          "hz": 3458.990205492291
        },
        {
          "acoustic_entropy": 6.454390525817871,
          "acoustic_entropy_side": 6.452273845672607,
          "hz": 3827.305438964164
        },
        {
          "acoustic_entropy": 6.3597731590271,
          "acoustic_entropy_side": 6.347156047821045,
          "hz": 4228.238232109126
        },
        {
          "acoustic_entropy": 6.380675315856934,
          "acoustic_entropy_side": 6.37376070022583,
          "hz": 4664.6771572759235
        },
        {
          "acoustic_entropy": 6.380180835723877,
          "acoustic_entropy_side": 6.380083084106445,
          "hz": 5139.766595350093
        },
        {
          "acoustic_entropy": 6.3767852783203125,
          "acoustic_entropy_side": 6.3770551681518555,
          "hz": 5656.929389854203
        },
        {
          "acoustic_entropy": 6.375484943389893,
          "acoustic_entropy_side": 6.375300884246826,
          "hz": 6219.891507268283
        },
        {
          "acoustic_entropy": 6.3755035400390625,
          "acoustic_entropy_side": 6.375367641448975,
          "hz": 6832.70888123896
        },
        {
          "acoustic_entropy": 6.375363826751709,
          "acoustic_entropy_side": 6.375327110290527,
          "hz": 7499.796634079867
        },
        {
          "acoustic_entropy": 6.375226974487305,
          "acoustic_entropy_side": 6.375275135040283,
          "hz": 8225.96088609342
        },
        {
          "acoustic_entropy": 6.375283241271973,
          "acoustic_entropy_side": 6.375304698944092,
          "hz": 9016.43338188839
        },
        {
          "acoustic_entropy": 6.375316143035889,
          "acoustic_entropy_side": 6.375313758850098,
          "hz": 9876.909183162974
        },
        {
          "acoustic_entropy": 6.375311374664307,
          "acoustic_entropy_side": 6.375310897827148,
          "hz": 10813.587699516042
        },
        {
          "acoustic_entropy": 6.375311374664307,
          "acoustic_entropy_side": 6.375311374664307,
          "hz": 11833.21735289826
        },
        {
          "acoustic_entropy": 6.375311374664307,
          "acoustic_entropy_side": 6.375311374664307,
          "hz": 12943.144197493959
        },
        {
          "acoustic_entropy": 6.375311374664307,
          "acoustic_entropy_side": 6.375311374664307,
          "hz": 14151.364845322005
        },
        {
          "acoustic_entropy": 6.375311374664307,
          "acoustic_entropy_side": 6.375311374664307,
          "hz": 15466.58407886509
        },
        {
          "acoustic_entropy": 6.375311374664307,
          "acoustic_entropy_side": 6.375311374664307,
          "hz": 16898.27756580493
        },
        {
          "acoustic_entropy": 6.375311374664307,
          "acoustic_entropy_side": 6.375311374664307,
          "hz": 18456.760127700032
        },
        {
          "acoustic_entropy": 6.375311374664307,
          "acoustic_entropy_side": 6.375311374664307,
          "hz": 20153.260054456492
        },
        {
          "acoustic_entropy": 6.375311374664307,
          "acoustic_entropy_side": 6.375311374664307,
          "hz": 22000.00000000001
        }
      ],
      "diff_acoustic_entropy": 5.077902793884277,
      "sn": 6
    },
    {
      "acoustic_entropy": 10.98616886138916,
      "acoustic_entropy_mono": 8.610346794128418,
      "band_eliminated_acoustic_entropies": [
        {
          "acoustic_entropy": 10.97749137878418,
          "acoustic_entropy_side": 10.983034133911133,
          "hz": 129.47220167065723
        },
        {
          "acoustic_entropy": 10.789837837219238,
          "acoustic_entropy_side": 11.018976211547852,
          "hz": 202.92927478742237
        },
        {
          "acoustic_entropy": 10.55145263671875,
          "acoustic_entropy_side": 10.376463890075684,
          "hz": 282.89161906338205
        },
        {
          "acoustic_entropy": 10.50991153717041,
          "acoustic_entropy_side": 11.193506240844727,
          "hz": 369.9353335868758
        },
        {
          "acoustic_entropy": 9.914929389953613,
          "acoustic_entropy_side": 11.306039810180664,
          "hz": 464.6875360973435
        },
        {
          "acoustic_entropy": 10.448310852050781,
          "acoustic_entropy_side": 10.642497062683105,
          "hz": 567.8308811364784
        },
        {
          "acoustic_entropy": 9.773764610290527,
          "acoustic_entropy_side": 10.139060020446777,
          "hz": 680.1084783214808
        },
        {
          "acoustic_entropy": 10.71988582611084,
          "acoustic_entropy_side": 11.021438598632812,
          "hz": 802.3292461747484
        },
        {
          "acoustic_entropy": 10.413727760314941,
          "acoustic_entropy_side": 11.086869239807129,
          "hz": 935.3737400823702
        },
        {
          "acoustic_entropy": 10.20022201538086,
          "acoustic_entropy_side": 10.296356201171875,
          "hz": 1080.2004963696966
        },
        {
          "acoustic_entropy": 10.637853622436523,
          "acoustic_entropy_side": 10.86653995513916,
          "hz": 1237.8529382007157
        },
        {
          "acoustic_entropy": 10.536137580871582,
          "acoustic_entropy_side": 10.778779983520508,
          "hz": 1409.4668930556702
        },
        {
          "acoustic_entropy": 11.326667785644531,
          "acoustic_entropy_side": 11.032317161560059,
          "hz": 1596.2787759475705
        },
        {
          "acoustic_entropy": 11.050436019897461,
          "acoustic_entropy_side": 10.929004669189453,
          "hz": 1799.6344973346393
        },
        {
          "acoustic_entropy": 10.34969711303711,
          "acoustic_entropy_side": 10.800573348999023,
          "hz": 2020.9991599069049
        },
        {
          "acoustic_entropy": 11.206052780151367,
          "acoustic_entropy_side": 11.02199649810791,
          "hz": 2261.9676141086993
        },
        {
          "acoustic_entropy": 11.060858726501465,
          "acoustic_entropy_side": 11.026714324951172,
          "hz": 2524.2759484456974
        },
        {
          "acoustic_entropy": 10.843666076660156,
          "acoustic_entropy_side": 11.01865291595459,
          "hz": 2809.813997359896
        },
        {
          "acoustic_entropy": 10.938653945922852,
          "acoustic_entropy_side": 11.034440040588379,
          "hz": 3120.6389567871424
        },
        {
          "acoustic_entropy": 10.650954246520996,
          "acoustic_entropy_side": 10.884156227111816,
          "hz": 3458.990205492291
        },
        {
          "acoustic_entropy": 10.071942329406738,
          "acoustic_entropy_side": 10.241493225097656,
          "hz": 3827.305438964164
        },
        {
          "acoustic_entropy": 10.27362060546875,
          "acoustic_entropy_side": 10.465970039367676,
          "hz": 4228.238232109126
        },
        {
          "acoustic_entropy": 10.9070463180542,
          "acoustic_entropy_side": 10.92048168182373,
          "hz": 4664.6771572759235
        },
        {
          "acoustic_entropy": 10.916810035705566,
          "acoustic_entropy_side": 10.946702003479004,
          "hz": 5139.766595350093
        },
        {
          "acoustic_entropy": 10.952583312988281,
          "acoustic_entropy_side": 10.96738338470459,
          "hz": 5656.929389854203
        },
        {
          "acoustic_entropy": 10.975833892822266,
          "acoustic_entropy_side": 10.981353759765625,
          "hz": 6219.891507268283
        },
        {
          "acoustic_entropy": 10.983439445495605,
          "acoustic_entropy_side": 10.985426902770996,
          "hz": 6832.70888123896
        },
        {
          "acoustic_entropy": 10.983092308044434,
          "acoustic_entropy_side": 10.985359191894531,
          "hz": 7499.796634079867
        },
        {
          "acoustic_entropy": 10.986260414123535,
          "acoustic_entropy_side": 10.986308097839355,
          "hz": 8225.96088609342
        },
        {
          "acoustic_entropy": 10.987298011779785,
          "acoustic_entropy_side": 10.986350059509277,
          "hz": 9016.43338188839
        },
        {
          "acoustic_entropy": 10.986513137817383,
          "acoustic_entropy_side": 10.986245155334473,
          "hz": 9876.909183162974
        },
        {
          "acoustic_entropy": 10.98617172241211,
          "acoustic_entropy_side": 10.986169815063477,
          "hz": 10813.587699516042
        },
        {
          "acoustic_entropy": 10.986167907714844,
          "acoustic_entropy_side": 10.98616886138916,
          "hz": 11833.21735289826
        },
        {
          "acoustic_entropy": 10.98616886138916,
          "acoustic_entropy_side": 10.98616886138916,
          "hz": 12943.144197493959
        },
        {
          "acoustic_entropy": 10.98616886138916,
          "acoustic_entropy_side": 10.98616886138916,
          "hz": 14151.364845322005
        },
        {
          "acoustic_entropy": 10.98616886138916,
          "acoustic_entropy_side": 10.98616886138916,
          "hz": 15466.58407886509
        },
        {
          "acoustic_entropy": 10.98616886138916,
          "acoustic_entropy_side": 10.98616886138916,
          "hz": 16898.27756580493
        },
        {
          "acoustic_entropy": 10.98616886138916,
          "acoustic_entropy_side": 10.98616886138916,
          "hz": 18456.760127700032
        },
        {
          "acoustic_entropy": 10.98616886138916,
          "acoustic_entropy_side": 10.98616886138916,
          "hz": 20153.260054456492
        },
        {
          "acoustic_entropy": 10.98616886138916,
          "acoustic_entropy_side": 10.98616886138916,
          "hz": 22000.00000000001
        }
      ],
      "diff_acoustic_entropy": 8.037442207336426,
      "sn": 12
    },
    {
      "acoustic_entropy": 15.035436630249023,
      "acoustic_entropy_mono": 13.52026081085205,
      "band_eliminated_acoustic_entropies": [
        {
          "acoustic_entropy": 15.526823043823242,
          "acoustic_entropy_side": 15.18227767944336,
          "hz": 129.47220167065723
        },
        {
          "acoustic_entropy": 15.73200511932373,
          "acoustic_entropy_side": 15.51383113861084,
          "hz": 202.92927478742237
        },
        {
          "acoustic_entropy": 15.681550025939941,
          "acoustic_entropy_side": 15.94690227508545,
          "hz": 282.89161906338205
        },
        {
          "acoustic_entropy": 15.050950050354004,
          "acoustic_entropy_side": 16.046918869018555,
          "hz": 369.9353335868758
        },
        {
          "acoustic_entropy": 16.03175163269043,
          "acoustic_entropy_side": 16.63527488708496,
          "hz": 464.6875360973435
        },
        {
          "acoustic_entropy": 15.902545928955078,
          "acoustic_entropy_side": 15.178218841552734,
          "hz": 567.8308811364784
        },
        {
          "acoustic_entropy": 15.207917213439941,
          "acoustic_entropy_side": 16.869796752929688,
          "hz": 680.1084783214808
        },
        {
          "acoustic_entropy": 16.367366790771484,
          "acoustic_entropy_side": 15.791666984558105,
          "hz": 802.3292461747484
        },
        {
          "acoustic_entropy": 16.001819610595703,
          "acoustic_entropy_side": 16.20941925048828,
          "hz": 935.3737400823702
        },
        {
          "acoustic_entropy": 15.251344680786133,
          "acoustic_entropy_side": 15.608621597290039,
          "hz": 1080.2004963696966
        },
        {
          "acoustic_entropy": 15.744168281555176,
          "acoustic_entropy_side": 15.246240615844727,
          "hz": 1237.8529382007157
        },
        {
          "acoustic_entropy": 15.199260711669922,
          "acoustic_entropy_side": 15.347418785095215,
          "hz": 1409.4668930556702
        },
        {
          "acoustic_entropy": 15.787097930908203,
          "acoustic_entropy_side": 15.234590530395508,
          "hz": 1596.2787759475705
        },
        {
          "acoustic_entropy": 15.633316040039062,
          "acoustic_entropy_side": 15.602869987487793,
          "hz": 1799.6344973346393
        },
        {
          "acoustic_entropy": 15.298420906066895,
          "acoustic_entropy_side": 15.189271926879883,
          "hz": 2020.9991599069049
        },
        {
          "acoustic_entropy": 15.793741226196289,
          "acoustic_entropy_side": 15.263559341430664,
          "hz": 2261.9676141086993
        },
        {
          "acoustic_entropy": 15.839446067810059,
          "acoustic_entropy_side": 15.355966567993164,
          "hz": 2524.2759484456974
        },
        {
          "acoustic_entropy": 15.252069473266602,
