{
  "acoustic_entropy": 119.60645294189453,
  "bands": [
    {
      "high_freq": 148.1999969482422,
      "loudness": -36.49580383300781,
      "loudness_range": 20.705236434936523,
      "mid_mean": -35.50013732910156,
      "mid_to_side_loudness": -21.730762481689453,
      "mid_to_side_loudness_range": 15.462939262390137,
      "side_mean": -57.704124450683594
    },
    {
      "high_freq": 392.3793640136719,
      "loudness": -35.24455642700195,
      "loudness_range": 18.796302795410156,
      "low_freq": 148.1999969482422,
      "mid_mean": -31.874794006347656,
      "mid_to_side_loudness": -14.30903148651123,
      "mid_to_side_loudness_range": 13.506072044372559,
      "side_mean": -46.74701690673828
    },
    {
      "high_freq": 794.6976318359375,
      "loudness": -36.371681213378906,
      "loudness_range": 23.02796745300293,
      "low_freq": 392.3793640136719,
      "mid_mean": -33.27714538574219,
      "mid_to_side_loudness": -14.171453475952148,
      "mid_to_side_loudness_range": 10.837532043457031,
      "side_mean": -50.29658889770508
    },
    {
      "high_freq": 1457.5709228515625,
      "loudness": -39.30966567993164,
      "loudness_range": 26.766828536987305,
      "low_freq": 794.6976318359375,
      "mid_mean": -36.06873321533203,
      "mid_to_side_loudness": -14.177894592285156,
      "mid_to_side_loudness_range": 11.00469970703125,
      "side_mean": -52.655784606933594
    },
    {
      "high_freq": 2549.74365234375,
      "loudness": -47.38898468017578,
      "loudness_range": 26.730789184570312,
      "low_freq": 1457.5709228515625,
      "mid_mean": -44.28200149536133,
      "mid_to_side_loudness": -12.802557945251465,
      "mid_to_side_loudness_range": 10.355978965759277,
      "side_mean": -58.13140106201172
    },
    {
      "high_freq": 4349.24462890625,
      "loudness": -54.355587005615234,
      "loudness_range": 27.49344253540039,
      "low_freq": 2549.74365234375,
      "mid_mean": -53.25440979003906,
      "mid_to_side_loudness": -14.710556030273438,
      "mid_to_side_loudness_range": 10.407051086425781,
      "side_mean": -63.953636169433594
    },
    {
      "high_freq": 7314.1640625,
      "loudness": -62.53034973144531,
      "loudness_range": 23.967796325683594,
      "low_freq": 4349.24462890625,
      "mid_mean": -59.68074417114258,
      "mid_to_side_loudness": -17.228496551513672,
      "mid_to_side_loudness_range": 12.712407112121582,
      "side_mean": -68.25953674316406
    },
    {
      "high_freq": 12199.2666015625,
      "loudness": -69.7392578125,
      "loudness_range": 17.201457977294922,
      "low_freq": 7314.1640625,
      "mid_mean": -64.67784881591797,
      "mid_to_side_loudness": -27.997425079345703,
      "mid_to_side_loudness_range": 30.311935424804688,
      "side_mean": -69.73023986816406
    },
    {
      "loudness": -75.3748779296875,
      "loudness_range": 7.0518798828125,
      "low_freq": 12199.2666015625,
      "mid_mean": -67.82215881347656,
      "mid_to_side_loudness": -16.622398376464844,
      "mid_to_side_loudness_range": 12.401546478271484,
      "side_mean": -69.93525695800781
    }
  ],
  "bands_short": [
    {
      "high_freq": 148.1999969482422,
      "loudness": -40.096988677978516,
      "loudness_range": 27.901350021362305,
      "mid_mean": -38.47740936279297,
      "mid_to_side_loudness": -23.08883285522461,
      "mid_to_side_loudness_range": 21.3380069732666,
      "side_mean": -60.49237823486328
    },
    {
      "high_freq": 392.3793640136719,
      "loudness": -36.227054595947266,
      "loudness_range": 20.181304931640625,
      "low_freq": 148.1999969482422,
      "mid_mean": -33.02231979370117,
      "mid_to_side_loudness": -14.320015907287598,
      "mid_to_side_loudness_range": 16.309419631958008,
      "side_mean": -50.63086700439453
    },
    {
      "high_freq": 794.6976318359375,
      "loudness": -35.98799133300781,
      "loudness_range": 21.011709213256836,
      "low_freq": 392.3793640136719,
      "mid_mean": -32.831581115722656,
      "mid_to_side_loudness": -13.527750968933105,
      "mid_to_side_loudness_range": 14.979143142700195,
      "side_mean": -46.69536590576172
    },
    {
      "high_freq": 1457.5709228515625,
      "loudness": -39.258697509765625,
      "loudness_range": 27.38314437866211,
      "low_freq": 794.6976318359375,
      "mid_mean": -36.15396499633789,
      "mid_to_side_loudness": -14.103963851928711,
      "mid_to_side_loudness_range": 13.861461639404297,
      "side_mean": -52.708641052246094
    },
    {
      "high_freq": 2549.74365234375,
      "loudness": -47.787635803222656,
      "loudness_range": 27.503936767578125,
      "low_freq": 1457.5709228515625,
      "mid_mean": -44.78987121582031,
      "mid_to_side_loudness": -12.580255508422852,
      "mid_to_side_loudness_range": 12.580400466918945,
      "side_mean": -58.36650466918945
    },
    {
      "high_freq": 4349.24462890625,
      "loudness": -54.480892181396484,
      "loudness_range": 26.788097381591797,
      "low_freq": 2549.74365234375,
      "mid_mean": -53.46814727783203,
      "mid_to_side_loudness": -14.47510051727295,
      "mid_to_side_loudness_range": 12.552507400512695,
      "side_mean": -63.943668365478516
    },
    {
      "high_freq": 7314.1640625,
      "loudness": -62.90872573852539,
      "loudness_range": 24.425426483154297,
      "low_freq": 4349.24462890625,
      "mid_mean": -59.95008087158203,
      "mid_to_side_loudness": -16.748409271240234,
      "mid_to_side_loudness_range": 13.874811172485352,
      "side_mean": -68.29666137695312
    },
    {
      "high_freq": 12199.2666015625,
      "loudness": -70.13771057128906,
      "loudness_range": 16.677349090576172,
      "low_freq": 7314.1640625,
      "mid_mean": -64.93195343017578,
      "mid_to_side_loudness": -25.74664878845215,
      "mid_to_side_loudness_range": 29.74018096923828,
      "side_mean": -69.76262664794922
    },
    {
      "loudness": -75.6109390258789,
      "loudness_range": 7.218231201171875,
      "low_freq": 12199.2666015625,
      "mid_mean": -67.9111557006836,
      "mid_to_side_loudness": -16.694562911987305,
      "mid_to_side_loudness_range": 11.778793334960938,
      "side_mean": -69.93569946289062
    }
  ],
  "bandwidth": 538.5629272460938,
  "channels": 2,
  "covariance": [
    [
      108.12174987792969,
      63.04720687866211,
      35.741310119628906,
      35.999290466308594,
      47.72970962524414,
      49.49431228637695,
      35.143184661865234,
      34.03278350830078,
      32.84096145629883,
      34.14530563354492,
      46.7276611328125,
      29.149057388305664,
      37.192283630371094,
      11.92427921295166,
      21.340333938598633,
      2.508690118789673,
      6.45831823348999,
      0.07912896573543549
    ],
    [
      63.04720687866211,
      70.5086669921875,
      26.108964920043945,
      31.985254287719727,
      38.540279388427734,
      72.00361633300781,
      33.87004470825195,
      60.983787536621094,
      32.98114776611328,
      50.80802536010742,
      65.05179595947266,
      33.958465576171875,
      45.68757247924805,
      12.529779434204102,
      25.165164947509766,
      2.6520111560821533,
      8.688323020935059,
      0.16783523559570312
    ],
    [
      35.741310119628906,
      26.108964920043945,
      43.816673278808594,
      32.076637268066406,
      37.8731689453125,
      36.09568786621094,
      32.688194274902344,
      29.103137969970703,
      36.61821746826172,
      30.225400924682617,
      36.30476760864258,
      21.721107482910156,
      28.520660400390625,
      8.985980033874512,
      19.309280395507812,
      2.5496809482574463,
      6.658699989318848,
      0.10995861142873764
    ],
    [
      35.999290466308594,
      31.985254287719727,
      32.076637268066406,
      48.23631286621094,
      32.10380172729492,
      42.46634292602539,
      30.248884201049805,
      36.54536819458008,
      31.647668838500977,
      34.52986526489258,
      38.30928421020508,
      24.231000900268555,
      28.18403434753418,
      9.971940040588379,
      17.040863037109375,
      2.945638656616211,
      5.021598815917969,
      0.14137926697731018
    ],
    [
      47.72970962524414,
      38.540279388427734,
      37.8731689453125,
      32.10380172729492,
      67.1483154296875,
      60.63372039794922,
      60.05231475830078,
      56.07447814941406,
      64.28526306152344,
      55.46406936645508,
      60.92401123046875,
      38.14798355102539,
      44.9431037902832,
      14.956096649169922,
      26.108287811279297,
      2.9865686893463135,
      8.489529609680176,
      0.10768235474824905
    ],
    [
      49.49431228637695,
      72.00361633300781,
      36.09568786621094,
      42.46634292602539,
      60.63372039794922,
      116.74361419677734,
      57.73581314086914,
      101.4155502319336,
      60.44565963745117,
      84.36241912841797,
      100.08927917480469,
      52.5500602722168,
      68.24307250976562,
      18.965274810791016,
      38.07575988769531,
      3.51798152923584,
      13.28179931640625,
      0.24341589212417603
    ],
    [
      35.143184661865234,
      33.87004470825195,
      32.688194274902344,
      30.248884201049805,
      60.05231475830078,
      57.73581314086914,
      78.66179656982422,
      69.34220886230469,
      74.71894836425781,
      62.4304084777832,
      68.25797271728516,
      43.101158142089844,
      49.45118713378906,
      16.066091537475586,
      29.10293960571289,
      3.583671808242798,
      9.883484840393066,
      0.13459405303001404
    ],
    [
      34.03278350830078,
      60.983787536621094,
      29.103137969970703,
      36.54536819458008,
      56.07447814941406,
      101.4155502319336,
      69.34220886230469,
      108.85453033447266,
      69.37821960449219,
      85.54251098632812,
      97.83804321289062,
      54.273433685302734,
      65.58438873291016,
      18.97931671142578,
      36.60840606689453,
      3.9467015266418457,
      12.988115310668945,
      0.2615278661251068
    ],
    [
      32.84096145629883,
      32.98114776611328,
      36.61821746826172,
      31.647668838500977,
      64.28526306152344,
      60.44565963745117,
      74.71894836425781,
      69.37821960449219,
      88.31028747558594,
      72.05391693115234,
      75.44734954833984,
      48.28168487548828,
      52.75808334350586,
      17.255895614624023,
      31.583742141723633,
      4.209418773651123,
      10.823734283447266,
      0.17750872671604156
    ],
    [
      34.14530563354492,
      50.80802536010742,
      30.225400924682617,
      34.52986526489258,
      55.46406936645508,
      84.36241912841797,
      62.4304084777832,
      85.54251098632812,
      72.05391693115234,
      80.83576965332031,
      85.45764923095703,
      51.15951156616211,
      57.27516174316406,
      18.441831588745117,
      33.0050163269043,
      4.145646095275879,
      11.571235656738281,
      0.2644921541213989
    ],
    [
      46.7276611328125,
      65.05179595947266,
      36.30476760864258,
      38.30928421020508,
      60.92401123046875,
      100.08927917480469,
      68.25797271728516,
      97.83804321289062,
      75.44734954833984,
      85.45764923095703,
      106.86383819580078,
      56.08197021484375,
      73.63712310791016,
      20.11720085144043,
      42.72716522216797,
      4.54506254196167,
      15.679734230041504,
      0.296100914478302
    ],
    [
      29.149057388305664,
      33.958465576171875,
      21.721107482910156,
      24.231000900268555,
      38.14798355102539,
      52.5500602722168,
      43.101158142089844,
      54.273433685302734,
      48.28168487548828,
      51.15951156616211,
      56.08197021484375,
      37.82514572143555,
      38.725914001464844,
      15.229816436767578,
      23.765239715576172,
      4.250118255615234,
      8.371195793151855,
      0.2766892910003662
    ],
    [
      37.192283630371094,
      45.68757247924805,
      28.520660400390625,
      28.18403434753418,
      44.9431037902832,
      68.24307250976562,
      49.45118713378906,
      65.58438873291016,
      52.75808334350586,
      57.27516174316406,
      73.63712310791016,
      38.725914001464844,
      58.809852600097656,
      16.78276824951172,
      36.96699905395508,
      4.445191383361816,
      14.131539344787598,
      0.2773369550704956
    ],
    [
      11.92427921295166,
      12.529779434204102,
      8.985980033874512,
      9.971940040588379,
      14.956096649169922,
      18.965274810791016,
      16.066091537475586,
      18.97931671142578,
      17.255895614624023,
      18.441831588745117,
      20.11720085144043,
      15.229816436767578,
      16.78276824951172,
      9.544390678405762,
      11.793785095214844,
      3.6504018306732178,
      4.491908073425293,
      0.2573181092739105
    ],
    [
      21.340333938598633,
      25.165164947509766,
      19.309280395507812,
      17.040863037109375,
      26.108287811279297,
      38.07575988769531,
      29.10293960571289,
      36.60840606689453,
      31.583742141723633,
      33.0050163269043,
      42.72716522216797,
      23.765239715576172,
      36.96699905395508,
      11.793785095214844,
      28.479862213134766,
      4.3473734855651855,
      12.04236125946045,
      0.28709447383880615
    ],
    [
      2.508690118789673,
      2.6520111560821533,
      2.5496809482574463,
      2.945638656616211,
      2.9865686893463135,
      3.51798152923584,
      3.583671808242798,
      3.9467015266418457,
      4.209418773651123,
      4.145646095275879,
      4.54506254196167,
      4.250118255615234,
      4.445191383361816,
      3.6504018306732178,
      4.3473734855651855,
      2.54656982421875,
      1.9902244806289673,
      0.21551547944545746
    ],
    [
      6.45831823348999,
      8.688323020935059,
      6.658699989318848,
      5.021598815917969,
      8.489529609680176,
      13.28179931640625,
      9.883484840393066,
      12.988115310668945,
      10.823734283447266,
      11.571235656738281,
      15.679734230041504,
      8.371195793151855,
      14.131539344787598,
      4.491908073425293,
      12.04236125946045,
      1.9902244806289673,
      6.0938615798950195,
      0.13575594127178192
    ],
    [
      0.07912896573543549,
      0.16783523559570312,
      0.10995861142873764,
      0.14137926697731018,
      0.10768235474824905,
      0.24341589212417603,
      0.13459405303001404,
      0.2615278661251068,
      0.17750872671604156,
      0.2644921541213989,
      0.296100914478302,
      0.2766892910003662,
      0.2773369550704956,
      0.2573181092739105,
      0.28709447383880615,
      0.21551547944545746,
      0.13575594127178192,
      0.024128379300236702
    ]
  ],
  "covariance_short": [
    [
      129.6218719482422,
      64.54410552978516,
      57.894771575927734,
      55.011417388916016,
      37.97660827636719,
      43.14378356933594,
      38.10089111328125,
      37.98910903930664,
      33.08506774902344,
      34.957298278808594,
      45.287052154541016,
      30.23230743408203,
      33.591896057128906,
      12.222540855407715,
      17.288217544555664,
      2.676413059234619,
      4.482172012329102,
      0.11159191280603409
    ],
    [
      64.54410552978516,
      65.5869140625,
      28.7133731842041,
      57.203468322753906,
      26.184232711791992,
      33.11015319824219,
      29.41541290283203,
      48.96931838989258,
      26.19424057006836,
      40.19087600708008,
      50.69407272338867,
      27.123825073242188,
      34.92416000366211,
      10.140436172485352,
      17.989627838134766,
      2.096040725708008,
      6.065133571624756,
      0.1338353008031845
    ],
    [
      57.894771575927734,
      28.7133731842041,
      61.50125503540039,
      39.974952697753906,
      37.1156120300293,
      34.38610076904297,
      36.015655517578125,
      31.302642822265625,
      39.03712463378906,
      32.450626373291016,
      41.06690979003906,
      24.346290588378906,
      31.133760452270508,
      8.843673706054688,
      19.924896240234375,
      1.8317466974258423,
      6.254487037658691,
      0.06315821409225464
    ],
    [
      55.011417388916016,
      57.203468322753906,
      39.974952697753906,
      103.18880462646484,
      33.514495849609375,
      43.94984436035156,
      36.1150016784668,
      80.9337158203125,
      34.814517974853516,
      63.334781646728516,
      80.57980346679688,
      39.71334457397461,
      53.41504669189453,
      13.814586639404297,
      28.692983627319336,
      3.102851390838623,
      9.576966285705566,
      0.27171558141708374
    ],
    [
      37.97660827636719,
      26.184232711791992,
      37.1156120300293,
      33.514495849609375,
      60.61581802368164,
      46.72844314575195,
      54.926212310791016,
      49.650630950927734,
      58.57935333251953,
      48.18012237548828,
      54.44257736206055,
      33.100868225097656,
      39.91754913330078,
      12.897269248962402,
      22.78582763671875,
      2.26663875579834,
      7.191365718841553,
      0.08342248201370239
    ],
    [
      43.14378356933594,
      33.11015319824219,
      34.38610076904297,
      43.94984436035156,
      46.72844314575195,
      63.93734359741211,
      49.769287109375,
      54.89765167236328,
      52.600223541259766,
      53.17282485961914,
      55.543479919433594,
      37.1940803527832,
      39.51326370239258,
      14.417171478271484,
      22.048982620239258,
      2.749706745147705,
      6.305037975311279,
      0.11160201579332352
    ],
    [
      38.10089111328125,
      29.41541290283203,
      36.015655517578125,
      36.1150016784668,
      54.926212310791016,
      49.769287109375,
      83.58939361572266,
      67.32147216796875,
      76.95304107666016,
      62.604244232177734,
      69.50970458984375,
      42.985862731933594,
      48.03251266479492,
      15.04250717163086,
      26.81949806213379,
      3.0187888145446777,
      8.535730361938477,
      0.12145064026117325
    ],
    [
      37.98910903930664,
      48.96931838989258,
      31.302642822265625,
      80.9337158203125,
      49.650630950927734,
      54.89765167236328,
      67.32147216796875,
      108.72467041015625,
      67.81048583984375,
      83.90599060058594,
      95.67278289794922,
      53.78345489501953,
      62.01311492919922,
      17.966129302978516,
      33.01694869995117,
      3.4236700534820557,
      11.200226783752441,
      0.259359747171402
    ],
    [
      33.08506774902344,
      26.19424057006836,
      39.03712463378906,
      34.814517974853516,
      58.57935333251953,
      52.600223541259766,
      76.95304107666016,
      67.81048583984375,
      91.28463745117188,
      70.26416015625,
      75.52974700927734,
      46.972774505615234,
      51.775367736816406,
      16.043636322021484,
      29.48851203918457,
      3.2845942974090576,
      9.536927223205566,
      0.13608376681804657
    ],
    [
      34.957298278808594,
      40.19087600708008,
      32.450626373291016,
      63.334781646728516,
      48.18012237548828,
      53.17282485961914,
      62.604244232177734,
      83.90599060058594,
      70.26416015625,
      80.3046646118164,
      82.38509368896484,
      50.36088562011719,
      54.08186340332031,
      17.703670501708984,
      29.747432708740234,
      3.704010248184204,
      9.93110466003418,
      0.2662201523780823
    ],
    [
      45.287052154541016,
      50.69407272338867,
      41.06690979003906,
      80.57980346679688,
      54.44257736206055,
      55.543479919433594,
      69.50970458984375,
      95.67278289794922,
      75.52974700927734,
      82.38509368896484,
      106.65267944335938,
      54.40885925292969,
      71.6988754272461,
      18.77201271057129,
      39.95479202270508,
      3.717569351196289,
      14.049882888793945,
      0.2573056221008301
    ],
    [
      30.23230743408203,
      27.123825073242188,
      24.346290588378906,
      39.71334457397461,
      33.100868225097656,
      37.1940803527832,
      42.985862731933594,
      53.78345489501953,
      46.972774505615234,
      50.36088562011719,
      54.40885925292969,
      38.29487228393555,
      36.44579315185547,
      14.817750930786133,
      21.03757095336914,
      3.897942066192627,
      6.674686908721924,
      0.28262093663215637
    ],
    [
      33.591896057128906,
      34.92416000366211,
      31.133760452270508,
      53.41504669189453,
      39.91754913330078,
      39.51326370239258,
      48.03251266479492,
      62.01311492919922,
      51.775367736816406,
      54.08186340332031,
      71.6988754272461,
      36.44579315185547,
      56.82927703857422,
      14.621814727783203,
      33.69955825805664,
      3.1125433444976807,
      12.218587875366211,
      0.20755524933338165
    ],
    [
      12.222540855407715,
      10.140436172485352,
      8.843673706054688,
      13.814586639404297,
      12.897269248962402,
      14.417171478271484,
      15.04250717163086,
      17.966129302978516,
      16.043636322021484,
      17.703670501708984,
      18.77201271057129,
      14.817750930786133,
      14.621814727783203,
      9.319643020629883,
      9.28527545928955,
      3.3427155017852783,
      2.728954553604126,
      0.2654600739479065
    ],
    [
      17.288217544555664,
      17.989627838134766,
      19.924896240234375,
      28.692983627319336,
      22.78582763671875,
      22.048982620239258,
      26.81949806213379,
      33.01694869995117,
      29.48851203918457,
      29.747432708740234,
      39.95479202270508,
      21.03757095336914,
      33.69955825805664,
      9.28527545928955,
      24.848529815673828,
      2.7281041145324707,
      9.864885330200195,
      0.19597434997558594
    ],
    [
      2.676413059234619,
      2.096040725708008,
      1.8317466974258423,
      3.102851390838623,
      2.26663875579834,
      2.749706745147705,
      3.0187888145446777,
      3.4236700534820557,
      3.2845942974090576,
      3.704010248184204,
      3.717569351196289,
      3.897942066192627,
      3.1125433444976807,
      3.3427155017852783,
      2.7281041145324707,
      2.341869831085205,
      0.7222275137901306,
      0.22571992874145508
    ],
    [
      4.482172012329102,
      6.065133571624756,
      6.254487037658691,
      9.576966285705566,
      7.191365718841553,
      6.305037975311279,
      8.535730361938477,
      11.200226783752441,
      9.536927223205566,
      9.93110466003418,
      14.049882888793945,
      6.674686908721924,
      12.218587875366211,
      2.728954553604126,
      9.864885330200195,
      0.7222275137901306,
      4.853376388549805,
      0.04325148090720177
    ],
    [
      0.11159191280603409,
      0.1338353008031845,
      0.06315821409225464,
      0.27171558141708374,
      0.08342248201370239,
      0.11160201579332352,
      0.12145064026117325,
      0.259359747171402,
      0.13608376681804657,
      0.2662201523780823,
      0.2573056221008301,
      0.28262093663215637,
      0.20755524933338165,
      0.2654600739479065,
      0.19597434997558594,
      0.22571992874145508,
      0.04325148090720177,
      0.031131858006119728
    ]
  ],
  "damage": -15.58691692352295,
  "diff_bandwidth": 530.893798828125,
  "dissonance": 4.939385424573818,
  "drr": 8.091092109680176,
  "dynamics": 5.531198978424072,
  "format": 1245190,
  "frames": 3242944,
  "loudness": -25.128385543823242,
  "loudness_range": 18.62885093688965,
  "loudness_range_short": 19.209197998046875,
  "lowpass_true_peak_15khz": -1.2886933088302612,
  "mastering3_acoustic_entropies": [
    {
      "acoustic_entropy": 6.6657562255859375,
      "acoustic_entropy_mono": 6.53549861907959,
      "band_eliminated_acoustic_entropies": [
        {
          "acoustic_entropy": 6.562795162200928,
          "acoustic_entropy_side": 6.665745258331299,
          "hz": 129.47220167065723
        },
        {
          "acoustic_entropy": 6.335758209228516,
          "acoustic_entropy_side": 6.6660871505737305,
          "hz": 202.92927478742237
        },
        {
          "acoustic_entropy": 5.619171619415283,
          "acoustic_entropy_side": 6.646616458892822,
          "hz": 282.89161906338205
        },
        {
          "acoustic_entropy": 5.868529319763184,
          "acoustic_entropy_side": 6.648138999938965,
          "hz": 369.9353335868758
        },
        {
          "acoustic_entropy": 6.776036262512207,
          "acoustic_entropy_side": 6.707664489746094,
          "hz": 464.6875360973435
        },
        {
          "acoustic_entropy": 7.125341892242432,
          "acoustic_entropy_side": 6.666226863861084,
          "hz": 567.8308811364784
        },
        {
          "acoustic_entropy": 6.060140609741211,
          "acoustic_entropy_side": 6.582253932952881,
          "hz": 680.1084783214808
        },
        {
          "acoustic_entropy": 6.932415962219238,
          "acoustic_entropy_side": 6.657519340515137,
          "hz": 802.3292461747484
        },
        {
          "acoustic_entropy": 6.547967433929443,
          "acoustic_entropy_side": 6.691733360290527,
          "hz": 935.3737400823702
        },
        {
          "acoustic_entropy": 6.5872626304626465,
          "acoustic_entropy_side": 6.638821601867676,
          "hz": 1080.2004963696966
        },
        {
          "acoustic_entropy": 5.935072898864746,
          "acoustic_entropy_side": 6.67437219619751,
          "hz": 1237.8529382007157
        },
        {
          "acoustic_entropy": 6.488119125366211,
          "acoustic_entropy_side": 6.65462064743042,
          "hz": 1409.4668930556702
        },
        {
          "acoustic_entropy": 6.741808891296387,
          "acoustic_entropy_side": 6.655735015869141,
          "hz": 1596.2787759475705
        },
        {
          "acoustic_entropy": 6.459414958953857,
          "acoustic_entropy_side": 6.677350044250488,
          "hz": 1799.6344973346393
        },
        {
          "acoustic_entropy": 6.607241153717041,
          "acoustic_entropy_side": 6.660904884338379,
          "hz": 2020.9991599069049
        },
        {
          "acoustic_entropy": 6.605485439300537,
          "acoustic_entropy_side": 6.700539588928223,
          "hz": 2261.9676141086993
        },
        {
          "acoustic_entropy": 6.675209999084473,
          "acoustic_entropy_side": 6.69734525680542,
          "hz": 2524.2759484456974
        },
        {
          "acoustic_entropy": 6.664095878601074,
          "acoustic_entropy_side": 6.669867038726807,
          "hz": 2809.813997359896
        },
        {
          "acoustic_entropy": 6.644943714141846,
          "acoustic_entropy_side": 6.667466163635254,
          "hz": 3120.6389567871424
        },
        {
          "acoustic_entropy": 6.657955169677734,
          "acoustic_entropy_side": 6.671133995056152,
          "hz": 3458.990205492291
        },
        {
          "acoustic_entropy": 6.653059482574463,
          "acoustic_entropy_side": 6.666283130645752,
          "hz": 3827.305438964164
        },
        {
          "acoustic_entropy": 6.668177604675293,
          "acoustic_entropy_side": 6.665893077850342,
          "hz": 4228.238232109126
        },
        {
          "acoustic_entropy": 6.676393032073975,
          "acoustic_entropy_side": 6.666054725646973,
          "hz": 4664.6771572759235
        },
        {
          "acoustic_entropy": 6.667606353759766,
          "acoustic_entropy_side": 6.665997505187988,
          "hz": 5139.766595350093
        },
        {
          "acoustic_entropy": 6.668257713317871,
          "acoustic_entropy_side": 6.665818214416504,
          "hz": 5656.929389854203
        },
        {
          "acoustic_entropy": 6.670986175537109,
          "acoustic_entropy_side": 6.665777683258057,
          "hz": 6219.891507268283
        },
        {
          "acoustic_entropy": 6.668301105499268,
          "acoustic_entropy_side": 6.665760040283203,
          "hz": 6832.70888123896
        },
        {
          "acoustic_entropy": 6.669445991516113,
          "acoustic_entropy_side": 6.665756702423096,
          "hz": 7499.796634079867
        },
        {
          "acoustic_entropy": 6.668802261352539,
          "acoustic_entropy_side": 6.665755271911621,
          "hz": 8225.96088609342
        },
        {
          "acoustic_entropy": 6.6693854331970215,
          "acoustic_entropy_side": 6.665757656097412,
          "hz": 9016.43338188839
        },
        {
          "acoustic_entropy": 6.672540187835693,
          "acoustic_entropy_side": 6.665757656097412,
          "hz": 9876.909183162974
        },
        {
          "acoustic_entropy": 6.671935558319092,
          "acoustic_entropy_side": 6.665756702423096,
          "hz": 10813.587699516042
        },
        {
          "acoustic_entropy": 6.669921875,
          "acoustic_entropy_side": 6.6657562255859375,
          "hz": 11833.21735289826
        },
        {
          "acoustic_entropy": 6.668203830718994,
          "acoustic_entropy_side": 6.6657562255859375,
          "hz": 12943.144197493959
        },
        {
          "acoustic_entropy": 6.667835235595703,
          "acoustic_entropy_side": 6.6657562255859375,
          "hz": 14151.364845322005
        },
        {
          "acoustic_entropy": 6.666215419769287,
          "acoustic_entropy_side": 6.6657562255859375,
          "hz": 15466.58407886509
        },
        {
          "acoustic_entropy": 6.666059494018555,
          "acoustic_entropy_side": 6.6657562255859375,
          "hz": 16898.27756580493
        },
        {
          "acoustic_entropy": 6.665781497955322,
          "acoustic_entropy_side": 6.6657562255859375,
          "hz": 18456.760127700032
        },
        {
          "acoustic_entropy": 6.665761470794678,
          "acoustic_entropy_side": 6.6657562255859375,
          "hz": 20153.260054456492
        },
        {
          "acoustic_entropy": 6.665757179260254,
          "acoustic_entropy_side": 6.6657562255859375,
          "hz": 22000.00000000001
        }
      ],
      "diff_acoustic_entropy": 2.515831708908081,
      "sn": 6
    },
    {
      "acoustic_entropy": 9.600682258605957,
      "acoustic_entropy_mono": 9.820392608642578,
      "band_eliminated_acoustic_entropies": [
        {
          "acoustic_entropy": 9.493308067321777,
          "acoustic_entropy_side": 9.600709915161133,
          "hz": 129.47220167065723
        },
        {
          "acoustic_entropy": 9.83816909790039,
          "acoustic_entropy_side": 9.604927062988281,
          "hz": 202.92927478742237
        },
        {
          "acoustic_entropy": 9.82402515411377,
          "acoustic_entropy_side": 9.676057815551758,
          "hz": 282.89161906338205
        },
        {
          "acoustic_entropy": 9.548994064331055,
          "acoustic_entropy_side": 9.69732666015625,
          "hz": 369.9353335868758
        },
        {
          "acoustic_entropy": 9.682903289794922,
          "acoustic_entropy_side": 9.620894432067871,
          "hz": 464.6875360973435
        },
        {
          "acoustic_entropy": 9.538715362548828,
          "acoustic_entropy_side": 9.50621509552002,
          "hz": 567.8308811364784
        },
        {
          "acoustic_entropy": 9.647443771362305,
          "acoustic_entropy_side": 9.724469184875488,
          "hz": 680.1084783214808
        },
        {
          "acoustic_entropy": 10.243810653686523,
          "acoustic_entropy_side": 9.69709300994873,
          "hz": 802.3292461747484
        },
        {
          "acoustic_entropy": 9.674945831298828,
          "acoustic_entropy_side": 9.693243026733398,
          "hz": 935.3737400823702
        },
        {
          "acoustic_entropy": 9.8936767578125,
          "acoustic_entropy_side": 9.634820938110352,
          "hz": 1080.2004963696966
        },
        {
          "acoustic_entropy": 9.485603332519531,
          "acoustic_entropy_side": 9.62773609161377,
          "hz": 1237.8529382007157
        },
        {
          "acoustic_entropy": 10.031758308410645,
          "acoustic_entropy_side": 9.628442764282227,
          "hz": 1409.4668930556702
        },
        {
          "acoustic_entropy": 9.922661781311035,
          "acoustic_entropy_side": 9.606427192687988,
          "hz": 1596.2787759475705
        },
        {
          "acoustic_entropy": 9.918817520141602,
          "acoustic_entropy_side": 9.564774513244629,
          "hz": 1799.6344973346393
        },
        {
          "acoustic_entropy": 9.757767677307129,
          "acoustic_entropy_side": 9.575798988342285,
          "hz": 2020.9991599069049
        },
        {
          "acoustic_entropy": 9.610795021057129,
          "acoustic_entropy_side": 9.473148345947266,
          "hz": 2261.9676141086993
        },
        {
          "acoustic_entropy": 9.54477596282959,
          "acoustic_entropy_side": 9.522253036499023,
          "hz": 2524.2759484456974
        },
        {
          "acoustic_entropy": 9.491949081420898,
          "acoustic_entropy_side": 9.57479190826416,
          "hz": 2809.813997359896
        },
        {
          "acoustic_entropy": 9.500154495239258,
          "acoustic_entropy_side": 9.589048385620117,
          "hz": 3120.6389567871424
        },
        {
          "acoustic_entropy": 9.457962989807129,
          "acoustic_entropy_side": 9.579000473022461,
          "hz": 3458.990205492291
        },
        {
          "acoustic_entropy": 9.562233924865723,
          "acoustic_entropy_side": 9.593902587890625,
          "hz": 3827.305438964164
        },
        {
          "acoustic_entropy": 9.649962425231934,
          "acoustic_entropy_side": 9.598099708557129,
          "hz": 4228.238232109126
        },
        {
          "acoustic_entropy": 9.592401504516602,
          "acoustic_entropy_side": 9.59852123260498,
          "hz": 4664.6771572759235
        },
        {
          "acoustic_entropy": 9.60733699798584,
          "acoustic_entropy_side": 9.599164962768555,
          "hz": 5139.766595350093
        },
        {
          "acoustic_entropy": 9.596813201904297,
          "acoustic_entropy_side": 9.60007095336914,
          "hz": 5656.929389854203
        },
        {
          "acoustic_entropy": 9.618424415588379,
          "acoustic_entropy_side": 9.600321769714355,
          "hz": 6219.891507268283
        },
        {
          "acoustic_entropy": 9.632311820983887,
          "acoustic_entropy_side": 9.600465774536133,
          "hz": 6832.70888123896
        },
        {
          "acoustic_entropy": 9.64828109741211,
          "acoustic_entropy_side": 9.600356101989746,
          "hz": 7499.796634079867
        },
        {
          "acoustic_entropy": 9.659025192260742,
          "acoustic_entropy_side": 9.600367546081543,
          "hz": 8225.96088609342
        },
        {
          "acoustic_entropy": 9.655634880065918,
          "acoustic_entropy_side": 9.600499153137207,
          "hz": 9016.43338188839
        },
        {
          "acoustic_entropy": 9.653934478759766,
          "acoustic_entropy_side": 9.600607872009277,
          "hz": 9876.909183162974
        },
        {
          "acoustic_entropy": 9.626941680908203,
          "acoustic_entropy_side": 9.600674629211426,
          "hz": 10813.587699516042
        },
        {
          "acoustic_entropy": 9.618149757385254,
          "acoustic_entropy_side": 9.600682258605957,
          "hz": 11833.21735289826
        },
        {
          "acoustic_entropy": 9.611473083496094,
          "acoustic_entropy_side": 9.60068130493164,
          "hz": 12943.144197493959
        },
        {
          "acoustic_entropy": 9.61103630065918,
          "acoustic_entropy_side": 9.600682258605957,
          "hz": 14151.364845322005
        },
        {
          "acoustic_entropy": 9.60348129272461,
          "acoustic_entropy_side": 9.600682258605957,
          "hz": 15466.58407886509
        },
        {
          "acoustic_entropy": 9.60289478302002,
          "acoustic_entropy_side": 9.600682258605957,
          "hz": 16898.27756580493
        },
        {
          "acoustic_entropy": 9.600912094116211,
          "acoustic_entropy_side": 9.600682258605957,
          "hz": 18456.760127700032
        },
        {
          "acoustic_entropy": 9.60073471069336,
          "acoustic_entropy_side": 9.600682258605957,
          "hz": 20153.260054456492
        },
        {
          "acoustic_entropy": 9.600692749023438,
          "acoustic_entropy_side": 9.600682258605957,
          "hz": 22000.00000000001
        }
      ],
      "diff_acoustic_entropy": 3.9314348697662354,
      "sn": 12
    },
    {
      "acoustic_entropy": 14.884563446044922,
      "acoustic_entropy_mono": 14.529876708984375,
      "band_eliminated_acoustic_entropies": [
        {
          "acoustic_entropy": 15.046218872070312,
          "acoustic_entropy_side": 14.905254364013672,
          "hz": 129.47220167065723
        },
        {
          "acoustic_entropy": 15.452893257141113,
          "acoustic_entropy_side": 14.93701457977295,
          "hz": 202.92927478742237
        },
        {
          "acoustic_entropy": 15.074475288391113,
          "acoustic_entropy_side": 15.316591262817383,
          "hz": 282.89161906338205
        },
        {
          "acoustic_entropy": 15.354272842407227,
          "acoustic_entropy_side": 15.328180313110352,
          "hz": 369.9353335868758
        },
        {
          "acoustic_entropy": 15.204068183898926,
          "acoustic_entropy_side": 14.48991870880127,
          "hz": 464.6875360973435
        },
        {
          "acoustic_entropy": 15.418291091918945,
          "acoustic_entropy_side": 15.506961822509766,
          "hz": 567.8308811364784
        },
        {
          "acoustic_entropy": 15.64986515045166,
          "acoustic_entropy_side": 14.492901802062988,
          "hz": 680.1084783214808
        },
        {
          "acoustic_entropy": 15.459365844726562,
          "acoustic_entropy_side": 15.544529914855957,
          "hz": 802.3292461747484
        },
        {
          "acoustic_entropy": 15.532857894897461,
          "acoustic_entropy_side": 15.231023788452148,
          "hz": 935.3737400823702
        },
        {
          "acoustic_entropy": 16.016796112060547,
          "acoustic_entropy_side": 15.327378273010254,
          "hz": 1080.2004963696966
        },
        {
          "acoustic_entropy": 15.673441886901855,
          "acoustic_entropy_side": 15.055479049682617,
          "hz": 1237.8529382007157
        },
        {
          "acoustic_entropy": 15.35734748840332,
          "acoustic_entropy_side": 14.801435470581055,
          "hz": 1409.4668930556702
        },
        {
          "acoustic_entropy": 16.21554946899414,
          "acoustic_entropy_side": 15.752032279968262,
          "hz": 1596.2787759475705
        },
        {
          "acoustic_entropy": 15.123289108276367,
          "acoustic_entropy_side": 14.928380012512207,
          "hz": 1799.6344973346393
        },
        {
          "acoustic_entropy": 14.587579727172852,
          "acoustic_entropy_side": 14.694876670837402,
          "hz": 2020.9991599069049
        },
        {
          "acoustic_entropy": 14.847687721252441,
          "acoustic_entropy_side": 14.903892517089844,
          "hz": 2261.9676141086993
        },
        {
          "acoustic_entropy": 15.059356689453125,
          "acoustic_entropy_side": 15.08202075958252,
          "hz": 2524.2759484456974
        },
        {
          "acoustic_entropy": 14.839982032775879,
          "acoustic_entropy_side": 14.956280708312988,
          "hz": 2809.813997359896
        },
        {
          "acoustic_entropy": 14.714101791381836,
          "acoustic_entropy_side": 14.910440444946289,
          "hz": 3120.6389567871424
        },
        {
