{
  "acoustic_entropy": 146.21231079101562,
  "bands": [
    {
      "high_freq": 148.1999969482422,
      "loudness": -31.32255744934082,
      "loudness_range": 15.734607696533203,
      "mid_mean": -27.626306533813477,
      "mid_to_side_loudness": -36.31874084472656,
      "mid_to_side_loudness_range": 1.3652877807617188,
      "side_mean": -62.5184326171875
    },
    {
      "high_freq": 392.3793640136719,
      "loudness": -28.306129455566406,
      "loudness_range": 16.779132843017578,
      "low_freq": 148.1999969482422,
      "mid_mean": -24.60492706298828,
      "mid_to_side_loudness": -39.392642974853516,
      "mid_to_side_loudness_range": 1.5503654479980469,
      "side_mean": -62.46944046020508
    },
    {
      "high_freq": 794.6976318359375,
      "loudness": -25.793846130371094,
      "loudness_range": 16.410850524902344,
      "low_freq": 392.3793640136719,
      "mid_mean": -22.097509384155273,
      "mid_to_side_loudness": -40.2117919921875,
      "mid_to_side_loudness_range": 1.0172386169433594,
      "side_mean": -61.256649017333984
    },
    {
      "high_freq": 1457.5709228515625,
      "loudness": -31.044300079345703,
      "loudness_range": 20.114412307739258,
      "low_freq": 794.6976318359375,
      "mid_mean": -27.347440719604492,
      "mid_to_side_loudness": -41.24415969848633,
      "mid_to_side_loudness_range": 2.500629425048828,
      "side_mean": -65.21735382080078
    },
    {
      "high_freq": 2549.74365234375,
      "loudness": -37.13484573364258,
      "loudness_range": 23.367103576660156,
      "low_freq": 1457.5709228515625,
      "mid_mean": -33.430782318115234,
      "mid_to_side_loudness": -41.71876907348633,
      "mid_to_side_loudness_range": 7.272815704345703,
      "side_mean": -67.52542114257812
    },
    {
      "high_freq": 4349.24462890625,
      "loudness": -45.287269592285156,
      "loudness_range": 23.265214920043945,
      "low_freq": 2549.74365234375,
      "mid_mean": -41.602630615234375,
      "mid_to_side_loudness": -36.810821533203125,
      "mid_to_side_loudness_range": 8.45272445678711,
      "side_mean": -68.55257415771484
    },
    {
      "high_freq": 7314.1640625,
      "loudness": -52.77001190185547,
      "loudness_range": 16.875202178955078,
      "low_freq": 4349.24462890625,
      "mid_mean": -48.97983932495117,
      "mid_to_side_loudness": -29.778051376342773,
      "mid_to_side_loudness_range": 12.430267333984375,
      "side_mean": -69.04725646972656
    },
    {
      "high_freq": 12199.2666015625,
      "loudness": -57.88980484008789,
      "loudness_range": 15.375873565673828,
      "low_freq": 7314.1640625,
      "mid_mean": -54.03007888793945,
      "mid_to_side_loudness": -27.765369415283203,
      "mid_to_side_loudness_range": 12.037799835205078,
      "side_mean": -69.600830078125
    },
    {
      "loudness": -62.68112564086914,
      "loudness_range": 9.890670776367188,
      "low_freq": 12199.2666015625,
      "mid_mean": -58.59231185913086,
      "mid_to_side_loudness": -31.106836318969727,
      "mid_to_side_loudness_range": 13.847433090209961,
      "side_mean": -69.94699096679688
    }
  ],
  "bands_short": [
    {
      "high_freq": 148.1999969482422,
      "loudness": -35.21999740600586,
      "loudness_range": 23.182504653930664,
      "mid_mean": -31.53451156616211,
      "mid_to_side_loudness": -36.221492767333984,
      "mid_to_side_loudness_range": 3.6765594482421875,
      "side_mean": -64.57064819335938
    },
    {
      "high_freq": 392.3793640136719,
      "loudness": -28.840486526489258,
      "loudness_range": 18.03408432006836,
      "low_freq": 148.1999969482422,
      "mid_mean": -25.147422790527344,
      "mid_to_side_loudness": -38.5604248046875,
      "mid_to_side_loudness_range": 3.7728805541992188,
      "side_mean": -62.2354621887207
    },
    {
      "high_freq": 794.6976318359375,
      "loudness": -26.264039993286133,
      "loudness_range": 18.334213256835938,
      "low_freq": 392.3793640136719,
      "mid_mean": -22.572065353393555,
      "mid_to_side_loudness": -40.27553176879883,
      "mid_to_side_loudness_range": 2.267566680908203,
      "side_mean": -61.517906188964844
    },
    {
      "high_freq": 1457.5709228515625,
      "loudness": -32.030487060546875,
      "loudness_range": 22.863201141357422,
      "low_freq": 794.6976318359375,
      "mid_mean": -28.331396102905273,
      "mid_to_side_loudness": -41.335289001464844,
      "mid_to_side_loudness_range": 3.7873458862304688,
      "side_mean": -65.59673309326172
    },
    {
      "high_freq": 2549.74365234375,
      "loudness": -38.84777069091797,
      "loudness_range": 25.436094284057617,
      "low_freq": 1457.5709228515625,
      "mid_mean": -35.145931243896484,
      "mid_to_side_loudness": -41.72999954223633,
      "mid_to_side_loudness_range": 8.825424194335938,
      "side_mean": -67.968994140625
    },
    {
      "high_freq": 4349.24462890625,
      "loudness": -46.382022857666016,
      "loudness_range": 24.37861442565918,
      "low_freq": 2549.74365234375,
      "mid_mean": -42.70878601074219,
      "mid_to_side_loudness": -36.304073333740234,
      "mid_to_side_loudness_range": 8.323488235473633,
      "side_mean": -68.6900863647461
    },
    {
      "high_freq": 7314.1640625,
      "loudness": -54.06613540649414,
      "loudness_range": 19.986270904541016,
      "low_freq": 4349.24462890625,
      "mid_mean": -50.30122375488281,
      "mid_to_side_loudness": -29.468061447143555,
      "mid_to_side_loudness_range": 13.092950820922852,
      "side_mean": -69.18421173095703
    },
    {
      "high_freq": 12199.2666015625,
      "loudness": -59.321861267089844,
      "loudness_range": 15.758346557617188,
      "low_freq": 7314.1640625,
      "mid_mean": -55.408592224121094,
      "mid_to_side_loudness": -27.072601318359375,
      "mid_to_side_loudness_range": 12.400033950805664,
      "side_mean": -69.63907623291016
    },
    {
      "loudness": -63.67869186401367,
      "loudness_range": 9.917518615722656,
      "low_freq": 12199.2666015625,
      "mid_mean": -59.50448226928711,
      "mid_to_side_loudness": -29.25324249267578,
      "mid_to_side_loudness_range": 11.331249237060547,
      "side_mean": -69.9461669921875
    }
  ],
  "bandwidth": 622.38330078125,
  "channels": 2,
  "covariance": [
    [
      31.96826171875,
      21.599498748779297,
      5.503205299377441,
      2.9575307369232178,
      -0.22707463800907135,
      -0.5850834846496582,
      -0.3925822973251343,
      -1.0710725784301758,
      -0.10578931123018265,
      -0.9418210983276367,
      2.448608636856079,
      -0.43626725673675537,
      9.104119300842285,
      0.677927553653717,
      9.614396095275879,
      0.6100368499755859,
      5.9601054191589355,
      0.01414257101714611
    ],
    [
      21.599498748779297,
      15.856510162353516,
      3.4264862537384033,
      1.997007131576538,
      -0.7030949592590332,
      -0.5412057638168335,
      -0.7407106161117554,
      -0.8707293272018433,
      -0.6300614476203918,
      -0.7943974733352661,
      1.0718973875045776,
      -0.4230373799800873,
      6.345739841461182,
      0.5167148113250732,
      7.336643695831299,
      0.4706457853317261,
      4.514060974121094,
      0.012507613748311996
    ],
    [
      5.503205299377441,
      3.4264862537384033,
      36.6019287109375,
      24.606292724609375,
      -4.283623218536377,
      -4.4457621574401855,
      -0.10522878170013428,
      -2.5737431049346924,
      1.7783372402191162,
      -2.3919332027435303,
      1.291712999343872,
      -1.2224730253219604,
      -1.9299719333648682,
      -1.0110315084457397,
      0.7616440653800964,
      0.06348070502281189,
      1.7525755167007446,
      -0.004185570403933525
    ],
    [
      2.9575307369232178,
      1.997007131576538,
      24.606292724609375,
      17.92011833190918,
      -3.0964598655700684,
      -2.7978410720825195,
      0.4219434857368469,
      -1.350715160369873,
      1.488728404045105,
      -1.5362011194229126,
      1.4638206958770752,
      -0.7630986571311951,
      -0.8171656727790833,
      -0.6724959015846252,
      0.9810762405395508,
      0.037500593811273575,
      1.4960522651672363,
      -0.002330622635781765
    ],
    [
      -0.22707463800907135,
      -0.7030949592590332,
      -4.283623218536377,
      -3.0964598655700684,
      31.170555114746094,
      24.651464462280273,
      11.513051986694336,
      5.086893558502197,
      17.880855560302734,
      6.41748571395874,
      17.72620391845703,
      4.671051025390625,
      6.74797248840332,
      1.0130397081375122,
      2.056529998779297,
      0.1104036495089531,
      1.0554760694503784,
      0.011740155518054962
    ],
    [
      -0.5850834846496582,
      -0.5412057638168335,
      -4.4457621574401855,
      -2.7978410720825195,
      24.651464462280273,
      20.52186393737793,
      9.712944984436035,
      4.870860576629639,
      15.094379425048828,
      5.776597499847412,
      15.270966529846191,
      4.188814640045166,
      6.371171951293945,
      1.0129145383834839,
      2.2957923412323,
      0.10682902485132217,
      1.2050249576568604,
      0.011984739452600479
    ],
    [
      -0.3925822973251343,
      -0.7407106161117554,
      -0.10522878170013428,
      0.4219434857368469,
      11.513051986694336,
      9.712944984436035,
      42.42338562011719,
      25.922407150268555,
      33.97088623046875,
      13.488155364990234,
      33.81582260131836,
      9.104894638061523,
      17.466259002685547,
      3.093916177749634,
      6.066451072692871,
      0.2693183422088623,
      4.202626705169678,
      0.016470210626721382
    ],
    [
      -1.0710725784301758,
      -0.8707293272018433,
      -2.5737431049346924,
      -1.350715160369873,
      5.086893558502197,
      4.870860576629639,
      25.922407150268555,
      17.87657928466797,
      20.964387893676758,
      9.570761680603027,
      21.523956298828125,
      6.46541166305542,
      11.683805465698242,
      2.3756601810455322,
      3.849350929260254,
      0.19787028431892395,
      2.648634433746338,
      0.01712111383676529
    ],
    [
      -0.10578931123018265,
      -0.6300614476203918,
      1.7783372402191162,
      1.488728404045105,
      17.880855560302734,
      15.094379425048828,
      33.97088623046875,
      20.964387893676758,
      58.13087463378906,
      23.51833152770996,
      47.52589416503906,
      13.103618621826172,
      23.173307418823242,
      4.535548210144043,
      8.319838523864746,
      0.4111310839653015,
      5.7696638107299805,
      0.03089098632335663
    ],
    [
      -0.9418210983276367,
      -0.7943974733352661,
      -2.3919332027435303,
      -1.5362011194229126,
      6.41748571395874,
      5.776597499847412,
      13.488155364990234,
      9.570761680603027,
      23.51833152770996,
      12.048029899597168,
      19.780681610107422,
      6.591300010681152,
      10.860334396362305,
      2.559541940689087,
      3.2824034690856934,
      0.18420590460300446,
      2.372222900390625,
      0.020365895703434944
    ],
    [
      2.448608636856079,
      1.0718973875045776,
      1.291712999343872,
      1.4638206958770752,
      17.72620391845703,
      15.270966529846191,
      33.81582260131836,
      21.523956298828125,
      47.52589416503906,
      19.780681610107422,
      59.387474060058594,
      15.55210018157959,
      32.62211990356445,
      5.511680603027344,
      15.92807388305664,
      0.7923129796981812,
      10.422789573669434,
      0.03359352424740791
    ],
    [
      -0.43626725673675537,
      -0.4230373799800873,
      -1.2224730253219604,
      -0.7630986571311951,
      4.671051025390625,
      4.188814640045166,
      9.104894638061523,
      6.46541166305542,
      13.103618621826172,
      6.591300010681152,
      15.55210018157959,
      5.763203144073486,
      8.094597816467285,
      1.9671238660812378,
      2.710477828979492,
      0.168434739112854,
      2.0018808841705322,
      0.01557629182934761
    ],
    [
      9.104119300842285,
      6.345739841461182,
      -1.9299719333648682,
      -0.8171656727790833,
      6.74797248840332,
      6.371171951293945,
      17.466259002685547,
      11.683805465698242,
      23.173307418823242,
      10.860334396362305,
      32.62211990356445,
      8.094597816467285,
      39.19510269165039,
      5.973207950592041,
      25.96729278564453,
      1.384379506111145,
      15.175741195678711,
      0.04278948903083801
    ],
    [
      0.677927553653717,
      0.5167148113250732,
      -1.0110315084457397,
      -0.6724959015846252,
      1.0130397081375122,
      1.0129145383834839,
      3.093916177749634,
      2.3756601810455322,
      4.535548210144043,
      2.559541940689087,
      5.511680603027344,
      1.9671238660812378,
      5.973207950592041,
      1.6551111936569214,
      3.1819510459899902,
      0.2781611979007721,
      2.0787487030029297,
      0.017397183924913406
    ],
    [
      9.614396095275879,
      7.336643695831299,
      0.7616440653800964,
      0.9810762405395508,
      2.056529998779297,
      2.2957923412323,
      6.066451072692871,
      3.849350929260254,
      8.319838523864746,
      3.2824034690856934,
      15.92807388305664,
      2.710477828979492,
      25.96729278564453,
      3.1819510459899902,
      24.975852966308594,
      1.4435759782791138,
      14.648642539978027,
      0.03706054016947746
    ],
    [
      0.6100368499755859,
      0.4706457853317261,
      0.06348070502281189,
      0.037500593811273575,
      0.1104036495089531,
      0.10682902485132217,
      0.2693183422088623,
      0.19787028431892395,
      0.4111310839653015,
      0.18420590460300446,
      0.7923129796981812,
      0.168434739112854,
      1.384379506111145,
      0.2781611979007721,
      1.4435759782791138,
      0.14687182009220123,
      0.9133588671684265,
      0.007464303635060787
    ],
    [
      5.9601054191589355,
      4.514060974121094,
      1.7525755167007446,
      1.4960522651672363,
      1.0554760694503784,
      1.2050249576568604,
      4.202626705169678,
      2.648634433746338,
      5.7696638107299805,
      2.372222900390625,
      10.422789573669434,
      2.0018808841705322,
      15.175741195678711,
      2.0787487030029297,
      14.648642539978027,
      0.9133588671684265,
      9.87055492401123,
      0.02654934488236904
    ],
    [
      0.01414257101714611,
      0.012507613748311996,
      -0.004185570403933525,
      -0.002330622635781765,
      0.011740155518054962,
      0.011984739452600479,
      0.016470210626721382,
      0.01712111383676529,
      0.03089098632335663,
      0.020365895703434944,
      0.03359352424740791,
      0.01557629182934761,
      0.04278948903083801,
      0.017397183924913406,
      0.03706054016947746,
      0.007464303635060787,
      0.02654934488236904,
      0.0009553995332680643
    ]
  ],
  "covariance_short": [
    [
      61.17966079711914,
      31.1934814453125,
      18.395736694335938,
      13.351395606994629,
      1.6726948022842407,
      0.4993678629398346,
      -0.0017646847991272807,
      -1.3199560642242432,
      -0.3961988091468811,
      -1.518394112586975,
      0.6798428893089294,
      -0.7307157516479492,
      2.8305070400238037,
      0.01447302009910345,
      2.017374038696289,
      0.3104865849018097,
      1.188488245010376,
      0.008453103713691235
    ],
    [
      31.1934814453125,
      18.68617820739746,
      9.3375883102417,
      7.255037784576416,
      0.04057157784700394,
      -0.25379157066345215,
      -0.6076660752296448,
      -0.8966277241706848,
      -0.5842024683952332,
      -0.8276588916778564,
      0.19484977424144745,
      -0.4401446282863617,
      2.9621872901916504,
      0.2095796912908554,
      2.6330666542053223,
      0.2938094735145569,
      1.3042243719100952,
      0.00966836791485548
    ],
    [
      18.395736694335938,
      9.3375883102417,
      40.65806579589844,
      26.523794174194336,
      1.207793116569519,
      -0.1232384517788887,
      3.09072208404541,
      -1.088322401046753,
      3.9816689491271973,
      -1.7960867881774902,
      2.5104150772094727,
      -0.9892423152923584,
      -0.7944489121437073,
      -0.41588094830513,
      0.4661862850189209,
      0.27876409888267517,
      1.7536962032318115,
      0.01068885624408722
    ],
    [
      13.351395606994629,
      7.255037784576416,
      26.523794174194336,
      19.514869689941406,
      0.3689628839492798,
      -0.028089489787817,
      2.27502703666687,
      -0.36318257451057434,
      2.495541572570801,
      -1.1612974405288696,
      2.0250542163848877,
      -0.5983185768127441,
      1.0698145627975464,
      -0.17077511548995972,
      1.5264155864715576,
      0.2566782236099243,
      1.844942569732666,
      0.010199549607932568
    ],
    [
      1.6726948022842407,
      0.04057157784700394,
      1.207793116569519,
      0.3689628839492798,
      40.89308547973633,
      30.762256622314453,
      12.40058708190918,
      3.822941780090332,
      20.393884658813477,
      5.455864429473877,
      20.96993064880371,
      4.378313064575195,
      6.586740493774414,
      0.92491614818573,
      2.5113301277160645,
      0.20159763097763062,
      1.5199114084243774,
      0.011963332071900368
    ],
    [
      0.4993678629398346,
      -0.25379157066345215,
      -0.1232384517788887,
      -0.028089489787817,
      30.762256622314453,
      25.257822036743164,
      10.407835006713867,
      4.039734840393066,
      16.803489685058594,
      4.978044509887695,
      17.64280128479004,
      3.9496469497680664,
      6.737626075744629,
      0.9473651647567749,
      2.635984182357788,
      0.18206587433815002,
      1.5887402296066284,
      0.013652130030095577
    ],
    [
      -0.0017646847991272807,
      -0.6076660752296448,
      3.09072208404541,
      2.27502703666687,
      12.40058708190918,
      10.407835006713867,
      52.69435501098633,
      30.077449798583984,
      39.03596878051758,
      13.352691650390625,
      37.7659912109375,
      9.740681648254395,
      18.287431716918945,
      3.401887893676758,
      6.362485885620117,
      0.40080690383911133,
      4.832119941711426,
      0.03052605874836445
    ],
    [
      -1.3199560642242432,
      -0.8966277241706848,
      -1.088322401046753,
      -0.36318257451057434,
      3.822941780090332,
      4.039734840393066,
      30.077449798583984,
      20.203609466552734,
      22.405475616455078,
      9.177695274353027,
      22.64630699157715,
      6.716167449951172,
      12.341955184936523,
      2.521695137023926,
      4.155818462371826,
      0.2698008716106415,
      3.061927318572998,
      0.026888621971011162
    ],
    [
      -0.3961988091468811,
      -0.5842024683952332,
      3.9816689491271973,
      2.495541572570801,
      20.393884658813477,
      16.803489685058594,
      39.03596878051758,
      22.405475616455078,
      65.68040466308594,
      23.273237228393555,
      51.635353088378906,
      13.46261215209961,
      23.430660247802734,
      4.67685604095459,
      8.966331481933594,
      0.6411383152008057,
      6.791763782501221,
      0.05090613290667534
    ],
    [
      -1.518394112586975,
      -0.8276588916778564,
      -1.7960867881774902,
      -1.1612974405288696,
      5.455864429473877,
      4.978044509887695,
      13.352691650390625,
      9.177695274353027,
      23.273237228393555,
      11.639440536499023,
      19.123104095458984,
      6.406388282775879,
      10.378660202026367,
      2.4541730880737305,
      3.358072280883789,
      0.2211489975452423,
      2.6010119915008545,
      0.0266061183065176
    ],
    [
      0.6798428893089294,
      0.19484977424144745,
      2.5104150772094727,
      2.0250542163848877,
      20.96993064880371,
      17.64280128479004,
      37.7659912109375,
      22.64630699157715,
      51.635353088378906,
      19.123104095458984,
      65.20600891113281,
      16.42164421081543,
      34.1289176940918,
      6.09464693069458,
      17.24317169189453,
      1.2973796129226685,
      11.623263359069824,
      0.07462906837463379
    ],
    [
      -0.7307157516479492,
      -0.4401446282863617,
      -0.9892423152923584,
      -0.5983185768127441,
      4.378313064575195,
      3.9496469497680664,
      9.740681648254395,
      6.716167449951172,
      13.46261215209961,
      6.406388282775879,
      16.42164421081543,
      6.190676212310791,
      8.599451065063477,
      2.164353609085083,
      3.3658058643341064,
      0.3082415461540222,
      2.5904135704040527,
      0.029203975573182106
    ],
    [
      2.8305070400238037,
      2.9621872901916504,
      -0.7944489121437073,
      1.0698145627975464,
      6.586740493774414,
      6.737626075744629,
      18.287431716918945,
      12.341955184936523,
      23.430660247802734,
      10.378660202026367,
      34.1289176940918,
      8.599451065063477,
      40.455101013183594,
      6.625253200531006,
      26.145448684692383,
      2.026243209838867,
      15.63233470916748,
      0.09374882280826569
    ],
    [
      0.01447302009910345,
      0.2095796912908554,
      -0.41588094830513,
      -0.17077511548995972,
      0.92491614818573,
      0.9473651647567749,
      3.401887893676758,
      2.521695137023926,
      4.67685604095459,
      2.4541730880737305,
      6.09464693069458,
      2.164353609085083,
      6.625253200531006,
      2.0673513412475586,
      4.004500389099121,
      0.5973223447799683,
      2.8675880432128906,
      0.041750069707632065
    ],
    [
      2.017374038696289,
      2.6330666542053223,
      0.4661862850189209,
      1.5264155864715576,
      2.5113301277160645,
      2.635984182357788,
      6.362485885620117,
      4.155818462371826,
      8.966331481933594,
      3.358072280883789,
      17.24317169189453,
      3.3658058643341064,
      26.145448684692383,
      4.004500389099121,
      23.837387084960938,
      2.118786573410034,
      14.217528343200684,
      0.09041645377874374
    ],
    [
      0.3104865849018097,
      0.2938094735145569,
      0.27876409888267517,
      0.2566782236099243,
      0.20159763097763062,
      0.18206587433815002,
      0.40080690383911133,
      0.2698008716106415,
      0.6411383152008057,
      0.2211489975452423,
      1.2973796129226685,
      0.3082415461540222,
      2.026243209838867,
      0.5973223447799683,
      2.118786573410034,
      0.3915137052536011,
      1.5256417989730835,
      0.025329168885946274
    ],
    [
      1.188488245010376,
      1.3042243719100952,
      1.7536962032318115,
      1.844942569732666,
      1.5199114084243774,
      1.5887402296066284,
      4.832119941711426,
      3.061927318572998,
      6.791763782501221,
      2.6010119915008545,
      11.623263359069824,
      2.5904135704040527,
      15.63233470916748,
      2.8675880432128906,
      14.217528343200684,
      1.5256417989730835,
      10.714632034301758,
      0.08010315150022507
    ],
    [
      0.008453103713691235,
      0.00966836791485548,
      0.01068885624408722,
      0.010199549607932568,
      0.011963332071900368,
      0.013652130030095577,
      0.03052605874836445,
      0.026888621971011162,
      0.05090613290667534,
      0.0266061183065176,
      0.07462906837463379,
      0.029203975573182106,
      0.09374882280826569,
      0.041750069707632065,
      0.09041645377874374,
      0.025329168885946274,
      0.08010315150022507,
      0.0037189472932368517
    ]
  ],
  "damage": -10.24179744720459,
  "diff_bandwidth": 659.5410766601562,
  "dissonance": 4.325663588484672,
  "drr": 6.556747913360596,
  "dynamics": 3.5437800884246826,
  "format": 1245190,
  "frames": 18868160,
  "loudness": -16.698036193847656,
  "loudness_range": 9.229321479797363,
  "loudness_range_short": 12.480052947998047,
  "lowpass_true_peak_15khz": -1.4164708852767944,
  "mastering3_acoustic_entropies": [
    {
      "acoustic_entropy": 10.438054084777832,
      "acoustic_entropy_mono": 10.43804931640625,
      "band_eliminated_acoustic_entropies": [
        {
          "acoustic_entropy": 10.43771743774414,
          "acoustic_entropy_side": 10.438054084777832,
          "hz": 129.47220167065723
        },
        {
          "acoustic_entropy": 10.070849418640137,
          "acoustic_entropy_side": 10.438053131103516,
          "hz": 202.92927478742237
        },
        {
          "acoustic_entropy": 10.903298377990723,
          "acoustic_entropy_side": 10.438054084777832,
          "hz": 282.89161906338205
        },
        {
          "acoustic_entropy": 10.807930946350098,
          "acoustic_entropy_side": 10.438055038452148,
          "hz": 369.9353335868758
        },
        {
          "acoustic_entropy": 11.123530387878418,
          "acoustic_entropy_side": 10.438055038452148,
          "hz": 464.6875360973435
        },
        {
          "acoustic_entropy": 10.14566707611084,
          "acoustic_entropy_side": 10.438054084777832,
          "hz": 567.8308811364784
        },
        {
          "acoustic_entropy": 10.70669174194336,
          "acoustic_entropy_side": 10.4380521774292,
          "hz": 680.1084783214808
        },
        {
          "acoustic_entropy": 9.915373802185059,
          "acoustic_entropy_side": 10.438050270080566,
          "hz": 802.3292461747484
        },
        {
          "acoustic_entropy": 9.90191650390625,
          "acoustic_entropy_side": 10.438050270080566,
          "hz": 935.3737400823702
        },
        {
          "acoustic_entropy": 10.821216583251953,
          "acoustic_entropy_side": 10.438054084777832,
          "hz": 1080.2004963696966
        },
        {
          "acoustic_entropy": 9.4564847946167,
          "acoustic_entropy_side": 10.438055038452148,
          "hz": 1237.8529382007157
        },
        {
          "acoustic_entropy": 9.957229614257812,
          "acoustic_entropy_side": 10.438053131103516,
          "hz": 1409.4668930556702
        },
        {
          "acoustic_entropy": 9.64417839050293,
          "acoustic_entropy_side": 10.4380521774292,
          "hz": 1596.2787759475705
        },
        {
          "acoustic_entropy": 10.468992233276367,
          "acoustic_entropy_side": 10.438054084777832,
          "hz": 1799.6344973346393
        },
        {
          "acoustic_entropy": 9.72797679901123,
          "acoustic_entropy_side": 10.4380521774292,
          "hz": 2020.9991599069049
        },
        {
          "acoustic_entropy": 10.168787002563477,
          "acoustic_entropy_side": 10.4380521774292,
          "hz": 2261.9676141086993
        },
        {
          "acoustic_entropy": 10.322176933288574,
          "acoustic_entropy_side": 10.438051223754883,
          "hz": 2524.2759484456974
        },
        {
          "acoustic_entropy": 10.128600120544434,
          "acoustic_entropy_side": 10.438051223754883,
          "hz": 2809.813997359896
        },
        {
          "acoustic_entropy": 10.173620223999023,
          "acoustic_entropy_side": 10.438054084777832,
          "hz": 3120.6389567871424
        },
        {
          "acoustic_entropy": 10.449434280395508,
          "acoustic_entropy_side": 10.438054084777832,
          "hz": 3458.990205492291
        },
        {
          "acoustic_entropy": 10.25013256072998,
          "acoustic_entropy_side": 10.438053131103516,
          "hz": 3827.305438964164
        },
        {
          "acoustic_entropy": 10.404970169067383,
          "acoustic_entropy_side": 10.438054084777832,
          "hz": 4228.238232109126
        },
        {
          "acoustic_entropy": 10.430428504943848,
          "acoustic_entropy_side": 10.438053131103516,
          "hz": 4664.6771572759235
        },
        {
          "acoustic_entropy": 10.437986373901367,
          "acoustic_entropy_side": 10.438053131103516,
          "hz": 5139.766595350093
        },
        {
          "acoustic_entropy": 10.438043594360352,
          "acoustic_entropy_side": 10.438053131103516,
          "hz": 5656.929389854203
        },
        {
          "acoustic_entropy": 10.438150405883789,
          "acoustic_entropy_side": 10.438054084777832,
          "hz": 6219.891507268283
        },
        {
          "acoustic_entropy": 10.438300132751465,
          "acoustic_entropy_side": 10.438054084777832,
          "hz": 6832.70888123896
        },
        {
          "acoustic_entropy": 10.437885284423828,
          "acoustic_entropy_side": 10.438054084777832,
          "hz": 7499.796634079867
        },
        {
          "acoustic_entropy": 10.437860488891602,
          "acoustic_entropy_side": 10.438054084777832,
          "hz": 8225.96088609342
        },
        {
          "acoustic_entropy": 10.438017845153809,
          "acoustic_entropy_side": 10.438054084777832,
          "hz": 9016.43338188839
        },
        {
          "acoustic_entropy": 10.438048362731934,
          "acoustic_entropy_side": 10.438054084777832,
          "hz": 9876.909183162974
        },
        {
          "acoustic_entropy": 10.438048362731934,
          "acoustic_entropy_side": 10.438054084777832,
          "hz": 10813.587699516042
        },
        {
          "acoustic_entropy": 10.438048362731934,
          "acoustic_entropy_side": 10.438054084777832,
          "hz": 11833.21735289826
        },
        {
          "acoustic_entropy": 10.438057899475098,
          "acoustic_entropy_side": 10.438054084777832,
          "hz": 12943.144197493959
        },
        {
          "acoustic_entropy": 10.438026428222656,
          "acoustic_entropy_side": 10.438054084777832,
          "hz": 14151.364845322005
        },
        {
          "acoustic_entropy": 10.438042640686035,
          "acoustic_entropy_side": 10.438054084777832,
          "hz": 15466.58407886509
        },
        {
          "acoustic_entropy": 10.438050270080566,
          "acoustic_entropy_side": 10.438054084777832,
          "hz": 16898.27756580493
        },
        {
          "acoustic_entropy": 10.438051223754883,
          "acoustic_entropy_side": 10.438054084777832,
          "hz": 18456.760127700032
        },
        {
          "acoustic_entropy": 10.438053131103516,
          "acoustic_entropy_side": 10.438054084777832,
          "hz": 20153.260054456492
        },
        {
          "acoustic_entropy": 10.438053131103516,
          "acoustic_entropy_side": 10.438054084777832,
          "hz": 22000.00000000001
        }
      ],
      "diff_acoustic_entropy": 10.809659957885742,
      "sn": 6
    },
    {
      "acoustic_entropy": 15.577011108398438,
      "acoustic_entropy_mono": 15.576889038085938,
      "band_eliminated_acoustic_entropies": [
        {
          "acoustic_entropy": 15.659310340881348,
          "acoustic_entropy_side": 15.577011108398438,
          "hz": 129.47220167065723
        },
        {
          "acoustic_entropy": 14.922865867614746,
          "acoustic_entropy_side": 15.577009201049805,
          "hz": 202.92927478742237
        },
        {
          "acoustic_entropy": 16.17256736755371,
          "acoustic_entropy_side": 15.577013969421387,
          "hz": 282.89161906338205
        },
        {
          "acoustic_entropy": 15.107568740844727,
          "acoustic_entropy_side": 15.577001571655273,
          "hz": 369.9353335868758
        },
        {
          "acoustic_entropy": 16.004215240478516,
          "acoustic_entropy_side": 15.57701301574707,
          "hz": 464.6875360973435
        },
        {
          "acoustic_entropy": 15.676576614379883,
          "acoustic_entropy_side": 15.577034950256348,
          "hz": 567.8308811364784
        },
        {
          "acoustic_entropy": 15.952559471130371,
          "acoustic_entropy_side": 15.577019691467285,
          "hz": 680.1084783214808
        },
        {
          "acoustic_entropy": 14.952048301696777,
          "acoustic_entropy_side": 15.576933860778809,
          "hz": 802.3292461747484
        },
        {
          "acoustic_entropy": 15.382781982421875,
          "acoustic_entropy_side": 15.576977729797363,
          "hz": 935.3737400823702
        },
        {
          "acoustic_entropy": 15.618826866149902,
          "acoustic_entropy_side": 15.57699966430664,
          "hz": 1080.2004963696966
        },
        {
          "acoustic_entropy": 14.479864120483398,
          "acoustic_entropy_side": 15.577049255371094,
          "hz": 1237.8529382007157
        },
        {
          "acoustic_entropy": 15.555817604064941,
          "acoustic_entropy_side": 15.577000617980957,
          "hz": 1409.4668930556702
        },
        {
          "acoustic_entropy": 13.815086364746094,
          "acoustic_entropy_side": 15.57699966430664,
          "hz": 1596.2787759475705
        },
        {
          "acoustic_entropy": 15.498074531555176,
          "acoustic_entropy_side": 15.57699966430664,
          "hz": 1799.6344973346393
        },
        {
          "acoustic_entropy": 15.232741355895996,
          "acoustic_entropy_side": 15.57699966430664,
          "hz": 2020.9991599069049
        },
        {
          "acoustic_entropy": 15.064756393432617,
          "acoustic_entropy_side": 15.577025413513184,
          "hz": 2261.9676141086993
        },
        {
          "acoustic_entropy": 16.044300079345703,
          "acoustic_entropy_side": 15.577006340026855,
          "hz": 2524.2759484456974
        },
        {
          "acoustic_entropy": 15.092141151428223,
          "acoustic_entropy_side": 15.577008247375488,
          "hz": 2809.813997359896
        },
        {
          "acoustic_entropy": 15.257079124450684,
          "acoustic_entropy_side": 15.577012062072754,
          "hz": 3120.6389567871424
        },
        {
          "acoustic_entropy": 15.05036735534668,
          "acoustic_entropy_side": 15.577010154724121,
          "hz": 3458.990205492291
        },
        {
          "acoustic_entropy": 15.206062316894531,
          "acoustic_entropy_side": 15.577011108398438,
          "hz": 3827.305438964164
        },
        {
          "acoustic_entropy": 15.465790748596191,
          "acoustic_entropy_side": 15.577011108398438,
          "hz": 4228.238232109126
        },
        {
          "acoustic_entropy": 15.309468269348145,
          "acoustic_entropy_side": 15.577008247375488,
          "hz": 4664.6771572759235
        },
        {
          "acoustic_entropy": 15.471585273742676,
          "acoustic_entropy_side": 15.577011108398438,
          "hz": 5139.766595350093
        },
        {
          "acoustic_entropy": 15.516576766967773,
          "acoustic_entropy_side": 15.577010154724121,
          "hz": 5656.929389854203
        },
        {
          "acoustic_entropy": 15.570320129394531,
          "acoustic_entropy_side": 15.577011108398438,
          "hz": 6219.891507268283
        },
        {
          "acoustic_entropy": 15.573513984680176,
          "acoustic_entropy_side": 15.577011108398438,
          "hz": 6832.70888123896
        },
        {
          "acoustic_entropy": 15.58287525177002,
          "acoustic_entropy_side": 15.577011108398438,
          "hz": 7499.796634079867
        },
        {
          "acoustic_entropy": 15.582653045654297,
          "acoustic_entropy_side": 15.577011108398438,
          "hz": 8225.96088609342
        },
        {
          "acoustic_entropy": 15.579683303833008,
          "acoustic_entropy_side": 15.577011108398438,
          "hz": 9016.43338188839
        },
        {
          "acoustic_entropy": 15.578390121459961,
          "acoustic_entropy_side": 15.577011108398438,
          "hz": 9876.909183162974
        },
        {
          "acoustic_entropy": 15.5779447555542,
          "acoustic_entropy_side": 15.577011108398438,
          "hz": 10813.587699516042
        },
        {
          "acoustic_entropy": 15.578230857849121,
          "acoustic_entropy_side": 15.577011108398438,
          "hz": 11833.21735289826
        },
        {
          "acoustic_entropy": 15.578670501708984,
          "acoustic_entropy_side": 15.577011108398438,
          "hz": 12943.144197493959
        },
        {
          "acoustic_entropy": 15.577762603759766,
          "acoustic_entropy_side": 15.577011108398438,
          "hz": 14151.364845322005
        },
        {
          "acoustic_entropy": 15.577040672302246,
          "acoustic_entropy_side": 15.577011108398438,
          "hz": 15466.58407886509
        },
        {
          "acoustic_entropy": 15.577025413513184,
          "acoustic_entropy_side": 15.577011108398438,
          "hz": 16898.27756580493
        },
        {
          "acoustic_entropy": 15.577014923095703,
          "acoustic_entropy_side": 15.577011108398438,
          "hz": 18456.760127700032
        },
        {
          "acoustic_entropy": 15.577012062072754,
          "acoustic_entropy_side": 15.577011108398438,
          "hz": 20153.260054456492
        },
        {
          "acoustic_entropy": 15.577011108398438,
          "acoustic_entropy_side": 15.577011108398438,
          "hz": 22000.00000000001
        }
      ],
      "diff_acoustic_entropy": 14.272661209106445,
      "sn": 12
    },
    {
      "acoustic_entropy": 20.27484130859375,
      "acoustic_entropy_mono": 20.290325164794922,
      "band_eliminated_acoustic_entropies": [
        {
          "acoustic_entropy": 19.69725227355957,
          "acoustic_entropy_side": 20.27483558654785,
          "hz": 129.47220167065723
        },
        {
          "acoustic_entropy": 20.672456741333008,
          "acoustic_entropy_side": 20.27469253540039,
          "hz": 202.92927478742237
        },
        {
          "acoustic_entropy": 21.44675064086914,
          "acoustic_entropy_side": 20.27504539489746,
          "hz": 282.89161906338205
        },
        {
          "acoustic_entropy": 20.572357177734375,
          "acoustic_entropy_side": 20.274953842163086,
          "hz": 369.9353335868758
        },
        {
          "acoustic_entropy": 20.331405639648438,
          "acoustic_entropy_side": 20.274904251098633,
          "hz": 464.6875360973435
        },
        {
          "acoustic_entropy": 20.819543838500977,
          "acoustic_entropy_side": 20.27892303466797,
          "hz": 567.8308811364784
        },
        {
          "acoustic_entropy": 20.89713478088379,
          "acoustic_entropy_side": 20.271846771240234,
          "hz": 680.1084783214808
        },
        {
          "acoustic_entropy": 20.616779327392578,
          "acoustic_entropy_side": 20.27894401550293,
          "hz": 802.3292461747484
        },
        {
          "acoustic_entropy": 19.782955169677734,
          "acoustic_entropy_side": 20.276803970336914,
          "hz": 935.3737400823702
        },
        {
          "acoustic_entropy": 21.17133903503418,
          "acoustic_entropy_side": 20.281253814697266,
          "hz": 1080.2004963696966
        },
        {
          "acoustic_entropy": 19.311737060546875,
          "acoustic_entropy_side": 20.274446487426758,
          "hz": 1237.8529382007157
        },
        {
          "acoustic_entropy": 20.134450912475586,
          "acoustic_entropy_side": 20.27665901184082,
          "hz": 1409.4668930556702
        },
        {
          "acoustic_entropy": 19.924360275268555,
          "acoustic_entropy_side": 20.276582717895508,
          "hz": 1596.2787759475705
        },
        {
          "acoustic_entropy": 20.234586715698242,
          "acoustic_entropy_side": 20.275468826293945,
          "hz": 1799.6344973346393
        },
        {
          "acoustic_entropy": 21.079875946044922,
          "acoustic_entropy_side": 20.27503204345703,
          "hz": 2020.9991599069049
        },
        {
          "acoustic_entropy": 20.807415008544922,
          "acoustic_entropy_side": 20.274856567382812,
          "hz": 2261.9676141086993
