{
  "acoustic_entropy": 191.77003479003906,
  "bands": [
    {
      "high_freq": 148.1999969482422,
      "loudness": -30.053617477416992,
      "loudness_range": 15.364456176757812,
      "mid_mean": -27.87820816040039,
      "mid_to_side_loudness": -4.077195167541504,
      "mid_to_side_loudness_range": 7.524643421173096,
      "side_mean": -32.07094955444336
    },
    {
      "high_freq": 392.3793640136719,
      "loudness": -26.86071014404297,
      "loudness_range": 15.336585998535156,
      "low_freq": 148.1999969482422,
      "mid_mean": -24.83096694946289,
      "mid_to_side_loudness": -3.4684042930603027,
      "mid_to_side_loudness_range": 8.337072372436523,
      "side_mean": -28.654634475708008
    },
    {
      "high_freq": 794.6976318359375,
      "loudness": -28.911954879760742,
      "loudness_range": 22.796232223510742,
      "low_freq": 392.3793640136719,
      "mid_mean": -27.33858871459961,
      "mid_to_side_loudness": -2.536834478378296,
      "mid_to_side_loudness_range": 7.637124061584473,
      "side_mean": -29.883642196655273
    },
    {
      "high_freq": 1457.5709228515625,
      "loudness": -29.1838436126709,
      "loudness_range": 17.913494110107422,
      "low_freq": 794.6976318359375,
      "mid_mean": -27.22968292236328,
      "mid_to_side_loudness": -3.436896324157715,
      "mid_to_side_loudness_range": 6.965207099914551,
      "side_mean": -30.73287582397461
    },
    {
      "high_freq": 2549.74365234375,
      "loudness": -28.691160202026367,
      "loudness_range": 19.295957565307617,
      "low_freq": 1457.5709228515625,
      "mid_mean": -26.695463180541992,
      "mid_to_side_loudness": -3.5794124603271484,
      "mid_to_side_loudness_range": 6.56233024597168,
      "side_mean": -30.33663558959961
    },
    {
      "high_freq": 4349.24462890625,
      "loudness": -30.648218154907227,
      "loudness_range": 17.312942504882812,
      "low_freq": 2549.74365234375,
      "mid_mean": -28.385160446166992,
      "mid_to_side_loudness": -4.558341026306152,
      "mid_to_side_loudness_range": 7.9636125564575195,
      "side_mean": -33.07619094848633
    },
    {
      "high_freq": 7314.1640625,
      "loudness": -36.8997802734375,
      "loudness_range": 15.775676727294922,
      "low_freq": 4349.24462890625,
      "mid_mean": -34.36574172973633,
      "mid_to_side_loudness": -5.801730632781982,
      "mid_to_side_loudness_range": 8.2351713180542,
      "side_mean": -40.307430267333984
    },
    {
      "high_freq": 12199.2666015625,
      "loudness": -45.65575408935547,
      "loudness_range": 22.434894561767578,
      "low_freq": 7314.1640625,
      "mid_mean": -42.92276382446289,
      "mid_to_side_loudness": -7.571720123291016,
      "mid_to_side_loudness_range": 13.044329643249512,
      "side_mean": -51.261260986328125
    },
    {
      "loudness": -56.56599426269531,
      "loudness_range": 27.46896743774414,
      "low_freq": 12199.2666015625,
      "mid_mean": -54.31234359741211,
      "mid_to_side_loudness": -6.991382598876953,
      "mid_to_side_loudness_range": 13.73809814453125,
      "side_mean": -59.5689697265625
    }
  ],
  "bands_short": [
    {
      "high_freq": 148.1999969482422,
      "loudness": -32.25387191772461,
      "loudness_range": 16.73472023010254,
      "mid_mean": -30.315034866333008,
      "mid_to_side_loudness": -4.296314239501953,
      "mid_to_side_loudness_range": 13.813638687133789,
      "side_mean": -34.798004150390625
    },
    {
      "high_freq": 392.3793640136719,
      "loudness": -27.443458557128906,
      "loudness_range": 17.41281509399414,
      "low_freq": 148.1999969482422,
      "mid_mean": -25.680442810058594,
      "mid_to_side_loudness": -2.9422459602355957,
      "mid_to_side_loudness_range": 10.81478500366211,
      "side_mean": -28.95435905456543
    },
    {
      "high_freq": 794.6976318359375,
      "loudness": -27.996252059936523,
      "loudness_range": 20.872600555419922,
      "low_freq": 392.3793640136719,
      "mid_mean": -26.242868423461914,
      "mid_to_side_loudness": -3.5733482837677,
      "mid_to_side_loudness_range": 12.467863082885742,
      "side_mean": -29.970001220703125
    },
    {
      "high_freq": 1457.5709228515625,
      "loudness": -29.325281143188477,
      "loudness_range": 19.185386657714844,
      "low_freq": 794.6976318359375,
      "mid_mean": -27.590211868286133,
      "mid_to_side_loudness": -3.2854392528533936,
      "mid_to_side_loudness_range": 9.53695297241211,
      "side_mean": -30.822214126586914
    },
    {
      "high_freq": 2549.74365234375,
      "loudness": -29.115617752075195,
      "loudness_range": 20.39521598815918,
      "low_freq": 1457.5709228515625,
      "mid_mean": -27.243289947509766,
      "mid_to_side_loudness": -3.557966947555542,
      "mid_to_side_loudness_range": 8.544517517089844,
      "side_mean": -30.714515686035156
    },
    {
      "high_freq": 4349.24462890625,
      "loudness": -30.98246192932129,
      "loudness_range": 19.231115341186523,
      "low_freq": 2549.74365234375,
      "mid_mean": -28.830902099609375,
      "mid_to_side_loudness": -4.386109352111816,
      "mid_to_side_loudness_range": 9.029862403869629,
      "side_mean": -33.276512145996094
    },
    {
      "high_freq": 7314.1640625,
      "loudness": -37.46402359008789,
      "loudness_range": 18.135696411132812,
      "low_freq": 4349.24462890625,
      "mid_mean": -34.980796813964844,
      "mid_to_side_loudness": -5.774647235870361,
      "mid_to_side_loudness_range": 10.019461631774902,
      "side_mean": -40.908390045166016
    },
    {
      "high_freq": 12199.2666015625,
      "loudness": -46.29689025878906,
      "loudness_range": 24.09542465209961,
      "low_freq": 7314.1640625,
      "mid_mean": -43.67219543457031,
      "mid_to_side_loudness": -7.2915358543396,
      "mid_to_side_loudness_range": 13.927594184875488,
      "side_mean": -51.62382888793945
    },
    {
      "loudness": -57.24060821533203,
      "loudness_range": 28.97458267211914,
      "low_freq": 12199.2666015625,
      "mid_mean": -55.10544204711914,
      "mid_to_side_loudness": -6.872776985168457,
      "mid_to_side_loudness_range": 14.05000114440918,
      "side_mean": -59.8249397277832
    }
  ],
  "bandwidth": 690.4139404296875,
  "channels": 2,
  "covariance": [
    [
      35.62570571899414,
      27.97442054748535,
      23.514108657836914,
      26.41385269165039,
      31.69304656982422,
      28.316497802734375,
      24.388940811157227,
      22.329071044921875,
      21.04524803161621,
      21.540653228759766,
      17.09054183959961,
      20.355154037475586,
      16.987218856811523,
      22.037010192871094,
      19.517793655395508,
      27.905223846435547,
      27.384065628051758,
      24.685867309570312
    ],
    [
      27.97442054748535,
      26.607383728027344,
      19.810026168823242,
      22.700435638427734,
      27.722206115722656,
      25.386920928955078,
      21.0446834564209,
      20.07005500793457,
      19.463403701782227,
      20.53228759765625,
      15.965439796447754,
      19.702207565307617,
      14.73464298248291,
      19.931522369384766,
      17.234539031982422,
      25.655736923217773,
      23.053991317749023,
      22.0090274810791
    ],
    [
      23.514108657836914,
      19.810026168823242,
      28.764080047607422,
      28.505258560180664,
      36.627811431884766,
      34.764801025390625,
      25.244991302490234,
      24.2661190032959,
      24.007911682128906,
      27.633438110351562,
      19.086593627929688,
      25.773672103881836,
      14.815773010253906,
      21.26805305480957,
      15.788150787353516,
      26.427509307861328,
      20.596513748168945,
      20.827341079711914
    ],
    [
      26.41385269165039,
      22.700435638427734,
      28.505258560180664,
      38.290008544921875,
      43.90744400024414,
      44.91428756713867,
      29.49565315246582,
      31.287796020507812,
      28.14406967163086,
      34.49469757080078,
      21.777231216430664,
      31.388769149780273,
      15.902510643005371,
      25.529687881469727,
      16.58678436279297,
      31.023334503173828,
      23.6240177154541,
      25.47652816772461
    ],
    [
      31.69304656982422,
      27.722206115722656,
      36.627811431884766,
      43.90744400024414,
      67.88150024414062,
      66.3577880859375,
      44.27231979370117,
      45.986724853515625,
      45.49380111694336,
      53.794090270996094,
      35.451744079589844,
      49.83367156982422,
      23.53243637084961,
      37.51169967651367,
      27.18886947631836,
      48.883853912353516,
      34.58967208862305,
      37.58457565307617
    ],
    [
      28.316497802734375,
      25.386920928955078,
      34.764801025390625,
      44.91428756713867,
      66.3577880859375,
      73.30101013183594,
      41.3939323425293,
      45.98821258544922,
      43.05812454223633,
      53.6617317199707,
      33.43939971923828,
      49.769622802734375,
      21.330928802490234,
      36.988563537597656,
      22.948362350463867,
      46.298927307128906,
      30.365652084350586,
      35.67535400390625
    ],
    [
      24.388940811157227,
      21.0446834564209,
      25.244991302490234,
      29.49565315246582,
      44.27231979370117,
      41.3939323425293,
      43.3410530090332,
      41.087188720703125,
      38.744224548339844,
      42.4231071472168,
      31.383914947509766,
      40.553497314453125,
      24.21161651611328,
      33.10374069213867,
      31.660442352294922,
      47.976402282714844,
      40.55682373046875,
      38.53202438354492
    ],
    [
      22.329071044921875,
      20.07005500793457,
      24.2661190032959,
      31.287796020507812,
      45.986724853515625,
      45.98821258544922,
      41.087188720703125,
      46.24728012084961,
      37.941768646240234,
      45.85634231567383,
      29.814905166625977,
      42.47651672363281,
      20.922563552856445,
      32.78852462768555,
      26.349910736083984,
      47.039695739746094,
      34.82743835449219,
      37.167823791503906
    ],
    [
      21.04524803161621,
      19.463403701782227,
      24.007911682128906,
      28.14406967163086,
      45.49380111694336,
      43.05812454223633,
      38.744224548339844,
      37.941768646240234,
      45.05726623535156,
      48.612091064453125,
      35.82293701171875,
      46.009971618652344,
      21.972692489624023,
      32.350677490234375,
      29.898183822631836,
      48.622318267822266,
      35.455631256103516,
      36.74882888793945
    ],
    [
      21.540653228759766,
      20.53228759765625,
      27.633438110351562,
      34.49469757080078,
      53.794090270996094,
      53.6617317199707,
      42.4231071472168,
      45.85634231567383,
      48.612091064453125,
      59.26053237915039,
      37.55812454223633,
      53.284141540527344,
      20.862903594970703,
      35.413265228271484,
      27.294519424438477,
      51.73103332519531,
      33.12299346923828,
      38.55129623413086
    ],
    [
      17.09054183959961,
      15.965439796447754,
      19.086593627929688,
      21.777231216430664,
      35.451744079589844,
      33.43939971923828,
      31.383914947509766,
      29.814905166625977,
      35.82293701171875,
      37.55812454223633,
      33.72109603881836,
      40.11110305786133,
      23.96310806274414,
      31.664573669433594,
      31.727859497070312,
      45.25875473022461,
      36.468162536621094,
      35.46662521362305
    ],
    [
      20.355154037475586,
      19.702207565307617,
      25.773672103881836,
      31.388769149780273,
      49.83367156982422,
      49.769622802734375,
      40.553497314453125,
      42.47651672363281,
      46.009971618652344,
      53.284141540527344,
      40.11110305786133,
      54.902042388916016,
      25.633848190307617,
      39.76323699951172,
      32.957557678222656,
      55.58058547973633,
      38.62937927246094,
      42.6285285949707
    ],
    [
      16.987218856811523,
      14.73464298248291,
      14.815773010253906,
      15.902510643005371,
      23.53243637084961,
      21.330928802490234,
      24.21161651611328,
      20.922563552856445,
      21.972692489624023,
      20.862903594970703,
      23.96310806274414,
      25.633848190307617,
      30.25398826599121,
      32.850975036621094,
      37.96626663208008,
      41.209739685058594,
      44.43830490112305,
      36.988399505615234
    ],
    [
      22.037010192871094,
      19.931522369384766,
      21.26805305480957,
      25.529687881469727,
      37.51169967651367,
      36.988563537597656,
      33.10374069213867,
      32.78852462768555,
      32.350677490234375,
      35.413265228271484,
      31.664573669433594,
      39.76323699951172,
      32.850975036621094,
      44.59161376953125,
      39.73344039916992,
      53.076515197753906,
      47.692264556884766,
      46.81666946411133
    ],
    [
      19.517793655395508,
      17.234539031982422,
      15.788150787353516,
      16.58678436279297,
      27.18886947631836,
      22.948362350463867,
      31.660442352294922,
      26.349910736083984,
      29.898183822631836,
      27.294519424438477,
      31.727859497070312,
      32.957557678222656,
      37.96626663208008,
      39.73344039916992,
      58.06160354614258,
      60.727256774902344,
      65.46666717529297,
      51.841739654541016
    ],
    [
      27.905223846435547,
      25.655736923217773,
      26.427509307861328,
      31.023334503173828,
      48.883853912353516,
      46.298927307128906,
      47.976402282714844,
      47.039695739746094,
      48.622318267822266,
      51.73103332519531,
      45.25875473022461,
      55.58058547973633,
      41.209739685058594,
      53.076515197753906,
      60.727256774902344,
      93.4100341796875,
      79.94407653808594,
      72.30735778808594
    ],
    [
      27.384065628051758,
      23.053991317749023,
      20.596513748168945,
      23.6240177154541,
      34.58967208862305,
      30.365652084350586,
      40.55682373046875,
      34.82743835449219,
      35.455631256103516,
      33.12299346923828,
      36.468162536621094,
      38.62937927246094,
      44.43830490112305,
      47.692264556884766,
      65.46666717529297,
      79.94407653808594,
      86.76582336425781,
      67.27198791503906
    ],
    [
      24.685867309570312,
      22.0090274810791,
      20.827341079711914,
      25.47652816772461,
      37.58457565307617,
      35.67535400390625,
      38.53202438354492,
      37.167823791503906,
      36.74882888793945,
      38.55129623413086,
      35.46662521362305,
      42.6285285949707,
      36.988399505615234,
      46.81666946411133,
      51.841739654541016,
      72.30735778808594,
      67.27198791503906,
      61.73597717285156
    ]
  ],
  "covariance_short": [
    [
      42.52581024169922,
      26.372577667236328,
      29.10585594177246,
      29.227163314819336,
      26.446353912353516,
      28.951562881469727,
      25.81072235107422,
      23.14613151550293,
      22.187170028686523,
      22.541650772094727,
      18.418142318725586,
      21.299068450927734,
      17.458637237548828,
      23.73675537109375,
      18.973243713378906,
      27.628459930419922,
      25.545289993286133,
      24.183841705322266
    ],
    [
      26.372577667236328,
      32.5987663269043,
      22.294218063354492,
      23.864999771118164,
      21.667146682739258,
      24.031627655029297,
      20.497591018676758,
      19.208045959472656,
      18.864133834838867,
      19.620248794555664,
      15.860970497131348,
      19.09156608581543,
      14.08903980255127,
      20.234514236450195,
      15.551136016845703,
      24.034521102905273,
      19.91251564025879,
      20.126758575439453
    ],
    [
      29.10585594177246,
      22.294218063354492,
      39.5109748840332,
      35.21339416503906,
      36.01337814331055,
      38.840667724609375,
      31.041492462158203,
      28.354257583618164,
      29.02409553527832,
      31.117515563964844,
      23.636531829833984,
      29.516324996948242,
      18.243911743164062,
      26.399377822875977,
      18.572826385498047,
      30.26360511779785,
      23.66130256652832,
      23.735021591186523
    ],
    [
      29.227163314819336,
      23.864999771118164,
      35.21339416503906,
      43.83637619018555,
      35.478004455566406,
      43.64798355102539,
      32.69028091430664,
      32.14842224121094,
      30.67066764831543,
      34.75086975097656,
      24.642152786254883,
      32.42776870727539,
      18.69927406311035,
      28.94279670715332,
      18.987899780273438,
      32.92604446411133,
      25.477174758911133,
      26.64682388305664
    ],
    [
      26.446353912353516,
      21.667146682739258,
      36.01337814331055,
      35.478004455566406,
      54.020347595214844,
      52.91758728027344,
      38.261653900146484,
      36.69580841064453,
      38.67047882080078,
      43.234535217285156,
      32.865318298339844,
      42.25551986694336,
      23.21002769470215,
      34.926082611083984,
      24.82840347290039,
      40.73180389404297,
      28.190622329711914,
      29.997737884521484
    ],
    [
      28.951562881469727,
      24.031627655029297,
      38.840667724609375,
      43.64798355102539,
      52.91758728027344,
      71.25269317626953,
      42.88949966430664,
      44.605010986328125,
      43.774959564208984,
      51.69953918457031,
      36.00611114501953,
      49.708091735839844,
      23.62383460998535,
      39.39638900756836,
      23.73963737487793,
      44.50861358642578,
      29.328166961669922,
      33.54572296142578
    ],
    [
      25.81072235107422,
      20.497591018676758,
      31.041492462158203,
      32.69028091430664,
      38.261653900146484,
      42.88949966430664,
      51.33171844482422,
      43.415096282958984,
      44.09601593017578,
      45.67522430419922,
      37.21276092529297,
      45.33412551879883,
      28.799945831298828,
      39.73189163208008,
      35.44813537597656,
      51.52025604248047,
      42.699153900146484,
      40.15190505981445
    ],
    [
      23.14613151550293,
      19.208045959472656,
      28.354257583618164,
      32.14842224121094,
      36.69580841064453,
      44.605010986328125,
      43.415096282958984,
      50.140438079833984,
      40.659786224365234,
      46.501102447509766,
      33.42081832885742,
      44.5893440246582,
      24.094051361083984,
      37.68373107910156,
      28.702259063720703,
      48.46433639526367,
      36.10247039794922,
      37.61750030517578
    ],
    [
      22.187170028686523,
      18.864133834838867,
      29.02409553527832,
      30.67066764831543,
      38.67047882080078,
      43.774959564208984,
      44.09601593017578,
      40.659786224365234,
      52.55661392211914,
      52.177310943603516,
      42.754520416259766,
      51.491451263427734,
      27.571666717529297,
      39.653438568115234,
      34.76518249511719,
      52.65072250366211,
      38.71276092529297,
      38.789485931396484
    ],
    [
      22.541650772094727,
      19.620248794555664,
      31.117515563964844,
      34.75086975097656,
      43.234535217285156,
      51.69953918457031,
      45.67522430419922,
      46.501102447509766,
      52.177310943603516,
      63.202030181884766,
      42.83602523803711,
      57.169857025146484,
      25.280092239379883,
      41.8017463684082,
      30.62000846862793,
      53.92304992675781,
      34.92562484741211,
      39.42716598510742
    ],
    [
      18.418142318725586,
      15.860970497131348,
      23.636531829833984,
      24.642152786254883,
      32.865318298339844,
      36.00611114501953,
      37.21276092529297,
      33.42081832885742,
      42.754520416259766,
      42.83602523803711,
      43.84510040283203,
      47.75962448120117,
      31.540565490722656,
      40.71688461303711,
      39.18790817260742,
      51.373722076416016,
      41.92866134643555,
      38.95021057128906
    ],
    [
      21.299068450927734,
      19.09156608581543,
      29.516324996948242,
      32.42776870727539,
      42.25551986694336,
      49.708091735839844,
      45.33412551879883,
      44.5893440246582,
      51.491451263427734,
      57.169857025146484,
      47.75962448120117,
      63.07615661621094,
      31.207120895385742,
      48.02583312988281,
      37.916927337646484,
      59.951969146728516,
      41.99235534667969,
      44.749229431152344
    ],
    [
      17.458637237548828,
      14.08903980255127,
      18.243911743164062,
      18.69927406311035,
      23.21002769470215,
      23.62383460998535,
      28.799945831298828,
      24.094051361083984,
      27.571666717529297,
      25.280092239379883,
      31.540565490722656,
      31.207120895385742,
      39.19198989868164,
      41.77932357788086,
      46.17178726196289,
      47.27191162109375,
      50.8535041809082,
      40.89706802368164
    ],
    [
      23.73675537109375,
      20.234514236450195,
      26.399377822875977,
      28.94279670715332,
      34.926082611083984,
      39.39638900756836,
      39.73189163208008,
      37.68373107910156,
      39.653438568115234,
      41.8017463684082,
      40.71688461303711,
      48.02583312988281,
      41.77932357788086,
      57.635746002197266,
      48.407203674316406,
      61.98689270019531,
      55.11761474609375,
      52.41756057739258
    ],
    [
      18.973243713378906,
      15.551136016845703,
      18.572826385498047,
      18.987899780273438,
      24.82840347290039,
      23.73963737487793,
      35.44813537597656,
      28.702259063720703,
      34.76518249511719,
      30.62000846862793,
      39.18790817260742,
      37.916927337646484,
      46.17178726196289,
      48.407203674316406,
      67.03080749511719,
      66.58848571777344,
      71.47327423095703,
      55.37539291381836
    ],
    [
      27.628459930419922,
      24.034521102905273,
      30.26360511779785,
      32.92604446411133,
      40.73180389404297,
      44.50861358642578,
      51.52025604248047,
      48.46433639526367,
      52.65072250366211,
      53.92304992675781,
      51.373722076416016,
      59.951969146728516,
      47.27191162109375,
      61.98689270019531,
      66.58848571777344,
      98.35379028320312,
      82.81241607666016,
      74.68507385253906
    ],
    [
      25.545289993286133,
      19.91251564025879,
      23.66130256652832,
      25.477174758911133,
      28.190622329711914,
      29.328166961669922,
      42.699153900146484,
      36.10247039794922,
      38.71276092529297,
      34.92562484741211,
      41.92866134643555,
      41.99235534667969,
      50.8535041809082,
      55.11761474609375,
      71.47327423095703,
      82.81241607666016,
      89.9781723022461,
      69.36859130859375
    ],
    [
      24.183841705322266,
      20.126758575439453,
      23.735021591186523,
      26.64682388305664,
      29.997737884521484,
      33.54572296142578,
      40.15190505981445,
      37.61750030517578,
      38.789485931396484,
      39.42716598510742,
      38.95021057128906,
      44.749229431152344,
      40.89706802368164,
      52.41756057739258,
      55.37539291381836,
      74.68507385253906,
      69.36859130859375,
      63.79273223876953
    ]
  ],
  "damage": -9.986802101135254,
  "diff_bandwidth": 693.7017211914062,
  "dissonance": 9.367497851974672,
  "drr": 11.876730918884277,
  "dynamics": 4.808394432067871,
  "format": 1245190,
  "frames": 6770624,
  "loudness": -16.263370513916016,
  "loudness_range": 14.601844787597656,
  "loudness_range_short": 16.16956329345703,
  "lowpass_true_peak_15khz": -0.7912043929100037,
  "mastering3_acoustic_entropies": [
    {
      "acoustic_entropy": 4.941446304321289,
      "acoustic_entropy_mono": 4.919654846191406,
      "band_eliminated_acoustic_entropies": [
        {
          "acoustic_entropy": 4.978880882263184,
          "acoustic_entropy_side": 4.942931652069092,
          "hz": 129.47220167065723
        },
        {
          "acoustic_entropy": 5.184844017028809,
          "acoustic_entropy_side": 4.99553108215332,
          "hz": 202.92927478742237
        },
        {
          "acoustic_entropy": 4.973376274108887,
          "acoustic_entropy_side": 4.999719619750977,
          "hz": 282.89161906338205
        },
        {
          "acoustic_entropy": 5.096981525421143,
          "acoustic_entropy_side": 5.079305648803711,
          "hz": 369.9353335868758
        },
        {
          "acoustic_entropy": 5.059083461761475,
          "acoustic_entropy_side": 5.138559341430664,
          "hz": 464.6875360973435
        },
        {
          "acoustic_entropy": 4.746676445007324,
          "acoustic_entropy_side": 5.005787372589111,
          "hz": 567.8308811364784
        },
        {
          "acoustic_entropy": 4.995616912841797,
          "acoustic_entropy_side": 4.965209007263184,
          "hz": 680.1084783214808
        },
        {
          "acoustic_entropy": 4.999889373779297,
          "acoustic_entropy_side": 4.915065765380859,
          "hz": 802.3292461747484
        },
        {
          "acoustic_entropy": 5.161802768707275,
          "acoustic_entropy_side": 5.063839435577393,
          "hz": 935.3737400823702
        },
        {
          "acoustic_entropy": 5.150299072265625,
          "acoustic_entropy_side": 5.162266731262207,
          "hz": 1080.2004963696966
        },
        {
          "acoustic_entropy": 4.967374801635742,
          "acoustic_entropy_side": 5.086706638336182,
          "hz": 1237.8529382007157
        },
        {
          "acoustic_entropy": 5.359767436981201,
          "acoustic_entropy_side": 5.0367302894592285,
          "hz": 1409.4668930556702
        },
        {
          "acoustic_entropy": 4.9481024742126465,
          "acoustic_entropy_side": 4.8774237632751465,
          "hz": 1596.2787759475705
        },
        {
          "acoustic_entropy": 4.779512405395508,
          "acoustic_entropy_side": 4.777367115020752,
          "hz": 1799.6344973346393
        },
        {
          "acoustic_entropy": 4.9698286056518555,
          "acoustic_entropy_side": 4.9401445388793945,
          "hz": 2020.9991599069049
        },
        {
          "acoustic_entropy": 5.046749114990234,
          "acoustic_entropy_side": 4.793197154998779,
          "hz": 2261.9676141086993
        },
        {
          "acoustic_entropy": 4.996519088745117,
          "acoustic_entropy_side": 5.015376567840576,
          "hz": 2524.2759484456974
        },
        {
          "acoustic_entropy": 4.609167098999023,
          "acoustic_entropy_side": 4.866101264953613,
          "hz": 2809.813997359896
        },
        {
          "acoustic_entropy": 4.913325309753418,
          "acoustic_entropy_side": 4.955617427825928,
          "hz": 3120.6389567871424
        },
        {
          "acoustic_entropy": 4.974344730377197,
          "acoustic_entropy_side": 5.0103607177734375,
          "hz": 3458.990205492291
        },
        {
          "acoustic_entropy": 4.936712265014648,
          "acoustic_entropy_side": 4.919628620147705,
          "hz": 3827.305438964164
        },
        {
          "acoustic_entropy": 5.0882649421691895,
          "acoustic_entropy_side": 5.029355525970459,
          "hz": 4228.238232109126
        },
        {
          "acoustic_entropy": 5.0626301765441895,
          "acoustic_entropy_side": 4.975663661956787,
          "hz": 4664.6771572759235
        },
        {
          "acoustic_entropy": 5.099643230438232,
          "acoustic_entropy_side": 4.991850852966309,
          "hz": 5139.766595350093
        },
        {
          "acoustic_entropy": 5.045830726623535,
          "acoustic_entropy_side": 4.960734844207764,
          "hz": 5656.929389854203
        },
        {
          "acoustic_entropy": 5.016987323760986,
          "acoustic_entropy_side": 4.929000377655029,
          "hz": 6219.891507268283
        },
        {
          "acoustic_entropy": 5.0383100509643555,
          "acoustic_entropy_side": 4.949555397033691,
          "hz": 6832.70888123896
        },
        {
          "acoustic_entropy": 4.9982991218566895,
          "acoustic_entropy_side": 4.932059288024902,
          "hz": 7499.796634079867
        },
        {
          "acoustic_entropy": 4.983737468719482,
          "acoustic_entropy_side": 4.93689489364624,
          "hz": 8225.96088609342
        },
        {
          "acoustic_entropy": 4.966086387634277,
          "acoustic_entropy_side": 4.937021732330322,
          "hz": 9016.43338188839
        },
        {
          "acoustic_entropy": 4.968674182891846,
          "acoustic_entropy_side": 4.939151763916016,
          "hz": 9876.909183162974
        },
        {
          "acoustic_entropy": 4.994822025299072,
          "acoustic_entropy_side": 4.941733360290527,
          "hz": 10813.587699516042
        },
        {
          "acoustic_entropy": 5.047229290008545,
          "acoustic_entropy_side": 4.945199966430664,
          "hz": 11833.21735289826
        },
        {
          "acoustic_entropy": 5.008935451507568,
          "acoustic_entropy_side": 4.943352222442627,
          "hz": 12943.144197493959
        },
        {
          "acoustic_entropy": 4.975091457366943,
          "acoustic_entropy_side": 4.941995143890381,
          "hz": 14151.364845322005
        },
        {
          "acoustic_entropy": 4.9528117179870605,
          "acoustic_entropy_side": 4.9413323402404785,
          "hz": 15466.58407886509
        },
        {
          "acoustic_entropy": 4.945319175720215,
          "acoustic_entropy_side": 4.941287994384766,
          "hz": 16898.27756580493
        },
        {
          "acoustic_entropy": 4.942714691162109,
          "acoustic_entropy_side": 4.941390514373779,
          "hz": 18456.760127700032
        },
        {
          "acoustic_entropy": 4.941771030426025,
          "acoustic_entropy_side": 4.941431522369385,
          "hz": 20153.260054456492
        },
        {
          "acoustic_entropy": 4.941495418548584,
          "acoustic_entropy_side": 4.9414448738098145,
          "hz": 22000.00000000001
        }
      ],
      "diff_acoustic_entropy": 1.2853673696517944,
      "sn": 6
    },
    {
      "acoustic_entropy": 8.74085521697998,
      "acoustic_entropy_mono": 9.028282165527344,
      "band_eliminated_acoustic_entropies": [
        {
          "acoustic_entropy": 8.729106903076172,
          "acoustic_entropy_side": 8.734228134155273,
          "hz": 129.47220167065723
        },
        {
          "acoustic_entropy": 8.618279457092285,
          "acoustic_entropy_side": 8.80888843536377,
          "hz": 202.92927478742237
        },
        {
          "acoustic_entropy": 9.197383880615234,
          "acoustic_entropy_side": 8.9846830368042,
          "hz": 282.89161906338205
        },
        {
          "acoustic_entropy": 8.584616661071777,
          "acoustic_entropy_side": 8.618412017822266,
          "hz": 369.9353335868758
        },
        {
          "acoustic_entropy": 8.85714054107666,
          "acoustic_entropy_side": 8.691178321838379,
          "hz": 464.6875360973435
        },
        {
          "acoustic_entropy": 9.44232177734375,
          "acoustic_entropy_side": 9.596461296081543,
          "hz": 567.8308811364784
        },
        {
          "acoustic_entropy": 9.000835418701172,
          "acoustic_entropy_side": 8.715194702148438,
          "hz": 680.1084783214808
        },
        {
          "acoustic_entropy": 9.696858406066895,
          "acoustic_entropy_side": 9.019235610961914,
          "hz": 802.3292461747484
        },
        {
          "acoustic_entropy": 9.126439094543457,
          "acoustic_entropy_side": 8.831470489501953,
          "hz": 935.3737400823702
        },
        {
          "acoustic_entropy": 9.159656524658203,
          "acoustic_entropy_side": 8.9549560546875,
          "hz": 1080.2004963696966
        },
        {
          "acoustic_entropy": 8.831780433654785,
          "acoustic_entropy_side": 8.559798240661621,
          "hz": 1237.8529382007157
        },
        {
          "acoustic_entropy": 9.095316886901855,
          "acoustic_entropy_side": 8.716192245483398,
          "hz": 1409.4668930556702
        },
        {
          "acoustic_entropy": 8.943147659301758,
          "acoustic_entropy_side": 8.685196876525879,
          "hz": 1596.2787759475705
        },
        {
          "acoustic_entropy": 8.84829330444336,
          "acoustic_entropy_side": 9.139904975891113,
          "hz": 1799.6344973346393
        },
        {
          "acoustic_entropy": 8.81905460357666,
          "acoustic_entropy_side": 8.772205352783203,
          "hz": 2020.9991599069049
        },
        {
          "acoustic_entropy": 8.704133033752441,
          "acoustic_entropy_side": 8.896132469177246,
          "hz": 2261.9676141086993
        },
        {
          "acoustic_entropy": 9.062734603881836,
          "acoustic_entropy_side": 8.575745582580566,
          "hz": 2524.2759484456974
        },
        {
          "acoustic_entropy": 9.078407287597656,
          "acoustic_entropy_side": 9.019468307495117,
          "hz": 2809.813997359896
        },
        {
          "acoustic_entropy": 8.600361824035645,
          "acoustic_entropy_side": 8.743563652038574,
          "hz": 3120.6389567871424
        },
        {
          "acoustic_entropy": 9.097079277038574,
          "acoustic_entropy_side": 8.874174118041992,
          "hz": 3458.990205492291
        },
        {
          "acoustic_entropy": 8.764514923095703,
          "acoustic_entropy_side": 8.80346393585205,
          "hz": 3827.305438964164
        },
        {
          "acoustic_entropy": 8.80649185180664,
          "acoustic_entropy_side": 8.814598083496094,
          "hz": 4228.238232109126
        },
        {
          "acoustic_entropy": 8.976359367370605,
          "acoustic_entropy_side": 8.89284896850586,
          "hz": 4664.6771572759235
        },
        {
          "acoustic_entropy": 8.831130027770996,
          "acoustic_entropy_side": 8.80787181854248,
          "hz": 5139.766595350093
        },
        {
          "acoustic_entropy": 8.760854721069336,
          "acoustic_entropy_side": 8.745270729064941,
          "hz": 5656.929389854203
        },
        {
          "acoustic_entropy": 8.78165054321289,
          "acoustic_entropy_side": 8.767800331115723,
          "hz": 6219.891507268283
        },
        {
          "acoustic_entropy": 8.728357315063477,
          "acoustic_entropy_side": 8.736529350280762,
          "hz": 6832.70888123896
        },
        {
          "acoustic_entropy": 8.738150596618652,
          "acoustic_entropy_side": 8.744481086730957,
          "hz": 7499.796634079867
        },
        {
          "acoustic_entropy": 8.753425598144531,
          "acoustic_entropy_side": 8.736987113952637,
          "hz": 8225.96088609342
        },
        {
          "acoustic_entropy": 8.763572692871094,
          "acoustic_entropy_side": 8.743468284606934,
          "hz": 9016.43338188839
        },
        {
          "acoustic_entropy": 8.772282600402832,
          "acoustic_entropy_side": 8.745926856994629,
          "hz": 9876.909183162974
        },
        {
          "acoustic_entropy": 8.745776176452637,
          "acoustic_entropy_side": 8.740275382995605,
          "hz": 10813.587699516042
        },
        {
          "acoustic_entropy": 8.690481185913086,
          "acoustic_entropy_side": 8.734341621398926,
          "hz": 11833.21735289826
        },
        {
          "acoustic_entropy": 8.713225364685059,
          "acoustic_entropy_side": 8.737070083618164,
          "hz": 12943.144197493959
        },
        {
          "acoustic_entropy": 8.741928100585938,
          "acoustic_entropy_side": 8.73911190032959,
          "hz": 14151.364845322005
        },
        {
          "acoustic_entropy": 8.75129222869873,
          "acoustic_entropy_side": 8.739914894104004,
          "hz": 15466.58407886509
        },
        {
          "acoustic_entropy": 8.752280235290527,
          "acoustic_entropy_side": 8.740169525146484,
          "hz": 16898.27756580493
        },
        {
          "acoustic_entropy": 8.746747970581055,
          "acoustic_entropy_side": 8.74062442779541,
          "hz": 18456.760127700032
        },
        {
          "acoustic_entropy": 8.743260383605957,
          "acoustic_entropy_side": 8.740804672241211,
          "hz": 20153.260054456492
        },
        {
          "acoustic_entropy": 8.74160099029541,
          "acoustic_entropy_side": 8.740849494934082,
          "hz": 22000.00000000001
        }
      ],
      "diff_acoustic_entropy": 3.476761817932129,
      "sn": 12
    },
    {
      "acoustic_entropy": 14.208827018737793,
      "acoustic_entropy_mono": 12.62462043762207,
      "band_eliminated_acoustic_entropies": [
        {
          "acoustic_entropy": 13.718576431274414,
          "acoustic_entropy_side": 14.248478889465332,
          "hz": 129.47220167065723
        },
        {
          "acoustic_entropy": 13.436346054077148,
          "acoustic_entropy_side": 14.24023151397705,
          "hz": 202.92927478742237
        },
        {
          "acoustic_entropy": 14.635045051574707,
          "acoustic_entropy_side": 14.482248306274414,
          "hz": 282.89161906338205
        },
        {
          "acoustic_entropy": 14.423834800720215,
          "acoustic_entropy_side": 13.996723175048828,
          "hz": 369.9353335868758
        },
        {
          "acoustic_entropy": 13.664175033569336,
          "acoustic_entropy_side": 14.486815452575684,
          "hz": 464.6875360973435
        },
        {
          "acoustic_entropy": 14.254809379577637,
          "acoustic_entropy_side": 13.950128555297852,
          "hz": 567.8308811364784
        },
        {
          "acoustic_entropy": 14.564478874206543,
          "acoustic_entropy_side": 14.692198753356934,
          "hz": 680.1084783214808
        },
        {
          "acoustic_entropy": 14.105733871459961,
          "acoustic_entropy_side": 14.100068092346191,
          "hz": 802.3292461747484
        },
        {
          "acoustic_entropy": 14.28707504272461,
          "acoustic_entropy_side": 14.268216133117676,
          "hz": 935.3737400823702
        },
        {
          "acoustic_entropy": 14.588234901428223,
          "acoustic_entropy_side": 14.390377044677734,
          "hz": 1080.2004963696966
        },
        {
          "acoustic_entropy": 14.294482231140137,
          "acoustic_entropy_side": 14.042855262756348,
          "hz": 1237.8529382007157
        },
        {
          "acoustic_entropy": 14.190430641174316,
          "acoustic_entropy_side": 14.316295623779297,
          "hz": 1409.4668930556702
        },
        {
          "acoustic_entropy": 14.095285415649414,
          "acoustic_entropy_side": 14.279292106628418,
          "hz": 1596.2787759475705
        },
        {
          "acoustic_entropy": 14.221877098083496,
          "acoustic_entropy_side": 14.230475425720215,
          "hz": 1799.6344973346393
        },
        {
          "acoustic_entropy": 14.437616348266602,
          "acoustic_entropy_side": 14.573131561279297,
          "hz": 2020.9991599069049
        },
        {
          "acoustic_entropy": 15.217021942138672,
          "acoustic_entropy_side": 15.070329666137695,
          "hz": 2261.9676141086993
        },
        {
          "acoustic_entropy": 14.628317832946777,
          "acoustic_entropy_side": 14.461833953857422,
          "hz": 2524.2759484456974
        },
        {
          "acoustic_entropy": 14.661717414855957,
          "acoustic_entropy_side": 14.2166166305542,
          "hz": 2809.813997359896
        },
        {
          "acoustic_entropy": 14.687135696411133,
          "acoustic_entropy_side": 14.675101280212402,
          "hz": 3120.6389567871424
