{
  "acoustic_entropy": 179.92379760742188,
  "bands": [
    {
      "high_freq": 148.1999969482422,
      "loudness": -30.338735580444336,
      "loudness_range": 16.079771041870117,
      "mid_mean": -27.253952026367188,
      "mid_to_side_loudness": -9.625091552734375,
      "mid_to_side_loudness_range": 8.441353797912598,
      "side_mean": -38.24169158935547
    },
    {
      "high_freq": 392.3793640136719,
      "loudness": -25.997962951660156,
      "loudness_range": 9.132753372192383,
      "low_freq": 148.1999969482422,
      "mid_mean": -24.20224952697754,
      "mid_to_side_loudness": -3.1581106185913086,
      "mid_to_side_loudness_range": 7.175328731536865,
      "side_mean": -27.34392738342285
    },
    {
      "high_freq": 794.6976318359375,
      "loudness": -25.124399185180664,
      "loudness_range": 12.357625961303711,
      "low_freq": 392.3793640136719,
      "mid_mean": -23.058561325073242,
      "mid_to_side_loudness": -4.279384613037109,
      "mid_to_side_loudness_range": 10.046590805053711,
      "side_mean": -27.28840446472168
    },
    {
      "high_freq": 1457.5709228515625,
      "loudness": -27.391727447509766,
      "loudness_range": 16.836196899414062,
      "low_freq": 794.6976318359375,
      "mid_mean": -24.97235870361328,
      "mid_to_side_loudness": -5.3196821212768555,
      "mid_to_side_loudness_range": 7.389678478240967,
      "side_mean": -30.264150619506836
    },
    {
      "high_freq": 2549.74365234375,
      "loudness": -31.30910301208496,
      "loudness_range": 19.088577270507812,
      "low_freq": 1457.5709228515625,
      "mid_mean": -29.399625778198242,
      "mid_to_side_loudness": -3.4797589778900146,
      "mid_to_side_loudness_range": 7.298686981201172,
      "side_mean": -32.811546325683594
    },
    {
      "high_freq": 4349.24462890625,
      "loudness": -38.24790573120117,
      "loudness_range": 18.99310302734375,
      "low_freq": 2549.74365234375,
      "mid_mean": -37.127838134765625,
      "mid_to_side_loudness": -1.509114146232605,
      "mid_to_side_loudness_range": 4.831282615661621,
      "side_mean": -38.79623031616211
    },
    {
      "high_freq": 7314.1640625,
      "loudness": -47.211700439453125,
      "loudness_range": 19.750030517578125,
      "low_freq": 4349.24462890625,
      "mid_mean": -47.33913803100586,
      "mid_to_side_loudness": -1.516483187675476,
      "mid_to_side_loudness_range": 5.824401378631592,
      "side_mean": -50.65067672729492
    },
    {
      "high_freq": 12199.2666015625,
      "loudness": -57.222450256347656,
      "loudness_range": 23.044204711914062,
      "low_freq": 7314.1640625,
      "mid_mean": -57.93796157836914,
      "mid_to_side_loudness": -1.796789288520813,
      "mid_to_side_loudness_range": 4.594585418701172,
      "side_mean": -59.54248046875
    },
    {
      "loudness": -67.5886459350586,
      "loudness_range": 26.770244598388672,
      "low_freq": 12199.2666015625,
      "mid_mean": -63.17141342163086,
      "mid_to_side_loudness": -1.9718878269195557,
      "mid_to_side_loudness_range": 11.29509449005127,
      "side_mean": -64.28622436523438
    }
  ],
  "bands_short": [
    {
      "high_freq": 148.1999969482422,
      "loudness": -31.354736328125,
      "loudness_range": 17.268260955810547,
      "mid_mean": -28.0963134765625,
      "mid_to_side_loudness": -10.263387680053711,
      "mid_to_side_loudness_range": 11.412195205688477,
      "side_mean": -40.2318115234375
    },
    {
      "high_freq": 392.3793640136719,
      "loudness": -26.297861099243164,
      "loudness_range": 10.423669815063477,
      "low_freq": 148.1999969482422,
      "mid_mean": -24.459775924682617,
      "mid_to_side_loudness": -3.4794692993164062,
      "mid_to_side_loudness_range": 9.653924942016602,
      "side_mean": -27.965192794799805
    },
    {
      "high_freq": 794.6976318359375,
      "loudness": -25.498153686523438,
      "loudness_range": 12.611053466796875,
      "low_freq": 392.3793640136719,
      "mid_mean": -23.58914566040039,
      "mid_to_side_loudness": -4.078633785247803,
      "mid_to_side_loudness_range": 11.443106651306152,
      "side_mean": -27.638534545898438
    },
    {
      "high_freq": 1457.5709228515625,
      "loudness": -27.53827476501465,
      "loudness_range": 17.753944396972656,
      "low_freq": 794.6976318359375,
      "mid_mean": -25.268436431884766,
      "mid_to_side_loudness": -5.036270618438721,
      "mid_to_side_loudness_range": 10.120752334594727,
      "side_mean": -30.318817138671875
    },
    {
      "high_freq": 2549.74365234375,
      "loudness": -31.742963790893555,
      "loudness_range": 19.951745986938477,
      "low_freq": 1457.5709228515625,
      "mid_mean": -30.0504150390625,
      "mid_to_side_loudness": -3.263402223587036,
      "mid_to_side_loudness_range": 9.989043235778809,
      "side_mean": -33.29345703125
    },
    {
      "high_freq": 4349.24462890625,
      "loudness": -38.49049377441406,
      "loudness_range": 20.102956771850586,
      "low_freq": 2549.74365234375,
      "mid_mean": -37.55031204223633,
      "mid_to_side_loudness": -1.3911038637161255,
      "mid_to_side_loudness_range": 7.644550800323486,
      "side_mean": -39.00663757324219
    },
    {
      "high_freq": 7314.1640625,
      "loudness": -47.30013656616211,
      "loudness_range": 20.24325180053711,
      "low_freq": 4349.24462890625,
      "mid_mean": -48.07081604003906,
      "mid_to_side_loudness": -1.4780163764953613,
      "mid_to_side_loudness_range": 6.907336711883545,
      "side_mean": -50.94751739501953
    },
    {
      "high_freq": 12199.2666015625,
      "loudness": -57.48688507080078,
      "loudness_range": 23.32715606689453,
      "low_freq": 7314.1640625,
      "mid_mean": -58.19709777832031,
      "mid_to_side_loudness": -1.733945369720459,
      "mid_to_side_loudness_range": 5.7509684562683105,
      "side_mean": -59.73957443237305
    },
    {
      "loudness": -68.41653442382812,
      "loudness_range": 26.106624603271484,
      "low_freq": 12199.2666015625,
      "mid_mean": -63.781822204589844,
      "mid_to_side_loudness": -1.9479649066925049,
      "mid_to_side_loudness_range": 10.925528526306152,
      "side_mean": -64.89952087402344
    }
  ],
  "bandwidth": 615.7195434570312,
  "channels": 2,
  "covariance": [
    [
      50.558528900146484,
      41.27432632446289,
      10.533300399780273,
      11.250409126281738,
      2.751328706741333,
      3.6952476501464844,
      11.391063690185547,
      10.658514022827148,
      22.190431594848633,
      21.428499221801758,
      26.238248825073242,
      24.13776206970215,
      32.781009674072266,
      33.83096694946289,
      29.048686981201172,
      25.313968658447266,
      18.026885986328125,
      15.169194221496582
    ],
    [
      41.27432632446289,
      53.869117736816406,
      18.24232292175293,
      19.779537200927734,
      6.410019397735596,
      8.01799488067627,
      14.53451156616211,
      14.762161254882812,
      31.700273513793945,
      30.765108108520508,
      35.89295196533203,
      33.35347366333008,
      40.143836975097656,
      46.42780685424805,
      36.73115921020508,
      32.0555534362793,
      22.535846710205078,
      19.32649040222168
    ],
    [
      10.533300399780273,
      18.24232292175293,
      19.678482055664062,
      16.095806121826172,
      7.727031230926514,
      8.846460342407227,
      7.89746618270874,
      7.841666221618652,
      16.987215042114258,
      17.29714584350586,
      19.453847885131836,
      19.003978729248047,
      20.951244354248047,
      27.20512580871582,
      22.09721565246582,
      19.65874481201172,
      13.230460166931152,
      12.292187690734863
    ],
    [
      11.250409126281738,
      19.779537200927734,
      16.095806121826172,
      20.816633224487305,
      5.722257614135742,
      7.203438758850098,
      8.730083465576172,
      9.107268333435059,
      17.097593307495117,
      18.100065231323242,
      20.625505447387695,
      20.90812873840332,
      23.23058319091797,
      29.622211456298828,
      24.197399139404297,
      21.89940071105957,
      13.522808074951172,
      13.487083435058594
    ],
    [
      2.751328706741333,
      6.410019397735596,
      7.727031230926514,
      5.722257614135742,
      20.34885025024414,
      14.930578231811523,
      7.092401027679443,
      6.46054220199585,
      13.703717231750488,
      13.283973693847656,
      13.162726402282715,
      13.917032241821289,
      11.032913208007812,
      19.337646484375,
      10.779815673828125,
      9.642221450805664,
      3.366787910461426,
      2.3684866428375244
    ],
    [
      3.6952476501464844,
      8.01799488067627,
      8.846460342407227,
      7.203438758850098,
      14.930578231811523,
      20.908308029174805,
      5.274199485778809,
      6.2408599853515625,
      14.670849800109863,
      13.312433242797852,
      15.450530052185059,
      15.737798690795898,
      12.734358787536621,
      20.016372680664062,
      12.444123268127441,
      11.16047477722168,
      5.237943172454834,
      4.8345489501953125
    ],
    [
      11.391063690185547,
      14.53451156616211,
      7.89746618270874,
      8.730083465576172,
      7.092401027679443,
      5.274199485778809,
      35.01377868652344,
      25.465961456298828,
      24.790409088134766,
      20.758132934570312,
      23.266769409179688,
      19.992534637451172,
      26.910865783691406,
      30.330509185791016,
      26.719120025634766,
      22.003616333007812,
      18.616361618041992,
      12.264410972595215
    ],
    [
      10.658514022827148,
      14.762161254882812,
      7.841666221618652,
      9.107268333435059,
      6.46054220199585,
      6.2408599853515625,
      25.465961456298828,
      23.340625762939453,
      23.13364028930664,
      20.047170639038086,
      23.01645851135254,
      20.663434982299805,
      25.951204299926758,
      29.07990837097168,
      25.842304229736328,
      21.8488826751709,
      17.297040939331055,
      12.746153831481934
    ],
    [
      22.190431594848633,
      31.700273513793945,
      16.987215042114258,
      17.097593307495117,
      13.703717231750488,
      14.670849800109863,
      24.790409088134766,
      23.13364028930664,
      48.294010162353516,
      39.51694869995117,
      43.49141311645508,
      39.2901496887207,
      47.162906646728516,
      52.35696029663086,
      45.04068374633789,
      37.78825759887695,
      30.792861938476562,
      23.088973999023438
    ],
    [
      21.428499221801758,
      30.765108108520508,
      17.29714584350586,
      18.100065231323242,
      13.283973693847656,
      13.312433242797852,
      20.758132934570312,
      20.047170639038086,
      39.51694869995117,
      38.309261322021484,
      41.063941955566406,
      39.62794876098633,
      44.73716735839844,
      52.36699676513672,
      42.774070739746094,
      37.45941925048828,
      26.141387939453125,
      21.695138931274414
    ],
    [
      26.238248825073242,
      35.89295196533203,
      19.453847885131836,
      20.625505447387695,
      13.162726402282715,
      15.450530052185059,
      23.266769409179688,
      23.01645851135254,
      43.49141311645508,
      41.063941955566406,
      61.2396354675293,
      54.39664840698242,
      60.576385498046875,
      64.32542419433594,
      52.25040054321289,
      45.6795768737793,
      28.71662712097168,
      23.236204147338867
    ],
    [
      24.13776206970215,
      33.35347366333008,
      19.003978729248047,
      20.90812873840332,
      13.917032241821289,
      15.737798690795898,
      19.992534637451172,
      20.663434982299805,
      39.2901496887207,
      39.62794876098633,
      54.39664840698242,
      56.822940826416016,
      57.29754638671875,
      63.49334716796875,
      49.929046630859375,
      44.71633529663086,
      25.26219940185547,
      22.002010345458984
    ],
    [
      32.781009674072266,
      40.143836975097656,
      20.951244354248047,
      23.23058319091797,
      11.032913208007812,
      12.734358787536621,
      26.910865783691406,
      25.951204299926758,
      47.162906646728516,
      44.73716735839844,
      60.576385498046875,
      57.29754638671875,
      84.8504638671875,
      76.91910552978516,
      67.7208251953125,
      59.954933166503906,
      38.81808853149414,
      34.25501251220703
    ],
    [
      33.83096694946289,
      46.42780685424805,
      27.20512580871582,
      29.622211456298828,
      19.337646484375,
      20.016372680664062,
      30.330509185791016,
      29.07990837097168,
      52.35696029663086,
      52.36699676513672,
      64.32542419433594,
      63.49334716796875,
      76.91910552978516,
      99.22344207763672,
      76.18962860107422,
      67.94930267333984,
      40.56626510620117,
      36.13972473144531
    ],
    [
      29.048686981201172,
      36.73115921020508,
      22.09721565246582,
      24.197399139404297,
      10.779815673828125,
      12.444123268127441,
      26.719120025634766,
      25.842304229736328,
      45.04068374633789,
      42.774070739746094,
      52.25040054321289,
      49.929046630859375,
      67.7208251953125,
      76.18962860107422,
      73.32906341552734,
      64.78448486328125,
      45.36509704589844,
      41.680320739746094
    ],
    [
      25.313968658447266,
      32.0555534362793,
      19.65874481201172,
      21.89940071105957,
      9.642221450805664,
      11.16047477722168,
      22.003616333007812,
      21.8488826751709,
      37.78825759887695,
      37.45941925048828,
      45.6795768737793,
      44.71633529663086,
      59.954933166503906,
      67.94930267333984,
      64.78448486328125,
      58.970314025878906,
      38.833736419677734,
      38.04727554321289
    ],
    [
      18.026885986328125,
      22.535846710205078,
      13.230460166931152,
      13.522808074951172,
      3.366787910461426,
      5.237943172454834,
      18.616361618041992,
      17.297040939331055,
      30.792861938476562,
      26.141387939453125,
      28.71662712097168,
      25.26219940185547,
      38.81808853149414,
      40.56626510620117,
      45.36509704589844,
      38.833736419677734,
      42.42265319824219,
      38.03701400756836
    ],
    [
      15.169194221496582,
      19.32649040222168,
      12.292187690734863,
      13.487083435058594,
      2.3684866428375244,
      4.8345489501953125,
      12.264410972595215,
      12.746153831481934,
      23.088973999023438,
      21.695138931274414,
      23.236204147338867,
      22.002010345458984,
      34.25501251220703,
      36.13972473144531,
      41.680320739746094,
      38.04727554321289,
      38.03701400756836,
      42.15688705444336
    ]
  ],
  "covariance_short": [
    [
      50.53171157836914,
      42.68952941894531,
      13.2878999710083,
      10.395322799682617,
      3.414907217025757,
      3.680976629257202,
      11.86221981048584,
      11.535510063171387,
      22.409963607788086,
      21.400882720947266,
      26.171724319458008,
      23.355411529541016,
      33.43980407714844,
      32.053565979003906,
      26.887155532836914,
      22.9250431060791,
      15.069414138793945,
      11.555045127868652
    ],
    [
      42.68952941894531,
      63.667381286621094,
      20.373010635375977,
      18.619544982910156,
      7.1055731773376465,
      7.548447132110596,
      17.378570556640625,
      16.8037052154541,
      32.55256271362305,
      31.44951629638672,
      36.66156005859375,
      32.7481689453125,
      45.22859573364258,
      46.643310546875,
      36.5219841003418,
      31.404895782470703,
      20.478374481201172,
      15.625325202941895
    ],
    [
      13.2878999710083,
      20.373010635375977,
      25.30803871154785,
      18.149736404418945,
      10.615412712097168,
      11.201854705810547,
      10.585408210754395,
      9.8602876663208,
      19.443294525146484,
      20.01713752746582,
      20.251087188720703,
      19.355548858642578,
      25.14196014404297,
      29.79862403869629,
      24.082870483398438,
      21.358352661132812,
      13.483336448669434,
      12.405823707580566
    ],
    [
      10.395322799682617,
      18.619544982910156,
      18.149736404418945,
      25.001129150390625,
      9.132746696472168,
      10.241791725158691,
      10.672015190124512,
      10.100723266601562,
      18.62811279296875,
      19.827917098999023,
      20.82221031188965,
      20.095184326171875,
      26.23828125,
      31.052608489990234,
      25.11925506591797,
      22.707298278808594,
      12.828792572021484,
      12.518331527709961
    ],
    [
      3.414907217025757,
      7.1055731773376465,
      10.615412712097168,
      9.132746696472168,
      23.453536987304688,
      15.873693466186523,
      11.405909538269043,
      9.551801681518555,
      17.972848892211914,
      16.570545196533203,
      15.71139907836914,
      15.367480278015137,
      16.289169311523438,
      22.59668731689453,
      14.454361915588379,
      12.584519386291504,
      6.491459846496582,
      4.909015655517578
    ],
    [
      3.680976629257202,
      7.548447132110596,
      11.201854705810547,
      10.241791725158691,
      15.873693466186523,
      23.967952728271484,
      9.090689659118652,
      9.026219367980957,
      18.02741241455078,
      16.098148345947266,
      16.610267639160156,
      16.30832290649414,
      17.751359939575195,
      23.076168060302734,
      15.719788551330566,
      13.86536979675293,
      7.490654945373535,
      6.6051926612854
    ],
    [
      11.86221981048584,
      17.378570556640625,
      10.585408210754395,
      10.672015190124512,
      11.405909538269043,
      9.090689659118652,
      39.64194869995117,
      26.875951766967773,
      28.490446090698242,
      23.598068237304688,
      24.874086380004883,
      20.358427047729492,
      29.77646255493164,
      31.754867553710938,
      27.066303253173828,
      22.005226135253906,
      18.857336044311523,
      12.389986038208008
    ],
    [
      11.535510063171387,
      16.8037052154541,
      9.8602876663208,
      10.100723266601562,
      9.551801681518555,
      9.026219367980957,
      26.875951766967773,
      27.852676391601562,
      25.11912727355957,
      21.925691604614258,
      24.03388786315918,
      20.53585433959961,
      28.696434020996094,
      30.014301300048828,
      25.41352653503418,
      21.428600311279297,
      16.027523040771484,
      11.722721099853516
    ],
    [
      22.409963607788086,
      32.55256271362305,
      19.443294525146484,
      18.62811279296875,
      17.972848892211914,
      18.02741241455078,
      28.490446090698242,
      25.11912727355957,
      55.13701629638672,
      42.97091293334961,
      46.000614166259766,
      40.09236145019531,
      54.27364730834961,
      55.372371673583984,
      46.65066909790039,
      39.032440185546875,
      30.80034065246582,
      22.31989860534668
    ],
    [
      21.400882720947266,
      31.44951629638672,
      20.01713752746582,
      19.827917098999023,
      16.570545196533203,
      16.098148345947266,
      23.598068237304688,
      21.925691604614258,
      42.97091293334961,
      44.45395278930664,
      42.741798400878906,
      39.99950408935547,
      51.87788391113281,
      55.6292724609375,
      44.506595611572266,
      38.93474578857422,
      25.621498107910156,
      20.791826248168945
    ],
    [
      26.171724319458008,
      36.66156005859375,
      20.251087188720703,
      20.82221031188965,
      15.71139907836914,
      16.610267639160156,
      24.874086380004883,
      24.03388786315918,
      46.000614166259766,
      42.741798400878906,
      65.33382415771484,
      55.036773681640625,
      67.15778350830078,
      65.86739349365234,
      53.4798583984375,
      46.63875961303711,
      27.872325897216797,
      21.929609298706055
    ],
    [
      23.355411529541016,
      32.7481689453125,
      19.355548858642578,
      20.095184326171875,
      15.367480278015137,
      16.30832290649414,
      20.358427047729492,
      20.53585433959961,
      40.09236145019531,
      39.99950408935547,
      55.036773681640625,
      58.756412506103516,
      63.44038391113281,
      63.3470458984375,
      49.90064239501953,
      44.59833908081055,
      23.582908630371094,
      20.128875732421875
    ],
    [
      33.43980407714844,
      45.22859573364258,
      25.14196014404297,
      26.23828125,
      16.289169311523438,
      17.751359939575195,
      29.77646255493164,
      28.696434020996094,
      54.27364730834961,
      51.87788391113281,
      67.15778350830078,
      63.44038391113281,
      96.63660430908203,
      86.79175567626953,
      72.7779769897461,
      64.16764068603516,
      38.54498291015625,
      33.160404205322266
    ],
    [
      32.053565979003906,
      46.643310546875,
      29.79862403869629,
      31.052608489990234,
      22.59668731689453,
      23.076168060302734,
      31.754867553710938,
      30.014301300048828,
      55.372371673583984,
      55.6292724609375,
      65.86739349365234,
      63.3470458984375,
      86.79175567626953,
      102.6180419921875,
      76.90890502929688,
      68.49276733398438,
      37.89495086669922,
      33.146636962890625
    ],
    [
      26.887155532836914,
      36.5219841003418,
      24.082870483398438,
      25.11925506591797,
      14.454361915588379,
      15.719788551330566,
      27.066303253173828,
      25.41352653503418,
      46.65066909790039,
      44.506595611572266,
      53.4798583984375,
      49.90064239501953,
      72.7779769897461,
      76.90890502929688,
      73.16860961914062,
      64.11654663085938,
      41.96190643310547,
      37.543907165527344
    ],
    [
      22.9250431060791,
      31.404895782470703,
      21.358352661132812,
      22.707298278808594,
      12.584519386291504,
      13.86536979675293,
      22.005226135253906,
      21.428600311279297,
      39.032440185546875,
      38.93474578857422,
      46.63875961303711,
      44.59833908081055,
      64.16764068603516,
      68.49276733398438,
      64.11654663085938,
      58.86293411254883,
      35.668827056884766,
      34.35091018676758
    ],
    [
      15.069414138793945,
      20.478374481201172,
      13.483336448669434,
      12.828792572021484,
      6.491459846496582,
      7.490654945373535,
      18.857336044311523,
      16.027523040771484,
      30.80034065246582,
      25.621498107910156,
      27.872325897216797,
      23.582908630371094,
      38.54498291015625,
      37.89495086669922,
      41.96190643310547,
      35.668827056884766,
      38.97856521606445,
      33.46192932128906
    ],
    [
      11.555045127868652,
      15.625325202941895,
      12.405823707580566,
      12.518331527709961,
      4.909015655517578,
      6.6051926612854,
      12.389986038208008,
      11.722721099853516,
      22.31989860534668,
      20.791826248168945,
      21.929609298706055,
      20.128875732421875,
      33.160404205322266,
      33.146636962890625,
      37.543907165527344,
      34.35091018676758,
      33.46192932128906,
      36.025333404541016
    ]
  ],
  "damage": -8.350057601928711,
  "diff_bandwidth": 720.8924560546875,
  "dissonance": 4.5655213906502725,
  "drr": 1.9256486892700195,
  "dynamics": 3.403714179992676,
  "format": 1245190,
  "frames": 11314112,
  "loudness": -15.859408378601074,
  "loudness_range": 9.250009536743164,
  "loudness_range_short": 10.90811824798584,
  "lowpass_true_peak_15khz": -0.05697404965758324,
  "mastering3_acoustic_entropies": [
    {
      "acoustic_entropy": 8.049532890319824,
      "acoustic_entropy_mono": 7.521838188171387,
      "band_eliminated_acoustic_entropies": [
        {
          "acoustic_entropy": 8.184967041015625,
          "acoustic_entropy_side": 8.052568435668945,
          "hz": 129.47220167065723
        },
        {
          "acoustic_entropy": 7.935894966125488,
          "acoustic_entropy_side": 8.050853729248047,
          "hz": 202.92927478742237
        },
        {
          "acoustic_entropy": 7.998753547668457,
          "acoustic_entropy_side": 7.960063934326172,
          "hz": 282.89161906338205
        },
        {
          "acoustic_entropy": 7.687202453613281,
          "acoustic_entropy_side": 7.924101829528809,
          "hz": 369.9353335868758
        },
        {
          "acoustic_entropy": 7.804393291473389,
          "acoustic_entropy_side": 7.902122497558594,
          "hz": 464.6875360973435
        },
        {
          "acoustic_entropy": 8.097928047180176,
          "acoustic_entropy_side": 8.16580867767334,
          "hz": 567.8308811364784
        },
        {
          "acoustic_entropy": 7.285884857177734,
          "acoustic_entropy_side": 7.291989803314209,
          "hz": 680.1084783214808
        },
        {
          "acoustic_entropy": 7.279306411743164,
          "acoustic_entropy_side": 8.304986953735352,
          "hz": 802.3292461747484
        },
        {
          "acoustic_entropy": 7.409212112426758,
          "acoustic_entropy_side": 8.079845428466797,
          "hz": 935.3737400823702
        },
        {
          "acoustic_entropy": 7.220280647277832,
          "acoustic_entropy_side": 7.858419418334961,
          "hz": 1080.2004963696966
        },
        {
          "acoustic_entropy": 8.070540428161621,
          "acoustic_entropy_side": 8.017939567565918,
          "hz": 1237.8529382007157
        },
        {
          "acoustic_entropy": 8.439236640930176,
          "acoustic_entropy_side": 8.230697631835938,
          "hz": 1409.4668930556702
        },
        {
          "acoustic_entropy": 7.867186069488525,
          "acoustic_entropy_side": 8.048188209533691,
          "hz": 1596.2787759475705
        },
        {
          "acoustic_entropy": 8.233599662780762,
          "acoustic_entropy_side": 8.128189086914062,
          "hz": 1799.6344973346393
        },
        {
          "acoustic_entropy": 7.346020221710205,
          "acoustic_entropy_side": 7.96156644821167,
          "hz": 2020.9991599069049
        },
        {
          "acoustic_entropy": 8.127287864685059,
          "acoustic_entropy_side": 8.200310707092285,
          "hz": 2261.9676141086993
        },
        {
          "acoustic_entropy": 8.062511444091797,
          "acoustic_entropy_side": 8.041753768920898,
          "hz": 2524.2759484456974
        },
        {
          "acoustic_entropy": 8.144584655761719,
          "acoustic_entropy_side": 8.148836135864258,
          "hz": 2809.813997359896
        },
        {
          "acoustic_entropy": 8.202290534973145,
          "acoustic_entropy_side": 8.158556938171387,
          "hz": 3120.6389567871424
        },
        {
          "acoustic_entropy": 8.15945053100586,
          "acoustic_entropy_side": 8.105232238769531,
          "hz": 3458.990205492291
        },
        {
          "acoustic_entropy": 8.103621482849121,
          "acoustic_entropy_side": 8.085787773132324,
          "hz": 3827.305438964164
        },
        {
          "acoustic_entropy": 8.10723876953125,
          "acoustic_entropy_side": 8.077093124389648,
          "hz": 4228.238232109126
        },
        {
          "acoustic_entropy": 8.074944496154785,
          "acoustic_entropy_side": 8.061331748962402,
          "hz": 4664.6771572759235
        },
        {
          "acoustic_entropy": 8.059150695800781,
          "acoustic_entropy_side": 8.055214881896973,
          "hz": 5139.766595350093
        },
        {
          "acoustic_entropy": 8.061433792114258,
          "acoustic_entropy_side": 8.054203033447266,
          "hz": 5656.929389854203
        },
        {
          "acoustic_entropy": 8.054850578308105,
          "acoustic_entropy_side": 8.051680564880371,
          "hz": 6219.891507268283
        },
        {
          "acoustic_entropy": 8.053455352783203,
          "acoustic_entropy_side": 8.051060676574707,
          "hz": 6832.70888123896
        },
        {
          "acoustic_entropy": 8.050531387329102,
          "acoustic_entropy_side": 8.04995346069336,
          "hz": 7499.796634079867
        },
        {
          "acoustic_entropy": 8.049798011779785,
          "acoustic_entropy_side": 8.049662590026855,
          "hz": 8225.96088609342
        },
        {
          "acoustic_entropy": 8.049928665161133,
          "acoustic_entropy_side": 8.049640655517578,
          "hz": 9016.43338188839
        },
        {
          "acoustic_entropy": 8.049723625183105,
          "acoustic_entropy_side": 8.049590110778809,
          "hz": 9876.909183162974
        },
        {
          "acoustic_entropy": 8.04960823059082,
          "acoustic_entropy_side": 8.049551010131836,
          "hz": 10813.587699516042
        },
        {
          "acoustic_entropy": 8.049483299255371,
          "acoustic_entropy_side": 8.049503326416016,
          "hz": 11833.21735289826
        },
        {
          "acoustic_entropy": 8.049540519714355,
          "acoustic_entropy_side": 8.049534797668457,
          "hz": 12943.144197493959
        },
        {
          "acoustic_entropy": 8.049538612365723,
          "acoustic_entropy_side": 8.04953384399414,
          "hz": 14151.364845322005
        },
        {
          "acoustic_entropy": 8.049492835998535,
          "acoustic_entropy_side": 8.049511909484863,
          "hz": 15466.58407886509
        },
        {
          "acoustic_entropy": 8.049531936645508,
          "acoustic_entropy_side": 8.049531936645508,
          "hz": 16898.27756580493
        },
        {
          "acoustic_entropy": 8.049525260925293,
          "acoustic_entropy_side": 8.049530029296875,
          "hz": 18456.760127700032
        },
        {
          "acoustic_entropy": 8.049530982971191,
          "acoustic_entropy_side": 8.049532890319824,
          "hz": 20153.260054456492
        },
        {
          "acoustic_entropy": 8.04953384399414,
          "acoustic_entropy_side": 8.04953384399414,
          "hz": 22000.00000000001
        }
      ],
      "diff_acoustic_entropy": 5.285283088684082,
      "sn": 6
    },
    {
      "acoustic_entropy": 12.185985565185547,
      "acoustic_entropy_mono": 10.398512840270996,
      "band_eliminated_acoustic_entropies": [
        {
          "acoustic_entropy": 12.29279613494873,
          "acoustic_entropy_side": 12.217690467834473,
          "hz": 129.47220167065723
        },
        {
          "acoustic_entropy": 12.1492919921875,
          "acoustic_entropy_side": 12.446296691894531,
          "hz": 202.92927478742237
        },
        {
          "acoustic_entropy": 12.486909866333008,
          "acoustic_entropy_side": 12.56447696685791,
          "hz": 282.89161906338205
        },
        {
          "acoustic_entropy": 12.576086044311523,
          "acoustic_entropy_side": 12.450942039489746,
          "hz": 369.9353335868758
        },
        {
          "acoustic_entropy": 12.268878936767578,
          "acoustic_entropy_side": 12.630231857299805,
          "hz": 464.6875360973435
        },
        {
          "acoustic_entropy": 12.591266632080078,
          "acoustic_entropy_side": 12.69336986541748,
          "hz": 567.8308811364784
        },
        {
          "acoustic_entropy": 11.337444305419922,
          "acoustic_entropy_side": 11.126858711242676,
          "hz": 680.1084783214808
        },
        {
          "acoustic_entropy": 11.778220176696777,
          "acoustic_entropy_side": 12.283872604370117,
          "hz": 802.3292461747484
        },
        {
          "acoustic_entropy": 11.564958572387695,
          "acoustic_entropy_side": 12.695755004882812,
          "hz": 935.3737400823702
        },
        {
          "acoustic_entropy": 11.482929229736328,
          "acoustic_entropy_side": 11.947646141052246,
          "hz": 1080.2004963696966
        },
        {
          "acoustic_entropy": 12.781515121459961,
          "acoustic_entropy_side": 12.104445457458496,
          "hz": 1237.8529382007157
        },
        {
          "acoustic_entropy": 12.46437931060791,
          "acoustic_entropy_side": 11.707279205322266,
          "hz": 1409.4668930556702
        },
        {
          "acoustic_entropy": 12.36823844909668,
          "acoustic_entropy_side": 12.310922622680664,
          "hz": 1596.2787759475705
        },
        {
          "acoustic_entropy": 11.986926078796387,
          "acoustic_entropy_side": 12.06710433959961,
          "hz": 1799.6344973346393
        },
        {
          "acoustic_entropy": 11.16801929473877,
          "acoustic_entropy_side": 12.158123016357422,
          "hz": 2020.9991599069049
        },
        {
          "acoustic_entropy": 11.71740436553955,
          "acoustic_entropy_side": 11.921849250793457,
          "hz": 2261.9676141086993
        },
        {
          "acoustic_entropy": 12.001548767089844,
          "acoustic_entropy_side": 11.784347534179688,
          "hz": 2524.2759484456974
        },
        {
          "acoustic_entropy": 11.985138893127441,
          "acoustic_entropy_side": 12.098755836486816,
          "hz": 2809.813997359896
        },
        {
          "acoustic_entropy": 11.577829360961914,
          "acoustic_entropy_side": 11.836356163024902,
          "hz": 3120.6389567871424
        },
        {
          "acoustic_entropy": 11.467803955078125,
          "acoustic_entropy_side": 11.80832576751709,
          "hz": 3458.990205492291
        },
        {
          "acoustic_entropy": 12.16057014465332,
          "acoustic_entropy_side": 12.260254859924316,
          "hz": 3827.305438964164
        },
        {
          "acoustic_entropy": 11.846446990966797,
          "acoustic_entropy_side": 12.055733680725098,
          "hz": 4228.238232109126
        },
        {
          "acoustic_entropy": 11.952706336975098,
          "acoustic_entropy_side": 12.096355438232422,
          "hz": 4664.6771572759235
        },
        {
          "acoustic_entropy": 12.014103889465332,
          "acoustic_entropy_side": 12.132819175720215,
          "hz": 5139.766595350093
        },
        {
          "acoustic_entropy": 12.101273536682129,
          "acoustic_entropy_side": 12.169113159179688,
          "hz": 5656.929389854203
        },
        {
          "acoustic_entropy": 12.166365623474121,
          "acoustic_entropy_side": 12.183211326599121,
          "hz": 6219.891507268283
        },
        {
          "acoustic_entropy": 12.162181854248047,
          "acoustic_entropy_side": 12.17869758605957,
          "hz": 6832.70888123896
        },
        {
          "acoustic_entropy": 12.193601608276367,
          "acoustic_entropy_side": 12.189509391784668,
          "hz": 7499.796634079867
        },
        {
          "acoustic_entropy": 12.197227478027344,
          "acoustic_entropy_side": 12.189926147460938,
          "hz": 8225.96088609342
        },
        {
          "acoustic_entropy": 12.191219329833984,
          "acoustic_entropy_side": 12.18654727935791,
          "hz": 9016.43338188839
        },
        {
          "acoustic_entropy": 12.187257766723633,
          "acoustic_entropy_side": 12.186370849609375,
          "hz": 9876.909183162974
        },
        {
          "acoustic_entropy": 12.187384605407715,
          "acoustic_entropy_side": 12.18640422821045,
          "hz": 10813.587699516042
        },
        {
          "acoustic_entropy": 12.186187744140625,
          "acoustic_entropy_side": 12.186038970947266,
          "hz": 11833.21735289826
        },
        {
          "acoustic_entropy": 12.186002731323242,
          "acoustic_entropy_side": 12.185991287231445,
          "hz": 12943.144197493959
        },
        {
          "acoustic_entropy": 12.186850547790527,
          "acoustic_entropy_side": 12.186461448669434,
          "hz": 14151.364845322005
        },
        {
          "acoustic_entropy": 12.186417579650879,
          "acoustic_entropy_side": 12.186152458190918,
          "hz": 15466.58407886509
        },
        {
          "acoustic_entropy": 12.186108589172363,
          "acoustic_entropy_side": 12.186028480529785,
          "hz": 16898.27756580493
        },
        {
          "acoustic_entropy": 12.18604850769043,
          "acoustic_entropy_side": 12.186028480529785,
          "hz": 18456.760127700032
        },
        {
          "acoustic_entropy": 12.186360359191895,
          "acoustic_entropy_side": 12.18629264831543,
          "hz": 20153.260054456492
        },
        {
          "acoustic_entropy": 12.185992240905762,
          "acoustic_entropy_side": 12.185990333557129,
          "hz": 22000.00000000001
        }
      ],
      "diff_acoustic_entropy": 8.191712379455566,
      "sn": 12
    },
    {
      "acoustic_entropy": 16.61223602294922,
      "acoustic_entropy_mono": 14.528226852416992,
      "band_eliminated_acoustic_entropies": [
        {
          "acoustic_entropy": 15.75879955291748,
          "acoustic_entropy_side": 17.36171531677246,
          "hz": 129.47220167065723
        },
        {
          "acoustic_entropy": 16.704172134399414,
          "acoustic_entropy_side": 16.343212127685547,
          "hz": 202.92927478742237
        },
        {
          "acoustic_entropy": 17.461772918701172,
          "acoustic_entropy_side": 16.713552474975586,
          "hz": 282.89161906338205
        },
        {
          "acoustic_entropy": 16.4534854888916,
          "acoustic_entropy_side": 16.803733825683594,
          "hz": 369.9353335868758
        },
        {
          "acoustic_entropy": 16.9773006439209,
          "acoustic_entropy_side": 16.22855567932129,
          "hz": 464.6875360973435
        },
        {
          "acoustic_entropy": 15.932536125183105,
          "acoustic_entropy_side": 17.139915466308594,
          "hz": 567.8308811364784
        },
        {
          "acoustic_entropy": 15.883861541748047,
          "acoustic_entropy_side": 15.422602653503418,
          "hz": 680.1084783214808
        },
        {
          "acoustic_entropy": 17.363805770874023,
          "acoustic_entropy_side": 16.86465072631836,
          "hz": 802.3292461747484
        },
        {
          "acoustic_entropy": 18.22408103942871,
          "acoustic_entropy_side": 16.992982864379883,
          "hz": 935.3737400823702
        },
        {
          "acoustic_entropy": 16.29308319091797,
          "acoustic_entropy_side": 16.468358993530273,
          "hz": 1080.2004963696966
        },
        {
          "acoustic_entropy": 17.34430694580078,
          "acoustic_entropy_side": 16.76310157775879,
          "hz": 1237.8529382007157
        },
        {
          "acoustic_entropy": 16.467077255249023,
          "acoustic_entropy_side": 16.518455505371094,
          "hz": 1409.4668930556702
        },
        {
          "acoustic_entropy": 16.250057220458984,
          "acoustic_entropy_side": 16.58243179321289,
          "hz": 1596.2787759475705
        },
        {
          "acoustic_entropy": 16.265361785888672,
          "acoustic_entropy_side": 15.828353881835938,
          "hz": 1799.6344973346393
        },
        {
          "acoustic_entropy": 16.298080444335938,
          "acoustic_entropy_side": 16.96687889099121,
          "hz": 2020.9991599069049
        },
        {
          "acoustic_entropy": 15.811015129089355,
          "acoustic_entropy_side": 16.31583595275879,
          "hz": 2261.9676141086993
        },
        {
          "acoustic_entropy": 16.373798370361328,
          "acoustic_entropy_side": 16.669212341308594,
          "hz": 2524.2759484456974
        },
        {
          "acoustic_entropy": 16.910781860351562,
          "acoustic_entropy_side": 17.097434997558594,
          "hz": 2809.813997359896
        },
        {
          "acoustic_entropy": 16.870838165283203,
          "acoustic_entropy_side": 16.899324417114258,
