{
  "acoustic_entropy": 129.70489501953125,
  "bands": [
    {
      "high_freq": 148.1999969482422,
      "loudness": -45.079002380371094,
      "loudness_range": 33.11284637451172,
      "mid_mean": -41.76644515991211,
      "mid_to_side_loudness": -34.774986267089844,
      "mid_to_side_loudness_range": 20.388484954833984,
      "side_mean": -67.3268051147461
    },
    {
      "high_freq": 392.3793640136719,
      "loudness": -25.603246688842773,
      "loudness_range": 13.19798469543457,
      "low_freq": 148.1999969482422,
      "mid_mean": -22.012065887451172,
      "mid_to_side_loudness": -37.837432861328125,
      "mid_to_side_loudness_range": 3.636981964111328,
      "side_mean": -60.326499938964844
    },
    {
      "high_freq": 794.6976318359375,
      "loudness": -32.64596939086914,
      "loudness_range": 14.416810989379883,
      "low_freq": 392.3793640136719,
      "mid_mean": -29.38870620727539,
      "mid_to_side_loudness": -37.72148895263672,
      "mid_to_side_loudness_range": 5.566577911376953,
      "side_mean": -64.8410415649414
    },
    {
      "high_freq": 1457.5709228515625,
      "loudness": -38.48656463623047,
      "loudness_range": 26.418699264526367,
      "low_freq": 794.6976318359375,
      "mid_mean": -35.42508316040039,
      "mid_to_side_loudness": -42.48646926879883,
      "mid_to_side_loudness_range": 19.303207397460938,
      "side_mean": -66.85684967041016
    },
    {
      "high_freq": 2549.74365234375,
      "loudness": -39.20467758178711,
      "loudness_range": 16.810205459594727,
      "low_freq": 1457.5709228515625,
      "mid_mean": -35.67913055419922,
      "mid_to_side_loudness": -62.47744369506836,
      "mid_to_side_loudness_range": 34.02925491333008,
      "side_mean": -69.78434753417969
    },
    {
      "high_freq": 4349.24462890625,
      "loudness": -41.95253372192383,
      "loudness_range": 20.793048858642578,
      "low_freq": 2549.74365234375,
      "mid_mean": -38.39411163330078,
      "mid_to_side_loudness": -64.47411346435547,
      "mid_to_side_loudness_range": 34.664405822753906,
      "side_mean": -69.8424072265625
    },
    {
      "high_freq": 7314.1640625,
      "loudness": -44.04337692260742,
      "loudness_range": 25.37095069885254,
      "low_freq": 4349.24462890625,
      "mid_mean": -40.528202056884766,
      "mid_to_side_loudness": -58.682254791259766,
      "mid_to_side_loudness_range": 33.18286895751953,
      "side_mean": -69.77865600585938
    },
    {
      "high_freq": 12199.2666015625,
      "loudness": -46.49092483520508,
      "loudness_range": 21.661590576171875,
      "low_freq": 7314.1640625,
      "mid_mean": -43.199649810791016,
      "mid_to_side_loudness": -51.581539154052734,
      "mid_to_side_loudness_range": 24.18789291381836,
      "side_mean": -69.93702697753906
    },
    {
      "loudness": -54.50852584838867,
      "loudness_range": 23.476276397705078,
      "low_freq": 12199.2666015625,
      "mid_mean": -51.813350677490234,
      "mid_to_side_loudness": 0,
      "mid_to_side_loudness_range": 0,
      "side_mean": -70
    }
  ],
  "bands_short": [
    {
      "high_freq": 148.1999969482422,
      "loudness": -57.74985885620117,
      "loudness_range": 27.84518814086914,
      "mid_mean": -53.704532623291016,
      "mid_to_side_loudness": -34.7602424621582,
      "mid_to_side_loudness_range": 27.17154312133789,
      "side_mean": -69.3493423461914
    },
    {
      "high_freq": 392.3793640136719,
      "loudness": -27.137290954589844,
      "loudness_range": 27.497020721435547,
      "low_freq": 148.1999969482422,
      "mid_mean": -24.95392417907715,
      "mid_to_side_loudness": -37.18164825439453,
      "mid_to_side_loudness_range": 12.022289276123047,
      "side_mean": -62.23515319824219
    },
    {
      "high_freq": 794.6976318359375,
      "loudness": -37.53819274902344,
      "loudness_range": 32.96780776977539,
      "low_freq": 392.3793640136719,
      "mid_mean": -36.5343132019043,
      "mid_to_side_loudness": -38.15980529785156,
      "mid_to_side_loudness_range": 21.894210815429688,
      "side_mean": -66.49110412597656
    },
    {
      "high_freq": 1457.5709228515625,
      "loudness": -43.85722351074219,
      "loudness_range": 35.774375915527344,
      "low_freq": 794.6976318359375,
      "mid_mean": -41.4758415222168,
      "mid_to_side_loudness": -44.979774475097656,
      "mid_to_side_loudness_range": 30.8776798248291,
      "side_mean": -67.93839263916016
    },
    {
      "high_freq": 2549.74365234375,
      "loudness": -43.62470626831055,
      "loudness_range": 28.509937286376953,
      "low_freq": 1457.5709228515625,
      "mid_mean": -40.865325927734375,
      "mid_to_side_loudness": -63.15727233886719,
      "mid_to_side_loudness_range": 37.264122009277344,
      "side_mean": -69.8843994140625
    },
    {
      "high_freq": 4349.24462890625,
      "loudness": -45.67255401611328,
      "loudness_range": 27.178287506103516,
      "low_freq": 2549.74365234375,
      "mid_mean": -43.07855987548828,
      "mid_to_side_loudness": -67.4708251953125,
      "mid_to_side_loudness_range": 35.06736755371094,
      "side_mean": -69.92304992675781
    },
    {
      "high_freq": 7314.1640625,
      "loudness": -50.100826263427734,
      "loudness_range": 35.305419921875,
      "low_freq": 4349.24462890625,
      "mid_mean": -50.23160171508789,
      "mid_to_side_loudness": -66.36687469482422,
      "mid_to_side_loudness_range": 36.218997955322266,
      "side_mean": -69.88704681396484
    },
    {
      "high_freq": 12199.2666015625,
      "loudness": -51.17550277709961,
      "loudness_range": 31.794456481933594,
      "low_freq": 7314.1640625,
      "mid_mean": -51.12570571899414,
      "mid_to_side_loudness": -68.27557373046875,
      "mid_to_side_loudness_range": 35.132362365722656,
      "side_mean": -69.96324920654297
    },
    {
      "loudness": -60.85372543334961,
      "loudness_range": 31.411888122558594,
      "low_freq": 12199.2666015625,
      "mid_mean": -56.450191497802734,
      "mid_to_side_loudness": -79.50889587402344,
      "mid_to_side_loudness_range": 16.716323852539062,
      "side_mean": -70
    }
  ],
  "bandwidth": 495.165283203125,
  "channels": 2,
  "covariance": [
    [
      147.87933349609375,
      30.351091384887695,
      -11.404928207397461,
      12.070911407470703,
      4.052877902984619,
      7.773751258850098,
      17.909700393676758,
      2.5169384479522705,
      23.955604553222656,
      -0.2711334526538849,
      21.429590225219727,
      1.1003971099853516,
      6.647947788238525,
      -0.17842303216457367,
      13.464513778686523,
      -0.19077108800411224,
      26.74839973449707,
      -8.58322053431948e-08
    ],
    [
      30.351091384887695,
      8.444398880004883,
      -1.1030123233795166,
      3.8434793949127197,
      1.4915859699249268,
      1.9450657367706299,
      6.070613384246826,
      1.8061854839324951,
      6.154271602630615,
      0.07295577228069305,
      4.571738243103027,
      0.15371285378932953,
      -0.2404274195432663,
      0.03543364256620407,
      1.7348324060440063,
      -0.05157441645860672,
      5.600241661071777,
      2.186998138142826e-08
    ],
    [
      -11.404928207397461,
      -1.1030123233795166,
      31.161582946777344,
      21.997404098510742,
      17.774471282958984,
      8.9583740234375,
      17.328758239746094,
      5.416182041168213,
      8.557501792907715,
      0.2502923607826233,
      8.628731727600098,
      0.2649782598018646,
      1.782557725906372,
      -0.28934553265571594,
      6.805427074432373,
      -0.007808614522218704,
      4.792506694793701,
      5.282709736320612e-08
    ],
    [
      12.070911407470703,
      3.8434793949127197,
      21.997404098510742,
      31.12563133239746,
      14.77995777130127,
      14.372268676757812,
      23.391822814941406,
      9.062583923339844,
      16.032386779785156,
      0.5327078700065613,
      14.06610107421875,
      0.46232447028160095,
      6.963335037231445,
      0.08371603488922119,
      12.045333862304688,
      0.05943145230412483,
      23.602754592895508,
      1.8166070958614e-07
    ],
    [
      4.052877902984619,
      1.4915859699249268,
      17.774471282958984,
      14.77995777130127,
      42.774532318115234,
      19.900188446044922,
      32.24026870727539,
      9.424654006958008,
      13.76217269897461,
      0.5995043516159058,
      9.755980491638184,
      0.08211217820644379,
      6.327334880828857,
      -0.15720544755458832,
      12.591133117675781,
      -0.16040144860744476,
      10.550392150878906,
      -1.8649657818059495e-07
    ],
    [
      7.773751258850098,
      1.9450657367706299,
      8.9583740234375,
      14.372268676757812,
      19.900188446044922,
      15.207803726196289,
      20.600473403930664,
      7.279715538024902,
      11.586755752563477,
      0.564409613609314,
      7.68812370300293,
      0.1211010068655014,
      4.728777885437012,
      0.05134366452693939,
      7.699700832366943,
      -0.052928272634744644,
      14.085938453674316,
      -4.9862350692819746e-08
    ],
    [
      17.909700393676758,
      6.070613384246826,
      17.328758239746094,
      23.391822814941406,
      32.24026870727539,
      20.600473403930664,
      98.85834503173828,
      36.0212287902832,
      36.82688522338867,
      1.3281654119491577,
      10.093745231628418,
      -0.5503568053245544,
      0.9958857893943787,
      0.3696572184562683,
      9.535037994384766,
      -0.46428894996643066,
      13.06067943572998,
      1.0178901987956124e-07
    ],
    [
      2.5169384479522705,
      1.8061854839324951,
      5.416182041168213,
      9.062583923339844,
      9.424654006958008,
      7.279715538024902,
      36.0212287902832,
      17.363632202148438,
      11.975007057189941,
      0.5627233982086182,
      0.416177362203598,
      -0.3676924705505371,
      -3.5653390884399414,
      0.2600083351135254,
      -0.021903173997998238,
      -0.12183109670877457,
      5.341996669769287,
      7.365497367572971e-08
    ],
    [
      23.955604553222656,
      6.154271602630615,
      8.557501792907715,
      16.032386779785156,
      13.76217269897461,
      11.586755752563477,
      36.82688522338867,
      11.975007057189941,
      41.55440139770508,
      1.4072798490524292,
      27.442386627197266,
      0.5476731657981873,
      14.773907661437988,
      0.3561588525772095,
      12.86666488647461,
      0.01039793249219656,
      15.885747909545898,
      2.2092275742124912e-07
    ],
    [
      -0.2711334526538849,
      0.07295577228069305,
      0.2502923607826233,
      0.5327078700065613,
      0.5995043516159058,
      0.564409613609314,
      1.3281654119491577,
      0.5627233982086182,
      1.4072798490524292,
      0.788342297077179,
      0.3664867877960205,
      -0.0029733290430158377,
      0.8671985864639282,
      0.21673835813999176,
      0.5887747406959534,
      -0.01019888836890459,
      0.6865249276161194,
      -9.909686404796503e-09
    ],
    [
      21.429590225219727,
      4.571738243103027,
      8.628731727600098,
      14.06610107421875,
      9.755980491638184,
      7.68812370300293,
      10.093745231628418,
      0.416177362203598,
      27.442386627197266,
      0.3664867877960205,
      50.607017517089844,
      2.2440247535705566,
      31.211925506591797,
      0.061071548610925674,
      21.00861167907715,
      0.2445869743824005,
      21.964916229248047,
      2.6650928930394e-07
    ],
    [
      1.1003971099853516,
      0.15371285378932953,
      0.2649782598018646,
      0.46232447028160095,
      0.08211217820644379,
      0.1211010068655014,
      -0.5503568053245544,
      -0.3676924705505371,
      0.5476731657981873,
      -0.0029733290430158377,
      2.2440247535705566,
      1.0393191576004028,
      1.193129062652588,
      -0.03342811018228531,
      0.3756459653377533,
      -0.009890557266771793,
      0.5796393752098083,
      -6.985217293475898e-09
    ],
    [
      6.647947788238525,
      -0.2404274195432663,
      1.782557725906372,
      6.963335037231445,
      6.327334880828857,
      4.728777885437012,
      0.9958857893943787,
      -3.5653390884399414,
      14.773907661437988,
      0.8671985864639282,
      31.211925506591797,
      1.193129062652588,
      82.79182434082031,
      3.582711696624756,
      61.158348083496094,
      1.0029727220535278,
      54.85161590576172,
      1.9147026364407793e-07
    ],
    [
      -0.17842303216457367,
      0.03543364256620407,
      -0.28934553265571594,
      0.08371603488922119,
      -0.15720544755458832,
      0.05134366452693939,
      0.3696572184562683,
      0.2600083351135254,
      0.3561588525772095,
      0.21673835813999176,
      0.061071548610925674,
      -0.03342811018228531,
      3.582711696624756,
      1.02651846408844,
      2.8884410858154297,
      0.08423695713281631,
      2.6178810596466064,
      -5.9974012422969736e-09
    ],
    [
      13.464513778686523,
      1.7348324060440063,
      6.805427074432373,
      12.045333862304688,
      12.591133117675781,
      7.699700832366943,
      9.535037994384766,
      -0.021903173997998238,
      12.86666488647461,
      0.5887747406959534,
      21.00861167907715,
      0.3756459653377533,
      61.158348083496094,
      2.8884410858154297,
      65.47003173828125,
      1.1014577150344849,
      55.76980972290039,
      1.7334562585347157e-07
    ],
    [
      -0.19077108800411224,
      -0.05157441645860672,
      -0.007808614522218704,
      0.05943145230412483,
      -0.16040144860744476,
      -0.052928272634744644,
      -0.46428894996643066,
      -0.12183109670877457,
      0.01039793249219656,
      -0.01019888836890459,
      0.2445869743824005,
      -0.009890557266771793,
      1.0029727220535278,
      0.08423695713281631,
      1.1014577150344849,
      0.19027261435985565,
      0.8756725788116455,
      6.418494069571068e-10
    ],
    [
      26.74839973449707,
      5.600241661071777,
      4.792506694793701,
      23.602754592895508,
      10.550392150878906,
      14.085938453674316,
      13.06067943572998,
      5.341996669769287,
      15.885747909545898,
      0.6865249276161194,
      21.964916229248047,
      0.5796393752098083,
      54.85161590576172,
      2.6178810596466064,
      55.76980972290039,
      0.8756725788116455,
      73.46770477294922,
      1.854330946571281e-07
    ],
    [
      -8.58322053431948e-08,
      2.186998138142826e-08,
      5.282709736320612e-08,
      1.8166070958614e-07,
      -1.8649657818059495e-07,
      -4.9862350692819746e-08,
      1.0178901987956124e-07,
      7.365497367572971e-08,
      2.2092275742124912e-07,
      -9.909686404796503e-09,
      2.6650928930394e-07,
      -6.985217293475898e-09,
      1.9147026364407793e-07,
      -5.9974012422969736e-09,
      1.7334562585347157e-07,
      6.418494069571068e-10,
      1.854330946571281e-07,
      3.7264828267428995e-13
    ]
  ],
  "covariance_short": [
    [
      82.96747589111328,
      7.491379261016846,
      18.075429916381836,
      28.877275466918945,
      36.6916618347168,
      11.345529556274414,
      29.941370010375977,
      5.320068359375,
      25.052663803100586,
      0.182444766163826,
      18.900279998779297,
      0.12179822474718094,
      20.355140686035156,
      -0.5061374306678772,
      23.960908889770508,
      -0.21976444125175476,
      11.838805198669434,
      2.295328613399761e-06
    ],
    [
      7.491379261016846,
      2.21989369392395,
      3.4947619438171387,
      3.057020664215088,
      5.285949230194092,
      1.3301854133605957,
      4.988986968994141,
      0.9243595600128174,
      4.25704288482666,
      0.036904383450746536,
      3.137068748474121,
      0.019631175324320793,
      1.2005726099014282,
      -0.03444276377558708,
      2.208782196044922,
      -0.01976442150771618,
      1.1838912963867188,
      1.0809342256834498e-06
    ],
    [
      18.075429916381836,
      3.4947619438171387,
      133.9075927734375,
      65.0133056640625,
      101.52687072753906,
      29.55545997619629,
      65.54142761230469,
      16.081071853637695,
      18.582046508789062,
      0.7945845127105713,
      3.8117284774780273,
      -0.873506486415863,
      -26.525821685791016,
      -1.263586163520813,
      -6.575589179992676,
      -0.5075723528862,
      -19.348901748657227,
      2.100294977935846e-06
    ],
    [
      28.877275466918945,
      3.057020664215088,
      65.0133056640625,
      50.17291259765625,
      69.45111083984375,
      21.73795509338379,
      51.50844955444336,
      11.998881340026855,
      21.552873611450195,
      0.6193667650222778,
      14.733240127563477,
      0.025918183848261833,
      12.389955520629883,
      -0.632719099521637,
      20.545379638671875,
      -0.2222379446029663,
      5.596882343292236,
      2.229681967946817e-06
    ],
    [
      36.6916618347168,
      5.285949230194092,
      101.52687072753906,
      69.45111083984375,
      174.6719512939453,
      50.87081527709961,
      112.67411804199219,
      26.28403091430664,
      48.47889709472656,
      1.512361764907837,
      29.563709259033203,
      -0.8021872043609619,
      -16.49831199645996,
      -2.046391487121582,
      10.197997093200684,
      -0.722466766834259,
      -11.053586959838867,
      3.7691902434744406e-06
    ],
    [
      11.345529556274414,
      1.3301854133605957,
      29.55545997619629,
      21.73795509338379,
      50.87081527709961,
      22.075180053710938,
      36.88201904296875,
      8.921513557434082,
      16.927783966064453,
      0.596316397190094,
      10.62006950378418,
      -0.08272337913513184,
      9.167243003845215,
      -0.32975104451179504,
      14.103035926818848,
      -0.10566981136798859,
      4.020945072174072,
      1.7747506717569195e-06
    ],
    [
      29.941370010375977,
      4.988986968994141,
      65.54142761230469,
      51.50844955444336,
      112.67411804199219,
      36.88201904296875,
      162.0984649658203,
      45.493408203125,
      79.41526794433594,
      1.6343953609466553,
      42.40787887573242,
      -0.7533174753189087,
      7.702490329742432,
      -1.4865108728408813,
      22.212444305419922,
      -0.5180312991142273,
      4.629513263702393,
      4.112404440093087e-06
    ],
    [
      5.320068359375,
      0.9243595600128174,
      16.081071853637695,
      11.998881340026855,
      26.28403091430664,
      8.921513557434082,
      45.493408203125,
      19.006166458129883,
      19.399368286132812,
      0.5421160459518433,
      8.329662322998047,
      -0.15381285548210144,
      5.554016590118408,
      -0.22679303586483002,
      8.161832809448242,
      -0.07541248947381973,
      3.207961320877075,
      1.1791441920649959e-06
    ],
    [
      25.052663803100586,
      4.25704288482666,
      18.582046508789062,
      21.552873611450195,
      48.47889709472656,
      16.927783966064453,
      79.41526794433594,
      19.399368286132812,
      110.3719711303711,
      1.7981027364730835,
      75.54637908935547,
      0.695837676525116,
      47.148067474365234,
      -0.5420895218849182,
      45.36384963989258,
      -0.1486637145280838,
      31.692167282104492,
      2.3550908281322336e-06
    ],
    [
      0.182444766163826,
      0.036904383450746536,
      0.7945845127105713,
      0.6193667650222778,
      1.512361764907837,
      0.596316397190094,
      1.6343953609466553,
      0.5421160459518433,
      1.7981027364730835,
      0.8164185285568237,
      0.7358686327934265,
      0.03836766630411148,
      0.6197124719619751,
      -0.0019068955443799496,
      0.530185341835022,
      -0.004239899106323719,
      0.10860448330640793,
      3.734111686526376e-08
    ],
    [
      18.900279998779297,
      3.137068748474121,
      3.8117284774780273,
      14.733240127563477,
      29.563709259033203,
      10.62006950378418,
      42.40787887573242,
      8.329662322998047,
      75.54637908935547,
      0.7358686327934265,
      109.05760955810547,
      1.788992166519165,
      74.14643096923828,
      0.0397140271961689,
      63.77320861816406,
      0.03218424692749977,
      48.97074890136719,
      1.752708044477913e-06
    ],
    [
      0.12179822474718094,
      0.019631175324320793,
      -0.873506486415863,
      0.025918183848261833,
      -0.8021872043609619,
      -0.08272337913513184,
      -0.7533174753189087,
      -0.15381285548210144,
      0.695837676525116,
      0.03836766630411148,
      1.788992166519165,
      0.732824444770813,
      1.2618746757507324,
      -0.007701083552092314,
      0.7850212454795837,
      -0.002826708136126399,
      0.7004808187484741,
      -2.964576495401161e-08
    ],
    [
      20.355140686035156,
      1.2005726099014282,
      -26.525821685791016,
      12.389955520629883,
      -16.49831199645996,
      9.167243003845215,
      7.702490329742432,
      5.554016590118408,
      47.148067474365234,
      0.6197124719619751,
      74.14643096923828,
      1.2618746757507324,
      162.02987670898438,
      3.132230043411255,
      133.0901641845703,
      0.9892542362213135,
      102.41606903076172,
      1.4296651897893753e-06
    ],
    [
      -0.5061374306678772,
      -0.03444276377558708,
      -1.263586163520813,
      -0.632719099521637,
      -2.046391487121582,
      -0.32975104451179504,
      -1.4865108728408813,
      -0.22679303586483002,
      -0.5420895218849182,
      -0.0019068955443799496,
      0.0397140271961689,
      -0.007701083552092314,
      3.132230043411255,
      0.9371317028999329,
      2.6496803760528564,
      0.09401210397481918,
      2.2805161476135254,
      -2.2434218038824838e-08
    ],
    [
      23.960908889770508,
      2.208782196044922,
      -6.575589179992676,
      20.545379638671875,
      10.197997093200684,
      14.103035926818848,
      22.212444305419922,
      8.161832809448242,
      45.36384963989258,
      0.530185341835022,
      63.77320861816406,
      0.7850212454795837,
      133.0901641845703,
      2.6496803760528564,
      135.96609497070312,
      1.0168019533157349,
      101.63813018798828,
      2.751850388449384e-06
    ],
    [
      -0.21976444125175476,
      -0.01976442150771618,
      -0.5075723528862,
      -0.2222379446029663,
      -0.722466766834259,
      -0.10566981136798859,
      -0.5180312991142273,
      -0.07541248947381973,
      -0.1486637145280838,
      -0.004239899106323719,
      0.03218424692749977,
      -0.002826708136126399,
      0.9892542362213135,
      0.09401210397481918,
      1.0168019533157349,
      0.23555722832679749,
      0.8255802989006042,
      6.45470592530728e-08
    ],
    [
      11.838805198669434,
      1.1838912963867188,
      -19.348901748657227,
      5.596882343292236,
      -11.053586959838867,
      4.020945072174072,
      4.629513263702393,
      3.207961320877075,
      31.692167282104492,
      0.10860448330640793,
      48.97074890136719,
      0.7004808187484741,
      102.41606903076172,
      2.2805161476135254,
      101.63813018798828,
      0.8255802989006042,
      87.22628021240234,
      1.575359874550486e-06
    ],
    [
      2.295328613399761e-06,
      1.0809342256834498e-06,
      2.100294977935846e-06,
      2.229681967946817e-06,
      3.7691902434744406e-06,
      1.7747506717569195e-06,
      4.112404440093087e-06,
      1.1791441920649959e-06,
      2.3550908281322336e-06,
      3.734111686526376e-08,
      1.752708044477913e-06,
      -2.964576495401161e-08,
      1.4296651897893753e-06,
      -2.2434218038824838e-08,
      2.751850388449384e-06,
      6.45470592530728e-08,
      1.575359874550486e-06,
      6.747525715250502e-12
    ]
  ],
  "damage": -11.943930625915527,
  "diff_bandwidth": 501.53460693359375,
  "dissonance": 8.34453504171665,
  "drr": 3.744926929473877,
  "dynamics": 4.007569313049316,
  "format": 1245190,
  "frames": 3442688,
  "loudness": -19.18880844116211,
  "loudness_range": 9.297869682312012,
  "loudness_range_short": 22.413423538208008,
  "lowpass_true_peak_15khz": -4.3484368324279785,
  "mastering3_acoustic_entropies": [
    {
      "acoustic_entropy": 10.276978492736816,
      "acoustic_entropy_mono": 10.277008056640625,
      "band_eliminated_acoustic_entropies": [
        {
          "acoustic_entropy": 10.301468849182129,
          "acoustic_entropy_side": 10.276978492736816,
          "hz": 129.47220167065723
        },
        {
          "acoustic_entropy": 10.396761894226074,
          "acoustic_entropy_side": 10.276976585388184,
          "hz": 202.92927478742237
        },
        {
          "acoustic_entropy": 10.764541625976562,
          "acoustic_entropy_side": 10.276970863342285,
          "hz": 282.89161906338205
        },
        {
          "acoustic_entropy": 9.736062049865723,
          "acoustic_entropy_side": 10.276998519897461,
          "hz": 369.9353335868758
        },
        {
          "acoustic_entropy": 9.971567153930664,
          "acoustic_entropy_side": 10.276998519897461,
          "hz": 464.6875360973435
        },
        {
          "acoustic_entropy": 9.980866432189941,
          "acoustic_entropy_side": 10.276975631713867,
          "hz": 567.8308811364784
        },
        {
          "acoustic_entropy": 10.266264915466309,
          "acoustic_entropy_side": 10.276975631713867,
          "hz": 680.1084783214808
        },
        {
          "acoustic_entropy": 10.154813766479492,
          "acoustic_entropy_side": 10.276976585388184,
          "hz": 802.3292461747484
        },
        {
          "acoustic_entropy": 10.624165534973145,
          "acoustic_entropy_side": 10.276981353759766,
          "hz": 935.3737400823702
        },
        {
          "acoustic_entropy": 10.214356422424316,
          "acoustic_entropy_side": 10.276976585388184,
          "hz": 1080.2004963696966
        },
        {
          "acoustic_entropy": 10.175485610961914,
          "acoustic_entropy_side": 10.276976585388184,
          "hz": 1237.8529382007157
        },
        {
          "acoustic_entropy": 10.270143508911133,
          "acoustic_entropy_side": 10.276976585388184,
          "hz": 1409.4668930556702
        },
        {
          "acoustic_entropy": 10.501314163208008,
          "acoustic_entropy_side": 10.276978492736816,
          "hz": 1596.2787759475705
        },
        {
          "acoustic_entropy": 10.532007217407227,
          "acoustic_entropy_side": 10.276978492736816,
          "hz": 1799.6344973346393
        },
        {
          "acoustic_entropy": 10.200509071350098,
          "acoustic_entropy_side": 10.276978492736816,
          "hz": 2020.9991599069049
        },
        {
          "acoustic_entropy": 10.346918106079102,
          "acoustic_entropy_side": 10.276978492736816,
          "hz": 2261.9676141086993
        },
        {
          "acoustic_entropy": 10.448270797729492,
          "acoustic_entropy_side": 10.276978492736816,
          "hz": 2524.2759484456974
        },
        {
          "acoustic_entropy": 10.267443656921387,
          "acoustic_entropy_side": 10.276978492736816,
          "hz": 2809.813997359896
        },
        {
          "acoustic_entropy": 10.501265525817871,
          "acoustic_entropy_side": 10.276978492736816,
          "hz": 3120.6389567871424
        },
        {
          "acoustic_entropy": 10.551121711730957,
          "acoustic_entropy_side": 10.276978492736816,
          "hz": 3458.990205492291
        },
        {
          "acoustic_entropy": 10.330578804016113,
          "acoustic_entropy_side": 10.276979446411133,
          "hz": 3827.305438964164
        },
        {
          "acoustic_entropy": 10.160595893859863,
          "acoustic_entropy_side": 10.2769775390625,
          "hz": 4228.238232109126
        },
        {
          "acoustic_entropy": 10.255685806274414,
          "acoustic_entropy_side": 10.276978492736816,
          "hz": 4664.6771572759235
        },
        {
          "acoustic_entropy": 10.211701393127441,
          "acoustic_entropy_side": 10.276978492736816,
          "hz": 5139.766595350093
        },
        {
          "acoustic_entropy": 10.226264953613281,
          "acoustic_entropy_side": 10.276978492736816,
          "hz": 5656.929389854203
        },
        {
          "acoustic_entropy": 10.182539939880371,
          "acoustic_entropy_side": 10.276978492736816,
          "hz": 6219.891507268283
        },
        {
          "acoustic_entropy": 9.970955848693848,
          "acoustic_entropy_side": 10.276976585388184,
          "hz": 6832.70888123896
        },
        {
          "acoustic_entropy": 10.227213859558105,
          "acoustic_entropy_side": 10.276978492736816,
          "hz": 7499.796634079867
        },
        {
          "acoustic_entropy": 10.24356460571289,
          "acoustic_entropy_side": 10.276978492736816,
          "hz": 8225.96088609342
        },
        {
          "acoustic_entropy": 10.256891250610352,
          "acoustic_entropy_side": 10.276978492736816,
          "hz": 9016.43338188839
        },
        {
          "acoustic_entropy": 10.24660587310791,
          "acoustic_entropy_side": 10.276978492736816,
          "hz": 9876.909183162974
        },
        {
          "acoustic_entropy": 10.244026184082031,
          "acoustic_entropy_side": 10.276978492736816,
          "hz": 10813.587699516042
        },
        {
          "acoustic_entropy": 10.294900894165039,
          "acoustic_entropy_side": 10.276978492736816,
          "hz": 11833.21735289826
        },
        {
          "acoustic_entropy": 10.274986267089844,
          "acoustic_entropy_side": 10.276978492736816,
          "hz": 12943.144197493959
        },
        {
          "acoustic_entropy": 10.256012916564941,
          "acoustic_entropy_side": 10.276978492736816,
          "hz": 14151.364845322005
        },
        {
          "acoustic_entropy": 10.26220417022705,
          "acoustic_entropy_side": 10.276978492736816,
          "hz": 15466.58407886509
        },
        {
          "acoustic_entropy": 10.275439262390137,
          "acoustic_entropy_side": 10.276978492736816,
          "hz": 16898.27756580493
        },
        {
          "acoustic_entropy": 10.276960372924805,
          "acoustic_entropy_side": 10.276978492736816,
          "hz": 18456.760127700032
        },
        {
          "acoustic_entropy": 10.276978492736816,
          "acoustic_entropy_side": 10.276978492736816,
          "hz": 20153.260054456492
        },
        {
          "acoustic_entropy": 10.276978492736816,
          "acoustic_entropy_side": 10.276978492736816,
          "hz": 22000.00000000001
        }
      ],
      "diff_acoustic_entropy": 14.053873062133789,
      "sn": 6
    },
    {
      "acoustic_entropy": 13.70327377319336,
      "acoustic_entropy_mono": 13.7031831741333,
      "band_eliminated_acoustic_entropies": [
        {
          "acoustic_entropy": 13.748849868774414,
          "acoustic_entropy_side": 13.70327377319336,
          "hz": 129.47220167065723
        },
        {
          "acoustic_entropy": 13.63109302520752,
          "acoustic_entropy_side": 13.703256607055664,
          "hz": 202.92927478742237
        },
        {
          "acoustic_entropy": 14.837854385375977,
          "acoustic_entropy_side": 13.703200340270996,
          "hz": 282.89161906338205
        },
        {
          "acoustic_entropy": 13.063769340515137,
          "acoustic_entropy_side": 13.70324420928955,
          "hz": 369.9353335868758
        },
        {
          "acoustic_entropy": 13.598828315734863,
          "acoustic_entropy_side": 13.703458786010742,
          "hz": 464.6875360973435
        },
        {
          "acoustic_entropy": 13.890358924865723,
          "acoustic_entropy_side": 13.70326042175293,
          "hz": 567.8308811364784
        },
        {
          "acoustic_entropy": 13.731462478637695,
          "acoustic_entropy_side": 13.703251838684082,
          "hz": 680.1084783214808
        },
        {
          "acoustic_entropy": 13.6934175491333,
          "acoustic_entropy_side": 13.703255653381348,
          "hz": 802.3292461747484
        },
        {
          "acoustic_entropy": 13.88223648071289,
          "acoustic_entropy_side": 13.70318603515625,
          "hz": 935.3737400823702
        },
        {
          "acoustic_entropy": 13.892264366149902,
          "acoustic_entropy_side": 13.703304290771484,
          "hz": 1080.2004963696966
        },
        {
          "acoustic_entropy": 13.861104011535645,
          "acoustic_entropy_side": 13.70328426361084,
          "hz": 1237.8529382007157
        },
        {
          "acoustic_entropy": 14.071054458618164,
          "acoustic_entropy_side": 13.70328426361084,
          "hz": 1409.4668930556702
        },
        {
          "acoustic_entropy": 14.034843444824219,
          "acoustic_entropy_side": 13.703275680541992,
          "hz": 1596.2787759475705
        },
        {
          "acoustic_entropy": 14.120319366455078,
          "acoustic_entropy_side": 13.70327377319336,
          "hz": 1799.6344973346393
        },
        {
          "acoustic_entropy": 13.871602058410645,
          "acoustic_entropy_side": 13.70327377319336,
          "hz": 2020.9991599069049
        },
        {
          "acoustic_entropy": 14.407833099365234,
          "acoustic_entropy_side": 13.70327377319336,
          "hz": 2261.9676141086993
        },
        {
          "acoustic_entropy": 14.254794120788574,
          "acoustic_entropy_side": 13.703272819519043,
          "hz": 2524.2759484456974
        },
        {
          "acoustic_entropy": 13.87887954711914,
          "acoustic_entropy_side": 13.70327377319336,
          "hz": 2809.813997359896
        },
        {
          "acoustic_entropy": 14.272016525268555,
          "acoustic_entropy_side": 13.70327377319336,
          "hz": 3120.6389567871424
        },
        {
          "acoustic_entropy": 13.696986198425293,
          "acoustic_entropy_side": 13.70327377319336,
          "hz": 3458.990205492291
        },
        {
          "acoustic_entropy": 13.943987846374512,
          "acoustic_entropy_side": 13.703272819519043,
          "hz": 3827.305438964164
        },
        {
          "acoustic_entropy": 13.803607940673828,
          "acoustic_entropy_side": 13.703272819519043,
          "hz": 4228.238232109126
        },
        {
          "acoustic_entropy": 13.906466484069824,
          "acoustic_entropy_side": 13.70327377319336,
          "hz": 4664.6771572759235
        },
        {
          "acoustic_entropy": 13.9025239944458,
          "acoustic_entropy_side": 13.70327377319336,
          "hz": 5139.766595350093
        },
        {
          "acoustic_entropy": 13.890018463134766,
          "acoustic_entropy_side": 13.703272819519043,
          "hz": 5656.929389854203
        },
        {
          "acoustic_entropy": 13.69200325012207,
          "acoustic_entropy_side": 13.703271865844727,
          "hz": 6219.891507268283
        },
        {
          "acoustic_entropy": 13.384065628051758,
          "acoustic_entropy_side": 13.703275680541992,
          "hz": 6832.70888123896
        },
        {
          "acoustic_entropy": 13.670255661010742,
          "acoustic_entropy_side": 13.703272819519043,
          "hz": 7499.796634079867
        },
        {
          "acoustic_entropy": 13.701175689697266,
          "acoustic_entropy_side": 13.703271865844727,
          "hz": 8225.96088609342
        },
        {
          "acoustic_entropy": 13.729779243469238,
          "acoustic_entropy_side": 13.70327377319336,
          "hz": 9016.43338188839
        },
        {
          "acoustic_entropy": 13.697181701660156,
          "acoustic_entropy_side": 13.70327377319336,
          "hz": 9876.909183162974
        },
        {
          "acoustic_entropy": 13.681979179382324,
          "acoustic_entropy_side": 13.70327377319336,
          "hz": 10813.587699516042
        },
        {
          "acoustic_entropy": 13.619455337524414,
          "acoustic_entropy_side": 13.70327377319336,
          "hz": 11833.21735289826
        },
        {
          "acoustic_entropy": 13.641763687133789,
          "acoustic_entropy_side": 13.70327377319336,
          "hz": 12943.144197493959
        },
        {
          "acoustic_entropy": 13.669380187988281,
          "acoustic_entropy_side": 13.70327377319336,
          "hz": 14151.364845322005
        },
        {
          "acoustic_entropy": 13.673624038696289,
          "acoustic_entropy_side": 13.70327377319336,
          "hz": 15466.58407886509
        },
        {
          "acoustic_entropy": 13.704373359680176,
          "acoustic_entropy_side": 13.70327377319336,
          "hz": 16898.27756580493
        },
        {
          "acoustic_entropy": 13.70474624633789,
          "acoustic_entropy_side": 13.70327377319336,
          "hz": 18456.760127700032
        },
        {
          "acoustic_entropy": 13.70327377319336,
          "acoustic_entropy_side": 13.70327377319336,
          "hz": 20153.260054456492
        },
        {
          "acoustic_entropy": 13.70327377319336,
          "acoustic_entropy_side": 13.70327377319336,
          "hz": 22000.00000000001
        }
      ],
      "diff_acoustic_entropy": 17.35654067993164,
      "sn": 12
    },
    {
      "acoustic_entropy": 17.998741149902344,
      "acoustic_entropy_mono": 18.03783416748047,
      "band_eliminated_acoustic_entropies": [
        {
          "acoustic_entropy": 18.15746307373047,
          "acoustic_entropy_side": 17.99875831604004,
          "hz": 129.47220167065723
        },
        {
          "acoustic_entropy": 18.257659912109375,
          "acoustic_entropy_side": 17.999794006347656,
          "hz": 202.92927478742237
        },
        {
          "acoustic_entropy": 18.668922424316406,
          "acoustic_entropy_side": 18.03708267211914,
          "hz": 282.89161906338205
        },
        {
          "acoustic_entropy": 17.5014591217041,
          "acoustic_entropy_side": 18.021469116210938,
          "hz": 369.9353335868758
        },
        {
          "acoustic_entropy": 18.336206436157227,
          "acoustic_entropy_side": 17.989137649536133,
          "hz": 464.6875360973435
        },
        {
          "acoustic_entropy": 18.311901092529297,
          "acoustic_entropy_side": 18.00016975402832,
          "hz": 567.8308811364784
        },
        {
          "acoustic_entropy": 18.277416229248047,
          "acoustic_entropy_side": 17.999330520629883,
          "hz": 680.1084783214808
        },
        {
          "acoustic_entropy": 17.912580490112305,
          "acoustic_entropy_side": 17.999290466308594,
          "hz": 802.3292461747484
        },
        {
          "acoustic_entropy": 17.679786682128906,
          "acoustic_entropy_side": 18.002090454101562,
          "hz": 935.3737400823702
        },
        {
          "acoustic_entropy": 18.085603713989258,
          "acoustic_entropy_side": 17.995384216308594,
          "hz": 1080.2004963696966
        },
        {
          "acoustic_entropy": 18.21337127685547,
          "acoustic_entropy_side": 17.997041702270508,
          "hz": 1237.8529382007157
        },
        {
          "acoustic_entropy": 18.195629119873047,
          "acoustic_entropy_side": 17.9984188079834,
          "hz": 1409.4668930556702
        },
        {
          "acoustic_entropy": 18.158050537109375,
          "acoustic_entropy_side": 17.998695373535156,
          "hz": 1596.2787759475705
        },
        {
          "acoustic_entropy": 18.293317794799805,
          "acoustic_entropy_side": 17.998756408691406,
          "hz": 1799.6344973346393
        },
        {
          "acoustic_entropy": 18.26279067993164,
          "acoustic_entropy_side": 17.99874496459961,
          "hz": 2020.9991599069049
        },
