{
  "acoustic_entropy": 107.15848541259766,
  "bands": [
    {
      "high_freq": 148.1999969482422,
      "loudness": -30.329397201538086,
      "loudness_range": 16.91504669189453,
      "mid_mean": -26.633668899536133,
      "mid_to_side_loudness": -76.78485107421875,
      "mid_to_side_loudness_range": 14.7508544921875,
      "side_mean": -69.99987030029297
    },
    {
      "high_freq": 392.3793640136719,
      "loudness": -34.14659118652344,
      "loudness_range": 14.24519157409668,
      "low_freq": 148.1999969482422,
      "mid_mean": -30.461450576782227,
      "mid_to_side_loudness": -38.494266510009766,
      "mid_to_side_loudness_range": 57.7152099609375,
      "side_mean": -69.99998474121094
    },
    {
      "high_freq": 794.6976318359375,
      "loudness": -36.564029693603516,
      "loudness_range": 24.564590454101562,
      "low_freq": 392.3793640136719,
      "mid_mean": -32.86387252807617,
      "mid_to_side_loudness": -39.07304000854492,
      "mid_to_side_loudness_range": 64.16845703125,
      "side_mean": -69.99995422363281
    },
    {
      "high_freq": 1457.5709228515625,
      "loudness": -44.90303421020508,
      "loudness_range": 28.641433715820312,
      "low_freq": 794.6976318359375,
      "mid_mean": -41.35330581665039,
      "mid_to_side_loudness": -19.090879440307617,
      "mid_to_side_loudness_range": 35.37300491333008,
      "side_mean": -69.99999237060547
    },
    {
      "high_freq": 2549.74365234375,
      "loudness": -50.350746154785156,
      "loudness_range": 27.987594604492188,
      "low_freq": 1457.5709228515625,
      "mid_mean": -46.5490608215332,
      "mid_to_side_loudness": -17.15497398376465,
      "mid_to_side_loudness_range": 32.91036605834961,
      "side_mean": -69.99998474121094
    },
    {
      "high_freq": 4349.24462890625,
      "loudness": -54.63084411621094,
      "loudness_range": 20.329662322998047,
      "low_freq": 2549.74365234375,
      "mid_mean": -50.90923309326172,
      "mid_to_side_loudness": -22.84782600402832,
      "mid_to_side_loudness_range": 41.692989349365234,
      "side_mean": -69.9999771118164
    },
    {
      "high_freq": 7314.1640625,
      "loudness": -54.37349319458008,
      "loudness_range": 18.666893005371094,
      "low_freq": 4349.24462890625,
      "mid_mean": -50.65629577636719,
      "mid_to_side_loudness": -22.593080520629883,
      "mid_to_side_loudness_range": 39.78622055053711,
      "side_mean": -69.99993896484375
    },
    {
      "high_freq": 12199.2666015625,
      "loudness": -52.576805114746094,
      "loudness_range": 18.924457550048828,
      "low_freq": 7314.1640625,
      "mid_mean": -48.7993278503418,
      "mid_to_side_loudness": -23.579715728759766,
      "mid_to_side_loudness_range": 40.601661682128906,
      "side_mean": -69.99987030029297
    },
    {
      "loudness": -55.36130142211914,
      "loudness_range": 16.338111877441406,
      "low_freq": 12199.2666015625,
      "mid_mean": -51.63558578491211,
      "mid_to_side_loudness": -25.99812126159668,
      "mid_to_side_loudness_range": 41.6253547668457,
      "side_mean": -69.99994659423828
    }
  ],
  "bands_short": [
    {
      "high_freq": 148.1999969482422,
      "loudness": -33.92411804199219,
      "loudness_range": 26.861021041870117,
      "mid_mean": -30.27164077758789,
      "mid_to_side_loudness": -73.10172271728516,
      "mid_to_side_loudness_range": 20.180355072021484,
      "side_mean": -69.9998779296875
    },
    {
      "high_freq": 392.3793640136719,
      "loudness": -34.620731353759766,
      "loudness_range": 17.381813049316406,
      "low_freq": 148.1999969482422,
      "mid_mean": -30.943994522094727,
      "mid_to_side_loudness": -61.70278549194336,
      "mid_to_side_loudness_range": 47.61042785644531,
      "side_mean": -69.9999771118164
    },
    {
      "high_freq": 794.6976318359375,
      "loudness": -40.178070068359375,
      "loudness_range": 28.915857315063477,
      "low_freq": 392.3793640136719,
      "mid_mean": -36.51519775390625,
      "mid_to_side_loudness": -46.17058181762695,
      "mid_to_side_loudness_range": 59.81501007080078,
      "side_mean": -69.99995422363281
    },
    {
      "high_freq": 1457.5709228515625,
      "loudness": -46.922637939453125,
      "loudness_range": 34.38838577270508,
      "low_freq": 794.6976318359375,
      "mid_mean": -43.47681427001953,
      "mid_to_side_loudness": -21.1037654876709,
      "mid_to_side_loudness_range": 54.820804595947266,
      "side_mean": -69.99999237060547
    },
    {
      "high_freq": 2549.74365234375,
      "loudness": -53.46601486206055,
      "loudness_range": 29.66645050048828,
      "low_freq": 1457.5709228515625,
      "mid_mean": -49.59528350830078,
      "mid_to_side_loudness": -10.979964256286621,
      "mid_to_side_loudness_range": 27.498428344726562,
      "side_mean": -69.99998474121094
    },
    {
      "high_freq": 4349.24462890625,
      "loudness": -56.90636444091797,
      "loudness_range": 22.471412658691406,
      "low_freq": 2549.74365234375,
      "mid_mean": -53.086448669433594,
      "mid_to_side_loudness": -8.77367115020752,
      "mid_to_side_loudness_range": 24.436429977416992,
      "side_mean": -69.9999771118164
    },
    {
      "high_freq": 7314.1640625,
      "loudness": -57.423770904541016,
      "loudness_range": 21.96027374267578,
      "low_freq": 4349.24462890625,
      "mid_mean": -53.57712173461914,
      "mid_to_side_loudness": -7.293968200683594,
      "mid_to_side_loudness_range": 19.470260620117188,
      "side_mean": -69.99994659423828
    },
    {
      "high_freq": 12199.2666015625,
      "loudness": -56.408084869384766,
      "loudness_range": 22.190670013427734,
      "low_freq": 7314.1640625,
      "mid_mean": -52.61647415161133,
      "mid_to_side_loudness": -8.63980770111084,
      "mid_to_side_loudness_range": 22.077695846557617,
      "side_mean": -69.9998779296875
    },
    {
      "loudness": -59.9942512512207,
      "loudness_range": 20.962448120117188,
      "low_freq": 12199.2666015625,
      "mid_mean": -56.01809310913086,
      "mid_to_side_loudness": -15.95301628112793,
      "mid_to_side_loudness_range": 25.84633445739746,
      "side_mean": -69.99994659423828
    }
  ],
  "bandwidth": 335.9472961425781,
  "channels": 2,
  "covariance": [
    [
      37.59286880493164,
      0.0008035674691200256,
      10.511198997497559,
      8.461144898319617e-05,
      -5.13685417175293,
      -0.00013024637883063406,
      -10.524758338928223,
      -7.69859161664499e-06,
      -10.120828628540039,
      2.0886431229882874e-05,
      -5.779940605163574,
      6.912605749676004e-05,
      -3.892115831375122,
      0.00018616572197061032,
      -3.6031479835510254,
      0.0004853817808907479,
      1.7066304683685303,
      0.00021615700097754598
    ],
    [
      0.0008035674691200256,
      1.083775259758113e-06,
      0.00019917276222258806,
      5.288319826490806e-08,
      -0.00104164844378829,
      -2.6271333997129886e-09,
      -0.001175653305836022,
      -7.62718777025384e-10,
      -0.0010990062728524208,
      -2.059625137107446e-09,
      -0.0006581898778676987,
      -3.3882150418662604e-09,
      -0.00048051317571662366,
      -7.729960671554181e-09,
      -0.0004235002270434052,
      -1.6920223444572002e-08,
      -2.2429194359574467e-05,
      -6.8139014430812495e-09
    ],
    [
      10.511198997497559,
      0.00019917276222258806,
      28.26209259033203,
      3.76711759599857e-05,
      8.890674591064453,
      -8.412687748204917e-05,
      11.921630859375,
      1.1542359061422758e-05,
      11.308143615722656,
      1.1382358025002759e-05,
      7.107628345489502,
      7.907422696007416e-05,
      5.4434814453125,
      0.0002089012850774452,
      5.277263641357422,
      0.0005292502464726567,
      2.9783267974853516,
      0.00023175588285084814
    ],
    [
      8.461144898319617e-05,
      5.288319826490806e-08,
      3.76711759599857e-05,
      1.4863590358515921e-08,
      -0.0001221819402417168,
      2.9044300298153303e-10,
      -0.00011096002708654851,
      1.5107533279934415e-10,
      -8.686889486853033e-05,
      3.1265121047674427e-10,
      -3.801930506597273e-05,
      7.550790548371822e-10,
      -1.3992433196108323e-05,
      1.2323818632253847e-09,
      -1.5151748584685265e-06,
      1.7836018217920468e-09,
      3.080128590227105e-05,
      4.196904768161147e-10
    ],
    [
      -5.13685417175293,
      -0.00104164844378829,
      8.890674591064453,
      -0.0001221819402417168,
      71.54907989501953,
      0.0005328188999556005,
      51.19146728515625,
      6.617817689402727e-06,
      51.909366607666016,
      3.657315392047167e-05,
      27.47406578063965,
      6.923133332747966e-05,
      17.335145950317383,
      0.0001746336929500103,
      14.617830276489258,
      0.0004450897395145148,
      3.519310474395752,
      0.00019620762031991035
    ],
    [
      -0.00013024637883063406,
      -2.6271333997129886e-09,
      -8.412687748204917e-05,
      2.9044300298153303e-10,
      0.0005328188999556005,
      1.8345718899581698e-07,
      0.0002888243179768324,
      3.093042710844429e-09,
      0.0004693855589721352,
      3.875737064618079e-09,
      0.00028859692974947393,
      8.265140571950269e-09,
      0.00014704566274303943,
      1.43567042698578e-08,
      8.738011820241809e-05,
      2.1847071707270516e-08,
      2.5223174816346727e-05,
      6.7300458539421015e-09
    ],
    [
      -10.524758338928223,
      -0.001175653305836022,
      11.921630859375,
      -0.00011096002708654851,
      51.19146728515625,
      0.0002888243179768324,
      93.79084777832031,
      7.162144902395085e-05,
      70.63798522949219,
      8.167709165718406e-05,
      42.06452941894531,
      7.514148455811664e-05,
      29.266386032104492,
      0.00018304027616977692,
      26.055660247802734,
      0.0004381209146231413,
      10.114134788513184,
      0.00018747916328720748
    ],
    [
      -7.69859161664499e-06,
      -7.62718777025384e-10,
      1.1542359061422758e-05,
      1.5107533279934415e-10,
      6.617817689402727e-06,
      3.093042710844429e-09,
      7.162144902395085e-05,
      5.186071128093772e-09,
      3.1341252906713635e-05,
      8.33145108458666e-09,
      -1.1461403119028546e-05,
      1.9371096726672477e-08,
      -2.6325111321057193e-05,
      4.258737007489799e-08,
      2.7392618449084694e-06,
      9.011721857632438e-08,
      -3.4333246730966493e-05,
      3.5627817140948537e-08
    ],
    [
      -10.120828628540039,
      -0.0010990062728524208,
      11.308143615722656,
      -8.686889486853033e-05,
      51.909366607666016,
      0.0004693855589721352,
      70.63798522949219,
      3.1341252906713635e-05,
      82.6375961303711,
      0.00012162757775513455,
      47.613346099853516,
      6.290993769653141e-05,
      35.445186614990234,
      0.0001518437929917127,
      31.793821334838867,
      0.00036018405808135867,
      13.01102066040039,
      0.00015349294699262828
    ],
    [
      2.0886431229882874e-05,
      -2.059625137107446e-09,
      1.1382358025002759e-05,
      3.1265121047674427e-10,
      3.657315392047167e-05,
      3.875737064618079e-09,
      8.167709165718406e-05,
      8.33145108458666e-09,
      0.00012162757775513455,
      7.314936567581753e-08,
      -4.445865852176212e-05,
      1.4951183402445167e-07,
      -5.4461066611111164e-05,
      3.6612979670280765e-07,
      2.415176095382776e-05,
      8.592886615588213e-07,
      -3.2678490242687985e-05,
      3.629505727076321e-07
    ],
    [
      -5.779940605163574,
      -0.0006581898778676987,
      7.107628345489502,
      -3.801930506597273e-05,
      27.47406578063965,
      0.00028859692974947393,
      42.06452941894531,
      -1.1461403119028546e-05,
      47.613346099853516,
      -4.445865852176212e-05,
      43.45688247680664,
      -0.00019881590560544282,
      37.28754806518555,
      -0.0003888701612595469,
      33.70204162597656,
      -0.000705517886672169,
      20.535066604614258,
      -0.00023926893481984735
    ],
    [
      6.912605749676004e-05,
      -3.3882150418662604e-09,
      7.907422696007416e-05,
      7.550790548371822e-10,
      6.923133332747966e-05,
      8.265140571950269e-09,
      7.514148455811664e-05,
      1.9371096726672477e-08,
      6.290993769653141e-05,
      1.4951183402445167e-07,
      -0.00019881590560544282,
      3.6825525739914156e-07,
      -0.00019425680511631072,
      9.068443205251242e-07,
      -2.1457006369018927e-05,
      2.136499233529321e-06,
      -0.0001258841948583722,
      9.049561526808247e-07
    ],
    [
      -3.892115831375122,
      -0.00048051317571662366,
      5.4434814453125,
      -1.3992433196108323e-05,
      17.335145950317383,
      0.00014704566274303943,
      29.266386032104492,
      -2.6325111321057193e-05,
      35.445186614990234,
      -5.4461066611111164e-05,
      37.28754806518555,
      -0.00019425680511631072,
      38.7191276550293,
      -0.0003676973865367472,
      36.99436950683594,
      -0.0006358830723911524,
      26.167842864990234,
      -0.0002055328368442133
    ],
    [
      0.00018616572197061032,
      -7.729960671554181e-09,
      0.0002089012850774452,
      1.2323818632253847e-09,
      0.0001746336929500103,
      1.43567042698578e-08,
      0.00018304027616977692,
      4.258737007489799e-08,
      0.0001518437929917127,
      3.6612979670280765e-07,
      -0.0003888701612595469,
      9.068443205251242e-07,
      -0.0003676973865367472,
      2.257585492770886e-06,
      -4.9242269597016275e-05,
      5.3672965805162676e-06,
      -0.00018951977835968137,
      2.2857113890495384e-06
    ],
    [
      -3.6031479835510254,
      -0.0004235002270434052,
      5.277263641357422,
      -1.5151748584685265e-06,
      14.617830276489258,
      8.738011820241809e-05,
      26.055660247802734,
      2.7392618449084694e-06,
      31.793821334838867,
      2.415176095382776e-05,
      33.70204162597656,
      -2.1457006369018927e-05,
      36.99436950683594,
      -4.9242269597016275e-05,
      39.10109329223633,
      -0.00010460244084242731,
      27.42447280883789,
      -4.2092720832442865e-05
    ],
    [
      0.0004853817808907479,
      -1.6920223444572002e-08,
      0.0005292502464726567,
      1.7836018217920468e-09,
      0.0004450897395145148,
      2.1847071707270516e-08,
      0.0004381209146231413,
      9.011721857632438e-08,
      0.00036018405808135867,
      8.592886615588213e-07,
      -0.000705517886672169,
      2.136499233529321e-06,
      -0.0006358830723911524,
      5.3672965805162676e-06,
      -0.00010460244084242731,
      1.2869212696386967e-05,
      -0.00019525212701410055,
      5.503815373231191e-06
    ],
    [
      1.7066304683685303,
      -2.2429194359574467e-05,
      2.9783267974853516,
      3.080128590227105e-05,
      3.519310474395752,
      2.5223174816346727e-05,
      10.114134788513184,
      -3.4333246730966493e-05,
      13.01102066040039,
      -3.2678490242687985e-05,
      20.535066604614258,
      -0.0001258841948583722,
      26.167842864990234,
      -0.00018951977835968137,
      27.42447280883789,
      -0.00019525212701410055,
      30.96630096435547,
      -1.542279642308131e-05
    ],
    [
      0.00021615700097754598,
      -6.8139014430812495e-09,
      0.00023175588285084814,
      4.196904768161147e-10,
      0.00019620762031991035,
      6.7300458539421015e-09,
      0.00018747916328720748,
      3.5627817140948537e-08,
      0.00015349294699262828,
      3.629505727076321e-07,
      -0.00023926893481984735,
      9.049561526808247e-07,
      -0.0002055328368442133,
      2.2857113890495384e-06,
      -4.2092720832442865e-05,
      5.503815373231191e-06,
      -1.542279642308131e-05,
      2.3615175450686365e-06
    ]
  ],
  "covariance_short": [
    [
      87.0938491821289,
      0.0014633132377639413,
      24.865087509155273,
      0.00026044202968478203,
      -2.6902403831481934,
      -0.00028407323407009244,
      -4.392699241638184,
      -1.646323289605789e-05,
      -4.88425874710083,
      3.644078242359683e-05,
      -1.256952166557312,
      9.87094608717598e-05,
      0.9274190664291382,
      0.00030158538720570505,
      -0.5251668691635132,
      0.0008336743339896202,
      2.7724616527557373,
      0.00041555039933882654
    ],
    [
      0.0014633132377639413,
      4.9312779992760625e-06,
      0.0005974192172288895,
      6.814867106186284e-07,
      -0.0005793098243884742,
      1.2474811406093522e-08,
      -0.0008591100922785699,
      1.0189606797217365e-10,
      -0.0006725354469381273,
      -1.6431199734157076e-09,
      -0.0003316780203022063,
      -3.067129883405073e-09,
      -0.00013248025788925588,
      -6.797467033692328e-09,
      4.317105413065292e-05,
      -1.4356295707784739e-08,
      0.0004840258334297687,
      -6.042439437692337e-09
    ],
    [
      24.865087509155273,
      0.0005974192172288895,
      40.92390441894531,
      0.00010643015411915258,
      20.05375862121582,
      -4.183919008937664e-05,
      20.521512985229492,
      1.4773158909520134e-05,
      17.253742218017578,
      2.0860587028437294e-05,
      10.266742706298828,
      7.12984983692877e-05,
      8.994745254516602,
      0.0001721224980428815,
      7.635563373565674,
      0.0004182635748293251,
      6.738858699798584,
      0.00019276468083262444
    ],
    [
      0.00026044202968478203,
      6.814867106186284e-07,
      0.00010643015411915258,
      2.3707885077328683e-07,
      -0.00017178671259898692,
      6.276894115586629e-09,
      -0.00018302910029888153,
      3.528245196005031e-10,
      -0.00012598508328665048,
      2.9125660216955396e-10,
      -2.1528403522097506e-05,
      5.348295140095161e-10,
      3.5800065234070644e-05,
      7.239799870717434e-10,
      9.444918396184221e-05,
      7.8737688591346e-10,
      0.0001885238743852824,
      1.5200733727294136e-10
    ],
    [
      -2.6902403831481934,
      -0.0005793098243884742,
      20.05375862121582,
      -0.00017178671259898692,
      95.60588073730469,
      0.000741658266633749,
      62.64913558959961,
      4.092025847057812e-05,
      57.487979888916016,
      3.272957474109717e-05,
      32.30555725097656,
      2.8833794203819707e-05,
      19.731220245361328,
      5.001789759262465e-05,
      16.142120361328125,
      0.00017142205615527928,
      9.953536033630371,
      8.89903458300978e-05
    ],
    [
      -0.00028407323407009244,
      1.2474811406093522e-08,
      -4.183919008937664e-05,
      6.276894115586629e-09,
      0.000741658266633749,
      1.419521140633151e-06,
      0.0005795896868221462,
      2.4018513400392294e-08,
      0.0006661560037173331,
      5.150940562970163e-09,
      0.0005602493765763938,
      4.5554311434159445e-09,
      0.0002571420045569539,
      6.5020828721173984e-09,
      0.000145918398629874,
      1.0139629580407927e-08,
      7.52755586290732e-05,
      3.2656930493146774e-09
    ],
    [
      -4.392699241638184,
      -0.0008591100922785699,
      20.521512985229492,
      -0.00018302910029888153,
      62.64913558959961,
      0.0005795896868221462,
      127.34013366699219,
      9.544735075905919e-05,
      85.4803695678711,
      8.985304884845391e-05,
      48.08835220336914,
      2.4303479221998714e-05,
      31.4947452545166,
      3.8775717257522047e-05,
      24.243093490600586,
      0.00014600552094634622,
      12.915225982666016,
      7.657666719751433e-05
    ],
    [
      -1.646323289605789e-05,
      1.0189606797217365e-10,
      1.4773158909520134e-05,
      3.528245196005031e-10,
      4.092025847057812e-05,
      2.4018513400392294e-08,
      9.544735075905919e-05,
      3.207167864616167e-08,
      7.072777225403115e-05,
      3.170844209421375e-08,
      1.5360872566816397e-05,
      7.910843891067998e-08,
      -1.3147592653695028e-05,
      1.8567560289284302e-07,
      -2.7601594410953112e-05,
      4.2030208646792744e-07,
      -2.7973486794508062e-05,
      1.9082085600530263e-07
    ],
    [
      -4.88425874710083,
      -0.0006725354469381273,
      17.253742218017578,
      -0.00012598508328665048,
      57.487979888916016,
      0.0006661560037173331,
      85.4803695678711,
      7.072777225403115e-05,
      92.60443878173828,
      0.0001647236495045945,
      54.64359664916992,
      8.331796561833471e-05,
      40.06695556640625,
      0.00019293191144242883,
      33.19719314575195,
      0.0005212363903410733,
      20.495986938476562,
      0.00025329639902338386
    ],
    [
      3.644078242359683e-05,
      -1.6431199734157076e-09,
      2.0860587028437294e-05,
      2.9125660216955396e-10,
      3.272957474109717e-05,
      5.150940562970163e-09,
      8.985304884845391e-05,
      3.170844209421375e-08,
      0.0001647236495045945,
      4.881321160610241e-07,
      1.825537947297562e-05,
      9.872293276202981e-07,
      -1.18852121886448e-05,
      2.362729446758749e-06,
      -2.762023541436065e-05,
      5.611526830762159e-06,
      -1.1171891856065486e-06,
      2.6088891900144517e-06
    ],
    [
      -1.256952166557312,
      -0.0003316780203022063,
      10.266742706298828,
      -2.1528403522097506e-05,
      32.30555725097656,
      0.0005602493765763938,
      48.08835220336914,
      1.5360872566816397e-05,
      54.64359664916992,
      1.825537947297562e-05,
      51.34039306640625,
      -0.0001564695849083364,
      43.87472915649414,
      -0.00029238886781968176,
      39.961090087890625,
      -0.00042918146937154233,
      29.14899444580078,
      -0.00011901422112714499
    ],
    [
      9.87094608717598e-05,
      -3.067129883405073e-09,
      7.12984983692877e-05,
      5.348295140095161e-10,
      2.8833794203819707e-05,
      4.5554311434159445e-09,
      2.4303479221998714e-05,
      7.910843891067998e-08,
      8.331796561833471e-05,
      9.872293276202981e-07,
      -0.0001564695849083364,
      2.508942998247221e-06,
      -0.0001422728964826092,
      6.019057764206082e-06,
      -0.000124675381812267,
      1.4255699170462321e-05,
      -5.30889919900801e-05,
      6.6248344410269056e-06
    ],
    [
      0.9274190664291382,
      -0.00013248025788925588,
      8.994745254516602,
      3.5800065234070644e-05,
      19.731220245361328,
      0.0002571420045569539,
      31.4947452545166,
      -1.3147592653695028e-05,
      40.06695556640625,
      -1.18852121886448e-05,
      43.87472915649414,
      -0.0001422728964826092,
      47.59323501586914,
      -0.0002617512072902173,
      46.27775192260742,
      -0.00035723630571737885,
      36.95997619628906,
      -8.79520084708929e-05
    ],
    [
      0.00030158538720570505,
      -6.797467033692328e-09,
      0.0001721224980428815,
      7.239799870717434e-10,
      5.001789759262465e-05,
      6.5020828721173984e-09,
      3.8775717257522047e-05,
      1.8567560289284302e-07,
      0.00019293191144242883,
      2.362729446758749e-06,
      -0.00029238886781968176,
      6.019057764206082e-06,
      -0.0002617512072902173,
      1.4503455531666987e-05,
      -0.0002142333541996777,
      3.431577351875603e-05,
      -6.274138286244124e-05,
      1.59468108904548e-05
    ],
    [
      -0.5251668691635132,
      4.317105413065292e-05,
      7.635563373565674,
      9.444918396184221e-05,
      16.142120361328125,
      0.000145918398629874,
      24.243093490600586,
      -2.7601594410953112e-05,
      33.19719314575195,
      -2.762023541436065e-05,
      39.961090087890625,
      -0.000124675381812267,
      46.27775192260742,
      -0.0002142333541996777,
      49.84648513793945,
      -0.0002301969361724332,
      42.527278900146484,
      -2.421752105874475e-05
    ],
    [
      0.0008336743339896202,
      -1.4356295707784739e-08,
      0.0004182635748293251,
      7.8737688591346e-10,
      0.00017142205615527928,
      1.0139629580407927e-08,
      0.00014600552094634622,
      4.2030208646792744e-07,
      0.0005212363903410733,
      5.611526830762159e-06,
      -0.00042918146937154233,
      1.4255699170462321e-05,
      -0.00035723630571737885,
      3.431577351875603e-05,
      -0.0002301969361724332,
      8.163055463228375e-05,
      8.777593029662967e-05,
      3.799833211814985e-05
    ],
    [
      2.7724616527557373,
      0.0004840258334297687,
      6.738858699798584,
      0.0001885238743852824,
      9.953536033630371,
      7.52755586290732e-05,
      12.915225982666016,
      -2.7973486794508062e-05,
      20.495986938476562,
      -1.1171891856065486e-06,
      29.14899444580078,
      -5.30889919900801e-05,
      36.95997619628906,
      -6.274138286244124e-05,
      42.527278900146484,
      8.777593029662967e-05,
      45.463932037353516,
      0.00010659053077688441
    ],
    [
      0.00041555039933882654,
      -6.042439437692337e-09,
      0.00019276468083262444,
      1.5200733727294136e-10,
      8.89903458300978e-05,
      3.2656930493146774e-09,
      7.657666719751433e-05,
      1.9082085600530263e-07,
      0.00025329639902338386,
      2.6088891900144517e-06,
      -0.00011901422112714499,
      6.6248344410269056e-06,
      -8.79520084708929e-05,
      1.59468108904548e-05,
      -2.421752105874475e-05,
      3.799833211814985e-05,
      0.00010659053077688441,
      1.7723579730954953e-05
    ]
  ],
  "damage": -13.464912414550781,
  "diff_bandwidth": 357.7619323730469,
  "dissonance": 4.430432098933662,
  "drr": 12.381165504455566,
  "dynamics": 3.9957821369171143,
  "format": 1245190,
  "frames": 15522752,
  "loudness": -22.07363510131836,
  "loudness_range": 9.84459114074707,
  "loudness_range_short": 17.02088165283203,
  "lowpass_true_peak_15khz": -3.2015585899353027,
  "mastering3_acoustic_entropies": [
    {
      "acoustic_entropy": 9.62144660949707,
      "acoustic_entropy_mono": 9.62144660949707,
      "band_eliminated_acoustic_entropies": [
        {
          "acoustic_entropy": 9.147100448608398,
          "acoustic_entropy_side": 9.62144660949707,
          "hz": 129.47220167065723
        },
        {
          "acoustic_entropy": 9.012641906738281,
          "acoustic_entropy_side": 9.62144660949707,
          "hz": 202.92927478742237
        },
        {
          "acoustic_entropy": 9.539891242980957,
          "acoustic_entropy_side": 9.62144660949707,
          "hz": 282.89161906338205
        },
        {
          "acoustic_entropy": 9.921502113342285,
          "acoustic_entropy_side": 9.62144660949707,
          "hz": 369.9353335868758
        },
        {
          "acoustic_entropy": 10.673399925231934,
          "acoustic_entropy_side": 9.62144660949707,
          "hz": 464.6875360973435
        },
        {
          "acoustic_entropy": 9.450684547424316,
          "acoustic_entropy_side": 9.62144660949707,
          "hz": 567.8308811364784
        },
        {
          "acoustic_entropy": 9.33877182006836,
          "acoustic_entropy_side": 9.62144660949707,
          "hz": 680.1084783214808
        },
        {
          "acoustic_entropy": 9.527788162231445,
          "acoustic_entropy_side": 9.62144660949707,
          "hz": 802.3292461747484
        },
        {
          "acoustic_entropy": 8.562895774841309,
          "acoustic_entropy_side": 9.62144660949707,
          "hz": 935.3737400823702
        },
        {
          "acoustic_entropy": 9.681013107299805,
          "acoustic_entropy_side": 9.62144660949707,
          "hz": 1080.2004963696966
        },
        {
          "acoustic_entropy": 9.931843757629395,
          "acoustic_entropy_side": 9.62144660949707,
          "hz": 1237.8529382007157
        },
        {
          "acoustic_entropy": 9.772817611694336,
          "acoustic_entropy_side": 9.62144660949707,
          "hz": 1409.4668930556702
        },
        {
          "acoustic_entropy": 9.287928581237793,
          "acoustic_entropy_side": 9.62144660949707,
          "hz": 1596.2787759475705
        },
        {
          "acoustic_entropy": 10.017552375793457,
          "acoustic_entropy_side": 9.62144660949707,
          "hz": 1799.6344973346393
        },
        {
          "acoustic_entropy": 9.690840721130371,
          "acoustic_entropy_side": 9.62144660949707,
          "hz": 2020.9991599069049
        },
        {
          "acoustic_entropy": 9.647743225097656,
          "acoustic_entropy_side": 9.62144660949707,
          "hz": 2261.9676141086993
        },
        {
          "acoustic_entropy": 9.634597778320312,
          "acoustic_entropy_side": 9.62144660949707,
          "hz": 2524.2759484456974
        },
        {
          "acoustic_entropy": 9.655414581298828,
          "acoustic_entropy_side": 9.62144660949707,
          "hz": 2809.813997359896
        },
        {
          "acoustic_entropy": 9.624171257019043,
          "acoustic_entropy_side": 9.62144660949707,
          "hz": 3120.6389567871424
        },
        {
          "acoustic_entropy": 9.629716873168945,
          "acoustic_entropy_side": 9.62144660949707,
          "hz": 3458.990205492291
        },
        {
          "acoustic_entropy": 9.622499465942383,
          "acoustic_entropy_side": 9.62144660949707,
          "hz": 3827.305438964164
        },
        {
          "acoustic_entropy": 9.628279685974121,
          "acoustic_entropy_side": 9.62144660949707,
          "hz": 4228.238232109126
        },
        {
          "acoustic_entropy": 9.631410598754883,
          "acoustic_entropy_side": 9.62144660949707,
          "hz": 4664.6771572759235
        },
        {
          "acoustic_entropy": 9.63534164428711,
          "acoustic_entropy_side": 9.62144660949707,
          "hz": 5139.766595350093
        },
        {
          "acoustic_entropy": 9.632580757141113,
          "acoustic_entropy_side": 9.62144660949707,
          "hz": 5656.929389854203
        },
        {
          "acoustic_entropy": 9.63137435913086,
          "acoustic_entropy_side": 9.62144660949707,
          "hz": 6219.891507268283
        },
        {
          "acoustic_entropy": 9.640490531921387,
          "acoustic_entropy_side": 9.62144660949707,
          "hz": 6832.70888123896
        },
        {
          "acoustic_entropy": 9.640938758850098,
          "acoustic_entropy_side": 9.62144660949707,
          "hz": 7499.796634079867
        },
        {
          "acoustic_entropy": 9.642260551452637,
          "acoustic_entropy_side": 9.62144660949707,
          "hz": 8225.96088609342
        },
        {
          "acoustic_entropy": 9.648137092590332,
          "acoustic_entropy_side": 9.62144660949707,
          "hz": 9016.43338188839
        },
        {
          "acoustic_entropy": 9.648285865783691,
          "acoustic_entropy_side": 9.62144660949707,
          "hz": 9876.909183162974
        },
        {
          "acoustic_entropy": 9.617671966552734,
          "acoustic_entropy_side": 9.62144660949707,
          "hz": 10813.587699516042
        },
        {
          "acoustic_entropy": 9.480070114135742,
          "acoustic_entropy_side": 9.62144660949707,
          "hz": 11833.21735289826
        },
        {
          "acoustic_entropy": 9.604226112365723,
          "acoustic_entropy_side": 9.62144660949707,
          "hz": 12943.144197493959
        },
        {
          "acoustic_entropy": 9.644242286682129,
          "acoustic_entropy_side": 9.62144660949707,
          "hz": 14151.364845322005
        },
        {
          "acoustic_entropy": 9.640554428100586,
          "acoustic_entropy_side": 9.62144660949707,
          "hz": 15466.58407886509
        },
        {
          "acoustic_entropy": 9.63363265991211,
          "acoustic_entropy_side": 9.62144660949707,
          "hz": 16898.27756580493
        },
        {
          "acoustic_entropy": 9.62405014038086,
          "acoustic_entropy_side": 9.62144660949707,
          "hz": 18456.760127700032
        },
        {
          "acoustic_entropy": 9.611437797546387,
          "acoustic_entropy_side": 9.62144660949707,
          "hz": 20153.260054456492
        },
        {
          "acoustic_entropy": 9.612163543701172,
          "acoustic_entropy_side": 9.62144660949707,
          "hz": 22000.00000000001
        }
      ],
      "diff_acoustic_entropy": 9.229604721069336,
      "sn": 6
    },
    {
      "acoustic_entropy": 13.325782775878906,
      "acoustic_entropy_mono": 13.325782775878906,
      "band_eliminated_acoustic_entropies": [
        {
          "acoustic_entropy": 12.89700698852539,
          "acoustic_entropy_side": 13.325782775878906,
          "hz": 129.47220167065723
        },
        {
          "acoustic_entropy": 12.563284873962402,
          "acoustic_entropy_side": 13.325782775878906,
          "hz": 202.92927478742237
        },
        {
          "acoustic_entropy": 13.198887825012207,
          "acoustic_entropy_side": 13.325782775878906,
          "hz": 282.89161906338205
        },
        {
          "acoustic_entropy": 13.200079917907715,
          "acoustic_entropy_side": 13.325782775878906,
          "hz": 369.9353335868758
        },
        {
          "acoustic_entropy": 14.566115379333496,
          "acoustic_entropy_side": 13.325782775878906,
          "hz": 464.6875360973435
        },
        {
          "acoustic_entropy": 13.672842979431152,
          "acoustic_entropy_side": 13.325782775878906,
          "hz": 567.8308811364784
        },
        {
          "acoustic_entropy": 14.101247787475586,
          "acoustic_entropy_side": 13.325782775878906,
          "hz": 680.1084783214808
        },
        {
          "acoustic_entropy": 13.458915710449219,
          "acoustic_entropy_side": 13.325782775878906,
          "hz": 802.3292461747484
        },
        {
          "acoustic_entropy": 13.174552917480469,
          "acoustic_entropy_side": 13.325782775878906,
          "hz": 935.3737400823702
        },
        {
          "acoustic_entropy": 13.705617904663086,
          "acoustic_entropy_side": 13.325782775878906,
          "hz": 1080.2004963696966
        },
        {
          "acoustic_entropy": 13.76053237915039,
          "acoustic_entropy_side": 13.325782775878906,
          "hz": 1237.8529382007157
        },
        {
          "acoustic_entropy": 14.055892944335938,
          "acoustic_entropy_side": 13.325782775878906,
          "hz": 1409.4668930556702
        },
        {
          "acoustic_entropy": 13.342260360717773,
          "acoustic_entropy_side": 13.325782775878906,
          "hz": 1596.2787759475705
        },
        {
          "acoustic_entropy": 14.26406192779541,
          "acoustic_entropy_side": 13.325782775878906,
          "hz": 1799.6344973346393
        },
        {
          "acoustic_entropy": 13.38338851928711,
          "acoustic_entropy_side": 13.325782775878906,
          "hz": 2020.9991599069049
        },
        {
          "acoustic_entropy": 13.578841209411621,
          "acoustic_entropy_side": 13.325782775878906,
          "hz": 2261.9676141086993
        },
        {
          "acoustic_entropy": 13.336187362670898,
          "acoustic_entropy_side": 13.325782775878906,
          "hz": 2524.2759484456974
        },
        {
          "acoustic_entropy": 13.325946807861328,
          "acoustic_entropy_side": 13.325782775878906,
          "hz": 2809.813997359896
        },
        {
          "acoustic_entropy": 13.375859260559082,
          "acoustic_entropy_side": 13.325782775878906,
          "hz": 3120.6389567871424
        },
        {
          "acoustic_entropy": 13.205756187438965,
          "acoustic_entropy_side": 13.325782775878906,
          "hz": 3458.990205492291
        },
        {
          "acoustic_entropy": 13.275240898132324,
          "acoustic_entropy_side": 13.325782775878906,
          "hz": 3827.305438964164
        },
        {
          "acoustic_entropy": 13.28687572479248,
          "acoustic_entropy_side": 13.325782775878906,
          "hz": 4228.238232109126
        },
        {
          "acoustic_entropy": 13.280563354492188,
          "acoustic_entropy_side": 13.325782775878906,
          "hz": 4664.6771572759235
        },
        {
          "acoustic_entropy": 13.32855224609375,
          "acoustic_entropy_side": 13.325782775878906,
          "hz": 5139.766595350093
        },
        {
          "acoustic_entropy": 13.314888000488281,
          "acoustic_entropy_side": 13.325782775878906,
          "hz": 5656.929389854203
        },
        {
          "acoustic_entropy": 13.304206848144531,
          "acoustic_entropy_side": 13.325782775878906,
          "hz": 6219.891507268283
        },
        {
          "acoustic_entropy": 13.340760231018066,
          "acoustic_entropy_side": 13.325782775878906,
          "hz": 6832.70888123896
        },
        {
          "acoustic_entropy": 13.350857734680176,
          "acoustic_entropy_side": 13.325782775878906,
          "hz": 7499.796634079867
        },
        {
          "acoustic_entropy": 13.348515510559082,
          "acoustic_entropy_side": 13.325782775878906,
          "hz": 8225.96088609342
        },
        {
          "acoustic_entropy": 13.365745544433594,
          "acoustic_entropy_side": 13.325782775878906,
          "hz": 9016.43338188839
        },
        {
          "acoustic_entropy": 13.344178199768066,
          "acoustic_entropy_side": 13.325782775878906,
          "hz": 9876.909183162974
        },
        {
          "acoustic_entropy": 13.318490982055664,
          "acoustic_entropy_side": 13.325782775878906,
          "hz": 10813.587699516042
        },
        {
          "acoustic_entropy": 13.329205513000488,
          "acoustic_entropy_side": 13.325782775878906,
          "hz": 11833.21735289826
        },
        {
          "acoustic_entropy": 13.366942405700684,
          "acoustic_entropy_side": 13.325782775878906,
          "hz": 12943.144197493959
        },
        {
          "acoustic_entropy": 13.390539169311523,
          "acoustic_entropy_side": 13.325782775878906,
          "hz": 14151.364845322005
        },
        {
          "acoustic_entropy": 13.37976360321045,
          "acoustic_entropy_side": 13.325782775878906,
          "hz": 15466.58407886509
        },
        {
          "acoustic_entropy": 13.334911346435547,
          "acoustic_entropy_side": 13.325782775878906,
          "hz": 16898.27756580493
        },
        {
          "acoustic_entropy": 13.331016540527344,
          "acoustic_entropy_side": 13.325782775878906,
          "hz": 18456.760127700032
        },
        {
          "acoustic_entropy": 13.69904613494873,
          "acoustic_entropy_side": 13.325782775878906,
          "hz": 20153.260054456492
        },
        {
          "acoustic_entropy": 13.549727439880371,
          "acoustic_entropy_side": 13.325782775878906,
          "hz": 22000.00000000001
        }
      ],
      "diff_acoustic_entropy": 13.219386100769043,
      "sn": 12
    },
    {
      "acoustic_entropy": 19.63503646850586,
      "acoustic_entropy_mono": 19.63503646850586,
      "band_eliminated_acoustic_entropies": [
        {
          "acoustic_entropy": 19.54850959777832,
          "acoustic_entropy_side": 19.63503646850586,
          "hz": 129.47220167065723
        },
        {
          "acoustic_entropy": 19.27015495300293,
          "acoustic_entropy_side": 19.63503646850586,
          "hz": 202.92927478742237
        },
        {
          "acoustic_entropy": 19.820064544677734,
          "acoustic_entropy_side": 19.63503646850586,
          "hz": 282.89161906338205
        },
        {
          "acoustic_entropy": 19.533754348754883,
          "acoustic_entropy_side": 19.63503646850586,
          "hz": 369.9353335868758
        },
        {
          "acoustic_entropy": 19.857492446899414,
          "acoustic_entropy_side": 19.63503646850586,
          "hz": 464.6875360973435
        },
        {
          "acoustic_entropy": 20.09796714782715,
          "acoustic_entropy_side": 19.63503646850586,
          "hz": 567.8308811364784
        },
        {
