{
  "acoustic_entropy": 226.536865234375,
  "bands": [
    {
      "high_freq": 148.1999969482422,
      "loudness": -25.115604400634766,
      "loudness_range": 13.6827392578125,
      "mid_mean": -21.47223472595215,
      "mid_to_side_loudness": -22.897184371948242,
      "mid_to_side_loudness_range": 17.253063201904297,
      "side_mean": -44.56048583984375
    },
    {
      "high_freq": 392.3793640136719,
      "loudness": -23.405338287353516,
      "loudness_range": 7.53471565246582,
      "low_freq": 148.1999969482422,
      "mid_mean": -19.98520851135254,
      "mid_to_side_loudness": -13.297331809997559,
      "mid_to_side_loudness_range": 11.308221817016602,
      "side_mean": -33.337547302246094
    },
    {
      "high_freq": 794.6976318359375,
      "loudness": -25.66796112060547,
      "loudness_range": 9.123167037963867,
      "low_freq": 392.3793640136719,
      "mid_mean": -22.918153762817383,
      "mid_to_side_loudness": -6.761355876922607,
      "mid_to_side_loudness_range": 7.642141342163086,
      "side_mean": -29.66392707824707
    },
    {
      "high_freq": 1457.5709228515625,
      "loudness": -24.790842056274414,
      "loudness_range": 6.824262619018555,
      "low_freq": 794.6976318359375,
      "mid_mean": -22.384363174438477,
      "mid_to_side_loudness": -4.991316318511963,
      "mid_to_side_loudness_range": 6.0801167488098145,
      "side_mean": -27.347991943359375
    },
    {
      "high_freq": 2549.74365234375,
      "loudness": -21.175537109375,
      "loudness_range": 7.116245269775391,
      "low_freq": 1457.5709228515625,
      "mid_mean": -18.807191848754883,
      "mid_to_side_loudness": -4.8431620597839355,
      "mid_to_side_loudness_range": 6.144408702850342,
      "side_mean": -23.637161254882812
    },
    {
      "high_freq": 4349.24462890625,
      "loudness": -20.59414291381836,
      "loudness_range": 8.300098419189453,
      "low_freq": 2549.74365234375,
      "mid_mean": -17.88492202758789,
      "mid_to_side_loudness": -6.621480464935303,
      "mid_to_side_loudness_range": 8.038141250610352,
      "side_mean": -24.510753631591797
    },
    {
      "high_freq": 7314.1640625,
      "loudness": -25.020666122436523,
      "loudness_range": 12.101860046386719,
      "low_freq": 4349.24462890625,
      "mid_mean": -22.290254592895508,
      "mid_to_side_loudness": -6.589571952819824,
      "mid_to_side_loudness_range": 7.743499755859375,
      "side_mean": -28.881803512573242
    },
    {
      "high_freq": 12199.2666015625,
      "loudness": -29.431629180908203,
      "loudness_range": 12.476703643798828,
      "low_freq": 7314.1640625,
      "mid_mean": -27.175371170043945,
      "mid_to_side_loudness": -4.602189064025879,
      "mid_to_side_loudness_range": 7.8404059410095215,
      "side_mean": -31.77328109741211
    },
    {
      "loudness": -33.29437255859375,
      "loudness_range": 11.38789176940918,
      "low_freq": 12199.2666015625,
      "mid_mean": -31.776262283325195,
      "mid_to_side_loudness": -2.0138442516326904,
      "mid_to_side_loudness_range": 4.655337810516357,
      "side_mean": -33.76923751831055
    }
  ],
  "bands_short": [
    {
      "high_freq": 148.1999969482422,
      "loudness": -31.670597076416016,
      "loudness_range": 27.302061080932617,
      "mid_mean": -28.127796173095703,
      "mid_to_side_loudness": -20.70731544494629,
      "mid_to_side_loudness_range": 25.599109649658203,
      "side_mean": -50.11781311035156
    },
    {
      "high_freq": 392.3793640136719,
      "loudness": -25.041423797607422,
      "loudness_range": 17.736539840698242,
      "low_freq": 148.1999969482422,
      "mid_mean": -21.886157989501953,
      "mid_to_side_loudness": -12.618332862854004,
      "mid_to_side_loudness_range": 20.276689529418945,
      "side_mean": -34.668304443359375
    },
    {
      "high_freq": 794.6976318359375,
      "loudness": -27.015823364257812,
      "loudness_range": 14.10540771484375,
      "low_freq": 392.3793640136719,
      "mid_mean": -24.62883949279785,
      "mid_to_side_loudness": -6.126845359802246,
      "mid_to_side_loudness_range": 13.408988952636719,
      "side_mean": -30.774709701538086
    },
    {
      "high_freq": 1457.5709228515625,
      "loudness": -25.371431350708008,
      "loudness_range": 10.864587783813477,
      "low_freq": 794.6976318359375,
      "mid_mean": -23.254602432250977,
      "mid_to_side_loudness": -4.572881698608398,
      "mid_to_side_loudness_range": 10.384038925170898,
      "side_mean": -27.80234146118164
    },
    {
      "high_freq": 2549.74365234375,
      "loudness": -22.280780792236328,
      "loudness_range": 11.691648483276367,
      "low_freq": 1457.5709228515625,
      "mid_mean": -20.206106185913086,
      "mid_to_side_loudness": -4.320664405822754,
      "mid_to_side_loudness_range": 9.75146484375,
      "side_mean": -24.50764274597168
    },
    {
      "high_freq": 4349.24462890625,
      "loudness": -22.260164260864258,
      "loudness_range": 14.916804313659668,
      "low_freq": 2549.74365234375,
      "mid_mean": -19.863866806030273,
      "mid_to_side_loudness": -5.728542804718018,
      "mid_to_side_loudness_range": 10.961610794067383,
      "side_mean": -25.582548141479492
    },
    {
      "high_freq": 7314.1640625,
      "loudness": -27.355323791503906,
      "loudness_range": 19.443201065063477,
      "low_freq": 4349.24462890625,
      "mid_mean": -24.984785079956055,
      "mid_to_side_loudness": -5.450169563293457,
      "mid_to_side_loudness_range": 9.944818496704102,
      "side_mean": -30.495813369750977
    },
    {
      "high_freq": 12199.2666015625,
      "loudness": -32.27295684814453,
      "loudness_range": 21.55703353881836,
      "low_freq": 7314.1640625,
      "mid_mean": -30.24526596069336,
      "mid_to_side_loudness": -4.0835747718811035,
      "mid_to_side_loudness_range": 8.895439147949219,
      "side_mean": -34.426753997802734
    },
    {
      "loudness": -37.51239776611328,
      "loudness_range": 24.861568450927734,
      "low_freq": 12199.2666015625,
      "mid_mean": -36.12324905395508,
      "mid_to_side_loudness": -2.141174793243408,
      "mid_to_side_loudness_range": 5.747968673706055,
      "side_mean": -38.20307540893555
    }
  ],
  "bandwidth": 923.347900390625,
  "channels": 2,
  "covariance": [
    [
      29.14146614074707,
      8.95110034942627,
      9.715669631958008,
      1.1927518844604492,
      2.16147780418396,
      0.8503997325897217,
      0.6702749133110046,
      -0.7835330367088318,
      0.8739805221557617,
      -0.7149150371551514,
      0.025312213227152824,
      -3.130030393600464,
      -2.164475917816162,
      -3.695815324783325,
      -2.55326509475708,
      -2.151064872741699,
      -0.41030803322792053,
      -0.29414886236190796
    ],
    [
      8.95110034942627,
      16.174175262451172,
      3.30684494972229,
      2.4002819061279297,
      -0.31307682394981384,
      -0.1293630301952362,
      0.34823769330978394,
      1.0766308307647705,
      1.5307492017745972,
      2.4797985553741455,
      2.333868980407715,
      3.426283597946167,
      0.41707587242126465,
      0.6747599840164185,
      0.1597287356853485,
      0.2684491276741028,
      2.0894665718078613,
      1.945087194442749
    ],
    [
      9.715669631958008,
      3.30684494972229,
      11.198805809020996,
      5.117909908294678,
      4.541471004486084,
      2.3257102966308594,
      2.1451961994171143,
      0.5641891360282898,
      2.14176607131958,
      0.6810961961746216,
      2.482084035873413,
      0.1411156952381134,
      1.9934158325195312,
      1.3440532684326172,
      1.7127971649169922,
      1.4030568599700928,
      0.19191166758537292,
      0.033131472766399384
    ],
    [
      1.1927518844604492,
      2.4002819061279297,
      5.117909908294678,
      14.4125337600708,
      5.427348613739014,
      5.046660900115967,
      3.932370662689209,
      4.356517314910889,
      2.92881178855896,
      2.5181000232696533,
      2.707334280014038,
      1.656397819519043,
      1.278996467590332,
      0.9157244563102722,
      1.4401133060455322,
      1.3425500392913818,
      1.6218000650405884,
      1.1317973136901855
    ],
    [
      2.16147780418396,
      -0.31307682394981384,
      4.541471004486084,
      5.427348613739014,
      14.035152435302734,
      8.581803321838379,
      6.488552093505859,
      3.5402984619140625,
      6.5379228591918945,
      2.722809076309204,
      5.802542209625244,
      0.5255767703056335,
      5.754806041717529,
      2.3269195556640625,
      4.543267250061035,
      2.024773120880127,
      0.14482125639915466,
      -1.000503659248352
    ],
    [
      0.8503997325897217,
      -0.1293630301952362,
      2.3257102966308594,
      5.046660900115967,
      8.581803321838379,
      10.396719932556152,
      5.214905261993408,
      5.224746227264404,
      4.871932029724121,
      3.9610350131988525,
      2.688830852508545,
      1.1764508485794067,
      2.5147719383239746,
      0.8974552750587463,
      2.561033010482788,
      1.0134676694869995,
      0.5761575102806091,
      -0.30054864287376404
    ],
    [
      0.6702749133110046,
      0.34823769330978394,
      2.1451961994171143,
      3.932370662689209,
      6.488552093505859,
      5.214905261993408,
      7.1593732833862305,
      5.319766044616699,
      5.419403553009033,
      3.590080738067627,
      5.753611087799072,
      4.228756427764893,
      4.9935760498046875,
      3.9759793281555176,
      4.782507419586182,
      3.821779489517212,
      2.5267200469970703,
      2.062937021255493
    ],
    [
      -0.7835330367088318,
      1.0766308307647705,
      0.5641891360282898,
      4.356517314910889,
      3.5402984619140625,
      5.224746227264404,
      5.319766044616699,
      8.186741828918457,
      3.632660150527954,
      5.014939308166504,
      3.3778038024902344,
      5.34083366394043,
      1.6263082027435303,
      2.3298404216766357,
      2.1896464824676514,
      2.3874218463897705,
      2.2013192176818848,
      2.079951286315918
    ],
    [
      0.8739805221557617,
      1.5307492017745972,
      2.14176607131958,
      2.92881178855896,
      6.5379228591918945,
      4.871932029724121,
      5.419403553009033,
      3.632660150527954,
      8.135281562805176,
      5.413277626037598,
      6.948143005371094,
      5.264287948608398,
      7.7970709800720215,
      6.475235939025879,
      6.806166648864746,
      5.087086200714111,
      3.592674970626831,
      2.9206931591033936
    ],
    [
      -0.7149150371551514,
      2.4797985553741455,
      0.6810961961746216,
      2.5181000232696533,
      2.722809076309204,
      3.9610350131988525,
      3.590080738067627,
      5.014939308166504,
      5.413277626037598,
      7.454944610595703,
      4.4091010093688965,
      6.885852336883545,
      3.601825714111328,
      5.024411678314209,
      3.217641592025757,
      3.6493399143218994,
      3.469033718109131,
      3.5957179069519043
    ],
    [
      0.025312213227152824,
      2.333868980407715,
      2.482084035873413,
      2.707334280014038,
      5.802542209625244,
      2.688830852508545,
      5.753611087799072,
      3.3778038024902344,
      6.948143005371094,
      4.4091010093688965,
      11.373443603515625,
      9.023921012878418,
      10.84980297088623,
      10.42212200164795,
      9.380366325378418,
      8.440200805664062,
      5.29162073135376,
      5.311992645263672
    ],
    [
      -3.130030393600464,
      3.426283597946167,
      0.1411156952381134,
      1.656397819519043,
      0.5255767703056335,
      1.1764508485794067,
      4.228756427764893,
      5.34083366394043,
      5.264287948608398,
      6.885852336883545,
      9.023921012878418,
      14.977052688598633,
      8.081506729125977,
      12.433277130126953,
      8.186939239501953,
      10.367756843566895,
      7.810436725616455,
      9.172776222229004
    ],
    [
      -2.164475917816162,
      0.41707587242126465,
      1.9934158325195312,
      1.278996467590332,
      5.754806041717529,
      2.5147719383239746,
      4.9935760498046875,
      1.6263082027435303,
      7.7970709800720215,
      3.601825714111328,
      10.84980297088623,
      8.081506729125977,
      19.585060119628906,
      16.435108184814453,
      17.407699584960938,
      12.485233306884766,
      5.92099666595459,
      4.9983320236206055
    ],
    [
      -3.695815324783325,
      0.6747599840164185,
      1.3440532684326172,
      0.9157244563102722,
      2.3269195556640625,
      0.8974552750587463,
      3.9759793281555176,
      2.3298404216766357,
      6.475235939025879,
      5.024411678314209,
      10.42212200164795,
      12.433277130126953,
      16.435108184814453,
      19.573396682739258,
      15.306390762329102,
      16.018674850463867,
      8.982890129089355,
      10.457738876342773
    ],
    [
      -2.55326509475708,
      0.1597287356853485,
      1.7127971649169922,
      1.4401133060455322,
      4.543267250061035,
      2.561033010482788,
      4.782507419586182,
      2.1896464824676514,
      6.806166648864746,
      3.217641592025757,
      9.380366325378418,
      8.186939239501953,
      17.407699584960938,
      15.306390762329102,
      18.8656063079834,
      14.944900512695312,
      9.03876781463623,
      8.34679126739502
    ],
    [
      -2.151064872741699,
      0.2684491276741028,
      1.4030568599700928,
      1.3425500392913818,
      2.024773120880127,
      1.0134676694869995,
      3.821779489517212,
      2.3874218463897705,
      5.087086200714111,
      3.6493399143218994,
      8.440200805664062,
      10.367756843566895,
      12.485233306884766,
      16.018674850463867,
      14.944900512695312,
      18.565900802612305,
      13.084615707397461,
      15.54983139038086
    ],
    [
      -0.41030803322792053,
      2.0894665718078613,
      0.19191166758537292,
      1.6218000650405884,
      0.14482125639915466,
      0.5761575102806091,
      2.5267200469970703,
      2.2013192176818848,
      3.592674970626831,
      3.469033718109131,
      5.29162073135376,
      7.810436725616455,
      5.92099666595459,
      8.982890129089355,
      9.03876781463623,
      13.084615707397461,
      15.13873291015625,
      16.558855056762695
    ],
    [
      -0.29414886236190796,
      1.945087194442749,
      0.033131472766399384,
      1.1317973136901855,
      -1.000503659248352,
      -0.30054864287376404,
      2.062937021255493,
      2.079951286315918,
      2.9206931591033936,
      3.5957179069519043,
      5.311992645263672,
      9.172776222229004,
      4.9983320236206055,
      10.457738876342773,
      8.34679126739502,
      15.54983139038086,
      16.558855056762695,
      20.082462310791016
    ]
  ],
  "covariance_short": [
    [
      75.38343048095703,
      11.38188648223877,
      40.18830108642578,
      5.057723522186279,
      11.232699394226074,
      2.4361023902893066,
      7.829730987548828,
      2.040468692779541,
      8.16036605834961,
      2.632922887802124,
      12.113645553588867,
      3.395695209503174,
      9.799580574035645,
      4.475002288818359,
      9.602022171020508,
      8.058162689208984,
      11.50182056427002,
      10.868133544921875
    ],
    [
      11.38188648223877,
      39.13649368286133,
      6.763143062591553,
      7.375782012939453,
      2.95125412940979,
      1.8558719158172607,
      3.3777387142181396,
      3.359863042831421,
      5.593713283538818,
      5.246203422546387,
      6.98996639251709,
      7.4896674156188965,
      3.796940326690674,
      5.105251312255859,
      2.2629499435424805,
      3.1465821266174316,
      3.57513689994812,
      2.856966495513916
    ],
    [
      40.18830108642578,
      6.763143062591553,
      46.67155456542969,
      11.041568756103516,
      18.396921157836914,
      6.429821491241455,
      11.636189460754395,
      4.579046249389648,
      11.738856315612793,
      5.3416314125061035,
      15.561163902282715,
      6.458158016204834,
      15.363076210021973,
      9.429668426513672,
      14.695429801940918,
      11.481440544128418,
      11.029808044433594,
      10.045217514038086
    ],
    [
      5.057723522186279,
      7.375782012939453,
      11.041568756103516,
      23.589780807495117,
      8.272422790527344,
      8.002819061279297,
      6.345080375671387,
      7.0442795753479,
      5.505630016326904,
      4.877747058868408,
      4.448554039001465,
      3.934824228286743,
      2.406622886657715,
      3.097640037536621,
      2.543360471725464,
      3.4359335899353027,
      3.1903882026672363,
      2.942384958267212
    ],
    [
      11.232699394226074,
      2.95125412940979,
      18.396921157836914,
      8.272422790527344,
      34.52070617675781,
      16.100915908813477,
      17.79703712463379,
      9.46708869934082,
      17.881914138793945,
      9.185086250305176,
      18.494178771972656,
      7.590788841247559,
      19.206504821777344,
      11.655062675476074,
      18.04522705078125,
      13.539341926574707,
      11.16705322265625,
      9.78927230834961
    ],
    [
      2.4361023902893066,
      1.8558719158172607,
      6.429821491241455,
      8.002819061279297,
      16.100915908813477,
      20.277355194091797,
      10.624723434448242,
      9.602834701538086,
      10.322696685791016,
      7.804794788360596,
      6.527225017547607,
      4.403247833251953,
      7.218974590301514,
      5.187930583953857,
      7.862908363342285,
      5.944559574127197,
      4.871012210845947,
      3.9350759983062744
    ],
    [
      7.829730987548828,
      3.3777387142181396,
      11.636189460754395,
      6.345080375671387,
      17.79703712463379,
      10.624723434448242,
      20.666433334350586,
      12.007413864135742,
      15.452200889587402,
      10.307930946350098,
      16.940805435180664,
      11.182244300842285,
      16.68045425415039,
      12.443289756774902,
      15.823766708374023,
      13.421381950378418,
      12.005454063415527,
      11.009572982788086
    ],
    [
      2.040468692779541,
      3.359863042831421,
      4.579046249389648,
      7.0442795753479,
      9.46708869934082,
      9.602834701538086,
      12.007413864135742,
      17.14005470275879,
      10.05661678314209,
      10.455540657043457,
      8.7113618850708,
      10.058282852172852,
      6.540981292724609,
      7.361547470092773,
      6.740650653839111,
      7.403589248657227,
      7.011500835418701,
      6.887814521789551
    ],
    [
      8.16036605834961,
      5.593713283538818,
      11.738856315612793,
      5.505630016326904,
      17.881914138793945,
      10.322696685791016,
      15.452200889587402,
      10.05661678314209,
      22.84789276123047,
      14.148030281066895,
      19.74799919128418,
      13.674249649047852,
      22.048810958862305,
      16.947237014770508,
      19.92931365966797,
      16.63568878173828,
      15.171245574951172,
      13.77592945098877
    ],
    [
      2.632922887802124,
      5.246203422546387,
      5.3416314125061035,
      4.877747058868408,
      9.185086250305176,
      7.804794788360596,
      10.307930946350098,
      10.455540657043457,
      14.148030281066895,
      17.12409782409668,
      11.894144058227539,
      13.041654586791992,
      11.34074592590332,
      12.268298149108887,
      10.356266021728516,
      10.788004875183105,
      10.279034614562988,
      10.127309799194336
    ],
    [
      12.113645553588867,
      6.98996639251709,
      15.561163902282715,
      4.448554039001465,
      18.494178771972656,
      6.527225017547607,
      16.940805435180664,
      8.7113618850708,
      19.74799919128418,
      11.894144058227539,
      33.78257369995117,
      22.018348693847656,
      32.199241638183594,
      25.09082794189453,
      28.39923095703125,
      24.883312225341797,
      20.858642578125,
      19.764162063598633
    ],
    [
      3.395695209503174,
      7.4896674156188965,
      6.458158016204834,
      3.934824228286743,
      7.590788841247559,
      4.403247833251953,
      11.182244300842285,
      10.058282852172852,
      13.674249649047852,
      13.041654586791992,
      22.018348693847656,
      26.58016586303711,
      20.83116340637207,
      22.847768783569336,
      19.81102752685547,
      21.477205276489258,
      17.98507308959961,
      18.910356521606445
    ],
    [
      9.799580574035645,
      3.796940326690674,
      15.363076210021973,
      2.406622886657715,
      19.206504821777344,
      7.218974590301514,
      16.68045425415039,
      6.540981292724609,
      22.048810958862305,
      11.34074592590332,
      32.199241638183594,
      20.83116340637207,
      52.68292236328125,
      37.782936096191406,
      47.7428092956543,
      37.58298110961914,
      30.44106674194336,
      27.419857025146484
    ],
    [
      4.475002288818359,
      5.105251312255859,
      9.429668426513672,
      3.097640037536621,
      11.655062675476074,
      5.187930583953857,
      12.443289756774902,
      7.361547470092773,
      16.947237014770508,
      12.268298149108887,
      25.09082794189453,
      22.847768783569336,
      37.782936096191406,
      36.50665283203125,
      36.312599182128906,
      34.98299026489258,
      28.324066162109375,
      28.655193328857422
    ],
    [
      9.602022171020508,
      2.2629499435424805,
      14.695429801940918,
      2.543360471725464,
      18.04522705078125,
      7.862908363342285,
      15.823766708374023,
      6.740650653839111,
      19.92931365966797,
      10.356266021728516,
      28.39923095703125,
      19.81102752685547,
      47.7428092956543,
      36.312599182128906,
      57.80397415161133,
      47.915775299072266,
      46.74782180786133,
      43.752525329589844
    ],
    [
      8.058162689208984,
      3.1465821266174316,
      11.481440544128418,
      3.4359335899353027,
      13.539341926574707,
      5.944559574127197,
      13.421381950378418,
      7.403589248657227,
      16.63568878173828,
      10.788004875183105,
      24.883312225341797,
      21.477205276489258,
      37.58298110961914,
      34.98299026489258,
      47.915775299072266,
      50.50688552856445,
      50.35539627075195,
      51.744869232177734
    ],
    [
      11.50182056427002,
      3.57513689994812,
      11.029808044433594,
      3.1903882026672363,
      11.16705322265625,
      4.871012210845947,
      12.005454063415527,
      7.011500835418701,
      15.171245574951172,
      10.279034614562988,
      20.858642578125,
      17.98507308959961,
      30.44106674194336,
      28.324066162109375,
      46.74782180786133,
      50.35539627075195,
      73.06265258789062,
      72.21746826171875
    ],
    [
      10.868133544921875,
      2.856966495513916,
      10.045217514038086,
      2.942384958267212,
      9.78927230834961,
      3.9350759983062744,
      11.009572982788086,
      6.887814521789551,
      13.77592945098877,
      10.127309799194336,
      19.764162063598633,
      18.910356521606445,
      27.419857025146484,
      28.655193328857422,
      43.752525329589844,
      51.744869232177734,
      72.21746826171875,
      77.0666275024414
    ]
  ],
  "damage": -9.194765090942383,
  "diff_bandwidth": 871.390380859375,
  "dissonance": 11.511841792707088,
  "drr": 8.883421897888184,
  "dynamics": 2.277924060821533,
  "format": 1245190,
  "frames": 9635840,
  "loudness": -10.729413986206055,
  "loudness_range": 4.265781402587891,
  "loudness_range_short": 10.144908905029297,
  "lowpass_true_peak_15khz": 1.0540966987609863,
  "mastering3_acoustic_entropies": [
    {
      "acoustic_entropy": 4.363201141357422,
      "acoustic_entropy_mono": 4.540944576263428,
      "band_eliminated_acoustic_entropies": [
        {
          "acoustic_entropy": 4.42412805557251,
          "acoustic_entropy_side": 4.363200664520264,
          "hz": 129.47220167065723
        },
        {
          "acoustic_entropy": 4.12656307220459,
          "acoustic_entropy_side": 4.363237380981445,
          "hz": 202.92927478742237
        },
        {
          "acoustic_entropy": 4.379327774047852,
          "acoustic_entropy_side": 4.362707614898682,
          "hz": 282.89161906338205
        },
        {
          "acoustic_entropy": 4.484818935394287,
          "acoustic_entropy_side": 4.365440845489502,
          "hz": 369.9353335868758
        },
        {
          "acoustic_entropy": 4.682636737823486,
          "acoustic_entropy_side": 4.367498874664307,
          "hz": 464.6875360973435
        },
        {
          "acoustic_entropy": 4.334325790405273,
          "acoustic_entropy_side": 4.356177806854248,
          "hz": 567.8308811364784
        },
        {
          "acoustic_entropy": 4.248707294464111,
          "acoustic_entropy_side": 4.365378379821777,
          "hz": 680.1084783214808
        },
        {
          "acoustic_entropy": 4.476789474487305,
          "acoustic_entropy_side": 4.387364864349365,
          "hz": 802.3292461747484
        },
        {
          "acoustic_entropy": 4.214442253112793,
          "acoustic_entropy_side": 4.2749528884887695,
          "hz": 935.3737400823702
        },
        {
          "acoustic_entropy": 4.320042133331299,
          "acoustic_entropy_side": 4.358656883239746,
          "hz": 1080.2004963696966
        },
        {
          "acoustic_entropy": 4.4550089836120605,
          "acoustic_entropy_side": 4.505704402923584,
          "hz": 1237.8529382007157
        },
        {
          "acoustic_entropy": 4.39024019241333,
          "acoustic_entropy_side": 4.424699783325195,
          "hz": 1409.4668930556702
        },
        {
          "acoustic_entropy": 4.260491371154785,
          "acoustic_entropy_side": 4.426381587982178,
          "hz": 1596.2787759475705
        },
        {
          "acoustic_entropy": 4.304480075836182,
          "acoustic_entropy_side": 4.322942733764648,
          "hz": 1799.6344973346393
        },
        {
          "acoustic_entropy": 4.281705379486084,
          "acoustic_entropy_side": 4.4246602058410645,
          "hz": 2020.9991599069049
        },
        {
          "acoustic_entropy": 4.181994438171387,
          "acoustic_entropy_side": 4.292883396148682,
          "hz": 2261.9676141086993
        },
        {
          "acoustic_entropy": 4.267254829406738,
          "acoustic_entropy_side": 4.224548816680908,
          "hz": 2524.2759484456974
        },
        {
          "acoustic_entropy": 4.495853424072266,
          "acoustic_entropy_side": 4.330612659454346,
          "hz": 2809.813997359896
        },
        {
          "acoustic_entropy": 4.353446006774902,
          "acoustic_entropy_side": 4.312268257141113,
          "hz": 3120.6389567871424
        },
        {
          "acoustic_entropy": 4.347002029418945,
          "acoustic_entropy_side": 4.177850723266602,
          "hz": 3458.990205492291
        },
        {
          "acoustic_entropy": 4.0488457679748535,
          "acoustic_entropy_side": 4.310484886169434,
          "hz": 3827.305438964164
        },
        {
          "acoustic_entropy": 4.267859935760498,
          "acoustic_entropy_side": 4.339140892028809,
          "hz": 4228.238232109126
        },
        {
          "acoustic_entropy": 4.478813171386719,
          "acoustic_entropy_side": 4.3650946617126465,
          "hz": 4664.6771572759235
        },
        {
          "acoustic_entropy": 4.4300312995910645,
          "acoustic_entropy_side": 4.479047775268555,
          "hz": 5139.766595350093
        },
        {
          "acoustic_entropy": 4.386610507965088,
          "acoustic_entropy_side": 4.410397529602051,
          "hz": 5656.929389854203
        },
        {
          "acoustic_entropy": 4.424947738647461,
          "acoustic_entropy_side": 4.431720733642578,
          "hz": 6219.891507268283
        },
        {
          "acoustic_entropy": 4.230841159820557,
          "acoustic_entropy_side": 4.323713779449463,
          "hz": 6832.70888123896
        },
        {
          "acoustic_entropy": 4.231159210205078,
          "acoustic_entropy_side": 4.44615364074707,
          "hz": 7499.796634079867
        },
        {
          "acoustic_entropy": 4.340117931365967,
          "acoustic_entropy_side": 4.412605285644531,
          "hz": 8225.96088609342
        },
        {
          "acoustic_entropy": 4.3242387771606445,
          "acoustic_entropy_side": 4.374597549438477,
          "hz": 9016.43338188839
        },
        {
          "acoustic_entropy": 4.334568500518799,
          "acoustic_entropy_side": 4.355571746826172,
          "hz": 9876.909183162974
        },
        {
          "acoustic_entropy": 4.308201313018799,
          "acoustic_entropy_side": 4.298784255981445,
          "hz": 10813.587699516042
        },
        {
          "acoustic_entropy": 4.284039497375488,
          "acoustic_entropy_side": 4.280745983123779,
          "hz": 11833.21735289826
        },
        {
          "acoustic_entropy": 4.240013122558594,
          "acoustic_entropy_side": 4.26528263092041,
          "hz": 12943.144197493959
        },
        {
          "acoustic_entropy": 4.216331958770752,
          "acoustic_entropy_side": 4.266640663146973,
          "hz": 14151.364845322005
        },
        {
          "acoustic_entropy": 4.206846714019775,
          "acoustic_entropy_side": 4.2588605880737305,
          "hz": 15466.58407886509
        },
        {
          "acoustic_entropy": 4.390199184417725,
          "acoustic_entropy_side": 4.280455112457275,
          "hz": 16898.27756580493
        },
        {
          "acoustic_entropy": 4.355564594268799,
          "acoustic_entropy_side": 4.363927364349365,
          "hz": 18456.760127700032
        },
        {
          "acoustic_entropy": 4.317386627197266,
          "acoustic_entropy_side": 4.486277103424072,
          "hz": 20153.260054456492
        },
        {
          "acoustic_entropy": 4.420318603515625,
          "acoustic_entropy_side": 4.346951484680176,
          "hz": 22000.00000000001
        }
      ],
      "diff_acoustic_entropy": 6.164930820465088,
      "sn": 6
    },
    {
      "acoustic_entropy": 8.968165397644043,
      "acoustic_entropy_mono": 8.590750694274902,
      "band_eliminated_acoustic_entropies": [
        {
          "acoustic_entropy": 9.276171684265137,
          "acoustic_entropy_side": 8.968168258666992,
          "hz": 129.47220167065723
        },
        {
          "acoustic_entropy": 8.90080451965332,
          "acoustic_entropy_side": 8.967196464538574,
          "hz": 202.92927478742237
        },
        {
          "acoustic_entropy": 9.655394554138184,
          "acoustic_entropy_side": 8.964062690734863,
          "hz": 282.89161906338205
        },
        {
          "acoustic_entropy": 9.390212059020996,
          "acoustic_entropy_side": 8.919435501098633,
          "hz": 369.9353335868758
        },
        {
          "acoustic_entropy": 8.987730026245117,
          "acoustic_entropy_side": 8.988385200500488,
          "hz": 464.6875360973435
        },
        {
          "acoustic_entropy": 9.039745330810547,
          "acoustic_entropy_side": 9.126672744750977,
          "hz": 567.8308811364784
        },
        {
          "acoustic_entropy": 8.65090274810791,
          "acoustic_entropy_side": 8.876420021057129,
          "hz": 680.1084783214808
        },
        {
          "acoustic_entropy": 9.03068733215332,
          "acoustic_entropy_side": 9.231380462646484,
          "hz": 802.3292461747484
        },
        {
          "acoustic_entropy": 9.101091384887695,
          "acoustic_entropy_side": 8.898344039916992,
          "hz": 935.3737400823702
        },
        {
          "acoustic_entropy": 9.015256881713867,
          "acoustic_entropy_side": 9.130810737609863,
          "hz": 1080.2004963696966
        },
        {
          "acoustic_entropy": 9.248501777648926,
          "acoustic_entropy_side": 9.039554595947266,
          "hz": 1237.8529382007157
        },
        {
          "acoustic_entropy": 8.869022369384766,
          "acoustic_entropy_side": 9.01168441772461,
          "hz": 1409.4668930556702
        },
        {
          "acoustic_entropy": 8.936230659484863,
          "acoustic_entropy_side": 8.76978874206543,
          "hz": 1596.2787759475705
        },
        {
          "acoustic_entropy": 9.240822792053223,
          "acoustic_entropy_side": 9.103407859802246,
          "hz": 1799.6344973346393
        },
        {
          "acoustic_entropy": 9.131443977355957,
          "acoustic_entropy_side": 9.322739601135254,
          "hz": 2020.9991599069049
        },
        {
          "acoustic_entropy": 8.459296226501465,
          "acoustic_entropy_side": 8.53341007232666,
          "hz": 2261.9676141086993
        },
        {
          "acoustic_entropy": 9.22793960571289,
          "acoustic_entropy_side": 9.292865753173828,
          "hz": 2524.2759484456974
        },
        {
          "acoustic_entropy": 9.04056167602539,
          "acoustic_entropy_side": 8.709916114807129,
          "hz": 2809.813997359896
        },
        {
          "acoustic_entropy": 9.106569290161133,
          "acoustic_entropy_side": 8.829691886901855,
          "hz": 3120.6389567871424
        },
        {
          "acoustic_entropy": 8.838590621948242,
          "acoustic_entropy_side": 8.643302917480469,
          "hz": 3458.990205492291
        },
        {
          "acoustic_entropy": 8.663789749145508,
          "acoustic_entropy_side": 8.873358726501465,
          "hz": 3827.305438964164
        },
        {
          "acoustic_entropy": 8.935558319091797,
          "acoustic_entropy_side": 8.850191116333008,
          "hz": 4228.238232109126
        },
        {
          "acoustic_entropy": 8.999671936035156,
          "acoustic_entropy_side": 8.972265243530273,
          "hz": 4664.6771572759235
        },
        {
          "acoustic_entropy": 9.236666679382324,
          "acoustic_entropy_side": 8.93300724029541,
          "hz": 5139.766595350093
        },
        {
          "acoustic_entropy": 8.930401802062988,
          "acoustic_entropy_side": 8.985379219055176,
          "hz": 5656.929389854203
        },
        {
          "acoustic_entropy": 9.058853149414062,
          "acoustic_entropy_side": 9.020567893981934,
          "hz": 6219.891507268283
        },
        {
          "acoustic_entropy": 9.119806289672852,
          "acoustic_entropy_side": 8.951059341430664,
          "hz": 6832.70888123896
        },
        {
          "acoustic_entropy": 8.839226722717285,
          "acoustic_entropy_side": 9.043230056762695,
          "hz": 7499.796634079867
        },
        {
          "acoustic_entropy": 9.013121604919434,
          "acoustic_entropy_side": 9.045084953308105,
          "hz": 8225.96088609342
        },
        {
          "acoustic_entropy": 8.97140884399414,
          "acoustic_entropy_side": 9.012454986572266,
          "hz": 9016.43338188839
        },
        {
          "acoustic_entropy": 8.981562614440918,
          "acoustic_entropy_side": 9.02872085571289,
          "hz": 9876.909183162974
        },
        {
          "acoustic_entropy": 8.963970184326172,
          "acoustic_entropy_side": 8.988407135009766,
          "hz": 10813.587699516042
        },
        {
          "acoustic_entropy": 8.950337409973145,
          "acoustic_entropy_side": 8.983298301696777,
          "hz": 11833.21735289826
        },
        {
          "acoustic_entropy": 8.968806266784668,
          "acoustic_entropy_side": 9.010144233703613,
          "hz": 12943.144197493959
        },
        {
          "acoustic_entropy": 8.912388801574707,
          "acoustic_entropy_side": 8.981200218200684,
          "hz": 14151.364845322005
        },
        {
          "acoustic_entropy": 8.879108428955078,
          "acoustic_entropy_side": 8.957778930664062,
          "hz": 15466.58407886509
        },
        {
          "acoustic_entropy": 8.893595695495605,
          "acoustic_entropy_side": 8.919731140136719,
          "hz": 16898.27756580493
        },
        {
          "acoustic_entropy": 8.926671028137207,
          "acoustic_entropy_side": 8.923443794250488,
          "hz": 18456.760127700032
        },
        {
          "acoustic_entropy": 8.961710929870605,
          "acoustic_entropy_side": 8.974874496459961,
          "hz": 20153.260054456492
        },
        {
          "acoustic_entropy": 8.955950736999512,
          "acoustic_entropy_side": 8.964140892028809,
          "hz": 22000.00000000001
        }
      ],
      "diff_acoustic_entropy": 11.138579368591309,
      "sn": 12
    },
    {
      "acoustic_entropy": 13.615860939025879,
      "acoustic_entropy_mono": 13.00753116607666,
      "band_eliminated_acoustic_entropies": [
        {
          "acoustic_entropy": 14.040056228637695,
          "acoustic_entropy_side": 13.620152473449707,
          "hz": 129.47220167065723
        },
        {
          "acoustic_entropy": 14.623746871948242,
          "acoustic_entropy_side": 13.725994110107422,
          "hz": 202.92927478742237
        },
        {
          "acoustic_entropy": 14.460898399353027,
          "acoustic_entropy_side": 13.862212181091309,
          "hz": 282.89161906338205
        },
        {
          "acoustic_entropy": 14.075897216796875,
          "acoustic_entropy_side": 13.999481201171875,
          "hz": 369.9353335868758
        },
        {
          "acoustic_entropy": 14.142492294311523,
          "acoustic_entropy_side": 13.930132865905762,
          "hz": 464.6875360973435
        },
        {
          "acoustic_entropy": 13.686209678649902,
          "acoustic_entropy_side": 14.680631637573242,
          "hz": 567.8308811364784
        },
        {
          "acoustic_entropy": 14.39450454711914,
          "acoustic_entropy_side": 14.111276626586914,
          "hz": 680.1084783214808
        },
        {
          "acoustic_entropy": 14.278060913085938,
          "acoustic_entropy_side": 14.067758560180664,
          "hz": 802.3292461747484
        },
        {
          "acoustic_entropy": 14.111432075500488,
          "acoustic_entropy_side": 13.3343505859375,
          "hz": 935.3737400823702
        },
        {
          "acoustic_entropy": 14.313153266906738,
          "acoustic_entropy_side": 14.08367919921875,
          "hz": 1080.2004963696966
        },
        {
          "acoustic_entropy": 14.221395492553711,
          "acoustic_entropy_side": 13.77071475982666,
          "hz": 1237.8529382007157
        },
        {
          "acoustic_entropy": 13.785812377929688,
          "acoustic_entropy_side": 13.794541358947754,
          "hz": 1409.4668930556702
        },
        {
          "acoustic_entropy": 13.909430503845215,
          "acoustic_entropy_side": 14.21069049835205,
          "hz": 1596.2787759475705
        },
        {
          "acoustic_entropy": 14.109029769897461,
          "acoustic_entropy_side": 14.05488109588623,
          "hz": 1799.6344973346393
        },
        {
          "acoustic_entropy": 13.7564697265625,
          "acoustic_entropy_side": 13.755949020385742,
          "hz": 2020.9991599069049
        },
        {
          "acoustic_entropy": 13.743292808532715,
          "acoustic_entropy_side": 13.642753601074219,
          "hz": 2261.9676141086993
        },
        {
          "acoustic_entropy": 14.296992301940918,
          "acoustic_entropy_side": 14.006204605102539,
          "hz": 2524.2759484456974
        },
        {
          "acoustic_entropy": 13.259632110595703,
          "acoustic_entropy_side": 13.434186935424805,
          "hz": 2809.813997359896
        },
        {
          "acoustic_entropy": 13.795480728149414,
          "acoustic_entropy_side": 13.574197769165039,
