{
  "acoustic_entropy": 232.4176788330078,
  "bands": [
    {
      "high_freq": 148.1999969482422,
      "loudness": -23.151405334472656,
      "loudness_range": 14.026912689208984,
      "mid_mean": -19.935758590698242,
      "mid_to_side_loudness": -14.482965469360352,
      "mid_to_side_loudness_range": 22.704652786254883,
      "side_mean": -34.04957962036133
    },
    {
      "high_freq": 392.3793640136719,
      "loudness": -22.500274658203125,
      "loudness_range": 10.302495956420898,
      "low_freq": 148.1999969482422,
      "mid_mean": -19.939104080200195,
      "mid_to_side_loudness": -6.6466875076293945,
      "mid_to_side_loudness_range": 11.169995307922363,
      "side_mean": -25.981151580810547
    },
    {
      "high_freq": 794.6976318359375,
      "loudness": -23.42115020751953,
      "loudness_range": 13.290679931640625,
      "low_freq": 392.3793640136719,
      "mid_mean": -20.51478385925293,
      "mid_to_side_loudness": -8.946969032287598,
      "mid_to_side_loudness_range": 13.812464714050293,
      "side_mean": -29.05486297607422
    },
    {
      "high_freq": 1457.5709228515625,
      "loudness": -24.664012908935547,
      "loudness_range": 17.757144927978516,
      "low_freq": 794.6976318359375,
      "mid_mean": -21.763099670410156,
      "mid_to_side_loudness": -9.666885375976562,
      "mid_to_side_loudness_range": 15.058248519897461,
      "side_mean": -30.94881820678711
    },
    {
      "high_freq": 2549.74365234375,
      "loudness": -24.824323654174805,
      "loudness_range": 15.246236801147461,
      "low_freq": 1457.5709228515625,
      "mid_mean": -21.971332550048828,
      "mid_to_side_loudness": -9.557114601135254,
      "mid_to_side_loudness_range": 16.633350372314453,
      "side_mean": -31.015737533569336
    },
    {
      "high_freq": 4349.24462890625,
      "loudness": -26.518592834472656,
      "loudness_range": 11.825706481933594,
      "low_freq": 2549.74365234375,
      "mid_mean": -23.552576065063477,
      "mid_to_side_loudness": -9.982778549194336,
      "mid_to_side_loudness_range": 16.009218215942383,
      "side_mean": -33.11906051635742
    },
    {
      "high_freq": 7314.1640625,
      "loudness": -30.364151000976562,
      "loudness_range": 12.479362487792969,
      "low_freq": 4349.24462890625,
      "mid_mean": -27.19611358642578,
      "mid_to_side_loudness": -10.901998519897461,
      "mid_to_side_loudness_range": 14.167241096496582,
      "side_mean": -37.96065139770508
    },
    {
      "high_freq": 12199.2666015625,
      "loudness": -31.550765991210938,
      "loudness_range": 13.90679931640625,
      "low_freq": 7314.1640625,
      "mid_mean": -28.60858726501465,
      "mid_to_side_loudness": -10.162503242492676,
      "mid_to_side_loudness_range": 16.15616226196289,
      "side_mean": -38.36436462402344
    },
    {
      "loudness": -38.1260986328125,
      "loudness_range": 14.828557968139648,
      "low_freq": 12199.2666015625,
      "mid_mean": -35.484291076660156,
      "mid_to_side_loudness": -8.661940574645996,
      "mid_to_side_loudness_range": 15.548547744750977,
      "side_mean": -43.77518844604492
    }
  ],
  "bands_short": [
    {
      "high_freq": 148.1999969482422,
      "loudness": -26.96474838256836,
      "loudness_range": 24.014379501342773,
      "mid_mean": -24.051239013671875,
      "mid_to_side_loudness": -14.322338104248047,
      "mid_to_side_loudness_range": 24.502145767211914,
      "side_mean": -38.904632568359375
    },
    {
      "high_freq": 392.3793640136719,
      "loudness": -22.646011352539062,
      "loudness_range": 13.693720817565918,
      "low_freq": 148.1999969482422,
      "mid_mean": -20.254253387451172,
      "mid_to_side_loudness": -7.0498046875,
      "mid_to_side_loudness_range": 16.142681121826172,
      "side_mean": -26.808183670043945
    },
    {
      "high_freq": 794.6976318359375,
      "loudness": -24.213449478149414,
      "loudness_range": 17.67304229736328,
      "low_freq": 392.3793640136719,
      "mid_mean": -21.522382736206055,
      "mid_to_side_loudness": -7.984405994415283,
      "mid_to_side_loudness_range": 16.928638458251953,
      "side_mean": -29.525598526000977
    },
    {
      "high_freq": 1457.5709228515625,
      "loudness": -26.046161651611328,
      "loudness_range": 21.817777633666992,
      "low_freq": 794.6976318359375,
      "mid_mean": -23.374677658081055,
      "mid_to_side_loudness": -8.763321876525879,
      "mid_to_side_loudness_range": 17.847553253173828,
      "side_mean": -31.96906089782715
    },
    {
      "high_freq": 2549.74365234375,
      "loudness": -26.632568359375,
      "loudness_range": 20.744903564453125,
      "low_freq": 1457.5709228515625,
      "mid_mean": -24.05702781677246,
      "mid_to_side_loudness": -8.47276496887207,
      "mid_to_side_loudness_range": 17.94601821899414,
      "side_mean": -32.29203414916992
    },
    {
      "high_freq": 4349.24462890625,
      "loudness": -28.110273361206055,
      "loudness_range": 18.572174072265625,
      "low_freq": 2549.74365234375,
      "mid_mean": -25.41704750061035,
      "mid_to_side_loudness": -9.374919891357422,
      "mid_to_side_loudness_range": 20.02408790588379,
      "side_mean": -34.75754165649414
    },
    {
      "high_freq": 7314.1640625,
      "loudness": -32.97271728515625,
      "loudness_range": 20.89471435546875,
      "low_freq": 4349.24462890625,
      "mid_mean": -30.003767013549805,
      "mid_to_side_loudness": -10.5392484664917,
      "mid_to_side_loudness_range": 19.088584899902344,
      "side_mean": -40.98923873901367
    },
    {
      "high_freq": 12199.2666015625,
      "loudness": -35.05424118041992,
      "loudness_range": 23.4976806640625,
      "low_freq": 7314.1640625,
      "mid_mean": -32.373355865478516,
      "mid_to_side_loudness": -10.118605613708496,
      "mid_to_side_loudness_range": 18.884578704833984,
      "side_mean": -42.64271545410156
    },
    {
      "loudness": -43.34202575683594,
      "loudness_range": 26.4390869140625,
      "low_freq": 12199.2666015625,
      "mid_mean": -40.938758850097656,
      "mid_to_side_loudness": -8.67536449432373,
      "mid_to_side_loudness_range": 16.88648223876953,
      "side_mean": -51.71245193481445
    }
  ],
  "bandwidth": 654.0285034179688,
  "channels": 2,
  "covariance": [
    [
      34.687217712402344,
      13.528830528259277,
      9.22343635559082,
      6.422693252563477,
      4.0870490074157715,
      7.945256233215332,
      1.6679493188858032,
      7.4153594970703125,
      3.4256439208984375,
      8.824888229370117,
      1.6975922584533691,
      7.799993991851807,
      0.4554636776447296,
      5.099685192108154,
      -2.3050734996795654,
      1.041491985321045,
      0.30719178915023804,
      2.8517673015594482
    ],
    [
      13.528830528259277,
      47.606693267822266,
      11.046221733093262,
      15.126283645629883,
      8.577921867370605,
      11.493561744689941,
      8.426207542419434,
      11.791994094848633,
      8.650700569152832,
      13.695487976074219,
      5.510889053344727,
      13.819001197814941,
      5.448104381561279,
      15.884719848632812,
      3.6136209964752197,
      14.294180870056152,
      5.696319580078125,
      17.09552001953125
    ],
    [
      9.22343635559082,
      11.046221733093262,
      17.202516555786133,
      11.636018753051758,
      12.70871353149414,
      11.379216194152832,
      10.675169944763184,
      11.860600471496582,
      10.640734672546387,
      10.161935806274414,
      8.479999542236328,
      8.556015968322754,
      8.646108627319336,
      10.159308433532715,
      6.388953685760498,
      8.259539604187012,
      6.701837539672852,
      7.839593410491943
    ],
    [
      6.422693252563477,
      15.126283645629883,
      11.636018753051758,
      24.607147216796875,
      11.94986629486084,
      18.86029052734375,
      13.511119842529297,
      19.40674591064453,
      12.019343376159668,
      20.675600051879883,
      9.453351974487305,
      17.86687660217285,
      7.551513671875,
      17.075763702392578,
      6.570804119110107,
      16.98993682861328,
      7.487032890319824,
      15.49538516998291
    ],
    [
      4.0870490074157715,
      8.577921867370605,
      12.70871353149414,
      11.94986629486084,
      27.75904083251953,
      16.553274154663086,
      25.263940811157227,
      17.63042449951172,
      18.79450225830078,
      14.228167533874512,
      14.787389755249023,
      9.012283325195312,
      10.795835494995117,
      11.441474914550781,
      8.924179077148438,
      11.026042938232422,
      9.047468185424805,
      9.265337944030762
    ],
    [
      7.945256233215332,
      11.493561744689941,
      11.379216194152832,
      18.86029052734375,
      16.553274154663086,
      34.062110900878906,
      19.728364944458008,
      30.534948348999023,
      15.588177680969238,
      27.073007583618164,
      12.427438735961914,
      21.17115020751953,
      9.936152458190918,
      16.951309204101562,
      8.226828575134277,
      14.131477355957031,
      8.202152252197266,
      11.126097679138184
    ],
    [
      1.6679493188858032,
      8.426207542419434,
      10.675169944763184,
      13.511119842529297,
      25.263940811157227,
      19.728364944458008,
      40.814876556396484,
      24.96685218811035,
      26.1075439453125,
      21.79267120361328,
      18.416278839111328,
      15.060529708862305,
      14.055607795715332,
      17.524066925048828,
      12.599876403808594,
      17.09773063659668,
      12.857504844665527,
      14.349154472351074
    ],
    [
      7.4153594970703125,
      11.791994094848633,
      11.860600471496582,
      19.40674591064453,
      17.63042449951172,
      30.534948348999023,
      24.96685218811035,
      43.357913970947266,
      18.921974182128906,
      35.92622375488281,
      13.548199653625488,
      26.464553833007812,
      12.337834358215332,
      21.466337203979492,
      9.269657135009766,
      15.981253623962402,
      10.102920532226562,
      12.815345764160156
    ],
    [
      3.4256439208984375,
      8.650700569152832,
      10.640734672546387,
      12.019343376159668,
      18.79450225830078,
      15.588177680969238,
      26.1075439453125,
      18.921974182128906,
      33.781333923339844,
      22.92765998840332,
      21.816600799560547,
      16.914281845092773,
      15.960860252380371,
      18.676889419555664,
      15.591876029968262,
      18.401580810546875,
      16.125829696655273,
      16.819766998291016
    ],
    [
      8.824888229370117,
      13.695487976074219,
      10.161935806274414,
      20.675600051879883,
      14.228167533874512,
      27.073007583618164,
      21.79267120361328,
      35.92622375488281,
      22.92765998840332,
      49.72695541381836,
      15.871394157409668,
      37.9337043762207,
      12.344465255737305,
      27.66152000427246,
      10.05496883392334,
      22.420490264892578,
      12.50903034210205,
      19.63509750366211
    ],
    [
      1.6975922584533691,
      5.510889053344727,
      8.479999542236328,
      9.453351974487305,
      14.787389755249023,
      12.427438735961914,
      18.416278839111328,
      13.548199653625488,
      21.816600799560547,
      15.871394157409668,
      22.096452713012695,
      14.738704681396484,
      15.760099411010742,
      15.350448608398438,
      14.264511108398438,
      14.506343841552734,
      14.032307624816895,
      13.07363224029541
    ],
    [
      7.799993991851807,
      13.819001197814941,
      8.556015968322754,
      17.86687660217285,
      9.012283325195312,
      21.17115020751953,
      15.060529708862305,
      26.464553833007812,
      16.914281845092773,
      37.9337043762207,
      14.738704681396484,
      41.1790885925293,
      10.427228927612305,
      29.123432159423828,
      8.535900115966797,
      22.849407196044922,
      12.47304916381836,
      23.15082359313965
    ],
    [
      0.4554636776447296,
      5.448104381561279,
      8.646108627319336,
      7.551513671875,
      10.795835494995117,
      9.936152458190918,
      14.055607795715332,
      12.337834358215332,
      15.960860252380371,
      12.344465255737305,
      15.760099411010742,
      10.427228927612305,
      21.927288055419922,
      16.749164581298828,
      19.75377082824707,
      15.716208457946777,
      18.272565841674805,
      14.345909118652344
    ],
    [
      5.099685192108154,
      15.884719848632812,
      10.159308433532715,
      17.075763702392578,
      11.441474914550781,
      16.951309204101562,
      17.524066925048828,
      21.466337203979492,
      18.676889419555664,
      27.66152000427246,
      15.350448608398438,
      29.123432159423828,
      16.749164581298828,
      38.18012237548828,
      15.955911636352539,
      34.465858459472656,
      19.991273880004883,
      36.51690673828125
    ],
    [
      -2.3050734996795654,
      3.6136209964752197,
      6.388953685760498,
      6.570804119110107,
      8.924179077148438,
      8.226828575134277,
      12.599876403808594,
      9.269657135009766,
      15.591876029968262,
      10.05496883392334,
      14.264511108398438,
      8.535900115966797,
      19.75377082824707,
      15.955911636352539,
      28.619407653808594,
      21.474700927734375,
      25.5463924407959,
      20.25698471069336
    ],
    [
      1.041491985321045,
      14.294180870056152,
      8.259539604187012,
      16.98993682861328,
      11.026042938232422,
      14.131477355957031,
      17.09773063659668,
      15.981253623962402,
      18.401580810546875,
      22.420490264892578,
      14.506343841552734,
      22.849407196044922,
      15.716208457946777,
      34.465858459472656,
      21.474700927734375,
      52.39688491821289,
      26.824922561645508,
      53.4150276184082
    ],
    [
      0.30719178915023804,
      5.696319580078125,
      6.701837539672852,
      7.487032890319824,
      9.047468185424805,
      8.202152252197266,
      12.857504844665527,
      10.102920532226562,
      16.125829696655273,
      12.50903034210205,
      14.032307624816895,
      12.47304916381836,
      18.272565841674805,
      19.991273880004883,
      25.5463924407959,
      26.824922561645508,
      30.64720916748047,
      29.602937698364258
    ],
    [
      2.8517673015594482,
      17.09552001953125,
      7.839593410491943,
      15.49538516998291,
      9.265337944030762,
      11.126097679138184,
      14.349154472351074,
      12.815345764160156,
      16.819766998291016,
      19.63509750366211,
      13.07363224029541,
      23.15082359313965,
      14.345909118652344,
      36.51690673828125,
      20.25698471069336,
      53.4150276184082,
      29.602937698364258,
      65.0398178100586
    ]
  ],
  "covariance_short": [
    [
      88.97994232177734,
      31.35561752319336,
      16.940208435058594,
      4.741527557373047,
      7.832430839538574,
      6.4586358070373535,
      3.4095699787139893,
      5.427095890045166,
      6.301267147064209,
      6.104312419891357,
      5.990998268127441,
      4.770039081573486,
      6.030904293060303,
      1.9128859043121338,
      4.669915676116943,
      1.603298306465149,
      6.457009792327881,
      2.9257564544677734
    ],
    [
      31.35561752319336,
      67.83219909667969,
      13.17982292175293,
      14.707603454589844,
      8.2263765335083,
      9.584335327148438,
      5.323971271514893,
      6.686984062194824,
      7.779766082763672,
      9.680959701538086,
      6.034656524658203,
      10.918450355529785,
      7.581251621246338,
      13.136874198913574,
      7.005911350250244,
      13.030799865722656,
      9.907792091369629,
      17.76402473449707
    ],
    [
      16.940208435058594,
      13.17982292175293,
      30.213476181030273,
      16.641212463378906,
      19.499958038330078,
      15.849778175354004,
      17.03415870666504,
      16.596946716308594,
      17.97792625427246,
      15.649158477783203,
      16.359630584716797,
      14.039974212646484,
      17.44082260131836,
      18.906726837158203,
      14.968009948730469,
      16.216327667236328,
      16.093021392822266,
      26.010190963745117
    ],
    [
      4.741527557373047,
      14.707603454589844,
      16.641212463378906,
      41.10444259643555,
      19.19460105895996,
      29.800390243530273,
      21.47770881652832,
      27.864730834960938,
      20.722463607788086,
      28.22406005859375,
      17.40909194946289,
      27.668176651000977,
      15.194363594055176,
      29.60186195373535,
      13.065631866455078,
      27.007295608520508,
      14.121675491333008,
      30.656227111816406
    ],
    [
      7.832430839538574,
      8.2263765335083,
      19.499958038330078,
      19.19460105895996,
      44.771888732910156,
      26.196508407592773,
      36.51904296875,
      24.940860748291016,
      30.457199096679688,
      23.521501541137695,
      28.162677764892578,
      18.6021671295166,
      23.472009658813477,
      24.516210556030273,
      20.946672439575195,
      22.72452735900879,
      21.109577178955078,
      32.921085357666016
    ],
    [
      6.4586358070373535,
      9.584335327148438,
      15.849778175354004,
      29.800390243530273,
      26.196508407592773,
      50.44943618774414,
      29.11269760131836,
      39.98109436035156,
      26.03106117248535,
      37.20590591430664,
      21.647029876708984,
      34.610015869140625,
      17.801301956176758,
      33.54450607299805,
      15.124800682067871,
      29.207744598388672,
      15.627057075500488,
      33.184661865234375
    ],
    [
      3.4095699787139893,
      5.323971271514893,
      17.03415870666504,
      21.47770881652832,
      36.51904296875,
      29.11269760131836,
      63.40007019042969,
      36.085243225097656,
      40.40814971923828,
      33.20496368408203,
      33.87210464477539,
      26.6300048828125,
      28.81073570251465,
      34.30723571777344,
      25.50048828125,
      31.724149703979492,
      25.847373962402344,
      41.52644729614258
    ],
    [
      5.427095890045166,
      6.686984062194824,
      16.596946716308594,
      27.864730834960938,
      24.940860748291016,
      39.98109436035156,
      36.085243225097656,
      57.998416900634766,
      29.585254669189453,
      44.933372497558594,
      22.4777774810791,
      39.6046028137207,
      19.195114135742188,
      38.71543502807617,
      14.463583946228027,
      30.07408332824707,
      15.95419692993164,
      37.09822082519531
    ],
    [
      6.301267147064209,
      7.779766082763672,
      17.97792625427246,
      20.722463607788086,
      30.457199096679688,
      26.03106117248535,
      40.40814971923828,
      29.585254669189453,
      59.73347473144531,
      37.28117370605469,
      42.87625503540039,
      32.27365493774414,
      35.44472122192383,
      37.738224029541016,
      33.38997268676758,
      36.56312942504883,
      34.128177642822266,
      45.04692459106445
    ],
    [
      6.104312419891357,
      9.680959701538086,
      15.649158477783203,
      28.22406005859375,
      23.521501541137695,
      37.20590591430664,
      33.20496368408203,
      44.933372497558594,
      37.28117370605469,
      66.63419342041016,
      27.925405502319336,
      55.54096984863281,
      23.124624252319336,
      47.63264465332031,
      19.934572219848633,
      39.77128219604492,
      22.159488677978516,
      41.410125732421875
    ],
    [
      5.990998268127441,
      6.034656524658203,
      16.359630584716797,
      17.40909194946289,
      28.162677764892578,
      21.647029876708984,
      33.87210464477539,
      22.4777774810791,
      42.87625503540039,
      27.925405502319336,
      49.65138244628906,
      30.261760711669922,
      39.40108108520508,
      35.46660232543945,
      36.448001861572266,
      34.667236328125,
      36.89414596557617,
      41.7041130065918
    ],
    [
      4.770039081573486,
      10.918450355529785,
      14.039974212646484,
      27.668176651000977,
      18.6021671295166,
      34.610015869140625,
      26.6300048828125,
      39.6046028137207,
      32.27365493774414,
      55.54096984863281,
      30.261760711669922,
      67.81437683105469,
      23.91754913330078,
      53.63861846923828,
      21.619007110595703,
      45.87882995605469,
      26.333730697631836,
      46.18849563598633
    ],
    [
      6.030904293060303,
      7.581251621246338,
      17.44082260131836,
      15.194363594055176,
      23.472009658813477,
      17.801301956176758,
      28.81073570251465,
      19.195114135742188,
      35.44472122192383,
      23.124624252319336,
      39.40108108520508,
      23.91754913330078,
      56.5079231262207,
      40.463626861572266,
      51.932090759277344,
      43.670780181884766,
      52.38482666015625,
      52.30362319946289
    ],
    [
      1.9128859043121338,
      13.136874198913574,
      18.906726837158203,
      29.60186195373535,
      24.516210556030273,
      33.54450607299805,
      34.30723571777344,
      38.71543502807617,
      37.738224029541016,
      47.63264465332031,
      35.46660232543945,
      53.63861846923828,
      40.463626861572266,
      74.31562042236328,
      39.436344146728516,
      66.94354248046875,
      45.34679412841797,
      72.64500427246094
    ],
    [
      4.669915676116943,
      7.005911350250244,
      14.968009948730469,
      13.065631866455078,
      20.946672439575195,
      15.124800682067871,
      25.50048828125,
      14.463583946228027,
      33.38997268676758,
      19.934572219848633,
      36.448001861572266,
      21.619007110595703,
      51.932090759277344,
      39.436344146728516,
      69.11837768554688,
      53.95711898803711,
      66.95764923095703,
      61.581539154052734
    ],
    [
      1.603298306465149,
      13.030799865722656,
      16.216327667236328,
      27.007295608520508,
      22.72452735900879,
      29.207744598388672,
      31.724149703979492,
      30.07408332824707,
      36.56312942504883,
      39.77128219604492,
      34.667236328125,
      45.87882995605469,
      43.670780181884766,
      66.94354248046875,
      53.95711898803711,
      90.63504791259766,
      62.05918884277344,
      89.8537368774414
    ],
    [
      6.457009792327881,
      9.907792091369629,
      16.093021392822266,
      14.121675491333008,
      21.109577178955078,
      15.627057075500488,
      25.847373962402344,
      15.95419692993164,
      34.128177642822266,
      22.159488677978516,
      36.89414596557617,
      26.333730697631836,
      52.38482666015625,
      45.34679412841797,
      66.95764923095703,
      62.05918884277344,
      84.1919174194336,
      75.26679229736328
    ],
    [
      2.9257564544677734,
      17.76402473449707,
      26.010190963745117,
      30.656227111816406,
      32.921085357666016,
      33.184661865234375,
      41.52644729614258,
      37.09822082519531,
      45.04692459106445,
      41.410125732421875,
      41.7041130065918,
      46.18849563598633,
      52.30362319946289,
      72.64500427246094,
      61.581539154052734,
      89.8537368774414,
      75.26679229736328,
      122.73604583740234
    ]
  ],
  "damage": -8.520689964294434,
  "diff_bandwidth": 676.7147827148438,
  "dissonance": 9.416184113179973,
  "drr": 3.618619918823242,
  "dynamics": 3.2981619834899902,
  "format": 1245190,
  "frames": 13006848,
  "loudness": -11.496267318725586,
  "loudness_range": 8.183938980102539,
  "loudness_range_short": 12.338769912719727,
  "lowpass_true_peak_15khz": 1.3813183307647705,
  "mastering3_acoustic_entropies": [
    {
      "acoustic_entropy": 6.044660568237305,
      "acoustic_entropy_mono": 5.968203544616699,
      "band_eliminated_acoustic_entropies": [
        {
          "acoustic_entropy": 6.015773296356201,
          "acoustic_entropy_side": 6.044577598571777,
          "hz": 129.47220167065723
        },
        {
          "acoustic_entropy": 5.905227184295654,
          "acoustic_entropy_side": 6.069148540496826,
          "hz": 202.92927478742237
        },
        {
          "acoustic_entropy": 6.394346237182617,
          "acoustic_entropy_side": 6.132757663726807,
          "hz": 282.89161906338205
        },
        {
          "acoustic_entropy": 6.110650062561035,
          "acoustic_entropy_side": 6.039111614227295,
          "hz": 369.9353335868758
        },
        {
          "acoustic_entropy": 6.1363606452941895,
          "acoustic_entropy_side": 6.050637245178223,
          "hz": 464.6875360973435
        },
        {
          "acoustic_entropy": 6.432443618774414,
          "acoustic_entropy_side": 6.03945779800415,
          "hz": 567.8308811364784
        },
        {
          "acoustic_entropy": 5.996143817901611,
          "acoustic_entropy_side": 5.981884956359863,
          "hz": 680.1084783214808
        },
        {
          "acoustic_entropy": 6.108354568481445,
          "acoustic_entropy_side": 6.004162788391113,
          "hz": 802.3292461747484
        },
        {
          "acoustic_entropy": 5.801636219024658,
          "acoustic_entropy_side": 5.964079856872559,
          "hz": 935.3737400823702
        },
        {
          "acoustic_entropy": 5.91715145111084,
          "acoustic_entropy_side": 5.95822286605835,
          "hz": 1080.2004963696966
        },
        {
          "acoustic_entropy": 6.023344039916992,
          "acoustic_entropy_side": 5.872446537017822,
          "hz": 1237.8529382007157
        },
        {
          "acoustic_entropy": 6.076016902923584,
          "acoustic_entropy_side": 6.017544746398926,
          "hz": 1409.4668930556702
        },
        {
          "acoustic_entropy": 6.3690505027771,
          "acoustic_entropy_side": 6.0033793449401855,
          "hz": 1596.2787759475705
        },
        {
          "acoustic_entropy": 6.393587589263916,
          "acoustic_entropy_side": 6.018290996551514,
          "hz": 1799.6344973346393
        },
        {
          "acoustic_entropy": 6.005890846252441,
          "acoustic_entropy_side": 6.077157497406006,
          "hz": 2020.9991599069049
        },
        {
          "acoustic_entropy": 5.798376083374023,
          "acoustic_entropy_side": 6.000235080718994,
          "hz": 2261.9676141086993
        },
        {
          "acoustic_entropy": 5.851161003112793,
          "acoustic_entropy_side": 6.011964321136475,
          "hz": 2524.2759484456974
        },
        {
          "acoustic_entropy": 5.835751056671143,
          "acoustic_entropy_side": 6.026583671569824,
          "hz": 2809.813997359896
        },
        {
          "acoustic_entropy": 5.613551139831543,
          "acoustic_entropy_side": 6.015590190887451,
          "hz": 3120.6389567871424
        },
        {
          "acoustic_entropy": 5.891153335571289,
          "acoustic_entropy_side": 5.9951043128967285,
          "hz": 3458.990205492291
        },
        {
          "acoustic_entropy": 6.049672603607178,
          "acoustic_entropy_side": 6.016229629516602,
          "hz": 3827.305438964164
        },
        {
          "acoustic_entropy": 6.035158157348633,
          "acoustic_entropy_side": 6.014999866485596,
          "hz": 4228.238232109126
        },
        {
          "acoustic_entropy": 5.882404327392578,
          "acoustic_entropy_side": 6.011467456817627,
          "hz": 4664.6771572759235
        },
        {
          "acoustic_entropy": 5.965391159057617,
          "acoustic_entropy_side": 6.012495517730713,
          "hz": 5139.766595350093
        },
        {
          "acoustic_entropy": 5.949015140533447,
          "acoustic_entropy_side": 6.027922630310059,
          "hz": 5656.929389854203
        },
        {
          "acoustic_entropy": 5.929282188415527,
          "acoustic_entropy_side": 6.032346725463867,
          "hz": 6219.891507268283
        },
        {
          "acoustic_entropy": 5.924646377563477,
          "acoustic_entropy_side": 6.0329909324646,
          "hz": 6832.70888123896
        },
        {
          "acoustic_entropy": 5.963360786437988,
          "acoustic_entropy_side": 6.032689094543457,
          "hz": 7499.796634079867
        },
        {
          "acoustic_entropy": 5.8846845626831055,
          "acoustic_entropy_side": 5.996011734008789,
          "hz": 8225.96088609342
        },
        {
          "acoustic_entropy": 5.8585638999938965,
          "acoustic_entropy_side": 5.965754985809326,
          "hz": 9016.43338188839
        },
        {
          "acoustic_entropy": 5.92200231552124,
          "acoustic_entropy_side": 5.996814250946045,
          "hz": 9876.909183162974
        },
        {
          "acoustic_entropy": 5.897032260894775,
          "acoustic_entropy_side": 6.021628379821777,
          "hz": 10813.587699516042
        },
        {
          "acoustic_entropy": 5.742583751678467,
          "acoustic_entropy_side": 6.033881187438965,
          "hz": 11833.21735289826
        },
        {
          "acoustic_entropy": 5.765632152557373,
          "acoustic_entropy_side": 6.029296398162842,
          "hz": 12943.144197493959
        },
        {
          "acoustic_entropy": 5.94805908203125,
          "acoustic_entropy_side": 6.00446081161499,
          "hz": 14151.364845322005
        },
        {
          "acoustic_entropy": 5.966907978057861,
          "acoustic_entropy_side": 6.013033390045166,
          "hz": 15466.58407886509
        },
        {
          "acoustic_entropy": 5.980481147766113,
          "acoustic_entropy_side": 6.01417350769043,
          "hz": 16898.27756580493
        },
        {
          "acoustic_entropy": 6.031713008880615,
          "acoustic_entropy_side": 6.028999328613281,
          "hz": 18456.760127700032
        },
        {
          "acoustic_entropy": 6.019657135009766,
          "acoustic_entropy_side": 6.031925201416016,
          "hz": 20153.260054456492
        },
        {
          "acoustic_entropy": 6.041443347930908,
          "acoustic_entropy_side": 6.043120384216309,
          "hz": 22000.00000000001
        }
      ],
      "diff_acoustic_entropy": 6.807045936584473,
      "sn": 6
    },
    {
      "acoustic_entropy": 10.850723266601562,
      "acoustic_entropy_mono": 9.392178535461426,
      "band_eliminated_acoustic_entropies": [
        {
          "acoustic_entropy": 11.25804328918457,
          "acoustic_entropy_side": 10.855374336242676,
          "hz": 129.47220167065723
        },
        {
          "acoustic_entropy": 10.68032169342041,
          "acoustic_entropy_side": 11.073755264282227,
          "hz": 202.92927478742237
        },
        {
          "acoustic_entropy": 11.73403263092041,
          "acoustic_entropy_side": 11.142717361450195,
          "hz": 282.89161906338205
        },
        {
          "acoustic_entropy": 11.22571849822998,
          "acoustic_entropy_side": 11.109964370727539,
          "hz": 369.9353335868758
        },
        {
          "acoustic_entropy": 11.064762115478516,
          "acoustic_entropy_side": 10.503326416015625,
          "hz": 464.6875360973435
        },
        {
          "acoustic_entropy": 11.480711936950684,
          "acoustic_entropy_side": 10.777508735656738,
          "hz": 567.8308811364784
        },
        {
          "acoustic_entropy": 10.974268913269043,
          "acoustic_entropy_side": 10.924960136413574,
          "hz": 680.1084783214808
        },
        {
          "acoustic_entropy": 10.63879680633545,
          "acoustic_entropy_side": 10.520344734191895,
          "hz": 802.3292461747484
        },
        {
          "acoustic_entropy": 10.226128578186035,
          "acoustic_entropy_side": 10.418374061584473,
          "hz": 935.3737400823702
        },
        {
          "acoustic_entropy": 10.472436904907227,
          "acoustic_entropy_side": 10.695479393005371,
          "hz": 1080.2004963696966
        },
        {
          "acoustic_entropy": 11.52456283569336,
          "acoustic_entropy_side": 10.87663745880127,
          "hz": 1237.8529382007157
        },
        {
          "acoustic_entropy": 10.392223358154297,
          "acoustic_entropy_side": 10.820099830627441,
          "hz": 1409.4668930556702
        },
        {
          "acoustic_entropy": 11.541289329528809,
          "acoustic_entropy_side": 10.710184097290039,
          "hz": 1596.2787759475705
        },
        {
          "acoustic_entropy": 11.269889831542969,
          "acoustic_entropy_side": 11.054914474487305,
          "hz": 1799.6344973346393
        },
        {
          "acoustic_entropy": 10.922924995422363,
          "acoustic_entropy_side": 11.304028511047363,
          "hz": 2020.9991599069049
        },
        {
          "acoustic_entropy": 11.234148979187012,
          "acoustic_entropy_side": 10.702068328857422,
          "hz": 2261.9676141086993
        },
        {
          "acoustic_entropy": 11.096579551696777,
          "acoustic_entropy_side": 10.54134464263916,
          "hz": 2524.2759484456974
        },
        {
          "acoustic_entropy": 11.38257884979248,
          "acoustic_entropy_side": 10.675064086914062,
          "hz": 2809.813997359896
        },
        {
          "acoustic_entropy": 11.422204971313477,
          "acoustic_entropy_side": 10.78326416015625,
          "hz": 3120.6389567871424
        },
        {
          "acoustic_entropy": 10.537943840026855,
          "acoustic_entropy_side": 10.912378311157227,
          "hz": 3458.990205492291
        },
        {
          "acoustic_entropy": 11.197132110595703,
          "acoustic_entropy_side": 11.05257797241211,
          "hz": 3827.305438964164
        },
        {
          "acoustic_entropy": 10.881619453430176,
          "acoustic_entropy_side": 10.93110466003418,
          "hz": 4228.238232109126
        },
        {
          "acoustic_entropy": 10.720864295959473,
          "acoustic_entropy_side": 10.90832805633545,
          "hz": 4664.6771572759235
        },
        {
          "acoustic_entropy": 11.107327461242676,
          "acoustic_entropy_side": 10.870558738708496,
          "hz": 5139.766595350093
        },
        {
          "acoustic_entropy": 10.92730712890625,
          "acoustic_entropy_side": 10.827963829040527,
          "hz": 5656.929389854203
        },
        {
          "acoustic_entropy": 11.004833221435547,
          "acoustic_entropy_side": 10.809710502624512,
          "hz": 6219.891507268283
        },
        {
          "acoustic_entropy": 10.888187408447266,
          "acoustic_entropy_side": 10.783217430114746,
          "hz": 6832.70888123896
        },
        {
          "acoustic_entropy": 10.647899627685547,
          "acoustic_entropy_side": 10.813470840454102,
          "hz": 7499.796634079867
        },
        {
          "acoustic_entropy": 10.674123764038086,
          "acoustic_entropy_side": 10.74544906616211,
          "hz": 8225.96088609342
        },
        {
          "acoustic_entropy": 10.608512878417969,
          "acoustic_entropy_side": 10.679136276245117,
          "hz": 9016.43338188839
        },
        {
          "acoustic_entropy": 10.675054550170898,
          "acoustic_entropy_side": 10.758018493652344,
          "hz": 9876.909183162974
        },
        {
          "acoustic_entropy": 10.91544246673584,
          "acoustic_entropy_side": 10.750953674316406,
          "hz": 10813.587699516042
        },
        {
          "acoustic_entropy": 10.922595977783203,
          "acoustic_entropy_side": 10.828936576843262,
          "hz": 11833.21735289826
        },
        {
          "acoustic_entropy": 10.840507507324219,
          "acoustic_entropy_side": 10.846869468688965,
          "hz": 12943.144197493959
        },
        {
          "acoustic_entropy": 10.675505638122559,
          "acoustic_entropy_side": 10.785563468933105,
          "hz": 14151.364845322005
        },
        {
          "acoustic_entropy": 10.713748931884766,
          "acoustic_entropy_side": 10.82250690460205,
          "hz": 15466.58407886509
        },
        {
          "acoustic_entropy": 10.703624725341797,
          "acoustic_entropy_side": 10.83132553100586,
          "hz": 16898.27756580493
        },
        {
          "acoustic_entropy": 10.89958381652832,
          "acoustic_entropy_side": 10.846256256103516,
          "hz": 18456.760127700032
        },
        {
          "acoustic_entropy": 10.841046333312988,
          "acoustic_entropy_side": 10.846033096313477,
          "hz": 20153.260054456492
        },
        {
          "acoustic_entropy": 10.85628890991211,
          "acoustic_entropy_side": 10.848860740661621,
          "hz": 22000.00000000001
        }
      ],
      "diff_acoustic_entropy": 11.214481353759766,
      "sn": 12
    },
    {
      "acoustic_entropy": 18.797271728515625,
      "acoustic_entropy_mono": 14.500356674194336,
      "band_eliminated_acoustic_entropies": [
        {
          "acoustic_entropy": 17.483226776123047,
          "acoustic_entropy_side": 18.596832275390625,
          "hz": 129.47220167065723
        },
        {
          "acoustic_entropy": 19.211055755615234,
          "acoustic_entropy_side": 19.196428298950195,
          "hz": 202.92927478742237
        },
        {
          "acoustic_entropy": 19.1909236907959,
          "acoustic_entropy_side": 19.593019485473633,
          "hz": 282.89161906338205
        },
        {
          "acoustic_entropy": 19.220705032348633,
          "acoustic_entropy_side": 19.36533546447754,
          "hz": 369.9353335868758
        },
        {
          "acoustic_entropy": 18.6854305267334,
          "acoustic_entropy_side": 18.967914581298828,
          "hz": 464.6875360973435
        },
        {
          "acoustic_entropy": 19.403881072998047,
          "acoustic_entropy_side": 19.087371826171875,
          "hz": 567.8308811364784
        },
        {
          "acoustic_entropy": 19.117168426513672,
          "acoustic_entropy_side": 19.29215431213379,
          "hz": 680.1084783214808
        },
        {
          "acoustic_entropy": 19.215259552001953,
          "acoustic_entropy_side": 19.091440200805664,
          "hz": 802.3292461747484
        },
        {
          "acoustic_entropy": 19.125734329223633,
          "acoustic_entropy_side": 19.059814453125,
          "hz": 935.3737400823702
        },
        {
          "acoustic_entropy": 19.000064849853516,
          "acoustic_entropy_side": 19.328371047973633,
          "hz": 1080.2004963696966
        },
        {
          "acoustic_entropy": 18.8772029876709,
          "acoustic_entropy_side": 18.859373092651367,
          "hz": 1237.8529382007157
        },
        {
          "acoustic_entropy": 19.095300674438477,
          "acoustic_entropy_side": 19.06553077697754,
          "hz": 1409.4668930556702
        },
        {
          "acoustic_entropy": 19.042634963989258,
          "acoustic_entropy_side": 18.886137008666992,
          "hz": 1596.2787759475705
        },
        {
          "acoustic_entropy": 18.371152877807617,
          "acoustic_entropy_side": 18.94415283203125,
          "hz": 1799.6344973346393
        },
        {
          "acoustic_entropy": 18.798187255859375,
          "acoustic_entropy_side": 18.6977481842041,
          "hz": 2020.9991599069049
        },
        {
          "acoustic_entropy": 19.051626205444336,
          "acoustic_entropy_side": 19.061735153198242,
          "hz": 2261.9676141086993
        },
        {
          "acoustic_entropy": 18.671539306640625,
          "acoustic_entropy_side": 18.862844467163086,
          "hz": 2524.2759484456974
        },
        {
          "acoustic_entropy": 19.140249252319336,
          "acoustic_entropy_side": 19.00583839416504,
          "hz": 2809.813997359896
        },
        {
          "acoustic_entropy": 18.80167007446289,
