{
  "acoustic_entropy": 231.6105194091797,
  "bands": [
    {
      "high_freq": 148.1999969482422,
      "loudness": -22.644765853881836,
      "loudness_range": 17.516170501708984,
      "mid_mean": -19.331157684326172,
      "mid_to_side_loudness": -17.0570125579834,
      "mid_to_side_loudness_range": 24.902557373046875,
      "side_mean": -37.58340072631836
    },
    {
      "high_freq": 392.3793640136719,
      "loudness": -18.248638153076172,
      "loudness_range": 8.958818435668945,
      "low_freq": 148.1999969482422,
      "mid_mean": -15.632699012756348,
      "mid_to_side_loudness": -6.866695404052734,
      "mid_to_side_loudness_range": 11.514311790466309,
      "side_mean": -22.451440811157227
    },
    {
      "high_freq": 794.6976318359375,
      "loudness": -20.491252899169922,
      "loudness_range": 9.893348693847656,
      "low_freq": 392.3793640136719,
      "mid_mean": -17.627849578857422,
      "mid_to_side_loudness": -7.835367679595947,
      "mid_to_side_loudness_range": 9.938765525817871,
      "side_mean": -25.490013122558594
    },
    {
      "high_freq": 1457.5709228515625,
      "loudness": -23.756284713745117,
      "loudness_range": 17.28666114807129,
      "low_freq": 794.6976318359375,
      "mid_mean": -20.730579376220703,
      "mid_to_side_loudness": -9.193865776062012,
      "mid_to_side_loudness_range": 11.40280532836914,
      "side_mean": -30.006088256835938
    },
    {
      "high_freq": 2549.74365234375,
      "loudness": -23.433570861816406,
      "loudness_range": 16.687332153320312,
      "low_freq": 1457.5709228515625,
      "mid_mean": -20.438444137573242,
      "mid_to_side_loudness": -9.316454887390137,
      "mid_to_side_loudness_range": 11.641578674316406,
      "side_mean": -29.692686080932617
    },
    {
      "high_freq": 4349.24462890625,
      "loudness": -23.98597526550293,
      "loudness_range": 14.194496154785156,
      "low_freq": 2549.74365234375,
      "mid_mean": -20.901348114013672,
      "mid_to_side_loudness": -10.085522651672363,
      "mid_to_side_loudness_range": 11.96377944946289,
      "side_mean": -30.77134132385254
    },
    {
      "high_freq": 7314.1640625,
      "loudness": -26.148466110229492,
      "loudness_range": 15.376707077026367,
      "low_freq": 4349.24462890625,
      "mid_mean": -22.805768966674805,
      "mid_to_side_loudness": -12.517518997192383,
      "mid_to_side_loudness_range": 12.56525993347168,
      "side_mean": -35.30086135864258
    },
    {
      "high_freq": 12199.2666015625,
      "loudness": -28.484519958496094,
      "loudness_range": 15.284433364868164,
      "low_freq": 7314.1640625,
      "mid_mean": -25.07160186767578,
      "mid_to_side_loudness": -13.867085456848145,
      "mid_to_side_loudness_range": 14.002557754516602,
      "side_mean": -38.92667770385742
    },
    {
      "loudness": -36.956424713134766,
      "loudness_range": 16.426538467407227,
      "low_freq": 12199.2666015625,
      "mid_mean": -33.67466735839844,
      "mid_to_side_loudness": -12.823018074035645,
      "mid_to_side_loudness_range": 16.85767936706543,
      "side_mean": -46.122100830078125
    }
  ],
  "bands_short": [
    {
      "high_freq": 148.1999969482422,
      "loudness": -26.05458641052246,
      "loudness_range": 25.23816680908203,
      "mid_mean": -22.723237991333008,
      "mid_to_side_loudness": -19.199628829956055,
      "mid_to_side_loudness_range": 31.243106842041016,
      "side_mean": -44.115787506103516
    },
    {
      "high_freq": 392.3793640136719,
      "loudness": -18.632579803466797,
      "loudness_range": 11.116803169250488,
      "low_freq": 148.1999969482422,
      "mid_mean": -16.030336380004883,
      "mid_to_side_loudness": -7.146561622619629,
      "mid_to_side_loudness_range": 13.236966133117676,
      "side_mean": -23.147356033325195
    },
    {
      "high_freq": 794.6976318359375,
      "loudness": -20.47347068786621,
      "loudness_range": 11.573488235473633,
      "low_freq": 392.3793640136719,
      "mid_mean": -17.736169815063477,
      "mid_to_side_loudness": -7.681384086608887,
      "mid_to_side_loudness_range": 13.050821304321289,
      "side_mean": -25.444854736328125
    },
    {
      "high_freq": 1457.5709228515625,
      "loudness": -24.035486221313477,
      "loudness_range": 19.25014877319336,
      "low_freq": 794.6976318359375,
      "mid_mean": -21.17005729675293,
      "mid_to_side_loudness": -8.93929672241211,
      "mid_to_side_loudness_range": 14.903131484985352,
      "side_mean": -30.19264793395996
    },
    {
      "high_freq": 2549.74365234375,
      "loudness": -24.12651824951172,
      "loudness_range": 18.932880401611328,
      "low_freq": 1457.5709228515625,
      "mid_mean": -21.313093185424805,
      "mid_to_side_loudness": -8.804059028625488,
      "mid_to_side_loudness_range": 13.777846336364746,
      "side_mean": -30.03754234313965
    },
    {
      "high_freq": 4349.24462890625,
      "loudness": -24.633501052856445,
      "loudness_range": 17.17713165283203,
      "low_freq": 2549.74365234375,
      "mid_mean": -21.70000648498535,
      "mid_to_side_loudness": -9.6359224319458,
      "mid_to_side_loudness_range": 13.96017074584961,
      "side_mean": -31.12992286682129
    },
    {
      "high_freq": 7314.1640625,
      "loudness": -26.968536376953125,
      "loudness_range": 19.071964263916016,
      "low_freq": 4349.24462890625,
      "mid_mean": -23.771690368652344,
      "mid_to_side_loudness": -11.830862998962402,
      "mid_to_side_loudness_range": 15.297391891479492,
      "side_mean": -35.663726806640625
    },
    {
      "high_freq": 12199.2666015625,
      "loudness": -29.47869110107422,
      "loudness_range": 18.923818588256836,
      "low_freq": 7314.1640625,
      "mid_mean": -26.176410675048828,
      "mid_to_side_loudness": -13.549345016479492,
      "mid_to_side_loudness_range": 17.556690216064453,
      "side_mean": -40.10894012451172
    },
    {
      "loudness": -38.538482666015625,
      "loudness_range": 22.402862548828125,
      "low_freq": 12199.2666015625,
      "mid_mean": -35.36356735229492,
      "mid_to_side_loudness": -12.851302146911621,
      "mid_to_side_loudness_range": 19.25168228149414,
      "side_mean": -48.92425537109375
    }
  ],
  "bandwidth": 713.1721801757812,
  "channels": 2,
  "covariance": [
    [
      52.731895446777344,
      11.038684844970703,
      12.17004108428955,
      19.000614166259766,
      8.350388526916504,
      7.408427715301514,
      17.71272850036621,
      21.465293884277344,
      16.698699951171875,
      26.763046264648438,
      15.052946090698242,
      24.327669143676758,
      15.255838394165039,
      24.344385147094727,
      16.873899459838867,
      27.55963706970215,
      18.155269622802734,
      31.393735885620117
    ],
    [
      11.038684844970703,
      42.48960876464844,
      6.8994245529174805,
      17.23387336730957,
      5.940469741821289,
      4.010352611541748,
      11.457468032836914,
      15.359832763671875,
      11.998520851135254,
      19.96371841430664,
      10.48337459564209,
      18.145172119140625,
      8.027002334594727,
      16.73556900024414,
      8.471543312072754,
      17.67131233215332,
      9.725491523742676,
      18.493793487548828
    ],
    [
      12.17004108428955,
      6.8994245529174805,
      11.842154502868652,
      10.316718101501465,
      5.57911491394043,
      4.25954532623291,
      8.184355735778809,
      9.752126693725586,
      7.149615287780762,
      10.209638595581055,
      8.472779273986816,
      9.619152069091797,
      8.542536735534668,
      10.214644432067871,
      7.819797039031982,
      10.954278945922852,
      7.837405204772949,
      11.424566268920898
    ],
    [
      19.000614166259766,
      17.23387336730957,
      10.316718101501465,
      26.728012084960938,
      8.95077133178711,
      6.663766860961914,
      19.78813362121582,
      23.389848709106445,
      17.58808135986328,
      26.87612533569336,
      16.668746948242188,
      25.502771377563477,
      15.931740760803223,
      24.871551513671875,
      14.714166641235352,
      25.717670440673828,
      16.36322784423828,
      28.474740982055664
    ],
    [
      8.350388526916504,
      5.940469741821289,
      5.57911491394043,
      8.95077133178711,
      16.4442195892334,
      7.237340450286865,
      14.506275177001953,
      9.616693496704102,
      13.382240295410156,
      11.11861801147461,
      11.003108978271484,
      10.871119499206543,
      10.066844940185547,
      10.841500282287598,
      10.087774276733398,
      10.618291854858398,
      8.069815635681152,
      11.062150001525879
    ],
    [
      7.408427715301514,
      4.010352611541748,
      4.25954532623291,
      6.663766860961914,
      7.237340450286865,
      10.792245864868164,
      7.650668144226074,
      9.124798774719238,
      6.699519634246826,
      9.060994148254395,
      5.971805572509766,
      7.735110282897949,
      6.105839252471924,
      8.098150253295898,
      5.540698051452637,
      8.912266731262207,
      6.515261173248291,
      9.089417457580566
    ],
    [
      17.71272850036621,
      11.457468032836914,
      8.184355735778809,
      19.78813362121582,
      14.506275177001953,
      7.650668144226074,
      39.439964294433594,
      28.29377555847168,
      30.864778518676758,
      29.683069229125977,
      22.34874725341797,
      26.73402214050293,
      21.81236457824707,
      26.365156173706055,
      20.419782638549805,
      28.05776596069336,
      20.496355056762695,
      30.863176345825195
    ],
    [
      21.465293884277344,
      15.359832763671875,
      9.752126693725586,
      23.389848709106445,
      9.616693496704102,
      9.124798774719238,
      28.29377555847168,
      35.7802734375,
      23.874340057373047,
      35.03224182128906,
      22.1082820892334,
      32.45274353027344,
      21.5530948638916,
      31.37805938720703,
      20.011035919189453,
      34.27757263183594,
      23.176992416381836,
      38.31985092163086
    ],
    [
      16.698699951171875,
      11.998520851135254,
      7.149615287780762,
      17.58808135986328,
      13.382240295410156,
      6.699519634246826,
      30.864778518676758,
      23.874340057373047,
      34.58953094482422,
      30.6027889251709,
      21.91863441467285,
      25.880855560302734,
      21.214651107788086,
      25.52947998046875,
      20.741931915283203,
      27.197160720825195,
      20.141931533813477,
      29.726350784301758
    ],
    [
      26.763046264648438,
      19.96371841430664,
      10.209638595581055,
      26.87612533569336,
      11.11861801147461,
      9.060994148254395,
      29.683069229125977,
      35.03224182128906,
      30.6027889251709,
      46.30873489379883,
      25.177101135253906,
      39.741676330566406,
      23.607364654541016,
      37.34323501586914,
      22.626188278198242,
      39.42179489135742,
      24.768888473510742,
      42.799747467041016
    ],
    [
      15.052946090698242,
      10.48337459564209,
      8.472779273986816,
      16.668746948242188,
      11.003108978271484,
      5.971805572509766,
      22.34874725341797,
      22.1082820892334,
      21.91863441467285,
      25.177101135253906,
      30.747976303100586,
      27.223983764648438,
      26.548585891723633,
      28.90074920654297,
      22.94776725769043,
      28.679004669189453,
      21.764968872070312,
      29.44270133972168
    ],
    [
      24.327669143676758,
      18.145172119140625,
      9.619152069091797,
      25.502771377563477,
      10.871119499206543,
      7.735110282897949,
      26.73402214050293,
      32.45274353027344,
      25.880855560302734,
      39.741676330566406,
      27.223983764648438,
      44.877647399902344,
      25.28957748413086,
      41.5623893737793,
      23.23238182067871,
      41.90489959716797,
      25.242095947265625,
      44.660396575927734
    ],
    [
      15.255838394165039,
      8.027002334594727,
      8.542536735534668,
      15.931740760803223,
      10.066844940185547,
      6.105839252471924,
      21.81236457824707,
      21.5530948638916,
      21.214651107788086,
      23.607364654541016,
      26.548585891723633,
      25.28957748413086,
      31.681488037109375,
      29.564529418945312,
      27.563331604003906,
      31.471040725708008,
      26.50077247619629,
      32.8746337890625
    ],
    [
      24.344385147094727,
      16.73556900024414,
      10.214644432067871,
      24.871551513671875,
      10.841500282287598,
      8.098150253295898,
      26.365156173706055,
      31.37805938720703,
      25.52947998046875,
      37.34323501586914,
      28.90074920654297,
      41.5623893737793,
      29.564529418945312,
      47.74610900878906,
      26.66370964050293,
      48.11838912963867,
      28.739912033081055,
      50.82449722290039
    ],
    [
      16.873899459838867,
      8.471543312072754,
      7.819797039031982,
      14.714166641235352,
      10.087774276733398,
      5.540698051452637,
      20.419782638549805,
      20.011035919189453,
      20.741931915283203,
      22.626188278198242,
      22.94776725769043,
      23.23238182067871,
      27.563331604003906,
      26.66370964050293,
      32.35773468017578,
      32.81877136230469,
      30.216646194458008,
      34.630313873291016
    ],
    [
      27.55963706970215,
      17.67131233215332,
      10.954278945922852,
      25.717670440673828,
      10.618291854858398,
      8.912266731262207,
      28.05776596069336,
      34.27757263183594,
      27.197160720825195,
      39.42179489135742,
      28.679004669189453,
      41.90489959716797,
      31.471040725708008,
      48.11838912963867,
      32.81877136230469,
      60.52770233154297,
      35.85564041137695,
      65.13370513916016
    ],
    [
      18.155269622802734,
      9.725491523742676,
      7.837405204772949,
      16.36322784423828,
      8.069815635681152,
      6.515261173248291,
      20.496355056762695,
      23.176992416381836,
      20.141931533813477,
      24.768888473510742,
      21.764968872070312,
      25.242095947265625,
      26.50077247619629,
      28.739912033081055,
      30.216646194458008,
      35.85564041137695,
      37.04421615600586,
      42.65739822387695
    ],
    [
      31.393735885620117,
      18.493793487548828,
      11.424566268920898,
      28.474740982055664,
      11.062150001525879,
      9.089417457580566,
      30.863176345825195,
      38.31985092163086,
      29.726350784301758,
      42.799747467041016,
      29.44270133972168,
      44.660396575927734,
      32.8746337890625,
      50.82449722290039,
      34.630313873291016,
      65.13370513916016,
      42.65739822387695,
      84.66985321044922
    ]
  ],
  "covariance_short": [
    [
      85.18060302734375,
      20.15751838684082,
      17.979440689086914,
      23.941543579101562,
      10.835090637207031,
      11.638154029846191,
      25.101903915405273,
      29.174163818359375,
      26.838926315307617,
      34.63679885864258,
      23.306419372558594,
      31.320457458496094,
      22.649381637573242,
      29.919147491455078,
      23.92995262145996,
      33.45248031616211,
      26.80607032775879,
      42.02333068847656
    ],
    [
      20.15751838684082,
      62.6666145324707,
      11.566299438476562,
      19.627901077270508,
      9.505597114562988,
      7.884716510772705,
      13.964370727539062,
      16.22838020324707,
      14.198931694030762,
      19.818660736083984,
      14.187952995300293,
      18.723365783691406,
      14.023993492126465,
      18.804738998413086,
      12.847766876220703,
      20.59173011779785,
      14.603979110717773,
      25.351091384887695
    ],
    [
      17.979440689086914,
      11.566299438476562,
      17.961793899536133,
      13.014976501464844,
      7.271165370941162,
      6.321068286895752,
      10.784987449645996,
      12.561606407165527,
      10.507102012634277,
      12.993727684020996,
      12.013550758361816,
      12.909514427185059,
      11.802109718322754,
      13.262199401855469,
      10.299372673034668,
      14.44998550415039,
      11.591011047363281,
      17.75433921813965
    ],
    [
      23.941543579101562,
      19.627901077270508,
      13.014976501464844,
      30.829269409179688,
      9.209000587463379,
      8.798266410827637,
      20.393239974975586,
      24.358154296875,
      19.47285270690918,
      26.353757858276367,
      19.07909393310547,
      25.704076766967773,
      18.385204315185547,
      24.348596572875977,
      16.96617317199707,
      24.69169807434082,
      19.182804107666016,
      30.476110458374023
    ],
    [
      10.835090637207031,
      9.505597114562988,
      7.271165370941162,
      9.209000587463379,
      21.779224395751953,
      8.42393970489502,
      15.65896224975586,
      10.4505033493042,
      15.70500373840332,
      11.076772689819336,
      14.669404983520508,
      10.86091136932373,
      13.423632621765137,
      10.920066833496094,
      12.062933921813965,
      10.445270538330078,
      10.29903507232666,
      12.27178955078125
    ],
    [
      11.638154029846191,
      7.884716510772705,
      6.321068286895752,
      8.798266410827637,
      8.42393970489502,
      15.974922180175781,
      9.390456199645996,
      11.475445747375488,
      9.616301536560059,
      11.647809028625488,
      8.896507263183594,
      10.16860294342041,
      9.207876205444336,
      10.674930572509766,
      8.05413818359375,
      11.144804000854492,
      9.188478469848633,
      13.311668395996094
    ],
    [
      25.101903915405273,
      13.964370727539062,
      10.784987449645996,
      20.393239974975586,
      15.65896224975586,
      9.390456199645996,
      48.32766342163086,
      29.834224700927734,
      37.76083755493164,
      30.603761672973633,
      28.929981231689453,
      28.27781105041504,
      28.844318389892578,
      26.779020309448242,
      26.048860549926758,
      27.54648208618164,
      26.306503295898438,
      32.97199249267578
    ],
    [
      29.174163818359375,
      16.22838020324707,
      12.561606407165527,
      24.358154296875,
      10.4505033493042,
      11.475445747375488,
      29.834224700927734,
      40.96198654174805,
      27.67967414855957,
      36.37282943725586,
      25.8579158782959,
      34.39498519897461,
      24.84281349182129,
      32.21744155883789,
      22.404891967773438,
      34.018402099609375,
      26.134220123291016,
      41.25843811035156
    ],
    [
      26.838926315307617,
      14.198931694030762,
      10.507102012634277,
      19.47285270690918,
      15.70500373840332,
      9.616301536560059,
      37.76083755493164,
      27.67967414855957,
      47.700504302978516,
      35.366065979003906,
      31.08386993408203,
      30.76845359802246,
      30.710351943969727,
      29.224401473999023,
      28.326885223388672,
      30.40557861328125,
      28.28691864013672,
      36.4832649230957
    ],
    [
      34.63679885864258,
      19.818660736083984,
      12.993727684020996,
      26.353757858276367,
      11.076772689819336,
      11.647809028625488,
      30.603761672973633,
      36.37282943725586,
      35.366065979003906,
      50.42593002319336,
      29.930574417114258,
      41.61558532714844,
      28.353336334228516,
      38.339195251464844,
      25.786937713623047,
      39.648040771484375,
      29.436214447021484,
      46.2332649230957
    ],
    [
      23.306419372558594,
      14.187952995300293,
      12.013550758361816,
      19.07909393310547,
      14.669404983520508,
      8.896507263183594,
      28.929981231689453,
      25.8579158782959,
      31.08386993408203,
      29.930574417114258,
      44.17323303222656,
      33.13030242919922,
      38.427120208740234,
      34.02035903930664,
      32.57682800292969,
      34.19598388671875,
      31.894092559814453,
      38.69501495361328
    ],
    [
      31.320457458496094,
      18.723365783691406,
      12.909514427185059,
      25.704076766967773,
      10.86091136932373,
      10.16860294342041,
      28.27781105041504,
      34.39498519897461,
      30.76845359802246,
      41.61558532714844,
      33.13030242919922,
      50.28124237060547,
      31.518352508544922,
      44.6229248046875,
      27.79572296142578,
      44.67032241821289,
      31.500085830688477,
      51.45602798461914
    ],
    [
      22.649381637573242,
      14.023993492126465,
      11.802109718322754,
      18.385204315185547,
      13.423632621765137,
      9.207876205444336,
      28.844318389892578,
      24.84281349182129,
      30.710351943969727,
      28.353336334228516,
      38.427120208740234,
      31.518352508544922,
      48.72258758544922,
      35.93103790283203,
      40.751895904541016,
      38.58977127075195,
      40.207679748535156,
      44.16021728515625
    ],
    [
      29.919147491455078,
      18.804738998413086,
      13.262199401855469,
      24.348596572875977,
      10.920066833496094,
      10.674930572509766,
      26.779020309448242,
      32.21744155883789,
      29.224401473999023,
      38.339195251464844,
      34.02035903930664,
      44.6229248046875,
      35.93103790283203,
      52.91482925415039,
      31.56490135192871,
      51.427974700927734,
      34.75849914550781,
      58.053062438964844
    ],
    [
      23.92995262145996,
      12.847766876220703,
      10.299372673034668,
      16.96617317199707,
      12.062933921813965,
      8.05413818359375,
      26.048860549926758,
      22.404891967773438,
      28.326885223388672,
      25.786937713623047,
      32.57682800292969,
      27.79572296142578,
      40.751895904541016,
      31.56490135192871,
      50.57704162597656,
      39.914329528808594,
      47.540916442871094,
      45.31308364868164
    ],
    [
      33.45248031616211,
      20.59173011779785,
      14.44998550415039,
      24.69169807434082,
      10.445270538330078,
      11.144804000854492,
      27.54648208618164,
      34.018402099609375,
      30.40557861328125,
      39.648040771484375,
      34.19598388671875,
      44.67032241821289,
      38.58977127075195,
      51.427974700927734,
      39.914329528808594,
      67.35889434814453,
      45.23351287841797,
      74.20582580566406
    ],
    [
      26.80607032775879,
      14.603979110717773,
      11.591011047363281,
      19.182804107666016,
      10.29903507232666,
      9.188478469848633,
      26.306503295898438,
      26.134220123291016,
      28.28691864013672,
      29.436214447021484,
      31.894092559814453,
      31.500085830688477,
      40.207679748535156,
      34.75849914550781,
      47.540916442871094,
      45.23351287841797,
      62.93265151977539,
      58.355873107910156
    ],
    [
      42.02333068847656,
      25.351091384887695,
      17.75433921813965,
      30.476110458374023,
      12.27178955078125,
      13.311668395996094,
      32.97199249267578,
      41.25843811035156,
      36.4832649230957,
      46.2332649230957,
      38.69501495361328,
      51.45602798461914,
      44.16021728515625,
      58.053062438964844,
      45.31308364868164,
      74.20582580566406,
      58.355873107910156,
      103.1259536743164
    ]
  ],
  "damage": -4.912678241729736,
  "diff_bandwidth": 760.3229370117188,
  "dissonance": 8.903829033882143,
  "drr": 1.8082845211029053,
  "dynamics": 3.344054937362671,
  "format": 1245190,
  "frames": 11966464,
  "loudness": -9.223712921142578,
  "loudness_range": 8.810474395751953,
  "loudness_range_short": 10.3675537109375,
  "lowpass_true_peak_15khz": 1.358026385307312,
  "mastering3_acoustic_entropies": [
    {
      "acoustic_entropy": 7.458206653594971,
      "acoustic_entropy_mono": 7.968967437744141,
      "band_eliminated_acoustic_entropies": [
        {
          "acoustic_entropy": 7.491044044494629,
          "acoustic_entropy_side": 7.458179473876953,
          "hz": 129.47220167065723
        },
        {
          "acoustic_entropy": 7.546547889709473,
          "acoustic_entropy_side": 7.457963943481445,
          "hz": 202.92927478742237
        },
        {
          "acoustic_entropy": 7.423801898956299,
          "acoustic_entropy_side": 7.4134111404418945,
          "hz": 282.89161906338205
        },
        {
          "acoustic_entropy": 7.837351322174072,
          "acoustic_entropy_side": 7.568184852600098,
          "hz": 369.9353335868758
        },
        {
          "acoustic_entropy": 6.796417236328125,
          "acoustic_entropy_side": 7.493386268615723,
          "hz": 464.6875360973435
        },
        {
          "acoustic_entropy": 7.745622634887695,
          "acoustic_entropy_side": 7.526541233062744,
          "hz": 567.8308811364784
        },
        {
          "acoustic_entropy": 6.603921413421631,
          "acoustic_entropy_side": 7.48602294921875,
          "hz": 680.1084783214808
        },
        {
          "acoustic_entropy": 7.764532089233398,
          "acoustic_entropy_side": 7.566690921783447,
          "hz": 802.3292461747484
        },
        {
          "acoustic_entropy": 7.433164596557617,
          "acoustic_entropy_side": 7.455597400665283,
          "hz": 935.3737400823702
        },
        {
          "acoustic_entropy": 7.050447463989258,
          "acoustic_entropy_side": 7.312265396118164,
          "hz": 1080.2004963696966
        },
        {
          "acoustic_entropy": 7.772531032562256,
          "acoustic_entropy_side": 7.479607105255127,
          "hz": 1237.8529382007157
        },
        {
          "acoustic_entropy": 7.727314472198486,
          "acoustic_entropy_side": 7.465672016143799,
          "hz": 1409.4668930556702
        },
        {
          "acoustic_entropy": 7.452359676361084,
          "acoustic_entropy_side": 7.367844581604004,
          "hz": 1596.2787759475705
        },
        {
          "acoustic_entropy": 7.444211006164551,
          "acoustic_entropy_side": 7.413249492645264,
          "hz": 1799.6344973346393
        },
        {
          "acoustic_entropy": 7.720334529876709,
          "acoustic_entropy_side": 7.576884746551514,
          "hz": 2020.9991599069049
        },
        {
          "acoustic_entropy": 7.452876567840576,
          "acoustic_entropy_side": 7.44473123550415,
          "hz": 2261.9676141086993
        },
        {
          "acoustic_entropy": 6.887993812561035,
          "acoustic_entropy_side": 7.47498083114624,
          "hz": 2524.2759484456974
        },
        {
          "acoustic_entropy": 7.321007251739502,
          "acoustic_entropy_side": 7.461399555206299,
          "hz": 2809.813997359896
        },
        {
          "acoustic_entropy": 7.157193183898926,
          "acoustic_entropy_side": 7.366822719573975,
          "hz": 3120.6389567871424
        },
        {
          "acoustic_entropy": 7.102163791656494,
          "acoustic_entropy_side": 7.397487640380859,
          "hz": 3458.990205492291
        },
        {
          "acoustic_entropy": 7.324699878692627,
          "acoustic_entropy_side": 7.480801105499268,
          "hz": 3827.305438964164
        },
        {
          "acoustic_entropy": 7.374682426452637,
          "acoustic_entropy_side": 7.46000862121582,
          "hz": 4228.238232109126
        },
        {
          "acoustic_entropy": 7.3837480545043945,
          "acoustic_entropy_side": 7.433378219604492,
          "hz": 4664.6771572759235
        },
        {
          "acoustic_entropy": 7.277246475219727,
          "acoustic_entropy_side": 7.464570999145508,
          "hz": 5139.766595350093
        },
        {
          "acoustic_entropy": 7.284176349639893,
          "acoustic_entropy_side": 7.476648330688477,
          "hz": 5656.929389854203
        },
        {
          "acoustic_entropy": 7.436505317687988,
          "acoustic_entropy_side": 7.478304862976074,
          "hz": 6219.891507268283
        },
        {
          "acoustic_entropy": 7.394405841827393,
          "acoustic_entropy_side": 7.480343341827393,
          "hz": 6832.70888123896
        },
        {
          "acoustic_entropy": 7.364151954650879,
          "acoustic_entropy_side": 7.471154689788818,
          "hz": 7499.796634079867
        },
        {
          "acoustic_entropy": 7.4015631675720215,
          "acoustic_entropy_side": 7.470881462097168,
          "hz": 8225.96088609342
        },
        {
          "acoustic_entropy": 7.365772724151611,
          "acoustic_entropy_side": 7.466573238372803,
          "hz": 9016.43338188839
        },
        {
          "acoustic_entropy": 7.491937637329102,
          "acoustic_entropy_side": 7.464694499969482,
          "hz": 9876.909183162974
        },
        {
          "acoustic_entropy": 7.3855509757995605,
          "acoustic_entropy_side": 7.463531970977783,
          "hz": 10813.587699516042
        },
        {
          "acoustic_entropy": 7.333313941955566,
          "acoustic_entropy_side": 7.4617414474487305,
          "hz": 11833.21735289826
        },
        {
          "acoustic_entropy": 7.23222541809082,
          "acoustic_entropy_side": 7.455193042755127,
          "hz": 12943.144197493959
        },
        {
          "acoustic_entropy": 7.301599025726318,
          "acoustic_entropy_side": 7.453652858734131,
          "hz": 14151.364845322005
        },
        {
          "acoustic_entropy": 7.409457206726074,
          "acoustic_entropy_side": 7.457437038421631,
          "hz": 15466.58407886509
        },
        {
          "acoustic_entropy": 7.454192638397217,
          "acoustic_entropy_side": 7.458490371704102,
          "hz": 16898.27756580493
        },
        {
          "acoustic_entropy": 7.438754558563232,
          "acoustic_entropy_side": 7.458542823791504,
          "hz": 18456.760127700032
        },
        {
          "acoustic_entropy": 7.441993713378906,
          "acoustic_entropy_side": 7.458405017852783,
          "hz": 20153.260054456492
        },
        {
          "acoustic_entropy": 7.456645488739014,
          "acoustic_entropy_side": 7.458211421966553,
          "hz": 22000.00000000001
        }
      ],
      "diff_acoustic_entropy": 5.000055313110352,
      "sn": 6
    },
    {
      "acoustic_entropy": 12.015846252441406,
      "acoustic_entropy_mono": 11.121262550354004,
      "band_eliminated_acoustic_entropies": [
        {
          "acoustic_entropy": 11.571249008178711,
          "acoustic_entropy_side": 12.015870094299316,
          "hz": 129.47220167065723
        },
        {
          "acoustic_entropy": 11.669543266296387,
          "acoustic_entropy_side": 12.117364883422852,
          "hz": 202.92927478742237
        },
        {
          "acoustic_entropy": 12.40427303314209,
          "acoustic_entropy_side": 11.812945365905762,
          "hz": 282.89161906338205
        },
        {
          "acoustic_entropy": 12.079279899597168,
          "acoustic_entropy_side": 11.882088661193848,
          "hz": 369.9353335868758
        },
        {
          "acoustic_entropy": 11.926169395446777,
          "acoustic_entropy_side": 11.997762680053711,
          "hz": 464.6875360973435
        },
        {
          "acoustic_entropy": 12.881253242492676,
          "acoustic_entropy_side": 12.198716163635254,
          "hz": 567.8308811364784
        },
        {
          "acoustic_entropy": 12.024567604064941,
          "acoustic_entropy_side": 11.847395896911621,
          "hz": 680.1084783214808
        },
        {
          "acoustic_entropy": 12.970488548278809,
          "acoustic_entropy_side": 12.267178535461426,
          "hz": 802.3292461747484
        },
        {
          "acoustic_entropy": 11.963422775268555,
          "acoustic_entropy_side": 11.52560806274414,
          "hz": 935.3737400823702
        },
        {
          "acoustic_entropy": 12.739322662353516,
          "acoustic_entropy_side": 12.286572456359863,
          "hz": 1080.2004963696966
        },
        {
          "acoustic_entropy": 12.725316047668457,
          "acoustic_entropy_side": 12.100574493408203,
          "hz": 1237.8529382007157
        },
        {
          "acoustic_entropy": 12.803818702697754,
          "acoustic_entropy_side": 12.006536483764648,
          "hz": 1409.4668930556702
        },
        {
          "acoustic_entropy": 12.274950981140137,
          "acoustic_entropy_side": 11.882777214050293,
          "hz": 1596.2787759475705
        },
        {
          "acoustic_entropy": 12.399422645568848,
          "acoustic_entropy_side": 12.139159202575684,
          "hz": 1799.6344973346393
        },
        {
          "acoustic_entropy": 12.048014640808105,
          "acoustic_entropy_side": 12.199775695800781,
          "hz": 2020.9991599069049
        },
        {
          "acoustic_entropy": 12.32375717163086,
          "acoustic_entropy_side": 12.092331886291504,
          "hz": 2261.9676141086993
        },
        {
          "acoustic_entropy": 11.484138488769531,
          "acoustic_entropy_side": 12.44011116027832,
          "hz": 2524.2759484456974
        },
        {
          "acoustic_entropy": 12.224352836608887,
          "acoustic_entropy_side": 12.091325759887695,
          "hz": 2809.813997359896
        },
        {
          "acoustic_entropy": 12.381600379943848,
          "acoustic_entropy_side": 11.941760063171387,
          "hz": 3120.6389567871424
        },
        {
          "acoustic_entropy": 12.243776321411133,
          "acoustic_entropy_side": 11.798015594482422,
          "hz": 3458.990205492291
        },
        {
          "acoustic_entropy": 12.027448654174805,
          "acoustic_entropy_side": 11.879304885864258,
          "hz": 3827.305438964164
        },
        {
          "acoustic_entropy": 11.788305282592773,
          "acoustic_entropy_side": 11.94796085357666,
          "hz": 4228.238232109126
        },
        {
          "acoustic_entropy": 11.611027717590332,
          "acoustic_entropy_side": 11.900019645690918,
          "hz": 4664.6771572759235
        },
        {
          "acoustic_entropy": 11.271439552307129,
          "acoustic_entropy_side": 11.876562118530273,
          "hz": 5139.766595350093
        },
        {
          "acoustic_entropy": 12.028742790222168,
          "acoustic_entropy_side": 12.020108222961426,
          "hz": 5656.929389854203
        },
        {
          "acoustic_entropy": 12.129446029663086,
          "acoustic_entropy_side": 12.006293296813965,
          "hz": 6219.891507268283
        },
        {
          "acoustic_entropy": 12.165541648864746,
          "acoustic_entropy_side": 12.113507270812988,
          "hz": 6832.70888123896
        },
        {
          "acoustic_entropy": 12.291409492492676,
          "acoustic_entropy_side": 12.15252685546875,
          "hz": 7499.796634079867
        },
        {
          "acoustic_entropy": 12.106847763061523,
          "acoustic_entropy_side": 12.057791709899902,
          "hz": 8225.96088609342
        },
        {
          "acoustic_entropy": 11.965598106384277,
          "acoustic_entropy_side": 12.069230079650879,
          "hz": 9016.43338188839
        },
        {
          "acoustic_entropy": 12.398514747619629,
          "acoustic_entropy_side": 12.010656356811523,
          "hz": 9876.909183162974
        },
        {
          "acoustic_entropy": 12.89155101776123,
          "acoustic_entropy_side": 12.029454231262207,
          "hz": 10813.587699516042
        },
        {
          "acoustic_entropy": 12.57109260559082,
          "acoustic_entropy_side": 11.99282455444336,
          "hz": 11833.21735289826
        },
        {
          "acoustic_entropy": 11.960539817810059,
          "acoustic_entropy_side": 11.980546951293945,
          "hz": 12943.144197493959
        },
        {
          "acoustic_entropy": 12.569300651550293,
          "acoustic_entropy_side": 12.00287914276123,
          "hz": 14151.364845322005
        },
        {
          "acoustic_entropy": 12.178314208984375,
          "acoustic_entropy_side": 12.033010482788086,
          "hz": 15466.58407886509
        },
        {
          "acoustic_entropy": 12.037040710449219,
          "acoustic_entropy_side": 12.049586296081543,
          "hz": 16898.27756580493
        },
        {
          "acoustic_entropy": 12.17365837097168,
          "acoustic_entropy_side": 12.045832633972168,
          "hz": 18456.760127700032
        },
        {
          "acoustic_entropy": 12.294615745544434,
          "acoustic_entropy_side": 12.03670883178711,
          "hz": 20153.260054456492
        },
        {
          "acoustic_entropy": 12.11029052734375,
          "acoustic_entropy_side": 12.017696380615234,
          "hz": 22000.00000000001
        }
      ],
      "diff_acoustic_entropy": 8.1171293258667,
      "sn": 12
    },
    {
      "acoustic_entropy": 18.10869789123535,
      "acoustic_entropy_mono": 15.39598274230957,
      "band_eliminated_acoustic_entropies": [
        {
          "acoustic_entropy": 17.620813369750977,
          "acoustic_entropy_side": 18.096006393432617,
          "hz": 129.47220167065723
        },
        {
          "acoustic_entropy": 18.006803512573242,
          "acoustic_entropy_side": 18.4028377532959,
          "hz": 202.92927478742237
        },
        {
          "acoustic_entropy": 18.721542358398438,
          "acoustic_entropy_side": 18.607372283935547,
          "hz": 282.89161906338205
        },
        {
          "acoustic_entropy": 18.357852935791016,
          "acoustic_entropy_side": 18.24400520324707,
          "hz": 369.9353335868758
        },
        {
          "acoustic_entropy": 18.55606460571289,
          "acoustic_entropy_side": 17.926340103149414,
          "hz": 464.6875360973435
        },
        {
          "acoustic_entropy": 18.144298553466797,
          "acoustic_entropy_side": 17.973365783691406,
          "hz": 567.8308811364784
        },
        {
          "acoustic_entropy": 18.42845916748047,
          "acoustic_entropy_side": 18.40081787109375,
          "hz": 680.1084783214808
        },
        {
          "acoustic_entropy": 18.5555477142334,
          "acoustic_entropy_side": 18.224794387817383,
          "hz": 802.3292461747484
        },
        {
          "acoustic_entropy": 18.680225372314453,
          "acoustic_entropy_side": 17.714441299438477,
          "hz": 935.3737400823702
        },
        {
          "acoustic_entropy": 16.453981399536133,
          "acoustic_entropy_side": 17.432374954223633,
          "hz": 1080.2004963696966
        },
        {
          "acoustic_entropy": 19.193435668945312,
          "acoustic_entropy_side": 18.941890716552734,
          "hz": 1237.8529382007157
        },
        {
          "acoustic_entropy": 18.129907608032227,
          "acoustic_entropy_side": 17.57413101196289,
          "hz": 1409.4668930556702
        },
        {
          "acoustic_entropy": 18.97818946838379,
          "acoustic_entropy_side": 18.24791717529297,
          "hz": 1596.2787759475705
        },
        {
          "acoustic_entropy": 18.00930404663086,
          "acoustic_entropy_side": 17.835676193237305,
          "hz": 1799.6344973346393
        },
        {
          "acoustic_entropy": 18.081180572509766,
          "acoustic_entropy_side": 18.212902069091797,
          "hz": 2020.9991599069049
        },
        {
          "acoustic_entropy": 17.899642944335938,
          "acoustic_entropy_side": 18.00022315979004,
          "hz": 2261.9676141086993
        },
        {
          "acoustic_entropy": 18.382104873657227,
          "acoustic_entropy_side": 18.37688446044922,
          "hz": 2524.2759484456974
        },
        {
          "acoustic_entropy": 18.914695739746094,
          "acoustic_entropy_side": 18.28934669494629,
          "hz": 2809.813997359896
        },
        {
          "acoustic_entropy": 18.078723907470703,
