{
  "acoustic_entropy": 109.82850646972656,
  "bands": [
    {
      "high_freq": 148.1999969482422,
      "loudness": -50.44701385498047,
      "loudness_range": 49.231624603271484,
      "mid_mean": -47.748287200927734,
      "mid_to_side_loudness": -6.742774486541748,
      "mid_to_side_loudness_range": 12.730709075927734,
      "side_mean": -53.47068405151367
    },
    {
      "high_freq": 392.3793640136719,
      "loudness": -51.38751220703125,
      "loudness_range": 36.22861862182617,
      "low_freq": 148.1999969482422,
      "mid_mean": -47.98413848876953,
      "mid_to_side_loudness": -10.28154468536377,
      "mid_to_side_loudness_range": 6.175897598266602,
      "side_mean": -57.024574279785156
    },
    {
      "high_freq": 794.6976318359375,
      "loudness": -40.094635009765625,
      "loudness_range": 22.836942672729492,
      "low_freq": 392.3793640136719,
      "mid_mean": -37.020660400390625,
      "mid_to_side_loudness": -9.65918254852295,
      "mid_to_side_loudness_range": 4.963295936584473,
      "side_mean": -46.81039047241211
    },
    {
      "high_freq": 1457.5709228515625,
      "loudness": -38.71792984008789,
      "loudness_range": 17.12025260925293,
      "low_freq": 794.6976318359375,
      "mid_mean": -35.41281509399414,
      "mid_to_side_loudness": -12.303508758544922,
      "mid_to_side_loudness_range": 6.485987663269043,
      "side_mean": -49.44889831542969
    },
    {
      "high_freq": 2549.74365234375,
      "loudness": -40.521629333496094,
      "loudness_range": 18.683242797851562,
      "low_freq": 1457.5709228515625,
      "mid_mean": -37.2099494934082,
      "mid_to_side_loudness": -10.704574584960938,
      "mid_to_side_loudness_range": 5.16654109954834,
      "side_mean": -48.05802536010742
    },
    {
      "high_freq": 4349.24462890625,
      "loudness": -45.063106536865234,
      "loudness_range": 27.450965881347656,
      "low_freq": 2549.74365234375,
      "mid_mean": -42.50486373901367,
      "mid_to_side_loudness": -8.164743423461914,
      "mid_to_side_loudness_range": 5.0689873695373535,
      "side_mean": -51.89153289794922
    },
    {
      "high_freq": 7314.1640625,
      "loudness": -62.40380096435547,
      "loudness_range": 22.48326873779297,
      "low_freq": 4349.24462890625,
      "mid_mean": -58.77505111694336,
      "mid_to_side_loudness": -6.046011924743652,
      "mid_to_side_loudness_range": 6.9341721534729,
      "side_mean": -63.721195220947266
    },
    {
      "high_freq": 12199.2666015625,
      "loudness": -69.06179809570312,
      "loudness_range": 14.378856658935547,
      "low_freq": 7314.1640625,
      "mid_mean": -64.9999008178711,
      "mid_to_side_loudness": -2.512822151184082,
      "mid_to_side_loudness_range": 4.954607009887695,
      "side_mean": -66.67537689208984
    },
    {
      "loudness": -72.5401382446289,
      "loudness_range": 12.185237884521484,
      "low_freq": 12199.2666015625,
      "mid_mean": -67.24720001220703,
      "mid_to_side_loudness": -0.8868930339813232,
      "mid_to_side_loudness_range": 2.0750412940979004,
      "side_mean": -67.81009674072266
    }
  ],
  "bands_short": [
    {
      "high_freq": 148.1999969482422,
      "loudness": -52.98798370361328,
      "loudness_range": 46.77619171142578,
      "mid_mean": -50.94980239868164,
      "mid_to_side_loudness": -6.659719944000244,
      "mid_to_side_loudness_range": 16.798742294311523,
      "side_mean": -56.14576721191406
    },
    {
      "high_freq": 392.3793640136719,
      "loudness": -50.06656265258789,
      "loudness_range": 43.076927185058594,
      "low_freq": 148.1999969482422,
      "mid_mean": -47.09974670410156,
      "mid_to_side_loudness": -9.0120267868042,
      "mid_to_side_loudness_range": 11.84988021850586,
      "side_mean": -54.89124298095703
    },
    {
      "high_freq": 794.6976318359375,
      "loudness": -40.52824020385742,
      "loudness_range": 22.5797119140625,
      "low_freq": 392.3793640136719,
      "mid_mean": -37.41654586791992,
      "mid_to_side_loudness": -9.692800521850586,
      "mid_to_side_loudness_range": 7.227832794189453,
      "side_mean": -47.33011245727539
    },
    {
      "high_freq": 1457.5709228515625,
      "loudness": -39.23353958129883,
      "loudness_range": 18.10661506652832,
      "low_freq": 794.6976318359375,
      "mid_mean": -36.04299545288086,
      "mid_to_side_loudness": -12.208930969238281,
      "mid_to_side_loudness_range": 9.537565231323242,
      "side_mean": -49.98014831542969
    },
    {
      "high_freq": 2549.74365234375,
      "loudness": -40.78309631347656,
      "loudness_range": 19.482074737548828,
      "low_freq": 1457.5709228515625,
      "mid_mean": -37.48907470703125,
      "mid_to_side_loudness": -10.77949047088623,
      "mid_to_side_loudness_range": 8.152664184570312,
      "side_mean": -48.662322998046875
    },
    {
      "high_freq": 4349.24462890625,
      "loudness": -45.24740219116211,
      "loudness_range": 27.249103546142578,
      "low_freq": 2549.74365234375,
      "mid_mean": -42.64211654663086,
      "mid_to_side_loudness": -8.115378379821777,
      "mid_to_side_loudness_range": 6.921864032745361,
      "side_mean": -51.98694610595703
    },
    {
      "high_freq": 7314.1640625,
      "loudness": -61.973018646240234,
      "loudness_range": 24.468421936035156,
      "low_freq": 4349.24462890625,
      "mid_mean": -58.392276763916016,
      "mid_to_side_loudness": -5.931190490722656,
      "mid_to_side_loudness_range": 8.186176300048828,
      "side_mean": -63.26945877075195
    },
    {
      "high_freq": 12199.2666015625,
      "loudness": -69.66716766357422,
      "loudness_range": 10.695625305175781,
      "low_freq": 7314.1640625,
      "mid_mean": -65.55892181396484,
      "mid_to_side_loudness": -2.226975679397583,
      "mid_to_side_loudness_range": 4.807091236114502,
      "side_mean": -66.95439910888672
    },
    {
      "loudness": -73.10340118408203,
      "loudness_range": 4.492439270019531,
      "low_freq": 12199.2666015625,
      "mid_mean": -67.70785522460938,
      "mid_to_side_loudness": -0.6149266362190247,
      "mid_to_side_loudness_range": 1.9217231273651123,
      "side_mean": -68.03790283203125
    }
  ],
  "bandwidth": 360.526611328125,
  "channels": 2,
  "covariance": [
    [
      273.50018310546875,
      227.19351196289062,
      188.89974975585938,
      167.8395233154297,
      40.50415802001953,
      37.662940979003906,
      7.287899494171143,
      51.16006851196289,
      7.282890319824219,
      10.361571311950684,
      14.50953197479248,
      34.634117126464844,
      22.1243839263916,
      14.969990730285645,
      35.41768264770508,
      20.66046142578125,
      27.133419036865234,
      14.638115882873535
    ],
    [
      227.19351196289062,
      197.35948181152344,
      157.30616760253906,
      140.64376831054688,
      31.52332305908203,
      29.718624114990234,
      3.5790443420410156,
      42.20012664794922,
      4.7730536460876465,
      7.477880954742432,
      8.291155815124512,
      26.813322067260742,
      14.037035942077637,
      9.145024299621582,
      26.31601333618164,
      15.616950988769531,
      20.75659942626953,
      11.202104568481445
    ],
    [
      188.89974975585938,
      157.30616760253906,
      150.3472137451172,
      130.41368103027344,
      39.53089904785156,
      36.73550796508789,
      12.848491668701172,
      48.964019775390625,
      15.092812538146973,
      16.79074478149414,
      15.530357360839844,
      31.439294815063477,
      21.582242965698242,
      13.809650421142578,
      28.710756301879883,
      16.544742584228516,
      20.897748947143555,
      11.237641334533691
    ],
    [
      167.8395233154297,
      140.64376831054688,
      130.41368103027344,
      116.11929321289062,
      32.613773345947266,
      30.354406356811523,
      8.800301551818848,
      37.94551467895508,
      10.075361251831055,
      11.312926292419434,
      10.33640193939209,
      22.88014793395996,
      16.133522033691406,
      10.567548751831055,
      24.587350845336914,
      14.315722465515137,
      18.161169052124023,
      9.791410446166992
    ],
    [
      40.50415802001953,
      31.52332305908203,
      39.53089904785156,
      32.613773345947266,
      57.08427047729492,
      50.215858459472656,
      34.14336013793945,
      52.247745513916016,
      38.86774444580078,
      37.173152923583984,
      43.79884719848633,
      50.572086334228516,
      39.282310485839844,
      24.13884162902832,
      16.62307357788086,
      8.102301597595215,
      8.315083503723145,
      4.523141384124756
    ],
    [
      37.662940979003906,
      29.718624114990234,
      36.73550796508789,
      30.354406356811523,
      50.215858459472656,
      49.715110778808594,
      32.33076095581055,
      51.219215393066406,
      36.65536117553711,
      36.45250701904297,
      40.41732406616211,
      48.81489944458008,
      35.78447341918945,
      21.90610122680664,
      14.475110054016113,
      7.106236457824707,
      7.302807331085205,
      3.9645605087280273
    ],
    [
      7.287899494171143,
      3.5790443420410156,
      12.848491668701172,
      8.800301551818848,
      34.14336013793945,
      32.33076095581055,
      47.2723388671875,
      42.968441009521484,
      29.444162368774414,
      29.657522201538086,
      52.27102279663086,
      48.056175231933594,
      33.770137786865234,
      21.495840072631836,
      11.081812858581543,
      5.123491287231445,
      4.928459167480469,
      2.707824945449829
    ],
    [
      51.16006851196289,
      42.20012664794922,
      48.964019775390625,
      37.94551467895508,
      52.247745513916016,
      51.219215393066406,
      42.968441009521484,
      74.43389129638672,
      44.22247314453125,
      46.55172348022461,
      54.872047424316406,
      70.26481628417969,
      43.13871765136719,
      26.06807518005371,
      15.040075302124023,
      7.238880634307861,
      7.238378524780273,
      4.027141094207764
    ],
    [
      7.282890319824219,
      4.7730536460876465,
      15.092812538146973,
      10.075361251831055,
      38.86774444580078,
      36.65536117553711,
      29.444162368774414,
      44.22247314453125,
      41.9155387878418,
      39.360260009765625,
      42.0440673828125,
      50.02286148071289,
      33.9271240234375,
      20.61791229248047,
      9.559100151062012,
      4.224105358123779,
      3.4310362339019775,
      1.8915016651153564
    ],
    [
      10.361571311950684,
      7.477880954742432,
      16.79074478149414,
      11.312926292419434,
      37.173152923583984,
      36.45250701904297,
      29.657522201538086,
      46.55172348022461,
      39.360260009765625,
      42.226314544677734,
      44.39857864379883,
      53.18708038330078,
      33.598846435546875,
      20.680835723876953,
      9.229374885559082,
      4.094199180603027,
      3.1210525035858154,
      1.7619285583496094
    ],
    [
      14.50953197479248,
      8.291155815124512,
      15.530357360839844,
      10.33640193939209,
      43.79884719848633,
      40.41732406616211,
      52.27102279663086,
      54.872047424316406,
      42.0440673828125,
      44.39857864379883,
      90.23971557617188,
      83.1604232788086,
      52.60232162475586,
      34.03672409057617,
      16.155183792114258,
      7.187326908111572,
      6.24631404876709,
      3.3897788524627686
    ],
    [
      34.634117126464844,
      26.813322067260742,
      31.439294815063477,
      22.88014793395996,
      50.572086334228516,
      48.81489944458008,
      48.056175231933594,
      70.26481628417969,
      50.02286148071289,
      53.18708038330078,
      83.1604232788086,
      93.76065063476562,
      55.700958251953125,
      35.10369110107422,
      16.856985092163086,
      7.727700233459473,
      6.718362331390381,
      3.759845018386841
    ],
    [
      22.1243839263916,
      14.037035942077637,
      21.582242965698242,
      16.133522033691406,
      39.282310485839844,
      35.78447341918945,
      33.770137786865234,
      43.13871765136719,
      33.9271240234375,
      33.598846435546875,
      52.60232162475586,
      55.700958251953125,
      47.35455322265625,
      30.59227752685547,
      20.624103546142578,
      10.227823257446289,
      10.646991729736328,
      5.850306510925293
    ],
    [
      14.969990730285645,
      9.145024299621582,
      13.809650421142578,
      10.567548751831055,
      24.13884162902832,
      21.90610122680664,
      21.495840072631836,
      26.06807518005371,
      20.61791229248047,
      20.680835723876953,
      34.03672409057617,
      35.10369110107422,
      30.59227752685547,
      20.922208786010742,
      13.94931411743164,
      7.092609405517578,
      7.226057052612305,
      4.060461044311523
    ],
    [
      35.41768264770508,
      26.31601333618164,
      28.710756301879883,
      24.587350845336914,
      16.62307357788086,
      14.475110054016113,
      11.081812858581543,
      15.040075302124023,
      9.559100151062012,
      9.229374885559082,
      16.155183792114258,
      16.856985092163086,
      20.624103546142578,
      13.94931411743164,
      18.701671600341797,
      10.40652084350586,
      12.735382080078125,
      7.052555084228516
    ],
    [
      20.66046142578125,
      15.616950988769531,
      16.544742584228516,
      14.315722465515137,
      8.102301597595215,
      7.106236457824707,
      5.123491287231445,
      7.238880634307861,
      4.224105358123779,
      4.094199180603027,
      7.187326908111572,
      7.727700233459473,
      10.227823257446289,
      7.092609405517578,
      10.40652084350586,
      6.217269420623779,
      7.422252178192139,
      4.41357946395874
    ],
    [
      27.133419036865234,
      20.75659942626953,
      20.897748947143555,
      18.161169052124023,
      8.315083503723145,
      7.302807331085205,
      4.928459167480469,
      7.238378524780273,
      3.4310362339019775,
      3.1210525035858154,
      6.24631404876709,
      6.718362331390381,
      10.646991729736328,
      7.226057052612305,
      12.735382080078125,
      7.422252178192139,
      10.062762260437012,
      5.567614555358887
    ],
    [
      14.638115882873535,
      11.202104568481445,
      11.237641334533691,
      9.791410446166992,
      4.523141384124756,
      3.9645605087280273,
      2.707824945449829,
      4.027141094207764,
      1.8915016651153564,
      1.7619285583496094,
      3.3897788524627686,
      3.759845018386841,
      5.850306510925293,
      4.060461044311523,
      7.052555084228516,
      4.41357946395874,
      5.567614555358887,
      3.455493450164795
    ]
  ],
  "covariance_short": [
    [
      240.48184204101562,
      189.20602416992188,
      212.81671142578125,
      186.89688110351562,
      38.78681182861328,
      35.99558639526367,
      5.9859724044799805,
      45.7977409362793,
      1.790441632270813,
      10.063701629638672,
      4.292470932006836,
      23.268882751464844,
      3.9106838703155518,
      3.330702304840088,
      20.217857360839844,
      12.845258712768555,
      13.31479549407959,
      7.561288833618164
    ],
    [
      189.20602416992188,
      165.86700439453125,
      171.75596618652344,
      159.11422729492188,
      29.7479248046875,
      27.91024398803711,
      2.780095100402832,
      36.90126037597656,
      0.7418290972709656,
      7.653679370880127,
      0.7263045907020569,
      17.089195251464844,
      -0.36635300517082214,
      -0.052477262914180756,
      14.098657608032227,
      9.173540115356445,
      9.590514183044434,
      5.380890846252441
    ],
    [
      212.81671142578125,
      171.75596618652344,
      209.4711151123047,
      179.64974975585938,
      42.81220245361328,
      40.183712005615234,
      14.243910789489746,
      54.50693130493164,
      10.61744499206543,
      18.541547775268555,
      12.923171997070312,
      31.365280151367188,
      8.723588943481445,
      5.6554083824157715,
      20.604412078857422,
      12.852921485900879,
      12.996994972229004,
      7.40612268447876
    ],
    [
      186.89688110351562,
      159.11422729492188,
      179.64974975585938,
      164.5735626220703,
      33.655765533447266,
      31.786964416503906,
      8.03294563293457,
      43.45693588256836,
      5.228984355926514,
      11.92208480834961,
      5.510013580322266,
      21.949609756469727,
      3.0009560585021973,
      1.7498189210891724,
      16.237398147583008,
      10.393893241882324,
      10.707164764404297,
      6.088264465332031
    ],
    [
      38.78681182861328,
      29.7479248046875,
      42.81220245361328,
      33.655765533447266,
      59.08453369140625,
      50.621002197265625,
      32.870277404785156,
      49.79743194580078,
      36.68952560424805,
      36.28962326049805,
      40.587799072265625,
      47.88694381713867,
      39.598995208740234,
      25.302953720092773,
      12.836211204528809,
      6.181171894073486,
      4.718581676483154,
      2.7560596466064453
    ],
    [
      35.99558639526367,
      27.91024398803711,
      40.183712005615234,
      31.786964416503906,
      50.621002197265625,
      53.42140197753906,
      32.65595626831055,
      50.215187072753906,
      35.84379959106445,
      36.80107498168945,
      39.232879638671875,
      47.978092193603516,
      37.091400146484375,
      23.639068603515625,
      11.327799797058105,
      5.509681224822998,
      4.199660301208496,
      2.467236042022705
    ],
    [
      5.9859724044799805,
      2.780095100402832,
      14.243910789489746,
      8.03294563293457,
      32.870277404785156,
      32.65595626831055,
      51.13432312011719,
      43.701969146728516,
      30.89390754699707,
      29.970380783081055,
      51.826026916503906,
      48.16498565673828,
      36.89653015136719,
      24.667388916015625,
      9.484770774841309,
      4.325971603393555,
      3.064270496368408,
      1.8310099840164185
    ],
    [
      45.7977409362793,
      36.90126037597656,
      54.50693130493164,
      43.45693588256836,
      49.79743194580078,
      50.215187072753906,
      43.701969146728516,
      76.76830291748047,
      42.58744812011719,
      48.82966613769531,
      53.3617057800293,
      69.41109466552734,
      45.45997619628906,
      28.837400436401367,
      12.10361099243164,
      5.741020679473877,
      4.3131256103515625,
      2.567216634750366
    ],
    [
      1.790441632270813,
      0.7418290972709656,
      10.61744499206543,
      5.228984355926514,
      36.68952560424805,
      35.84379959106445,
      30.89390754699707,
      42.58744812011719,
      45.14756774902344,
      40.08238983154297,
      43.81919860839844,
      49.624420166015625,
      36.81033706665039,
      23.1777400970459,
      8.337069511413574,
      3.5975091457366943,
      2.257803440093994,
      1.3739317655563354
    ],
    [
      10.063701629638672,
      7.653679370880127,
      18.541547775268555,
      11.92208480834961,
      36.28962326049805,
      36.80107498168945,
      29.970380783081055,
      48.82966613769531,
      40.08238983154297,
      48.4530143737793,
      44.95774841308594,
      55.971282958984375,
      37.43621826171875,
      23.973779678344727,
      8.391352653503418,
      3.7903494834899902,
      2.1112923622131348,
      1.3615822792053223
    ],
    [
      4.292470932006836,
      0.7263045907020569,
      12.923171997070312,
      5.510013580322266,
      40.587799072265625,
      39.232879638671875,
      51.826026916503906,
      53.3617057800293,
      43.81919860839844,
      44.95774841308594,
      91.62396240234375,
      82.54241180419922,
      55.89607238769531,
      36.823036193847656,
      13.424724578857422,
      5.813852787017822,
      3.774529218673706,
      2.1800239086151123
    ],
    [
      23.268882751464844,
      17.089195251464844,
      31.365280151367188,
      21.949609756469727,
      47.88694381713867,
      47.978092193603516,
      48.16498565673828,
      69.41109466552734,
      49.624420166015625,
      55.971282958984375,
      82.54241180419922,
      93.9571762084961,
      58.96986770629883,
      38.58766555786133,
      13.71454906463623,
      6.311181545257568,
      3.93026065826416,
      2.4380228519439697
    ],
    [
      3.9106838703155518,
      -0.36635300517082214,
      8.723588943481445,
      3.0009560585021973,
      39.598995208740234,
      37.091400146484375,
      36.89653015136719,
      45.45997619628906,
      36.81033706665039,
      37.43621826171875,
      55.89607238769531,
      58.96986770629883,
      55.515933990478516,
      36.01999282836914,
      15.915596961975098,
      7.412778854370117,
      5.986321449279785,
      3.4926249980926514
    ],
    [
      3.330702304840088,
      -0.052477262914180756,
      5.6554083824157715,
      1.7498189210891724,
      25.302953720092773,
      23.639068603515625,
      24.667388916015625,
      28.837400436401367,
      23.1777400970459,
      23.973779678344727,
      36.823036193847656,
      38.58766555786133,
      36.01999282836914,
      26.3799991607666,
      10.9052095413208,
      5.463671684265137,
      4.098956108093262,
      2.5787482261657715
    ],
    [
      20.217857360839844,
      14.098657608032227,
      20.604412078857422,
      16.237398147583008,
      12.836211204528809,
      11.327799797058105,
      9.484770774841309,
      12.10361099243164,
      8.337069511413574,
      8.391352653503418,
      13.424724578857422,
      13.71454906463623,
      15.915596961975098,
      10.9052095413208,
      12.88855266571045,
      7.103529930114746,
      7.431562900543213,
      4.324012756347656
    ],
    [
      12.845258712768555,
      9.173540115356445,
      12.852921485900879,
      10.393893241882324,
      6.181171894073486,
      5.509681224822998,
      4.325971603393555,
      5.741020679473877,
      3.5975091457366943,
      3.7903494834899902,
      5.813852787017822,
      6.311181545257568,
      7.412778854370117,
      5.463671684265137,
      7.103529930114746,
      4.513398170471191,
      4.479599475860596,
      2.951603651046753
    ],
    [
      13.31479549407959,
      9.590514183044434,
      12.996994972229004,
      10.707164764404297,
      4.718581676483154,
      4.199660301208496,
      3.064270496368408,
      4.3131256103515625,
      2.257803440093994,
      2.1112923622131348,
      3.774529218673706,
      3.93026065826416,
      5.986321449279785,
      4.098956108093262,
      7.431562900543213,
      4.479599475860596,
      5.668473243713379,
      3.364382266998291
    ],
    [
      7.561288833618164,
      5.380890846252441,
      7.40612268447876,
      6.088264465332031,
      2.7560596466064453,
      2.467236042022705,
      1.8310099840164185,
      2.567216634750366,
      1.3739317655563354,
      1.3615822792053223,
      2.1800239086151123,
      2.4380228519439697,
      3.4926249980926514,
      2.5787482261657715,
      4.324012756347656,
      2.951603651046753,
      3.364382266998291,
      2.3883116245269775
    ]
  ],
  "damage": -12.667941093444824,
  "diff_bandwidth": 359.1407775878906,
  "dissonance": 3.9064661046771096,
  "drr": 0.4804344177246094,
  "dynamics": 6.3551459312438965,
  "format": 1245190,
  "frames": 3358656,
  "loudness": -26.45652961730957,
  "loudness_range": 24.33478546142578,
  "loudness_range_short": 23.03069305419922,
  "lowpass_true_peak_15khz": -3.474031686782837,
  "mastering3_acoustic_entropies": [
    {
      "acoustic_entropy": 8.524996757507324,
      "acoustic_entropy_mono": 8.424633026123047,
      "band_eliminated_acoustic_entropies": [
        {
          "acoustic_entropy": 8.530723571777344,
          "acoustic_entropy_side": 8.524112701416016,
          "hz": 129.47220167065723
        },
        {
          "acoustic_entropy": 7.340071678161621,
          "acoustic_entropy_side": 8.5520658493042,
          "hz": 202.92927478742237
        },
        {
          "acoustic_entropy": 8.533782005310059,
          "acoustic_entropy_side": 8.531697273254395,
          "hz": 282.89161906338205
        },
        {
          "acoustic_entropy": 8.54439640045166,
          "acoustic_entropy_side": 8.529155731201172,
          "hz": 369.9353335868758
        },
        {
          "acoustic_entropy": 8.628104209899902,
          "acoustic_entropy_side": 8.53038501739502,
          "hz": 464.6875360973435
        },
        {
          "acoustic_entropy": 8.58839225769043,
          "acoustic_entropy_side": 8.553565979003906,
          "hz": 567.8308811364784
        },
        {
          "acoustic_entropy": 8.343450546264648,
          "acoustic_entropy_side": 8.528993606567383,
          "hz": 680.1084783214808
        },
        {
          "acoustic_entropy": 8.469671249389648,
          "acoustic_entropy_side": 8.553893089294434,
          "hz": 802.3292461747484
        },
        {
          "acoustic_entropy": 8.323960304260254,
          "acoustic_entropy_side": 8.499201774597168,
          "hz": 935.3737400823702
        },
        {
          "acoustic_entropy": 8.229623794555664,
          "acoustic_entropy_side": 8.531816482543945,
          "hz": 1080.2004963696966
        },
        {
          "acoustic_entropy": 8.558077812194824,
          "acoustic_entropy_side": 8.555319786071777,
          "hz": 1237.8529382007157
        },
        {
          "acoustic_entropy": 8.730438232421875,
          "acoustic_entropy_side": 8.512757301330566,
          "hz": 1409.4668930556702
        },
        {
          "acoustic_entropy": 8.575915336608887,
          "acoustic_entropy_side": 8.484164237976074,
          "hz": 1596.2787759475705
        },
        {
          "acoustic_entropy": 8.45970630645752,
          "acoustic_entropy_side": 8.526674270629883,
          "hz": 1799.6344973346393
        },
        {
          "acoustic_entropy": 8.39843463897705,
          "acoustic_entropy_side": 8.527770042419434,
          "hz": 2020.9991599069049
        },
        {
          "acoustic_entropy": 7.889211177825928,
          "acoustic_entropy_side": 8.53569507598877,
          "hz": 2261.9676141086993
        },
        {
          "acoustic_entropy": 8.42560863494873,
          "acoustic_entropy_side": 8.529231071472168,
          "hz": 2524.2759484456974
        },
        {
          "acoustic_entropy": 8.304439544677734,
          "acoustic_entropy_side": 8.52488899230957,
          "hz": 2809.813997359896
        },
        {
          "acoustic_entropy": 7.989694118499756,
          "acoustic_entropy_side": 8.473134994506836,
          "hz": 3120.6389567871424
        },
        {
          "acoustic_entropy": 8.477452278137207,
          "acoustic_entropy_side": 8.520000457763672,
          "hz": 3458.990205492291
        },
        {
          "acoustic_entropy": 8.20477294921875,
          "acoustic_entropy_side": 8.513651847839355,
          "hz": 3827.305438964164
        },
        {
          "acoustic_entropy": 8.401484489440918,
          "acoustic_entropy_side": 8.510178565979004,
          "hz": 4228.238232109126
        },
        {
          "acoustic_entropy": 8.472982406616211,
          "acoustic_entropy_side": 8.520007133483887,
          "hz": 4664.6771572759235
        },
        {
          "acoustic_entropy": 8.499349594116211,
          "acoustic_entropy_side": 8.524131774902344,
          "hz": 5139.766595350093
        },
        {
          "acoustic_entropy": 8.509625434875488,
          "acoustic_entropy_side": 8.524718284606934,
          "hz": 5656.929389854203
        },
        {
          "acoustic_entropy": 8.509763717651367,
          "acoustic_entropy_side": 8.524763107299805,
          "hz": 6219.891507268283
        },
        {
          "acoustic_entropy": 8.513786315917969,
          "acoustic_entropy_side": 8.524861335754395,
          "hz": 6832.70888123896
        },
        {
          "acoustic_entropy": 8.515769958496094,
          "acoustic_entropy_side": 8.524872779846191,
          "hz": 7499.796634079867
        },
        {
          "acoustic_entropy": 8.521255493164062,
          "acoustic_entropy_side": 8.524971961975098,
          "hz": 8225.96088609342
        },
        {
          "acoustic_entropy": 8.523918151855469,
          "acoustic_entropy_side": 8.525006294250488,
          "hz": 9016.43338188839
        },
        {
          "acoustic_entropy": 8.523759841918945,
          "acoustic_entropy_side": 8.525004386901855,
          "hz": 9876.909183162974
        },
        {
          "acoustic_entropy": 8.52407169342041,
          "acoustic_entropy_side": 8.525012969970703,
          "hz": 10813.587699516042
        },
        {
          "acoustic_entropy": 8.52434253692627,
          "acoustic_entropy_side": 8.525012016296387,
          "hz": 11833.21735289826
        },
        {
          "acoustic_entropy": 8.524662971496582,
          "acoustic_entropy_side": 8.525007247924805,
          "hz": 12943.144197493959
        },
        {
          "acoustic_entropy": 8.524521827697754,
          "acoustic_entropy_side": 8.525015830993652,
          "hz": 14151.364845322005
        },
        {
          "acoustic_entropy": 8.52442741394043,
          "acoustic_entropy_side": 8.525005340576172,
          "hz": 15466.58407886509
        },
        {
          "acoustic_entropy": 8.524659156799316,
          "acoustic_entropy_side": 8.524998664855957,
          "hz": 16898.27756580493
        },
        {
          "acoustic_entropy": 8.524969100952148,
          "acoustic_entropy_side": 8.52499771118164,
          "hz": 18456.760127700032
        },
        {
          "acoustic_entropy": 8.524995803833008,
          "acoustic_entropy_side": 8.524996757507324,
          "hz": 20153.260054456492
        },
        {
          "acoustic_entropy": 8.524996757507324,
          "acoustic_entropy_side": 8.524996757507324,
          "hz": 22000.00000000001
        }
      ],
      "diff_acoustic_entropy": 3.7987101078033447,
      "sn": 6
    },
    {
      "acoustic_entropy": 11.933189392089844,
      "acoustic_entropy_mono": 11.7550687789917,
      "band_eliminated_acoustic_entropies": [
        {
          "acoustic_entropy": 11.942116737365723,
          "acoustic_entropy_side": 11.909451484680176,
          "hz": 129.47220167065723
        },
        {
          "acoustic_entropy": 10.894495010375977,
          "acoustic_entropy_side": 11.861695289611816,
          "hz": 202.92927478742237
        },
        {
          "acoustic_entropy": 11.888972282409668,
          "acoustic_entropy_side": 11.904969215393066,
          "hz": 282.89161906338205
        },
        {
          "acoustic_entropy": 11.919901847839355,
          "acoustic_entropy_side": 11.898959159851074,
          "hz": 369.9353335868758
        },
        {
          "acoustic_entropy": 12.033447265625,
          "acoustic_entropy_side": 11.96596622467041,
          "hz": 464.6875360973435
        },
        {
          "acoustic_entropy": 11.666581153869629,
          "acoustic_entropy_side": 11.922911643981934,
          "hz": 567.8308811364784
        },
        {
          "acoustic_entropy": 11.093097686767578,
          "acoustic_entropy_side": 11.80793571472168,
          "hz": 680.1084783214808
        },
        {
          "acoustic_entropy": 11.863741874694824,
          "acoustic_entropy_side": 12.016351699829102,
          "hz": 802.3292461747484
        },
        {
          "acoustic_entropy": 11.255793571472168,
          "acoustic_entropy_side": 11.787471771240234,
          "hz": 935.3737400823702
        },
        {
          "acoustic_entropy": 11.06902027130127,
          "acoustic_entropy_side": 11.813098907470703,
          "hz": 1080.2004963696966
        },
        {
          "acoustic_entropy": 11.953015327453613,
          "acoustic_entropy_side": 11.980186462402344,
          "hz": 1237.8529382007157
        },
        {
          "acoustic_entropy": 11.96816635131836,
          "acoustic_entropy_side": 11.954137802124023,
          "hz": 1409.4668930556702
        },
        {
          "acoustic_entropy": 12.074419975280762,
          "acoustic_entropy_side": 11.890480041503906,
          "hz": 1596.2787759475705
        },
        {
          "acoustic_entropy": 11.828605651855469,
          "acoustic_entropy_side": 12.008404731750488,
          "hz": 1799.6344973346393
        },
        {
          "acoustic_entropy": 11.724397659301758,
          "acoustic_entropy_side": 11.963805198669434,
          "hz": 2020.9991599069049
        },
        {
          "acoustic_entropy": 11.29914665222168,
          "acoustic_entropy_side": 11.86103343963623,
          "hz": 2261.9676141086993
        },
        {
          "acoustic_entropy": 12.055318832397461,
          "acoustic_entropy_side": 12.019306182861328,
          "hz": 2524.2759484456974
        },
        {
          "acoustic_entropy": 11.485321998596191,
          "acoustic_entropy_side": 12.006674766540527,
          "hz": 2809.813997359896
        },
        {
          "acoustic_entropy": 11.500715255737305,
          "acoustic_entropy_side": 11.86192798614502,
          "hz": 3120.6389567871424
        },
        {
          "acoustic_entropy": 11.977767944335938,
          "acoustic_entropy_side": 11.950753211975098,
          "hz": 3458.990205492291
        },
        {
          "acoustic_entropy": 11.643619537353516,
          "acoustic_entropy_side": 11.873270034790039,
          "hz": 3827.305438964164
        },
        {
          "acoustic_entropy": 11.799498558044434,
          "acoustic_entropy_side": 11.887981414794922,
          "hz": 4228.238232109126
        },
        {
          "acoustic_entropy": 12.009840965270996,
          "acoustic_entropy_side": 11.968647003173828,
          "hz": 4664.6771572759235
        },
        {
          "acoustic_entropy": 11.996709823608398,
          "acoustic_entropy_side": 11.937315940856934,
          "hz": 5139.766595350093
        },
        {
          "acoustic_entropy": 11.894692420959473,
          "acoustic_entropy_side": 11.930952072143555,
          "hz": 5656.929389854203
        },
        {
          "acoustic_entropy": 11.8515043258667,
          "acoustic_entropy_side": 11.930389404296875,
          "hz": 6219.891507268283
        },
        {
          "acoustic_entropy": 11.837614059448242,
          "acoustic_entropy_side": 11.929420471191406,
          "hz": 6832.70888123896
        },
        {
          "acoustic_entropy": 11.840605735778809,
          "acoustic_entropy_side": 11.929197311401367,
          "hz": 7499.796634079867
        },
        {
          "acoustic_entropy": 11.898906707763672,
          "acoustic_entropy_side": 11.932247161865234,
          "hz": 8225.96088609342
        },
        {
          "acoustic_entropy": 11.920587539672852,
          "acoustic_entropy_side": 11.933160781860352,
          "hz": 9016.43338188839
        },
        {
          "acoustic_entropy": 11.922873497009277,
          "acoustic_entropy_side": 11.933286666870117,
          "hz": 9876.909183162974
        },
        {
          "acoustic_entropy": 11.922021865844727,
          "acoustic_entropy_side": 11.933406829833984,
          "hz": 10813.587699516042
        },
        {
          "acoustic_entropy": 11.924428939819336,
          "acoustic_entropy_side": 11.93335247039795,
          "hz": 11833.21735289826
        },
        {
          "acoustic_entropy": 11.929841995239258,
          "acoustic_entropy_side": 11.933293342590332,
          "hz": 12943.144197493959
        },
        {
          "acoustic_entropy": 11.929271697998047,
          "acoustic_entropy_side": 11.933685302734375,
          "hz": 14151.364845322005
        },
        {
          "acoustic_entropy": 11.929268836975098,
          "acoustic_entropy_side": 11.933534622192383,
          "hz": 15466.58407886509
        },
        {
          "acoustic_entropy": 11.930282592773438,
          "acoustic_entropy_side": 11.933317184448242,
          "hz": 16898.27756580493
        },
        {
          "acoustic_entropy": 11.933016777038574,
          "acoustic_entropy_side": 11.933208465576172,
          "hz": 18456.760127700032
        },
        {
          "acoustic_entropy": 11.933192253112793,
          "acoustic_entropy_side": 11.93319034576416,
          "hz": 20153.260054456492
        },
        {
          "acoustic_entropy": 11.933189392089844,
          "acoustic_entropy_side": 11.933189392089844,
          "hz": 22000.00000000001
        }
      ],
      "diff_acoustic_entropy": 5.6302995681762695,
      "sn": 12
    },
    {
      "acoustic_entropy": 15.891936302185059,
      "acoustic_entropy_mono": 15.557991027832031,
      "band_eliminated_acoustic_entropies": [
        {
          "acoustic_entropy": 15.872148513793945,
          "acoustic_entropy_side": 15.936366081237793,
          "hz": 129.47220167065723
        },
        {
          "acoustic_entropy": 15.310789108276367,
          "acoustic_entropy_side": 15.74905014038086,
          "hz": 202.92927478742237
        },
        {
          "acoustic_entropy": 15.717743873596191,
          "acoustic_entropy_side": 15.970073699951172,
          "hz": 282.89161906338205
        },
        {
          "acoustic_entropy": 15.891489028930664,
          "acoustic_entropy_side": 15.907001495361328,
          "hz": 369.9353335868758
        },
        {
          "acoustic_entropy": 15.89179801940918,
          "acoustic_entropy_side": 15.763806343078613,
          "hz": 464.6875360973435
        },
        {
          "acoustic_entropy": 16.31373405456543,
          "acoustic_entropy_side": 15.809134483337402,
          "hz": 567.8308811364784
        },
        {
          "acoustic_entropy": 16.02039337158203,
          "acoustic_entropy_side": 15.559723854064941,
          "hz": 680.1084783214808
        },
        {
          "acoustic_entropy": 15.991286277770996,
          "acoustic_entropy_side": 15.649612426757812,
          "hz": 802.3292461747484
        },
        {
          "acoustic_entropy": 15.037496566772461,
          "acoustic_entropy_side": 15.660941123962402,
          "hz": 935.3737400823702
        },
        {
          "acoustic_entropy": 16.20554542541504,
          "acoustic_entropy_side": 16.264429092407227,
          "hz": 1080.2004963696966
        },
        {
          "acoustic_entropy": 15.852463722229004,
          "acoustic_entropy_side": 16.042564392089844,
          "hz": 1237.8529382007157
        },
        {
          "acoustic_entropy": 15.505644798278809,
          "acoustic_entropy_side": 15.68736457824707,
          "hz": 1409.4668930556702
        },
        {
          "acoustic_entropy": 15.767823219299316,
          "acoustic_entropy_side": 15.51522159576416,
          "hz": 1596.2787759475705
        },
        {
          "acoustic_entropy": 16.06268310546875,
          "acoustic_entropy_side": 16.109512329101562,
          "hz": 1799.6344973346393
        },
        {
          "acoustic_entropy": 15.629424095153809,
          "acoustic_entropy_side": 15.769318580627441,
          "hz": 2020.9991599069049
        },
        {
          "acoustic_entropy": 15.967763900756836,
          "acoustic_entropy_side": 15.983139038085938,
          "hz": 2261.9676141086993
        },
        {
          "acoustic_entropy": 15.739750862121582,
          "acoustic_entropy_side": 15.701059341430664,
          "hz": 2524.2759484456974
        },
        {
          "acoustic_entropy": 15.776843070983887,
          "acoustic_entropy_side": 15.602089881896973,
          "hz": 2809.813997359896
        },
        {
          "acoustic_entropy": 16.259000778198242,
          "acoustic_entropy_side": 15.924973487854004,
