{
  "acoustic_entropy": 205.2559356689453,
  "bands": [
    {
      "high_freq": 148.1999969482422,
      "loudness": -31.152433395385742,
      "loudness_range": 11.279232025146484,
      "mid_mean": -28.688701629638672,
      "mid_to_side_loudness": -4.982957363128662,
      "mid_to_side_loudness_range": 2.6385598182678223,
      "side_mean": -33.66349792480469
    },
    {
      "high_freq": 392.3793640136719,
      "loudness": -33.15340805053711,
      "loudness_range": 11.25583267211914,
      "low_freq": 148.1999969482422,
      "mid_mean": -32.15767288208008,
      "mid_to_side_loudness": -1.035860300064087,
      "mid_to_side_loudness_range": 7.053674697875977,
      "side_mean": -33.14369583129883
    },
    {
      "high_freq": 794.6976318359375,
      "loudness": -33.14448165893555,
      "loudness_range": 10.29017448425293,
      "low_freq": 392.3793640136719,
      "mid_mean": -32.112937927246094,
      "mid_to_side_loudness": -0.8908445835113525,
      "mid_to_side_loudness_range": 5.220426559448242,
      "side_mean": -33.033267974853516
    },
    {
      "high_freq": 1457.5709228515625,
      "loudness": -33.4238166809082,
      "loudness_range": 12.74127197265625,
      "low_freq": 794.6976318359375,
      "mid_mean": -31.945247650146484,
      "mid_to_side_loudness": -2.0820059776306152,
      "mid_to_side_loudness_range": 6.606195449829102,
      "side_mean": -34.04198455810547
    },
    {
      "high_freq": 2549.74365234375,
      "loudness": -34.026206970214844,
      "loudness_range": 16.25881004333496,
      "low_freq": 1457.5709228515625,
      "mid_mean": -32.03689956665039,
      "mid_to_side_loudness": -3.649928569793701,
      "mid_to_side_loudness_range": 8.133333206176758,
      "side_mean": -35.75724411010742
    },
    {
      "high_freq": 4349.24462890625,
      "loudness": -40.31205368041992,
      "loudness_range": 20.44497299194336,
      "low_freq": 2549.74365234375,
      "mid_mean": -38.452606201171875,
      "mid_to_side_loudness": -2.924070119857788,
      "mid_to_side_loudness_range": 4.0406904220581055,
      "side_mean": -41.39191818237305
    },
    {
      "high_freq": 7314.1640625,
      "loudness": -44.82640075683594,
      "loudness_range": 17.921512603759766,
      "low_freq": 4349.24462890625,
      "mid_mean": -42.7769775390625,
      "mid_to_side_loudness": -3.3882603645324707,
      "mid_to_side_loudness_range": 3.279057025909424,
      "side_mean": -46.189727783203125
    },
    {
      "high_freq": 12199.2666015625,
      "loudness": -48.74472427368164,
      "loudness_range": 16.395732879638672,
      "low_freq": 7314.1640625,
      "mid_mean": -46.43252944946289,
      "mid_to_side_loudness": -4.304762363433838,
      "mid_to_side_loudness_range": 3.117774486541748,
      "side_mean": -51.2149543762207
    },
    {
      "loudness": -54.25937271118164,
      "loudness_range": 18.354854583740234,
      "low_freq": 12199.2666015625,
      "mid_mean": -51.9195442199707,
      "mid_to_side_loudness": -5.264301776885986,
      "mid_to_side_loudness_range": 3.3885891437530518,
      "side_mean": -56.83610534667969
    }
  ],
  "bands_short": [
    {
      "high_freq": 148.1999969482422,
      "loudness": -32.96558380126953,
      "loudness_range": 15.524639129638672,
      "mid_mean": -30.46402931213379,
      "mid_to_side_loudness": -5.1852126121521,
      "mid_to_side_loudness_range": 3.8990368843078613,
      "side_mean": -35.679534912109375
    },
    {
      "high_freq": 392.3793640136719,
      "loudness": -33.96168899536133,
      "loudness_range": 14.541561126708984,
      "low_freq": 148.1999969482422,
      "mid_mean": -33.132816314697266,
      "mid_to_side_loudness": -1.12459135055542,
      "mid_to_side_loudness_range": 10.791666030883789,
      "side_mean": -34.2517204284668
    },
    {
      "high_freq": 794.6976318359375,
      "loudness": -33.22829055786133,
      "loudness_range": 12.05958366394043,
      "low_freq": 392.3793640136719,
      "mid_mean": -32.529300689697266,
      "mid_to_side_loudness": -0.6084237694740295,
      "mid_to_side_loudness_range": 9.440560340881348,
      "side_mean": -33.14876937866211
    },
    {
      "high_freq": 1457.5709228515625,
      "loudness": -34.081932067871094,
      "loudness_range": 14.646759033203125,
      "low_freq": 794.6976318359375,
      "mid_mean": -32.979461669921875,
      "mid_to_side_loudness": -1.5930958986282349,
      "mid_to_side_loudness_range": 9.992563247680664,
      "side_mean": -34.582054138183594
    },
    {
      "high_freq": 2549.74365234375,
      "loudness": -35.35021209716797,
      "loudness_range": 19.287525177001953,
      "low_freq": 1457.5709228515625,
      "mid_mean": -33.753089904785156,
      "mid_to_side_loudness": -2.91154146194458,
      "mid_to_side_loudness_range": 10.861944198608398,
      "side_mean": -36.74872589111328
    },
    {
      "high_freq": 4349.24462890625,
      "loudness": -41.43180465698242,
      "loudness_range": 22.79010581970215,
      "low_freq": 2549.74365234375,
      "mid_mean": -39.71274185180664,
      "mid_to_side_loudness": -2.679060459136963,
      "mid_to_side_loudness_range": 5.970753192901611,
      "side_mean": -42.42782211303711
    },
    {
      "high_freq": 7314.1640625,
      "loudness": -46.18537902832031,
      "loudness_range": 22.034168243408203,
      "low_freq": 4349.24462890625,
      "mid_mean": -44.293128967285156,
      "mid_to_side_loudness": -3.0280416011810303,
      "mid_to_side_loudness_range": 4.579813480377197,
      "side_mean": -47.37077331542969
    },
    {
      "high_freq": 12199.2666015625,
      "loudness": -50.20333480834961,
      "loudness_range": 21.433311462402344,
      "low_freq": 7314.1640625,
      "mid_mean": -48.108848571777344,
      "mid_to_side_loudness": -3.9473559856414795,
      "mid_to_side_loudness_range": 4.222776412963867,
      "side_mean": -52.34294509887695
    },
    {
      "loudness": -56.79389190673828,
      "loudness_range": 23.837921142578125,
      "low_freq": 12199.2666015625,
      "mid_mean": -54.40451431274414,
      "mid_to_side_loudness": -4.577531814575195,
      "mid_to_side_loudness_range": 5.269707679748535,
      "side_mean": -58.568851470947266
    }
  ],
  "bandwidth": 447.57220458984375,
  "channels": 2,
  "covariance": [
    [
      17.081846237182617,
      16.234567642211914,
      10.361411094665527,
      9.523597717285156,
      8.248661994934082,
      8.656916618347168,
      9.016448974609375,
      8.526532173156738,
      9.975668907165527,
      9.950940132141113,
      15.831886291503906,
      15.84037971496582,
      14.80663013458252,
      15.756863594055176,
      15.470501899719238,
      16.520530700683594,
      18.03455352783203,
      17.358293533325195
    ],
    [
      16.234567642211914,
      16.51470375061035,
      10.556340217590332,
      9.941695213317871,
      8.43743896484375,
      8.763202667236328,
      9.241451263427734,
      8.765771865844727,
      10.48532485961914,
      10.426871299743652,
      16.16046142578125,
      16.16813087463379,
      15.114097595214844,
      16.06524085998535,
      15.583402633666992,
      16.606964111328125,
      17.433273315429688,
      16.884174346923828
    ],
    [
      10.361411094665527,
      10.556340217590332,
      17.212738037109375,
      14.38081169128418,
      11.882981300354004,
      11.663541793823242,
      10.772391319274902,
      10.673338890075684,
      12.567952156066895,
      11.524072647094727,
      17.754776000976562,
      17.57358741760254,
      16.53248405456543,
      17.337121963500977,
      16.50440216064453,
      17.038761138916016,
      16.160804748535156,
      15.314245223999023
    ],
    [
      9.523597717285156,
      9.941695213317871,
      14.38081169128418,
      18.086240768432617,
      10.88264274597168,
      10.702926635742188,
      10.015897750854492,
      10.11530876159668,
      11.81885051727295,
      10.914667129516602,
      16.520240783691406,
      16.2511043548584,
      15.034538269042969,
      15.793905258178711,
      14.763508796691895,
      15.400208473205566,
      14.217814445495605,
      13.73643970489502
    ],
    [
      8.248661994934082,
      8.43743896484375,
      11.882981300354004,
      10.88264274597168,
      14.183232307434082,
      12.646536827087402,
      11.67868709564209,
      10.703790664672852,
      13.322848320007324,
      11.75886058807373,
      17.477928161621094,
      16.73929786682129,
      15.093768119812012,
      15.74376106262207,
      14.624073028564453,
      14.991727828979492,
      13.602267265319824,
      12.929476737976074
    ],
    [
      8.656916618347168,
      8.763202667236328,
      11.663541793823242,
      10.702926635742188,
      12.646536827087402,
      15.010662078857422,
      11.151568412780762,
      10.462137222290039,
      11.786213874816895,
      11.102633476257324,
      16.338346481323242,
      15.855646133422852,
      13.962512969970703,
      15.03420639038086,
      14.254132270812988,
      14.856807708740234,
      13.492925643920898,
      12.673633575439453
    ],
    [
      9.016448974609375,
      9.241451263427734,
      10.772391319274902,
      10.015897750854492,
      11.67868709564209,
      11.151568412780762,
      21.837902069091797,
      17.087007522583008,
      23.921627044677734,
      19.939313888549805,
      25.96893882751465,
      24.849510192871094,
      21.153364181518555,
      20.921363830566406,
      19.05514144897461,
      18.352510452270508,
      16.536239624023438,
      15.421975135803223
    ],
    [
      8.526532173156738,
      8.765771865844727,
      10.673338890075684,
      10.11530876159668,
      10.703790664672852,
      10.462137222290039,
      17.087007522583008,
      17.575584411621094,
      18.764360427856445,
      17.57572364807129,
      20.555095672607422,
      20.34894371032715,
      17.3810977935791,
      17.8710880279541,
      16.137075424194336,
      16.433242797851562,
      14.217241287231445,
      13.55334186553955
    ],
    [
      9.975668907165527,
      10.48532485961914,
      12.567952156066895,
      11.81885051727295,
      13.322848320007324,
      11.786213874816895,
      23.921627044677734,
      18.764360427856445,
      38.02488327026367,
      27.213687896728516,
      32.07229995727539,
      30.514175415039062,
      26.857707977294922,
      25.420902252197266,
      22.732084274291992,
      21.276155471801758,
      19.628602981567383,
      18.16621971130371
    ],
    [
      9.950940132141113,
      10.426871299743652,
      11.524072647094727,
      10.914667129516602,
      11.75886058807373,
      11.102633476257324,
      19.939313888549805,
      17.57572364807129,
      27.213687896728516,
      24.745670318603516,
      25.66526985168457,
      25.729915618896484,
      21.863353729248047,
      21.988056182861328,
      19.519222259521484,
      19.584230422973633,
      17.172086715698242,
      16.459678649902344
    ],
    [
      15.831886291503906,
      16.16046142578125,
      17.754776000976562,
      16.520240783691406,
      17.477928161621094,
      16.338346481323242,
      25.96893882751465,
      20.555095672607422,
      32.07229995727539,
      25.66526985168457,
      43.38288497924805,
      39.96230697631836,
      35.32778549194336,
      34.33860397338867,
      31.814571380615234,
      30.596860885620117,
      28.419902801513672,
      27.069751739501953
    ],
    [
      15.84037971496582,
      16.16813087463379,
      17.57358741760254,
      16.2511043548584,
      16.73929786682129,
      15.855646133422852,
      24.849510192871094,
      20.34894371032715,
      30.514175415039062,
      25.729915618896484,
      39.96230697631836,
      39.434715270996094,
      33.25879669189453,
      33.4360466003418,
      30.250951766967773,
      30.03463363647461,
      27.35865020751953,
      26.377029418945312
    ],
    [
      14.80663013458252,
      15.114097595214844,
      16.53248405456543,
      15.034538269042969,
      15.093768119812012,
      13.962512969970703,
      21.153364181518555,
      17.3810977935791,
      26.857707977294922,
      21.863353729248047,
      35.32778549194336,
      33.25879669189453,
      34.41993713378906,
      33.13297653198242,
      31.566024780273438,
      30.627182006835938,
      28.984777450561523,
      27.27543830871582
    ],
    [
      15.756863594055176,
      16.06524085998535,
      17.337121963500977,
      15.793905258178711,
      15.74376106262207,
      15.03420639038086,
      20.921363830566406,
      17.8710880279541,
      25.420902252197266,
      21.988056182861328,
      34.33860397338867,
      33.4360466003418,
      33.13297653198242,
      34.001220703125,
      31.383987426757812,
      31.454147338867188,
      29.259117126464844,
      27.889137268066406
    ],
    [
      15.470501899719238,
      15.583402633666992,
      16.50440216064453,
      14.763508796691895,
      14.624073028564453,
      14.254132270812988,
      19.05514144897461,
      16.137075424194336,
      22.732084274291992,
      19.519222259521484,
      31.814571380615234,
      30.250951766967773,
      31.566024780273438,
      31.383987426757812,
      31.573299407958984,
      30.982053756713867,
      29.92347526550293,
      27.896095275878906
    ],
    [
      16.520530700683594,
      16.606964111328125,
      17.038761138916016,
      15.400208473205566,
      14.991727828979492,
      14.856807708740234,
      18.352510452270508,
      16.433242797851562,
      21.276155471801758,
      19.584230422973633,
      30.596860885620117,
      30.03463363647461,
      30.627182006835938,
      31.454147338867188,
      30.982053756713867,
      40.49228286743164,
      38.2801513671875,
      34.598388671875
    ],
    [
      18.03455352783203,
      17.433273315429688,
      16.160804748535156,
      14.217814445495605,
      13.602267265319824,
      13.492925643920898,
      16.536239624023438,
      14.217241287231445,
      19.628602981567383,
      17.172086715698242,
      28.419902801513672,
      27.35865020751953,
      28.984777450561523,
      29.259117126464844,
      29.92347526550293,
      38.2801513671875,
      41.843658447265625,
      37.16744613647461
    ],
    [
      17.358293533325195,
      16.884174346923828,
      15.314245223999023,
      13.73643970489502,
      12.929476737976074,
      12.673633575439453,
      15.421975135803223,
      13.55334186553955,
      18.16621971130371,
      16.459678649902344,
      27.069751739501953,
      26.377029418945312,
      27.27543830871582,
      27.889137268066406,
      27.896095275878906,
      34.598388671875,
      37.16744613647461,
      34.25874328613281
    ]
  ],
  "covariance_short": [
    [
      31.672216415405273,
      28.96520233154297,
      16.02653694152832,
      15.184996604919434,
      9.85524845123291,
      9.378144264221191,
      11.6737642288208,
      9.825854301452637,
      14.550285339355469,
      12.554956436157227,
      19.959108352661133,
      19.523855209350586,
      20.73933219909668,
      20.972183227539062,
      22.66318130493164,
      22.3624267578125,
      25.668603897094727,
      23.230497360229492
    ],
    [
      28.96520233154297,
      28.848386764526367,
      16.03143310546875,
      15.59904956817627,
      10.087778091430664,
      9.62362289428711,
      11.713139533996582,
      9.918172836303711,
      14.772908210754395,
      12.794320106506348,
      19.799335479736328,
      19.448148727416992,
      20.48461151123047,
      20.69544219970703,
      22.191041946411133,
      21.873605728149414,
      24.35421371459961,
      22.013404846191406
    ],
    [
      16.02653694152832,
      16.03143310546875,
      29.630651473999023,
      22.258625030517578,
      16.13389778137207,
      14.179306983947754,
      15.980514526367188,
      13.76141357421875,
      19.917335510253906,
      16.42917823791504,
      24.6727294921875,
      23.63530158996582,
      24.78738021850586,
      24.24435043334961,
      24.67609977722168,
      23.340896606445312,
      24.531864166259766,
      21.316913604736328
    ],
    [
      15.184996604919434,
      15.59904956817627,
      22.258625030517578,
      30.02991485595703,
      15.86015510559082,
      15.057121276855469,
      15.812799453735352,
      13.63371753692627,
      18.871601104736328,
      16.147554397583008,
      23.864295959472656,
      22.98271942138672,
      23.02216911315918,
      22.97223472595215,
      22.778478622436523,
      21.988428115844727,
      21.78392219543457,
      19.435901641845703
    ],
    [
      9.85524845123291,
      10.087778091430664,
      16.13389778137207,
      15.86015510559082,
      21.628908157348633,
      15.818629264831543,
      16.691829681396484,
      13.751216888427734,
      19.879980087280273,
      16.123151779174805,
      22.962520599365234,
      21.65093421936035,
      20.594982147216797,
      20.147268295288086,
      19.797636032104492,
      18.519243240356445,
      17.57451057434082,
      15.258673667907715
    ],
    [
      9.378144264221191,
      9.62362289428711,
      14.179306983947754,
      15.057121276855469,
      15.818629264831543,
      21.039276123046875,
      15.347565650939941,
      12.961525917053223,
      18.08279037475586,
      14.660435676574707,
      21.12553596496582,
      19.94320297241211,
      18.667879104614258,
      18.50364875793457,
      18.21335792541504,
      17.204753875732422,
      16.196958541870117,
      14.064800262451172
    ],
    [
      11.6737642288208,
      11.713139533996582,
      15.980514526367188,
      15.812799453735352,
      16.691829681396484,
      15.347565650939941,
      33.133750915527344,
      22.39893341064453,
      34.345603942871094,
      27.35833740234375,
      35.54892349243164,
      33.42901611328125,
      30.31869888305664,
      28.84417724609375,
      27.8898868560791,
      24.88653564453125,
      23.746660232543945,
      20.086992263793945
    ],
    [
      9.825854301452637,
      9.918172836303711,
      13.76141357421875,
      13.63371753692627,
      13.751216888427734,
      12.961525917053223,
      22.39893341064453,
      23.954858779907227,
      25.50060272216797,
      22.254148483276367,
      26.648517608642578,
      26.072349548339844,
      23.08310317993164,
      22.9160213470459,
      21.764230728149414,
      20.220714569091797,
      18.250329971313477,
      15.864985466003418
    ],
    [
      14.550285339355469,
      14.772908210754395,
      19.917335510253906,
      18.871601104736328,
      19.879980087280273,
      18.08279037475586,
      34.345603942871094,
      25.50060272216797,
      54.686336517333984,
      37.37863540649414,
      45.329833984375,
      41.94765090942383,
      40.020286560058594,
      36.46857452392578,
      35.36903381347656,
      30.809398651123047,
      30.536916732788086,
      25.507709503173828
    ],
    [
      12.554956436157227,
      12.794320106506348,
      16.42917823791504,
      16.147554397583008,
      16.123151779174805,
      14.660435676574707,
      27.35833740234375,
      22.254148483276367,
      37.37863540649414,
      35.07561492919922,
      34.9874267578125,
      33.923423767089844,
      30.6540584564209,
      29.47119903564453,
      27.97667121887207,
      25.616199493408203,
      23.55535125732422,
      20.631574630737305
    ],
    [
      19.959108352661133,
      19.799335479736328,
      24.6727294921875,
      23.864295959472656,
      22.962520599365234,
      21.12553596496582,
      35.54892349243164,
      26.648517608642578,
      45.329833984375,
      34.9874267578125,
      57.113075256347656,
      51.28009796142578,
      48.53424835205078,
      45.127174377441406,
      44.32948303222656,
      39.91893768310547,
      38.98973083496094,
      33.71449279785156
    ],
    [
      19.523855209350586,
      19.448148727416992,
      23.63530158996582,
      22.98271942138672,
      21.65093421936035,
      19.94320297241211,
      33.42901611328125,
      26.072349548339844,
      41.94765090942383,
      33.923423767089844,
      51.28009796142578,
      50.948516845703125,
      44.771976470947266,
      43.402626037597656,
      41.42958450317383,
      38.4230842590332,
      36.26887893676758,
      32.08388900756836
    ],
    [
      20.73933219909668,
      20.48461151123047,
      24.78738021850586,
      23.02216911315918,
      20.594982147216797,
      18.667879104614258,
      30.31869888305664,
      23.08310317993164,
      40.020286560058594,
      30.6540584564209,
      48.53424835205078,
      44.771976470947266,
      51.37907028198242,
      46.680931091308594,
      48.045684814453125,
      43.183868408203125,
      43.754425048828125,
      36.71065139770508
    ],
    [
      20.972183227539062,
      20.69544219970703,
      24.24435043334961,
      22.97223472595215,
      20.147268295288086,
      18.50364875793457,
      28.84417724609375,
      22.9160213470459,
      36.46857452392578,
      29.47119903564453,
      45.127174377441406,
      43.402626037597656,
      46.680931091308594,
      46.0546989440918,
      45.2968635559082,
      42.13864517211914,
      40.83233642578125,
      35.191585540771484
    ],
    [
      22.66318130493164,
      22.191041946411133,
      24.67609977722168,
      22.778478622436523,
      19.797636032104492,
      18.21335792541504,
      27.8898868560791,
      21.764230728149414,
      35.36903381347656,
      27.97667121887207,
      44.32948303222656,
      41.42958450317383,
      48.045684814453125,
      45.2968635559082,
      51.78263473510742,
      46.65599822998047,
      47.41385269165039,
      39.303470611572266
    ],
    [
      22.3624267578125,
      21.873605728149414,
      23.340896606445312,
      21.988428115844727,
      18.519243240356445,
      17.204753875732422,
      24.88653564453125,
      20.220714569091797,
      30.809398651123047,
      25.616199493408203,
      39.91893768310547,
      38.4230842590332,
      43.183868408203125,
      42.13864517211914,
      46.65599822998047,
      49.84349060058594,
      48.13323211669922,
      40.61576461791992
    ],
    [
      25.668603897094727,
      24.35421371459961,
      24.531864166259766,
      21.78392219543457,
      17.57451057434082,
      16.196958541870117,
      23.746660232543945,
      18.250329971313477,
      30.536916732788086,
      23.55535125732422,
      38.98973083496094,
      36.26887893676758,
      43.754425048828125,
      40.83233642578125,
      47.41385269165039,
      48.13323211669922,
      57.73849105834961,
      47.538612365722656
    ],
    [
      23.230497360229492,
      22.013404846191406,
      21.316913604736328,
      19.435901641845703,
      15.258673667907715,
      14.064800262451172,
      20.086992263793945,
      15.864985466003418,
      25.507709503173828,
      20.631574630737305,
      33.71449279785156,
      32.08388900756836,
      36.71065139770508,
      35.191585540771484,
      39.303470611572266,
      40.61576461791992,
      47.538612365722656,
      41.33325958251953
    ]
  ],
  "damage": -14.159093856811523,
  "diff_bandwidth": 445.66180419921875,
  "dissonance": 6.375322100068407,
  "drr": -0.9700369238853455,
  "dynamics": 3.5449934005737305,
  "format": 1245190,
  "frames": 8994816,
  "loudness": -21.669191360473633,
  "loudness_range": 9.733660697937012,
  "loudness_range_short": 12.24630355834961,
  "lowpass_true_peak_15khz": -1.731069564819336,
  "mastering3_acoustic_entropies": [
    {
      "acoustic_entropy": 5.787679195404053,
      "acoustic_entropy_mono": 5.798806190490723,
      "band_eliminated_acoustic_entropies": [
        {
          "acoustic_entropy": 5.473429203033447,
          "acoustic_entropy_side": 5.726379871368408,
          "hz": 129.47220167065723
        },
        {
          "acoustic_entropy": 5.51102876663208,
          "acoustic_entropy_side": 5.741945266723633,
          "hz": 202.92927478742237
        },
        {
          "acoustic_entropy": 5.702511787414551,
          "acoustic_entropy_side": 5.733545303344727,
          "hz": 282.89161906338205
        },
        {
          "acoustic_entropy": 5.927127361297607,
          "acoustic_entropy_side": 5.832734107971191,
          "hz": 369.9353335868758
        },
        {
          "acoustic_entropy": 5.867274284362793,
          "acoustic_entropy_side": 5.685130596160889,
          "hz": 464.6875360973435
        },
        {
          "acoustic_entropy": 5.654404163360596,
          "acoustic_entropy_side": 5.799226760864258,
          "hz": 567.8308811364784
        },
        {
          "acoustic_entropy": 6.15191650390625,
          "acoustic_entropy_side": 5.959226131439209,
          "hz": 680.1084783214808
        },
        {
          "acoustic_entropy": 6.534465789794922,
          "acoustic_entropy_side": 6.1012701988220215,
          "hz": 802.3292461747484
        },
        {
          "acoustic_entropy": 6.4745049476623535,
          "acoustic_entropy_side": 6.11525297164917,
          "hz": 935.3737400823702
        },
        {
          "acoustic_entropy": 5.65852165222168,
          "acoustic_entropy_side": 5.730088233947754,
          "hz": 1080.2004963696966
        },
        {
          "acoustic_entropy": 6.097736835479736,
          "acoustic_entropy_side": 5.682183742523193,
          "hz": 1237.8529382007157
        },
        {
          "acoustic_entropy": 5.895333766937256,
          "acoustic_entropy_side": 5.758152961730957,
          "hz": 1409.4668930556702
        },
        {
          "acoustic_entropy": 6.293430805206299,
          "acoustic_entropy_side": 6.052777290344238,
          "hz": 1596.2787759475705
        },
        {
          "acoustic_entropy": 6.937909126281738,
          "acoustic_entropy_side": 6.137789249420166,
          "hz": 1799.6344973346393
        },
        {
          "acoustic_entropy": 5.680086612701416,
          "acoustic_entropy_side": 5.650945663452148,
          "hz": 2020.9991599069049
        },
        {
          "acoustic_entropy": 5.957793235778809,
          "acoustic_entropy_side": 5.842089653015137,
          "hz": 2261.9676141086993
        },
        {
          "acoustic_entropy": 4.714491367340088,
          "acoustic_entropy_side": 5.8686394691467285,
          "hz": 2524.2759484456974
        },
        {
          "acoustic_entropy": 6.077876567840576,
          "acoustic_entropy_side": 5.8697896003723145,
          "hz": 2809.813997359896
        },
        {
          "acoustic_entropy": 5.80533504486084,
          "acoustic_entropy_side": 5.743793964385986,
          "hz": 3120.6389567871424
        },
        {
          "acoustic_entropy": 5.794471263885498,
          "acoustic_entropy_side": 5.8106513023376465,
          "hz": 3458.990205492291
        },
        {
          "acoustic_entropy": 5.885366916656494,
          "acoustic_entropy_side": 5.812299728393555,
          "hz": 3827.305438964164
        },
        {
          "acoustic_entropy": 5.819674968719482,
          "acoustic_entropy_side": 5.792878150939941,
          "hz": 4228.238232109126
        },
        {
          "acoustic_entropy": 5.791404724121094,
          "acoustic_entropy_side": 5.787749767303467,
          "hz": 4664.6771572759235
        },
        {
          "acoustic_entropy": 5.895179748535156,
          "acoustic_entropy_side": 5.8191986083984375,
          "hz": 5139.766595350093
        },
        {
          "acoustic_entropy": 5.85336971282959,
          "acoustic_entropy_side": 5.790135383605957,
          "hz": 5656.929389854203
        },
        {
          "acoustic_entropy": 5.819502353668213,
          "acoustic_entropy_side": 5.780024528503418,
          "hz": 6219.891507268283
        },
        {
          "acoustic_entropy": 5.812363147735596,
          "acoustic_entropy_side": 5.78836727142334,
          "hz": 6832.70888123896
        },
        {
          "acoustic_entropy": 5.811352252960205,
          "acoustic_entropy_side": 5.790442943572998,
          "hz": 7499.796634079867
        },
        {
          "acoustic_entropy": 5.806900501251221,
          "acoustic_entropy_side": 5.789181709289551,
          "hz": 8225.96088609342
        },
        {
          "acoustic_entropy": 5.807180404663086,
          "acoustic_entropy_side": 5.792304992675781,
          "hz": 9016.43338188839
        },
        {
          "acoustic_entropy": 5.807432651519775,
          "acoustic_entropy_side": 5.795100212097168,
          "hz": 9876.909183162974
        },
        {
          "acoustic_entropy": 5.800624370574951,
          "acoustic_entropy_side": 5.7944207191467285,
          "hz": 10813.587699516042
        },
        {
          "acoustic_entropy": 5.803260326385498,
          "acoustic_entropy_side": 5.794963359832764,
          "hz": 11833.21735289826
        },
        {
          "acoustic_entropy": 5.802504539489746,
          "acoustic_entropy_side": 5.794449806213379,
          "hz": 12943.144197493959
        },
        {
          "acoustic_entropy": 5.794017791748047,
          "acoustic_entropy_side": 5.79183292388916,
          "hz": 14151.364845322005
        },
        {
          "acoustic_entropy": 5.798038959503174,
          "acoustic_entropy_side": 5.793229579925537,
          "hz": 15466.58407886509
        },
        {
          "acoustic_entropy": 5.78256368637085,
          "acoustic_entropy_side": 5.792163848876953,
          "hz": 16898.27756580493
        },
        {
          "acoustic_entropy": 5.78883695602417,
          "acoustic_entropy_side": 5.788878440856934,
          "hz": 18456.760127700032
        },
        {
          "acoustic_entropy": 5.788020133972168,
          "acoustic_entropy_side": 5.787728786468506,
          "hz": 20153.260054456492
        },
        {
          "acoustic_entropy": 5.787679672241211,
          "acoustic_entropy_side": 5.7876787185668945,
          "hz": 22000.00000000001
        }
      ],
      "diff_acoustic_entropy": 4.633200645446777,
      "sn": 6
    },
    {
      "acoustic_entropy": 9.693450927734375,
      "acoustic_entropy_mono": 9.003613471984863,
      "band_eliminated_acoustic_entropies": [
        {
          "acoustic_entropy": 9.50584602355957,
          "acoustic_entropy_side": 9.595087051391602,
          "hz": 129.47220167065723
        },
        {
          "acoustic_entropy": 9.461524963378906,
          "acoustic_entropy_side": 9.703157424926758,
          "hz": 202.92927478742237
        },
        {
          "acoustic_entropy": 9.698081970214844,
          "acoustic_entropy_side": 9.409510612487793,
          "hz": 282.89161906338205
        },
        {
          "acoustic_entropy": 9.76480484008789,
          "acoustic_entropy_side": 9.668123245239258,
          "hz": 369.9353335868758
        },
        {
          "acoustic_entropy": 9.540955543518066,
          "acoustic_entropy_side": 9.455644607543945,
          "hz": 464.6875360973435
        },
        {
          "acoustic_entropy": 9.76440143585205,
          "acoustic_entropy_side": 10.23794937133789,
          "hz": 567.8308811364784
        },
        {
          "acoustic_entropy": 9.438566207885742,
          "acoustic_entropy_side": 9.495235443115234,
          "hz": 680.1084783214808
        },
        {
          "acoustic_entropy": 9.97740650177002,
          "acoustic_entropy_side": 10.067219734191895,
          "hz": 802.3292461747484
        },
        {
          "acoustic_entropy": 9.144014358520508,
          "acoustic_entropy_side": 9.047869682312012,
          "hz": 935.3737400823702
        },
        {
          "acoustic_entropy": 9.148503303527832,
          "acoustic_entropy_side": 9.088140487670898,
          "hz": 1080.2004963696966
        },
        {
          "acoustic_entropy": 10.554729461669922,
          "acoustic_entropy_side": 9.918488502502441,
          "hz": 1237.8529382007157
        },
        {
          "acoustic_entropy": 9.9839448928833,
          "acoustic_entropy_side": 9.941752433776855,
          "hz": 1409.4668930556702
        },
        {
          "acoustic_entropy": 9.516325950622559,
          "acoustic_entropy_side": 9.922439575195312,
          "hz": 1596.2787759475705
        },
        {
          "acoustic_entropy": 9.62360668182373,
          "acoustic_entropy_side": 9.635716438293457,
          "hz": 1799.6344973346393
        },
        {
          "acoustic_entropy": 9.781271934509277,
          "acoustic_entropy_side": 9.417648315429688,
          "hz": 2020.9991599069049
        },
        {
          "acoustic_entropy": 9.526848793029785,
          "acoustic_entropy_side": 9.575406074523926,
          "hz": 2261.9676141086993
        },
        {
          "acoustic_entropy": 8.551850318908691,
          "acoustic_entropy_side": 9.59000301361084,
          "hz": 2524.2759484456974
        },
        {
          "acoustic_entropy": 9.78903865814209,
          "acoustic_entropy_side": 9.525674819946289,
          "hz": 2809.813997359896
        },
        {
          "acoustic_entropy": 10.28422737121582,
          "acoustic_entropy_side": 9.73822021484375,
          "hz": 3120.6389567871424
        },
        {
          "acoustic_entropy": 9.449118614196777,
          "acoustic_entropy_side": 9.612706184387207,
          "hz": 3458.990205492291
        },
        {
          "acoustic_entropy": 9.602341651916504,
          "acoustic_entropy_side": 9.617335319519043,
          "hz": 3827.305438964164
        },
        {
          "acoustic_entropy": 9.61059284210205,
          "acoustic_entropy_side": 9.6802396774292,
          "hz": 4228.238232109126
        },
        {
          "acoustic_entropy": 9.745987892150879,
          "acoustic_entropy_side": 9.675898551940918,
          "hz": 4664.6771572759235
        },
        {
          "acoustic_entropy": 9.519822120666504,
          "acoustic_entropy_side": 9.634539604187012,
          "hz": 5139.766595350093
        },
        {
          "acoustic_entropy": 9.689735412597656,
          "acoustic_entropy_side": 9.707761764526367,
          "hz": 5656.929389854203
        },
        {
          "acoustic_entropy": 9.706520080566406,
          "acoustic_entropy_side": 9.689926147460938,
          "hz": 6219.891507268283
        },
        {
          "acoustic_entropy": 9.661666870117188,
          "acoustic_entropy_side": 9.685283660888672,
          "hz": 6832.70888123896
        },
        {
          "acoustic_entropy": 9.645464897155762,
          "acoustic_entropy_side": 9.675027847290039,
          "hz": 7499.796634079867
        },
        {
          "acoustic_entropy": 9.69874382019043,
          "acoustic_entropy_side": 9.687198638916016,
          "hz": 8225.96088609342
        },
        {
          "acoustic_entropy": 9.709038734436035,
          "acoustic_entropy_side": 9.696942329406738,
          "hz": 9016.43338188839
        },
        {
          "acoustic_entropy": 9.677909851074219,
          "acoustic_entropy_side": 9.70147705078125,
          "hz": 9876.909183162974
        },
        {
          "acoustic_entropy": 9.684370040893555,
          "acoustic_entropy_side": 9.707625389099121,
          "hz": 10813.587699516042
        },
        {
          "acoustic_entropy": 9.701855659484863,
          "acoustic_entropy_side": 9.711596488952637,
          "hz": 11833.21735289826
        },
        {
          "acoustic_entropy": 9.706417083740234,
          "acoustic_entropy_side": 9.709065437316895,
          "hz": 12943.144197493959
        },
        {
          "acoustic_entropy": 9.727116584777832,
          "acoustic_entropy_side": 9.693586349487305,
          "hz": 14151.364845322005
        },
        {
          "acoustic_entropy": 9.802314758300781,
          "acoustic_entropy_side": 9.688582420349121,
          "hz": 15466.58407886509
        },
        {
          "acoustic_entropy": 9.76262378692627,
          "acoustic_entropy_side": 9.703993797302246,
          "hz": 16898.27756580493
        },
        {
          "acoustic_entropy": 9.735485076904297,
          "acoustic_entropy_side": 9.692262649536133,
          "hz": 18456.760127700032
        },
        {
          "acoustic_entropy": 9.69583797454834,
          "acoustic_entropy_side": 9.693610191345215,
          "hz": 20153.260054456492
        },
        {
          "acoustic_entropy": 9.693463325500488,
          "acoustic_entropy_side": 9.693453788757324,
          "hz": 22000.00000000001
        }
      ],
      "diff_acoustic_entropy": 9.031685829162598,
      "sn": 12
    },
    {
      "acoustic_entropy": 14.484257698059082,
      "acoustic_entropy_mono": 13.670194625854492,
      "band_eliminated_acoustic_entropies": [
        {
          "acoustic_entropy": 14.508993148803711,
          "acoustic_entropy_side": 14.689358711242676,
          "hz": 129.47220167065723
        },
        {
          "acoustic_entropy": 14.680435180664062,
          "acoustic_entropy_side": 14.622285842895508,
          "hz": 202.92927478742237
        },
        {
          "acoustic_entropy": 14.588740348815918,
          "acoustic_entropy_side": 14.393914222717285,
          "hz": 282.89161906338205
        },
        {
          "acoustic_entropy": 14.251421928405762,
          "acoustic_entropy_side": 14.771222114562988,
          "hz": 369.9353335868758
        },
        {
          "acoustic_entropy": 14.555405616760254,
          "acoustic_entropy_side": 14.894205093383789,
          "hz": 464.6875360973435
        },
        {
          "acoustic_entropy": 14.764167785644531,
          "acoustic_entropy_side": 14.976452827453613,
          "hz": 567.8308811364784
        },
        {
          "acoustic_entropy": 13.893362045288086,
          "acoustic_entropy_side": 14.227765083312988,
          "hz": 680.1084783214808
        },
        {
          "acoustic_entropy": 14.902878761291504,
          "acoustic_entropy_side": 15.17121410369873,
          "hz": 802.3292461747484
        },
        {
          "acoustic_entropy": 14.497365951538086,
          "acoustic_entropy_side": 14.576284408569336,
          "hz": 935.3737400823702
        },
        {
          "acoustic_entropy": 13.780362129211426,
          "acoustic_entropy_side": 14.212472915649414,
          "hz": 1080.2004963696966
        },
        {
          "acoustic_entropy": 14.656107902526855,
          "acoustic_entropy_side": 14.21878433227539,
          "hz": 1237.8529382007157
        },
        {
          "acoustic_entropy": 15.658119201660156,
          "acoustic_entropy_side": 15.282610893249512,
          "hz": 1409.4668930556702
        },
        {
          "acoustic_entropy": 14.464096069335938,
          "acoustic_entropy_side": 14.420259475708008,
          "hz": 1596.2787759475705
        },
        {
          "acoustic_entropy": 14.830568313598633,
          "acoustic_entropy_side": 14.504419326782227,
          "hz": 1799.6344973346393
        },
        {
          "acoustic_entropy": 14.060345649719238,
          "acoustic_entropy_side": 14.513683319091797,
          "hz": 2020.9991599069049
        },
        {
          "acoustic_entropy": 15.061607360839844,
          "acoustic_entropy_side": 14.872401237487793,
          "hz": 2261.9676141086993
        },
        {
          "acoustic_entropy": 13.864337921142578,
          "acoustic_entropy_side": 14.4845609664917,
          "hz": 2524.2759484456974
        },
        {
          "acoustic_entropy": 15.08180046081543,
          "acoustic_entropy_side": 15.153843879699707,
          "hz": 2809.813997359896
        },
        {
          "acoustic_entropy": 14.742890357971191,
          "acoustic_entropy_side": 14.678743362426758,
