{
  "acoustic_entropy": 110.73294067382812,
  "bands": [
    {
      "high_freq": 148.1999969482422,
      "loudness": -51.329219818115234,
      "loudness_range": 18.162906646728516,
      "mid_mean": -48.32024383544922,
      "mid_to_side_loudness": -10.011754989624023,
      "mid_to_side_loudness_range": 13.543556213378906,
      "side_mean": -57.70555114746094
    },
    {
      "high_freq": 392.3793640136719,
      "loudness": -31.326374053955078,
      "loudness_range": 9.347347259521484,
      "low_freq": 148.1999969482422,
      "mid_mean": -28.37273406982422,
      "mid_to_side_loudness": -8.032094955444336,
      "mid_to_side_loudness_range": 8.321020126342773,
      "side_mean": -36.20361328125
    },
    {
      "high_freq": 794.6976318359375,
      "loudness": -28.822214126586914,
      "loudness_range": 10.173074722290039,
      "low_freq": 392.3793640136719,
      "mid_mean": -26.980220794677734,
      "mid_to_side_loudness": -2.470693588256836,
      "mid_to_side_loudness_range": 8.196393966674805,
      "side_mean": -29.918296813964844
    },
    {
      "high_freq": 1457.5709228515625,
      "loudness": -38.48884201049805,
      "loudness_range": 17.247806549072266,
      "low_freq": 794.6976318359375,
      "mid_mean": -37.8272705078125,
      "mid_to_side_loudness": -0.06801523268222809,
      "mid_to_side_loudness_range": 9.78904914855957,
      "side_mean": -38.13103485107422
    },
    {
      "high_freq": 2549.74365234375,
      "loudness": -43.97585678100586,
      "loudness_range": 12.910930633544922,
      "low_freq": 1457.5709228515625,
      "mid_mean": -42.64589309692383,
      "mid_to_side_loudness": -0.9379454851150513,
      "mid_to_side_loudness_range": 7.452169418334961,
      "side_mean": -44.25225830078125
    },
    {
      "high_freq": 4349.24462890625,
      "loudness": -52.861480712890625,
      "loudness_range": 16.119129180908203,
      "low_freq": 2549.74365234375,
      "mid_mean": -53.158180236816406,
      "mid_to_side_loudness": -0.1316443383693695,
      "mid_to_side_loudness_range": 6.714229583740234,
      "side_mean": -53.106834411621094
    },
    {
      "high_freq": 7314.1640625,
      "loudness": -72.39079284667969,
      "loudness_range": 20.255146026611328,
      "low_freq": 4349.24462890625,
      "mid_mean": -67.3358154296875,
      "mid_to_side_loudness": -0.24006524682044983,
      "mid_to_side_loudness_range": 5.848200798034668,
      "side_mean": -67.44039154052734
    },
    {
      "high_freq": 12199.2666015625,
      "loudness": 0,
      "loudness_range": 0,
      "low_freq": 7314.1640625,
      "mid_mean": -69.88128662109375,
      "mid_to_side_loudness": 1.1649127006530762,
      "mid_to_side_loudness_range": 4.858013153076172,
      "side_mean": -69.87586975097656
    },
    {
      "loudness": 0,
      "loudness_range": 0,
      "low_freq": 12199.2666015625,
      "mid_mean": -69.99725341796875,
      "mid_to_side_loudness": 7.02501916885376,
      "mid_to_side_loudness_range": 10.158244132995605,
      "side_mean": -69.99046325683594
    }
  ],
  "bands_short": [
    {
      "high_freq": 148.1999969482422,
      "loudness": -57.81304931640625,
      "loudness_range": 21.56412124633789,
      "mid_mean": -54.5252685546875,
      "mid_to_side_loudness": -9.908061027526855,
      "mid_to_side_loudness_range": 15.812880516052246,
      "side_mean": -62.53573989868164
    },
    {
      "high_freq": 392.3793640136719,
      "loudness": -32.759159088134766,
      "loudness_range": 10.7235107421875,
      "low_freq": 148.1999969482422,
      "mid_mean": -29.98419952392578,
      "mid_to_side_loudness": -7.438320159912109,
      "mid_to_side_loudness_range": 10.608407020568848,
      "side_mean": -37.29776382446289
    },
    {
      "high_freq": 794.6976318359375,
      "loudness": -28.342618942260742,
      "loudness_range": 10.163248062133789,
      "low_freq": 392.3793640136719,
      "mid_mean": -26.34021759033203,
      "mid_to_side_loudness": -4.160826683044434,
      "mid_to_side_loudness_range": 10.658370971679688,
      "side_mean": -30.45494842529297
    },
    {
      "high_freq": 1457.5709228515625,
      "loudness": -37.10513687133789,
      "loudness_range": 19.70758628845215,
      "low_freq": 794.6976318359375,
      "mid_mean": -36.7241096496582,
      "mid_to_side_loudness": -0.09438484162092209,
      "mid_to_side_loudness_range": 10.971528053283691,
      "side_mean": -36.88806915283203
    },
    {
      "high_freq": 2549.74365234375,
      "loudness": -44.51228332519531,
      "loudness_range": 14.480819702148438,
      "low_freq": 1457.5709228515625,
      "mid_mean": -43.34556579589844,
      "mid_to_side_loudness": -0.864127516746521,
      "mid_to_side_loudness_range": 8.459625244140625,
      "side_mean": -44.83980178833008
    },
    {
      "high_freq": 4349.24462890625,
      "loudness": -53.62445068359375,
      "loudness_range": 22.086227416992188,
      "low_freq": 2549.74365234375,
      "mid_mean": -54.050655364990234,
      "mid_to_side_loudness": -0.13783180713653564,
      "mid_to_side_loudness_range": 8.896706581115723,
      "side_mean": -53.977783203125
    },
    {
      "high_freq": 7314.1640625,
      "loudness": -72.08363342285156,
      "loudness_range": 22.778305053710938,
      "low_freq": 4349.24462890625,
      "mid_mean": -67.23157501220703,
      "mid_to_side_loudness": -0.8433162569999695,
      "mid_to_side_loudness_range": 8.124849319458008,
      "side_mean": -67.59769439697266
    },
    {
      "high_freq": 12199.2666015625,
      "loudness": -83.51058959960938,
      "loudness_range": 13.981857299804688,
      "low_freq": 7314.1640625,
      "mid_mean": -69.89038848876953,
      "mid_to_side_loudness": 1.2794098854064941,
      "mid_to_side_loudness_range": 4.428900241851807,
      "side_mean": -69.88423156738281
    },
    {
      "loudness": 0,
      "loudness_range": 0,
      "low_freq": 12199.2666015625,
      "mid_mean": -69.9970703125,
      "mid_to_side_loudness": 9.696950912475586,
      "mid_to_side_loudness_range": 19.40814971923828,
      "side_mean": -69.99012756347656
    }
  ],
  "bandwidth": 602.46484375,
  "channels": 2,
  "covariance": [
    [
      38.52897262573242,
      36.484718322753906,
      9.686338424682617,
      9.146797180175781,
      18.123693466186523,
      17.787572860717773,
      20.8245906829834,
      16.820804595947266,
      11.665159225463867,
      16.546049118041992,
      23.31832504272461,
      22.528478622436523,
      7.313229560852051,
      7.025048732757568,
      0.47938650846481323,
      0.4648197889328003,
      0.004610056057572365,
      0.005403344519436359
    ],
    [
      36.484718322753906,
      50.033077239990234,
      12.68037223815918,
      12.941411018371582,
      19.882707595825195,
      17.493892669677734,
      30.261272430419922,
      22.379032135009766,
      15.490497589111328,
      19.650075912475586,
      27.86890411376953,
      27.69303321838379,
      12.869112968444824,
      13.052114486694336,
      0.9833760261535645,
      0.8895768523216248,
      0.005307486746460199,
      0.006472909823060036
    ],
    [
      9.686338424682617,
      12.68037223815918,
      14.88732624053955,
      9.242229461669922,
      5.057299613952637,
      9.04158878326416,
      10.574952125549316,
      12.020030975341797,
      7.430459976196289,
      11.118054389953613,
      12.526314735412598,
      12.799932479858398,
      3.561689853668213,
      3.324528932571411,
      0.26351287961006165,
      0.2102506160736084,
      0.0019960233476012945,
      0.002244791714474559
    ],
    [
      9.146797180175781,
      12.941411018371582,
      9.242229461669922,
      12.664188385009766,
      7.3649115562438965,
      9.74142074584961,
      12.295519828796387,
      11.997794151306152,
      8.623370170593262,
      12.11327075958252,
      16.300588607788086,
      15.46171760559082,
      5.238761901855469,
      4.775811195373535,
      0.2884673774242401,
      0.2527365982532501,
      0.0022198983933776617,
      0.002826649695634842
    ],
    [
      18.123693466186523,
      19.882707595825195,
      5.057299613952637,
      7.3649115562438965,
      32.00634002685547,
      25.653352737426758,
      27.47644805908203,
      18.71388053894043,
      22.915836334228516,
      25.81874656677246,
      28.8317813873291,
      28.079139709472656,
      7.364859104156494,
      7.5094122886657715,
      0.35004016757011414,
      0.33501508831977844,
      0.004611222539097071,
      0.005005307961255312
    ],
    [
      17.787572860717773,
      17.493892669677734,
      9.04158878326416,
      9.74142074584961,
      25.653352737426758,
      29.3065128326416,
      25.877819061279297,
      20.18537712097168,
      21.25510597229004,
      25.393526077270508,
      29.216115951538086,
      29.286670684814453,
      7.081006050109863,
      7.065572738647461,
      0.3141435980796814,
      0.2758254110813141,
      0.004394393414258957,
      0.004664178006350994
    ],
    [
      20.8245906829834,
      30.261272430419922,
      10.574952125549316,
      12.295519828796387,
      27.47644805908203,
      25.877819061279297,
      43.59354782104492,
      28.52507972717285,
      26.234895706176758,
      31.71468162536621,
      36.26639175415039,
      33.442108154296875,
      14.954963684082031,
      14.662290573120117,
      0.9807239174842834,
      0.9063640832901001,
      0.005896668415516615,
      0.006429055240005255
    ],
    [
      16.820804595947266,
      22.379032135009766,
      12.020030975341797,
      11.997794151306152,
      18.71388053894043,
      20.18537712097168,
      28.52507972717285,
      25.854646682739258,
      18.433643341064453,
      22.836332321166992,
      28.40060043334961,
      27.427677154541016,
      9.395779609680176,
      9.620661735534668,
      0.6068511009216309,
      0.5460195541381836,
      0.006001640111207962,
      0.0067824432626366615
    ],
    [
      11.665159225463867,
      15.490497589111328,
      7.430459976196289,
      8.623370170593262,
      22.915836334228516,
      21.25510597229004,
      26.234895706176758,
      18.433643341064453,
      29.750123977661133,
      25.377342224121094,
      29.76961326599121,
      29.41965675354004,
      9.059701919555664,
      8.983325004577637,
      0.46727102994918823,
      0.4291727840900421,
      0.004912159405648708,
      0.005923535209149122
    ],
    [
      16.546049118041992,
      19.650075912475586,
      11.118054389953613,
      12.11327075958252,
      25.81874656677246,
      25.393526077270508,
      31.71468162536621,
      22.836332321166992,
      25.377342224121094,
      31.919729232788086,
      33.15876770019531,
      32.51591110229492,
      9.27017593383789,
      9.003584861755371,
      0.4707508087158203,
      0.43900802731513977,
      0.0059552560560405254,
      0.006696740631014109
    ],
    [
      23.31832504272461,
      27.86890411376953,
      12.526314735412598,
      16.300588607788086,
      28.8317813873291,
      29.216115951538086,
      36.26639175415039,
      28.40060043334961,
      29.76961326599121,
      33.15876770019531,
      50.65232467651367,
      48.47296142578125,
      14.917600631713867,
      13.839885711669922,
      0.7190627455711365,
      0.690051794052124,
      0.0073234024457633495,
      0.01077144406735897
    ],
    [
      22.528478622436523,
      27.69303321838379,
      12.799932479858398,
      15.46171760559082,
      28.079139709472656,
      29.286670684814453,
      33.442108154296875,
      27.427677154541016,
      29.41965675354004,
      32.51591110229492,
      48.47296142578125,
      50.40303421020508,
      13.398908615112305,
      12.631549835205078,
      0.659518301486969,
      0.6189303994178772,
      0.007573806680738926,
      0.010748029686510563
    ],
    [
      7.313229560852051,
      12.869112968444824,
      3.561689853668213,
      5.238761901855469,
      7.364859104156494,
      7.081006050109863,
      14.954963684082031,
      9.395779609680176,
      9.059701919555664,
      9.27017593383789,
      14.917600631713867,
      13.398908615112305,
      8.97953987121582,
      8.647404670715332,
      0.55455482006073,
      0.5131210088729858,
      0.0019946128595620394,
      0.0027635321021080017
    ],
    [
      7.025048732757568,
      13.052114486694336,
      3.324528932571411,
      4.775811195373535,
      7.5094122886657715,
      7.065572738647461,
      14.662290573120117,
      9.620661735534668,
      8.983325004577637,
      9.003584861755371,
      13.839885711669922,
      12.631549835205078,
      8.647404670715332,
      9.029693603515625,
      0.5576345920562744,
      0.5017234086990356,
      0.0020539010874927044,
      0.00254398793913424
    ],
    [
      0.47938650846481323,
      0.9833760261535645,
      0.26351287961006165,
      0.2884673774242401,
      0.35004016757011414,
      0.3141435980796814,
      0.9807239174842834,
      0.6068511009216309,
      0.46727102994918823,
      0.4707508087158203,
      0.7190627455711365,
      0.659518301486969,
      0.55455482006073,
      0.5576345920562744,
      0.052265413105487823,
      0.04741015285253525,
      0.00015107994840946048,
      0.0001568303705425933
    ],
    [
      0.4648197889328003,
      0.8895768523216248,
      0.2102506160736084,
      0.2527365982532501,
      0.33501508831977844,
      0.2758254110813141,
      0.9063640832901001,
      0.5460195541381836,
      0.4291727840900421,
      0.43900802731513977,
      0.690051794052124,
      0.6189303994178772,
      0.5131210088729858,
      0.5017234086990356,
      0.04741015285253525,
      0.04583938419818878,
      0.00015017352416180074,
      0.0001632253115531057
    ],
    [
      0.004610056057572365,
      0.005307486746460199,
      0.0019960233476012945,
      0.0022198983933776617,
      0.004611222539097071,
      0.004394393414258957,
      0.005896668415516615,
      0.006001640111207962,
      0.004912159405648708,
      0.0059552560560405254,
      0.0073234024457633495,
      0.007573806680738926,
      0.0019946128595620394,
      0.0020539010874927044,
      0.00015107994840946048,
      0.00015017352416180074,
      5.492112904903479e-06,
      6.548566489072982e-06
    ],
    [
      0.005403344519436359,
      0.006472909823060036,
      0.002244791714474559,
      0.002826649695634842,
      0.005005307961255312,
      0.004664178006350994,
      0.006429055240005255,
      0.0067824432626366615,
      0.005923535209149122,
      0.006696740631014109,
      0.01077144406735897,
      0.010748029686510563,
      0.0027635321021080017,
      0.00254398793913424,
      0.0001568303705425933,
      0.0001632253115531057,
      6.548566489072982e-06,
      9.01587372936774e-06
    ]
  ],
  "covariance_short": [
    [
      43.092193603515625,
      27.817378997802734,
      16.827707290649414,
      15.055987358093262,
      17.284664154052734,
      18.657316207885742,
      29.17768669128418,
      22.312971115112305,
      24.312456130981445,
      26.825729370117188,
      41.14848709106445,
      41.01319122314453,
      13.513904571533203,
      11.999370574951172,
      0.7762678265571594,
      0.7615282535552979,
      0.008085906505584717,
      0.008295676670968533
    ],
    [
      27.817378997802734,
      36.147117614746094,
      12.908791542053223,
      14.234346389770508,
      12.54072380065918,
      12.942605972290039,
      25.454103469848633,
      17.902301788330078,
      14.821706771850586,
      18.169401168823242,
      29.13361167907715,
      27.944194793701172,
      11.164052963256836,
      10.933527946472168,
      0.8800017833709717,
      0.8121334314346313,
      0.004336188081651926,
      0.0037767020985484123
    ],
    [
      16.827707290649414,
      12.908791542053223,
      18.046611785888672,
      12.263117790222168,
      8.087705612182617,
      7.569459438323975,
      15.595979690551758,
      12.231582641601562,
      9.716462135314941,
      14.171359062194824,
      19.0344295501709,
      18.79664421081543,
      5.631949424743652,
      4.9676642417907715,
      0.383846253156662,
      0.35232096910476685,
      0.001983469119295478,
      0.0018457856494933367
    ],
    [
      15.055987358093262,
      14.234346389770508,
      12.263117790222168,
      20.77190399169922,
      10.560379028320312,
      9.713791847229004,
      15.97478199005127,
      10.832661628723145,
      11.33899211883545,
      16.027393341064453,
      20.474689483642578,
      19.464160919189453,
      5.689058303833008,
      4.992173194885254,
      0.33952927589416504,
      0.28832176327705383,
      0.002349317539483309,
      0.002511759055778384
    ],
    [
      17.284664154052734,
      12.54072380065918,
      8.087705612182617,
      10.560379028320312,
      24.78876495361328,
      18.043487548828125,
      21.809301376342773,
      18.22344970703125,
      16.615278244018555,
      21.777254104614258,
      25.90886878967285,
      26.582979202270508,
      6.7707905769348145,
      6.129245758056641,
      0.3240583539009094,
      0.29674920439720154,
      0.004249216057360172,
      0.00394786661490798
    ],
    [
      18.657316207885742,
      12.942605972290039,
      7.569459438323975,
      9.713791847229004,
      18.043487548828125,
      23.63164710998535,
      22.31131362915039,
      14.672921180725098,
      17.453941345214844,
      21.055278778076172,
      27.559110641479492,
      27.954692840576172,
      8.279889106750488,
      6.847456455230713,
      0.3404969573020935,
      0.3294620215892792,
      0.0036549067590385675,
      0.003608317580074072
    ],
    [
      29.17768669128418,
      25.454103469848633,
      15.595979690551758,
      15.97478199005127,
      21.809301376342773,
      22.31131362915039,
      48.8641357421875,
      34.28660583496094,
      27.077817916870117,
      33.79758834838867,
      39.75493621826172,
      36.56436538696289,
      12.658513069152832,
      12.505264282226562,
      0.9664499759674072,
      0.8973864912986755,
      0.00664072809740901,
      0.006501827854663134
    ],
    [
      22.312971115112305,
      17.902301788330078,
      12.231582641601562,
      10.832661628723145,
      18.22344970703125,
      14.672921180725098,
      34.28660583496094,
      34.67690658569336,
      20.171611785888672,
      26.308963775634766,
      27.68488311767578,
      26.005859375,
      9.014244079589844,
      9.152661323547363,
      0.6441140174865723,
      0.579434871673584,
      0.007398066110908985,
      0.006611158140003681
    ],
    [
      24.312456130981445,
      14.821706771850586,
      9.716462135314941,
      11.33899211883545,
      16.615278244018555,
      17.453941345214844,
      27.077817916870117,
      20.171611785888672,
      33.456912994384766,
      26.892133712768555,
      34.4019775390625,
      33.90509796142578,
      10.835724830627441,
      9.571562767028809,
      0.531744122505188,
      0.5271483659744263,
      0.006185536738485098,
      0.0069923121482133865
    ],
    [
      26.825729370117188,
      18.169401168823242,
      14.171359062194824,
      16.027393341064453,
      21.777254104614258,
      21.055278778076172,
      33.79758834838867,
      26.308963775634766,
      26.892133712768555,
      35.009246826171875,
      37.21915817260742,
      37.021507263183594,
      10.898985862731934,
      9.867987632751465,
      0.5954840183258057,
      0.5720495581626892,
      0.007761816494166851,
      0.008163130842149258
    ],
    [
      41.14848709106445,
      29.13361167907715,
      19.0344295501709,
      20.474689483642578,
      25.90886878967285,
      27.559110641479492,
      39.75493621826172,
      27.68488311767578,
      34.4019775390625,
      37.21915817260742,
      64.77418518066406,
      60.317474365234375,
      19.833892822265625,
      17.827707290649414,
      1.0545729398727417,
      1.0020339488983154,
      0.009548564441502094,
      0.010459326207637787
    ],
    [
      41.01319122314453,
      27.944194793701172,
      18.79664421081543,
      19.464160919189453,
      26.582979202270508,
      27.954692840576172,
      36.56436538696289,
      26.005859375,
      33.90509796142578,
      37.021507263183594,
      60.317474365234375,
      63.62872314453125,
      17.592254638671875,
      15.11945915222168,
      0.8618698120117188,
      0.8282780051231384,
      0.009026345796883106,
      0.00968147162348032
    ],
    [
      13.513904571533203,
      11.164052963256836,
      5.631949424743652,
      5.689058303833008,
      6.7707905769348145,
      8.279889106750488,
      12.658513069152832,
      9.014244079589844,
      10.835724830627441,
      10.898985862731934,
      19.833892822265625,
      17.592254638671875,
      14.512327194213867,
      12.002113342285156,
      0.7077308297157288,
      0.672063946723938,
      0.005715173669159412,
      0.006096892524510622
    ],
    [
      11.999370574951172,
      10.933527946472168,
      4.9676642417907715,
      4.992173194885254,
      6.129245758056641,
      6.847456455230713,
      12.505264282226562,
      9.152661323547363,
      9.571562767028809,
      9.867987632751465,
      17.827707290649414,
      15.11945915222168,
      12.002113342285156,
      11.710439682006836,
      0.7447035312652588,
      0.7002843022346497,
      0.005769555922597647,
      0.005987527780234814
    ],
    [
      0.7762678265571594,
      0.8800017833709717,
      0.383846253156662,
      0.33952927589416504,
      0.3240583539009094,
      0.3404969573020935,
      0.9664499759674072,
      0.6441140174865723,
      0.531744122505188,
      0.5954840183258057,
      1.0545729398727417,
      0.8618698120117188,
      0.7077308297157288,
      0.7447035312652588,
      0.11722460389137268,
      0.10686548799276352,
      0.0006364103173837066,
      0.0006883005844429135
    ],
    [
      0.7615282535552979,
      0.8121334314346313,
      0.35232096910476685,
      0.28832176327705383,
      0.29674920439720154,
      0.3294620215892792,
      0.8973864912986755,
      0.579434871673584,
      0.5271483659744263,
      0.5720495581626892,
      1.0020339488983154,
      0.8282780051231384,
      0.672063946723938,
      0.7002843022346497,
      0.10686548799276352,
      0.10801010578870773,
      0.0006453334353864193,
      0.0007124072290025651
    ],
    [
      0.008085906505584717,
      0.004336188081651926,
      0.001983469119295478,
      0.002349317539483309,
      0.004249216057360172,
      0.0036549067590385675,
      0.00664072809740901,
      0.007398066110908985,
      0.006185536738485098,
      0.007761816494166851,
      0.009548564441502094,
      0.009026345796883106,
      0.005715173669159412,
      0.005769555922597647,
      0.0006364103173837066,
      0.0006453334353864193,
      2.3279801098397e-05,
      2.5181638193316758e-05
    ],
    [
      0.008295676670968533,
      0.0037767020985484123,
      0.0018457856494933367,
      0.002511759055778384,
      0.00394786661490798,
      0.003608317580074072,
      0.006501827854663134,
      0.006611158140003681,
      0.0069923121482133865,
      0.008163130842149258,
      0.010459326207637787,
      0.00968147162348032,
      0.006096892524510622,
      0.005987527780234814,
      0.0006883005844429135,
      0.0007124072290025651,
      2.5181638193316758e-05,
      3.4776887332554907e-05
    ]
  ],
  "damage": -13.779986381530762,
  "diff_bandwidth": 611.7537841796875,
  "dissonance": 4.403462401724712,
  "drr": 6.4751996994018555,
  "dynamics": 2.8195176124572754,
  "format": 1245190,
  "frames": 561088,
  "loudness": -22.092117309570312,
  "loudness_range": 8.136465072631836,
  "loudness_range_short": 9.237770080566406,
  "lowpass_true_peak_15khz": -8.835020065307617,
  "mastering3_acoustic_entropies": [
    {
      "acoustic_entropy": 7.492949485778809,
      "acoustic_entropy_mono": 5.328020095825195,
      "band_eliminated_acoustic_entropies": [
        {
          "acoustic_entropy": 7.492946147918701,
          "acoustic_entropy_side": 7.49296760559082,
          "hz": 129.47220167065723
        },
        {
          "acoustic_entropy": 7.478879451751709,
          "acoustic_entropy_side": 7.4917426109313965,
          "hz": 202.92927478742237
        },
        {
          "acoustic_entropy": 7.360036849975586,
          "acoustic_entropy_side": 7.499532222747803,
          "hz": 282.89161906338205
        },
        {
          "acoustic_entropy": 7.3228349685668945,
          "acoustic_entropy_side": 7.581681728363037,
          "hz": 369.9353335868758
        },
        {
          "acoustic_entropy": 6.1123456954956055,
          "acoustic_entropy_side": 7.670192241668701,
          "hz": 464.6875360973435
        },
        {
          "acoustic_entropy": 6.2260003089904785,
          "acoustic_entropy_side": 7.095269680023193,
          "hz": 567.8308811364784
        },
        {
          "acoustic_entropy": 6.693230152130127,
          "acoustic_entropy_side": 7.008656978607178,
          "hz": 680.1084783214808
        },
        {
          "acoustic_entropy": 6.51608943939209,
          "acoustic_entropy_side": 7.103936195373535,
          "hz": 802.3292461747484
        },
        {
          "acoustic_entropy": 6.238646030426025,
          "acoustic_entropy_side": 6.182875633239746,
          "hz": 935.3737400823702
        },
        {
          "acoustic_entropy": 6.803945541381836,
          "acoustic_entropy_side": 7.520862579345703,
          "hz": 1080.2004963696966
        },
        {
          "acoustic_entropy": 7.389435768127441,
          "acoustic_entropy_side": 7.509998798370361,
          "hz": 1237.8529382007157
        },
        {
          "acoustic_entropy": 7.383571624755859,
          "acoustic_entropy_side": 7.446561336517334,
          "hz": 1409.4668930556702
        },
        {
          "acoustic_entropy": 7.65651273727417,
          "acoustic_entropy_side": 7.553260326385498,
          "hz": 1596.2787759475705
        },
        {
          "acoustic_entropy": 7.567239284515381,
          "acoustic_entropy_side": 7.4966840744018555,
          "hz": 1799.6344973346393
        },
        {
          "acoustic_entropy": 7.508584022521973,
          "acoustic_entropy_side": 7.495882511138916,
          "hz": 2020.9991599069049
        },
        {
          "acoustic_entropy": 7.418460369110107,
          "acoustic_entropy_side": 7.4753947257995605,
          "hz": 2261.9676141086993
        },
        {
          "acoustic_entropy": 7.497945785522461,
          "acoustic_entropy_side": 7.502547740936279,
          "hz": 2524.2759484456974
        },
        {
          "acoustic_entropy": 7.507716178894043,
          "acoustic_entropy_side": 7.505166053771973,
          "hz": 2809.813997359896
        },
        {
          "acoustic_entropy": 7.494293689727783,
          "acoustic_entropy_side": 7.487573623657227,
          "hz": 3120.6389567871424
        },
        {
          "acoustic_entropy": 7.488705635070801,
          "acoustic_entropy_side": 7.489187717437744,
          "hz": 3458.990205492291
        },
        {
          "acoustic_entropy": 7.49114465713501,
          "acoustic_entropy_side": 7.492655277252197,
          "hz": 3827.305438964164
        },
        {
          "acoustic_entropy": 7.49293327331543,
          "acoustic_entropy_side": 7.492944240570068,
          "hz": 4228.238232109126
        },
        {
          "acoustic_entropy": 7.492813587188721,
          "acoustic_entropy_side": 7.492924213409424,
          "hz": 4664.6771572759235
        },
        {
          "acoustic_entropy": 7.492940902709961,
          "acoustic_entropy_side": 7.492943286895752,
          "hz": 5139.766595350093
        },
        {
          "acoustic_entropy": 7.492949962615967,
          "acoustic_entropy_side": 7.492949962615967,
          "hz": 5656.929389854203
        },
        {
          "acoustic_entropy": 7.492949485778809,
          "acoustic_entropy_side": 7.492949485778809,
          "hz": 6219.891507268283
        },
        {
          "acoustic_entropy": 7.492949485778809,
          "acoustic_entropy_side": 7.492949485778809,
          "hz": 6832.70888123896
        },
        {
          "acoustic_entropy": 7.492949485778809,
          "acoustic_entropy_side": 7.492949485778809,
          "hz": 7499.796634079867
        },
        {
          "acoustic_entropy": 7.492949485778809,
          "acoustic_entropy_side": 7.492949485778809,
          "hz": 8225.96088609342
        },
        {
          "acoustic_entropy": 7.492949485778809,
          "acoustic_entropy_side": 7.492949485778809,
          "hz": 9016.43338188839
        },
        {
          "acoustic_entropy": 7.492949485778809,
          "acoustic_entropy_side": 7.492949485778809,
          "hz": 9876.909183162974
        },
        {
          "acoustic_entropy": 7.492949485778809,
          "acoustic_entropy_side": 7.492949485778809,
          "hz": 10813.587699516042
        },
        {
          "acoustic_entropy": 7.492949485778809,
          "acoustic_entropy_side": 7.492949485778809,
          "hz": 11833.21735289826
        },
        {
          "acoustic_entropy": 7.492949485778809,
          "acoustic_entropy_side": 7.492949485778809,
          "hz": 12943.144197493959
        },
        {
          "acoustic_entropy": 7.492949485778809,
          "acoustic_entropy_side": 7.492949485778809,
          "hz": 14151.364845322005
        },
        {
          "acoustic_entropy": 7.492949485778809,
          "acoustic_entropy_side": 7.492949485778809,
          "hz": 15466.58407886509
        },
        {
          "acoustic_entropy": 7.492949485778809,
          "acoustic_entropy_side": 7.492949485778809,
          "hz": 16898.27756580493
        },
        {
          "acoustic_entropy": 7.492949485778809,
          "acoustic_entropy_side": 7.492949485778809,
          "hz": 18456.760127700032
        },
        {
          "acoustic_entropy": 7.492949485778809,
          "acoustic_entropy_side": 7.492949485778809,
          "hz": 20153.260054456492
        },
        {
          "acoustic_entropy": 7.492949485778809,
          "acoustic_entropy_side": 7.492949485778809,
          "hz": 22000.00000000001
        }
      ],
      "diff_acoustic_entropy": 4.325650215148926,
      "sn": 6
    },
    {
      "acoustic_entropy": 8.804859161376953,
      "acoustic_entropy_mono": 6.881221771240234,
      "band_eliminated_acoustic_entropies": [
        {
          "acoustic_entropy": 8.80466365814209,
          "acoustic_entropy_side": 8.80477523803711,
          "hz": 129.47220167065723
        },
        {
          "acoustic_entropy": 8.889527320861816,
          "acoustic_entropy_side": 8.820746421813965,
          "hz": 202.92927478742237
        },
        {
          "acoustic_entropy": 9.071785926818848,
          "acoustic_entropy_side": 9.101343154907227,
          "hz": 282.89161906338205
        },
        {
          "acoustic_entropy": 8.071342468261719,
          "acoustic_entropy_side": 8.641997337341309,
          "hz": 369.9353335868758
        },
        {
          "acoustic_entropy": 8.817975997924805,
          "acoustic_entropy_side": 9.2308349609375,
          "hz": 464.6875360973435
        },
        {
          "acoustic_entropy": 9.258119583129883,
          "acoustic_entropy_side": 8.477108001708984,
          "hz": 567.8308811364784
        },
        {
          "acoustic_entropy": 9.175047874450684,
          "acoustic_entropy_side": 9.260174751281738,
          "hz": 680.1084783214808
        },
        {
          "acoustic_entropy": 9.479156494140625,
          "acoustic_entropy_side": 9.193004608154297,
          "hz": 802.3292461747484
        },
        {
          "acoustic_entropy": 8.496114730834961,
          "acoustic_entropy_side": 8.638105392456055,
          "hz": 935.3737400823702
        },
        {
          "acoustic_entropy": 8.503040313720703,
          "acoustic_entropy_side": 8.727530479431152,
          "hz": 1080.2004963696966
        },
        {
          "acoustic_entropy": 8.486355781555176,
          "acoustic_entropy_side": 8.706974983215332,
          "hz": 1237.8529382007157
        },
        {
          "acoustic_entropy": 9.211350440979004,
          "acoustic_entropy_side": 9.251218795776367,
          "hz": 1409.4668930556702
        },
        {
          "acoustic_entropy": 9.485081672668457,
          "acoustic_entropy_side": 8.906462669372559,
          "hz": 1596.2787759475705
        },
        {
          "acoustic_entropy": 8.862510681152344,
          "acoustic_entropy_side": 8.856892585754395,
          "hz": 1799.6344973346393
        },
        {
          "acoustic_entropy": 8.943159103393555,
          "acoustic_entropy_side": 8.829971313476562,
          "hz": 2020.9991599069049
        },
        {
          "acoustic_entropy": 9.439349174499512,
          "acoustic_entropy_side": 8.909321784973145,
          "hz": 2261.9676141086993
        },
        {
          "acoustic_entropy": 8.870387077331543,
          "acoustic_entropy_side": 8.71863079071045,
          "hz": 2524.2759484456974
        },
        {
          "acoustic_entropy": 8.897886276245117,
          "acoustic_entropy_side": 8.873669624328613,
          "hz": 2809.813997359896
        },
        {
          "acoustic_entropy": 8.972681045532227,
          "acoustic_entropy_side": 8.897621154785156,
          "hz": 3120.6389567871424
        },
        {
          "acoustic_entropy": 8.86482048034668,
          "acoustic_entropy_side": 8.854927062988281,
          "hz": 3458.990205492291
        },
        {
          "acoustic_entropy": 8.79903507232666,
          "acoustic_entropy_side": 8.801509857177734,
          "hz": 3827.305438964164
        },
        {
          "acoustic_entropy": 8.805692672729492,
          "acoustic_entropy_side": 8.805390357971191,
          "hz": 4228.238232109126
        },
        {
          "acoustic_entropy": 8.8077392578125,
          "acoustic_entropy_side": 8.80593490600586,
          "hz": 4664.6771572759235
        },
        {
          "acoustic_entropy": 8.805234909057617,
          "acoustic_entropy_side": 8.805030822753906,
          "hz": 5139.766595350093
        },
        {
          "acoustic_entropy": 8.804891586303711,
          "acoustic_entropy_side": 8.804874420166016,
          "hz": 5656.929389854203
        },
        {
          "acoustic_entropy": 8.804862022399902,
          "acoustic_entropy_side": 8.80486011505127,
          "hz": 6219.891507268283
        },
        {
          "acoustic_entropy": 8.80486011505127,
          "acoustic_entropy_side": 8.804859161376953,
          "hz": 6832.70888123896
        },
        {
          "acoustic_entropy": 8.804858207702637,
          "acoustic_entropy_side": 8.804858207702637,
          "hz": 7499.796634079867
        },
        {
          "acoustic_entropy": 8.804859161376953,
          "acoustic_entropy_side": 8.804859161376953,
          "hz": 8225.96088609342
        },
        {
          "acoustic_entropy": 8.804859161376953,
          "acoustic_entropy_side": 8.804859161376953,
          "hz": 9016.43338188839
        },
        {
          "acoustic_entropy": 8.804859161376953,
          "acoustic_entropy_side": 8.804859161376953,
          "hz": 9876.909183162974
        },
        {
          "acoustic_entropy": 8.804859161376953,
          "acoustic_entropy_side": 8.804859161376953,
          "hz": 10813.587699516042
        },
        {
          "acoustic_entropy": 8.804859161376953,
          "acoustic_entropy_side": 8.804859161376953,
          "hz": 11833.21735289826
        },
        {
          "acoustic_entropy": 8.804859161376953,
          "acoustic_entropy_side": 8.804859161376953,
          "hz": 12943.144197493959
        },
        {
          "acoustic_entropy": 8.804859161376953,
          "acoustic_entropy_side": 8.804859161376953,
          "hz": 14151.364845322005
        },
        {
          "acoustic_entropy": 8.804859161376953,
          "acoustic_entropy_side": 8.804859161376953,
          "hz": 15466.58407886509
        },
        {
          "acoustic_entropy": 8.804859161376953,
          "acoustic_entropy_side": 8.804859161376953,
          "hz": 16898.27756580493
        },
        {
          "acoustic_entropy": 8.804859161376953,
          "acoustic_entropy_side": 8.804859161376953,
          "hz": 18456.760127700032
        },
        {
          "acoustic_entropy": 8.804859161376953,
          "acoustic_entropy_side": 8.804859161376953,
          "hz": 20153.260054456492
        },
        {
          "acoustic_entropy": 8.804859161376953,
          "acoustic_entropy_side": 8.804859161376953,
          "hz": 22000.00000000001
        }
      ],
      "diff_acoustic_entropy": 5.597977638244629,
      "sn": 12
    },
    {
      "acoustic_entropy": 11.614298820495605,
      "acoustic_entropy_mono": 11.46816349029541,
      "band_eliminated_acoustic_entropies": [
        {
          "acoustic_entropy": 11.5693941116333,
          "acoustic_entropy_side": 11.621505737304688,
          "hz": 129.47220167065723
        },
        {
          "acoustic_entropy": 12.055853843688965,
          "acoustic_entropy_side": 12.203020095825195,
          "hz": 202.92927478742237
        },
        {
          "acoustic_entropy": 13.0199613571167,
          "acoustic_entropy_side": 12.3428316116333,
          "hz": 282.89161906338205
        },
        {
          "acoustic_entropy": 12.995697975158691,
          "acoustic_entropy_side": 11.611732482910156,
          "hz": 369.9353335868758
        },
        {
          "acoustic_entropy": 12.84560489654541,
          "acoustic_entropy_side": 12.652467727661133,
          "hz": 464.6875360973435
        },
        {
          "acoustic_entropy": 12.86670207977295,
          "acoustic_entropy_side": 12.257709503173828,
          "hz": 567.8308811364784
        },
        {
          "acoustic_entropy": 12.427104949951172,
          "acoustic_entropy_side": 12.49167537689209,
          "hz": 680.1084783214808
        },
        {
          "acoustic_entropy": 13.321974754333496,
          "acoustic_entropy_side": 12.378266334533691,
          "hz": 802.3292461747484
        },
        {
          "acoustic_entropy": 13.801684379577637,
          "acoustic_entropy_side": 12.968332290649414,
          "hz": 935.3737400823702
        },
        {
          "acoustic_entropy": 12.680645942687988,
          "acoustic_entropy_side": 12.282844543457031,
          "hz": 1080.2004963696966
        },
        {
          "acoustic_entropy": 12.80720043182373,
          "acoustic_entropy_side": 11.768876075744629,
          "hz": 1237.8529382007157
        },
        {
          "acoustic_entropy": 12.4340238571167,
          "acoustic_entropy_side": 11.844011306762695,
          "hz": 1409.4668930556702
        },
        {
          "acoustic_entropy": 12.726009368896484,
          "acoustic_entropy_side": 12.329541206359863,
          "hz": 1596.2787759475705
        },
        {
          "acoustic_entropy": 11.275190353393555,
          "acoustic_entropy_side": 12.161953926086426,
          "hz": 1799.6344973346393
        },
        {
          "acoustic_entropy": 11.976069450378418,
          "acoustic_entropy_side": 11.816408157348633,
          "hz": 2020.9991599069049
        },
        {
          "acoustic_entropy": 12.69905948638916,
          "acoustic_entropy_side": 12.493876457214355,
          "hz": 2261.9676141086993
        },
        {
          "acoustic_entropy": 11.722777366638184,
          "acoustic_entropy_side": 11.745863914489746,
