{
  "acoustic_entropy": 154.43975830078125,
  "bands": [
    {
      "high_freq": 148.1999969482422,
      "loudness": -57.76927947998047,
      "loudness_range": 26.36746597290039,
      "mid_mean": -53.96717834472656,
      "mid_to_side_loudness": -15.999983787536621,
      "mid_to_side_loudness_range": 9.209907531738281,
      "side_mean": -65.61016845703125
    },
    {
      "high_freq": 392.3793640136719,
      "loudness": -39.82719421386719,
      "loudness_range": 36.18282699584961,
      "low_freq": 148.1999969482422,
      "mid_mean": -38.98817825317383,
      "mid_to_side_loudness": -12.058220863342285,
      "mid_to_side_loudness_range": 12.890417098999023,
      "side_mean": -54.013877868652344
    },
    {
      "high_freq": 794.6976318359375,
      "loudness": -39.7085075378418,
      "loudness_range": 25.81460952758789,
      "low_freq": 392.3793640136719,
      "mid_mean": -36.975486755371094,
      "mid_to_side_loudness": -10.113861083984375,
      "mid_to_side_loudness_range": 14.606033325195312,
      "side_mean": -50.23318862915039
    },
    {
      "high_freq": 1457.5709228515625,
      "loudness": -43.208683013916016,
      "loudness_range": 26.82158660888672,
      "low_freq": 794.6976318359375,
      "mid_mean": -40.776649475097656,
      "mid_to_side_loudness": -10.511693954467773,
      "mid_to_side_loudness_range": 12.971846580505371,
      "side_mean": -52.814292907714844
    },
    {
      "high_freq": 2549.74365234375,
      "loudness": -41.408973693847656,
      "loudness_range": 26.866912841796875,
      "low_freq": 1457.5709228515625,
      "mid_mean": -38.49714279174805,
      "mid_to_side_loudness": -10.343944549560547,
      "mid_to_side_loudness_range": 11.58193588256836,
      "side_mean": -51.24497985839844
    },
    {
      "high_freq": 4349.24462890625,
      "loudness": -45.585750579833984,
      "loudness_range": 24.73239517211914,
      "low_freq": 2549.74365234375,
      "mid_mean": -42.839393615722656,
      "mid_to_side_loudness": -11.62026309967041,
      "mid_to_side_loudness_range": 12.70228099822998,
      "side_mean": -56.006370544433594
    },
    {
      "high_freq": 7314.1640625,
      "loudness": -55.71364212036133,
      "loudness_range": 27.916751861572266,
      "low_freq": 4349.24462890625,
      "mid_mean": -53.502418518066406,
      "mid_to_side_loudness": -12.74150562286377,
      "mid_to_side_loudness_range": 13.517000198364258,
      "side_mean": -64.04898071289062
    },
    {
      "high_freq": 12199.2666015625,
      "loudness": -65.66426849365234,
      "loudness_range": 21.043285369873047,
      "low_freq": 7314.1640625,
      "mid_mean": -61.22043991088867,
      "mid_to_side_loudness": -9.703314781188965,
      "mid_to_side_loudness_range": 13.063098907470703,
      "side_mean": -67.81787872314453
    },
    {
      "loudness": -70.0741958618164,
      "loudness_range": 4.242835998535156,
      "low_freq": 12199.2666015625,
      "mid_mean": -65.83171081542969,
      "mid_to_side_loudness": -3.3207919597625732,
      "mid_to_side_loudness_range": 3.1945276260375977,
      "side_mean": -67.63462829589844
    }
  ],
  "bands_short": [
    {
      "high_freq": 148.1999969482422,
      "loudness": -60.281673431396484,
      "loudness_range": 23.68401336669922,
      "mid_mean": -56.30385208129883,
      "mid_to_side_loudness": -16.19877052307129,
      "mid_to_side_loudness_range": 12.807225227355957,
      "side_mean": -67.13439178466797
    },
    {
      "high_freq": 392.3793640136719,
      "loudness": -40.84580993652344,
      "loudness_range": 37.902870178222656,
      "low_freq": 148.1999969482422,
      "mid_mean": -41.17983627319336,
      "mid_to_side_loudness": -11.873619079589844,
      "mid_to_side_loudness_range": 15.188105583190918,
      "side_mean": -54.37346267700195
    },
    {
      "high_freq": 794.6976318359375,
      "loudness": -39.9881591796875,
      "loudness_range": 28.064586639404297,
      "low_freq": 392.3793640136719,
      "mid_mean": -37.71184539794922,
      "mid_to_side_loudness": -10.214468002319336,
      "mid_to_side_loudness_range": 16.852996826171875,
      "side_mean": -51.201026916503906
    },
    {
      "high_freq": 1457.5709228515625,
      "loudness": -43.03329086303711,
      "loudness_range": 25.722530364990234,
      "low_freq": 794.6976318359375,
      "mid_mean": -40.22747802734375,
      "mid_to_side_loudness": -10.296728134155273,
      "mid_to_side_loudness_range": 16.469701766967773,
      "side_mean": -52.45117950439453
    },
    {
      "high_freq": 2549.74365234375,
      "loudness": -41.8883171081543,
      "loudness_range": 26.818540573120117,
      "low_freq": 1457.5709228515625,
      "mid_mean": -38.95212173461914,
      "mid_to_side_loudness": -10.242505073547363,
      "mid_to_side_loudness_range": 13.856660842895508,
      "side_mean": -51.72189712524414
    },
    {
      "high_freq": 4349.24462890625,
      "loudness": -45.506893157958984,
      "loudness_range": 26.304841995239258,
      "low_freq": 2549.74365234375,
      "mid_mean": -42.85774230957031,
      "mid_to_side_loudness": -11.461190223693848,
      "mid_to_side_loudness_range": 14.76646614074707,
      "side_mean": -56.012901306152344
    },
    {
      "high_freq": 7314.1640625,
      "loudness": -55.96756362915039,
      "loudness_range": 28.813159942626953,
      "low_freq": 4349.24462890625,
      "mid_mean": -53.791160583496094,
      "mid_to_side_loudness": -12.448498725891113,
      "mid_to_side_loudness_range": 14.618194580078125,
      "side_mean": -64.04080963134766
    },
    {
      "high_freq": 12199.2666015625,
      "loudness": -65.97171783447266,
      "loudness_range": 20.728511810302734,
      "low_freq": 7314.1640625,
      "mid_mean": -61.47293472290039,
      "mid_to_side_loudness": -9.371359825134277,
      "mid_to_side_loudness_range": 13.70727825164795,
      "side_mean": -67.88372039794922
    },
    {
      "loudness": -70.11365509033203,
      "loudness_range": 4.39739990234375,
      "low_freq": 12199.2666015625,
      "mid_mean": -65.86607360839844,
      "mid_to_side_loudness": -3.2852840423583984,
      "mid_to_side_loudness_range": 3.467029333114624,
      "side_mean": -67.63871765136719
    }
  ],
  "bandwidth": 602.7620239257812,
  "channels": 2,
  "covariance": [
    [
      72.5902099609375,
      50.49252700805664,
      64.99064636230469,
      62.693695068359375,
      41.90601348876953,
      51.44106674194336,
      37.800594329833984,
      42.4017333984375,
      36.878841400146484,
      46.2247428894043,
      32.01161575317383,
      35.770713806152344,
      37.74004364013672,
      18.8597354888916,
      24.329275131225586,
      4.635000228881836,
      5.738710403442383,
      0.973112940788269
    ],
    [
      50.49252700805664,
      42.91146469116211,
      44.24286651611328,
      41.29729080200195,
      24.72138214111328,
      29.944761276245117,
      21.42130470275879,
      23.302265167236328,
      24.35735321044922,
      27.784196853637695,
      21.371665954589844,
      22.609512329101562,
      21.61823844909668,
      12.191350936889648,
      15.444853782653809,
      3.7183735370635986,
      4.2437615394592285,
      0.8745036125183105
    ],
    [
      64.99064636230469,
      44.24286651611328,
      196.80709838867188,
      154.71986389160156,
      69.76853942871094,
      88.6468505859375,
      75.51811218261719,
      78.82583618164062,
      54.699893951416016,
      72.02510070800781,
      39.69906997680664,
      48.213462829589844,
      52.769412994384766,
      25.060405731201172,
      35.63492965698242,
      8.720209121704102,
      7.1039299964904785,
      0.9982174038887024
    ],
    [
      62.693695068359375,
      41.29729080200195,
      154.71986389160156,
      160.12405395507812,
      68.58863830566406,
      102.43978881835938,
      68.45159912109375,
      78.58595275878906,
      54.84253692626953,
      73.5956802368164,
      41.0014762878418,
      51.29261779785156,
      51.32276153564453,
      25.014102935791016,
      32.85013198852539,
      7.495650291442871,
      6.532365798950195,
      1.1012556552886963
    ],
    [
      41.90601348876953,
      24.72138214111328,
      69.76853942871094,
      68.58863830566406,
      92.03614807128906,
      78.8607177734375,
      70.37774658203125,
      65.98101806640625,
      70.01102447509766,
      70.06555938720703,
      61.234989166259766,
      51.23218536376953,
      62.02849197387695,
      27.193424224853516,
      39.49229431152344,
      5.9604339599609375,
      6.923757076263428,
      0.7963258028030396
    ],
    [
      51.44106674194336,
      29.944761276245117,
      88.6468505859375,
      102.43978881835938,
      78.8607177734375,
      125.89669799804688,
      70.231201171875,
      87.39344024658203,
      62.79280471801758,
      89.38526916503906,
      59.00483703613281,
      68.86155700683594,
      71.6537857055664,
      31.61712074279785,
      41.3438720703125,
      6.842404365539551,
      7.488225936889648,
      1.0891005992889404
    ],
    [
      37.800594329833984,
      21.42130470275879,
      75.51811218261719,
      68.45159912109375,
      70.37774658203125,
      70.231201171875,
      96.8984146118164,
      79.28246307373047,
      56.89775848388672,
      59.499446868896484,
      60.69416809082031,
      50.86001205444336,
      57.896297454833984,
      25.328842163085938,
      38.24365997314453,
      6.035445690155029,
      6.408430576324463,
      0.612777590751648
    ],
    [
      42.4017333984375,
      23.302265167236328,
      78.82583618164062,
      78.58595275878906,
      65.98101806640625,
      87.39344024658203,
      79.28246307373047,
      97.54953002929688,
      54.186676025390625,
      77.76435089111328,
      57.908409118652344,
      65.94599151611328,
      71.4576644897461,
      31.817705154418945,
      42.69942092895508,
      7.262594223022461,
      7.262053966522217,
      1.0034213066101074
    ],
    [
      36.878841400146484,
      24.35735321044922,
      54.699893951416016,
      54.84253692626953,
      70.01102447509766,
      62.79280471801758,
      56.89775848388672,
      54.186676025390625,
      81.97001647949219,
      72.32579040527344,
      65.15425109863281,
      52.24820327758789,
      66.50284576416016,
      32.408599853515625,
      45.55930709838867,
      8.064046859741211,
      8.502485275268555,
      0.9887487888336182
    ],
    [
      46.2247428894043,
      27.784196853637695,
      72.02510070800781,
      73.5956802368164,
      70.06555938720703,
      89.38526916503906,
      59.499446868896484,
      77.76435089111328,
      72.32579040527344,
      101.57577514648438,
      64.3179702758789,
      73.34373474121094,
      84.28247833251953,
      39.65662384033203,
      50.81056213378906,
      9.04049015045166,
      9.374410629272461,
      1.3057013750076294
    ],
    [
      32.01161575317383,
      21.371665954589844,
      39.69906997680664,
      41.0014762878418,
      61.234989166259766,
      59.00483703613281,
      60.69416809082031,
      57.908409118652344,
      65.15425109863281,
      64.3179702758789,
      83.41010284423828,
      63.29905319213867,
      77.6161117553711,
      36.688079833984375,
      46.92723846435547,
      7.953688621520996,
      7.559694766998291,
      0.9034703969955444
    ],
    [
      35.770713806152344,
      22.609512329101562,
      48.213462829589844,
      51.29261779785156,
      51.23218536376953,
      68.86155700683594,
      50.86001205444336,
      65.94599151611328,
      52.24820327758789,
      73.34373474121094,
      63.29905319213867,
      69.88903045654297,
      75.1554946899414,
      36.52903747558594,
      42.18534851074219,
      7.482095718383789,
      7.263158321380615,
      1.063799262046814
    ],
    [
      37.74004364013672,
      21.61823844909668,
      52.769412994384766,
      51.32276153564453,
      62.02849197387695,
      71.6537857055664,
      57.896297454833984,
      71.4576644897461,
      66.50284576416016,
      84.28247833251953,
      77.6161117553711,
      75.1554946899414,
      99.294921875,
      46.29177474975586,
      56.45732498168945,
      9.830201148986816,
      9.43972110748291,
      1.265547513961792
    ],
    [
      18.8597354888916,
      12.191350936889648,
      25.060405731201172,
      25.014102935791016,
      27.193424224853516,
      31.61712074279785,
      25.328842163085938,
      31.817705154418945,
      32.408599853515625,
      39.65662384033203,
      36.688079833984375,
      36.52903747558594,
      46.29177474975586,
      25.99203109741211,
      28.281082153320312,
      6.3281779289245605,
      5.2496867179870605,
      0.7483180165290833
    ],
    [
      24.329275131225586,
      15.444853782653809,
      35.63492965698242,
      32.85013198852539,
      39.49229431152344,
      41.3438720703125,
      38.24365997314453,
      42.69942092895508,
      45.55930709838867,
      50.81056213378906,
      46.92723846435547,
      42.18534851074219,
      56.45732498168945,
      28.281082153320312,
      39.974273681640625,
      8.064745903015137,
      7.572346210479736,
      0.9874314069747925
    ],
    [
      4.635000228881836,
      3.7183735370635986,
      8.720209121704102,
      7.495650291442871,
      5.9604339599609375,
      6.842404365539551,
      6.035445690155029,
      7.262594223022461,
      8.064046859741211,
      9.04049015045166,
      7.953688621520996,
      7.482095718383789,
      9.830201148986816,
      6.3281779289245605,
      8.064745903015137,
      3.2296226024627686,
      1.7816716432571411,
      0.36263832449913025
    ],
    [
      5.738710403442383,
      4.2437615394592285,
      7.1039299964904785,
      6.532365798950195,
      6.923757076263428,
      7.488225936889648,
      6.408430576324463,
      7.262053966522217,
      8.502485275268555,
      9.374410629272461,
      7.559694766998291,
      7.263158321380615,
      9.43972110748291,
      5.2496867179870605,
      7.572346210479736,
      1.7816716432571411,
      2.421678304672241,
      0.34529146552085876
    ],
    [
      0.973112940788269,
      0.8745036125183105,
      0.9982174038887024,
      1.1012556552886963,
      0.7963258028030396,
      1.0891005992889404,
      0.612777590751648,
      1.0034213066101074,
      0.9887487888336182,
      1.3057013750076294,
      0.9034703969955444,
      1.063799262046814,
      1.265547513961792,
      0.7483180165290833,
      0.9874314069747925,
      0.36263832449913025,
      0.34529146552085876,
      0.10116367787122726
    ]
  ],
  "covariance_short": [
    [
      48.255615234375,
      22.272573471069336,
      55.07775115966797,
      48.18169021606445,
      34.740692138671875,
      39.90584182739258,
      30.734607696533203,
      35.51161575317383,
      28.559520721435547,
      37.013851165771484,
      25.857093811035156,
      28.29429817199707,
      28.595792770385742,
      14.028169631958008,
      19.439109802246094,
      3.5893733501434326,
      4.182094097137451,
      0.5813359022140503
    ],
    [
      22.272573471069336,
      15.297569274902344,
      31.24629020690918,
      26.95404624938965,
      17.37141990661621,
      20.152597427368164,
      15.256479263305664,
      17.231531143188477,
      14.284544944763184,
      17.143766403198242,
      13.237691879272461,
      13.746294975280762,
      13.519335746765137,
      7.103224754333496,
      9.467360496520996,
      1.7761861085891724,
      2.013834238052368,
      0.3340710699558258
    ],
    [
      55.07775115966797,
      31.24629020690918,
      226.89053344726562,
      171.4616241455078,
      92.50784301757812,
      115.82083129882812,
      75.5177230834961,
      85.48287200927734,
      62.74311828613281,
      81.17720794677734,
      50.29474639892578,
      57.980594635009766,
      60.63819122314453,
      29.257070541381836,
      38.63504409790039,
      8.15964412689209,
      6.658657550811768,
      0.9105302691459656
    ],
    [
      48.18169021606445,
      26.95404624938965,
      171.4616241455078,
      159.9842987060547,
      77.81398010253906,
      107.46278381347656,
      60.68874740600586,
      76.01128387451172,
      53.220176696777344,
      72.54219055175781,
      41.529083251953125,
      52.24387741088867,
      51.409912109375,
      25.470382690429688,
      31.85907554626465,
      6.593934059143066,
      5.81369686126709,
      0.9112728238105774
    ],
    [
      34.740692138671875,
      17.37141990661621,
      92.50784301757812,
      77.81398010253906,
      110.2320556640625,
      90.40357971191406,
      67.80314636230469,
      65.49179077148438,
      67.33453369140625,
      69.59864044189453,
      60.39823913574219,
      52.6474609375,
      59.25197982788086,
      25.328542709350586,
      38.630516052246094,
      5.325502872467041,
      6.535861492156982,
      0.7522889375686646
    ],
    [
      39.90584182739258,
      20.152597427368164,
      115.82083129882812,
      107.46278381347656,
      90.40357971191406,
      137.24444580078125,
      67.19037628173828,
      88.85713195800781,
      61.423675537109375,
      87.99723815917969,
      57.30858612060547,
      67.72254943847656,
      68.34741973876953,
      29.97832679748535,
      39.77068328857422,
      6.015929222106934,
      6.658477306365967,
      0.8675781488418579
    ],
    [
      30.734607696533203,
      15.256479263305664,
      75.5177230834961,
      60.68874740600586,
      67.80314636230469,
      67.19037628173828,
      85.67254638671875,
      66.68421936035156,
      55.96439743041992,
      57.673397064208984,
      60.66515350341797,
      50.98741149902344,
      59.74162673950195,
      26.901262283325195,
      36.978431701660156,
      5.214008808135986,
      6.054148197174072,
      0.6202636957168579
    ],
    [
      35.51161575317383,
      17.231531143188477,
      85.48287200927734,
      76.01128387451172,
      65.49179077148438,
      88.85713195800781,
      66.68421936035156,
      94.4854507446289,
      51.39412307739258,
      77.98717498779297,
      56.909732818603516,
      67.43543243408203,
      71.3980712890625,
      32.71147537231445,
      40.89006805419922,
      6.486278533935547,
      6.750697612762451,
      0.8965023159980774
    ],
    [
      28.559520721435547,
      14.284544944763184,
      62.74311828613281,
      53.220176696777344,
      67.33453369140625,
      61.423675537109375,
      55.96439743041992,
      51.39412307739258,
      82.59192657470703,
      69.22066497802734,
      66.8865966796875,
      52.732364654541016,
      66.5523681640625,
      32.080406188964844,
      44.0632209777832,
      7.071549892425537,
      7.853018760681152,
      0.8554525971412659
    ],
    [
      37.013851165771484,
      17.143766403198242,
      81.17720794677734,
      72.54219055175781,
      69.59864044189453,
      87.99723815917969,
      57.673397064208984,
      77.98717498779297,
      69.22066497802734,
      102.19664764404297,
      64.68118286132812,
      75.108642578125,
      83.04695129394531,
      39.643821716308594,
      48.56527328491211,
      8.055769920349121,
      8.562101364135742,
      1.0860745906829834
    ],
    [
      25.857093811035156,
      13.237691879272461,
      50.29474639892578,
      41.529083251953125,
      60.39823913574219,
      57.30858612060547,
      60.66515350341797,
      56.909732818603516,
      66.8865966796875,
      64.68118286132812,
      89.23828887939453,
      65.29605102539062,
      79.04753112792969,
      37.90824890136719,
      47.44412612915039,
      7.439742088317871,
      7.551413059234619,
      0.8552341461181641
    ],
    [
      28.29429817199707,
      13.746294975280762,
      57.980594635009766,
      52.24387741088867,
      52.6474609375,
      67.72254943847656,
      50.98741149902344,
      67.43543243408203,
      52.732364654541016,
      75.108642578125,
      65.29605102539062,
      75.00484466552734,
      75.6674575805664,
      37.685569763183594,
      42.06550216674805,
      6.963640213012695,
      7.046442031860352,
      0.9626429677009583
    ],
    [
      28.595792770385742,
      13.519335746765137,
      60.63819122314453,
      51.409912109375,
      59.25197982788086,
      68.34741973876953,
      59.74162673950195,
      71.3980712890625,
      66.5523681640625,
      83.04695129394531,
      79.04753112792969,
      75.6674575805664,
      101.8772201538086,
      46.91695785522461,
      55.52970886230469,
      8.984115600585938,
      8.955780029296875,
      1.0876904726028442
    ],
    [
      14.028169631958008,
      7.103224754333496,
      29.257070541381836,
      25.470382690429688,
      25.328542709350586,
      29.97832679748535,
      26.901262283325195,
      32.71147537231445,
      32.080406188964844,
      39.643821716308594,
      37.90824890136719,
      37.685569763183594,
      46.91695785522461,
      27.886070251464844,
      27.5474910736084,
      5.972443103790283,
      4.796965599060059,
      0.6680389642715454
    ],
    [
      19.439109802246094,
      9.467360496520996,
      38.63504409790039,
      31.85907554626465,
      38.630516052246094,
      39.77068328857422,
      36.978431701660156,
      40.89006805419922,
      44.0632209777832,
      48.56527328491211,
      47.44412612915039,
      42.06550216674805,
      55.52970886230469,
      27.5474910736084,
      39.48835372924805,
      7.2389702796936035,
      7.14429235458374,
      0.8562066555023193
    ],
    [
      3.5893733501434326,
      1.7761861085891724,
      8.15964412689209,
      6.593934059143066,
      5.325502872467041,
      6.015929222106934,
      5.214008808135986,
      6.486278533935547,
      7.071549892425537,
      8.055769920349121,
      7.439742088317871,
      6.963640213012695,
      8.984115600585938,
      5.972443103790283,
      7.2389702796936035,
      3.2294344902038574,
      1.4562582969665527,
      0.3193702697753906
    ],
    [
      4.182094097137451,
      2.013834238052368,
      6.658657550811768,
      5.81369686126709,
      6.535861492156982,
      6.658477306365967,
      6.054148197174072,
      6.750697612762451,
      7.853018760681152,
      8.562101364135742,
      7.551413059234619,
      7.046442031860352,
      8.955780029296875,
      4.796965599060059,
      7.14429235458374,
      1.4562582969665527,
      2.4115777015686035,
      0.3063807487487793
    ],
    [
      0.5813359022140503,
      0.3340710699558258,
      0.9105302691459656,
      0.9112728238105774,
      0.7522889375686646,
      0.8675781488418579,
      0.6202636957168579,
      0.8965023159980774,
      0.8554525971412659,
      1.0860745906829834,
      0.8552341461181641,
      0.9626429677009583,
      1.0876904726028442,
      0.6680389642715454,
      0.8562066555023193,
      0.3193702697753906,
      0.3063807487487793,
      0.12106779962778091
    ]
  ],
  "damage": -17.14354133605957,
  "diff_bandwidth": 685.9151611328125,
  "dissonance": 4.932701701410389,
  "drr": 0.26625001430511475,
  "dynamics": 7.128715515136719,
  "format": 1245190,
  "frames": 3321792,
  "loudness": -28.288230895996094,
  "loudness_range": 26.324024200439453,
  "loudness_range_short": 26.572525024414062,
  "lowpass_true_peak_15khz": -2.0234997272491455,
  "mastering3_acoustic_entropies": [
    {
      "acoustic_entropy": 7.6322832107543945,
      "acoustic_entropy_mono": 7.799497604370117,
      "band_eliminated_acoustic_entropies": [
        {
          "acoustic_entropy": 7.627881050109863,
          "acoustic_entropy_side": 7.632277488708496,
          "hz": 129.47220167065723
        },
        {
          "acoustic_entropy": 8.071475982666016,
          "acoustic_entropy_side": 7.630838394165039,
          "hz": 202.92927478742237
        },
        {
          "acoustic_entropy": 7.860409259796143,
          "acoustic_entropy_side": 7.612107276916504,
          "hz": 282.89161906338205
        },
        {
          "acoustic_entropy": 7.02277946472168,
          "acoustic_entropy_side": 7.645388603210449,
          "hz": 369.9353335868758
        },
        {
          "acoustic_entropy": 7.664363384246826,
          "acoustic_entropy_side": 7.650660037994385,
          "hz": 464.6875360973435
        },
        {
          "acoustic_entropy": 8.038268089294434,
          "acoustic_entropy_side": 7.6613264083862305,
          "hz": 567.8308811364784
        },
        {
          "acoustic_entropy": 8.079323768615723,
          "acoustic_entropy_side": 7.679648399353027,
          "hz": 680.1084783214808
        },
        {
          "acoustic_entropy": 8.163032531738281,
          "acoustic_entropy_side": 7.749347686767578,
          "hz": 802.3292461747484
        },
        {
          "acoustic_entropy": 7.643967151641846,
          "acoustic_entropy_side": 7.736685752868652,
          "hz": 935.3737400823702
        },
        {
          "acoustic_entropy": 7.899791717529297,
          "acoustic_entropy_side": 7.840083122253418,
          "hz": 1080.2004963696966
        },
        {
          "acoustic_entropy": 7.528086185455322,
          "acoustic_entropy_side": 7.6432414054870605,
          "hz": 1237.8529382007157
        },
        {
          "acoustic_entropy": 7.601282596588135,
          "acoustic_entropy_side": 7.642318248748779,
          "hz": 1409.4668930556702
        },
        {
          "acoustic_entropy": 7.503652572631836,
          "acoustic_entropy_side": 7.647485256195068,
          "hz": 1596.2787759475705
        },
        {
          "acoustic_entropy": 7.870541095733643,
          "acoustic_entropy_side": 7.716941833496094,
          "hz": 1799.6344973346393
        },
        {
          "acoustic_entropy": 7.4113030433654785,
          "acoustic_entropy_side": 7.377786159515381,
          "hz": 2020.9991599069049
        },
        {
          "acoustic_entropy": 7.777695655822754,
          "acoustic_entropy_side": 7.698504447937012,
          "hz": 2261.9676141086993
        },
        {
          "acoustic_entropy": 7.463002681732178,
          "acoustic_entropy_side": 7.634975433349609,
          "hz": 2524.2759484456974
        },
        {
          "acoustic_entropy": 7.744714736938477,
          "acoustic_entropy_side": 7.641765594482422,
          "hz": 2809.813997359896
        },
        {
          "acoustic_entropy": 7.919257640838623,
          "acoustic_entropy_side": 7.627516269683838,
          "hz": 3120.6389567871424
        },
        {
          "acoustic_entropy": 7.403659343719482,
          "acoustic_entropy_side": 7.643085479736328,
          "hz": 3458.990205492291
        },
        {
          "acoustic_entropy": 7.505293369293213,
          "acoustic_entropy_side": 7.649110317230225,
          "hz": 3827.305438964164
        },
        {
          "acoustic_entropy": 7.611993789672852,
          "acoustic_entropy_side": 7.630745887756348,
          "hz": 4228.238232109126
        },
        {
          "acoustic_entropy": 7.724260330200195,
          "acoustic_entropy_side": 7.633455276489258,
          "hz": 4664.6771572759235
        },
        {
          "acoustic_entropy": 7.664301872253418,
          "acoustic_entropy_side": 7.632062911987305,
          "hz": 5139.766595350093
        },
        {
          "acoustic_entropy": 7.760185718536377,
          "acoustic_entropy_side": 7.632529258728027,
          "hz": 5656.929389854203
        },
        {
          "acoustic_entropy": 7.750125408172607,
          "acoustic_entropy_side": 7.631214618682861,
          "hz": 6219.891507268283
        },
        {
          "acoustic_entropy": 7.6946539878845215,
          "acoustic_entropy_side": 7.632169246673584,
          "hz": 6832.70888123896
        },
        {
          "acoustic_entropy": 7.6418867111206055,
          "acoustic_entropy_side": 7.632481098175049,
          "hz": 7499.796634079867
        },
        {
          "acoustic_entropy": 7.627094268798828,
          "acoustic_entropy_side": 7.632277011871338,
          "hz": 8225.96088609342
        },
        {
          "acoustic_entropy": 7.6368913650512695,
          "acoustic_entropy_side": 7.632399559020996,
          "hz": 9016.43338188839
        },
        {
          "acoustic_entropy": 7.633545398712158,
          "acoustic_entropy_side": 7.632289409637451,
          "hz": 9876.909183162974
        },
        {
          "acoustic_entropy": 7.6332106590271,
          "acoustic_entropy_side": 7.632285118103027,
          "hz": 10813.587699516042
        },
        {
          "acoustic_entropy": 7.632366180419922,
          "acoustic_entropy_side": 7.6322832107543945,
          "hz": 11833.21735289826
        },
        {
          "acoustic_entropy": 7.632478713989258,
          "acoustic_entropy_side": 7.632284164428711,
          "hz": 12943.144197493959
        },
        {
          "acoustic_entropy": 7.63243293762207,
          "acoustic_entropy_side": 7.632282733917236,
          "hz": 14151.364845322005
        },
        {
          "acoustic_entropy": 7.632320404052734,
          "acoustic_entropy_side": 7.6322832107543945,
          "hz": 15466.58407886509
        },
        {
          "acoustic_entropy": 7.632286548614502,
          "acoustic_entropy_side": 7.6322832107543945,
          "hz": 16898.27756580493
        },
        {
          "acoustic_entropy": 7.6322832107543945,
          "acoustic_entropy_side": 7.6322832107543945,
          "hz": 18456.760127700032
        },
        {
          "acoustic_entropy": 7.6322832107543945,
          "acoustic_entropy_side": 7.6322832107543945,
          "hz": 20153.260054456492
        },
        {
          "acoustic_entropy": 7.6322832107543945,
          "acoustic_entropy_side": 7.6322832107543945,
          "hz": 22000.00000000001
        }
      ],
      "diff_acoustic_entropy": 1.4002857208251953,
      "sn": 6
    },
    {
      "acoustic_entropy": 12.227754592895508,
      "acoustic_entropy_mono": 12.266667366027832,
      "band_eliminated_acoustic_entropies": [
        {
          "acoustic_entropy": 12.179572105407715,
          "acoustic_entropy_side": 12.227367401123047,
          "hz": 129.47220167065723
        },
        {
          "acoustic_entropy": 12.375896453857422,
          "acoustic_entropy_side": 12.293878555297852,
          "hz": 202.92927478742237
        },
        {
          "acoustic_entropy": 12.202681541442871,
          "acoustic_entropy_side": 12.327308654785156,
          "hz": 282.89161906338205
        },
        {
          "acoustic_entropy": 11.991186141967773,
          "acoustic_entropy_side": 12.21049976348877,
          "hz": 369.9353335868758
        },
        {
          "acoustic_entropy": 12.411821365356445,
          "acoustic_entropy_side": 12.166341781616211,
          "hz": 464.6875360973435
        },
        {
          "acoustic_entropy": 12.982804298400879,
          "acoustic_entropy_side": 12.156309127807617,
          "hz": 567.8308811364784
        },
        {
          "acoustic_entropy": 10.704825401306152,
          "acoustic_entropy_side": 11.710855484008789,
          "hz": 680.1084783214808
        },
        {
          "acoustic_entropy": 12.683727264404297,
          "acoustic_entropy_side": 12.044159889221191,
          "hz": 802.3292461747484
        },
        {
          "acoustic_entropy": 11.663047790527344,
          "acoustic_entropy_side": 12.83603572845459,
          "hz": 935.3737400823702
        },
        {
          "acoustic_entropy": 12.322693824768066,
          "acoustic_entropy_side": 12.232120513916016,
          "hz": 1080.2004963696966
        },
        {
          "acoustic_entropy": 12.322693824768066,
          "acoustic_entropy_side": 12.078046798706055,
          "hz": 1237.8529382007157
        },
        {
          "acoustic_entropy": 12.239302635192871,
          "acoustic_entropy_side": 12.029372215270996,
          "hz": 1409.4668930556702
        },
        {
          "acoustic_entropy": 12.451593399047852,
          "acoustic_entropy_side": 12.128641128540039,
          "hz": 1596.2787759475705
        },
        {
          "acoustic_entropy": 12.047369956970215,
          "acoustic_entropy_side": 12.061969757080078,
          "hz": 1799.6344973346393
        },
        {
          "acoustic_entropy": 12.147171974182129,
          "acoustic_entropy_side": 12.240726470947266,
          "hz": 2020.9991599069049
        },
        {
          "acoustic_entropy": 12.535338401794434,
          "acoustic_entropy_side": 12.382872581481934,
          "hz": 2261.9676141086993
        },
        {
          "acoustic_entropy": 12.091090202331543,
          "acoustic_entropy_side": 12.644240379333496,
          "hz": 2524.2759484456974
        },
        {
          "acoustic_entropy": 12.683252334594727,
          "acoustic_entropy_side": 12.255114555358887,
          "hz": 2809.813997359896
        },
        {
          "acoustic_entropy": 12.489307403564453,
          "acoustic_entropy_side": 12.132619857788086,
          "hz": 3120.6389567871424
        },
        {
          "acoustic_entropy": 12.777554512023926,
          "acoustic_entropy_side": 12.053494453430176,
          "hz": 3458.990205492291
        },
        {
          "acoustic_entropy": 12.325886726379395,
          "acoustic_entropy_side": 12.185205459594727,
          "hz": 3827.305438964164
        },
        {
          "acoustic_entropy": 12.655576705932617,
          "acoustic_entropy_side": 12.194108963012695,
          "hz": 4228.238232109126
        },
        {
          "acoustic_entropy": 12.529876708984375,
          "acoustic_entropy_side": 12.20832347869873,
          "hz": 4664.6771572759235
        },
        {
          "acoustic_entropy": 12.20896053314209,
          "acoustic_entropy_side": 12.230294227600098,
          "hz": 5139.766595350093
        },
        {
          "acoustic_entropy": 12.149009704589844,
          "acoustic_entropy_side": 12.230890274047852,
          "hz": 5656.929389854203
        },
        {
          "acoustic_entropy": 12.269979476928711,
          "acoustic_entropy_side": 12.223027229309082,
          "hz": 6219.891507268283
        },
        {
          "acoustic_entropy": 12.014020919799805,
          "acoustic_entropy_side": 12.226882934570312,
          "hz": 6832.70888123896
        },
        {
          "acoustic_entropy": 12.062085151672363,
          "acoustic_entropy_side": 12.228506088256836,
          "hz": 7499.796634079867
        },
        {
          "acoustic_entropy": 12.139449119567871,
          "acoustic_entropy_side": 12.227779388427734,
          "hz": 8225.96088609342
        },
        {
          "acoustic_entropy": 12.083621978759766,
          "acoustic_entropy_side": 12.228049278259277,
          "hz": 9016.43338188839
        },
        {
          "acoustic_entropy": 12.204747200012207,
          "acoustic_entropy_side": 12.227782249450684,
          "hz": 9876.909183162974
        },
        {
          "acoustic_entropy": 12.21982192993164,
          "acoustic_entropy_side": 12.227766990661621,
          "hz": 10813.587699516042
        },
        {
          "acoustic_entropy": 12.225577354431152,
          "acoustic_entropy_side": 12.227753639221191,
          "hz": 11833.21735289826
        },
        {
          "acoustic_entropy": 12.223799705505371,
          "acoustic_entropy_side": 12.227766990661621,
          "hz": 12943.144197493959
        },
        {
          "acoustic_entropy": 12.22678279876709,
          "acoustic_entropy_side": 12.227757453918457,
          "hz": 14151.364845322005
        },
        {
          "acoustic_entropy": 12.22758674621582,
          "acoustic_entropy_side": 12.227753639221191,
          "hz": 15466.58407886509
        },
        {
          "acoustic_entropy": 12.227777481079102,
          "acoustic_entropy_side": 12.227754592895508,
          "hz": 16898.27756580493
        },
        {
          "acoustic_entropy": 12.227752685546875,
          "acoustic_entropy_side": 12.227754592895508,
          "hz": 18456.760127700032
        },
        {
          "acoustic_entropy": 12.22774887084961,
          "acoustic_entropy_side": 12.227754592895508,
          "hz": 20153.260054456492
        },
        {
          "acoustic_entropy": 12.227755546569824,
          "acoustic_entropy_side": 12.227754592895508,
          "hz": 22000.00000000001
        }
      ],
      "diff_acoustic_entropy": 2.808624029159546,
      "sn": 12
    },
    {
      "acoustic_entropy": 20.716510772705078,
      "acoustic_entropy_mono": 20.232383728027344,
      "band_eliminated_acoustic_entropies": [
        {
          "acoustic_entropy": 20.725133895874023,
          "acoustic_entropy_side": 20.71437644958496,
          "hz": 129.47220167065723
        },
        {
          "acoustic_entropy": 20.106473922729492,
          "acoustic_entropy_side": 20.38783836364746,
          "hz": 202.92927478742237
        },
        {
          "acoustic_entropy": 20.687227249145508,
          "acoustic_entropy_side": 20.80876350402832,
          "hz": 282.89161906338205
        },
        {
          "acoustic_entropy": 20.18412971496582,
          "acoustic_entropy_side": 20.555530548095703,
          "hz": 369.9353335868758
        },
        {
          "acoustic_entropy": 20.252208709716797,
          "acoustic_entropy_side": 20.911592483520508,
          "hz": 464.6875360973435
        },
        {
          "acoustic_entropy": 19.786481857299805,
          "acoustic_entropy_side": 20.958024978637695,
          "hz": 567.8308811364784
        },
        {
          "acoustic_entropy": 20.686370849609375,
          "acoustic_entropy_side": 20.904794692993164,
          "hz": 680.1084783214808
        },
        {
          "acoustic_entropy": 19.620458602905273,
          "acoustic_entropy_side": 19.592050552368164,
          "hz": 802.3292461747484
        },
        {
          "acoustic_entropy": 20.833703994750977,
          "acoustic_entropy_side": 21.0644588470459,
          "hz": 935.3737400823702
        },
        {
          "acoustic_entropy": 20.253591537475586,
          "acoustic_entropy_side": 20.76365852355957,
          "hz": 1080.2004963696966
        },
        {
          "acoustic_entropy": 20.663393020629883,
          "acoustic_entropy_side": 20.964048385620117,
          "hz": 1237.8529382007157
        },
        {
          "acoustic_entropy": 21.31205940246582,
          "acoustic_entropy_side": 20.815855026245117,
          "hz": 1409.4668930556702
        },
        {
          "acoustic_entropy": 22.11509895324707,
          "acoustic_entropy_side": 21.24644660949707,
          "hz": 1596.2787759475705
        },
        {
          "acoustic_entropy": 20.059431076049805,
          "acoustic_entropy_side": 20.11723518371582,
          "hz": 1799.6344973346393
        },
        {
          "acoustic_entropy": 20.932647705078125,
          "acoustic_entropy_side": 20.72156524658203,
          "hz": 2020.9991599069049
        },
        {
          "acoustic_entropy": 21.0367374420166,
          "acoustic_entropy_side": 21.09779930114746,
          "hz": 2261.9676141086993
        },
        {
          "acoustic_entropy": 20.640207290649414,
          "acoustic_entropy_side": 20.66036033630371,
          "hz": 2524.2759484456974
        },
        {
          "acoustic_entropy": 20.845640182495117,
          "acoustic_entropy_side": 21.314138412475586,
          "hz": 2809.813997359896
        },
        {
          "acoustic_entropy": 20.365013122558594,
          "acoustic_entropy_side": 21.405040740966797,
          "hz": 3120.6389567871424
        },
        {
