{
  "acoustic_entropy": 203.94326782226562,
  "bands": [
    {
      "high_freq": 148.1999969482422,
      "loudness": -22.11842918395996,
      "loudness_range": 19.508562088012695,
      "mid_mean": -18.555374145507812,
      "mid_to_side_loudness": -18.363718032836914,
      "mid_to_side_loudness_range": 23.91827964782715,
      "side_mean": -38.10578536987305
    },
    {
      "high_freq": 392.3793640136719,
      "loudness": -21.28286361694336,
      "loudness_range": 6.917947769165039,
      "low_freq": 148.1999969482422,
      "mid_mean": -18.339534759521484,
      "mid_to_side_loudness": -8.172042846679688,
      "mid_to_side_loudness_range": 12.67869758605957,
      "side_mean": -26.885778427124023
    },
    {
      "high_freq": 794.6976318359375,
      "loudness": -20.3446102142334,
      "loudness_range": 8.501158714294434,
      "low_freq": 392.3793640136719,
      "mid_mean": -17.408742904663086,
      "mid_to_side_loudness": -7.894232273101807,
      "mid_to_side_loudness_range": 10.498215675354004,
      "side_mean": -25.58869743347168
    },
    {
      "high_freq": 1457.5709228515625,
      "loudness": -20.907392501831055,
      "loudness_range": 17.279949188232422,
      "low_freq": 794.6976318359375,
      "mid_mean": -18.007219314575195,
      "mid_to_side_loudness": -7.879680156707764,
      "mid_to_side_loudness_range": 11.343996047973633,
      "side_mean": -26.20050811767578
    },
    {
      "high_freq": 2549.74365234375,
      "loudness": -22.030405044555664,
      "loudness_range": 14.827753067016602,
      "low_freq": 1457.5709228515625,
      "mid_mean": -19.224559783935547,
      "mid_to_side_loudness": -7.340294361114502,
      "mid_to_side_loudness_range": 10.63858413696289,
      "side_mean": -26.81230926513672
    },
    {
      "high_freq": 4349.24462890625,
      "loudness": -23.6053524017334,
      "loudness_range": 15.32724380493164,
      "low_freq": 2549.74365234375,
      "mid_mean": -20.679061889648438,
      "mid_to_side_loudness": -7.689194202423096,
      "mid_to_side_loudness_range": 9.302362442016602,
      "side_mean": -29.12200355529785
    },
    {
      "high_freq": 7314.1640625,
      "loudness": -28.326263427734375,
      "loudness_range": 18.90040397644043,
      "low_freq": 4349.24462890625,
      "mid_mean": -24.780956268310547,
      "mid_to_side_loudness": -7.759270191192627,
      "mid_to_side_loudness_range": 11.344314575195312,
      "side_mean": -33.7328987121582
    },
    {
      "high_freq": 12199.2666015625,
      "loudness": -28.164138793945312,
      "loudness_range": 14.583232879638672,
      "low_freq": 7314.1640625,
      "mid_mean": -25.390960693359375,
      "mid_to_side_loudness": -7.1231689453125,
      "mid_to_side_loudness_range": 11.118431091308594,
      "side_mean": -32.82072830200195
    },
    {
      "loudness": -35.8709716796875,
      "loudness_range": 14.300287246704102,
      "low_freq": 12199.2666015625,
      "mid_mean": -32.45351028442383,
      "mid_to_side_loudness": -9.439179420471191,
      "mid_to_side_loudness_range": 15.355732917785645,
      "side_mean": -43.99574279785156
    }
  ],
  "bands_short": [
    {
      "high_freq": 148.1999969482422,
      "loudness": -25.894447326660156,
      "loudness_range": 26.28776741027832,
      "mid_mean": -22.562150955200195,
      "mid_to_side_loudness": -17.1406307220459,
      "mid_to_side_loudness_range": 27.082670211791992,
      "side_mean": -41.651344299316406
    },
    {
      "high_freq": 392.3793640136719,
      "loudness": -21.42208480834961,
      "loudness_range": 11.728428840637207,
      "low_freq": 148.1999969482422,
      "mid_mean": -18.78080940246582,
      "mid_to_side_loudness": -8.496094703674316,
      "mid_to_side_loudness_range": 18.85582733154297,
      "side_mean": -27.645112991333008
    },
    {
      "high_freq": 794.6976318359375,
      "loudness": -22.397518157958984,
      "loudness_range": 11.313470840454102,
      "low_freq": 392.3793640136719,
      "mid_mean": -19.640892028808594,
      "mid_to_side_loudness": -7.425930976867676,
      "mid_to_side_loudness_range": 13.051709175109863,
      "side_mean": -27.335391998291016
    },
    {
      "high_freq": 1457.5709228515625,
      "loudness": -20.158872604370117,
      "loudness_range": 16.157024383544922,
      "low_freq": 794.6976318359375,
      "mid_mean": -17.317365646362305,
      "mid_to_side_loudness": -8.031610488891602,
      "mid_to_side_loudness_range": 13.656612396240234,
      "side_mean": -25.666818618774414
    },
    {
      "high_freq": 2549.74365234375,
      "loudness": -22.570249557495117,
      "loudness_range": 16.42807388305664,
      "low_freq": 1457.5709228515625,
      "mid_mean": -19.96234130859375,
      "mid_to_side_loudness": -7.022275924682617,
      "mid_to_side_loudness_range": 13.626423835754395,
      "side_mean": -27.0351505279541
    },
    {
      "high_freq": 4349.24462890625,
      "loudness": -24.149005889892578,
      "loudness_range": 18.78396987915039,
      "low_freq": 2549.74365234375,
      "mid_mean": -21.5405216217041,
      "mid_to_side_loudness": -7.3252739906311035,
      "mid_to_side_loudness_range": 11.890656471252441,
      "side_mean": -28.99276351928711
    },
    {
      "high_freq": 7314.1640625,
      "loudness": -29.025836944580078,
      "loudness_range": 21.633119583129883,
      "low_freq": 4349.24462890625,
      "mid_mean": -26.11663055419922,
      "mid_to_side_loudness": -7.437814235687256,
      "mid_to_side_loudness_range": 12.26767349243164,
      "side_mean": -34.71232986450195
    },
    {
      "high_freq": 12199.2666015625,
      "loudness": -29.39582633972168,
      "loudness_range": 17.621152877807617,
      "low_freq": 7314.1640625,
      "mid_mean": -26.85834312438965,
      "mid_to_side_loudness": -6.546091556549072,
      "mid_to_side_loudness_range": 12.567569732666016,
      "side_mean": -33.698760986328125
    },
    {
      "loudness": -38.47127914428711,
      "loudness_range": 22.704301834106445,
      "low_freq": 12199.2666015625,
      "mid_mean": -35.3402099609375,
      "mid_to_side_loudness": -8.6104736328125,
      "mid_to_side_loudness_range": 16.63576889038086,
      "side_mean": -45.78260040283203
    }
  ],
  "bandwidth": 710.8292846679688,
  "channels": 2,
  "covariance": [
    [
      49.567420959472656,
      14.82575798034668,
      7.527504920959473,
      -1.5267302989959717,
      4.330808639526367,
      4.579343795776367,
      14.467494010925293,
      10.476299285888672,
      13.247602462768555,
      10.946249008178711,
      11.81065559387207,
      15.381601333618164,
      12.638297080993652,
      15.883139610290527,
      13.963699340820312,
      9.184077262878418,
      13.058812141418457,
      22.339019775390625
    ],
    [
      14.82575798034668,
      36.264244079589844,
      0.08728506416082382,
      -1.3892630338668823,
      4.160611629486084,
      1.6294845342636108,
      21.890533447265625,
      17.682966232299805,
      22.519977569580078,
      21.219133377075195,
      22.641014099121094,
      28.009502410888672,
      21.33604621887207,
      26.258758544921875,
      16.893573760986328,
      11.58277416229248,
      12.116218566894531,
      29.586702346801758
    ],
    [
      7.527504920959473,
      0.08728506416082382,
      10.880924224853516,
      2.095736026763916,
      2.4345545768737793,
      1.667227029800415,
      2.046971321105957,
      0.3963106572628021,
      2.6085071563720703,
      0.8284918069839478,
      2.8208961486816406,
      0.8800359964370728,
      4.929557800292969,
      2.552084445953369,
      3.4172327518463135,
      3.4645118713378906,
      4.136359691619873,
      5.320225715637207
    ],
    [
      -1.5267302989959717,
      -1.3892630338668823,
      2.095736026763916,
      11.077659606933594,
      0.5276987552642822,
      2.9784789085388184,
      -2.728372573852539,
      1.1687904596328735,
      -1.7411658763885498,
      0.9420352578163147,
      -1.8917784690856934,
      -0.3717783987522125,
      -0.020060544833540916,
      0.9569987654685974,
      -0.6662801504135132,
      2.1779706478118896,
      0.10265713930130005,
      0.3234618306159973
    ],
    [
      4.330808639526367,
      4.160611629486084,
      2.4345545768737793,
      0.5276987552642822,
      11.569108963012695,
      7.118124961853027,
      11.883383750915527,
      8.020807266235352,
      8.706415176391602,
      6.33611536026001,
      8.537108421325684,
      10.174530982971191,
      8.597161293029785,
      9.718188285827637,
      5.487259387969971,
      6.188425540924072,
      5.19673490524292,
      11.107776641845703
    ],
    [
      4.579343795776367,
      1.6294845342636108,
      1.667227029800415,
      2.9784789085388184,
      7.118124961853027,
      14.735977172851562,
      4.772847652435303,
      7.5167951583862305,
      2.6004016399383545,
      4.77920389175415,
      2.10383677482605,
      6.017853260040283,
      3.163973093032837,
      6.132645606994629,
      0.9623039364814758,
      3.846773624420166,
      2.1435670852661133,
      5.344162464141846
    ],
    [
      14.467494010925293,
      21.890533447265625,
      2.046971321105957,
      -2.728372573852539,
      11.883383750915527,
      4.772847652435303,
      40.95122146606445,
      26.561603546142578,
      29.472530364990234,
      25.995027542114258,
      29.619434356689453,
      35.34063720703125,
      25.207731246948242,
      30.10175895690918,
      22.645187377929688,
      14.759446144104004,
      15.164834022521973,
      35.06839370727539
    ],
    [
      10.476299285888672,
      17.682966232299805,
      0.3963106572628021,
      1.1687904596328735,
      8.020807266235352,
      7.5167951583862305,
      26.561603546142578,
      26.81683921813965,
      21.164684295654297,
      23.326642990112305,
      20.24178123474121,
      28.71076774597168,
      17.96799087524414,
      24.65274429321289,
      14.986578941345215,
      12.411657333374023,
      9.785965919494629,
      27.6151123046875
    ],
    [
      13.247602462768555,
      22.519977569580078,
      2.6085071563720703,
      -1.7411658763885498,
      8.706415176391602,
      2.6004016399383545,
      29.472530364990234,
      21.164684295654297,
      34.06705093383789,
      27.848520278930664,
      31.07889175415039,
      35.16593933105469,
      24.562232971191406,
      29.427532196044922,
      23.03656005859375,
      14.556870460510254,
      13.09402084350586,
      33.27617645263672
    ],
    [
      10.946249008178711,
      21.219133377075195,
      0.8284918069839478,
      0.9420352578163147,
      6.33611536026001,
      4.77920389175415,
      25.995027542114258,
      23.326642990112305,
      27.848520278930664,
      36.9693717956543,
      25.576627731323242,
      36.24278259277344,
      20.858348846435547,
      27.85112762451172,
      21.254575729370117,
      16.167116165161133,
      9.563547134399414,
      33.25310516357422
    ],
    [
      11.81065559387207,
      22.641014099121094,
      2.8208961486816406,
      -1.8917784690856934,
      8.537108421325684,
      2.10383677482605,
      29.619434356689453,
      20.24178123474121,
      31.07889175415039,
      25.576627731323242,
      41.20461654663086,
      37.05754852294922,
      31.7012939453125,
      32.74724197387695,
      25.79187774658203,
      15.78697681427002,
      16.77604103088379,
      34.98073196411133
    ],
    [
      15.381601333618164,
      28.009502410888672,
      0.8800359964370728,
      -0.3717783987522125,
      10.174530982971191,
      6.017853260040283,
      35.34063720703125,
      28.71076774597168,
      35.16593933105469,
      36.24278259277344,
      37.05754852294922,
      48.37521743774414,
      32.254642486572266,
      41.94236373901367,
      28.192119598388672,
      21.64156723022461,
      16.061010360717773,
      43.9605827331543
    ],
    [
      12.638297080993652,
      21.33604621887207,
      4.929557800292969,
      -0.020060544833540916,
      8.597161293029785,
      3.163973093032837,
      25.207731246948242,
      17.96799087524414,
      24.562232971191406,
      20.858348846435547,
      31.7012939453125,
      32.254642486572266,
      43.39386749267578,
      36.42986297607422,
      28.194713592529297,
      19.52358627319336,
      24.370515823364258,
      37.7984619140625
    ],
    [
      15.883139610290527,
      26.258758544921875,
      2.552084445953369,
      0.9569987654685974,
      9.718188285827637,
      6.132645606994629,
      30.10175895690918,
      24.65274429321289,
      29.427532196044922,
      27.85112762451172,
      32.74724197387695,
      41.94236373901367,
      36.42986297607422,
      46.90872573852539,
      28.0828914642334,
      24.61496925354004,
      21.070388793945312,
      46.13719177246094
    ],
    [
      13.963699340820312,
      16.893573760986328,
      3.4172327518463135,
      -0.6662801504135132,
      5.487259387969971,
      0.9623039364814758,
      22.645187377929688,
      14.986578941345215,
      23.03656005859375,
      21.254575729370117,
      25.79187774658203,
      28.192119598388672,
      28.194713592529297,
      28.0828914642334,
      31.106279373168945,
      17.350994110107422,
      20.206043243408203,
      32.11130142211914
    ],
    [
      9.184077262878418,
      11.58277416229248,
      3.4645118713378906,
      2.1779706478118896,
      6.188425540924072,
      3.846773624420166,
      14.759446144104004,
      12.411657333374023,
      14.556870460510254,
      16.167116165161133,
      15.78697681427002,
      21.64156723022461,
      19.52358627319336,
      24.61496925354004,
      17.350994110107422,
      18.217588424682617,
      12.711711883544922,
      27.677934646606445
    ],
    [
      13.058812141418457,
      12.116218566894531,
      4.136359691619873,
      0.10265713930130005,
      5.19673490524292,
      2.1435670852661133,
      15.164834022521973,
      9.785965919494629,
      13.09402084350586,
      9.563547134399414,
      16.77604103088379,
      16.061010360717773,
      24.370515823364258,
      21.070388793945312,
      20.206043243408203,
      12.711711883544922,
      30.125858306884766,
      26.45215606689453
    ],
    [
      22.339019775390625,
      29.586702346801758,
      5.320225715637207,
      0.3234618306159973,
      11.107776641845703,
      5.344162464141846,
      35.06839370727539,
      27.6151123046875,
      33.27617645263672,
      33.25310516357422,
      34.98073196411133,
      43.9605827331543,
      37.7984619140625,
      46.13719177246094,
      32.11130142211914,
      27.677934646606445,
      26.45215606689453,
      59.08372116088867
    ]
  ],
  "covariance_short": [
    [
      94.10067749023438,
      36.40985107421875,
      10.69339656829834,
      -3.58449125289917,
      0.684733510017395,
      -0.15780462324619293,
      14.688310623168945,
      9.556703567504883,
      14.781319618225098,
      8.035797119140625,
      15.91108512878418,
      13.581562042236328,
      22.237512588500977,
      21.532377243041992,
      18.192523956298828,
      9.585531234741211,
      27.839492797851562,
      23.536670684814453
    ],
    [
      36.40985107421875,
      61.762916564941406,
      4.956605911254883,
      -4.822326183319092,
      2.29628324508667,
      -1.69928777217865,
      21.06285285949707,
      14.163599967956543,
      24.306413650512695,
      16.706830978393555,
      26.288835525512695,
      23.87201499938965,
      28.122337341308594,
      29.234983444213867,
      19.944866180419922,
      9.717637062072754,
      22.874130249023438,
      26.47850227355957
    ],
    [
      10.69339656829834,
      4.956605911254883,
      26.191572189331055,
      1.3246468305587769,
      4.022136688232422,
      3.10976505279541,
      7.180785179138184,
      3.7019271850585938,
      8.556318283081055,
      4.1034393310546875,
      8.816670417785645,
      6.2618231773376465,
      9.732195854187012,
      7.658432483673096,
      7.819227695465088,
      6.0204925537109375,
      10.312592506408691,
      9.932217597961426
    ],
    [
      -3.58449125289917,
      -4.822326183319092,
      1.3246468305587769,
      19.49956703186035,
      0.5918410420417786,
      3.840747117996216,
      -4.3048930168151855,
      0.6088644862174988,
      -2.8503785133361816,
      1.1727458238601685,
      -3.650975465774536,
      -0.3627154231071472,
      -1.8799735307693481,
      0.23763062059879303,
      -1.1448127031326294,
      2.687554121017456,
      -2.497166633605957,
      0.20154668390750885
    ],
    [
      0.684733510017395,
      2.29628324508667,
      4.022136688232422,
      0.5918410420417786,
      19.28641128540039,
      9.733617782592773,
      9.295496940612793,
      6.8226141929626465,
      8.79808521270752,
      5.28175687789917,
      8.8396577835083,
      7.555769443511963,
      6.469756126403809,
      6.638519287109375,
      4.747874736785889,
      4.392035007476807,
      2.7410154342651367,
      7.751582145690918
    ],
    [
      -0.15780462324619293,
      -1.69928777217865,
      3.10976505279541,
      3.840747117996216,
      9.733617782592773,
      19.748214721679688,
      3.0191855430603027,
      6.387364864349365,
      2.7355451583862305,
      5.530169486999512,
      2.300729513168335,
      4.264712333679199,
      1.4306188821792603,
      3.0103743076324463,
      0.8433478474617004,
      3.5011675357818604,
      1.6805373430252075,
      4.719977378845215
    ],
    [
      14.688310623168945,
      21.06285285949707,
      7.180785179138184,
      -4.3048930168151855,
      9.295496940612793,
      3.0191855430603027,
      38.50799560546875,
      22.323638916015625,
      27.88784408569336,
      20.60611915588379,
      29.586091995239258,
      27.01386260986328,
      26.767702102661133,
      29.537635803222656,
      21.829315185546875,
      11.917696952819824,
      22.35291290283203,
      26.74416160583496
    ],
    [
      9.556703567504883,
      14.163599967956543,
      3.7019271850585938,
      0.6088644862174988,
      6.8226141929626465,
      6.387364864349365,
      22.323638916015625,
      26.98382568359375,
      17.759342193603516,
      16.753299713134766,
      17.966978073120117,
      20.543014526367188,
      17.92206573486328,
      22.72977066040039,
      13.338746070861816,
      10.321577072143555,
      13.33166217803955,
      20.628419876098633
    ],
    [
      14.781319618225098,
      24.306413650512695,
      8.556318283081055,
      -2.8503785133361816,
      8.79808521270752,
      2.7355451583862305,
      27.88784408569336,
      17.759342193603516,
      42.2550163269043,
      27.220848083496094,
      37.085960388183594,
      31.424697875976562,
      30.771385192871094,
      33.21854782104492,
      26.058908462524414,
      14.323317527770996,
      22.64447593688965,
      30.136159896850586
    ],
    [
      8.035797119140625,
      16.706830978393555,
      4.1034393310546875,
      1.1727458238601685,
      5.28175687789917,
      5.530169486999512,
      20.60611915588379,
      16.753299713134766,
      27.220848083496094,
      37.50101852416992,
      24.920364379882812,
      28.127309799194336,
      22.703466415405273,
      27.180267333984375,
      21.269290924072266,
      15.15898609161377,
      17.188060760498047,
      28.288759231567383
    ],
    [
      15.91108512878418,
      26.288835525512695,
      8.816670417785645,
      -3.650975465774536,
      8.8396577835083,
      2.300729513168335,
      29.586091995239258,
      17.966978073120117,
      37.085960388183594,
      24.920364379882812,
      53.93022537231445,
      36.624107360839844,
      44.12642288208008,
      39.79888916015625,
      32.454219818115234,
      16.61754035949707,
      31.350622177124023,
      34.54859924316406
    ],
    [
      13.581562042236328,
      23.87201499938965,
      6.2618231773376465,
      -0.3627154231071472,
      7.555769443511963,
      4.264712333679199,
      27.01386260986328,
      20.543014526367188,
      31.424697875976562,
      28.127309799194336,
      36.624107360839844,
      45.26322555541992,
      37.46907424926758,
      41.173858642578125,
      26.60512351989746,
      19.212467193603516,
      23.96998405456543,
      35.38496398925781
    ],
    [
      22.237512588500977,
      28.122337341308594,
      9.732195854187012,
      -1.8799735307693481,
      6.469756126403809,
      1.4306188821792603,
      26.767702102661133,
      17.92206573486328,
      30.771385192871094,
      22.703466415405273,
      44.12642288208008,
      37.46907424926758,
      63.41215896606445,
      48.59744644165039,
      41.79545593261719,
      24.58183479309082,
      44.47217559814453,
      46.097259521484375
    ],
    [
      21.532377243041992,
      29.234983444213867,
      7.658432483673096,
      0.23763062059879303,
      6.638519287109375,
      3.0103743076324463,
      29.537635803222656,
      22.72977066040039,
      33.21854782104492,
      27.180267333984375,
      39.79888916015625,
      41.173858642578125,
      48.59744644165039,
      62.59872817993164,
      37.85916519165039,
      29.471054077148438,
      37.23719024658203,
      51.60048294067383
    ],
    [
      18.192523956298828,
      19.944866180419922,
      7.819227695465088,
      -1.1448127031326294,
      4.747874736785889,
      0.8433478474617004,
      21.829315185546875,
      13.338746070861816,
      26.058908462524414,
      21.269290924072266,
      32.454219818115234,
      26.60512351989746,
      41.79545593261719,
      37.85916519165039,
      45.178131103515625,
      24.629892349243164,
      42.81156921386719,
      41.215335845947266
    ],
    [
      9.585531234741211,
      9.717637062072754,
      6.0204925537109375,
      2.687554121017456,
      4.392035007476807,
      3.5011675357818604,
      11.917696952819824,
      10.321577072143555,
      14.323317527770996,
      15.15898609161377,
      16.61754035949707,
      19.212467193603516,
      24.58183479309082,
      29.471054077148438,
      24.629892349243164,
      25.52464485168457,
      22.86503791809082,
      34.699581146240234
    ],
    [
      27.839492797851562,
      22.874130249023438,
      10.312592506408691,
      -2.497166633605957,
      2.7410154342651367,
      1.6805373430252075,
      22.35291290283203,
      13.33166217803955,
      22.64447593688965,
      17.188060760498047,
      31.350622177124023,
      23.96998405456543,
      44.47217559814453,
      37.23719024658203,
      42.81156921386719,
      22.86503791809082,
      68.3846435546875,
      47.1231803894043
    ],
    [
      23.536670684814453,
      26.47850227355957,
      9.932217597961426,
      0.20154668390750885,
      7.751582145690918,
      4.719977378845215,
      26.74416160583496,
      20.628419876098633,
      30.136159896850586,
      28.288759231567383,
      34.54859924316406,
      35.38496398925781,
      46.097259521484375,
      51.60048294067383,
      41.215335845947266,
      34.699581146240234,
      47.1231803894043,
      70.39783477783203
    ]
  ],
  "damage": -4.179267406463623,
  "diff_bandwidth": 662.5072631835938,
  "dissonance": 9.52583517217196,
  "drr": -14.913546562194824,
  "dynamics": 2.8564908504486084,
  "format": 1245190,
  "frames": 10908608,
  "loudness": -8.986820220947266,
  "loudness_range": 7.354344367980957,
  "loudness_range_short": 9.145258903503418,
  "lowpass_true_peak_15khz": 1.2188236713409424,
  "mastering3_acoustic_entropies": [
    {
      "acoustic_entropy": 6.495699405670166,
      "acoustic_entropy_mono": 6.8918538093566895,
      "band_eliminated_acoustic_entropies": [
        {
          "acoustic_entropy": 7.101083755493164,
          "acoustic_entropy_side": 6.4960036277771,
          "hz": 129.47220167065723
        },
        {
          "acoustic_entropy": 6.603248119354248,
          "acoustic_entropy_side": 6.496617794036865,
          "hz": 202.92927478742237
        },
        {
          "acoustic_entropy": 7.068056106567383,
          "acoustic_entropy_side": 6.492982864379883,
          "hz": 282.89161906338205
        },
        {
          "acoustic_entropy": 6.865253925323486,
          "acoustic_entropy_side": 6.748151779174805,
          "hz": 369.9353335868758
        },
        {
          "acoustic_entropy": 6.845914840698242,
          "acoustic_entropy_side": 6.505556106567383,
          "hz": 464.6875360973435
        },
        {
          "acoustic_entropy": 6.228572845458984,
          "acoustic_entropy_side": 6.5005669593811035,
          "hz": 567.8308811364784
        },
        {
          "acoustic_entropy": 6.486087799072266,
          "acoustic_entropy_side": 6.505140781402588,
          "hz": 680.1084783214808
        },
        {
          "acoustic_entropy": 7.079221248626709,
          "acoustic_entropy_side": 6.977917194366455,
          "hz": 802.3292461747484
        },
        {
          "acoustic_entropy": 6.456637382507324,
          "acoustic_entropy_side": 6.832454204559326,
          "hz": 935.3737400823702
        },
        {
          "acoustic_entropy": 6.130255222320557,
          "acoustic_entropy_side": 6.760105609893799,
          "hz": 1080.2004963696966
        },
        {
          "acoustic_entropy": 6.39129114151001,
          "acoustic_entropy_side": 6.422610282897949,
          "hz": 1237.8529382007157
        },
        {
          "acoustic_entropy": 6.834989070892334,
          "acoustic_entropy_side": 6.857265472412109,
          "hz": 1409.4668930556702
        },
        {
          "acoustic_entropy": 6.658481597900391,
          "acoustic_entropy_side": 6.447324275970459,
          "hz": 1596.2787759475705
        },
        {
          "acoustic_entropy": 6.794127941131592,
          "acoustic_entropy_side": 6.628851413726807,
          "hz": 1799.6344973346393
        },
        {
          "acoustic_entropy": 6.621706485748291,
          "acoustic_entropy_side": 6.503227710723877,
          "hz": 2020.9991599069049
        },
        {
          "acoustic_entropy": 6.706316947937012,
          "acoustic_entropy_side": 6.514089584350586,
          "hz": 2261.9676141086993
        },
        {
          "acoustic_entropy": 6.550061225891113,
          "acoustic_entropy_side": 6.46031379699707,
          "hz": 2524.2759484456974
        },
        {
          "acoustic_entropy": 6.58552360534668,
          "acoustic_entropy_side": 6.453148365020752,
          "hz": 2809.813997359896
        },
        {
          "acoustic_entropy": 6.794028282165527,
          "acoustic_entropy_side": 6.707592487335205,
          "hz": 3120.6389567871424
        },
        {
          "acoustic_entropy": 6.719264030456543,
          "acoustic_entropy_side": 6.514151096343994,
          "hz": 3458.990205492291
        },
        {
          "acoustic_entropy": 6.622437477111816,
          "acoustic_entropy_side": 6.471630096435547,
          "hz": 3827.305438964164
        },
        {
          "acoustic_entropy": 6.5543084144592285,
          "acoustic_entropy_side": 6.488210201263428,
          "hz": 4228.238232109126
        },
        {
          "acoustic_entropy": 6.507906436920166,
          "acoustic_entropy_side": 6.478028774261475,
          "hz": 4664.6771572759235
        },
        {
          "acoustic_entropy": 6.5813422203063965,
          "acoustic_entropy_side": 6.477155685424805,
          "hz": 5139.766595350093
        },
        {
          "acoustic_entropy": 6.736413478851318,
          "acoustic_entropy_side": 6.5070343017578125,
          "hz": 5656.929389854203
        },
        {
          "acoustic_entropy": 6.992687702178955,
          "acoustic_entropy_side": 6.696588039398193,
          "hz": 6219.891507268283
        },
        {
          "acoustic_entropy": 7.061452865600586,
          "acoustic_entropy_side": 6.890334606170654,
          "hz": 6832.70888123896
        },
        {
          "acoustic_entropy": 6.799801826477051,
          "acoustic_entropy_side": 6.544034957885742,
          "hz": 7499.796634079867
        },
        {
          "acoustic_entropy": 6.809151649475098,
          "acoustic_entropy_side": 6.485431671142578,
          "hz": 8225.96088609342
        },
        {
          "acoustic_entropy": 6.973601818084717,
          "acoustic_entropy_side": 6.47248649597168,
          "hz": 9016.43338188839
        },
        {
          "acoustic_entropy": 6.452637672424316,
          "acoustic_entropy_side": 6.55120849609375,
          "hz": 9876.909183162974
        },
        {
          "acoustic_entropy": 6.840102672576904,
          "acoustic_entropy_side": 6.526858329772949,
          "hz": 10813.587699516042
        },
        {
          "acoustic_entropy": 6.81443452835083,
          "acoustic_entropy_side": 6.507625102996826,
          "hz": 11833.21735289826
        },
        {
          "acoustic_entropy": 7.081714630126953,
          "acoustic_entropy_side": 6.473863124847412,
          "hz": 12943.144197493959
        },
        {
          "acoustic_entropy": 6.624740123748779,
          "acoustic_entropy_side": 6.483591079711914,
          "hz": 14151.364845322005
        },
        {
          "acoustic_entropy": 6.563819408416748,
          "acoustic_entropy_side": 6.494616508483887,
          "hz": 15466.58407886509
        },
        {
          "acoustic_entropy": 6.557720184326172,
          "acoustic_entropy_side": 6.494194030761719,
          "hz": 16898.27756580493
        },
        {
          "acoustic_entropy": 6.593519687652588,
          "acoustic_entropy_side": 6.495267868041992,
          "hz": 18456.760127700032
        },
        {
          "acoustic_entropy": 6.562496185302734,
          "acoustic_entropy_side": 6.495643138885498,
          "hz": 20153.260054456492
        },
        {
          "acoustic_entropy": 6.507994174957275,
          "acoustic_entropy_side": 6.495710372924805,
          "hz": 22000.00000000001
        }
      ],
      "diff_acoustic_entropy": 8.182474136352539,
      "sn": 6
    },
    {
      "acoustic_entropy": 11.032082557678223,
      "acoustic_entropy_mono": 10.633091926574707,
      "band_eliminated_acoustic_entropies": [
        {
          "acoustic_entropy": 11.060507774353027,
          "acoustic_entropy_side": 11.032073020935059,
          "hz": 129.47220167065723
        },
        {
          "acoustic_entropy": 11.05543041229248,
          "acoustic_entropy_side": 11.039385795593262,
          "hz": 202.92927478742237
        },
        {
          "acoustic_entropy": 11.644624710083008,
          "acoustic_entropy_side": 11.100030899047852,
          "hz": 282.89161906338205
        },
        {
          "acoustic_entropy": 11.10181713104248,
          "acoustic_entropy_side": 10.948200225830078,
          "hz": 369.9353335868758
        },
        {
          "acoustic_entropy": 10.725275039672852,
          "acoustic_entropy_side": 10.947305679321289,
          "hz": 464.6875360973435
        },
        {
          "acoustic_entropy": 10.670832633972168,
          "acoustic_entropy_side": 11.075790405273438,
          "hz": 567.8308811364784
        },
        {
          "acoustic_entropy": 10.823697090148926,
          "acoustic_entropy_side": 11.464500427246094,
          "hz": 680.1084783214808
        },
        {
          "acoustic_entropy": 11.500141143798828,
          "acoustic_entropy_side": 11.812941551208496,
          "hz": 802.3292461747484
        },
        {
          "acoustic_entropy": 10.547636032104492,
          "acoustic_entropy_side": 10.584094047546387,
          "hz": 935.3737400823702
        },
        {
          "acoustic_entropy": 10.784039497375488,
          "acoustic_entropy_side": 11.646109580993652,
          "hz": 1080.2004963696966
        },
        {
          "acoustic_entropy": 11.25681209564209,
          "acoustic_entropy_side": 10.919301986694336,
          "hz": 1237.8529382007157
        },
        {
          "acoustic_entropy": 11.174223899841309,
          "acoustic_entropy_side": 11.228590965270996,
          "hz": 1409.4668930556702
        },
        {
          "acoustic_entropy": 11.053081512451172,
          "acoustic_entropy_side": 10.994948387145996,
          "hz": 1596.2787759475705
        },
        {
          "acoustic_entropy": 10.623336791992188,
          "acoustic_entropy_side": 10.708099365234375,
          "hz": 1799.6344973346393
        },
        {
          "acoustic_entropy": 11.260411262512207,
          "acoustic_entropy_side": 10.951292991638184,
          "hz": 2020.9991599069049
        },
        {
          "acoustic_entropy": 11.25346565246582,
          "acoustic_entropy_side": 11.10119915008545,
          "hz": 2261.9676141086993
        },
        {
          "acoustic_entropy": 11.013537406921387,
          "acoustic_entropy_side": 11.079052925109863,
          "hz": 2524.2759484456974
        },
        {
          "acoustic_entropy": 10.964360237121582,
          "acoustic_entropy_side": 11.179768562316895,
          "hz": 2809.813997359896
        },
        {
          "acoustic_entropy": 11.023940086364746,
          "acoustic_entropy_side": 11.06883716583252,
          "hz": 3120.6389567871424
        },
        {
          "acoustic_entropy": 11.265592575073242,
          "acoustic_entropy_side": 11.119625091552734,
          "hz": 3458.990205492291
        },
        {
          "acoustic_entropy": 11.138195991516113,
          "acoustic_entropy_side": 11.055869102478027,
          "hz": 3827.305438964164
        },
        {
          "acoustic_entropy": 11.159158706665039,
          "acoustic_entropy_side": 11.064988136291504,
          "hz": 4228.238232109126
        },
        {
          "acoustic_entropy": 11.061229705810547,
          "acoustic_entropy_side": 10.949782371520996,
          "hz": 4664.6771572759235
        },
        {
          "acoustic_entropy": 11.038750648498535,
          "acoustic_entropy_side": 10.925141334533691,
          "hz": 5139.766595350093
        },
        {
          "acoustic_entropy": 11.098786354064941,
          "acoustic_entropy_side": 10.958382606506348,
          "hz": 5656.929389854203
        },
        {
          "acoustic_entropy": 11.235722541809082,
          "acoustic_entropy_side": 11.039336204528809,
          "hz": 6219.891507268283
        },
        {
          "acoustic_entropy": 11.184982299804688,
          "acoustic_entropy_side": 11.087943077087402,
          "hz": 6832.70888123896
        },
        {
          "acoustic_entropy": 11.211380958557129,
          "acoustic_entropy_side": 11.07556438446045,
          "hz": 7499.796634079867
        },
        {
          "acoustic_entropy": 10.98047161102295,
          "acoustic_entropy_side": 11.054859161376953,
          "hz": 8225.96088609342
        },
        {
          "acoustic_entropy": 10.986404418945312,
          "acoustic_entropy_side": 11.10385513305664,
          "hz": 9016.43338188839
        },
        {
          "acoustic_entropy": 10.857011795043945,
          "acoustic_entropy_side": 11.014097213745117,
          "hz": 9876.909183162974
        },
        {
          "acoustic_entropy": 10.990045547485352,
          "acoustic_entropy_side": 11.07515811920166,
          "hz": 10813.587699516042
        },
        {
          "acoustic_entropy": 10.961755752563477,
          "acoustic_entropy_side": 11.052983283996582,
          "hz": 11833.21735289826
        },
        {
          "acoustic_entropy": 10.951354026794434,
          "acoustic_entropy_side": 11.015349388122559,
          "hz": 12943.144197493959
        },
        {
          "acoustic_entropy": 10.888669967651367,
          "acoustic_entropy_side": 11.01228141784668,
          "hz": 14151.364845322005
        },
        {
          "acoustic_entropy": 11.029227256774902,
          "acoustic_entropy_side": 11.006791114807129,
          "hz": 15466.58407886509
        },
        {
          "acoustic_entropy": 11.180129051208496,
          "acoustic_entropy_side": 11.010485649108887,
          "hz": 16898.27756580493
        },
        {
          "acoustic_entropy": 11.023896217346191,
          "acoustic_entropy_side": 11.020009994506836,
          "hz": 18456.760127700032
        },
        {
          "acoustic_entropy": 11.033285140991211,
          "acoustic_entropy_side": 11.027521133422852,
          "hz": 20153.260054456492
        },
        {
          "acoustic_entropy": 11.028433799743652,
          "acoustic_entropy_side": 11.031731605529785,
          "hz": 22000.00000000001
        }
      ],
      "diff_acoustic_entropy": 11.82328987121582,
      "sn": 12
    },
    {
      "acoustic_entropy": 17.58018684387207,
      "acoustic_entropy_mono": 15.292389869689941,
      "band_eliminated_acoustic_entropies": [
        {
          "acoustic_entropy": 17.367778778076172,
          "acoustic_entropy_side": 17.55191993713379,
          "hz": 129.47220167065723
        },
        {
          "acoustic_entropy": 17.984024047851562,
          "acoustic_entropy_side": 17.51771354675293,
          "hz": 202.92927478742237
        },
        {
          "acoustic_entropy": 17.628376007080078,
          "acoustic_entropy_side": 17.597599029541016,
          "hz": 282.89161906338205
        },
        {
          "acoustic_entropy": 17.400466918945312,
          "acoustic_entropy_side": 17.589950561523438,
          "hz": 369.9353335868758
        },
        {
          "acoustic_entropy": 17.8969669342041,
          "acoustic_entropy_side": 18.617000579833984,
          "hz": 464.6875360973435
        },
        {
          "acoustic_entropy": 17.531705856323242,
          "acoustic_entropy_side": 16.98470687866211,
          "hz": 567.8308811364784
        },
        {
          "acoustic_entropy": 18.76742172241211,
          "acoustic_entropy_side": 18.480987548828125,
          "hz": 680.1084783214808
        },
        {
          "acoustic_entropy": 18.01352310180664,
          "acoustic_entropy_side": 19.470077514648438,
          "hz": 802.3292461747484
        },
        {
          "acoustic_entropy": 17.74215316772461,
          "acoustic_entropy_side": 17.313121795654297,
          "hz": 935.3737400823702
        },
        {
          "acoustic_entropy": 18.390958786010742,
          "acoustic_entropy_side": 18.18731689453125,
          "hz": 1080.2004963696966
        },
        {
          "acoustic_entropy": 18.147192001342773,
          "acoustic_entropy_side": 18.035531997680664,
          "hz": 1237.8529382007157
        },
        {
          "acoustic_entropy": 18.160064697265625,
          "acoustic_entropy_side": 17.92045783996582,
          "hz": 1409.4668930556702
        },
        {
          "acoustic_entropy": 18.262624740600586,
          "acoustic_entropy_side": 17.84004020690918,
          "hz": 1596.2787759475705
        },
        {
          "acoustic_entropy": 17.876304626464844,
          "acoustic_entropy_side": 18.081954956054688,
          "hz": 1799.6344973346393
        },
        {
          "acoustic_entropy": 17.591699600219727,
          "acoustic_entropy_side": 17.71971893310547,
          "hz": 2020.9991599069049
        },
        {
          "acoustic_entropy": 17.758203506469727,
          "acoustic_entropy_side": 17.927366256713867,
          "hz": 2261.9676141086993
        },
        {
          "acoustic_entropy": 17.436033248901367,
          "acoustic_entropy_side": 17.58685302734375,
          "hz": 2524.2759484456974
        },
        {
          "acoustic_entropy": 17.451690673828125,
          "acoustic_entropy_side": 17.60561752319336,
          "hz": 2809.813997359896
        },
        {
