{
  "acoustic_entropy": 97.0689468383789,
  "bands": [
    {
      "high_freq": 148.1999969482422,
      "loudness": -38.44951248168945,
      "loudness_range": 25.299774169921875,
      "mid_mean": -34.87702941894531,
      "mid_to_side_loudness": -24.879243850708008,
      "mid_to_side_loudness_range": 20.445838928222656,
      "side_mean": -59.92951583862305
    },
    {
      "high_freq": 392.3793640136719,
      "loudness": -32.048213958740234,
      "loudness_range": 24.00426483154297,
      "low_freq": 148.1999969482422,
      "mid_mean": -28.458770751953125,
      "mid_to_side_loudness": -21.099990844726562,
      "mid_to_side_loudness_range": 15.252823829650879,
      "side_mean": -50.84596633911133
    },
    {
      "high_freq": 794.6976318359375,
      "loudness": -36.4005126953125,
      "loudness_range": 26.838672637939453,
      "low_freq": 392.3793640136719,
      "mid_mean": -32.968017578125,
      "mid_to_side_loudness": -21.012939453125,
      "mid_to_side_loudness_range": 12.037123680114746,
      "side_mean": -54.87204360961914
    },
    {
      "high_freq": 1457.5709228515625,
      "loudness": -43.61406326293945,
      "loudness_range": 26.308815002441406,
      "low_freq": 794.6976318359375,
      "mid_mean": -40.40602493286133,
      "mid_to_side_loudness": -18.478775024414062,
      "mid_to_side_loudness_range": 12.906794548034668,
      "side_mean": -59.26579284667969
    },
    {
      "high_freq": 2549.74365234375,
      "loudness": -46.59362030029297,
      "loudness_range": 27.507389068603516,
      "low_freq": 1457.5709228515625,
      "mid_mean": -44.27663040161133,
      "mid_to_side_loudness": -15.6514253616333,
      "mid_to_side_loudness_range": 11.031984329223633,
      "side_mean": -59.99446487426758
    },
    {
      "high_freq": 4349.24462890625,
      "loudness": -58.837059020996094,
      "loudness_range": 33.186038970947266,
      "low_freq": 2549.74365234375,
      "mid_mean": -56.382469177246094,
      "mid_to_side_loudness": -11.326623916625977,
      "mid_to_side_loudness_range": 9.172401428222656,
      "side_mean": -64.66778564453125
    },
    {
      "high_freq": 7314.1640625,
      "loudness": -70.65003967285156,
      "loudness_range": 30.234161376953125,
      "low_freq": 4349.24462890625,
      "mid_mean": -64.98185729980469,
      "mid_to_side_loudness": -5.85141658782959,
      "mid_to_side_loudness_range": 6.39187479019165,
      "side_mean": -67.62918853759766
    },
    {
      "high_freq": 12199.2666015625,
      "loudness": -74.60920715332031,
      "loudness_range": 18.24386215209961,
      "low_freq": 7314.1640625,
      "mid_mean": -67.62722778320312,
      "mid_to_side_loudness": -2.0023441314697266,
      "mid_to_side_loudness_range": 2.274095296859741,
      "side_mean": -68.33892822265625
    },
    {
      "loudness": 0,
      "loudness_range": 0,
      "low_freq": 12199.2666015625,
      "mid_mean": -69.21556091308594,
      "mid_to_side_loudness": -0.05900800600647926,
      "mid_to_side_loudness_range": 0.7351155281066895,
      "side_mean": -69.22992706298828
    }
  ],
  "bands_short": [
    {
      "high_freq": 148.1999969482422,
      "loudness": -40.971927642822266,
      "loudness_range": 28.66150665283203,
      "mid_mean": -37.5943717956543,
      "mid_to_side_loudness": -23.782222747802734,
      "mid_to_side_loudness_range": 25.342975616455078,
      "side_mean": -61.49067687988281
    },
    {
      "high_freq": 392.3793640136719,
      "loudness": -32.59416961669922,
      "loudness_range": 24.893281936645508,
      "low_freq": 148.1999969482422,
      "mid_mean": -29.112625122070312,
      "mid_to_side_loudness": -20.983118057250977,
      "mid_to_side_loudness_range": 17.994552612304688,
      "side_mean": -51.33304214477539
    },
    {
      "high_freq": 794.6976318359375,
      "loudness": -36.27216720581055,
      "loudness_range": 26.464370727539062,
      "low_freq": 392.3793640136719,
      "mid_mean": -32.86355972290039,
      "mid_to_side_loudness": -20.872209548950195,
      "mid_to_side_loudness_range": 14.922983169555664,
      "side_mean": -54.837440490722656
    },
    {
      "high_freq": 1457.5709228515625,
      "loudness": -42.61346435546875,
      "loudness_range": 27.3585205078125,
      "low_freq": 794.6976318359375,
      "mid_mean": -39.61021041870117,
      "mid_to_side_loudness": -18.391639709472656,
      "mid_to_side_loudness_range": 14.778000831604004,
      "side_mean": -58.79692077636719
    },
    {
      "high_freq": 2549.74365234375,
      "loudness": -47.2899055480957,
      "loudness_range": 27.136486053466797,
      "low_freq": 1457.5709228515625,
      "mid_mean": -44.98219299316406,
      "mid_to_side_loudness": -15.587211608886719,
      "mid_to_side_loudness_range": 12.854055404663086,
      "side_mean": -60.54080581665039
    },
    {
      "high_freq": 4349.24462890625,
      "loudness": -59.2778205871582,
      "loudness_range": 29.761802673339844,
      "low_freq": 2549.74365234375,
      "mid_mean": -56.98627471923828,
      "mid_to_side_loudness": -11.278829574584961,
      "mid_to_side_loudness_range": 9.912961959838867,
      "side_mean": -65.12653350830078
    },
    {
      "high_freq": 7314.1640625,
      "loudness": -72.27447509765625,
      "loudness_range": 23.888782501220703,
      "low_freq": 4349.24462890625,
      "mid_mean": -65.55823516845703,
      "mid_to_side_loudness": -5.838630199432373,
      "mid_to_side_loudness_range": 7.099838733673096,
      "side_mean": -68.0941390991211
    },
    {
      "high_freq": 12199.2666015625,
      "loudness": -75.20453643798828,
      "loudness_range": 9.775047302246094,
      "low_freq": 7314.1640625,
      "mid_mean": -68.0166015625,
      "mid_to_side_loudness": -1.9896373748779297,
      "mid_to_side_loudness_range": 3.075083017349243,
      "side_mean": -68.65275573730469
    },
    {
      "loudness": -77.88484191894531,
      "loudness_range": 1.1914138793945312,
      "low_freq": 12199.2666015625,
      "mid_mean": -69.21453857421875,
      "mid_to_side_loudness": -0.06687496602535248,
      "mid_to_side_loudness_range": 1.6872668266296387,
      "side_mean": -69.23021697998047
    }
  ],
  "bandwidth": 449.8310852050781,
  "channels": 2,
  "covariance": [
    [
      84.07008361816406,
      41.47993087768555,
      35.6403694152832,
      23.118690490722656,
      22.924936294555664,
      20.086097717285156,
      26.5421142578125,
      18.821945190429688,
      21.48980712890625,
      14.422414779663086,
      32.13705825805664,
      19.093782424926758,
      19.889699935913086,
      10.541943550109863,
      6.747099876403809,
      4.840122699737549,
      0.22869908809661865,
      0.23785021901130676
    ],
    [
      41.47993087768555,
      39.54862976074219,
      14.822327613830566,
      22.387142181396484,
      11.245834350585938,
      19.220874786376953,
      12.446691513061523,
      14.507034301757812,
      10.323962211608887,
      11.779970169067383,
      15.5786771774292,
      9.166418075561523,
      8.085922241210938,
      4.394511699676514,
      2.3100504875183105,
      1.7189946174621582,
      0.061741024255752563,
      0.1174021065235138
    ],
    [
      35.6403694152832,
      14.822327613830566,
      64.11092376708984,
      43.74273681640625,
      51.04679870605469,
      38.23228073120117,
      47.6075325012207,
      34.705078125,
      49.274417877197266,
      36.30516052246094,
      55.2498664855957,
      33.045249938964844,
      32.61651611328125,
      17.738296508789062,
      12.816731452941895,
      8.756372451782227,
      0.6842163801193237,
      0.5355724096298218
    ],
    [
      23.118690490722656,
      22.387142181396484,
      43.74273681640625,
      63.856849670410156,
      43.55706024169922,
      53.82231140136719,
      41.22077178955078,
      42.05282974243164,
      44.47053909301758,
      42.327693939208984,
      50.7498893737793,
      29.36758804321289,
      28.300888061523438,
      15.73486614227295,
      11.374195098876953,
      7.92998743057251,
      0.6689173579216003,
      0.58771151304245
    ],
    [
      22.924936294555664,
      11.245834350585938,
      51.04679870605469,
      43.55706024169922,
      81.29317474365234,
      61.09347152709961,
      72.7187271118164,
      53.48629379272461,
      79.28934478759766,
      59.821109771728516,
      64.85350799560547,
      39.719600677490234,
      38.947532653808594,
      21.476425170898438,
      14.96494197845459,
      10.368880271911621,
      0.7510371208190918,
      0.6214621067047119
    ],
    [
      20.086097717285156,
      19.220874786376953,
      38.23228073120117,
      53.82231140136719,
      61.09347152709961,
      67.23419952392578,
      57.139259338378906,
      52.33023452758789,
      61.77825164794922,
      54.199703216552734,
      57.509124755859375,
      33.99315643310547,
      32.868350982666016,
      18.08057403564453,
      12.4970064163208,
      8.71320915222168,
      0.6667199730873108,
      0.5956128835678101
    ],
    [
      26.5421142578125,
      12.446691513061523,
      47.6075325012207,
      41.22077178955078,
      72.7187271118164,
      57.139259338378906,
      82.48011779785156,
      55.46193313598633,
      86.52417755126953,
      62.19007873535156,
      72.68717956542969,
      44.84962463378906,
      44.44410705566406,
      25.499874114990234,
      17.971622467041016,
      12.672898292541504,
      0.9340347647666931,
      0.7767501473426819
    ],
    [
      18.821945190429688,
      14.507034301757812,
      34.705078125,
      42.05282974243164,
      53.48629379272461,
      52.33023452758789,
      55.46193313598633,
      49.18624496459961,
      60.438507080078125,
      50.17266845703125,
      56.940181732177734,
      34.518836975097656,
      32.90983200073242,
      18.63101577758789,
      12.743664741516113,
      8.971565246582031,
      0.6731826663017273,
      0.584747850894928
    ],
    [
      21.48980712890625,
      10.323962211608887,
      49.274417877197266,
      44.47053909301758,
      79.28934478759766,
      61.77825164794922,
      86.52417755126953,
      60.438507080078125,
      109.23487091064453,
      77.03256225585938,
      80.99472045898438,
      50.84357452392578,
      52.319244384765625,
      30.76616668701172,
      21.27451515197754,
      14.835280418395996,
      1.1809931993484497,
      0.950413167476654
    ],
    [
      14.422414779663086,
      11.779970169067383,
      36.30516052246094,
      42.327693939208984,
      59.821109771728516,
      54.199703216552734,
      62.19007873535156,
      50.17266845703125,
      77.03256225585938,
      63.57973098754883,
      64.30313873291016,
      40.5108757019043,
      41.27153015136719,
      24.321739196777344,
      16.58849334716797,
      11.572189331054688,
      0.9368930459022522,
      0.7724834680557251
    ],
    [
      32.13705825805664,
      15.5786771774292,
      55.2498664855957,
      50.7498893737793,
      64.85350799560547,
      57.509124755859375,
      72.68717956542969,
      56.940181732177734,
      80.99472045898438,
      64.30313873291016,
      96.80899810791016,
      59.229759216308594,
      58.71544647216797,
      34.381710052490234,
      24.594083786010742,
      17.484079360961914,
      1.3941841125488281,
      1.169156551361084
    ],
    [
      19.093782424926758,
      9.166418075561523,
      33.045249938964844,
      29.36758804321289,
      39.719600677490234,
      33.99315643310547,
      44.84962463378906,
      34.518836975097656,
      50.84357452392578,
      40.5108757019043,
      59.229759216308594,
      40.63271713256836,
      41.256534576416016,
      25.750089645385742,
      18.44170379638672,
      13.403332710266113,
      0.9987500309944153,
      0.8706895709037781
    ],
    [
      19.889699935913086,
      8.085922241210938,
      32.61651611328125,
      28.300888061523438,
      38.947532653808594,
      32.868350982666016,
      44.44410705566406,
      32.90983200073242,
      52.319244384765625,
      41.27153015136719,
      58.71544647216797,
      41.256534576416016,
      46.53844451904297,
      29.82170295715332,
      22.263416290283203,
      16.067678451538086,
      1.2621111869812012,
      1.0517423152923584
    ],
    [
      10.541943550109863,
      4.394511699676514,
      17.738296508789062,
      15.73486614227295,
      21.476425170898438,
      18.08057403564453,
      25.499874114990234,
      18.63101577758789,
      30.76616668701172,
      24.321739196777344,
      34.381710052490234,
      25.750089645385742,
      29.82170295715332,
      20.35560417175293,
      15.409479141235352,
      11.431705474853516,
      0.8565557599067688,
      0.7487830519676208
    ],
    [
      6.747099876403809,
      2.3100504875183105,
      12.816731452941895,
      11.374195098876953,
      14.96494197845459,
      12.4970064163208,
      17.971622467041016,
      12.743664741516113,
      21.27451515197754,
      16.58849334716797,
      24.594083786010742,
      18.44170379638672,
      22.263416290283203,
      15.409479141235352,
      12.466012001037598,
      9.273422241210938,
      0.7356246113777161,
      0.6235365271568298
    ],
    [
      4.840122699737549,
      1.7189946174621582,
      8.756372451782227,
      7.92998743057251,
      10.368880271911621,
      8.71320915222168,
      12.672898292541504,
      8.971565246582031,
      14.835280418395996,
      11.572189331054688,
      17.484079360961914,
      13.403332710266113,
      16.067678451538086,
      11.431705474853516,
      9.273422241210938,
      7.087145805358887,
      0.5258610248565674,
      0.4735337197780609
    ],
    [
      0.22869908809661865,
      0.061741024255752563,
      0.6842163801193237,
      0.6689173579216003,
      0.7510371208190918,
      0.6667199730873108,
      0.9340347647666931,
      0.6731826663017273,
      1.1809931993484497,
      0.9368930459022522,
      1.3941841125488281,
      0.9987500309944153,
      1.2621111869812012,
      0.8565557599067688,
      0.7356246113777161,
      0.5258610248565674,
      0.059284184128046036,
      0.044916652143001556
    ],
    [
      0.23785021901130676,
      0.1174021065235138,
      0.5355724096298218,
      0.58771151304245,
      0.6214621067047119,
      0.5956128835678101,
      0.7767501473426819,
      0.584747850894928,
      0.950413167476654,
      0.7724834680557251,
      1.169156551361084,
      0.8706895709037781,
      1.0517423152923584,
      0.7487830519676208,
      0.6235365271568298,
      0.4735337197780609,
      0.044916652143001556,
      0.04039580747485161
    ]
  ],
  "covariance_short": [
    [
      102.51241302490234,
      39.141719818115234,
      38.78780746459961,
      22.00897979736328,
      18.847381591796875,
      16.998680114746094,
      21.022560119628906,
      14.289937019348145,
      17.93049430847168,
      10.384283065795898,
      28.013086318969727,
      14.255691528320312,
      12.840449333190918,
      5.485949993133545,
      2.2193520069122314,
      1.437205195426941,
      -0.024946460500359535,
      0.029128776863217354
    ],
    [
      39.141719818115234,
      39.650081634521484,
      12.825674057006836,
      19.26283836364746,
      5.696944713592529,
      13.356996536254883,
      7.2282633781433105,
      10.3148193359375,
      6.151751518249512,
      7.552774429321289,
      11.164629936218262,
      5.571794509887695,
      3.7822301387786865,
      1.5720285177230835,
      0.34629589319229126,
      0.27368950843811035,
      -0.03627823293209076,
      0.023359157145023346
    ],
    [
      38.78780746459961,
      12.825674057006836,
      71.35201263427734,
      43.99753952026367,
      52.37550354003906,
      40.69741439819336,
      42.70974349975586,
      33.1404914855957,
      46.08598709106445,
      33.20952224731445,
      53.64865493774414,
      30.049697875976562,
      28.053001403808594,
      13.667923927307129,
      9.1934175491333,
      5.782015800476074,
      0.6545424461364746,
      0.4893089830875397
    ],
    [
      22.00897979736328,
      19.26283836364746,
      43.99753952026367,
      65.39629364013672,
      44.991939544677734,
      54.400760650634766,
      37.532379150390625,
      40.29170227050781,
      40.96542739868164,
      37.8094482421875,
      45.956233978271484,
      25.040098190307617,
      22.654403686523438,
      11.103874206542969,
      7.429388046264648,
      4.715965270996094,
      0.5400151610374451,
      0.4518641233444214
    ],
    [
      18.847381591796875,
      5.696944713592529,
      52.37550354003906,
      44.991939544677734,
      82.60138702392578,
      57.91136169433594,
      72.63605499267578,
      55.011775970458984,
      77.10779571533203,
      55.125526428222656,
      61.7220344543457,
      35.5247688293457,
      32.815155029296875,
      15.95706844329834,
      10.269763946533203,
      6.467445373535156,
      0.6776053309440613,
      0.5390137434005737
    ],
    [
      16.998680114746094,
      13.356996536254883,
      40.69741439819336,
      54.400760650634766,
      57.91136169433594,
      66.57073211669922,
      53.03984451293945,
      52.33489227294922,
      55.19514083862305,
      48.02632141113281,
      53.11429977416992,
      29.56531524658203,
      27.050214767456055,
      12.964788436889648,
      8.167516708374023,
      5.17079496383667,
      0.5455585718154907,
      0.4650064706802368
    ],
    [
      21.022560119628906,
      7.2282633781433105,
      42.70974349975586,
      37.532379150390625,
      72.63605499267578,
      53.03984451293945,
      92.66947937011719,
      61.41237258911133,
      89.20836639404297,
      60.90230941772461,
      67.89820861816406,
      39.94731903076172,
      38.02097702026367,
      19.487638473510742,
      12.730286598205566,
      8.22804069519043,
      0.9180892705917358,
      0.7333701848983765
    ],
    [
      14.289937019348145,
      10.3148193359375,
      33.1404914855957,
      40.29170227050781,
      55.011775970458984,
      52.33489227294922,
      61.41237258911133,
      57.0380744934082,
      63.389984130859375,
      50.24468231201172,
      54.83515548706055,
      31.171958923339844,
      28.520639419555664,
      14.144416809082031,
      8.815905570983887,
      5.644286155700684,
      0.6093924045562744,
      0.5185036063194275
    ],
    [
      17.93049430847168,
      6.151751518249512,
      46.08598709106445,
      40.96542739868164,
      77.10779571533203,
      55.19514083862305,
      89.20836639404297,
      63.389984130859375,
      108.65656280517578,
      71.77467346191406,
      76.22650909423828,
      44.63663101196289,
      42.92240524291992,
      22.681884765625,
      14.703498840332031,
      9.63360595703125,
      1.1610978841781616,
      0.9140797257423401
    ],
    [
      10.384283065795898,
      7.552774429321289,
      33.20952224731445,
      37.8094482421875,
      55.125526428222656,
      48.02632141113281,
      60.90230941772461,
      50.24468231201172,
      71.77467346191406,
      58.95424270629883,
      57.21831130981445,
      34.54375457763672,
      32.42981719970703,
      17.428524017333984,
      10.819103240966797,
      7.128207683563232,
      0.8717159628868103,
      0.6992760300636292
    ],
    [
      28.013086318969727,
      11.164629936218262,
      53.64865493774414,
      45.956233978271484,
      61.7220344543457,
      53.11429977416992,
      67.89820861816406,
      54.83515548706055,
      76.22650909423828,
      57.21831130981445,
      89.44293212890625,
      51.254913330078125,
      47.56138229370117,
      25.060321807861328,
      16.96739959716797,
      11.245976448059082,
      1.345216155052185,
      1.081876277923584
    ],
    [
      14.255691528320312,
      5.571794509887695,
      30.049697875976562,
      25.040098190307617,
      35.5247688293457,
      29.56531524658203,
      39.94731903076172,
      31.171958923339844,
      44.63663101196289,
      34.54375457763672,
      51.254913330078125,
      34.202327728271484,
      31.71839714050293,
      18.366512298583984,
      12.349227905273438,
      8.526432037353516,
      0.9796460270881653,
      0.8423202037811279
    ],
    [
      12.840449333190918,
      3.7822301387786865,
      28.053001403808594,
      22.654403686523438,
      32.815155029296875,
      27.050214767456055,
      38.02097702026367,
      28.520639419555664,
      42.92240524291992,
      32.42981719970703,
      47.56138229370117,
      31.71839714050293,
      34.356353759765625,
      20.244384765625,
      14.576374053955078,
      10.011131286621094,
      1.2286949157714844,
      1.001249074935913
    ],
    [
      5.485949993133545,
      1.5720285177230835,
      13.667923927307129,
      11.103874206542969,
      15.95706844329834,
      12.964788436889648,
      19.487638473510742,
      14.144416809082031,
      22.681884765625,
      17.428524017333984,
      25.060321807861328,
      18.366512298583984,
      20.244384765625,
      13.237015724182129,
      9.737625122070312,
      7.03701639175415,
      0.8598707914352417,
      0.7501711249351501
    ],
    [
      2.2193520069122314,
      0.34629589319229126,
      9.1934175491333,
      7.429388046264648,
      10.269763946533203,
      8.167516708374023,
      12.730286598205566,
      8.815905570983887,
      14.703498840332031,
      10.819103240966797,
      16.96739959716797,
      12.349227905273438,
      14.576374053955078,
      9.737625122070312,
      8.331493377685547,
      6.064184665679932,
      0.7917404174804688,
      0.6633104085922241
    ],
    [
      1.437205195426941,
      0.27368950843811035,
      5.782015800476074,
      4.715965270996094,
      6.467445373535156,
      5.17079496383667,
      8.22804069519043,
      5.644286155700684,
      9.63360595703125,
      7.128207683563232,
      11.245976448059082,
      8.526432037353516,
      10.011131286621094,
      7.03701639175415,
      6.064184665679932,
      4.642938137054443,
      0.5963370203971863,
      0.5397289991378784
    ],
    [
      -0.024946460500359535,
      -0.03627823293209076,
      0.6545424461364746,
      0.5400151610374451,
      0.6776053309440613,
      0.5455585718154907,
      0.9180892705917358,
      0.6093924045562744,
      1.1610978841781616,
      0.8717159628868103,
      1.345216155052185,
      0.9796460270881653,
      1.2286949157714844,
      0.8598707914352417,
      0.7917404174804688,
      0.5963370203971863,
      0.11333341151475906,
      0.09343364089727402
    ],
    [
      0.029128776863217354,
      0.023359157145023346,
      0.4893089830875397,
      0.4518641233444214,
      0.5390137434005737,
      0.4650064706802368,
      0.7333701848983765,
      0.5185036063194275,
      0.9140797257423401,
      0.6992760300636292,
      1.081876277923584,
      0.8423202037811279,
      1.001249074935913,
      0.7501711249351501,
      0.6633104085922241,
      0.5397289991378784,
      0.09343364089727402,
      0.09610410779714584
    ]
  ],
  "damage": -15.080429077148438,
  "diff_bandwidth": 486.1128234863281,
  "dissonance": 5.857474540572508,
  "drr": 6.848960876464844,
  "dynamics": 5.39544153213501,
  "format": 1245190,
  "frames": 1787840,
  "loudness": -23.4165096282959,
  "loudness_range": 19.525691986083984,
  "loudness_range_short": 21.942163467407227,
  "lowpass_true_peak_15khz": -4.983168125152588,
  "mastering3_acoustic_entropies": [
    {
      "acoustic_entropy": 6.1420440673828125,
      "acoustic_entropy_mono": 6.195334434509277,
      "band_eliminated_acoustic_entropies": [
        {
          "acoustic_entropy": 5.926144123077393,
          "acoustic_entropy_side": 6.142040729522705,
          "hz": 129.47220167065723
        },
        {
          "acoustic_entropy": 5.5045166015625,
          "acoustic_entropy_side": 6.141998767852783,
          "hz": 202.92927478742237
        },
        {
          "acoustic_entropy": 6.320319175720215,
          "acoustic_entropy_side": 6.1429057121276855,
          "hz": 282.89161906338205
        },
        {
          "acoustic_entropy": 6.402575492858887,
          "acoustic_entropy_side": 6.127833843231201,
          "hz": 369.9353335868758
        },
        {
          "acoustic_entropy": 6.191163063049316,
          "acoustic_entropy_side": 6.124912738800049,
          "hz": 464.6875360973435
        },
        {
          "acoustic_entropy": 6.2215352058410645,
          "acoustic_entropy_side": 6.143728256225586,
          "hz": 567.8308811364784
        },
        {
          "acoustic_entropy": 5.9421515464782715,
          "acoustic_entropy_side": 6.144162178039551,
          "hz": 680.1084783214808
        },
        {
          "acoustic_entropy": 6.266104698181152,
          "acoustic_entropy_side": 6.14774227142334,
          "hz": 802.3292461747484
        },
        {
          "acoustic_entropy": 6.183398246765137,
          "acoustic_entropy_side": 6.14454460144043,
          "hz": 935.3737400823702
        },
        {
          "acoustic_entropy": 6.176453113555908,
          "acoustic_entropy_side": 6.143793106079102,
          "hz": 1080.2004963696966
        },
        {
          "acoustic_entropy": 6.257110118865967,
          "acoustic_entropy_side": 6.142248153686523,
          "hz": 1237.8529382007157
        },
        {
          "acoustic_entropy": 6.115906238555908,
          "acoustic_entropy_side": 6.141409397125244,
          "hz": 1409.4668930556702
        },
        {
          "acoustic_entropy": 6.463534355163574,
          "acoustic_entropy_side": 6.176173686981201,
          "hz": 1596.2787759475705
        },
        {
          "acoustic_entropy": 6.028132915496826,
          "acoustic_entropy_side": 6.213895320892334,
          "hz": 1799.6344973346393
        },
        {
          "acoustic_entropy": 5.834850311279297,
          "acoustic_entropy_side": 6.139607906341553,
          "hz": 2020.9991599069049
        },
        {
          "acoustic_entropy": 6.175486087799072,
          "acoustic_entropy_side": 6.141717433929443,
          "hz": 2261.9676141086993
        },
        {
          "acoustic_entropy": 5.880424499511719,
          "acoustic_entropy_side": 6.143667221069336,
          "hz": 2524.2759484456974
        },
        {
          "acoustic_entropy": 6.155479431152344,
          "acoustic_entropy_side": 6.125836372375488,
          "hz": 2809.813997359896
        },
        {
          "acoustic_entropy": 6.09208869934082,
          "acoustic_entropy_side": 6.142793655395508,
          "hz": 3120.6389567871424
        },
        {
          "acoustic_entropy": 6.10245943069458,
          "acoustic_entropy_side": 6.141785621643066,
          "hz": 3458.990205492291
        },
        {
          "acoustic_entropy": 6.111810207366943,
          "acoustic_entropy_side": 6.14172887802124,
          "hz": 3827.305438964164
        },
        {
          "acoustic_entropy": 6.124579429626465,
          "acoustic_entropy_side": 6.141833782196045,
          "hz": 4228.238232109126
        },
        {
          "acoustic_entropy": 6.124407768249512,
          "acoustic_entropy_side": 6.141663551330566,
          "hz": 4664.6771572759235
        },
        {
          "acoustic_entropy": 6.13428258895874,
          "acoustic_entropy_side": 6.141787528991699,
          "hz": 5139.766595350093
        },
        {
          "acoustic_entropy": 6.129159450531006,
          "acoustic_entropy_side": 6.141632080078125,
          "hz": 5656.929389854203
        },
        {
          "acoustic_entropy": 6.135831832885742,
          "acoustic_entropy_side": 6.141835689544678,
          "hz": 6219.891507268283
        },
        {
          "acoustic_entropy": 6.140514373779297,
          "acoustic_entropy_side": 6.141953468322754,
          "hz": 6832.70888123896
        },
        {
          "acoustic_entropy": 6.141568660736084,
          "acoustic_entropy_side": 6.1420111656188965,
          "hz": 7499.796634079867
        },
        {
          "acoustic_entropy": 6.141880512237549,
          "acoustic_entropy_side": 6.142032146453857,
          "hz": 8225.96088609342
        },
        {
          "acoustic_entropy": 6.141898155212402,
          "acoustic_entropy_side": 6.142024993896484,
          "hz": 9016.43338188839
        },
        {
          "acoustic_entropy": 6.14189338684082,
          "acoustic_entropy_side": 6.14201545715332,
          "hz": 9876.909183162974
        },
        {
          "acoustic_entropy": 6.141956806182861,
          "acoustic_entropy_side": 6.14202880859375,
          "hz": 10813.587699516042
        },
        {
          "acoustic_entropy": 6.142025947570801,
          "acoustic_entropy_side": 6.142040729522705,
          "hz": 11833.21735289826
        },
        {
          "acoustic_entropy": 6.142042636871338,
          "acoustic_entropy_side": 6.1420440673828125,
          "hz": 12943.144197493959
        },
        {
          "acoustic_entropy": 6.142043113708496,
          "acoustic_entropy_side": 6.142043590545654,
          "hz": 14151.364845322005
        },
        {
          "acoustic_entropy": 6.1420440673828125,
          "acoustic_entropy_side": 6.1420440673828125,
          "hz": 15466.58407886509
        },
        {
          "acoustic_entropy": 6.1420440673828125,
          "acoustic_entropy_side": 6.1420440673828125,
          "hz": 16898.27756580493
        },
        {
          "acoustic_entropy": 6.1420440673828125,
          "acoustic_entropy_side": 6.1420440673828125,
          "hz": 18456.760127700032
        },
        {
          "acoustic_entropy": 6.1420440673828125,
          "acoustic_entropy_side": 6.1420440673828125,
          "hz": 20153.260054456492
        },
        {
          "acoustic_entropy": 6.1420440673828125,
          "acoustic_entropy_side": 6.1420440673828125,
          "hz": 22000.00000000001
        }
      ],
      "diff_acoustic_entropy": 2.899305582046509,
      "sn": 6
    },
    {
      "acoustic_entropy": 8.87094783782959,
      "acoustic_entropy_mono": 8.737524032592773,
      "band_eliminated_acoustic_entropies": [
        {
          "acoustic_entropy": 8.686290740966797,
          "acoustic_entropy_side": 8.870946884155273,
          "hz": 129.47220167065723
        },
        {
          "acoustic_entropy": 8.77304744720459,
          "acoustic_entropy_side": 8.871521949768066,
          "hz": 202.92927478742237
        },
        {
          "acoustic_entropy": 8.994349479675293,
          "acoustic_entropy_side": 8.891277313232422,
          "hz": 282.89161906338205
        },
        {
          "acoustic_entropy": 9.028789520263672,
          "acoustic_entropy_side": 8.893783569335938,
          "hz": 369.9353335868758
        },
        {
          "acoustic_entropy": 9.21652603149414,
          "acoustic_entropy_side": 8.849282264709473,
          "hz": 464.6875360973435
        },
        {
          "acoustic_entropy": 8.517836570739746,
          "acoustic_entropy_side": 8.884559631347656,
          "hz": 567.8308811364784
        },
        {
          "acoustic_entropy": 8.425708770751953,
          "acoustic_entropy_side": 8.888184547424316,
          "hz": 680.1084783214808
        },
        {
          "acoustic_entropy": 8.815467834472656,
          "acoustic_entropy_side": 8.907585144042969,
          "hz": 802.3292461747484
        },
        {
          "acoustic_entropy": 7.775160312652588,
          "acoustic_entropy_side": 8.861844062805176,
          "hz": 935.3737400823702
        },
        {
          "acoustic_entropy": 8.92258358001709,
          "acoustic_entropy_side": 8.866063117980957,
          "hz": 1080.2004963696966
        },
        {
          "acoustic_entropy": 8.69306755065918,
          "acoustic_entropy_side": 8.870893478393555,
          "hz": 1237.8529382007157
        },
        {
          "acoustic_entropy": 8.815620422363281,
          "acoustic_entropy_side": 8.860113143920898,
          "hz": 1409.4668930556702
        },
        {
          "acoustic_entropy": 9.023397445678711,
          "acoustic_entropy_side": 8.873719215393066,
          "hz": 1596.2787759475705
        },
        {
          "acoustic_entropy": 8.6005277633667,
          "acoustic_entropy_side": 8.883231163024902,
          "hz": 1799.6344973346393
        },
        {
          "acoustic_entropy": 8.98886775970459,
          "acoustic_entropy_side": 8.868997573852539,
          "hz": 2020.9991599069049
        },
        {
          "acoustic_entropy": 8.837549209594727,
          "acoustic_entropy_side": 8.868176460266113,
          "hz": 2261.9676141086993
        },
        {
          "acoustic_entropy": 8.837786674499512,
          "acoustic_entropy_side": 8.871319770812988,
          "hz": 2524.2759484456974
        },
        {
          "acoustic_entropy": 8.777457237243652,
          "acoustic_entropy_side": 8.82822322845459,
          "hz": 2809.813997359896
        },
        {
          "acoustic_entropy": 8.749835014343262,
          "acoustic_entropy_side": 8.811444282531738,
          "hz": 3120.6389567871424
        },
        {
          "acoustic_entropy": 8.790678024291992,
          "acoustic_entropy_side": 8.870240211486816,
          "hz": 3458.990205492291
        },
        {
          "acoustic_entropy": 8.74679183959961,
          "acoustic_entropy_side": 8.86412239074707,
          "hz": 3827.305438964164
        },
        {
          "acoustic_entropy": 8.790888786315918,
          "acoustic_entropy_side": 8.867654800415039,
          "hz": 4228.238232109126
        },
        {
          "acoustic_entropy": 8.807345390319824,
          "acoustic_entropy_side": 8.867938041687012,
          "hz": 4664.6771572759235
        },
        {
          "acoustic_entropy": 8.78530502319336,
          "acoustic_entropy_side": 8.866342544555664,
          "hz": 5139.766595350093
        },
        {
          "acoustic_entropy": 8.811591148376465,
          "acoustic_entropy_side": 8.86829662322998,
          "hz": 5656.929389854203
        },
        {
          "acoustic_entropy": 8.826279640197754,
          "acoustic_entropy_side": 8.869860649108887,
          "hz": 6219.891507268283
        },
        {
          "acoustic_entropy": 8.849438667297363,
          "acoustic_entropy_side": 8.869335174560547,
          "hz": 6832.70888123896
        },
        {
          "acoustic_entropy": 8.865556716918945,
          "acoustic_entropy_side": 8.870609283447266,
          "hz": 7499.796634079867
        },
        {
          "acoustic_entropy": 8.869186401367188,
          "acoustic_entropy_side": 8.870840072631836,
          "hz": 8225.96088609342
        },
        {
          "acoustic_entropy": 8.869377136230469,
          "acoustic_entropy_side": 8.870802879333496,
          "hz": 9016.43338188839
        },
        {
          "acoustic_entropy": 8.867794036865234,
          "acoustic_entropy_side": 8.870464324951172,
          "hz": 9876.909183162974
        },
        {
          "acoustic_entropy": 8.87031364440918,
          "acoustic_entropy_side": 8.87088680267334,
          "hz": 10813.587699516042
        },
        {
          "acoustic_entropy": 8.870811462402344,
          "acoustic_entropy_side": 8.87093448638916,
          "hz": 11833.21735289826
        },
        {
          "acoustic_entropy": 8.870911598205566,
          "acoustic_entropy_side": 8.870936393737793,
          "hz": 12943.144197493959
        },
        {
          "acoustic_entropy": 8.870943069458008,
          "acoustic_entropy_side": 8.870945930480957,
          "hz": 14151.364845322005
        },
        {
          "acoustic_entropy": 8.870946884155273,
          "acoustic_entropy_side": 8.870946884155273,
          "hz": 15466.58407886509
        },
        {
          "acoustic_entropy": 8.87094783782959,
          "acoustic_entropy_side": 8.87094783782959,
          "hz": 16898.27756580493
        },
        {
          "acoustic_entropy": 8.87094783782959,
          "acoustic_entropy_side": 8.87094783782959,
          "hz": 18456.760127700032
        },
        {
          "acoustic_entropy": 8.87094783782959,
          "acoustic_entropy_side": 8.87094783782959,
          "hz": 20153.260054456492
        },
        {
          "acoustic_entropy": 8.87094783782959,
          "acoustic_entropy_side": 8.87094783782959,
          "hz": 22000.00000000001
        }
      ],
      "diff_acoustic_entropy": 4.403491497039795,
      "sn": 12
    },
    {
      "acoustic_entropy": 12.858060836791992,
      "acoustic_entropy_mono": 12.410490036010742,
      "band_eliminated_acoustic_entropies": [
        {
          "acoustic_entropy": 12.83098030090332,
          "acoustic_entropy_side": 12.862622261047363,
          "hz": 129.47220167065723
        },
        {
          "acoustic_entropy": 13.457167625427246,
          "acoustic_entropy_side": 13.039835929870605,
          "hz": 202.92927478742237
        },
        {
          "acoustic_entropy": 13.23098087310791,
          "acoustic_entropy_side": 13.302162170410156,
          "hz": 282.89161906338205
        },
        {
          "acoustic_entropy": 12.995662689208984,
          "acoustic_entropy_side": 12.952629089355469,
          "hz": 369.9353335868758
        },
        {
          "acoustic_entropy": 12.747830390930176,
          "acoustic_entropy_side": 13.002614974975586,
          "hz": 464.6875360973435
        },
        {
          "acoustic_entropy": 12.564937591552734,
          "acoustic_entropy_side": 13.066707611083984,
          "hz": 567.8308811364784
        },
        {
          "acoustic_entropy": 12.731094360351562,
          "acoustic_entropy_side": 12.792521476745605,
          "hz": 680.1084783214808
        },
        {
          "acoustic_entropy": 12.420489311218262,
          "acoustic_entropy_side": 12.867016792297363,
          "hz": 802.3292461747484
        },
        {
          "acoustic_entropy": 12.886772155761719,
          "acoustic_entropy_side": 13.0516939163208,
          "hz": 935.3737400823702
        },
        {
          "acoustic_entropy": 12.485638618469238,
          "acoustic_entropy_side": 12.90395450592041,
          "hz": 1080.2004963696966
        },
        {
          "acoustic_entropy": 13.195016860961914,
          "acoustic_entropy_side": 12.927172660827637,
          "hz": 1237.8529382007157
        },
        {
          "acoustic_entropy": 13.465898513793945,
          "acoustic_entropy_side": 13.180071830749512,
          "hz": 1409.4668930556702
        },
        {
          "acoustic_entropy": 13.195873260498047,
          "acoustic_entropy_side": 12.5557279586792,
          "hz": 1596.2787759475705
        },
        {
          "acoustic_entropy": 13.341985702514648,
          "acoustic_entropy_side": 12.809314727783203,
          "hz": 1799.6344973346393
        },
        {
          "acoustic_entropy": 12.800186157226562,
          "acoustic_entropy_side": 13.220577239990234,
          "hz": 2020.9991599069049
        },
        {
          "acoustic_entropy": 13.065630912780762,
          "acoustic_entropy_side": 12.894159317016602,
          "hz": 2261.9676141086993
        },
        {
          "acoustic_entropy": 12.740346908569336,
          "acoustic_entropy_side": 12.928601264953613,
          "hz": 2524.2759484456974
        },
        {
          "acoustic_entropy": 13.423744201660156,
          "acoustic_entropy_side": 13.011778831481934,
          "hz": 2809.813997359896
        },
        {
          "acoustic_entropy": 12.788047790527344,
          "acoustic_entropy_side": 12.799601554870605,
          "hz": 3120.6389567871424
        },
        {
