{
  "acoustic_entropy": 235.30514526367188,
  "bands": [
    {
      "high_freq": 148.1999969482422,
      "loudness": -24.130508422851562,
      "loudness_range": 8.09061050415039,
      "mid_mean": -20.5008602142334,
      "mid_to_side_loudness": -22.78695297241211,
      "mid_to_side_loudness_range": 28.674272537231445,
      "side_mean": -46.319400787353516
    },
    {
      "high_freq": 392.3793640136719,
      "loudness": -24.70804214477539,
      "loudness_range": 11.183380126953125,
      "low_freq": 148.1999969482422,
      "mid_mean": -22.220712661743164,
      "mid_to_side_loudness": -6.227210521697998,
      "mid_to_side_loudness_range": 11.133759498596191,
      "side_mean": -28.525423049926758
    },
    {
      "high_freq": 794.6976318359375,
      "loudness": -24.494794845581055,
      "loudness_range": 11.260921478271484,
      "low_freq": 392.3793640136719,
      "mid_mean": -22.13344383239746,
      "mid_to_side_loudness": -5.729249954223633,
      "mid_to_side_loudness_range": 12.710293769836426,
      "side_mean": -28.095233917236328
    },
    {
      "high_freq": 1457.5709228515625,
      "loudness": -26.31669807434082,
      "loudness_range": 18.013118743896484,
      "low_freq": 794.6976318359375,
      "mid_mean": -23.828908920288086,
      "mid_to_side_loudness": -6.77202033996582,
      "mid_to_side_loudness_range": 15.503293991088867,
      "side_mean": -30.81584930419922
    },
    {
      "high_freq": 2549.74365234375,
      "loudness": -29.504451751708984,
      "loudness_range": 15.487541198730469,
      "low_freq": 1457.5709228515625,
      "mid_mean": -27.12847328186035,
      "mid_to_side_loudness": -5.738678932189941,
      "mid_to_side_loudness_range": 11.481563568115234,
      "side_mean": -32.923221588134766
    },
    {
      "high_freq": 4349.24462890625,
      "loudness": -32.326595306396484,
      "loudness_range": 19.213674545288086,
      "low_freq": 2549.74365234375,
      "mid_mean": -29.86485481262207,
      "mid_to_side_loudness": -5.8312883377075195,
      "mid_to_side_loudness_range": 10.638179779052734,
      "side_mean": -36.0308837890625
    },
    {
      "high_freq": 7314.1640625,
      "loudness": -36.583072662353516,
      "loudness_range": 15.702980041503906,
      "low_freq": 4349.24462890625,
      "mid_mean": -34.35558319091797,
      "mid_to_side_loudness": -5.172664642333984,
      "mid_to_side_loudness_range": 10.856579780578613,
      "side_mean": -39.80434036254883
    },
    {
      "high_freq": 12199.2666015625,
      "loudness": -37.06430435180664,
      "loudness_range": 13.61945915222168,
      "low_freq": 7314.1640625,
      "mid_mean": -34.6193733215332,
      "mid_to_side_loudness": -5.495671272277832,
      "mid_to_side_loudness_range": 9.611366271972656,
      "side_mean": -40.42652130126953
    },
    {
      "loudness": -44.215660095214844,
      "loudness_range": 13.750343322753906,
      "low_freq": 12199.2666015625,
      "mid_mean": -42.04844284057617,
      "mid_to_side_loudness": -4.416970729827881,
      "mid_to_side_loudness_range": 8.595353126525879,
      "side_mean": -46.512203216552734
    }
  ],
  "bands_short": [
    {
      "high_freq": 148.1999969482422,
      "loudness": -25.633682250976562,
      "loudness_range": 10.034976959228516,
      "mid_mean": -22.026695251464844,
      "mid_to_side_loudness": -23.973974227905273,
      "mid_to_side_loudness_range": 31.702850341796875,
      "side_mean": -49.46238327026367
    },
    {
      "high_freq": 392.3793640136719,
      "loudness": -24.878799438476562,
      "loudness_range": 12.370773315429688,
      "low_freq": 148.1999969482422,
      "mid_mean": -22.29596519470215,
      "mid_to_side_loudness": -7.1799468994140625,
      "mid_to_side_loudness_range": 14.083813667297363,
      "side_mean": -29.43221664428711
    },
    {
      "high_freq": 794.6976318359375,
      "loudness": -24.672401428222656,
      "loudness_range": 12.449155807495117,
      "low_freq": 392.3793640136719,
      "mid_mean": -22.4871883392334,
      "mid_to_side_loudness": -5.616529941558838,
      "mid_to_side_loudness_range": 14.951505661010742,
      "side_mean": -28.320087432861328
    },
    {
      "high_freq": 1457.5709228515625,
      "loudness": -26.420007705688477,
      "loudness_range": 18.926666259765625,
      "low_freq": 794.6976318359375,
      "mid_mean": -24.09465789794922,
      "mid_to_side_loudness": -6.622177600860596,
      "mid_to_side_loudness_range": 17.674638748168945,
      "side_mean": -30.936777114868164
    },
    {
      "high_freq": 2549.74365234375,
      "loudness": -30.03183364868164,
      "loudness_range": 16.597434997558594,
      "low_freq": 1457.5709228515625,
      "mid_mean": -27.829992294311523,
      "mid_to_side_loudness": -5.512419700622559,
      "mid_to_side_loudness_range": 13.572139739990234,
      "side_mean": -33.415340423583984
    },
    {
      "high_freq": 4349.24462890625,
      "loudness": -32.953529357910156,
      "loudness_range": 20.616779327392578,
      "low_freq": 2549.74365234375,
      "mid_mean": -30.67054557800293,
      "mid_to_side_loudness": -5.570728778839111,
      "mid_to_side_loudness_range": 12.332676887512207,
      "side_mean": -36.57415771484375
    },
    {
      "high_freq": 7314.1640625,
      "loudness": -37.669681549072266,
      "loudness_range": 18.47844123840332,
      "low_freq": 4349.24462890625,
      "mid_mean": -35.60306167602539,
      "mid_to_side_loudness": -4.811511516571045,
      "mid_to_side_loudness_range": 12.044500350952148,
      "side_mean": -40.69129180908203
    },
    {
      "high_freq": 12199.2666015625,
      "loudness": -40.271942138671875,
      "loudness_range": 22.382230758666992,
      "low_freq": 7314.1640625,
      "mid_mean": -38.02252960205078,
      "mid_to_side_loudness": -5.2344160079956055,
      "mid_to_side_loudness_range": 12.099064826965332,
      "side_mean": -43.503360748291016
    },
    {
      "loudness": -47.84633255004883,
      "loudness_range": 22.34716033935547,
      "low_freq": 12199.2666015625,
      "mid_mean": -46.004276275634766,
      "mid_to_side_loudness": -4.5024824142456055,
      "mid_to_side_loudness_range": 11.583550453186035,
      "side_mean": -51.00747299194336
    }
  ],
  "bandwidth": 613.2977905273438,
  "channels": 2,
  "covariance": [
    [
      11.504110336303711,
      5.943463325500488,
      1.8427352905273438,
      2.0811400413513184,
      -0.8264977931976318,
      0.32563352584838867,
      -4.74614143371582,
      -1.1685394048690796,
      -2.7108402252197266,
      -0.6327752470970154,
      -1.9043450355529785,
      -0.376284658908844,
      -0.5236501693725586,
      0.5206838250160217,
      1.672434687614441,
      1.082395076751709,
      0.7938330769538879,
      0.08002304285764694
    ],
    [
      5.943463325500488,
      55.16103744506836,
      10.615823745727539,
      9.634395599365234,
      8.287373542785645,
      5.489814281463623,
      6.954093933105469,
      5.470593452453613,
      9.402517318725586,
      7.850861549377441,
      10.519387245178223,
      15.138446807861328,
      11.904144287109375,
      21.359651565551758,
      12.325846672058105,
      18.634191513061523,
      12.959638595581055,
      16.03096580505371
    ],
    [
      1.8427352905273438,
      10.615823745727539,
      20.196809768676758,
      7.947403430938721,
      7.692043781280518,
      2.4991986751556396,
      3.0399885177612305,
      1.3940036296844482,
      5.363931179046631,
      3.032465696334839,
      7.55550479888916,
      7.536483287811279,
      6.3631062507629395,
      8.293354034423828,
      7.994452476501465,
      8.22339916229248,
      7.346741676330566,
      6.393755912780762
    ],
    [
      2.0811400413513184,
      9.634395599365234,
      7.947403430938721,
      12.345351219177246,
      3.339369058609009,
      4.096975803375244,
      -0.14558541774749756,
      3.1780855655670166,
      0.6148896813392639,
      2.934690475463867,
      3.0052003860473633,
      6.302382946014404,
      4.370225429534912,
      9.453787803649902,
      5.7734880447387695,
      8.769100189208984,
      5.697729587554932,
      7.78929328918457
    ],
    [
      -0.8264977931976318,
      8.287373542785645,
      7.692043781280518,
      3.339369058609009,
      20.989646911621094,
      5.995779991149902,
      11.264480590820312,
      3.4869000911712646,
      11.296142578125,
      3.9590275287628174,
      9.286065101623535,
      5.550130844116211,
      5.367785930633545,
      5.080378532409668,
      4.192541599273682,
      3.5056769847869873,
      4.226877689361572,
      3.97331166267395
    ],
    [
      0.32563352584838867,
      5.489814281463623,
      2.4991986751556396,
      4.096975803375244,
      5.995779991149902,
      12.423810005187988,
      -0.024796662852168083,
      5.602288246154785,
      0.8342097997665405,
      3.7030012607574463,
      0.8991764187812805,
      3.3135838508605957,
      1.9828804731369019,
      5.157384395599365,
      2.12893009185791,
      3.9702608585357666,
      2.4130287170410156,
      5.359569549560547
    ],
    [
      -4.74614143371582,
      6.954093933105469,
      3.0399885177612305,
      -0.14558541774749756,
      11.264480590820312,
      -0.024796662852168083,
      42.93424987792969,
      14.015398979187012,
      28.2816219329834,
      12.387150764465332,
      19.24335479736328,
      14.430670738220215,
      13.25259780883789,
      11.887763023376465,
      3.8474581241607666,
      4.656045436859131,
      5.923271179199219,
      5.391788005828857
    ],
    [
      -1.1685394048690796,
      5.470593452453613,
      1.3940036296844482,
      3.1780855655670166,
      3.4869000911712646,
      5.602288246154785,
      14.015398979187012,
      16.226619720458984,
      10.82708740234375,
      11.35512638092041,
      10.28630542755127,
      12.311311721801758,
      8.63589859008789,
      11.902901649475098,
      3.173424243927002,
      6.192894458770752,
      4.398894786834717,
      7.950283050537109
    ],
    [
      -2.7108402252197266,
      9.402517318725586,
      5.363931179046631,
      0.6148896813392639,
      11.296142578125,
      0.8342097997665405,
      28.2816219329834,
      10.82708740234375,
      34.64231872558594,
      18.329498291015625,
      25.851442337036133,
      18.842552185058594,
      18.97214126586914,
      16.43817138671875,
      7.1962175369262695,
      7.1140265464782715,
      8.662760734558105,
      8.242823600769043
    ],
    [
      -0.6327752470970154,
      7.850861549377441,
      3.032465696334839,
      2.934690475463867,
      3.9590275287628174,
      3.7030012607574463,
      12.387150764465332,
      11.35512638092041,
      18.329498291015625,
      20.018264770507812,
      17.247106552124023,
      18.63141441345215,
      14.692986488342285,
      18.26270866394043,
      5.954341888427734,
      9.110990524291992,
      7.382117748260498,
      11.453012466430664
    ],
    [
      -1.9043450355529785,
      10.519387245178223,
      7.55550479888916,
      3.0052003860473633,
      9.286065101623535,
      0.8991764187812805,
      19.24335479736328,
      10.28630542755127,
      25.851442337036133,
      17.247106552124023,
      45.84126663208008,
      30.513940811157227,
      31.098848342895508,
      23.780628204345703,
      14.178237915039062,
      11.827549934387207,
      12.3193941116333,
      11.400924682617188
    ],
    [
      -0.376284658908844,
      15.138446807861328,
      7.536483287811279,
      6.302382946014404,
      5.550130844116211,
      3.3135838508605957,
      14.430670738220215,
      12.311311721801758,
      18.842552185058594,
      18.63141441345215,
      30.513940811157227,
      35.51762390136719,
      23.19654083251953,
      30.6220645904541,
      11.787747383117676,
      18.250036239624023,
      12.73074722290039,
      15.746414184570312
    ],
    [
      -0.5236501693725586,
      11.904144287109375,
      6.3631062507629395,
      4.370225429534912,
      5.367785930633545,
      1.9828804731369019,
      13.25259780883789,
      8.63589859008789,
      18.97214126586914,
      14.692986488342285,
      31.098848342895508,
      23.19654083251953,
      34.424285888671875,
      27.05332374572754,
      19.934539794921875,
      18.316020965576172,
      17.621341705322266,
      17.50143051147461
    ],
    [
      0.5206838250160217,
      21.359651565551758,
      8.293354034423828,
      9.453787803649902,
      5.080378532409668,
      5.157384395599365,
      11.887763023376465,
      11.902901649475098,
      16.43817138671875,
      18.26270866394043,
      23.780628204345703,
      30.6220645904541,
      27.05332374572754,
      40.688358306884766,
      17.10737419128418,
      27.862056732177734,
      19.051082611083984,
      26.659318923950195
    ],
    [
      1.672434687614441,
      12.325846672058105,
      7.994452476501465,
      5.7734880447387695,
      4.192541599273682,
      2.12893009185791,
      3.8474581241607666,
      3.173424243927002,
      7.1962175369262695,
      5.954341888427734,
      14.178237915039062,
      11.787747383117676,
      19.934539794921875,
      17.10737419128418,
      26.02133560180664,
      21.128759384155273,
      21.365779876708984,
      19.573575973510742
    ],
    [
      1.082395076751709,
      18.634191513061523,
      8.22339916229248,
      8.769100189208984,
      3.5056769847869873,
      3.9702608585357666,
      4.656045436859131,
      6.192894458770752,
      7.1140265464782715,
      9.110990524291992,
      11.827549934387207,
      18.250036239624023,
      18.316020965576172,
      27.862056732177734,
      21.128759384155273,
      31.96728515625,
      22.94840431213379,
      29.538814544677734
    ],
    [
      0.7938330769538879,
      12.959638595581055,
      7.346741676330566,
      5.697729587554932,
      4.226877689361572,
      2.4130287170410156,
      5.923271179199219,
      4.398894786834717,
      8.662760734558105,
      7.382117748260498,
      12.3193941116333,
      12.73074722290039,
      17.621341705322266,
      19.051082611083984,
      21.365779876708984,
      22.94840431213379,
      23.84964370727539,
      25.091907501220703
    ],
    [
      0.08002304285764694,
      16.03096580505371,
      6.393755912780762,
      7.78929328918457,
      3.97331166267395,
      5.359569549560547,
      5.391788005828857,
      7.950283050537109,
      8.242823600769043,
      11.453012466430664,
      11.400924682617188,
      15.746414184570312,
      17.50143051147461,
      26.659318923950195,
      19.573575973510742,
      29.538814544677734,
      25.091907501220703,
      36.79312515258789
    ]
  ],
  "covariance_short": [
    [
      19.993623733520508,
      7.721649169921875,
      5.1533331871032715,
      2.219810962677002,
      -0.17241977155208588,
      0.3706328868865967,
      -4.877329349517822,
      -1.51993727684021,
      -2.7259573936462402,
      -0.6627991795539856,
      -1.7622168064117432,
      -0.2632729411125183,
      0.22491249442100525,
      1.5237061977386475,
      2.6617207527160645,
      3.282849073410034,
      1.7970772981643677,
      3.39613676071167
    ],
    [
      7.721649169921875,
      60.16122817993164,
      16.418533325195312,
      11.820134162902832,
      9.432331085205078,
      5.874573230743408,
      10.518331527709961,
      7.7382965087890625,
      12.091517448425293,
      9.491270065307617,
      13.962934494018555,
      16.467439651489258,
      15.82136058807373,
      23.22490692138672,
      16.985082626342773,
      22.106340408325195,
      15.407631874084473,
      22.07461166381836
    ],
    [
      5.1533331871032715,
      16.418533325195312,
      24.551546096801758,
      8.585067749023438,
      7.585762023925781,
      4.053702354431152,
      2.9259815216064453,
      2.511845350265503,
      4.511153221130371,
      3.362562656402588,
      8.057598114013672,
      9.262528419494629,
      7.498289585113525,
      10.320361137390137,
      10.484426498413086,
      10.159476280212402,
      8.251951217651367,
      9.060310363769531
    ],
    [
      2.219810962677002,
      11.820134162902832,
      8.585067749023438,
      17.640592575073242,
      3.8502004146575928,
      6.0511345863342285,
      -0.2601577341556549,
      3.9171760082244873,
      0.4203200042247772,
      3.090834856033325,
      2.774407148361206,
      6.959710597991943,
      4.976661205291748,
      10.789523124694824,
      7.281136512756348,
      11.396958351135254,
      5.9605865478515625,
      9.445995330810547
    ],
    [
      -0.17241977155208588,
      9.432331085205078,
      7.585762023925781,
      3.8502004146575928,
      26.42931365966797,
      7.126240253448486,
      12.154064178466797,
      3.715923547744751,
      12.065488815307617,
      4.461198806762695,
      12.417160987854004,
      7.005980014801025,
      8.264458656311035,
      6.381547927856445,
      9.33285140991211,
      6.03579568862915,
      9.027901649475098,
      5.178668022155762
    ],
    [
      0.3706328868865967,
      5.874573230743408,
      4.053702354431152,
      6.0511345863342285,
      7.126240253448486,
      16.570938110351562,
      0.35103991627693176,
      5.872340202331543,
      1.4129574298858643,
      4.452221870422363,
      2.279876708984375,
      4.898721694946289,
      3.369612693786621,
      6.991347789764404,
      4.881181240081787,
      8.740314483642578,
      5.940627098083496,
      10.781055450439453
    ],
    [
      -4.877329349517822,
      10.518331527709961,
      2.9259815216064453,
      -0.2601577341556549,
      12.154064178466797,
      0.35103991627693176,
      48.77384567260742,
      14.790177345275879,
      30.843074798583984,
      12.4221773147583,
      21.62468147277832,
      14.388644218444824,
      16.769102096557617,
      11.573513984680176,
      8.923446655273438,
      4.798765659332275,
      11.496354103088379,
      4.696967124938965
    ],
    [
      -1.51993727684021,
      7.7382965087890625,
      2.511845350265503,
      3.9171760082244873,
      3.715923547744751,
      5.872340202331543,
      14.790177345275879,
      20.103012084960938,
      11.722833633422852,
      12.153006553649902,
      11.163631439208984,
      13.238826751708984,
      10.442588806152344,
      13.60669231414795,
      6.757132053375244,
      10.271844863891602,
      8.878933906555176,
      11.993891716003418
    ],
    [
      -2.7259573936462402,
      12.091517448425293,
      4.511153221130371,
      0.4203200042247772,
      12.065488815307617,
      1.4129574298858643,
      30.843074798583984,
      11.722833633422852,
      40.703941345214844,
      20.041889190673828,
      29.83941078186035,
      20.406509399414062,
      23.792999267578125,
      17.937410354614258,
      15.290338516235352,
      10.750218391418457,
      16.540407180786133,
      11.375740051269531
    ],
    [
      -0.6627991795539856,
      9.491270065307617,
      3.362562656402588,
      3.090834856033325,
      4.461198806762695,
      4.452221870422363,
      12.4221773147583,
      12.153006553649902,
      20.041889190673828,
      24.137605667114258,
      19.53801155090332,
      20.54812240600586,
      17.54155731201172,
      20.96124839782715,
      11.410269737243652,
      15.038141250610352,
      13.006149291992188,
      16.930830001831055
    ],
    [
      -1.7622168064117432,
      13.962934494018555,
      8.057598114013672,
      2.774407148361206,
      12.417160987854004,
      2.279876708984375,
      21.62468147277832,
      11.163631439208984,
      29.83941078186035,
      19.53801155090332,
      54.35650634765625,
      34.67399978637695,
      38.426856994628906,
      28.48343276977539,
      26.323505401611328,
      18.996204376220703,
      22.432167053222656,
      16.376388549804688
    ],
    [
      -0.2632729411125183,
      16.467439651489258,
      9.262528419494629,
      6.959710597991943,
      7.005980014801025,
      4.898721694946289,
      14.388644218444824,
      13.238826751708984,
      20.406509399414062,
      20.54812240600586,
      34.67399978637695,
      40.7100944519043,
      29.217884063720703,
      35.40948486328125,
      21.814538955688477,
      25.478796005249023,
      18.309911727905273,
      20.69437599182129
    ],
    [
      0.22491249442100525,
      15.82136058807373,
      7.498289585113525,
      4.976661205291748,
      8.264458656311035,
      3.369612693786621,
      16.769102096557617,
      10.442588806152344,
      23.792999267578125,
      17.54155731201172,
      38.426856994628906,
      29.217884063720703,
      47.4650764465332,
      36.555110931396484,
      37.55715560913086,
      32.98476028442383,
      33.41166687011719,
      30.331010818481445
    ],
    [
      1.5237061977386475,
      23.22490692138672,
      10.320361137390137,
      10.789523124694824,
      6.381547927856445,
      6.991347789764404,
      11.573513984680176,
      13.60669231414795,
      17.937410354614258,
      20.96124839782715,
      28.48343276977539,
      35.40948486328125,
      36.555110931396484,
      51.36640167236328,
      32.56573486328125,
      43.474056243896484,
      30.120317459106445,
      39.65108108520508
    ],
    [
      2.6617207527160645,
      16.985082626342773,
      10.484426498413086,
      7.281136512756348,
      9.33285140991211,
      4.881181240081787,
      8.923446655273438,
      6.757132053375244,
      15.290338516235352,
      11.410269737243652,
      26.323505401611328,
      21.814538955688477,
      37.55715560913086,
      32.56573486328125,
      58.551025390625,
      49.18698501586914,
      50.8479118347168,
      46.18479919433594
    ],
    [
      3.282849073410034,
      22.106340408325195,
      10.159476280212402,
      11.396958351135254,
      6.03579568862915,
      8.740314483642578,
      4.798765659332275,
      10.271844863891602,
      10.750218391418457,
      15.038141250610352,
      18.996204376220703,
      25.478796005249023,
      32.98476028442383,
      43.474056243896484,
      49.18698501586914,
      63.114627838134766,
      48.468475341796875,
      60.14905548095703
    ],
    [
      1.7970772981643677,
      15.407631874084473,
      8.251951217651367,
      5.9605865478515625,
      9.027901649475098,
      5.940627098083496,
      11.496354103088379,
      8.878933906555176,
      16.540407180786133,
      13.006149291992188,
      22.432167053222656,
      18.309911727905273,
      33.41166687011719,
      30.120317459106445,
      50.8479118347168,
      48.468475341796875,
      58.96763229370117,
      56.065818786621094
    ],
    [
      3.39613676071167,
      22.07461166381836,
      9.060310363769531,
      9.445995330810547,
      5.178668022155762,
      10.781055450439453,
      4.696967124938965,
      11.993891716003418,
      11.375740051269531,
      16.930830001831055,
      16.376388549804688,
      20.69437599182129,
      30.331010818481445,
      39.65108108520508,
      46.18479919433594,
      60.14905548095703,
      56.065818786621094,
      80.36125946044922
    ]
  ],
  "damage": -8.235160827636719,
  "diff_bandwidth": 699.9503784179688,
  "dissonance": 6.6278744421974,
  "drr": 3.571432113647461,
  "dynamics": 3.0937540531158447,
  "format": 1245190,
  "frames": 13076480,
  "loudness": -13.822632789611816,
  "loudness_range": 8.797966957092285,
  "loudness_range_short": 9.544429779052734,
  "lowpass_true_peak_15khz": 0.2726452946662903,
  "mastering3_acoustic_entropies": [
    {
      "acoustic_entropy": 8.64976978302002,
      "acoustic_entropy_mono": 9.300415992736816,
      "band_eliminated_acoustic_entropies": [
        {
          "acoustic_entropy": 8.729464530944824,
          "acoustic_entropy_side": 8.649819374084473,
          "hz": 129.47220167065723
        },
        {
          "acoustic_entropy": 8.701333045959473,
          "acoustic_entropy_side": 8.649443626403809,
          "hz": 202.92927478742237
        },
        {
          "acoustic_entropy": 9.211935997009277,
          "acoustic_entropy_side": 8.651904106140137,
          "hz": 282.89161906338205
        },
        {
          "acoustic_entropy": 9.485213279724121,
          "acoustic_entropy_side": 8.743719100952148,
          "hz": 369.9353335868758
        },
        {
          "acoustic_entropy": 8.843817710876465,
          "acoustic_entropy_side": 8.66380786895752,
          "hz": 464.6875360973435
        },
        {
          "acoustic_entropy": 8.5366849899292,
          "acoustic_entropy_side": 8.770062446594238,
          "hz": 567.8308811364784
        },
        {
          "acoustic_entropy": 8.917171478271484,
          "acoustic_entropy_side": 9.008264541625977,
          "hz": 680.1084783214808
        },
        {
          "acoustic_entropy": 8.734667778015137,
          "acoustic_entropy_side": 8.707917213439941,
          "hz": 802.3292461747484
        },
        {
          "acoustic_entropy": 8.664011001586914,
          "acoustic_entropy_side": 8.548425674438477,
          "hz": 935.3737400823702
        },
        {
          "acoustic_entropy": 8.366376876831055,
          "acoustic_entropy_side": 8.937164306640625,
          "hz": 1080.2004963696966
        },
        {
          "acoustic_entropy": 8.335403442382812,
          "acoustic_entropy_side": 8.272010803222656,
          "hz": 1237.8529382007157
        },
        {
          "acoustic_entropy": 8.62424373626709,
          "acoustic_entropy_side": 8.684264183044434,
          "hz": 1409.4668930556702
        },
        {
          "acoustic_entropy": 8.084043502807617,
          "acoustic_entropy_side": 8.671055793762207,
          "hz": 1596.2787759475705
        },
        {
          "acoustic_entropy": 8.564950942993164,
          "acoustic_entropy_side": 8.721505165100098,
          "hz": 1799.6344973346393
        },
        {
          "acoustic_entropy": 8.51853084564209,
          "acoustic_entropy_side": 8.720413208007812,
          "hz": 2020.9991599069049
        },
        {
          "acoustic_entropy": 8.717811584472656,
          "acoustic_entropy_side": 8.642868041992188,
          "hz": 2261.9676141086993
        },
        {
          "acoustic_entropy": 8.633323669433594,
          "acoustic_entropy_side": 8.672799110412598,
          "hz": 2524.2759484456974
        },
        {
          "acoustic_entropy": 8.410152435302734,
          "acoustic_entropy_side": 8.6565523147583,
          "hz": 2809.813997359896
        },
        {
          "acoustic_entropy": 8.419822692871094,
          "acoustic_entropy_side": 8.65091609954834,
          "hz": 3120.6389567871424
        },
        {
          "acoustic_entropy": 8.627762794494629,
          "acoustic_entropy_side": 8.683520317077637,
          "hz": 3458.990205492291
        },
        {
          "acoustic_entropy": 8.666899681091309,
          "acoustic_entropy_side": 8.68343734741211,
          "hz": 3827.305438964164
        },
        {
          "acoustic_entropy": 8.777791023254395,
          "acoustic_entropy_side": 8.682583808898926,
          "hz": 4228.238232109126
        },
        {
          "acoustic_entropy": 8.746342658996582,
          "acoustic_entropy_side": 8.678906440734863,
          "hz": 4664.6771572759235
        },
        {
          "acoustic_entropy": 8.726937294006348,
          "acoustic_entropy_side": 8.671696662902832,
          "hz": 5139.766595350093
        },
        {
          "acoustic_entropy": 8.731500625610352,
          "acoustic_entropy_side": 8.660970687866211,
          "hz": 5656.929389854203
        },
        {
          "acoustic_entropy": 8.74450969696045,
          "acoustic_entropy_side": 8.661103248596191,
          "hz": 6219.891507268283
        },
        {
          "acoustic_entropy": 8.718780517578125,
          "acoustic_entropy_side": 8.658357620239258,
          "hz": 6832.70888123896
        },
        {
          "acoustic_entropy": 8.67413330078125,
          "acoustic_entropy_side": 8.659329414367676,
          "hz": 7499.796634079867
        },
        {
          "acoustic_entropy": 8.699600219726562,
          "acoustic_entropy_side": 8.657739639282227,
          "hz": 8225.96088609342
        },
        {
          "acoustic_entropy": 8.660116195678711,
          "acoustic_entropy_side": 8.658997535705566,
          "hz": 9016.43338188839
        },
        {
          "acoustic_entropy": 8.599101066589355,
          "acoustic_entropy_side": 8.661355972290039,
          "hz": 9876.909183162974
        },
        {
          "acoustic_entropy": 8.657974243164062,
          "acoustic_entropy_side": 8.656328201293945,
          "hz": 10813.587699516042
        },
        {
          "acoustic_entropy": 8.750824928283691,
          "acoustic_entropy_side": 8.652864456176758,
          "hz": 11833.21735289826
        },
        {
          "acoustic_entropy": 8.692543983459473,
          "acoustic_entropy_side": 8.653074264526367,
          "hz": 12943.144197493959
        },
        {
          "acoustic_entropy": 8.675210952758789,
          "acoustic_entropy_side": 8.657134056091309,
          "hz": 14151.364845322005
        },
        {
          "acoustic_entropy": 8.664820671081543,
          "acoustic_entropy_side": 8.651359558105469,
          "hz": 15466.58407886509
        },
        {
          "acoustic_entropy": 8.658214569091797,
          "acoustic_entropy_side": 8.651721000671387,
          "hz": 16898.27756580493
        },
        {
          "acoustic_entropy": 8.651596069335938,
          "acoustic_entropy_side": 8.650362968444824,
          "hz": 18456.760127700032
        },
        {
          "acoustic_entropy": 8.650046348571777,
          "acoustic_entropy_side": 8.649831771850586,
          "hz": 20153.260054456492
        },
        {
          "acoustic_entropy": 8.64979076385498,
          "acoustic_entropy_side": 8.649773597717285,
          "hz": 22000.00000000001
        }
      ],
      "diff_acoustic_entropy": 4.205943584442139,
      "sn": 6
    },
    {
      "acoustic_entropy": 13.637506484985352,
      "acoustic_entropy_mono": 13.523183822631836,
      "band_eliminated_acoustic_entropies": [
        {
          "acoustic_entropy": 13.577839851379395,
          "acoustic_entropy_side": 13.637428283691406,
          "hz": 129.47220167065723
        },
        {
          "acoustic_entropy": 13.38176155090332,
          "acoustic_entropy_side": 13.637554168701172,
          "hz": 202.92927478742237
        },
        {
          "acoustic_entropy": 13.967599868774414,
          "acoustic_entropy_side": 13.701502799987793,
          "hz": 282.89161906338205
        },
        {
          "acoustic_entropy": 12.958502769470215,
          "acoustic_entropy_side": 14.09638786315918,
          "hz": 369.9353335868758
        },
        {
          "acoustic_entropy": 12.951793670654297,
          "acoustic_entropy_side": 13.829545021057129,
          "hz": 464.6875360973435
        },
        {
          "acoustic_entropy": 12.125534057617188,
          "acoustic_entropy_side": 13.62938404083252,
          "hz": 567.8308811364784
        },
        {
          "acoustic_entropy": 13.403033256530762,
          "acoustic_entropy_side": 13.757546424865723,
          "hz": 680.1084783214808
        },
        {
          "acoustic_entropy": 13.49817180633545,
          "acoustic_entropy_side": 13.294739723205566,
          "hz": 802.3292461747484
        },
        {
          "acoustic_entropy": 13.724569320678711,
          "acoustic_entropy_side": 13.124907493591309,
          "hz": 935.3737400823702
        },
        {
          "acoustic_entropy": 13.336655616760254,
          "acoustic_entropy_side": 13.132424354553223,
          "hz": 1080.2004963696966
        },
        {
          "acoustic_entropy": 13.758308410644531,
          "acoustic_entropy_side": 13.653207778930664,
          "hz": 1237.8529382007157
        },
        {
          "acoustic_entropy": 13.728321075439453,
          "acoustic_entropy_side": 13.533653259277344,
          "hz": 1409.4668930556702
        },
        {
          "acoustic_entropy": 13.763571739196777,
          "acoustic_entropy_side": 13.798493385314941,
          "hz": 1596.2787759475705
        },
        {
          "acoustic_entropy": 13.609197616577148,
          "acoustic_entropy_side": 13.714216232299805,
          "hz": 1799.6344973346393
        },
        {
          "acoustic_entropy": 14.196329116821289,
          "acoustic_entropy_side": 13.644038200378418,
          "hz": 2020.9991599069049
        },
        {
          "acoustic_entropy": 13.726059913635254,
          "acoustic_entropy_side": 13.803302764892578,
          "hz": 2261.9676141086993
        },
        {
          "acoustic_entropy": 13.712488174438477,
          "acoustic_entropy_side": 14.031611442565918,
          "hz": 2524.2759484456974
        },
        {
          "acoustic_entropy": 14.61911392211914,
          "acoustic_entropy_side": 13.770867347717285,
          "hz": 2809.813997359896
        },
        {
          "acoustic_entropy": 14.19355583190918,
          "acoustic_entropy_side": 13.742558479309082,
          "hz": 3120.6389567871424
        },
        {
          "acoustic_entropy": 14.031689643859863,
          "acoustic_entropy_side": 13.59705924987793,
          "hz": 3458.990205492291
        },
        {
          "acoustic_entropy": 13.87405014038086,
          "acoustic_entropy_side": 13.65843391418457,
          "hz": 3827.305438964164
        },
        {
          "acoustic_entropy": 14.001396179199219,
          "acoustic_entropy_side": 13.479104995727539,
          "hz": 4228.238232109126
        },
        {
          "acoustic_entropy": 13.56362533569336,
          "acoustic_entropy_side": 13.416658401489258,
          "hz": 4664.6771572759235
        },
        {
          "acoustic_entropy": 13.936248779296875,
          "acoustic_entropy_side": 13.387125968933105,
          "hz": 5139.766595350093
        },
        {
          "acoustic_entropy": 14.041230201721191,
          "acoustic_entropy_side": 13.496153831481934,
          "hz": 5656.929389854203
        },
        {
          "acoustic_entropy": 14.101320266723633,
          "acoustic_entropy_side": 13.498053550720215,
          "hz": 6219.891507268283
        },
        {
          "acoustic_entropy": 14.091391563415527,
          "acoustic_entropy_side": 13.497782707214355,
          "hz": 6832.70888123896
        },
        {
          "acoustic_entropy": 13.687021255493164,
          "acoustic_entropy_side": 13.51799488067627,
          "hz": 7499.796634079867
        },
        {
          "acoustic_entropy": 13.518233299255371,
          "acoustic_entropy_side": 13.467041015625,
          "hz": 8225.96088609342
        },
        {
          "acoustic_entropy": 13.45824909210205,
          "acoustic_entropy_side": 13.586167335510254,
          "hz": 9016.43338188839
        },
        {
          "acoustic_entropy": 13.61819076538086,
          "acoustic_entropy_side": 13.620330810546875,
          "hz": 9876.909183162974
        },
        {
          "acoustic_entropy": 13.586852073669434,
          "acoustic_entropy_side": 13.694643020629883,
          "hz": 10813.587699516042
        },
        {
          "acoustic_entropy": 13.616820335388184,
          "acoustic_entropy_side": 13.756453514099121,
          "hz": 11833.21735289826
        },
        {
          "acoustic_entropy": 14.184487342834473,
          "acoustic_entropy_side": 13.705568313598633,
          "hz": 12943.144197493959
        },
        {
          "acoustic_entropy": 13.888835906982422,
          "acoustic_entropy_side": 13.655497550964355,
          "hz": 14151.364845322005
        },
        {
          "acoustic_entropy": 13.83057689666748,
          "acoustic_entropy_side": 13.714681625366211,
          "hz": 15466.58407886509
        },
        {
          "acoustic_entropy": 13.652240753173828,
          "acoustic_entropy_side": 13.62328815460205,
          "hz": 16898.27756580493
        },
        {
          "acoustic_entropy": 13.607008934020996,
          "acoustic_entropy_side": 13.618094444274902,
          "hz": 18456.760127700032
        },
        {
          "acoustic_entropy": 13.618108749389648,
          "acoustic_entropy_side": 13.626150131225586,
          "hz": 20153.260054456492
        },
        {
          "acoustic_entropy": 13.636163711547852,
          "acoustic_entropy_side": 13.636673927307129,
          "hz": 22000.00000000001
        }
      ],
      "diff_acoustic_entropy": 7.758391857147217,
      "sn": 12
    },
    {
      "acoustic_entropy": 20.93230628967285,
      "acoustic_entropy_mono": 17.92794418334961,
      "band_eliminated_acoustic_entropies": [
        {
          "acoustic_entropy": 20.410160064697266,
          "acoustic_entropy_side": 20.778451919555664,
          "hz": 129.47220167065723
        },
        {
          "acoustic_entropy": 20.786787033081055,
          "acoustic_entropy_side": 20.81977653503418,
          "hz": 202.92927478742237
        },
        {
          "acoustic_entropy": 21.998655319213867,
          "acoustic_entropy_side": 21.701984405517578,
          "hz": 282.89161906338205
        },
        {
          "acoustic_entropy": 21.159854888916016,
          "acoustic_entropy_side": 21.282546997070312,
          "hz": 369.9353335868758
        },
        {
          "acoustic_entropy": 21.52200698852539,
          "acoustic_entropy_side": 21.234663009643555,
          "hz": 464.6875360973435
        },
        {
          "acoustic_entropy": 19.92223358154297,
          "acoustic_entropy_side": 20.570117950439453,
          "hz": 567.8308811364784
        },
        {
          "acoustic_entropy": 21.02311897277832,
          "acoustic_entropy_side": 21.134653091430664,
          "hz": 680.1084783214808
        },
        {
          "acoustic_entropy": 20.953088760375977,
          "acoustic_entropy_side": 21.141159057617188,
          "hz": 802.3292461747484
        },
        {
          "acoustic_entropy": 20.862531661987305,
          "acoustic_entropy_side": 21.363086700439453,
          "hz": 935.3737400823702
        },
        {
          "acoustic_entropy": 20.0361328125,
          "acoustic_entropy_side": 21.659210205078125,
          "hz": 1080.2004963696966
        },
        {
          "acoustic_entropy": 20.65956687927246,
          "acoustic_entropy_side": 20.724905014038086,
          "hz": 1237.8529382007157
        },
        {
          "acoustic_entropy": 20.97073745727539,
          "acoustic_entropy_side": 21.06772232055664,
          "hz": 1409.4668930556702
        },
        {
          "acoustic_entropy": 21.146059036254883,
          "acoustic_entropy_side": 21.27989959716797,
          "hz": 1596.2787759475705
        },
        {
          "acoustic_entropy": 20.936702728271484,
          "acoustic_entropy_side": 20.770673751831055,
          "hz": 1799.6344973346393
        },
        {
          "acoustic_entropy": 20.802396774291992,
          "acoustic_entropy_side": 21.252620697021484,
          "hz": 2020.9991599069049
        },
        {
          "acoustic_entropy": 20.70865821838379,
          "acoustic_entropy_side": 21.397802352905273,
          "hz": 2261.9676141086993
        },
        {
          "acoustic_entropy": 20.966514587402344,
          "acoustic_entropy_side": 21.37606430053711,
          "hz": 2524.2759484456974
        },
        {
          "acoustic_entropy": 20.306264877319336,
          "acoustic_entropy_side": 20.830814361572266,
          "hz": 2809.813997359896
        },
        {
