{
  "acoustic_entropy": 170.9694366455078,
  "bands": [
    {
      "high_freq": 148.1999969482422,
      "loudness": -22.262348175048828,
      "loudness_range": 21.070194244384766,
      "mid_mean": -18.74271583557129,
      "mid_to_side_loudness": -15.853508949279785,
      "mid_to_side_loudness_range": 16.26346778869629,
      "side_mean": -36.20970153808594
    },
    {
      "high_freq": 392.3793640136719,
      "loudness": -19.488296508789062,
      "loudness_range": 9.250907897949219,
      "low_freq": 148.1999969482422,
      "mid_mean": -16.1188907623291,
      "mid_to_side_loudness": -13.641361236572266,
      "mid_to_side_loudness_range": 15.924142837524414,
      "side_mean": -29.920665740966797
    },
    {
      "high_freq": 794.6976318359375,
      "loudness": -26.43366241455078,
      "loudness_range": 15.196571350097656,
      "low_freq": 392.3793640136719,
      "mid_mean": -23.030061721801758,
      "mid_to_side_loudness": -13.460905075073242,
      "mid_to_side_loudness_range": 12.458040237426758,
      "side_mean": -36.71109390258789
    },
    {
      "high_freq": 1457.5709228515625,
      "loudness": -33.07368469238281,
      "loudness_range": 16.227914810180664,
      "low_freq": 794.6976318359375,
      "mid_mean": -29.751800537109375,
      "mid_to_side_loudness": -11.8731689453125,
      "mid_to_side_loudness_range": 13.260612487792969,
      "side_mean": -41.74467086791992
    },
    {
      "high_freq": 2549.74365234375,
      "loudness": -33.01702117919922,
      "loudness_range": 13.831743240356445,
      "low_freq": 1457.5709228515625,
      "mid_mean": -29.75026512145996,
      "mid_to_side_loudness": -10.618626594543457,
      "mid_to_side_loudness_range": 9.513872146606445,
      "side_mean": -40.44785690307617
    },
    {
      "high_freq": 4349.24462890625,
      "loudness": -32.10356903076172,
      "loudness_range": 14.857965469360352,
      "low_freq": 2549.74365234375,
      "mid_mean": -28.94346046447754,
      "mid_to_side_loudness": -9.159971237182617,
      "mid_to_side_loudness_range": 6.460721492767334,
      "side_mean": -38.338260650634766
    },
    {
      "high_freq": 7314.1640625,
      "loudness": -34.189659118652344,
      "loudness_range": 20.603975296020508,
      "low_freq": 4349.24462890625,
      "mid_mean": -31.676380157470703,
      "mid_to_side_loudness": -5.555406093597412,
      "mid_to_side_loudness_range": 6.997462749481201,
      "side_mean": -37.338348388671875
    },
    {
      "high_freq": 12199.2666015625,
      "loudness": -33.65374755859375,
      "loudness_range": 22.721586227416992,
      "low_freq": 7314.1640625,
      "mid_mean": -33.015296936035156,
      "mid_to_side_loudness": -0.515459418296814,
      "mid_to_side_loudness_range": 8.535499572753906,
      "side_mean": -33.41715621948242
    },
    {
      "loudness": -40.68474578857422,
      "loudness_range": 17.798913955688477,
      "low_freq": 12199.2666015625,
      "mid_mean": -43.09016418457031,
      "mid_to_side_loudness": 4.272773742675781,
      "mid_to_side_loudness_range": 2.9770114421844482,
      "side_mean": -38.649044036865234
    }
  ],
  "bands_short": [
    {
      "high_freq": 148.1999969482422,
      "loudness": -25.76413345336914,
      "loudness_range": 26.86874771118164,
      "mid_mean": -22.628816604614258,
      "mid_to_side_loudness": -14.149674415588379,
      "mid_to_side_loudness_range": 21.95855712890625,
      "side_mean": -38.18906021118164
    },
    {
      "high_freq": 392.3793640136719,
      "loudness": -20.00408935546875,
      "loudness_range": 13.371726989746094,
      "low_freq": 148.1999969482422,
      "mid_mean": -16.70646858215332,
      "mid_to_side_loudness": -13.100643157958984,
      "mid_to_side_loudness_range": 17.831741333007812,
      "side_mean": -30.10247039794922
    },
    {
      "high_freq": 794.6976318359375,
      "loudness": -27.2119140625,
      "loudness_range": 18.394752502441406,
      "low_freq": 392.3793640136719,
      "mid_mean": -23.869218826293945,
      "mid_to_side_loudness": -12.177125930786133,
      "mid_to_side_loudness_range": 16.104921340942383,
      "side_mean": -36.69246292114258
    },
    {
      "high_freq": 1457.5709228515625,
      "loudness": -34.14882278442383,
      "loudness_range": 19.0981388092041,
      "low_freq": 794.6976318359375,
      "mid_mean": -30.935340881347656,
      "mid_to_side_loudness": -11.170296669006348,
      "mid_to_side_loudness_range": 15.061905860900879,
      "side_mean": -42.160037994384766
    },
    {
      "high_freq": 2549.74365234375,
      "loudness": -34.23465347290039,
      "loudness_range": 17.442886352539062,
      "low_freq": 1457.5709228515625,
      "mid_mean": -31.103530883789062,
      "mid_to_side_loudness": -9.841544151306152,
      "mid_to_side_loudness_range": 12.339591979980469,
      "side_mean": -41.22496795654297
    },
    {
      "high_freq": 4349.24462890625,
      "loudness": -33.33280944824219,
      "loudness_range": 18.540973663330078,
      "low_freq": 2549.74365234375,
      "mid_mean": -30.27406120300293,
      "mid_to_side_loudness": -8.626557350158691,
      "mid_to_side_loudness_range": 8.079452514648438,
      "side_mean": -39.15825653076172
    },
    {
      "high_freq": 7314.1640625,
      "loudness": -36.99428176879883,
      "loudness_range": 24.322309494018555,
      "low_freq": 4349.24462890625,
      "mid_mean": -34.588932037353516,
      "mid_to_side_loudness": -5.243838310241699,
      "mid_to_side_loudness_range": 7.489552974700928,
      "side_mean": -39.94368362426758
    },
    {
      "high_freq": 12199.2666015625,
      "loudness": -37.149932861328125,
      "loudness_range": 26.508832931518555,
      "low_freq": 7314.1640625,
      "mid_mean": -36.878387451171875,
      "mid_to_side_loudness": -0.21100716292858124,
      "mid_to_side_loudness_range": 8.868612289428711,
      "side_mean": -36.80087661743164
    },
    {
      "loudness": -44.995147705078125,
      "loudness_range": 26.949661254882812,
      "low_freq": 12199.2666015625,
      "mid_mean": -47.454627990722656,
      "mid_to_side_loudness": 4.0135955810546875,
      "mid_to_side_loudness_range": 3.9308385848999023,
      "side_mean": -42.93850326538086
    }
  ],
  "bandwidth": 347.75689697265625,
  "channels": 2,
  "covariance": [
    [
      70.78907775878906,
      41.70220947265625,
      6.646059989929199,
      0.1846226453781128,
      11.19882583618164,
      5.8961944580078125,
      13.201037406921387,
      9.813756942749023,
      12.244154930114746,
      13.328514099121094,
      12.886290550231934,
      13.072290420532227,
      12.902044296264648,
      10.347601890563965,
      13.671257019042969,
      10.721318244934082,
      16.142786026000977,
      17.701953887939453
    ],
    [
      41.70220947265625,
      57.1951904296875,
      7.894674777984619,
      -1.981041431427002,
      14.519954681396484,
      10.841917991638184,
      15.548260688781738,
      9.701014518737793,
      16.01231575012207,
      16.70015525817871,
      15.437724113464355,
      16.098594665527344,
      16.61279296875,
      14.032282829284668,
      19.30984115600586,
      15.481789588928223,
      18.166767120361328,
      19.676538467407227
    ],
    [
      6.646059989929199,
      7.894674777984619,
      14.319596290588379,
      9.52752685546875,
      10.18134593963623,
      5.442440509796143,
      9.858516693115234,
      5.604557991027832,
      9.353842735290527,
      7.571256160736084,
      10.289931297302246,
      9.626482009887695,
      10.37619686126709,
      10.091873168945312,
      8.403715133666992,
      8.14786148071289,
      8.364755630493164,
      7.9709553718566895
    ],
    [
      0.1846226453781128,
      -1.981041431427002,
      9.52752685546875,
      35.84392547607422,
      5.02282190322876,
      9.96061897277832,
      2.0180089473724365,
      7.335013389587402,
      1.648228645324707,
      1.6978198289871216,
      -1.9909119606018066,
      -0.6273518204689026,
      -1.9840688705444336,
      2.0265960693359375,
      -3.1995506286621094,
      3.07492995262146,
      -1.753735065460205,
      -1.327433705329895
    ],
    [
      11.19882583618164,
      14.519954681396484,
      10.18134593963623,
      5.02282190322876,
      34.7731819152832,
      27.185693740844727,
      22.23722267150879,
      14.298794746398926,
      20.342016220092773,
      19.108232498168945,
      16.607358932495117,
      16.09279441833496,
      15.397640228271484,
      13.641880989074707,
      16.57841682434082,
      14.236120223999023,
      14.832629203796387,
      15.229181289672852
    ],
    [
      5.8961944580078125,
      10.841917991638184,
      5.442440509796143,
      9.96061897277832,
      27.185693740844727,
      39.5843391418457,
      17.382619857788086,
      17.339292526245117,
      16.612829208374023,
      20.441680908203125,
      9.882280349731445,
      11.77112102508545,
      7.262794494628906,
      6.824419021606445,
      11.278252601623535,
      10.77869701385498,
      8.536100387573242,
      9.221932411193848
    ],
    [
      13.201037406921387,
      15.548260688781738,
      9.858516693115234,
      2.0180089473724365,
      22.23722267150879,
      17.382619857788086,
      33.832855224609375,
      18.967666625976562,
      22.982440948486328,
      19.937110900878906,
      17.787477493286133,
      17.14954376220703,
      14.353693008422852,
      11.59628677368164,
      14.405268669128418,
      11.313248634338379,
      14.260621070861816,
      13.966023445129395
    ],
    [
      9.813756942749023,
      9.701014518737793,
      5.604557991027832,
      7.335013389587402,
      14.298794746398926,
      17.339292526245117,
      18.967666625976562,
      23.99903678894043,
      14.507658004760742,
      18.567861557006836,
      11.234626770019531,
      13.664190292358398,
      7.761344909667969,
      8.069198608398438,
      8.652068138122559,
      7.9060139656066895,
      6.728097438812256,
      6.95745325088501
    ],
    [
      12.244154930114746,
      16.01231575012207,
      9.353842735290527,
      1.648228645324707,
      20.342016220092773,
      16.612829208374023,
      22.982440948486328,
      14.507658004760742,
      28.711109161376953,
      24.325658798217773,
      21.49397850036621,
      21.371904373168945,
      17.60428237915039,
      14.83178997039795,
      16.80157470703125,
      13.718473434448242,
      15.043174743652344,
      14.924653053283691
    ],
    [
      13.328514099121094,
      16.70015525817871,
      7.571256160736084,
      1.6978198289871216,
      19.108232498168945,
      20.441680908203125,
      19.937110900878906,
      18.567861557006836,
      24.325658798217773,
      31.949159622192383,
      20.15166664123535,
      24.60521697998047,
      16.245304107666016,
      15.575337409973145,
      16.230140686035156,
      14.395288467407227,
      13.167698860168457,
      13.610477447509766
    ],
    [
      12.886290550231934,
      15.437724113464355,
      10.289931297302246,
      -1.9909119606018066,
      16.607358932495117,
      9.882280349731445,
      17.787477493286133,
      11.234626770019531,
      21.49397850036621,
      20.15166664123535,
      30.912675857543945,
      29.25990867614746,
      27.438175201416016,
      23.74150848388672,
      21.967639923095703,
      16.87747573852539,
      18.242572784423828,
      17.23331642150879
    ],
    [
      13.072290420532227,
      16.098594665527344,
      9.626482009887695,
      -0.6273518204689026,
      16.09279441833496,
      11.77112102508545,
      17.14954376220703,
      13.664190292358398,
      21.371904373168945,
      24.60521697998047,
      29.25990867614746,
      35.133113861083984,
      26.822221755981445,
      26.309329986572266,
      21.626150131225586,
      18.985654830932617,
      18.21062469482422,
      17.408117294311523
    ],
    [
      12.902044296264648,
      16.61279296875,
      10.37619686126709,
      -1.9840688705444336,
      15.397640228271484,
      7.262794494628906,
      14.353693008422852,
      7.761344909667969,
      17.60428237915039,
      16.245304107666016,
      27.438175201416016,
      26.822221755981445,
      51.2718620300293,
      46.047637939453125,
      46.279232025146484,
      38.03479766845703,
      37.12229919433594,
      34.02384567260742
    ],
    [
      10.347601890563965,
      14.032282829284668,
      10.091873168945312,
      2.0265960693359375,
      13.641880989074707,
      6.824419021606445,
      11.59628677368164,
      8.069198608398438,
      14.83178997039795,
      15.575337409973145,
      23.74150848388672,
      26.309329986572266,
      46.047637939453125,
      48.562744140625,
      40.32019805908203,
      38.725341796875,
      34.29711151123047,
      31.543609619140625
    ],
    [
      13.671257019042969,
      19.30984115600586,
      8.403715133666992,
      -3.1995506286621094,
      16.57841682434082,
      11.278252601623535,
      14.405268669128418,
      8.652068138122559,
      16.80157470703125,
      16.230140686035156,
      21.967639923095703,
      21.626150131225586,
      46.279232025146484,
      40.32019805908203,
      65.26470947265625,
      52.68496322631836,
      47.35230255126953,
      45.111534118652344
    ],
    [
      10.721318244934082,
      15.481789588928223,
      8.14786148071289,
      3.07492995262146,
      14.236120223999023,
      10.77869701385498,
      11.313248634338379,
      7.9060139656066895,
      13.718473434448242,
      14.395288467407227,
      16.87747573852539,
      18.985654830932617,
      38.03479766845703,
      38.725341796875,
      52.68496322631836,
      52.286373138427734,
      40.94314956665039,
      39.834896087646484
    ],
    [
      16.142786026000977,
      18.166767120361328,
      8.364755630493164,
      -1.753735065460205,
      14.832629203796387,
      8.536100387573242,
      14.260621070861816,
      6.728097438812256,
      15.043174743652344,
      13.167698860168457,
      18.242572784423828,
      18.21062469482422,
      37.12229919433594,
      34.29711151123047,
      47.35230255126953,
      40.94314956665039,
      49.50590896606445,
      45.95574951171875
    ],
    [
      17.701953887939453,
      19.676538467407227,
      7.9709553718566895,
      -1.327433705329895,
      15.229181289672852,
      9.221932411193848,
      13.966023445129395,
      6.95745325088501,
      14.924653053283691,
      13.610477447509766,
      17.23331642150879,
      17.408117294311523,
      34.02384567260742,
      31.543609619140625,
      45.111534118652344,
      39.834896087646484,
      45.95574951171875,
      46.78580856323242
    ]
  ],
  "covariance_short": [
    [
      108.90650939941406,
      50.548553466796875,
      16.386709213256836,
      3.3093228340148926,
      11.76730728149414,
      8.50625228881836,
      11.88213062286377,
      9.7763090133667,
      10.292033195495605,
      12.48937702178955,
      10.402176856994629,
      11.664655685424805,
      14.4203519821167,
      13.15685749053955,
      14.81317138671875,
      11.89468002319336,
      21.28664207458496,
      19.806270599365234
    ],
    [
      50.548553466796875,
      75.52955627441406,
      8.047737121582031,
      -3.963865041732788,
      14.10195255279541,
      11.9739351272583,
      13.795284271240234,
      9.864302635192871,
      13.684428215026855,
      16.83711051940918,
      13.934846878051758,
      14.76452922821045,
      15.76296615600586,
      13.065659523010254,
      16.841350555419922,
      10.880859375,
      19.167720794677734,
      14.46965503692627
    ],
    [
      16.386709213256836,
      8.047737121582031,
      27.08745574951172,
      11.80801010131836,
      15.670610427856445,
      7.700625896453857,
      15.08430290222168,
      8.115334510803223,
      12.499302864074707,
      9.505093574523926,
      12.235939025878906,
      10.739459991455078,
      11.286515235900879,
      10.977794647216797,
      9.368221282958984,
      9.163647651672363,
      14.933430671691895,
      12.381454467773438
    ],
    [
      3.3093228340148926,
      -3.963865041732788,
      11.80801010131836,
      36.259979248046875,
      6.318021297454834,
      10.810708999633789,
      4.492840766906738,
      8.382365226745605,
      3.3948731422424316,
      3.2887611389160156,
      -0.5559626221656799,
      0.5173506140708923,
      -0.5262482762336731,
      3.419907808303833,
      -2.484369993209839,
      4.395545482635498,
      -0.0968976765871048,
      1.5179076194763184
    ],
    [
      11.76730728149414,
      14.10195255279541,
      15.670610427856445,
      6.318021297454834,
      46.36725616455078,
      27.456926345825195,
      25.742164611816406,
      16.516958236694336,
      23.358978271484375,
      20.272764205932617,
      17.81917953491211,
      15.55433464050293,
      12.85008430480957,
      10.453402519226074,
      12.524791717529297,
      9.551285743713379,
      14.637895584106445,
      12.162047386169434
    ],
    [
      8.50625228881836,
      11.9739351272583,
      7.700625896453857,
      10.810708999633789,
      27.456926345825195,
      42.867069244384766,
      18.111709594726562,
      18.69883155822754,
      17.27411460876465,
      21.224763870239258,
      10.04245662689209,
      11.118781089782715,
      6.792307376861572,
      6.284754276275635,
      7.217341899871826,
      6.999924659729004,
      7.433699607849121,
      4.622982501983643
    ],
    [
      11.88213062286377,
      13.795284271240234,
      15.08430290222168,
      4.492840766906738,
      25.742164611816406,
      18.111709594726562,
      43.8130989074707,
      23.82168197631836,
      27.91103172302246,
      22.765079498291016,
      20.594449996948242,
      18.62626075744629,
      15.958625793457031,
      13.510497093200684,
      14.244025230407715,
      11.006375312805176,
      20.161684036254883,
      15.413246154785156
    ],
    [
      9.7763090133667,
      9.864302635192871,
      8.115334510803223,
      8.382365226745605,
      16.516958236694336,
      18.69883155822754,
      23.82168197631836,
      30.598085403442383,
      17.61347007751465,
      21.494277954101562,
      13.28659725189209,
      15.533035278320312,
      9.594423294067383,
      9.856332778930664,
      8.305377006530762,
      7.455617904663086,
      9.988738059997559,
      7.3615546226501465
    ],
    [
      10.292033195495605,
      13.684428215026855,
      12.499302864074707,
      3.3948731422424316,
      23.358978271484375,
      17.27411460876465,
      27.91103172302246,
      17.61347007751465,
      39.86960983276367,
      30.235193252563477,
      28.62767219543457,
      25.77232551574707,
      22.79071044921875,
      18.60885238647461,
      18.84103775024414,
      13.848514556884766,
      20.46026039123535,
      17.133644104003906
    ],
    [
      12.48937702178955,
      16.83711051940918,
      9.505093574523926,
      3.2887611389160156,
      20.272764205932617,
      21.224763870239258,
      22.765079498291016,
      21.494277954101562,
      30.235193252563477,
      39.78007507324219,
      25.264848709106445,
      28.36834716796875,
      20.137250900268555,
      18.85260581970215,
      16.763498306274414,
      13.203312873840332,
      17.5167236328125,
      13.377225875854492
    ],
    [
      10.402176856994629,
      13.934846878051758,
      12.235939025878906,
      -0.5559626221656799,
      17.81917953491211,
      10.04245662689209,
      20.594449996948242,
      13.28659725189209,
      28.62767219543457,
      25.264848709106445,
      41.44428253173828,
      36.82748794555664,
      36.70024871826172,
      32.44356155395508,
      30.79195785522461,
      23.76512336730957,
      30.891244888305664,
      26.361631393432617
    ],
    [
      11.664655685424805,
      14.76452922821045,
      10.739459991455078,
      0.5173506140708923,
      15.55433464050293,
      11.118781089782715,
      18.62626075744629,
      15.533035278320312,
      25.77232551574707,
      28.36834716796875,
      36.82748794555664,
      42.175193786621094,
      34.86769104003906,
      34.1277961730957,
      28.78873062133789,
      24.24338722229004,
      29.09770965576172,
      24.78956413269043
    ],
    [
      14.4203519821167,
      15.76296615600586,
      11.286515235900879,
      -0.5262482762336731,
      12.85008430480957,
      6.792307376861572,
      15.958625793457031,
      9.594423294067383,
      22.79071044921875,
      20.137250900268555,
      36.70024871826172,
      34.86769104003906,
      67.89390563964844,
      62.776668548583984,
      64.60050201416016,
      55.96599578857422,
      60.06302261352539,
      57.04302215576172
    ],
    [
      13.15685749053955,
      13.065659523010254,
      10.977794647216797,
      3.419907808303833,
      10.453402519226074,
      6.284754276275635,
      13.510497093200684,
      9.856332778930664,
      18.60885238647461,
      18.85260581970215,
      32.44356155395508,
      34.1277961730957,
      62.776668548583984,
      65.96408081054688,
      59.25358963012695,
      57.20894241333008,
      57.810726165771484,
      55.057464599609375
    ],
    [
      14.81317138671875,
      16.841350555419922,
      9.368221282958984,
      -2.484369993209839,
      12.524791717529297,
      7.217341899871826,
      14.244025230407715,
      8.305377006530762,
      18.84103775024414,
      16.763498306274414,
      30.79195785522461,
      28.78873062133789,
      64.60050201416016,
      59.25358963012695,
      83.22972869873047,
      71.28823852539062,
      69.55659484863281,
      68.83487701416016
    ],
    [
      11.89468002319336,
      10.880859375,
      9.163647651672363,
      4.395545482635498,
      9.551285743713379,
      6.999924659729004,
      11.006375312805176,
      7.455617904663086,
      13.848514556884766,
      13.203312873840332,
      23.76512336730957,
      24.24338722229004,
      55.96599578857422,
      57.20894241333008,
      71.28823852539062,
      73.31977844238281,
      63.217308044433594,
      63.90525817871094
    ],
    [
      21.28664207458496,
      19.167720794677734,
      14.933430671691895,
      -0.0968976765871048,
      14.637895584106445,
      7.433699607849121,
      20.161684036254883,
      9.988738059997559,
      20.46026039123535,
      17.5167236328125,
      30.891244888305664,
      29.09770965576172,
      60.06302261352539,
      57.810726165771484,
      69.55659484863281,
      63.217308044433594,
      88.4347915649414,
      80.46330261230469
    ],
    [
      19.806270599365234,
      14.46965503692627,
      12.381454467773438,
      1.5179076194763184,
      12.162047386169434,
      4.622982501983643,
      15.413246154785156,
      7.3615546226501465,
      17.133644104003906,
      13.377225875854492,
      26.361631393432617,
      24.78956413269043,
      57.04302215576172,
      55.057464599609375,
      68.83487701416016,
      63.90525817871094,
      80.46330261230469,
      83.1259536743164
    ]
  ],
  "damage": -5.452158451080322,
  "diff_bandwidth": 381.0019226074219,
  "dissonance": 7.71574014012097,
  "drr": 18.618972778320312,
  "dynamics": 3.5335261821746826,
  "format": 1245190,
  "frames": 12299200,
  "loudness": -11.952305793762207,
  "loudness_range": 9.510416984558105,
  "loudness_range_short": 13.031646728515625,
  "lowpass_true_peak_15khz": 0.8225630521774292,
  "mastering3_acoustic_entropies": [
    {
      "acoustic_entropy": 8.78761100769043,
      "acoustic_entropy_mono": 7.651022911071777,
      "band_eliminated_acoustic_entropies": [
        {
          "acoustic_entropy": 8.059930801391602,
          "acoustic_entropy_side": 8.783088684082031,
          "hz": 129.47220167065723
        },
        {
          "acoustic_entropy": 9.0237398147583,
          "acoustic_entropy_side": 8.755743026733398,
          "hz": 202.92927478742237
        },
        {
          "acoustic_entropy": 8.591083526611328,
          "acoustic_entropy_side": 8.678764343261719,
          "hz": 282.89161906338205
        },
        {
          "acoustic_entropy": 7.6409759521484375,
          "acoustic_entropy_side": 8.526045799255371,
          "hz": 369.9353335868758
        },
        {
          "acoustic_entropy": 8.807284355163574,
          "acoustic_entropy_side": 8.699252128601074,
          "hz": 464.6875360973435
        },
        {
          "acoustic_entropy": 8.85013198852539,
          "acoustic_entropy_side": 8.899876594543457,
          "hz": 567.8308811364784
        },
        {
          "acoustic_entropy": 8.970043182373047,
          "acoustic_entropy_side": 8.809062004089355,
          "hz": 680.1084783214808
        },
        {
          "acoustic_entropy": 8.831456184387207,
          "acoustic_entropy_side": 8.7980375289917,
          "hz": 802.3292461747484
        },
        {
          "acoustic_entropy": 8.730552673339844,
          "acoustic_entropy_side": 8.787138938903809,
          "hz": 935.3737400823702
        },
        {
          "acoustic_entropy": 8.69970989227295,
          "acoustic_entropy_side": 8.797711372375488,
          "hz": 1080.2004963696966
        },
        {
          "acoustic_entropy": 8.877662658691406,
          "acoustic_entropy_side": 8.784841537475586,
          "hz": 1237.8529382007157
        },
        {
          "acoustic_entropy": 8.826294898986816,
          "acoustic_entropy_side": 8.79001522064209,
          "hz": 1409.4668930556702
        },
        {
          "acoustic_entropy": 8.936661720275879,
          "acoustic_entropy_side": 8.79354190826416,
          "hz": 1596.2787759475705
        },
        {
          "acoustic_entropy": 8.86276912689209,
          "acoustic_entropy_side": 8.796502113342285,
          "hz": 1799.6344973346393
        },
        {
          "acoustic_entropy": 8.912115097045898,
          "acoustic_entropy_side": 8.794388771057129,
          "hz": 2020.9991599069049
        },
        {
          "acoustic_entropy": 8.989424705505371,
          "acoustic_entropy_side": 8.78725814819336,
          "hz": 2261.9676141086993
        },
        {
          "acoustic_entropy": 8.950485229492188,
          "acoustic_entropy_side": 8.790504455566406,
          "hz": 2524.2759484456974
        },
        {
          "acoustic_entropy": 8.85120964050293,
          "acoustic_entropy_side": 8.799221992492676,
          "hz": 2809.813997359896
        },
        {
          "acoustic_entropy": 8.807806015014648,
          "acoustic_entropy_side": 8.790651321411133,
          "hz": 3120.6389567871424
        },
        {
          "acoustic_entropy": 8.829902648925781,
          "acoustic_entropy_side": 8.794068336486816,
          "hz": 3458.990205492291
        },
        {
          "acoustic_entropy": 8.911788940429688,
          "acoustic_entropy_side": 8.805267333984375,
          "hz": 3827.305438964164
        },
        {
          "acoustic_entropy": 8.804365158081055,
          "acoustic_entropy_side": 8.769474029541016,
          "hz": 4228.238232109126
        },
        {
          "acoustic_entropy": 8.194808006286621,
          "acoustic_entropy_side": 8.78462028503418,
          "hz": 4664.6771572759235
        },
        {
          "acoustic_entropy": 8.710348129272461,
          "acoustic_entropy_side": 8.780513763427734,
          "hz": 5139.766595350093
        },
        {
          "acoustic_entropy": 8.705512046813965,
          "acoustic_entropy_side": 8.77297592163086,
          "hz": 5656.929389854203
        },
        {
          "acoustic_entropy": 8.758477210998535,
          "acoustic_entropy_side": 8.77586841583252,
          "hz": 6219.891507268283
        },
        {
          "acoustic_entropy": 8.75979232788086,
          "acoustic_entropy_side": 8.769002914428711,
          "hz": 6832.70888123896
        },
        {
          "acoustic_entropy": 8.802325248718262,
          "acoustic_entropy_side": 8.78647232055664,
          "hz": 7499.796634079867
        },
        {
          "acoustic_entropy": 8.757052421569824,
          "acoustic_entropy_side": 8.7872953414917,
          "hz": 8225.96088609342
        },
        {
          "acoustic_entropy": 8.725675582885742,
          "acoustic_entropy_side": 8.779125213623047,
          "hz": 9016.43338188839
        },
        {
          "acoustic_entropy": 8.604537963867188,
          "acoustic_entropy_side": 8.74661636352539,
          "hz": 9876.909183162974
        },
        {
          "acoustic_entropy": 8.638212203979492,
          "acoustic_entropy_side": 8.746429443359375,
          "hz": 10813.587699516042
        },
        {
          "acoustic_entropy": 8.69894790649414,
          "acoustic_entropy_side": 8.748515129089355,
          "hz": 11833.21735289826
        },
        {
          "acoustic_entropy": 8.685480117797852,
          "acoustic_entropy_side": 8.725549697875977,
          "hz": 12943.144197493959
        },
        {
          "acoustic_entropy": 8.75001049041748,
          "acoustic_entropy_side": 8.726377487182617,
          "hz": 14151.364845322005
        },
        {
          "acoustic_entropy": 8.811098098754883,
          "acoustic_entropy_side": 8.808023452758789,
          "hz": 15466.58407886509
        },
        {
          "acoustic_entropy": 8.840208053588867,
          "acoustic_entropy_side": 8.814573287963867,
          "hz": 16898.27756580493
        },
        {
          "acoustic_entropy": 8.850024223327637,
          "acoustic_entropy_side": 8.847467422485352,
          "hz": 18456.760127700032
        },
        {
          "acoustic_entropy": 8.776284217834473,
          "acoustic_entropy_side": 8.776254653930664,
          "hz": 20153.260054456492
        },
        {
          "acoustic_entropy": 8.785795211791992,
          "acoustic_entropy_side": 8.785796165466309,
          "hz": 22000.00000000001
        }
      ],
      "diff_acoustic_entropy": 8.06079387664795,
      "sn": 6
    },
    {
      "acoustic_entropy": 12.897607803344727,
      "acoustic_entropy_mono": 11.28006362915039,
      "band_eliminated_acoustic_entropies": [
        {
          "acoustic_entropy": 11.452741622924805,
          "acoustic_entropy_side": 12.92567253112793,
          "hz": 129.47220167065723
        },
        {
          "acoustic_entropy": 12.687739372253418,
          "acoustic_entropy_side": 12.708212852478027,
          "hz": 202.92927478742237
        },
        {
          "acoustic_entropy": 12.73884391784668,
          "acoustic_entropy_side": 12.556325912475586,
          "hz": 282.89161906338205
        },
        {
          "acoustic_entropy": 12.743206977844238,
          "acoustic_entropy_side": 13.320613861083984,
          "hz": 369.9353335868758
        },
        {
          "acoustic_entropy": 13.071503639221191,
          "acoustic_entropy_side": 12.912748336791992,
          "hz": 464.6875360973435
        },
        {
          "acoustic_entropy": 12.544168472290039,
          "acoustic_entropy_side": 12.839611053466797,
          "hz": 567.8308811364784
        },
        {
          "acoustic_entropy": 13.136767387390137,
          "acoustic_entropy_side": 12.702256202697754,
          "hz": 680.1084783214808
        },
        {
          "acoustic_entropy": 12.8717679977417,
          "acoustic_entropy_side": 12.714767456054688,
          "hz": 802.3292461747484
        },
        {
          "acoustic_entropy": 12.858699798583984,
          "acoustic_entropy_side": 12.820367813110352,
          "hz": 935.3737400823702
        },
        {
          "acoustic_entropy": 13.052397727966309,
          "acoustic_entropy_side": 12.9472074508667,
          "hz": 1080.2004963696966
        },
        {
          "acoustic_entropy": 12.646050453186035,
          "acoustic_entropy_side": 12.782808303833008,
          "hz": 1237.8529382007157
        },
        {
          "acoustic_entropy": 12.891300201416016,
          "acoustic_entropy_side": 12.845983505249023,
          "hz": 1409.4668930556702
        },
        {
          "acoustic_entropy": 12.731074333190918,
          "acoustic_entropy_side": 12.765067100524902,
          "hz": 1596.2787759475705
        },
        {
          "acoustic_entropy": 12.910738945007324,
          "acoustic_entropy_side": 12.863466262817383,
          "hz": 1799.6344973346393
        },
        {
          "acoustic_entropy": 12.85504150390625,
          "acoustic_entropy_side": 12.876977920532227,
          "hz": 2020.9991599069049
        },
        {
          "acoustic_entropy": 12.833999633789062,
          "acoustic_entropy_side": 12.983926773071289,
          "hz": 2261.9676141086993
        },
        {
          "acoustic_entropy": 12.780426979064941,
          "acoustic_entropy_side": 12.790313720703125,
          "hz": 2524.2759484456974
        },
        {
          "acoustic_entropy": 12.739108085632324,
          "acoustic_entropy_side": 12.830970764160156,
          "hz": 2809.813997359896
        },
        {
          "acoustic_entropy": 12.773768424987793,
          "acoustic_entropy_side": 12.894826889038086,
          "hz": 3120.6389567871424
        },
        {
          "acoustic_entropy": 12.815865516662598,
          "acoustic_entropy_side": 12.800654411315918,
          "hz": 3458.990205492291
        },
        {
          "acoustic_entropy": 12.992035865783691,
          "acoustic_entropy_side": 12.807708740234375,
          "hz": 3827.305438964164
        },
        {
          "acoustic_entropy": 12.450371742248535,
          "acoustic_entropy_side": 12.622222900390625,
          "hz": 4228.238232109126
        },
        {
          "acoustic_entropy": 12.66912841796875,
          "acoustic_entropy_side": 12.764764785766602,
          "hz": 4664.6771572759235
        },
        {
          "acoustic_entropy": 12.639031410217285,
          "acoustic_entropy_side": 12.80616283416748,
          "hz": 5139.766595350093
        },
        {
          "acoustic_entropy": 12.650327682495117,
          "acoustic_entropy_side": 12.815873146057129,
          "hz": 5656.929389854203
        },
        {
          "acoustic_entropy": 12.727781295776367,
          "acoustic_entropy_side": 12.879491806030273,
          "hz": 6219.891507268283
        },
        {
          "acoustic_entropy": 12.758298873901367,
          "acoustic_entropy_side": 12.853841781616211,
          "hz": 6832.70888123896
        },
        {
          "acoustic_entropy": 12.786948204040527,
          "acoustic_entropy_side": 12.850512504577637,
          "hz": 7499.796634079867
        },
        {
          "acoustic_entropy": 12.95702838897705,
          "acoustic_entropy_side": 12.885431289672852,
          "hz": 8225.96088609342
        },
        {
          "acoustic_entropy": 12.987709999084473,
          "acoustic_entropy_side": 12.896112442016602,
          "hz": 9016.43338188839
        },
        {
          "acoustic_entropy": 12.823180198669434,
          "acoustic_entropy_side": 12.884502410888672,
          "hz": 9876.909183162974
        },
        {
          "acoustic_entropy": 12.82303524017334,
          "acoustic_entropy_side": 12.86588191986084,
          "hz": 10813.587699516042
        },
        {
          "acoustic_entropy": 12.698846817016602,
          "acoustic_entropy_side": 12.846920013427734,
          "hz": 11833.21735289826
        },
        {
          "acoustic_entropy": 12.89454174041748,
          "acoustic_entropy_side": 12.991721153259277,
          "hz": 12943.144197493959
        },
        {
          "acoustic_entropy": 12.928805351257324,
          "acoustic_entropy_side": 13.011497497558594,
          "hz": 14151.364845322005
        },
        {
          "acoustic_entropy": 13.019205093383789,
          "acoustic_entropy_side": 12.983747482299805,
          "hz": 15466.58407886509
        },
        {
          "acoustic_entropy": 12.680878639221191,
          "acoustic_entropy_side": 12.84756851196289,
          "hz": 16898.27756580493
        },
        {
          "acoustic_entropy": 12.631515502929688,
          "acoustic_entropy_side": 12.915210723876953,
          "hz": 18456.760127700032
        },
        {
          "acoustic_entropy": 13.118631362915039,
          "acoustic_entropy_side": 13.11977481842041,
          "hz": 20153.260054456492
        },
        {
          "acoustic_entropy": 12.941438674926758,
          "acoustic_entropy_side": 12.941458702087402,
          "hz": 22000.00000000001
        }
      ],
      "diff_acoustic_entropy": 11.535676956176758,
      "sn": 12
    },
    {
      "acoustic_entropy": 21.172149658203125,
      "acoustic_entropy_mono": 15.660990715026855,
      "band_eliminated_acoustic_entropies": [
        {
          "acoustic_entropy": 19.951583862304688,
          "acoustic_entropy_side": 20.073427200317383,
          "hz": 129.47220167065723
        },
        {
          "acoustic_entropy": 21.430328369140625,
          "acoustic_entropy_side": 21.231548309326172,
          "hz": 202.92927478742237
        },
        {
          "acoustic_entropy": 21.459266662597656,
          "acoustic_entropy_side": 20.836097717285156,
          "hz": 282.89161906338205
        },
        {
          "acoustic_entropy": 20.66368865966797,
          "acoustic_entropy_side": 21.25249671936035,
          "hz": 369.9353335868758
        },
        {
          "acoustic_entropy": 21.166885375976562,
          "acoustic_entropy_side": 20.234769821166992,
          "hz": 464.6875360973435
        },
        {
          "acoustic_entropy": 20.884004592895508,
          "acoustic_entropy_side": 21.416109085083008,
          "hz": 567.8308811364784
        },
        {
          "acoustic_entropy": 20.53783416748047,
          "acoustic_entropy_side": 20.69997215270996,
          "hz": 680.1084783214808
        },
        {
          "acoustic_entropy": 21.47041130065918,
          "acoustic_entropy_side": 21.683975219726562,
          "hz": 802.3292461747484
        },
        {
          "acoustic_entropy": 20.646753311157227,
          "acoustic_entropy_side": 21.544919967651367,
          "hz": 935.3737400823702
        },
        {
          "acoustic_entropy": 21.49982452392578,
          "acoustic_entropy_side": 21.28697967529297,
          "hz": 1080.2004963696966
        },
        {
          "acoustic_entropy": 21.050392150878906,
          "acoustic_entropy_side": 21.517627716064453,
          "hz": 1237.8529382007157
        },
        {
          "acoustic_entropy": 21.314298629760742,
          "acoustic_entropy_side": 21.081703186035156,
          "hz": 1409.4668930556702
        },
        {
          "acoustic_entropy": 20.439456939697266,
          "acoustic_entropy_side": 21.30466079711914,
          "hz": 1596.2787759475705
        },
        {
          "acoustic_entropy": 21.46797752380371,
          "acoustic_entropy_side": 21.21646499633789,
          "hz": 1799.6344973346393
        },
        {
          "acoustic_entropy": 21.420116424560547,
          "acoustic_entropy_side": 21.335805892944336,
          "hz": 2020.9991599069049
        },
        {
          "acoustic_entropy": 20.486547470092773,
          "acoustic_entropy_side": 20.929231643676758,
          "hz": 2261.9676141086993
        },
        {
          "acoustic_entropy": 20.803607940673828,
          "acoustic_entropy_side": 20.98986053466797,
          "hz": 2524.2759484456974
        },
        {
          "acoustic_entropy": 21.142091751098633,
          "acoustic_entropy_side": 21.393346786499023,
          "hz": 2809.813997359896
        },
        {
          "acoustic_entropy": 21.482555389404297,
          "acoustic_entropy_side": 21.30876922607422,
