{
  "acoustic_entropy": 106.08164978027344,
  "bands": [
    {
      "high_freq": 148.1999969482422,
      "loudness": -26.838512420654297,
      "loudness_range": 16.11780548095703,
      "mid_mean": -23.864259719848633,
      "mid_to_side_loudness": -6.803181171417236,
      "mid_to_side_loudness_range": 19.82101821899414,
      "side_mean": -70
    },
    {
      "high_freq": 392.3793640136719,
      "loudness": -20.070703506469727,
      "loudness_range": 13.695611000061035,
      "low_freq": 148.1999969482422,
      "mid_mean": -16.65241813659668,
      "mid_to_side_loudness": -8.113204956054688,
      "mid_to_side_loudness_range": 21.582178115844727,
      "side_mean": -69.99999237060547
    },
    {
      "high_freq": 794.6976318359375,
      "loudness": -23.08858871459961,
      "loudness_range": 19.72237205505371,
      "low_freq": 392.3793640136719,
      "mid_mean": -19.70046043395996,
      "mid_to_side_loudness": -6.8359479904174805,
      "mid_to_side_loudness_range": 25.198545455932617,
      "side_mean": -69.99999237060547
    },
    {
      "high_freq": 1457.5709228515625,
      "loudness": -27.410715103149414,
      "loudness_range": 18.284832000732422,
      "low_freq": 794.6976318359375,
      "mid_mean": -24.16663360595703,
      "mid_to_side_loudness": -7.234620094299316,
      "mid_to_side_loudness_range": 29.561206817626953,
      "side_mean": -69.99996948242188
    },
    {
      "high_freq": 2549.74365234375,
      "loudness": -33.16006088256836,
      "loudness_range": 24.071455001831055,
      "low_freq": 1457.5709228515625,
      "mid_mean": -30.026140213012695,
      "mid_to_side_loudness": -8.146889686584473,
      "mid_to_side_loudness_range": 26.637849807739258,
      "side_mean": -69.99995422363281
    },
    {
      "high_freq": 4349.24462890625,
      "loudness": -44.23789978027344,
      "loudness_range": 27.883405685424805,
      "low_freq": 2549.74365234375,
      "mid_mean": -40.9770393371582,
      "mid_to_side_loudness": -11.81428050994873,
      "mid_to_side_loudness_range": 36.301963806152344,
      "side_mean": -69.99901580810547
    },
    {
      "high_freq": 7314.1640625,
      "loudness": -59.14447021484375,
      "loudness_range": 30.984695434570312,
      "low_freq": 4349.24462890625,
      "mid_mean": -60.925777435302734,
      "mid_to_side_loudness": -16.04852867126465,
      "mid_to_side_loudness_range": 44.53139877319336,
      "side_mean": -69.99980926513672
    },
    {
      "high_freq": 12199.2666015625,
      "loudness": -56.81087112426758,
      "loudness_range": 35.75431823730469,
      "low_freq": 7314.1640625,
      "mid_mean": -65.36880493164062,
      "mid_to_side_loudness": -25.576974868774414,
      "mid_to_side_loudness_range": 54.170963287353516,
      "side_mean": -69.99970245361328
    },
    {
      "loudness": -74.07093048095703,
      "loudness_range": 16.726505279541016,
      "low_freq": 12199.2666015625,
      "mid_mean": -67.46973419189453,
      "mid_to_side_loudness": -1.7035316228866577,
      "mid_to_side_loudness_range": 2.3900890350341797,
      "side_mean": -69.01519012451172
    }
  ],
  "bands_short": [
    {
      "high_freq": 148.1999969482422,
      "loudness": -29.98670196533203,
      "loudness_range": 18.402612686157227,
      "mid_mean": -27.41397476196289,
      "mid_to_side_loudness": -4.29844331741333,
      "mid_to_side_loudness_range": 22.604143142700195,
      "side_mean": -70
    },
    {
      "high_freq": 392.3793640136719,
      "loudness": -20.211103439331055,
      "loudness_range": 13.774801254272461,
      "low_freq": 148.1999969482422,
      "mid_mean": -16.844499588012695,
      "mid_to_side_loudness": -6.020635604858398,
      "mid_to_side_loudness_range": 21.390003204345703,
      "side_mean": -69.99999237060547
    },
    {
      "high_freq": 794.6976318359375,
      "loudness": -23.1737060546875,
      "loudness_range": 21.70428466796875,
      "low_freq": 392.3793640136719,
      "mid_mean": -20.01235580444336,
      "mid_to_side_loudness": -3.3213534355163574,
      "mid_to_side_loudness_range": 14.635077476501465,
      "side_mean": -69.99999237060547
    },
    {
      "high_freq": 1457.5709228515625,
      "loudness": -27.133039474487305,
      "loudness_range": 18.95029640197754,
      "low_freq": 794.6976318359375,
      "mid_mean": -24.096372604370117,
      "mid_to_side_loudness": -3.663745164871216,
      "mid_to_side_loudness_range": 14.336084365844727,
      "side_mean": -69.99996948242188
    },
    {
      "high_freq": 2549.74365234375,
      "loudness": -33.50269317626953,
      "loudness_range": 24.944255828857422,
      "low_freq": 1457.5709228515625,
      "mid_mean": -30.472766876220703,
      "mid_to_side_loudness": -3.0850770473480225,
      "mid_to_side_loudness_range": 11.618959426879883,
      "side_mean": -69.99994659423828
    },
    {
      "high_freq": 4349.24462890625,
      "loudness": -45.519859313964844,
      "loudness_range": 30.016958236694336,
      "low_freq": 2549.74365234375,
      "mid_mean": -42.54092788696289,
      "mid_to_side_loudness": -3.914374589920044,
      "mid_to_side_loudness_range": 11.67441463470459,
      "side_mean": -69.99920654296875
    },
    {
      "high_freq": 7314.1640625,
      "loudness": -62.140716552734375,
      "loudness_range": 32.36924362182617,
      "low_freq": 4349.24462890625,
      "mid_mean": -62.669517517089844,
      "mid_to_side_loudness": -3.2428488731384277,
      "mid_to_side_loudness_range": 10.32254695892334,
      "side_mean": -69.99980926513672
    },
    {
      "high_freq": 12199.2666015625,
      "loudness": -59.1068115234375,
      "loudness_range": 35.817996978759766,
      "low_freq": 7314.1640625,
      "mid_mean": -66.72489166259766,
      "mid_to_side_loudness": -4.863158702850342,
      "mid_to_side_loudness_range": 23.49083709716797,
      "side_mean": -69.99970245361328
    },
    {
      "loudness": -75.00202178955078,
      "loudness_range": 7.709617614746094,
      "low_freq": 12199.2666015625,
      "mid_mean": -67.99223327636719,
      "mid_to_side_loudness": -1.6150511503219604,
      "mid_to_side_loudness_range": 3.0822417736053467,
      "side_mean": -69.02647399902344
    }
  ],
  "bandwidth": 525.6723022460938,
  "channels": 2,
  "covariance": [
    [
      55.43861770629883,
      -2.1956595901428955e-06,
      16.418838500976562,
      -7.385131539194845e-06,
      25.75101089477539,
      -5.6073918131005485e-06,
      33.83394241333008,
      0.00013043162471149117,
      35.77475357055664,
      0.00015781873662490398,
      21.57768440246582,
      0.0021942981984466314,
      -2.010610580444336,
      0.00018653627193998545,
      -36.22586441040039,
      -0.0006689580623060465,
      -20.24410629272461,
      0.07774478942155838
    ],
    [
      -2.1956595901428955e-06,
      3.1021303581457715e-11,
      -1.965896672118106e-06,
      6.003020996958597e-11,
      -1.1233021268708399e-06,
      5.3613318645728825e-11,
      -2.4150276658474468e-06,
      3.796977109896821e-13,
      -6.149124942567141e-07,
      -1.3896936552904027e-11,
      -3.494233453693596e-07,
      -1.4879594223415893e-09,
      -1.0961081898130942e-05,
      -6.553582676538383e-11,
      -5.19893956152373e-06,
      4.868483949316271e-10,
      -2.4384100925090024e-06,
      1.6385019563358583e-08
    ],
    [
      16.418838500976562,
      -1.965896672118106e-06,
      32.07196807861328,
      -5.036249604017939e-06,
      27.232040405273438,
      -4.390063622849993e-06,
      26.59905433654785,
      0.00015620150952599943,
      31.402769088745117,
      0.0002195556298829615,
      30.710548400878906,
      0.00192848383449018,
      27.211284637451172,
      0.00022424067719839513,
      5.410735607147217,
      -5.686621807399206e-05,
      -0.3173004686832428,
      0.014534221030771732
    ],
    [
      -7.385131539194845e-06,
      6.003020996958597e-11,
      -5.036249604017939e-06,
      1.8684924441014772e-10,
      -3.3129131224995945e-06,
      1.6820608794709813e-10,
      -5.073918146081269e-06,
      -9.606352172064625e-12,
      -2.0380352907523047e-06,
      -5.676480813177065e-11,
      -1.7416230093658669e-06,
      -4.1758014823756184e-09,
      -3.320735049783252e-05,
      -2.098209661571815e-10,
      -1.5366975276265293e-05,
      1.2478006405913789e-09,
      -6.542470146086998e-06,
      3.1218633012031205e-08
    ],
    [
      25.75101089477539,
      -1.1233021268708399e-06,
      27.232040405273438,
      -3.3129131224995945e-06,
      54.02587890625,
      -2.285916934852139e-06,
      42.577972412109375,
      0.0001304883335251361,
      55.05350112915039,
      0.00017859865329228342,
      52.291046142578125,
      0.011293756775557995,
      40.86072540283203,
      0.0014952090568840504,
      3.2216899394989014,
      0.0003909235820174217,
      -5.39766788482666,
      0.013404582627117634
    ],
    [
      -5.6073918131005485e-06,
      5.3613318645728825e-11,
      -4.390063622849993e-06,
      1.6820608794709813e-10,
      -2.285916934852139e-06,
      1.601185295463381e-10,
      -3.835610186797567e-06,
      -6.037193748392733e-12,
      -1.1072280585722183e-06,
      -5.076558617922444e-11,
      -8.017555614969751e-07,
      -3.726087882682805e-09,
      -2.9376345992204733e-05,
      -1.783440201075237e-10,
      -1.3872685485694092e-05,
      1.188036224952782e-09,
      -5.918970600760076e-06,
      2.9759720021615976e-08
    ],
    [
      33.83394241333008,
      -2.4150276658474468e-06,
      26.59905433654785,
      -5.073918146081269e-06,
      42.577972412109375,
      -3.835610186797567e-06,
      57.286075592041016,
      0.00014097480743657798,
      57.223697662353516,
      0.0001750409574015066,
      50.78603744506836,
      0.010137093253433704,
      31.430286407470703,
      0.0009335695067420602,
      -10.10997200012207,
      -0.001067858887836337,
      -10.886404991149902,
      0.05444291606545448
    ],
    [
      0.00013043162471149117,
      3.796977109896821e-13,
      0.00015620150952599943,
      -9.606352172064625e-12,
      0.0001304883335251361,
      -6.037193748392733e-12,
      0.00014097480743657798,
      4.034367577787634e-07,
      0.00028940269839949906,
      5.78698120534682e-07,
      0.00024390163889620453,
      1.0375240222515458e-08,
      0.0003194364835508168,
      3.6123037006063896e-08,
      9.825661982176825e-05,
      4.8554909426457016e-08,
      -2.0285438949940726e-05,
      -1.965068605613851e-07
    ],
    [
      35.77475357055664,
      -6.149124942567141e-07,
      31.402769088745117,
      -2.0380352907523047e-06,
      55.05350112915039,
      -1.1072280585722183e-06,
      57.223697662353516,
      0.00028940269839949906,
      80.7684097290039,
      0.00041770609095692635,
      71.49117279052734,
      0.012709740549325943,
      50.297271728515625,
      0.0017982005374506116,
      -3.3926095962524414,
      -0.0002534326631575823,
      -11.481668472290039,
      0.03894571214914322
    ],
    [
      0.00015781873662490398,
      -1.3896936552904027e-11,
      0.0002195556298829615,
      -5.676480813177065e-11,
      0.00017859865329228342,
      -5.076558617922444e-11,
      0.0001750409574015066,
      5.78698120534682e-07,
      0.00041770609095692635,
      8.328161129611544e-07,
      0.0003728998126462102,
      3.0159409902807965e-07,
      0.0005317421164363623,
      9.312504545277989e-08,
      0.0002320874627912417,
      1.1496077689798767e-07,
      1.2851603969465941e-05,
      -1.0030651083070552e-06
    ],
    [
      21.57768440246582,
      -3.494233453693596e-07,
      30.710548400878906,
      -1.7416230093658669e-06,
      52.291046142578125,
      -8.017555614969751e-07,
      50.78603744506836,
      0.00024390163889620453,
      71.49117279052734,
      0.0003728998126462102,
      93.2401123046875,
      0.018405482172966003,
      78.08338928222656,
      0.0026079013478010893,
      30.5327091217041,
      0.000777398410718888,
      1.8273359537124634,
      0.011768783442676067
    ],
    [
      0.0021942981984466314,
      -1.4879594223415893e-09,
      0.00192848383449018,
      -4.1758014823756184e-09,
      0.011293756775557995,
      -3.726087882682805e-09,
      0.010137093253433704,
      1.0375240222515458e-08,
      0.012709740549325943,
      3.0159409902807965e-07,
      0.018405482172966003,
      0.00027821812545880675,
      0.01965632475912571,
      2.723506258917041e-05,
      0.013713872991502285,
      5.286212854116457e-06,
      -0.0009376158122904599,
      1.9275816157460213e-05
    ],
    [
      -2.010610580444336,
      -1.0961081898130942e-05,
      27.211284637451172,
      -3.320735049783252e-05,
      40.86072540283203,
      -2.9376345992204733e-05,
      31.430286407470703,
      0.0003194364835508168,
      50.297271728515625,
      0.0005317421164363623,
      78.08338928222656,
      0.01965632475912571,
      106.13725280761719,
      0.0032394747249782085,
      68.83006286621094,
      0.0026609052438288927,
      22.316261291503906,
      0.11657314002513885
    ],
    [
      0.00018653627193998545,
      -6.553582676538383e-11,
      0.00022424067719839513,
      -2.098209661571815e-10,
      0.0014952090568840504,
      -1.783440201075237e-10,
      0.0009335695067420602,
      3.6123037006063896e-08,
      0.0017982005374506116,
      9.312504545277989e-08,
      0.0026079013478010893,
      2.723506258917041e-05,
      0.0032394747249782085,
      4.284720034775091e-06,
      0.002762392396107316,
      1.2947093637194484e-06,
      0.00013084056263323873,
      -4.289830485504353e-06
    ],
    [
      -36.22586441040039,
      -5.19893956152373e-06,
      5.410735607147217,
      -1.5366975276265293e-05,
      3.2216899394989014,
      -1.3872685485694092e-05,
      -10.10997200012207,
      9.825661982176825e-05,
      -3.3926095962524414,
      0.0002320874627912417,
      30.5327091217041,
      0.013713872991502285,
      68.83006286621094,
      0.002762392396107316,
      83.02192687988281,
      0.0038399507757276297,
      36.96413803100586,
      -0.04964170232415199
    ],
    [
      -0.0006689580623060465,
      4.868483949316271e-10,
      -5.686621807399206e-05,
      1.2478006405913789e-09,
      0.0003909235820174217,
      1.188036224952782e-09,
      -0.001067858887836337,
      4.8554909426457016e-08,
      -0.0002534326631575823,
      1.1496077689798767e-07,
      0.000777398410718888,
      5.286212854116457e-06,
      0.0026609052438288927,
      1.2947093637194484e-06,
      0.0038399507757276297,
      3.3261662792938296e-06,
      0.0008829348953440785,
      -1.7659314835327677e-05
    ],
    [
      -20.24410629272461,
      -2.4384100925090024e-06,
      -0.3173004686832428,
      -6.542470146086998e-06,
      -5.39766788482666,
      -5.918970600760076e-06,
      -10.886404991149902,
      -2.0285438949940726e-05,
      -11.481668472290039,
      1.2851603969465941e-05,
      1.8273359537124634,
      -0.0009376158122904599,
      22.316261291503906,
      0.00013084056263323873,
      36.96413803100586,
      0.0008829348953440785,
      26.222705841064453,
      -0.05433768033981323
    ],
    [
      0.07774478942155838,
      1.6385019563358583e-08,
      0.014534221030771732,
      3.1218633012031205e-08,
      0.013404582627117634,
      2.9759720021615976e-08,
      0.05444291606545448,
      -1.965068605613851e-07,
      0.03894571214914322,
      -1.0030651083070552e-06,
      0.011768783442676067,
      1.9275816157460213e-05,
      0.11657314002513885,
      -4.289830485504353e-06,
      -0.04964170232415199,
      -1.7659314835327677e-05,
      -0.05433768033981323,
      0.023154523223638535
    ]
  ],
  "covariance_short": [
    [
      79.7406005859375,
      0,
      13.848326683044434,
      -1.2737750307648121e-12,
      17.370235443115234,
      -7.494451637057864e-08,
      35.35658264160156,
      6.464715988840908e-05,
      30.861446380615234,
      8.156970579875633e-05,
      25.285659790039062,
      -0.005446839611977339,
      3.454935312271118,
      -0.0009516143472865224,
      -29.931379318237305,
      -0.0010273472871631384,
      -10.441327095031738,
      0.05979956313967705
    ],
    [
      0,
      2.0268772771281363e-11,
      0,
      4.372128353802296e-11,
      0,
      3.775652707149746e-11,
      0,
      3.4534796897189857e-12,
      0,
      -1.8380566166320556e-11,
      -1.274860927935606e-08,
      -7.692331771558258e-10,
      -7.493807515857043e-06,
      -9.680381496401935e-11,
      -3.3483752304164227e-06,
      2.298976564674149e-10,
      -1.0308284572602133e-06,
      7.72631914003341e-09
    ],
    [
      13.848326683044434,
      0,
      35.68976593017578,
      3.902832050595162e-12,
      33.22528839111328,
      -2.292674281534346e-07,
      29.199995040893555,
      0.0001734716206556186,
      35.09136199951172,
      0.0002708150423131883,
      34.54804611206055,
      -0.0010206139413639903,
      21.91602325439453,
      -0.0005245657521300018,
      -3.173938035964966,
      -0.0018731013406068087,
      -5.796701431274414,
      0.043199572712183
    ],
    [
      -1.2737750307648121e-12,
      4.372128353802296e-11,
      3.902832050595162e-12,
      2.707505331045468e-10,
      5.513377514948514e-12,
      2.0295366776057477e-10,
      -5.728365373193489e-13,
      1.5614743872904846e-11,
      1.9216425054934677e-13,
      -8.237822229917313e-11,
      -2.5508363421522517e-08,
      -3.705618034643976e-09,
      -3.599175397539511e-05,
      -5.132463898327444e-10,
      -1.6056579625001177e-05,
      9.027943392858617e-10,
      -4.9532668526808266e-06,
      6.855128731331206e-08
    ],
    [
      17.370235443115234,
      0,
      33.22528839111328,
      5.513377514948514e-12,
      66.84029388427734,
      -3.452496954992057e-08,
      49.1186408996582,
      7.486694812541828e-05,
      61.914878845214844,
      0.00011402629024814814,
      60.84089660644531,
      0.006963723339140415,
      39.63727569580078,
      0.001075697597116232,
      -3.865410327911377,
      -0.0015047427732497454,
      -8.637163162231445,
      0.049167729914188385
    ],
    [
      -7.494451637057864e-08,
      3.775652707149746e-11,
      -2.292674281534346e-07,
      2.0295366776057477e-10,
      -3.452496954992057e-08,
      2.126340492569767e-10,
      -3.077828480968492e-08,
      1.6226416044151648e-11,
      -8.859334599264912e-09,
      -6.670648755591202e-11,
      -1.529759252605345e-08,
      -3.3296749801792203e-09,
      -3.227823617635295e-05,
      -4.607071113493788e-10,
      -1.4407602066057734e-05,
      8.244014915170794e-10,
      -4.453386736713583e-06,
      4.748577353552719e-08
    ],
    [
      35.35658264160156,
      0,
      29.199995040893555,
      -5.728365373193489e-13,
      49.1186408996582,
      -3.077828480968492e-08,
      64.37142944335938,
      0.00015886366600170732,
      60.88434982299805,
      0.00025613975594751537,
      59.67190170288086,
      0.007677402812987566,
      34.7972297668457,
      0.0009137912420555949,
      -10.876978874206543,
      -0.0014651237288489938,
      -9.353118896484375,
      0.062146738171577454
    ],
    [
      6.464715988840908e-05,
      3.4534796897189857e-12,
      0.0001734716206556186,
      1.5614743872904846e-11,
      7.486694812541828e-05,
      1.6226416044151648e-11,
      0.00015886366600170732,
      2.8654221750912257e-06,
      0.00030781986424699426,
      4.679618086811388e-06,
      0.0002817099739331752,
      2.955981415198039e-07,
      0.0004042908549308777,
      3.2023095286604075e-07,
      0.00016684744332451373,
      4.440960026386165e-07,
      -1.8240922145196237e-05,
      -1.3679897392648854e-06
    ],
    [
      30.861446380615234,
      0,
      35.09136199951172,
      1.9216425054934677e-13,
      61.914878845214844,
      -8.859334599264912e-09,
      60.88434982299805,
      0.00030781986424699426,
      86.08773803710938,
      0.0005011185421608388,
      77.3104019165039,
      0.012226460501551628,
      52.59093475341797,
      0.0020867527928203344,
      -4.226348876953125,
      8.292438724311069e-05,
      -8.839997291564941,
      0.06289800256490707
    ],
    [
      8.156970579875633e-05,
      -1.8380566166320556e-11,
      0.0002708150423131883,
      -8.237822229917313e-11,
      0.00011402629024814814,
      -6.670648755591202e-11,
      0.00025613975594751537,
      4.679618086811388e-06,
      0.0005011185421608388,
      7.702830771449953e-06,
      0.000459232775028795,
      1.9551328023226233e-06,
      0.0007086440455168486,
      8.53513483889401e-07,
      0.0003328394959680736,
      1.203515921588405e-06,
      -2.5596758860046975e-05,
      -3.6773424199054716e-06
    ],
    [
      25.285659790039062,
      -1.274860927935606e-08,
      34.54804611206055,
      -2.5508363421522517e-08,
      60.84089660644531,
      -1.529759252605345e-08,
      59.67190170288086,
      0.0002817099739331752,
      77.3104019165039,
      0.000459232775028795,
      105.44802856445312,
      0.017983732745051384,
      75.57722473144531,
      0.002880207495763898,
      18.812393188476562,
      -0.001100477296859026,
      -0.32034844160079956,
      0.02874927967786789
    ],
    [
      -0.005446839611977339,
      -7.692331771558258e-10,
      -0.0010206139413639903,
      -3.705618034643976e-09,
      0.006963723339140415,
      -3.3296749801792203e-09,
      0.007677402812987566,
      2.955981415198039e-07,
      0.012226460501551628,
      1.9551328023226233e-06,
      0.017983732745051384,
      0.001595439505763352,
      0.020211417227983475,
      0.00021020168787799776,
      0.016192685812711716,
      4.421612175065093e-05,
      0.0004255551320966333,
      3.5778797609964386e-05
    ],
    [
      3.454935312271118,
      -7.493807515857043e-06,
      21.91602325439453,
      -3.599175397539511e-05,
      39.63727569580078,
      -3.227823617635295e-05,
      34.7972297668457,
      0.0004042908549308777,
      52.59093475341797,
      0.0007086440455168486,
      75.57722473144531,
      0.020211417227983475,
      89.41974639892578,
      0.003898457856848836,
      47.52946472167969,
      0.0026511449832469225,
      13.753350257873535,
      0.08189027011394501
    ],
    [
      -0.0009516143472865224,
      -9.680381496401935e-11,
      -0.0005245657521300018,
      -5.132463898327444e-10,
      0.001075697597116232,
      -4.607071113493788e-10,
      0.0009137912420555949,
      3.2023095286604075e-07,
      0.0020867527928203344,
      8.53513483889401e-07,
      0.002880207495763898,
      0.00021020168787799776,
      0.003898457856848836,
      4.1246512409998104e-05,
      0.0035579409450292587,
      1.3157226931070909e-05,
      0.0002160914009436965,
      -7.584812465211144e-06
    ],
    [
      -29.931379318237305,
      -3.3483752304164227e-06,
      -3.173938035964966,
      -1.6056579625001177e-05,
      -3.865410327911377,
      -1.4407602066057734e-05,
      -10.876978874206543,
      0.00016684744332451373,
      -4.226348876953125,
      0.0003328394959680736,
      18.812393188476562,
      0.016192685812711716,
      47.52946472167969,
      0.0035579409450292587,
      58.73115539550781,
      0.0039270236156880856,
      22.945125579833984,
      -0.07250863313674927
    ],
    [
      -0.0010273472871631384,
      2.298976564674149e-10,
      -0.0018731013406068087,
      9.027943392858617e-10,
      -0.0015047427732497454,
      8.244014915170794e-10,
      -0.0014651237288489938,
      4.440960026386165e-07,
      8.292438724311069e-05,
      1.203515921588405e-06,
      -0.001100477296859026,
      4.421612175065093e-05,
      0.0026511449832469225,
      1.3157226931070909e-05,
      0.0039270236156880856,
      3.0398316084756516e-05,
      0.0005255529540590942,
      -3.20939470839221e-05
    ],
    [
      -10.441327095031738,
      -1.0308284572602133e-06,
      -5.796701431274414,
      -4.9532668526808266e-06,
      -8.637163162231445,
      -4.453386736713583e-06,
      -9.353118896484375,
      -1.8240922145196237e-05,
      -8.839997291564941,
      -2.5596758860046975e-05,
      -0.32034844160079956,
      0.0004255551320966333,
      13.753350257873535,
      0.0002160914009436965,
      22.945125579833984,
      0.0005255529540590942,
      15.192524909973145,
      -0.05408425256609917
    ],
    [
      0.05979956313967705,
      7.72631914003341e-09,
      0.043199572712183,
      6.855128731331206e-08,
      0.049167729914188385,
      4.748577353552719e-08,
      0.062146738171577454,
      -1.3679897392648854e-06,
      0.06289800256490707,
      -3.6773424199054716e-06,
      0.02874927967786789,
      3.5778797609964386e-05,
      0.08189027011394501,
      -7.584812465211144e-06,
      -0.07250863313674927,
      -3.20939470839221e-05,
      -0.05408425256609917,
      0.031073253601789474
    ]
  ],
  "damage": -5.2956156730651855,
  "diff_bandwidth": 599.7691650390625,
  "dissonance": 3.0663939482304423,
  "drr": 6.01632833480835,
  "dynamics": 4.8404011726379395,
  "format": 1245190,
  "frames": 6756288,
  "loudness": -12.91739273071289,
  "loudness_range": 13.592171669006348,
  "loudness_range_short": 15.187800407409668,
  "lowpass_true_peak_15khz": -0.4406333863735199,
  "mastering3_acoustic_entropies": [
    {
      "acoustic_entropy": 5.222052574157715,
      "acoustic_entropy_mono": 5.222052574157715,
      "band_eliminated_acoustic_entropies": [
        {
          "acoustic_entropy": 5.248307704925537,
          "acoustic_entropy_side": 5.222052574157715,
          "hz": 129.47220167065723
        },
        {
          "acoustic_entropy": 5.238460540771484,
          "acoustic_entropy_side": 5.222052574157715,
          "hz": 202.92927478742237
        },
        {
          "acoustic_entropy": 5.231494903564453,
          "acoustic_entropy_side": 5.222052574157715,
          "hz": 282.89161906338205
        },
        {
          "acoustic_entropy": 5.295101642608643,
          "acoustic_entropy_side": 5.222052574157715,
          "hz": 369.9353335868758
        },
        {
          "acoustic_entropy": 5.540675640106201,
          "acoustic_entropy_side": 5.222052574157715,
          "hz": 464.6875360973435
        },
        {
          "acoustic_entropy": 4.744924068450928,
          "acoustic_entropy_side": 5.222052574157715,
          "hz": 567.8308811364784
        },
        {
          "acoustic_entropy": 5.673961639404297,
          "acoustic_entropy_side": 5.222052574157715,
          "hz": 680.1084783214808
        },
        {
          "acoustic_entropy": 5.378894329071045,
          "acoustic_entropy_side": 5.222052574157715,
          "hz": 802.3292461747484
        },
        {
          "acoustic_entropy": 4.941922664642334,
          "acoustic_entropy_side": 5.222052574157715,
          "hz": 935.3737400823702
        },
        {
          "acoustic_entropy": 5.2230987548828125,
          "acoustic_entropy_side": 5.222052574157715,
          "hz": 1080.2004963696966
        },
        {
          "acoustic_entropy": 5.177853107452393,
          "acoustic_entropy_side": 5.222052574157715,
          "hz": 1237.8529382007157
        },
        {
          "acoustic_entropy": 5.549038410186768,
          "acoustic_entropy_side": 5.222052574157715,
          "hz": 1409.4668930556702
        },
        {
          "acoustic_entropy": 5.600605487823486,
          "acoustic_entropy_side": 5.222052574157715,
          "hz": 1596.2787759475705
        },
        {
          "acoustic_entropy": 5.295825481414795,
          "acoustic_entropy_side": 5.222052574157715,
          "hz": 1799.6344973346393
        },
        {
          "acoustic_entropy": 5.128246307373047,
          "acoustic_entropy_side": 5.222052574157715,
          "hz": 2020.9991599069049
        },
        {
          "acoustic_entropy": 5.1575798988342285,
          "acoustic_entropy_side": 5.222052574157715,
          "hz": 2261.9676141086993
        },
        {
          "acoustic_entropy": 5.224132061004639,
          "acoustic_entropy_side": 5.222052574157715,
          "hz": 2524.2759484456974
        },
        {
          "acoustic_entropy": 5.297696590423584,
          "acoustic_entropy_side": 5.222052574157715,
          "hz": 2809.813997359896
        },
        {
          "acoustic_entropy": 5.093449115753174,
          "acoustic_entropy_side": 5.222052574157715,
          "hz": 3120.6389567871424
        },
        {
          "acoustic_entropy": 5.256678581237793,
          "acoustic_entropy_side": 5.222052574157715,
          "hz": 3458.990205492291
        },
        {
          "acoustic_entropy": 5.248557090759277,
          "acoustic_entropy_side": 5.222052574157715,
          "hz": 3827.305438964164
        },
        {
          "acoustic_entropy": 5.229287147521973,
          "acoustic_entropy_side": 5.222052574157715,
          "hz": 4228.238232109126
        },
        {
          "acoustic_entropy": 5.226014137268066,
          "acoustic_entropy_side": 5.222052574157715,
          "hz": 4664.6771572759235
        },
        {
          "acoustic_entropy": 5.224174976348877,
          "acoustic_entropy_side": 5.222052574157715,
          "hz": 5139.766595350093
        },
        {
          "acoustic_entropy": 5.2226948738098145,
          "acoustic_entropy_side": 5.222052574157715,
          "hz": 5656.929389854203
        },
        {
          "acoustic_entropy": 5.222158908843994,
          "acoustic_entropy_side": 5.222052574157715,
          "hz": 6219.891507268283
        },
        {
          "acoustic_entropy": 5.222078323364258,
          "acoustic_entropy_side": 5.222052574157715,
          "hz": 6832.70888123896
        },
        {
          "acoustic_entropy": 5.222297191619873,
          "acoustic_entropy_side": 5.222052574157715,
          "hz": 7499.796634079867
        },
        {
          "acoustic_entropy": 5.222851753234863,
          "acoustic_entropy_side": 5.222052574157715,
          "hz": 8225.96088609342
        },
        {
          "acoustic_entropy": 5.225804328918457,
          "acoustic_entropy_side": 5.222052574157715,
          "hz": 9016.43338188839
        },
        {
          "acoustic_entropy": 5.224294662475586,
          "acoustic_entropy_side": 5.222052574157715,
          "hz": 9876.909183162974
        },
        {
          "acoustic_entropy": 5.222965240478516,
          "acoustic_entropy_side": 5.222052574157715,
          "hz": 10813.587699516042
        },
        {
          "acoustic_entropy": 5.223301887512207,
          "acoustic_entropy_side": 5.222052574157715,
          "hz": 11833.21735289826
        },
        {
          "acoustic_entropy": 5.222535610198975,
          "acoustic_entropy_side": 5.222052574157715,
          "hz": 12943.144197493959
        },
        {
          "acoustic_entropy": 5.222285747528076,
          "acoustic_entropy_side": 5.222052574157715,
          "hz": 14151.364845322005
        },
        {
          "acoustic_entropy": 5.222253799438477,
          "acoustic_entropy_side": 5.222052574157715,
          "hz": 15466.58407886509
        },
        {
          "acoustic_entropy": 5.2220964431762695,
          "acoustic_entropy_side": 5.222052574157715,
          "hz": 16898.27756580493
        },
        {
          "acoustic_entropy": 5.222067356109619,
          "acoustic_entropy_side": 5.222052574157715,
          "hz": 18456.760127700032
        },
        {
          "acoustic_entropy": 5.222054958343506,
          "acoustic_entropy_side": 5.222052574157715,
          "hz": 20153.260054456492
        },
        {
          "acoustic_entropy": 5.222052574157715,
          "acoustic_entropy_side": 5.222052574157715,
          "hz": 22000.00000000001
        }
      ],
      "diff_acoustic_entropy": 2.946871757507324,
      "sn": 6
    },
    {
      "acoustic_entropy": 7.178846836090088,
      "acoustic_entropy_mono": 7.178846836090088,
      "band_eliminated_acoustic_entropies": [
        {
          "acoustic_entropy": 7.040995121002197,
          "acoustic_entropy_side": 7.178846836090088,
          "hz": 129.47220167065723
        },
        {
          "acoustic_entropy": 7.3036346435546875,
          "acoustic_entropy_side": 7.178846836090088,
          "hz": 202.92927478742237
        },
        {
          "acoustic_entropy": 7.725025653839111,
          "acoustic_entropy_side": 7.178846836090088,
          "hz": 282.89161906338205
        },
        {
          "acoustic_entropy": 7.8492021560668945,
          "acoustic_entropy_side": 7.178846836090088,
          "hz": 369.9353335868758
        },
        {
          "acoustic_entropy": 7.962986469268799,
          "acoustic_entropy_side": 7.178846836090088,
          "hz": 464.6875360973435
        },
        {
          "acoustic_entropy": 7.429248332977295,
          "acoustic_entropy_side": 7.178846836090088,
          "hz": 567.8308811364784
        },
        {
          "acoustic_entropy": 8.053583145141602,
          "acoustic_entropy_side": 7.178846836090088,
          "hz": 680.1084783214808
        },
        {
          "acoustic_entropy": 7.696899890899658,
          "acoustic_entropy_side": 7.178846836090088,
          "hz": 802.3292461747484
        },
        {
          "acoustic_entropy": 6.831001281738281,
          "acoustic_entropy_side": 7.178846836090088,
          "hz": 935.3737400823702
        },
        {
          "acoustic_entropy": 7.493338584899902,
          "acoustic_entropy_side": 7.178846836090088,
          "hz": 1080.2004963696966
        },
        {
          "acoustic_entropy": 7.170932769775391,
          "acoustic_entropy_side": 7.178846836090088,
          "hz": 1237.8529382007157
        },
        {
          "acoustic_entropy": 7.528317928314209,
          "acoustic_entropy_side": 7.178846836090088,
          "hz": 1409.4668930556702
        },
        {
          "acoustic_entropy": 7.380922794342041,
          "acoustic_entropy_side": 7.178846836090088,
          "hz": 1596.2787759475705
        },
        {
          "acoustic_entropy": 7.372062683105469,
          "acoustic_entropy_side": 7.178846836090088,
          "hz": 1799.6344973346393
        },
        {
          "acoustic_entropy": 7.368771553039551,
          "acoustic_entropy_side": 7.178846836090088,
          "hz": 2020.9991599069049
        },
        {
          "acoustic_entropy": 7.285349369049072,
          "acoustic_entropy_side": 7.178846836090088,
          "hz": 2261.9676141086993
        },
        {
          "acoustic_entropy": 7.154101371765137,
          "acoustic_entropy_side": 7.178846836090088,
          "hz": 2524.2759484456974
        },
        {
          "acoustic_entropy": 6.678729057312012,
          "acoustic_entropy_side": 7.178846836090088,
          "hz": 2809.813997359896
        },
        {
          "acoustic_entropy": 7.13273811340332,
          "acoustic_entropy_side": 7.178846836090088,
          "hz": 3120.6389567871424
        },
        {
          "acoustic_entropy": 7.079356670379639,
          "acoustic_entropy_side": 7.178846836090088,
          "hz": 3458.990205492291
        },
        {
          "acoustic_entropy": 7.252795696258545,
          "acoustic_entropy_side": 7.178846836090088,
          "hz": 3827.305438964164
        },
        {
          "acoustic_entropy": 7.219051361083984,
          "acoustic_entropy_side": 7.178846836090088,
          "hz": 4228.238232109126
        },
        {
          "acoustic_entropy": 7.187477111816406,
          "acoustic_entropy_side": 7.178846836090088,
          "hz": 4664.6771572759235
        },
        {
          "acoustic_entropy": 7.174700736999512,
          "acoustic_entropy_side": 7.178846836090088,
          "hz": 5139.766595350093
        },
        {
          "acoustic_entropy": 7.177079200744629,
          "acoustic_entropy_side": 7.178846836090088,
          "hz": 5656.929389854203
        },
        {
          "acoustic_entropy": 7.178432941436768,
          "acoustic_entropy_side": 7.178846836090088,
          "hz": 6219.891507268283
        },
        {
          "acoustic_entropy": 7.177463054656982,
          "acoustic_entropy_side": 7.178846836090088,
          "hz": 6832.70888123896
        },
        {
          "acoustic_entropy": 7.173678398132324,
          "acoustic_entropy_side": 7.178846836090088,
          "hz": 7499.796634079867
        },
        {
          "acoustic_entropy": 7.186872482299805,
          "acoustic_entropy_side": 7.178846836090088,
          "hz": 8225.96088609342
        },
        {
          "acoustic_entropy": 7.279382705688477,
          "acoustic_entropy_side": 7.178846836090088,
          "hz": 9016.43338188839
        },
        {
          "acoustic_entropy": 7.266515254974365,
          "acoustic_entropy_side": 7.178846836090088,
          "hz": 9876.909183162974
        },
        {
          "acoustic_entropy": 7.209609508514404,
          "acoustic_entropy_side": 7.178846836090088,
          "hz": 10813.587699516042
        },
        {
          "acoustic_entropy": 7.18628454208374,
          "acoustic_entropy_side": 7.178846836090088,
          "hz": 11833.21735289826
        },
        {
          "acoustic_entropy": 7.1962080001831055,
          "acoustic_entropy_side": 7.178846836090088,
          "hz": 12943.144197493959
        },
        {
          "acoustic_entropy": 7.183614730834961,
          "acoustic_entropy_side": 7.178846836090088,
          "hz": 14151.364845322005
        },
        {
          "acoustic_entropy": 7.178287029266357,
          "acoustic_entropy_side": 7.178846836090088,
          "hz": 15466.58407886509
        },
        {
          "acoustic_entropy": 7.178574562072754,
          "acoustic_entropy_side": 7.178846836090088,
          "hz": 16898.27756580493
        },
        {
          "acoustic_entropy": 7.178858757019043,
          "acoustic_entropy_side": 7.178846836090088,
          "hz": 18456.760127700032
        },
        {
          "acoustic_entropy": 7.178859710693359,
          "acoustic_entropy_side": 7.178846836090088,
          "hz": 20153.260054456492
        },
        {
          "acoustic_entropy": 7.178845405578613,
          "acoustic_entropy_side": 7.178846836090088,
          "hz": 22000.00000000001
        }
      ],
      "diff_acoustic_entropy": 4.176506996154785,
      "sn": 12
    },
    {
      "acoustic_entropy": 11.543931007385254,
      "acoustic_entropy_mono": 11.543931007385254,
      "band_eliminated_acoustic_entropies": [
        {
          "acoustic_entropy": 11.070527076721191,
          "acoustic_entropy_side": 11.543931007385254,
          "hz": 129.47220167065723
        },
        {
          "acoustic_entropy": 12.021917343139648,
          "acoustic_entropy_side": 11.543931007385254,
          "hz": 202.92927478742237
        },
        {
          "acoustic_entropy": 11.5945463180542,
          "acoustic_entropy_side": 11.543931007385254,
          "hz": 282.89161906338205
        },
        {
          "acoustic_entropy": 11.207832336425781,
          "acoustic_entropy_side": 11.543931007385254,
          "hz": 369.9353335868758
        },
        {
          "acoustic_entropy": 11.307759284973145,
          "acoustic_entropy_side": 11.543931007385254,
          "hz": 464.6875360973435
        },
        {
          "acoustic_entropy": 11.496155738830566,
          "acoustic_entropy_side": 11.543931007385254,
          "hz": 567.8308811364784
        },
        {
          "acoustic_entropy": 11.126850128173828,
          "acoustic_entropy_side": 11.543931007385254,
          "hz": 680.1084783214808
        },
        {
          "acoustic_entropy": 11.282374382019043,
          "acoustic_entropy_side": 11.543931007385254,
          "hz": 802.3292461747484
        },
        {
