{
  "acoustic_entropy": 154.53750610351562,
  "bands": [
    {
      "high_freq": 148.1999969482422,
      "loudness": -54.07883071899414,
      "loudness_range": 19.82921600341797,
      "mid_mean": -51.8873176574707,
      "mid_to_side_loudness": -19.788206100463867,
      "mid_to_side_loudness_range": 15.170138359069824,
      "side_mean": -66.61296081542969
    },
    {
      "high_freq": 392.3793640136719,
      "loudness": -43.89653778076172,
      "loudness_range": 26.287668228149414,
      "low_freq": 148.1999969482422,
      "mid_mean": -40.53583526611328,
      "mid_to_side_loudness": -15.446136474609375,
      "mid_to_side_loudness_range": 19.61038589477539,
      "side_mean": -56.95187759399414
    },
    {
      "high_freq": 794.6976318359375,
      "loudness": -35.25082778930664,
      "loudness_range": 18.807533264160156,
      "low_freq": 392.3793640136719,
      "mid_mean": -31.836875915527344,
      "mid_to_side_loudness": -14.552412986755371,
      "mid_to_side_loudness_range": 17.180667877197266,
      "side_mean": -47.12073516845703
    },
    {
      "high_freq": 1457.5709228515625,
      "loudness": -36.274253845214844,
      "loudness_range": 20.38756561279297,
      "low_freq": 794.6976318359375,
      "mid_mean": -32.92865753173828,
      "mid_to_side_loudness": -15.239013671875,
      "mid_to_side_loudness_range": 18.415626525878906,
      "side_mean": -50.75045394897461
    },
    {
      "high_freq": 2549.74365234375,
      "loudness": -37.128501892089844,
      "loudness_range": 16.250062942504883,
      "low_freq": 1457.5709228515625,
      "mid_mean": -33.72342300415039,
      "mid_to_side_loudness": -14.131166458129883,
      "mid_to_side_loudness_range": 17.148174285888672,
      "side_mean": -50.75954818725586
    },
    {
      "high_freq": 4349.24462890625,
      "loudness": -42.741798400878906,
      "loudness_range": 11.54751968383789,
      "low_freq": 2549.74365234375,
      "mid_mean": -39.201839447021484,
      "mid_to_side_loudness": -16.41411590576172,
      "mid_to_side_loudness_range": 20.789783477783203,
      "side_mean": -57.867000579833984
    },
    {
      "high_freq": 7314.1640625,
      "loudness": -53.90777587890625,
      "loudness_range": 14.68759536743164,
      "low_freq": 4349.24462890625,
      "mid_mean": -51.84101867675781,
      "mid_to_side_loudness": -20.243139266967773,
      "mid_to_side_loudness_range": 25.877798080444336,
      "side_mean": -67.34093475341797
    },
    {
      "high_freq": 12199.2666015625,
      "loudness": -60.76076126098633,
      "loudness_range": 2.3042259216308594,
      "low_freq": 7314.1640625,
      "mid_mean": -57.87359619140625,
      "mid_to_side_loudness": -19.99420166015625,
      "mid_to_side_loudness_range": 43.52025604248047,
      "side_mean": -69.97318267822266
    },
    {
      "loudness": -62.70687484741211,
      "loudness_range": 2.403942108154297,
      "low_freq": 12199.2666015625,
      "mid_mean": -59.49987030029297,
      "mid_to_side_loudness": -38.30239486694336,
      "mid_to_side_loudness_range": 51.75404357910156,
      "side_mean": -69.98259735107422
    }
  ],
  "bands_short": [
    {
      "high_freq": 148.1999969482422,
      "loudness": -57.331031799316406,
      "loudness_range": 18.20189666748047,
      "mid_mean": -54.831268310546875,
      "mid_to_side_loudness": -20.396516799926758,
      "mid_to_side_loudness_range": 21.628782272338867,
      "side_mean": -67.89559936523438
    },
    {
      "high_freq": 392.3793640136719,
      "loudness": -44.690185546875,
      "loudness_range": 27.576562881469727,
      "low_freq": 148.1999969482422,
      "mid_mean": -41.28447723388672,
      "mid_to_side_loudness": -15.84496784210205,
      "mid_to_side_loudness_range": 20.17169952392578,
      "side_mean": -57.588768005371094
    },
    {
      "high_freq": 794.6976318359375,
      "loudness": -36.27540588378906,
      "loudness_range": 20.293800354003906,
      "low_freq": 392.3793640136719,
      "mid_mean": -32.97340774536133,
      "mid_to_side_loudness": -13.84356689453125,
      "mid_to_side_loudness_range": 19.062110900878906,
      "side_mean": -47.68342971801758
    },
    {
      "high_freq": 1457.5709228515625,
      "loudness": -36.56928253173828,
      "loudness_range": 21.07840919494629,
      "low_freq": 794.6976318359375,
      "mid_mean": -33.27249526977539,
      "mid_to_side_loudness": -14.953187942504883,
      "mid_to_side_loudness_range": 20.541099548339844,
      "side_mean": -51.01154327392578
    },
    {
      "high_freq": 2549.74365234375,
      "loudness": -37.632389068603516,
      "loudness_range": 17.96135139465332,
      "low_freq": 1457.5709228515625,
      "mid_mean": -34.25983428955078,
      "mid_to_side_loudness": -13.93316650390625,
      "mid_to_side_loudness_range": 18.768842697143555,
      "side_mean": -51.11300277709961
    },
    {
      "high_freq": 4349.24462890625,
      "loudness": -43.15591049194336,
      "loudness_range": 12.968280792236328,
      "low_freq": 2549.74365234375,
      "mid_mean": -39.637325286865234,
      "mid_to_side_loudness": -16.264699935913086,
      "mid_to_side_loudness_range": 21.716733932495117,
      "side_mean": -58.09758758544922
    },
    {
      "high_freq": 7314.1640625,
      "loudness": -54.145835876464844,
      "loudness_range": 14.914817810058594,
      "low_freq": 4349.24462890625,
      "mid_mean": -52.05290985107422,
      "mid_to_side_loudness": -20.09834861755371,
      "mid_to_side_loudness_range": 26.563674926757812,
      "side_mean": -67.4185562133789
    },
    {
      "high_freq": 12199.2666015625,
      "loudness": -60.749874114990234,
      "loudness_range": 2.7983970642089844,
      "low_freq": 7314.1640625,
      "mid_mean": -57.881099700927734,
      "mid_to_side_loudness": -29.159500122070312,
      "mid_to_side_loudness_range": 64.35474395751953,
      "side_mean": -69.9729995727539
    },
    {
      "loudness": -62.637752532958984,
      "loudness_range": 2.9344940185546875,
      "low_freq": 12199.2666015625,
      "mid_mean": -59.468650817871094,
      "mid_to_side_loudness": -27.05918312072754,
      "mid_to_side_loudness_range": 47.86628341674805,
      "side_mean": -69.98241424560547
    }
  ],
  "bandwidth": 849.8194580078125,
  "channels": 2,
  "covariance": [
    [
      71.54324340820312,
      27.250598907470703,
      48.73726272583008,
      54.75176239013672,
      21.724210739135742,
      25.83285903930664,
      31.031898498535156,
      54.27444076538086,
      25.642534255981445,
      50.594913482666016,
      14.05496597290039,
      28.39370346069336,
      47.92762756347656,
      12.05478286743164,
      21.6210880279541,
      -0.06252053380012512,
      17.379335403442383,
      -0.09926504641771317
    ],
    [
      27.250598907470703,
      16.819194793701172,
      27.631196975708008,
      24.2668514251709,
      10.400069236755371,
      11.013233184814453,
      15.524397850036621,
      16.888010025024414,
      13.504446029663086,
      15.818290710449219,
      6.865949630737305,
      7.700729846954346,
      16.358173370361328,
      6.007986068725586,
      3.6309139728546143,
      -0.05262526497244835,
      2.2310047149658203,
      -0.034698206931352615
    ],
    [
      48.73726272583008,
      27.631196975708008,
      94.80935668945312,
      70.43412017822266,
      29.935199737548828,
      29.09429359436035,
      41.88568115234375,
      36.15517807006836,
      32.45777893066406,
      31.45979118347168,
      21.298709869384766,
      15.492227554321289,
      30.464405059814453,
      13.31301212310791,
      1.5273712873458862,
      -0.2213534563779831,
      -0.9036938548088074,
      -0.10701204836368561
    ],
    [
      54.75176239013672,
      24.2668514251709,
      70.43412017822266,
      78.34699249267578,
      23.5502872467041,
      23.494789123535156,
      34.368099212646484,
      49.79245376586914,
      26.232091903686523,
      42.59647750854492,
      15.118400573730469,
      23.884384155273438,
      40.98744583129883,
      12.545838356018066,
      12.954257011413574,
      -0.1580539047718048,
      9.541792869567871,
      -0.09970088303089142
    ],
    [
      21.724210739135742,
      10.400069236755371,
      29.935199737548828,
      23.5502872467041,
      44.78090286254883,
      33.03709411621094,
      34.548179626464844,
      30.244890213012695,
      27.420513153076172,
      20.760005950927734,
      14.489583015441895,
      8.08960247039795,
      18.231901168823242,
      7.702738285064697,
      2.7740511894226074,
      -0.06441003084182739,
      1.2833552360534668,
      -0.05225367099046707
    ],
    [
      25.83285903930664,
      11.013233184814453,
      29.09429359436035,
      23.494789123535156,
      33.03709411621094,
      43.972896575927734,
      26.54311752319336,
      35.1080322265625,
      20.460464477539062,
      25.535213470458984,
      12.341758728027344,
      11.768351554870605,
      19.647560119628906,
      7.55031681060791,
      6.059506416320801,
      -0.0647030919790268,
      4.413650035858154,
      -0.08581516146659851
    ],
    [
      31.031898498535156,
      15.524397850036621,
      41.88568115234375,
      34.368099212646484,
      34.548179626464844,
      26.54311752319336,
      54.41752624511719,
      40.830352783203125,
      35.928829193115234,
      26.77989387512207,
      17.893842697143555,
      11.734848022460938,
      22.860576629638672,
      8.845246315002441,
      3.3635032176971436,
      -0.08783765137195587,
      1.5107333660125732,
      -0.06398812681436539
    ],
    [
      54.27444076538086,
      16.888010025024414,
      36.15517807006836,
      49.79245376586914,
      30.244890213012695,
      35.1080322265625,
      40.830352783203125,
      76.60502624511719,
      27.244976043701172,
      57.6976318359375,
      16.541950225830078,
      31.754106521606445,
      49.69485092163086,
      12.917779922485352,
      23.70573616027832,
      -0.052156001329422,
      19.46869659423828,
      -0.09918709844350815
    ],
    [
      25.642534255981445,
      13.504446029663086,
      32.45777893066406,
      26.232091903686523,
      27.420513153076172,
      20.460464477539062,
      35.928829193115234,
      27.244976043701172,
      36.90428161621094,
      26.76201820373535,
      18.408573150634766,
      12.04912281036377,
      21.369976043701172,
      8.922252655029297,
      2.398195266723633,
      -0.04359409585595131,
      0.8803765177726746,
      -0.04121655225753784
    ],
    [
      50.594913482666016,
      15.818290710449219,
      31.45979118347168,
      42.59647750854492,
      20.760005950927734,
      25.535213470458984,
      26.77989387512207,
      57.6976318359375,
      26.76201820373535,
      59.6953239440918,
      16.577674865722656,
      32.747283935546875,
      49.398780822753906,
      12.487784385681152,
      23.24725914001465,
      -0.02191609889268875,
      19.130441665649414,
      -0.08428290486335754
    ],
    [
      14.05496597290039,
      6.865949630737305,
      21.298709869384766,
      15.118400573730469,
      14.489583015441895,
      12.341758728027344,
      17.893842697143555,
      16.541950225830078,
      18.408573150634766,
      16.577674865722656,
      20.301149368286133,
      11.979251861572266,
      14.956305503845215,
      5.322843551635742,
      3.4854073524475098,
      0.0028553262818604708,
      2.467956304550171,
      -0.013661381788551807
    ],
    [
      28.39370346069336,
      7.700729846954346,
      15.492227554321289,
      23.884384155273438,
      8.08960247039795,
      11.768351554870605,
      11.734848022460938,
      31.754106521606445,
      12.04912281036377,
      32.747283935546875,
      11.979251861572266,
      24.100812911987305,
      29.232881546020508,
      6.597373008728027,
      15.820235252380371,
      0.03393251821398735,
      13.395767211914062,
      -0.03475135937333107
    ],
    [
      47.92762756347656,
      16.358173370361328,
      30.464405059814453,
      40.98744583129883,
      18.231901168823242,
      19.647560119628906,
      22.860576629638672,
      49.69485092163086,
      21.369976043701172,
      49.398780822753906,
      14.956305503845215,
      29.232881546020508,
      52.52772903442383,
      13.586100578308105,
      21.882362365722656,
      0.011431100778281689,
      17.773712158203125,
      -0.07034222781658173
    ],
    [
      12.05478286743164,
      6.007986068725586,
      13.31301212310791,
      12.545838356018066,
      7.702738285064697,
      7.55031681060791,
      8.845246315002441,
      12.917779922485352,
      8.922252655029297,
      12.487784385681152,
      5.322843551635742,
      6.597373008728027,
      13.586100578308105,
      6.806182384490967,
      2.8816206455230713,
      0.020158566534519196,
      1.8830934762954712,
      -0.002422699937596917
    ],
    [
      21.6210880279541,
      3.6309139728546143,
      1.5273712873458862,
      12.954257011413574,
      2.7740511894226074,
      6.059506416320801,
      3.3635032176971436,
      23.70573616027832,
      2.398195266723633,
      23.24725914001465,
      3.4854073524475098,
      15.820235252380371,
      21.882362365722656,
      2.8816206455230713,
      16.612499237060547,
      0.03245345503091812,
      14.570799827575684,
      -0.04279540479183197
    ],
    [
      -0.06252053380012512,
      -0.05262526497244835,
      -0.2213534563779831,
      -0.1580539047718048,
      -0.06441003084182739,
      -0.0647030919790268,
      -0.08783765137195587,
      -0.052156001329422,
      -0.04359409585595131,
      -0.02191609889268875,
      0.0028553262818604708,
      0.03393251821398735,
      0.011431100778281689,
      0.020158566534519196,
      0.03245345503091812,
      0.009312674403190613,
      0.03582876920700073,
      0.004046740476042032
    ],
    [
      17.379335403442383,
      2.2310047149658203,
      -0.9036938548088074,
      9.541792869567871,
      1.2833552360534668,
      4.413650035858154,
      1.5107333660125732,
      19.46869659423828,
      0.8803765177726746,
      19.130441665649414,
      2.467956304550171,
      13.395767211914062,
      17.773712158203125,
      1.8830934762954712,
      14.570799827575684,
      0.03582876920700073,
      12.91893196105957,
      -0.03381030634045601
    ],
    [
      -0.09926504641771317,
      -0.034698206931352615,
      -0.10701204836368561,
      -0.09970088303089142,
      -0.05225367099046707,
      -0.08581516146659851,
      -0.06398812681436539,
      -0.09918709844350815,
      -0.04121655225753784,
      -0.08428290486335754,
      -0.013661381788551807,
      -0.03475135937333107,
      -0.07034222781658173,
      -0.002422699937596917,
      -0.04279540479183197,
      0.004046740476042032,
      -0.03381030634045601,
      0.002367747714743018
    ]
  ],
  "covariance_short": [
    [
      51.82171630859375,
      11.44208812713623,
      36.56679916381836,
      40.45182800292969,
      17.509490966796875,
      20.462255477905273,
      22.338918685913086,
      43.43757629394531,
      18.4830322265625,
      39.17184829711914,
      9.484419822692871,
      21.787132263183594,
      37.90782928466797,
      8.856825828552246,
      18.15909194946289,
      -0.030512506142258644,
      14.85489273071289,
      -0.07604485750198364
    ],
    [
      11.44208812713623,
      9.18132495880127,
      17.518875122070312,
      15.314238548278809,
      7.178764343261719,
      7.240694999694824,
      9.542993545532227,
      10.824294090270996,
      8.33540153503418,
      9.927382469177246,
      3.627941370010376,
      3.9209554195404053,
      10.474388122558594,
      4.101962566375732,
      2.0273847579956055,
      -0.030451733618974686,
      1.1159100532531738,
      -0.019772380590438843
    ],
    [
      36.56679916381836,
      17.518875122070312,
      102.70604705810547,
      72.01399230957031,
      29.5545597076416,
      30.52190399169922,
      42.6472053527832,
      36.2420768737793,
      34.97837829589844,
      32.568519592285156,
      21.66683006286621,
      14.811248779296875,
      29.872577667236328,
      13.019783020019531,
      0.9527933597564697,
      -0.2081308513879776,
      -1.5352418422698975,
      -0.10159455984830856
    ],
    [
      40.45182800292969,
      15.314238548278809,
      72.01399230957031,
      79.0040283203125,
      22.686832427978516,
      23.612871170043945,
      33.5659065246582,
      47.106285095214844,
      27.509639739990234,
      41.36111068725586,
      16.28487777709961,
      22.829586029052734,
      39.38590621948242,
      11.833775520324707,
      11.993317604064941,
      -0.14977316558361053,
      8.70964241027832,
      -0.09528045356273651
    ],
    [
      17.509490966796875,
      7.178764343261719,
      29.5545597076416,
      22.686832427978516,
      55.03964614868164,
      34.193233489990234,
      33.669124603271484,
      30.67198944091797,
      28.59766387939453,
      21.671485900878906,
      15.947601318359375,
      8.685433387756348,
      19.003887176513672,
      7.4802350997924805,
      3.256746768951416,
      -0.06612557172775269,
      1.7368710041046143,
      -0.05196661874651909
    ],
    [
      20.462255477905273,
      7.240694999694824,
      30.52190399169922,
      23.612871170043945,
      34.193233489990234,
      50.032562255859375,
      25.1328125,
      35.785179138183594,
      20.474756240844727,
      26.66749382019043,
      13.011507034301758,
      12.453829765319824,
      19.932321548461914,
      7.245937347412109,
      6.257811546325684,
      -0.07562614232301712,
      4.589161396026611,
      -0.0908680334687233
    ],
    [
      22.338918685913086,
      9.542993545532227,
      42.6472053527832,
      33.5659065246582,
      33.669124603271484,
      25.1328125,
      60.0853271484375,
      38.862953186035156,
      37.20766830444336,
      25.716745376586914,
      19.22273826599121,
      11.530632972717285,
      23.160066604614258,
      8.31810474395752,
      3.105994462966919,
      -0.09844686090946198,
      1.1770719289779663,
      -0.0662207305431366
    ],
    [
      43.43757629394531,
      10.824294090270996,
      36.2420768737793,
      47.106285095214844,
      30.67198944091797,
      35.785179138183594,
      38.862953186035156,
      77.85063934326172,
      27.886024475097656,
      56.55158996582031,
      16.40890884399414,
      31.09909439086914,
      48.45174026489258,
      12.266886711120605,
      23.038631439208984,
      -0.06330765038728714,
      18.94709014892578,
      -0.10374774783849716
    ],
    [
      18.4830322265625,
      8.33540153503418,
      34.97837829589844,
      27.509639739990234,
      28.59766387939453,
      20.474756240844727,
      37.20766830444336,
      27.886024475097656,
      43.07653045654297,
      27.034896850585938,
      20.172183990478516,
      11.909624099731445,
      22.200809478759766,
      8.642033576965332,
      2.4337449073791504,
      -0.045370399951934814,
      0.8382907509803772,
      -0.04165855422616005
    ],
    [
      39.17184829711914,
      9.927382469177246,
      32.568519592285156,
      41.36111068725586,
      21.671485900878906,
      26.66749382019043,
      25.716745376586914,
      56.55158996582031,
      27.034896850585938,
      61.482303619384766,
      16.67597198486328,
      31.75324249267578,
      47.74240493774414,
      11.980284690856934,
      22.61175537109375,
      -0.02187490090727806,
      18.6085262298584,
      -0.08451622724533081
    ],
    [
      9.484419822692871,
      3.627941370010376,
      21.66683006286621,
      16.28487777709961,
      15.947601318359375,
      13.011507034301758,
      19.22273826599121,
      16.40890884399414,
      20.172183990478516,
      16.67597198486328,
      25.23129653930664,
      11.711928367614746,
      16.730878829956055,
      5.0801777839660645,
      3.871114730834961,
      0.00044167376472614706,
      2.7101569175720215,
      -0.0143319983035326
    ],
    [
      21.787132263183594,
      3.9209554195404053,
      14.811248779296875,
      22.829586029052734,
      8.685433387756348,
      12.453829765319824,
      11.530632972717285,
      31.09909439086914,
      11.909624099731445,
      31.75324249267578,
      11.711928367614746,
      25.69367218017578,
      28.07091522216797,
      6.437533378601074,
      15.402941703796387,
      0.032680854201316833,
      13.098302841186523,
      -0.035130828619003296
    ],
    [
      37.90782928466797,
      10.474388122558594,
      29.872577667236328,
      39.38590621948242,
      19.003887176513672,
      19.932321548461914,
      23.160066604614258,
      48.45174026489258,
      22.200809478759766,
      47.74240493774414,
      16.730878829956055,
      28.07091522216797,
      52.82442092895508,
      12.232537269592285,
      21.953861236572266,
      0.010021771304309368,
      17.871408462524414,
      -0.07229284197092056
    ],
    [
      8.856825828552246,
      4.101962566375732,
      13.019783020019531,
      11.833775520324707,
      7.4802350997924805,
      7.245937347412109,
      8.31810474395752,
      12.266886711120605,
      8.642033576965332,
      11.980284690856934,
      5.0801777839660645,
      6.437533378601074,
      12.232537269592285,
      6.993692398071289,
      2.7595021724700928,
      0.021413050591945648,
      1.8389207124710083,
      -0.0019827871583402157
    ],
    [
      18.15909194946289,
      2.0273847579956055,
      0.9527933597564697,
      11.993317604064941,
      3.256746768951416,
      6.257811546325684,
      3.105994462966919,
      23.038631439208984,
      2.4337449073791504,
      22.61175537109375,
      3.871114730834961,
      15.402941703796387,
      21.953861236572266,
      2.7595021724700928,
      16.63226890563965,
      0.03188043832778931,
      14.508661270141602,
      -0.043539341539144516
    ],
    [
      -0.030512506142258644,
      -0.030451733618974686,
      -0.2081308513879776,
      -0.14977316558361053,
      -0.06612557172775269,
      -0.07562614232301712,
      -0.09844686090946198,
      -0.06330765038728714,
      -0.045370399951934814,
      -0.02187490090727806,
      0.00044167376472614706,
      0.032680854201316833,
      0.010021771304309368,
      0.021413050591945648,
      0.03188043832778931,
      0.009725088253617287,
      0.035695355385541916,
      0.0041963569819927216
    ],
    [
      14.85489273071289,
      1.1159100532531738,
      -1.5352418422698975,
      8.70964241027832,
      1.7368710041046143,
      4.589161396026611,
      1.1770719289779663,
      18.94709014892578,
      0.8382907509803772,
      18.6085262298584,
      2.7101569175720215,
      13.098302841186523,
      17.871408462524414,
      1.8389207124710083,
      14.508661270141602,
      0.035695355385541916,
      12.991374969482422,
      -0.03448674455285072
    ],
    [
      -0.07604485750198364,
      -0.019772380590438843,
      -0.10159455984830856,
      -0.09528045356273651,
      -0.05196661874651909,
      -0.0908680334687233,
      -0.0662207305431366,
      -0.10374774783849716,
      -0.04165855422616005,
      -0.08451622724533081,
      -0.0143319983035326,
      -0.035130828619003296,
      -0.07229284197092056,
      -0.0019827871583402157,
      -0.043539341539144516,
      0.0041963569819927216,
      -0.03448674455285072,
      0.0025356076657772064
    ]
  ],
  "damage": -18.674406051635742,
  "diff_bandwidth": 873.3721923828125,
  "dissonance": 5.603722793801129,
  "drr": 6.770164489746094,
  "dynamics": 4.716673851013184,
  "format": 1245190,
  "frames": 2378688,
  "loudness": -25.8245849609375,
  "loudness_range": 14.568902969360352,
  "loudness_range_short": 16.205772399902344,
  "lowpass_true_peak_15khz": -8.613456726074219,
  "mastering3_acoustic_entropies": [
    {
      "acoustic_entropy": 9.891666412353516,
      "acoustic_entropy_mono": 9.957348823547363,
      "band_eliminated_acoustic_entropies": [
        {
          "acoustic_entropy": 9.891316413879395,
          "acoustic_entropy_side": 9.891667366027832,
          "hz": 129.47220167065723
        },
        {
          "acoustic_entropy": 9.915620803833008,
          "acoustic_entropy_side": 9.89164924621582,
          "hz": 202.92927478742237
        },
        {
          "acoustic_entropy": 9.12009048461914,
          "acoustic_entropy_side": 9.890931129455566,
          "hz": 282.89161906338205
        },
        {
          "acoustic_entropy": 9.72779655456543,
          "acoustic_entropy_side": 9.887740135192871,
          "hz": 369.9353335868758
        },
        {
          "acoustic_entropy": 10.256590843200684,
          "acoustic_entropy_side": 9.872987747192383,
          "hz": 464.6875360973435
        },
        {
          "acoustic_entropy": 8.878820419311523,
          "acoustic_entropy_side": 9.884090423583984,
          "hz": 567.8308811364784
        },
        {
          "acoustic_entropy": 8.594216346740723,
          "acoustic_entropy_side": 9.895289421081543,
          "hz": 680.1084783214808
        },
        {
          "acoustic_entropy": 8.719964027404785,
          "acoustic_entropy_side": 9.763734817504883,
          "hz": 802.3292461747484
        },
        {
          "acoustic_entropy": 9.197834014892578,
          "acoustic_entropy_side": 9.82702350616455,
          "hz": 935.3737400823702
        },
        {
          "acoustic_entropy": 9.121580123901367,
          "acoustic_entropy_side": 9.921220779418945,
          "hz": 1080.2004963696966
        },
        {
          "acoustic_entropy": 10.485279083251953,
          "acoustic_entropy_side": 10.121417999267578,
          "hz": 1237.8529382007157
        },
        {
          "acoustic_entropy": 9.676606178283691,
          "acoustic_entropy_side": 9.883484840393066,
          "hz": 1409.4668930556702
        },
        {
          "acoustic_entropy": 9.68935489654541,
          "acoustic_entropy_side": 9.881887435913086,
          "hz": 1596.2787759475705
        },
        {
          "acoustic_entropy": 9.183741569519043,
          "acoustic_entropy_side": 9.930187225341797,
          "hz": 1799.6344973346393
        },
        {
          "acoustic_entropy": 9.386427879333496,
          "acoustic_entropy_side": 9.88913345336914,
          "hz": 2020.9991599069049
        },
        {
          "acoustic_entropy": 9.516256332397461,
          "acoustic_entropy_side": 9.891100883483887,
          "hz": 2261.9676141086993
        },
        {
          "acoustic_entropy": 9.534568786621094,
          "acoustic_entropy_side": 9.931063652038574,
          "hz": 2524.2759484456974
        },
        {
          "acoustic_entropy": 9.531925201416016,
          "acoustic_entropy_side": 9.898231506347656,
          "hz": 2809.813997359896
        },
        {
          "acoustic_entropy": 9.884798049926758,
          "acoustic_entropy_side": 9.891886711120605,
          "hz": 3120.6389567871424
        },
        {
          "acoustic_entropy": 9.536191940307617,
          "acoustic_entropy_side": 9.891324043273926,
          "hz": 3458.990205492291
        },
        {
          "acoustic_entropy": 9.721708297729492,
          "acoustic_entropy_side": 9.891589164733887,
          "hz": 3827.305438964164
        },
        {
          "acoustic_entropy": 9.836204528808594,
          "acoustic_entropy_side": 9.891640663146973,
          "hz": 4228.238232109126
        },
        {
          "acoustic_entropy": 9.86240291595459,
          "acoustic_entropy_side": 9.891664505004883,
          "hz": 4664.6771572759235
        },
        {
          "acoustic_entropy": 9.862695693969727,
          "acoustic_entropy_side": 9.891670227050781,
          "hz": 5139.766595350093
        },
        {
          "acoustic_entropy": 9.91025447845459,
          "acoustic_entropy_side": 9.891679763793945,
          "hz": 5656.929389854203
        },
        {
          "acoustic_entropy": 9.937861442565918,
          "acoustic_entropy_side": 9.891690254211426,
          "hz": 6219.891507268283
        },
        {
          "acoustic_entropy": 9.892292976379395,
          "acoustic_entropy_side": 9.891666412353516,
          "hz": 6832.70888123896
        },
        {
          "acoustic_entropy": 9.891586303710938,
          "acoustic_entropy_side": 9.891666412353516,
          "hz": 7499.796634079867
        },
        {
          "acoustic_entropy": 9.891656875610352,
          "acoustic_entropy_side": 9.891666412353516,
          "hz": 8225.96088609342
        },
        {
          "acoustic_entropy": 9.891682624816895,
          "acoustic_entropy_side": 9.891666412353516,
          "hz": 9016.43338188839
        },
        {
          "acoustic_entropy": 9.891692161560059,
          "acoustic_entropy_side": 9.891666412353516,
          "hz": 9876.909183162974
        },
        {
          "acoustic_entropy": 9.891706466674805,
          "acoustic_entropy_side": 9.891666412353516,
          "hz": 10813.587699516042
        },
        {
          "acoustic_entropy": 9.891718864440918,
          "acoustic_entropy_side": 9.891666412353516,
          "hz": 11833.21735289826
        },
        {
          "acoustic_entropy": 9.89173698425293,
          "acoustic_entropy_side": 9.891666412353516,
          "hz": 12943.144197493959
        },
        {
          "acoustic_entropy": 9.891755104064941,
          "acoustic_entropy_side": 9.891666412353516,
          "hz": 14151.364845322005
        },
        {
          "acoustic_entropy": 9.891756057739258,
          "acoustic_entropy_side": 9.891666412353516,
          "hz": 15466.58407886509
        },
        {
          "acoustic_entropy": 9.89174747467041,
          "acoustic_entropy_side": 9.891666412353516,
          "hz": 16898.27756580493
        },
        {
          "acoustic_entropy": 9.891692161560059,
          "acoustic_entropy_side": 9.891666412353516,
          "hz": 18456.760127700032
        },
        {
          "acoustic_entropy": 9.891670227050781,
          "acoustic_entropy_side": 9.891666412353516,
          "hz": 20153.260054456492
        },
        {
          "acoustic_entropy": 9.891667366027832,
          "acoustic_entropy_side": 9.891666412353516,
          "hz": 22000.00000000001
        }
      ],
      "diff_acoustic_entropy": 6.298647403717041,
      "sn": 6
    },
    {
      "acoustic_entropy": 12.936982154846191,
      "acoustic_entropy_mono": 14.133341789245605,
      "band_eliminated_acoustic_entropies": [
        {
          "acoustic_entropy": 12.935379028320312,
          "acoustic_entropy_side": 12.936986923217773,
          "hz": 129.47220167065723
        },
        {
          "acoustic_entropy": 12.862946510314941,
          "acoustic_entropy_side": 12.9368896484375,
          "hz": 202.92927478742237
        },
        {
          "acoustic_entropy": 13.041739463806152,
          "acoustic_entropy_side": 12.938482284545898,
          "hz": 282.89161906338205
        },
        {
          "acoustic_entropy": 14.346397399902344,
          "acoustic_entropy_side": 12.819596290588379,
          "hz": 369.9353335868758
        },
        {
          "acoustic_entropy": 13.465189933776855,
          "acoustic_entropy_side": 12.753334999084473,
          "hz": 464.6875360973435
        },
        {
          "acoustic_entropy": 12.680785179138184,
          "acoustic_entropy_side": 12.869213104248047,
          "hz": 567.8308811364784
        },
        {
          "acoustic_entropy": 12.969398498535156,
          "acoustic_entropy_side": 13.088398933410645,
          "hz": 680.1084783214808
        },
        {
          "acoustic_entropy": 12.455876350402832,
          "acoustic_entropy_side": 13.085165023803711,
          "hz": 802.3292461747484
        },
        {
          "acoustic_entropy": 13.595346450805664,
          "acoustic_entropy_side": 12.670770645141602,
          "hz": 935.3737400823702
        },
        {
          "acoustic_entropy": 12.70469856262207,
          "acoustic_entropy_side": 13.15282154083252,
          "hz": 1080.2004963696966
        },
        {
          "acoustic_entropy": 13.079766273498535,
          "acoustic_entropy_side": 13.396873474121094,
          "hz": 1237.8529382007157
        },
        {
          "acoustic_entropy": 13.379935264587402,
          "acoustic_entropy_side": 12.905129432678223,
          "hz": 1409.4668930556702
        },
        {
          "acoustic_entropy": 12.854223251342773,
          "acoustic_entropy_side": 12.893043518066406,
          "hz": 1596.2787759475705
        },
        {
          "acoustic_entropy": 13.574784278869629,
          "acoustic_entropy_side": 13.066608428955078,
          "hz": 1799.6344973346393
        },
        {
          "acoustic_entropy": 12.302181243896484,
          "acoustic_entropy_side": 12.890813827514648,
          "hz": 2020.9991599069049
        },
        {
          "acoustic_entropy": 13.934638023376465,
          "acoustic_entropy_side": 13.10110855102539,
          "hz": 2261.9676141086993
        },
        {
          "acoustic_entropy": 12.997735977172852,
          "acoustic_entropy_side": 12.908284187316895,
          "hz": 2524.2759484456974
        },
        {
          "acoustic_entropy": 12.67586898803711,
          "acoustic_entropy_side": 12.936824798583984,
          "hz": 2809.813997359896
        },
        {
          "acoustic_entropy": 13.238439559936523,
          "acoustic_entropy_side": 12.936871528625488,
          "hz": 3120.6389567871424
        },
        {
          "acoustic_entropy": 12.874190330505371,
          "acoustic_entropy_side": 12.928505897521973,
          "hz": 3458.990205492291
        },
        {
          "acoustic_entropy": 12.28892993927002,
          "acoustic_entropy_side": 12.932812690734863,
          "hz": 3827.305438964164
        },
        {
          "acoustic_entropy": 12.537274360656738,
          "acoustic_entropy_side": 12.935823440551758,
          "hz": 4228.238232109126
        },
        {
          "acoustic_entropy": 12.702667236328125,
          "acoustic_entropy_side": 12.936813354492188,
          "hz": 4664.6771572759235
        },
        {
          "acoustic_entropy": 13.038335800170898,
          "acoustic_entropy_side": 12.937233924865723,
          "hz": 5139.766595350093
        },
        {
          "acoustic_entropy": 13.063926696777344,
          "acoustic_entropy_side": 12.93737506866455,
          "hz": 5656.929389854203
        },
        {
          "acoustic_entropy": 13.079938888549805,
          "acoustic_entropy_side": 12.936960220336914,
          "hz": 6219.891507268283
        },
        {
          "acoustic_entropy": 12.938051223754883,
          "acoustic_entropy_side": 12.936983108520508,
          "hz": 6832.70888123896
        },
        {
          "acoustic_entropy": 12.93557357788086,
          "acoustic_entropy_side": 12.936982154846191,
          "hz": 7499.796634079867
        },
        {
          "acoustic_entropy": 12.936711311340332,
          "acoustic_entropy_side": 12.936982154846191,
          "hz": 8225.96088609342
        },
        {
          "acoustic_entropy": 12.937143325805664,
          "acoustic_entropy_side": 12.936982154846191,
          "hz": 9016.43338188839
        },
        {
          "acoustic_entropy": 12.937479019165039,
          "acoustic_entropy_side": 12.936982154846191,
          "hz": 9876.909183162974
        },
        {
          "acoustic_entropy": 12.937782287597656,
          "acoustic_entropy_side": 12.936982154846191,
          "hz": 10813.587699516042
        },
        {
          "acoustic_entropy": 12.938047409057617,
          "acoustic_entropy_side": 12.936982154846191,
          "hz": 11833.21735289826
        },
        {
          "acoustic_entropy": 12.938284873962402,
          "acoustic_entropy_side": 12.936982154846191,
          "hz": 12943.144197493959
        },
        {
          "acoustic_entropy": 12.938465118408203,
          "acoustic_entropy_side": 12.936982154846191,
          "hz": 14151.364845322005
        },
        {
          "acoustic_entropy": 12.938530921936035,
          "acoustic_entropy_side": 12.936982154846191,
          "hz": 15466.58407886509
        },
        {
          "acoustic_entropy": 12.938478469848633,
          "acoustic_entropy_side": 12.936982154846191,
          "hz": 16898.27756580493
        },
        {
          "acoustic_entropy": 12.9375581741333,
          "acoustic_entropy_side": 12.936982154846191,
          "hz": 18456.760127700032
        },
        {
          "acoustic_entropy": 12.937088966369629,
          "acoustic_entropy_side": 12.936982154846191,
          "hz": 20153.260054456492
        },
        {
          "acoustic_entropy": 12.936991691589355,
          "acoustic_entropy_side": 12.936982154846191,
          "hz": 22000.00000000001
        }
      ],
      "diff_acoustic_entropy": 9.585844993591309,
      "sn": 12
    },
    {
      "acoustic_entropy": 18.954498291015625,
      "acoustic_entropy_mono": 18.06108856201172,
      "band_eliminated_acoustic_entropies": [
        {
          "acoustic_entropy": 18.95366668701172,
          "acoustic_entropy_side": 18.954471588134766,
          "hz": 129.47220167065723
        },
        {
          "acoustic_entropy": 18.954608917236328,
          "acoustic_entropy_side": 18.921924591064453,
          "hz": 202.92927478742237
        },
        {
          "acoustic_entropy": 18.959613800048828,
          "acoustic_entropy_side": 18.832332611083984,
          "hz": 282.89161906338205
        },
        {
          "acoustic_entropy": 18.6837100982666,
          "acoustic_entropy_side": 18.98459815979004,
          "hz": 369.9353335868758
        },
        {
          "acoustic_entropy": 19.407011032104492,
          "acoustic_entropy_side": 18.46025848388672,
          "hz": 464.6875360973435
        },
        {
          "acoustic_entropy": 17.350828170776367,
          "acoustic_entropy_side": 18.613353729248047,
          "hz": 567.8308811364784
        },
        {
          "acoustic_entropy": 19.38427734375,
          "acoustic_entropy_side": 18.437755584716797,
          "hz": 680.1084783214808
        },
        {
          "acoustic_entropy": 17.191547393798828,
          "acoustic_entropy_side": 18.107215881347656,
          "hz": 802.3292461747484
        },
        {
          "acoustic_entropy": 18.055334091186523,
          "acoustic_entropy_side": 18.798078536987305,
          "hz": 935.3737400823702
        },
        {
          "acoustic_entropy": 17.614410400390625,
          "acoustic_entropy_side": 18.44908905029297,
          "hz": 1080.2004963696966
        },
        {
          "acoustic_entropy": 17.343488693237305,
          "acoustic_entropy_side": 19.0096435546875,
          "hz": 1237.8529382007157
        },
        {
          "acoustic_entropy": 18.8817195892334,
          "acoustic_entropy_side": 18.887428283691406,
          "hz": 1409.4668930556702
        },
        {
          "acoustic_entropy": 18.91450309753418,
          "acoustic_entropy_side": 19.26862144470215,
          "hz": 1596.2787759475705
        },
        {
          "acoustic_entropy": 19.13629913330078,
          "acoustic_entropy_side": 19.29558753967285,
          "hz": 1799.6344973346393
        },
        {
          "acoustic_entropy": 18.875240325927734,
          "acoustic_entropy_side": 19.17107391357422,
          "hz": 2020.9991599069049
        },
        {
          "acoustic_entropy": 19.946096420288086,
          "acoustic_entropy_side": 20.143308639526367,
          "hz": 2261.9676141086993
        },
        {
          "acoustic_entropy": 19.15096664428711,
