{
  "acoustic_entropy": 139.23680114746094,
  "bands": [
    {
      "high_freq": 148.1999969482422,
      "loudness": -33.46110916137695,
      "loudness_range": 24.610549926757812,
      "mid_mean": -30.14741325378418,
      "mid_to_side_loudness": -17.073331832885742,
      "mid_to_side_loudness_range": 25.70926284790039,
      "side_mean": -47.91236877441406
    },
    {
      "high_freq": 392.3793640136719,
      "loudness": -23.322526931762695,
      "loudness_range": 14.066140174865723,
      "low_freq": 148.1999969482422,
      "mid_mean": -19.99013328552246,
      "mid_to_side_loudness": -14.024128913879395,
      "mid_to_side_loudness_range": 22.41685676574707,
      "side_mean": -34.297176361083984
    },
    {
      "high_freq": 794.6976318359375,
      "loudness": -28.41147232055664,
      "loudness_range": 23.030855178833008,
      "low_freq": 392.3793640136719,
      "mid_mean": -25.684755325317383,
      "mid_to_side_loudness": -9.00511360168457,
      "mid_to_side_loudness_range": 20.90325164794922,
      "side_mean": -35.24611282348633
    },
    {
      "high_freq": 1457.5709228515625,
      "loudness": -36.92803192138672,
      "loudness_range": 33.46580505371094,
      "low_freq": 794.6976318359375,
      "mid_mean": -34.1554069519043,
      "mid_to_side_loudness": -10.558741569519043,
      "mid_to_side_loudness_range": 22.634714126586914,
      "side_mean": -45.07988357543945
    },
    {
      "high_freq": 2549.74365234375,
      "loudness": -42.90217208862305,
      "loudness_range": 29.7668514251709,
      "low_freq": 1457.5709228515625,
      "mid_mean": -40.11348342895508,
      "mid_to_side_loudness": -12.68621826171875,
      "mid_to_side_loudness_range": 26.251737594604492,
      "side_mean": -53.455169677734375
    },
    {
      "high_freq": 4349.24462890625,
      "loudness": -46.984039306640625,
      "loudness_range": 31.388025283813477,
      "low_freq": 2549.74365234375,
      "mid_mean": -44.310943603515625,
      "mid_to_side_loudness": -15.327972412109375,
      "mid_to_side_loudness_range": 25.539949417114258,
      "side_mean": -59.54367446899414
    },
    {
      "high_freq": 7314.1640625,
      "loudness": -56.83979415893555,
      "loudness_range": 30.254714965820312,
      "low_freq": 4349.24462890625,
      "mid_mean": -53.79255676269531,
      "mid_to_side_loudness": -15.068345069885254,
      "mid_to_side_loudness_range": 23.742036819458008,
      "side_mean": -65.57351684570312
    },
    {
      "high_freq": 12199.2666015625,
      "loudness": -57.45201873779297,
      "loudness_range": 34.76334762573242,
      "low_freq": 7314.1640625,
      "mid_mean": -53.587284088134766,
      "mid_to_side_loudness": -13.33163070678711,
      "mid_to_side_loudness_range": 21.657791137695312,
      "side_mean": -64.78117370605469
    },
    {
      "loudness": -58.629764556884766,
      "loudness_range": 21.025245666503906,
      "low_freq": 12199.2666015625,
      "mid_mean": -55.653263092041016,
      "mid_to_side_loudness": -7.855820655822754,
      "mid_to_side_loudness_range": 17.192108154296875,
      "side_mean": -62.95294189453125
    }
  ],
  "bands_short": [
    {
      "high_freq": 148.1999969482422,
      "loudness": -41.95420455932617,
      "loudness_range": 28.76919174194336,
      "mid_mean": -38.698699951171875,
      "mid_to_side_loudness": -14.574676513671875,
      "mid_to_side_loudness_range": 24.68539810180664,
      "side_mean": -53.19629669189453
    },
    {
      "high_freq": 392.3793640136719,
      "loudness": -22.99900245666504,
      "loudness_range": 14.501092910766602,
      "low_freq": 148.1999969482422,
      "mid_mean": -19.6599178314209,
      "mid_to_side_loudness": -15.290684700012207,
      "mid_to_side_loudness_range": 23.661579132080078,
      "side_mean": -35.339599609375
    },
    {
      "high_freq": 794.6976318359375,
      "loudness": -29.47648048400879,
      "loudness_range": 24.552244186401367,
      "low_freq": 392.3793640136719,
      "mid_mean": -26.685001373291016,
      "mid_to_side_loudness": -9.189034461975098,
      "mid_to_side_loudness_range": 21.493305206298828,
      "side_mean": -36.480167388916016
    },
    {
      "high_freq": 1457.5709228515625,
      "loudness": -37.22597885131836,
      "loudness_range": 34.582725524902344,
      "low_freq": 794.6976318359375,
      "mid_mean": -34.5364875793457,
      "mid_to_side_loudness": -9.99611759185791,
      "mid_to_side_loudness_range": 23.053600311279297,
      "side_mean": -44.91750717163086
    },
    {
      "high_freq": 2549.74365234375,
      "loudness": -44.32512283325195,
      "loudness_range": 32.137901306152344,
      "low_freq": 1457.5709228515625,
      "mid_mean": -41.694271087646484,
      "mid_to_side_loudness": -12.102482795715332,
      "mid_to_side_loudness_range": 25.657272338867188,
      "side_mean": -54.595542907714844
    },
    {
      "high_freq": 4349.24462890625,
      "loudness": -47.804290771484375,
      "loudness_range": 32.71588897705078,
      "low_freq": 2549.74365234375,
      "mid_mean": -46.331607818603516,
      "mid_to_side_loudness": -14.25707721710205,
      "mid_to_side_loudness_range": 25.791337966918945,
      "side_mean": -60.301414489746094
    },
    {
      "high_freq": 7314.1640625,
      "loudness": -58.8480224609375,
      "loudness_range": 31.552101135253906,
      "low_freq": 4349.24462890625,
      "mid_mean": -55.56314468383789,
      "mid_to_side_loudness": -13.364919662475586,
      "mid_to_side_loudness_range": 23.025556564331055,
      "side_mean": -66.00153350830078
    },
    {
      "high_freq": 12199.2666015625,
      "loudness": -58.764461517333984,
      "loudness_range": 34.15626525878906,
      "low_freq": 7314.1640625,
      "mid_mean": -54.80974197387695,
      "mid_to_side_loudness": -12.431906700134277,
      "mid_to_side_loudness_range": 21.222105026245117,
      "side_mean": -65.08979797363281
    },
    {
      "loudness": -59.084659576416016,
      "loudness_range": 20.643596649169922,
      "low_freq": 12199.2666015625,
      "mid_mean": -56.155799865722656,
      "mid_to_side_loudness": -7.13702917098999,
      "mid_to_side_loudness_range": 14.674362182617188,
      "side_mean": -63.0944709777832
    }
  ],
  "bandwidth": 554.2313232421875,
  "channels": 2,
  "covariance": [
    [
      78.64193725585938,
      31.203662872314453,
      4.2674665451049805,
      19.123491287231445,
      8.56781005859375,
      13.71962833404541,
      14.509726524353027,
      17.16645050048828,
      13.700570106506348,
      21.721084594726562,
      10.831459045410156,
      16.067331314086914,
      13.482247352600098,
      6.98176908493042,
      15.54345989227295,
      8.483335494995117,
      10.000038146972656,
      2.357196569442749
    ],
    [
      31.203662872314453,
      77.32254791259766,
      2.0947375297546387,
      37.99072265625,
      10.080788612365723,
      30.443483352661133,
      2.307908296585083,
      28.406545639038086,
      2.4484777450561523,
      33.6495246887207,
      -7.40294075012207,
      17.75963592529297,
      -10.339455604553223,
      5.164310455322266,
      -18.133264541625977,
      -3.103193998336792,
      -9.361773490905762,
      -1.8302327394485474
    ],
    [
      4.2674665451049805,
      2.0947375297546387,
      28.897113800048828,
      20.002824783325195,
      25.65175437927246,
      16.873228073120117,
      33.38238525390625,
      20.258705139160156,
      32.98328399658203,
      26.31911849975586,
      32.50304412841797,
      23.15559959411621,
      31.188905715942383,
      10.079203605651855,
      32.924278259277344,
      11.598605155944824,
      18.281635284423828,
      2.4911272525787354
    ],
    [
      19.123491287231445,
      37.99072265625,
      20.002824783325195,
      73.52583312988281,
      30.909608840942383,
      55.17691421508789,
      33.60792541503906,
      55.42978286743164,
      30.136594772338867,
      66.38676452636719,
      22.86307716369629,
      44.84266662597656,
      18.78408432006836,
      16.9091854095459,
      15.207437515258789,
      8.542553901672363,
      7.597667694091797,
      2.462710380554199
    ],
    [
      8.56781005859375,
      10.080788612365723,
      25.65175437927246,
      30.909608840942383,
      63.41331100463867,
      49.807132720947266,
      65.572509765625,
      52.58243942260742,
      61.538612365722656,
      61.829864501953125,
      53.15737533569336,
      51.07231521606445,
      40.981788635253906,
      20.9522762298584,
      43.280113220214844,
      22.17609405517578,
      27.002445220947266,
      4.562601089477539
    ],
    [
      13.71962833404541,
      30.443483352661133,
      16.873228073120117,
      55.17691421508789,
      49.807132720947266,
      99.86229705810547,
      40.86907958984375,
      76.49311828613281,
      34.711246490478516,
      85.0771713256836,
      22.249820709228516,
      57.863529205322266,
      16.6379337310791,
      20.544031143188477,
      7.093955993652344,
      8.204596519470215,
      2.6682074069976807,
      2.983492612838745
    ],
    [
      14.509726524353027,
      2.307908296585083,
      33.38238525390625,
      33.60792541503906,
      65.572509765625,
      40.86907958984375,
      106.7898941040039,
      68.46192932128906,
      90.54727172851562,
      76.75777435302734,
      83.51299285888672,
      70.3956527709961,
      65.8093490600586,
      30.379627227783203,
      73.34503173828125,
      35.80312728881836,
      44.63082504272461,
      6.113938331604004
    ],
    [
      17.16645050048828,
      28.406545639038086,
      20.258705139160156,
      55.42978286743164,
      52.58243942260742,
      76.49311828613281,
      68.46192932128906,
      100.66461944580078,
      57.16907501220703,
      99.7231216430664,
      44.38011169433594,
      74.0831069946289,
      29.505735397338867,
      28.257041931152344,
      23.755226135253906,
      17.66299819946289,
      13.225377082824707,
      3.4779529571533203
    ],
    [
      13.700570106506348,
      2.4484777450561523,
      32.98328399658203,
      30.136594772338867,
      61.538612365722656,
      34.711246490478516,
      90.54727172851562,
      57.16907501220703,
      100.63109588623047,
      76.00254821777344,
      92.24162292480469,
      71.56778717041016,
      71.04206085205078,
      31.198434829711914,
      78.58543395996094,
      34.876949310302734,
      48.02678680419922,
      5.699018478393555
    ],
    [
      21.721084594726562,
      33.6495246887207,
      26.31911849975586,
      66.38676452636719,
      61.829864501953125,
      85.0771713256836,
      76.75777435302734,
      99.7231216430664,
      76.00254821777344,
      130.17916870117188,
      60.18060302734375,
      94.59941864013672,
      42.787139892578125,
      35.309242248535156,
      34.66584777832031,
      20.91625213623047,
      20.472789764404297,
      4.368420600891113
    ],
    [
      10.831459045410156,
      -7.40294075012207,
      32.50304412841797,
      22.86307716369629,
      53.15737533569336,
      22.249820709228516,
      83.51299285888672,
      44.38011169433594,
      92.24162292480469,
      60.18060302734375,
      117.01705932617188,
      69.78612518310547,
      89.32125091552734,
      35.0181884765625,
      103.57093048095703,
      40.46337127685547,
      60.036563873291016,
      5.929720401763916
    ],
    [
      16.067331314086914,
      17.75963592529297,
      23.15559959411621,
      44.84266662597656,
      51.07231521606445,
      57.863529205322266,
      70.3956527709961,
      74.0831069946289,
      71.56778717041016,
      94.59941864013672,
      69.78612518310547,
      87.96844482421875,
      48.82392501831055,
      36.66257858276367,
      45.04533386230469,
      24.276363372802734,
      26.61036491394043,
      4.7286057472229
    ],
    [
      13.482247352600098,
      -10.339455604553223,
      31.188905715942383,
      18.78408432006836,
      40.981788635253906,
      16.6379337310791,
      65.8093490600586,
      29.505735397338867,
      71.04206085205078,
      42.787139892578125,
      89.32125091552734,
      48.82392501831055,
      102.56684112548828,
      33.49966049194336,
      105.6138687133789,
      38.433319091796875,
      62.42145538330078,
      7.5552873611450195
    ],
    [
      6.98176908493042,
      5.164310455322266,
      10.079203605651855,
      16.9091854095459,
      20.9522762298584,
      20.544031143188477,
      30.379627227783203,
      28.257041931152344,
      31.198434829711914,
      35.309242248535156,
      35.0181884765625,
      36.66257858276367,
      33.49966049194336,
      25.585025787353516,
      28.657350540161133,
      16.135623931884766,
      17.758771896362305,
      4.009446620941162
    ],
    [
      15.54345989227295,
      -18.133264541625977,
      32.924278259277344,
      15.207437515258789,
      43.280113220214844,
      7.093955993652344,
      73.34503173828125,
      23.755226135253906,
      78.58543395996094,
      34.66584777832031,
      103.57093048095703,
      45.04533386230469,
      105.6138687133789,
      28.657350540161133,
      143.8914337158203,
      51.87471008300781,
      85.86428833007812,
      10.900148391723633
    ],
    [
      8.483335494995117,
      -3.103193998336792,
      11.598605155944824,
      8.542553901672363,
      22.17609405517578,
      8.204596519470215,
      35.80312728881836,
      17.66299819946289,
      34.876949310302734,
      20.91625213623047,
      40.46337127685547,
      24.276363372802734,
      38.433319091796875,
      16.135623931884766,
      51.87471008300781,
      25.098859786987305,
      33.97144317626953,
      6.8579936027526855
    ],
    [
      10.000038146972656,
      -9.361773490905762,
      18.281635284423828,
      7.597667694091797,
      27.002445220947266,
      2.6682074069976807,
      44.63082504272461,
      13.225377082824707,
      48.02678680419922,
      20.472789764404297,
      60.036563873291016,
      26.61036491394043,
      62.42145538330078,
      17.758771896362305,
      85.86428833007812,
      33.97144317626953,
      57.84054946899414,
      9.31416130065918
    ],
    [
      2.357196569442749,
      -1.8302327394485474,
      2.4911272525787354,
      2.462710380554199,
      4.562601089477539,
      2.983492612838745,
      6.113938331604004,
      3.4779529571533203,
      5.699018478393555,
      4.368420600891113,
      5.929720401763916,
      4.7286057472229,
      7.5552873611450195,
      4.009446620941162,
      10.900148391723633,
      6.8579936027526855,
      9.31416130065918,
      5.58865213394165
    ]
  ],
  "covariance_short": [
    [
      96.634765625,
      49.809688568115234,
      19.811458587646484,
      28.83567237854004,
      22.547483444213867,
      30.0907039642334,
      30.128456115722656,
      32.878971099853516,
      30.02947235107422,
      38.556243896484375,
      26.517528533935547,
      28.45517921447754,
      22.551353454589844,
      11.219727516174316,
      20.309545516967773,
      10.555782318115234,
      9.828285217285156,
      0.598146915435791
    ],
    [
      49.809688568115234,
      82.5989990234375,
      6.3673858642578125,
      40.40286636352539,
      16.052536010742188,
      38.10620880126953,
      11.244046211242676,
      34.68913650512695,
      10.978968620300293,
      36.745574951171875,
      0.9451781511306763,
      21.626453399658203,
      -4.167749881744385,
      6.76016902923584,
      -11.312653541564941,
      -0.6316134333610535,
      -6.362184047698975,
      -1.470852255821228
    ],
    [
      19.811458587646484,
      6.3673858642578125,
      28.062454223632812,
      19.999164581298828,
      24.400571823120117,
      15.554197311401367,
      29.9525146484375,
      18.82489776611328,
      31.371471405029297,
      22.91141700744629,
      29.355985641479492,
      19.790634155273438,
      26.216876983642578,
      7.491908550262451,
      27.38206672668457,
      9.436119079589844,
      15.071810722351074,
      1.7879351377487183
    ],
    [
      28.83567237854004,
      40.40286636352539,
      19.999164581298828,
      82.16716003417969,
      33.32158279418945,
      57.300628662109375,
      37.77329635620117,
      54.96840286254883,
      34.706298828125,
      65.28689575195312,
      28.330108642578125,
      44.06078338623047,
      22.13373374938965,
      16.229835510253906,
      17.9451847076416,
      8.401043891906738,
      7.679131507873535,
      1.6972733736038208
    ],
    [
      22.547483444213867,
      16.052536010742188,
      24.400571823120117,
      33.32158279418945,
      71.53105926513672,
      54.10673522949219,
      71.53932189941406,
      56.65633773803711,
      66.06891632080078,
      62.814701080322266,
      59.84581756591797,
      51.9332160949707,
      44.5316276550293,
      19.37681770324707,
      44.17652130126953,
      21.141889572143555,
      25.76662826538086,
      3.0618646144866943
    ],
    [
      30.0907039642334,
      38.10620880126953,
      15.554197311401367,
      57.300628662109375,
      54.10673522949219,
      104.45735931396484,
      48.81109619140625,
      82.85638427734375,
      39.85905075073242,
      85.99115753173828,
      27.477720260620117,
      58.09541702270508,
      21.236343383789062,
      20.451025009155273,
      11.82749080657959,
      9.49283218383789,
      5.259193420410156,
      3.4714205265045166
    ],
    [
      30.128456115722656,
      11.244046211242676,
      29.9525146484375,
      37.77329635620117,
      71.53932189941406,
      48.81109619140625,
      117.68794250488281,
      76.07894897460938,
      98.35909271240234,
      83.24589538574219,
      91.84366607666016,
      73.84748077392578,
      69.59880828857422,
      29.01398277282715,
      72.51290893554688,
      34.48619079589844,
      42.22544479370117,
      4.605273723602295
    ],
    [
      32.878971099853516,
      34.68913650512695,
      18.82489776611328,
      54.96840286254883,
      56.65633773803711,
      82.85638427734375,
      76.07894897460938,
      107.84104919433594,
      62.55421447753906,
      101.76301574707031,
      50.38102340698242,
      73.63314056396484,
      32.8951416015625,
      27.210756301879883,
      24.58652114868164,
      17.44456672668457,
      13.49632740020752,
      3.6050117015838623
    ],
    [
      30.02947235107422,
      10.978968620300293,
      31.371471405029297,
      34.706298828125,
      66.06891632080078,
      39.85905075073242,
      98.35909271240234,
      62.55421447753906,
      114.84174346923828,
      80.9809799194336,
      106.02404022216797,
      74.91313934326172,
      80.22077178955078,
      30.494199752807617,
      81.94364929199219,
      34.78046417236328,
      47.768062591552734,
      4.475604057312012
    ],
    [
      38.556243896484375,
      36.745574951171875,
      22.91141700744629,
      65.28689575195312,
      62.814701080322266,
      85.99115753173828,
      83.24589538574219,
      101.76301574707031,
      80.9809799194336,
      128.8201446533203,
      66.52627563476562,
      91.22960662841797,
      46.46343231201172,
      32.98927688598633,
      35.40898132324219,
      20.09558868408203,
      19.436635971069336,
      3.8194973468780518
    ],
    [
      26.517528533935547,
      0.9451781511306763,
      29.355985641479492,
      28.330108642578125,
      59.84581756591797,
      27.477720260620117,
      91.84366607666016,
      50.38102340698242,
      106.02404022216797,
      66.52627563476562,
      142.59056091308594,
      77.4212875366211,
      106.42777252197266,
      35.43916702270508,
      114.37255859375,
      41.85186767578125,
      62.585105895996094,
      4.008554458618164
    ],
    [
      28.45517921447754,
      21.626453399658203,
      19.790634155273438,
      44.06078338623047,
      51.9332160949707,
      58.09541702270508,
      73.84748077392578,
      73.63314056396484,
      74.91313934326172,
      91.22960662841797,
      77.4212875366211,
      85.43799591064453,
      54.127193450927734,
      33.98357391357422,
      47.11907196044922,
      23.598112106323242,
      26.49410057067871,
      4.296069622039795
    ],
    [
      22.551353454589844,
      -4.167749881744385,
      26.216876983642578,
      22.13373374938965,
      44.5316276550293,
      21.236343383789062,
      69.59880828857422,
      32.8951416015625,
      80.22077178955078,
      46.46343231201172,
      106.42777252197266,
      54.127193450927734,
      109.31620788574219,
      33.04557800292969,
      107.97117614746094,
      38.15029525756836,
      61.07722091674805,
      5.4487481117248535
    ],
    [
      11.219727516174316,
      6.76016902923584,
      7.491908550262451,
      16.229835510253906,
      19.37681770324707,
      20.451025009155273,
      29.01398277282715,
      27.210756301879883,
      30.494199752807617,
      32.98927688598633,
      35.43916702270508,
      33.98357391357422,
      33.04557800292969,
      23.676259994506836,
      26.41861915588379,
      14.580053329467773,
      15.43338680267334,
      3.8109118938446045
    ],
    [
      20.309545516967773,
      -11.312653541564941,
      27.38206672668457,
      17.9451847076416,
      44.17652130126953,
      11.82749080657959,
      72.51290893554688,
      24.58652114868164,
      81.94364929199219,
      35.40898132324219,
      114.37255859375,
      47.11907196044922,
      107.97117614746094,
      26.41861915588379,
      141.70741271972656,
      49.6455192565918,
      80.7185287475586,
      8.260252952575684
    ],
    [
      10.555782318115234,
      -0.6316134333610535,
      9.436119079589844,
      8.401043891906738,
      21.141889572143555,
      9.49283218383789,
      34.48619079589844,
      17.44456672668457,
      34.78046417236328,
      20.09558868408203,
      41.85186767578125,
      23.598112106323242,
      38.15029525756836,
      14.580053329467773,
      49.6455192565918,
      23.774112701416016,
      31.27494239807129,
      5.894995212554932
    ],
    [
      9.828285217285156,
      -6.362184047698975,
      15.071810722351074,
      7.679131507873535,
      25.76662826538086,
      5.259193420410156,
      42.22544479370117,
      13.49632740020752,
      47.768062591552734,
      19.436635971069336,
      62.585105895996094,
      26.49410057067871,
      61.07722091674805,
      15.43338680267334,
      80.7185287475586,
      31.27494239807129,
      52.90406799316406,
      7.4142231941223145
    ],
    [
      0.598146915435791,
      -1.470852255821228,
      1.7879351377487183,
      1.6972733736038208,
      3.0618646144866943,
      3.4714205265045166,
      4.605273723602295,
      3.6050117015838623,
      4.475604057312012,
      3.8194973468780518,
      4.008554458618164,
      4.296069622039795,
      5.4487481117248535,
      3.8109118938446045,
      8.260252952575684,
      5.894995212554932,
      7.4142231941223145,
      6.258430004119873
    ]
  ],
  "damage": -7.713225364685059,
  "diff_bandwidth": 585.895263671875,
  "dissonance": 4.8664286043158675,
  "drr": 2.749616861343384,
  "dynamics": 4.931483745574951,
  "format": 1245190,
  "frames": 8466432,
  "loudness": -16.261371612548828,
  "loudness_range": 13.850846290588379,
  "loudness_range_short": 16.549697875976562,
  "lowpass_true_peak_15khz": -0.34865668416023254,
  "mastering3_acoustic_entropies": [
    {
      "acoustic_entropy": 7.615098476409912,
      "acoustic_entropy_mono": 7.179132461547852,
      "band_eliminated_acoustic_entropies": [
        {
          "acoustic_entropy": 7.625021934509277,
          "acoustic_entropy_side": 7.615342140197754,
          "hz": 129.47220167065723
        },
        {
          "acoustic_entropy": 7.739835739135742,
          "acoustic_entropy_side": 7.631959915161133,
          "hz": 202.92927478742237
        },
        {
          "acoustic_entropy": 8.212615966796875,
          "acoustic_entropy_side": 7.684338569641113,
          "hz": 282.89161906338205
        },
        {
          "acoustic_entropy": 7.634254455566406,
          "acoustic_entropy_side": 7.637052536010742,
          "hz": 369.9353335868758
        },
        {
          "acoustic_entropy": 8.083842277526855,
          "acoustic_entropy_side": 7.680262088775635,
          "hz": 464.6875360973435
        },
        {
          "acoustic_entropy": 7.619765758514404,
          "acoustic_entropy_side": 7.2862420082092285,
          "hz": 567.8308811364784
        },
        {
          "acoustic_entropy": 7.66871976852417,
          "acoustic_entropy_side": 7.484292984008789,
          "hz": 680.1084783214808
        },
        {
          "acoustic_entropy": 7.839888095855713,
          "acoustic_entropy_side": 7.545389652252197,
          "hz": 802.3292461747484
        },
        {
          "acoustic_entropy": 7.624626636505127,
          "acoustic_entropy_side": 7.524572849273682,
          "hz": 935.3737400823702
        },
        {
          "acoustic_entropy": 7.77384090423584,
          "acoustic_entropy_side": 7.5986328125,
          "hz": 1080.2004963696966
        },
        {
          "acoustic_entropy": 7.618705749511719,
          "acoustic_entropy_side": 7.615748405456543,
          "hz": 1237.8529382007157
        },
        {
          "acoustic_entropy": 7.569476127624512,
          "acoustic_entropy_side": 7.592716693878174,
          "hz": 1409.4668930556702
        },
        {
          "acoustic_entropy": 7.6196064949035645,
          "acoustic_entropy_side": 7.5692620277404785,
          "hz": 1596.2787759475705
        },
        {
          "acoustic_entropy": 7.603203296661377,
          "acoustic_entropy_side": 7.613781929016113,
          "hz": 1799.6344973346393
        },
        {
          "acoustic_entropy": 7.5162672996521,
          "acoustic_entropy_side": 7.570871353149414,
          "hz": 2020.9991599069049
        },
        {
          "acoustic_entropy": 7.5503034591674805,
          "acoustic_entropy_side": 7.5564141273498535,
          "hz": 2261.9676141086993
        },
        {
          "acoustic_entropy": 7.710309982299805,
          "acoustic_entropy_side": 7.611642837524414,
          "hz": 2524.2759484456974
        },
        {
          "acoustic_entropy": 7.674821853637695,
          "acoustic_entropy_side": 7.609376430511475,
          "hz": 2809.813997359896
        },
        {
          "acoustic_entropy": 7.6805830001831055,
          "acoustic_entropy_side": 7.6116790771484375,
          "hz": 3120.6389567871424
        },
        {
          "acoustic_entropy": 7.681554317474365,
          "acoustic_entropy_side": 7.616931438446045,
          "hz": 3458.990205492291
        },
        {
          "acoustic_entropy": 7.605692386627197,
          "acoustic_entropy_side": 7.615110397338867,
          "hz": 3827.305438964164
        },
        {
          "acoustic_entropy": 7.594879150390625,
          "acoustic_entropy_side": 7.614187240600586,
          "hz": 4228.238232109126
        },
        {
          "acoustic_entropy": 7.59871244430542,
          "acoustic_entropy_side": 7.614587783813477,
          "hz": 4664.6771572759235
        },
        {
          "acoustic_entropy": 7.615065574645996,
          "acoustic_entropy_side": 7.614990711212158,
          "hz": 5139.766595350093
        },
        {
          "acoustic_entropy": 7.612743854522705,
          "acoustic_entropy_side": 7.615091323852539,
          "hz": 5656.929389854203
        },
        {
          "acoustic_entropy": 7.608191013336182,
          "acoustic_entropy_side": 7.615095615386963,
          "hz": 6219.891507268283
        },
        {
          "acoustic_entropy": 7.60571813583374,
          "acoustic_entropy_side": 7.615052700042725,
          "hz": 6832.70888123896
        },
        {
          "acoustic_entropy": 7.609645366668701,
          "acoustic_entropy_side": 7.615096569061279,
          "hz": 7499.796634079867
        },
        {
          "acoustic_entropy": 7.609924793243408,
          "acoustic_entropy_side": 7.615096569061279,
          "hz": 8225.96088609342
        },
        {
          "acoustic_entropy": 7.605477333068848,
          "acoustic_entropy_side": 7.615090370178223,
          "hz": 9016.43338188839
        },
        {
          "acoustic_entropy": 7.6008124351501465,
          "acoustic_entropy_side": 7.615068435668945,
          "hz": 9876.909183162974
        },
        {
          "acoustic_entropy": 7.63621187210083,
          "acoustic_entropy_side": 7.615063190460205,
          "hz": 10813.587699516042
        },
        {
          "acoustic_entropy": 7.654112339019775,
          "acoustic_entropy_side": 7.615082740783691,
          "hz": 11833.21735289826
        },
        {
          "acoustic_entropy": 7.608845233917236,
          "acoustic_entropy_side": 7.6150898933410645,
          "hz": 12943.144197493959
        },
        {
          "acoustic_entropy": 7.610238552093506,
          "acoustic_entropy_side": 7.6150970458984375,
          "hz": 14151.364845322005
        },
        {
          "acoustic_entropy": 7.61060905456543,
          "acoustic_entropy_side": 7.615097522735596,
          "hz": 15466.58407886509
        },
        {
          "acoustic_entropy": 7.6135382652282715,
          "acoustic_entropy_side": 7.615098476409912,
          "hz": 16898.27756580493
        },
        {
          "acoustic_entropy": 7.614516258239746,
          "acoustic_entropy_side": 7.61509895324707,
          "hz": 18456.760127700032
        },
        {
          "acoustic_entropy": 7.614869117736816,
          "acoustic_entropy_side": 7.61509895324707,
          "hz": 20153.260054456492
        },
        {
          "acoustic_entropy": 7.615078926086426,
          "acoustic_entropy_side": 7.615098476409912,
          "hz": 22000.00000000001
        }
      ],
      "diff_acoustic_entropy": 4.8035502433776855,
      "sn": 6
    },
    {
      "acoustic_entropy": 12.410470008850098,
      "acoustic_entropy_mono": 11.393051147460938,
      "band_eliminated_acoustic_entropies": [
        {
          "acoustic_entropy": 12.455007553100586,
          "acoustic_entropy_side": 12.413833618164062,
          "hz": 129.47220167065723
        },
        {
          "acoustic_entropy": 11.72506046295166,
          "acoustic_entropy_side": 12.486715316772461,
          "hz": 202.92927478742237
        },
        {
          "acoustic_entropy": 13.098182678222656,
          "acoustic_entropy_side": 12.159391403198242,
          "hz": 282.89161906338205
        },
        {
          "acoustic_entropy": 13.408949851989746,
          "acoustic_entropy_side": 11.861416816711426,
          "hz": 369.9353335868758
        },
        {
          "acoustic_entropy": 12.411419868469238,
          "acoustic_entropy_side": 12.745077133178711,
          "hz": 464.6875360973435
        },
        {
          "acoustic_entropy": 12.457329750061035,
          "acoustic_entropy_side": 12.615087509155273,
          "hz": 567.8308811364784
        },
        {
          "acoustic_entropy": 12.58984375,
          "acoustic_entropy_side": 12.229836463928223,
          "hz": 680.1084783214808
        },
        {
          "acoustic_entropy": 12.883883476257324,
          "acoustic_entropy_side": 12.739754676818848,
          "hz": 802.3292461747484
        },
        {
          "acoustic_entropy": 11.965118408203125,
          "acoustic_entropy_side": 12.001259803771973,
          "hz": 935.3737400823702
        },
        {
          "acoustic_entropy": 12.403554916381836,
          "acoustic_entropy_side": 12.309578895568848,
          "hz": 1080.2004963696966
        },
        {
          "acoustic_entropy": 12.569720268249512,
          "acoustic_entropy_side": 12.3366060256958,
          "hz": 1237.8529382007157
        },
        {
          "acoustic_entropy": 12.182910919189453,
          "acoustic_entropy_side": 12.470560073852539,
          "hz": 1409.4668930556702
        },
        {
          "acoustic_entropy": 12.063124656677246,
          "acoustic_entropy_side": 12.33264446258545,
          "hz": 1596.2787759475705
        },
        {
          "acoustic_entropy": 12.216081619262695,
          "acoustic_entropy_side": 12.412083625793457,
          "hz": 1799.6344973346393
        },
        {
          "acoustic_entropy": 12.560840606689453,
          "acoustic_entropy_side": 12.384212493896484,
          "hz": 2020.9991599069049
        },
        {
          "acoustic_entropy": 12.546893119812012,
          "acoustic_entropy_side": 12.400275230407715,
          "hz": 2261.9676141086993
        },
        {
          "acoustic_entropy": 12.462544441223145,
          "acoustic_entropy_side": 12.452751159667969,
          "hz": 2524.2759484456974
        },
        {
          "acoustic_entropy": 12.47708511352539,
          "acoustic_entropy_side": 12.445269584655762,
          "hz": 2809.813997359896
        },
        {
          "acoustic_entropy": 12.598366737365723,
          "acoustic_entropy_side": 12.43503189086914,
          "hz": 3120.6389567871424
        },
        {
          "acoustic_entropy": 12.633429527282715,
          "acoustic_entropy_side": 12.431546211242676,
          "hz": 3458.990205492291
        },
        {
          "acoustic_entropy": 12.394920349121094,
          "acoustic_entropy_side": 12.420766830444336,
          "hz": 3827.305438964164
        },
        {
          "acoustic_entropy": 12.439825057983398,
          "acoustic_entropy_side": 12.417773246765137,
          "hz": 4228.238232109126
        },
        {
          "acoustic_entropy": 12.365032196044922,
          "acoustic_entropy_side": 12.415026664733887,
          "hz": 4664.6771572759235
        },
        {
          "acoustic_entropy": 12.229203224182129,
          "acoustic_entropy_side": 12.409660339355469,
          "hz": 5139.766595350093
        },
        {
          "acoustic_entropy": 12.29275894165039,
          "acoustic_entropy_side": 12.409372329711914,
          "hz": 5656.929389854203
        },
        {
          "acoustic_entropy": 12.110872268676758,
          "acoustic_entropy_side": 12.409716606140137,
          "hz": 6219.891507268283
        },
        {
          "acoustic_entropy": 12.349263191223145,
          "acoustic_entropy_side": 12.409628868103027,
          "hz": 6832.70888123896
        },
        {
          "acoustic_entropy": 12.359151840209961,
          "acoustic_entropy_side": 12.410311698913574,
          "hz": 7499.796634079867
        },
        {
          "acoustic_entropy": 12.370697021484375,
          "acoustic_entropy_side": 12.410462379455566,
          "hz": 8225.96088609342
        },
        {
          "acoustic_entropy": 12.167423248291016,
          "acoustic_entropy_side": 12.41066837310791,
          "hz": 9016.43338188839
        },
        {
          "acoustic_entropy": 12.288692474365234,
          "acoustic_entropy_side": 12.411640167236328,
          "hz": 9876.909183162974
        },
        {
          "acoustic_entropy": 12.207520484924316,
          "acoustic_entropy_side": 12.411519050598145,
          "hz": 10813.587699516042
        },
        {
          "acoustic_entropy": 12.170246124267578,
          "acoustic_entropy_side": 12.410848617553711,
          "hz": 11833.21735289826
        },
        {
          "acoustic_entropy": 12.231152534484863,
          "acoustic_entropy_side": 12.410733222961426,
          "hz": 12943.144197493959
        },
        {
          "acoustic_entropy": 12.315383911132812,
          "acoustic_entropy_side": 12.410577774047852,
          "hz": 14151.364845322005
        },
        {
          "acoustic_entropy": 12.380248069763184,
          "acoustic_entropy_side": 12.410505294799805,
          "hz": 15466.58407886509
        },
        {
          "acoustic_entropy": 12.41064167022705,
          "acoustic_entropy_side": 12.410479545593262,
          "hz": 16898.27756580493
        },
        {
          "acoustic_entropy": 12.404692649841309,
          "acoustic_entropy_side": 12.410473823547363,
          "hz": 18456.760127700032
        },
        {
          "acoustic_entropy": 12.40919303894043,
          "acoustic_entropy_side": 12.41047191619873,
          "hz": 20153.260054456492
        },
        {
          "acoustic_entropy": 12.410502433776855,
          "acoustic_entropy_side": 12.410472869873047,
          "hz": 22000.00000000001
        }
      ],
      "diff_acoustic_entropy": 8.672591209411621,
      "sn": 12
    },
    {
      "acoustic_entropy": 20.300151824951172,
      "acoustic_entropy_mono": 17.32524871826172,
      "band_eliminated_acoustic_entropies": [
        {
          "acoustic_entropy": 20.294504165649414,
          "acoustic_entropy_side": 20.173673629760742,
          "hz": 129.47220167065723
        },
        {
          "acoustic_entropy": 19.51584815979004,
          "acoustic_entropy_side": 19.486692428588867,
          "hz": 202.92927478742237
        },
        {
          "acoustic_entropy": 20.739559173583984,
          "acoustic_entropy_side": 21.0554256439209,
          "hz": 282.89161906338205
        },
        {
          "acoustic_entropy": 20.378204345703125,
          "acoustic_entropy_side": 19.483360290527344,
          "hz": 369.9353335868758
        },
        {
          "acoustic_entropy": 18.480865478515625,
          "acoustic_entropy_side": 21.12168312072754,
          "hz": 464.6875360973435
        },
        {
          "acoustic_entropy": 19.086423873901367,
          "acoustic_entropy_side": 19.880619049072266,
          "hz": 567.8308811364784
        },
        {
          "acoustic_entropy": 19.225845336914062,
          "acoustic_entropy_side": 19.930538177490234,
          "hz": 680.1084783214808
        },
        {
          "acoustic_entropy": 20.1282901763916,
          "acoustic_entropy_side": 19.440689086914062,
          "hz": 802.3292461747484
        },
        {
          "acoustic_entropy": 20.076183319091797,
          "acoustic_entropy_side": 21.333261489868164,
          "hz": 935.3737400823702
        },
        {
          "acoustic_entropy": 20.104564666748047,
          "acoustic_entropy_side": 20.027313232421875,
          "hz": 1080.2004963696966
        },
        {
          "acoustic_entropy": 18.94135856628418,
          "acoustic_entropy_side": 20.10948371887207,
          "hz": 1237.8529382007157
        },
        {
          "acoustic_entropy": 19.817672729492188,
          "acoustic_entropy_side": 20.099124908447266,
          "hz": 1409.4668930556702
        },
        {
          "acoustic_entropy": 20.68393325805664,
          "acoustic_entropy_side": 20.45016098022461,
          "hz": 1596.2787759475705
        },
        {
          "acoustic_entropy": 20.291353225708008,
          "acoustic_entropy_side": 20.20021629333496,
          "hz": 1799.6344973346393
        },
        {
          "acoustic_entropy": 20.222293853759766,
          "acoustic_entropy_side": 19.746673583984375,
          "hz": 2020.9991599069049
        },
        {
          "acoustic_entropy": 20.307296752929688,
          "acoustic_entropy_side": 20.138687133789062,
          "hz": 2261.9676141086993
        },
        {
          "acoustic_entropy": 19.99125099182129,
          "acoustic_entropy_side": 20.1268310546875,
          "hz": 2524.2759484456974
        },
        {
          "acoustic_entropy": 20.3060359954834,
          "acoustic_entropy_side": 20.276185989379883,
          "hz": 2809.813997359896
        },
        {
          "acoustic_entropy": 19.852907180786133,
          "acoustic_entropy_side": 20.181089401245117,
          "hz": 3120.6389567871424
        },
        {
