{
  "acoustic_entropy": 207.352783203125,
  "bands": [
    {
      "high_freq": 148.1999969482422,
      "loudness": -18.62516212463379,
      "loudness_range": 6.038565635681152,
      "mid_mean": -15.002175331115723,
      "mid_to_side_loudness": -22.132789611816406,
      "mid_to_side_loudness_range": 23.736469268798828,
      "side_mean": -38.31412887573242
    },
    {
      "high_freq": 392.3793640136719,
      "loudness": -19.881345748901367,
      "loudness_range": 6.819248199462891,
      "low_freq": 148.1999969482422,
      "mid_mean": -16.600704193115234,
      "mid_to_side_loudness": -11.835321426391602,
      "mid_to_side_loudness_range": 11.839149475097656,
      "side_mean": -28.36153221130371
    },
    {
      "high_freq": 794.6976318359375,
      "loudness": -19.945831298828125,
      "loudness_range": 10.853293418884277,
      "low_freq": 392.3793640136719,
      "mid_mean": -16.67479133605957,
      "mid_to_side_loudness": -11.645425796508789,
      "mid_to_side_loudness_range": 14.121264457702637,
      "side_mean": -28.486257553100586
    },
    {
      "high_freq": 1457.5709228515625,
      "loudness": -22.119678497314453,
      "loudness_range": 15.87190055847168,
      "low_freq": 794.6976318359375,
      "mid_mean": -19.027904510498047,
      "mid_to_side_loudness": -10.247464179992676,
      "mid_to_side_loudness_range": 14.853080749511719,
      "side_mean": -29.50653839111328
    },
    {
      "high_freq": 2549.74365234375,
      "loudness": -20.417394638061523,
      "loudness_range": 12.330887794494629,
      "low_freq": 1457.5709228515625,
      "mid_mean": -17.399118423461914,
      "mid_to_side_loudness": -8.917088508605957,
      "mid_to_side_loudness_range": 11.570508003234863,
      "side_mean": -26.439594268798828
    },
    {
      "high_freq": 4349.24462890625,
      "loudness": -19.741195678710938,
      "loudness_range": 10.804364204406738,
      "low_freq": 2549.74365234375,
      "mid_mean": -16.9112548828125,
      "mid_to_side_loudness": -7.893758773803711,
      "mid_to_side_loudness_range": 12.445483207702637,
      "side_mean": -24.83325958251953
    },
    {
      "high_freq": 7314.1640625,
      "loudness": -23.00296974182129,
      "loudness_range": 8.515235900878906,
      "low_freq": 4349.24462890625,
      "mid_mean": -19.845670700073242,
      "mid_to_side_loudness": -9.732307434082031,
      "mid_to_side_loudness_range": 9.831905364990234,
      "side_mean": -29.61343002319336
    },
    {
      "high_freq": 12199.2666015625,
      "loudness": -24.5223388671875,
      "loudness_range": 9.643468856811523,
      "low_freq": 7314.1640625,
      "mid_mean": -21.19708824157715,
      "mid_to_side_loudness": -11.96717643737793,
      "mid_to_side_loudness_range": 9.489387512207031,
      "side_mean": -33.79190444946289
    },
    {
      "loudness": -32.2451171875,
      "loudness_range": 10.560005187988281,
      "low_freq": 12199.2666015625,
      "mid_mean": -28.90700912475586,
      "mid_to_side_loudness": -11.364190101623535,
      "mid_to_side_loudness_range": 6.368025302886963,
      "side_mean": -40.279808044433594
    }
  ],
  "bands_short": [
    {
      "high_freq": 148.1999969482422,
      "loudness": -22.285268783569336,
      "loudness_range": 13.96489429473877,
      "mid_mean": -18.630802154541016,
      "mid_to_side_loudness": -27.67503547668457,
      "mid_to_side_loudness_range": 30.866640090942383,
      "side_mean": -48.18346405029297
    },
    {
      "high_freq": 392.3793640136719,
      "loudness": -19.17011260986328,
      "loudness_range": 8.885762214660645,
      "low_freq": 148.1999969482422,
      "mid_mean": -15.899178504943848,
      "mid_to_side_loudness": -12.770634651184082,
      "mid_to_side_loudness_range": 16.369426727294922,
      "side_mean": -28.611116409301758
    },
    {
      "high_freq": 794.6976318359375,
      "loudness": -21.507585525512695,
      "loudness_range": 13.722443580627441,
      "low_freq": 392.3793640136719,
      "mid_mean": -18.424131393432617,
      "mid_to_side_loudness": -10.769137382507324,
      "mid_to_side_loudness_range": 16.768287658691406,
      "side_mean": -29.386735916137695
    },
    {
      "high_freq": 1457.5709228515625,
      "loudness": -22.222402572631836,
      "loudness_range": 18.59746551513672,
      "low_freq": 794.6976318359375,
      "mid_mean": -19.374744415283203,
      "mid_to_side_loudness": -9.201685905456543,
      "mid_to_side_loudness_range": 17.372568130493164,
      "side_mean": -28.923250198364258
    },
    {
      "high_freq": 2549.74365234375,
      "loudness": -21.179622650146484,
      "loudness_range": 15.143677711486816,
      "low_freq": 1457.5709228515625,
      "mid_mean": -18.318708419799805,
      "mid_to_side_loudness": -8.345645904541016,
      "mid_to_side_loudness_range": 12.783821105957031,
      "side_mean": -26.813539505004883
    },
    {
      "high_freq": 4349.24462890625,
      "loudness": -20.31601333618164,
      "loudness_range": 13.029804229736328,
      "low_freq": 2549.74365234375,
      "mid_mean": -17.606481552124023,
      "mid_to_side_loudness": -7.437130928039551,
      "mid_to_side_loudness_range": 11.710803985595703,
      "side_mean": -25.011680603027344
    },
    {
      "high_freq": 7314.1640625,
      "loudness": -24.025102615356445,
      "loudness_range": 13.747394561767578,
      "low_freq": 4349.24462890625,
      "mid_mean": -21.0253963470459,
      "mid_to_side_loudness": -8.95879077911377,
      "mid_to_side_loudness_range": 11.132810592651367,
      "side_mean": -29.97643280029297
    },
    {
      "high_freq": 12199.2666015625,
      "loudness": -26.096782684326172,
      "loudness_range": 15.442941665649414,
      "low_freq": 7314.1640625,
      "mid_mean": -22.82147979736328,
      "mid_to_side_loudness": -12.172307968139648,
      "mid_to_side_loudness_range": 11.884417533874512,
      "side_mean": -35.44205093383789
    },
    {
      "loudness": -34.29303741455078,
      "loudness_range": 18.84601593017578,
      "low_freq": 12199.2666015625,
      "mid_mean": -31.121440887451172,
      "mid_to_side_loudness": -11.442108154296875,
      "mid_to_side_loudness_range": 10.441549301147461,
      "side_mean": -42.30772399902344
    }
  ],
  "bandwidth": 796.4423828125,
  "channels": 2,
  "covariance": [
    [
      7.352634429931641,
      0.7724906802177429,
      -0.40862205624580383,
      -1.2844945192337036,
      0.24727587401866913,
      0.16830529272556305,
      -0.5157461166381836,
      0.07874579727649689,
      -0.33233147859573364,
      0.6014501452445984,
      -0.23537097871303558,
      0.0746723935008049,
      -0.5629174113273621,
      0.05309712141752243,
      -0.8759920597076416,
      0.2566152513027191,
      -0.8569075465202332,
      -0.1278010606765747
    ],
    [
      0.7724906802177429,
      71.81389617919922,
      5.780972003936768,
      26.4638614654541,
      6.495199203491211,
      24.163415908813477,
      16.0793399810791,
      31.323551177978516,
      15.615933418273926,
      29.87852668762207,
      15.349651336669922,
      34.02238464355469,
      11.13154411315918,
      23.323623657226562,
      8.399282455444336,
      12.636874198913574,
      8.396882057189941,
      8.947876930236816
    ],
    [
      -0.40862205624580383,
      5.780972003936768,
      8.767034530639648,
      5.290721893310547,
      1.3513145446777344,
      2.4796791076660156,
      0.7224741578102112,
      2.963397741317749,
      1.1243141889572144,
      2.935450315475464,
      2.673435926437378,
      3.217345714569092,
      3.856555938720703,
      2.7846293449401855,
      1.7130134105682373,
      3.512047052383423,
      1.7790626287460327,
      0.8135822415351868
    ],
    [
      -1.2844945192337036,
      26.4638614654541,
      5.290721893310547,
      19.327829360961914,
      3.7510769367218018,
      13.390379905700684,
      6.785767555236816,
      14.903353691101074,
      6.955240249633789,
      14.007675170898438,
      7.137639045715332,
      16.019229888916016,
      5.424576282501221,
      11.036773681640625,
      4.194759845733643,
      6.823169231414795,
      3.5859808921813965,
      4.411861419677734
    ],
    [
      0.24727587401866913,
      6.495199203491211,
      1.3513145446777344,
      3.7510769367218018,
      17.72441864013672,
      8.835057258605957,
      11.645541191101074,
      9.230816841125488,
      9.382545471191406,
      7.892881870269775,
      4.550277233123779,
      7.130532264709473,
      3.508211851119995,
      5.158651351928711,
      4.167910575866699,
      3.1633758544921875,
      3.2742295265197754,
      2.7921524047851562
    ],
    [
      0.16830529272556305,
      24.163415908813477,
      2.4796791076660156,
      13.390379905700684,
      8.835057258605957,
      23.3789005279541,
      12.711945533752441,
      22.51597785949707,
      12.364136695861816,
      20.93096351623535,
      10.31846809387207,
      22.664661407470703,
      7.524032115936279,
      16.31239891052246,
      8.930578231811523,
      12.223413467407227,
      9.590641021728516,
      11.32124137878418
    ],
    [
      -0.5157461166381836,
      16.0793399810791,
      0.7224741578102112,
      6.785767555236816,
      11.645541191101074,
      12.711945533752441,
      35.094276428222656,
      20.893415451049805,
      19.388946533203125,
      18.096763610839844,
      10.793351173400879,
      17.688770294189453,
      9.331416130065918,
      13.633801460266113,
      7.829024791717529,
      8.370903968811035,
      8.646944999694824,
      8.19398307800293
    ],
    [
      0.07874579727649689,
      31.323551177978516,
      2.963397741317749,
      14.903353691101074,
      9.230816841125488,
      22.51597785949707,
      20.893415451049805,
      35.68999099731445,
      18.551361083984375,
      32.85832977294922,
      16.506343841552734,
      34.96624755859375,
      11.462031364440918,
      25.07080841064453,
      12.319252014160156,
      16.57968521118164,
      14.077983856201172,
      16.124271392822266
    ],
    [
      -0.33233147859573364,
      15.615933418273926,
      1.1243141889572144,
      6.955240249633789,
      9.382545471191406,
      12.364136695861816,
      19.388946533203125,
      18.551361083984375,
      22.146644592285156,
      20.287378311157227,
      12.308842658996582,
      19.706130981445312,
      10.181295394897461,
      14.68636417388916,
      9.56885814666748,
      9.61923885345459,
      9.945696830749512,
      9.304508209228516
    ],
    [
      0.6014501452445984,
      29.87852668762207,
      2.935450315475464,
      14.007675170898438,
      7.892881870269775,
      20.93096351623535,
      18.096763610839844,
      32.85832977294922,
      20.287378311157227,
      38.957611083984375,
      18.71358871459961,
      39.94899368286133,
      12.928300857543945,
      28.522499084472656,
      13.798187255859375,
      19.163747787475586,
      16.383241653442383,
      18.866897583007812
    ],
    [
      -0.23537097871303558,
      15.349651336669922,
      2.673435926437378,
      7.137639045715332,
      4.550277233123779,
      10.31846809387207,
      10.793351173400879,
      16.506343841552734,
      12.308842658996582,
      18.71358871459961,
      16.26082992553711,
      21.15019416809082,
      10.184088706970215,
      15.46857738494873,
      8.916213989257812,
      10.235503196716309,
      10.556924819946289,
      9.995232582092285
    ],
    [
      0.0746723935008049,
      34.02238464355469,
      3.217345714569092,
      16.019229888916016,
      7.130532264709473,
      22.664661407470703,
      17.688770294189453,
      34.96624755859375,
      19.706130981445312,
      39.94899368286133,
      21.15019416809082,
      45.895057678222656,
      14.054238319396973,
      31.743310928344727,
      14.691435813903809,
      20.1596622467041,
      17.907896041870117,
      20.962419509887695
    ],
    [
      -0.5629174113273621,
      11.13154411315918,
      3.856555938720703,
      5.424576282501221,
      3.508211851119995,
      7.524032115936279,
      9.331416130065918,
      11.462031364440918,
      10.181295394897461,
      12.928300857543945,
      10.184088706970215,
      14.054238319396973,
      12.171767234802246,
      12.475579261779785,
      9.703909873962402,
      11.949474334716797,
      10.878931045532227,
      9.033076286315918
    ],
    [
      0.05309712141752243,
      23.323623657226562,
      2.7846293449401855,
      11.036773681640625,
      5.158651351928711,
      16.31239891052246,
      13.633801460266113,
      25.07080841064453,
      14.68636417388916,
      28.522499084472656,
      15.46857738494873,
      31.743310928344727,
      12.475579261779785,
      25.058147430419922,
      12.788664817810059,
      18.603832244873047,
      15.392852783203125,
      17.749942779541016
    ],
    [
      -0.8759920597076416,
      8.399282455444336,
      1.7130134105682373,
      4.194759845733643,
      4.167910575866699,
      8.930578231811523,
      7.829024791717529,
      12.319252014160156,
      9.56885814666748,
      13.798187255859375,
      8.916213989257812,
      14.691435813903809,
      9.703909873962402,
      12.788664817810059,
      14.860196113586426,
      14.28832721710205,
      15.292574882507324,
      13.502318382263184
    ],
    [
      0.2566152513027191,
      12.636874198913574,
      3.512047052383423,
      6.823169231414795,
      3.1633758544921875,
      12.223413467407227,
      8.370903968811035,
      16.57968521118164,
      9.61923885345459,
      19.163747787475586,
      10.235503196716309,
      20.1596622467041,
      11.949474334716797,
      18.603832244873047,
      14.28832721710205,
      29.905670166015625,
      18.351482391357422,
      20.869741439819336
    ],
    [
      -0.8569075465202332,
      8.396882057189941,
      1.7790626287460327,
      3.5859808921813965,
      3.2742295265197754,
      9.590641021728516,
      8.646944999694824,
      14.077983856201172,
      9.945696830749512,
      16.383241653442383,
      10.556924819946289,
      17.907896041870117,
      10.878931045532227,
      15.392852783203125,
      15.292574882507324,
      18.351482391357422,
      20.684614181518555,
      17.704988479614258
    ],
    [
      -0.1278010606765747,
      8.947876930236816,
      0.8135822415351868,
      4.411861419677734,
      2.7921524047851562,
      11.32124137878418,
      8.19398307800293,
      16.124271392822266,
      9.304508209228516,
      18.866897583007812,
      9.995232582092285,
      20.962419509887695,
      9.033076286315918,
      17.749942779541016,
      13.502318382263184,
      20.869741439819336,
      17.704988479614258,
      23.639219284057617
    ]
  ],
  "covariance_short": [
    [
      24.125791549682617,
      -2.028731107711792,
      -1.2963651418685913,
      -2.9436757564544678,
      -2.1219654083251953,
      -0.11752121150493622,
      -2.774047613143921,
      -0.2909542918205261,
      -0.4964764714241028,
      0.6493176817893982,
      0.4888395071029663,
      0.16631640493869781,
      1.481011152267456,
      0.2624465227127075,
      0.8518063426017761,
      0.9805610775947571,
      0.7991775870323181,
      0.34459277987480164
    ],
    [
      -2.028731107711792,
      73.65836334228516,
      6.787333965301514,
      32.62124252319336,
      7.6587347984313965,
      23.01508331298828,
      16.234622955322266,
      30.80939483642578,
      17.09058380126953,
      29.39964485168457,
      19.07984161376953,
      34.149200439453125,
      15.71718692779541,
      26.49613380432129,
      14.074310302734375,
      18.055233001708984,
      16.443607330322266,
      18.861955642700195
    ],
    [
      -1.2963651418685913,
      6.787333965301514,
      13.962237358093262,
      5.198795795440674,
      2.7673404216766357,
      1.790090799331665,
      0.1495751440525055,
      1.791580080986023,
      0.6840028166770935,
      1.39863121509552,
      2.9126479625701904,
      1.3716741800308228,
      6.349729061126709,
      2.235522985458374,
      3.9888696670532227,
      4.329562664031982,
      3.0170130729675293,
      1.7143669128417969
    ],
    [
      -2.9436757564544678,
      32.62124252319336,
      5.198795795440674,
      29.897836685180664,
      4.543831825256348,
      15.455157279968262,
      8.969566345214844,
      17.80771255493164,
      9.68814754486084,
      16.853708267211914,
      10.396198272705078,
      19.09995460510254,
      9.196321487426758,
      15.489327430725098,
      8.48182487487793,
      12.263507843017578,
      9.901765823364258,
      11.800671577453613
    ],
    [
      -2.1219654083251953,
      7.6587347984313965,
      2.7673404216766357,
      4.543831825256348,
      26.077688217163086,
      7.971717357635498,
      13.750770568847656,
      9.015517234802246,
      12.186890602111816,
      8.670709609985352,
      9.778151512145996,
      8.824458122253418,
      8.170289039611816,
      7.700154781341553,
      8.61538028717041,
      7.069205284118652,
      6.492079734802246,
      7.209228515625
    ],
    [
      -0.11752121150493622,
      23.01508331298828,
      1.790090799331665,
      15.455157279968262,
      7.971717357635498,
      23.951683044433594,
      13.68964958190918,
      22.104290008544922,
      13.468914031982422,
      20.199146270751953,
      12.314587593078613,
      21.580671310424805,
      10.318572044372559,
      17.71949005126953,
      11.973489761352539,
      15.337306022644043,
      13.31421184539795,
      15.371663093566895
    ],
    [
      -2.774047613143921,
      16.234622955322266,
      0.1495751440525055,
      8.969566345214844,
      13.750770568847656,
      13.68964958190918,
      45.73664474487305,
      21.793031692504883,
      26.389907836914062,
      20.471473693847656,
      16.865962982177734,
      20.51471519470215,
      15.479293823242188,
      17.65614128112793,
      13.928041458129883,
      13.679444313049316,
      13.802457809448242,
      15.335600852966309
    ],
    [
      -0.2909542918205261,
      30.80939483642578,
      1.791580080986023,
      17.80771255493164,
      9.015517234802246,
      22.104290008544922,
      21.793031692504883,
      39.317142486572266,
      20.66936492919922,
      33.24674606323242,
      19.798952102661133,
      35.58094787597656,
      16.059005737304688,
      28.604068756103516,
      16.175397872924805,
      22.307899475097656,
      19.01118278503418,
      22.72801971435547
    ],
    [
      -0.4964764714241028,
      17.09058380126953,
      0.6840028166770935,
      9.68814754486084,
      12.186890602111816,
      13.468914031982422,
      26.389907836914062,
      20.66936492919922,
      32.68498611450195,
      24.351869583129883,
      19.901119232177734,
      24.030792236328125,
      18.644495010375977,
      20.75473976135254,
      17.442251205444336,
      17.21558952331543,
      17.167821884155273,
      17.747739791870117
    ],
    [
      0.6493176817893982,
      29.39964485168457,
      1.39863121509552,
      16.853708267211914,
      8.670709609985352,
      20.199146270751953,
      20.471473693847656,
      33.24674606323242,
      24.351869583129883,
      41.82560348510742,
      23.712358474731445,
      40.90380859375,
      19.286376953125,
      32.98838806152344,
      19.2059326171875,
      26.510478973388672,
      23.316722869873047,
      27.019943237304688
    ],
    [
      0.4888395071029663,
      19.07984161376953,
      2.9126479625701904,
      10.396198272705078,
      9.778151512145996,
      12.314587593078613,
      16.865962982177734,
      19.798952102661133,
      19.901119232177734,
      23.712358474731445,
      27.652549743652344,
      27.16022300720215,
      20.7805233001709,
      23.14466667175293,
      18.46879005432129,
      19.469219207763672,
      19.85408592224121,
      20.320526123046875
    ],
    [
      0.16631640493869781,
      34.149200439453125,
      1.3716741800308228,
      19.09995460510254,
      8.824458122253418,
      21.580671310424805,
      20.51471519470215,
      35.58094787597656,
      24.030792236328125,
      40.90380859375,
      27.16022300720215,
      49.20620346069336,
      21.30507469177246,
      37.53961944580078,
      20.63970184326172,
      28.895559310913086,
      26.203369140625,
      30.891094207763672
    ],
    [
      1.481011152267456,
      15.71718692779541,
      6.349729061126709,
      9.196321487426758,
      8.170289039611816,
      10.318572044372559,
      15.479293823242188,
      16.059005737304688,
      18.644495010375977,
      19.286376953125,
      20.7805233001709,
      21.30507469177246,
      28.187257766723633,
      22.439311981201172,
      24.496688842773438,
      24.74696159362793,
      25.241954803466797,
      23.59085464477539
    ],
    [
      0.2624465227127075,
      26.49613380432129,
      2.235522985458374,
      15.489327430725098,
      7.700154781341553,
      17.71949005126953,
      17.65614128112793,
      28.604068756103516,
      20.75473976135254,
      32.98838806152344,
      23.14466667175293,
      37.53961944580078,
      22.439311981201172,
      35.72012710571289,
      22.474546432495117,
      31.28837013244629,
      27.50739097595215,
      31.53145408630371
    ],
    [
      0.8518063426017761,
      14.074310302734375,
      3.9888696670532227,
      8.48182487487793,
      8.61538028717041,
      11.973489761352539,
      13.928041458129883,
      16.175397872924805,
      17.442251205444336,
      19.2059326171875,
      18.46879005432129,
      20.63970184326172,
      24.496688842773438,
      22.474546432495117,
      36.605552673339844,
      33.937923431396484,
      35.398983001708984,
      34.27043533325195
    ],
    [
      0.9805610775947571,
      18.055233001708984,
      4.329562664031982,
      12.263507843017578,
      7.069205284118652,
      15.337306022644043,
      13.679444313049316,
      22.307899475097656,
      17.21558952331543,
      26.510478973388672,
      19.469219207763672,
      28.895559310913086,
      24.74696159362793,
      31.28837013244629,
      33.937923431396484,
      53.150917053222656,
      39.74211120605469,
      45.65627670288086
    ],
    [
      0.7991775870323181,
      16.443607330322266,
      3.0170130729675293,
      9.901765823364258,
      6.492079734802246,
      13.31421184539795,
      13.802457809448242,
      19.01118278503418,
      17.167821884155273,
      23.316722869873047,
      19.85408592224121,
      26.203369140625,
      25.241954803466797,
      27.50739097595215,
      35.398983001708984,
      39.74211120605469,
      49.07106018066406,
      44.44916534423828
    ],
    [
      0.34459277987480164,
      18.861955642700195,
      1.7143669128417969,
      11.800671577453613,
      7.209228515625,
      15.371663093566895,
      15.335600852966309,
      22.72801971435547,
      17.747739791870117,
      27.019943237304688,
      20.320526123046875,
      30.891094207763672,
      23.59085464477539,
      31.53145408630371,
      34.27043533325195,
      45.65627670288086,
      44.44916534423828,
      58.852561950683594
    ]
  ],
  "damage": -3.5272700786590576,
  "diff_bandwidth": 818.6709594726562,
  "dissonance": 10.463742856720534,
  "drr": 2.760610342025757,
  "dynamics": 2.0444869995117188,
  "format": 1245190,
  "frames": 11403264,
  "loudness": -7.606642246246338,
  "loudness_range": 4.940239429473877,
  "loudness_range_short": 6.910665988922119,
  "lowpass_true_peak_15khz": 1.100409746170044,
  "mastering3_acoustic_entropies": [
    {
      "acoustic_entropy": 8.532051086425781,
      "acoustic_entropy_mono": 8.835375785827637,
      "band_eliminated_acoustic_entropies": [
        {
          "acoustic_entropy": 8.521686553955078,
          "acoustic_entropy_side": 8.532044410705566,
          "hz": 129.47220167065723
        },
        {
          "acoustic_entropy": 8.39540958404541,
          "acoustic_entropy_side": 8.531134605407715,
          "hz": 202.92927478742237
        },
        {
          "acoustic_entropy": 8.487940788269043,
          "acoustic_entropy_side": 8.536191940307617,
          "hz": 282.89161906338205
        },
        {
          "acoustic_entropy": 8.456897735595703,
          "acoustic_entropy_side": 8.530660629272461,
          "hz": 369.9353335868758
        },
        {
          "acoustic_entropy": 8.335065841674805,
          "acoustic_entropy_side": 8.501777648925781,
          "hz": 464.6875360973435
        },
        {
          "acoustic_entropy": 7.844516754150391,
          "acoustic_entropy_side": 8.492618560791016,
          "hz": 567.8308811364784
        },
        {
          "acoustic_entropy": 7.402280330657959,
          "acoustic_entropy_side": 8.512856483459473,
          "hz": 680.1084783214808
        },
        {
          "acoustic_entropy": 7.840150356292725,
          "acoustic_entropy_side": 8.488080978393555,
          "hz": 802.3292461747484
        },
        {
          "acoustic_entropy": 8.863214492797852,
          "acoustic_entropy_side": 8.438090324401855,
          "hz": 935.3737400823702
        },
        {
          "acoustic_entropy": 8.280511856079102,
          "acoustic_entropy_side": 8.478693962097168,
          "hz": 1080.2004963696966
        },
        {
          "acoustic_entropy": 9.101963996887207,
          "acoustic_entropy_side": 8.466875076293945,
          "hz": 1237.8529382007157
        },
        {
          "acoustic_entropy": 8.340838432312012,
          "acoustic_entropy_side": 8.47771167755127,
          "hz": 1409.4668930556702
        },
        {
          "acoustic_entropy": 7.767126560211182,
          "acoustic_entropy_side": 8.485902786254883,
          "hz": 1596.2787759475705
        },
        {
          "acoustic_entropy": 9.146627426147461,
          "acoustic_entropy_side": 8.542855262756348,
          "hz": 1799.6344973346393
        },
        {
          "acoustic_entropy": 8.116308212280273,
          "acoustic_entropy_side": 8.536666870117188,
          "hz": 2020.9991599069049
        },
        {
          "acoustic_entropy": 7.918616771697998,
          "acoustic_entropy_side": 8.546333312988281,
          "hz": 2261.9676141086993
        },
        {
          "acoustic_entropy": 8.421552658081055,
          "acoustic_entropy_side": 8.557854652404785,
          "hz": 2524.2759484456974
        },
        {
          "acoustic_entropy": 8.39665412902832,
          "acoustic_entropy_side": 8.538782119750977,
          "hz": 2809.813997359896
        },
        {
          "acoustic_entropy": 8.4193754196167,
          "acoustic_entropy_side": 8.500633239746094,
          "hz": 3120.6389567871424
        },
        {
          "acoustic_entropy": 8.626384735107422,
          "acoustic_entropy_side": 8.594095230102539,
          "hz": 3458.990205492291
        },
        {
          "acoustic_entropy": 8.538982391357422,
          "acoustic_entropy_side": 8.56612777709961,
          "hz": 3827.305438964164
        },
        {
          "acoustic_entropy": 8.378236770629883,
          "acoustic_entropy_side": 8.450443267822266,
          "hz": 4228.238232109126
        },
        {
          "acoustic_entropy": 8.330782890319824,
          "acoustic_entropy_side": 8.458845138549805,
          "hz": 4664.6771572759235
        },
        {
          "acoustic_entropy": 8.28345775604248,
          "acoustic_entropy_side": 8.479236602783203,
          "hz": 5139.766595350093
        },
        {
          "acoustic_entropy": 8.367451667785645,
          "acoustic_entropy_side": 8.516345977783203,
          "hz": 5656.929389854203
        },
        {
          "acoustic_entropy": 8.447099685668945,
          "acoustic_entropy_side": 8.508359909057617,
          "hz": 6219.891507268283
        },
        {
          "acoustic_entropy": 8.523059844970703,
          "acoustic_entropy_side": 8.489537239074707,
          "hz": 6832.70888123896
        },
        {
          "acoustic_entropy": 8.504644393920898,
          "acoustic_entropy_side": 8.496623992919922,
          "hz": 7499.796634079867
        },
        {
          "acoustic_entropy": 8.408330917358398,
          "acoustic_entropy_side": 8.449300765991211,
          "hz": 8225.96088609342
        },
        {
          "acoustic_entropy": 8.341151237487793,
          "acoustic_entropy_side": 8.410951614379883,
          "hz": 9016.43338188839
        },
        {
          "acoustic_entropy": 8.440716743469238,
          "acoustic_entropy_side": 8.506216049194336,
          "hz": 9876.909183162974
        },
        {
          "acoustic_entropy": 8.331000328063965,
          "acoustic_entropy_side": 8.5360689163208,
          "hz": 10813.587699516042
        },
        {
          "acoustic_entropy": 8.449793815612793,
          "acoustic_entropy_side": 8.529813766479492,
          "hz": 11833.21735289826
        },
        {
          "acoustic_entropy": 8.52481460571289,
          "acoustic_entropy_side": 8.537302017211914,
          "hz": 12943.144197493959
        },
        {
          "acoustic_entropy": 8.412734031677246,
          "acoustic_entropy_side": 8.524765968322754,
          "hz": 14151.364845322005
        },
        {
          "acoustic_entropy": 8.52979564666748,
          "acoustic_entropy_side": 8.52895736694336,
          "hz": 15466.58407886509
        },
        {
          "acoustic_entropy": 8.536709785461426,
          "acoustic_entropy_side": 8.5309476852417,
          "hz": 16898.27756580493
        },
        {
          "acoustic_entropy": 8.536635398864746,
          "acoustic_entropy_side": 8.5319242477417,
          "hz": 18456.760127700032
        },
        {
          "acoustic_entropy": 8.532272338867188,
          "acoustic_entropy_side": 8.532068252563477,
          "hz": 20153.260054456492
        },
        {
          "acoustic_entropy": 8.53200626373291,
          "acoustic_entropy_side": 8.532052040100098,
          "hz": 22000.00000000001
        }
      ],
      "diff_acoustic_entropy": 7.7567057609558105,
      "sn": 6
    },
    {
      "acoustic_entropy": 12.493952751159668,
      "acoustic_entropy_mono": 11.903106689453125,
      "band_eliminated_acoustic_entropies": [
        {
          "acoustic_entropy": 13.03339672088623,
          "acoustic_entropy_side": 12.494012832641602,
          "hz": 129.47220167065723
        },
        {
          "acoustic_entropy": 13.11098575592041,
          "acoustic_entropy_side": 12.504148483276367,
          "hz": 202.92927478742237
        },
        {
          "acoustic_entropy": 13.810660362243652,
          "acoustic_entropy_side": 12.460082054138184,
          "hz": 282.89161906338205
        },
        {
          "acoustic_entropy": 12.89236068725586,
          "acoustic_entropy_side": 12.525823593139648,
          "hz": 369.9353335868758
        },
        {
          "acoustic_entropy": 11.337363243103027,
          "acoustic_entropy_side": 12.530950546264648,
          "hz": 464.6875360973435
        },
        {
          "acoustic_entropy": 11.995129585266113,
          "acoustic_entropy_side": 12.536323547363281,
          "hz": 567.8308811364784
        },
        {
          "acoustic_entropy": 11.25331974029541,
          "acoustic_entropy_side": 12.571764945983887,
          "hz": 680.1084783214808
        },
        {
          "acoustic_entropy": 12.319265365600586,
          "acoustic_entropy_side": 12.665223121643066,
          "hz": 802.3292461747484
        },
        {
          "acoustic_entropy": 12.4277982711792,
          "acoustic_entropy_side": 12.358000755310059,
          "hz": 935.3737400823702
        },
        {
          "acoustic_entropy": 12.673891067504883,
          "acoustic_entropy_side": 12.656886100769043,
          "hz": 1080.2004963696966
        },
        {
          "acoustic_entropy": 13.307985305786133,
          "acoustic_entropy_side": 12.635923385620117,
          "hz": 1237.8529382007157
        },
        {
          "acoustic_entropy": 12.695122718811035,
          "acoustic_entropy_side": 12.523523330688477,
          "hz": 1409.4668930556702
        },
        {
          "acoustic_entropy": 11.53262710571289,
          "acoustic_entropy_side": 12.589037895202637,
          "hz": 1596.2787759475705
        },
        {
          "acoustic_entropy": 13.112337112426758,
          "acoustic_entropy_side": 12.747865676879883,
          "hz": 1799.6344973346393
        },
        {
          "acoustic_entropy": 11.868461608886719,
          "acoustic_entropy_side": 12.561383247375488,
          "hz": 2020.9991599069049
        },
        {
          "acoustic_entropy": 12.722744941711426,
          "acoustic_entropy_side": 12.632414817810059,
          "hz": 2261.9676141086993
        },
        {
          "acoustic_entropy": 12.984759330749512,
          "acoustic_entropy_side": 12.795258522033691,
          "hz": 2524.2759484456974
        },
        {
          "acoustic_entropy": 12.580609321594238,
          "acoustic_entropy_side": 12.727227210998535,
          "hz": 2809.813997359896
        },
        {
          "acoustic_entropy": 12.847672462463379,
          "acoustic_entropy_side": 12.669894218444824,
          "hz": 3120.6389567871424
        },
        {
          "acoustic_entropy": 12.776023864746094,
          "acoustic_entropy_side": 12.52616024017334,
          "hz": 3458.990205492291
        },
        {
          "acoustic_entropy": 12.552125930786133,
          "acoustic_entropy_side": 12.59272575378418,
          "hz": 3827.305438964164
        },
        {
          "acoustic_entropy": 12.55360221862793,
          "acoustic_entropy_side": 12.610543251037598,
          "hz": 4228.238232109126
        },
        {
          "acoustic_entropy": 12.459057807922363,
          "acoustic_entropy_side": 12.62353801727295,
          "hz": 4664.6771572759235
        },
        {
          "acoustic_entropy": 12.465764045715332,
          "acoustic_entropy_side": 12.618215560913086,
          "hz": 5139.766595350093
        },
        {
          "acoustic_entropy": 12.501043319702148,
          "acoustic_entropy_side": 12.534130096435547,
          "hz": 5656.929389854203
        },
        {
          "acoustic_entropy": 12.464237213134766,
          "acoustic_entropy_side": 12.465288162231445,
          "hz": 6219.891507268283
        },
        {
          "acoustic_entropy": 12.345005989074707,
          "acoustic_entropy_side": 12.465245246887207,
          "hz": 6832.70888123896
        },
        {
          "acoustic_entropy": 12.550756454467773,
          "acoustic_entropy_side": 12.43603801727295,
          "hz": 7499.796634079867
        },
        {
          "acoustic_entropy": 12.504387855529785,
          "acoustic_entropy_side": 12.551726341247559,
          "hz": 8225.96088609342
        },
        {
          "acoustic_entropy": 12.471138954162598,
          "acoustic_entropy_side": 12.54568099975586,
          "hz": 9016.43338188839
        },
        {
          "acoustic_entropy": 12.331016540527344,
          "acoustic_entropy_side": 12.379451751708984,
          "hz": 9876.909183162974
        },
        {
          "acoustic_entropy": 12.450456619262695,
          "acoustic_entropy_side": 12.402273178100586,
          "hz": 10813.587699516042
        },
        {
          "acoustic_entropy": 12.346076011657715,
          "acoustic_entropy_side": 12.406087875366211,
          "hz": 11833.21735289826
        },
        {
          "acoustic_entropy": 12.432579040527344,
          "acoustic_entropy_side": 12.391823768615723,
          "hz": 12943.144197493959
        },
        {
          "acoustic_entropy": 12.298507690429688,
          "acoustic_entropy_side": 12.438186645507812,
          "hz": 14151.364845322005
        },
        {
          "acoustic_entropy": 12.385178565979004,
          "acoustic_entropy_side": 12.458169937133789,
          "hz": 15466.58407886509
        },
        {
          "acoustic_entropy": 12.432278633117676,
          "acoustic_entropy_side": 12.482419967651367,
          "hz": 16898.27756580493
        },
        {
          "acoustic_entropy": 12.464619636535645,
          "acoustic_entropy_side": 12.491289138793945,
          "hz": 18456.760127700032
        },
        {
          "acoustic_entropy": 12.482605934143066,
          "acoustic_entropy_side": 12.493759155273438,
          "hz": 20153.260054456492
        },
        {
          "acoustic_entropy": 12.493501663208008,
          "acoustic_entropy_side": 12.493947982788086,
          "hz": 22000.00000000001
        }
      ],
      "diff_acoustic_entropy": 11.732438087463379,
      "sn": 12
    },
    {
      "acoustic_entropy": 18.199918746948242,
      "acoustic_entropy_mono": 14.867877960205078,
      "band_eliminated_acoustic_entropies": [
        {
          "acoustic_entropy": 18.068984985351562,
          "acoustic_entropy_side": 18.199542999267578,
          "hz": 129.47220167065723
        },
        {
          "acoustic_entropy": 19.348770141601562,
          "acoustic_entropy_side": 17.843551635742188,
          "hz": 202.92927478742237
        },
        {
          "acoustic_entropy": 17.94645118713379,
          "acoustic_entropy_side": 17.970840454101562,
          "hz": 282.89161906338205
        },
        {
          "acoustic_entropy": 17.941864013671875,
          "acoustic_entropy_side": 18.313581466674805,
          "hz": 369.9353335868758
        },
        {
          "acoustic_entropy": 18.369789123535156,
          "acoustic_entropy_side": 18.436193466186523,
          "hz": 464.6875360973435
        },
        {
          "acoustic_entropy": 17.752166748046875,
          "acoustic_entropy_side": 18.28493309020996,
          "hz": 567.8308811364784
        },
        {
          "acoustic_entropy": 17.972570419311523,
          "acoustic_entropy_side": 18.28805923461914,
          "hz": 680.1084783214808
        },
        {
          "acoustic_entropy": 17.427574157714844,
          "acoustic_entropy_side": 19.07636260986328,
          "hz": 802.3292461747484
        },
        {
          "acoustic_entropy": 17.59469223022461,
          "acoustic_entropy_side": 17.958040237426758,
          "hz": 935.3737400823702
        },
        {
          "acoustic_entropy": 18.510784149169922,
          "acoustic_entropy_side": 18.301422119140625,
          "hz": 1080.2004963696966
        },
        {
          "acoustic_entropy": 18.21064567565918,
          "acoustic_entropy_side": 18.123382568359375,
          "hz": 1237.8529382007157
        },
        {
          "acoustic_entropy": 18.632549285888672,
          "acoustic_entropy_side": 18.410491943359375,
          "hz": 1409.4668930556702
        },
        {
          "acoustic_entropy": 18.071434020996094,
          "acoustic_entropy_side": 18.311315536499023,
          "hz": 1596.2787759475705
        },
        {
          "acoustic_entropy": 17.399320602416992,
          "acoustic_entropy_side": 17.95528221130371,
          "hz": 1799.6344973346393
        },
        {
          "acoustic_entropy": 18.31731605529785,
          "acoustic_entropy_side": 18.238624572753906,
          "hz": 2020.9991599069049
        },
        {
          "acoustic_entropy": 17.72087860107422,
          "acoustic_entropy_side": 18.050735473632812,
          "hz": 2261.9676141086993
        },
        {
          "acoustic_entropy": 18.481151580810547,
          "acoustic_entropy_side": 18.491788864135742,
          "hz": 2524.2759484456974
        },
        {
          "acoustic_entropy": 18.282958984375,
          "acoustic_entropy_side": 18.275108337402344,
          "hz": 2809.813997359896
        },
        {
