{
  "acoustic_entropy": 215.49249267578125,
  "bands": [
    {
      "high_freq": 148.1999969482422,
      "loudness": -27.951017379760742,
      "loudness_range": 16.93511199951172,
      "mid_mean": -24.649059295654297,
      "mid_to_side_loudness": -11.727499961853027,
      "mid_to_side_loudness_range": 22.78498649597168,
      "side_mean": -37.37370681762695
    },
    {
      "high_freq": 392.3793640136719,
      "loudness": -24.480894088745117,
      "loudness_range": 9.934196472167969,
      "low_freq": 148.1999969482422,
      "mid_mean": -21.9211483001709,
      "mid_to_side_loudness": -6.026590824127197,
      "mid_to_side_loudness_range": 8.87747859954834,
      "side_mean": -27.90613555908203
    },
    {
      "high_freq": 794.6976318359375,
      "loudness": -25.942401885986328,
      "loudness_range": 12.809843063354492,
      "low_freq": 392.3793640136719,
      "mid_mean": -23.21570587158203,
      "mid_to_side_loudness": -7.082716464996338,
      "mid_to_side_loudness_range": 11.014281272888184,
      "side_mean": -30.390588760375977
    },
    {
      "high_freq": 1457.5709228515625,
      "loudness": -26.9183292388916,
      "loudness_range": 20.463489532470703,
      "low_freq": 794.6976318359375,
      "mid_mean": -24.089841842651367,
      "mid_to_side_loudness": -7.981829643249512,
      "mid_to_side_loudness_range": 13.10030746459961,
      "side_mean": -32.27742004394531
    },
    {
      "high_freq": 2549.74365234375,
      "loudness": -28.130313873291016,
      "loudness_range": 20.41138458251953,
      "low_freq": 1457.5709228515625,
      "mid_mean": -25.223064422607422,
      "mid_to_side_loudness": -7.961270809173584,
      "mid_to_side_loudness_range": 12.941876411437988,
      "side_mean": -33.65969467163086
    },
    {
      "high_freq": 4349.24462890625,
      "loudness": -32.14220428466797,
      "loudness_range": 14.453512191772461,
      "low_freq": 2549.74365234375,
      "mid_mean": -29.08513641357422,
      "mid_to_side_loudness": -8.853707313537598,
      "mid_to_side_loudness_range": 12.43200397491455,
      "side_mean": -38.39522171020508
    },
    {
      "high_freq": 7314.1640625,
      "loudness": -37.64386749267578,
      "loudness_range": 16.166837692260742,
      "low_freq": 4349.24462890625,
      "mid_mean": -34.5699348449707,
      "mid_to_side_loudness": -9.226694107055664,
      "mid_to_side_loudness_range": 14.06290054321289,
      "side_mean": -44.34757614135742
    },
    {
      "high_freq": 12199.2666015625,
      "loudness": -42.056114196777344,
      "loudness_range": 16.27021026611328,
      "low_freq": 7314.1640625,
      "mid_mean": -38.92335891723633,
      "mid_to_side_loudness": -8.966739654541016,
      "mid_to_side_loudness_range": 11.483951568603516,
      "side_mean": -48.630794525146484
    },
    {
      "loudness": -51.18327713012695,
      "loudness_range": 22.309932708740234,
      "low_freq": 12199.2666015625,
      "mid_mean": -50.26074981689453,
      "mid_to_side_loudness": -4.993495464324951,
      "mid_to_side_loudness_range": 5.467257499694824,
      "side_mean": -54.591617584228516
    }
  ],
  "bands_short": [
    {
      "high_freq": 148.1999969482422,
      "loudness": -31.488142013549805,
      "loudness_range": 23.981016159057617,
      "mid_mean": -28.7254581451416,
      "mid_to_side_loudness": -9.757224082946777,
      "mid_to_side_loudness_range": 26.728130340576172,
      "side_mean": -39.55125427246094
    },
    {
      "high_freq": 392.3793640136719,
      "loudness": -25.04747200012207,
      "loudness_range": 12.140426635742188,
      "low_freq": 148.1999969482422,
      "mid_mean": -22.715232849121094,
      "mid_to_side_loudness": -5.757169246673584,
      "mid_to_side_loudness_range": 12.621868133544922,
      "side_mean": -28.44492530822754
    },
    {
      "high_freq": 794.6976318359375,
      "loudness": -26.47515869140625,
      "loudness_range": 14.785537719726562,
      "low_freq": 392.3793640136719,
      "mid_mean": -23.931631088256836,
      "mid_to_side_loudness": -6.551665306091309,
      "mid_to_side_loudness_range": 13.448297500610352,
      "side_mean": -30.718820571899414
    },
    {
      "high_freq": 1457.5709228515625,
      "loudness": -27.30465316772461,
      "loudness_range": 22.057992935180664,
      "low_freq": 794.6976318359375,
      "mid_mean": -24.61903190612793,
      "mid_to_side_loudness": -7.562985897064209,
      "mid_to_side_loudness_range": 15.226015090942383,
      "side_mean": -32.53997802734375
    },
    {
      "high_freq": 2549.74365234375,
      "loudness": -28.906511306762695,
      "loudness_range": 22.09503173828125,
      "low_freq": 1457.5709228515625,
      "mid_mean": -26.208303451538086,
      "mid_to_side_loudness": -7.446497917175293,
      "mid_to_side_loudness_range": 14.597081184387207,
      "side_mean": -34.13850021362305
    },
    {
      "high_freq": 4349.24462890625,
      "loudness": -32.92762756347656,
      "loudness_range": 16.449918746948242,
      "low_freq": 2549.74365234375,
      "mid_mean": -29.995649337768555,
      "mid_to_side_loudness": -8.28225040435791,
      "mid_to_side_loudness_range": 13.428787231445312,
      "side_mean": -38.78936767578125
    },
    {
      "high_freq": 7314.1640625,
      "loudness": -38.66762161254883,
      "loudness_range": 19.109399795532227,
      "low_freq": 4349.24462890625,
      "mid_mean": -35.74308776855469,
      "mid_to_side_loudness": -8.452018737792969,
      "mid_to_side_loudness_range": 14.288605690002441,
      "side_mean": -44.88112258911133
    },
    {
      "high_freq": 12199.2666015625,
      "loudness": -43.23265838623047,
      "loudness_range": 20.171951293945312,
      "low_freq": 7314.1640625,
      "mid_mean": -40.20191955566406,
      "mid_to_side_loudness": -8.677507400512695,
      "mid_to_side_loudness_range": 12.210342407226562,
      "side_mean": -50.660919189453125
    },
    {
      "loudness": -55.71384811401367,
      "loudness_range": 29.319446563720703,
      "low_freq": 12199.2666015625,
      "mid_mean": -54.173583984375,
      "mid_to_side_loudness": -5.35592794418335,
      "mid_to_side_loudness_range": 7.349732398986816,
      "side_mean": -58.55672836303711
    }
  ],
  "bandwidth": 686.0789794921875,
  "channels": 2,
  "covariance": [
    [
      46.117210388183594,
      11.097044944763184,
      1.9407469034194946,
      4.585203170776367,
      7.652001857757568,
      7.1733317375183105,
      15.463824272155762,
      10.831130027770996,
      16.40030288696289,
      11.195672988891602,
      18.50846290588379,
      10.745942115783691,
      23.767072677612305,
      16.162513732910156,
      22.050289154052734,
      19.00943946838379,
      33.128089904785156,
      32.09247589111328
    ],
    [
      11.097044944763184,
      24.524484634399414,
      6.8625102043151855,
      9.092794418334961,
      6.778546333312988,
      10.786372184753418,
      7.296509742736816,
      10.564091682434082,
      5.846362113952637,
      9.800637245178223,
      7.095744609832764,
      10.675851821899414,
      8.521885871887207,
      12.994335174560547,
      6.70889139175415,
      8.845503807067871,
      15.305610656738281,
      14.76594066619873
    ],
    [
      1.9407469034194946,
      6.8625102043151855,
      15.37674617767334,
      9.932162284851074,
      9.332275390625,
      7.418131351470947,
      6.376802444458008,
      6.335683345794678,
      5.808618545532227,
      6.813662052154541,
      6.539268970489502,
      6.6028642654418945,
      6.934786796569824,
      7.402960300445557,
      6.308742046356201,
      7.840862274169922,
      13.22010612487793,
      11.457745552062988
    ],
    [
      4.585203170776367,
      9.092794418334961,
      9.932162284851074,
      14.424901962280273,
      10.940547943115234,
      11.807479858398438,
      11.35683822631836,
      11.180757522583008,
      8.811891555786133,
      11.375046730041504,
      8.075569152832031,
      10.147096633911133,
      7.500514507293701,
      10.782791137695312,
      7.269411087036133,
      10.283832550048828,
      17.282934188842773,
      16.55693817138672
    ],
    [
      7.652001857757568,
      6.778546333312988,
      9.332275390625,
      10.940547943115234,
      27.577163696289062,
      18.165889739990234,
      26.511625289916992,
      17.227022171020508,
      18.51695442199707,
      16.486530303955078,
      16.46185874938965,
      13.798221588134766,
      15.790355682373047,
      14.67513656616211,
      16.06788444519043,
      17.664464950561523,
      30.397674560546875,
      27.770078659057617
    ],
    [
      7.1733317375183105,
      10.786372184753418,
      7.418131351470947,
      11.807479858398438,
      18.165889739990234,
      23.995908737182617,
      21.23248863220215,
      19.60015106201172,
      16.10200309753418,
      19.52616310119629,
      12.63132381439209,
      16.236631393432617,
      10.941449165344238,
      16.262924194335938,
      10.231071472167969,
      15.423327445983887,
      27.04591941833496,
      26.278047561645508
    ],
    [
      15.463824272155762,
      7.296509742736816,
      6.376802444458008,
      11.35683822631836,
      26.511625289916992,
      21.23248863220215,
      59.57292556762695,
      32.39121627807617,
      39.1832389831543,
      28.298627853393555,
      28.364564895629883,
      20.579021453857422,
      25.61397933959961,
      19.62577247619629,
      26.771663665771484,
      25.45341682434082,
      42.72382736206055,
      38.76978302001953
    ],
    [
      10.831130027770996,
      10.564091682434082,
      6.335683345794678,
      11.180757522583008,
      17.227022171020508,
      19.60015106201172,
      32.39121627807617,
      26.844560623168945,
      23.97863006591797,
      23.341400146484375,
      17.43960952758789,
      18.0941104888916,
      15.131669998168945,
      17.433687210083008,
      14.724584579467773,
      18.438386917114258,
      30.645158767700195,
      29.17719078063965
    ],
    [
      16.40030288696289,
      5.846362113952637,
      5.808618545532227,
      8.811891555786133,
      18.51695442199707,
      16.10200309753418,
      39.1832389831543,
      23.97863006591797,
      50.384708404541016,
      28.732624053955078,
      31.589265823364258,
      20.201976776123047,
      27.55731773376465,
      20.463956832885742,
      29.277603149414062,
      27.278972625732422,
      40.232200622558594,
      36.975379943847656
    ],
    [
      11.195672988891602,
      9.800637245178223,
      6.813662052154541,
      11.375046730041504,
      16.486530303955078,
      19.52616310119629,
      28.298627853393555,
      23.341400146484375,
      28.732624053955078,
      28.06847381591797,
      18.665283203125,
      19.417146682739258,
      16.096635818481445,
      18.290212631225586,
      16.6252384185791,
      19.918371200561523,
      32.06560134887695,
      30.53313446044922
    ],
    [
      18.50846290588379,
      7.095744609832764,
      6.539268970489502,
      8.075569152832031,
      16.46185874938965,
      12.63132381439209,
      28.364564895629883,
      17.43960952758789,
      31.589265823364258,
      18.665283203125,
      31.260692596435547,
      17.922800064086914,
      28.51127052307129,
      20.135440826416016,
      27.435028076171875,
      25.622451782226562,
      37.527854919433594,
      34.3759765625
    ],
    [
      10.745942115783691,
      10.675851821899414,
      6.6028642654418945,
      10.147096633911133,
      13.798221588134766,
      16.236631393432617,
      20.579021453857422,
      18.0941104888916,
      20.201976776123047,
      19.417146682739258,
      17.922800064086914,
      20.835214614868164,
      15.51480770111084,
      19.580747604370117,
      14.930597305297852,
      18.97185516357422,
      28.20965003967285,
      27.523311614990234
    ],
    [
      23.767072677612305,
      8.521885871887207,
      6.934786796569824,
      7.500514507293701,
      15.790355682373047,
      10.941449165344238,
      25.61397933959961,
      15.131669998168945,
      27.55731773376465,
      16.096635818481445,
      28.51127052307129,
      15.51480770111084,
      39.000423431396484,
      22.683025360107422,
      34.22998809814453,
      29.682443618774414,
      42.93778610229492,
      39.278289794921875
    ],
    [
      16.162513732910156,
      12.994335174560547,
      7.402960300445557,
      10.782791137695312,
      14.67513656616211,
      16.262924194335938,
      19.62577247619629,
      17.433687210083008,
      20.463956832885742,
      18.290212631225586,
      20.135440826416016,
      19.580747604370117,
      22.683025360107422,
      26.8885555267334,
      19.52688980102539,
      24.65823745727539,
      33.65592575073242,
      33.168216705322266
    ],
    [
      22.050289154052734,
      6.70889139175415,
      6.308742046356201,
      7.269411087036133,
      16.06788444519043,
      10.231071472167969,
      26.771663665771484,
      14.724584579467773,
      29.277603149414062,
      16.6252384185791,
      27.435028076171875,
      14.930597305297852,
      34.22998809814453,
      19.52688980102539,
      40.870887756347656,
      30.447172164916992,
      43.32281494140625,
      39.19059371948242
    ],
    [
      19.00943946838379,
      8.845503807067871,
      7.840862274169922,
      10.283832550048828,
      17.664464950561523,
      15.423327445983887,
      25.45341682434082,
      18.438386917114258,
      27.278972625732422,
      19.918371200561523,
      25.622451782226562,
      18.97185516357422,
      29.682443618774414,
      24.65823745727539,
      30.447172164916992,
      35.30439376831055,
      47.402061462402344,
      45.65794372558594
    ],
    [
      33.128089904785156,
      15.305610656738281,
      13.22010612487793,
      17.282934188842773,
      30.397674560546875,
      27.04591941833496,
      42.72382736206055,
      30.645158767700195,
      40.232200622558594,
      32.06560134887695,
      37.527854919433594,
      28.20965003967285,
      42.93778610229492,
      33.65592575073242,
      43.32281494140625,
      47.402061462402344,
      94.01647186279297,
      87.55680084228516
    ],
    [
      32.09247589111328,
      14.76594066619873,
      11.457745552062988,
      16.55693817138672,
      27.770078659057617,
      26.278047561645508,
      38.76978302001953,
      29.17719078063965,
      36.975379943847656,
      30.53313446044922,
      34.3759765625,
      27.523311614990234,
      39.278289794921875,
      33.168216705322266,
      39.19059371948242,
      45.65794372558594,
      87.55680084228516,
      85.36729431152344
    ]
  ],
  "covariance_short": [
    [
      94.5866928100586,
      26.32485580444336,
      12.342945098876953,
      8.342658042907715,
      14.088923454284668,
      12.333449363708496,
      17.662824630737305,
      14.864373207092285,
      20.584718704223633,
      15.529363632202148,
      21.99075698852539,
      15.604530334472656,
      27.608402252197266,
      21.850805282592773,
      28.345977783203125,
      25.459373474121094,
      41.205440521240234,
      40.93986892700195
    ],
    [
      26.32485580444336,
      39.35879135131836,
      8.900263786315918,
      10.460086822509766,
      7.907750129699707,
      12.608911514282227,
      7.5433807373046875,
      11.930788040161133,
      7.809122085571289,
      11.372492790222168,
      8.74181079864502,
      12.427093505859375,
      10.299120903015137,
      14.769914627075195,
      9.07368278503418,
      13.473898887634277,
      15.67181396484375,
      15.28958797454834
    ],
    [
      12.342945098876953,
      8.900263786315918,
      25.31304931640625,
      12.420716285705566,
      12.317891120910645,
      9.960966110229492,
      7.861002445220947,
      8.854150772094727,
      8.272566795349121,
      9.152173042297363,
      8.66927719116211,
      8.849867820739746,
      9.772101402282715,
      10.348694801330566,
      9.260639190673828,
      15.3768949508667,
      18.027114868164062,
      15.948997497558594
    ],
    [
      8.342658042907715,
      10.460086822509766,
      12.420716285705566,
      19.048194885253906,
      11.765244483947754,
      13.79831600189209,
      11.102910041809082,
      12.843138694763184,
      10.269784927368164,
      12.984132766723633,
      9.43871021270752,
      11.856022834777832,
      8.504988670349121,
      12.5769624710083,
      7.801652431488037,
      15.494586944580078,
      15.7363862991333,
      14.630584716796875
    ],
    [
      14.088923454284668,
      7.907750129699707,
      12.317891120910645,
      11.765244483947754,
      35.410099029541016,
      20.1212215423584,
      27.20659065246582,
      18.77157974243164,
      22.41997528076172,
      18.163516998291016,
      20.20674705505371,
      16.880273818969727,
      19.339248657226562,
      18.47956657409668,
      19.77277946472168,
      25.459875106811523,
      29.481298446655273,
      25.608318328857422
    ],
    [
      12.333449363708496,
      12.608911514282227,
      9.960966110229492,
      13.79831600189209,
      20.1212215423584,
      28.73208999633789,
      21.028003692626953,
      21.505220413208008,
      18.32823944091797,
      21.522136688232422,
      14.82875919342041,
      18.66423797607422,
      12.713645935058594,
      18.793848037719727,
      11.764683723449707,
      23.085067749023438,
      24.98876953125,
      23.42193031311035
    ],
    [
      17.662824630737305,
      7.5433807373046875,
      7.861002445220947,
      11.102910041809082,
      27.20659065246582,
      21.028003692626953,
      64.04110717773438,
      32.119911193847656,
      42.577728271484375,
      27.981237411499023,
      31.65291404724121,
      22.116945266723633,
      28.374004364013672,
      21.445682525634766,
      30.011213302612305,
      32.13212966918945,
      37.435699462890625,
      30.467262268066406
    ],
    [
      14.864373207092285,
      11.930788040161133,
      8.854150772094727,
      12.843138694763184,
      18.77157974243164,
      21.505220413208008,
      32.119911193847656,
      31.018360137939453,
      26.09267234802246,
      25.25349998474121,
      19.588598251342773,
      20.322677612304688,
      17.01276969909668,
      19.684673309326172,
      16.739707946777344,
      26.197965621948242,
      28.753164291381836,
      25.767913818359375
    ],
    [
      20.584718704223633,
      7.809122085571289,
      8.272566795349121,
      10.269784927368164,
      22.41997528076172,
      18.32823944091797,
      42.577728271484375,
      26.09267234802246,
      59.69331359863281,
      31.973514556884766,
      37.61248016357422,
      23.9583683013916,
      31.84510040283203,
      23.815486907958984,
      34.07127380371094,
      33.90345764160156,
      39.30488204956055,
      33.142913818359375
    ],
    [
      15.529363632202148,
      11.372492790222168,
      9.152173042297363,
      12.984132766723633,
      18.163516998291016,
      21.522136688232422,
      27.981237411499023,
      25.25349998474121,
      31.973514556884766,
      32.83607482910156,
      21.508874893188477,
      22.32712745666504,
      18.204599380493164,
      20.8076171875,
      18.869794845581055,
      27.957246780395508,
      30.058427810668945,
      26.925275802612305
    ],
    [
      21.99075698852539,
      8.74181079864502,
      8.66927719116211,
      9.43871021270752,
      20.20674705505371,
      14.82875919342041,
      31.65291404724121,
      19.588598251342773,
      37.61248016357422,
      21.508874893188477,
      40.680870056152344,
      22.105175018310547,
      34.64985275268555,
      24.328327178955078,
      33.5340690612793,
      31.0517520904541,
      38.80274963378906,
      33.417884826660156
    ],
    [
      15.604530334472656,
      12.427093505859375,
      8.849867820739746,
      11.856022834777832,
      16.880273818969727,
      18.66423797607422,
      22.116945266723633,
      20.322677612304688,
      23.9583683013916,
      22.32712745666504,
      22.105175018310547,
      26.045658111572266,
      18.670181274414062,
      23.404726028442383,
      17.918941497802734,
      25.713356018066406,
      28.90311622619629,
      27.072080612182617
    ],
    [
      27.608402252197266,
      10.299120903015137,
      9.772101402282715,
      8.504988670349121,
      19.339248657226562,
      12.713645935058594,
      28.374004364013672,
      17.01276969909668,
      31.84510040283203,
      18.204599380493164,
      34.64985275268555,
      18.670181274414062,
      48.703369140625,
      27.53713607788086,
      42.537376403808594,
      34.6607780456543,
      45.7726936340332,
      39.275230407714844
    ],
    [
      21.850805282592773,
      14.769914627075195,
      10.348694801330566,
      12.5769624710083,
      18.47956657409668,
      18.793848037719727,
      21.445682525634766,
      19.684673309326172,
      23.815486907958984,
      20.8076171875,
      24.328327178955078,
      23.404726028442383,
      27.53713607788086,
      34.132850646972656,
      23.92063331604004,
      32.214752197265625,
      36.5159912109375,
      35.37723922729492
    ],
    [
      28.345977783203125,
      9.07368278503418,
      9.260639190673828,
      7.801652431488037,
      19.77277946472168,
      11.764683723449707,
      30.011213302612305,
      16.739707946777344,
      34.07127380371094,
      18.869794845581055,
      33.5340690612793,
      17.918941497802734,
      42.537376403808594,
      23.92063331604004,
      53.60614776611328,
      38.16667175292969,
      50.56426239013672,
      42.343238830566406
    ],
    [
      25.459373474121094,
      13.473898887634277,
      15.3768949508667,
      15.494586944580078,
      25.459875106811523,
      23.085067749023438,
      32.13212966918945,
      26.197965621948242,
      33.90345764160156,
      27.957246780395508,
      31.0517520904541,
      25.713356018066406,
      34.6607780456543,
      32.214752197265625,
      38.16667175292969,
      60.665584564208984,
      65.00628662109375,
      58.566261291503906
    ],
    [
      41.205440521240234,
      15.67181396484375,
      18.027114868164062,
      15.7363862991333,
      29.481298446655273,
      24.98876953125,
      37.435699462890625,
      28.753164291381836,
      39.30488204956055,
      30.058427810668945,
      38.80274963378906,
      28.90311622619629,
      45.7726936340332,
      36.5159912109375,
      50.56426239013672,
      65.00628662109375,
      98.35426330566406,
      89.15801239013672
    ],
    [
      40.93986892700195,
      15.28958797454834,
      15.948997497558594,
      14.630584716796875,
      25.608318328857422,
      23.42193031311035,
      30.467262268066406,
      25.767913818359375,
      33.142913818359375,
      26.925275802612305,
      33.417884826660156,
      27.072080612182617,
      39.275230407714844,
      35.37723922729492,
      42.343238830566406,
      58.566261291503906,
      89.15801239013672,
      87.17610931396484
    ]
  ],
  "damage": -8.122952461242676,
  "diff_bandwidth": 742.6783447265625,
  "dissonance": 7.475527202750679,
  "drr": 5.079021453857422,
  "dynamics": 3.7845709323883057,
  "format": 1245190,
  "frames": 11179968,
  "loudness": -14.34211254119873,
  "loudness_range": 11.251084327697754,
  "loudness_range_short": 12.576069831848145,
  "lowpass_true_peak_15khz": 0.23434187471866608,
  "mastering3_acoustic_entropies": [
    {
      "acoustic_entropy": 7.477132797241211,
      "acoustic_entropy_mono": 7.7003493309021,
      "band_eliminated_acoustic_entropies": [
        {
          "acoustic_entropy": 7.462278842926025,
          "acoustic_entropy_side": 7.476770401000977,
          "hz": 129.47220167065723
        },
        {
          "acoustic_entropy": 7.6026153564453125,
          "acoustic_entropy_side": 7.463876724243164,
          "hz": 202.92927478742237
        },
        {
          "acoustic_entropy": 7.8889079093933105,
          "acoustic_entropy_side": 7.461758613586426,
          "hz": 282.89161906338205
        },
        {
          "acoustic_entropy": 7.744770526885986,
          "acoustic_entropy_side": 7.685380935668945,
          "hz": 369.9353335868758
        },
        {
          "acoustic_entropy": 8.253393173217773,
          "acoustic_entropy_side": 7.857511520385742,
          "hz": 464.6875360973435
        },
        {
          "acoustic_entropy": 7.924798965454102,
          "acoustic_entropy_side": 7.577351093292236,
          "hz": 567.8308811364784
        },
        {
          "acoustic_entropy": 7.946500301361084,
          "acoustic_entropy_side": 7.590076446533203,
          "hz": 680.1084783214808
        },
        {
          "acoustic_entropy": 8.35342788696289,
          "acoustic_entropy_side": 7.773414611816406,
          "hz": 802.3292461747484
        },
        {
          "acoustic_entropy": 8.153433799743652,
          "acoustic_entropy_side": 7.450131416320801,
          "hz": 935.3737400823702
        },
        {
          "acoustic_entropy": 8.614720344543457,
          "acoustic_entropy_side": 7.838777542114258,
          "hz": 1080.2004963696966
        },
        {
          "acoustic_entropy": 7.807019233703613,
          "acoustic_entropy_side": 7.237516403198242,
          "hz": 1237.8529382007157
        },
        {
          "acoustic_entropy": 7.187254428863525,
          "acoustic_entropy_side": 7.362158298492432,
          "hz": 1409.4668930556702
        },
        {
          "acoustic_entropy": 8.053991317749023,
          "acoustic_entropy_side": 7.6039862632751465,
          "hz": 1596.2787759475705
        },
        {
          "acoustic_entropy": 7.977576732635498,
          "acoustic_entropy_side": 7.213592529296875,
          "hz": 1799.6344973346393
        },
        {
          "acoustic_entropy": 8.219008445739746,
          "acoustic_entropy_side": 7.460484027862549,
          "hz": 2020.9991599069049
        },
        {
          "acoustic_entropy": 7.438901901245117,
          "acoustic_entropy_side": 7.512770175933838,
          "hz": 2261.9676141086993
        },
        {
          "acoustic_entropy": 7.940212249755859,
          "acoustic_entropy_side": 7.310570240020752,
          "hz": 2524.2759484456974
        },
        {
          "acoustic_entropy": 7.911231994628906,
          "acoustic_entropy_side": 7.3443684577941895,
          "hz": 2809.813997359896
        },
        {
          "acoustic_entropy": 7.739194869995117,
          "acoustic_entropy_side": 7.425693988800049,
          "hz": 3120.6389567871424
        },
        {
          "acoustic_entropy": 7.0203166007995605,
          "acoustic_entropy_side": 7.439858913421631,
          "hz": 3458.990205492291
        },
        {
          "acoustic_entropy": 7.31845235824585,
          "acoustic_entropy_side": 7.466278553009033,
          "hz": 3827.305438964164
        },
        {
          "acoustic_entropy": 7.543968200683594,
          "acoustic_entropy_side": 7.484767436981201,
          "hz": 4228.238232109126
        },
        {
          "acoustic_entropy": 7.665081024169922,
          "acoustic_entropy_side": 7.493697166442871,
          "hz": 4664.6771572759235
        },
        {
          "acoustic_entropy": 7.578373908996582,
          "acoustic_entropy_side": 7.481505393981934,
          "hz": 5139.766595350093
        },
        {
          "acoustic_entropy": 7.370586395263672,
          "acoustic_entropy_side": 7.478343963623047,
          "hz": 5656.929389854203
        },
        {
          "acoustic_entropy": 7.498656272888184,
          "acoustic_entropy_side": 7.48013162612915,
          "hz": 6219.891507268283
        },
        {
          "acoustic_entropy": 7.4872636795043945,
          "acoustic_entropy_side": 7.478842258453369,
          "hz": 6832.70888123896
        },
        {
          "acoustic_entropy": 7.5649733543396,
          "acoustic_entropy_side": 7.479618549346924,
          "hz": 7499.796634079867
        },
        {
          "acoustic_entropy": 7.530221462249756,
          "acoustic_entropy_side": 7.479676723480225,
          "hz": 8225.96088609342
        },
        {
          "acoustic_entropy": 7.398176670074463,
          "acoustic_entropy_side": 7.477943420410156,
          "hz": 9016.43338188839
        },
        {
          "acoustic_entropy": 7.451047420501709,
          "acoustic_entropy_side": 7.478071689605713,
          "hz": 9876.909183162974
        },
        {
          "acoustic_entropy": 7.432355880737305,
          "acoustic_entropy_side": 7.4772419929504395,
          "hz": 10813.587699516042
        },
        {
          "acoustic_entropy": 7.464672088623047,
          "acoustic_entropy_side": 7.4773688316345215,
          "hz": 11833.21735289826
        },
        {
          "acoustic_entropy": 7.479575157165527,
          "acoustic_entropy_side": 7.477893829345703,
          "hz": 12943.144197493959
        },
        {
          "acoustic_entropy": 7.489367961883545,
          "acoustic_entropy_side": 7.478745937347412,
          "hz": 14151.364845322005
        },
        {
          "acoustic_entropy": 7.485223293304443,
          "acoustic_entropy_side": 7.478253364562988,
          "hz": 15466.58407886509
        },
        {
          "acoustic_entropy": 7.478084564208984,
          "acoustic_entropy_side": 7.4773125648498535,
          "hz": 16898.27756580493
        },
        {
          "acoustic_entropy": 7.47750997543335,
          "acoustic_entropy_side": 7.477191925048828,
          "hz": 18456.760127700032
        },
        {
          "acoustic_entropy": 7.477196216583252,
          "acoustic_entropy_side": 7.477141380310059,
          "hz": 20153.260054456492
        },
        {
          "acoustic_entropy": 7.477133750915527,
          "acoustic_entropy_side": 7.477132797241211,
          "hz": 22000.00000000001
        }
      ],
      "diff_acoustic_entropy": 4.889901161193848,
      "sn": 6
    },
    {
      "acoustic_entropy": 11.72662353515625,
      "acoustic_entropy_mono": 11.06859302520752,
      "band_eliminated_acoustic_entropies": [
        {
          "acoustic_entropy": 11.709065437316895,
          "acoustic_entropy_side": 11.726493835449219,
          "hz": 129.47220167065723
        },
        {
          "acoustic_entropy": 12.250943183898926,
          "acoustic_entropy_side": 11.700944900512695,
          "hz": 202.92927478742237
        },
        {
          "acoustic_entropy": 11.488280296325684,
          "acoustic_entropy_side": 11.562292098999023,
          "hz": 282.89161906338205
        },
        {
          "acoustic_entropy": 11.137056350708008,
          "acoustic_entropy_side": 11.755316734313965,
          "hz": 369.9353335868758
        },
        {
          "acoustic_entropy": 12.3507661819458,
          "acoustic_entropy_side": 11.999242782592773,
          "hz": 464.6875360973435
        },
        {
          "acoustic_entropy": 11.432877540588379,
          "acoustic_entropy_side": 11.682509422302246,
          "hz": 567.8308811364784
        },
        {
          "acoustic_entropy": 11.6558198928833,
          "acoustic_entropy_side": 11.51948070526123,
          "hz": 680.1084783214808
        },
        {
          "acoustic_entropy": 11.870967864990234,
          "acoustic_entropy_side": 11.629677772521973,
          "hz": 802.3292461747484
        },
        {
          "acoustic_entropy": 11.909758567810059,
          "acoustic_entropy_side": 11.553572654724121,
          "hz": 935.3737400823702
        },
        {
          "acoustic_entropy": 10.966379165649414,
          "acoustic_entropy_side": 11.752379417419434,
          "hz": 1080.2004963696966
        },
        {
          "acoustic_entropy": 12.112648010253906,
          "acoustic_entropy_side": 11.778363227844238,
          "hz": 1237.8529382007157
        },
        {
          "acoustic_entropy": 11.275479316711426,
          "acoustic_entropy_side": 11.689473152160645,
          "hz": 1409.4668930556702
        },
        {
          "acoustic_entropy": 10.868882179260254,
          "acoustic_entropy_side": 11.907822608947754,
          "hz": 1596.2787759475705
        },
        {
          "acoustic_entropy": 12.209972381591797,
          "acoustic_entropy_side": 11.710593223571777,
          "hz": 1799.6344973346393
        },
        {
          "acoustic_entropy": 12.024796485900879,
          "acoustic_entropy_side": 11.550000190734863,
          "hz": 2020.9991599069049
        },
        {
          "acoustic_entropy": 11.522006034851074,
          "acoustic_entropy_side": 11.68851089477539,
          "hz": 2261.9676141086993
        },
        {
          "acoustic_entropy": 11.72560977935791,
          "acoustic_entropy_side": 11.740641593933105,
          "hz": 2524.2759484456974
        },
        {
          "acoustic_entropy": 10.94863224029541,
          "acoustic_entropy_side": 11.642446517944336,
          "hz": 2809.813997359896
        },
        {
          "acoustic_entropy": 11.690312385559082,
          "acoustic_entropy_side": 11.675802230834961,
          "hz": 3120.6389567871424
        },
        {
          "acoustic_entropy": 11.820051193237305,
          "acoustic_entropy_side": 11.707091331481934,
          "hz": 3458.990205492291
        },
        {
          "acoustic_entropy": 11.536210060119629,
          "acoustic_entropy_side": 11.714599609375,
          "hz": 3827.305438964164
        },
        {
          "acoustic_entropy": 11.774331092834473,
          "acoustic_entropy_side": 11.734643936157227,
          "hz": 4228.238232109126
        },
        {
          "acoustic_entropy": 11.888538360595703,
          "acoustic_entropy_side": 11.738146781921387,
          "hz": 4664.6771572759235
        },
        {
          "acoustic_entropy": 11.65983772277832,
          "acoustic_entropy_side": 11.727789878845215,
          "hz": 5139.766595350093
        },
        {
          "acoustic_entropy": 11.617753028869629,
          "acoustic_entropy_side": 11.7264986038208,
          "hz": 5656.929389854203
        },
        {
          "acoustic_entropy": 11.585844039916992,
          "acoustic_entropy_side": 11.726466178894043,
          "hz": 6219.891507268283
        },
        {
          "acoustic_entropy": 11.6222562789917,
          "acoustic_entropy_side": 11.724919319152832,
          "hz": 6832.70888123896
        },
        {
          "acoustic_entropy": 11.640057563781738,
          "acoustic_entropy_side": 11.723779678344727,
          "hz": 7499.796634079867
        },
        {
          "acoustic_entropy": 11.7267484664917,
          "acoustic_entropy_side": 11.724837303161621,
          "hz": 8225.96088609342
        },
        {
          "acoustic_entropy": 11.780317306518555,
          "acoustic_entropy_side": 11.72745418548584,
          "hz": 9016.43338188839
        },
        {
          "acoustic_entropy": 11.735431671142578,
          "acoustic_entropy_side": 11.725787162780762,
          "hz": 9876.909183162974
        },
        {
          "acoustic_entropy": 11.767012596130371,
          "acoustic_entropy_side": 11.725567817687988,
          "hz": 10813.587699516042
        },
        {
          "acoustic_entropy": 11.729652404785156,
          "acoustic_entropy_side": 11.723413467407227,
          "hz": 11833.21735289826
        },
        {
          "acoustic_entropy": 11.706416130065918,
          "acoustic_entropy_side": 11.715184211730957,
          "hz": 12943.144197493959
        },
        {
          "acoustic_entropy": 11.677111625671387,
          "acoustic_entropy_side": 11.717032432556152,
          "hz": 14151.364845322005
        },
        {
          "acoustic_entropy": 11.692896842956543,
          "acoustic_entropy_side": 11.715988159179688,
          "hz": 15466.58407886509
        },
        {
          "acoustic_entropy": 11.721346855163574,
          "acoustic_entropy_side": 11.72289752960205,
          "hz": 16898.27756580493
        },
        {
          "acoustic_entropy": 11.718143463134766,
          "acoustic_entropy_side": 11.725558280944824,
          "hz": 18456.760127700032
        },
        {
          "acoustic_entropy": 11.725699424743652,
          "acoustic_entropy_side": 11.726475715637207,
          "hz": 20153.260054456492
        },
        {
          "acoustic_entropy": 11.726601600646973,
          "acoustic_entropy_side": 11.726616859436035,
          "hz": 22000.00000000001
        }
      ],
      "diff_acoustic_entropy": 7.635506629943848,
      "sn": 12
    },
    {
      "acoustic_entropy": 17.516477584838867,
      "acoustic_entropy_mono": 17.185951232910156,
      "band_eliminated_acoustic_entropies": [
        {
          "acoustic_entropy": 16.04983901977539,
          "acoustic_entropy_side": 17.38067626953125,
          "hz": 129.47220167065723
        },
        {
          "acoustic_entropy": 17.374528884887695,
          "acoustic_entropy_side": 17.426979064941406,
          "hz": 202.92927478742237
        },
        {
          "acoustic_entropy": 17.536582946777344,
          "acoustic_entropy_side": 17.60306167602539,
          "hz": 282.89161906338205
        },
        {
          "acoustic_entropy": 18.3509578704834,
          "acoustic_entropy_side": 18.133617401123047,
          "hz": 369.9353335868758
        },
        {
          "acoustic_entropy": 17.32023811340332,
          "acoustic_entropy_side": 17.416135787963867,
          "hz": 464.6875360973435
        },
        {
          "acoustic_entropy": 17.961524963378906,
          "acoustic_entropy_side": 17.79121208190918,
          "hz": 567.8308811364784
        },
        {
          "acoustic_entropy": 18.235563278198242,
          "acoustic_entropy_side": 17.222660064697266,
          "hz": 680.1084783214808
        },
        {
          "acoustic_entropy": 17.63956069946289,
          "acoustic_entropy_side": 17.706398010253906,
          "hz": 802.3292461747484
        },
        {
          "acoustic_entropy": 17.5068302154541,
          "acoustic_entropy_side": 18.162710189819336,
          "hz": 935.3737400823702
        },
        {
          "acoustic_entropy": 17.45414924621582,
          "acoustic_entropy_side": 17.559890747070312,
          "hz": 1080.2004963696966
        },
        {
          "acoustic_entropy": 17.761085510253906,
          "acoustic_entropy_side": 17.372100830078125,
          "hz": 1237.8529382007157
        },
        {
          "acoustic_entropy": 17.542587280273438,
          "acoustic_entropy_side": 17.753084182739258,
          "hz": 1409.4668930556702
        },
        {
          "acoustic_entropy": 18.015047073364258,
          "acoustic_entropy_side": 17.351015090942383,
          "hz": 1596.2787759475705
        },
        {
          "acoustic_entropy": 18.401569366455078,
          "acoustic_entropy_side": 17.686649322509766,
          "hz": 1799.6344973346393
        },
        {
          "acoustic_entropy": 17.319631576538086,
          "acoustic_entropy_side": 17.341123580932617,
          "hz": 2020.9991599069049
        },
        {
          "acoustic_entropy": 17.781278610229492,
          "acoustic_entropy_side": 17.5135440826416,
          "hz": 2261.9676141086993
        },
        {
          "acoustic_entropy": 17.73773193359375,
          "acoustic_entropy_side": 17.535831451416016,
          "hz": 2524.2759484456974
        },
        {
          "acoustic_entropy": 17.510122299194336,
          "acoustic_entropy_side": 17.608034133911133,
          "hz": 2809.813997359896
        },
        {
          "acoustic_entropy": 17.18316078186035,
          "acoustic_entropy_side": 17.428285598754883,
