{
  "acoustic_entropy": 235.0881805419922,
  "bands": [
    {
      "high_freq": 148.1999969482422,
      "loudness": -23.96343994140625,
      "loudness_range": 12.85849380493164,
      "mid_mean": -20.3000431060791,
      "mid_to_side_loudness": -24.01810646057129,
      "mid_to_side_loudness_range": 15.691701889038086,
      "side_mean": -44.544776916503906
    },
    {
      "high_freq": 392.3793640136719,
      "loudness": -20.429546356201172,
      "loudness_range": 7.561183929443359,
      "low_freq": 148.1999969482422,
      "mid_mean": -17.34752082824707,
      "mid_to_side_loudness": -9.394979476928711,
      "mid_to_side_loudness_range": 10.519615173339844,
      "side_mean": -26.738162994384766
    },
    {
      "high_freq": 794.6976318359375,
      "loudness": -19.17394256591797,
      "loudness_range": 8.911017417907715,
      "low_freq": 392.3793640136719,
      "mid_mean": -16.4332218170166,
      "mid_to_side_loudness": -7.548007011413574,
      "mid_to_side_loudness_range": 12.07481861114502,
      "side_mean": -23.98207664489746
    },
    {
      "high_freq": 1457.5709228515625,
      "loudness": -20.793825149536133,
      "loudness_range": 11.33344554901123,
      "low_freq": 794.6976318359375,
      "mid_mean": -18.232858657836914,
      "mid_to_side_loudness": -6.413177013397217,
      "mid_to_side_loudness_range": 11.061331748962402,
      "side_mean": -24.611164093017578
    },
    {
      "high_freq": 2549.74365234375,
      "loudness": -22.576276779174805,
      "loudness_range": 13.416556358337402,
      "low_freq": 1457.5709228515625,
      "mid_mean": -19.93647575378418,
      "mid_to_side_loudness": -7.1867499351501465,
      "mid_to_side_loudness_range": 12.868573188781738,
      "side_mean": -27.129234313964844
    },
    {
      "high_freq": 4349.24462890625,
      "loudness": -25.591571807861328,
      "loudness_range": 11.620037078857422,
      "low_freq": 2549.74365234375,
      "mid_mean": -22.763036727905273,
      "mid_to_side_loudness": -7.906481742858887,
      "mid_to_side_loudness_range": 11.668872833251953,
      "side_mean": -30.678232192993164
    },
    {
      "high_freq": 7314.1640625,
      "loudness": -29.83536148071289,
      "loudness_range": 10.870126724243164,
      "low_freq": 4349.24462890625,
      "mid_mean": -27.09925651550293,
      "mid_to_side_loudness": -6.760377883911133,
      "mid_to_side_loudness_range": 7.937921524047852,
      "side_mean": -33.857032775878906
    },
    {
      "high_freq": 12199.2666015625,
      "loudness": -30.15117835998535,
      "loudness_range": 10.936864852905273,
      "low_freq": 7314.1640625,
      "mid_mean": -27.887149810791016,
      "mid_to_side_loudness": -4.568163871765137,
      "mid_to_side_loudness_range": 7.1966118812561035,
      "side_mean": -32.53354263305664
    },
    {
      "loudness": -34.32124710083008,
      "loudness_range": 13.329124450683594,
      "low_freq": 12199.2666015625,
      "mid_mean": -32.107730865478516,
      "mid_to_side_loudness": -4.292953014373779,
      "mid_to_side_loudness_range": 5.812034606933594,
      "side_mean": -36.37711715698242
    }
  ],
  "bands_short": [
    {
      "high_freq": 148.1999969482422,
      "loudness": -28.296850204467773,
      "loudness_range": 24.468732833862305,
      "mid_mean": -24.650524139404297,
      "mid_to_side_loudness": -23.222410202026367,
      "mid_to_side_loudness_range": 23.50784683227539,
      "side_mean": -48.66294860839844
    },
    {
      "high_freq": 392.3793640136719,
      "loudness": -21.082351684570312,
      "loudness_range": 11.372906684875488,
      "low_freq": 148.1999969482422,
      "mid_mean": -18.007875442504883,
      "mid_to_side_loudness": -10.498695373535156,
      "mid_to_side_loudness_range": 15.363438606262207,
      "side_mean": -28.56903076171875
    },
    {
      "high_freq": 794.6976318359375,
      "loudness": -20.066543579101562,
      "loudness_range": 12.10416316986084,
      "low_freq": 392.3793640136719,
      "mid_mean": -17.44414710998535,
      "mid_to_side_loudness": -7.615456581115723,
      "mid_to_side_loudness_range": 15.395727157592773,
      "side_mean": -25.129764556884766
    },
    {
      "high_freq": 1457.5709228515625,
      "loudness": -21.209266662597656,
      "loudness_range": 14.83076000213623,
      "low_freq": 794.6976318359375,
      "mid_mean": -18.770099639892578,
      "mid_to_side_loudness": -6.610159397125244,
      "mid_to_side_loudness_range": 14.43589973449707,
      "side_mean": -25.390819549560547
    },
    {
      "high_freq": 2549.74365234375,
      "loudness": -23.900680541992188,
      "loudness_range": 17.724889755249023,
      "low_freq": 1457.5709228515625,
      "mid_mean": -21.446388244628906,
      "mid_to_side_loudness": -6.760581016540527,
      "mid_to_side_loudness_range": 15.467667579650879,
      "side_mean": -28.357803344726562
    },
    {
      "high_freq": 4349.24462890625,
      "loudness": -26.834402084350586,
      "loudness_range": 16.458816528320312,
      "low_freq": 2549.74365234375,
      "mid_mean": -24.159486770629883,
      "mid_to_side_loudness": -7.468503952026367,
      "mid_to_side_loudness_range": 14.319072723388672,
      "side_mean": -31.782894134521484
    },
    {
      "high_freq": 7314.1640625,
      "loudness": -31.558252334594727,
      "loudness_range": 17.169984817504883,
      "low_freq": 4349.24462890625,
      "mid_mean": -28.927631378173828,
      "mid_to_side_loudness": -6.598719120025635,
      "mid_to_side_loudness_range": 10.984831809997559,
      "side_mean": -35.6311149597168
    },
    {
      "high_freq": 12199.2666015625,
      "loudness": -32.399940490722656,
      "loudness_range": 18.282445907592773,
      "low_freq": 7314.1640625,
      "mid_mean": -30.013315200805664,
      "mid_to_side_loudness": -5.426633358001709,
      "mid_to_side_loudness_range": 11.23653793334961,
      "side_mean": -35.64834976196289
    },
    {
      "loudness": -37.92744064331055,
      "loudness_range": 22.983564376831055,
      "low_freq": 12199.2666015625,
      "mid_mean": -35.6790885925293,
      "mid_to_side_loudness": -5.017521858215332,
      "mid_to_side_loudness_range": 10.958984375,
      "side_mean": -40.84217071533203
    }
  ],
  "bandwidth": 750.6565551757812,
  "channels": 2,
  "covariance": [
    [
      26.123998641967773,
      11.274262428283691,
      3.4354238510131836,
      3.5870754718780518,
      0.36111903190612793,
      1.8345955610275269,
      2.096219301223755,
      2.505206346511841,
      2.6184158325195312,
      2.3793342113494873,
      2.349193572998047,
      2.1076364517211914,
      0.603327214717865,
      0.13583680987358093,
      -0.8806089162826538,
      -0.7764045596122742,
      -1.4684299230575562,
      -1.119910478591919
    ],
    [
      11.274262428283691,
      19.267118453979492,
      2.990086793899536,
      4.5835185050964355,
      0.06347892433404922,
      2.687239408493042,
      2.8288655281066895,
      5.015430450439453,
      4.649746894836426,
      6.512405872344971,
      5.09807014465332,
      7.161926746368408,
      4.058749198913574,
      5.388586521148682,
      0.7066138982772827,
      1.6188664436340332,
      -3.0139191150665283,
      -2.585114002227783
    ],
    [
      3.4354238510131836,
      2.990086793899536,
      9.167511940002441,
      4.680819988250732,
      1.9371552467346191,
      2.6060941219329834,
      1.6573573350906372,
      1.8453747034072876,
      1.7889575958251953,
      2.066274881362915,
      3.6606950759887695,
      2.9953134059906006,
      3.760880470275879,
      1.849825143814087,
      2.093440294265747,
      0.3544234335422516,
      -0.8612261414527893,
      -2.273106575012207
    ],
    [
      3.5870754718780518,
      4.5835185050964355,
      4.680819988250732,
      14.468450546264648,
      1.5875673294067383,
      7.096532344818115,
      1.7090785503387451,
      5.349440097808838,
      0.8330719470977783,
      5.04921293258667,
      0.5501935482025146,
      5.060301780700684,
      1.6241823434829712,
      3.845564126968384,
      -0.3972623646259308,
      0.4135148823261261,
      -2.6268532276153564,
      -1.4277580976486206
    ],
    [
      0.36111903190612793,
      0.06347892433404922,
      1.9371552467346191,
      1.5875673294067383,
      12.787781715393066,
      4.69608211517334,
      8.36174201965332,
      3.895504951477051,
      5.857935428619385,
      4.412797451019287,
      5.701810836791992,
      4.077398777008057,
      3.875298500061035,
      2.689068555831909,
      3.148923635482788,
      2.1851930618286133,
      1.367838740348816,
      0.38122275471687317
    ],
    [
      1.8345955610275269,
      2.687239408493042,
      2.6060941219329834,
      7.096532344818115,
      4.69608211517334,
      16.108871459960938,
      5.461045742034912,
      12.467024803161621,
      4.826625823974609,
      12.33515739440918,
      2.346918821334839,
      9.873310089111328,
      4.591813087463379,
      7.141450881958008,
      2.3662109375,
      5.239930629730225,
      -0.41189274191856384,
      1.7798237800598145
    ],
    [
      2.096219301223755,
      2.8288655281066895,
      1.6573573350906372,
      1.7090785503387451,
      8.36174201965332,
      5.461045742034912,
      18.31751251220703,
      12.270191192626953,
      9.857369422912598,
      11.95835018157959,
      9.127409934997559,
      10.666766166687012,
      7.147952556610107,
      7.242443084716797,
      4.649041175842285,
      5.115240573883057,
      0.7158879637718201,
      1.5326067209243774
    ],
    [
      2.505206346511841,
      5.015430450439453,
      1.8453747034072876,
      5.349440097808838,
      3.895504951477051,
      12.467024803161621,
      12.270191192626953,
      22.83905601501465,
      8.369330406188965,
      20.499652862548828,
      5.611999988555908,
      16.166122436523438,
      6.741676330566406,
      10.96596908569336,
      3.3631038665771484,
      6.878354072570801,
      -0.8701415657997131,
      2.008603572845459
    ],
    [
      2.6184158325195312,
      4.649746894836426,
      1.7889575958251953,
      0.8330719470977783,
      5.857935428619385,
      4.826625823974609,
      9.857369422912598,
      8.369330406188965,
      26.411556243896484,
      15.193769454956055,
      18.688053131103516,
      12.108436584472656,
      11.414690971374512,
      8.912308692932129,
      8.1620512008667,
      7.619054794311523,
      3.08603835105896,
      2.8096752166748047
    ],
    [
      2.3793342113494873,
      6.512405872344971,
      2.066274881362915,
      5.04921293258667,
      4.412797451019287,
      12.33515739440918,
      11.95835018157959,
      20.499652862548828,
      15.193769454956055,
      26.34284782409668,
      10.683527946472168,
      20.243757247924805,
      10.214685440063477,
      14.829873085021973,
      6.244567394256592,
      10.24330997467041,
      0.9817110896110535,
      4.063512802124023
    ],
    [
      2.349193572998047,
      5.09807014465332,
      3.6606950759887695,
      0.5501935482025146,
      5.701810836791992,
      2.346918821334839,
      9.127409934997559,
      5.611999988555908,
      18.688053131103516,
      10.683527946472168,
      20.0631160736084,
      11.954258918762207,
      13.060554504394531,
      9.370945930480957,
      9.261507987976074,
      7.815357685089111,
      3.128972053527832,
      2.559748411178589
    ],
    [
      2.1076364517211914,
      7.161926746368408,
      2.9953134059906006,
      5.060301780700684,
      4.077398777008057,
      9.873310089111328,
      10.666766166687012,
      16.166122436523438,
      12.108436584472656,
      20.243757247924805,
      11.954258918762207,
      20.685617446899414,
      11.755107879638672,
      16.143871307373047,
      7.6857428550720215,
      11.056748390197754,
      1.61539888381958,
      4.5529937744140625
    ],
    [
      0.603327214717865,
      4.058749198913574,
      3.760880470275879,
      1.6241823434829712,
      3.875298500061035,
      4.591813087463379,
      7.147952556610107,
      6.741676330566406,
      11.414690971374512,
      10.214685440063477,
      13.060554504394531,
      11.755107879638672,
      15.88734245300293,
      13.008588790893555,
      11.716714859008789,
      11.723124504089355,
      5.81813907623291,
      5.964372158050537
    ],
    [
      0.13583680987358093,
      5.388586521148682,
      1.849825143814087,
      3.845564126968384,
      2.689068555831909,
      7.141450881958008,
      7.242443084716797,
      10.96596908569336,
      8.912308692932129,
      14.829873085021973,
      9.370945930480957,
      16.143871307373047,
      13.008588790893555,
      18.818023681640625,
      10.973631858825684,
      15.971051216125488,
      7.357919692993164,
      11.176555633544922
    ],
    [
      -0.8806089162826538,
      0.7066138982772827,
      2.093440294265747,
      -0.3972623646259308,
      3.148923635482788,
      2.3662109375,
      4.649041175842285,
      3.3631038665771484,
      8.1620512008667,
      6.244567394256592,
      9.261507987976074,
      7.6857428550720215,
      11.716714859008789,
      10.973631858825684,
      15.0723295211792,
      14.6276216506958,
      12.053946495056152,
      11.621097564697266
    ],
    [
      -0.7764045596122742,
      1.6188664436340332,
      0.3544234335422516,
      0.4135148823261261,
      2.1851930618286133,
      5.239930629730225,
      5.115240573883057,
      6.878354072570801,
      7.619054794311523,
      10.24330997467041,
      7.815357685089111,
      11.056748390197754,
      11.723124504089355,
      15.971051216125488,
      14.6276216506958,
      23.127370834350586,
      12.513297080993652,
      17.253042221069336
    ],
    [
      -1.4684299230575562,
      -3.0139191150665283,
      -0.8612261414527893,
      -2.6268532276153564,
      1.367838740348816,
      -0.41189274191856384,
      0.7158879637718201,
      -0.8701415657997131,
      3.08603835105896,
      0.9817110896110535,
      3.128972053527832,
      1.61539888381958,
      5.81813907623291,
      7.357919692993164,
      12.053946495056152,
      12.513297080993652,
      22.545148849487305,
      21.796092987060547
    ],
    [
      -1.119910478591919,
      -2.585114002227783,
      -2.273106575012207,
      -1.4277580976486206,
      0.38122275471687317,
      1.7798237800598145,
      1.5326067209243774,
      2.008603572845459,
      2.8096752166748047,
      4.063512802124023,
      2.559748411178589,
      4.5529937744140625,
      5.964372158050537,
      11.176555633544922,
      11.621097564697266,
      17.253042221069336,
      21.796092987060547,
      26.714012145996094
    ]
  ],
  "covariance_short": [
    [
      67.61591339111328,
      22.719532012939453,
      15.666242599487305,
      8.86230182647705,
      3.506824493408203,
      6.013587951660156,
      6.306401252746582,
      6.126333713531494,
      6.107410907745361,
      7.1783576011657715,
      6.238397598266602,
      7.219107151031494,
      6.514939308166504,
      6.546119213104248,
      4.988591194152832,
      7.724429607391357,
      4.993868350982666,
      7.225074291229248
    ],
    [
      22.719532012939453,
      39.74763488769531,
      8.533119201660156,
      9.066657066345215,
      3.2410945892333984,
      7.311072826385498,
      4.997962474822998,
      8.457598686218262,
      8.517064094543457,
      10.685419082641602,
      9.234970092773438,
      11.59045696258545,
      10.77469539642334,
      12.064895629882812,
      7.912221431732178,
      11.181048393249512,
      6.5909647941589355,
      9.241339683532715
    ],
    [
      15.666242599487305,
      8.533119201660156,
      20.11467742919922,
      10.01699447631836,
      4.090446472167969,
      4.782650470733643,
      3.827681541442871,
      4.780509948730469,
      5.042088508605957,
      5.1636762619018555,
      7.672759532928467,
      6.484999179840088,
      7.9978485107421875,
      6.720337867736816,
      6.888329982757568,
      6.526731967926025,
      6.281359672546387,
      5.3969621658325195
    ],
    [
      8.86230182647705,
      9.066657066345215,
      10.01699447631836,
      32.33028793334961,
      5.09565544128418,
      15.718198776245117,
      5.023422718048096,
      12.367486000061035,
      4.082120895385742,
      10.480177879333496,
      3.6890978813171387,
      10.208906173706055,
      5.840859889984131,
      10.303110122680664,
      3.145740270614624,
      6.793443202972412,
      2.174530506134033,
      5.164488792419434
    ],
    [
      3.506824493408203,
      3.2410945892333984,
      4.090446472167969,
      5.09565544128418,
      22.15982437133789,
      9.681640625,
      13.334342956542969,
      7.996225357055664,
      12.19771671295166,
      9.093222618103027,
      12.164204597473145,
      8.365679740905762,
      10.124999046325684,
      7.990107536315918,
      9.0631742477417,
      7.382106304168701,
      7.7852091789245605,
      6.35146951675415
    ],
    [
      6.013587951660156,
      7.311072826385498,
      4.782650470733643,
      15.718198776245117,
      9.681640625,
      31.21121597290039,
      9.747629165649414,
      20.444091796875,
      8.826619148254395,
      18.440502166748047,
      5.3933281898498535,
      15.118538856506348,
      9.205408096313477,
      14.535476684570312,
      6.745627403259277,
      12.842796325683594,
      5.825124740600586,
      11.313470840454102
    ],
    [
      6.306401252746582,
      4.997962474822998,
      3.827681541442871,
      5.023422718048096,
      13.334342956542969,
      9.747629165649414,
      30.76127052307129,
      18.686107635498047,
      19.819461822509766,
      18.540590286254883,
      18.34539222717285,
      16.329545974731445,
      15.65043830871582,
      13.789168357849121,
      11.914624214172363,
      10.771424293518066,
      8.76864242553711,
      9.094782829284668
    ],
    [
      6.126333713531494,
      8.457598686218262,
      4.780509948730469,
      12.367486000061035,
      7.996225357055664,
      20.444091796875,
      18.686107635498047,
      37.53352737426758,
      16.164810180664062,
      30.137216567993164,
      11.577340126037598,
      23.856359481811523,
      13.606534004211426,
      20.4578800201416,
      8.636467933654785,
      15.433692932128906,
      7.073020935058594,
      13.745891571044922
    ],
    [
      6.107410907745361,
      8.517064094543457,
      5.042088508605957,
      4.082120895385742,
      12.19771671295166,
      8.826619148254395,
      19.819461822509766,
      16.164810180664062,
      46.10289764404297,
      25.851505279541016,
      33.6239128112793,
      21.604496002197266,
      24.926803588867188,
      19.179452896118164,
      19.813343048095703,
      17.36703109741211,
      15.508249282836914,
      14.733227729797363
    ],
    [
      7.1783576011657715,
      10.685419082641602,
      5.1636762619018555,
      10.480177879333496,
      9.093222618103027,
      18.440502166748047,
      18.540590286254883,
      30.137216567993164,
      25.851505279541016,
      40.459259033203125,
      19.13014030456543,
      29.901710510253906,
      19.513010025024414,
      25.95281982421875,
      13.814717292785645,
      20.524452209472656,
      10.991268157958984,
      17.67795181274414
    ],
    [
      6.238397598266602,
      9.234970092773438,
      7.672759532928467,
      3.6890978813171387,
      12.164204597473145,
      5.3933281898498535,
      18.34539222717285,
      11.577340126037598,
      33.6239128112793,
      19.13014030456543,
      39.992027282714844,
      22.542373657226562,
      29.58611488342285,
      21.079147338867188,
      23.862136840820312,
      19.326866149902344,
      18.586259841918945,
      16.586572647094727
    ],
    [
      7.219107151031494,
      11.59045696258545,
      6.484999179840088,
      10.208906173706055,
      8.365679740905762,
      15.118538856506348,
      16.329545974731445,
      23.856359481811523,
      21.604496002197266,
      29.901710510253906,
      22.542373657226562,
      33.87510681152344,
      23.979387283325195,
      29.82143211364746,
      17.991968154907227,
      24.118267059326172,
      14.64384937286377,
      20.9849853515625
    ],
    [
      6.514939308166504,
      10.77469539642334,
      7.9978485107421875,
      5.840859889984131,
      10.124999046325684,
      9.205408096313477,
      15.65043830871582,
      13.606534004211426,
      24.926803588867188,
      19.513010025024414,
      29.58611488342285,
      23.979387283325195,
      39.99135971069336,
      31.432039260864258,
      32.208091735839844,
      31.258127212524414,
      28.475568771362305,
      30.237348556518555
    ],
    [
      6.546119213104248,
      12.064895629882812,
      6.720337867736816,
      10.303110122680664,
      7.990107536315918,
      14.535476684570312,
      13.789168357849121,
      20.4578800201416,
      19.179452896118164,
      25.95281982421875,
      21.079147338867188,
      29.82143211364746,
      31.432039260864258,
      41.552635192871094,
      28.116718292236328,
      39.225460052490234,
      28.618343353271484,
      39.2339973449707
    ],
    [
      4.988591194152832,
      7.912221431732178,
      6.888329982757568,
      3.145740270614624,
      9.0631742477417,
      6.745627403259277,
      11.914624214172363,
      8.636467933654785,
      19.813343048095703,
      13.814717292785645,
      23.862136840820312,
      17.991968154907227,
      32.208091735839844,
      28.116718292236328,
      41.4581184387207,
      37.597713470458984,
      40.28799057006836,
      39.90668869018555
    ],
    [
      7.724429607391357,
      11.181048393249512,
      6.526731967926025,
      6.793443202972412,
      7.382106304168701,
      12.842796325683594,
      10.771424293518066,
      15.433692932128906,
      17.36703109741211,
      20.524452209472656,
      19.326866149902344,
      24.118267059326172,
      31.258127212524414,
      39.225460052490234,
      37.597713470458984,
      55.85819625854492,
      41.21654510498047,
      56.74892807006836
    ],
    [
      4.993868350982666,
      6.5909647941589355,
      6.281359672546387,
      2.174530506134033,
      7.7852091789245605,
      5.825124740600586,
      8.76864242553711,
      7.073020935058594,
      15.508249282836914,
      10.991268157958984,
      18.586259841918945,
      14.64384937286377,
      28.475568771362305,
      28.618343353271484,
      40.28799057006836,
      41.21654510498047,
      61.64108657836914,
      58.73162078857422
    ],
    [
      7.225074291229248,
      9.241339683532715,
      5.3969621658325195,
      5.164488792419434,
      6.35146951675415,
      11.313470840454102,
      9.094782829284668,
      13.745891571044922,
      14.733227729797363,
      17.67795181274414,
      16.586572647094727,
      20.9849853515625,
      30.237348556518555,
      39.2339973449707,
      39.90668869018555,
      56.74892807006836,
      58.73162078857422,
      78.78414916992188
    ]
  ],
  "damage": -5.316291809082031,
  "diff_bandwidth": 752.6372680664062,
  "dissonance": 9.811463437107367,
  "drr": 8.144658088684082,
  "dynamics": 2.3208656311035156,
  "format": 1245190,
  "frames": 11610112,
  "loudness": -9.493739128112793,
  "loudness_range": 5.2890238761901855,
  "loudness_range_short": 8.125353813171387,
  "lowpass_true_peak_15khz": 0.4775955080986023,
  "mastering3_acoustic_entropies": [
    {
      "acoustic_entropy": 6.922379970550537,
      "acoustic_entropy_mono": 6.269822597503662,
      "band_eliminated_acoustic_entropies": [
        {
          "acoustic_entropy": 6.887413024902344,
          "acoustic_entropy_side": 6.922379493713379,
          "hz": 129.47220167065723
        },
        {
          "acoustic_entropy": 7.088289737701416,
          "acoustic_entropy_side": 6.922726631164551,
          "hz": 202.92927478742237
        },
        {
          "acoustic_entropy": 7.268202304840088,
          "acoustic_entropy_side": 6.927666664123535,
          "hz": 282.89161906338205
        },
        {
          "acoustic_entropy": 7.045093536376953,
          "acoustic_entropy_side": 6.954647541046143,
          "hz": 369.9353335868758
        },
        {
          "acoustic_entropy": 7.121833324432373,
          "acoustic_entropy_side": 6.8664231300354,
          "hz": 464.6875360973435
        },
        {
          "acoustic_entropy": 7.1815290451049805,
          "acoustic_entropy_side": 6.820164680480957,
          "hz": 567.8308811364784
        },
        {
          "acoustic_entropy": 7.111871719360352,
          "acoustic_entropy_side": 6.828004360198975,
          "hz": 680.1084783214808
        },
        {
          "acoustic_entropy": 6.473637104034424,
          "acoustic_entropy_side": 6.920053482055664,
          "hz": 802.3292461747484
        },
        {
          "acoustic_entropy": 7.133908748626709,
          "acoustic_entropy_side": 6.8803911209106445,
          "hz": 935.3737400823702
        },
        {
          "acoustic_entropy": 7.456450939178467,
          "acoustic_entropy_side": 6.980432987213135,
          "hz": 1080.2004963696966
        },
        {
          "acoustic_entropy": 6.236276149749756,
          "acoustic_entropy_side": 6.866068363189697,
          "hz": 1237.8529382007157
        },
        {
          "acoustic_entropy": 7.115928649902344,
          "acoustic_entropy_side": 6.842134952545166,
          "hz": 1409.4668930556702
        },
        {
          "acoustic_entropy": 6.796370506286621,
          "acoustic_entropy_side": 6.776900768280029,
          "hz": 1596.2787759475705
        },
        {
          "acoustic_entropy": 6.766623497009277,
          "acoustic_entropy_side": 6.873514175415039,
          "hz": 1799.6344973346393
        },
        {
          "acoustic_entropy": 6.816188812255859,
          "acoustic_entropy_side": 6.790729999542236,
          "hz": 2020.9991599069049
        },
        {
          "acoustic_entropy": 7.1793975830078125,
          "acoustic_entropy_side": 6.834813594818115,
          "hz": 2261.9676141086993
        },
        {
          "acoustic_entropy": 5.923673629760742,
          "acoustic_entropy_side": 6.944709777832031,
          "hz": 2524.2759484456974
        },
        {
          "acoustic_entropy": 6.710202693939209,
          "acoustic_entropy_side": 6.911076068878174,
          "hz": 2809.813997359896
        },
        {
          "acoustic_entropy": 6.953113079071045,
          "acoustic_entropy_side": 6.870995044708252,
          "hz": 3120.6389567871424
        },
        {
          "acoustic_entropy": 7.015417575836182,
          "acoustic_entropy_side": 6.8997955322265625,
          "hz": 3458.990205492291
        },
        {
          "acoustic_entropy": 7.024301528930664,
          "acoustic_entropy_side": 6.887387752532959,
          "hz": 3827.305438964164
        },
        {
          "acoustic_entropy": 7.073026657104492,
          "acoustic_entropy_side": 6.894218921661377,
          "hz": 4228.238232109126
        },
        {
          "acoustic_entropy": 6.893489360809326,
          "acoustic_entropy_side": 6.891247272491455,
          "hz": 4664.6771572759235
        },
        {
          "acoustic_entropy": 6.9209089279174805,
          "acoustic_entropy_side": 6.911860466003418,
          "hz": 5139.766595350093
        },
        {
          "acoustic_entropy": 6.925952434539795,
          "acoustic_entropy_side": 6.91994047164917,
          "hz": 5656.929389854203
        },
        {
          "acoustic_entropy": 6.941210746765137,
          "acoustic_entropy_side": 6.927274227142334,
          "hz": 6219.891507268283
        },
        {
          "acoustic_entropy": 6.922874450683594,
          "acoustic_entropy_side": 6.924111843109131,
          "hz": 6832.70888123896
        },
        {
          "acoustic_entropy": 6.917839527130127,
          "acoustic_entropy_side": 6.924849510192871,
          "hz": 7499.796634079867
        },
        {
          "acoustic_entropy": 6.903029441833496,
          "acoustic_entropy_side": 6.931488037109375,
          "hz": 8225.96088609342
        },
        {
          "acoustic_entropy": 6.924132823944092,
          "acoustic_entropy_side": 6.943265914916992,
          "hz": 9016.43338188839
        },
        {
          "acoustic_entropy": 6.97047758102417,
          "acoustic_entropy_side": 6.970970153808594,
          "hz": 9876.909183162974
        },
        {
          "acoustic_entropy": 6.828160285949707,
          "acoustic_entropy_side": 6.88559103012085,
          "hz": 10813.587699516042
        },
        {
          "acoustic_entropy": 6.696251392364502,
          "acoustic_entropy_side": 6.88228702545166,
          "hz": 11833.21735289826
        },
        {
          "acoustic_entropy": 6.438750743865967,
          "acoustic_entropy_side": 6.8985066413879395,
          "hz": 12943.144197493959
        },
        {
          "acoustic_entropy": 6.543992042541504,
          "acoustic_entropy_side": 6.8987298011779785,
          "hz": 14151.364845322005
        },
        {
          "acoustic_entropy": 6.736401557922363,
          "acoustic_entropy_side": 6.9051103591918945,
          "hz": 15466.58407886509
        },
        {
          "acoustic_entropy": 6.818840980529785,
          "acoustic_entropy_side": 6.916050910949707,
          "hz": 16898.27756580493
        },
        {
          "acoustic_entropy": 6.912378311157227,
          "acoustic_entropy_side": 6.923075199127197,
          "hz": 18456.760127700032
        },
        {
          "acoustic_entropy": 6.935647487640381,
          "acoustic_entropy_side": 6.9237236976623535,
          "hz": 20153.260054456492
        },
        {
          "acoustic_entropy": 6.924901008605957,
          "acoustic_entropy_side": 6.922495365142822,
          "hz": 22000.00000000001
        }
      ],
      "diff_acoustic_entropy": 5.614863872528076,
      "sn": 6
    },
    {
      "acoustic_entropy": 11.492279052734375,
      "acoustic_entropy_mono": 11.315937995910645,
      "band_eliminated_acoustic_entropies": [
        {
          "acoustic_entropy": 11.942733764648438,
          "acoustic_entropy_side": 11.493500709533691,
          "hz": 129.47220167065723
        },
        {
          "acoustic_entropy": 11.434761047363281,
          "acoustic_entropy_side": 11.541421890258789,
          "hz": 202.92927478742237
        },
        {
          "acoustic_entropy": 12.452554702758789,
          "acoustic_entropy_side": 11.48604965209961,
          "hz": 282.89161906338205
        },
        {
          "acoustic_entropy": 12.160149574279785,
          "acoustic_entropy_side": 11.388306617736816,
          "hz": 369.9353335868758
        },
        {
          "acoustic_entropy": 12.001017570495605,
          "acoustic_entropy_side": 11.77892017364502,
          "hz": 464.6875360973435
        },
        {
          "acoustic_entropy": 12.982227325439453,
          "acoustic_entropy_side": 12.623825073242188,
          "hz": 567.8308811364784
        },
        {
          "acoustic_entropy": 12.44865608215332,
          "acoustic_entropy_side": 11.87722396850586,
          "hz": 680.1084783214808
        },
        {
          "acoustic_entropy": 12.293245315551758,
          "acoustic_entropy_side": 12.09368896484375,
          "hz": 802.3292461747484
        },
        {
          "acoustic_entropy": 12.56435775756836,
          "acoustic_entropy_side": 12.331849098205566,
          "hz": 935.3737400823702
        },
        {
          "acoustic_entropy": 11.664631843566895,
          "acoustic_entropy_side": 11.691947937011719,
          "hz": 1080.2004963696966
        },
        {
          "acoustic_entropy": 11.74482536315918,
          "acoustic_entropy_side": 11.472938537597656,
          "hz": 1237.8529382007157
        },
        {
          "acoustic_entropy": 11.784645080566406,
          "acoustic_entropy_side": 11.556714057922363,
          "hz": 1409.4668930556702
        },
        {
          "acoustic_entropy": 11.761837005615234,
          "acoustic_entropy_side": 12.03632926940918,
          "hz": 1596.2787759475705
        },
        {
          "acoustic_entropy": 11.587894439697266,
          "acoustic_entropy_side": 11.542203903198242,
          "hz": 1799.6344973346393
        },
        {
          "acoustic_entropy": 11.457908630371094,
          "acoustic_entropy_side": 12.173724174499512,
          "hz": 2020.9991599069049
        },
        {
          "acoustic_entropy": 11.876453399658203,
          "acoustic_entropy_side": 12.172765731811523,
          "hz": 2261.9676141086993
        },
        {
          "acoustic_entropy": 11.283623695373535,
          "acoustic_entropy_side": 11.485101699829102,
          "hz": 2524.2759484456974
        },
        {
          "acoustic_entropy": 11.95824909210205,
          "acoustic_entropy_side": 11.5481538772583,
          "hz": 2809.813997359896
        },
        {
          "acoustic_entropy": 11.7011079788208,
          "acoustic_entropy_side": 11.589926719665527,
          "hz": 3120.6389567871424
        },
        {
          "acoustic_entropy": 12.147130012512207,
          "acoustic_entropy_side": 11.57620620727539,
          "hz": 3458.990205492291
        },
        {
          "acoustic_entropy": 11.420727729797363,
          "acoustic_entropy_side": 11.689680099487305,
          "hz": 3827.305438964164
        },
        {
          "acoustic_entropy": 11.486250877380371,
          "acoustic_entropy_side": 11.554232597351074,
          "hz": 4228.238232109126
        },
        {
          "acoustic_entropy": 11.532084465026855,
          "acoustic_entropy_side": 11.533292770385742,
          "hz": 4664.6771572759235
        },
        {
          "acoustic_entropy": 11.484997749328613,
          "acoustic_entropy_side": 11.512828826904297,
          "hz": 5139.766595350093
        },
        {
          "acoustic_entropy": 11.626486778259277,
          "acoustic_entropy_side": 11.473764419555664,
          "hz": 5656.929389854203
        },
        {
          "acoustic_entropy": 11.791906356811523,
          "acoustic_entropy_side": 11.516755104064941,
          "hz": 6219.891507268283
        },
        {
          "acoustic_entropy": 11.486326217651367,
          "acoustic_entropy_side": 11.556241035461426,
          "hz": 6832.70888123896
        },
        {
          "acoustic_entropy": 11.540087699890137,
          "acoustic_entropy_side": 11.593220710754395,
          "hz": 7499.796634079867
        },
        {
          "acoustic_entropy": 11.788259506225586,
          "acoustic_entropy_side": 11.802997589111328,
          "hz": 8225.96088609342
        },
        {
          "acoustic_entropy": 11.866842269897461,
          "acoustic_entropy_side": 11.87668228149414,
          "hz": 9016.43338188839
        },
        {
          "acoustic_entropy": 11.800520896911621,
          "acoustic_entropy_side": 11.886028289794922,
          "hz": 9876.909183162974
        },
        {
          "acoustic_entropy": 11.804509162902832,
          "acoustic_entropy_side": 11.70788860321045,
          "hz": 10813.587699516042
        },
        {
          "acoustic_entropy": 11.804183006286621,
          "acoustic_entropy_side": 11.63310432434082,
          "hz": 11833.21735289826
        },
        {
          "acoustic_entropy": 11.383895874023438,
          "acoustic_entropy_side": 11.56457233428955,
          "hz": 12943.144197493959
        },
        {
          "acoustic_entropy": 11.345358848571777,
          "acoustic_entropy_side": 11.43236255645752,
          "hz": 14151.364845322005
        },
        {
          "acoustic_entropy": 11.37194538116455,
          "acoustic_entropy_side": 11.428025245666504,
          "hz": 15466.58407886509
        },
        {
          "acoustic_entropy": 11.447708129882812,
          "acoustic_entropy_side": 11.426339149475098,
          "hz": 16898.27756580493
        },
        {
          "acoustic_entropy": 11.480008125305176,
          "acoustic_entropy_side": 11.44178295135498,
          "hz": 18456.760127700032
        },
        {
          "acoustic_entropy": 11.482626914978027,
          "acoustic_entropy_side": 11.473888397216797,
          "hz": 20153.260054456492
        },
        {
          "acoustic_entropy": 11.440656661987305,
          "acoustic_entropy_side": 11.490933418273926,
          "hz": 22000.00000000001
        }
      ],
      "diff_acoustic_entropy": 9.67066764831543,
      "sn": 12
    },
    {
      "acoustic_entropy": 17.30364990234375,
      "acoustic_entropy_mono": 14.210180282592773,
      "band_eliminated_acoustic_entropies": [
        {
          "acoustic_entropy": 16.661895751953125,
          "acoustic_entropy_side": 17.309402465820312,
          "hz": 129.47220167065723
        },
        {
          "acoustic_entropy": 16.563278198242188,
          "acoustic_entropy_side": 17.26572608947754,
          "hz": 202.92927478742237
        },
        {
          "acoustic_entropy": 17.527372360229492,
          "acoustic_entropy_side": 17.04470443725586,
          "hz": 282.89161906338205
        },
        {
          "acoustic_entropy": 18.418729782104492,
          "acoustic_entropy_side": 17.86797523498535,
          "hz": 369.9353335868758
        },
        {
          "acoustic_entropy": 18.011581420898438,
          "acoustic_entropy_side": 17.349096298217773,
          "hz": 464.6875360973435
        },
        {
          "acoustic_entropy": 17.430452346801758,
          "acoustic_entropy_side": 17.692041397094727,
          "hz": 567.8308811364784
        },
        {
          "acoustic_entropy": 17.311450958251953,
          "acoustic_entropy_side": 17.364675521850586,
          "hz": 680.1084783214808
        },
        {
          "acoustic_entropy": 16.696487426757812,
          "acoustic_entropy_side": 17.13327407836914,
          "hz": 802.3292461747484
        },
        {
          "acoustic_entropy": 17.85743522644043,
          "acoustic_entropy_side": 17.686176300048828,
          "hz": 935.3737400823702
        },
        {
          "acoustic_entropy": 17.259479522705078,
          "acoustic_entropy_side": 16.97177505493164,
          "hz": 1080.2004963696966
        },
        {
          "acoustic_entropy": 16.746747970581055,
          "acoustic_entropy_side": 16.531982421875,
          "hz": 1237.8529382007157
        },
        {
          "acoustic_entropy": 17.050296783447266,
          "acoustic_entropy_side": 16.811609268188477,
          "hz": 1409.4668930556702
        },
        {
          "acoustic_entropy": 17.545915603637695,
          "acoustic_entropy_side": 17.444217681884766,
          "hz": 1596.2787759475705
        },
        {
          "acoustic_entropy": 16.806676864624023,
          "acoustic_entropy_side": 17.33326530456543,
          "hz": 1799.6344973346393
        },
        {
          "acoustic_entropy": 16.555950164794922,
          "acoustic_entropy_side": 17.341358184814453,
          "hz": 2020.9991599069049
        },
        {
          "acoustic_entropy": 17.420026779174805,
          "acoustic_entropy_side": 17.26995086669922,
          "hz": 2261.9676141086993
        },
        {
          "acoustic_entropy": 17.353485107421875,
          "acoustic_entropy_side": 17.73535919189453,
          "hz": 2524.2759484456974
        },
        {
          "acoustic_entropy": 17.60198211669922,
          "acoustic_entropy_side": 17.47732925415039,
          "hz": 2809.813997359896
        },
        {
          "acoustic_entropy": 17.388887405395508,
