{
  "acoustic_entropy": 170.71067810058594,
  "bands": [
    {
      "high_freq": 148.1999969482422,
      "loudness": -36.76272201538086,
      "loudness_range": 15.96599006652832,
      "mid_mean": -34.940799713134766,
      "mid_to_side_loudness": -3.3478927612304688,
      "mid_to_side_loudness_range": 9.530195236206055,
      "side_mean": -38.4861946105957
    },
    {
      "high_freq": 392.3793640136719,
      "loudness": -30.18016242980957,
      "loudness_range": 13.535320281982422,
      "low_freq": 148.1999969482422,
      "mid_mean": -28.18790054321289,
      "mid_to_side_loudness": -3.8091089725494385,
      "mid_to_side_loudness_range": 7.467662334442139,
      "side_mean": -31.921630859375
    },
    {
      "high_freq": 794.6976318359375,
      "loudness": -29.419254302978516,
      "loudness_range": 13.014570236206055,
      "low_freq": 392.3793640136719,
      "mid_mean": -27.199045181274414,
      "mid_to_side_loudness": -5.3150129318237305,
      "mid_to_side_loudness_range": 10.270151138305664,
      "side_mean": -33.51735305786133
    },
    {
      "high_freq": 1457.5709228515625,
      "loudness": -34.70176315307617,
      "loudness_range": 18.72745704650879,
      "low_freq": 794.6976318359375,
      "mid_mean": -32.99668502807617,
      "mid_to_side_loudness": -3.2539803981781006,
      "mid_to_side_loudness_range": 7.742345333099365,
      "side_mean": -36.41661071777344
    },
    {
      "high_freq": 2549.74365234375,
      "loudness": -36.612632751464844,
      "loudness_range": 17.03973960876465,
      "low_freq": 1457.5709228515625,
      "mid_mean": -35.00728988647461,
      "mid_to_side_loudness": -2.7505288124084473,
      "mid_to_side_loudness_range": 5.832147598266602,
      "side_mean": -37.9754638671875
    },
    {
      "high_freq": 4349.24462890625,
      "loudness": -40.39854431152344,
      "loudness_range": 18.057418823242188,
      "low_freq": 2549.74365234375,
      "mid_mean": -38.94590377807617,
      "mid_to_side_loudness": -2.5447540283203125,
      "mid_to_side_loudness_range": 4.799762725830078,
      "side_mean": -41.69773483276367
    },
    {
      "high_freq": 7314.1640625,
      "loudness": -54.0744743347168,
      "loudness_range": 22.670398712158203,
      "low_freq": 4349.24462890625,
      "mid_mean": -53.66751480102539,
      "mid_to_side_loudness": -1.8260185718536377,
      "mid_to_side_loudness_range": 3.3670034408569336,
      "side_mean": -55.337615966796875
    },
    {
      "high_freq": 12199.2666015625,
      "loudness": -65.32679748535156,
      "loudness_range": 17.736339569091797,
      "low_freq": 7314.1640625,
      "mid_mean": -62.63979721069336,
      "mid_to_side_loudness": -0.20995981991291046,
      "mid_to_side_loudness_range": 1.4960416555404663,
      "side_mean": -62.829627990722656
    },
    {
      "loudness": -71.26461029052734,
      "loudness_range": 4.7159576416015625,
      "low_freq": 12199.2666015625,
      "mid_mean": -67.69405364990234,
      "mid_to_side_loudness": 2.0975868701934814,
      "mid_to_side_loudness_range": 2.7044918537139893,
      "side_mean": -66.6519546508789
    }
  ],
  "bands_short": [
    {
      "high_freq": 148.1999969482422,
      "loudness": -41.79294204711914,
      "loudness_range": 12.748294830322266,
      "mid_mean": -41.4910888671875,
      "mid_to_side_loudness": -0.1289055049419403,
      "mid_to_side_loudness_range": 10.982873916625977,
      "side_mean": -41.54643630981445
    },
    {
      "high_freq": 392.3793640136719,
      "loudness": -29.845060348510742,
      "loudness_range": 14.149682998657227,
      "low_freq": 148.1999969482422,
      "mid_mean": -27.871545791625977,
      "mid_to_side_loudness": -3.9918527603149414,
      "mid_to_side_loudness_range": 9.46982192993164,
      "side_mean": -31.88827133178711
    },
    {
      "high_freq": 794.6976318359375,
      "loudness": -29.388072967529297,
      "loudness_range": 13.473125457763672,
      "low_freq": 392.3793640136719,
      "mid_mean": -27.40678596496582,
      "mid_to_side_loudness": -5.2894463539123535,
      "mid_to_side_loudness_range": 12.240251541137695,
      "side_mean": -33.54798126220703
    },
    {
      "high_freq": 1457.5709228515625,
      "loudness": -33.86676788330078,
      "loudness_range": 17.63573455810547,
      "low_freq": 794.6976318359375,
      "mid_mean": -32.26948928833008,
      "mid_to_side_loudness": -3.3749382495880127,
      "mid_to_side_loudness_range": 9.510703086853027,
      "side_mean": -35.8106803894043
    },
    {
      "high_freq": 2549.74365234375,
      "loudness": -36.99477005004883,
      "loudness_range": 17.669841766357422,
      "low_freq": 1457.5709228515625,
      "mid_mean": -35.39371871948242,
      "mid_to_side_loudness": -2.9314937591552734,
      "mid_to_side_loudness_range": 8.030060768127441,
      "side_mean": -38.656070709228516
    },
    {
      "high_freq": 4349.24462890625,
      "loudness": -39.976383209228516,
      "loudness_range": 18.301631927490234,
      "low_freq": 2549.74365234375,
      "mid_mean": -38.693111419677734,
      "mid_to_side_loudness": -2.275721311569214,
      "mid_to_side_loudness_range": 7.300975322723389,
      "side_mean": -41.153358459472656
    },
    {
      "high_freq": 7314.1640625,
      "loudness": -53.98930740356445,
      "loudness_range": 22.315948486328125,
      "low_freq": 4349.24462890625,
      "mid_mean": -53.68748092651367,
      "mid_to_side_loudness": -1.8456707000732422,
      "mid_to_side_loudness_range": 5.0826897621154785,
      "side_mean": -55.37697219848633
    },
    {
      "high_freq": 12199.2666015625,
      "loudness": -65.47552490234375,
      "loudness_range": 18.037940979003906,
      "low_freq": 7314.1640625,
      "mid_mean": -62.727664947509766,
      "mid_to_side_loudness": -0.2301359623670578,
      "mid_to_side_loudness_range": 2.7152819633483887,
      "side_mean": -62.932701110839844
    },
    {
      "loudness": -71.28365325927734,
      "loudness_range": 4.793296813964844,
      "low_freq": 12199.2666015625,
      "mid_mean": -67.69330596923828,
      "mid_to_side_loudness": 2.078796148300171,
      "mid_to_side_loudness_range": 2.9437367916107178,
      "side_mean": -66.66568756103516
    }
  ],
  "bandwidth": 584.4196166992188,
  "channels": 2,
  "covariance": [
    [
      36.287322998046875,
      21.97856330871582,
      13.31792163848877,
      13.090278625488281,
      2.040576696395874,
      11.79818344116211,
      3.0470054149627686,
      4.085207939147949,
      8.30099868774414,
      7.907567501068115,
      4.768073558807373,
      6.6302876472473145,
      4.084883689880371,
      6.28696346282959,
      -1.1969538927078247,
      -0.484421968460083,
      0.34538042545318604,
      -0.7869842648506165
    ],
    [
      21.97856330871582,
      21.44969940185547,
      12.132428169250488,
      12.268457412719727,
      4.505287170410156,
      10.81112003326416,
      6.235098838806152,
      7.7670745849609375,
      9.497865676879883,
      9.40172290802002,
      7.219390392303467,
      9.297698974609375,
      7.844299793243408,
      9.570420265197754,
      2.063610076904297,
      2.431262731552124,
      0.4669889211654663,
      -0.3683234453201294
    ],
    [
      13.31792163848877,
      12.132428169250488,
      27.034711837768555,
      23.70647430419922,
      11.977411270141602,
      17.359277725219727,
      17.310609817504883,
      19.02309226989746,
      15.498268127441406,
      14.426589965820312,
      14.497404098510742,
      16.423723220825195,
      19.370792388916016,
      19.40549087524414,
      10.685638427734375,
      10.501811981201172,
      1.2817189693450928,
      1.744436264038086
    ],
    [
      13.090278625488281,
      12.268457412719727,
      23.70647430419922,
      28.80838966369629,
      15.377618789672852,
      19.8933162689209,
      18.44145965576172,
      20.66607093811035,
      17.221755981445312,
      15.600592613220215,
      15.057927131652832,
      16.59697723388672,
      20.3424129486084,
      20.054471969604492,
      10.36318588256836,
      10.123570442199707,
      1.3031988143920898,
      1.670607328414917
    ],
    [
      2.040576696395874,
      4.505287170410156,
      11.977411270141602,
      15.377618789672852,
      36.72029113769531,
      27.321670532226562,
      28.657642364501953,
      27.75132179260254,
      23.584768295288086,
      21.468307495117188,
      21.75345802307129,
      23.498817443847656,
      25.41326141357422,
      24.134157180786133,
      15.717894554138184,
      15.107566833496094,
      1.6005691289901733,
      2.681673765182495
    ],
    [
      11.79818344116211,
      10.81112003326416,
      17.359277725219727,
      19.8933162689209,
      27.321670532226562,
      43.7476806640625,
      24.534584045410156,
      24.977705001831055,
      22.621767044067383,
      20.14174461364746,
      19.638879776000977,
      21.92845916748047,
      27.492849349975586,
      26.898258209228516,
      13.373665809631348,
      13.130935668945312,
      1.7837510108947754,
      2.4810967445373535
    ],
    [
      3.0470054149627686,
      6.235098838806152,
      17.310609817504883,
      18.44145965576172,
      28.657642364501953,
      24.534584045410156,
      52.62410354614258,
      51.086280822753906,
      36.326148986816406,
      33.94633102416992,
      35.68732452392578,
      38.70149612426758,
      36.28317642211914,
      34.75449752807617,
      22.463878631591797,
      21.493755340576172,
      2.400017261505127,
      3.976320743560791
    ],
    [
      4.085207939147949,
      7.7670745849609375,
      19.02309226989746,
      20.66607093811035,
      27.75132179260254,
      24.977705001831055,
      51.086280822753906,
      60.35585021972656,
      36.677486419677734,
      35.23696517944336,
      38.05506896972656,
      41.7972297668457,
      39.096900939941406,
      37.76142883300781,
      24.684343338012695,
      23.5590763092041,
      2.4465081691741943,
      3.998429536819458
    ],
    [
      8.30099868774414,
      9.497865676879883,
      15.498268127441406,
      17.221755981445312,
      23.584768295288086,
      22.621767044067383,
      36.326148986816406,
      36.677486419677734,
      42.18191146850586,
      39.59724807739258,
      38.7714958190918,
      41.29074478149414,
      36.759117126464844,
      36.150794982910156,
      18.747106552124023,
      18.167339324951172,
      2.1660962104797363,
      2.8295576572418213
    ],
    [
      7.907567501068115,
      9.40172290802002,
      14.426589965820312,
      15.600592613220215,
      21.468307495117188,
      20.14174461364746,
      33.94633102416992,
      35.23696517944336,
      39.59724807739258,
      44.172725677490234,
      39.11283493041992,
      43.0986328125,
      36.70381164550781,
      36.64595031738281,
      18.850149154663086,
      18.272825241088867,
      2.1996700763702393,
      2.8076536655426025
    ],
    [
      4.768073558807373,
      7.219390392303467,
      14.497404098510742,
      15.057927131652832,
      21.75345802307129,
      19.638879776000977,
      35.68732452392578,
      38.05506896972656,
      38.7714958190918,
      39.11283493041992,
      48.37149429321289,
      48.98448944091797,
      39.89765930175781,
      38.76019287109375,
      21.88437843322754,
      21.126176834106445,
      2.3921730518341064,
      3.396374225616455
    ],
    [
      6.6302876472473145,
      9.297698974609375,
      16.423723220825195,
      16.59697723388672,
      23.498817443847656,
      21.92845916748047,
      38.70149612426758,
      41.7972297668457,
      41.29074478149414,
      43.0986328125,
      48.98448944091797,
      54.8996696472168,
      42.67061233520508,
      41.96173858642578,
      23.80860710144043,
      22.943893432617188,
      2.6162054538726807,
      3.670253276824951
    ],
    [
      4.084883689880371,
      7.844299793243408,
      19.370792388916016,
      20.3424129486084,
      25.41326141357422,
      27.492849349975586,
      36.28317642211914,
      39.096900939941406,
      36.759117126464844,
      36.70381164550781,
      39.89765930175781,
      42.67061233520508,
      62.684593200683594,
      58.90852355957031,
      30.1102294921875,
      29.265941619873047,
      4.088316917419434,
      6.449846267700195
    ],
    [
      6.28696346282959,
      9.570420265197754,
      19.40549087524414,
      20.054471969604492,
      24.134157180786133,
      26.898258209228516,
      34.75449752807617,
      37.76142883300781,
      36.150794982910156,
      36.64595031738281,
      38.76019287109375,
      41.96173858642578,
      58.90852355957031,
      56.49241638183594,
      28.505823135375977,
      27.781112670898438,
      3.931398868560791,
      5.997559547424316
    ],
    [
      -1.1969538927078247,
      2.063610076904297,
      10.685638427734375,
      10.36318588256836,
      15.717894554138184,
      13.373665809631348,
      22.463878631591797,
      24.684343338012695,
      18.747106552124023,
      18.850149154663086,
      21.88437843322754,
      23.80860710144043,
      30.1102294921875,
      28.505823135375977,
      21.811241149902344,
      20.974620819091797,
      2.7012336254119873,
      4.606645107269287
    ],
    [
      -0.484421968460083,
      2.431262731552124,
      10.501811981201172,
      10.123570442199707,
      15.107566833496094,
      13.130935668945312,
      21.493755340576172,
      23.5590763092041,
      18.167339324951172,
      18.272825241088867,
      21.126176834106445,
      22.943893432617188,
      29.265941619873047,
      27.781112670898438,
      20.974620819091797,
      20.31649398803711,
      2.6366870403289795,
      4.478595733642578
    ],
    [
      0.34538042545318604,
      0.4669889211654663,
      1.2817189693450928,
      1.3031988143920898,
      1.6005691289901733,
      1.7837510108947754,
      2.400017261505127,
      2.4465081691741943,
      2.1660962104797363,
      2.1996700763702393,
      2.3921730518341064,
      2.6162054538726807,
      4.088316917419434,
      3.931398868560791,
      2.7012336254119873,
      2.6366870403289795,
      0.8272745013237,
      1.3155330419540405
    ],
    [
      -0.7869842648506165,
      -0.3683234453201294,
      1.744436264038086,
      1.670607328414917,
      2.681673765182495,
      2.4810967445373535,
      3.976320743560791,
      3.998429536819458,
      2.8295576572418213,
      2.8076536655426025,
      3.396374225616455,
      3.670253276824951,
      6.449846267700195,
      5.997559547424316,
      4.606645107269287,
      4.478595733642578,
      1.3155330419540405,
      2.3694305419921875
    ]
  ],
  "covariance_short": [
    [
      26.430768966674805,
      14.394006729125977,
      14.928855895996094,
      13.896021842956543,
      3.1589295864105225,
      9.200583457946777,
      3.4777913093566895,
      4.642549514770508,
      7.922187805175781,
      8.226518630981445,
      3.6610116958618164,
      4.616751194000244,
      7.018741130828857,
      8.517980575561523,
      1.8367643356323242,
      2.2296392917633057,
      0.31585028767585754,
      -0.45060300827026367
    ],
    [
      14.394006729125977,
      18.430269241333008,
      11.254877090454102,
      11.829532623291016,
      4.429091930389404,
      9.281997680664062,
      5.93166446685791,
      7.7020583152771,
      8.680563926696777,
      8.975025177001953,
      5.308742523193359,
      6.4275641441345215,
      8.357925415039062,
      9.622970581054688,
      3.2157363891601562,
      3.317986488342285,
      0.46977460384368896,
      -0.09812308102846146
    ],
    [
      14.928855895996094,
      11.254877090454102,
      27.545692443847656,
      21.68758773803711,
      9.326168060302734,
      15.390090942382812,
      11.879227638244629,
      14.060033798217773,
      14.323553085327148,
      13.757759094238281,
      9.966218948364258,
      10.941842079162598,
      13.633804321289062,
      14.531961441040039,
      6.449675559997559,
      6.516634941101074,
      0.9472185969352722,
      0.7971487641334534
    ],
    [
      13.896021842956543,
      11.829532623291016,
      21.68758773803711,
      28.651277542114258,
      13.708917617797852,
      19.1265869140625,
      14.799659729003906,
      16.764636993408203,
      16.685428619384766,
      16.1452579498291,
      12.344615936279297,
      12.754047393798828,
      17.025163650512695,
      17.405658721923828,
      7.776376724243164,
      7.705744743347168,
      1.0532020330429077,
      1.0154167413711548
    ],
    [
      3.1589295864105225,
      4.429091930389404,
      9.326168060302734,
      13.708917617797852,
      42.349769592285156,
      28.353002548217773,
      29.496328353881836,
      28.115737915039062,
      24.186996459960938,
      23.05617332458496,
      22.58702850341797,
      23.00109100341797,
      28.05593490600586,
      26.37963104248047,
      18.032066345214844,
      17.237499237060547,
      1.827562689781189,
      3.338933229446411
    ],
    [
      9.200583457946777,
      9.281997680664062,
      15.390090942382812,
      19.1265869140625,
      28.353002548217773,
      44.6460075378418,
      24.644132614135742,
      26.020362854003906,
      22.632326126098633,
      21.736406326293945,
      18.23313331604004,
      18.677385330200195,
      27.562480926513672,
      26.81484603881836,
      14.192761421203613,
      13.827765464782715,
      1.8899017572402954,
      2.7637383937835693
    ],
    [
      3.4777913093566895,
      5.93166446685791,
      11.879227638244629,
      14.799659729003906,
      29.496328353881836,
      24.644132614135742,
      51.05725860595703,
      44.89240646362305,
      34.40194320678711,
      31.961973190307617,
      32.36170959472656,
      32.858970642089844,
      34.6454963684082,
      32.716739654541016,
      20.442384719848633,
      19.535306930541992,
      2.2540175914764404,
      3.7269160747528076
    ],
    [
      4.642549514770508,
      7.7020583152771,
      14.060033798217773,
      16.764636993408203,
      28.115737915039062,
      26.020362854003906,
      44.89240646362305,
      55.75127410888672,
      33.10865020751953,
      31.105716705322266,
      32.01427459716797,
      33.05494689941406,
      36.12004089355469,
      34.42841339111328,
      21.361970901489258,
      20.357994079589844,
      2.1990861892700195,
      3.612560987472534
    ],
    [
      7.922187805175781,
      8.680563926696777,
      14.323553085327148,
      16.685428619384766,
      24.186996459960938,
      22.632326126098633,
      34.40194320678711,
      33.10865020751953,
      45.05447769165039,
      40.53851318359375,
      38.4077262878418,
      39.57669448852539,
      36.88517379760742,
      36.291805267333984,
      18.754135131835938,
      18.15850257873535,
      2.280442237854004,
      2.9476077556610107
    ],
    [
      8.226518630981445,
      8.975025177001953,
      13.757759094238281,
      16.1452579498291,
      23.05617332458496,
      21.736406326293945,
      31.961973190307617,
      31.105716705322266,
      40.53851318359375,
      48.488983154296875,
      39.15019607543945,
      42.27726364135742,
      37.64853286743164,
      37.710201263427734,
      18.97836685180664,
      18.392850875854492,
      2.3128626346588135,
      2.869180202484131
    ],
    [
      3.6610116958618164,
      5.308742523193359,
      9.966218948364258,
      12.344615936279297,
      22.58702850341797,
      18.23313331604004,
      32.36170959472656,
      32.01427459716797,
      38.4077262878418,
      39.15019607543945,
      49.050315856933594,
      46.41284942626953,
      39.31597137451172,
      38.09449768066406,
      21.33985710144043,
      20.506500244140625,
      2.343271493911743,
      3.32334041595459
    ],
    [
      4.616751194000244,
      6.4275641441345215,
      10.941842079162598,
      12.754047393798828,
      23.00109100341797,
      18.677385330200195,
      32.858970642089844,
      33.05494689941406,
      39.57669448852539,
      42.27726364135742,
      46.41284942626953,
      54.12717819213867,
      41.12614822387695,
      40.323665618896484,
      22.608495712280273,
      21.691566467285156,
      2.49873685836792,
      3.535820960998535
    ],
    [
      7.018741130828857,
      8.357925415039062,
      13.633804321289062,
      17.025163650512695,
      28.05593490600586,
      27.562480926513672,
      34.6454963684082,
      36.12004089355469,
      36.88517379760742,
      37.64853286743164,
      39.31597137451172,
      41.12614822387695,
      63.48246765136719,
      58.84722900390625,
      29.886638641357422,
      28.938526153564453,
      4.108757972717285,
      6.429235935211182
    ],
    [
      8.517980575561523,
      9.622970581054688,
      14.531961441040039,
      17.405658721923828,
      26.37963104248047,
      26.81484603881836,
      32.716739654541016,
      34.42841339111328,
      36.291805267333984,
      37.710201263427734,
      38.09449768066406,
      40.323665618896484,
      58.84722900390625,
      57.290985107421875,
      28.243221282958984,
      27.459253311157227,
      3.933147430419922,
      5.964263439178467
    ],
    [
      1.8367643356323242,
      3.2157363891601562,
      6.449675559997559,
      7.776376724243164,
      18.032066345214844,
      14.192761421203613,
      20.442384719848633,
      21.361970901489258,
      18.754135131835938,
      18.97836685180664,
      21.33985710144043,
      22.608495712280273,
      29.886638641357422,
      28.243221282958984,
      21.994096755981445,
      20.907819747924805,
      2.7581467628479004,
      4.64469575881958
    ],
    [
      2.2296392917633057,
      3.317986488342285,
      6.516634941101074,
      7.705744743347168,
      17.237499237060547,
      13.827765464782715,
      19.535306930541992,
      20.357994079589844,
      18.15850257873535,
      18.392850875854492,
      20.506500244140625,
      21.691566467285156,
      28.938526153564453,
      27.459253311157227,
      20.907819747924805,
      20.405986785888672,
      2.671137571334839,
      4.513859748840332
    ],
    [
      0.31585028767585754,
      0.46977460384368896,
      0.9472185969352722,
      1.0532020330429077,
      1.827562689781189,
      1.8899017572402954,
      2.2540175914764404,
      2.1990861892700195,
      2.280442237854004,
      2.3128626346588135,
      2.343271493911743,
      2.49873685836792,
      4.108757972717285,
      3.933147430419922,
      2.7581467628479004,
      2.671137571334839,
      0.8579369783401489,
      1.2852411270141602
    ],
    [
      -0.45060300827026367,
      -0.09812308102846146,
      0.7971487641334534,
      1.0154167413711548,
      3.338933229446411,
      2.7637383937835693,
      3.7269160747528076,
      3.612560987472534,
      2.9476077556610107,
      2.869180202484131,
      3.32334041595459,
      3.535820960998535,
      6.429235935211182,
      5.964263439178467,
      4.64469575881958,
      4.513859748840332,
      1.2852411270141602,
      2.3286924362182617
    ]
  ],
  "damage": -13.180675506591797,
  "diff_bandwidth": 607.0350952148438,
  "dissonance": 5.3435965926690665,
  "drr": 12.364171028137207,
  "dynamics": 4.125424385070801,
  "format": 1245190,
  "frames": 4956096,
  "loudness": -21.035186767578125,
  "loudness_range": 11.284770011901855,
  "loudness_range_short": 12.249892234802246,
  "lowpass_true_peak_15khz": -5.583952903747559,
  "mastering3_acoustic_entropies": [
    {
      "acoustic_entropy": 6.888051509857178,
      "acoustic_entropy_mono": 6.0137104988098145,
      "band_eliminated_acoustic_entropies": [
        {
          "acoustic_entropy": 6.884100437164307,
          "acoustic_entropy_side": 6.887726783752441,
          "hz": 129.47220167065723
        },
        {
          "acoustic_entropy": 6.412491321563721,
          "acoustic_entropy_side": 6.85316801071167,
          "hz": 202.92927478742237
        },
        {
          "acoustic_entropy": 6.622878551483154,
          "acoustic_entropy_side": 6.864518165588379,
          "hz": 282.89161906338205
        },
        {
          "acoustic_entropy": 7.098735809326172,
          "acoustic_entropy_side": 6.814553260803223,
          "hz": 369.9353335868758
        },
        {
          "acoustic_entropy": 6.381962776184082,
          "acoustic_entropy_side": 6.739156246185303,
          "hz": 464.6875360973435
        },
        {
          "acoustic_entropy": 6.089549541473389,
          "acoustic_entropy_side": 6.979549884796143,
          "hz": 567.8308811364784
        },
        {
          "acoustic_entropy": 6.405265808105469,
          "acoustic_entropy_side": 6.643111705780029,
          "hz": 680.1084783214808
        },
        {
          "acoustic_entropy": 6.351171970367432,
          "acoustic_entropy_side": 6.73569393157959,
          "hz": 802.3292461747484
        },
        {
          "acoustic_entropy": 6.6191887855529785,
          "acoustic_entropy_side": 6.59937858581543,
          "hz": 935.3737400823702
        },
        {
          "acoustic_entropy": 6.821653842926025,
          "acoustic_entropy_side": 6.941911697387695,
          "hz": 1080.2004963696966
        },
        {
          "acoustic_entropy": 5.858971118927002,
          "acoustic_entropy_side": 6.846494674682617,
          "hz": 1237.8529382007157
        },
        {
          "acoustic_entropy": 6.817610263824463,
          "acoustic_entropy_side": 6.844898223876953,
          "hz": 1409.4668930556702
        },
        {
          "acoustic_entropy": 6.904428005218506,
          "acoustic_entropy_side": 6.921777248382568,
          "hz": 1596.2787759475705
        },
        {
          "acoustic_entropy": 6.8843488693237305,
          "acoustic_entropy_side": 6.917412281036377,
          "hz": 1799.6344973346393
        },
        {
          "acoustic_entropy": 6.979355812072754,
          "acoustic_entropy_side": 6.931216239929199,
          "hz": 2020.9991599069049
        },
        {
          "acoustic_entropy": 7.068627834320068,
          "acoustic_entropy_side": 6.966785907745361,
          "hz": 2261.9676141086993
        },
        {
          "acoustic_entropy": 7.094088077545166,
          "acoustic_entropy_side": 7.085705757141113,
          "hz": 2524.2759484456974
        },
        {
          "acoustic_entropy": 6.609615802764893,
          "acoustic_entropy_side": 6.814794540405273,
          "hz": 2809.813997359896
        },
        {
          "acoustic_entropy": 7.163320064544678,
          "acoustic_entropy_side": 6.991488456726074,
          "hz": 3120.6389567871424
        },
        {
          "acoustic_entropy": 6.893987655639648,
          "acoustic_entropy_side": 6.913400650024414,
          "hz": 3458.990205492291
        },
        {
          "acoustic_entropy": 7.049046039581299,
          "acoustic_entropy_side": 6.926220417022705,
          "hz": 3827.305438964164
        },
        {
          "acoustic_entropy": 6.972102642059326,
          "acoustic_entropy_side": 6.919794082641602,
          "hz": 4228.238232109126
        },
        {
          "acoustic_entropy": 6.9035491943359375,
          "acoustic_entropy_side": 6.897924900054932,
          "hz": 4664.6771572759235
        },
        {
          "acoustic_entropy": 6.896727561950684,
          "acoustic_entropy_side": 6.8927388191223145,
          "hz": 5139.766595350093
        },
        {
          "acoustic_entropy": 6.893276214599609,
          "acoustic_entropy_side": 6.891676902770996,
          "hz": 5656.929389854203
        },
        {
          "acoustic_entropy": 6.892848491668701,
          "acoustic_entropy_side": 6.890438079833984,
          "hz": 6219.891507268283
        },
        {
          "acoustic_entropy": 6.8877668380737305,
          "acoustic_entropy_side": 6.888882160186768,
          "hz": 6832.70888123896
        },
        {
          "acoustic_entropy": 6.878276348114014,
          "acoustic_entropy_side": 6.882875442504883,
          "hz": 7499.796634079867
        },
        {
          "acoustic_entropy": 6.888587474822998,
          "acoustic_entropy_side": 6.888252258300781,
          "hz": 8225.96088609342
        },
        {
          "acoustic_entropy": 6.888102054595947,
          "acoustic_entropy_side": 6.888072967529297,
          "hz": 9016.43338188839
        },
        {
          "acoustic_entropy": 6.888084888458252,
          "acoustic_entropy_side": 6.888068199157715,
          "hz": 9876.909183162974
        },
        {
          "acoustic_entropy": 6.888063907623291,
          "acoustic_entropy_side": 6.888057708740234,
          "hz": 10813.587699516042
        },
        {
          "acoustic_entropy": 6.888059139251709,
          "acoustic_entropy_side": 6.888054847717285,
          "hz": 11833.21735289826
        },
        {
          "acoustic_entropy": 6.888052463531494,
          "acoustic_entropy_side": 6.888051986694336,
          "hz": 12943.144197493959
        },
        {
          "acoustic_entropy": 6.888051509857178,
          "acoustic_entropy_side": 6.888051509857178,
          "hz": 14151.364845322005
        },
        {
          "acoustic_entropy": 6.888049602508545,
          "acoustic_entropy_side": 6.888049602508545,
          "hz": 15466.58407886509
        },
        {
          "acoustic_entropy": 6.888051509857178,
          "acoustic_entropy_side": 6.8880510330200195,
          "hz": 16898.27756580493
        },
        {
          "acoustic_entropy": 6.888051509857178,
          "acoustic_entropy_side": 6.888051509857178,
          "hz": 18456.760127700032
        },
        {
          "acoustic_entropy": 6.888051509857178,
          "acoustic_entropy_side": 6.888051509857178,
          "hz": 20153.260054456492
        },
        {
          "acoustic_entropy": 6.888051509857178,
          "acoustic_entropy_side": 6.888051509857178,
          "hz": 22000.00000000001
        }
      ],
      "diff_acoustic_entropy": 0.8588927388191223,
      "sn": 6
    },
    {
      "acoustic_entropy": 10.242680549621582,
      "acoustic_entropy_mono": 9.548270225524902,
      "band_eliminated_acoustic_entropies": [
        {
          "acoustic_entropy": 10.224164009094238,
          "acoustic_entropy_side": 10.24336051940918,
          "hz": 129.47220167065723
        },
        {
          "acoustic_entropy": 9.796646118164062,
          "acoustic_entropy_side": 10.071311950683594,
          "hz": 202.92927478742237
        },
        {
          "acoustic_entropy": 10.551749229431152,
          "acoustic_entropy_side": 10.059464454650879,
          "hz": 282.89161906338205
        },
        {
          "acoustic_entropy": 10.57816219329834,
          "acoustic_entropy_side": 9.680925369262695,
          "hz": 369.9353335868758
        },
        {
          "acoustic_entropy": 9.384330749511719,
          "acoustic_entropy_side": 9.900175094604492,
          "hz": 464.6875360973435
        },
        {
          "acoustic_entropy": 9.3775634765625,
          "acoustic_entropy_side": 9.35124397277832,
          "hz": 567.8308811364784
        },
        {
          "acoustic_entropy": 9.066441535949707,
          "acoustic_entropy_side": 9.52314281463623,
          "hz": 680.1084783214808
        },
        {
          "acoustic_entropy": 9.671101570129395,
          "acoustic_entropy_side": 10.199612617492676,
          "hz": 802.3292461747484
        },
        {
          "acoustic_entropy": 9.749534606933594,
          "acoustic_entropy_side": 9.39369010925293,
          "hz": 935.3737400823702
        },
        {
          "acoustic_entropy": 10.042296409606934,
          "acoustic_entropy_side": 10.063324928283691,
          "hz": 1080.2004963696966
        },
        {
          "acoustic_entropy": 8.512836456298828,
          "acoustic_entropy_side": 10.17153549194336,
          "hz": 1237.8529382007157
        },
        {
          "acoustic_entropy": 10.235645294189453,
          "acoustic_entropy_side": 9.922411918640137,
          "hz": 1409.4668930556702
        },
        {
          "acoustic_entropy": 9.873587608337402,
          "acoustic_entropy_side": 10.025656700134277,
          "hz": 1596.2787759475705
        },
        {
          "acoustic_entropy": 10.194204330444336,
          "acoustic_entropy_side": 10.401719093322754,
          "hz": 1799.6344973346393
        },
        {
          "acoustic_entropy": 10.670162200927734,
          "acoustic_entropy_side": 10.643867492675781,
          "hz": 2020.9991599069049
        },
        {
          "acoustic_entropy": 10.274454116821289,
          "acoustic_entropy_side": 10.464127540588379,
          "hz": 2261.9676141086993
        },
        {
          "acoustic_entropy": 10.98760986328125,
          "acoustic_entropy_side": 10.85663890838623,
          "hz": 2524.2759484456974
        },
        {
          "acoustic_entropy": 9.894927978515625,
          "acoustic_entropy_side": 9.841684341430664,
          "hz": 2809.813997359896
        },
        {
          "acoustic_entropy": 10.695720672607422,
          "acoustic_entropy_side": 10.264670372009277,
          "hz": 3120.6389567871424
        },
        {
          "acoustic_entropy": 10.314997673034668,
          "acoustic_entropy_side": 10.480154037475586,
          "hz": 3458.990205492291
        },
        {
          "acoustic_entropy": 10.471729278564453,
          "acoustic_entropy_side": 10.465234756469727,
          "hz": 3827.305438964164
        },
        {
          "acoustic_entropy": 10.375321388244629,
          "acoustic_entropy_side": 10.336295127868652,
          "hz": 4228.238232109126
        },
        {
          "acoustic_entropy": 10.367197036743164,
          "acoustic_entropy_side": 10.282660484313965,
          "hz": 4664.6771572759235
        },
        {
          "acoustic_entropy": 10.30154800415039,
          "acoustic_entropy_side": 10.268782615661621,
          "hz": 5139.766595350093
        },
        {
          "acoustic_entropy": 10.327553749084473,
          "acoustic_entropy_side": 10.290428161621094,
          "hz": 5656.929389854203
        },
        {
          "acoustic_entropy": 10.31193733215332,
          "acoustic_entropy_side": 10.278120994567871,
          "hz": 6219.891507268283
        },
        {
          "acoustic_entropy": 10.333391189575195,
          "acoustic_entropy_side": 10.274582862854004,
          "hz": 6832.70888123896
        },
        {
          "acoustic_entropy": 10.272506713867188,
          "acoustic_entropy_side": 10.268457412719727,
          "hz": 7499.796634079867
        },
        {
          "acoustic_entropy": 10.254230499267578,
          "acoustic_entropy_side": 10.249177932739258,
          "hz": 8225.96088609342
        },
        {
          "acoustic_entropy": 10.246152877807617,
          "acoustic_entropy_side": 10.24419116973877,
          "hz": 9016.43338188839
        },
        {
          "acoustic_entropy": 10.24428653717041,
          "acoustic_entropy_side": 10.243474960327148,
          "hz": 9876.909183162974
        },
        {
          "acoustic_entropy": 10.243230819702148,
          "acoustic_entropy_side": 10.242979049682617,
          "hz": 10813.587699516042
        },
        {
          "acoustic_entropy": 10.243059158325195,
          "acoustic_entropy_side": 10.242949485778809,
          "hz": 11833.21735289826
        },
        {
          "acoustic_entropy": 10.243008613586426,
          "acoustic_entropy_side": 10.242921829223633,
          "hz": 12943.144197493959
        },
        {
          "acoustic_entropy": 10.242691040039062,
          "acoustic_entropy_side": 10.24268913269043,
          "hz": 14151.364845322005
        },
        {
          "acoustic_entropy": 10.242592811584473,
          "acoustic_entropy_side": 10.24259090423584,
          "hz": 15466.58407886509
        },
        {
          "acoustic_entropy": 10.242703437805176,
          "acoustic_entropy_side": 10.242704391479492,
          "hz": 16898.27756580493
        },
        {
          "acoustic_entropy": 10.242679595947266,
          "acoustic_entropy_side": 10.242679595947266,
          "hz": 18456.760127700032
        },
        {
          "acoustic_entropy": 10.242679595947266,
          "acoustic_entropy_side": 10.242679595947266,
          "hz": 20153.260054456492
        },
        {
          "acoustic_entropy": 10.242679595947266,
          "acoustic_entropy_side": 10.242679595947266,
          "hz": 22000.00000000001
        }
      ],
      "diff_acoustic_entropy": 2.0329949855804443,
      "sn": 12
    },
    {
      "acoustic_entropy": 14.656782150268555,
      "acoustic_entropy_mono": 13.62549877166748,
      "band_eliminated_acoustic_entropies": [
        {
          "acoustic_entropy": 14.456852912902832,
          "acoustic_entropy_side": 14.668828010559082,
          "hz": 129.47220167065723
        },
        {
          "acoustic_entropy": 13.61196231842041,
          "acoustic_entropy_side": 14.295964241027832,
          "hz": 202.92927478742237
        },
        {
          "acoustic_entropy": 15.334782600402832,
          "acoustic_entropy_side": 14.542647361755371,
          "hz": 282.89161906338205
        },
        {
          "acoustic_entropy": 14.636734962463379,
          "acoustic_entropy_side": 14.801936149597168,
          "hz": 369.9353335868758
        },
        {
          "acoustic_entropy": 13.903792381286621,
          "acoustic_entropy_side": 13.983405113220215,
          "hz": 464.6875360973435
        },
        {
          "acoustic_entropy": 14.172746658325195,
          "acoustic_entropy_side": 14.689456939697266,
          "hz": 567.8308811364784
        },
        {
          "acoustic_entropy": 13.74069595336914,
          "acoustic_entropy_side": 15.020377159118652,
          "hz": 680.1084783214808
        },
        {
          "acoustic_entropy": 14.259394645690918,
          "acoustic_entropy_side": 14.58275032043457,
          "hz": 802.3292461747484
        },
        {
          "acoustic_entropy": 13.460877418518066,
          "acoustic_entropy_side": 14.45810604095459,
          "hz": 935.3737400823702
        },
        {
          "acoustic_entropy": 14.225950241088867,
          "acoustic_entropy_side": 14.359573364257812,
          "hz": 1080.2004963696966
        },
        {
          "acoustic_entropy": 14.0862455368042,
          "acoustic_entropy_side": 15.285268783569336,
          "hz": 1237.8529382007157
        },
        {
          "acoustic_entropy": 14.770475387573242,
          "acoustic_entropy_side": 14.766153335571289,
          "hz": 1409.4668930556702
        },
        {
          "acoustic_entropy": 13.641448020935059,
          "acoustic_entropy_side": 14.684473037719727,
          "hz": 1596.2787759475705
        },
        {
          "acoustic_entropy": 14.743316650390625,
          "acoustic_entropy_side": 14.536601066589355,
          "hz": 1799.6344973346393
        },
        {
          "acoustic_entropy": 14.116813659667969,
          "acoustic_entropy_side": 14.66702938079834,
          "hz": 2020.9991599069049
        },
        {
          "acoustic_entropy": 14.029304504394531,
          "acoustic_entropy_side": 14.565897941589355,
          "hz": 2261.9676141086993
        },
        {
          "acoustic_entropy": 14.47078800201416,
          "acoustic_entropy_side": 14.471132278442383,
          "hz": 2524.2759484456974
        },
        {
          "acoustic_entropy": 15.034286499023438,
          "acoustic_entropy_side": 15.567614555358887,
          "hz": 2809.813997359896
        },
        {
          "acoustic_entropy": 14.32201862335205,
