{
  "acoustic_entropy": 212.44158935546875,
  "bands": [
    {
      "high_freq": 148.1999969482422,
      "loudness": -40.227848052978516,
      "loudness_range": 24.45548439025879,
      "mid_mean": -38.095848083496094,
      "mid_to_side_loudness": -7.386533260345459,
      "mid_to_side_loudness_range": 14.967989921569824,
      "side_mean": -46.71535873413086
    },
    {
      "high_freq": 392.3793640136719,
      "loudness": -36.73305892944336,
      "loudness_range": 22.007038116455078,
      "low_freq": 148.1999969482422,
      "mid_mean": -33.80316162109375,
      "mid_to_side_loudness": -9.857129096984863,
      "mid_to_side_loudness_range": 14.345327377319336,
      "side_mean": -44.162193298339844
    },
    {
      "high_freq": 794.6976318359375,
      "loudness": -33.45204162597656,
      "loudness_range": 19.46327018737793,
      "low_freq": 392.3793640136719,
      "mid_mean": -30.762483596801758,
      "mid_to_side_loudness": -8.088068962097168,
      "mid_to_side_loudness_range": 12.761458396911621,
      "side_mean": -39.16080856323242
    },
    {
      "high_freq": 1457.5709228515625,
      "loudness": -33.024085998535156,
      "loudness_range": 26.95169448852539,
      "low_freq": 794.6976318359375,
      "mid_mean": -30.44917106628418,
      "mid_to_side_loudness": -6.3869123458862305,
      "mid_to_side_loudness_range": 12.16395378112793,
      "side_mean": -37.33922576904297
    },
    {
      "high_freq": 2549.74365234375,
      "loudness": -32.95188522338867,
      "loudness_range": 18.1419677734375,
      "low_freq": 1457.5709228515625,
      "mid_mean": -30.4244327545166,
      "mid_to_side_loudness": -6.753378391265869,
      "mid_to_side_loudness_range": 13.727898597717285,
      "side_mean": -37.990211486816406
    },
    {
      "high_freq": 4349.24462890625,
      "loudness": -37.35539627075195,
      "loudness_range": 20.271888732910156,
      "low_freq": 2549.74365234375,
      "mid_mean": -35.3369026184082,
      "mid_to_side_loudness": -5.944634914398193,
      "mid_to_side_loudness_range": 13.139348983764648,
      "side_mean": -42.01628494262695
    },
    {
      "high_freq": 7314.1640625,
      "loudness": -44.192047119140625,
      "loudness_range": 21.869033813476562,
      "low_freq": 4349.24462890625,
      "mid_mean": -42.1351432800293,
      "mid_to_side_loudness": -5.4305100440979,
      "mid_to_side_loudness_range": 9.22491455078125,
      "side_mean": -50.93193435668945
    },
    {
      "high_freq": 12199.2666015625,
      "loudness": -52.328895568847656,
      "loudness_range": 24.177303314208984,
      "low_freq": 7314.1640625,
      "mid_mean": -54.0113639831543,
      "mid_to_side_loudness": -3.090951919555664,
      "mid_to_side_loudness_range": 5.227692127227783,
      "side_mean": -56.82741928100586
    },
    {
      "loudness": -63.86667251586914,
      "loudness_range": 27.887874603271484,
      "low_freq": 12199.2666015625,
      "mid_mean": -63.68101119995117,
      "mid_to_side_loudness": 0.4277307987213135,
      "mid_to_side_loudness_range": 2.2032148838043213,
      "side_mean": -63.35251998901367
    }
  ],
  "bands_short": [
    {
      "high_freq": 148.1999969482422,
      "loudness": -42.750885009765625,
      "loudness_range": 25.913232803344727,
      "mid_mean": -41.380069732666016,
      "mid_to_side_loudness": -6.481895923614502,
      "mid_to_side_loudness_range": 17.08201026916504,
      "side_mean": -51.32631301879883
    },
    {
      "high_freq": 392.3793640136719,
      "loudness": -37.11359405517578,
      "loudness_range": 24.07238006591797,
      "low_freq": 148.1999969482422,
      "mid_mean": -34.385372161865234,
      "mid_to_side_loudness": -9.261820793151855,
      "mid_to_side_loudness_range": 15.873309135437012,
      "side_mean": -44.02294158935547
    },
    {
      "high_freq": 794.6976318359375,
      "loudness": -34.93622970581055,
      "loudness_range": 21.777057647705078,
      "low_freq": 392.3793640136719,
      "mid_mean": -32.304351806640625,
      "mid_to_side_loudness": -8.005037307739258,
      "mid_to_side_loudness_range": 15.115817070007324,
      "side_mean": -40.60810852050781
    },
    {
      "high_freq": 1457.5709228515625,
      "loudness": -33.30333709716797,
      "loudness_range": 27.210041046142578,
      "low_freq": 794.6976318359375,
      "mid_mean": -30.99570083618164,
      "mid_to_side_loudness": -5.7109904289245605,
      "mid_to_side_loudness_range": 14.527348518371582,
      "side_mean": -37.48210906982422
    },
    {
      "high_freq": 2549.74365234375,
      "loudness": -34.43463897705078,
      "loudness_range": 22.05743408203125,
      "low_freq": 1457.5709228515625,
      "mid_mean": -32.318233489990234,
      "mid_to_side_loudness": -5.777553081512451,
      "mid_to_side_loudness_range": 16.5762939453125,
      "side_mean": -38.849979400634766
    },
    {
      "high_freq": 4349.24462890625,
      "loudness": -38.70824432373047,
      "loudness_range": 23.881383895874023,
      "low_freq": 2549.74365234375,
      "mid_mean": -37.00464630126953,
      "mid_to_side_loudness": -4.917588710784912,
      "mid_to_side_loudness_range": 14.743887901306152,
      "side_mean": -42.80109405517578
    },
    {
      "high_freq": 7314.1640625,
      "loudness": -45.83395767211914,
      "loudness_range": 25.686275482177734,
      "low_freq": 4349.24462890625,
      "mid_mean": -44.278297424316406,
      "mid_to_side_loudness": -4.5111823081970215,
      "mid_to_side_loudness_range": 10.823720932006836,
      "side_mean": -52.14205551147461
    },
    {
      "high_freq": 12199.2666015625,
      "loudness": -53.81134033203125,
      "loudness_range": 26.022430419921875,
      "low_freq": 7314.1640625,
      "mid_mean": -56.220848083496094,
      "mid_to_side_loudness": -2.5844669342041016,
      "mid_to_side_loudness_range": 6.695934295654297,
      "side_mean": -58.51378631591797
    },
    {
      "loudness": -64.57715606689453,
      "loudness_range": 26.604167938232422,
      "low_freq": 12199.2666015625,
      "mid_mean": -64.83165740966797,
      "mid_to_side_loudness": 0.3531566262245178,
      "mid_to_side_loudness_range": 2.7115068435668945,
      "side_mean": -64.55081176757812
    }
  ],
  "bandwidth": 896.4926147460938,
  "channels": 2,
  "covariance": [
    [
      83.68223571777344,
      65.29545593261719,
      42.90848159790039,
      43.66623306274414,
      28.82467269897461,
      30.259376525878906,
      28.48917007446289,
      30.25899314880371,
      26.07291030883789,
      25.768220901489258,
      29.94009780883789,
      29.429574966430664,
      25.836563110351562,
      29.693876266479492,
      36.83598327636719,
      33.588592529296875,
      26.580692291259766,
      27.622159957885742
    ],
    [
      65.29545593261719,
      91.28266143798828,
      41.634422302246094,
      52.741485595703125,
      39.642757415771484,
      43.23011779785156,
      42.78159713745117,
      44.82752990722656,
      33.41630172729492,
      43.064170837402344,
      33.824283599853516,
      38.0467414855957,
      24.85402488708496,
      43.57365798950195,
      47.85504913330078,
      42.84062576293945,
      32.670536041259766,
      33.919586181640625
    ],
    [
      42.90848159790039,
      41.634422302246094,
      64.51133728027344,
      55.9746208190918,
      34.280296325683594,
      33.06268310546875,
      35.324283599853516,
      36.35792922973633,
      34.60026168823242,
      31.522062301635742,
      30.21998405456543,
      31.005563735961914,
      21.579971313476562,
      33.13385772705078,
      32.46400833129883,
      27.398372650146484,
      17.328706741333008,
      18.057186126708984
    ],
    [
      43.66623306274414,
      52.741485595703125,
      55.9746208190918,
      74.91809844970703,
      37.466339111328125,
      42.40476989746094,
      40.88530731201172,
      45.677825927734375,
      36.65920639038086,
      40.575164794921875,
      29.530290603637695,
      37.35747528076172,
      20.48871612548828,
      38.47457504272461,
      36.74578857421875,
      32.43903732299805,
      23.540964126586914,
      24.259904861450195
    ],
    [
      28.82467269897461,
      39.642757415771484,
      34.280296325683594,
      37.466339111328125,
      51.194664001464844,
      41.503440856933594,
      29.656326293945312,
      34.649452209472656,
      31.853809356689453,
      33.3657341003418,
      26.225818634033203,
      25.74749183654785,
      20.905977249145508,
      35.005462646484375,
      36.97023010253906,
      31.67332649230957,
      19.157691955566406,
      20.015438079833984
    ],
    [
      30.259376525878906,
      43.23011779785156,
      33.06268310546875,
      42.40476989746094,
      41.503440856933594,
      59.313636779785156,
      33.82382583618164,
      43.66526412963867,
      30.285480499267578,
      41.81727981567383,
      22.53091812133789,
      30.529680252075195,
      12.682963371276855,
      30.98662757873535,
      33.766197204589844,
      30.584503173828125,
      21.5275936126709,
      22.181039810180664
    ],
    [
      28.48917007446289,
      42.78159713745117,
      35.324283599853516,
      40.88530731201172,
      29.656326293945312,
      33.82382583618164,
      71.77094268798828,
      62.684608459472656,
      36.25947952270508,
      44.79911422729492,
      36.23960494995117,
      42.484962463378906,
      23.3795108795166,
      40.805179595947266,
      37.01818084716797,
      33.38888168334961,
      26.004878997802734,
      26.50071907043457
    ],
    [
      30.25899314880371,
      44.82752990722656,
      36.35792922973633,
      45.677825927734375,
      34.649452209472656,
      43.66526412963867,
      62.684608459472656,
      78.54814147949219,
      35.24971008300781,
      50.410221099853516,
      29.819570541381836,
      43.649410247802734,
      15.43602466583252,
      37.54099655151367,
      33.610897064208984,
      31.60755157470703,
      26.10169792175293,
      26.30089569091797
    ],
    [
      26.07291030883789,
      33.41630172729492,
      34.60026168823242,
      36.65920639038086,
      31.853809356689453,
      30.285480499267578,
      36.25947952270508,
      35.24971008300781,
      57.466190338134766,
      41.7657585144043,
      48.01177978515625,
      42.2655029296875,
      40.72292709350586,
      47.55289077758789,
      48.18015670776367,
      41.1309700012207,
      26.464853286743164,
      27.500823974609375
    ],
    [
      25.768220901489258,
      43.064170837402344,
      31.522062301635742,
      40.575164794921875,
      33.3657341003418,
      41.81727981567383,
      44.79911422729492,
      50.410221099853516,
      41.7657585144043,
      56.94292068481445,
      33.334712982177734,
      42.45442581176758,
      21.14949607849121,
      43.2348518371582,
      39.46661376953125,
      35.83306121826172,
      26.78879737854004,
      27.33635139465332
    ],
    [
      29.94009780883789,
      33.824283599853516,
      30.21998405456543,
      29.530290603637695,
      26.225818634033203,
      22.53091812133789,
      36.23960494995117,
      29.819570541381836,
      48.01177978515625,
      33.334712982177734,
      69.83000946044922,
      48.87873840332031,
      57.16342544555664,
      54.801544189453125,
      54.37788391113281,
      45.64094543457031,
      29.703554153442383,
      31.060352325439453
    ],
    [
      29.429574966430664,
      38.0467414855957,
      31.005563735961914,
      37.35747528076172,
      25.74749183654785,
      30.529680252075195,
      42.484962463378906,
      43.649410247802734,
      42.2655029296875,
      42.45442581176758,
      48.87873840332031,
      54.232025146484375,
      35.13964080810547,
      46.49503707885742,
      41.65210723876953,
      37.45482635498047,
      27.42367935180664,
      28.20378303527832
    ],
    [
      25.836563110351562,
      24.85402488708496,
      21.579971313476562,
      20.48871612548828,
      20.905977249145508,
      12.682963371276855,
      23.3795108795166,
      15.43602466583252,
      40.72292709350586,
      21.14949607849121,
      57.16342544555664,
      35.13964080810547,
      70.1851806640625,
      52.54692459106445,
      57.7161750793457,
      48.35781478881836,
      30.982919692993164,
      32.386878967285156
    ],
    [
      29.693876266479492,
      43.57365798950195,
      33.13385772705078,
      38.47457504272461,
      35.005462646484375,
      30.98662757873535,
      40.805179595947266,
      37.54099655151367,
      47.55289077758789,
      43.2348518371582,
      54.801544189453125,
      46.49503707885742,
      52.54692459106445,
      91.64673614501953,
      84.89965057373047,
      72.54956817626953,
      43.28581237792969,
      45.09663772583008
    ],
    [
      36.83598327636719,
      47.85504913330078,
      32.46400833129883,
      36.74578857421875,
      36.97023010253906,
      33.766197204589844,
      37.01818084716797,
      33.610897064208984,
      48.18015670776367,
      39.46661376953125,
      54.37788391113281,
      41.65210723876953,
      57.7161750793457,
      84.89965057373047,
      104.08619689941406,
      90.5970687866211,
      54.891422271728516,
      57.381221771240234
    ],
    [
      33.588592529296875,
      42.84062576293945,
      27.398372650146484,
      32.43903732299805,
      31.67332649230957,
      30.584503173828125,
      33.38888168334961,
      31.60755157470703,
      41.1309700012207,
      35.83306121826172,
      45.64094543457031,
      37.45482635498047,
      48.35781478881836,
      72.54956817626953,
      90.5970687866211,
      80.92479705810547,
      51.42852020263672,
      53.65049743652344
    ],
    [
      26.580692291259766,
      32.670536041259766,
      17.328706741333008,
      23.540964126586914,
      19.157691955566406,
      21.5275936126709,
      26.004878997802734,
      26.10169792175293,
      26.464853286743164,
      26.78879737854004,
      29.703554153442383,
      27.42367935180664,
      30.982919692993164,
      43.28581237792969,
      54.891422271728516,
      51.42852020263672,
      47.59149932861328,
      48.70137405395508
    ],
    [
      27.622159957885742,
      33.919586181640625,
      18.057186126708984,
      24.259904861450195,
      20.015438079833984,
      22.181039810180664,
      26.50071907043457,
      26.30089569091797,
      27.500823974609375,
      27.33635139465332,
      31.060352325439453,
      28.20378303527832,
      32.386878967285156,
      45.09663772583008,
      57.381221771240234,
      53.65049743652344,
      48.70137405395508,
      50.12324142456055
    ]
  ],
  "covariance_short": [
    [
      97.45889282226562,
      70.41551971435547,
      51.73655700683594,
      52.794166564941406,
      37.208003997802734,
      37.838741302490234,
      30.96674346923828,
      34.73423385620117,
      31.220359802246094,
      31.593753814697266,
      31.96373176574707,
      33.66172409057617,
      30.15369415283203,
      35.285884857177734,
      37.62430953979492,
      32.759735107421875,
      24.220748901367188,
      25.27297019958496
    ],
    [
      70.41551971435547,
      127.49579620361328,
      57.87051010131836,
      71.45315551757812,
      51.95583724975586,
      55.77890396118164,
      47.03466033935547,
      58.35788345336914,
      44.3689079284668,
      53.643741607666016,
      38.53549575805664,
      47.5546875,
      31.61362075805664,
      71.50310516357422,
      63.318031311035156,
      54.95272445678711,
      35.91569519042969,
      37.284019470214844
    ],
    [
      51.73655700683594,
      57.87051010131836,
      80.92704010009766,
      67.3739013671875,
      48.51795959472656,
      42.2372932434082,
      41.46331024169922,
      43.361968994140625,
      45.715599060058594,
      40.185157775878906,
      39.60725784301758,
      38.32657241821289,
      31.582897186279297,
      42.12773895263672,
      39.23710632324219,
      32.319095611572266,
      19.20513916015625,
      20.1865177154541
    ],
    [
      52.794166564941406,
      71.45315551757812,
      67.3739013671875,
      85.88734436035156,
      45.8370475769043,
      48.907012939453125,
      44.89807891845703,
      50.025634765625,
      45.60268783569336,
      46.253475189208984,
      38.48955154418945,
      44.16242980957031,
      30.418317794799805,
      44.30154800415039,
      41.34537887573242,
      35.743431091308594,
      24.478466033935547,
      25.45587730407715
    ],
    [
      37.208003997802734,
      51.95583724975586,
      48.51795959472656,
      45.8370475769043,
      63.81244659423828,
      46.89080047607422,
      37.51103591918945,
      39.61487579345703,
      43.84680938720703,
      39.65071105957031,
      36.989990234375,
      34.00600051879883,
      31.827442169189453,
      43.22114562988281,
      43.51336669921875,
      36.73032760620117,
      21.808618545532227,
      23.03997802734375
    ],
    [
      37.838741302490234,
      55.77890396118164,
      42.2372932434082,
      48.907012939453125,
      46.89080047607422,
      64.80335998535156,
      36.931331634521484,
      45.08091354370117,
      37.03759002685547,
      44.215911865234375,
      27.1248836517334,
      35.3735466003418,
      17.694021224975586,
      34.65258026123047,
      34.28606414794922,
      30.46703338623047,
      20.41472053527832,
      21.24957847595215
    ],
    [
      30.96674346923828,
      47.03466033935547,
      41.46331024169922,
      44.89807891845703,
      37.51103591918945,
      36.931331634521484,
      82.92854309082031,
      64.48318481445312,
      50.605445861816406,
      48.975067138671875,
      48.75155258178711,
      49.034820556640625,
      40.52867126464844,
      51.893009185791016,
      48.776039123535156,
      42.276580810546875,
      27.950754165649414,
      28.814739227294922
    ],
    [
      34.73423385620117,
      58.35788345336914,
      43.361968994140625,
      50.025634765625,
      39.61487579345703,
      45.08091354370117,
      64.48318481445312,
      81.47119140625,
      44.95530700683594,
      53.89683151245117,
      38.76387405395508,
      49.421913146972656,
      26.174274444580078,
      45.4074592590332,
      40.79526138305664,
      37.36945724487305,
      26.994564056396484,
      27.593032836914062
    ],
    [
      31.220359802246094,
      44.3689079284668,
      45.715599060058594,
      45.60268783569336,
      43.84680938720703,
      37.03759002685547,
      50.605445861816406,
      44.95530700683594,
      81.82929992675781,
      54.09538650512695,
      66.33516693115234,
      54.94384765625,
      61.50172805786133,
      62.658870697021484,
      64.52025604248047,
      53.54597854614258,
      32.02256393432617,
      33.53095245361328
    ],
    [
      31.593753814697266,
      53.643741607666016,
      40.185157775878906,
      46.253475189208984,
      39.65071105957031,
      44.215911865234375,
      48.975067138671875,
      53.89683151245117,
      54.09538650512695,
      66.08870697021484,
      42.63373565673828,
      50.2769660949707,
      32.54081726074219,
      52.123931884765625,
      47.40740966796875,
      41.98217010498047,
      27.681594848632812,
      28.640167236328125
    ],
    [
      31.96373176574707,
      38.53549575805664,
      39.60725784301758,
      38.48955154418945,
      36.989990234375,
      27.1248836517334,
      48.75155258178711,
      38.76387405395508,
      66.33516693115234,
      42.63373565673828,
      90.63790893554688,
      62.284950256347656,
      78.31096649169922,
      68.21685028076172,
      70.75279998779297,
      58.54989242553711,
      36.03767013549805,
      37.804744720458984
    ],
    [
      33.66172409057617,
      47.5546875,
      38.32657241821289,
      44.16242980957031,
      34.00600051879883,
      35.3735466003418,
      49.034820556640625,
      49.421913146972656,
      54.94384765625,
      50.2769660949707,
      62.284950256347656,
      68.3455581665039,
      50.56049728393555,
      58.468833923339844,
      52.84992218017578,
      46.5057258605957,
      30.184764862060547,
      31.384235382080078
    ],
    [
      30.15369415283203,
      31.61362075805664,
      31.582897186279297,
      30.418317794799805,
      31.827442169189453,
      17.694021224975586,
      40.52867126464844,
      26.174274444580078,
      61.50172805786133,
      32.54081726074219,
      78.31096649169922,
      50.56049728393555,
      100.52142333984375,
      74.31932830810547,
      83.33433532714844,
      69.1536865234375,
      41.12374496459961,
      43.17903518676758
    ],
    [
      35.285884857177734,
      71.50310516357422,
      42.12773895263672,
      44.30154800415039,
      43.22114562988281,
      34.65258026123047,
      51.893009185791016,
      45.4074592590332,
      62.658870697021484,
      52.123931884765625,
      68.21685028076172,
      58.468833923339844,
      74.31932830810547,
      103.79650115966797,
      94.27642059326172,
      80.33423614501953,
      44.82843017578125,
      46.945350646972656
    ],
    [
      37.62430953979492,
      63.318031311035156,
      39.23710632324219,
      41.34537887573242,
      43.51336669921875,
      34.28606414794922,
      48.776039123535156,
      40.79526138305664,
      64.52025604248047,
      47.40740966796875,
      70.75279998779297,
      52.84992218017578,
      83.33433532714844,
      94.27642059326172,
      114.56497955322266,
      98.0591812133789,
      54.53340148925781,
      57.246925354003906
    ],
    [
      32.759735107421875,
      54.95272445678711,
      32.319095611572266,
      35.743431091308594,
      36.73032760620117,
      30.46703338623047,
      42.276580810546875,
      37.36945724487305,
      53.54597854614258,
      41.98217010498047,
      58.54989242553711,
      46.5057258605957,
      69.1536865234375,
      80.33423614501953,
      98.0591812133789,
      86.42454528808594,
      49.69847869873047,
      52.10921859741211
    ],
    [
      24.220748901367188,
      35.91569519042969,
      19.20513916015625,
      24.478466033935547,
      21.808618545532227,
      20.41472053527832,
      27.950754165649414,
      26.994564056396484,
      32.02256393432617,
      27.681594848632812,
      36.03767013549805,
      30.184764862060547,
      41.12374496459961,
      44.82843017578125,
      54.53340148925781,
      49.69847869873047,
      44.413543701171875,
      45.63603591918945
    ],
    [
      25.27297019958496,
      37.284019470214844,
      20.1865177154541,
      25.45587730407715,
      23.03997802734375,
      21.24957847595215,
      28.814739227294922,
      27.593032836914062,
      33.53095245361328,
      28.640167236328125,
      37.804744720458984,
      31.384235382080078,
      43.17903518676758,
      46.945350646972656,
      57.246925354003906,
      52.10921859741211,
      45.63603591918945,
      47.33543014526367
    ]
  ],
  "damage": -13.448366165161133,
  "diff_bandwidth": 940.8145751953125,
  "dissonance": 5.9985749962635975,
  "drr": 8.668030738830566,
  "dynamics": 5.057557106018066,
  "format": 1245190,
  "frames": 6806688,
  "loudness": -21.115821838378906,
  "loudness_range": 17.837135314941406,
  "loudness_range_short": 21.743257522583008,
  "lowpass_true_peak_15khz": 0.0450117290019989,
  "mastering3_acoustic_entropies": [
    {
      "acoustic_entropy": 9.399630546569824,
      "acoustic_entropy_mono": 9.290946006774902,
      "band_eliminated_acoustic_entropies": [
        {
          "acoustic_entropy": 9.439684867858887,
          "acoustic_entropy_side": 9.397403717041016,
          "hz": 129.47220167065723
        },
        {
          "acoustic_entropy": 9.353813171386719,
          "acoustic_entropy_side": 9.386015892028809,
          "hz": 202.92927478742237
        },
        {
          "acoustic_entropy": 9.456598281860352,
          "acoustic_entropy_side": 9.39748477935791,
          "hz": 282.89161906338205
        },
        {
          "acoustic_entropy": 9.623398780822754,
          "acoustic_entropy_side": 9.384564399719238,
          "hz": 369.9353335868758
        },
        {
          "acoustic_entropy": 9.858887672424316,
          "acoustic_entropy_side": 9.368087768554688,
          "hz": 464.6875360973435
        },
        {
          "acoustic_entropy": 9.100783348083496,
          "acoustic_entropy_side": 9.299347877502441,
          "hz": 567.8308811364784
        },
        {
          "acoustic_entropy": 9.350329399108887,
          "acoustic_entropy_side": 9.522125244140625,
          "hz": 680.1084783214808
        },
        {
          "acoustic_entropy": 9.356603622436523,
          "acoustic_entropy_side": 9.648141860961914,
          "hz": 802.3292461747484
        },
        {
          "acoustic_entropy": 8.738085746765137,
          "acoustic_entropy_side": 9.446039199829102,
          "hz": 935.3737400823702
        },
        {
          "acoustic_entropy": 10.229915618896484,
          "acoustic_entropy_side": 9.740179061889648,
          "hz": 1080.2004963696966
        },
        {
          "acoustic_entropy": 9.213812828063965,
          "acoustic_entropy_side": 9.592952728271484,
          "hz": 1237.8529382007157
        },
        {
          "acoustic_entropy": 8.639065742492676,
          "acoustic_entropy_side": 9.524876594543457,
          "hz": 1409.4668930556702
        },
        {
          "acoustic_entropy": 8.617975234985352,
          "acoustic_entropy_side": 9.663509368896484,
          "hz": 1596.2787759475705
        },
        {
          "acoustic_entropy": 9.257010459899902,
          "acoustic_entropy_side": 9.370232582092285,
          "hz": 1799.6344973346393
        },
        {
          "acoustic_entropy": 8.743227005004883,
          "acoustic_entropy_side": 8.849674224853516,
          "hz": 2020.9991599069049
        },
        {
          "acoustic_entropy": 9.457677841186523,
          "acoustic_entropy_side": 9.582788467407227,
          "hz": 2261.9676141086993
        },
        {
          "acoustic_entropy": 9.941529273986816,
          "acoustic_entropy_side": 9.471355438232422,
          "hz": 2524.2759484456974
        },
        {
          "acoustic_entropy": 9.209095001220703,
          "acoustic_entropy_side": 9.513117790222168,
          "hz": 2809.813997359896
        },
        {
          "acoustic_entropy": 9.296673774719238,
          "acoustic_entropy_side": 9.471672058105469,
          "hz": 3120.6389567871424
        },
        {
          "acoustic_entropy": 9.306194305419922,
          "acoustic_entropy_side": 9.313385009765625,
          "hz": 3458.990205492291
        },
        {
          "acoustic_entropy": 9.272374153137207,
          "acoustic_entropy_side": 9.412423133850098,
          "hz": 3827.305438964164
        },
        {
          "acoustic_entropy": 9.39428424835205,
          "acoustic_entropy_side": 9.433664321899414,
          "hz": 4228.238232109126
        },
        {
          "acoustic_entropy": 9.369057655334473,
          "acoustic_entropy_side": 9.40052604675293,
          "hz": 4664.6771572759235
        },
        {
          "acoustic_entropy": 9.427742004394531,
          "acoustic_entropy_side": 9.414892196655273,
          "hz": 5139.766595350093
        },
        {
          "acoustic_entropy": 9.416327476501465,
          "acoustic_entropy_side": 9.396711349487305,
          "hz": 5656.929389854203
        },
        {
          "acoustic_entropy": 9.438862800598145,
          "acoustic_entropy_side": 9.410350799560547,
          "hz": 6219.891507268283
        },
        {
          "acoustic_entropy": 9.358026504516602,
          "acoustic_entropy_side": 9.404314041137695,
          "hz": 6832.70888123896
        },
        {
          "acoustic_entropy": 9.356447219848633,
          "acoustic_entropy_side": 9.394057273864746,
          "hz": 7499.796634079867
        },
        {
          "acoustic_entropy": 9.378487586975098,
          "acoustic_entropy_side": 9.394734382629395,
          "hz": 8225.96088609342
        },
        {
          "acoustic_entropy": 9.362632751464844,
          "acoustic_entropy_side": 9.403849601745605,
          "hz": 9016.43338188839
        },
        {
          "acoustic_entropy": 9.416035652160645,
          "acoustic_entropy_side": 9.402161598205566,
          "hz": 9876.909183162974
        },
        {
          "acoustic_entropy": 9.28581428527832,
          "acoustic_entropy_side": 9.385614395141602,
          "hz": 10813.587699516042
        },
        {
          "acoustic_entropy": 9.206721305847168,
          "acoustic_entropy_side": 9.381499290466309,
          "hz": 11833.21735289826
        },
        {
          "acoustic_entropy": 9.394908905029297,
          "acoustic_entropy_side": 9.39716625213623,
          "hz": 12943.144197493959
        },
        {
          "acoustic_entropy": 9.391401290893555,
          "acoustic_entropy_side": 9.395158767700195,
          "hz": 14151.364845322005
        },
        {
          "acoustic_entropy": 9.398748397827148,
          "acoustic_entropy_side": 9.399130821228027,
          "hz": 15466.58407886509
        },
        {
          "acoustic_entropy": 9.39880084991455,
          "acoustic_entropy_side": 9.399036407470703,
          "hz": 16898.27756580493
        },
        {
          "acoustic_entropy": 9.399271965026855,
          "acoustic_entropy_side": 9.399323463439941,
          "hz": 18456.760127700032
        },
        {
          "acoustic_entropy": 9.399300575256348,
          "acoustic_entropy_side": 9.399338722229004,
          "hz": 20153.260054456492
        },
        {
          "acoustic_entropy": 9.399721145629883,
          "acoustic_entropy_side": 9.399718284606934,
          "hz": 22000.00000000001
        }
      ],
      "diff_acoustic_entropy": 6.411824703216553,
      "sn": 6
    },
    {
      "acoustic_entropy": 13.906919479370117,
      "acoustic_entropy_mono": 13.574477195739746,
      "band_eliminated_acoustic_entropies": [
        {
          "acoustic_entropy": 14.289226531982422,
          "acoustic_entropy_side": 13.915300369262695,
          "hz": 129.47220167065723
        },
        {
          "acoustic_entropy": 14.404754638671875,
          "acoustic_entropy_side": 14.036952018737793,
          "hz": 202.92927478742237
        },
        {
          "acoustic_entropy": 13.549445152282715,
          "acoustic_entropy_side": 13.991612434387207,
          "hz": 282.89161906338205
        },
        {
          "acoustic_entropy": 14.36907958984375,
          "acoustic_entropy_side": 14.13971996307373,
          "hz": 369.9353335868758
        },
        {
          "acoustic_entropy": 13.398308753967285,
          "acoustic_entropy_side": 14.060235977172852,
          "hz": 464.6875360973435
        },
        {
          "acoustic_entropy": 14.226492881774902,
          "acoustic_entropy_side": 14.285805702209473,
          "hz": 567.8308811364784
        },
        {
          "acoustic_entropy": 13.54218864440918,
          "acoustic_entropy_side": 13.466193199157715,
          "hz": 680.1084783214808
        },
        {
          "acoustic_entropy": 13.578906059265137,
          "acoustic_entropy_side": 13.882275581359863,
          "hz": 802.3292461747484
        },
        {
          "acoustic_entropy": 13.220544815063477,
          "acoustic_entropy_side": 13.91699504852295,
          "hz": 935.3737400823702
        },
        {
          "acoustic_entropy": 13.939594268798828,
          "acoustic_entropy_side": 14.586865425109863,
          "hz": 1080.2004963696966
        },
        {
          "acoustic_entropy": 13.629615783691406,
          "acoustic_entropy_side": 13.878876686096191,
          "hz": 1237.8529382007157
        },
        {
          "acoustic_entropy": 13.364605903625488,
          "acoustic_entropy_side": 13.541719436645508,
          "hz": 1409.4668930556702
        },
        {
          "acoustic_entropy": 12.97421646118164,
          "acoustic_entropy_side": 13.646358489990234,
          "hz": 1596.2787759475705
        },
        {
          "acoustic_entropy": 14.297422409057617,
          "acoustic_entropy_side": 14.162201881408691,
          "hz": 1799.6344973346393
        },
        {
          "acoustic_entropy": 14.410151481628418,
          "acoustic_entropy_side": 14.042142868041992,
          "hz": 2020.9991599069049
        },
        {
          "acoustic_entropy": 14.211956024169922,
          "acoustic_entropy_side": 13.911561012268066,
          "hz": 2261.9676141086993
        },
        {
          "acoustic_entropy": 14.189932823181152,
          "acoustic_entropy_side": 14.054084777832031,
          "hz": 2524.2759484456974
        },
        {
          "acoustic_entropy": 14.326103210449219,
          "acoustic_entropy_side": 14.517683982849121,
          "hz": 2809.813997359896
        },
        {
          "acoustic_entropy": 14.085183143615723,
          "acoustic_entropy_side": 14.078473091125488,
          "hz": 3120.6389567871424
        },
        {
          "acoustic_entropy": 14.420994758605957,
          "acoustic_entropy_side": 14.110340118408203,
          "hz": 3458.990205492291
        },
        {
          "acoustic_entropy": 14.315983772277832,
          "acoustic_entropy_side": 14.095059394836426,
          "hz": 3827.305438964164
        },
        {
          "acoustic_entropy": 13.891937255859375,
          "acoustic_entropy_side": 13.980111122131348,
          "hz": 4228.238232109126
        },
        {
          "acoustic_entropy": 13.758979797363281,
          "acoustic_entropy_side": 13.954553604125977,
          "hz": 4664.6771572759235
        },
        {
          "acoustic_entropy": 13.691642761230469,
          "acoustic_entropy_side": 13.910284042358398,
          "hz": 5139.766595350093
        },
        {
          "acoustic_entropy": 13.787253379821777,
          "acoustic_entropy_side": 13.931011199951172,
          "hz": 5656.929389854203
        },
        {
          "acoustic_entropy": 13.710129737854004,
          "acoustic_entropy_side": 13.913036346435547,
          "hz": 6219.891507268283
        },
        {
          "acoustic_entropy": 14.20068359375,
          "acoustic_entropy_side": 13.922779083251953,
          "hz": 6832.70888123896
        },
        {
          "acoustic_entropy": 14.097572326660156,
          "acoustic_entropy_side": 13.950270652770996,
          "hz": 7499.796634079867
        },
        {
          "acoustic_entropy": 14.017441749572754,
          "acoustic_entropy_side": 13.940729141235352,
          "hz": 8225.96088609342
        },
        {
          "acoustic_entropy": 14.086095809936523,
          "acoustic_entropy_side": 13.942614555358887,
          "hz": 9016.43338188839
        },
        {
          "acoustic_entropy": 14.012292861938477,
          "acoustic_entropy_side": 13.921003341674805,
          "hz": 9876.909183162974
        },
        {
          "acoustic_entropy": 13.97636604309082,
          "acoustic_entropy_side": 14.122885704040527,
          "hz": 10813.587699516042
        },
        {
          "acoustic_entropy": 14.173166275024414,
          "acoustic_entropy_side": 14.48080062866211,
          "hz": 11833.21735289826
        },
        {
          "acoustic_entropy": 14.109622955322266,
          "acoustic_entropy_side": 13.990489959716797,
          "hz": 12943.144197493959
        },
        {
          "acoustic_entropy": 13.964181900024414,
          "acoustic_entropy_side": 13.932713508605957,
          "hz": 14151.364845322005
        },
        {
          "acoustic_entropy": 13.908595085144043,
          "acoustic_entropy_side": 13.908395767211914,
          "hz": 15466.58407886509
        },
        {
          "acoustic_entropy": 13.91783332824707,
          "acoustic_entropy_side": 13.914647102355957,
          "hz": 16898.27756580493
        },
        {
          "acoustic_entropy": 13.912742614746094,
          "acoustic_entropy_side": 13.911962509155273,
          "hz": 18456.760127700032
        },
        {
          "acoustic_entropy": 13.928558349609375,
          "acoustic_entropy_side": 13.926441192626953,
          "hz": 20153.260054456492
        },
        {
          "acoustic_entropy": 13.917403221130371,
          "acoustic_entropy_side": 13.91672420501709,
          "hz": 22000.00000000001
        }
      ],
      "diff_acoustic_entropy": 10.976251602172852,
      "sn": 12
    },
    {
      "acoustic_entropy": 21.417377471923828,
      "acoustic_entropy_mono": 19.919462203979492,
      "band_eliminated_acoustic_entropies": [
        {
          "acoustic_entropy": 22.00456428527832,
          "acoustic_entropy_side": 21.616113662719727,
          "hz": 129.47220167065723
        },
        {
          "acoustic_entropy": 22.02223014831543,
          "acoustic_entropy_side": 21.612323760986328,
          "hz": 202.92927478742237
        },
        {
          "acoustic_entropy": 22.29355812072754,
          "acoustic_entropy_side": 21.426054000854492,
          "hz": 282.89161906338205
        },
        {
          "acoustic_entropy": 21.546934127807617,
          "acoustic_entropy_side": 21.981048583984375,
          "hz": 369.9353335868758
        },
        {
          "acoustic_entropy": 21.70622444152832,
          "acoustic_entropy_side": 21.463544845581055,
          "hz": 464.6875360973435
        },
        {
          "acoustic_entropy": 21.846975326538086,
          "acoustic_entropy_side": 21.239948272705078,
          "hz": 567.8308811364784
        },
        {
          "acoustic_entropy": 21.204181671142578,
          "acoustic_entropy_side": 20.774486541748047,
          "hz": 680.1084783214808
        },
        {
          "acoustic_entropy": 21.935712814331055,
          "acoustic_entropy_side": 22.5470027923584,
          "hz": 802.3292461747484
        },
        {
          "acoustic_entropy": 20.73785972595215,
          "acoustic_entropy_side": 21.216346740722656,
          "hz": 935.3737400823702
        },
        {
          "acoustic_entropy": 21.555883407592773,
          "acoustic_entropy_side": 22.0345516204834,
          "hz": 1080.2004963696966
        },
        {
          "acoustic_entropy": 20.765535354614258,
          "acoustic_entropy_side": 21.414873123168945,
          "hz": 1237.8529382007157
        },
        {
          "acoustic_entropy": 21.159029006958008,
          "acoustic_entropy_side": 21.877532958984375,
          "hz": 1409.4668930556702
        },
        {
          "acoustic_entropy": 21.4212646484375,
          "acoustic_entropy_side": 21.959335327148438,
          "hz": 1596.2787759475705
        },
        {
          "acoustic_entropy": 21.549306869506836,
          "acoustic_entropy_side": 22.021198272705078,
          "hz": 1799.6344973346393
        },
        {
          "acoustic_entropy": 22.95208168029785,
          "acoustic_entropy_side": 21.582477569580078,
          "hz": 2020.9991599069049
        },
        {
          "acoustic_entropy": 22.618553161621094,
          "acoustic_entropy_side": 22.188810348510742,
          "hz": 2261.9676141086993
        },
        {
          "acoustic_entropy": 22.567522048950195,
          "acoustic_entropy_side": 21.330720901489258,
          "hz": 2524.2759484456974
        },
        {
          "acoustic_entropy": 22.641603469848633,
          "acoustic_entropy_side": 22.027359008789062,
          "hz": 2809.813997359896
        },
        {
          "acoustic_entropy": 22.480792999267578,
          "acoustic_entropy_side": 21.773685455322266,
          "hz": 3120.6389567871424
        },
        {
          "acoustic_entropy": 21.94204330444336,
