{
  "acoustic_entropy": 187.26809692382812,
  "bands": [
    {
      "high_freq": 148.1999969482422,
      "loudness": -27.718605041503906,
      "loudness_range": 6.55522346496582,
      "mid_mean": -24.536399841308594,
      "mid_to_side_loudness": -9.869948387145996,
      "mid_to_side_loudness_range": 9.343751907348633,
      "side_mean": -34.44672393798828
    },
    {
      "high_freq": 392.3793640136719,
      "loudness": -22.385845184326172,
      "loudness_range": 4.725461959838867,
      "low_freq": 148.1999969482422,
      "mid_mean": -19.732093811035156,
      "mid_to_side_loudness": -6.092524528503418,
      "mid_to_side_loudness_range": 6.959907531738281,
      "side_mean": -25.864648818969727
    },
    {
      "high_freq": 794.6976318359375,
      "loudness": -25.326215744018555,
      "loudness_range": 4.263830184936523,
      "low_freq": 392.3793640136719,
      "mid_mean": -22.609834671020508,
      "mid_to_side_loudness": -6.156843185424805,
      "mid_to_side_loudness_range": 5.222600936889648,
      "side_mean": -28.82676887512207
    },
    {
      "high_freq": 1457.5709228515625,
      "loudness": -25.447059631347656,
      "loudness_range": 8.01516342163086,
      "low_freq": 794.6976318359375,
      "mid_mean": -22.471054077148438,
      "mid_to_side_loudness": -7.695165157318115,
      "mid_to_side_loudness_range": 5.557769775390625,
      "side_mean": -30.24500846862793
    },
    {
      "high_freq": 2549.74365234375,
      "loudness": -27.525854110717773,
      "loudness_range": 8.919599533081055,
      "low_freq": 1457.5709228515625,
      "mid_mean": -24.399734497070312,
      "mid_to_side_loudness": -8.67526626586914,
      "mid_to_side_loudness_range": 4.167508125305176,
      "side_mean": -33.157894134521484
    },
    {
      "high_freq": 4349.24462890625,
      "loudness": -30.36562728881836,
      "loudness_range": 8.413440704345703,
      "low_freq": 2549.74365234375,
      "mid_mean": -27.393198013305664,
      "mid_to_side_loudness": -7.532481670379639,
      "mid_to_side_loudness_range": 4.38963508605957,
      "side_mean": -35.01420593261719
    },
    {
      "high_freq": 7314.1640625,
      "loudness": -35.00330352783203,
      "loudness_range": 9.520780563354492,
      "low_freq": 4349.24462890625,
      "mid_mean": -32.18513488769531,
      "mid_to_side_loudness": -6.638327121734619,
      "mid_to_side_loudness_range": 3.817272663116455,
      "side_mean": -38.87845993041992
    },
    {
      "high_freq": 12199.2666015625,
      "loudness": -35.485740661621094,
      "loudness_range": 11.194503784179688,
      "low_freq": 7314.1640625,
      "mid_mean": -32.587493896484375,
      "mid_to_side_loudness": -7.2147908210754395,
      "mid_to_side_loudness_range": 2.517308235168457,
      "side_mean": -39.82399368286133
    },
    {
      "loudness": -41.494178771972656,
      "loudness_range": 12.725101470947266,
      "low_freq": 12199.2666015625,
      "mid_mean": -38.57050323486328,
      "mid_to_side_loudness": -7.5941338539123535,
      "mid_to_side_loudness_range": 2.794229507446289,
      "side_mean": -46.254737854003906
    }
  ],
  "bands_short": [
    {
      "high_freq": 148.1999969482422,
      "loudness": -30.65573501586914,
      "loudness_range": 12.50510025024414,
      "mid_mean": -27.549087524414062,
      "mid_to_side_loudness": -11.143634796142578,
      "mid_to_side_loudness_range": 16.408302307128906,
      "side_mean": -38.773681640625
    },
    {
      "high_freq": 392.3793640136719,
      "loudness": -24.140260696411133,
      "loudness_range": 13.838569641113281,
      "low_freq": 148.1999969482422,
      "mid_mean": -21.620914459228516,
      "mid_to_side_loudness": -6.081906795501709,
      "mid_to_side_loudness_range": 10.637863159179688,
      "side_mean": -27.748523712158203
    },
    {
      "high_freq": 794.6976318359375,
      "loudness": -27.047361373901367,
      "loudness_range": 12.06013298034668,
      "low_freq": 392.3793640136719,
      "mid_mean": -24.366331100463867,
      "mid_to_side_loudness": -6.693337917327881,
      "mid_to_side_loudness_range": 9.935430526733398,
      "side_mean": -31.12510871887207
    },
    {
      "high_freq": 1457.5709228515625,
      "loudness": -26.535446166992188,
      "loudness_range": 13.502737045288086,
      "low_freq": 794.6976318359375,
      "mid_mean": -23.826066970825195,
      "mid_to_side_loudness": -6.743074893951416,
      "mid_to_side_loudness_range": 9.245044708251953,
      "side_mean": -30.640600204467773
    },
    {
      "high_freq": 2549.74365234375,
      "loudness": -29.07862091064453,
      "loudness_range": 15.377870559692383,
      "low_freq": 1457.5709228515625,
      "mid_mean": -26.104915618896484,
      "mid_to_side_loudness": -8.136499404907227,
      "mid_to_side_loudness_range": 8.687907218933105,
      "side_mean": -34.336769104003906
    },
    {
      "high_freq": 4349.24462890625,
      "loudness": -32.144187927246094,
      "loudness_range": 14.937078475952148,
      "low_freq": 2549.74365234375,
      "mid_mean": -29.275609970092773,
      "mid_to_side_loudness": -7.373342514038086,
      "mid_to_side_loudness_range": 8.258310317993164,
      "side_mean": -36.74809265136719
    },
    {
      "high_freq": 7314.1640625,
      "loudness": -37.589012145996094,
      "loudness_range": 16.532140731811523,
      "low_freq": 4349.24462890625,
      "mid_mean": -34.85689926147461,
      "mid_to_side_loudness": -6.38409948348999,
      "mid_to_side_loudness_range": 5.962301254272461,
      "side_mean": -41.30818557739258
    },
    {
      "high_freq": 12199.2666015625,
      "loudness": -41.10886764526367,
      "loudness_range": 24.13275146484375,
      "low_freq": 7314.1640625,
      "mid_mean": -38.325828552246094,
      "mid_to_side_loudness": -6.672367095947266,
      "mid_to_side_loudness_range": 4.752068996429443,
      "side_mean": -45.132572174072266
    },
    {
      "loudness": -48.385284423828125,
      "loudness_range": 28.056306838989258,
      "low_freq": 12199.2666015625,
      "mid_mean": -45.62024688720703,
      "mid_to_side_loudness": -7.028135299682617,
      "mid_to_side_loudness_range": 3.9797844886779785,
      "side_mean": -53.424381256103516
    }
  ],
  "bandwidth": 663.8571166992188,
  "channels": 2,
  "covariance": [
    [
      5.142616271972656,
      2.9357383251190186,
      1.702356219291687,
      -0.18385209143161774,
      -0.3710891306400299,
      -1.0048627853393555,
      -0.32362106442451477,
      -0.7168096303939819,
      -0.16060860455036163,
      -0.6130580902099609,
      -0.7782371640205383,
      -1.4371589422225952,
      -0.8680883049964905,
      -1.6683000326156616,
      -2.690230131149292,
      -3.1186490058898926,
      -2.064309597015381,
      -3.1174402236938477
    ],
    [
      2.9357383251190186,
      10.584288597106934,
      1.3174325227737427,
      1.0892555713653564,
      -0.7519617080688477,
      -0.16787539422512054,
      -0.5002195239067078,
      0.04646420106291771,
      1.0959219932556152,
      0.5981937050819397,
      0.7387523651123047,
      0.4551873505115509,
      0.8203397989273071,
      0.2984151244163513,
      1.0903195142745972,
      0.3107030987739563,
      1.2863781452178955,
      0.01988016441464424
    ],
    [
      1.702356219291687,
      1.3174325227737427,
      3.712480068206787,
      0.6450430154800415,
      0.8819320797920227,
      0.21571378409862518,
      0.04530429467558861,
      -0.1867588758468628,
      -0.09949428588151932,
      -0.26108986139297485,
      -0.2776218354701996,
      -0.6487998962402344,
      0.28797879815101624,
      -0.29666298627853394,
      -0.5069335699081421,
      -1.0505812168121338,
      0.036310307681560516,
      -1.1893454790115356
    ],
    [
      -0.18385209143161774,
      1.0892555713653564,
      0.6450430154800415,
      3.420884370803833,
      1.010042428970337,
      2.388648748397827,
      0.8068419694900513,
      0.7425961494445801,
      1.429245114326477,
      1.5121103525161743,
      1.597599983215332,
      1.8162106275558472,
      2.6971986293792725,
      2.8332910537719727,
      4.176167964935303,
      3.826702833175659,
      3.6790060997009277,
      3.4603538513183594
    ],
    [
      -0.3710891306400299,
      -0.7519617080688477,
      0.8819320797920227,
      1.010042428970337,
      2.698857545852661,
      1.637241005897522,
      1.9249194860458374,
      1.528988242149353,
      2.095717430114746,
      1.6354821920394897,
      2.0652453899383545,
      1.4458671808242798,
      1.5880602598190308,
      1.421451449394226,
      1.37045419216156,
      1.424375057220459,
      1.0747497081756592,
      0.9824169278144836
    ],
    [
      -1.0048627853393555,
      -0.16787539422512054,
      0.21571378409862518,
      2.388648748397827,
      1.637241005897522,
      3.686981201171875,
      1.474609375,
      1.3995485305786133,
      2.3011975288391113,
      2.1791868209838867,
      2.4576847553253174,
      2.544889211654663,
      2.9831135272979736,
      3.228161573410034,
      4.497684955596924,
      4.258971214294434,
      3.8695120811462402,
      3.718919515609741
    ],
    [
      -0.32362106442451477,
      -0.5002195239067078,
      0.04530429467558861,
      0.8068419694900513,
      1.9249194860458374,
      1.474609375,
      8.210824012756348,
      4.194631576538086,
      5.608526706695557,
      4.11256217956543,
      5.970434188842773,
      3.8836498260498047,
      4.726908206939697,
      3.2351536750793457,
      2.7192163467407227,
      2.001243829727173,
      1.911942481994629,
      0.748205840587616
    ],
    [
      -0.7168096303939819,
      0.04646420106291771,
      -0.1867588758468628,
      0.7425961494445801,
      1.528988242149353,
      1.3995485305786133,
      4.194631576538086,
      5.126015663146973,
      4.2836079597473145,
      3.5662150382995605,
      4.907774448394775,
      3.8398091793060303,
      2.758723497390747,
      2.7565624713897705,
      1.853227972984314,
      2.247265100479126,
      0.9312808513641357,
      1.2975951433181763
    ],
    [
      -0.16060860455036163,
      1.0959219932556152,
      -0.09949428588151932,
      1.429245114326477,
      2.095717430114746,
      2.3011975288391113,
      5.608526706695557,
      4.2836079597473145,
      10.205252647399902,
      6.257112503051758,
      7.627662658691406,
      4.939697742462158,
      5.83521032333374,
      4.015371799468994,
      4.20330810546875,
      3.135666608810425,
      3.0995750427246094,
      1.69362211227417
    ],
    [
      -0.6130580902099609,
      0.5981937050819397,
      -0.26108986139297485,
      1.5121103525161743,
      1.6354821920394897,
      2.1791868209838867,
      4.11256217956543,
      3.5662150382995605,
      6.257112503051758,
      5.37583589553833,
      5.385161399841309,
      4.377397537231445,
      4.63254976272583,
      3.876777410507202,
      3.890495777130127,
      3.3870480060577393,
      2.9675376415252686,
      2.308187484741211
    ],
    [
      -0.7782371640205383,
      0.7387523651123047,
      -0.2776218354701996,
      1.597599983215332,
      2.0652453899383545,
      2.4576847553253174,
      5.970434188842773,
      4.907774448394775,
      7.627662658691406,
      5.385161399841309,
      9.591070175170898,
      6.388739585876465,
      7.054483890533447,
      5.288852214813232,
      5.233597278594971,
      3.8961596488952637,
      4.026501178741455,
      2.141453504562378
    ],
    [
      -1.4371589422225952,
      0.4551873505115509,
      -0.6487998962402344,
      1.8162106275558472,
      1.4458671808242798,
      2.544889211654663,
      3.8836498260498047,
      3.8398091793060303,
      4.939697742462158,
      4.377397537231445,
      6.388739585876465,
      5.907772064208984,
      5.600580215454102,
      5.095128059387207,
      5.3213677406311035,
      4.654773235321045,
      4.253037929534912,
      3.379328966140747
    ],
    [
      -0.8680883049964905,
      0.8203397989273071,
      0.28797879815101624,
      2.6971986293792725,
      1.5880602598190308,
      2.9831135272979736,
      4.726908206939697,
      2.758723497390747,
      5.83521032333374,
      4.63254976272583,
      7.054483890533447,
      5.600580215454102,
      9.903413772583008,
      6.633852481842041,
      9.260998725891113,
      5.303276062011719,
      8.993775367736816,
      3.3054373264312744
    ],
    [
      -1.6683000326156616,
      0.2984151244163513,
      -0.29666298627853394,
      2.8332910537719727,
      1.421451449394226,
      3.228161573410034,
      3.2351536750793457,
      2.7565624713897705,
      4.015371799468994,
      3.876777410507202,
      5.288852214813232,
      5.095128059387207,
      6.633852481842041,
      6.321017265319824,
      7.23916482925415,
      6.201226711273193,
      6.121119499206543,
      4.8304009437561035
    ],
    [
      -2.690230131149292,
      1.0903195142745972,
      -0.5069335699081421,
      4.176167964935303,
      1.37045419216156,
      4.497684955596924,
      2.7192163467407227,
      1.853227972984314,
      4.20330810546875,
      3.890495777130127,
      5.233597278594971,
      5.3213677406311035,
      9.260998725891113,
      7.23916482925415,
      16.033979415893555,
      11.569867134094238,
      15.548516273498535,
      9.71571159362793
    ],
    [
      -3.1186490058898926,
      0.3107030987739563,
      -1.0505812168121338,
      3.826702833175659,
      1.424375057220459,
      4.258971214294434,
      2.001243829727173,
      2.247265100479126,
      3.135666608810425,
      3.3870480060577393,
      3.8961596488952637,
      4.654773235321045,
      5.303276062011719,
      6.201226711273193,
      11.569867134094238,
      11.88599967956543,
      9.372474670410156,
      10.875195503234863
    ],
    [
      -2.064309597015381,
      1.2863781452178955,
      0.036310307681560516,
      3.6790060997009277,
      1.0747497081756592,
      3.8695120811462402,
      1.911942481994629,
      0.9312808513641357,
      3.0995750427246094,
      2.9675376415252686,
      4.026501178741455,
      4.253037929534912,
      8.993775367736816,
      6.121119499206543,
      15.548516273498535,
      9.372474670410156,
      17.902862548828125,
      8.48749828338623
    ],
    [
      -3.1174402236938477,
      0.01988016441464424,
      -1.1893454790115356,
      3.4603538513183594,
      0.9824169278144836,
      3.718919515609741,
      0.748205840587616,
      1.2975951433181763,
      1.69362211227417,
      2.308187484741211,
      2.141453504562378,
      3.379328966140747,
      3.3054373264312744,
      4.8304009437561035,
      9.71571159362793,
      10.875195503234863,
      8.48749828338623,
      11.98597240447998
    ]
  ],
  "covariance_short": [
    [
      19.187423706054688,
      6.922931671142578,
      11.634054183959961,
      6.624492168426514,
      6.77973747253418,
      3.0660603046417236,
      4.536366939544678,
      2.6844558715820312,
      4.143321514129639,
      2.464185953140259,
      3.5710577964782715,
      1.6740928888320923,
      5.3371782302856445,
      3.3278682231903076,
      5.5136823654174805,
      3.7519140243530273,
      7.708614349365234,
      4.620117664337158
    ],
    [
      6.922931671142578,
      25.9796199798584,
      12.905476570129395,
      13.337772369384766,
      9.199254989624023,
      8.22136116027832,
      8.420289039611816,
      7.403926372528076,
      8.831698417663574,
      7.2579851150512695,
      9.312582969665527,
      8.455804824829102,
      11.079887390136719,
      10.688383102416992,
      14.37513542175293,
      13.656356811523438,
      15.326175689697266,
      14.377249717712402
    ],
    [
      11.634054183959961,
      12.905476570129395,
      27.444116592407227,
      19.42717170715332,
      17.025066375732422,
      12.580513000488281,
      12.096327781677246,
      8.656218528747559,
      12.634538650512695,
      9.035313606262207,
      12.11555290222168,
      9.143576622009277,
      15.728070259094238,
      13.095757484436035,
      19.825428009033203,
      17.523231506347656,
      22.981050491333008,
      19.1368350982666
    ],
    [
      6.624492168426514,
      13.337772369384766,
      19.42717170715332,
      25.052715301513672,
      15.377039909362793,
      16.140647888183594,
      13.17753791809082,
      11.243518829345703,
      14.809749603271484,
      12.247204780578613,
      15.205588340759277,
      14.163070678710938,
      18.882389068603516,
      18.102903366088867,
      25.408435821533203,
      24.525278091430664,
      27.238901138305664,
      25.86259651184082
    ],
    [
      6.77973747253418,
      9.199254989624023,
      17.025066375732422,
      15.377039909362793,
      21.68414306640625,
      14.944517135620117,
      15.645434379577637,
      11.916585922241211,
      15.629939079284668,
      11.583917617797852,
      16.603891372680664,
      13.4960298538208,
      18.49454689025879,
      16.862258911132812,
      21.163259506225586,
      20.77616310119629,
      21.969863891601562,
      21.03754997253418
    ],
    [
      3.0660603046417236,
      8.22136116027832,
      12.580513000488281,
      16.140647888183594,
      14.944517135620117,
      19.443458557128906,
      13.672003746032715,
      11.861044883728027,
      14.340008735656738,
      11.955954551696777,
      15.394341468811035,
      14.558509826660156,
      17.57863426208496,
      17.658775329589844,
      22.62122917175293,
      23.001155853271484,
      22.774356842041016,
      23.261686325073242
    ],
    [
      4.536366939544678,
      8.420289039611816,
      12.096327781677246,
      13.17753791809082,
      15.645434379577637,
      13.672003746032715,
      25.11530303955078,
      14.864421844482422,
      20.958728790283203,
      14.981122016906738,
      22.02214813232422,
      17.42610740661621,
      21.5577335357666,
      18.96963119506836,
      22.303789138793945,
      21.93782615661621,
      21.40924644470215,
      21.448383331298828
    ],
    [
      2.6844558715820312,
      7.403926372528076,
      8.656218528747559,
      11.243518829345703,
      11.916585922241211,
      11.861044883728027,
      14.864421844482422,
      16.09210968017578,
      15.579789161682129,
      12.6757230758667,
      16.95843505859375,
      15.247405052185059,
      15.632431030273438,
      15.828901290893555,
      16.396728515625,
      18.063329696655273,
      14.690082550048828,
      16.800630569458008
    ],
    [
      4.143321514129639,
      8.831698417663574,
      12.634538650512695,
      14.809749603271484,
      15.629939079284668,
      14.340008735656738,
      20.958728790283203,
      15.579789161682129,
      29.19939613342285,
      18.33867835998535,
      25.377954483032227,
      19.077836990356445,
      24.193410873413086,
      20.569805145263672,
      24.61966896057129,
      23.591630935668945,
      24.06582260131836,
      22.856998443603516
    ],
    [
      2.464185953140259,
      7.2579851150512695,
      9.035313606262207,
      12.247204780578613,
      11.583917617797852,
      11.955954551696777,
      14.981122016906738,
      12.6757230758667,
      18.33867835998535,
      16.800586700439453,
      17.64630126953125,
      15.943117141723633,
      18.26534652709961,
      17.36689567565918,
      20.1855525970459,
      20.167757034301758,
      20.01668930053711,
      20.079132080078125
    ],
    [
      3.5710577964782715,
      9.312582969665527,
      12.11555290222168,
      15.205588340759277,
      16.603891372680664,
      15.394341468811035,
      22.02214813232422,
      16.95843505859375,
      25.377954483032227,
      17.64630126953125,
      31.243377685546875,
      23.10993766784668,
      28.148361206054688,
      25.03245735168457,
      29.0418701171875,
      28.06769371032715,
      27.9052734375,
      26.24714469909668
    ],
    [
      1.6740928888320923,
      8.455804824829102,
      9.143576622009277,
      14.163070678710938,
      13.4960298538208,
      14.558509826660156,
      17.42610740661621,
      15.247405052185059,
      19.077836990356445,
      15.943117141723633,
      23.10993766784668,
      23.535429000854492,
      24.09120750427246,
      24.175050735473633,
      27.136363983154297,
      27.700138092041016,
      26.482053756713867,
      26.835386276245117
    ],
    [
      5.3371782302856445,
      11.079887390136719,
      15.728070259094238,
      18.882389068603516,
      18.49454689025879,
      17.57863426208496,
      21.5577335357666,
      15.632431030273438,
      24.193410873413086,
      18.26534652709961,
      28.148361206054688,
      24.09120750427246,
      36.644630432128906,
      30.588754653930664,
      42.129981994628906,
      36.58586120605469,
      44.571739196777344,
      36.37562942504883
    ],
    [
      3.3278682231903076,
      10.688383102416992,
      13.095757484436035,
      18.102903366088867,
      16.862258911132812,
      17.658775329589844,
      18.96963119506836,
      15.828901290893555,
      20.569805145263672,
      17.36689567565918,
      25.03245735168457,
      24.175050735473633,
      30.588754653930664,
      30.814592361450195,
      36.789310455322266,
      36.587520599365234,
      37.74921417236328,
      37.00415802001953
    ],
    [
      5.5136823654174805,
      14.37513542175293,
      19.825428009033203,
      25.408435821533203,
      21.163259506225586,
      22.62122917175293,
      22.303789138793945,
      16.396728515625,
      24.61966896057129,
      20.1855525970459,
      29.0418701171875,
      27.136363983154297,
      42.129981994628906,
      36.789310455322266,
      63.49882125854492,
      53.85169982910156,
      71.0126724243164,
      56.8176155090332
    ],
    [
      3.7519140243530273,
      13.656356811523438,
      17.523231506347656,
      24.525278091430664,
      20.77616310119629,
      23.001155853271484,
      21.93782615661621,
      18.063329696655273,
      23.591630935668945,
      20.167757034301758,
      28.06769371032715,
      27.700138092041016,
      36.58586120605469,
      36.587520599365234,
      53.85169982910156,
      54.656883239746094,
      58.00432586669922,
      59.06577682495117
    ],
    [
      7.708614349365234,
      15.326175689697266,
      22.981050491333008,
      27.238901138305664,
      21.969863891601562,
      22.774356842041016,
      21.40924644470215,
      14.690082550048828,
      24.06582260131836,
      20.01668930053711,
      27.9052734375,
      26.482053756713867,
      44.571739196777344,
      37.74921417236328,
      71.0126724243164,
      58.00432586669922,
      89.44989013671875,
      66.95921325683594
    ],
    [
      4.620117664337158,
      14.377249717712402,
      19.1368350982666,
      25.86259651184082,
      21.03754997253418,
      23.261686325073242,
      21.448383331298828,
      16.800630569458008,
      22.856998443603516,
      20.079132080078125,
      26.24714469909668,
      26.835386276245117,
      36.37562942504883,
      37.00415802001953,
      56.8176155090332,
      59.06577682495117,
      66.95921325683594,
      77.56253051757812
    ]
  ],
  "damage": -9.514430046081543,
  "diff_bandwidth": 677.2178344726562,
  "dissonance": 9.150333904949582,
  "drr": 12.254339218139648,
  "dynamics": 1.8243277072906494,
  "format": 1245190,
  "frames": 14146496,
  "loudness": -14.333003044128418,
  "loudness_range": 3.8819150924682617,
  "loudness_range_short": 10.258405685424805,
  "lowpass_true_peak_15khz": 0.6514517068862915,
  "mastering3_acoustic_entropies": [
    {
      "acoustic_entropy": 6.042407512664795,
      "acoustic_entropy_mono": 5.6286797523498535,
      "band_eliminated_acoustic_entropies": [
        {
          "acoustic_entropy": 6.039756774902344,
          "acoustic_entropy_side": 6.042275428771973,
          "hz": 129.47220167065723
        },
        {
          "acoustic_entropy": 5.974776744842529,
          "acoustic_entropy_side": 6.023270130157471,
          "hz": 202.92927478742237
        },
        {
          "acoustic_entropy": 5.430173873901367,
          "acoustic_entropy_side": 5.9391913414001465,
          "hz": 282.89161906338205
        },
        {
          "acoustic_entropy": 5.698603630065918,
          "acoustic_entropy_side": 5.998818397521973,
          "hz": 369.9353335868758
        },
        {
          "acoustic_entropy": 5.726091384887695,
          "acoustic_entropy_side": 6.018509387969971,
          "hz": 464.6875360973435
        },
        {
          "acoustic_entropy": 5.725666046142578,
          "acoustic_entropy_side": 5.998218059539795,
          "hz": 567.8308811364784
        },
        {
          "acoustic_entropy": 5.8349127769470215,
          "acoustic_entropy_side": 5.94225549697876,
          "hz": 680.1084783214808
        },
        {
          "acoustic_entropy": 6.24631404876709,
          "acoustic_entropy_side": 6.123790740966797,
          "hz": 802.3292461747484
        },
        {
          "acoustic_entropy": 5.747251987457275,
          "acoustic_entropy_side": 6.08945369720459,
          "hz": 935.3737400823702
        },
        {
          "acoustic_entropy": 6.14607572555542,
          "acoustic_entropy_side": 6.050330638885498,
          "hz": 1080.2004963696966
        },
        {
          "acoustic_entropy": 5.476690292358398,
          "acoustic_entropy_side": 6.316924571990967,
          "hz": 1237.8529382007157
        },
        {
          "acoustic_entropy": 6.4211225509643555,
          "acoustic_entropy_side": 6.015742778778076,
          "hz": 1409.4668930556702
        },
        {
          "acoustic_entropy": 5.767621994018555,
          "acoustic_entropy_side": 6.007165431976318,
          "hz": 1596.2787759475705
        },
        {
          "acoustic_entropy": 5.298664569854736,
          "acoustic_entropy_side": 6.033080101013184,
          "hz": 1799.6344973346393
        },
        {
          "acoustic_entropy": 6.310737609863281,
          "acoustic_entropy_side": 6.023058891296387,
          "hz": 2020.9991599069049
        },
        {
          "acoustic_entropy": 5.90864896774292,
          "acoustic_entropy_side": 6.067423343658447,
          "hz": 2261.9676141086993
        },
        {
          "acoustic_entropy": 5.96835470199585,
          "acoustic_entropy_side": 6.037731647491455,
          "hz": 2524.2759484456974
        },
        {
          "acoustic_entropy": 5.876107215881348,
          "acoustic_entropy_side": 6.030307769775391,
          "hz": 2809.813997359896
        },
        {
          "acoustic_entropy": 6.141392230987549,
          "acoustic_entropy_side": 6.011226177215576,
          "hz": 3120.6389567871424
        },
        {
          "acoustic_entropy": 6.166367053985596,
          "acoustic_entropy_side": 6.043410301208496,
          "hz": 3458.990205492291
        },
        {
          "acoustic_entropy": 6.022249221801758,
          "acoustic_entropy_side": 6.038911819458008,
          "hz": 3827.305438964164
        },
        {
          "acoustic_entropy": 6.003497123718262,
          "acoustic_entropy_side": 6.037328243255615,
          "hz": 4228.238232109126
        },
        {
          "acoustic_entropy": 5.982869625091553,
          "acoustic_entropy_side": 6.0344743728637695,
          "hz": 4664.6771572759235
        },
        {
          "acoustic_entropy": 5.971684455871582,
          "acoustic_entropy_side": 6.030545711517334,
          "hz": 5139.766595350093
        },
        {
          "acoustic_entropy": 5.9881591796875,
          "acoustic_entropy_side": 6.031416416168213,
          "hz": 5656.929389854203
        },
        {
          "acoustic_entropy": 6.054138660430908,
          "acoustic_entropy_side": 6.035892009735107,
          "hz": 6219.891507268283
        },
        {
          "acoustic_entropy": 6.025730609893799,
          "acoustic_entropy_side": 6.035955905914307,
          "hz": 6832.70888123896
        },
        {
          "acoustic_entropy": 6.0413923263549805,
          "acoustic_entropy_side": 6.037505149841309,
          "hz": 7499.796634079867
        },
        {
          "acoustic_entropy": 6.0555806159973145,
          "acoustic_entropy_side": 6.042255401611328,
          "hz": 8225.96088609342
        },
        {
          "acoustic_entropy": 6.06486177444458,
          "acoustic_entropy_side": 6.0441975593566895,
          "hz": 9016.43338188839
        },
        {
          "acoustic_entropy": 6.12823486328125,
          "acoustic_entropy_side": 6.061740398406982,
          "hz": 9876.909183162974
        },
        {
          "acoustic_entropy": 6.077361106872559,
          "acoustic_entropy_side": 6.048148155212402,
          "hz": 10813.587699516042
        },
        {
          "acoustic_entropy": 6.072526454925537,
          "acoustic_entropy_side": 6.0567426681518555,
          "hz": 11833.21735289826
        },
        {
          "acoustic_entropy": 5.3181281089782715,
          "acoustic_entropy_side": 6.096909999847412,
          "hz": 12943.144197493959
        },
        {
          "acoustic_entropy": 6.070462226867676,
          "acoustic_entropy_side": 6.063445568084717,
          "hz": 14151.364845322005
        },
        {
          "acoustic_entropy": 6.041510581970215,
          "acoustic_entropy_side": 6.043312072753906,
          "hz": 15466.58407886509
        },
        {
          "acoustic_entropy": 6.043736457824707,
          "acoustic_entropy_side": 6.042442798614502,
          "hz": 16898.27756580493
        },
        {
          "acoustic_entropy": 6.05268669128418,
          "acoustic_entropy_side": 6.042381763458252,
          "hz": 18456.760127700032
        },
        {
          "acoustic_entropy": 6.034444332122803,
          "acoustic_entropy_side": 6.042411804199219,
          "hz": 20153.260054456492
        },
        {
          "acoustic_entropy": 5.999576091766357,
          "acoustic_entropy_side": 6.042417526245117,
          "hz": 22000.00000000001
        }
      ],
      "diff_acoustic_entropy": 7.172034740447998,
      "sn": 6
    },
    {
      "acoustic_entropy": 9.42302131652832,
      "acoustic_entropy_mono": 8.4691801071167,
      "band_eliminated_acoustic_entropies": [
        {
          "acoustic_entropy": 9.452736854553223,
          "acoustic_entropy_side": 9.425642013549805,
          "hz": 129.47220167065723
        },
        {
          "acoustic_entropy": 9.716259956359863,
          "acoustic_entropy_side": 9.56409740447998,
          "hz": 202.92927478742237
        },
        {
          "acoustic_entropy": 9.13170051574707,
          "acoustic_entropy_side": 9.52292537689209,
          "hz": 282.89161906338205
        },
        {
          "acoustic_entropy": 9.590145111083984,
          "acoustic_entropy_side": 9.558977127075195,
          "hz": 369.9353335868758
        },
        {
          "acoustic_entropy": 9.356310844421387,
          "acoustic_entropy_side": 9.40942096710205,
          "hz": 464.6875360973435
        },
        {
          "acoustic_entropy": 9.411707878112793,
          "acoustic_entropy_side": 9.489789962768555,
          "hz": 567.8308811364784
        },
        {
          "acoustic_entropy": 9.067975997924805,
          "acoustic_entropy_side": 9.331186294555664,
          "hz": 680.1084783214808
        },
        {
          "acoustic_entropy": 8.92713451385498,
          "acoustic_entropy_side": 9.233311653137207,
          "hz": 802.3292461747484
        },
        {
          "acoustic_entropy": 8.991415977478027,
          "acoustic_entropy_side": 9.181553840637207,
          "hz": 935.3737400823702
        },
        {
          "acoustic_entropy": 9.41790771484375,
          "acoustic_entropy_side": 8.762041091918945,
          "hz": 1080.2004963696966
        },
        {
          "acoustic_entropy": 9.004780769348145,
          "acoustic_entropy_side": 9.056198120117188,
          "hz": 1237.8529382007157
        },
        {
          "acoustic_entropy": 9.893561363220215,
          "acoustic_entropy_side": 9.29295825958252,
          "hz": 1409.4668930556702
        },
        {
          "acoustic_entropy": 9.039667129516602,
          "acoustic_entropy_side": 9.430386543273926,
          "hz": 1596.2787759475705
        },
        {
          "acoustic_entropy": 8.291879653930664,
          "acoustic_entropy_side": 9.370922088623047,
          "hz": 1799.6344973346393
        },
        {
          "acoustic_entropy": 9.721295356750488,
          "acoustic_entropy_side": 9.44150161743164,
          "hz": 2020.9991599069049
        },
        {
          "acoustic_entropy": 9.336512565612793,
          "acoustic_entropy_side": 9.41151237487793,
          "hz": 2261.9676141086993
        },
        {
          "acoustic_entropy": 9.41407585144043,
          "acoustic_entropy_side": 9.447031021118164,
          "hz": 2524.2759484456974
        },
        {
          "acoustic_entropy": 9.277276039123535,
          "acoustic_entropy_side": 9.38703727722168,
          "hz": 2809.813997359896
        },
        {
          "acoustic_entropy": 9.07646656036377,
          "acoustic_entropy_side": 9.358363151550293,
          "hz": 3120.6389567871424
        },
        {
          "acoustic_entropy": 9.281461715698242,
          "acoustic_entropy_side": 9.411633491516113,
          "hz": 3458.990205492291
        },
        {
          "acoustic_entropy": 9.475870132446289,
          "acoustic_entropy_side": 9.447737693786621,
          "hz": 3827.305438964164
        },
        {
          "acoustic_entropy": 9.445076942443848,
          "acoustic_entropy_side": 9.458250999450684,
          "hz": 4228.238232109126
        },
        {
          "acoustic_entropy": 9.38973617553711,
          "acoustic_entropy_side": 9.445311546325684,
          "hz": 4664.6771572759235
        },
        {
          "acoustic_entropy": 9.46403694152832,
          "acoustic_entropy_side": 9.459096908569336,
          "hz": 5139.766595350093
        },
        {
          "acoustic_entropy": 9.407244682312012,
          "acoustic_entropy_side": 9.45364761352539,
          "hz": 5656.929389854203
        },
        {
          "acoustic_entropy": 9.443243026733398,
          "acoustic_entropy_side": 9.450160026550293,
          "hz": 6219.891507268283
        },
        {
          "acoustic_entropy": 9.463313102722168,
          "acoustic_entropy_side": 9.453816413879395,
          "hz": 6832.70888123896
        },
        {
          "acoustic_entropy": 9.481245040893555,
          "acoustic_entropy_side": 9.4545316696167,
          "hz": 7499.796634079867
        },
        {
          "acoustic_entropy": 9.427398681640625,
          "acoustic_entropy_side": 9.430195808410645,
          "hz": 8225.96088609342
        },
        {
          "acoustic_entropy": 9.466808319091797,
          "acoustic_entropy_side": 9.43033504486084,
          "hz": 9016.43338188839
        },
        {
          "acoustic_entropy": 9.407560348510742,
          "acoustic_entropy_side": 9.389187812805176,
          "hz": 9876.909183162974
        },
        {
          "acoustic_entropy": 9.466527938842773,
          "acoustic_entropy_side": 9.412801742553711,
          "hz": 10813.587699516042
        },
        {
          "acoustic_entropy": 9.367659568786621,
          "acoustic_entropy_side": 9.356986999511719,
          "hz": 11833.21735289826
        },
        {
          "acoustic_entropy": 8.630802154541016,
          "acoustic_entropy_side": 9.042795181274414,
          "hz": 12943.144197493959
        },
        {
          "acoustic_entropy": 9.347532272338867,
          "acoustic_entropy_side": 9.307332038879395,
          "hz": 14151.364845322005
        },
        {
          "acoustic_entropy": 9.473661422729492,
          "acoustic_entropy_side": 9.417844772338867,
          "hz": 15466.58407886509
        },
        {
          "acoustic_entropy": 9.352482795715332,
          "acoustic_entropy_side": 9.42268180847168,
          "hz": 16898.27756580493
        },
        {
          "acoustic_entropy": 9.362967491149902,
          "acoustic_entropy_side": 9.42367172241211,
          "hz": 18456.760127700032
        },
        {
          "acoustic_entropy": 9.282784461975098,
          "acoustic_entropy_side": 9.422991752624512,
          "hz": 20153.260054456492
        },
        {
          "acoustic_entropy": 9.072076797485352,
          "acoustic_entropy_side": 9.422914505004883,
          "hz": 22000.00000000001
        }
      ],
      "diff_acoustic_entropy": 10.5841064453125,
      "sn": 12
    },
    {
      "acoustic_entropy": 12.454514503479004,
      "acoustic_entropy_mono": 10.945576667785645,
      "band_eliminated_acoustic_entropies": [
        {
          "acoustic_entropy": 12.397478103637695,
          "acoustic_entropy_side": 12.452875137329102,
          "hz": 129.47220167065723
        },
        {
          "acoustic_entropy": 12.816093444824219,
          "acoustic_entropy_side": 12.83405590057373,
          "hz": 202.92927478742237
        },
        {
          "acoustic_entropy": 12.1929349899292,
          "acoustic_entropy_side": 12.297490119934082,
          "hz": 282.89161906338205
        },
        {
          "acoustic_entropy": 12.65766429901123,
          "acoustic_entropy_side": 12.545090675354004,
          "hz": 369.9353335868758
        },
        {
          "acoustic_entropy": 12.539872169494629,
          "acoustic_entropy_side": 12.465710639953613,
          "hz": 464.6875360973435
        },
        {
          "acoustic_entropy": 12.3212251663208,
          "acoustic_entropy_side": 12.366408348083496,
          "hz": 567.8308811364784
        },
        {
          "acoustic_entropy": 12.498291015625,
          "acoustic_entropy_side": 12.370906829833984,
          "hz": 680.1084783214808
        },
        {
          "acoustic_entropy": 11.752899169921875,
          "acoustic_entropy_side": 12.295158386230469,
          "hz": 802.3292461747484
        },
        {
          "acoustic_entropy": 12.376750946044922,
          "acoustic_entropy_side": 12.888362884521484,
          "hz": 935.3737400823702
        },
        {
          "acoustic_entropy": 12.418874740600586,
          "acoustic_entropy_side": 12.57031536102295,
          "hz": 1080.2004963696966
        },
        {
          "acoustic_entropy": 11.961143493652344,
          "acoustic_entropy_side": 12.158373832702637,
          "hz": 1237.8529382007157
        },
        {
          "acoustic_entropy": 12.222222328186035,
          "acoustic_entropy_side": 12.752885818481445,
          "hz": 1409.4668930556702
        },
        {
          "acoustic_entropy": 12.254024505615234,
          "acoustic_entropy_side": 12.265704154968262,
          "hz": 1596.2787759475705
        },
        {
          "acoustic_entropy": 11.725895881652832,
          "acoustic_entropy_side": 12.419373512268066,
          "hz": 1799.6344973346393
        },
        {
          "acoustic_entropy": 11.488309860229492,
          "acoustic_entropy_side": 12.548077583312988,
          "hz": 2020.9991599069049
        },
        {
          "acoustic_entropy": 12.63827133178711,
          "acoustic_entropy_side": 12.488618850708008,
          "hz": 2261.9676141086993
        },
        {
          "acoustic_entropy": 12.395976066589355,
          "acoustic_entropy_side": 12.561532020568848,
          "hz": 2524.2759484456974
        },
        {
          "acoustic_entropy": 12.505850791931152,
          "acoustic_entropy_side": 12.462567329406738,
          "hz": 2809.813997359896
        },
        {
          "acoustic_entropy": 12.383260726928711,
