{
  "acoustic_entropy": 102.70486450195312,
  "bands": [
    {
      "high_freq": 148.1999969482422,
      "loudness": -38.04363250732422,
      "loudness_range": 25.575450897216797,
      "mid_mean": -35.153656005859375,
      "mid_to_side_loudness": -22.905424118041992,
      "mid_to_side_loudness_range": 32.471683502197266,
      "side_mean": -60.875160217285156
    },
    {
      "high_freq": 392.3793640136719,
      "loudness": -25.133861541748047,
      "loudness_range": 7.316595077514648,
      "low_freq": 148.1999969482422,
      "mid_mean": -22.612632751464844,
      "mid_to_side_loudness": -6.935461521148682,
      "mid_to_side_loudness_range": 14.393092155456543,
      "side_mean": -28.246761322021484
    },
    {
      "high_freq": 794.6976318359375,
      "loudness": -25.33506202697754,
      "loudness_range": 9.927425384521484,
      "low_freq": 392.3793640136719,
      "mid_mean": -23.814363479614258,
      "mid_to_side_loudness": -4.02448034286499,
      "mid_to_side_loudness_range": 9.399425506591797,
      "side_mean": -25.73635482788086
    },
    {
      "high_freq": 1457.5709228515625,
      "loudness": -35.27676773071289,
      "loudness_range": 11.375679016113281,
      "low_freq": 794.6976318359375,
      "mid_mean": -33.42868423461914,
      "mid_to_side_loudness": -6.190666198730469,
      "mid_to_side_loudness_range": 11.299823760986328,
      "side_mean": -38.30672836303711
    },
    {
      "high_freq": 2549.74365234375,
      "loudness": -46.922630310058594,
      "loudness_range": 21.96438980102539,
      "low_freq": 1457.5709228515625,
      "mid_mean": -45.83152389526367,
      "mid_to_side_loudness": -6.7616753578186035,
      "mid_to_side_loudness_range": 20.836103439331055,
      "side_mean": -53.82569885253906
    },
    {
      "high_freq": 4349.24462890625,
      "loudness": -61.954837799072266,
      "loudness_range": 22.928180694580078,
      "low_freq": 2549.74365234375,
      "mid_mean": -60.81487274169922,
      "mid_to_side_loudness": -5.381169319152832,
      "mid_to_side_loudness_range": 16.518651962280273,
      "side_mean": -63.085960388183594
    },
    {
      "high_freq": 7314.1640625,
      "loudness": -71.86248779296875,
      "loudness_range": 28.889720916748047,
      "low_freq": 4349.24462890625,
      "mid_mean": -66.9705810546875,
      "mid_to_side_loudness": -5.264909267425537,
      "mid_to_side_loudness_range": 15.186100006103516,
      "side_mean": -67.9745101928711
    },
    {
      "high_freq": 12199.2666015625,
      "loudness": -53.970890045166016,
      "loudness_range": 28.46512222290039,
      "low_freq": 7314.1640625,
      "mid_mean": -68.71723175048828,
      "mid_to_side_loudness": -5.784131050109863,
      "mid_to_side_loudness_range": 8.752880096435547,
      "side_mean": -68.85385131835938
    },
    {
      "loudness": -53.90313720703125,
      "loudness_range": 25.26995849609375,
      "low_freq": 12199.2666015625,
      "mid_mean": -68.9676284790039,
      "mid_to_side_loudness": -7.701029300689697,
      "mid_to_side_loudness_range": 5.498309135437012,
      "side_mean": -69.31649780273438
    }
  ],
  "bands_short": [
    {
      "high_freq": 148.1999969482422,
      "loudness": -48.731483459472656,
      "loudness_range": 20.89779281616211,
      "mid_mean": -45.700958251953125,
      "mid_to_side_loudness": -16.735492706298828,
      "mid_to_side_loudness_range": 29.645498275756836,
      "side_mean": -63.31521987915039
    },
    {
      "high_freq": 392.3793640136719,
      "loudness": -25.51973533630371,
      "loudness_range": 7.783531188964844,
      "low_freq": 148.1999969482422,
      "mid_mean": -22.86548614501953,
      "mid_to_side_loudness": -8.246552467346191,
      "mid_to_side_loudness_range": 15.513455390930176,
      "side_mean": -30.181259155273438
    },
    {
      "high_freq": 794.6976318359375,
      "loudness": -25.079727172851562,
      "loudness_range": 12.467123031616211,
      "low_freq": 392.3793640136719,
      "mid_mean": -23.3621883392334,
      "mid_to_side_loudness": -4.055699825286865,
      "mid_to_side_loudness_range": 12.287343978881836,
      "side_mean": -25.39198875427246
    },
    {
      "high_freq": 1457.5709228515625,
      "loudness": -35.506370544433594,
      "loudness_range": 14.462423324584961,
      "low_freq": 794.6976318359375,
      "mid_mean": -33.90937042236328,
      "mid_to_side_loudness": -5.870129108428955,
      "mid_to_side_loudness_range": 13.003281593322754,
      "side_mean": -38.35106658935547
    },
    {
      "high_freq": 2549.74365234375,
      "loudness": -48.164756774902344,
      "loudness_range": 25.6470947265625,
      "low_freq": 1457.5709228515625,
      "mid_mean": -47.566017150878906,
      "mid_to_side_loudness": -7.436045169830322,
      "mid_to_side_loudness_range": 24.675159454345703,
      "side_mean": -55.452457427978516
    },
    {
      "high_freq": 4349.24462890625,
      "loudness": -63.8184928894043,
      "loudness_range": 24.667503356933594,
      "low_freq": 2549.74365234375,
      "mid_mean": -62.22450256347656,
      "mid_to_side_loudness": -5.147657871246338,
      "mid_to_side_loudness_range": 16.560565948486328,
      "side_mean": -64.07733154296875
    },
    {
      "high_freq": 7314.1640625,
      "loudness": -70.08465576171875,
      "loudness_range": 29.62883758544922,
      "low_freq": 4349.24462890625,
      "mid_mean": -67.77855682373047,
      "mid_to_side_loudness": -4.712681770324707,
      "mid_to_side_loudness_range": 13.578872680664062,
      "side_mean": -68.14549255371094
    },
    {
      "high_freq": 12199.2666015625,
      "loudness": -57.59455871582031,
      "loudness_range": 34.34260177612305,
      "low_freq": 7314.1640625,
      "mid_mean": -68.8640365600586,
      "mid_to_side_loudness": -5.820860862731934,
      "mid_to_side_loudness_range": 7.997970104217529,
      "side_mean": -68.99748992919922
    },
    {
      "loudness": -55.36729049682617,
      "loudness_range": 30.862186431884766,
      "low_freq": 12199.2666015625,
      "mid_mean": -69.09612274169922,
      "mid_to_side_loudness": -7.752076625823975,
      "mid_to_side_loudness_range": 5.772922039031982,
      "side_mean": -69.44976043701172
    }
  ],
  "bandwidth": 507.5882568359375,
  "channels": 2,
  "covariance": [
    [
      97.40044403076172,
      -5.509554386138916,
      4.117840766906738,
      -18.018142700195312,
      3.2966036796569824,
      -8.453227996826172,
      10.355982780456543,
      8.55357837677002,
      37.343441009521484,
      22.14839744567871,
      19.19019317626953,
      17.6701602935791,
      14.60716724395752,
      10.618903160095215,
      7.688090801239014,
      8.559163093566895,
      5.662322044372559,
      5.255120754241943
    ],
    [
      -5.509554386138916,
      33.157657623291016,
      12.379616737365723,
      17.27237892150879,
      17.95194435119629,
      7.169511795043945,
      11.729507446289062,
      10.796615600585938,
      1.1128771305084229,
      30.788820266723633,
      21.68709945678711,
      17.024240493774414,
      6.432788372039795,
      2.6637051105499268,
      2.9387927055358887,
      2.6613669395446777,
      2.8714663982391357,
      2.3503453731536865
    ],
    [
      4.117840766906738,
      12.379616737365723,
      13.73359489440918,
      8.412384986877441,
      9.06021785736084,
      0.4956245720386505,
      4.524181842803955,
      1.5484778881072998,
      3.1209216117858887,
      15.335947036743164,
      9.981782913208008,
      7.567587375640869,
      3.751126766204834,
      2.1720938682556152,
      1.3625741004943848,
      1.1327487230300903,
      1.258536696434021,
      1.0381145477294922
    ],
    [
      -18.018142700195312,
      17.27237892150879,
      8.412384986877441,
      57.429203033447266,
      3.0252349376678467,
      9.64202880859375,
      -4.770498275756836,
      7.200958251953125,
      -15.98457145690918,
      -0.8430079817771912,
      -6.490859031677246,
      -11.399479866027832,
      -4.617007732391357,
      -8.521568298339844,
      -1.670356273651123,
      -2.4140219688415527,
      0.7128581404685974,
      0.823173463344574
    ],
    [
      3.2966036796569824,
      17.95194435119629,
      9.06021785736084,
      3.0252349376678467,
      33.335304260253906,
      9.666423797607422,
      22.183181762695312,
      10.28613567352295,
      23.350221633911133,
      36.63436508178711,
      24.278467178344727,
      20.05457305908203,
      8.5967435836792,
      4.728927135467529,
      3.3293232917785645,
      3.3921947479248047,
      2.8962666988372803,
      2.3933396339416504
    ],
    [
      -8.453227996826172,
      7.169511795043945,
      0.4956245720386505,
      9.64202880859375,
      9.666423797607422,
      28.27614974975586,
      7.536325454711914,
      16.689821243286133,
      -9.043045997619629,
      3.761286735534668,
      5.473187446594238,
      2.966989040374756,
      1.2410259246826172,
      -2.9198806285858154,
      -0.7070226073265076,
      -0.9410293698310852,
      -0.2563912570476532,
      -0.3498663604259491
    ],
    [
      10.355982780456543,
      11.729507446289062,
      4.524181842803955,
      -4.770498275756836,
      22.183181762695312,
      7.536325454711914,
      32.30313491821289,
      15.136677742004395,
      32.1494026184082,
      36.76006317138672,
      28.329042434692383,
      24.75650978088379,
      11.76760196685791,
      7.389110088348389,
      4.981999397277832,
      5.461081504821777,
      3.927863359451294,
      3.440037488937378
    ],
    [
      8.55357837677002,
      10.796615600585938,
      1.5484778881072998,
      7.200958251953125,
      10.28613567352295,
      16.689821243286133,
      15.136677742004395,
      36.73324203491211,
      7.329243183135986,
      20.43330192565918,
      14.638397216796875,
      15.036652565002441,
      4.64754581451416,
      0.11675512045621872,
      2.7632651329040527,
      2.9732725620269775,
      2.968616008758545,
      2.81191086769104
    ],
    [
      37.343441009521484,
      1.1128771305084229,
      3.1209216117858887,
      -15.98457145690918,
      23.350221633911133,
      -9.043045997619629,
      32.1494026184082,
      7.329243183135986,
      89.36209106445312,
      65.16390228271484,
      45.354698181152344,
      36.953556060791016,
      20.14027976989746,
      12.69733715057373,
      7.2193684577941895,
      7.516555309295654,
      4.701140880584717,
      4.157320976257324
    ],
    [
      22.14839744567871,
      30.788820266723633,
      15.335947036743164,
      -0.8430079817771912,
      36.63436508178711,
      3.761286735534668,
      36.76006317138672,
      20.43330192565918,
      65.16390228271484,
      116.13307189941406,
      52.93956756591797,
      46.421051025390625,
      15.114566802978516,
      8.053394317626953,
      6.761300563812256,
      6.769558906555176,
      6.150171279907227,
      5.0590996742248535
    ],
    [
      19.19019317626953,
      21.68709945678711,
      9.981782913208008,
      -6.490859031677246,
      24.278467178344727,
      5.473187446594238,
      28.329042434692383,
      14.638397216796875,
      45.354698181152344,
      52.93956756591797,
      53.7588005065918,
      40.60865020751953,
      26.581995010375977,
      15.894338607788086,
      10.521407127380371,
      11.189689636230469,
      7.305655479431152,
      6.173736095428467
    ],
    [
      17.6701602935791,
      17.024240493774414,
      7.567587375640869,
      -11.399479866027832,
      20.05457305908203,
      2.966989040374756,
      24.75650978088379,
      15.036652565002441,
      36.953556060791016,
      46.421051025390625,
      40.60865020751953,
      40.13964080810547,
      20.026535034179688,
      17.662342071533203,
      11.035061836242676,
      12.448086738586426,
      7.9823222160339355,
      7.032644271850586
    ],
    [
      14.60716724395752,
      6.432788372039795,
      3.751126766204834,
      -4.617007732391357,
      8.5967435836792,
      1.2410259246826172,
      11.76760196685791,
      4.64754581451416,
      20.14027976989746,
      15.114566802978516,
      26.581995010375977,
      20.026535034179688,
      22.52499771118164,
      18.277259826660156,
      14.612861633300781,
      16.127851486206055,
      10.917855262756348,
      10.198385238647461
    ],
    [
      10.618903160095215,
      2.6637051105499268,
      2.1720938682556152,
      -8.521568298339844,
      4.728927135467529,
      -2.9198806285858154,
      7.389110088348389,
      0.11675512045621872,
      12.69733715057373,
      8.053394317626953,
      15.894338607788086,
      17.662342071533203,
      18.277259826660156,
      22.94952392578125,
      17.82569122314453,
      20.49129295349121,
      13.602420806884766,
      12.841320037841797
    ],
    [
      7.688090801239014,
      2.9387927055358887,
      1.3625741004943848,
      -1.670356273651123,
      3.3293232917785645,
      -0.7070226073265076,
      4.981999397277832,
      2.7632651329040527,
      7.2193684577941895,
      6.761300563812256,
      10.521407127380371,
      11.035061836242676,
      14.612861633300781,
      17.82569122314453,
      18.119590759277344,
      20.427534103393555,
      15.209166526794434,
      14.686789512634277
    ],
    [
      8.559163093566895,
      2.6613669395446777,
      1.1327487230300903,
      -2.4140219688415527,
      3.3921947479248047,
      -0.9410293698310852,
      5.461081504821777,
      2.9732725620269775,
      7.516555309295654,
      6.769558906555176,
      11.189689636230469,
      12.448086738586426,
      16.127851486206055,
      20.49129295349121,
      20.427534103393555,
      23.481082916259766,
      17.123876571655273,
      16.361873626708984
    ],
    [
      5.662322044372559,
      2.8714663982391357,
      1.258536696434021,
      0.7128581404685974,
      2.8962666988372803,
      -0.2563912570476532,
      3.927863359451294,
      2.968616008758545,
      4.701140880584717,
      6.150171279907227,
      7.305655479431152,
      7.9823222160339355,
      10.917855262756348,
      13.602420806884766,
      15.209166526794434,
      17.123876571655273,
      13.813819885253906,
      13.395928382873535
    ],
    [
      5.255120754241943,
      2.3503453731536865,
      1.0381145477294922,
      0.823173463344574,
      2.3933396339416504,
      -0.3498663604259491,
      3.440037488937378,
      2.81191086769104,
      4.157320976257324,
      5.0590996742248535,
      6.173736095428467,
      7.032644271850586,
      10.198385238647461,
      12.841320037841797,
      14.686789512634277,
      16.361873626708984,
      13.395928382873535,
      13.110719680786133
    ]
  ],
  "covariance_short": [
    [
      71.59579467773438,
      -3.9911818504333496,
      5.166750907897949,
      -17.055456161499023,
      2.833364963531494,
      -8.82264232635498,
      2.1562998294830322,
      0.6990206837654114,
      23.47575569152832,
      14.73387622833252,
      9.126173973083496,
      10.98928165435791,
      8.982227325439453,
      9.751870155334473,
      7.346647262573242,
      8.427659034729004,
      5.222962856292725,
      4.802664279937744
    ],
    [
      -3.9911818504333496,
      25.205541610717773,
      8.284029960632324,
      13.931601524353027,
      13.574055671691895,
      5.804247856140137,
      10.928911209106445,
      9.225582122802734,
      4.6556525230407715,
      22.350950241088867,
      14.715150833129883,
      12.323416709899902,
      3.9198949337005615,
      2.1252200603485107,
      2.215147018432617,
      1.9332419633865356,
      2.008193016052246,
      1.6513806581497192
    ],
    [
      5.166750907897949,
      8.284029960632324,
      14.948644638061523,
      6.6960835456848145,
      9.950926780700684,
      -1.196943759918213,
      4.03732967376709,
      -0.4003464877605438,
      8.681632041931152,
      14.32987117767334,
      8.501972198486328,
      6.475437641143799,
      3.009174346923828,
      2.3673391342163086,
      1.496480941772461,
      1.337361216545105,
      1.2875418663024902,
      1.0231354236602783
    ],
    [
      -17.055456161499023,
      13.931601524353027,
      6.6960835456848145,
      61.37739944458008,
      1.327310562133789,
      3.2096333503723145,
      -5.695130825042725,
      0.3015536665916443,
      -13.580550193786621,
      -3.556736707687378,
      -7.2744622230529785,
      -11.499587059020996,
      -4.303289890289307,
      -6.981189250946045,
      -1.4720677137374878,
      -2.2825846672058105,
      0.5965079069137573,
      0.7211195230484009
    ],
    [
      2.833364963531494,
      13.574055671691895,
      9.950926780700684,
      1.327310562133789,
      29.90155601501465,
      10.746767044067383,
      20.311742782592773,
      14.163508415222168,
      22.912860870361328,
      32.419715881347656,
      18.927467346191406,
      17.736055374145508,
      5.434398174285889,
      4.201940536499023,
      2.7737691402435303,
      2.7840631008148193,
      2.3943958282470703,
      1.9476081132888794
    ],
    [
      -8.82264232635498,
      5.804247856140137,
      -1.196943759918213,
      3.2096333503723145,
      10.746767044067383,
      33.50982666015625,
      10.48430061340332,
      23.190778732299805,
      -7.062216281890869,
      7.665750026702881,
      4.041092872619629,
      4.253861904144287,
      -0.6796392798423767,
      -2.8994743824005127,
      -0.550491452217102,
      -0.7200857996940613,
      -0.09620984643697739,
      -0.15363608300685883
    ],
    [
      2.1562998294830322,
      10.928911209106445,
      4.03732967376709,
      -5.695130825042725,
      20.311742782592773,
      10.48430061340332,
      41.26852035522461,
      20.980911254882812,
      37.565189361572266,
      41.10619354248047,
      28.78298568725586,
      26.906082153320312,
      9.994081497192383,
      7.315528392791748,
      4.606244087219238,
      4.8121185302734375,
      3.351379871368408,
      2.9008097648620605
    ],
    [
      0.6990206837654114,
      9.225582122802734,
      -0.4003464877605438,
      0.3015536665916443,
      14.163508415222168,
      23.190778732299805,
      20.980911254882812,
      46.01844024658203,
      10.163496971130371,
      27.215057373046875,
      16.020069122314453,
      17.74104881286621,
      3.105125665664673,
      -0.26982998847961426,
      2.215595245361328,
      2.2041943073272705,
      2.3481996059417725,
      2.236363172531128
    ],
    [
      23.47575569152832,
      4.6556525230407715,
      8.681632041931152,
      -13.580550193786621,
      22.912860870361328,
      -7.062216281890869,
      37.565189361572266,
      10.163496971130371,
      105.77531433105469,
      73.60020446777344,
      45.60762405395508,
      39.313873291015625,
      17.92534828186035,
      13.95866584777832,
      7.285760402679443,
      7.414125919342041,
      4.626820087432861,
      3.90557861328125
    ],
    [
      14.73387622833252,
      22.350950241088867,
      14.32987117767334,
      -3.556736707687378,
      32.419715881347656,
      7.665750026702881,
      41.10619354248047,
      27.215057373046875,
      73.60020446777344,
      115.73725891113281,
      48.4081916809082,
      45.36255645751953,
      12.05180835723877,
      8.015003204345703,
      6.019452095031738,
      5.855190753936768,
      5.082859516143799,
      4.158705234527588
    ],
    [
      9.126173973083496,
      14.715150833129883,
      8.501972198486328,
      -7.2744622230529785,
      18.927467346191406,
      4.041092872619629,
      28.78298568725586,
      16.020069122314453,
      45.60762405395508,
      48.4081916809082,
      46.79267883300781,
      39.221195220947266,
      22.21842384338379,
      17.248210906982422,
      10.736573219299316,
      11.268187522888184,
      6.937345504760742,
      5.927449703216553
    ],
    [
      10.98928165435791,
      12.323416709899902,
      6.475437641143799,
      -11.499587059020996,
      17.736055374145508,
      4.253861904144287,
      26.906082153320312,
      17.74104881286621,
      39.313873291015625,
      45.36255645751953,
      39.221195220947266,
      42.216705322265625,
      18.8996639251709,
      18.872356414794922,
      10.82178020477295,
      12.115026473999023,
      7.208567142486572,
      6.345738887786865
    ],
    [
      8.982227325439453,
      3.9198949337005615,
      3.009174346923828,
      -4.303289890289307,
      5.434398174285889,
      -0.6796392798423767,
      9.994081497192383,
      3.105125665664673,
      17.92534828186035,
      12.05180835723877,
      22.21842384338379,
      18.8996639251709,
      20.249059677124023,
      18.538782119750977,
      13.821747779846191,
      15.219588279724121,
      9.614548683166504,
      8.867255210876465
    ],
    [
      9.751870155334473,
      2.1252200603485107,
      2.3673391342163086,
      -6.981189250946045,
      4.201940536499023,
      -2.8994743824005127,
      7.315528392791748,
      -0.26982998847961426,
      13.95866584777832,
      8.015003204345703,
      17.248210906982422,
      18.872356414794922,
      18.538782119750977,
      22.417879104614258,
      16.033252716064453,
      18.54286003112793,
      11.53555965423584,
      10.71663761138916
    ],
    [
      7.346647262573242,
      2.215147018432617,
      1.496480941772461,
      -1.4720677137374878,
      2.7737691402435303,
      -0.550491452217102,
      4.606244087219238,
      2.215595245361328,
      7.285760402679443,
      6.019452095031738,
      10.736573219299316,
      10.82178020477295,
      13.821747779846191,
      16.033252716064453,
      15.48920726776123,
      17.526752471923828,
      12.362899780273438,
      11.75489330291748
    ],
    [
      8.427659034729004,
      1.9332419633865356,
      1.337361216545105,
      -2.2825846672058105,
      2.7840631008148193,
      -0.7200857996940613,
      4.8121185302734375,
      2.2041943073272705,
      7.414125919342041,
      5.855190753936768,
      11.268187522888184,
      12.115026473999023,
      15.219588279724121,
      18.54286003112793,
      17.526752471923828,
      20.301910400390625,
      13.981525421142578,
      13.178010940551758
    ],
    [
      5.222962856292725,
      2.008193016052246,
      1.2875418663024902,
      0.5965079069137573,
      2.3943958282470703,
      -0.09620984643697739,
      3.351379871368408,
      2.3481996059417725,
      4.626820087432861,
      5.082859516143799,
      6.937345504760742,
      7.208567142486572,
      9.614548683166504,
      11.53555965423584,
      12.362899780273438,
      13.981525421142578,
      10.872638702392578,
      10.43060302734375
    ],
    [
      4.802664279937744,
      1.6513806581497192,
      1.0231354236602783,
      0.7211195230484009,
      1.9476081132888794,
      -0.15363608300685883,
      2.9008097648620605,
      2.236363172531128,
      3.90557861328125,
      4.158705234527588,
      5.927449703216553,
      6.345738887786865,
      8.867255210876465,
      10.71663761138916,
      11.75489330291748,
      13.178010940551758,
      10.43060302734375,
      10.116598129272461
    ]
  ],
  "damage": -9.582207679748535,
  "diff_bandwidth": 520.7786865234375,
  "dissonance": 4.931656710132051,
  "drr": -1.3650951385498047,
  "dynamics": 2.675549030303955,
  "format": 1245190,
  "frames": 2635712,
  "loudness": -17.812320709228516,
  "loudness_range": 6.797724723815918,
  "loudness_range_short": 7.620575904846191,
  "lowpass_true_peak_15khz": -3.4852497577667236,
  "mastering3_acoustic_entropies": [
    {
      "acoustic_entropy": 5.759216785430908,
      "acoustic_entropy_mono": 4.281426429748535,
      "band_eliminated_acoustic_entropies": [
        {
          "acoustic_entropy": 5.759644031524658,
          "acoustic_entropy_side": 5.759217739105225,
          "hz": 129.47220167065723
        },
        {
          "acoustic_entropy": 5.801594257354736,
          "acoustic_entropy_side": 5.7592620849609375,
          "hz": 202.92927478742237
        },
        {
          "acoustic_entropy": 5.737770080566406,
          "acoustic_entropy_side": 5.74251651763916,
          "hz": 282.89161906338205
        },
        {
          "acoustic_entropy": 5.403341770172119,
          "acoustic_entropy_side": 5.8469085693359375,
          "hz": 369.9353335868758
        },
        {
          "acoustic_entropy": 5.37215518951416,
          "acoustic_entropy_side": 6.637744426727295,
          "hz": 464.6875360973435
        },
        {
          "acoustic_entropy": 5.793555736541748,
          "acoustic_entropy_side": 6.023144721984863,
          "hz": 567.8308811364784
        },
        {
          "acoustic_entropy": 5.525800704956055,
          "acoustic_entropy_side": 5.800365447998047,
          "hz": 680.1084783214808
        },
        {
          "acoustic_entropy": 6.1554951667785645,
          "acoustic_entropy_side": 5.98582124710083,
          "hz": 802.3292461747484
        },
        {
          "acoustic_entropy": 5.8806047439575195,
          "acoustic_entropy_side": 5.984653949737549,
          "hz": 935.3737400823702
        },
        {
          "acoustic_entropy": 5.8359575271606445,
          "acoustic_entropy_side": 5.769191741943359,
          "hz": 1080.2004963696966
        },
        {
          "acoustic_entropy": 5.713372230529785,
          "acoustic_entropy_side": 5.805397987365723,
          "hz": 1237.8529382007157
        },
        {
          "acoustic_entropy": 5.760197639465332,
          "acoustic_entropy_side": 5.766493320465088,
          "hz": 1409.4668930556702
        },
        {
          "acoustic_entropy": 5.811065673828125,
          "acoustic_entropy_side": 5.717743873596191,
          "hz": 1596.2787759475705
        },
        {
          "acoustic_entropy": 5.747757434844971,
          "acoustic_entropy_side": 5.725801467895508,
          "hz": 1799.6344973346393
        },
        {
          "acoustic_entropy": 5.812653541564941,
          "acoustic_entropy_side": 5.652823448181152,
          "hz": 2020.9991599069049
        },
        {
          "acoustic_entropy": 5.596463680267334,
          "acoustic_entropy_side": 5.626899719238281,
          "hz": 2261.9676141086993
        },
        {
          "acoustic_entropy": 5.758908271789551,
          "acoustic_entropy_side": 5.757149696350098,
          "hz": 2524.2759484456974
        },
        {
          "acoustic_entropy": 5.759349346160889,
          "acoustic_entropy_side": 5.759087085723877,
          "hz": 2809.813997359896
        },
        {
          "acoustic_entropy": 5.759127140045166,
          "acoustic_entropy_side": 5.7592010498046875,
          "hz": 3120.6389567871424
        },
        {
          "acoustic_entropy": 5.759100914001465,
          "acoustic_entropy_side": 5.759211540222168,
          "hz": 3458.990205492291
        },
        {
          "acoustic_entropy": 5.759228706359863,
          "acoustic_entropy_side": 5.759223937988281,
          "hz": 3827.305438964164
        },
        {
          "acoustic_entropy": 5.759231090545654,
          "acoustic_entropy_side": 5.7592291831970215,
          "hz": 4228.238232109126
        },
        {
          "acoustic_entropy": 5.759218692779541,
          "acoustic_entropy_side": 5.759219169616699,
          "hz": 4664.6771572759235
        },
        {
          "acoustic_entropy": 5.759228229522705,
          "acoustic_entropy_side": 5.759231090545654,
          "hz": 5139.766595350093
        },
        {
          "acoustic_entropy": 5.759258270263672,
          "acoustic_entropy_side": 5.759256362915039,
          "hz": 5656.929389854203
        },
        {
          "acoustic_entropy": 5.759221076965332,
          "acoustic_entropy_side": 5.759220123291016,
          "hz": 6219.891507268283
        },
        {
          "acoustic_entropy": 5.759194374084473,
          "acoustic_entropy_side": 5.7592010498046875,
          "hz": 6832.70888123896
        },
        {
          "acoustic_entropy": 5.759162902832031,
          "acoustic_entropy_side": 5.75917911529541,
          "hz": 7499.796634079867
        },
        {
          "acoustic_entropy": 5.75917911529541,
          "acoustic_entropy_side": 5.7592058181762695,
          "hz": 8225.96088609342
        },
        {
          "acoustic_entropy": 5.759203910827637,
          "acoustic_entropy_side": 5.759212970733643,
          "hz": 9016.43338188839
        },
        {
          "acoustic_entropy": 5.7592267990112305,
          "acoustic_entropy_side": 5.759210586547852,
          "hz": 9876.909183162974
        },
        {
          "acoustic_entropy": 5.759699821472168,
          "acoustic_entropy_side": 5.759644985198975,
          "hz": 10813.587699516042
        },
        {
          "acoustic_entropy": 5.759957790374756,
          "acoustic_entropy_side": 5.75996208190918,
          "hz": 11833.21735289826
        },
        {
          "acoustic_entropy": 5.759570121765137,
          "acoustic_entropy_side": 5.7595438957214355,
          "hz": 12943.144197493959
        },
        {
          "acoustic_entropy": 5.759768009185791,
          "acoustic_entropy_side": 5.759486198425293,
          "hz": 14151.364845322005
        },
        {
          "acoustic_entropy": 5.759321689605713,
          "acoustic_entropy_side": 5.7592082023620605,
          "hz": 15466.58407886509
        },
        {
          "acoustic_entropy": 5.759176731109619,
          "acoustic_entropy_side": 5.759194374084473,
          "hz": 16898.27756580493
        },
        {
          "acoustic_entropy": 5.759066581726074,
          "acoustic_entropy_side": 5.759091854095459,
          "hz": 18456.760127700032
        },
        {
          "acoustic_entropy": 5.7591400146484375,
          "acoustic_entropy_side": 5.759135723114014,
          "hz": 20153.260054456492
        },
        {
          "acoustic_entropy": 5.759200572967529,
          "acoustic_entropy_side": 5.759207248687744,
          "hz": 22000.00000000001
        }
      ],
      "diff_acoustic_entropy": 3.2854695320129395,
      "sn": 6
    },
    {
      "acoustic_entropy": 9.84876537322998,
      "acoustic_entropy_mono": 6.345147609710693,
      "band_eliminated_acoustic_entropies": [
        {
          "acoustic_entropy": 9.844156265258789,
          "acoustic_entropy_side": 9.848760604858398,
          "hz": 129.47220167065723
        },
        {
          "acoustic_entropy": 9.6565523147583,
          "acoustic_entropy_side": 9.848402976989746,
          "hz": 202.92927478742237
        },
        {
          "acoustic_entropy": 10.185681343078613,
          "acoustic_entropy_side": 9.222776412963867,
          "hz": 282.89161906338205
        },
        {
          "acoustic_entropy": 10.016338348388672,
          "acoustic_entropy_side": 10.003951072692871,
          "hz": 369.9353335868758
        },
        {
          "acoustic_entropy": 9.158123970031738,
          "acoustic_entropy_side": 9.405254364013672,
          "hz": 464.6875360973435
        },
        {
          "acoustic_entropy": 9.39794921875,
          "acoustic_entropy_side": 10.11090087890625,
          "hz": 567.8308811364784
        },
        {
          "acoustic_entropy": 9.436589241027832,
          "acoustic_entropy_side": 9.916826248168945,
          "hz": 680.1084783214808
        },
        {
          "acoustic_entropy": 9.631488800048828,
          "acoustic_entropy_side": 9.760661125183105,
          "hz": 802.3292461747484
        },
        {
          "acoustic_entropy": 9.764554023742676,
          "acoustic_entropy_side": 10.05529499053955,
          "hz": 935.3737400823702
        },
        {
          "acoustic_entropy": 9.740734100341797,
          "acoustic_entropy_side": 9.660093307495117,
          "hz": 1080.2004963696966
        },
        {
          "acoustic_entropy": 9.7020263671875,
          "acoustic_entropy_side": 10.037315368652344,
          "hz": 1237.8529382007157
        },
        {
          "acoustic_entropy": 9.77337646484375,
          "acoustic_entropy_side": 9.847750663757324,
          "hz": 1409.4668930556702
        },
        {
          "acoustic_entropy": 9.303235054016113,
          "acoustic_entropy_side": 9.496957778930664,
          "hz": 1596.2787759475705
        },
        {
          "acoustic_entropy": 9.483051300048828,
          "acoustic_entropy_side": 9.65143871307373,
          "hz": 1799.6344973346393
        },
        {
          "acoustic_entropy": 9.250666618347168,
          "acoustic_entropy_side": 9.08112621307373,
          "hz": 2020.9991599069049
        },
        {
          "acoustic_entropy": 9.182933807373047,
          "acoustic_entropy_side": 9.356535911560059,
          "hz": 2261.9676141086993
        },
        {
          "acoustic_entropy": 9.836148262023926,
          "acoustic_entropy_side": 9.83443546295166,
          "hz": 2524.2759484456974
        },
        {
          "acoustic_entropy": 9.846644401550293,
          "acoustic_entropy_side": 9.845974922180176,
          "hz": 2809.813997359896
        },
        {
          "acoustic_entropy": 9.843260765075684,
          "acoustic_entropy_side": 9.848283767700195,
          "hz": 3120.6389567871424
        },
        {
          "acoustic_entropy": 9.845552444458008,
          "acoustic_entropy_side": 9.848530769348145,
          "hz": 3458.990205492291
        },
        {
          "acoustic_entropy": 9.848484992980957,
          "acoustic_entropy_side": 9.848849296569824,
          "hz": 3827.305438964164
        },
        {
          "acoustic_entropy": 9.847879409790039,
          "acoustic_entropy_side": 9.848583221435547,
          "hz": 4228.238232109126
        },
        {
          "acoustic_entropy": 9.848593711853027,
          "acoustic_entropy_side": 9.8487548828125,
          "hz": 4664.6771572759235
        },
        {
          "acoustic_entropy": 9.848132133483887,
          "acoustic_entropy_side": 9.848356246948242,
          "hz": 5139.766595350093
        },
        {
          "acoustic_entropy": 9.846996307373047,
          "acoustic_entropy_side": 9.847338676452637,
          "hz": 5656.929389854203
        },
        {
          "acoustic_entropy": 9.84850025177002,
          "acoustic_entropy_side": 9.848573684692383,
          "hz": 6219.891507268283
        },
        {
          "acoustic_entropy": 9.848017692565918,
          "acoustic_entropy_side": 9.848316192626953,
          "hz": 6832.70888123896
        },
        {
          "acoustic_entropy": 9.8472318649292,
          "acoustic_entropy_side": 9.847952842712402,
          "hz": 7499.796634079867
        },
        {
          "acoustic_entropy": 9.847930908203125,
          "acoustic_entropy_side": 9.848549842834473,
          "hz": 8225.96088609342
        },
        {
          "acoustic_entropy": 9.84833812713623,
          "acoustic_entropy_side": 9.848616600036621,
          "hz": 9016.43338188839
        },
        {
          "acoustic_entropy": 9.846061706542969,
          "acoustic_entropy_side": 9.847599983215332,
          "hz": 9876.909183162974
        },
        {
          "acoustic_entropy": 9.928107261657715,
          "acoustic_entropy_side": 9.822983741760254,
          "hz": 10813.587699516042
        },
        {
          "acoustic_entropy": 9.901119232177734,
          "acoustic_entropy_side": 9.82507038116455,
          "hz": 11833.21735289826
        },
        {
          "acoustic_entropy": 9.841756820678711,
          "acoustic_entropy_side": 9.841755867004395,
          "hz": 12943.144197493959
        },
        {
          "acoustic_entropy": 9.829408645629883,
          "acoustic_entropy_side": 9.842741966247559,
          "hz": 14151.364845322005
        },
        {
          "acoustic_entropy": 9.845170021057129,
          "acoustic_entropy_side": 9.84839916229248,
          "hz": 15466.58407886509
        },
        {
          "acoustic_entropy": 9.845907211303711,
          "acoustic_entropy_side": 9.848366737365723,
          "hz": 16898.27756580493
        },
        {
          "acoustic_entropy": 9.843165397644043,
          "acoustic_entropy_side": 9.845874786376953,
          "hz": 18456.760127700032
        },
        {
          "acoustic_entropy": 9.844600677490234,
          "acoustic_entropy_side": 9.846458435058594,
          "hz": 20153.260054456492
        },
        {
          "acoustic_entropy": 9.848458290100098,
          "acoustic_entropy_side": 9.848605155944824,
          "hz": 22000.00000000001
        }
      ],
      "diff_acoustic_entropy": 5.558333396911621,
      "sn": 12
    },
    {
      "acoustic_entropy": 18.056827545166016,
      "acoustic_entropy_mono": 13.354804992675781,
      "band_eliminated_acoustic_entropies": [
        {
          "acoustic_entropy": 17.92926597595215,
          "acoustic_entropy_side": 18.056835174560547,
          "hz": 129.47220167065723
        },
        {
          "acoustic_entropy": 17.694101333618164,
          "acoustic_entropy_side": 18.057371139526367,
          "hz": 202.92927478742237
        },
        {
          "acoustic_entropy": 17.08993911743164,
          "acoustic_entropy_side": 17.051298141479492,
          "hz": 282.89161906338205
        },
        {
          "acoustic_entropy": 17.823204040527344,
          "acoustic_entropy_side": 18.127235412597656,
          "hz": 369.9353335868758
        },
        {
          "acoustic_entropy": 17.4122314453125,
          "acoustic_entropy_side": 17.939472198486328,
          "hz": 464.6875360973435
        },
        {
          "acoustic_entropy": 16.914033889770508,
          "acoustic_entropy_side": 17.679901123046875,
          "hz": 567.8308811364784
        },
        {
          "acoustic_entropy": 18.104087829589844,
          "acoustic_entropy_side": 17.92678451538086,
          "hz": 680.1084783214808
        },
        {
          "acoustic_entropy": 17.002933502197266,
          "acoustic_entropy_side": 16.712614059448242,
          "hz": 802.3292461747484
        },
        {
          "acoustic_entropy": 17.673839569091797,
          "acoustic_entropy_side": 17.148408889770508,
          "hz": 935.3737400823702
        },
        {
          "acoustic_entropy": 18.039222717285156,
          "acoustic_entropy_side": 17.84307098388672,
          "hz": 1080.2004963696966
        },
        {
          "acoustic_entropy": 17.31354522705078,
          "acoustic_entropy_side": 17.876516342163086,
          "hz": 1237.8529382007157
        },
        {
          "acoustic_entropy": 17.627628326416016,
          "acoustic_entropy_side": 17.76235008239746,
          "hz": 1409.4668930556702
        },
        {
          "acoustic_entropy": 16.9379825592041,
          "acoustic_entropy_side": 18.13454246520996,
          "hz": 1596.2787759475705
        },
        {
          "acoustic_entropy": 18.000324249267578,
          "acoustic_entropy_side": 17.924936294555664,
          "hz": 1799.6344973346393
        },
        {
          "acoustic_entropy": 17.430932998657227,
          "acoustic_entropy_side": 17.564849853515625,
          "hz": 2020.9991599069049
        },
        {
          "acoustic_entropy": 18.12447738647461,
          "acoustic_entropy_side": 17.918651580810547,
          "hz": 2261.9676141086993
        },
        {
          "acoustic_entropy": 17.87019920349121,
          "acoustic_entropy_side": 17.953447341918945,
          "hz": 2524.2759484456974
        },
        {
          "acoustic_entropy": 18.067529678344727,
          "acoustic_entropy_side": 17.959531784057617,
          "hz": 2809.813997359896
        },
        {
          "acoustic_entropy": 18.13340187072754,
