{
  "acoustic_entropy": 245.63693237304688,
  "bands": [
    {
      "high_freq": 148.1999969482422,
      "loudness": -20.542856216430664,
      "loudness_range": 7.418262481689453,
      "mid_mean": -16.938173294067383,
      "mid_to_side_loudness": -19.319047927856445,
      "mid_to_side_loudness_range": 17.4909610748291,
      "side_mean": -36.60470962524414
    },
    {
      "high_freq": 392.3793640136719,
      "loudness": -20.519214630126953,
      "loudness_range": 5.319602966308594,
      "low_freq": 148.1999969482422,
      "mid_mean": -17.637086868286133,
      "mid_to_side_loudness": -8.691153526306152,
      "mid_to_side_loudness_range": 12.637232780456543,
      "side_mean": -25.958948135375977
    },
    {
      "high_freq": 794.6976318359375,
      "loudness": -23.566755294799805,
      "loudness_range": 8.043981552124023,
      "low_freq": 392.3793640136719,
      "mid_mean": -20.80433464050293,
      "mid_to_side_loudness": -6.70975399017334,
      "mid_to_side_loudness_range": 8.133424758911133,
      "side_mean": -27.815689086914062
    },
    {
      "high_freq": 1457.5709228515625,
      "loudness": -27.089330673217773,
      "loudness_range": 10.12687873840332,
      "low_freq": 794.6976318359375,
      "mid_mean": -24.22460174560547,
      "mid_to_side_loudness": -7.202157497406006,
      "mid_to_side_loudness_range": 7.422794342041016,
      "side_mean": -31.592391967773438
    },
    {
      "high_freq": 2549.74365234375,
      "loudness": -24.4096736907959,
      "loudness_range": 9.33444595336914,
      "low_freq": 1457.5709228515625,
      "mid_mean": -21.507015228271484,
      "mid_to_side_loudness": -7.5031843185424805,
      "mid_to_side_loudness_range": 8.853459358215332,
      "side_mean": -29.259492874145508
    },
    {
      "high_freq": 4349.24462890625,
      "loudness": -24.11549186706543,
      "loudness_range": 7.521869659423828,
      "low_freq": 2549.74365234375,
      "mid_mean": -21.132305145263672,
      "mid_to_side_loudness": -8.300305366516113,
      "mid_to_side_loudness_range": 8.531309127807617,
      "side_mean": -29.39574432373047
    },
    {
      "high_freq": 7314.1640625,
      "loudness": -25.762035369873047,
      "loudness_range": 9.575719833374023,
      "low_freq": 4349.24462890625,
      "mid_mean": -22.59801483154297,
      "mid_to_side_loudness": -10.648382186889648,
      "mid_to_side_loudness_range": 12.907832145690918,
      "side_mean": -33.1590690612793
    },
    {
      "high_freq": 12199.2666015625,
      "loudness": -29.47473907470703,
      "loudness_range": 12.218528747558594,
      "low_freq": 7314.1640625,
      "mid_mean": -26.359590530395508,
      "mid_to_side_loudness": -10.701150894165039,
      "mid_to_side_loudness_range": 12.354494094848633,
      "side_mean": -36.9550666809082
    },
    {
      "loudness": -37.144840240478516,
      "loudness_range": 17.655881881713867,
      "low_freq": 12199.2666015625,
      "mid_mean": -34.724517822265625,
      "mid_to_side_loudness": -7.3343400955200195,
      "mid_to_side_loudness_range": 15.838454246520996,
      "side_mean": -41.2162971496582
    }
  ],
  "bands_short": [
    {
      "high_freq": 148.1999969482422,
      "loudness": -24.534439086914062,
      "loudness_range": 18.023900985717773,
      "mid_mean": -20.977012634277344,
      "mid_to_side_loudness": -23.057071685791016,
      "mid_to_side_loudness_range": 23.831514358520508,
      "side_mean": -44.55531311035156
    },
    {
      "high_freq": 392.3793640136719,
      "loudness": -20.7880802154541,
      "loudness_range": 12.017383575439453,
      "low_freq": 148.1999969482422,
      "mid_mean": -18.24312973022461,
      "mid_to_side_loudness": -8.821486473083496,
      "mid_to_side_loudness_range": 17.3239688873291,
      "side_mean": -26.635831832885742
    },
    {
      "high_freq": 794.6976318359375,
      "loudness": -24.64895248413086,
      "loudness_range": 12.919349670410156,
      "low_freq": 392.3793640136719,
      "mid_mean": -22.035594940185547,
      "mid_to_side_loudness": -6.559963703155518,
      "mid_to_side_loudness_range": 11.343338966369629,
      "side_mean": -28.92806625366211
    },
    {
      "high_freq": 1457.5709228515625,
      "loudness": -27.22211265563965,
      "loudness_range": 12.835090637207031,
      "low_freq": 794.6976318359375,
      "mid_mean": -24.5529727935791,
      "mid_to_side_loudness": -7.203158378601074,
      "mid_to_side_loudness_range": 11.89663314819336,
      "side_mean": -31.91302490234375
    },
    {
      "high_freq": 2549.74365234375,
      "loudness": -25.20920753479004,
      "loudness_range": 12.631731033325195,
      "low_freq": 1457.5709228515625,
      "mid_mean": -22.448135375976562,
      "mid_to_side_loudness": -7.656198978424072,
      "mid_to_side_loudness_range": 12.027082443237305,
      "side_mean": -30.386676788330078
    },
    {
      "high_freq": 4349.24462890625,
      "loudness": -24.819128036499023,
      "loudness_range": 11.219732284545898,
      "low_freq": 2549.74365234375,
      "mid_mean": -21.864355087280273,
      "mid_to_side_loudness": -8.955812454223633,
      "mid_to_side_loudness_range": 11.639960289001465,
      "side_mean": -30.859127044677734
    },
    {
      "high_freq": 7314.1640625,
      "loudness": -26.533926010131836,
      "loudness_range": 12.556354522705078,
      "low_freq": 4349.24462890625,
      "mid_mean": -23.30124855041504,
      "mid_to_side_loudness": -11.771467208862305,
      "mid_to_side_loudness_range": 13.735832214355469,
      "side_mean": -35.039424896240234
    },
    {
      "high_freq": 12199.2666015625,
      "loudness": -31.24169158935547,
      "loudness_range": 16.868783950805664,
      "low_freq": 7314.1640625,
      "mid_mean": -28.171899795532227,
      "mid_to_side_loudness": -11.404865264892578,
      "mid_to_side_loudness_range": 15.433151245117188,
      "side_mean": -39.432926177978516
    },
    {
      "loudness": -39.6439208984375,
      "loudness_range": 23.112525939941406,
      "low_freq": 12199.2666015625,
      "mid_mean": -37.56230926513672,
      "mid_to_side_loudness": -8.373821258544922,
      "mid_to_side_loudness_range": 18.323301315307617,
      "side_mean": -44.38597869873047
    }
  ],
  "bandwidth": 602.0979614257812,
  "channels": 2,
  "covariance": [
    [
      7.7268967628479,
      5.9826202392578125,
      0.7523927092552185,
      -0.7924935221672058,
      1.070342779159546,
      1.6960864067077637,
      2.0503809452056885,
      3.2305660247802734,
      0.5537294149398804,
      1.209786057472229,
      2.6413345336914062,
      3.800384998321533,
      2.134877920150757,
      1.93993079662323,
      -1.1751775741577148,
      -0.38869336247444153,
      -4.671689510345459,
      -3.0163185596466064
    ],
    [
      5.9826202392578125,
      41.94736862182617,
      -2.717198133468628,
      -3.8906869888305664,
      2.844722032546997,
      2.41096568107605,
      -3.471143960952759,
      0.32295238971710205,
      -1.7712441682815552,
      0.41716882586479187,
      0.9825440049171448,
      3.4449031352996826,
      -2.4187424182891846,
      -1.7258672714233398,
      -2.88391375541687,
      -6.859216690063477,
      -1.8889310359954834,
      0.12528546154499054
    ],
    [
      0.7523927092552185,
      -2.717198133468628,
      5.97257661819458,
      4.451864242553711,
      3.2139017581939697,
      2.2526190280914307,
      2.0925891399383545,
      1.7165361642837524,
      0.9842824339866638,
      0.2517295777797699,
      0.5911787152290344,
      0.4276484251022339,
      0.8842679262161255,
      1.029655933380127,
      1.4650425910949707,
      1.3041473627090454,
      1.9820082187652588,
      1.8603371381759644
    ],
    [
      -0.7924935221672058,
      -3.8906869888305664,
      4.451864242553711,
      20.3429012298584,
      4.570344924926758,
      8.22825813293457,
      3.0014572143554688,
      5.881563186645508,
      2.6689114570617676,
      6.3554301261901855,
      3.7093653678894043,
      8.07469367980957,
      6.423976898193359,
      11.958266258239746,
      10.748796463012695,
      14.011181831359863,
      13.850322723388672,
      15.040858268737793
    ],
    [
      1.070342779159546,
      2.844722032546997,
      3.2139017581939697,
      4.570344924926758,
      12.795297622680664,
      10.660201072692871,
      1.7167489528656006,
      4.783389568328857,
      6.730441570281982,
      4.869453430175781,
      3.8548614978790283,
      4.717273712158203,
      3.080747365951538,
      4.904376983642578,
      4.132999897003174,
      5.469817638397217,
      6.781571388244629,
      9.562908172607422
    ],
    [
      1.6960864067077637,
      2.41096568107605,
      2.2526190280914307,
      8.22825813293457,
      10.660201072692871,
      15.568504333496094,
      2.6586015224456787,
      6.684089660644531,
      6.416369915008545,
      7.974960803985596,
      4.594592571258545,
      7.909384250640869,
      5.109764099121094,
      8.679410934448242,
      6.907134532928467,
      10.09763240814209,
      8.310968399047852,
      10.137870788574219
    ],
    [
      2.0503809452056885,
      -3.471143960952759,
      2.0925891399383545,
      3.0014572143554688,
      1.7167489528656006,
      2.6586015224456787,
      13.694914817810059,
      9.070086479187012,
      3.92940354347229,
      3.065516233444214,
      5.568540096282959,
      4.8049445152282715,
      6.8260908126831055,
      5.2205986976623535,
      2.5261456966400146,
      1.5417226552963257,
      2.3448524475097656,
      1.4012980461120605
    ],
    [
      3.2305660247802734,
      0.32295238971710205,
      1.7165361642837524,
      5.881563186645508,
      4.783389568328857,
      6.684089660644531,
      9.070086479187012,
      12.3036527633667,
      5.335874557495117,
      6.860936164855957,
      5.554077625274658,
      8.523972511291504,
      6.380224227905273,
      8.462023735046387,
      4.179641246795654,
      5.564671039581299,
      3.7769198417663574,
      3.2807953357696533
    ],
    [
      0.5537294149398804,
      -1.7712441682815552,
      0.9842824339866638,
      2.6689114570617676,
      6.730441570281982,
      6.416369915008545,
      3.92940354347229,
      5.335874557495117,
      13.984086990356445,
      9.090594291687012,
      7.38269567489624,
      4.909126281738281,
      5.1718549728393555,
      3.613769769668579,
      3.389605760574341,
      5.077425956726074,
      3.1630070209503174,
      2.6066153049468994
    ],
    [
      1.209786057472229,
      0.41716882586479187,
      0.2517295777797699,
      6.3554301261901855,
      4.869453430175781,
      7.974960803985596,
      3.065516233444214,
      6.860936164855957,
      9.090594291687012,
      13.908562660217285,
      6.228290557861328,
      9.407585144042969,
      5.676883697509766,
      8.419840812683105,
      5.694106101989746,
      9.47788143157959,
      5.045851707458496,
      5.468214511871338
    ],
    [
      2.6413345336914062,
      0.9825440049171448,
      0.5911787152290344,
      3.7093653678894043,
      3.8548614978790283,
      4.594592571258545,
      5.568540096282959,
      5.554077625274658,
      7.38269567489624,
      6.228290557861328,
      9.19520092010498,
      7.856235027313232,
      8.178778648376465,
      6.219411373138428,
      4.463956832885742,
      4.476434707641602,
      3.1274616718292236,
      3.1666316986083984
    ],
    [
      3.800384998321533,
      3.4449031352996826,
      0.4276484251022339,
      8.07469367980957,
      4.717273712158203,
      7.909384250640869,
      4.8049445152282715,
      8.523972511291504,
      4.909126281738281,
      9.407585144042969,
      7.856235027313232,
      15.081212997436523,
      7.632490634918213,
      14.076253890991211,
      6.913771152496338,
      11.544967651367188,
      5.980190753936768,
      10.060462951660156
    ],
    [
      2.134877920150757,
      -2.4187424182891846,
      0.8842679262161255,
      6.423976898193359,
      3.080747365951538,
      5.109764099121094,
      6.8260908126831055,
      6.380224227905273,
      5.1718549728393555,
      5.676883697509766,
      8.178778648376465,
      7.632490634918213,
      13.095224380493164,
      8.864002227783203,
      8.863338470458984,
      8.39404010772705,
      9.561147689819336,
      7.921920299530029
    ],
    [
      1.93993079662323,
      -1.7258672714233398,
      1.029655933380127,
      11.958266258239746,
      4.904376983642578,
      8.679410934448242,
      5.2205986976623535,
      8.462023735046387,
      3.613769769668579,
      8.419840812683105,
      6.219411373138428,
      14.076253890991211,
      8.864002227783203,
      22.27341079711914,
      10.688102722167969,
      18.859575271606445,
      10.368546485900879,
      16.225162506103516
    ],
    [
      -1.1751775741577148,
      -2.88391375541687,
      1.4650425910949707,
      10.748796463012695,
      4.132999897003174,
      6.907134532928467,
      2.5261456966400146,
      4.179641246795654,
      3.389605760574341,
      5.694106101989746,
      4.463956832885742,
      6.913771152496338,
      8.863338470458984,
      10.688102722167969,
      20.48765754699707,
      22.693025588989258,
      17.12825584411621,
      14.257987022399902
    ],
    [
      -0.38869336247444153,
      -6.859216690063477,
      1.3041473627090454,
      14.011181831359863,
      5.469817638397217,
      10.09763240814209,
      1.5417226552963257,
      5.564671039581299,
      5.077425956726074,
      9.47788143157959,
      4.476434707641602,
      11.544967651367188,
      8.39404010772705,
      18.859575271606445,
      22.693025588989258,
      41.18010330200195,
      17.40082359313965,
      22.154430389404297
    ],
    [
      -4.671689510345459,
      -1.8889310359954834,
      1.9820082187652588,
      13.850322723388672,
      6.781571388244629,
      8.310968399047852,
      2.3448524475097656,
      3.7769198417663574,
      3.1630070209503174,
      5.045851707458496,
      3.1274616718292236,
      5.980190753936768,
      9.561147689819336,
      10.368546485900879,
      17.12825584411621,
      17.40082359313965,
      37.39718246459961,
      36.98543167114258
    ],
    [
      -3.0163185596466064,
      0.12528546154499054,
      1.8603371381759644,
      15.040858268737793,
      9.562908172607422,
      10.137870788574219,
      1.4012980461120605,
      3.2807953357696533,
      2.6066153049468994,
      5.468214511871338,
      3.1666316986083984,
      10.060462951660156,
      7.921920299530029,
      16.225162506103516,
      14.257987022399902,
      22.154430389404297,
      36.98543167114258,
      62.31996154785156
    ]
  ],
  "covariance_short": [
    [
      42.7889404296875,
      15.667009353637695,
      15.855732917785645,
      3.1060829162597656,
      -0.2504003942012787,
      2.230922222137451,
      6.637286186218262,
      5.852894306182861,
      3.0623953342437744,
      4.224806785583496,
      5.441006183624268,
      8.054068565368652,
      3.5818557739257812,
      5.9772539138793945,
      -3.3918185234069824,
      2.468045234680176,
      -6.8530354499816895,
      2.802743434906006
    ],
    [
      15.667009353637695,
      56.735408782958984,
      0.9650117754936218,
      -0.9096918702125549,
      -0.8343253135681152,
      1.7075908184051514,
      -0.866810142993927,
      2.477797031402588,
      -0.29219627380371094,
      3.0404698848724365,
      0.8226831555366516,
      5.854217529296875,
      -1.9697391986846924,
      4.2372260093688965,
      -2.96286940574646,
      2.1386218070983887,
      -1.9894227981567383,
      9.835433959960938
    ],
    [
      15.855732917785645,
      0.9650117754936218,
      31.725194931030273,
      14.30243968963623,
      12.571393966674805,
      10.325961112976074,
      6.5336689949035645,
      5.510748386383057,
      5.350714206695557,
      3.8301260471343994,
      6.275355339050293,
      6.927204608917236,
      6.760191917419434,
      9.13498592376709,
      8.447051048278809,
      10.366720199584961,
      8.230111122131348,
      8.559056282043457
    ],
    [
      3.1060829162597656,
      -0.9096918702125549,
      14.30243968963623,
      37.52302169799805,
      9.899945259094238,
      14.449518203735352,
      4.050233840942383,
      7.722809314727783,
      5.121228218078613,
      7.524377346038818,
      5.9547247886657715,
      9.418813705444336,
      8.866352081298828,
      15.087071418762207,
      14.425069808959961,
      18.829614639282227,
      16.316980361938477,
      10.507556915283203
    ],
    [
      -0.2504003942012787,
      -0.8343253135681152,
      12.571393966674805,
      9.899945259094238,
      28.447721481323242,
      21.14098358154297,
      4.89874267578125,
      7.396701812744141,
      8.659053802490234,
      7.271578788757324,
      6.9735283851623535,
      8.441207885742188,
      6.195662021636963,
      10.07136344909668,
      9.876629829406738,
      9.641539573669434,
      14.909544944763184,
      17.626510620117188
    ],
    [
      2.230922222137451,
      1.7075908184051514,
      10.325961112976074,
      14.449518203735352,
      21.14098358154297,
      29.90369987487793,
      5.469996452331543,
      9.846518516540527,
      7.021449089050293,
      10.311495780944824,
      7.606631278991699,
      12.210005760192871,
      8.329693794250488,
      13.819656372070312,
      13.23135757446289,
      16.65373420715332,
      17.573963165283203,
      18.84796905517578
    ],
    [
      6.637286186218262,
      -0.866810142993927,
      6.5336689949035645,
      4.050233840942383,
      4.89874267578125,
      5.469996452331543,
      27.005645751953125,
      16.42985725402832,
      13.98007869720459,
      10.367942810058594,
      13.374865531921387,
      11.938996315002441,
      13.41775894165039,
      11.893755912780762,
      7.483930587768555,
      8.472199440002441,
      5.742968559265137,
      5.381409168243408
    ],
    [
      5.852894306182861,
      2.477797031402588,
      5.510748386383057,
      7.722809314727783,
      7.396701812744141,
      9.846518516540527,
      16.42985725402832,
      23.032752990722656,
      11.418083190917969,
      14.230113983154297,
      10.419339179992676,
      16.689250946044922,
      10.571610450744629,
      16.34681510925293,
      8.816499710083008,
      13.018425941467285,
      8.462709426879883,
      9.215865135192871
    ],
    [
      3.0623953342437744,
      -0.29219627380371094,
      5.350714206695557,
      5.121228218078613,
      8.659053802490234,
      7.021449089050293,
      13.98007869720459,
      11.418083190917969,
      24.453054428100586,
      15.408469200134277,
      14.522712707519531,
      12.015527725219727,
      10.992898941040039,
      9.64321517944336,
      8.46435260772705,
      10.900496482849121,
      7.016836643218994,
      6.438266277313232
    ],
    [
      4.224806785583496,
      3.0404698848724365,
      3.8301260471343994,
      7.524377346038818,
      7.271578788757324,
      10.311495780944824,
      10.367942810058594,
      14.230113983154297,
      15.408469200134277,
      24.32662582397461,
      11.303387641906738,
      19.046602249145508,
      9.644793510437012,
      15.850824356079102,
      9.543930053710938,
      14.402905464172363,
      9.548762321472168,
      8.963211059570312
    ],
    [
      5.441006183624268,
      0.8226831555366516,
      6.275355339050293,
      5.9547247886657715,
      6.9735283851623535,
      7.606631278991699,
      13.374865531921387,
      10.419339179992676,
      14.522712707519531,
      11.303387641906738,
      18.76826286315918,
      15.244911193847656,
      15.443290710449219,
      13.962708473205566,
      11.319899559020996,
      11.814350128173828,
      8.926025390625,
      6.615724563598633
    ],
    [
      8.054068565368652,
      5.854217529296875,
      6.927204608917236,
      9.418813705444336,
      8.441207885742188,
      12.210005760192871,
      11.938996315002441,
      16.689250946044922,
      12.015527725219727,
      19.046602249145508,
      15.244911193847656,
      28.614696502685547,
      13.43563175201416,
      23.67169952392578,
      13.096296310424805,
      18.62921142578125,
      13.073413848876953,
      13.67949104309082
    ],
    [
      3.5818557739257812,
      -1.9697391986846924,
      6.760191917419434,
      8.866352081298828,
      6.195662021636963,
      8.329693794250488,
      13.41775894165039,
      10.571610450744629,
      10.992898941040039,
      9.644793510437012,
      15.443290710449219,
      13.43563175201416,
      23.018787384033203,
      19.208276748657227,
      19.540529251098633,
      19.077983856201172,
      20.002771377563477,
      14.002633094787598
    ],
    [
      5.9772539138793945,
      4.2372260093688965,
      9.13498592376709,
      15.087071418762207,
      10.07136344909668,
      13.819656372070312,
      11.893755912780762,
      16.34681510925293,
      9.64321517944336,
      15.850824356079102,
      13.962708473205566,
      23.67169952392578,
      19.208276748657227,
      36.66511917114258,
      24.1373233795166,
      33.74824142456055,
      26.44413185119629,
      27.67167854309082
    ],
    [
      -3.3918185234069824,
      -2.96286940574646,
      8.447051048278809,
      14.425069808959961,
      9.876629829406738,
      13.23135757446289,
      7.483930587768555,
      8.816499710083008,
      8.46435260772705,
      9.543930053710938,
      11.319899559020996,
      13.096296310424805,
      19.540529251098633,
      24.1373233795166,
      38.39744567871094,
      41.80309295654297,
      37.71929931640625,
      29.906282424926758
    ],
    [
      2.468045234680176,
      2.1386218070983887,
      10.366720199584961,
      18.829614639282227,
      9.641539573669434,
      16.65373420715332,
      8.472199440002441,
      13.018425941467285,
      10.900496482849121,
      14.402905464172363,
      11.814350128173828,
      18.62921142578125,
      19.077983856201172,
      33.74824142456055,
      41.80309295654297,
      72.48938751220703,
      44.213645935058594,
      46.239749908447266
    ],
    [
      -6.8530354499816895,
      -1.9894227981567383,
      8.230111122131348,
      16.316980361938477,
      14.909544944763184,
      17.573963165283203,
      5.742968559265137,
      8.462709426879883,
      7.016836643218994,
      9.548762321472168,
      8.926025390625,
      13.073413848876953,
      20.002771377563477,
      26.44413185119629,
      37.71929931640625,
      44.213645935058594,
      70.32667541503906,
      64.37683868408203
    ],
    [
      2.802743434906006,
      9.835433959960938,
      8.559056282043457,
      10.507556915283203,
      17.626510620117188,
      18.84796905517578,
      5.381409168243408,
      9.215865135192871,
      6.438266277313232,
      8.963211059570312,
      6.615724563598633,
      13.67949104309082,
      14.002633094787598,
      27.67167854309082,
      29.906282424926758,
      46.239749908447266,
      64.37683868408203,
      97.88436126708984
    ]
  ],
  "damage": -7.176595211029053,
  "diff_bandwidth": 629.6995239257812,
  "dissonance": 8.98392593721162,
  "drr": 2.2907769680023193,
  "dynamics": 1.6868369579315186,
  "format": 1245190,
  "frames": 2289664,
  "loudness": -10.740129470825195,
  "loudness_range": 2.897690773010254,
  "loudness_range_short": 6.677204608917236,
  "lowpass_true_peak_15khz": 0.06146722286939621,
  "mastering3_acoustic_entropies": [
    {
      "acoustic_entropy": 8.859302520751953,
      "acoustic_entropy_mono": 8.640850067138672,
      "band_eliminated_acoustic_entropies": [
        {
          "acoustic_entropy": 8.745244026184082,
          "acoustic_entropy_side": 8.859469413757324,
          "hz": 129.47220167065723
        },
        {
          "acoustic_entropy": 8.77563762664795,
          "acoustic_entropy_side": 8.888755798339844,
          "hz": 202.92927478742237
        },
        {
          "acoustic_entropy": 9.117491722106934,
          "acoustic_entropy_side": 8.872579574584961,
          "hz": 282.89161906338205
        },
        {
          "acoustic_entropy": 8.524275779724121,
          "acoustic_entropy_side": 8.868511199951172,
          "hz": 369.9353335868758
        },
        {
          "acoustic_entropy": 8.894491195678711,
          "acoustic_entropy_side": 8.949233055114746,
          "hz": 464.6875360973435
        },
        {
          "acoustic_entropy": 8.621261596679688,
          "acoustic_entropy_side": 8.552726745605469,
          "hz": 567.8308811364784
        },
        {
          "acoustic_entropy": 8.566155433654785,
          "acoustic_entropy_side": 8.837166786193848,
          "hz": 680.1084783214808
        },
        {
          "acoustic_entropy": 8.849365234375,
          "acoustic_entropy_side": 8.867131233215332,
          "hz": 802.3292461747484
        },
        {
          "acoustic_entropy": 9.436436653137207,
          "acoustic_entropy_side": 8.800773620605469,
          "hz": 935.3737400823702
        },
        {
          "acoustic_entropy": 7.7576704025268555,
          "acoustic_entropy_side": 8.712684631347656,
          "hz": 1080.2004963696966
        },
        {
          "acoustic_entropy": 8.720808029174805,
          "acoustic_entropy_side": 8.87985610961914,
          "hz": 1237.8529382007157
        },
        {
          "acoustic_entropy": 8.852128982543945,
          "acoustic_entropy_side": 8.91065788269043,
          "hz": 1409.4668930556702
        },
        {
          "acoustic_entropy": 8.564372062683105,
          "acoustic_entropy_side": 8.841426849365234,
          "hz": 1596.2787759475705
        },
        {
          "acoustic_entropy": 8.645662307739258,
          "acoustic_entropy_side": 8.844522476196289,
          "hz": 1799.6344973346393
        },
        {
          "acoustic_entropy": 9.006600379943848,
          "acoustic_entropy_side": 8.853219985961914,
          "hz": 2020.9991599069049
        },
        {
          "acoustic_entropy": 8.808366775512695,
          "acoustic_entropy_side": 8.9609375,
          "hz": 2261.9676141086993
        },
        {
          "acoustic_entropy": 8.061929702758789,
          "acoustic_entropy_side": 8.917410850524902,
          "hz": 2524.2759484456974
        },
        {
          "acoustic_entropy": 8.79979133605957,
          "acoustic_entropy_side": 8.961697578430176,
          "hz": 2809.813997359896
        },
        {
          "acoustic_entropy": 8.955323219299316,
          "acoustic_entropy_side": 8.971227645874023,
          "hz": 3120.6389567871424
        },
        {
          "acoustic_entropy": 9.028145790100098,
          "acoustic_entropy_side": 9.030062675476074,
          "hz": 3458.990205492291
        },
        {
          "acoustic_entropy": 8.968270301818848,
          "acoustic_entropy_side": 9.081511497497559,
          "hz": 3827.305438964164
        },
        {
          "acoustic_entropy": 8.383027076721191,
          "acoustic_entropy_side": 8.99382209777832,
          "hz": 4228.238232109126
        },
        {
          "acoustic_entropy": 8.923192977905273,
          "acoustic_entropy_side": 9.16248893737793,
          "hz": 4664.6771572759235
        },
        {
          "acoustic_entropy": 9.157819747924805,
          "acoustic_entropy_side": 9.064644813537598,
          "hz": 5139.766595350093
        },
        {
          "acoustic_entropy": 8.93544864654541,
          "acoustic_entropy_side": 8.951879501342773,
          "hz": 5656.929389854203
        },
        {
          "acoustic_entropy": 8.786845207214355,
          "acoustic_entropy_side": 8.887909889221191,
          "hz": 6219.891507268283
        },
        {
          "acoustic_entropy": 8.775642395019531,
          "acoustic_entropy_side": 8.772233963012695,
          "hz": 6832.70888123896
        },
        {
          "acoustic_entropy": 8.555399894714355,
          "acoustic_entropy_side": 8.657686233520508,
          "hz": 7499.796634079867
        },
        {
          "acoustic_entropy": 8.610272407531738,
          "acoustic_entropy_side": 8.71985912322998,
          "hz": 8225.96088609342
        },
        {
          "acoustic_entropy": 8.94539737701416,
          "acoustic_entropy_side": 8.915984153747559,
          "hz": 9016.43338188839
        },
        {
          "acoustic_entropy": 8.418708801269531,
          "acoustic_entropy_side": 8.375971794128418,
          "hz": 9876.909183162974
        },
        {
          "acoustic_entropy": 8.38568115234375,
          "acoustic_entropy_side": 8.707231521606445,
          "hz": 10813.587699516042
        },
        {
          "acoustic_entropy": 9.070134162902832,
          "acoustic_entropy_side": 8.762231826782227,
          "hz": 11833.21735289826
        },
        {
          "acoustic_entropy": 8.896456718444824,
          "acoustic_entropy_side": 8.760517120361328,
          "hz": 12943.144197493959
        },
        {
          "acoustic_entropy": 8.730854988098145,
          "acoustic_entropy_side": 8.792210578918457,
          "hz": 14151.364845322005
        },
        {
          "acoustic_entropy": 8.909160614013672,
          "acoustic_entropy_side": 8.929195404052734,
          "hz": 15466.58407886509
        },
        {
          "acoustic_entropy": 8.750825881958008,
          "acoustic_entropy_side": 9.063447952270508,
          "hz": 16898.27756580493
        },
        {
          "acoustic_entropy": 8.739710807800293,
          "acoustic_entropy_side": 8.778067588806152,
          "hz": 18456.760127700032
        },
        {
          "acoustic_entropy": 8.847813606262207,
          "acoustic_entropy_side": 8.857091903686523,
          "hz": 20153.260054456492
        },
        {
          "acoustic_entropy": 8.847993850708008,
          "acoustic_entropy_side": 8.85688304901123,
          "hz": 22000.00000000001
        }
      ],
      "diff_acoustic_entropy": 7.625894546508789,
      "sn": 6
    },
    {
      "acoustic_entropy": 14.082939147949219,
      "acoustic_entropy_mono": 12.690272331237793,
      "band_eliminated_acoustic_entropies": [
        {
          "acoustic_entropy": 13.951333045959473,
          "acoustic_entropy_side": 14.079864501953125,
          "hz": 129.47220167065723
        },
        {
          "acoustic_entropy": 13.044794082641602,
          "acoustic_entropy_side": 14.058926582336426,
          "hz": 202.92927478742237
        },
        {
          "acoustic_entropy": 14.186744689941406,
          "acoustic_entropy_side": 14.194023132324219,
          "hz": 282.89161906338205
        },
        {
          "acoustic_entropy": 14.212573051452637,
          "acoustic_entropy_side": 13.925710678100586,
          "hz": 369.9353335868758
        },
        {
          "acoustic_entropy": 14.401512145996094,
          "acoustic_entropy_side": 14.060365676879883,
          "hz": 464.6875360973435
        },
        {
          "acoustic_entropy": 14.06494426727295,
          "acoustic_entropy_side": 14.285568237304688,
          "hz": 567.8308811364784
        },
        {
          "acoustic_entropy": 14.76101016998291,
          "acoustic_entropy_side": 14.25715446472168,
          "hz": 680.1084783214808
        },
        {
          "acoustic_entropy": 14.635763168334961,
          "acoustic_entropy_side": 14.273094177246094,
          "hz": 802.3292461747484
        },
        {
          "acoustic_entropy": 14.600537300109863,
          "acoustic_entropy_side": 14.24766731262207,
          "hz": 935.3737400823702
        },
        {
          "acoustic_entropy": 14.805896759033203,
          "acoustic_entropy_side": 13.566152572631836,
          "hz": 1080.2004963696966
        },
        {
          "acoustic_entropy": 15.39498233795166,
          "acoustic_entropy_side": 14.023483276367188,
          "hz": 1237.8529382007157
        },
        {
          "acoustic_entropy": 14.382410049438477,
          "acoustic_entropy_side": 14.205353736877441,
          "hz": 1409.4668930556702
        },
        {
          "acoustic_entropy": 14.461347579956055,
          "acoustic_entropy_side": 14.082818984985352,
          "hz": 1596.2787759475705
        },
        {
          "acoustic_entropy": 14.660807609558105,
          "acoustic_entropy_side": 14.240699768066406,
          "hz": 1799.6344973346393
        },
        {
          "acoustic_entropy": 14.75632381439209,
          "acoustic_entropy_side": 14.057657241821289,
          "hz": 2020.9991599069049
        },
        {
          "acoustic_entropy": 14.508049011230469,
          "acoustic_entropy_side": 14.040491104125977,
          "hz": 2261.9676141086993
        },
        {
          "acoustic_entropy": 14.258905410766602,
          "acoustic_entropy_side": 14.1673002243042,
          "hz": 2524.2759484456974
        },
        {
          "acoustic_entropy": 14.75513744354248,
          "acoustic_entropy_side": 14.110347747802734,
          "hz": 2809.813997359896
        },
        {
          "acoustic_entropy": 13.935774803161621,
          "acoustic_entropy_side": 14.247236251831055,
          "hz": 3120.6389567871424
        },
        {
          "acoustic_entropy": 14.069190979003906,
          "acoustic_entropy_side": 14.223906517028809,
          "hz": 3458.990205492291
        },
        {
          "acoustic_entropy": 14.133267402648926,
          "acoustic_entropy_side": 14.130977630615234,
          "hz": 3827.305438964164
        },
        {
          "acoustic_entropy": 14.14893913269043,
          "acoustic_entropy_side": 14.260871887207031,
          "hz": 4228.238232109126
        },
        {
          "acoustic_entropy": 14.298501968383789,
          "acoustic_entropy_side": 14.078944206237793,
          "hz": 4664.6771572759235
        },
        {
          "acoustic_entropy": 14.32447624206543,
          "acoustic_entropy_side": 14.251166343688965,
          "hz": 5139.766595350093
        },
        {
          "acoustic_entropy": 13.902128219604492,
          "acoustic_entropy_side": 14.1414155960083,
          "hz": 5656.929389854203
        },
        {
          "acoustic_entropy": 13.737092018127441,
          "acoustic_entropy_side": 14.04395866394043,
          "hz": 6219.891507268283
        },
        {
          "acoustic_entropy": 14.410759925842285,
          "acoustic_entropy_side": 14.120878219604492,
          "hz": 6832.70888123896
        },
        {
          "acoustic_entropy": 14.668025970458984,
          "acoustic_entropy_side": 14.520194053649902,
          "hz": 7499.796634079867
        },
        {
          "acoustic_entropy": 14.303406715393066,
          "acoustic_entropy_side": 14.45797061920166,
          "hz": 8225.96088609342
        },
        {
          "acoustic_entropy": 15.132683753967285,
          "acoustic_entropy_side": 15.07063102722168,
          "hz": 9016.43338188839
        },
        {
          "acoustic_entropy": 14.372990608215332,
          "acoustic_entropy_side": 14.33970832824707,
          "hz": 9876.909183162974
        },
        {
          "acoustic_entropy": 14.62018871307373,
          "acoustic_entropy_side": 14.687409400939941,
          "hz": 10813.587699516042
        },
        {
          "acoustic_entropy": 14.500411033630371,
          "acoustic_entropy_side": 13.988155364990234,
          "hz": 11833.21735289826
        },
        {
          "acoustic_entropy": 14.323907852172852,
          "acoustic_entropy_side": 14.051325798034668,
          "hz": 12943.144197493959
        },
        {
          "acoustic_entropy": 14.387511253356934,
          "acoustic_entropy_side": 14.024457931518555,
          "hz": 14151.364845322005
        },
        {
          "acoustic_entropy": 14.22634220123291,
          "acoustic_entropy_side": 14.007705688476562,
          "hz": 15466.58407886509
        },
        {
          "acoustic_entropy": 13.803966522216797,
          "acoustic_entropy_side": 14.26282787322998,
          "hz": 16898.27756580493
        },
        {
          "acoustic_entropy": 14.219878196716309,
          "acoustic_entropy_side": 13.96688175201416,
          "hz": 18456.760127700032
        },
        {
          "acoustic_entropy": 14.042933464050293,
          "acoustic_entropy_side": 14.078261375427246,
          "hz": 20153.260054456492
        },
        {
          "acoustic_entropy": 14.10842227935791,
          "acoustic_entropy_side": 14.09885025024414,
          "hz": 22000.00000000001
        }
      ],
      "diff_acoustic_entropy": 12.53293514251709,
      "sn": 12
    },
    {
      "acoustic_entropy": 21.114042282104492,
      "acoustic_entropy_mono": 16.924327850341797,
      "band_eliminated_acoustic_entropies": [
        {
          "acoustic_entropy": 21.39005470275879,
          "acoustic_entropy_side": 21.10688018798828,
          "hz": 129.47220167065723
        },
        {
          "acoustic_entropy": 20.811946868896484,
          "acoustic_entropy_side": 20.65397071838379,
          "hz": 202.92927478742237
        },
        {
          "acoustic_entropy": 20.6422061920166,
          "acoustic_entropy_side": 20.211824417114258,
          "hz": 282.89161906338205
        },
        {
          "acoustic_entropy": 21.38930320739746,
          "acoustic_entropy_side": 21.575769424438477,
          "hz": 369.9353335868758
        },
        {
          "acoustic_entropy": 20.88783073425293,
          "acoustic_entropy_side": 20.939048767089844,
          "hz": 464.6875360973435
        },
        {
          "acoustic_entropy": 20.313982009887695,
          "acoustic_entropy_side": 20.492338180541992,
          "hz": 567.8308811364784
        },
        {
          "acoustic_entropy": 21.979942321777344,
          "acoustic_entropy_side": 21.330896377563477,
          "hz": 680.1084783214808
        },
        {
          "acoustic_entropy": 21.31865692138672,
          "acoustic_entropy_side": 21.13978385925293,
          "hz": 802.3292461747484
        },
        {
          "acoustic_entropy": 21.65015983581543,
          "acoustic_entropy_side": 20.993770599365234,
          "hz": 935.3737400823702
        },
        {
          "acoustic_entropy": 20.7740478515625,
          "acoustic_entropy_side": 21.028114318847656,
          "hz": 1080.2004963696966
        },
        {
          "acoustic_entropy": 21.01575469970703,
          "acoustic_entropy_side": 21.057645797729492,
          "hz": 1237.8529382007157
        },
        {
          "acoustic_entropy": 20.07099723815918,
          "acoustic_entropy_side": 20.402912139892578,
          "hz": 1409.4668930556702
        },
        {
          "acoustic_entropy": 21.07648277282715,
          "acoustic_entropy_side": 21.511058807373047,
          "hz": 1596.2787759475705
        },
        {
          "acoustic_entropy": 21.502214431762695,
          "acoustic_entropy_side": 21.581668853759766,
          "hz": 1799.6344973346393
        },
        {
          "acoustic_entropy": 21.18634033203125,
          "acoustic_entropy_side": 20.9619197845459,
          "hz": 2020.9991599069049
        },
        {
          "acoustic_entropy": 20.87576675415039,
          "acoustic_entropy_side": 21.16172218322754,
          "hz": 2261.9676141086993
        },
        {
          "acoustic_entropy": 21.781536102294922,
          "acoustic_entropy_side": 21.613603591918945,
          "hz": 2524.2759484456974
        },
        {
          "acoustic_entropy": 21.440710067749023,
          "acoustic_entropy_side": 21.411914825439453,
          "hz": 2809.813997359896
        },
        {
          "acoustic_entropy": 20.99722671508789,
