{
  "acoustic_entropy": 234.19273376464844,
  "bands": [
    {
      "high_freq": 148.1999969482422,
      "loudness": -32.58746337890625,
      "loudness_range": 19.303977966308594,
      "mid_mean": -29.90123176574707,
      "mid_to_side_loudness": -8.69495677947998,
      "mid_to_side_loudness_range": 16.286632537841797,
      "side_mean": -38.74529266357422
    },
    {
      "high_freq": 392.3793640136719,
      "loudness": -26.851396560668945,
      "loudness_range": 13.594358444213867,
      "low_freq": 148.1999969482422,
      "mid_mean": -23.891672134399414,
      "mid_to_side_loudness": -8.379411697387695,
      "mid_to_side_loudness_range": 10.450132369995117,
      "side_mean": -32.441837310791016
    },
    {
      "high_freq": 794.6976318359375,
      "loudness": -27.775569915771484,
      "loudness_range": 15.017065048217773,
      "low_freq": 392.3793640136719,
      "mid_mean": -24.781944274902344,
      "mid_to_side_loudness": -8.97109603881836,
      "mid_to_side_loudness_range": 10.418326377868652,
      "side_mean": -33.91007995605469
    },
    {
      "high_freq": 1457.5709228515625,
      "loudness": -30.666316986083984,
      "loudness_range": 24.40854263305664,
      "low_freq": 794.6976318359375,
      "mid_mean": -27.869735717773438,
      "mid_to_side_loudness": -7.941877365112305,
      "mid_to_side_loudness_range": 12.34367847442627,
      "side_mean": -36.050289154052734
    },
    {
      "high_freq": 2549.74365234375,
      "loudness": -32.921024322509766,
      "loudness_range": 21.549427032470703,
      "low_freq": 1457.5709228515625,
      "mid_mean": -30.18341064453125,
      "mid_to_side_loudness": -7.2025980949401855,
      "mid_to_side_loudness_range": 10.983599662780762,
      "side_mean": -37.54444122314453
    },
    {
      "high_freq": 4349.24462890625,
      "loudness": -35.32923126220703,
      "loudness_range": 18.79761505126953,
      "low_freq": 2549.74365234375,
      "mid_mean": -32.593719482421875,
      "mid_to_side_loudness": -6.972532749176025,
      "mid_to_side_loudness_range": 10.254105567932129,
      "side_mean": -39.84126663208008
    },
    {
      "high_freq": 7314.1640625,
      "loudness": -36.36963653564453,
      "loudness_range": 14.766799926757812,
      "low_freq": 4349.24462890625,
      "mid_mean": -33.204673767089844,
      "mid_to_side_loudness": -10.226265907287598,
      "mid_to_side_loudness_range": 11.017370223999023,
      "side_mean": -43.619991302490234
    },
    {
      "high_freq": 12199.2666015625,
      "loudness": -38.788124084472656,
      "loudness_range": 13.74087905883789,
      "low_freq": 7314.1640625,
      "mid_mean": -35.58534240722656,
      "mid_to_side_loudness": -10.531495094299316,
      "mid_to_side_loudness_range": 11.833810806274414,
      "side_mean": -46.329627990722656
    },
    {
      "loudness": -46.833839416503906,
      "loudness_range": 15.614883422851562,
      "low_freq": 12199.2666015625,
      "mid_mean": -44.05638122558594,
      "mid_to_side_loudness": -8.337085723876953,
      "mid_to_side_loudness_range": 13.70403003692627,
      "side_mean": -52.973575592041016
    }
  ],
  "bands_short": [
    {
      "high_freq": 148.1999969482422,
      "loudness": -36.53676223754883,
      "loudness_range": 24.353599548339844,
      "mid_mean": -33.85002899169922,
      "mid_to_side_loudness": -9.635604858398438,
      "mid_to_side_loudness_range": 22.33057403564453,
      "side_mean": -44.425418853759766
    },
    {
      "high_freq": 392.3793640136719,
      "loudness": -27.20539665222168,
      "loudness_range": 16.10411834716797,
      "low_freq": 148.1999969482422,
      "mid_mean": -24.46973991394043,
      "mid_to_side_loudness": -7.939117431640625,
      "mid_to_side_loudness_range": 13.628369331359863,
      "side_mean": -32.586055755615234
    },
    {
      "high_freq": 794.6976318359375,
      "loudness": -28.270740509033203,
      "loudness_range": 16.565420150756836,
      "low_freq": 392.3793640136719,
      "mid_mean": -25.38945960998535,
      "mid_to_side_loudness": -8.733043670654297,
      "mid_to_side_loudness_range": 13.785346984863281,
      "side_mean": -34.24262237548828
    },
    {
      "high_freq": 1457.5709228515625,
      "loudness": -31.163488388061523,
      "loudness_range": 25.445009231567383,
      "low_freq": 794.6976318359375,
      "mid_mean": -28.65207290649414,
      "mid_to_side_loudness": -7.476752281188965,
      "mid_to_side_loudness_range": 15.743234634399414,
      "side_mean": -36.42182159423828
    },
    {
      "high_freq": 2549.74365234375,
      "loudness": -33.573944091796875,
      "loudness_range": 23.252485275268555,
      "low_freq": 1457.5709228515625,
      "mid_mean": -31.001834869384766,
      "mid_to_side_loudness": -6.802652359008789,
      "mid_to_side_loudness_range": 13.587785720825195,
      "side_mean": -38.0428466796875
    },
    {
      "high_freq": 4349.24462890625,
      "loudness": -35.899993896484375,
      "loudness_range": 20.08517074584961,
      "low_freq": 2549.74365234375,
      "mid_mean": -33.29497528076172,
      "mid_to_side_loudness": -6.618470191955566,
      "mid_to_side_loudness_range": 11.863527297973633,
      "side_mean": -40.27224349975586
    },
    {
      "high_freq": 7314.1640625,
      "loudness": -37.7724609375,
      "loudness_range": 19.47759246826172,
      "low_freq": 4349.24462890625,
      "mid_mean": -34.730751037597656,
      "mid_to_side_loudness": -9.693336486816406,
      "mid_to_side_loudness_range": 14.53129768371582,
      "side_mean": -44.800682067871094
    },
    {
      "high_freq": 12199.2666015625,
      "loudness": -40.46879959106445,
      "loudness_range": 19.510717391967773,
      "low_freq": 7314.1640625,
      "mid_mean": -37.343963623046875,
      "mid_to_side_loudness": -10.749479293823242,
      "mid_to_side_loudness_range": 15.381187438964844,
      "side_mean": -48.533233642578125
    },
    {
      "loudness": -49.25470733642578,
      "loudness_range": 20.910003662109375,
      "low_freq": 12199.2666015625,
      "mid_mean": -46.4550895690918,
      "mid_to_side_loudness": -10.3449068069458,
      "mid_to_side_loudness_range": 18.983936309814453,
      "side_mean": -56.94241714477539
    }
  ],
  "bandwidth": 692.6080322265625,
  "channels": 2,
  "covariance": [
    [
      59.45002746582031,
      26.080419540405273,
      17.521621704101562,
      13.726491928100586,
      15.943543434143066,
      17.334022521972656,
      27.68710708618164,
      22.92378807067871,
      21.406322479248047,
      20.67229652404785,
      23.90457534790039,
      22.200550079345703,
      17.6776123046875,
      19.6285400390625,
      15.012407302856445,
      19.6085205078125,
      17.188133239746094,
      25.041635513305664
    ],
    [
      26.080419540405273,
      29.65032958984375,
      10.353442192077637,
      12.126855850219727,
      10.866375923156738,
      12.815567016601562,
      17.480016708374023,
      15.023299217224121,
      14.515753746032715,
      13.702199935913086,
      14.425832748413086,
      12.704276084899902,
      12.750914573669434,
      13.451810836791992,
      11.766894340515137,
      14.045181274414062,
      11.820464134216309,
      15.196245193481445
    ],
    [
      17.521621704101562,
      10.353442192077637,
      26.89060401916504,
      16.849071502685547,
      11.86998176574707,
      11.932638168334961,
      13.793238639831543,
      12.131107330322266,
      11.993124008178711,
      11.762811660766602,
      17.005657196044922,
      15.231114387512207,
      13.374231338500977,
      14.502625465393066,
      12.134177207946777,
      15.151193618774414,
      15.810403823852539,
      17.014801025390625
    ],
    [
      13.726491928100586,
      12.126855850219727,
      16.849071502685547,
      19.52341651916504,
      13.336905479431152,
      14.690726280212402,
      16.434486389160156,
      15.253852844238281,
      14.176740646362305,
      13.746674537658691,
      16.872167587280273,
      16.48505210876465,
      13.825794219970703,
      15.555459022521973,
      12.309554100036621,
      15.891877174377441,
      13.183738708496094,
      15.511689186096191
    ],
    [
      15.943543434143066,
      10.866375923156738,
      11.86998176574707,
      13.336905479431152,
      35.12353515625,
      24.37822151184082,
      32.58921813964844,
      23.979333877563477,
      23.76341438293457,
      19.94483184814453,
      26.485309600830078,
      21.43317222595215,
      20.042165756225586,
      19.03811264038086,
      16.856685638427734,
      18.3027286529541,
      15.114106178283691,
      17.67176628112793
    ],
    [
      17.334022521972656,
      12.815567016601562,
      11.932638168334961,
      14.690726280212402,
      24.37822151184082,
      26.88315773010254,
      27.712800979614258,
      24.819814682006836,
      23.322856903076172,
      21.66622543334961,
      24.57346534729004,
      22.833139419555664,
      18.730871200561523,
      20.216550827026367,
      15.917160987854004,
      19.67325210571289,
      14.659416198730469,
      18.926532745361328
    ],
    [
      27.68710708618164,
      17.480016708374023,
      13.793238639831543,
      16.434486389160156,
      32.58921813964844,
      27.712800979614258,
      79.89755249023438,
      52.199195861816406,
      39.26176834106445,
      30.66428565979004,
      38.61756896972656,
      29.102251052856445,
      32.16548156738281,
      25.670333862304688,
      26.569164276123047,
      24.397811889648438,
      22.08513832092285,
      21.964391708374023
    ],
    [
      22.92378807067871,
      15.023299217224121,
      12.131107330322266,
      15.253852844238281,
      23.979333877563477,
      24.819814682006836,
      52.199195861816406,
      46.08317565917969,
      31.17877960205078,
      28.616851806640625,
      31.375049591064453,
      27.6448974609375,
      25.86575698852539,
      25.192344665527344,
      21.597808837890625,
      23.962596893310547,
      18.90241241455078,
      22.55010986328125
    ],
    [
      21.406322479248047,
      14.515753746032715,
      11.993124008178711,
      14.176740646362305,
      23.76341438293457,
      23.322856903076172,
      39.26176834106445,
      31.17877960205078,
      56.9254035949707,
      36.22595977783203,
      40.348628997802734,
      29.873271942138672,
      27.110607147216797,
      24.447460174560547,
      24.687870025634766,
      22.365999221801758,
      18.84654426574707,
      19.196422576904297
    ],
    [
      20.67229652404785,
      13.702199935913086,
      11.762811660766602,
      13.746674537658691,
      19.94483184814453,
      21.66622543334961,
      30.66428565979004,
      28.616851806640625,
      36.22595977783203,
      31.99103546142578,
      29.457103729248047,
      27.806541442871094,
      21.29401969909668,
      23.771589279174805,
      18.968408584594727,
      22.30959701538086,
      16.61855125427246,
      21.47132110595703
    ],
    [
      23.90457534790039,
      14.425832748413086,
      17.005657196044922,
      16.872167587280273,
      26.485309600830078,
      24.57346534729004,
      38.61756896972656,
      31.375049591064453,
      40.348628997802734,
      29.457103729248047,
      46.67878341674805,
      33.756324768066406,
      28.459888458251953,
      26.455509185791016,
      22.908586502075195,
      23.883813858032227,
      20.709060668945312,
      21.7728214263916
    ],
    [
      22.200550079345703,
      12.704276084899902,
      15.231114387512207,
      16.48505210876465,
      21.43317222595215,
      22.833139419555664,
      29.102251052856445,
      27.6448974609375,
      29.873271942138672,
      27.806541442871094,
      33.756324768066406,
      35.64852523803711,
      23.488332748413086,
      29.00861930847168,
      19.420026779174805,
      26.85396385192871,
      20.04210662841797,
      27.427871704101562
    ],
    [
      17.6776123046875,
      12.750914573669434,
      13.374231338500977,
      13.825794219970703,
      20.042165756225586,
      18.730871200561523,
      32.16548156738281,
      25.86575698852539,
      27.110607147216797,
      21.29401969909668,
      28.459888458251953,
      23.488332748413086,
      32.854976654052734,
      25.75313377380371,
      27.142963409423828,
      25.560508728027344,
      25.13593101501465,
      23.46304702758789
    ],
    [
      19.6285400390625,
      13.451810836791992,
      14.502625465393066,
      15.555459022521973,
      19.03811264038086,
      20.216550827026367,
      25.670333862304688,
      25.192344665527344,
      24.447460174560547,
      23.771589279174805,
      26.455509185791016,
      29.00861930847168,
      25.75313377380371,
      32.407020568847656,
      21.86492347717285,
      31.679445266723633,
      22.791276931762695,
      32.540157318115234
    ],
    [
      15.012407302856445,
      11.766894340515137,
      12.134177207946777,
      12.309554100036621,
      16.856685638427734,
      15.917160987854004,
      26.569164276123047,
      21.597808837890625,
      24.687870025634766,
      18.968408584594727,
      22.908586502075195,
      19.420026779174805,
      27.142963409423828,
      21.86492347717285,
      28.939498901367188,
      23.80095672607422,
      24.9561710357666,
      22.087200164794922
    ],
    [
      19.6085205078125,
      14.045181274414062,
      15.151193618774414,
      15.891877174377441,
      18.3027286529541,
      19.67325210571289,
      24.397811889648438,
      23.962596893310547,
      22.365999221801758,
      22.30959701538086,
      23.883813858032227,
      26.85396385192871,
      25.560508728027344,
      31.679445266723633,
      23.80095672607422,
      35.23808288574219,
      25.80667495727539,
      37.67194366455078
    ],
    [
      17.188133239746094,
      11.820464134216309,
      15.810403823852539,
      13.183738708496094,
      15.114106178283691,
      14.659416198730469,
      22.08513832092285,
      18.90241241455078,
      18.84654426574707,
      16.61855125427246,
      20.709060668945312,
      20.04210662841797,
      25.13593101501465,
      22.791276931762695,
      24.9561710357666,
      25.80667495727539,
      32.71567153930664,
      28.955121994018555
    ],
    [
      25.041635513305664,
      15.196245193481445,
      17.014801025390625,
      15.511689186096191,
      17.67176628112793,
      18.926532745361328,
      21.964391708374023,
      22.55010986328125,
      19.196422576904297,
      21.47132110595703,
      21.7728214263916,
      27.427871704101562,
      23.46304702758789,
      32.540157318115234,
      22.087200164794922,
      37.67194366455078,
      28.955121994018555,
      58.61745834350586
    ]
  ],
  "covariance_short": [
    [
      90.56072235107422,
      39.14003372192383,
      27.94989585876465,
      15.421125411987305,
      15.59555435180664,
      15.412969589233398,
      25.833154678344727,
      22.33386993408203,
      21.6761417388916,
      21.546585083007812,
      24.799850463867188,
      23.877836227416992,
      21.31348419189453,
      23.614233016967773,
      18.972023010253906,
      23.129758834838867,
      21.459712982177734,
      26.025279998779297
    ],
    [
      39.14003372192383,
      60.68460464477539,
      13.820310592651367,
      15.533992767333984,
      8.252528190612793,
      11.297340393066406,
      15.711938858032227,
      13.495800971984863,
      12.618709564208984,
      12.933402061462402,
      11.729338645935059,
      11.250171661376953,
      14.780853271484375,
      15.769139289855957,
      15.731630325317383,
      19.047298431396484,
      14.797381401062012,
      20.93678092956543
    ],
    [
      27.94989585876465,
      13.820310592651367,
      38.84724807739258,
      19.483232498168945,
      15.57167911529541,
      15.32613754272461,
      18.03609275817871,
      16.756010055541992,
      16.769208908081055,
      16.38245964050293,
      22.035993576049805,
      21.085105895996094,
      19.260677337646484,
      21.460256576538086,
      17.562421798706055,
      22.418025970458984,
      21.264373779296875,
      22.831893920898438
    ],
    [
      15.421125411987305,
      15.533992767333984,
      19.483232498168945,
      23.525747299194336,
      14.073907852172852,
      15.57427978515625,
      17.00443458557129,
      15.619451522827148,
      15.17603874206543,
      14.835402488708496,
      17.794336318969727,
      17.60816192626953,
      16.002056121826172,
      18.24974822998047,
      14.820425033569336,
      19.263317108154297,
      15.101444244384766,
      17.744760513305664
    ],
    [
      15.59555435180664,
      8.252528190612793,
      15.57167911529541,
      14.073907852172852,
      39.78605270385742,
      23.823680877685547,
      31.68048667907715,
      22.504989624023438,
      25.986452102661133,
      20.499839782714844,
      29.065248489379883,
      22.934772491455078,
      24.838191986083984,
      21.771459579467773,
      21.653318405151367,
      21.60910415649414,
      19.54843521118164,
      17.766592025756836
    ],
    [
      15.412969589233398,
      11.297340393066406,
      15.32613754272461,
      15.57427978515625,
      23.823680877685547,
      31.222610473632812,
      26.938678741455078,
      24.88312339782715,
      23.962203979492188,
      22.555505752563477,
      24.996686935424805,
      24.53042221069336,
      21.10917854309082,
      23.39916229248047,
      18.60079002380371,
      23.560810089111328,
      17.26664161682129,
      19.45924186706543
    ],
    [
      25.833154678344727,
      15.711938858032227,
      18.03609275817871,
      17.00443458557129,
      31.68048667907715,
      26.938678741455078,
      87.57431030273438,
      52.784393310546875,
      44.361385345458984,
      32.84959030151367,
      41.93320846557617,
      31.19929313659668,
      41.379737854003906,
      30.922504425048828,
      35.20982360839844,
      29.53399085998535,
      27.134727478027344,
      19.020530700683594
    ],
    [
      22.33386993408203,
      13.495800971984863,
      16.756010055541992,
      15.619451522827148,
      22.504989624023438,
      24.88312339782715,
      52.784393310546875,
      52.575313568115234,
      32.91200256347656,
      31.890228271484375,
      31.837688446044922,
      30.993337631225586,
      29.040637969970703,
      30.49577522277832,
      24.73540496826172,
      28.79073715209961,
      21.021625518798828,
      21.450315475463867
    ],
    [
      21.6761417388916,
      12.618709564208984,
      16.769208908081055,
      15.17603874206543,
      25.986452102661133,
      23.962203979492188,
      44.361385345458984,
      32.91200256347656,
      65.14076232910156,
      38.49735641479492,
      44.99411392211914,
      33.040252685546875,
      35.7172737121582,
      29.98892593383789,
      33.244956970214844,
      29.1442928314209,
      25.344615936279297,
      19.362247467041016
    ],
    [
      21.546585083007812,
      12.933402061462402,
      16.38245964050293,
      14.835402488708496,
      20.499839782714844,
      22.555505752563477,
      32.84959030151367,
      31.890228271484375,
      38.49735641479492,
      38.054298400878906,
      31.8063907623291,
      31.436918258666992,
      25.489545822143555,
      29.405080795288086,
      22.985727310180664,
      28.343568801879883,
      20.218563079833984,
      22.8555965423584
    ],
    [
      24.799850463867188,
      11.729338645935059,
      22.035993576049805,
      17.794336318969727,
      29.065248489379883,
      24.996686935424805,
      41.93320846557617,
      31.837688446044922,
      44.99411392211914,
      31.8063907623291,
      55.07803726196289,
      37.43282699584961,
      38.27711868286133,
      33.06831359863281,
      32.41480255126953,
      30.450910568237305,
      28.074628829956055,
      22.7254695892334
    ],
    [
      23.877836227416992,
      11.250171661376953,
      21.085105895996094,
      17.60816192626953,
      22.934772491455078,
      24.53042221069336,
      31.19929313659668,
      30.993337631225586,
      33.040252685546875,
      31.436918258666992,
      37.43282699584961,
      41.59882736206055,
      28.353923797607422,
      35.591793060302734,
      24.444982528686523,
      33.921661376953125,
      24.216190338134766,
      30.119237899780273
    ],
    [
      21.31348419189453,
      14.780853271484375,
      19.260677337646484,
      16.002056121826172,
      24.838191986083984,
      21.10917854309082,
      41.379737854003906,
      29.040637969970703,
      35.7172737121582,
      25.489545822143555,
      38.27711868286133,
      28.353923797607422,
      51.532066345214844,
      34.67628860473633,
      44.88075637817383,
      35.95831298828125,
      40.485191345214844,
      29.922433853149414
    ],
    [
      23.614233016967773,
      15.769139289855957,
      21.460256576538086,
      18.24974822998047,
      21.771459579467773,
      23.39916229248047,
      30.922504425048828,
      30.49577522277832,
      29.98892593383789,
      29.405080795288086,
      33.06831359863281,
      35.591793060302734,
      34.67628860473633,
      44.07599639892578,
      31.41513442993164,
      43.91672134399414,
      32.02134323120117,
      42.34101104736328
    ],
    [
      18.972023010253906,
      15.731630325317383,
      17.562421798706055,
      14.820425033569336,
      21.653318405151367,
      18.60079002380371,
      35.20982360839844,
      24.73540496826172,
      33.244956970214844,
      22.985727310180664,
      32.41480255126953,
      24.444982528686523,
      44.88075637817383,
      31.41513442993164,
      51.00356674194336,
      37.05979537963867,
      43.60055923461914,
      31.133058547973633
    ],
    [
      23.129758834838867,
      19.047298431396484,
      22.418025970458984,
      19.263317108154297,
      21.60910415649414,
      23.560810089111328,
      29.53399085998535,
      28.79073715209961,
      29.1442928314209,
      28.343568801879883,
      30.450910568237305,
      33.921661376953125,
      35.95831298828125,
      43.91672134399414,
      37.05979537963867,
      52.84388732910156,
      38.67522048950195,
      52.037803649902344
    ],
    [
      21.459712982177734,
      14.797381401062012,
      21.264373779296875,
      15.101444244384766,
      19.54843521118164,
      17.26664161682129,
      27.134727478027344,
      21.021625518798828,
      25.344615936279297,
      20.218563079833984,
      28.074628829956055,
      24.216190338134766,
      40.485191345214844,
      32.02134323120117,
      43.60055923461914,
      38.67522048950195,
      55.5019645690918,
      40.78703689575195
    ],
    [
      26.025279998779297,
      20.93678092956543,
      22.831893920898438,
      17.744760513305664,
      17.766592025756836,
      19.45924186706543,
      19.020530700683594,
      21.450315475463867,
      19.362247467041016,
      22.8555965423584,
      22.7254695892334,
      30.119237899780273,
      29.922433853149414,
      42.34101104736328,
      31.133058547973633,
      52.037803649902344,
      40.78703689575195,
      70.30462646484375
    ]
  ],
  "damage": -10.798026084899902,
  "diff_bandwidth": 723.3760375976562,
  "dissonance": 7.927502241195466,
  "drr": 10.285758972167969,
  "dynamics": 3.972844362258911,
  "format": 1245190,
  "frames": 9187264,
  "loudness": -16.623226165771484,
  "loudness_range": 11.362178802490234,
  "loudness_range_short": 13.860206604003906,
  "lowpass_true_peak_15khz": -1.0597050189971924,
  "mastering3_acoustic_entropies": [
    {
      "acoustic_entropy": 10.391998291015625,
      "acoustic_entropy_mono": 10.73272705078125,
      "band_eliminated_acoustic_entropies": [
        {
          "acoustic_entropy": 10.436614990234375,
          "acoustic_entropy_side": 10.391660690307617,
          "hz": 129.47220167065723
        },
        {
          "acoustic_entropy": 10.174677848815918,
          "acoustic_entropy_side": 10.393660545349121,
          "hz": 202.92927478742237
        },
        {
          "acoustic_entropy": 10.74087905883789,
          "acoustic_entropy_side": 10.434456825256348,
          "hz": 282.89161906338205
        },
        {
          "acoustic_entropy": 10.197076797485352,
          "acoustic_entropy_side": 10.41556167602539,
          "hz": 369.9353335868758
        },
        {
          "acoustic_entropy": 10.468914031982422,
          "acoustic_entropy_side": 10.478875160217285,
          "hz": 464.6875360973435
        },
        {
          "acoustic_entropy": 9.977331161499023,
          "acoustic_entropy_side": 10.427911758422852,
          "hz": 567.8308811364784
        },
        {
          "acoustic_entropy": 10.157445907592773,
          "acoustic_entropy_side": 10.43348217010498,
          "hz": 680.1084783214808
        },
        {
          "acoustic_entropy": 9.448129653930664,
          "acoustic_entropy_side": 10.336297035217285,
          "hz": 802.3292461747484
        },
        {
          "acoustic_entropy": 9.72940731048584,
          "acoustic_entropy_side": 10.425207138061523,
          "hz": 935.3737400823702
        },
        {
          "acoustic_entropy": 9.707651138305664,
          "acoustic_entropy_side": 10.490233421325684,
          "hz": 1080.2004963696966
        },
        {
          "acoustic_entropy": 9.46939468383789,
          "acoustic_entropy_side": 10.433695793151855,
          "hz": 1237.8529382007157
        },
        {
          "acoustic_entropy": 9.312399864196777,
          "acoustic_entropy_side": 10.441871643066406,
          "hz": 1409.4668930556702
        },
        {
          "acoustic_entropy": 9.4252347946167,
          "acoustic_entropy_side": 10.347526550292969,
          "hz": 1596.2787759475705
        },
        {
          "acoustic_entropy": 10.177457809448242,
          "acoustic_entropy_side": 10.376731872558594,
          "hz": 1799.6344973346393
        },
        {
          "acoustic_entropy": 9.784597396850586,
          "acoustic_entropy_side": 10.442837715148926,
          "hz": 2020.9991599069049
        },
        {
          "acoustic_entropy": 10.553448677062988,
          "acoustic_entropy_side": 10.396219253540039,
          "hz": 2261.9676141086993
        },
        {
          "acoustic_entropy": 10.36401653289795,
          "acoustic_entropy_side": 10.4036283493042,
          "hz": 2524.2759484456974
        },
        {
          "acoustic_entropy": 9.269944190979004,
          "acoustic_entropy_side": 10.390593528747559,
          "hz": 2809.813997359896
        },
        {
          "acoustic_entropy": 10.121509552001953,
          "acoustic_entropy_side": 10.422807693481445,
          "hz": 3120.6389567871424
        },
        {
          "acoustic_entropy": 10.415975570678711,
          "acoustic_entropy_side": 10.386509895324707,
          "hz": 3458.990205492291
        },
        {
          "acoustic_entropy": 10.496593475341797,
          "acoustic_entropy_side": 10.422881126403809,
          "hz": 3827.305438964164
        },
        {
          "acoustic_entropy": 10.41659164428711,
          "acoustic_entropy_side": 10.421281814575195,
          "hz": 4228.238232109126
        },
        {
          "acoustic_entropy": 10.467122077941895,
          "acoustic_entropy_side": 10.41843318939209,
          "hz": 4664.6771572759235
        },
        {
          "acoustic_entropy": 10.291975975036621,
          "acoustic_entropy_side": 10.39750862121582,
          "hz": 5139.766595350093
        },
        {
          "acoustic_entropy": 10.320191383361816,
          "acoustic_entropy_side": 10.419822692871094,
          "hz": 5656.929389854203
        },
        {
          "acoustic_entropy": 10.379743576049805,
          "acoustic_entropy_side": 10.424362182617188,
          "hz": 6219.891507268283
        },
        {
          "acoustic_entropy": 10.38013744354248,
          "acoustic_entropy_side": 10.41994857788086,
          "hz": 6832.70888123896
        },
        {
          "acoustic_entropy": 10.390096664428711,
          "acoustic_entropy_side": 10.424199104309082,
          "hz": 7499.796634079867
        },
        {
          "acoustic_entropy": 10.358650207519531,
          "acoustic_entropy_side": 10.420254707336426,
          "hz": 8225.96088609342
        },
        {
          "acoustic_entropy": 10.399084091186523,
          "acoustic_entropy_side": 10.412395477294922,
          "hz": 9016.43338188839
        },
        {
          "acoustic_entropy": 10.419027328491211,
          "acoustic_entropy_side": 10.402812957763672,
          "hz": 9876.909183162974
        },
        {
          "acoustic_entropy": 10.431891441345215,
          "acoustic_entropy_side": 10.400948524475098,
          "hz": 10813.587699516042
        },
        {
          "acoustic_entropy": 10.373006820678711,
          "acoustic_entropy_side": 10.396732330322266,
          "hz": 11833.21735289826
        },
        {
          "acoustic_entropy": 10.37378215789795,
          "acoustic_entropy_side": 10.400490760803223,
          "hz": 12943.144197493959
        },
        {
          "acoustic_entropy": 10.371830940246582,
          "acoustic_entropy_side": 10.393969535827637,
          "hz": 14151.364845322005
        },
        {
          "acoustic_entropy": 10.398622512817383,
          "acoustic_entropy_side": 10.392518043518066,
          "hz": 15466.58407886509
        },
        {
          "acoustic_entropy": 10.391592979431152,
          "acoustic_entropy_side": 10.392365455627441,
          "hz": 16898.27756580493
        },
        {
          "acoustic_entropy": 10.388656616210938,
          "acoustic_entropy_side": 10.392136573791504,
          "hz": 18456.760127700032
        },
        {
          "acoustic_entropy": 10.391092300415039,
          "acoustic_entropy_side": 10.391855239868164,
          "hz": 20153.260054456492
        },
        {
          "acoustic_entropy": 10.391788482666016,
          "acoustic_entropy_side": 10.391922950744629,
          "hz": 22000.00000000001
        }
      ],
      "diff_acoustic_entropy": 6.624884605407715,
      "sn": 6
    },
    {
      "acoustic_entropy": 14.596138000488281,
      "acoustic_entropy_mono": 14.465190887451172,
      "band_eliminated_acoustic_entropies": [
        {
          "acoustic_entropy": 14.466577529907227,
          "acoustic_entropy_side": 14.595810890197754,
          "hz": 129.47220167065723
        },
        {
          "acoustic_entropy": 14.217387199401855,
          "acoustic_entropy_side": 14.621574401855469,
          "hz": 202.92927478742237
        },
        {
          "acoustic_entropy": 14.300724983215332,
          "acoustic_entropy_side": 14.683537483215332,
          "hz": 282.89161906338205
        },
        {
          "acoustic_entropy": 14.195186614990234,
          "acoustic_entropy_side": 14.486618041992188,
          "hz": 369.9353335868758
        },
        {
          "acoustic_entropy": 14.02450180053711,
          "acoustic_entropy_side": 14.63051700592041,
          "hz": 464.6875360973435
        },
        {
          "acoustic_entropy": 14.609758377075195,
          "acoustic_entropy_side": 14.778210639953613,
          "hz": 567.8308811364784
        },
        {
          "acoustic_entropy": 13.529982566833496,
          "acoustic_entropy_side": 14.687271118164062,
          "hz": 680.1084783214808
        },
        {
          "acoustic_entropy": 15.001057624816895,
          "acoustic_entropy_side": 14.849665641784668,
          "hz": 802.3292461747484
        },
        {
          "acoustic_entropy": 14.564115524291992,
          "acoustic_entropy_side": 14.631539344787598,
          "hz": 935.3737400823702
        },
        {
          "acoustic_entropy": 13.576192855834961,
          "acoustic_entropy_side": 14.934810638427734,
          "hz": 1080.2004963696966
        },
        {
          "acoustic_entropy": 13.927952766418457,
          "acoustic_entropy_side": 14.893878936767578,
          "hz": 1237.8529382007157
        },
        {
          "acoustic_entropy": 14.086637496948242,
          "acoustic_entropy_side": 14.577144622802734,
          "hz": 1409.4668930556702
        },
        {
          "acoustic_entropy": 15.02401065826416,
          "acoustic_entropy_side": 14.674470901489258,
          "hz": 1596.2787759475705
        },
        {
          "acoustic_entropy": 14.657431602478027,
          "acoustic_entropy_side": 14.89017391204834,
          "hz": 1799.6344973346393
        },
        {
          "acoustic_entropy": 14.401668548583984,
          "acoustic_entropy_side": 14.736085891723633,
          "hz": 2020.9991599069049
        },
        {
          "acoustic_entropy": 14.415166854858398,
          "acoustic_entropy_side": 14.540432929992676,
          "hz": 2261.9676141086993
        },
        {
          "acoustic_entropy": 15.090490341186523,
          "acoustic_entropy_side": 14.582249641418457,
          "hz": 2524.2759484456974
        },
        {
          "acoustic_entropy": 14.384428024291992,
          "acoustic_entropy_side": 14.494651794433594,
          "hz": 2809.813997359896
        },
        {
          "acoustic_entropy": 14.521728515625,
          "acoustic_entropy_side": 14.714042663574219,
          "hz": 3120.6389567871424
        },
        {
          "acoustic_entropy": 14.790044784545898,
          "acoustic_entropy_side": 14.69190502166748,
          "hz": 3458.990205492291
        },
        {
          "acoustic_entropy": 14.876288414001465,
          "acoustic_entropy_side": 14.846556663513184,
          "hz": 3827.305438964164
        },
        {
          "acoustic_entropy": 14.816205978393555,
          "acoustic_entropy_side": 14.641267776489258,
          "hz": 4228.238232109126
        },
        {
          "acoustic_entropy": 15.01218318939209,
          "acoustic_entropy_side": 14.720776557922363,
          "hz": 4664.6771572759235
        },
        {
          "acoustic_entropy": 14.585343360900879,
          "acoustic_entropy_side": 14.523297309875488,
          "hz": 5139.766595350093
        },
        {
          "acoustic_entropy": 14.387446403503418,
          "acoustic_entropy_side": 14.495919227600098,
          "hz": 5656.929389854203
        },
        {
          "acoustic_entropy": 14.179490089416504,
          "acoustic_entropy_side": 14.425437927246094,
          "hz": 6219.891507268283
        },
        {
          "acoustic_entropy": 14.399340629577637,
          "acoustic_entropy_side": 14.342011451721191,
          "hz": 6832.70888123896
        },
        {
          "acoustic_entropy": 14.614950180053711,
          "acoustic_entropy_side": 14.4751615524292,
          "hz": 7499.796634079867
        },
        {
          "acoustic_entropy": 14.647583961486816,
          "acoustic_entropy_side": 14.597277641296387,
          "hz": 8225.96088609342
        },
        {
          "acoustic_entropy": 14.648876190185547,
          "acoustic_entropy_side": 14.427963256835938,
          "hz": 9016.43338188839
        },
        {
          "acoustic_entropy": 14.571091651916504,
          "acoustic_entropy_side": 14.510355949401855,
          "hz": 9876.909183162974
        },
        {
          "acoustic_entropy": 14.624205589294434,
          "acoustic_entropy_side": 14.526639938354492,
          "hz": 10813.587699516042
        },
        {
          "acoustic_entropy": 14.44068717956543,
          "acoustic_entropy_side": 14.567715644836426,
          "hz": 11833.21735289826
        },
        {
          "acoustic_entropy": 13.87915325164795,
          "acoustic_entropy_side": 14.619161605834961,
          "hz": 12943.144197493959
        },
        {
          "acoustic_entropy": 14.435088157653809,
          "acoustic_entropy_side": 14.588263511657715,
          "hz": 14151.364845322005
        },
        {
          "acoustic_entropy": 14.536741256713867,
          "acoustic_entropy_side": 14.569938659667969,
          "hz": 15466.58407886509
        },
        {
          "acoustic_entropy": 14.486641883850098,
          "acoustic_entropy_side": 14.577577590942383,
          "hz": 16898.27756580493
        },
        {
          "acoustic_entropy": 14.540203094482422,
          "acoustic_entropy_side": 14.59100341796875,
          "hz": 18456.760127700032
        },
        {
          "acoustic_entropy": 14.602392196655273,
          "acoustic_entropy_side": 14.597745895385742,
          "hz": 20153.260054456492
        },
        {
          "acoustic_entropy": 14.60666275024414,
          "acoustic_entropy_side": 14.596755981445312,
          "hz": 22000.00000000001
        }
      ],
      "diff_acoustic_entropy": 9.878019332885742,
      "sn": 12
    },
    {
      "acoustic_entropy": 21.03278160095215,
      "acoustic_entropy_mono": 20.524625778198242,
      "band_eliminated_acoustic_entropies": [
        {
          "acoustic_entropy": 21.29039192199707,
          "acoustic_entropy_side": 21.020999908447266,
          "hz": 129.47220167065723
        },
        {
          "acoustic_entropy": 21.531112670898438,
          "acoustic_entropy_side": 21.423067092895508,
          "hz": 202.92927478742237
        },
        {
          "acoustic_entropy": 22.101085662841797,
          "acoustic_entropy_side": 21.279193878173828,
          "hz": 282.89161906338205
        },
        {
          "acoustic_entropy": 21.868940353393555,
          "acoustic_entropy_side": 21.102210998535156,
          "hz": 369.9353335868758
        },
        {
          "acoustic_entropy": 19.948360443115234,
          "acoustic_entropy_side": 20.84088134765625,
          "hz": 464.6875360973435
        },
        {
          "acoustic_entropy": 20.556787490844727,
          "acoustic_entropy_side": 21.876605987548828,
          "hz": 567.8308811364784
        },
        {
          "acoustic_entropy": 20.86983871459961,
          "acoustic_entropy_side": 21.29151725769043,
          "hz": 680.1084783214808
        },
        {
          "acoustic_entropy": 21.545534133911133,
          "acoustic_entropy_side": 21.502573013305664,
          "hz": 802.3292461747484
        },
        {
          "acoustic_entropy": 21.69182777404785,
          "acoustic_entropy_side": 20.511323928833008,
          "hz": 935.3737400823702
        },
        {
          "acoustic_entropy": 22.143123626708984,
          "acoustic_entropy_side": 21.224590301513672,
          "hz": 1080.2004963696966
        },
        {
          "acoustic_entropy": 20.6766357421875,
          "acoustic_entropy_side": 21.830806732177734,
          "hz": 1237.8529382007157
        },
        {
          "acoustic_entropy": 21.113300323486328,
          "acoustic_entropy_side": 20.56259536743164,
          "hz": 1409.4668930556702
        },
        {
          "acoustic_entropy": 21.224599838256836,
          "acoustic_entropy_side": 21.702953338623047,
          "hz": 1596.2787759475705
        },
        {
          "acoustic_entropy": 21.058208465576172,
          "acoustic_entropy_side": 21.254793167114258,
          "hz": 1799.6344973346393
        },
        {
          "acoustic_entropy": 20.82032012939453,
          "acoustic_entropy_side": 21.175458908081055,
          "hz": 2020.9991599069049
        },
        {
          "acoustic_entropy": 21.12968635559082,
          "acoustic_entropy_side": 21.415542602539062,
          "hz": 2261.9676141086993
        },
        {
          "acoustic_entropy": 21.61838722229004,
          "acoustic_entropy_side": 21.192251205444336,
          "hz": 2524.2759484456974
        },
        {
          "acoustic_entropy": 20.962295532226562,
