{
  "acoustic_entropy": 162.567138671875,
  "bands": [
    {
      "high_freq": 148.1999969482422,
      "loudness": -36.70492172241211,
      "loudness_range": 17.39729881286621,
      "mid_mean": -35.59954833984375,
      "mid_to_side_loudness": -2.2865872383117676,
      "mid_to_side_loudness_range": 10.270614624023438,
      "side_mean": -37.477813720703125
    },
    {
      "high_freq": 392.3793640136719,
      "loudness": -40.690757751464844,
      "loudness_range": 13.135570526123047,
      "low_freq": 148.1999969482422,
      "mid_mean": -39.61539840698242,
      "mid_to_side_loudness": -1.8638912439346313,
      "mid_to_side_loudness_range": 7.600889205932617,
      "side_mean": -41.20240020751953
    },
    {
      "high_freq": 794.6976318359375,
      "loudness": -35.016685485839844,
      "loudness_range": 13.536619186401367,
      "low_freq": 392.3793640136719,
      "mid_mean": -33.01612854003906,
      "mid_to_side_loudness": -4.073266983032227,
      "mid_to_side_loudness_range": 6.978428840637207,
      "side_mean": -37.14160919189453
    },
    {
      "high_freq": 1457.5709228515625,
      "loudness": -32.12580490112305,
      "loudness_range": 14.97593879699707,
      "low_freq": 794.6976318359375,
      "mid_mean": -30.308795928955078,
      "mid_to_side_loudness": -4.062073230743408,
      "mid_to_side_loudness_range": 8.341021537780762,
      "side_mean": -34.71724319458008
    },
    {
      "high_freq": 2549.74365234375,
      "loudness": -40.43073272705078,
      "loudness_range": 18.18212127685547,
      "low_freq": 1457.5709228515625,
      "mid_mean": -37.97002029418945,
      "mid_to_side_loudness": -5.832610130310059,
      "mid_to_side_loudness_range": 10.362992286682129,
      "side_mean": -44.91326141357422
    },
    {
      "high_freq": 4349.24462890625,
      "loudness": -47.00666046142578,
      "loudness_range": 13.229324340820312,
      "low_freq": 2549.74365234375,
      "mid_mean": -45.38001251220703,
      "mid_to_side_loudness": -3.429507255554199,
      "mid_to_side_loudness_range": 5.974167346954346,
      "side_mean": -51.07579803466797
    },
    {
      "high_freq": 7314.1640625,
      "loudness": -51.6677131652832,
      "loudness_range": 10.592945098876953,
      "low_freq": 4349.24462890625,
      "mid_mean": -51.89047622680664,
      "mid_to_side_loudness": -1.4929378032684326,
      "mid_to_side_loudness_range": 2.718618392944336,
      "side_mean": -53.321434020996094
    },
    {
      "high_freq": 12199.2666015625,
      "loudness": -55.963218688964844,
      "loudness_range": 16.299175262451172,
      "low_freq": 7314.1640625,
      "mid_mean": -54.98676681518555,
      "mid_to_side_loudness": 0.15681175887584686,
      "mid_to_side_loudness_range": 1.4442390203475952,
      "side_mean": -54.81576919555664
    },
    {
      "loudness": -56.84919357299805,
      "loudness_range": 14.324199676513672,
      "low_freq": 12199.2666015625,
      "mid_mean": -55.84242248535156,
      "mid_to_side_loudness": 0.08977963775396347,
      "mid_to_side_loudness_range": 0.471095472574234,
      "side_mean": -55.75205993652344
    }
  ],
  "bands_short": [
    {
      "high_freq": 148.1999969482422,
      "loudness": -38.02461242675781,
      "loudness_range": 19.616863250732422,
      "mid_mean": -37.08032989501953,
      "mid_to_side_loudness": -2.875040054321289,
      "mid_to_side_loudness_range": 15.251723289489746,
      "side_mean": -39.49816131591797
    },
    {
      "high_freq": 392.3793640136719,
      "loudness": -40.35367202758789,
      "loudness_range": 15.431377410888672,
      "low_freq": 148.1999969482422,
      "mid_mean": -39.535282135009766,
      "mid_to_side_loudness": -1.5156148672103882,
      "mid_to_side_loudness_range": 10.580050468444824,
      "side_mean": -40.7581672668457
    },
    {
      "high_freq": 794.6976318359375,
      "loudness": -36.22910690307617,
      "loudness_range": 16.13840675354004,
      "low_freq": 392.3793640136719,
      "mid_mean": -34.72589874267578,
      "mid_to_side_loudness": -3.3671364784240723,
      "mid_to_side_loudness_range": 12.102104187011719,
      "side_mean": -38.08334732055664
    },
    {
      "high_freq": 1457.5709228515625,
      "loudness": -32.8397216796875,
      "loudness_range": 17.41702651977539,
      "low_freq": 794.6976318359375,
      "mid_mean": -31.275678634643555,
      "mid_to_side_loudness": -3.7277939319610596,
      "mid_to_side_loudness_range": 13.133197784423828,
      "side_mean": -35.42733383178711
    },
    {
      "high_freq": 2549.74365234375,
      "loudness": -40.851593017578125,
      "loudness_range": 20.546354293823242,
      "low_freq": 1457.5709228515625,
      "mid_mean": -38.80029296875,
      "mid_to_side_loudness": -5.268013954162598,
      "mid_to_side_loudness_range": 13.026047706604004,
      "side_mean": -45.26472091674805
    },
    {
      "high_freq": 4349.24462890625,
      "loudness": -47.901390075683594,
      "loudness_range": 16.926307678222656,
      "low_freq": 2549.74365234375,
      "mid_mean": -46.76184844970703,
      "mid_to_side_loudness": -2.9454782009124756,
      "mid_to_side_loudness_range": 7.7454962730407715,
      "side_mean": -51.72057342529297
    },
    {
      "high_freq": 7314.1640625,
      "loudness": -52.52477264404297,
      "loudness_range": 14.3092041015625,
      "low_freq": 4349.24462890625,
      "mid_mean": -52.953956604003906,
      "mid_to_side_loudness": -1.3097233772277832,
      "mid_to_side_loudness_range": 4.217397212982178,
      "side_mean": -54.21177673339844
    },
    {
      "high_freq": 12199.2666015625,
      "loudness": -56.52080154418945,
      "loudness_range": 20.06909942626953,
      "low_freq": 7314.1640625,
      "mid_mean": -55.4649772644043,
      "mid_to_side_loudness": 0.21789567172527313,
      "mid_to_side_loudness_range": 2.403792142868042,
      "side_mean": -55.24272537231445
    },
    {
      "loudness": -56.88057327270508,
      "loudness_range": 14.645790100097656,
      "low_freq": 12199.2666015625,
      "mid_mean": -55.82911682128906,
      "mid_to_side_loudness": 0.08421991765499115,
      "mid_to_side_loudness_range": 1.3875614404678345,
      "side_mean": -55.74419021606445
    }
  ],
  "bandwidth": 619.3013305664062,
  "channels": 2,
  "covariance": [
    [
      44.205074310302734,
      33.19561004638672,
      18.139320373535156,
      23.193309783935547,
      5.4487714767456055,
      7.495390892028809,
      3.675251007080078,
      8.195854187011719,
      4.763141632080078,
      10.608152389526367,
      5.685923099517822,
      12.523035049438477,
      8.724893569946289,
      10.610013008117676,
      6.855992317199707,
      8.735954284667969,
      8.622462272644043,
      9.071642875671387
    ],
    [
      33.19561004638672,
      40.313907623291016,
      22.10238265991211,
      22.32999038696289,
      6.147291660308838,
      7.65683650970459,
      3.2433083057403564,
      5.917699337005615,
      3.7319459915161133,
      8.533041000366211,
      7.277552127838135,
      7.790319919586182,
      7.113116264343262,
      7.025894641876221,
      6.597201824188232,
      6.481348514556885,
      6.541172027587891,
      6.59024715423584
    ],
    [
      18.139320373535156,
      22.10238265991211,
      31.443592071533203,
      24.70327377319336,
      9.055242538452148,
      9.927640914916992,
      8.556438446044922,
      7.812596797943115,
      8.782342910766602,
      12.458613395690918,
      13.75212574005127,
      13.844338417053223,
      13.308866500854492,
      10.847161293029785,
      10.56497573852539,
      9.584654808044434,
      7.471090316772461,
      7.314517021179199
    ],
    [
      23.193309783935547,
      22.32999038696289,
      24.70327377319336,
      31.967443466186523,
      8.640522003173828,
      9.547316551208496,
      6.867041110992432,
      10.327291488647461,
      8.893036842346191,
      16.256406784057617,
      11.545828819274902,
      15.927068710327148,
      11.604856491088867,
      12.961335182189941,
      8.510210037231445,
      10.227924346923828,
      8.76205825805664,
      9.221796035766602
    ],
    [
      5.4487714767456055,
      6.147291660308838,
      9.055242538452148,
      8.640522003173828,
      33.92893981933594,
      27.7618408203125,
      14.980568885803223,
      12.591169357299805,
      15.50416088104248,
      15.93620777130127,
      17.131811141967773,
      18.08115005493164,
      16.134916305541992,
      16.249876022338867,
      9.076415061950684,
      10.067493438720703,
      7.1465067863464355,
      7.24749755859375
    ],
    [
      7.495390892028809,
      7.65683650970459,
      9.927640914916992,
      9.547316551208496,
      27.7618408203125,
      31.180320739746094,
      10.70396614074707,
      10.687551498413086,
      9.673531532287598,
      14.547188758850098,
      15.543522834777832,
      16.695871353149414,
      15.057286262512207,
      15.106222152709961,
      8.823927879333496,
      9.520599365234375,
      7.220630645751953,
      7.302819728851318
    ],
    [
      3.675251007080078,
      3.2433083057403564,
      8.556438446044922,
      6.867041110992432,
      14.980568885803223,
      10.70396614074707,
      40.98471450805664,
      34.23636245727539,
      36.662025451660156,
      27.618234634399414,
      29.996318817138672,
      23.573318481445312,
      17.2835693359375,
      15.068811416625977,
      7.157306671142578,
      8.491092681884766,
      6.047640323638916,
      5.970059871673584
    ],
    [
      8.195854187011719,
      5.917699337005615,
      7.812596797943115,
      10.327291488647461,
      12.591169357299805,
      10.687551498413086,
      34.23636245727539,
      43.7780647277832,
      37.2886848449707,
      31.035505294799805,
      25.433361053466797,
      21.33072853088379,
      16.48371124267578,
      15.698261260986328,
      6.655289649963379,
      8.783407211303711,
      6.751654148101807,
      7.064612865447998
    ],
    [
      4.763141632080078,
      3.7319459915161133,
      8.782342910766602,
      8.893036842346191,
      15.50416088104248,
      9.673531532287598,
      36.662025451660156,
      37.2886848449707,
      52.495208740234375,
      32.48973083496094,
      27.650182723999023,
      20.618486404418945,
      16.39988136291504,
      14.585707664489746,
      5.947751522064209,
      7.573460102081299,
      5.171666622161865,
      5.144006252288818
    ],
    [
      10.608152389526367,
      8.533041000366211,
      12.458613395690918,
      16.256406784057617,
      15.93620777130127,
      14.547188758850098,
      27.618234634399414,
      31.035505294799805,
      32.48973083496094,
      36.41505432128906,
      28.63551139831543,
      24.370210647583008,
      18.53679084777832,
      18.291364669799805,
      8.901582717895508,
      11.124549865722656,
      8.59373950958252,
      8.940023422241211
    ],
    [
      5.685923099517822,
      7.277552127838135,
      13.75212574005127,
      11.545828819274902,
      17.131811141967773,
      15.543522834777832,
      29.996318817138672,
      25.433361053466797,
      27.650182723999023,
      28.63551139831543,
      39.31748580932617,
      29.990989685058594,
      23.86160659790039,
      20.718095779418945,
      12.32905387878418,
      13.02347469329834,
      9.128262519836426,
      9.0126371383667
    ],
    [
      12.523035049438477,
      7.790319919586182,
      13.844338417053223,
      15.927068710327148,
      18.08115005493164,
      16.695871353149414,
      23.573318481445312,
      21.33072853088379,
      20.618486404418945,
      24.370210647583008,
      29.990989685058594,
      60.92781448364258,
      50.570762634277344,
      47.901275634765625,
      33.10595703125,
      35.80403518676758,
      29.125520706176758,
      29.595619201660156
    ],
    [
      8.724893569946289,
      7.113116264343262,
      13.308866500854492,
      11.604856491088867,
      16.134916305541992,
      15.057286262512207,
      17.2835693359375,
      16.48371124267578,
      16.39988136291504,
      18.53679084777832,
      23.86160659790039,
      50.570762634277344,
      46.899169921875,
      42.7696533203125,
      31.104921340942383,
      32.06705856323242,
      25.484573364257812,
      25.674962997436523
    ],
    [
      10.610013008117676,
      7.025894641876221,
      10.847161293029785,
      12.961335182189941,
      16.249876022338867,
      15.106222152709961,
      15.068811416625977,
      15.698261260986328,
      14.585707664489746,
      18.291364669799805,
      20.718095779418945,
      47.901275634765625,
      42.7696533203125,
      41.402618408203125,
      28.217554092407227,
      30.422653198242188,
      24.472698211669922,
      24.958629608154297
    ],
    [
      6.855992317199707,
      6.597201824188232,
      10.56497573852539,
      8.510210037231445,
      9.076415061950684,
      8.823927879333496,
      7.157306671142578,
      6.655289649963379,
      5.947751522064209,
      8.901582717895508,
      12.32905387878418,
      33.10595703125,
      31.104921340942383,
      28.217554092407227,
      23.152864456176758,
      23.152524948120117,
      18.676794052124023,
      18.737106323242188
    ],
    [
      8.735954284667969,
      6.481348514556885,
      9.584654808044434,
      10.227924346923828,
      10.067493438720703,
      9.520599365234375,
      8.491092681884766,
      8.783407211303711,
      7.573460102081299,
      11.124549865722656,
      13.02347469329834,
      35.80403518676758,
      32.06705856323242,
      30.422653198242188,
      23.152524948120117,
      24.368030548095703,
      19.853076934814453,
      20.156095504760742
    ],
    [
      8.622462272644043,
      6.541172027587891,
      7.471090316772461,
      8.76205825805664,
      7.1465067863464355,
      7.220630645751953,
      6.047640323638916,
      6.751654148101807,
      5.171666622161865,
      8.59373950958252,
      9.128262519836426,
      29.125520706176758,
      25.484573364257812,
      24.472698211669922,
      18.676794052124023,
      19.853076934814453,
      17.053150177001953,
      17.33513832092285
    ],
    [
      9.071642875671387,
      6.59024715423584,
      7.314517021179199,
      9.221796035766602,
      7.24749755859375,
      7.302819728851318,
      5.970059871673584,
      7.064612865447998,
      5.144006252288818,
      8.940023422241211,
      9.0126371383667,
      29.595619201660156,
      25.674962997436523,
      24.958629608154297,
      18.737106323242188,
      20.156095504760742,
      17.33513832092285,
      17.710832595825195
    ]
  ],
  "covariance_short": [
    [
      56.30419158935547,
      38.98019790649414,
      24.044118881225586,
      27.13853645324707,
      5.536749839782715,
      7.8966593742370605,
      3.2443861961364746,
      4.724899768829346,
      3.24040150642395,
      8.825791358947754,
      8.200007438659668,
      13.54859447479248,
      9.5693359375,
      10.522064208984375,
      7.6520209312438965,
      9.032970428466797,
      9.648594856262207,
      9.87940788269043
    ],
    [
      38.98019790649414,
      54.569793701171875,
      26.018653869628906,
      28.59123992919922,
      5.298901081085205,
      6.9129815101623535,
      0.6573347449302673,
      4.119481086730957,
      3.0456762313842773,
      8.003376007080078,
      6.552450180053711,
      5.964078903198242,
      5.466776371002197,
      5.208089828491211,
      5.2082905769348145,
      4.867923736572266,
      6.114699840545654,
      6.03894567489624
    ],
    [
      24.044118881225586,
      26.018653869628906,
      37.62285232543945,
      28.526206970214844,
      9.481071472167969,
      9.893645286560059,
      7.769898891448975,
      7.871168613433838,
      8.399694442749023,
      13.356266021728516,
      15.476709365844727,
      12.975611686706543,
      12.599920272827148,
      9.992242813110352,
      9.31572437286377,
      8.321678161621094,
      6.718029022216797,
      6.485630512237549
    ],
    [
      27.13853645324707,
      28.59123992919922,
      28.526206970214844,
      37.082298278808594,
      11.371842384338379,
      11.943121910095215,
      6.871519088745117,
      7.948686599731445,
      9.455056190490723,
      15.378434181213379,
      15.965906143188477,
      15.583963394165039,
      12.431941986083984,
      12.103747367858887,
      8.74417495727539,
      9.42588996887207,
      8.29763412475586,
      8.517107963562012
    ],
    [
      5.536749839782715,
      5.298901081085205,
      9.481071472167969,
      11.371842384338379,
      51.8051872253418,
      35.603702545166016,
      23.124223709106445,
      18.809192657470703,
      21.510526657104492,
      21.90203094482422,
      27.270832061767578,
      24.555326461791992,
      23.002586364746094,
      22.00254249572754,
      11.283361434936523,
      11.978286743164062,
      7.389727592468262,
      7.382462024688721
    ],
    [
      7.8966593742370605,
      6.9129815101623535,
      9.893645286560059,
      11.943121910095215,
      35.603702545166016,
      40.98770523071289,
      14.324979782104492,
      12.611632347106934,
      14.586386680603027,
      17.53062629699707,
      20.93730926513672,
      20.30978012084961,
      18.234699249267578,
      18.223268508911133,
      9.297826766967773,
      10.19017505645752,
      7.060081481933594,
      7.177412509918213
    ],
    [
      3.2443861961364746,
      0.6573347449302673,
      7.769898891448975,
      6.871519088745117,
      23.124223709106445,
      14.324979782104492,
      54.02714157104492,
      38.00165939331055,
      41.87301254272461,
      31.609825134277344,
      36.54071044921875,
      28.767898559570312,
      23.5683650970459,
      20.628820419311523,
      7.574697971343994,
      9.208882331848145,
      5.2311811447143555,
      5.222858428955078
    ],
    [
      4.724899768829346,
      4.119481086730957,
      7.871168613433838,
      7.948686599731445,
      18.809192657470703,
      12.611632347106934,
      38.00165939331055,
      50.005706787109375,
      41.98527145385742,
      30.838768005371094,
      29.502887725830078,
      22.624300003051758,
      20.517744064331055,
      17.64632225036621,
      6.160689830780029,
      7.392698287963867,
      5.043008804321289,
      5.061800479888916
    ],
    [
      3.24040150642395,
      3.0456762313842773,
      8.399694442749023,
      9.455056190490723,
      21.510526657104492,
      14.586386680603027,
      41.87301254272461,
      41.98527145385742,
      66.05489349365234,
      37.773311614990234,
      35.3724250793457,
      25.25737762451172,
      23.27212142944336,
      19.463048934936523,
      6.3472981452941895,
      7.601422309875488,
      3.9344446659088135,
      3.842992067337036
    ],
    [
      8.825791358947754,
      8.003376007080078,
      13.356266021728516,
      15.378434181213379,
      21.90203094482422,
      17.53062629699707,
      31.609825134277344,
      30.838768005371094,
      37.773311614990234,
      43.68733215332031,
      36.26045608520508,
      29.288957595825195,
      24.225749969482422,
      22.256969451904297,
      10.524260520935059,
      12.154399871826172,
      8.25737476348877,
      8.4232177734375
    ],
    [
      8.200007438659668,
      6.552450180053711,
      15.476709365844727,
      15.965906143188477,
      27.270832061767578,
      20.93730926513672,
      36.54071044921875,
      29.502887725830078,
      35.3724250793457,
      36.26045608520508,
      58.42642593383789,
      43.53120040893555,
      37.17039108276367,
      32.60099792480469,
      18.02027130126953,
      18.982378005981445,
      11.60207748413086,
      11.478710174560547
    ],
    [
      13.54859447479248,
      5.964078903198242,
      12.975611686706543,
      15.583963394165039,
      24.555326461791992,
      20.30978012084961,
      28.767898559570312,
      22.624300003051758,
      25.25737762451172,
      29.288957595825195,
      43.53120040893555,
      66.8265380859375,
      55.31144714355469,
      51.745567321777344,
      34.42375946044922,
      36.92460632324219,
      28.66289710998535,
      29.053916931152344
    ],
    [
      9.5693359375,
      5.466776371002197,
      12.599920272827148,
      12.431941986083984,
      23.002586364746094,
      18.234699249267578,
      23.5683650970459,
      20.517744064331055,
      23.27212142944336,
      24.225749969482422,
      37.17039108276367,
      55.31144714355469,
      54.11875534057617,
      48.46406555175781,
      32.99473571777344,
      33.894615173339844,
      24.88312339782715,
      25.04645538330078
    ],
    [
      10.522064208984375,
      5.208089828491211,
      9.992242813110352,
      12.103747367858887,
      22.00254249572754,
      18.223268508911133,
      20.628820419311523,
      17.64632225036621,
      19.463048934936523,
      22.256969451904297,
      32.60099792480469,
      51.745567321777344,
      48.46406555175781,
      46.38363265991211,
      30.0264892578125,
      31.84296417236328,
      23.623456954956055,
      24.00771713256836
    ],
    [
      7.6520209312438965,
      5.2082905769348145,
      9.31572437286377,
      8.74417495727539,
      11.283361434936523,
      9.297826766967773,
      7.574697971343994,
      6.160689830780029,
      6.3472981452941895,
      10.524260520935059,
      18.02027130126953,
      34.42375946044922,
      32.99473571777344,
      30.0264892578125,
      24.765172958374023,
      24.58782958984375,
      18.52914047241211,
      18.616626739501953
    ],
    [
      9.032970428466797,
      4.867923736572266,
      8.321678161621094,
      9.42588996887207,
      11.978286743164062,
      10.19017505645752,
      9.208882331848145,
      7.392698287963867,
      7.601422309875488,
      12.154399871826172,
      18.982378005981445,
      36.92460632324219,
      33.894615173339844,
      31.84296417236328,
      24.58782958984375,
      25.735485076904297,
      19.506940841674805,
      19.810768127441406
    ],
    [
      9.648594856262207,
      6.114699840545654,
      6.718029022216797,
      8.29763412475586,
      7.389727592468262,
      7.060081481933594,
      5.2311811447143555,
      5.043008804321289,
      3.9344446659088135,
      8.25737476348877,
      11.60207748413086,
      28.66289710998535,
      24.88312339782715,
      23.623456954956055,
      18.52914047241211,
      19.506940841674805,
      17.103919982910156,
      17.267091751098633
    ],
    [
      9.87940788269043,
      6.03894567489624,
      6.485630512237549,
      8.517107963562012,
      7.382462024688721,
      7.177412509918213,
      5.222858428955078,
      5.061800479888916,
      3.842992067337036,
      8.4232177734375,
      11.478710174560547,
      29.053916931152344,
      25.04645538330078,
      24.00771713256836,
      18.616626739501953,
      19.810768127441406,
      17.267091751098633,
      17.696475982666016
    ]
  ],
  "damage": -16.580669403076172,
  "diff_bandwidth": 661.382080078125,
  "dissonance": 4.888392552268699,
  "drr": -2.4685564041137695,
  "dynamics": 3.4310226440429688,
  "format": 1245190,
  "frames": 2769856,
  "loudness": -23.6954345703125,
  "loudness_range": 8.761262893676758,
  "loudness_range_short": 12.49683952331543,
  "lowpass_true_peak_15khz": -7.345588684082031,
  "mastering3_acoustic_entropies": [
    {
      "acoustic_entropy": 9.771995544433594,
      "acoustic_entropy_mono": 9.518799781799316,
      "band_eliminated_acoustic_entropies": [
        {
          "acoustic_entropy": 9.62191104888916,
          "acoustic_entropy_side": 9.78566837310791,
          "hz": 129.47220167065723
        },
        {
          "acoustic_entropy": 9.178458213806152,
          "acoustic_entropy_side": 9.785210609436035,
          "hz": 202.92927478742237
        },
        {
          "acoustic_entropy": 9.782671928405762,
          "acoustic_entropy_side": 9.793463706970215,
          "hz": 282.89161906338205
        },
        {
          "acoustic_entropy": 9.79616641998291,
          "acoustic_entropy_side": 9.799564361572266,
          "hz": 369.9353335868758
        },
        {
          "acoustic_entropy": 8.902730941772461,
          "acoustic_entropy_side": 9.790811538696289,
          "hz": 464.6875360973435
        },
        {
          "acoustic_entropy": 9.718255043029785,
          "acoustic_entropy_side": 9.893929481506348,
          "hz": 567.8308811364784
        },
        {
          "acoustic_entropy": 10.041251182556152,
          "acoustic_entropy_side": 9.572516441345215,
          "hz": 680.1084783214808
        },
        {
          "acoustic_entropy": 9.88902759552002,
          "acoustic_entropy_side": 9.800579071044922,
          "hz": 802.3292461747484
        },
        {
          "acoustic_entropy": 9.519774436950684,
          "acoustic_entropy_side": 9.800703048706055,
          "hz": 935.3737400823702
        },
        {
          "acoustic_entropy": 9.94157886505127,
          "acoustic_entropy_side": 9.15230655670166,
          "hz": 1080.2004963696966
        },
        {
          "acoustic_entropy": 9.486201286315918,
          "acoustic_entropy_side": 10.310369491577148,
          "hz": 1237.8529382007157
        },
        {
          "acoustic_entropy": 8.257502555847168,
          "acoustic_entropy_side": 9.182379722595215,
          "hz": 1409.4668930556702
        },
        {
          "acoustic_entropy": 9.052874565124512,
          "acoustic_entropy_side": 9.754947662353516,
          "hz": 1596.2787759475705
        },
        {
          "acoustic_entropy": 9.662360191345215,
          "acoustic_entropy_side": 9.798883438110352,
          "hz": 1799.6344973346393
        },
        {
          "acoustic_entropy": 10.082315444946289,
          "acoustic_entropy_side": 9.958396911621094,
          "hz": 2020.9991599069049
        },
        {
          "acoustic_entropy": 9.766580581665039,
          "acoustic_entropy_side": 9.765789031982422,
          "hz": 2261.9676141086993
        },
        {
          "acoustic_entropy": 9.784391403198242,
          "acoustic_entropy_side": 9.774019241333008,
          "hz": 2524.2759484456974
        },
        {
          "acoustic_entropy": 9.74960708618164,
          "acoustic_entropy_side": 9.77127456665039,
          "hz": 2809.813997359896
        },
        {
          "acoustic_entropy": 9.796333312988281,
          "acoustic_entropy_side": 9.779151916503906,
          "hz": 3120.6389567871424
        },
        {
          "acoustic_entropy": 9.786598205566406,
          "acoustic_entropy_side": 9.777793884277344,
          "hz": 3458.990205492291
        },
        {
          "acoustic_entropy": 9.95606803894043,
          "acoustic_entropy_side": 9.789082527160645,
          "hz": 3827.305438964164
        },
        {
          "acoustic_entropy": 9.930937767028809,
          "acoustic_entropy_side": 9.780414581298828,
          "hz": 4228.238232109126
        },
        {
          "acoustic_entropy": 9.83981990814209,
          "acoustic_entropy_side": 9.786688804626465,
          "hz": 4664.6771572759235
        },
        {
          "acoustic_entropy": 9.791441917419434,
          "acoustic_entropy_side": 9.774523735046387,
          "hz": 5139.766595350093
        },
        {
          "acoustic_entropy": 9.777243614196777,
          "acoustic_entropy_side": 9.77507495880127,
          "hz": 5656.929389854203
        },
        {
          "acoustic_entropy": 9.777241706848145,
          "acoustic_entropy_side": 9.776455879211426,
          "hz": 6219.891507268283
        },
        {
          "acoustic_entropy": 9.777881622314453,
          "acoustic_entropy_side": 9.775806427001953,
          "hz": 6832.70888123896
        },
        {
          "acoustic_entropy": 9.774709701538086,
          "acoustic_entropy_side": 9.77354907989502,
          "hz": 7499.796634079867
        },
        {
          "acoustic_entropy": 9.772290229797363,
          "acoustic_entropy_side": 9.772883415222168,
          "hz": 8225.96088609342
        },
        {
          "acoustic_entropy": 9.772445678710938,
          "acoustic_entropy_side": 9.772806167602539,
          "hz": 9016.43338188839
        },
        {
          "acoustic_entropy": 9.772442817687988,
          "acoustic_entropy_side": 9.772856712341309,
          "hz": 9876.909183162974
        },
        {
          "acoustic_entropy": 9.772274017333984,
          "acoustic_entropy_side": 9.772456169128418,
          "hz": 10813.587699516042
        },
        {
          "acoustic_entropy": 9.772673606872559,
          "acoustic_entropy_side": 9.772372245788574,
          "hz": 11833.21735289826
        },
        {
          "acoustic_entropy": 9.772917747497559,
          "acoustic_entropy_side": 9.772478103637695,
          "hz": 12943.144197493959
        },
        {
          "acoustic_entropy": 9.77315902709961,
          "acoustic_entropy_side": 9.772577285766602,
          "hz": 14151.364845322005
        },
        {
          "acoustic_entropy": 9.773209571838379,
          "acoustic_entropy_side": 9.77263355255127,
          "hz": 15466.58407886509
        },
        {
          "acoustic_entropy": 9.772856712341309,
          "acoustic_entropy_side": 9.7724609375,
          "hz": 16898.27756580493
        },
        {
          "acoustic_entropy": 9.772393226623535,
          "acoustic_entropy_side": 9.77222728729248,
          "hz": 18456.760127700032
        },
        {
          "acoustic_entropy": 9.772095680236816,
          "acoustic_entropy_side": 9.772054672241211,
          "hz": 20153.260054456492
        },
        {
          "acoustic_entropy": 9.772006034851074,
          "acoustic_entropy_side": 9.772001266479492,
          "hz": 22000.00000000001
        }
      ],
      "diff_acoustic_entropy": 7.116171360015869,
      "sn": 6
    },
    {
      "acoustic_entropy": 12.35788345336914,
      "acoustic_entropy_mono": 11.751385688781738,
      "band_eliminated_acoustic_entropies": [
        {
          "acoustic_entropy": 12.650785446166992,
          "acoustic_entropy_side": 12.658403396606445,
          "hz": 129.47220167065723
        },
        {
          "acoustic_entropy": 12.589020729064941,
          "acoustic_entropy_side": 12.817859649658203,
          "hz": 202.92927478742237
        },
        {
          "acoustic_entropy": 12.797500610351562,
          "acoustic_entropy_side": 12.658317565917969,
          "hz": 282.89161906338205
        },
        {
          "acoustic_entropy": 12.266231536865234,
          "acoustic_entropy_side": 12.088030815124512,
          "hz": 369.9353335868758
        },
        {
          "acoustic_entropy": 12.138598442077637,
          "acoustic_entropy_side": 12.456690788269043,
          "hz": 464.6875360973435
        },
        {
          "acoustic_entropy": 12.36475658416748,
          "acoustic_entropy_side": 12.727388381958008,
          "hz": 567.8308811364784
        },
        {
          "acoustic_entropy": 12.848241806030273,
          "acoustic_entropy_side": 12.96706771850586,
          "hz": 680.1084783214808
        },
        {
          "acoustic_entropy": 12.546577453613281,
          "acoustic_entropy_side": 12.474921226501465,
          "hz": 802.3292461747484
        },
        {
          "acoustic_entropy": 11.625895500183105,
          "acoustic_entropy_side": 12.153533935546875,
          "hz": 935.3737400823702
        },
        {
          "acoustic_entropy": 12.271872520446777,
          "acoustic_entropy_side": 12.402078628540039,
          "hz": 1080.2004963696966
        },
        {
          "acoustic_entropy": 12.88316822052002,
          "acoustic_entropy_side": 13.219758033752441,
          "hz": 1237.8529382007157
        },
        {
          "acoustic_entropy": 11.779797554016113,
          "acoustic_entropy_side": 12.280925750732422,
          "hz": 1409.4668930556702
        },
        {
          "acoustic_entropy": 11.750503540039062,
          "acoustic_entropy_side": 12.789432525634766,
          "hz": 1596.2787759475705
        },
        {
          "acoustic_entropy": 12.967883110046387,
          "acoustic_entropy_side": 12.491189002990723,
          "hz": 1799.6344973346393
        },
        {
          "acoustic_entropy": 12.356650352478027,
          "acoustic_entropy_side": 12.410528182983398,
          "hz": 2020.9991599069049
        },
        {
          "acoustic_entropy": 12.045624732971191,
          "acoustic_entropy_side": 12.329712867736816,
          "hz": 2261.9676141086993
        },
        {
          "acoustic_entropy": 12.271275520324707,
          "acoustic_entropy_side": 12.383040428161621,
          "hz": 2524.2759484456974
        },
        {
          "acoustic_entropy": 12.309666633605957,
          "acoustic_entropy_side": 12.346537590026855,
          "hz": 2809.813997359896
        },
        {
          "acoustic_entropy": 12.317261695861816,
          "acoustic_entropy_side": 12.386391639709473,
          "hz": 3120.6389567871424
        },
        {
          "acoustic_entropy": 12.061474800109863,
          "acoustic_entropy_side": 12.39902114868164,
          "hz": 3458.990205492291
        },
        {
          "acoustic_entropy": 12.573298454284668,
          "acoustic_entropy_side": 12.638050079345703,
          "hz": 3827.305438964164
        },
        {
          "acoustic_entropy": 12.966207504272461,
          "acoustic_entropy_side": 12.663965225219727,
          "hz": 4228.238232109126
        },
        {
          "acoustic_entropy": 12.673681259155273,
          "acoustic_entropy_side": 12.510120391845703,
          "hz": 4664.6771572759235
        },
        {
          "acoustic_entropy": 12.559968948364258,
          "acoustic_entropy_side": 12.397112846374512,
          "hz": 5139.766595350093
        },
        {
          "acoustic_entropy": 12.432598114013672,
          "acoustic_entropy_side": 12.37930679321289,
          "hz": 5656.929389854203
        },
        {
          "acoustic_entropy": 12.3938570022583,
          "acoustic_entropy_side": 12.372685432434082,
          "hz": 6219.891507268283
        },
        {
          "acoustic_entropy": 12.396120071411133,
          "acoustic_entropy_side": 12.377182960510254,
          "hz": 6832.70888123896
        },
        {
          "acoustic_entropy": 12.3700532913208,
          "acoustic_entropy_side": 12.38145637512207,
          "hz": 7499.796634079867
        },
        {
          "acoustic_entropy": 12.323478698730469,
          "acoustic_entropy_side": 12.373154640197754,
          "hz": 8225.96088609342
        },
        {
          "acoustic_entropy": 12.344199180603027,
          "acoustic_entropy_side": 12.373098373413086,
          "hz": 9016.43338188839
        },
        {
          "acoustic_entropy": 12.339218139648438,
          "acoustic_entropy_side": 12.366832733154297,
          "hz": 9876.909183162974
        },
        {
          "acoustic_entropy": 12.34179401397705,
          "acoustic_entropy_side": 12.363442420959473,
          "hz": 10813.587699516042
        },
        {
          "acoustic_entropy": 12.362738609313965,
          "acoustic_entropy_side": 12.363069534301758,
          "hz": 11833.21735289826
        },
        {
          "acoustic_entropy": 12.365562438964844,
          "acoustic_entropy_side": 12.362751960754395,
          "hz": 12943.144197493959
        },
        {
          "acoustic_entropy": 12.366545677185059,
          "acoustic_entropy_side": 12.363178253173828,
          "hz": 14151.364845322005
        },
        {
          "acoustic_entropy": 12.365799903869629,
          "acoustic_entropy_side": 12.363099098205566,
          "hz": 15466.58407886509
        },
        {
          "acoustic_entropy": 12.364582061767578,
          "acoustic_entropy_side": 12.362212181091309,
          "hz": 16898.27756580493
        },
        {
          "acoustic_entropy": 12.361624717712402,
          "acoustic_entropy_side": 12.360041618347168,
          "hz": 18456.760127700032
        },
        {
          "acoustic_entropy": 12.358837127685547,
          "acoustic_entropy_side": 12.35838508605957,
          "hz": 20153.260054456492
        },
        {
          "acoustic_entropy": 12.35795783996582,
          "acoustic_entropy_side": 12.357921600341797,
          "hz": 22000.00000000001
        }
      ],
      "diff_acoustic_entropy": 8.212231636047363,
      "sn": 12
    },
    {
      "acoustic_entropy": 17.295438766479492,
      "acoustic_entropy_mono": 15.496707916259766,
      "band_eliminated_acoustic_entropies": [
        {
          "acoustic_entropy": 17.367589950561523,
          "acoustic_entropy_side": 17.343374252319336,
          "hz": 129.47220167065723
        },
        {
          "acoustic_entropy": 17.248435974121094,
          "acoustic_entropy_side": 17.23238754272461,
          "hz": 202.92927478742237
        },
        {
          "acoustic_entropy": 17.510971069335938,
          "acoustic_entropy_side": 17.13743782043457,
          "hz": 282.89161906338205
        },
        {
          "acoustic_entropy": 17.992725372314453,
          "acoustic_entropy_side": 18.00465965270996,
          "hz": 369.9353335868758
        },
        {
          "acoustic_entropy": 18.249040603637695,
          "acoustic_entropy_side": 17.658645629882812,
          "hz": 464.6875360973435
        },
        {
          "acoustic_entropy": 17.993633270263672,
          "acoustic_entropy_side": 17.5070743560791,
          "hz": 567.8308811364784
        },
        {
          "acoustic_entropy": 16.667856216430664,
          "acoustic_entropy_side": 17.11076545715332,
          "hz": 680.1084783214808
        },
        {
          "acoustic_entropy": 17.731250762939453,
          "acoustic_entropy_side": 17.34424591064453,
          "hz": 802.3292461747484
        },
        {
          "acoustic_entropy": 16.942962646484375,
          "acoustic_entropy_side": 17.957988739013672,
          "hz": 935.3737400823702
        },
        {
          "acoustic_entropy": 16.572704315185547,
          "acoustic_entropy_side": 16.61507225036621,
          "hz": 1080.2004963696966
        },
        {
          "acoustic_entropy": 17.652137756347656,
          "acoustic_entropy_side": 17.1765079498291,
          "hz": 1237.8529382007157
        },
        {
          "acoustic_entropy": 16.575651168823242,
          "acoustic_entropy_side": 18.043106079101562,
          "hz": 1409.4668930556702
        },
        {
          "acoustic_entropy": 17.417308807373047,
          "acoustic_entropy_side": 18.024093627929688,
          "hz": 1596.2787759475705
        },
        {
          "acoustic_entropy": 19.067167282104492,
          "acoustic_entropy_side": 17.46471405029297,
          "hz": 1799.6344973346393
        },
        {
          "acoustic_entropy": 17.33635139465332,
          "acoustic_entropy_side": 17.070253372192383,
          "hz": 2020.9991599069049
        },
        {
          "acoustic_entropy": 17.65172004699707,
          "acoustic_entropy_side": 17.920705795288086,
          "hz": 2261.9676141086993
        },
        {
          "acoustic_entropy": 17.84016227722168,
          "acoustic_entropy_side": 17.736303329467773,
          "hz": 2524.2759484456974
        },
        {
          "acoustic_entropy": 18.365991592407227,
          "acoustic_entropy_side": 17.409929275512695,
          "hz": 2809.813997359896
        },
        {
          "acoustic_entropy": 16.677818298339844,
          "acoustic_entropy_side": 17.148292541503906,
          "hz": 3120.6389567871424
        },
        {
