{
  "acoustic_entropy": 215.2902374267578,
  "bands": [
    {
      "high_freq": 148.1999969482422,
      "loudness": -36.52644348144531,
      "loudness_range": 22.92226219177246,
      "mid_mean": -35.73077392578125,
      "mid_to_side_loudness": -1.6465845108032227,
      "mid_to_side_loudness_range": 10.315671920776367,
      "side_mean": -37.576656341552734
    },
    {
      "high_freq": 392.3793640136719,
      "loudness": -23.0272159576416,
      "loudness_range": 6.8619232177734375,
      "low_freq": 148.1999969482422,
      "mid_mean": -22.040498733520508,
      "mid_to_side_loudness": -0.9788237810134888,
      "mid_to_side_loudness_range": 8.812079429626465,
      "side_mean": -23.19098663330078
    },
    {
      "high_freq": 794.6976318359375,
      "loudness": -30.301105499267578,
      "loudness_range": 17.911300659179688,
      "low_freq": 392.3793640136719,
      "mid_mean": -28.608699798583984,
      "mid_to_side_loudness": -2.604410409927368,
      "mid_to_side_loudness_range": 11.24862289428711,
      "side_mean": -31.622055053710938
    },
    {
      "high_freq": 1457.5709228515625,
      "loudness": -30.633852005004883,
      "loudness_range": 15.834657669067383,
      "low_freq": 794.6976318359375,
      "mid_mean": -28.693130493164062,
      "mid_to_side_loudness": -3.919208288192749,
      "mid_to_side_loudness_range": 12.417323112487793,
      "side_mean": -32.87469482421875
    },
    {
      "high_freq": 2549.74365234375,
      "loudness": -31.52617645263672,
      "loudness_range": 17.84798812866211,
      "low_freq": 1457.5709228515625,
      "mid_mean": -29.059295654296875,
      "mid_to_side_loudness": -6.21800422668457,
      "mid_to_side_loudness_range": 11.35389518737793,
      "side_mean": -35.34330368041992
    },
    {
      "high_freq": 4349.24462890625,
      "loudness": -38.67670822143555,
      "loudness_range": 10.306392669677734,
      "low_freq": 2549.74365234375,
      "mid_mean": -36.88063430786133,
      "mid_to_side_loudness": -3.2609496116638184,
      "mid_to_side_loudness_range": 7.4525651931762695,
      "side_mean": -40.21261978149414
    },
    {
      "high_freq": 7314.1640625,
      "loudness": -48.06856918334961,
      "loudness_range": 16.483379364013672,
      "low_freq": 4349.24462890625,
      "mid_mean": -46.26887893676758,
      "mid_to_side_loudness": -3.697410821914673,
      "mid_to_side_loudness_range": 9.060870170593262,
      "side_mean": -51.54469680786133
    },
    {
      "high_freq": 12199.2666015625,
      "loudness": -59.94175338745117,
      "loudness_range": 24.347484588623047,
      "low_freq": 7314.1640625,
      "mid_mean": -58.18238830566406,
      "mid_to_side_loudness": -3.437696933746338,
      "mid_to_side_loudness_range": 9.61330795288086,
      "side_mean": -60.43801498413086
    },
    {
      "loudness": -69.70091247558594,
      "loudness_range": 14.914608001708984,
      "low_freq": 12199.2666015625,
      "mid_mean": -65.6041488647461,
      "mid_to_side_loudness": -2.495452642440796,
      "mid_to_side_loudness_range": 5.606722354888916,
      "side_mean": -66.69233703613281
    }
  ],
  "bands_short": [
    {
      "high_freq": 148.1999969482422,
      "loudness": -41.05038833618164,
      "loudness_range": 21.80137062072754,
      "mid_mean": -40.38957977294922,
      "mid_to_side_loudness": -1.2737494707107544,
      "mid_to_side_loudness_range": 14.966178894042969,
      "side_mean": -42.182254791259766
    },
    {
      "high_freq": 392.3793640136719,
      "loudness": -22.88369369506836,
      "loudness_range": 7.392890930175781,
      "low_freq": 148.1999969482422,
      "mid_mean": -21.970317840576172,
      "mid_to_side_loudness": -1.0183994770050049,
      "mid_to_side_loudness_range": 9.78016471862793,
      "side_mean": -23.082515716552734
    },
    {
      "high_freq": 794.6976318359375,
      "loudness": -29.85582160949707,
      "loudness_range": 17.045791625976562,
      "low_freq": 392.3793640136719,
      "mid_mean": -28.25037384033203,
      "mid_to_side_loudness": -2.6709113121032715,
      "mid_to_side_loudness_range": 13.159662246704102,
      "side_mean": -31.35544204711914
    },
    {
      "high_freq": 1457.5709228515625,
      "loudness": -30.9067325592041,
      "loudness_range": 16.749868392944336,
      "low_freq": 794.6976318359375,
      "mid_mean": -29.009679794311523,
      "mid_to_side_loudness": -4.01161003112793,
      "mid_to_side_loudness_range": 13.700441360473633,
      "side_mean": -33.289878845214844
    },
    {
      "high_freq": 2549.74365234375,
      "loudness": -31.833999633789062,
      "loudness_range": 18.339252471923828,
      "low_freq": 1457.5709228515625,
      "mid_mean": -29.439762115478516,
      "mid_to_side_loudness": -6.512930870056152,
      "mid_to_side_loudness_range": 13.543038368225098,
      "side_mean": -36.06108474731445
    },
    {
      "high_freq": 4349.24462890625,
      "loudness": -39.24384307861328,
      "loudness_range": 13.144279479980469,
      "low_freq": 2549.74365234375,
      "mid_mean": -37.38047790527344,
      "mid_to_side_loudness": -3.617600917816162,
      "mid_to_side_loudness_range": 9.606457710266113,
      "side_mean": -41.197662353515625
    },
    {
      "high_freq": 7314.1640625,
      "loudness": -48.74981689453125,
      "loudness_range": 17.723735809326172,
      "low_freq": 4349.24462890625,
      "mid_mean": -47.13251495361328,
      "mid_to_side_loudness": -4.069145679473877,
      "mid_to_side_loudness_range": 10.946172714233398,
      "side_mean": -52.47524642944336
    },
    {
      "high_freq": 12199.2666015625,
      "loudness": -61.221168518066406,
      "loudness_range": 25.319808959960938,
      "low_freq": 7314.1640625,
      "mid_mean": -59.02922439575195,
      "mid_to_side_loudness": -3.8040337562561035,
      "mid_to_side_loudness_range": 10.2975492477417,
      "side_mean": -61.52979278564453
    },
    {
      "loudness": -70.73779296875,
      "loudness_range": 16.041473388671875,
      "low_freq": 12199.2666015625,
      "mid_mean": -66.10981750488281,
      "mid_to_side_loudness": -2.624635934829712,
      "mid_to_side_loudness_range": 5.508998394012451,
      "side_mean": -67.16844177246094
    }
  ],
  "bandwidth": 551.6405639648438,
  "channels": 2,
  "covariance": [
    [
      73.4843521118164,
      59.78670120239258,
      3.473109483718872,
      -5.157383918762207,
      -21.745141983032227,
      -20.21064567565918,
      7.473251819610596,
      6.28620719909668,
      -16.767988204956055,
      -7.872053623199463,
      -7.02406120300293,
      -7.847286701202393,
      -9.824687004089355,
      -11.836555480957031,
      -11.052980422973633,
      -11.577726364135742,
      -4.365483283996582,
      -4.611557483673096
    ],
    [
      59.78670120239258,
      65.26573944091797,
      5.030589580535889,
      -3.4088001251220703,
      -17.383712768554688,
      -18.2259521484375,
      4.918750286102295,
      5.4246296882629395,
      -13.383916854858398,
      -6.8971076011657715,
      -7.873945236206055,
      -8.681689262390137,
      -7.241735458374023,
      -10.554750442504883,
      -9.152901649475098,
      -10.14494800567627,
      -2.8887808322906494,
      -3.881638765335083
    ],
    [
      3.473109483718872,
      5.030589580535889,
      12.269319534301758,
      7.272824287414551,
      -3.119211196899414,
      -4.086148262023926,
      6.040067195892334,
      5.782139778137207,
      -4.9525465965271,
      -2.3066091537475586,
      -1.1527310609817505,
      0.47024860978126526,
      -1.034032940864563,
      2.11232328414917,
      1.838404655456543,
      1.2173188924789429,
      1.2244653701782227,
      0.09284830093383789
    ],
    [
      -5.157383918762207,
      -3.4088001251220703,
      7.272824287414551,
      11.56432056427002,
      1.7736518383026123,
      0.4173596203327179,
      2.2641725540161133,
      2.2262699604034424,
      -1.719166874885559,
      -1.419539451599121,
      1.2503138780593872,
      2.9928197860717773,
      -0.07685447484254837,
      4.281321048736572,
      3.3871326446533203,
      2.831552505493164,
      2.190234899520874,
      1.2837848663330078
    ],
    [
      -21.745141983032227,
      -17.383712768554688,
      -3.119211196899414,
      1.7736518383026123,
      43.39691925048828,
      34.574703216552734,
      -6.494953155517578,
      -0.26405027508735657,
      30.22186851501465,
      19.02495574951172,
      15.164006233215332,
      12.673848152160645,
      20.354677200317383,
      20.96959114074707,
      20.482248306274414,
      17.25156021118164,
      6.005385875701904,
      5.433987617492676
    ],
    [
      -20.21064567565918,
      -18.2259521484375,
      -4.086148262023926,
      0.4173596203327179,
      34.574703216552734,
      39.36260986328125,
      -3.3830606937408447,
      2.480616807937622,
      24.568008422851562,
      17.614763259887695,
      13.203961372375488,
      12.830765724182129,
      17.88589859008789,
      24.320619583129883,
      21.52427864074707,
      22.368083953857422,
      6.398070335388184,
      7.186222553253174
    ],
    [
      7.473251819610596,
      4.918750286102295,
      6.040067195892334,
      2.2641725540161133,
      -6.494953155517578,
      -3.3830606937408447,
      43.70908737182617,
      34.775169372558594,
      -7.245630264282227,
      2.738678455352783,
      4.085484981536865,
      6.865204811096191,
      -0.16672112047672272,
      10.466184616088867,
      6.787627220153809,
      13.11874771118164,
      1.8443418741226196,
      3.4602160453796387
    ],
    [
      6.28620719909668,
      5.4246296882629395,
      5.782139778137207,
      2.2262699604034424,
      -0.26405027508735657,
      2.480616807937622,
      34.775169372558594,
      42.11060333251953,
      -3.6157314777374268,
      6.593535900115967,
      4.501926898956299,
      11.746842384338379,
      7.318687438964844,
      21.291791915893555,
      14.674357414245605,
      23.217979431152344,
      3.989713668823242,
      6.1746087074279785
    ],
    [
      -16.767988204956055,
      -13.383916854858398,
      -4.9525465965271,
      -1.719166874885559,
      30.22186851501465,
      24.568008422851562,
      -7.245630264282227,
      -3.6157314777374268,
      48.842315673828125,
      32.081993103027344,
      16.676424026489258,
      11.005569458007812,
      25.932518005371094,
      26.619686126708984,
      23.118427276611328,
      18.09337043762207,
      5.7764692306518555,
      6.211816787719727
    ],
    [
      -7.872053623199463,
      -6.8971076011657715,
      -2.3066091537475586,
      -1.419539451599121,
      19.02495574951172,
      17.614763259887695,
      2.738678455352783,
      6.593535900115967,
      32.081993103027344,
      31.555217742919922,
      12.514041900634766,
      11.412817001342773,
      20.320253372192383,
      27.38526153564453,
      23.240890502929688,
      23.723051071166992,
      6.413272380828857,
      7.561834335327148
    ],
    [
      -7.02406120300293,
      -7.873945236206055,
      -1.1527310609817505,
      1.2503138780593872,
      15.164006233215332,
      13.203961372375488,
      4.085484981536865,
      4.501926898956299,
      16.676424026489258,
      12.514041900634766,
      18.87512969970703,
      16.307737350463867,
      15.86097526550293,
      17.849342346191406,
      16.145919799804688,
      15.497777938842773,
      4.01784086227417,
      5.232858657836914
    ],
    [
      -7.847286701202393,
      -8.681689262390137,
      0.47024860978126526,
      2.9928197860717773,
      12.673848152160645,
      12.830765724182129,
      6.865204811096191,
      11.746842384338379,
      11.005569458007812,
      11.412817001342773,
      16.307737350463867,
      23.093748092651367,
      18.13006019592285,
      25.406301498413086,
      21.358123779296875,
      24.374229431152344,
      6.912002086639404,
      8.207620620727539
    ],
    [
      -9.824687004089355,
      -7.241735458374023,
      -1.034032940864563,
      -0.07685447484254837,
      20.354677200317383,
      17.88589859008789,
      -0.16672112047672272,
      7.318687438964844,
      25.932518005371094,
      20.320253372192383,
      15.86097526550293,
      18.13006019592285,
      32.77029800415039,
      32.20459747314453,
      29.28557586669922,
      28.688751220703125,
      8.800043106079102,
      9.29358196258545
    ],
    [
      -11.836555480957031,
      -10.554750442504883,
      2.11232328414917,
      4.281321048736572,
      20.96959114074707,
      24.320619583129883,
      10.466184616088867,
      21.291791915893555,
      26.619686126708984,
      27.38526153564453,
      17.849342346191406,
      25.406301498413086,
      32.20459747314453,
      70.59255981445312,
      52.34685134887695,
      54.77910232543945,
      16.430774688720703,
      17.59126091003418
    ],
    [
      -11.052980422973633,
      -9.152901649475098,
      1.838404655456543,
      3.3871326446533203,
      20.482248306274414,
      21.52427864074707,
      6.787627220153809,
      14.674357414245605,
      23.118427276611328,
      23.240890502929688,
      16.145919799804688,
      21.358123779296875,
      29.28557586669922,
      52.34685134887695,
      45.900611877441406,
      45.88869857788086,
      16.996339797973633,
      16.261001586914062
    ],
    [
      -11.577726364135742,
      -10.14494800567627,
      1.2173188924789429,
      2.831552505493164,
      17.25156021118164,
      22.368083953857422,
      13.11874771118164,
      23.217979431152344,
      18.09337043762207,
      23.723051071166992,
      15.497777938842773,
      24.374229431152344,
      28.688751220703125,
      54.77910232543945,
      45.88869857788086,
      52.91645812988281,
      16.6718807220459,
      18.4659366607666
    ],
    [
      -4.365483283996582,
      -2.8887808322906494,
      1.2244653701782227,
      2.190234899520874,
      6.005385875701904,
      6.398070335388184,
      1.8443418741226196,
      3.989713668823242,
      5.7764692306518555,
      6.413272380828857,
      4.01784086227417,
      6.912002086639404,
      8.800043106079102,
      16.430774688720703,
      16.996339797973633,
      16.6718807220459,
      11.17340087890625,
      9.188299179077148
    ],
    [
      -4.611557483673096,
      -3.881638765335083,
      0.09284830093383789,
      1.2837848663330078,
      5.433987617492676,
      7.186222553253174,
      3.4602160453796387,
      6.1746087074279785,
      6.211816787719727,
      7.561834335327148,
      5.232858657836914,
      8.207620620727539,
      9.29358196258545,
      17.59126091003418,
      16.261001586914062,
      18.4659366607666,
      9.188299179077148,
      9.683130264282227
    ]
  ],
  "covariance_short": [
    [
      71.60482025146484,
      47.94713592529297,
      5.011711120605469,
      -2.617753267288208,
      -17.464494705200195,
      -16.93888282775879,
      7.997071266174316,
      6.595502853393555,
      -12.34075927734375,
      -4.429810047149658,
      -4.349721431732178,
      -7.527833938598633,
      -8.925323486328125,
      -10.65740966796875,
      -9.224457740783691,
      -9.432581901550293,
      -2.193671703338623,
      -2.224400520324707
    ],
    [
      47.94713592529297,
      57.76647186279297,
      5.9272685050964355,
      0.7236091494560242,
      -12.828315734863281,
      -15.046451568603516,
      5.40834903717041,
      6.041845798492432,
      -9.075203895568848,
      -2.958005666732788,
      -4.208704471588135,
      -6.664341926574707,
      -5.893952369689941,
      -7.680319786071777,
      -6.619690418243408,
      -6.869077205657959,
      -0.917669951915741,
      -1.43038809299469
    ],
    [
      5.011711120605469,
      5.9272685050964355,
      13.784402847290039,
      6.918797492980957,
      -4.8413238525390625,
      -5.991141319274902,
      5.306998252868652,
      5.556588649749756,
      -7.560957431793213,
      -3.4381847381591797,
      -3.469505548477173,
      -1.0106821060180664,
      -0.29857495427131653,
      0.5193123817443848,
      1.0417202711105347,
      0.5408420562744141,
      1.0040031671524048,
      0.018711984157562256
    ],
    [
      -2.617753267288208,
      0.7236091494560242,
      6.918797492980957,
      11.415972709655762,
      0.568716287612915,
      -0.4143410325050354,
      1.8221004009246826,
      2.462635040283203,
      -3.1468214988708496,
      -1.5132451057434082,
      -1.0153396129608154,
      1.7966580390930176,
      1.1370185613632202,
      3.019270420074463,
      2.4362854957580566,
      2.071674108505249,
      1.3574764728546143,
      0.6720033288002014
    ],
    [
      -17.464494705200195,
      -12.828315734863281,
      -4.8413238525390625,
      0.568716287612915,
      39.65050506591797,
      29.544477462768555,
      -4.545516014099121,
      -1.3811688423156738,
      27.335832595825195,
      17.805896759033203,
      16.759811401367188,
      14.552813529968262,
      19.110618591308594,
      19.263391494750977,
      17.4372501373291,
      13.646666526794434,
      4.147555828094482,
      3.94035005569458
    ],
    [
      -16.93888282775879,
      -15.046451568603516,
      -5.991141319274902,
      -0.4143410325050354,
      29.544477462768555,
      38.20439147949219,
      -2.3161487579345703,
      0.6678034663200378,
      22.349674224853516,
      16.007659912109375,
      14.395206451416016,
      14.266005516052246,
      15.90798282623291,
      21.332672119140625,
      17.08857536315918,
      16.970972061157227,
      4.132137775421143,
      4.7711920738220215
    ],
    [
      7.997071266174316,
      5.40834903717041,
      5.306998252868652,
      1.8221004009246826,
      -4.545516014099121,
      -2.3161487579345703,
      47.82115936279297,
      37.50382995605469,
      -7.815218925476074,
      2.598872661590576,
      3.051879644393921,
      6.44135856628418,
      2.9518747329711914,
      9.38668155670166,
      5.817850589752197,
      12.321920394897461,
      1.903070092201233,
      3.4962971210479736
    ],
    [
      6.595502853393555,
      6.041845798492432,
      5.556588649749756,
      2.462635040283203,
      -1.3811688423156738,
      0.6678034663200378,
      37.50382995605469,
      48.658477783203125,
      -5.501126289367676,
      6.36751651763916,
      3.582583427429199,
      12.52707576751709,
      9.755243301391602,
      21.241239547729492,
      13.322622299194336,
      21.880205154418945,
      3.756866216659546,
      5.845485687255859
    ],
    [
      -12.34075927734375,
      -9.075203895568848,
      -7.560957431793213,
      -3.1468214988708496,
      27.335832595825195,
      22.349674224853516,
      -7.815218925476074,
      -5.501126289367676,
      53.55331802368164,
      34.3216667175293,
      19.75462532043457,
      15.060705184936523,
      29.414608001708984,
      27.09345245361328,
      21.997478485107422,
      16.092905044555664,
      4.821295738220215,
      5.199832439422607
    ],
    [
      -4.429810047149658,
      -2.958005666732788,
      -3.4381847381591797,
      -1.5132451057434082,
      17.805896759033203,
      16.007659912109375,
      2.598872661590576,
      6.36751651763916,
      34.3216667175293,
      39.05698013305664,
      15.585350036621094,
      16.124324798583984,
      24.248821258544922,
      29.642162322998047,
      23.134977340698242,
      22.993833541870117,
      5.898438453674316,
      7.050133228302002
    ],
    [
      -4.349721431732178,
      -4.208704471588135,
      -3.469505548477173,
      -1.0153396129608154,
      16.759811401367188,
      14.395206451416016,
      3.051879644393921,
      3.582583427429199,
      19.75462532043457,
      15.585350036621094,
      24.657672882080078,
      21.08512306213379,
      19.403194427490234,
      20.511913299560547,
      17.588926315307617,
      16.084476470947266,
      4.1191606521606445,
      5.179642200469971
    ],
    [
      -7.527833938598633,
      -6.664341926574707,
      -1.0106821060180664,
      1.7966580390930176,
      14.552813529968262,
      14.266005516052246,
      6.44135856628418,
      12.52707576751709,
      15.060705184936523,
      16.124324798583984,
      21.08512306213379,
      32.14188766479492,
      23.606597900390625,
      31.373567581176758,
      24.06471061706543,
      26.53837776184082,
      7.181578636169434,
      8.43903636932373
    ],
    [
      -8.925323486328125,
      -5.893952369689941,
      -0.29857495427131653,
      1.1370185613632202,
      19.110618591308594,
      15.90798282623291,
      2.9518747329711914,
      9.755243301391602,
      29.414608001708984,
      24.248821258544922,
      19.403194427490234,
      23.606597900390625,
      41.9572639465332,
      40.108673095703125,
      33.045230865478516,
      31.10375213623047,
      9.59466552734375,
      9.888185501098633
    ],
    [
      -10.65740966796875,
      -7.680319786071777,
      0.5193123817443848,
      3.019270420074463,
      19.263391494750977,
      21.332672119140625,
      9.38668155670166,
      21.241239547729492,
      27.09345245361328,
      29.642162322998047,
      20.511913299560547,
      31.373567581176758,
      40.108673095703125,
      74.14942932128906,
      51.60718536376953,
      53.05637741088867,
      15.661625862121582,
      16.625253677368164
    ],
    [
      -9.224457740783691,
      -6.619690418243408,
      1.0417202711105347,
      2.4362854957580566,
      17.4372501373291,
      17.08857536315918,
      5.817850589752197,
      13.322622299194336,
      21.997478485107422,
      23.134977340698242,
      17.588926315307617,
      24.06471061706543,
      33.045230865478516,
      51.60718536376953,
      46.452945709228516,
      44.67598342895508,
      17.01923942565918,
      15.988471984863281
    ],
    [
      -9.432581901550293,
      -6.869077205657959,
      0.5408420562744141,
      2.071674108505249,
      13.646666526794434,
      16.970972061157227,
      12.321920394897461,
      21.880205154418945,
      16.092905044555664,
      22.993833541870117,
      16.084476470947266,
      26.53837776184082,
      31.10375213623047,
      53.05637741088867,
      44.67598342895508,
      51.173301696777344,
      16.45425796508789,
      17.99117088317871
    ],
    [
      -2.193671703338623,
      -0.917669951915741,
      1.0040031671524048,
      1.3574764728546143,
      4.147555828094482,
      4.132137775421143,
      1.903070092201233,
      3.756866216659546,
      4.821295738220215,
      5.898438453674316,
      4.1191606521606445,
      7.181578636169434,
      9.59466552734375,
      15.661625862121582,
      17.01923942565918,
      16.45425796508789,
      12.043438911437988,
      9.862276077270508
    ],
    [
      -2.224400520324707,
      -1.43038809299469,
      0.018711984157562256,
      0.6720033288002014,
      3.94035005569458,
      4.7711920738220215,
      3.4962971210479736,
      5.845485687255859,
      5.199832439422607,
      7.050133228302002,
      5.179642200469971,
      8.43903636932373,
      9.888185501098633,
      16.625253677368164,
      15.988471984863281,
      17.99117088317871,
      9.862276077270508,
      10.171052932739258
    ]
  ],
  "damage": -10.978679656982422,
  "diff_bandwidth": 571.0376586914062,
  "dissonance": 2.22790732416291,
  "drr": -3.1671948432922363,
  "dynamics": 1.463514804840088,
  "format": 1245190,
  "frames": 3702784,
  "loudness": -16.396703720092773,
  "loudness_range": 3.0951061248779297,
  "loudness_range_short": 3.7714977264404297,
  "lowpass_true_peak_15khz": -4.648224353790283,
  "mastering3_acoustic_entropies": [
    {
      "acoustic_entropy": 11.122215270996094,
      "acoustic_entropy_mono": 9.477456092834473,
      "band_eliminated_acoustic_entropies": [
        {
          "acoustic_entropy": 11.107742309570312,
          "acoustic_entropy_side": 11.116662979125977,
          "hz": 129.47220167065723
        },
        {
          "acoustic_entropy": 11.20466136932373,
          "acoustic_entropy_side": 11.26347827911377,
          "hz": 202.92927478742237
        },
        {
          "acoustic_entropy": 11.236150741577148,
          "acoustic_entropy_side": 10.985489845275879,
          "hz": 282.89161906338205
        },
        {
          "acoustic_entropy": 11.079315185546875,
          "acoustic_entropy_side": 11.034306526184082,
          "hz": 369.9353335868758
        },
        {
          "acoustic_entropy": 10.175512313842773,
          "acoustic_entropy_side": 10.524344444274902,
          "hz": 464.6875360973435
        },
        {
          "acoustic_entropy": 10.5241117477417,
          "acoustic_entropy_side": 10.981646537780762,
          "hz": 567.8308811364784
        },
        {
          "acoustic_entropy": 10.865612030029297,
          "acoustic_entropy_side": 10.858402252197266,
          "hz": 680.1084783214808
        },
        {
          "acoustic_entropy": 9.766528129577637,
          "acoustic_entropy_side": 10.804596900939941,
          "hz": 802.3292461747484
        },
        {
          "acoustic_entropy": 11.048208236694336,
          "acoustic_entropy_side": 10.89222240447998,
          "hz": 935.3737400823702
        },
        {
          "acoustic_entropy": 11.398128509521484,
          "acoustic_entropy_side": 11.154065132141113,
          "hz": 1080.2004963696966
        },
        {
          "acoustic_entropy": 10.840949058532715,
          "acoustic_entropy_side": 11.23289680480957,
          "hz": 1237.8529382007157
        },
        {
          "acoustic_entropy": 10.139646530151367,
          "acoustic_entropy_side": 10.871121406555176,
          "hz": 1409.4668930556702
        },
        {
          "acoustic_entropy": 10.618866920471191,
          "acoustic_entropy_side": 11.37545108795166,
          "hz": 1596.2787759475705
        },
        {
          "acoustic_entropy": 10.305631637573242,
          "acoustic_entropy_side": 11.047538757324219,
          "hz": 1799.6344973346393
        },
        {
          "acoustic_entropy": 10.617186546325684,
          "acoustic_entropy_side": 10.843330383300781,
          "hz": 2020.9991599069049
        },
        {
          "acoustic_entropy": 10.709705352783203,
          "acoustic_entropy_side": 11.04947566986084,
          "hz": 2261.9676141086993
        },
        {
          "acoustic_entropy": 11.740757942199707,
          "acoustic_entropy_side": 11.0145845413208,
          "hz": 2524.2759484456974
        },
        {
          "acoustic_entropy": 10.498613357543945,
          "acoustic_entropy_side": 11.109320640563965,
          "hz": 2809.813997359896
        },
        {
          "acoustic_entropy": 10.699071884155273,
          "acoustic_entropy_side": 10.820183753967285,
          "hz": 3120.6389567871424
        },
        {
          "acoustic_entropy": 11.062235832214355,
          "acoustic_entropy_side": 11.123230934143066,
          "hz": 3458.990205492291
        },
        {
          "acoustic_entropy": 11.096301078796387,
          "acoustic_entropy_side": 11.155037879943848,
          "hz": 3827.305438964164
        },
        {
          "acoustic_entropy": 11.052414894104004,
          "acoustic_entropy_side": 11.142014503479004,
          "hz": 4228.238232109126
        },
        {
          "acoustic_entropy": 11.185309410095215,
          "acoustic_entropy_side": 11.165986061096191,
          "hz": 4664.6771572759235
        },
        {
          "acoustic_entropy": 11.138708114624023,
          "acoustic_entropy_side": 11.120495796203613,
          "hz": 5139.766595350093
        },
        {
          "acoustic_entropy": 11.119169235229492,
          "acoustic_entropy_side": 11.120347023010254,
          "hz": 5656.929389854203
        },
        {
          "acoustic_entropy": 11.113134384155273,
          "acoustic_entropy_side": 11.12189769744873,
          "hz": 6219.891507268283
        },
        {
          "acoustic_entropy": 11.11341381072998,
          "acoustic_entropy_side": 11.11942195892334,
          "hz": 6832.70888123896
        },
        {
          "acoustic_entropy": 11.119908332824707,
          "acoustic_entropy_side": 11.121895790100098,
          "hz": 7499.796634079867
        },
        {
          "acoustic_entropy": 11.12322998046875,
          "acoustic_entropy_side": 11.122848510742188,
          "hz": 8225.96088609342
        },
        {
          "acoustic_entropy": 11.123080253601074,
          "acoustic_entropy_side": 11.122669219970703,
          "hz": 9016.43338188839
        },
        {
          "acoustic_entropy": 11.122058868408203,
          "acoustic_entropy_side": 11.122183799743652,
          "hz": 9876.909183162974
        },
        {
          "acoustic_entropy": 11.122102737426758,
          "acoustic_entropy_side": 11.122193336486816,
          "hz": 10813.587699516042
        },
        {
          "acoustic_entropy": 11.122074127197266,
          "acoustic_entropy_side": 11.122179985046387,
          "hz": 11833.21735289826
        },
        {
          "acoustic_entropy": 11.122052192687988,
          "acoustic_entropy_side": 11.122175216674805,
          "hz": 12943.144197493959
        },
        {
          "acoustic_entropy": 11.122174263000488,
          "acoustic_entropy_side": 11.122203826904297,
          "hz": 14151.364845322005
        },
        {
          "acoustic_entropy": 11.122198104858398,
          "acoustic_entropy_side": 11.122206687927246,
          "hz": 15466.58407886509
        },
        {
          "acoustic_entropy": 11.122199058532715,
          "acoustic_entropy_side": 11.122207641601562,
          "hz": 16898.27756580493
        },
        {
          "acoustic_entropy": 11.122207641601562,
          "acoustic_entropy_side": 11.122211456298828,
          "hz": 18456.760127700032
        },
        {
          "acoustic_entropy": 11.122213363647461,
          "acoustic_entropy_side": 11.122214317321777,
          "hz": 20153.260054456492
        },
        {
          "acoustic_entropy": 11.122215270996094,
          "acoustic_entropy_side": 11.122215270996094,
          "hz": 22000.00000000001
        }
      ],
      "diff_acoustic_entropy": 2.752091646194458,
      "sn": 6
    },
    {
      "acoustic_entropy": 15.480477333068848,
      "acoustic_entropy_mono": 14.028823852539062,
      "band_eliminated_acoustic_entropies": [
        {
          "acoustic_entropy": 15.40565299987793,
          "acoustic_entropy_side": 15.457185745239258,
          "hz": 129.47220167065723
        },
        {
          "acoustic_entropy": 16.306564331054688,
          "acoustic_entropy_side": 15.840953826904297,
          "hz": 202.92927478742237
        },
        {
          "acoustic_entropy": 15.57918643951416,
          "acoustic_entropy_side": 15.948250770568848,
          "hz": 282.89161906338205
        },
        {
          "acoustic_entropy": 16.205493927001953,
          "acoustic_entropy_side": 16.035001754760742,
          "hz": 369.9353335868758
        },
        {
          "acoustic_entropy": 16.352306365966797,
          "acoustic_entropy_side": 15.91314697265625,
          "hz": 464.6875360973435
        },
        {
          "acoustic_entropy": 15.994182586669922,
          "acoustic_entropy_side": 15.505395889282227,
          "hz": 567.8308811364784
        },
        {
          "acoustic_entropy": 15.473766326904297,
          "acoustic_entropy_side": 16.08509063720703,
          "hz": 680.1084783214808
        },
        {
          "acoustic_entropy": 14.43162727355957,
          "acoustic_entropy_side": 15.488779067993164,
          "hz": 802.3292461747484
        },
        {
          "acoustic_entropy": 15.604294776916504,
          "acoustic_entropy_side": 15.669018745422363,
          "hz": 935.3737400823702
        },
        {
          "acoustic_entropy": 15.76414966583252,
          "acoustic_entropy_side": 15.403923988342285,
          "hz": 1080.2004963696966
        },
        {
          "acoustic_entropy": 15.712855339050293,
          "acoustic_entropy_side": 15.752351760864258,
          "hz": 1237.8529382007157
        },
        {
          "acoustic_entropy": 15.811986923217773,
          "acoustic_entropy_side": 15.708314895629883,
          "hz": 1409.4668930556702
        },
        {
          "acoustic_entropy": 14.987959861755371,
          "acoustic_entropy_side": 15.737055778503418,
          "hz": 1596.2787759475705
        },
        {
          "acoustic_entropy": 16.23383331298828,
          "acoustic_entropy_side": 15.566207885742188,
          "hz": 1799.6344973346393
        },
        {
          "acoustic_entropy": 15.801589012145996,
          "acoustic_entropy_side": 15.077616691589355,
          "hz": 2020.9991599069049
        },
        {
          "acoustic_entropy": 14.88814640045166,
          "acoustic_entropy_side": 15.427400588989258,
          "hz": 2261.9676141086993
        },
        {
          "acoustic_entropy": 16.8912296295166,
          "acoustic_entropy_side": 15.99756908416748,
          "hz": 2524.2759484456974
        },
        {
          "acoustic_entropy": 14.448546409606934,
          "acoustic_entropy_side": 15.485620498657227,
          "hz": 2809.813997359896
        },
        {
          "acoustic_entropy": 15.798688888549805,
          "acoustic_entropy_side": 15.532320022583008,
          "hz": 3120.6389567871424
        },
        {
          "acoustic_entropy": 15.344517707824707,
          "acoustic_entropy_side": 15.532108306884766,
          "hz": 3458.990205492291
        },
        {
          "acoustic_entropy": 16.021699905395508,
          "acoustic_entropy_side": 15.625929832458496,
          "hz": 3827.305438964164
        },
        {
          "acoustic_entropy": 15.877941131591797,
          "acoustic_entropy_side": 15.562920570373535,
          "hz": 4228.238232109126
        },
        {
          "acoustic_entropy": 15.57764720916748,
          "acoustic_entropy_side": 15.545577049255371,
          "hz": 4664.6771572759235
        },
        {
          "acoustic_entropy": 15.642108917236328,
          "acoustic_entropy_side": 15.558720588684082,
          "hz": 5139.766595350093
        },
        {
          "acoustic_entropy": 15.516515731811523,
          "acoustic_entropy_side": 15.491429328918457,
          "hz": 5656.929389854203
        },
        {
          "acoustic_entropy": 15.574031829833984,
          "acoustic_entropy_side": 15.523393630981445,
          "hz": 6219.891507268283
        },
        {
          "acoustic_entropy": 15.50531005859375,
          "acoustic_entropy_side": 15.494852066040039,
          "hz": 6832.70888123896
        },
        {
          "acoustic_entropy": 15.506062507629395,
          "acoustic_entropy_side": 15.495205879211426,
          "hz": 7499.796634079867
        },
        {
          "acoustic_entropy": 15.504068374633789,
          "acoustic_entropy_side": 15.492774963378906,
          "hz": 8225.96088609342
        },
        {
          "acoustic_entropy": 15.498147964477539,
          "acoustic_entropy_side": 15.489276885986328,
          "hz": 9016.43338188839
        },
        {
          "acoustic_entropy": 15.485465049743652,
          "acoustic_entropy_side": 15.483190536499023,
          "hz": 9876.909183162974
        },
        {
          "acoustic_entropy": 15.483200073242188,
          "acoustic_entropy_side": 15.482184410095215,
          "hz": 10813.587699516042
        },
        {
          "acoustic_entropy": 15.481733322143555,
          "acoustic_entropy_side": 15.48120403289795,
          "hz": 11833.21735289826
        },
        {
          "acoustic_entropy": 15.480764389038086,
          "acoustic_entropy_side": 15.480696678161621,
          "hz": 12943.144197493959
        },
        {
          "acoustic_entropy": 15.480425834655762,
          "acoustic_entropy_side": 15.480493545532227,
          "hz": 14151.364845322005
        },
        {
          "acoustic_entropy": 15.480489730834961,
          "acoustic_entropy_side": 15.480484962463379,
          "hz": 15466.58407886509
        },
        {
          "acoustic_entropy": 15.480499267578125,
          "acoustic_entropy_side": 15.480484008789062,
          "hz": 16898.27756580493
        },
        {
          "acoustic_entropy": 15.480469703674316,
          "acoustic_entropy_side": 15.480474472045898,
          "hz": 18456.760127700032
        },
        {
          "acoustic_entropy": 15.480470657348633,
          "acoustic_entropy_side": 15.480474472045898,
          "hz": 20153.260054456492
        },
        {
          "acoustic_entropy": 15.480480194091797,
          "acoustic_entropy_side": 15.480477333068848,
          "hz": 22000.00000000001
        }
      ],
      "diff_acoustic_entropy": 5.877865314483643,
      "sn": 12
    },
    {
      "acoustic_entropy": 21.816492080688477,
      "acoustic_entropy_mono": 19.68679428100586,
      "band_eliminated_acoustic_entropies": [
        {
          "acoustic_entropy": 21.365779876708984,
          "acoustic_entropy_side": 21.61557960510254,
          "hz": 129.47220167065723
        },
        {
          "acoustic_entropy": 21.3174991607666,
          "acoustic_entropy_side": 22.00358772277832,
          "hz": 202.92927478742237
        },
        {
          "acoustic_entropy": 21.781038284301758,
          "acoustic_entropy_side": 22.02191734313965,
          "hz": 282.89161906338205
        },
        {
          "acoustic_entropy": 21.32562828063965,
          "acoustic_entropy_side": 22.408161163330078,
          "hz": 369.9353335868758
        },
        {
          "acoustic_entropy": 22.82560920715332,
          "acoustic_entropy_side": 22.48322105407715,
          "hz": 464.6875360973435
        },
        {
          "acoustic_entropy": 22.543420791625977,
          "acoustic_entropy_side": 22.095495223999023,
          "hz": 567.8308811364784
        },
        {
          "acoustic_entropy": 21.229108810424805,
          "acoustic_entropy_side": 22.027976989746094,
          "hz": 680.1084783214808
        },
        {
          "acoustic_entropy": 20.689096450805664,
          "acoustic_entropy_side": 21.101627349853516,
          "hz": 802.3292461747484
        },
        {
          "acoustic_entropy": 21.94223403930664,
          "acoustic_entropy_side": 21.367883682250977,
          "hz": 935.3737400823702
        },
        {
          "acoustic_entropy": 21.833642959594727,
          "acoustic_entropy_side": 22.277379989624023,
          "hz": 1080.2004963696966
        },
        {
          "acoustic_entropy": 22.402793884277344,
          "acoustic_entropy_side": 22.51678466796875,
          "hz": 1237.8529382007157
        },
        {
          "acoustic_entropy": 21.538890838623047,
          "acoustic_entropy_side": 21.255752563476562,
          "hz": 1409.4668930556702
        },
        {
          "acoustic_entropy": 21.372777938842773,
          "acoustic_entropy_side": 22.240509033203125,
          "hz": 1596.2787759475705
        },
        {
          "acoustic_entropy": 21.74510383605957,
          "acoustic_entropy_side": 21.895755767822266,
          "hz": 1799.6344973346393
        },
        {
          "acoustic_entropy": 21.424055099487305,
          "acoustic_entropy_side": 21.428010940551758,
          "hz": 2020.9991599069049
        },
        {
          "acoustic_entropy": 22.244449615478516,
          "acoustic_entropy_side": 22.660654067993164,
          "hz": 2261.9676141086993
        },
        {
          "acoustic_entropy": 22.055543899536133,
          "acoustic_entropy_side": 21.896835327148438,
          "hz": 2524.2759484456974
        },
        {
