{
  "acoustic_entropy": 147.16331481933594,
  "bands": [
    {
      "high_freq": 148.1999969482422,
      "loudness": -41.46581268310547,
      "loudness_range": 21.18092918395996,
      "mid_mean": -38.3904914855957,
      "mid_to_side_loudness": -14.81600284576416,
      "mid_to_side_loudness_range": 25.191316604614258,
      "side_mean": -56.31686782836914
    },
    {
      "high_freq": 392.3793640136719,
      "loudness": -29.853918075561523,
      "loudness_range": 18.40338706970215,
      "low_freq": 148.1999969482422,
      "mid_mean": -26.96232795715332,
      "mid_to_side_loudness": -10.447131156921387,
      "mid_to_side_loudness_range": 14.915618896484375,
      "side_mean": -36.64814758300781
    },
    {
      "high_freq": 794.6976318359375,
      "loudness": -33.32679748535156,
      "loudness_range": 15.639572143554688,
      "low_freq": 392.3793640136719,
      "mid_mean": -31.30484962463379,
      "mid_to_side_loudness": -4.990090370178223,
      "mid_to_side_loudness_range": 11.04031753540039,
      "side_mean": -36.37881088256836
    },
    {
      "high_freq": 1457.5709228515625,
      "loudness": -36.98839569091797,
      "loudness_range": 23.706392288208008,
      "low_freq": 794.6976318359375,
      "mid_mean": -35.72501754760742,
      "mid_to_side_loudness": -2.0914735794067383,
      "mid_to_side_loudness_range": 8.049958229064941,
      "side_mean": -37.048492431640625
    },
    {
      "high_freq": 2549.74365234375,
      "loudness": -42.917606353759766,
      "loudness_range": 24.159746170043945,
      "low_freq": 1457.5709228515625,
      "mid_mean": -41.17351150512695,
      "mid_to_side_loudness": -5.431949138641357,
      "mid_to_side_loudness_range": 10.9666166305542,
      "side_mean": -50.146121978759766
    },
    {
      "high_freq": 4349.24462890625,
      "loudness": -51.9282112121582,
      "loudness_range": 26.968494415283203,
      "low_freq": 2549.74365234375,
      "mid_mean": -52.18854904174805,
      "mid_to_side_loudness": -6.728802680969238,
      "mid_to_side_loudness_range": 15.24426555633545,
      "side_mean": -57.47224044799805
    },
    {
      "high_freq": 7314.1640625,
      "loudness": -60.90584182739258,
      "loudness_range": 24.760726928710938,
      "low_freq": 4349.24462890625,
      "mid_mean": -59.942848205566406,
      "mid_to_side_loudness": -4.788114547729492,
      "mid_to_side_loudness_range": 9.926806449890137,
      "side_mean": -62.94458770751953
    },
    {
      "high_freq": 12199.2666015625,
      "loudness": -66.67903137207031,
      "loudness_range": 22.356613159179688,
      "low_freq": 7314.1640625,
      "mid_mean": -64.00536346435547,
      "mid_to_side_loudness": -4.06128454208374,
      "mid_to_side_loudness_range": 6.484488487243652,
      "side_mean": -65.4717788696289
    },
    {
      "loudness": -73.6150894165039,
      "loudness_range": 22.466827392578125,
      "low_freq": 12199.2666015625,
      "mid_mean": -67.3878402709961,
      "mid_to_side_loudness": -4.110587120056152,
      "mid_to_side_loudness_range": 6.853732585906982,
      "side_mean": -68.12825775146484
    }
  ],
  "bands_short": [
    {
      "high_freq": 148.1999969482422,
      "loudness": -48.56779098510742,
      "loudness_range": 25.05408477783203,
      "mid_mean": -45.84227752685547,
      "mid_to_side_loudness": -13.465810775756836,
      "mid_to_side_loudness_range": 27.154172897338867,
      "side_mean": -60.09438705444336
    },
    {
      "high_freq": 392.3793640136719,
      "loudness": -29.423723220825195,
      "loudness_range": 19.122047424316406,
      "low_freq": 148.1999969482422,
      "mid_mean": -26.863021850585938,
      "mid_to_side_loudness": -11.953607559204102,
      "mid_to_side_loudness_range": 20.35884666442871,
      "side_mean": -38.52887725830078
    },
    {
      "high_freq": 794.6976318359375,
      "loudness": -33.892913818359375,
      "loudness_range": 19.284147262573242,
      "low_freq": 392.3793640136719,
      "mid_mean": -32.1143684387207,
      "mid_to_side_loudness": -5.007534503936768,
      "mid_to_side_loudness_range": 12.77796459197998,
      "side_mean": -37.13459777832031
    },
    {
      "high_freq": 1457.5709228515625,
      "loudness": -38.07545852661133,
      "loudness_range": 26.00093650817871,
      "low_freq": 794.6976318359375,
      "mid_mean": -37.38946533203125,
      "mid_to_side_loudness": -2.188107967376709,
      "mid_to_side_loudness_range": 11.226499557495117,
      "side_mean": -38.76922607421875
    },
    {
      "high_freq": 2549.74365234375,
      "loudness": -44.65601348876953,
      "loudness_range": 27.426618576049805,
      "low_freq": 1457.5709228515625,
      "mid_mean": -43.067588806152344,
      "mid_to_side_loudness": -5.575414657592773,
      "mid_to_side_loudness_range": 12.9551362991333,
      "side_mean": -52.351806640625
    },
    {
      "high_freq": 4349.24462890625,
      "loudness": -53.11106491088867,
      "loudness_range": 28.464702606201172,
      "low_freq": 2549.74365234375,
      "mid_mean": -53.70832061767578,
      "mid_to_side_loudness": -7.690359592437744,
      "mid_to_side_loudness_range": 16.804187774658203,
      "side_mean": -59.621524810791016
    },
    {
      "high_freq": 7314.1640625,
      "loudness": -63.394203186035156,
      "loudness_range": 29.407207489013672,
      "low_freq": 4349.24462890625,
      "mid_mean": -61.985172271728516,
      "mid_to_side_loudness": -5.9081010818481445,
      "mid_to_side_loudness_range": 13.54630184173584,
      "side_mean": -65.00012969970703
    },
    {
      "high_freq": 12199.2666015625,
      "loudness": -69.31498718261719,
      "loudness_range": 26.709396362304688,
      "low_freq": 7314.1640625,
      "mid_mean": -65.73159790039062,
      "mid_to_side_loudness": -3.415877342224121,
      "mid_to_side_loudness_range": 6.769562244415283,
      "side_mean": -66.98664093017578
    },
    {
      "loudness": -75.03494262695312,
      "loudness_range": 22.761089324951172,
      "low_freq": 12199.2666015625,
      "mid_mean": -68.16614532470703,
      "mid_to_side_loudness": -3.388516426086426,
      "mid_to_side_loudness_range": 6.614340782165527,
      "side_mean": -68.77545928955078
    }
  ],
  "bandwidth": 513.96875,
  "channels": 2,
  "covariance": [
    [
      63.443382263183594,
      20.888029098510742,
      15.778985023498535,
      30.561473846435547,
      25.308382034301758,
      25.445293426513672,
      28.719974517822266,
      37.88083267211914,
      35.180294036865234,
      44.350975036621094,
      29.447877883911133,
      30.129796981811523,
      25.938180923461914,
      21.92788314819336,
      18.047218322753906,
      15.908487319946289,
      9.792858123779297,
      7.462902069091797
    ],
    [
      20.888029098510742,
      86.47166442871094,
      22.374481201171875,
      19.780900955200195,
      14.772124290466309,
      29.81696891784668,
      38.4904670715332,
      39.91935729980469,
      39.3010368347168,
      97.24273681640625,
      71.59801483154297,
      72.35954284667969,
      49.60549545288086,
      50.637794494628906,
      32.77357482910156,
      32.16889190673828,
      17.235124588012695,
      15.432891845703125
    ],
    [
      15.778985023498535,
      22.374481201171875,
      53.76264190673828,
      42.984771728515625,
      33.2305908203125,
      38.29520034790039,
      35.537254333496094,
      31.46261978149414,
      44.08897399902344,
      59.4534797668457,
      43.28215408325195,
      38.032920837402344,
      29.100486755371094,
      24.55919647216797,
      17.559736251831055,
      15.256974220275879,
      7.103080749511719,
      5.521174907684326
    ],
    [
      30.561473846435547,
      19.780900955200195,
      42.984771728515625,
      68.9472885131836,
      39.66975402832031,
      44.09008026123047,
      37.592506408691406,
      43.618003845214844,
      45.806732177734375,
      60.06726837158203,
      46.43336486816406,
      44.10104751586914,
      35.94747543334961,
      32.83720016479492,
      23.973228454589844,
      20.768091201782227,
      10.049490928649902,
      7.562947750091553
    ],
    [
      25.308382034301758,
      14.772124290466309,
      33.2305908203125,
      39.66975402832031,
      41.455711364746094,
      39.34574890136719,
      40.872398376464844,
      38.980804443359375,
      46.53831481933594,
      56.54629135131836,
      42.013370513916016,
      39.730045318603516,
      34.871421813964844,
      29.89147186279297,
      24.711946487426758,
      20.359865188598633,
      12.63161849975586,
      9.465679168701172
    ],
    [
      25.445293426513672,
      29.81696891784668,
      38.29520034790039,
      44.09008026123047,
      39.34574890136719,
      61.59637451171875,
      39.376007080078125,
      50.637325286865234,
      49.85753631591797,
      69.4325942993164,
      47.432342529296875,
      50.52241897583008,
      38.810184478759766,
      38.13026428222656,
      26.163209915161133,
      23.88369369506836,
      14.094693183898926,
      11.880477905273438
    ],
    [
      28.719974517822266,
      38.4904670715332,
      35.537254333496094,
      37.592506408691406,
      40.872398376464844,
      39.376007080078125,
      67.76349639892578,
      49.788543701171875,
      60.0998420715332,
      86.0441665649414,
      57.911903381347656,
      60.73939895629883,
      46.53189468383789,
      44.10182189941406,
      34.64376449584961,
      30.455820083618164,
      19.64847183227539,
      15.323169708251953
    ],
    [
      37.88083267211914,
      39.91935729980469,
      31.46261978149414,
      43.618003845214844,
      38.980804443359375,
      50.637325286865234,
      49.788543701171875,
      67.04365539550781,
      57.0786247253418,
      79.50833129882812,
      53.824668884277344,
      59.00265121459961,
      46.92463684082031,
      45.91619110107422,
      34.58282470703125,
      31.197885513305664,
      19.69767951965332,
      15.948845863342285
    ],
    [
      35.180294036865234,
      39.3010368347168,
      44.08897399902344,
      45.806732177734375,
      46.53831481933594,
      49.85753631591797,
      60.0998420715332,
      57.0786247253418,
      75.10114288330078,
      96.43807983398438,
      69.47737884521484,
      68.49600982666016,
      57.050846099853516,
      51.267486572265625,
      40.22734069824219,
      35.203636169433594,
      21.141923904418945,
      16.608976364135742
    ],
    [
      44.350975036621094,
      97.24273681640625,
      59.4534797668457,
      60.06726837158203,
      56.54629135131836,
      69.4325942993164,
      86.0441665649414,
      79.50833129882812,
      96.43807983398438,
      183.4953155517578,
      130.15505981445312,
      124.1999740600586,
      92.35094451904297,
      84.237060546875,
      63.54352951049805,
      55.44630432128906,
      31.842920303344727,
      25.20159912109375
    ],
    [
      29.447877883911133,
      71.59801483154297,
      43.28215408325195,
      46.43336486816406,
      42.013370513916016,
      47.432342529296875,
      57.911903381347656,
      53.824668884277344,
      69.47737884521484,
      130.15505981445312,
      115.2635726928711,
      95.66276550292969,
      79.44078063964844,
      66.19261169433594,
      51.24371337890625,
      44.7048454284668,
      24.86488914489746,
      19.916818618774414
    ],
    [
      30.129796981811523,
      72.35954284667969,
      38.032920837402344,
      44.10104751586914,
      39.730045318603516,
      50.52241897583008,
      60.73939895629883,
      59.00265121459961,
      68.49600982666016,
      124.1999740600586,
      95.66276550292969,
      97.3730239868164,
      72.33963775634766,
      69.80571746826172,
      50.081722259521484,
      46.06158447265625,
      25.477760314941406,
      20.97602081298828
    ],
    [
      25.938180923461914,
      49.60549545288086,
      29.100486755371094,
      35.94747543334961,
      34.871421813964844,
      38.810184478759766,
      46.53189468383789,
      46.92463684082031,
      57.050846099853516,
      92.35094451904297,
      79.44078063964844,
      72.33963775634766,
      66.04193115234375,
      58.64241409301758,
      44.70454025268555,
      39.89839172363281,
      23.175119400024414,
      19.018007278442383
    ],
    [
      21.92788314819336,
      50.637794494628906,
      24.55919647216797,
      32.83720016479492,
      29.89147186279297,
      38.13026428222656,
      44.10182189941406,
      45.91619110107422,
      51.267486572265625,
      84.237060546875,
      66.19261169433594,
      69.80571746826172,
      58.64241409301758,
      60.180580139160156,
      42.321189880371094,
      40.2115478515625,
      22.685543060302734,
      19.598527908325195
    ],
    [
      18.047218322753906,
      32.77357482910156,
      17.559736251831055,
      23.973228454589844,
      24.711946487426758,
      26.163209915161133,
      34.64376449584961,
      34.58282470703125,
      40.22734069824219,
      63.54352951049805,
      51.24371337890625,
      50.081722259521484,
      44.70454025268555,
      42.321189880371094,
      36.271087646484375,
      31.86093521118164,
      19.33148193359375,
      15.453145980834961
    ],
    [
      15.908487319946289,
      32.16889190673828,
      15.256974220275879,
      20.768091201782227,
      20.359865188598633,
      23.88369369506836,
      30.455820083618164,
      31.197885513305664,
      35.203636169433594,
      55.44630432128906,
      44.7048454284668,
      46.06158447265625,
      39.89839172363281,
      40.2115478515625,
      31.86093521118164,
      29.964197158813477,
      17.395753860473633,
      14.957658767700195
    ],
    [
      9.792858123779297,
      17.235124588012695,
      7.103080749511719,
      10.049490928649902,
      12.63161849975586,
      14.094693183898926,
      19.64847183227539,
      19.69767951965332,
      21.141923904418945,
      31.842920303344727,
      24.86488914489746,
      25.477760314941406,
      23.175119400024414,
      22.685543060302734,
      19.33148193359375,
      17.395753860473633,
      12.195246696472168,
      10.073850631713867
    ],
    [
      7.462902069091797,
      15.432891845703125,
      5.521174907684326,
      7.562947750091553,
      9.465679168701172,
      11.880477905273438,
      15.323169708251953,
      15.948845863342285,
      16.608976364135742,
      25.20159912109375,
      19.916818618774414,
      20.97602081298828,
      19.018007278442383,
      19.598527908325195,
      15.453145980834961,
      14.957658767700195,
      10.073850631713867,
      9.234498977661133
    ]
  ],
  "covariance_short": [
    [
      90.921142578125,
      31.33032989501953,
      24.411531448364258,
      28.660688400268555,
      21.213167190551758,
      18.4503231048584,
      31.208797454833984,
      35.10824966430664,
      31.883119583129883,
      45.46858215332031,
      46.817081451416016,
      37.68547821044922,
      30.264320373535156,
      22.190723419189453,
      14.285114288330078,
      13.102007865905762,
      7.361474990844727,
      5.833233833312988
    ],
    [
      31.33032989501953,
      60.39689254760742,
      12.102298736572266,
      18.48393440246582,
      9.546392440795898,
      18.289531707763672,
      27.426952362060547,
      28.45708465576172,
      25.196496963500977,
      64.05081176757812,
      54.32637405395508,
      50.52385711669922,
      35.26061248779297,
      33.755027770996094,
      21.501970291137695,
      20.943090438842773,
      11.422111511230469,
      10.304062843322754
    ],
    [
      24.411531448364258,
      12.102298736572266,
      62.297462463378906,
      45.3236198425293,
      42.17952346801758,
      39.38499450683594,
      41.268287658691406,
      36.942081451416016,
      48.35474395751953,
      55.692691802978516,
      45.27577590942383,
      35.13788604736328,
      29.309114456176758,
      20.128419876098633,
      13.754996299743652,
      11.36068058013916,
      6.144755840301514,
      4.6390204429626465
    ],
    [
      28.660688400268555,
      18.48393440246582,
      45.3236198425293,
      81.94479370117188,
      43.31303024291992,
      45.169525146484375,
      51.07069778442383,
      53.58560562133789,
      50.41621398925781,
      63.191444396972656,
      50.0960807800293,
      47.72703170776367,
      34.48047637939453,
      29.362323760986328,
      19.682485580444336,
      16.79464340209961,
      9.195531845092773,
      6.946820259094238
    ],
    [
      21.213167190551758,
      9.546392440795898,
      42.17952346801758,
      43.31303024291992,
      58.933082580566406,
      52.49905776977539,
      52.04767608642578,
      50.55951690673828,
      59.71560287475586,
      66.75800323486328,
      51.755645751953125,
      44.40647506713867,
      39.210853576660156,
      28.367685317993164,
      22.754013061523438,
      17.91826629638672,
      11.448838233947754,
      8.271172523498535
    ],
    [
      18.4503231048584,
      18.289531707763672,
      39.38499450683594,
      45.169525146484375,
      52.49905776977539,
      75.6114501953125,
      55.0975227355957,
      60.470237731933594,
      58.14112854003906,
      77.43810272216797,
      50.06919479370117,
      51.50946807861328,
      38.84463119506836,
      33.03282165527344,
      22.269771575927734,
      19.21263313293457,
      11.610930442810059,
      9.339057922363281
    ],
    [
      31.208797454833984,
      27.426952362060547,
      41.268287658691406,
      51.07069778442383,
      52.04767608642578,
      55.0975227355957,
      85.12702941894531,
      72.43964385986328,
      73.89566802978516,
      94.51527404785156,
      67.84551239013672,
      66.00658416748047,
      50.519344329833984,
      41.85691452026367,
      31.700075149536133,
      26.979623794555664,
      17.03888511657715,
      12.995084762573242
    ],
    [
      35.10824966430664,
      28.45708465576172,
      36.942081451416016,
      53.58560562133789,
      50.55951690673828,
      60.470237731933594,
      72.43964385986328,
      88.59500122070312,
      71.20072174072266,
      93.03032684326172,
      62.601932525634766,
      67.09000396728516,
      49.41600036621094,
      44.196407318115234,
      31.15544319152832,
      27.408517837524414,
      16.83669662475586,
      13.464577674865723
    ],
    [
      31.883119583129883,
      25.196496963500977,
      48.35474395751953,
      50.41621398925781,
      59.71560287475586,
      58.14112854003906,
      73.89566802978516,
      71.20072174072266,
      95.81066131591797,
      108.10308837890625,
      79.31581115722656,
      73.41407012939453,
      61.00737380981445,
      48.0002326965332,
      35.85655975341797,
      29.972179412841797,
      18.05706024169922,
      13.70045280456543
    ],
    [
      45.46858215332031,
      64.05081176757812,
      55.692691802978516,
      63.191444396972656,
      66.75800323486328,
      77.43810272216797,
      94.51527404785156,
      93.03032684326172,
      108.10308837890625,
      185.36578369140625,
      127.94597625732422,
      118.2273178100586,
      83.95820617675781,
      69.79138946533203,
      50.311641693115234,
      42.40007400512695,
      24.66795539855957,
      18.808837890625
    ],
    [
      46.817081451416016,
      54.32637405395508,
      45.27577590942383,
      50.0960807800293,
      51.755645751953125,
      50.06919479370117,
      67.84551239013672,
      62.601932525634766,
      79.31581115722656,
      127.94597625732422,
      125.39507293701172,
      93.41751098632812,
      78.76863861083984,
      57.35238265991211,
      42.96462631225586,
      35.67085266113281,
      20.698312759399414,
      15.772025108337402
    ],
    [
      37.68547821044922,
      50.52385711669922,
      35.13788604736328,
      47.72703170776367,
      44.40647506713867,
      51.50946807861328,
      66.00658416748047,
      67.09000396728516,
      73.41407012939453,
      118.2273178100586,
      93.41751098632812,
      94.35192108154297,
      67.98181915283203,
      60.645904541015625,
      42.14641189575195,
      37.398162841796875,
      21.225873947143555,
      17.06498908996582
    ],
    [
      30.264320373535156,
      35.26061248779297,
      29.309114456176758,
      34.48047637939453,
      39.210853576660156,
      38.84463119506836,
      50.519344329833984,
      49.41600036621094,
      61.00737380981445,
      83.95820617675781,
      78.76863861083984,
      67.98181915283203,
      65.90760803222656,
      52.08772659301758,
      38.796607971191406,
      33.112396240234375,
      19.45598793029785,
      15.458346366882324
    ],
    [
      22.190723419189453,
      33.755027770996094,
      20.128419876098633,
      29.362323760986328,
      28.367685317993164,
      33.03282165527344,
      41.85691452026367,
      44.196407318115234,
      48.0002326965332,
      69.79138946533203,
      57.35238265991211,
      60.645904541015625,
      52.08772659301758,
      50.898250579833984,
      34.99261474609375,
      32.34709167480469,
      18.304044723510742,
      15.522438049316406
    ],
    [
      14.285114288330078,
      21.501970291137695,
      13.754996299743652,
      19.682485580444336,
      22.754013061523438,
      22.269771575927734,
      31.700075149536133,
      31.15544319152832,
      35.85655975341797,
      50.311641693115234,
      42.96462631225586,
      42.14641189575195,
      38.796607971191406,
      34.99261474609375,
      33.089622497558594,
      27.785287857055664,
      17.536300659179688,
      13.527120590209961
    ],
    [
      13.102007865905762,
      20.943090438842773,
      11.36068058013916,
      16.79464340209961,
      17.91826629638672,
      19.21263313293457,
      26.979623794555664,
      27.408517837524414,
      29.972179412841797,
      42.40007400512695,
      35.67085266113281,
      37.398162841796875,
      33.112396240234375,
      32.34709167480469,
      27.785287857055664,
      25.445804595947266,
      15.144243240356445,
      12.731120109558105
    ],
    [
      7.361474990844727,
      11.422111511230469,
      6.144755840301514,
      9.195531845092773,
      11.448838233947754,
      11.610930442810059,
      17.03888511657715,
      16.83669662475586,
      18.05706024169922,
      24.66795539855957,
      20.698312759399414,
      21.225873947143555,
      19.45598793029785,
      18.304044723510742,
      17.536300659179688,
      15.144243240356445,
      11.223156929016113,
      8.887797355651855
    ],
    [
      5.833233833312988,
      10.304062843322754,
      4.6390204429626465,
      6.946820259094238,
      8.271172523498535,
      9.339057922363281,
      12.995084762573242,
      13.464577674865723,
      13.70045280456543,
      18.808837890625,
      15.772025108337402,
      17.06498908996582,
      15.458346366882324,
      15.522438049316406,
      13.527120590209961,
      12.731120109558105,
      8.887797355651855,
      7.961506366729736
    ]
  ],
  "damage": -14.620615005493164,
  "diff_bandwidth": 581.1797485351562,
  "dissonance": 3.701855041488002,
  "drr": 3.4440951347351074,
  "dynamics": 5.054313659667969,
  "format": 1245190,
  "frames": 1977280,
  "loudness": -22.311479568481445,
  "loudness_range": 15.314199447631836,
  "loudness_range_short": 17.711597442626953,
  "lowpass_true_peak_15khz": -3.679899215698242,
  "mastering3_acoustic_entropies": [
    {
      "acoustic_entropy": 7.039512634277344,
      "acoustic_entropy_mono": 5.972324848175049,
      "band_eliminated_acoustic_entropies": [
        {
          "acoustic_entropy": 7.014828205108643,
          "acoustic_entropy_side": 7.039494514465332,
          "hz": 129.47220167065723
        },
        {
          "acoustic_entropy": 6.971151351928711,
          "acoustic_entropy_side": 7.038693904876709,
          "hz": 202.92927478742237
        },
        {
          "acoustic_entropy": 6.954422473907471,
          "acoustic_entropy_side": 6.9881744384765625,
          "hz": 282.89161906338205
        },
        {
          "acoustic_entropy": 7.374054431915283,
          "acoustic_entropy_side": 7.258602619171143,
          "hz": 369.9353335868758
        },
        {
          "acoustic_entropy": 6.5208940505981445,
          "acoustic_entropy_side": 7.155137538909912,
          "hz": 464.6875360973435
        },
        {
          "acoustic_entropy": 7.087150573730469,
          "acoustic_entropy_side": 6.7418670654296875,
          "hz": 567.8308811364784
        },
        {
          "acoustic_entropy": 7.3186163902282715,
          "acoustic_entropy_side": 7.687828063964844,
          "hz": 680.1084783214808
        },
        {
          "acoustic_entropy": 7.382879257202148,
          "acoustic_entropy_side": 7.265712738037109,
          "hz": 802.3292461747484
        },
        {
          "acoustic_entropy": 7.102915287017822,
          "acoustic_entropy_side": 7.087136268615723,
          "hz": 935.3737400823702
        },
        {
          "acoustic_entropy": 7.139608860015869,
          "acoustic_entropy_side": 7.227076530456543,
          "hz": 1080.2004963696966
        },
        {
          "acoustic_entropy": 7.042022228240967,
          "acoustic_entropy_side": 6.908613204956055,
          "hz": 1237.8529382007157
        },
        {
          "acoustic_entropy": 6.893657684326172,
          "acoustic_entropy_side": 7.054449081420898,
          "hz": 1409.4668930556702
        },
        {
          "acoustic_entropy": 6.923356056213379,
          "acoustic_entropy_side": 7.265923023223877,
          "hz": 1596.2787759475705
        },
        {
          "acoustic_entropy": 6.901768207550049,
          "acoustic_entropy_side": 7.076814651489258,
          "hz": 1799.6344973346393
        },
        {
          "acoustic_entropy": 6.837922096252441,
          "acoustic_entropy_side": 6.922764301300049,
          "hz": 2020.9991599069049
        },
        {
          "acoustic_entropy": 7.089456081390381,
          "acoustic_entropy_side": 7.021252632141113,
          "hz": 2261.9676141086993
        },
        {
          "acoustic_entropy": 7.066216468811035,
          "acoustic_entropy_side": 7.032235622406006,
          "hz": 2524.2759484456974
        },
        {
          "acoustic_entropy": 7.127458095550537,
          "acoustic_entropy_side": 7.038479328155518,
          "hz": 2809.813997359896
        },
        {
          "acoustic_entropy": 7.063316345214844,
          "acoustic_entropy_side": 7.035320281982422,
          "hz": 3120.6389567871424
        },
        {
          "acoustic_entropy": 7.045872688293457,
          "acoustic_entropy_side": 7.038671493530273,
          "hz": 3458.990205492291
        },
        {
          "acoustic_entropy": 7.050103187561035,
          "acoustic_entropy_side": 7.039968490600586,
          "hz": 3827.305438964164
        },
        {
          "acoustic_entropy": 7.046662330627441,
          "acoustic_entropy_side": 7.042420864105225,
          "hz": 4228.238232109126
        },
        {
          "acoustic_entropy": 7.043848037719727,
          "acoustic_entropy_side": 7.041571617126465,
          "hz": 4664.6771572759235
        },
        {
          "acoustic_entropy": 7.042778968811035,
          "acoustic_entropy_side": 7.039455890655518,
          "hz": 5139.766595350093
        },
        {
          "acoustic_entropy": 7.044892311096191,
          "acoustic_entropy_side": 7.041047096252441,
          "hz": 5656.929389854203
        },
        {
          "acoustic_entropy": 7.037564754486084,
          "acoustic_entropy_side": 7.038449764251709,
          "hz": 6219.891507268283
        },
        {
          "acoustic_entropy": 7.038094997406006,
          "acoustic_entropy_side": 7.038983345031738,
          "hz": 6832.70888123896
        },
        {
          "acoustic_entropy": 7.037344932556152,
          "acoustic_entropy_side": 7.03884744644165,
          "hz": 7499.796634079867
        },
        {
          "acoustic_entropy": 7.039320468902588,
          "acoustic_entropy_side": 7.039431571960449,
          "hz": 8225.96088609342
        },
        {
          "acoustic_entropy": 7.039392471313477,
          "acoustic_entropy_side": 7.039432048797607,
          "hz": 9016.43338188839
        },
        {
          "acoustic_entropy": 7.039495944976807,
          "acoustic_entropy_side": 7.039484977722168,
          "hz": 9876.909183162974
        },
        {
          "acoustic_entropy": 7.039508819580078,
          "acoustic_entropy_side": 7.039483070373535,
          "hz": 10813.587699516042
        },
        {
          "acoustic_entropy": 7.039310932159424,
          "acoustic_entropy_side": 7.039394855499268,
          "hz": 11833.21735289826
        },
        {
          "acoustic_entropy": 7.039425849914551,
          "acoustic_entropy_side": 7.039455890655518,
          "hz": 12943.144197493959
        },
        {
          "acoustic_entropy": 7.03940486907959,
          "acoustic_entropy_side": 7.03945255279541,
          "hz": 14151.364845322005
        },
        {
          "acoustic_entropy": 7.039088726043701,
          "acoustic_entropy_side": 7.039281368255615,
          "hz": 15466.58407886509
        },
        {
          "acoustic_entropy": 7.039233207702637,
          "acoustic_entropy_side": 7.039363384246826,
          "hz": 16898.27756580493
        },
        {
          "acoustic_entropy": 7.039453506469727,
          "acoustic_entropy_side": 7.0394792556762695,
          "hz": 18456.760127700032
        },
        {
          "acoustic_entropy": 7.0395073890686035,
          "acoustic_entropy_side": 7.039510250091553,
          "hz": 20153.260054456492
        },
        {
          "acoustic_entropy": 7.039512634277344,
          "acoustic_entropy_side": 7.0395121574401855,
          "hz": 22000.00000000001
        }
      ],
      "diff_acoustic_entropy": 4.21768856048584,
      "sn": 6
    },
    {
      "acoustic_entropy": 11.61872386932373,
      "acoustic_entropy_mono": 8.7227201461792,
      "band_eliminated_acoustic_entropies": [
        {
          "acoustic_entropy": 11.549980163574219,
          "acoustic_entropy_side": 11.620189666748047,
          "hz": 129.47220167065723
        },
        {
          "acoustic_entropy": 11.260481834411621,
          "acoustic_entropy_side": 11.617745399475098,
          "hz": 202.92927478742237
        },
        {
          "acoustic_entropy": 12.040094375610352,
          "acoustic_entropy_side": 11.413294792175293,
          "hz": 282.89161906338205
        },
        {
          "acoustic_entropy": 12.168757438659668,
          "acoustic_entropy_side": 11.509896278381348,
          "hz": 369.9353335868758
        },
        {
          "acoustic_entropy": 10.327302932739258,
          "acoustic_entropy_side": 11.470131874084473,
          "hz": 464.6875360973435
        },
        {
          "acoustic_entropy": 11.236513137817383,
          "acoustic_entropy_side": 11.10595989227295,
          "hz": 567.8308811364784
        },
        {
          "acoustic_entropy": 10.723821640014648,
          "acoustic_entropy_side": 10.298048973083496,
          "hz": 680.1084783214808
        },
        {
          "acoustic_entropy": 11.511697769165039,
          "acoustic_entropy_side": 11.632076263427734,
          "hz": 802.3292461747484
        },
        {
          "acoustic_entropy": 11.47878360748291,
          "acoustic_entropy_side": 11.527316093444824,
          "hz": 935.3737400823702
        },
        {
          "acoustic_entropy": 10.527770042419434,
          "acoustic_entropy_side": 11.172981262207031,
          "hz": 1080.2004963696966
        },
        {
          "acoustic_entropy": 11.606024742126465,
          "acoustic_entropy_side": 11.739813804626465,
          "hz": 1237.8529382007157
        },
        {
          "acoustic_entropy": 11.875846862792969,
          "acoustic_entropy_side": 11.825011253356934,
          "hz": 1409.4668930556702
        },
        {
          "acoustic_entropy": 10.780421257019043,
          "acoustic_entropy_side": 10.867329597473145,
          "hz": 1596.2787759475705
        },
        {
          "acoustic_entropy": 11.306966781616211,
          "acoustic_entropy_side": 11.71433162689209,
          "hz": 1799.6344973346393
        },
        {
          "acoustic_entropy": 10.792102813720703,
          "acoustic_entropy_side": 11.0743989944458,
          "hz": 2020.9991599069049
        },
        {
          "acoustic_entropy": 11.803542137145996,
          "acoustic_entropy_side": 11.41862964630127,
          "hz": 2261.9676141086993
        },
        {
          "acoustic_entropy": 10.889724731445312,
          "acoustic_entropy_side": 11.781631469726562,
          "hz": 2524.2759484456974
        },
        {
          "acoustic_entropy": 10.99435806274414,
          "acoustic_entropy_side": 11.780692100524902,
          "hz": 2809.813997359896
        },
        {
          "acoustic_entropy": 11.205729484558105,
          "acoustic_entropy_side": 11.666561126708984,
          "hz": 3120.6389567871424
        },
        {
          "acoustic_entropy": 11.602142333984375,
          "acoustic_entropy_side": 11.635566711425781,
          "hz": 3458.990205492291
        },
        {
          "acoustic_entropy": 11.444766998291016,
          "acoustic_entropy_side": 11.614203453063965,
          "hz": 3827.305438964164
        },
        {
          "acoustic_entropy": 11.627664566040039,
          "acoustic_entropy_side": 11.668323516845703,
          "hz": 4228.238232109126
        },
        {
          "acoustic_entropy": 11.695806503295898,
          "acoustic_entropy_side": 11.657891273498535,
          "hz": 4664.6771572759235
        },
        {
          "acoustic_entropy": 11.655888557434082,
          "acoustic_entropy_side": 11.642024040222168,
          "hz": 5139.766595350093
        },
        {
          "acoustic_entropy": 11.644068717956543,
          "acoustic_entropy_side": 11.635841369628906,
          "hz": 5656.929389854203
        },
        {
          "acoustic_entropy": 11.641714096069336,
          "acoustic_entropy_side": 11.635336875915527,
          "hz": 6219.891507268283
        },
        {
          "acoustic_entropy": 11.61601448059082,
          "acoustic_entropy_side": 11.622052192687988,
          "hz": 6832.70888123896
        },
        {
          "acoustic_entropy": 11.607012748718262,
          "acoustic_entropy_side": 11.621020317077637,
          "hz": 7499.796634079867
        },
        {
          "acoustic_entropy": 11.618971824645996,
          "acoustic_entropy_side": 11.619712829589844,
          "hz": 8225.96088609342
        },
        {
          "acoustic_entropy": 11.61927604675293,
          "acoustic_entropy_side": 11.619516372680664,
          "hz": 9016.43338188839
        },
        {
          "acoustic_entropy": 11.619223594665527,
          "acoustic_entropy_side": 11.619297981262207,
          "hz": 9876.909183162974
        },
        {
          "acoustic_entropy": 11.616905212402344,
          "acoustic_entropy_side": 11.618480682373047,
          "hz": 10813.587699516042
        },
        {
          "acoustic_entropy": 11.61556625366211,
          "acoustic_entropy_side": 11.617589950561523,
          "hz": 11833.21735289826
        },
        {
          "acoustic_entropy": 11.61677360534668,
          "acoustic_entropy_side": 11.617999076843262,
          "hz": 12943.144197493959
        },
        {
          "acoustic_entropy": 11.619030952453613,
          "acoustic_entropy_side": 11.61887264251709,
          "hz": 14151.364845322005
        },
        {
          "acoustic_entropy": 11.619599342346191,
          "acoustic_entropy_side": 11.619344711303711,
          "hz": 15466.58407886509
        },
        {
          "acoustic_entropy": 11.619354248046875,
          "acoustic_entropy_side": 11.619168281555176,
          "hz": 16898.27756580493
        },
        {
          "acoustic_entropy": 11.6187744140625,
          "acoustic_entropy_side": 11.61880874633789,
          "hz": 18456.760127700032
        },
        {
          "acoustic_entropy": 11.618720054626465,
          "acoustic_entropy_side": 11.61872673034668,
          "hz": 20153.260054456492
        },
        {
          "acoustic_entropy": 11.618721961975098,
          "acoustic_entropy_side": 11.618725776672363,
          "hz": 22000.00000000001
        }
      ],
      "diff_acoustic_entropy": 6.411544322967529,
      "sn": 12
    },
    {
      "acoustic_entropy": 17.25599479675293,
      "acoustic_entropy_mono": 12.914572715759277,
      "band_eliminated_acoustic_entropies": [
        {
          "acoustic_entropy": 17.323686599731445,
          "acoustic_entropy_side": 17.23676872253418,
          "hz": 129.47220167065723
        },
        {
          "acoustic_entropy": 16.336673736572266,
          "acoustic_entropy_side": 17.152164459228516,
          "hz": 202.92927478742237
        },
        {
          "acoustic_entropy": 16.949121475219727,
          "acoustic_entropy_side": 16.934032440185547,
          "hz": 282.89161906338205
        },
        {
          "acoustic_entropy": 17.209455490112305,
          "acoustic_entropy_side": 16.611665725708008,
          "hz": 369.9353335868758
        },
        {
          "acoustic_entropy": 16.339685440063477,
          "acoustic_entropy_side": 17.25798988342285,
          "hz": 464.6875360973435
        },
        {
          "acoustic_entropy": 17.16973114013672,
          "acoustic_entropy_side": 16.922439575195312,
          "hz": 567.8308811364784
        },
        {
          "acoustic_entropy": 16.739185333251953,
          "acoustic_entropy_side": 16.928192138671875,
          "hz": 680.1084783214808
        },
        {
          "acoustic_entropy": 16.99423599243164,
          "acoustic_entropy_side": 16.60572624206543,
          "hz": 802.3292461747484
        },
        {
          "acoustic_entropy": 16.941556930541992,
          "acoustic_entropy_side": 17.75275993347168,
          "hz": 935.3737400823702
        },
        {
          "acoustic_entropy": 16.54408836364746,
          "acoustic_entropy_side": 16.780364990234375,
          "hz": 1080.2004963696966
        },
        {
          "acoustic_entropy": 17.112762451171875,
          "acoustic_entropy_side": 17.421600341796875,
          "hz": 1237.8529382007157
        },
        {
          "acoustic_entropy": 16.951839447021484,
          "acoustic_entropy_side": 17.062204360961914,
          "hz": 1409.4668930556702
        },
        {
          "acoustic_entropy": 17.016199111938477,
          "acoustic_entropy_side": 16.408830642700195,
          "hz": 1596.2787759475705
        },
        {
          "acoustic_entropy": 16.757041931152344,
          "acoustic_entropy_side": 17.05906867980957,
          "hz": 1799.6344973346393
        },
        {
          "acoustic_entropy": 16.50690460205078,
          "acoustic_entropy_side": 16.31694221496582,
          "hz": 2020.9991599069049
        },
        {
          "acoustic_entropy": 16.99222183227539,
          "acoustic_entropy_side": 17.164125442504883,
          "hz": 2261.9676141086993
        },
        {
          "acoustic_entropy": 16.83707046508789,
          "acoustic_entropy_side": 16.87299919128418,
          "hz": 2524.2759484456974
        },
        {
          "acoustic_entropy": 17.394424438476562,
          "acoustic_entropy_side": 17.091590881347656,
          "hz": 2809.813997359896
        },
        {
          "acoustic_entropy": 17.35016441345215,
          "acoustic_entropy_side": 17.207725524902344,
          "hz": 3120.6389567871424
        },
