{
  "acoustic_entropy": 217.1947021484375,
  "bands": [
    {
      "high_freq": 148.1999969482422,
      "loudness": -20.276968002319336,
      "loudness_range": 11.095403671264648,
      "mid_mean": -16.642240524291992,
      "mid_to_side_loudness": -17.767799377441406,
      "mid_to_side_loudness_range": 15.217790603637695,
      "side_mean": -35.07234191894531
    },
    {
      "high_freq": 392.3793640136719,
      "loudness": -19.131149291992188,
      "loudness_range": 7.159571647644043,
      "low_freq": 148.1999969482422,
      "mid_mean": -15.865569114685059,
      "mid_to_side_loudness": -10.572769165039062,
      "mid_to_side_loudness_range": 8.700864791870117,
      "side_mean": -26.4992733001709
    },
    {
      "high_freq": 794.6976318359375,
      "loudness": -25.026308059692383,
      "loudness_range": 12.211191177368164,
      "low_freq": 392.3793640136719,
      "mid_mean": -21.868755340576172,
      "mid_to_side_loudness": -9.4952974319458,
      "mid_to_side_loudness_range": 8.811838150024414,
      "side_mean": -31.445701599121094
    },
    {
      "high_freq": 1457.5709228515625,
      "loudness": -25.1061954498291,
      "loudness_range": 10.404848098754883,
      "low_freq": 794.6976318359375,
      "mid_mean": -21.948843002319336,
      "mid_to_side_loudness": -9.362905502319336,
      "mid_to_side_loudness_range": 8.00513744354248,
      "side_mean": -31.528579711914062
    },
    {
      "high_freq": 2549.74365234375,
      "loudness": -20.782520294189453,
      "loudness_range": 11.148221015930176,
      "low_freq": 1457.5709228515625,
      "mid_mean": -17.619686126708984,
      "mid_to_side_loudness": -9.503771781921387,
      "mid_to_side_loudness_range": 8.345016479492188,
      "side_mean": -27.219135284423828
    },
    {
      "high_freq": 4349.24462890625,
      "loudness": -20.62909698486328,
      "loudness_range": 9.100605010986328,
      "low_freq": 2549.74365234375,
      "mid_mean": -17.56000328063965,
      "mid_to_side_loudness": -8.420829772949219,
      "mid_to_side_loudness_range": 6.408182144165039,
      "side_mean": -26.111282348632812
    },
    {
      "high_freq": 7314.1640625,
      "loudness": -25.617115020751953,
      "loudness_range": 10.087024688720703,
      "low_freq": 4349.24462890625,
      "mid_mean": -22.560361862182617,
      "mid_to_side_loudness": -8.56846809387207,
      "mid_to_side_loudness_range": 8.0264892578125,
      "side_mean": -31.203304290771484
    },
    {
      "high_freq": 12199.2666015625,
      "loudness": -31.470304489135742,
      "loudness_range": 10.632179260253906,
      "low_freq": 7314.1640625,
      "mid_mean": -28.68486785888672,
      "mid_to_side_loudness": -6.817848205566406,
      "mid_to_side_loudness_range": 7.237827301025391,
      "side_mean": -35.56910705566406
    },
    {
      "loudness": -37.33320617675781,
      "loudness_range": 13.229707717895508,
      "low_freq": 12199.2666015625,
      "mid_mean": -35.26222610473633,
      "mid_to_side_loudness": -3.697599411010742,
      "mid_to_side_loudness_range": 5.442929267883301,
      "side_mean": -38.98041915893555
    }
  ],
  "bands_short": [
    {
      "high_freq": 148.1999969482422,
      "loudness": -27.391921997070312,
      "loudness_range": 29.870628356933594,
      "mid_mean": -23.915565490722656,
      "mid_to_side_loudness": -15.460267066955566,
      "mid_to_side_loudness_range": 19.349088668823242,
      "side_mean": -40.67581558227539
    },
    {
      "high_freq": 392.3793640136719,
      "loudness": -20.51206398010254,
      "loudness_range": 15.331161499023438,
      "low_freq": 148.1999969482422,
      "mid_mean": -17.375408172607422,
      "mid_to_side_loudness": -10.128281593322754,
      "mid_to_side_loudness_range": 12.834590911865234,
      "side_mean": -27.679479598999023
    },
    {
      "high_freq": 794.6976318359375,
      "loudness": -26.04029655456543,
      "loudness_range": 16.685993194580078,
      "low_freq": 392.3793640136719,
      "mid_mean": -23.06406593322754,
      "mid_to_side_loudness": -8.76285171508789,
      "mid_to_side_loudness_range": 12.755849838256836,
      "side_mean": -32.04343032836914
    },
    {
      "high_freq": 1457.5709228515625,
      "loudness": -26.07762908935547,
      "loudness_range": 14.554460525512695,
      "low_freq": 794.6976318359375,
      "mid_mean": -23.057907104492188,
      "mid_to_side_loudness": -8.85815143585205,
      "mid_to_side_loudness_range": 11.429939270019531,
      "side_mean": -32.12871170043945
    },
    {
      "high_freq": 2549.74365234375,
      "loudness": -22.19121551513672,
      "loudness_range": 15.732320785522461,
      "low_freq": 1457.5709228515625,
      "mid_mean": -19.209102630615234,
      "mid_to_side_loudness": -8.598983764648438,
      "mid_to_side_loudness_range": 12.141465187072754,
      "side_mean": -28.057069778442383
    },
    {
      "high_freq": 4349.24462890625,
      "loudness": -22.111072540283203,
      "loudness_range": 14.953404426574707,
      "low_freq": 2549.74365234375,
      "mid_mean": -19.203502655029297,
      "mid_to_side_loudness": -7.862763404846191,
      "mid_to_side_loudness_range": 10.46497631072998,
      "side_mean": -27.225021362304688
    },
    {
      "high_freq": 7314.1640625,
      "loudness": -27.48812484741211,
      "loudness_range": 16.895009994506836,
      "low_freq": 4349.24462890625,
      "mid_mean": -24.55270767211914,
      "mid_to_side_loudness": -8.15194320678711,
      "mid_to_side_loudness_range": 10.448050498962402,
      "side_mean": -32.89292907714844
    },
    {
      "high_freq": 12199.2666015625,
      "loudness": -33.93667221069336,
      "loudness_range": 18.93842124938965,
      "low_freq": 7314.1640625,
      "mid_mean": -31.233768463134766,
      "mid_to_side_loudness": -6.809663772583008,
      "mid_to_side_loudness_range": 9.351018905639648,
      "side_mean": -38.16819763183594
    },
    {
      "loudness": -41.05497741699219,
      "loudness_range": 21.601097106933594,
      "low_freq": 12199.2666015625,
      "mid_mean": -38.94218063354492,
      "mid_to_side_loudness": -4.2934489250183105,
      "mid_to_side_loudness_range": 7.460286617279053,
      "side_mean": -43.30673599243164
    }
  ],
  "bandwidth": 657.1163330078125,
  "channels": 2,
  "covariance": [
    [
      23.764240264892578,
      11.994673728942871,
      8.848697662353516,
      1.8196539878845215,
      4.972918510437012,
      2.6836605072021484,
      4.928013324737549,
      3.9250221252441406,
      6.4814958572387695,
      3.5804779529571533,
      4.022012710571289,
      2.0090548992156982,
      7.67850399017334,
      5.884522914886475,
      5.685703277587891,
      6.063954830169678,
      3.6533470153808594,
      4.265224933624268
    ],
    [
      11.994673728942871,
      20.435955047607422,
      6.760909557342529,
      5.37886905670166,
      4.291421890258789,
      4.836575508117676,
      5.488603591918945,
      6.2426676750183105,
      4.948835849761963,
      4.6244587898254395,
      4.426510334014893,
      3.992194414138794,
      5.3208746910095215,
      5.921459674835205,
      3.443946361541748,
      4.851205825805664,
      4.306880950927734,
      5.216969966888428
    ],
    [
      8.848697662353516,
      6.760909557342529,
      9.650053977966309,
      4.965136528015137,
      6.239808559417725,
      3.854978561401367,
      4.412337779998779,
      3.760895013809204,
      5.1842570304870605,
      3.0921757221221924,
      2.6625282764434814,
      1.3545265197753906,
      5.618105888366699,
      3.532564163208008,
      3.6999599933624268,
      2.5132713317871094,
      1.714178442955017,
      1.5921597480773926
    ],
    [
      1.8196539878845215,
      5.37886905670166,
      4.965136528015137,
      9.348152160644531,
      3.2414450645446777,
      3.8947861194610596,
      2.6185712814331055,
      3.168682098388672,
      2.0710623264312744,
      2.582473039627075,
      2.255063056945801,
      2.710815191268921,
      2.93461537361145,
      3.0764858722686768,
      2.308683395385742,
      2.3052377700805664,
      2.5967860221862793,
      2.869774103164673
    ],
    [
      4.972918510437012,
      4.291421890258789,
      6.239808559417725,
      3.2414450645446777,
      19.99799156188965,
      14.915083885192871,
      7.899591445922852,
      8.02724838256836,
      7.98127555847168,
      5.777961254119873,
      3.927647113800049,
      2.839738607406616,
      6.075206756591797,
      2.7452776432037354,
      1.5968610048294067,
      -0.17300280928611755,
      -0.23359519243240356,
      -0.06866519898176193
    ],
    [
      2.6836605072021484,
      4.836575508117676,
      3.854978561401367,
      3.8947861194610596,
      14.915083885192871,
      19.37228775024414,
      6.1909308433532715,
      9.513480186462402,
      5.682250022888184,
      7.146806240081787,
      4.340599536895752,
      5.798652648925781,
      3.253910779953003,
      2.415540933609009,
      -1.3310644626617432,
      -1.3325423002243042,
      0.08908947557210922,
      1.1733886003494263
    ],
    [
      4.928013324737549,
      5.488603591918945,
      4.412337779998779,
      2.6185712814331055,
      7.899591445922852,
      6.1909308433532715,
      17.717805862426758,
      12.622724533081055,
      11.21788501739502,
      8.876360893249512,
      6.353612899780273,
      5.470690727233887,
      7.755267143249512,
      5.25574254989624,
      3.831212282180786,
      2.646730661392212,
      2.0506463050842285,
      2.653083324432373
    ],
    [
      3.9250221252441406,
      6.2426676750183105,
      3.760895013809204,
      3.168682098388672,
      8.02724838256836,
      9.513480186462402,
      12.622724533081055,
      17.590042114257812,
      9.49286937713623,
      11.671185493469238,
      6.259670257568359,
      8.196155548095703,
      6.330917835235596,
      6.221038341522217,
      1.4755438566207886,
      1.9884696006774902,
      2.1105520725250244,
      3.6121532917022705
    ],
    [
      6.4814958572387695,
      4.948835849761963,
      5.1842570304870605,
      2.0710623264312744,
      7.98127555847168,
      5.682250022888184,
      11.21788501739502,
      9.49286937713623,
      17.974178314208984,
      11.034117698669434,
      9.040495872497559,
      6.3491129875183105,
      10.18517780303955,
      6.234480381011963,
      5.685230255126953,
      3.3809585571289062,
      2.3171610832214355,
      3.0414953231811523
    ],
    [
      3.5804779529571533,
      4.6244587898254395,
      3.0921757221221924,
      2.582473039627075,
      5.777961254119873,
      7.146806240081787,
      8.876360893249512,
      11.671185493469238,
      11.034117698669434,
      12.912872314453125,
      7.3776469230651855,
      9.18242073059082,
      6.280958652496338,
      6.18222713470459,
      2.0283312797546387,
      2.3136696815490723,
      2.161684274673462,
      3.5973806381225586
    ],
    [
      4.022012710571289,
      4.426510334014893,
      2.6625282764434814,
      2.255063056945801,
      3.927647113800049,
      4.340599536895752,
      6.353612899780273,
      6.259670257568359,
      9.040495872497559,
      7.3776469230651855,
      11.233539581298828,
      9.254809379577637,
      7.204300403594971,
      5.759138584136963,
      3.7002763748168945,
      3.4890408515930176,
      3.346546173095703,
      4.354681015014648
    ],
    [
      2.0090548992156982,
      3.992194414138794,
      1.3545265197753906,
      2.710815191268921,
      2.839738607406616,
      5.798652648925781,
      5.470690727233887,
      8.196155548095703,
      6.3491129875183105,
      9.18242073059082,
      9.254809379577637,
      12.965493202209473,
      3.528791904449463,
      4.941573143005371,
      0.14780493080615997,
      1.6233400106430054,
      2.34041690826416,
      3.9442861080169678
    ],
    [
      7.67850399017334,
      5.3208746910095215,
      5.618105888366699,
      2.93461537361145,
      6.075206756591797,
      3.253910779953003,
      7.755267143249512,
      6.330917835235596,
      10.18517780303955,
      6.280958652496338,
      7.204300403594971,
      3.528791904449463,
      14.93638801574707,
      10.44275951385498,
      11.870156288146973,
      9.703895568847656,
      7.689068794250488,
      8.181975364685059
    ],
    [
      5.884522914886475,
      5.921459674835205,
      3.532564163208008,
      3.0764858722686768,
      2.7452776432037354,
      2.415540933609009,
      5.25574254989624,
      6.221038341522217,
      6.234480381011963,
      6.18222713470459,
      5.759138584136963,
      4.941573143005371,
      10.44275951385498,
      13.909239768981934,
      8.944127082824707,
      12.712925910949707,
      10.57149600982666,
      13.539069175720215
    ],
    [
      5.685703277587891,
      3.443946361541748,
      3.6999599933624268,
      2.308683395385742,
      1.5968610048294067,
      -1.3310644626617432,
      3.831212282180786,
      1.4755438566207886,
      5.685230255126953,
      2.0283312797546387,
      3.7002763748168945,
      0.14780493080615997,
      11.870156288146973,
      8.944127082824707,
      17.128761291503906,
      14.282175064086914,
      12.041708946228027,
      12.08708381652832
    ],
    [
      6.063954830169678,
      4.851205825805664,
      2.5132713317871094,
      2.3052377700805664,
      -0.17300280928611755,
      -1.3325423002243042,
      2.646730661392212,
      1.9884696006774902,
      3.3809585571289062,
      2.3136696815490723,
      3.4890408515930176,
      1.6233400106430054,
      9.703895568847656,
      12.712925910949707,
      14.282175064086914,
      18.336868286132812,
      14.987945556640625,
      18.513471603393555
    ],
    [
      3.6533470153808594,
      4.306880950927734,
      1.714178442955017,
      2.5967860221862793,
      -0.23359519243240356,
      0.08908947557210922,
      2.0506463050842285,
      2.1105520725250244,
      2.3171610832214355,
      2.161684274673462,
      3.346546173095703,
      2.34041690826416,
      7.689068794250488,
      10.57149600982666,
      12.041708946228027,
      14.987945556640625,
      18.761268615722656,
      22.319271087646484
    ],
    [
      4.265224933624268,
      5.216969966888428,
      1.5921597480773926,
      2.869774103164673,
      -0.06866519898176193,
      1.1733886003494263,
      2.653083324432373,
      3.6121532917022705,
      3.0414953231811523,
      3.5973806381225586,
      4.354681015014648,
      3.9442861080169678,
      8.181975364685059,
      13.539069175720215,
      12.08708381652832,
      18.513471603393555,
      22.319271087646484,
      30.28826904296875
    ]
  ],
  "covariance_short": [
    [
      91.8086929321289,
      51.532630920410156,
      28.637977600097656,
      7.363107204437256,
      15.34227180480957,
      7.409933567047119,
      16.565750122070312,
      11.39009952545166,
      20.32760238647461,
      12.431802749633789,
      16.886276245117188,
      11.006979942321777,
      22.661453247070312,
      18.364192962646484,
      23.673852920532227,
      22.829469680786133,
      20.986417770385742,
      21.714141845703125
    ],
    [
      51.532630920410156,
      60.28532409667969,
      21.742084503173828,
      12.231470108032227,
      11.547075271606445,
      8.368395805358887,
      14.577701568603516,
      12.184347152709961,
      16.29737663269043,
      12.978185653686523,
      15.672018051147461,
      12.577381134033203,
      16.88382339477539,
      16.55474090576172,
      16.91634750366211,
      18.05450439453125,
      17.90264129638672,
      19.485427856445312
    ],
    [
      28.637977600097656,
      21.742084503173828,
      28.123409271240234,
      14.375448226928711,
      13.437463760375977,
      7.440866947174072,
      10.63122844696045,
      6.335122108459473,
      12.786391258239746,
      7.313223838806152,
      12.17192268371582,
      7.821349620819092,
      14.264482498168945,
      11.404850959777832,
      13.863381385803223,
      12.47403335571289,
      14.167128562927246,
      14.609063148498535
    ],
    [
      7.363107204437256,
      12.231470108032227,
      14.375448226928711,
      22.123191833496094,
      7.174012660980225,
      8.003800392150879,
      5.958916664123535,
      5.497520446777344,
      5.990990161895752,
      6.431703567504883,
      9.158242225646973,
      8.673999786376953,
      7.695680618286133,
      8.818493843078613,
      7.465595245361328,
      8.221405029296875,
      9.789788246154785,
      11.171570777893066
    ],
    [
      15.34227180480957,
      11.547075271606445,
      13.437463760375977,
      7.174012660980225,
      35.6811408996582,
      21.32942008972168,
      15.281420707702637,
      9.912474632263184,
      16.128650665283203,
      9.177742958068848,
      13.73294448852539,
      8.363670349121094,
      14.95302963256836,
      9.822226524353027,
      11.344188690185547,
      8.513980865478516,
      9.58887767791748,
      9.264127731323242
    ],
    [
      7.409933567047119,
      8.368395805358887,
      7.440866947174072,
      8.003800392150879,
      21.32942008972168,
      28.39422607421875,
      10.210768699645996,
      11.026871681213379,
      9.782154083251953,
      10.084214210510254,
      10.330121040344238,
      9.882216453552246,
      8.27514362335205,
      7.4225053787231445,
      4.766719341278076,
      4.028231620788574,
      5.61889123916626,
      6.04305362701416
    ],
    [
      16.565750122070312,
      14.577701568603516,
      10.63122844696045,
      5.958916664123535,
      15.281420707702637,
      10.210768699645996,
      31.313583374023438,
      18.770376205444336,
      22.3395938873291,
      14.3292875289917,
      16.876951217651367,
      11.604588508605957,
      17.277603149414062,
      12.198959350585938,
      13.304348945617676,
      10.818891525268555,
      9.884875297546387,
      10.017792701721191
    ],
    [
      11.39009952545166,
      12.184347152709961,
      6.335122108459473,
      5.497520446777344,
      9.912474632263184,
      11.026871681213379,
      18.770376205444336,
      23.740379333496094,
      14.758514404296875,
      15.70572566986084,
      11.528962135314941,
      12.634324073791504,
      10.526686668395996,
      10.373747825622559,
      7.2729573249816895,
      7.7943291664123535,
      6.226849555969238,
      7.512234687805176
    ],
    [
      20.32760238647461,
      16.29737663269043,
      12.786391258239746,
      5.990990161895752,
      16.128650665283203,
      9.782154083251953,
      22.3395938873291,
      14.758514404296875,
      35.57901382446289,
      19.009302139282227,
      23.21208381652832,
      14.095254898071289,
      22.895137786865234,
      15.156951904296875,
      17.88671112060547,
      13.204178810119629,
      12.656316757202148,
      12.094118118286133
    ],
    [
      12.431802749633789,
      12.978185653686523,
      7.313223838806152,
      6.431703567504883,
      9.177742958068848,
      10.084214210510254,
      14.3292875289917,
      15.70572566986084,
      19.009302139282227,
      21.292009353637695,
      15.201122283935547,
      15.362711906433105,
      12.617549896240234,
      12.99666976928711,
      9.112104415893555,
      8.769742965698242,
      7.686548709869385,
      8.54850959777832
    ],
    [
      16.886276245117188,
      15.672018051147461,
      12.17192268371582,
      9.158242225646973,
      13.73294448852539,
      10.330121040344238,
      16.876951217651367,
      11.528962135314941,
      23.21208381652832,
      15.201122283935547,
      31.837112426757812,
      20.714780807495117,
      21.87567710876465,
      17.118671417236328,
      16.355268478393555,
      13.88938045501709,
      15.070996284484863,
      15.249031066894531
    ],
    [
      11.006979942321777,
      12.577381134033203,
      7.821349620819092,
      8.673999786376953,
      8.363670349121094,
      9.882216453552246,
      11.604588508605957,
      12.634324073791504,
      14.095254898071289,
      15.362711906433105,
      20.714780807495117,
      23.478958129882812,
      11.683294296264648,
      13.602631568908691,
      7.457760334014893,
      9.106712341308594,
      9.876802444458008,
      11.792343139648438
    ],
    [
      22.661453247070312,
      16.88382339477539,
      14.264482498168945,
      7.695680618286133,
      14.95302963256836,
      8.27514362335205,
      17.277603149414062,
      10.526686668395996,
      22.895137786865234,
      12.617549896240234,
      21.87567710876465,
      11.683294296264648,
      37.804534912109375,
      25.92125129699707,
      34.02591323852539,
      27.732358932495117,
      27.959917068481445,
      26.117605209350586
    ],
    [
      18.364192962646484,
      16.55474090576172,
      11.404850959777832,
      8.818493843078613,
      9.822226524353027,
      7.4225053787231445,
      12.198959350585938,
      10.373747825622559,
      15.156951904296875,
      12.99666976928711,
      17.118671417236328,
      13.602631568908691,
      25.92125129699707,
      29.40911865234375,
      24.910097122192383,
      28.823444366455078,
      25.940095901489258,
      29.53481101989746
    ],
    [
      23.673852920532227,
      16.91634750366211,
      13.863381385803223,
      7.465595245361328,
      11.344188690185547,
      4.766719341278076,
      13.304348945617676,
      7.2729573249816895,
      17.88671112060547,
      9.112104415893555,
      16.355268478393555,
      7.457760334014893,
      34.02591323852539,
      24.910097122192383,
      45.54958724975586,
      37.5170783996582,
      38.27684783935547,
      35.573543548583984
    ],
    [
      22.829469680786133,
      18.05450439453125,
      12.47403335571289,
      8.221405029296875,
      8.513980865478516,
      4.028231620788574,
      10.818891525268555,
      7.7943291664123535,
      13.204178810119629,
      8.769742965698242,
      13.88938045501709,
      9.106712341308594,
      27.732358932495117,
      28.823444366455078,
      37.5170783996582,
      42.29267120361328,
      37.936485290527344,
      42.59859085083008
    ],
    [
      20.986417770385742,
      17.90264129638672,
      14.167128562927246,
      9.789788246154785,
      9.58887767791748,
      5.61889123916626,
      9.884875297546387,
      6.226849555969238,
      12.656316757202148,
      7.686548709869385,
      15.070996284484863,
      9.876802444458008,
      27.959917068481445,
      25.940095901489258,
      38.27684783935547,
      37.936485290527344,
      54.7374382019043,
      55.63105010986328
    ],
    [
      21.714141845703125,
      19.485427856445312,
      14.609063148498535,
      11.171570777893066,
      9.264127731323242,
      6.04305362701416,
      10.017792701721191,
      7.512234687805176,
      12.094118118286133,
      8.54850959777832,
      15.249031066894531,
      11.792343139648438,
      26.117605209350586,
      29.53481101989746,
      35.573543548583984,
      42.59859085083008,
      55.63105010986328,
      66.38795471191406
    ]
  ],
  "damage": -4.9119977951049805,
  "diff_bandwidth": 600.1314086914062,
  "dissonance": 10.394417602554373,
  "drr": 19.484067916870117,
  "dynamics": 2.7117254734039307,
  "format": 1245190,
  "frames": 18641856,
  "loudness": -9.101901054382324,
  "loudness_range": 4.5407395362854,
  "loudness_range_short": 11.830612182617188,
  "lowpass_true_peak_15khz": 1.413455843925476,
  "mastering3_acoustic_entropies": [
    {
      "acoustic_entropy": 6.0938334465026855,
      "acoustic_entropy_mono": 6.44716215133667,
      "band_eliminated_acoustic_entropies": [
        {
          "acoustic_entropy": 6.468008995056152,
          "acoustic_entropy_side": 6.09000301361084,
          "hz": 129.47220167065723
        },
        {
          "acoustic_entropy": 6.2694993019104,
          "acoustic_entropy_side": 6.075384140014648,
          "hz": 202.92927478742237
        },
        {
          "acoustic_entropy": 7.136976718902588,
          "acoustic_entropy_side": 6.088517189025879,
          "hz": 282.89161906338205
        },
        {
          "acoustic_entropy": 6.547375679016113,
          "acoustic_entropy_side": 6.088392734527588,
          "hz": 369.9353335868758
        },
        {
          "acoustic_entropy": 6.636992931365967,
          "acoustic_entropy_side": 6.1044230461120605,
          "hz": 464.6875360973435
        },
        {
          "acoustic_entropy": 6.2115631103515625,
          "acoustic_entropy_side": 6.034817695617676,
          "hz": 567.8308811364784
        },
        {
          "acoustic_entropy": 5.218141555786133,
          "acoustic_entropy_side": 5.993873119354248,
          "hz": 680.1084783214808
        },
        {
          "acoustic_entropy": 6.27831506729126,
          "acoustic_entropy_side": 6.345283508300781,
          "hz": 802.3292461747484
        },
        {
          "acoustic_entropy": 6.383866310119629,
          "acoustic_entropy_side": 6.309603691101074,
          "hz": 935.3737400823702
        },
        {
          "acoustic_entropy": 6.3769917488098145,
          "acoustic_entropy_side": 6.337220668792725,
          "hz": 1080.2004963696966
        },
        {
          "acoustic_entropy": 6.116573810577393,
          "acoustic_entropy_side": 6.209750652313232,
          "hz": 1237.8529382007157
        },
        {
          "acoustic_entropy": 6.068658828735352,
          "acoustic_entropy_side": 6.11588716506958,
          "hz": 1409.4668930556702
        },
        {
          "acoustic_entropy": 6.082683086395264,
          "acoustic_entropy_side": 6.065369129180908,
          "hz": 1596.2787759475705
        },
        {
          "acoustic_entropy": 5.681831359863281,
          "acoustic_entropy_side": 6.0310444831848145,
          "hz": 1799.6344973346393
        },
        {
          "acoustic_entropy": 5.624260902404785,
          "acoustic_entropy_side": 6.257211685180664,
          "hz": 2020.9991599069049
        },
        {
          "acoustic_entropy": 6.184072017669678,
          "acoustic_entropy_side": 6.350602626800537,
          "hz": 2261.9676141086993
        },
        {
          "acoustic_entropy": 5.7709197998046875,
          "acoustic_entropy_side": 6.2252678871154785,
          "hz": 2524.2759484456974
        },
        {
          "acoustic_entropy": 6.78115177154541,
          "acoustic_entropy_side": 6.309277057647705,
          "hz": 2809.813997359896
        },
        {
          "acoustic_entropy": 6.6063103675842285,
          "acoustic_entropy_side": 6.240303039550781,
          "hz": 3120.6389567871424
        },
        {
          "acoustic_entropy": 6.074399471282959,
          "acoustic_entropy_side": 6.069814682006836,
          "hz": 3458.990205492291
        },
        {
          "acoustic_entropy": 5.547445297241211,
          "acoustic_entropy_side": 5.9893035888671875,
          "hz": 3827.305438964164
        },
        {
          "acoustic_entropy": 6.283689022064209,
          "acoustic_entropy_side": 6.110193252563477,
          "hz": 4228.238232109126
        },
        {
          "acoustic_entropy": 6.190659999847412,
          "acoustic_entropy_side": 6.0996222496032715,
          "hz": 4664.6771572759235
        },
        {
          "acoustic_entropy": 6.14719820022583,
          "acoustic_entropy_side": 6.11155366897583,
          "hz": 5139.766595350093
        },
        {
          "acoustic_entropy": 6.296059608459473,
          "acoustic_entropy_side": 6.155505180358887,
          "hz": 5656.929389854203
        },
        {
          "acoustic_entropy": 6.275224685668945,
          "acoustic_entropy_side": 6.247677326202393,
          "hz": 6219.891507268283
        },
        {
          "acoustic_entropy": 6.060591697692871,
          "acoustic_entropy_side": 6.219860553741455,
          "hz": 6832.70888123896
        },
        {
          "acoustic_entropy": 5.969275951385498,
          "acoustic_entropy_side": 6.199983596801758,
          "hz": 7499.796634079867
        },
        {
          "acoustic_entropy": 5.999278545379639,
          "acoustic_entropy_side": 6.287505149841309,
          "hz": 8225.96088609342
        },
        {
          "acoustic_entropy": 5.989380359649658,
          "acoustic_entropy_side": 6.184473514556885,
          "hz": 9016.43338188839
        },
        {
          "acoustic_entropy": 6.001430511474609,
          "acoustic_entropy_side": 6.10659646987915,
          "hz": 9876.909183162974
        },
        {
          "acoustic_entropy": 6.003570556640625,
          "acoustic_entropy_side": 6.115144729614258,
          "hz": 10813.587699516042
        },
        {
          "acoustic_entropy": 6.261795520782471,
          "acoustic_entropy_side": 6.174668788909912,
          "hz": 11833.21735289826
        },
        {
          "acoustic_entropy": 6.223302364349365,
          "acoustic_entropy_side": 6.170383930206299,
          "hz": 12943.144197493959
        },
        {
          "acoustic_entropy": 6.2795586585998535,
          "acoustic_entropy_side": 6.2551445960998535,
          "hz": 14151.364845322005
        },
        {
          "acoustic_entropy": 6.240841865539551,
          "acoustic_entropy_side": 6.191118240356445,
          "hz": 15466.58407886509
        },
        {
          "acoustic_entropy": 6.106165885925293,
          "acoustic_entropy_side": 6.097976207733154,
          "hz": 16898.27756580493
        },
        {
          "acoustic_entropy": 6.093651294708252,
          "acoustic_entropy_side": 6.094138145446777,
          "hz": 18456.760127700032
        },
        {
          "acoustic_entropy": 6.091683864593506,
          "acoustic_entropy_side": 6.093576908111572,
          "hz": 20153.260054456492
        },
        {
          "acoustic_entropy": 6.09242057800293,
          "acoustic_entropy_side": 6.093456745147705,
          "hz": 22000.00000000001
        }
      ],
      "diff_acoustic_entropy": 7.031350612640381,
      "sn": 6
    },
    {
      "acoustic_entropy": 9.204620361328125,
      "acoustic_entropy_mono": 9.349283218383789,
      "band_eliminated_acoustic_entropies": [
        {
          "acoustic_entropy": 9.756095886230469,
          "acoustic_entropy_side": 9.192994117736816,
          "hz": 129.47220167065723
        },
        {
          "acoustic_entropy": 9.245969772338867,
          "acoustic_entropy_side": 9.287376403808594,
          "hz": 202.92927478742237
        },
        {
          "acoustic_entropy": 10.54780387878418,
          "acoustic_entropy_side": 9.393486022949219,
          "hz": 282.89161906338205
        },
        {
          "acoustic_entropy": 9.390569686889648,
          "acoustic_entropy_side": 9.306652069091797,
          "hz": 369.9353335868758
        },
        {
          "acoustic_entropy": 9.44336986541748,
          "acoustic_entropy_side": 9.189452171325684,
          "hz": 464.6875360973435
        },
        {
          "acoustic_entropy": 9.003965377807617,
          "acoustic_entropy_side": 9.264714241027832,
          "hz": 567.8308811364784
        },
        {
          "acoustic_entropy": 10.102519989013672,
          "acoustic_entropy_side": 9.34756088256836,
          "hz": 680.1084783214808
        },
        {
          "acoustic_entropy": 8.725261688232422,
          "acoustic_entropy_side": 9.042699813842773,
          "hz": 802.3292461747484
        },
        {
          "acoustic_entropy": 9.70104694366455,
          "acoustic_entropy_side": 9.366111755371094,
          "hz": 935.3737400823702
        },
        {
          "acoustic_entropy": 8.837533950805664,
          "acoustic_entropy_side": 9.266088485717773,
          "hz": 1080.2004963696966
        },
        {
          "acoustic_entropy": 8.987543106079102,
          "acoustic_entropy_side": 9.271943092346191,
          "hz": 1237.8529382007157
        },
        {
          "acoustic_entropy": 9.179402351379395,
          "acoustic_entropy_side": 9.205846786499023,
          "hz": 1409.4668930556702
        },
        {
          "acoustic_entropy": 9.206989288330078,
          "acoustic_entropy_side": 9.09796142578125,
          "hz": 1596.2787759475705
        },
        {
          "acoustic_entropy": 8.809233665466309,
          "acoustic_entropy_side": 8.974736213684082,
          "hz": 1799.6344973346393
        },
        {
          "acoustic_entropy": 8.980907440185547,
          "acoustic_entropy_side": 9.094282150268555,
          "hz": 2020.9991599069049
        },
        {
          "acoustic_entropy": 9.418623924255371,
          "acoustic_entropy_side": 9.221364974975586,
          "hz": 2261.9676141086993
        },
        {
          "acoustic_entropy": 9.382740020751953,
          "acoustic_entropy_side": 9.20914077758789,
          "hz": 2524.2759484456974
        },
        {
          "acoustic_entropy": 9.943962097167969,
          "acoustic_entropy_side": 9.474908828735352,
          "hz": 2809.813997359896
        },
        {
          "acoustic_entropy": 9.358290672302246,
          "acoustic_entropy_side": 9.302786827087402,
          "hz": 3120.6389567871424
        },
        {
          "acoustic_entropy": 9.04511547088623,
          "acoustic_entropy_side": 9.068524360656738,
          "hz": 3458.990205492291
        },
        {
          "acoustic_entropy": 9.413095474243164,
          "acoustic_entropy_side": 9.222501754760742,
          "hz": 3827.305438964164
        },
        {
          "acoustic_entropy": 9.479331970214844,
          "acoustic_entropy_side": 9.280460357666016,
          "hz": 4228.238232109126
        },
        {
          "acoustic_entropy": 9.37718391418457,
          "acoustic_entropy_side": 9.23370361328125,
          "hz": 4664.6771572759235
        },
        {
          "acoustic_entropy": 9.3240327835083,
          "acoustic_entropy_side": 9.202277183532715,
          "hz": 5139.766595350093
        },
        {
          "acoustic_entropy": 9.198001861572266,
          "acoustic_entropy_side": 9.343515396118164,
          "hz": 5656.929389854203
        },
        {
          "acoustic_entropy": 9.463650703430176,
          "acoustic_entropy_side": 9.332820892333984,
          "hz": 6219.891507268283
        },
        {
          "acoustic_entropy": 9.227622985839844,
          "acoustic_entropy_side": 9.276978492736816,
          "hz": 6832.70888123896
        },
        {
          "acoustic_entropy": 9.438592910766602,
          "acoustic_entropy_side": 9.450432777404785,
          "hz": 7499.796634079867
        },
        {
          "acoustic_entropy": 9.219712257385254,
          "acoustic_entropy_side": 9.340015411376953,
          "hz": 8225.96088609342
        },
        {
          "acoustic_entropy": 9.173757553100586,
          "acoustic_entropy_side": 9.263962745666504,
          "hz": 9016.43338188839
        },
        {
          "acoustic_entropy": 9.172826766967773,
          "acoustic_entropy_side": 9.218006134033203,
          "hz": 9876.909183162974
        },
        {
          "acoustic_entropy": 9.255995750427246,
          "acoustic_entropy_side": 9.233112335205078,
          "hz": 10813.587699516042
        },
        {
          "acoustic_entropy": 9.536452293395996,
          "acoustic_entropy_side": 9.434259414672852,
          "hz": 11833.21735289826
        },
        {
          "acoustic_entropy": 9.396272659301758,
          "acoustic_entropy_side": 9.418792724609375,
          "hz": 12943.144197493959
        },
        {
          "acoustic_entropy": 9.9430570602417,
          "acoustic_entropy_side": 9.563932418823242,
          "hz": 14151.364845322005
        },
        {
          "acoustic_entropy": 9.635868072509766,
          "acoustic_entropy_side": 9.434356689453125,
          "hz": 15466.58407886509
        },
        {
          "acoustic_entropy": 9.231785774230957,
          "acoustic_entropy_side": 9.218996047973633,
          "hz": 16898.27756580493
        },
        {
          "acoustic_entropy": 9.218253135681152,
          "acoustic_entropy_side": 9.210875511169434,
          "hz": 18456.760127700032
        },
        {
          "acoustic_entropy": 9.216323852539062,
          "acoustic_entropy_side": 9.207921028137207,
          "hz": 20153.260054456492
        },
        {
          "acoustic_entropy": 9.207561492919922,
          "acoustic_entropy_side": 9.205742835998535,
          "hz": 22000.00000000001
        }
      ],
      "diff_acoustic_entropy": 10.53792953491211,
      "sn": 12
    },
    {
      "acoustic_entropy": 14.498201370239258,
      "acoustic_entropy_mono": 13.45494556427002,
      "band_eliminated_acoustic_entropies": [
        {
          "acoustic_entropy": 14.36622428894043,
          "acoustic_entropy_side": 14.479860305786133,
          "hz": 129.47220167065723
        },
        {
          "acoustic_entropy": 14.78567123413086,
          "acoustic_entropy_side": 14.695362091064453,
          "hz": 202.92927478742237
        },
        {
          "acoustic_entropy": 15.23752498626709,
          "acoustic_entropy_side": 14.55449390411377,
          "hz": 282.89161906338205
        },
        {
          "acoustic_entropy": 14.318668365478516,
          "acoustic_entropy_side": 14.281486511230469,
          "hz": 369.9353335868758
        },
        {
          "acoustic_entropy": 15.249370574951172,
          "acoustic_entropy_side": 14.880589485168457,
          "hz": 464.6875360973435
        },
        {
          "acoustic_entropy": 14.707143783569336,
          "acoustic_entropy_side": 14.171298027038574,
          "hz": 567.8308811364784
        },
        {
          "acoustic_entropy": 15.877995491027832,
          "acoustic_entropy_side": 14.825233459472656,
          "hz": 680.1084783214808
        },
        {
          "acoustic_entropy": 14.519665718078613,
          "acoustic_entropy_side": 14.238896369934082,
          "hz": 802.3292461747484
        },
        {
          "acoustic_entropy": 15.210100173950195,
          "acoustic_entropy_side": 15.325674057006836,
          "hz": 935.3737400823702
        },
        {
          "acoustic_entropy": 14.711472511291504,
          "acoustic_entropy_side": 14.939911842346191,
          "hz": 1080.2004963696966
        },
        {
          "acoustic_entropy": 14.522209167480469,
          "acoustic_entropy_side": 14.824172973632812,
          "hz": 1237.8529382007157
        },
        {
          "acoustic_entropy": 14.837737083435059,
          "acoustic_entropy_side": 14.3241548538208,
          "hz": 1409.4668930556702
        },
        {
          "acoustic_entropy": 14.72067642211914,
          "acoustic_entropy_side": 14.772902488708496,
          "hz": 1596.2787759475705
        },
        {
          "acoustic_entropy": 14.732637405395508,
          "acoustic_entropy_side": 14.551055908203125,
          "hz": 1799.6344973346393
        },
        {
          "acoustic_entropy": 14.607011795043945,
          "acoustic_entropy_side": 14.733257293701172,
          "hz": 2020.9991599069049
        },
        {
          "acoustic_entropy": 14.594934463500977,
          "acoustic_entropy_side": 14.514495849609375,
          "hz": 2261.9676141086993
        },
        {
          "acoustic_entropy": 14.34333324432373,
          "acoustic_entropy_side": 14.423970222473145,
          "hz": 2524.2759484456974
        },
        {
          "acoustic_entropy": 15.733325958251953,
          "acoustic_entropy_side": 15.012959480285645,
          "hz": 2809.813997359896
        },
        {
          "acoustic_entropy": 14.844855308532715,
          "acoustic_entropy_side": 14.785734176635742,
          "hz": 3120.6389567871424
        },
