{
  "acoustic_entropy": 207.51609802246094,
  "bands": [
    {
      "high_freq": 148.1999969482422,
      "loudness": -59.129066467285156,
      "loudness_range": 18.61792755126953,
      "mid_mean": -57.53097152709961,
      "mid_to_side_loudness": -6.315110683441162,
      "mid_to_side_loudness_range": 9.835575103759766,
      "side_mean": -62.34669494628906
    },
    {
      "high_freq": 392.3793640136719,
      "loudness": -38.22017288208008,
      "loudness_range": 17.01044464111328,
      "low_freq": 148.1999969482422,
      "mid_mean": -35.97773361206055,
      "mid_to_side_loudness": -4.462521553039551,
      "mid_to_side_loudness_range": 7.169930458068848,
      "side_mean": -40.55952072143555
    },
    {
      "high_freq": 794.6976318359375,
      "loudness": -33.84284591674805,
      "loudness_range": 18.676393508911133,
      "low_freq": 392.3793640136719,
      "mid_mean": -31.807987213134766,
      "mid_to_side_loudness": -3.820688009262085,
      "mid_to_side_loudness_range": 6.567633152008057,
      "side_mean": -35.662288665771484
    },
    {
      "high_freq": 1457.5709228515625,
      "loudness": -34.44180679321289,
      "loudness_range": 23.0357608795166,
      "low_freq": 794.6976318359375,
      "mid_mean": -33.4561653137207,
      "mid_to_side_loudness": -1.3665695190429688,
      "mid_to_side_loudness_range": 7.11749267578125,
      "side_mean": -34.8602180480957
    },
    {
      "high_freq": 2549.74365234375,
      "loudness": -35.170021057128906,
      "loudness_range": 27.141576766967773,
      "low_freq": 1457.5709228515625,
      "mid_mean": -35.72955322265625,
      "mid_to_side_loudness": 0.7189087867736816,
      "mid_to_side_loudness_range": 6.46360969543457,
      "side_mean": -34.904972076416016
    },
    {
      "high_freq": 4349.24462890625,
      "loudness": -39.878570556640625,
      "loudness_range": 29.77083396911621,
      "low_freq": 2549.74365234375,
      "mid_mean": -40.52859115600586,
      "mid_to_side_loudness": -0.6767951846122742,
      "mid_to_side_loudness_range": 5.081200122833252,
      "side_mean": -41.259765625
    },
    {
      "high_freq": 7314.1640625,
      "loudness": -44.74279022216797,
      "loudness_range": 29.88784408569336,
      "low_freq": 4349.24462890625,
      "mid_mean": -52.59351348876953,
      "mid_to_side_loudness": -1.278024673461914,
      "mid_to_side_loudness_range": 4.165434837341309,
      "side_mean": -53.35976028442383
    },
    {
      "high_freq": 12199.2666015625,
      "loudness": -47.9059944152832,
      "loudness_range": 30.112720489501953,
      "low_freq": 7314.1640625,
      "mid_mean": -57.46773147583008,
      "mid_to_side_loudness": -1.5378788709640503,
      "mid_to_side_loudness_range": 5.340518951416016,
      "side_mean": -58.080535888671875
    },
    {
      "loudness": -55.449058532714844,
      "loudness_range": 26.675804138183594,
      "low_freq": 12199.2666015625,
      "mid_mean": -62.8406867980957,
      "mid_to_side_loudness": -3.271449089050293,
      "mid_to_side_loudness_range": 8.351826667785645,
      "side_mean": -64.20181274414062
    }
  ],
  "bands_short": [
    {
      "high_freq": 148.1999969482422,
      "loudness": -64.68569946289062,
      "loudness_range": 20.8692626953125,
      "mid_mean": -61.71928405761719,
      "mid_to_side_loudness": -6.875229835510254,
      "mid_to_side_loudness_range": 18.72206687927246,
      "side_mean": -65.6650161743164
    },
    {
      "high_freq": 392.3793640136719,
      "loudness": -39.77740478515625,
      "loudness_range": 17.70608901977539,
      "low_freq": 148.1999969482422,
      "mid_mean": -37.82201385498047,
      "mid_to_side_loudness": -4.093874931335449,
      "mid_to_side_loudness_range": 10.49700927734375,
      "side_mean": -41.98668670654297
    },
    {
      "high_freq": 794.6976318359375,
      "loudness": -34.35251235961914,
      "loudness_range": 20.83230972290039,
      "low_freq": 392.3793640136719,
      "mid_mean": -32.591407775878906,
      "mid_to_side_loudness": -3.645094871520996,
      "mid_to_side_loudness_range": 9.907429695129395,
      "side_mean": -36.24315643310547
    },
    {
      "high_freq": 1457.5709228515625,
      "loudness": -34.860694885253906,
      "loudness_range": 24.277681350708008,
      "low_freq": 794.6976318359375,
      "mid_mean": -34.01929473876953,
      "mid_to_side_loudness": -1.606630802154541,
      "mid_to_side_loudness_range": 10.809103012084961,
      "side_mean": -35.68479537963867
    },
    {
      "high_freq": 2549.74365234375,
      "loudness": -36.228267669677734,
      "loudness_range": 29.023666381835938,
      "low_freq": 1457.5709228515625,
      "mid_mean": -36.80679702758789,
      "mid_to_side_loudness": 0.48006054759025574,
      "mid_to_side_loudness_range": 10.066153526306152,
      "side_mean": -36.173683166503906
    },
    {
      "high_freq": 4349.24462890625,
      "loudness": -40.8347053527832,
      "loudness_range": 32.76886749267578,
      "low_freq": 2549.74365234375,
      "mid_mean": -42.20698165893555,
      "mid_to_side_loudness": -0.6626371145248413,
      "mid_to_side_loudness_range": 8.331338882446289,
      "side_mean": -42.99798583984375
    },
    {
      "high_freq": 7314.1640625,
      "loudness": -46.147743225097656,
      "loudness_range": 32.74909210205078,
      "low_freq": 4349.24462890625,
      "mid_mean": -54.25340270996094,
      "mid_to_side_loudness": -1.015673279762268,
      "mid_to_side_loudness_range": 6.389208793640137,
      "side_mean": -54.85856246948242
    },
    {
      "high_freq": 12199.2666015625,
      "loudness": -49.78510284423828,
      "loudness_range": 31.70714569091797,
      "low_freq": 7314.1640625,
      "mid_mean": -59.442596435546875,
      "mid_to_side_loudness": -1.3690342903137207,
      "mid_to_side_loudness_range": 6.12647819519043,
      "side_mean": -59.943115234375
    },
    {
      "loudness": -56.80026626586914,
      "loudness_range": 31.197364807128906,
      "low_freq": 12199.2666015625,
      "mid_mean": -64.89652252197266,
      "mid_to_side_loudness": -2.8476250171661377,
      "mid_to_side_loudness_range": 10.431796073913574,
      "side_mean": -65.70081329345703
    }
  ],
  "bandwidth": 1049.0938720703125,
  "channels": 2,
  "covariance": [
    [
      48.53567886352539,
      34.184043884277344,
      18.5960693359375,
      13.13963508605957,
      21.54546546936035,
      20.163314819335938,
      21.39500617980957,
      19.609386444091797,
      22.33237648010254,
      21.090782165527344,
      21.655567169189453,
      21.057933807373047,
      45.74182891845703,
      43.433135986328125,
      37.2940788269043,
      35.10771942138672,
      24.83481788635254,
      20.58631706237793
    ],
    [
      34.184043884277344,
      31.136117935180664,
      14.229996681213379,
      9.347108840942383,
      16.046449661254883,
      15.140015602111816,
      16.2215633392334,
      15.02468204498291,
      17.657482147216797,
      17.389114379882812,
      17.748254776000977,
      17.663360595703125,
      33.74714660644531,
      31.9587345123291,
      28.02954864501953,
      26.16649627685547,
      19.210433959960938,
      16.420074462890625
    ],
    [
      18.5960693359375,
      14.229996681213379,
      37.395511627197266,
      31.603609085083008,
      32.569923400878906,
      31.41091537475586,
      38.80166244506836,
      38.51447677612305,
      41.14458465576172,
      42.44768524169922,
      45.532936096191406,
      44.9587287902832,
      65.27684783935547,
      62.86795425415039,
      56.26142883300781,
      53.227783203125,
      37.096717834472656,
      30.636150360107422
    ],
    [
      13.13963508605957,
      9.347108840942383,
      31.603609085083008,
      33.121456146240234,
      28.35443687438965,
      27.80605697631836,
      32.21830749511719,
      33.390663146972656,
      34.78351974487305,
      35.53739547729492,
      38.84911346435547,
      38.195430755615234,
      54.55055618286133,
      52.70089340209961,
      46.73297882080078,
      44.13550567626953,
      30.250240325927734,
      24.303874969482422
    ],
    [
      21.54546546936035,
      16.046449661254883,
      32.569923400878906,
      28.35443687438965,
      48.01929473876953,
      44.85315704345703,
      51.05339813232422,
      49.313472747802734,
      53.35055923461914,
      54.026493072509766,
      54.67481231689453,
      53.998779296875,
      84.41345977783203,
      81.25446319580078,
      72.7143325805664,
      69.41938781738281,
      47.21152114868164,
      38.42791748046875
    ],
    [
      20.163314819335938,
      15.140015602111816,
      31.41091537475586,
      27.80605697631836,
      44.85315704345703,
      46.59661102294922,
      49.374324798583984,
      48.64368438720703,
      51.09531021118164,
      51.96549987792969,
      51.16804504394531,
      50.90447998046875,
      81.04354858398438,
      78.104736328125,
      69.41690063476562,
      66.603759765625,
      44.567161560058594,
      36.160606384277344
    ],
    [
      21.39500617980957,
      16.2215633392334,
      38.80166244506836,
      32.21830749511719,
      51.05339813232422,
      49.374324798583984,
      70.40946197509766,
      67.1700210571289,
      70.71504974365234,
      73.58258056640625,
      75.16461944580078,
      73.5143814086914,
      111.19693756103516,
      107.39714050292969,
      97.09345245361328,
      92.91789245605469,
      63.619911193847656,
      53.028133392333984
    ],
    [
      19.609386444091797,
      15.02468204498291,
      38.51447677612305,
      33.390663146972656,
      49.313472747802734,
      48.64368438720703,
      67.1700210571289,
      71.94517517089844,
      70.40206146240234,
      73.37539672851562,
      73.65779113769531,
      72.16124725341797,
      109.86373138427734,
      106.7414779663086,
      95.2981185913086,
      91.44397735595703,
      62.008182525634766,
      52.0561408996582
    ],
    [
      22.33237648010254,
      17.657482147216797,
      41.14458465576172,
      34.78351974487305,
      53.35055923461914,
      51.09531021118164,
      70.71504974365234,
      70.40206146240234,
      98.84265899658203,
      98.03636169433594,
      90.78836059570312,
      88.30069732666016,
      131.67893981933594,
      127.46025085449219,
      113.88216400146484,
      109.30459594726562,
      74.79663848876953,
      62.65611267089844
    ],
    [
      21.090782165527344,
      17.389114379882812,
      42.44768524169922,
      35.53739547729492,
      54.026493072509766,
      51.96549987792969,
      73.58258056640625,
      73.37539672851562,
      98.03636169433594,
      107.83921813964844,
      96.44029235839844,
      94.39661407470703,
      139.43397521972656,
      135.07406616210938,
      121.53141021728516,
      117.00736236572266,
      79.97940063476562,
      67.49952697753906
    ],
    [
      21.655567169189453,
      17.748254776000977,
      45.532936096191406,
      38.84911346435547,
      54.67481231689453,
      51.16804504394531,
      75.16461944580078,
      73.65779113769531,
      90.78836059570312,
      96.44029235839844,
      135.19639587402344,
      128.41566467285156,
      153.62905883789062,
      150.3431854248047,
      143.6714324951172,
      138.54248046875,
      97.94576263427734,
      83.38957214355469
    ],
    [
      21.057933807373047,
      17.663360595703125,
      44.9587287902832,
      38.195430755615234,
      53.998779296875,
      50.90447998046875,
      73.5143814086914,
      72.16124725341797,
      88.30069732666016,
      94.39661407470703,
      128.41566467285156,
      130.13735961914062,
      150.7615966796875,
      147.17813110351562,
      140.51344299316406,
      135.2237548828125,
      95.92350006103516,
      81.07681274414062
    ],
    [
      45.74182891845703,
      33.74714660644531,
      65.27684783935547,
      54.55055618286133,
      84.41345977783203,
      81.04354858398438,
      111.19693756103516,
      109.86373138427734,
      131.67893981933594,
      139.43397521972656,
      153.62905883789062,
      150.7615966796875,
      220.19390869140625,
      212.87232971191406,
      193.95697021484375,
      185.948974609375,
      128.4103546142578,
      107.01085662841797
    ],
    [
      43.433135986328125,
      31.9587345123291,
      62.86795425415039,
      52.70089340209961,
      81.25446319580078,
      78.104736328125,
      107.39714050292969,
      106.7414779663086,
      127.46025085449219,
      135.07406616210938,
      150.3431854248047,
      147.17813110351562,
      212.87232971191406,
      207.34518432617188,
      188.5310516357422,
      181.39320373535156,
      124.70281982421875,
      104.70869445800781
    ],
    [
      37.2940788269043,
      28.02954864501953,
      56.26142883300781,
      46.73297882080078,
      72.7143325805664,
      69.41690063476562,
      97.09345245361328,
      95.2981185913086,
      113.88216400146484,
      121.53141021728516,
      143.6714324951172,
      140.51344299316406,
      193.95697021484375,
      188.5310516357422,
      181.497314453125,
      174.37478637695312,
      125.8105239868164,
      105.51134490966797
    ],
    [
      35.10771942138672,
      26.16649627685547,
      53.227783203125,
      44.13550567626953,
      69.41938781738281,
      66.603759765625,
      92.91789245605469,
      91.44397735595703,
      109.30459594726562,
      117.00736236572266,
      138.54248046875,
      135.2237548828125,
      185.948974609375,
      181.39320373535156,
      174.37478637695312,
      169.02870178222656,
      120.8541030883789,
      102.49620819091797
    ],
    [
      24.83481788635254,
      19.210433959960938,
      37.096717834472656,
      30.250240325927734,
      47.21152114868164,
      44.567161560058594,
      63.619911193847656,
      62.008182525634766,
      74.79663848876953,
      79.97940063476562,
      97.94576263427734,
      95.92350006103516,
      128.4103546142578,
      124.70281982421875,
      125.8105239868164,
      120.8541030883789,
      97.30867767333984,
      80.96324157714844
    ],
    [
      20.58631706237793,
      16.420074462890625,
      30.636150360107422,
      24.303874969482422,
      38.42791748046875,
      36.160606384277344,
      53.028133392333984,
      52.0561408996582,
      62.65611267089844,
      67.49952697753906,
      83.38957214355469,
      81.07681274414062,
      107.01085662841797,
      104.70869445800781,
      105.51134490966797,
      102.49620819091797,
      80.96324157714844,
      71.02245330810547
    ]
  ],
  "covariance_short": [
    [
      37.112918853759766,
      19.519145965576172,
      17.725116729736328,
      12.51807689666748,
      22.094797134399414,
      18.733966827392578,
      21.23765754699707,
      19.119470596313477,
      21.98316764831543,
      21.963579177856445,
      27.409473419189453,
      27.38212013244629,
      40.392520904541016,
      38.72195816040039,
      35.13679885864258,
      33.03095245361328,
      21.79227638244629,
      19.10174560546875
    ],
    [
      19.519145965576172,
      21.480947494506836,
      10.844876289367676,
      7.508540153503418,
      12.964250564575195,
      10.908037185668945,
      11.765911102294922,
      10.483756065368652,
      12.650897979736328,
      12.682222366333008,
      15.588001251220703,
      15.52618408203125,
      22.45566177368164,
      21.5451717376709,
      20.244518280029297,
      19.036087036132812,
      13.043792724609375,
      12.012784957885742
    ],
    [
      17.725116729736328,
      10.844876289367676,
      43.303184509277344,
      33.10657501220703,
      33.986915588378906,
      32.3807258605957,
      37.85196304321289,
      37.00270080566406,
      39.08583450317383,
      39.88700866699219,
      45.50341033935547,
      46.63743209838867,
      59.6485710144043,
      57.3791618347168,
      48.590396881103516,
      45.859901428222656,
      29.11189842224121,
      24.853105545043945
    ],
    [
      12.51807689666748,
      7.508540153503418,
      33.10657501220703,
      36.98969268798828,
      30.731117248535156,
      30.235383987426758,
      32.31877899169922,
      33.175357818603516,
      34.08002471923828,
      34.49856948852539,
      39.88225173950195,
      40.693748474121094,
      51.672142028808594,
      49.901763916015625,
      42.1571159362793,
      39.843196868896484,
      24.717967987060547,
      20.686948776245117
    ],
    [
      22.094797134399414,
      12.964250564575195,
      33.986915588378906,
      30.731117248535156,
      60.29131317138672,
      51.671791076660156,
      56.94057083129883,
      54.79075622558594,
      56.655487060546875,
      57.864742279052734,
      65.64818572998047,
      66.00797271728516,
      86.96358489990234,
      83.86396026611328,
      70.95091247558594,
      67.67965698242188,
      40.47719192504883,
      34.208683013916016
    ],
    [
      18.733966827392578,
      10.908037185668945,
      32.3807258605957,
      30.235383987426758,
      51.671791076660156,
      56.59685134887695,
      53.89506530761719,
      52.898841857910156,
      53.12492370605469,
      54.540531158447266,
      60.216224670410156,
      61.0911865234375,
      81.68631744384766,
      78.9852523803711,
      65.84345245361328,
      63.189910888671875,
      36.50819778442383,
      30.828670501708984
    ],
    [
      21.23765754699707,
      11.765911102294922,
      37.85196304321289,
      32.31877899169922,
      56.94057083129883,
      53.89506530761719,
      78.97174072265625,
      70.30526733398438,
      74.87418365478516,
      77.15235900878906,
      85.64896392822266,
      85.92778778076172,
      111.13363647460938,
      107.08309936523438,
      91.82941436767578,
      88.1554946899414,
      53.57676696777344,
      46.06632995605469
    ],
    [
      19.119470596313477,
      10.483756065368652,
      37.00270080566406,
      33.175357818603516,
      54.79075622558594,
      52.898841857910156,
      70.30526733398438,
      78.87870788574219,
      73.64006042480469,
      76.55699157714844,
      83.89537048339844,
      83.92721557617188,
      108.51638793945312,
      105.5351333618164,
      89.96830749511719,
      86.61991119384766,
      53.04117202758789,
      45.90924072265625
    ],
    [
      21.98316764831543,
      12.650897979736328,
      39.08583450317383,
      34.08002471923828,
      56.655487060546875,
      53.12492370605469,
      74.87418365478516,
      73.64006042480469,
      106.91715240478516,
      100.83867645263672,
      107.58011627197266,
      106.91256713867188,
      131.64126586914062,
      127.15479278564453,
      109.11962890625,
      104.84920501708984,
      64.78731536865234,
      55.76126480102539
    ],
    [
      21.963579177856445,
      12.682222366333008,
      39.88700866699219,
      34.49856948852539,
      57.864742279052734,
      54.540531158447266,
      77.15235900878906,
      76.55699157714844,
      100.83867645263672,
      115.85208892822266,
      114.13282775878906,
      114.66102600097656,
      139.57427978515625,
      135.09210205078125,
      117.05725860595703,
      113.20745849609375,
      70.1069107055664,
      60.9257926940918
    ],
    [
      27.409473419189453,
      15.588001251220703,
      45.50341033935547,
      39.88225173950195,
      65.64818572998047,
      60.216224670410156,
      85.64896392822266,
      83.89537048339844,
      107.58011627197266,
      114.13282775878906,
      160.84597778320312,
      151.203125,
      169.34747314453125,
      165.11288452148438,
      149.0021209716797,
      144.12782287597656,
      90.42285919189453,
      78.6063003540039
    ],
    [
      27.38212013244629,
      15.52618408203125,
      46.63743209838867,
      40.693748474121094,
      66.00797271728516,
      61.0911865234375,
      85.92778778076172,
      83.92721557617188,
      106.91256713867188,
      114.66102600097656,
      151.203125,
      158.876708984375,
      168.6045379638672,
      163.9990997314453,
      146.9855499267578,
      142.1136932373047,
      88.55858612060547,
      76.78128814697266
    ],
    [
      40.392520904541016,
      22.45566177368164,
      59.6485710144043,
      51.672142028808594,
      86.96358489990234,
      81.68631744384766,
      111.13363647460938,
      108.51638793945312,
      131.64126586914062,
      139.57427978515625,
      169.34747314453125,
      168.6045379638672,
      213.22181701660156,
      205.24293518066406,
      180.1181640625,
      173.3440704345703,
      107.5006332397461,
      92.24362182617188
    ],
    [
      38.72195816040039,
      21.5451717376709,
      57.3791618347168,
      49.901763916015625,
      83.86396026611328,
      78.9852523803711,
      107.08309936523438,
      105.5351333618164,
      127.15479278564453,
      135.09210205078125,
      165.11288452148438,
      163.9990997314453,
      205.24293518066406,
      200.7721710205078,
      174.7549285888672,
      169.12405395507812,
      103.87921905517578,
      90.11005401611328
    ],
    [
      35.13679885864258,
      20.244518280029297,
      48.590396881103516,
      42.1571159362793,
      70.95091247558594,
      65.84345245361328,
      91.82941436767578,
      89.96830749511719,
      109.11962890625,
      117.05725860595703,
      149.0021209716797,
      146.9855499267578,
      180.1181640625,
      174.7549285888672,
      165.93795776367188,
      159.63507080078125,
      106.62966918945312,
      91.83458709716797
    ],
    [
      33.03095245361328,
      19.036087036132812,
      45.859901428222656,
      39.843196868896484,
      67.67965698242188,
      63.189910888671875,
      88.1554946899414,
      86.61991119384766,
      104.84920501708984,
      113.20745849609375,
      144.12782287597656,
      142.1136932373047,
      173.3440704345703,
      169.12405395507812,
      159.63507080078125,
      156.1293182373047,
      102.53141784667969,
      89.78780364990234
    ],
    [
      21.79227638244629,
      13.043792724609375,
      29.11189842224121,
      24.717967987060547,
      40.47719192504883,
      36.50819778442383,
      53.57676696777344,
      53.04117202758789,
      64.78731536865234,
      70.1069107055664,
      90.42285919189453,
      88.55858612060547,
      107.5006332397461,
      103.87921905517578,
      106.62966918945312,
      102.53141784667969,
      82.12417602539062,
      69.86274719238281
    ],
    [
      19.10174560546875,
      12.012784957885742,
      24.853105545043945,
      20.686948776245117,
      34.208683013916016,
      30.828670501708984,
      46.06632995605469,
      45.90924072265625,
      55.76126480102539,
      60.9257926940918,
      78.6063003540039,
      76.78128814697266,
      92.24362182617188,
      90.11005401611328,
      91.83458709716797,
      89.78780364990234,
      69.86274719238281,
      62.68406295776367
    ]
  ],
  "damage": -17.237836837768555,
  "diff_bandwidth": 1101.962646484375,
  "dissonance": 7.3734778212340135,
  "drr": 9.799498558044434,
  "dynamics": 6.262325286865234,
  "format": 1245190,
  "frames": 5239744,
  "loudness": -23.595829010009766,
  "loudness_range": 20.7313232421875,
  "loudness_range_short": 22.317596435546875,
  "lowpass_true_peak_15khz": -1.9781341552734375,
  "mastering3_acoustic_entropies": [
    {
      "acoustic_entropy": 4.936162948608398,
      "acoustic_entropy_mono": 4.409039497375488,
      "band_eliminated_acoustic_entropies": [
        {
          "acoustic_entropy": 4.936166763305664,
          "acoustic_entropy_side": 4.936163902282715,
          "hz": 129.47220167065723
        },
        {
          "acoustic_entropy": 4.9377593994140625,
          "acoustic_entropy_side": 4.936293601989746,
          "hz": 202.92927478742237
        },
        {
          "acoustic_entropy": 4.965823650360107,
          "acoustic_entropy_side": 4.9403815269470215,
          "hz": 282.89161906338205
        },
        {
          "acoustic_entropy": 5.02104377746582,
          "acoustic_entropy_side": 4.963194370269775,
          "hz": 369.9353335868758
        },
        {
          "acoustic_entropy": 4.956811904907227,
          "acoustic_entropy_side": 4.9277472496032715,
          "hz": 464.6875360973435
        },
        {
          "acoustic_entropy": 4.944796562194824,
          "acoustic_entropy_side": 4.971537113189697,
          "hz": 567.8308811364784
        },
        {
          "acoustic_entropy": 5.156876087188721,
          "acoustic_entropy_side": 4.929800987243652,
          "hz": 680.1084783214808
        },
        {
          "acoustic_entropy": 5.053394317626953,
          "acoustic_entropy_side": 4.947784900665283,
          "hz": 802.3292461747484
        },
        {
          "acoustic_entropy": 5.423411846160889,
          "acoustic_entropy_side": 4.920249938964844,
          "hz": 935.3737400823702
        },
        {
          "acoustic_entropy": 5.00421142578125,
          "acoustic_entropy_side": 5.037598133087158,
          "hz": 1080.2004963696966
        },
        {
          "acoustic_entropy": 5.682855129241943,
          "acoustic_entropy_side": 5.4520087242126465,
          "hz": 1237.8529382007157
        },
        {
          "acoustic_entropy": 5.694905757904053,
          "acoustic_entropy_side": 5.26351261138916,
          "hz": 1409.4668930556702
        },
        {
          "acoustic_entropy": 4.815842628479004,
          "acoustic_entropy_side": 4.858376502990723,
          "hz": 1596.2787759475705
        },
        {
          "acoustic_entropy": 5.013198375701904,
          "acoustic_entropy_side": 4.837981700897217,
          "hz": 1799.6344973346393
        },
        {
          "acoustic_entropy": 4.861693859100342,
          "acoustic_entropy_side": 4.78743314743042,
          "hz": 2020.9991599069049
        },
        {
          "acoustic_entropy": 5.018714904785156,
          "acoustic_entropy_side": 4.918461799621582,
          "hz": 2261.9676141086993
        },
        {
          "acoustic_entropy": 4.942227363586426,
          "acoustic_entropy_side": 4.845585823059082,
          "hz": 2524.2759484456974
        },
        {
          "acoustic_entropy": 5.1422858238220215,
          "acoustic_entropy_side": 5.040943622589111,
          "hz": 2809.813997359896
        },
        {
          "acoustic_entropy": 5.069149494171143,
          "acoustic_entropy_side": 4.995302200317383,
          "hz": 3120.6389567871424
        },
        {
          "acoustic_entropy": 4.750567436218262,
          "acoustic_entropy_side": 4.910758972167969,
          "hz": 3458.990205492291
        },
        {
          "acoustic_entropy": 4.941025733947754,
          "acoustic_entropy_side": 4.917886734008789,
          "hz": 3827.305438964164
        },
        {
          "acoustic_entropy": 4.900322914123535,
          "acoustic_entropy_side": 4.883084297180176,
          "hz": 4228.238232109126
        },
        {
          "acoustic_entropy": 5.032365322113037,
          "acoustic_entropy_side": 4.947767734527588,
          "hz": 4664.6771572759235
        },
        {
          "acoustic_entropy": 4.932004451751709,
          "acoustic_entropy_side": 4.931094646453857,
          "hz": 5139.766595350093
        },
        {
          "acoustic_entropy": 4.936715126037598,
          "acoustic_entropy_side": 4.928462982177734,
          "hz": 5656.929389854203
        },
        {
          "acoustic_entropy": 4.9387688636779785,
          "acoustic_entropy_side": 4.948517799377441,
          "hz": 6219.891507268283
        },
        {
          "acoustic_entropy": 4.938275337219238,
          "acoustic_entropy_side": 4.9396138191223145,
          "hz": 6832.70888123896
        },
        {
          "acoustic_entropy": 4.972154140472412,
          "acoustic_entropy_side": 4.949650287628174,
          "hz": 7499.796634079867
        },
        {
          "acoustic_entropy": 4.987303256988525,
          "acoustic_entropy_side": 4.961459636688232,
          "hz": 8225.96088609342
        },
        {
          "acoustic_entropy": 5.0136542320251465,
          "acoustic_entropy_side": 4.959264278411865,
          "hz": 9016.43338188839
        },
        {
          "acoustic_entropy": 4.98068380355835,
          "acoustic_entropy_side": 4.955731391906738,
          "hz": 9876.909183162974
        },
        {
          "acoustic_entropy": 4.975907325744629,
          "acoustic_entropy_side": 4.95363712310791,
          "hz": 10813.587699516042
        },
        {
          "acoustic_entropy": 4.9874043464660645,
          "acoustic_entropy_side": 4.959163188934326,
          "hz": 11833.21735289826
        },
        {
          "acoustic_entropy": 4.990447998046875,
          "acoustic_entropy_side": 4.959108829498291,
          "hz": 12943.144197493959
        },
        {
          "acoustic_entropy": 4.966917514801025,
          "acoustic_entropy_side": 4.948338508605957,
          "hz": 14151.364845322005
        },
        {
          "acoustic_entropy": 4.957929611206055,
          "acoustic_entropy_side": 4.946262359619141,
          "hz": 15466.58407886509
        },
        {
          "acoustic_entropy": 4.953444480895996,
          "acoustic_entropy_side": 4.943267345428467,
          "hz": 16898.27756580493
        },
        {
          "acoustic_entropy": 4.949380874633789,
          "acoustic_entropy_side": 4.940619468688965,
          "hz": 18456.760127700032
        },
        {
          "acoustic_entropy": 4.947464942932129,
          "acoustic_entropy_side": 4.940256595611572,
          "hz": 20153.260054456492
        },
        {
          "acoustic_entropy": 4.941768646240234,
          "acoustic_entropy_side": 4.938056468963623,
          "hz": 22000.00000000001
        }
      ],
      "diff_acoustic_entropy": 2.7632791996002197,
      "sn": 6
    },
    {
      "acoustic_entropy": 8.290209770202637,
      "acoustic_entropy_mono": 7.56138277053833,
      "band_eliminated_acoustic_entropies": [
        {
          "acoustic_entropy": 8.29023265838623,
          "acoustic_entropy_side": 8.290216445922852,
          "hz": 129.47220167065723
        },
        {
          "acoustic_entropy": 8.297980308532715,
          "acoustic_entropy_side": 8.294868469238281,
          "hz": 202.92927478742237
        },
        {
          "acoustic_entropy": 8.303929328918457,
          "acoustic_entropy_side": 8.333670616149902,
          "hz": 282.89161906338205
        },
        {
          "acoustic_entropy": 8.193915367126465,
          "acoustic_entropy_side": 8.18143367767334,
          "hz": 369.9353335868758
        },
        {
          "acoustic_entropy": 8.293912887573242,
          "acoustic_entropy_side": 8.273331642150879,
          "hz": 464.6875360973435
        },
        {
          "acoustic_entropy": 8.203885078430176,
          "acoustic_entropy_side": 8.17725944519043,
          "hz": 567.8308811364784
        },
        {
          "acoustic_entropy": 8.491381645202637,
          "acoustic_entropy_side": 8.062931060791016,
          "hz": 680.1084783214808
        },
        {
          "acoustic_entropy": 8.351532936096191,
          "acoustic_entropy_side": 8.171812057495117,
          "hz": 802.3292461747484
        },
        {
          "acoustic_entropy": 8.75318717956543,
          "acoustic_entropy_side": 8.469730377197266,
          "hz": 935.3737400823702
        },
        {
          "acoustic_entropy": 8.924970626831055,
          "acoustic_entropy_side": 8.157276153564453,
          "hz": 1080.2004963696966
        },
        {
          "acoustic_entropy": 8.681178092956543,
          "acoustic_entropy_side": 8.916866302490234,
          "hz": 1237.8529382007157
        },
        {
          "acoustic_entropy": 9.060343742370605,
          "acoustic_entropy_side": 8.969438552856445,
          "hz": 1409.4668930556702
        },
        {
          "acoustic_entropy": 7.9967169761657715,
          "acoustic_entropy_side": 8.314094543457031,
          "hz": 1596.2787759475705
        },
        {
          "acoustic_entropy": 7.842275142669678,
          "acoustic_entropy_side": 7.980513095855713,
          "hz": 1799.6344973346393
        },
        {
          "acoustic_entropy": 9.04304313659668,
          "acoustic_entropy_side": 8.789650917053223,
          "hz": 2020.9991599069049
        },
        {
          "acoustic_entropy": 8.110599517822266,
          "acoustic_entropy_side": 8.358195304870605,
          "hz": 2261.9676141086993
        },
        {
          "acoustic_entropy": 8.446008682250977,
          "acoustic_entropy_side": 8.413573265075684,
          "hz": 2524.2759484456974
        },
        {
          "acoustic_entropy": 8.342719078063965,
          "acoustic_entropy_side": 8.326329231262207,
          "hz": 2809.813997359896
        },
        {
          "acoustic_entropy": 8.56762409210205,
          "acoustic_entropy_side": 8.43431568145752,
          "hz": 3120.6389567871424
        },
        {
          "acoustic_entropy": 8.030582427978516,
          "acoustic_entropy_side": 8.226869583129883,
          "hz": 3458.990205492291
        },
        {
          "acoustic_entropy": 8.378876686096191,
          "acoustic_entropy_side": 8.355594635009766,
          "hz": 3827.305438964164
        },
        {
          "acoustic_entropy": 8.256875038146973,
          "acoustic_entropy_side": 8.236175537109375,
          "hz": 4228.238232109126
        },
        {
          "acoustic_entropy": 8.331803321838379,
          "acoustic_entropy_side": 8.26081371307373,
          "hz": 4664.6771572759235
        },
        {
          "acoustic_entropy": 8.338018417358398,
          "acoustic_entropy_side": 8.289070129394531,
          "hz": 5139.766595350093
        },
        {
          "acoustic_entropy": 8.241154670715332,
          "acoustic_entropy_side": 8.270206451416016,
          "hz": 5656.929389854203
        },
        {
          "acoustic_entropy": 8.294723510742188,
          "acoustic_entropy_side": 8.273896217346191,
          "hz": 6219.891507268283
        },
        {
          "acoustic_entropy": 8.307751655578613,
          "acoustic_entropy_side": 8.291701316833496,
          "hz": 6832.70888123896
        },
        {
          "acoustic_entropy": 8.293874740600586,
          "acoustic_entropy_side": 8.279239654541016,
          "hz": 7499.796634079867
        },
        {
          "acoustic_entropy": 8.301078796386719,
          "acoustic_entropy_side": 8.293937683105469,
          "hz": 8225.96088609342
        },
        {
          "acoustic_entropy": 8.325150489807129,
          "acoustic_entropy_side": 8.321051597595215,
          "hz": 9016.43338188839
        },
        {
          "acoustic_entropy": 8.319268226623535,
          "acoustic_entropy_side": 8.300684928894043,
          "hz": 9876.909183162974
        },
        {
          "acoustic_entropy": 8.339544296264648,
          "acoustic_entropy_side": 8.305182456970215,
          "hz": 10813.587699516042
        },
        {
          "acoustic_entropy": 8.346163749694824,
          "acoustic_entropy_side": 8.315342903137207,
          "hz": 11833.21735289826
        },
        {
          "acoustic_entropy": 8.355918884277344,
          "acoustic_entropy_side": 8.323183059692383,
          "hz": 12943.144197493959
        },
        {
          "acoustic_entropy": 8.355339050292969,
          "acoustic_entropy_side": 8.313426971435547,
          "hz": 14151.364845322005
        },
        {
          "acoustic_entropy": 8.34443187713623,
          "acoustic_entropy_side": 8.311923027038574,
          "hz": 15466.58407886509
        },
        {
          "acoustic_entropy": 8.339378356933594,
          "acoustic_entropy_side": 8.309955596923828,
          "hz": 16898.27756580493
        },
        {
          "acoustic_entropy": 8.327874183654785,
          "acoustic_entropy_side": 8.300323486328125,
          "hz": 18456.760127700032
        },
        {
          "acoustic_entropy": 8.311281204223633,
          "acoustic_entropy_side": 8.29978084564209,
          "hz": 20153.260054456492
        },
        {
          "acoustic_entropy": 8.297286033630371,
          "acoustic_entropy_side": 8.294286727905273,
          "hz": 22000.00000000001
        }
      ],
      "diff_acoustic_entropy": 5.687082290649414,
      "sn": 12
    },
    {
      "acoustic_entropy": 15.785903930664062,
      "acoustic_entropy_mono": 13.988142967224121,
      "band_eliminated_acoustic_entropies": [
        {
          "acoustic_entropy": 15.78520679473877,
          "acoustic_entropy_side": 15.787837982177734,
          "hz": 129.47220167065723
        },
        {
          "acoustic_entropy": 15.693148612976074,
          "acoustic_entropy_side": 15.813216209411621,
          "hz": 202.92927478742237
        },
        {
          "acoustic_entropy": 15.553910255432129,
          "acoustic_entropy_side": 15.499135971069336,
          "hz": 282.89161906338205
        },
        {
          "acoustic_entropy": 16.209945678710938,
          "acoustic_entropy_side": 15.986170768737793,
          "hz": 369.9353335868758
        },
        {
          "acoustic_entropy": 14.522597312927246,
          "acoustic_entropy_side": 14.579670906066895,
          "hz": 464.6875360973435
        },
        {
          "acoustic_entropy": 15.431132316589355,
          "acoustic_entropy_side": 16.37294578552246,
          "hz": 567.8308811364784
        },
        {
          "acoustic_entropy": 15.431283950805664,
          "acoustic_entropy_side": 16.066394805908203,
          "hz": 680.1084783214808
        },
        {
          "acoustic_entropy": 16.076129913330078,
          "acoustic_entropy_side": 15.648956298828125,
          "hz": 802.3292461747484
        },
        {
          "acoustic_entropy": 14.363574028015137,
          "acoustic_entropy_side": 16.018722534179688,
          "hz": 935.3737400823702
        },
        {
          "acoustic_entropy": 16.23507308959961,
          "acoustic_entropy_side": 16.270978927612305,
          "hz": 1080.2004963696966
        },
        {
          "acoustic_entropy": 16.13204574584961,
          "acoustic_entropy_side": 15.239161491394043,
          "hz": 1237.8529382007157
        },
        {
          "acoustic_entropy": 15.999873161315918,
          "acoustic_entropy_side": 15.989773750305176,
          "hz": 1409.4668930556702
        },
        {
          "acoustic_entropy": 15.766274452209473,
          "acoustic_entropy_side": 16.558513641357422,
          "hz": 1596.2787759475705
        },
        {
          "acoustic_entropy": 14.835822105407715,
          "acoustic_entropy_side": 15.122039794921875,
          "hz": 1799.6344973346393
        },
        {
          "acoustic_entropy": 15.850213050842285,
          "acoustic_entropy_side": 16.08515739440918,
          "hz": 2020.9991599069049
        },
        {
          "acoustic_entropy": 16.19563865661621,
          "acoustic_entropy_side": 15.772170066833496,
          "hz": 2261.9676141086993
        },
        {
          "acoustic_entropy": 16.482994079589844,
          "acoustic_entropy_side": 15.734557151794434,
          "hz": 2524.2759484456974
        },
        {
          "acoustic_entropy": 15.348807334899902,
          "acoustic_entropy_side": 15.588817596435547,
          "hz": 2809.813997359896
        },
        {
          "acoustic_entropy": 15.98989486694336,
          "acoustic_entropy_side": 15.572246551513672,
          "hz": 3120.6389567871424
        },
        {
          "acoustic_entropy": 15.944174766540527,
          "acoustic_entropy_side": 15.83039379119873,
