{
  "acoustic_entropy": 186.99884033203125,
  "bands": [
    {
      "high_freq": 148.1999969482422,
      "loudness": -49.639068603515625,
      "loudness_range": 18.530506134033203,
      "mid_mean": -46.250579833984375,
      "mid_to_side_loudness": -12.62485122680664,
      "mid_to_side_loudness_range": 12.055339813232422,
      "side_mean": -58.01583480834961
    },
    {
      "high_freq": 392.3793640136719,
      "loudness": -38.97760772705078,
      "loudness_range": 20.56838035583496,
      "low_freq": 148.1999969482422,
      "mid_mean": -36.024295806884766,
      "mid_to_side_loudness": -8.67591667175293,
      "mid_to_side_loudness_range": 9.31058120727539,
      "side_mean": -44.32784652709961
    },
    {
      "high_freq": 794.6976318359375,
      "loudness": -39.11471176147461,
      "loudness_range": 19.094398498535156,
      "low_freq": 392.3793640136719,
      "mid_mean": -36.24699401855469,
      "mid_to_side_loudness": -7.907729148864746,
      "mid_to_side_loudness_range": 10.623469352722168,
      "side_mean": -44.117130279541016
    },
    {
      "high_freq": 1457.5709228515625,
      "loudness": -43.16706085205078,
      "loudness_range": 17.416610717773438,
      "low_freq": 794.6976318359375,
      "mid_mean": -40.49042510986328,
      "mid_to_side_loudness": -6.254717826843262,
      "mid_to_side_loudness_range": 7.0491533279418945,
      "side_mean": -46.869224548339844
    },
    {
      "high_freq": 2549.74365234375,
      "loudness": -43.6549186706543,
      "loudness_range": 20.080617904663086,
      "low_freq": 1457.5709228515625,
      "mid_mean": -42.275997161865234,
      "mid_to_side_loudness": -1.7079198360443115,
      "mid_to_side_loudness_range": 5.819497108459473,
      "side_mean": -44.07799530029297
    },
    {
      "high_freq": 4349.24462890625,
      "loudness": -48.39705276489258,
      "loudness_range": 21.950687408447266,
      "low_freq": 2549.74365234375,
      "mid_mean": -48.1587028503418,
      "mid_to_side_loudness": 0.32765549421310425,
      "mid_to_side_loudness_range": 6.36759090423584,
      "side_mean": -47.77899932861328
    },
    {
      "high_freq": 7314.1640625,
      "loudness": -57.962158203125,
      "loudness_range": 24.238780975341797,
      "low_freq": 4349.24462890625,
      "mid_mean": -57.89906692504883,
      "mid_to_side_loudness": 1.8542617559432983,
      "mid_to_side_loudness_range": 6.600736141204834,
      "side_mean": -56.20146179199219
    },
    {
      "high_freq": 12199.2666015625,
      "loudness": -66.85492706298828,
      "loudness_range": 27.04436492919922,
      "low_freq": 7314.1640625,
      "mid_mean": -63.0543327331543,
      "mid_to_side_loudness": -1.5862005949020386,
      "mid_to_side_loudness_range": 4.325563430786133,
      "side_mean": -64.13114929199219
    },
    {
      "loudness": -66.77836608886719,
      "loudness_range": 16.320735931396484,
      "low_freq": 12199.2666015625,
      "mid_mean": -64.0387954711914,
      "mid_to_side_loudness": -0.8933544158935547,
      "mid_to_side_loudness_range": 13.012412071228027,
      "side_mean": -64.53623962402344
    }
  ],
  "bands_short": [
    {
      "high_freq": 148.1999969482422,
      "loudness": -52.64403533935547,
      "loudness_range": 19.784038543701172,
      "mid_mean": -49.16381072998047,
      "mid_to_side_loudness": -14.526715278625488,
      "mid_to_side_loudness_range": 15.032421112060547,
      "side_mean": -62.08991241455078
    },
    {
      "high_freq": 392.3793640136719,
      "loudness": -41.1014289855957,
      "loudness_range": 23.444629669189453,
      "low_freq": 148.1999969482422,
      "mid_mean": -38.2752571105957,
      "mid_to_side_loudness": -8.862256050109863,
      "mid_to_side_loudness_range": 11.895484924316406,
      "side_mean": -46.899776458740234
    },
    {
      "high_freq": 794.6976318359375,
      "loudness": -39.94835662841797,
      "loudness_range": 21.598176956176758,
      "low_freq": 392.3793640136719,
      "mid_mean": -37.007606506347656,
      "mid_to_side_loudness": -9.026870727539062,
      "mid_to_side_loudness_range": 13.066128730773926,
      "side_mean": -46.12468719482422
    },
    {
      "high_freq": 1457.5709228515625,
      "loudness": -43.537296295166016,
      "loudness_range": 19.789508819580078,
      "low_freq": 794.6976318359375,
      "mid_mean": -41.148284912109375,
      "mid_to_side_loudness": -5.73356294631958,
      "mid_to_side_loudness_range": 11.126853942871094,
      "side_mean": -46.998130798339844
    },
    {
      "high_freq": 2549.74365234375,
      "loudness": -45.32603073120117,
      "loudness_range": 23.828123092651367,
      "low_freq": 1457.5709228515625,
      "mid_mean": -44.29315948486328,
      "mid_to_side_loudness": -1.2637712955474854,
      "mid_to_side_loudness_range": 9.14991569519043,
      "side_mean": -45.65022277832031
    },
    {
      "high_freq": 4349.24462890625,
      "loudness": -50.16743087768555,
      "loudness_range": 25.95728302001953,
      "low_freq": 2549.74365234375,
      "mid_mean": -50.280948638916016,
      "mid_to_side_loudness": 0.0675463005900383,
      "mid_to_side_loudness_range": 8.065266609191895,
      "side_mean": -50.21688461303711
    },
    {
      "high_freq": 7314.1640625,
      "loudness": -59.731632232666016,
      "loudness_range": 28.35159683227539,
      "low_freq": 4349.24462890625,
      "mid_mean": -59.21131134033203,
      "mid_to_side_loudness": 0.8695203065872192,
      "mid_to_side_loudness_range": 8.804597854614258,
      "side_mean": -58.31889724731445
    },
    {
      "high_freq": 12199.2666015625,
      "loudness": -67.82408905029297,
      "loudness_range": 29.026477813720703,
      "low_freq": 7314.1640625,
      "mid_mean": -64.38994598388672,
      "mid_to_side_loudness": -1.1475450992584229,
      "mid_to_side_loudness_range": 5.683505058288574,
      "side_mean": -65.15129089355469
    },
    {
      "loudness": -67.5975570678711,
      "loudness_range": 16.76498794555664,
      "low_freq": 12199.2666015625,
      "mid_mean": -64.51799774169922,
      "mid_to_side_loudness": -1.1770718097686768,
      "mid_to_side_loudness_range": 15.224635124206543,
      "side_mean": -65.18231201171875
    }
  ],
  "bandwidth": 636.436767578125,
  "channels": 2,
  "covariance": [
    [
      37.335479736328125,
      38.32014846801758,
      19.316390991210938,
      22.215408325195312,
      14.3967866897583,
      11.726434707641602,
      11.041933059692383,
      12.766423225402832,
      6.700960159301758,
      7.263335704803467,
      11.228949546813965,
      8.944372177124023,
      12.074445724487305,
      11.870108604431152,
      8.666603088378906,
      8.765189170837402,
      7.090899467468262,
      7.441900730133057
    ],
    [
      38.32014846801758,
      52.78666687011719,
      27.404733657836914,
      31.696321487426758,
      18.937637329101562,
      15.797356605529785,
      14.719285011291504,
      16.818340301513672,
      10.203620910644531,
      10.614368438720703,
      14.330777168273926,
      11.532036781311035,
      14.823995590209961,
      14.34055233001709,
      10.942277908325195,
      10.820956230163574,
      9.455184936523438,
      8.920365333557129
    ],
    [
      19.316390991210938,
      27.404733657836914,
      50.58958435058594,
      49.312469482421875,
      26.511093139648438,
      23.405536651611328,
      22.847551345825195,
      23.699100494384766,
      20.282808303833008,
      19.290279388427734,
      23.03504180908203,
      21.3201904296875,
      22.186092376708984,
      22.048606872558594,
      18.395463943481445,
      17.634187698364258,
      12.342700958251953,
      14.080643653869629
    ],
    [
      22.215408325195312,
      31.696321487426758,
      49.312469482421875,
      61.55236053466797,
      28.24839210510254,
      25.257919311523438,
      24.103574752807617,
      25.009151458740234,
      21.322668075561523,
      20.24814224243164,
      23.70441246032715,
      22.39628028869629,
      22.748598098754883,
      22.736135482788086,
      19.8603458404541,
      19.002981185913086,
      13.40195083618164,
      15.017389297485352
    ],
    [
      14.3967866897583,
      18.937637329101562,
      26.511093139648438,
      28.24839210510254,
      40.067840576171875,
      37.62559127807617,
      23.677818298339844,
      24.18758201599121,
      25.130264282226562,
      24.209640502929688,
      28.033735275268555,
      26.47976303100586,
      26.260379791259766,
      25.86090087890625,
      19.669994354248047,
      18.847990036010742,
      11.548863410949707,
      12.795954704284668
    ],
    [
      11.726434707641602,
      15.797356605529785,
      23.405536651611328,
      25.257919311523438,
      37.62559127807617,
      48.16420364379883,
      20.206893920898438,
      21.747135162353516,
      25.520727157592773,
      24.540132522583008,
      24.55938720703125,
      24.8486270904541,
      22.197500228881836,
      22.920642852783203,
      16.40252113342285,
      15.374723434448242,
      9.462756156921387,
      9.82480525970459
    ],
    [
      11.041933059692383,
      14.719285011291504,
      22.847551345825195,
      24.103574752807617,
      23.677818298339844,
      20.206893920898438,
      36.14862060546875,
      31.167274475097656,
      28.13282585144043,
      28.737089157104492,
      34.88438415527344,
      34.034427642822266,
      32.68425369262695,
      35.35403060913086,
      27.77433204650879,
      25.33388900756836,
      14.133033752441406,
      16.810319900512695
    ],
    [
      12.766423225402832,
      16.818340301513672,
      23.699100494384766,
      25.009151458740234,
      24.18758201599121,
      21.747135162353516,
      31.167274475097656,
      33.779842376708984,
      25.666624069213867,
      26.413450241088867,
      32.65327072143555,
      32.03688049316406,
      30.112974166870117,
      32.4126091003418,
      25.27159881591797,
      23.196992874145508,
      13.662516593933105,
      15.753002166748047
    ],
    [
      6.700960159301758,
      10.203620910644531,
      20.282808303833008,
      21.322668075561523,
      25.130264282226562,
      25.520727157592773,
      28.13282585144043,
      25.666624069213867,
      45.469825744628906,
      42.44823455810547,
      42.13188552856445,
      43.77598571777344,
      39.01108932495117,
      42.526058197021484,
      35.30535888671875,
      31.519243240356445,
      16.877473831176758,
      21.21182632446289
    ],
    [
      7.263335704803467,
      10.614368438720703,
      19.290279388427734,
      20.24814224243164,
      24.209640502929688,
      24.540132522583008,
      28.737089157104492,
      26.413450241088867,
      42.44823455810547,
      44.601226806640625,
      42.10068130493164,
      44.49747848510742,
      38.88288497924805,
      43.68070602416992,
      36.10816192626953,
      31.901203155517578,
      17.481719970703125,
      21.448780059814453
    ],
    [
      11.228949546813965,
      14.330777168273926,
      23.03504180908203,
      23.70441246032715,
      28.033735275268555,
      24.55938720703125,
      34.88438415527344,
      32.65327072143555,
      42.13188552856445,
      42.10068130493164,
      53.806236267089844,
      51.9244270324707,
      47.22801208496094,
      50.824256896972656,
      40.736839294433594,
      36.819801330566406,
      20.625247955322266,
      24.71124267578125
    ],
    [
      8.944372177124023,
      11.532036781311035,
      21.3201904296875,
      22.39628028869629,
      26.47976303100586,
      24.8486270904541,
      34.034427642822266,
      32.03688049316406,
      43.77598571777344,
      44.49747848510742,
      51.9244270324707,
      55.90952682495117,
      46.828006744384766,
      52.39855194091797,
      42.827003479003906,
      38.017738342285156,
      21.196971893310547,
      25.599449157714844
    ],
    [
      12.074445724487305,
      14.823995590209961,
      22.186092376708984,
      22.748598098754883,
      26.260379791259766,
      22.197500228881836,
      32.68425369262695,
      30.112974166870117,
      39.01108932495117,
      38.88288497924805,
      47.22801208496094,
      46.828006744384766,
      48.834228515625,
      51.68684768676758,
      41.16090393066406,
      37.21762466430664,
      21.329635620117188,
      25.528682708740234
    ],
    [
      11.870108604431152,
      14.34055233001709,
      22.048606872558594,
      22.736135482788086,
      25.86090087890625,
      22.920642852783203,
      35.35403060913086,
      32.4126091003418,
      42.526058197021484,
      43.68070602416992,
      50.824256896972656,
      52.39855194091797,
      51.68684768676758,
      59.04300308227539,
      46.03242874145508,
      40.961021423339844,
      23.3402156829834,
      27.93911361694336
    ],
    [
      8.666603088378906,
      10.942277908325195,
      18.395463943481445,
      19.8603458404541,
      19.669994354248047,
      16.40252113342285,
      27.77433204650879,
      25.27159881591797,
      35.30535888671875,
      36.10816192626953,
      40.736839294433594,
      42.827003479003906,
      41.16090393066406,
      46.03242874145508,
      41.84306716918945,
      37.032527923583984,
      21.66426658630371,
      26.327495574951172
    ],
    [
      8.765189170837402,
      10.820956230163574,
      17.634187698364258,
      19.002981185913086,
      18.847990036010742,
      15.374723434448242,
      25.33388900756836,
      23.196992874145508,
      31.519243240356445,
      31.901203155517578,
      36.819801330566406,
      38.017738342285156,
      37.21762466430664,
      40.961021423339844,
      37.032527923583984,
      33.66123580932617,
      19.74697494506836,
      23.878786087036133
    ],
    [
      7.090899467468262,
      9.455184936523438,
      12.342700958251953,
      13.40195083618164,
      11.548863410949707,
      9.462756156921387,
      14.133033752441406,
      13.662516593933105,
      16.877473831176758,
      17.481719970703125,
      20.625247955322266,
      21.196971893310547,
      21.329635620117188,
      23.3402156829834,
      21.66426658630371,
      19.74697494506836,
      15.03999137878418,
      14.864562034606934
    ],
    [
      7.441900730133057,
      8.920365333557129,
      14.080643653869629,
      15.017389297485352,
      12.795954704284668,
      9.82480525970459,
      16.810319900512695,
      15.753002166748047,
      21.21182632446289,
      21.448780059814453,
      24.71124267578125,
      25.599449157714844,
      25.528682708740234,
      27.93911361694336,
      26.327495574951172,
      23.878786087036133,
      14.864562034606934,
      19.791170120239258
    ]
  ],
  "covariance_short": [
    [
      40.2901725769043,
      28.059967041015625,
      14.405241966247559,
      16.575227737426758,
      10.311182022094727,
      9.872353553771973,
      7.373895168304443,
      8.753641128540039,
      3.7172203063964844,
      4.465782165527344,
      8.436070442199707,
      7.983587265014648,
      7.171078205108643,
      7.224562644958496,
      4.903637409210205,
      4.96679162979126,
      4.491989612579346,
      4.134479999542236
    ],
    [
      28.059967041015625,
      36.497406005859375,
      19.974437713623047,
      24.157445907592773,
      14.38671875,
      14.41067886352539,
      11.248189926147461,
      12.14152717590332,
      8.364950180053711,
      8.361006736755371,
      11.716169357299805,
      11.07931900024414,
      9.926295280456543,
      9.733518600463867,
      7.0634942054748535,
      6.855329990386963,
      5.5319318771362305,
      5.140537738800049
    ],
    [
      14.405241966247559,
      19.974437713623047,
      66.45849609375,
      65.09709167480469,
      33.436580657958984,
      31.836673736572266,
      29.042068481445312,
      27.92473602294922,
      25.154747009277344,
      23.05855369567871,
      29.758859634399414,
      28.564577102661133,
      24.830516815185547,
      25.42587661743164,
      18.494924545288086,
      17.519983291625977,
      11.722907066345215,
      12.375682830810547
    ],
    [
      16.575227737426758,
      24.157445907592773,
      65.09709167480469,
      86.4466552734375,
      35.15341567993164,
      35.17240524291992,
      32.21488952636719,
      31.26375389099121,
      27.444318771362305,
      25.02979850769043,
      30.34403419494629,
      29.375932693481445,
      25.432903289794922,
      25.965160369873047,
      19.983240127563477,
      18.872156143188477,
      12.912301063537598,
      13.558419227600098
    ],
    [
      10.311182022094727,
      14.38671875,
      33.436580657958984,
      35.15341567993164,
      52.53422546386719,
      47.3321647644043,
      29.003501892089844,
      26.914743423461914,
      32.21352767944336,
      29.214460372924805,
      33.595462799072266,
      32.11058044433594,
      28.71194076538086,
      29.118803024291992,
      19.193927764892578,
      18.262773513793945,
      10.272256851196289,
      11.723600387573242
    ],
    [
      9.872353553771973,
      14.41067886352539,
      31.836673736572266,
      35.17240524291992,
      47.3321647644043,
      63.77788543701172,
      27.82196044921875,
      27.07376480102539,
      34.31399154663086,
      31.634313583374023,
      33.85099792480469,
      33.91041946411133,
      27.385623931884766,
      29.073326110839844,
      17.760311126708984,
      16.47713279724121,
      9.511263847351074,
      9.561258316040039
    ],
    [
      7.373895168304443,
      11.248189926147461,
      29.042068481445312,
      32.21488952636719,
      29.003501892089844,
      27.82196044921875,
      49.48069381713867,
      37.387107849121094,
      38.309661865234375,
      36.590980529785156,
      44.87100601196289,
      44.26979064941406,
      37.939727783203125,
      41.51519012451172,
      28.529403686523438,
      26.058815002441406,
      13.501091003417969,
      15.502181053161621
    ],
    [
      8.753641128540039,
      12.14152717590332,
      27.92473602294922,
      31.26375389099121,
      26.914743423461914,
      27.07376480102539,
      37.387107849121094,
      42.1789436340332,
      33.80394744873047,
      33.1600456237793,
      40.446414947509766,
      40.86099624633789,
      32.875404357910156,
      35.541507720947266,
      24.614274978637695,
      22.4249210357666,
      12.243230819702148,
      13.555411338806152
    ],
    [
      3.7172203063964844,
      8.364950180053711,
      25.154747009277344,
      27.444318771362305,
      32.21352767944336,
      34.31399154663086,
      38.309661865234375,
      33.80394744873047,
      63.259273529052734,
      55.31900405883789,
      57.24472427368164,
      58.84175109863281,
      49.1130485534668,
      54.40574645996094,
      39.19511032104492,
      35.0284423828125,
      17.760791778564453,
      21.542814254760742
    ],
    [
      4.465782165527344,
      8.361006736755371,
      23.05855369567871,
      25.02979850769043,
      29.214460372924805,
      31.634313583374023,
      36.590980529785156,
      33.1600456237793,
      55.31900405883789,
      58.35223388671875,
      54.92831039428711,
      57.830753326416016,
      46.87261199951172,
      53.28986358642578,
      38.55998229980469,
      34.03158950805664,
      17.667449951171875,
      21.00058364868164
    ],
    [
      8.436070442199707,
      11.716169357299805,
      29.758859634399414,
      30.34403419494629,
      33.595462799072266,
      33.85099792480469,
      44.87100601196289,
      40.446414947509766,
      57.24472427368164,
      54.92831039428711,
      77.98589324951172,
      76.07598876953125,
      60.629547119140625,
      66.9406509399414,
      46.53436279296875,
      41.6552848815918,
      22.468631744384766,
      25.709148406982422
    ],
    [
      7.983587265014648,
      11.07931900024414,
      28.564577102661133,
      29.375932693481445,
      32.11058044433594,
      33.91041946411133,
      44.26979064941406,
      40.86099624633789,
      58.84175109863281,
      57.830753326416016,
      76.07598876953125,
      81.79035949707031,
      60.999935150146484,
      69.35842895507812,
      49.20219802856445,
      43.3995246887207,
      23.507246017456055,
      26.973005294799805
    ],
    [
      7.171078205108643,
      9.926295280456543,
      24.830516815185547,
      25.432903289794922,
      28.71194076538086,
      27.385623931884766,
      37.939727783203125,
      32.875404357910156,
      49.1130485534668,
      46.87261199951172,
      60.629547119140625,
      60.999935150146484,
      56.97964859008789,
      60.618408203125,
      43.5693244934082,
      39.22766876220703,
      21.264575958251953,
      25.072696685791016
    ],
    [
      7.224562644958496,
      9.733518600463867,
      25.42587661743164,
      25.965160369873047,
      29.118803024291992,
      29.073326110839844,
      41.51519012451172,
      35.541507720947266,
      54.40574645996094,
      53.28986358642578,
      66.9406509399414,
      69.35842895507812,
      60.618408203125,
      71.43916320800781,
      50.372474670410156,
      44.57550811767578,
      24.102081298828125,
      28.508298873901367
    ],
    [
      4.903637409210205,
      7.0634942054748535,
      18.494924545288086,
      19.983240127563477,
      19.193927764892578,
      17.760311126708984,
      28.529403686523438,
      24.614274978637695,
      39.19511032104492,
      38.55998229980469,
      46.53436279296875,
      49.20219802856445,
      43.5693244934082,
      50.372474670410156,
      42.92305374145508,
      37.53556823730469,
      21.43238067626953,
      25.536041259765625
    ],
    [
      4.96679162979126,
      6.855329990386963,
      17.519983291625977,
      18.872156143188477,
      18.262773513793945,
      16.47713279724121,
      26.058815002441406,
      22.4249210357666,
      35.0284423828125,
      34.03158950805664,
      41.6552848815918,
      43.3995246887207,
      39.22766876220703,
      44.57550811767578,
      37.53556823730469,
      34.27882385253906,
      19.29337501525879,
      22.94691276550293
    ],
    [
      4.491989612579346,
      5.5319318771362305,
      11.722907066345215,
      12.912301063537598,
      10.272256851196289,
      9.511263847351074,
      13.501091003417969,
      12.243230819702148,
      17.760791778564453,
      17.667449951171875,
      22.468631744384766,
      23.507246017456055,
      21.264575958251953,
      24.102081298828125,
      21.43238067626953,
      19.29337501525879,
      15.339213371276855,
      14.367486000061035
    ],
    [
      4.134479999542236,
      5.140537738800049,
      12.375682830810547,
      13.558419227600098,
      11.723600387573242,
      9.561258316040039,
      15.502181053161621,
      13.555411338806152,
      21.542814254760742,
      21.00058364868164,
      25.709148406982422,
      26.973005294799805,
      25.072696685791016,
      28.508298873901367,
      25.536041259765625,
      22.94691276550293,
      14.367486000061035,
      19.36979866027832
    ]
  ],
  "damage": -19.72843360900879,
  "diff_bandwidth": 651.0428466796875,
  "dissonance": 6.029829319209716,
  "drr": 6.577484130859375,
  "dynamics": 5.180965900421143,
  "format": 1245190,
  "frames": 11561920,
  "loudness": -29.573633193969727,
  "loudness_range": 15.560518264770508,
  "loudness_range_short": 18.239587783813477,
  "lowpass_true_peak_15khz": -4.737462520599365,
  "mastering3_acoustic_entropies": [
    {
      "acoustic_entropy": 7.874383926391602,
      "acoustic_entropy_mono": 7.044865131378174,
      "band_eliminated_acoustic_entropies": [
        {
          "acoustic_entropy": 7.874130725860596,
          "acoustic_entropy_side": 7.874351501464844,
          "hz": 129.47220167065723
        },
        {
          "acoustic_entropy": 7.8887810707092285,
          "acoustic_entropy_side": 7.874057769775391,
          "hz": 202.92927478742237
        },
        {
          "acoustic_entropy": 7.8758955001831055,
          "acoustic_entropy_side": 7.830653667449951,
          "hz": 282.89161906338205
        },
        {
          "acoustic_entropy": 7.469081878662109,
          "acoustic_entropy_side": 7.648770809173584,
          "hz": 369.9353335868758
        },
        {
          "acoustic_entropy": 7.568778038024902,
          "acoustic_entropy_side": 8.09084415435791,
          "hz": 464.6875360973435
        },
        {
          "acoustic_entropy": 7.962482929229736,
          "acoustic_entropy_side": 7.715240001678467,
          "hz": 567.8308811364784
        },
        {
          "acoustic_entropy": 7.135868549346924,
          "acoustic_entropy_side": 7.300838947296143,
          "hz": 680.1084783214808
        },
        {
          "acoustic_entropy": 8.233161926269531,
          "acoustic_entropy_side": 7.888588905334473,
          "hz": 802.3292461747484
        },
        {
          "acoustic_entropy": 7.661056995391846,
          "acoustic_entropy_side": 8.226086616516113,
          "hz": 935.3737400823702
        },
        {
          "acoustic_entropy": 7.741480827331543,
          "acoustic_entropy_side": 7.95210599899292,
          "hz": 1080.2004963696966
        },
        {
          "acoustic_entropy": 8.08100414276123,
          "acoustic_entropy_side": 7.895279407501221,
          "hz": 1237.8529382007157
        },
        {
          "acoustic_entropy": 7.6272807121276855,
          "acoustic_entropy_side": 7.460426330566406,
          "hz": 1409.4668930556702
        },
        {
          "acoustic_entropy": 7.709004878997803,
          "acoustic_entropy_side": 7.797205924987793,
          "hz": 1596.2787759475705
        },
        {
          "acoustic_entropy": 7.440441131591797,
          "acoustic_entropy_side": 7.8519368171691895,
          "hz": 1799.6344973346393
        },
        {
          "acoustic_entropy": 7.923861026763916,
          "acoustic_entropy_side": 7.89462947845459,
          "hz": 2020.9991599069049
        },
        {
          "acoustic_entropy": 7.6948466300964355,
          "acoustic_entropy_side": 7.794425964355469,
          "hz": 2261.9676141086993
        },
        {
          "acoustic_entropy": 8.254851341247559,
          "acoustic_entropy_side": 9.122321128845215,
          "hz": 2524.2759484456974
        },
        {
          "acoustic_entropy": 7.821216106414795,
          "acoustic_entropy_side": 7.863779544830322,
          "hz": 2809.813997359896
        },
        {
          "acoustic_entropy": 8.28184700012207,
          "acoustic_entropy_side": 7.971107006072998,
          "hz": 3120.6389567871424
        },
        {
          "acoustic_entropy": 8.209321022033691,
          "acoustic_entropy_side": 8.060894966125488,
          "hz": 3458.990205492291
        },
        {
          "acoustic_entropy": 7.922616958618164,
          "acoustic_entropy_side": 7.897836685180664,
          "hz": 3827.305438964164
        },
        {
          "acoustic_entropy": 7.852163314819336,
          "acoustic_entropy_side": 7.87227201461792,
          "hz": 4228.238232109126
        },
        {
          "acoustic_entropy": 7.825388431549072,
          "acoustic_entropy_side": 7.8486809730529785,
          "hz": 4664.6771572759235
        },
        {
          "acoustic_entropy": 7.898819446563721,
          "acoustic_entropy_side": 7.887857437133789,
          "hz": 5139.766595350093
        },
        {
          "acoustic_entropy": 7.852133750915527,
          "acoustic_entropy_side": 7.855846881866455,
          "hz": 5656.929389854203
        },
        {
          "acoustic_entropy": 7.89619255065918,
          "acoustic_entropy_side": 7.887615203857422,
          "hz": 6219.891507268283
        },
        {
          "acoustic_entropy": 7.86845588684082,
          "acoustic_entropy_side": 7.870367527008057,
          "hz": 6832.70888123896
        },
        {
          "acoustic_entropy": 7.873569011688232,
          "acoustic_entropy_side": 7.8742804527282715,
          "hz": 7499.796634079867
        },
        {
          "acoustic_entropy": 7.873157501220703,
          "acoustic_entropy_side": 7.874205589294434,
          "hz": 8225.96088609342
        },
        {
          "acoustic_entropy": 7.876704216003418,
          "acoustic_entropy_side": 7.874648094177246,
          "hz": 9016.43338188839
        },
        {
          "acoustic_entropy": 7.872203350067139,
          "acoustic_entropy_side": 7.872371196746826,
          "hz": 9876.909183162974
        },
        {
          "acoustic_entropy": 7.872814655303955,
          "acoustic_entropy_side": 7.873870372772217,
          "hz": 10813.587699516042
        },
        {
          "acoustic_entropy": 7.872884273529053,
          "acoustic_entropy_side": 7.874130725860596,
          "hz": 11833.21735289826
        },
        {
          "acoustic_entropy": 7.873732566833496,
          "acoustic_entropy_side": 7.874140739440918,
          "hz": 12943.144197493959
        },
        {
          "acoustic_entropy": 7.87270975112915,
          "acoustic_entropy_side": 7.873534202575684,
          "hz": 14151.364845322005
        },
        {
          "acoustic_entropy": 7.8741044998168945,
          "acoustic_entropy_side": 7.874188423156738,
          "hz": 15466.58407886509
        },
        {
          "acoustic_entropy": 7.873315811157227,
          "acoustic_entropy_side": 7.873677730560303,
          "hz": 16898.27756580493
        },
        {
          "acoustic_entropy": 7.8738112449646,
          "acoustic_entropy_side": 7.873962879180908,
          "hz": 18456.760127700032
        },
        {
          "acoustic_entropy": 7.874112129211426,
          "acoustic_entropy_side": 7.874239444732666,
          "hz": 20153.260054456492
        },
        {
          "acoustic_entropy": 7.874297142028809,
          "acoustic_entropy_side": 7.874358654022217,
          "hz": 22000.00000000001
        }
      ],
      "diff_acoustic_entropy": 6.860287666320801,
      "sn": 6
    },
    {
      "acoustic_entropy": 12.260759353637695,
      "acoustic_entropy_mono": 12.4762601852417,
      "band_eliminated_acoustic_entropies": [
        {
          "acoustic_entropy": 12.269925117492676,
          "acoustic_entropy_side": 12.261322021484375,
          "hz": 129.47220167065723
        },
        {
          "acoustic_entropy": 12.078794479370117,
          "acoustic_entropy_side": 12.27875804901123,
          "hz": 202.92927478742237
        },
        {
          "acoustic_entropy": 12.123779296875,
          "acoustic_entropy_side": 12.235851287841797,
          "hz": 282.89161906338205
        },
        {
          "acoustic_entropy": 10.995641708374023,
          "acoustic_entropy_side": 11.147862434387207,
          "hz": 369.9353335868758
        },
        {
          "acoustic_entropy": 11.422691345214844,
          "acoustic_entropy_side": 12.5173978805542,
          "hz": 464.6875360973435
        },
        {
          "acoustic_entropy": 12.639924049377441,
          "acoustic_entropy_side": 12.375995635986328,
          "hz": 567.8308811364784
        },
        {
          "acoustic_entropy": 11.602149963378906,
          "acoustic_entropy_side": 12.202177047729492,
          "hz": 680.1084783214808
        },
        {
          "acoustic_entropy": 11.930440902709961,
          "acoustic_entropy_side": 12.482245445251465,
          "hz": 802.3292461747484
        },
        {
          "acoustic_entropy": 11.272805213928223,
          "acoustic_entropy_side": 12.612849235534668,
          "hz": 935.3737400823702
        },
        {
          "acoustic_entropy": 11.776653289794922,
          "acoustic_entropy_side": 12.03443717956543,
          "hz": 1080.2004963696966
        },
        {
          "acoustic_entropy": 12.2734375,
          "acoustic_entropy_side": 12.226058959960938,
          "hz": 1237.8529382007157
        },
        {
          "acoustic_entropy": 12.972347259521484,
          "acoustic_entropy_side": 12.67422866821289,
          "hz": 1409.4668930556702
        },
        {
          "acoustic_entropy": 12.920848846435547,
          "acoustic_entropy_side": 12.588305473327637,
          "hz": 1596.2787759475705
        },
        {
          "acoustic_entropy": 12.09867000579834,
          "acoustic_entropy_side": 11.931422233581543,
          "hz": 1799.6344973346393
        },
        {
          "acoustic_entropy": 12.276979446411133,
          "acoustic_entropy_side": 12.231727600097656,
          "hz": 2020.9991599069049
        },
        {
          "acoustic_entropy": 12.68682861328125,
          "acoustic_entropy_side": 12.135457038879395,
          "hz": 2261.9676141086993
        },
        {
          "acoustic_entropy": 12.076216697692871,
          "acoustic_entropy_side": 13.09722900390625,
          "hz": 2524.2759484456974
        },
        {
          "acoustic_entropy": 12.219202995300293,
          "acoustic_entropy_side": 12.3040132522583,
          "hz": 2809.813997359896
        },
        {
          "acoustic_entropy": 12.215764999389648,
          "acoustic_entropy_side": 12.144084930419922,
          "hz": 3120.6389567871424
        },
        {
          "acoustic_entropy": 11.67409610748291,
          "acoustic_entropy_side": 12.15746021270752,
          "hz": 3458.990205492291
        },
        {
          "acoustic_entropy": 12.262526512145996,
          "acoustic_entropy_side": 12.303690910339355,
          "hz": 3827.305438964164
        },
        {
          "acoustic_entropy": 12.047304153442383,
          "acoustic_entropy_side": 12.190099716186523,
          "hz": 4228.238232109126
        },
        {
          "acoustic_entropy": 12.105966567993164,
          "acoustic_entropy_side": 12.240036964416504,
          "hz": 4664.6771572759235
        },
        {
          "acoustic_entropy": 12.361783981323242,
          "acoustic_entropy_side": 12.310262680053711,
          "hz": 5139.766595350093
        },
        {
          "acoustic_entropy": 12.24864387512207,
          "acoustic_entropy_side": 12.261878967285156,
          "hz": 5656.929389854203
        },
        {
          "acoustic_entropy": 12.372035026550293,
          "acoustic_entropy_side": 12.340811729431152,
          "hz": 6219.891507268283
        },
        {
          "acoustic_entropy": 12.293201446533203,
          "acoustic_entropy_side": 12.303685188293457,
          "hz": 6832.70888123896
        },
        {
          "acoustic_entropy": 12.301427841186523,
          "acoustic_entropy_side": 12.291743278503418,
          "hz": 7499.796634079867
        },
        {
          "acoustic_entropy": 12.293725967407227,
          "acoustic_entropy_side": 12.275772094726562,
          "hz": 8225.96088609342
        },
        {
          "acoustic_entropy": 12.300018310546875,
          "acoustic_entropy_side": 12.280939102172852,
          "hz": 9016.43338188839
        },
        {
          "acoustic_entropy": 12.280806541442871,
          "acoustic_entropy_side": 12.268279075622559,
          "hz": 9876.909183162974
        },
        {
          "acoustic_entropy": 12.2796630859375,
          "acoustic_entropy_side": 12.265379905700684,
          "hz": 10813.587699516042
        },
        {
          "acoustic_entropy": 12.271771430969238,
          "acoustic_entropy_side": 12.263435363769531,
          "hz": 11833.21735289826
        },
        {
          "acoustic_entropy": 12.272554397583008,
          "acoustic_entropy_side": 12.263545036315918,
          "hz": 12943.144197493959
        },
        {
          "acoustic_entropy": 12.272798538208008,
          "acoustic_entropy_side": 12.268233299255371,
          "hz": 14151.364845322005
        },
        {
          "acoustic_entropy": 12.28602123260498,
          "acoustic_entropy_side": 12.277442932128906,
          "hz": 15466.58407886509
        },
        {
          "acoustic_entropy": 12.270105361938477,
          "acoustic_entropy_side": 12.265687942504883,
          "hz": 16898.27756580493
        },
        {
          "acoustic_entropy": 12.268136978149414,
          "acoustic_entropy_side": 12.264995574951172,
          "hz": 18456.760127700032
        },
        {
          "acoustic_entropy": 12.264790534973145,
          "acoustic_entropy_side": 12.262815475463867,
          "hz": 20153.260054456492
        },
        {
          "acoustic_entropy": 12.262084007263184,
          "acoustic_entropy_side": 12.261163711547852,
          "hz": 22000.00000000001
        }
      ],
      "diff_acoustic_entropy": 11.59241771697998,
      "sn": 12
    },
    {
      "acoustic_entropy": 19.72437858581543,
      "acoustic_entropy_mono": 18.801288604736328,
      "band_eliminated_acoustic_entropies": [
        {
          "acoustic_entropy": 19.96388053894043,
          "acoustic_entropy_side": 19.728748321533203,
          "hz": 129.47220167065723
        },
        {
          "acoustic_entropy": 20.65469741821289,
          "acoustic_entropy_side": 19.769681930541992,
          "hz": 202.92927478742237
        },
        {
          "acoustic_entropy": 20.420269012451172,
          "acoustic_entropy_side": 19.839479446411133,
          "hz": 282.89161906338205
        },
        {
          "acoustic_entropy": 19.254199981689453,
          "acoustic_entropy_side": 19.78077507019043,
          "hz": 369.9353335868758
        },
        {
          "acoustic_entropy": 19.146543502807617,
          "acoustic_entropy_side": 20.60740852355957,
          "hz": 464.6875360973435
        },
        {
          "acoustic_entropy": 20.77263641357422,
          "acoustic_entropy_side": 20.534765243530273,
          "hz": 567.8308811364784
        },
        {
          "acoustic_entropy": 20.210147857666016,
          "acoustic_entropy_side": 20.497793197631836,
          "hz": 680.1084783214808
        },
        {
          "acoustic_entropy": 19.916723251342773,
          "acoustic_entropy_side": 19.979494094848633,
          "hz": 802.3292461747484
        },
        {
          "acoustic_entropy": 19.242891311645508,
          "acoustic_entropy_side": 19.847919464111328,
          "hz": 935.3737400823702
        },
        {
          "acoustic_entropy": 19.410531997680664,
          "acoustic_entropy_side": 20.06587028503418,
          "hz": 1080.2004963696966
        },
        {
          "acoustic_entropy": 19.997756958007812,
          "acoustic_entropy_side": 19.019962310791016,
          "hz": 1237.8529382007157
        },
        {
          "acoustic_entropy": 20.15336036682129,
          "acoustic_entropy_side": 20.21120262145996,
          "hz": 1409.4668930556702
        },
        {
          "acoustic_entropy": 20.391761779785156,
          "acoustic_entropy_side": 20.78719139099121,
          "hz": 1596.2787759475705
        },
        {
          "acoustic_entropy": 19.2372989654541,
          "acoustic_entropy_side": 19.125972747802734,
          "hz": 1799.6344973346393
        },
        {
          "acoustic_entropy": 20.386335372924805,
          "acoustic_entropy_side": 20.27378273010254,
          "hz": 2020.9991599069049
        },
        {
          "acoustic_entropy": 20.148483276367188,
          "acoustic_entropy_side": 20.608022689819336,
          "hz": 2261.9676141086993
        },
        {
          "acoustic_entropy": 19.636438369750977,
          "acoustic_entropy_side": 20.225086212158203,
          "hz": 2524.2759484456974
        },
        {
          "acoustic_entropy": 19.525911331176758,
          "acoustic_entropy_side": 19.975318908691406,
          "hz": 2809.813997359896
        },
        {
          "acoustic_entropy": 19.925142288208008,
          "acoustic_entropy_side": 20.18853187561035,
