{
  "acoustic_entropy": 194.6876983642578,
  "bands": [
    {
      "high_freq": 148.1999969482422,
      "loudness": -31.360164642333984,
      "loudness_range": 19.319091796875,
      "mid_mean": -28.04549217224121,
      "mid_to_side_loudness": -14.489156723022461,
      "mid_to_side_loudness_range": 19.541282653808594,
      "side_mean": -42.58603286743164
    },
    {
      "high_freq": 392.3793640136719,
      "loudness": -26.22736358642578,
      "loudness_range": 13.016073226928711,
      "low_freq": 148.1999969482422,
      "mid_mean": -23.228744506835938,
      "mid_to_side_loudness": -9.390340805053711,
      "mid_to_side_loudness_range": 13.329907417297363,
      "side_mean": -32.79429244995117
    },
    {
      "high_freq": 794.6976318359375,
      "loudness": -27.47318458557129,
      "loudness_range": 18.015960693359375,
      "low_freq": 392.3793640136719,
      "mid_mean": -24.867591857910156,
      "mid_to_side_loudness": -7.661689281463623,
      "mid_to_side_loudness_range": 15.491059303283691,
      "side_mean": -32.82670974731445
    },
    {
      "high_freq": 1457.5709228515625,
      "loudness": -29.835243225097656,
      "loudness_range": 25.105833053588867,
      "low_freq": 794.6976318359375,
      "mid_mean": -28.569780349731445,
      "mid_to_side_loudness": -4.830695629119873,
      "mid_to_side_loudness_range": 24.186717987060547,
      "side_mean": -33.96174621582031
    },
    {
      "high_freq": 2549.74365234375,
      "loudness": -34.55754470825195,
      "loudness_range": 29.03340721130371,
      "low_freq": 1457.5709228515625,
      "mid_mean": -32.71565628051758,
      "mid_to_side_loudness": -5.6032891273498535,
      "mid_to_side_loudness_range": 19.252662658691406,
      "side_mean": -38.87852478027344
    },
    {
      "high_freq": 4349.24462890625,
      "loudness": -38.4510498046875,
      "loudness_range": 29.413225173950195,
      "low_freq": 2549.74365234375,
      "mid_mean": -36.14676284790039,
      "mid_to_side_loudness": -8.014662742614746,
      "mid_to_side_loudness_range": 20.455860137939453,
      "side_mean": -44.74869918823242
    },
    {
      "high_freq": 7314.1640625,
      "loudness": -44.14844512939453,
      "loudness_range": 26.068622589111328,
      "low_freq": 4349.24462890625,
      "mid_mean": -41.26949691772461,
      "mid_to_side_loudness": -10.187870979309082,
      "mid_to_side_loudness_range": 17.541793823242188,
      "side_mean": -52.48039245605469
    },
    {
      "high_freq": 12199.2666015625,
      "loudness": -47.21315002441406,
      "loudness_range": 28.323577880859375,
      "low_freq": 7314.1640625,
      "mid_mean": -44.671607971191406,
      "mid_to_side_loudness": -10.877313613891602,
      "mid_to_side_loudness_range": 20.59549331665039,
      "side_mean": -56.49998092651367
    },
    {
      "loudness": -55.18173599243164,
      "loudness_range": 25.040367126464844,
      "low_freq": 12199.2666015625,
      "mid_mean": -52.54190444946289,
      "mid_to_side_loudness": -8.951128959655762,
      "mid_to_side_loudness_range": 16.94154167175293,
      "side_mean": -60.71029281616211
    }
  ],
  "bands_short": [
    {
      "high_freq": 148.1999969482422,
      "loudness": -34.210182189941406,
      "loudness_range": 22.414173126220703,
      "mid_mean": -30.8885440826416,
      "mid_to_side_loudness": -15.218896865844727,
      "mid_to_side_loudness_range": 21.402957916259766,
      "side_mean": -46.33037185668945
    },
    {
      "high_freq": 392.3793640136719,
      "loudness": -27.119335174560547,
      "loudness_range": 15.101690292358398,
      "low_freq": 148.1999969482422,
      "mid_mean": -24.230106353759766,
      "mid_to_side_loudness": -9.681397438049316,
      "mid_to_side_loudness_range": 16.56012535095215,
      "side_mean": -33.97697067260742
    },
    {
      "high_freq": 794.6976318359375,
      "loudness": -27.68091583251953,
      "loudness_range": 19.577686309814453,
      "low_freq": 392.3793640136719,
      "mid_mean": -25.128889083862305,
      "mid_to_side_loudness": -7.655198097229004,
      "mid_to_side_loudness_range": 16.947824478149414,
      "side_mean": -33.13508224487305
    },
    {
      "high_freq": 1457.5709228515625,
      "loudness": -30.697208404541016,
      "loudness_range": 26.5618953704834,
      "low_freq": 794.6976318359375,
      "mid_mean": -29.644107818603516,
      "mid_to_side_loudness": -4.1318864822387695,
      "mid_to_side_loudness_range": 25.004417419433594,
      "side_mean": -34.63713073730469
    },
    {
      "high_freq": 2549.74365234375,
      "loudness": -36.16153335571289,
      "loudness_range": 31.53575325012207,
      "low_freq": 1457.5709228515625,
      "mid_mean": -34.54411697387695,
      "mid_to_side_loudness": -4.922685623168945,
      "mid_to_side_loudness_range": 20.349449157714844,
      "side_mean": -40.40150451660156
    },
    {
      "high_freq": 4349.24462890625,
      "loudness": -39.90852737426758,
      "loudness_range": 31.58245277404785,
      "low_freq": 2549.74365234375,
      "mid_mean": -37.602291107177734,
      "mid_to_side_loudness": -7.811402797698975,
      "mid_to_side_loudness_range": 20.853588104248047,
      "side_mean": -46.70176315307617
    },
    {
      "high_freq": 7314.1640625,
      "loudness": -47.18010711669922,
      "loudness_range": 31.928442001342773,
      "low_freq": 4349.24462890625,
      "mid_mean": -45.18280029296875,
      "mid_to_side_loudness": -8.573731422424316,
      "mid_to_side_loudness_range": 19.53070831298828,
      "side_mean": -55.0515251159668
    },
    {
      "high_freq": 12199.2666015625,
      "loudness": -48.69660186767578,
      "loudness_range": 29.855880737304688,
      "low_freq": 7314.1640625,
      "mid_mean": -48.147342681884766,
      "mid_to_side_loudness": -10.230339050292969,
      "mid_to_side_loudness_range": 21.181350708007812,
      "side_mean": -58.54838562011719
    },
    {
      "loudness": -56.96213150024414,
      "loudness_range": 25.819931030273438,
      "low_freq": 12199.2666015625,
      "mid_mean": -54.13175964355469,
      "mid_to_side_loudness": -8.492844581604004,
      "mid_to_side_loudness_range": 16.281803131103516,
      "side_mean": -62.008853912353516
    }
  ],
  "bandwidth": 716.6373291015625,
  "channels": 2,
  "covariance": [
    [
      50.32529067993164,
      31.000017166137695,
      13.117647171020508,
      14.520333290100098,
      14.874016761779785,
      13.253287315368652,
      15.927635192871094,
      17.646398544311523,
      18.27130126953125,
      19.7027587890625,
      12.567093849182129,
      13.019437789916992,
      7.344959259033203,
      7.865702152252197,
      7.347280025482178,
      5.077608108520508,
      9.334808349609375,
      3.325252056121826
    ],
    [
      31.000017166137695,
      55.99447250366211,
      13.433565139770508,
      25.710403442382812,
      21.401647567749023,
      23.05231285095215,
      22.67487907409668,
      19.287742614746094,
      23.232969284057617,
      23.39249038696289,
      25.32490348815918,
      26.191078186035156,
      22.568103790283203,
      25.489818572998047,
      22.861072540283203,
      22.796663284301758,
      20.368602752685547,
      17.338109970092773
    ],
    [
      13.117647171020508,
      13.433565139770508,
      24.002267837524414,
      21.317758560180664,
      24.10324478149414,
      14.252307891845703,
      26.57320785522461,
      18.060152053833008,
      29.846431732177734,
      22.147619247436523,
      30.018726348876953,
      22.497299194335938,
      21.810871124267578,
      17.494308471679688,
      24.926111221313477,
      15.029075622558594,
      18.56768226623535,
      8.774435043334961
    ],
    [
      14.520333290100098,
      25.710403442382812,
      21.317758560180664,
      41.12840270996094,
      24.654441833496094,
      26.77631950378418,
      26.571537017822266,
      27.02227210998535,
      33.82522964477539,
      35.68947982788086,
      32.59842300415039,
      38.901145935058594,
      28.272924423217773,
      32.451839447021484,
      23.243322372436523,
      25.047292709350586,
      19.148244857788086,
      18.210418701171875
    ],
    [
      14.874016761779785,
      21.401647567749023,
      24.10324478149414,
      24.654441833496094,
      46.22190856933594,
      22.775089263916016,
      52.71677780151367,
      25.193986892700195,
      52.645347595214844,
      29.117328643798828,
      52.5107536315918,
      30.9448184967041,
      33.49212646484375,
      23.137401580810547,
      42.26006317138672,
      21.975317001342773,
      32.77586364746094,
      13.39023208618164
    ],
    [
      13.253287315368652,
      23.05231285095215,
      14.252307891845703,
      26.77631950378418,
      22.775089263916016,
      33.613250732421875,
      20.590801239013672,
      26.65545654296875,
      25.791223526000977,
      29.35666275024414,
      23.786022186279297,
      29.953811645507812,
      18.466840744018555,
      21.95909309387207,
      13.854912757873535,
      15.305929183959961,
      11.323952674865723,
      12.058454513549805
    ],
    [
      15.927635192871094,
      22.67487907409668,
      26.57320785522461,
      26.571537017822266,
      52.71677780151367,
      20.590801239013672,
      91.89472961425781,
      28.751089096069336,
      82.41229248046875,
      35.71457290649414,
      78.3980712890625,
      40.86943435668945,
      45.50837326049805,
      31.828866958618164,
      60.696136474609375,
      33.298133850097656,
      48.67327880859375,
      20.014846801757812
    ],
    [
      17.646398544311523,
      19.287742614746094,
      18.060152053833008,
      27.02227210998535,
      25.193986892700195,
      26.65545654296875,
      28.751089096069336,
      43.688232421875,
      37.589969635009766,
      41.16887283325195,
      30.048969268798828,
      36.18656539916992,
      20.156375885009766,
      21.724485397338867,
      12.970331192016602,
      15.116910934448242,
      10.822421073913574,
      10.854284286499023
    ],
    [
      18.27130126953125,
      23.232969284057617,
      29.846431732177734,
      33.82522964477539,
      52.645347595214844,
      25.791223526000977,
      82.41229248046875,
      37.589969635009766,
      104.72705841064453,
      53.4272575378418,
      92.11681365966797,
      57.18175506591797,
      59.84812927246094,
      43.25497055053711,
      65.47309112548828,
      40.15647888183594,
      52.688323974609375,
      23.633546829223633
    ],
    [
      19.7027587890625,
      23.39249038696289,
      22.147619247436523,
      35.68947982788086,
      29.117328643798828,
      29.35666275024414,
      35.71457290649414,
      41.16887283325195,
      53.4272575378418,
      59.69575881958008,
      45.846839904785156,
      57.23984909057617,
      35.878997802734375,
      40.277565002441406,
      23.989551544189453,
      29.96178436279297,
      19.920719146728516,
      21.28592872619629
    ],
    [
      12.567093849182129,
      25.32490348815918,
      30.018726348876953,
      32.59842300415039,
      52.5107536315918,
      23.786022186279297,
      78.3980712890625,
      30.048969268798828,
      92.11681365966797,
      45.846839904785156,
      104.42521667480469,
      58.566688537597656,
      74.7231674194336,
      51.513092041015625,
      80.57365417480469,
      48.61134719848633,
      61.947837829589844,
      28.515085220336914
    ],
    [
      13.019437789916992,
      26.191078186035156,
      22.497299194335938,
      38.901145935058594,
      30.9448184967041,
      29.953811645507812,
      40.86943435668945,
      36.18656539916992,
      57.18175506591797,
      57.23984909057617,
      58.566688537597656,
      74.55471801757812,
      52.641990661621094,
      61.702823638916016,
      39.50822448730469,
      48.772216796875,
      32.76584243774414,
      34.580204010009766
    ],
    [
      7.344959259033203,
      22.568103790283203,
      21.810871124267578,
      28.272924423217773,
      33.49212646484375,
      18.466840744018555,
      45.50837326049805,
      20.156375885009766,
      59.84812927246094,
      35.878997802734375,
      74.7231674194336,
      52.641990661621094,
      89.8850326538086,
      61.08012390136719,
      80.06930541992188,
      57.187931060791016,
      61.8911247253418,
      36.23561477661133
    ],
    [
      7.865702152252197,
      25.489818572998047,
      17.494308471679688,
      32.451839447021484,
      23.137401580810547,
      21.95909309387207,
      31.828866958618164,
      21.724485397338867,
      43.25497055053711,
      40.277565002441406,
      51.513092041015625,
      61.702823638916016,
      61.08012390136719,
      82.21711730957031,
      46.924739837646484,
      68.24298095703125,
      51.56425857543945,
      48.47844314575195
    ],
    [
      7.347280025482178,
      22.861072540283203,
      24.926111221313477,
      23.243322372436523,
      42.26006317138672,
      13.854912757873535,
      60.696136474609375,
      12.970331192016602,
      65.47309112548828,
      23.989551544189453,
      80.57365417480469,
      39.50822448730469,
      80.06930541992188,
      46.924739837646484,
      103.63497161865234,
      55.26713562011719,
      78.22001647949219,
      35.0385856628418
    ],
    [
      5.077608108520508,
      22.796663284301758,
      15.029075622558594,
      25.047292709350586,
      21.975317001342773,
      15.305929183959961,
      33.298133850097656,
      15.116910934448242,
      40.15647888183594,
      29.96178436279297,
      48.61134719848633,
      48.772216796875,
      57.187931060791016,
      68.24298095703125,
      55.26713562011719,
      68.47660827636719,
      56.584564208984375,
      50.52180862426758
    ],
    [
      9.334808349609375,
      20.368602752685547,
      18.56768226623535,
      19.148244857788086,
      32.77586364746094,
      11.323952674865723,
      48.67327880859375,
      10.822421073913574,
      52.688323974609375,
      19.920719146728516,
      61.947837829589844,
      32.76584243774414,
      61.8911247253418,
      51.56425857543945,
      78.22001647949219,
      56.584564208984375,
      79.20367431640625,
      40.01412582397461
    ],
    [
      3.325252056121826,
      17.338109970092773,
      8.774435043334961,
      18.210418701171875,
      13.39023208618164,
      12.058454513549805,
      20.014846801757812,
      10.854284286499023,
      23.633546829223633,
      21.28592872619629,
      28.515085220336914,
      34.580204010009766,
      36.23561477661133,
      48.47844314575195,
      35.0385856628418,
      50.52180862426758,
      40.01412582397461,
      43.40248489379883
    ]
  ],
  "covariance_short": [
    [
      64.62889099121094,
      28.123903274536133,
      18.052528381347656,
      17.6966552734375,
      15.864110946655273,
      13.663124084472656,
      17.08875274658203,
      18.300495147705078,
      19.147031784057617,
      23.4418888092041,
      14.878308296203613,
      19.946571350097656,
      14.191594123840332,
      13.926950454711914,
      12.154823303222656,
      9.442513465881348,
      9.361077308654785,
      4.821762561798096
    ],
    [
      28.123903274536133,
      47.72161102294922,
      14.73755168914795,
      23.884084701538086,
      16.412395477294922,
      17.813106536865234,
      18.024465560913086,
      16.708446502685547,
      18.660675048828125,
      21.715091705322266,
      19.19624900817871,
      24.11644744873047,
      21.982065200805664,
      21.016267776489258,
      21.706281661987305,
      17.551816940307617,
      15.644922256469727,
      12.256989479064941
    ],
    [
      18.052528381347656,
      14.73755168914795,
      31.621566772460938,
      27.4434814453125,
      26.160676956176758,
      18.158010482788086,
      26.90522003173828,
      21.545581817626953,
      31.533720016479492,
      28.450048446655273,
      30.925203323364258,
      29.727603912353516,
      28.08165168762207,
      22.261323928833008,
      29.293731689453125,
      17.67198371887207,
      18.855236053466797,
      10.518141746520996
    ],
    [
      17.6966552734375,
      23.884084701538086,
      27.4434814453125,
      57.232967376708984,
      30.073148727416992,
      34.88615036010742,
      30.976499557495117,
      33.238059997558594,
      40.137821197509766,
      45.477909088134766,
      37.633522033691406,
      49.91816329956055,
      35.45996856689453,
      40.15005874633789,
      31.24136734008789,
      28.858198165893555,
      22.16527557373047,
      20.4495906829834
    ],
    [
      15.864110946655273,
      16.412395477294922,
      26.160676956176758,
      30.073148727416992,
      55.15329360961914,
      27.712238311767578,
      58.17421340942383,
      29.3142032623291,
      61.976627349853516,
      37.49333953857422,
      58.97307586669922,
      41.262969970703125,
      43.790130615234375,
      28.576126098632812,
      52.714996337890625,
      25.410518646240234,
      34.415191650390625,
      13.141839027404785
    ],
    [
      13.663124084472656,
      17.813106536865234,
      18.158010482788086,
      34.88615036010742,
      27.712238311767578,
      39.81329345703125,
      25.8894100189209,
      30.82392120361328,
      32.39908981323242,
      36.6717529296875,
      29.377300262451172,
      37.99127197265625,
      24.513708114624023,
      27.474781036376953,
      19.828773498535156,
      18.313047409057617,
      14.165420532226562,
      13.31655502319336
    ],
    [
      17.08875274658203,
      18.024465560913086,
      26.90522003173828,
      30.976499557495117,
      58.17421340942383,
      25.8894100189209,
      101.49833679199219,
      34.02305603027344,
      91.65719604492188,
      44.62681198120117,
      87.32955932617188,
      50.686222076416016,
      58.95693588256836,
      36.94438934326172,
      75.38473510742188,
      35.948062896728516,
      51.19624710083008,
      18.449644088745117
    ],
    [
      18.300495147705078,
      16.708446502685547,
      21.545581817626953,
      33.238059997558594,
      29.3142032623291,
      30.82392120361328,
      34.02305603027344,
      50.76901626586914,
      44.030399322509766,
      49.634971618652344,
      35.82755661010742,
      45.1400032043457,
      25.986385345458984,
      27.31500244140625,
      16.09833335876465,
      17.53377914428711,
      12.441073417663574,
      11.83344841003418
    ],
    [
      19.147031784057617,
      18.660675048828125,
      31.533720016479492,
      40.137821197509766,
      61.976627349853516,
      32.39908981323242,
      91.65719604492188,
      44.030399322509766,
      122.2034683227539,
      65.68797302246094,
      106.23640441894531,
      71.55034637451172,
      76.71637725830078,
      51.18915939331055,
      82.34355163574219,
      44.64741897583008,
      57.19602584838867,
      23.22534942626953
    ],
    [
      23.4418888092041,
      21.715091705322266,
      28.450048446655273,
      45.477909088134766,
      37.49333953857422,
      36.6717529296875,
      44.62681198120117,
      49.634971618652344,
      65.68797302246094,
      75.04884338378906,
      57.06814193725586,
      71.83661651611328,
      46.02200698852539,
      48.87459945678711,
      33.382850646972656,
      34.37535858154297,
      24.629484176635742,
      23.07573699951172
    ],
    [
      14.878308296203613,
      19.19624900817871,
      30.925203323364258,
      37.633522033691406,
      58.97307586669922,
      29.377300262451172,
      87.32955932617188,
      35.82755661010742,
      106.23640441894531,
      57.06814193725586,
      122.92713928222656,
      70.87033081054688,
      92.99447631835938,
      57.18447494506836,
      96.96260070800781,
      51.297264099121094,
      66.01712799072266,
      27.196823120117188
    ],
    [
      19.946571350097656,
      24.11644744873047,
      29.727603912353516,
      49.91816329956055,
      41.262969970703125,
      37.99127197265625,
      50.686222076416016,
      45.1400032043457,
      71.55034637451172,
      71.83661651611328,
      70.87033081054688,
      91.81317901611328,
      66.47819519042969,
      71.25044250488281,
      55.02997589111328,
      53.688575744628906,
      39.55791091918945,
      36.26407241821289
    ],
    [
      14.191594123840332,
      21.982065200805664,
      28.08165168762207,
      35.45996856689453,
      43.790130615234375,
      24.513708114624023,
      58.95693588256836,
      25.986385345458984,
      76.71637725830078,
      46.02200698852539,
      92.99447631835938,
      66.47819519042969,
      122.63983154296875,
      72.17095184326172,
      111.06226348876953,
      66.61554718017578,
      75.822021484375,
      39.87065887451172
    ],
    [
      13.926950454711914,
      21.016267776489258,
      22.261323928833008,
      40.15005874633789,
      28.576126098632812,
      27.474781036376953,
      36.94438934326172,
      27.31500244140625,
      51.18915939331055,
      48.87459945678711,
      57.18447494506836,
      71.25044250488281,
      72.17095184326172,
      87.66686248779297,
      63.31122970581055,
      68.93976593017578,
      52.65568161010742,
      47.55248260498047
    ],
    [
      12.154823303222656,
      21.706281661987305,
      29.293731689453125,
      31.24136734008789,
      52.714996337890625,
      19.828773498535156,
      75.38473510742188,
      16.09833335876465,
      82.34355163574219,
      33.382850646972656,
      96.96260070800781,
      55.02997589111328,
      111.06226348876953,
      63.31122970581055,
      142.03858947753906,
      70.21875762939453,
      96.35916137695312,
      40.496849060058594
    ],
    [
      9.442513465881348,
      17.551816940307617,
      17.67198371887207,
      28.858198165893555,
      25.410518646240234,
      18.313047409057617,
      35.948062896728516,
      17.53377914428711,
      44.64741897583008,
      34.37535858154297,
      51.297264099121094,
      53.688575744628906,
      66.61554718017578,
      68.93976593017578,
      70.21875762939453,
      69.45414733886719,
      57.14969253540039,
      49.31410217285156
    ],
    [
      9.361077308654785,
      15.644922256469727,
      18.855236053466797,
      22.16527557373047,
      34.415191650390625,
      14.165420532226562,
      51.19624710083008,
      12.441073417663574,
      57.19602584838867,
      24.629484176635742,
      66.01712799072266,
      39.55791091918945,
      75.822021484375,
      52.65568161010742,
      96.35916137695312,
      57.14969253540039,
      79.7902603149414,
      37.6250114440918
    ],
    [
      4.821762561798096,
      12.256989479064941,
      10.518141746520996,
      20.4495906829834,
      13.141839027404785,
      13.31655502319336,
      18.449644088745117,
      11.83344841003418,
      23.22534942626953,
      23.07573699951172,
      27.196823120117188,
      36.26407241821289,
      39.87065887451172,
      47.55248260498047,
      40.496849060058594,
      49.31410217285156,
      37.6250114440918,
      42.072532653808594
    ]
  ],
  "damage": -9.494622230529785,
  "diff_bandwidth": 767.6264038085938,
  "dissonance": 7.238498570593399,
  "drr": 2.230785369873047,
  "dynamics": 5.2979254722595215,
  "format": 1245190,
  "frames": 8194048,
  "loudness": -16.43291664123535,
  "loudness_range": 15.331318855285645,
  "loudness_range_short": 18.358068466186523,
  "lowpass_true_peak_15khz": 0.1844693273305893,
  "mastering3_acoustic_entropies": [
    {
      "acoustic_entropy": 8.656898498535156,
      "acoustic_entropy_mono": 7.605680465698242,
      "band_eliminated_acoustic_entropies": [
        {
          "acoustic_entropy": 8.691760063171387,
          "acoustic_entropy_side": 8.658404350280762,
          "hz": 129.47220167065723
        },
        {
          "acoustic_entropy": 8.627279281616211,
          "acoustic_entropy_side": 8.680941581726074,
          "hz": 202.92927478742237
        },
        {
          "acoustic_entropy": 8.952884674072266,
          "acoustic_entropy_side": 8.669407844543457,
          "hz": 282.89161906338205
        },
        {
          "acoustic_entropy": 8.586013793945312,
          "acoustic_entropy_side": 8.626482963562012,
          "hz": 369.9353335868758
        },
        {
          "acoustic_entropy": 8.75407886505127,
          "acoustic_entropy_side": 8.649365425109863,
          "hz": 464.6875360973435
        },
        {
          "acoustic_entropy": 7.816184043884277,
          "acoustic_entropy_side": 8.800198554992676,
          "hz": 567.8308811364784
        },
        {
          "acoustic_entropy": 8.571670532226562,
          "acoustic_entropy_side": 8.742100715637207,
          "hz": 680.1084783214808
        },
        {
          "acoustic_entropy": 8.6674222946167,
          "acoustic_entropy_side": 8.779688835144043,
          "hz": 802.3292461747484
        },
        {
          "acoustic_entropy": 8.778013229370117,
          "acoustic_entropy_side": 8.861266136169434,
          "hz": 935.3737400823702
        },
        {
          "acoustic_entropy": 8.937582969665527,
          "acoustic_entropy_side": 8.786426544189453,
          "hz": 1080.2004963696966
        },
        {
          "acoustic_entropy": 8.280853271484375,
          "acoustic_entropy_side": 8.472067832946777,
          "hz": 1237.8529382007157
        },
        {
          "acoustic_entropy": 8.706353187561035,
          "acoustic_entropy_side": 8.747773170471191,
          "hz": 1409.4668930556702
        },
        {
          "acoustic_entropy": 8.77182674407959,
          "acoustic_entropy_side": 8.603019714355469,
          "hz": 1596.2787759475705
        },
        {
          "acoustic_entropy": 8.73813247680664,
          "acoustic_entropy_side": 8.739825248718262,
          "hz": 1799.6344973346393
        },
        {
          "acoustic_entropy": 8.415287017822266,
          "acoustic_entropy_side": 8.920001983642578,
          "hz": 2020.9991599069049
        },
        {
          "acoustic_entropy": 8.709168434143066,
          "acoustic_entropy_side": 8.906658172607422,
          "hz": 2261.9676141086993
        },
        {
          "acoustic_entropy": 8.494348526000977,
          "acoustic_entropy_side": 8.871963500976562,
          "hz": 2524.2759484456974
        },
        {
          "acoustic_entropy": 8.484297752380371,
          "acoustic_entropy_side": 8.754911422729492,
          "hz": 2809.813997359896
        },
        {
          "acoustic_entropy": 8.513875007629395,
          "acoustic_entropy_side": 8.963226318359375,
          "hz": 3120.6389567871424
        },
        {
          "acoustic_entropy": 9.010289192199707,
          "acoustic_entropy_side": 8.950560569763184,
          "hz": 3458.990205492291
        },
        {
          "acoustic_entropy": 8.626976013183594,
          "acoustic_entropy_side": 8.683221817016602,
          "hz": 3827.305438964164
        },
        {
          "acoustic_entropy": 8.483450889587402,
          "acoustic_entropy_side": 8.648808479309082,
          "hz": 4228.238232109126
        },
        {
          "acoustic_entropy": 8.622268676757812,
          "acoustic_entropy_side": 8.647332191467285,
          "hz": 4664.6771572759235
        },
        {
          "acoustic_entropy": 8.568042755126953,
          "acoustic_entropy_side": 8.644542694091797,
          "hz": 5139.766595350093
        },
        {
          "acoustic_entropy": 8.498233795166016,
          "acoustic_entropy_side": 8.651126861572266,
          "hz": 5656.929389854203
        },
        {
          "acoustic_entropy": 8.383135795593262,
          "acoustic_entropy_side": 8.652202606201172,
          "hz": 6219.891507268283
        },
        {
          "acoustic_entropy": 8.425772666931152,
          "acoustic_entropy_side": 8.653883934020996,
          "hz": 6832.70888123896
        },
        {
          "acoustic_entropy": 8.544999122619629,
          "acoustic_entropy_side": 8.654520988464355,
          "hz": 7499.796634079867
        },
        {
          "acoustic_entropy": 8.584707260131836,
          "acoustic_entropy_side": 8.656320571899414,
          "hz": 8225.96088609342
        },
        {
          "acoustic_entropy": 8.614803314208984,
          "acoustic_entropy_side": 8.657689094543457,
          "hz": 9016.43338188839
        },
        {
          "acoustic_entropy": 8.586562156677246,
          "acoustic_entropy_side": 8.658716201782227,
          "hz": 9876.909183162974
        },
        {
          "acoustic_entropy": 8.545586585998535,
          "acoustic_entropy_side": 8.658727645874023,
          "hz": 10813.587699516042
        },
        {
          "acoustic_entropy": 8.591523170471191,
          "acoustic_entropy_side": 8.660649299621582,
          "hz": 11833.21735289826
        },
        {
          "acoustic_entropy": 8.480013847351074,
          "acoustic_entropy_side": 8.661483764648438,
          "hz": 12943.144197493959
        },
        {
          "acoustic_entropy": 8.506492614746094,
          "acoustic_entropy_side": 8.663152694702148,
          "hz": 14151.364845322005
        },
        {
          "acoustic_entropy": 8.609223365783691,
          "acoustic_entropy_side": 8.662134170532227,
          "hz": 15466.58407886509
        },
        {
          "acoustic_entropy": 8.651073455810547,
          "acoustic_entropy_side": 8.661942481994629,
          "hz": 16898.27756580493
        },
        {
          "acoustic_entropy": 8.665717124938965,
          "acoustic_entropy_side": 8.662489891052246,
          "hz": 18456.760127700032
        },
        {
          "acoustic_entropy": 8.667503356933594,
          "acoustic_entropy_side": 8.661587715148926,
          "hz": 20153.260054456492
        },
        {
          "acoustic_entropy": 8.659233093261719,
          "acoustic_entropy_side": 8.657923698425293,
          "hz": 22000.00000000001
        }
      ],
      "diff_acoustic_entropy": 5.4931817054748535,
      "sn": 6
    },
    {
      "acoustic_entropy": 12.730677604675293,
      "acoustic_entropy_mono": 12.335131645202637,
      "band_eliminated_acoustic_entropies": [
        {
          "acoustic_entropy": 12.725610733032227,
          "acoustic_entropy_side": 12.730361938476562,
          "hz": 129.47220167065723
        },
        {
          "acoustic_entropy": 12.21580982208252,
          "acoustic_entropy_side": 12.583022117614746,
          "hz": 202.92927478742237
        },
        {
          "acoustic_entropy": 12.70333194732666,
          "acoustic_entropy_side": 12.067700386047363,
          "hz": 282.89161906338205
        },
        {
          "acoustic_entropy": 12.897710800170898,
          "acoustic_entropy_side": 12.667891502380371,
          "hz": 369.9353335868758
        },
        {
          "acoustic_entropy": 12.666587829589844,
          "acoustic_entropy_side": 12.427338600158691,
          "hz": 464.6875360973435
        },
        {
          "acoustic_entropy": 12.105582237243652,
          "acoustic_entropy_side": 12.318999290466309,
          "hz": 567.8308811364784
        },
        {
          "acoustic_entropy": 12.97913932800293,
          "acoustic_entropy_side": 12.415413856506348,
          "hz": 680.1084783214808
        },
        {
          "acoustic_entropy": 11.976984024047852,
          "acoustic_entropy_side": 12.321045875549316,
          "hz": 802.3292461747484
        },
        {
          "acoustic_entropy": 12.395835876464844,
          "acoustic_entropy_side": 12.325389862060547,
          "hz": 935.3737400823702
        },
        {
          "acoustic_entropy": 11.72289752960205,
          "acoustic_entropy_side": 12.442169189453125,
          "hz": 1080.2004963696966
        },
        {
          "acoustic_entropy": 13.077466011047363,
          "acoustic_entropy_side": 12.83198070526123,
          "hz": 1237.8529382007157
        },
        {
          "acoustic_entropy": 11.228190422058105,
          "acoustic_entropy_side": 12.074692726135254,
          "hz": 1409.4668930556702
        },
        {
          "acoustic_entropy": 12.72957992553711,
          "acoustic_entropy_side": 12.574446678161621,
          "hz": 1596.2787759475705
        },
        {
          "acoustic_entropy": 12.348932266235352,
          "acoustic_entropy_side": 12.798813819885254,
          "hz": 1799.6344973346393
        },
        {
          "acoustic_entropy": 12.796019554138184,
          "acoustic_entropy_side": 12.458609580993652,
          "hz": 2020.9991599069049
        },
        {
          "acoustic_entropy": 12.812836647033691,
          "acoustic_entropy_side": 12.37497615814209,
          "hz": 2261.9676141086993
        },
        {
          "acoustic_entropy": 12.673713684082031,
          "acoustic_entropy_side": 12.883462905883789,
          "hz": 2524.2759484456974
        },
        {
          "acoustic_entropy": 12.790863990783691,
          "acoustic_entropy_side": 12.877300262451172,
          "hz": 2809.813997359896
        },
        {
          "acoustic_entropy": 12.664949417114258,
          "acoustic_entropy_side": 12.881829261779785,
          "hz": 3120.6389567871424
        },
        {
          "acoustic_entropy": 13.138933181762695,
          "acoustic_entropy_side": 12.870224952697754,
          "hz": 3458.990205492291
        },
        {
          "acoustic_entropy": 12.234803199768066,
          "acoustic_entropy_side": 12.757670402526855,
          "hz": 3827.305438964164
        },
        {
          "acoustic_entropy": 12.23833179473877,
          "acoustic_entropy_side": 12.752687454223633,
          "hz": 4228.238232109126
        },
        {
          "acoustic_entropy": 12.536358833312988,
          "acoustic_entropy_side": 12.741097450256348,
          "hz": 4664.6771572759235
        },
        {
          "acoustic_entropy": 12.521539688110352,
          "acoustic_entropy_side": 12.717144012451172,
          "hz": 5139.766595350093
        },
        {
          "acoustic_entropy": 12.349493026733398,
          "acoustic_entropy_side": 12.722269058227539,
          "hz": 5656.929389854203
        },
        {
          "acoustic_entropy": 12.346358299255371,
          "acoustic_entropy_side": 12.720422744750977,
          "hz": 6219.891507268283
        },
        {
          "acoustic_entropy": 12.472725868225098,
          "acoustic_entropy_side": 12.721129417419434,
          "hz": 6832.70888123896
        },
        {
          "acoustic_entropy": 12.562569618225098,
          "acoustic_entropy_side": 12.719382286071777,
          "hz": 7499.796634079867
        },
        {
          "acoustic_entropy": 12.604459762573242,
          "acoustic_entropy_side": 12.713915824890137,
          "hz": 8225.96088609342
        },
        {
          "acoustic_entropy": 12.635466575622559,
          "acoustic_entropy_side": 12.710470199584961,
          "hz": 9016.43338188839
        },
        {
          "acoustic_entropy": 12.621359825134277,
          "acoustic_entropy_side": 12.708138465881348,
          "hz": 9876.909183162974
        },
        {
          "acoustic_entropy": 12.418537139892578,
          "acoustic_entropy_side": 12.70909309387207,
          "hz": 10813.587699516042
        },
        {
          "acoustic_entropy": 12.101510047912598,
          "acoustic_entropy_side": 12.700591087341309,
          "hz": 11833.21735289826
        },
        {
          "acoustic_entropy": 11.956154823303223,
          "acoustic_entropy_side": 12.697327613830566,
          "hz": 12943.144197493959
        },
        {
          "acoustic_entropy": 12.121520042419434,
          "acoustic_entropy_side": 12.676472663879395,
          "hz": 14151.364845322005
        },
        {
          "acoustic_entropy": 12.394315719604492,
          "acoustic_entropy_side": 12.691323280334473,
          "hz": 15466.58407886509
        },
        {
          "acoustic_entropy": 12.537812232971191,
          "acoustic_entropy_side": 12.694570541381836,
          "hz": 16898.27756580493
        },
        {
          "acoustic_entropy": 12.580424308776855,
          "acoustic_entropy_side": 12.693623542785645,
          "hz": 18456.760127700032
        },
        {
          "acoustic_entropy": 12.637893676757812,
          "acoustic_entropy_side": 12.704179763793945,
          "hz": 20153.260054456492
        },
        {
          "acoustic_entropy": 12.707688331604004,
          "acoustic_entropy_side": 12.723676681518555,
          "hz": 22000.00000000001
        }
      ],
      "diff_acoustic_entropy": 8.98686408996582,
      "sn": 12
    },
    {
      "acoustic_entropy": 21.2067813873291,
      "acoustic_entropy_mono": 18.62575340270996,
      "band_eliminated_acoustic_entropies": [
        {
          "acoustic_entropy": 19.086402893066406,
          "acoustic_entropy_side": 21.097322463989258,
          "hz": 129.47220167065723
        },
        {
          "acoustic_entropy": 20.590248107910156,
          "acoustic_entropy_side": 21.164501190185547,
          "hz": 202.92927478742237
        },
        {
          "acoustic_entropy": 22.269752502441406,
          "acoustic_entropy_side": 22.081375122070312,
          "hz": 282.89161906338205
        },
        {
          "acoustic_entropy": 23.237632751464844,
          "acoustic_entropy_side": 21.744096755981445,
          "hz": 369.9353335868758
        },
        {
          "acoustic_entropy": 21.889965057373047,
          "acoustic_entropy_side": 20.653133392333984,
          "hz": 464.6875360973435
        },
        {
          "acoustic_entropy": 21.01011848449707,
          "acoustic_entropy_side": 21.78063201904297,
          "hz": 567.8308811364784
        },
        {
          "acoustic_entropy": 21.66722297668457,
          "acoustic_entropy_side": 22.098159790039062,
          "hz": 680.1084783214808
        },
        {
          "acoustic_entropy": 22.46626091003418,
          "acoustic_entropy_side": 21.60222053527832,
          "hz": 802.3292461747484
        },
        {
          "acoustic_entropy": 22.622699737548828,
          "acoustic_entropy_side": 21.260648727416992,
          "hz": 935.3737400823702
        },
        {
          "acoustic_entropy": 21.573955535888672,
          "acoustic_entropy_side": 21.667224884033203,
          "hz": 1080.2004963696966
        },
        {
          "acoustic_entropy": 21.433815002441406,
          "acoustic_entropy_side": 21.9454345703125,
          "hz": 1237.8529382007157
        },
        {
          "acoustic_entropy": 21.356142044067383,
          "acoustic_entropy_side": 21.350698471069336,
          "hz": 1409.4668930556702
        },
        {
          "acoustic_entropy": 21.64902114868164,
          "acoustic_entropy_side": 21.584081649780273,
          "hz": 1596.2787759475705
        },
        {
          "acoustic_entropy": 22.151931762695312,
          "acoustic_entropy_side": 21.065330505371094,
          "hz": 1799.6344973346393
        },
        {
          "acoustic_entropy": 20.94257926940918,
          "acoustic_entropy_side": 21.333023071289062,
          "hz": 2020.9991599069049
        },
        {
          "acoustic_entropy": 21.20509147644043,
          "acoustic_entropy_side": 21.183128356933594,
          "hz": 2261.9676141086993
        },
        {
          "acoustic_entropy": 21.416095733642578,
          "acoustic_entropy_side": 21.19825553894043,
          "hz": 2524.2759484456974
        },
        {
          "acoustic_entropy": 20.61421012878418,
          "acoustic_entropy_side": 21.037282943725586,
          "hz": 2809.813997359896
        },
        {
          "acoustic_entropy": 21.087387084960938,
