{
  "acoustic_entropy": 209.68856811523438,
  "bands": [
    {
      "high_freq": 148.1999969482422,
      "loudness": -18.320619583129883,
      "loudness_range": 5.890850067138672,
      "mid_mean": -14.95767593383789,
      "mid_to_side_loudness": -13.192863464355469,
      "mid_to_side_loudness_range": 15.475592613220215,
      "side_mean": -28.932252883911133
    },
    {
      "high_freq": 392.3793640136719,
      "loudness": -20.30632972717285,
      "loudness_range": 7.038606643676758,
      "low_freq": 148.1999969482422,
      "mid_mean": -17.722564697265625,
      "mid_to_side_loudness": -6.53294038772583,
      "mid_to_side_loudness_range": 10.632721900939941,
      "side_mean": -24.223541259765625
    },
    {
      "high_freq": 794.6976318359375,
      "loudness": -20.22909927368164,
      "loudness_range": 9.471760749816895,
      "low_freq": 392.3793640136719,
      "mid_mean": -17.597429275512695,
      "mid_to_side_loudness": -6.482181549072266,
      "mid_to_side_loudness_range": 9.915311813354492,
      "side_mean": -24.135774612426758
    },
    {
      "high_freq": 1457.5709228515625,
      "loudness": -19.731218338012695,
      "loudness_range": 12.703758239746094,
      "low_freq": 794.6976318359375,
      "mid_mean": -17.260601043701172,
      "mid_to_side_loudness": -5.8347930908203125,
      "mid_to_side_loudness_range": 10.453080177307129,
      "side_mean": -23.202112197875977
    },
    {
      "high_freq": 2549.74365234375,
      "loudness": -18.797700881958008,
      "loudness_range": 11.142569541931152,
      "low_freq": 1457.5709228515625,
      "mid_mean": -16.350337982177734,
      "mid_to_side_loudness": -5.363656044006348,
      "mid_to_side_loudness_range": 9.174099922180176,
      "side_mean": -21.890512466430664
    },
    {
      "high_freq": 4349.24462890625,
      "loudness": -19.477588653564453,
      "loudness_range": 9.740560531616211,
      "low_freq": 2549.74365234375,
      "mid_mean": -17.026369094848633,
      "mid_to_side_loudness": -5.3363142013549805,
      "mid_to_side_loudness_range": 7.954787254333496,
      "side_mean": -22.561019897460938
    },
    {
      "high_freq": 7314.1640625,
      "loudness": -21.80978012084961,
      "loudness_range": 8.791213989257812,
      "low_freq": 4349.24462890625,
      "mid_mean": -18.918691635131836,
      "mid_to_side_loudness": -7.4993367195129395,
      "mid_to_side_loudness_range": 8.719654083251953,
      "side_mean": -26.54855728149414
    },
    {
      "high_freq": 12199.2666015625,
      "loudness": -24.031740188598633,
      "loudness_range": 9.402631759643555,
      "low_freq": 7314.1640625,
      "mid_mean": -21.24005699157715,
      "mid_to_side_loudness": -7.020360946655273,
      "mid_to_side_loudness_range": 7.9168701171875,
      "side_mean": -28.22907066345215
    },
    {
      "loudness": -30.16459846496582,
      "loudness_range": 7.27885627746582,
      "low_freq": 12199.2666015625,
      "mid_mean": -27.969131469726562,
      "mid_to_side_loudness": -4.703220367431641,
      "mid_to_side_loudness_range": 7.600526809692383,
      "side_mean": -32.40859603881836
    }
  ],
  "bands_short": [
    {
      "high_freq": 148.1999969482422,
      "loudness": -21.034631729125977,
      "loudness_range": 14.086211204528809,
      "mid_mean": -17.623775482177734,
      "mid_to_side_loudness": -16.67247772216797,
      "mid_to_side_loudness_range": 23.106618881225586,
      "side_mean": -35.273223876953125
    },
    {
      "high_freq": 392.3793640136719,
      "loudness": -19.600749969482422,
      "loudness_range": 9.788429260253906,
      "low_freq": 148.1999969482422,
      "mid_mean": -17.053340911865234,
      "mid_to_side_loudness": -7.000672817230225,
      "mid_to_side_loudness_range": 14.666970252990723,
      "side_mean": -24.079179763793945
    },
    {
      "high_freq": 794.6976318359375,
      "loudness": -20.7663631439209,
      "loudness_range": 11.916170120239258,
      "low_freq": 392.3793640136719,
      "mid_mean": -18.3727970123291,
      "mid_to_side_loudness": -5.994408130645752,
      "mid_to_side_loudness_range": 12.697440147399902,
      "side_mean": -24.434036254882812
    },
    {
      "high_freq": 1457.5709228515625,
      "loudness": -20.282875061035156,
      "loudness_range": 14.991311073303223,
      "low_freq": 794.6976318359375,
      "mid_mean": -18.06574058532715,
      "mid_to_side_loudness": -5.39164924621582,
      "mid_to_side_loudness_range": 13.255769729614258,
      "side_mean": -23.559310913085938
    },
    {
      "high_freq": 2549.74365234375,
      "loudness": -19.332181930541992,
      "loudness_range": 13.135408401489258,
      "low_freq": 1457.5709228515625,
      "mid_mean": -17.090656280517578,
      "mid_to_side_loudness": -5.012160778045654,
      "mid_to_side_loudness_range": 11.346270561218262,
      "side_mean": -22.276142120361328
    },
    {
      "high_freq": 4349.24462890625,
      "loudness": -19.771608352661133,
      "loudness_range": 11.2639799118042,
      "low_freq": 2549.74365234375,
      "mid_mean": -17.444530487060547,
      "mid_to_side_loudness": -5.052700996398926,
      "mid_to_side_loudness_range": 9.324716567993164,
      "side_mean": -22.689495086669922
    },
    {
      "high_freq": 7314.1640625,
      "loudness": -22.340747833251953,
      "loudness_range": 11.40226936340332,
      "low_freq": 4349.24462890625,
      "mid_mean": -19.568603515625,
      "mid_to_side_loudness": -7.148872375488281,
      "mid_to_side_loudness_range": 10.641913414001465,
      "side_mean": -26.912803649902344
    },
    {
      "high_freq": 12199.2666015625,
      "loudness": -24.861051559448242,
      "loudness_range": 12.385404586791992,
      "low_freq": 7314.1640625,
      "mid_mean": -22.098716735839844,
      "mid_to_side_loudness": -7.309933662414551,
      "mid_to_side_loudness_range": 11.187708854675293,
      "side_mean": -29.546161651611328
    },
    {
      "loudness": -32.005958557128906,
      "loudness_range": 15.732555389404297,
      "low_freq": 12199.2666015625,
      "mid_mean": -29.699199676513672,
      "mid_to_side_loudness": -5.763281345367432,
      "mid_to_side_loudness_range": 11.6274995803833,
      "side_mean": -35.25145721435547
    }
  ],
  "bandwidth": 790.394287109375,
  "channels": 2,
  "covariance": [
    [
      17.841081619262695,
      6.462174892425537,
      7.671315670013428,
      2.4857912063598633,
      1.6443737745285034,
      -0.126943439245224,
      5.117744445800781,
      3.348539113998413,
      5.165905952453613,
      4.102916717529297,
      6.202975273132324,
      5.255539417266846,
      4.904542446136475,
      2.2782881259918213,
      2.329277276992798,
      1.4874463081359863,
      0.2723780572414398,
      1.7533855438232422
    ],
    [
      6.462174892425537,
      19.23835563659668,
      8.469791412353516,
      6.651912689208984,
      2.6194510459899902,
      1.953922152519226,
      5.39075231552124,
      5.248000621795654,
      4.3315534591674805,
      4.613466262817383,
      3.498241662979126,
      6.762123107910156,
      2.5705347061157227,
      3.422649621963501,
      1.3466367721557617,
      2.0800704956054688,
      0.692753255367279,
      1.671632170677185
    ],
    [
      7.671315670013428,
      8.469791412353516,
      16.02596664428711,
      7.057656288146973,
      6.255558490753174,
      3.0292744636535645,
      6.204704761505127,
      5.685788631439209,
      6.244038105010986,
      4.864466190338135,
      4.593518257141113,
      5.441550254821777,
      3.5900425910949707,
      1.9073294401168823,
      2.2396857738494873,
      1.0492324829101562,
      1.2969170808792114,
      1.0991042852401733
    ],
    [
      2.4857912063598633,
      6.651912689208984,
      7.057656288146973,
      10.8187837600708,
      1.8472225666046143,
      0.5449675917625427,
      1.1047710180282593,
      1.0310378074645996,
      0.4626372158527374,
      -0.32706236839294434,
      -0.4097873270511627,
      0.2108757346868515,
      -0.09935369342565536,
      -1.086739182472229,
      -0.5793118476867676,
      -0.7289180159568787,
      0.2080734819173813,
      0.43684619665145874
    ],
    [
      1.6443737745285034,
      2.6194510459899902,
      6.255558490753174,
      1.8472225666046143,
      15.43458080291748,
      6.677999496459961,
      12.572157859802246,
      6.9335408210754395,
      11.09171199798584,
      6.4549031257629395,
      6.836010456085205,
      5.822590351104736,
      4.257941722869873,
      2.8779220581054688,
      3.394695997238159,
      1.8103724718093872,
      1.605080008506775,
      -0.49110785126686096
    ],
    [
      -0.126943439245224,
      1.953922152519226,
      3.0292744636535645,
      0.5449675917625427,
      6.677999496459961,
      10.475102424621582,
      6.629255771636963,
      8.67117691040039,
      7.406058311462402,
      9.673213005065918,
      5.684390544891357,
      9.22584342956543,
      4.356846809387207,
      7.226808071136475,
      4.328662395477295,
      5.196810722351074,
      2.772387742996216,
      2.0697970390319824
    ],
    [
      5.117744445800781,
      5.39075231552124,
      6.204704761505127,
      1.1047710180282593,
      12.572157859802246,
      6.629255771636963,
      26.3846378326416,
      13.396002769470215,
      18.119619369506836,
      12.556212425231934,
      11.135544776916504,
      12.566873550415039,
      7.764856338500977,
      7.91500186920166,
      6.20602560043335,
      6.206724166870117,
      3.695936918258667,
      3.5898187160491943
    ],
    [
      3.348539113998413,
      5.248000621795654,
      5.685788631439209,
      1.0310378074645996,
      6.9335408210754395,
      8.67117691040039,
      13.396002769470215,
      16.264690399169922,
      11.610504150390625,
      15.494364738464355,
      9.050946235656738,
      15.197249412536621,
      7.465672016143799,
      12.26658821105957,
      6.602664947509766,
      9.1217041015625,
      4.558689117431641,
      5.360842227935791
    ],
    [
      5.165905952453613,
      4.3315534591674805,
      6.244038105010986,
      0.4626372158527374,
      11.09171199798584,
      7.406058311462402,
      18.119619369506836,
      11.610504150390625,
      22.221946716308594,
      13.940228462219238,
      14.270537376403809,
      13.969493865966797,
      9.365328788757324,
      9.185026168823242,
      7.189657688140869,
      6.512731552124023,
      3.601813316345215,
      2.124485969543457
    ],
    [
      4.102916717529297,
      4.613466262817383,
      4.864466190338135,
      -0.32706236839294434,
      6.4549031257629395,
      9.673213005065918,
      12.556212425231934,
      15.494364738464355,
      13.940228462219238,
      19.6822566986084,
      11.807537078857422,
      18.3255672454834,
      9.263729095458984,
      14.542610168457031,
      8.047945976257324,
      10.279655456542969,
      4.485656261444092,
      4.824528694152832
    ],
    [
      6.202975273132324,
      3.498241662979126,
      4.593518257141113,
      -0.4097873270511627,
      6.836010456085205,
      5.684390544891357,
      11.135544776916504,
      9.050946235656738,
      14.270537376403809,
      11.807537078857422,
      16.226165771484375,
      13.985162734985352,
      11.23622989654541,
      10.849686622619629,
      8.723726272583008,
      7.262076377868652,
      3.5440032482147217,
      1.8825981616973877
    ],
    [
      5.255539417266846,
      6.762123107910156,
      5.441550254821777,
      0.2108757346868515,
      5.822590351104736,
      9.22584342956543,
      12.566873550415039,
      15.197249412536621,
      13.969493865966797,
      18.3255672454834,
      13.985162734985352,
      24.216524124145508,
      11.179237365722656,
      18.6693058013916,
      9.558854103088379,
      12.45101547241211,
      5.344654083251953,
      5.943331241607666
    ],
    [
      4.904542446136475,
      2.5705347061157227,
      3.5900425910949707,
      -0.09935369342565536,
      4.257941722869873,
      4.356846809387207,
      7.764856338500977,
      7.465672016143799,
      9.365328788757324,
      9.263729095458984,
      11.23622989654541,
      11.179237365722656,
      12.88155460357666,
      11.114977836608887,
      10.812265396118164,
      8.113510131835938,
      5.259968280792236,
      2.821075677871704
    ],
    [
      2.2782881259918213,
      3.422649621963501,
      1.9073294401168823,
      -1.086739182472229,
      2.8779220581054688,
      7.226808071136475,
      7.91500186920166,
      12.26658821105957,
      9.185026168823242,
      14.542610168457031,
      10.849686622619629,
      18.6693058013916,
      11.114977836608887,
      21.230119705200195,
      10.579885482788086,
      15.285172462463379,
      7.143434047698975,
      9.3928804397583
    ],
    [
      2.329277276992798,
      1.3466367721557617,
      2.2396857738494873,
      -0.5793118476867676,
      3.394695997238159,
      4.328662395477295,
      6.20602560043335,
      6.602664947509766,
      7.189657688140869,
      8.047945976257324,
      8.723726272583008,
      9.558854103088379,
      10.812265396118164,
      10.579885482788086,
      13.02873420715332,
      9.670882225036621,
      7.947386264801025,
      4.984326362609863
    ],
    [
      1.4874463081359863,
      2.0800704956054688,
      1.0492324829101562,
      -0.7289180159568787,
      1.8103724718093872,
      5.196810722351074,
      6.206724166870117,
      9.1217041015625,
      6.512731552124023,
      10.279655456542969,
      7.262076377868652,
      12.45101547241211,
      8.113510131835938,
      15.285172462463379,
      9.670882225036621,
      18.77577781677246,
      8.599225044250488,
      14.662636756896973
    ],
    [
      0.2723780572414398,
      0.692753255367279,
      1.2969170808792114,
      0.2080734819173813,
      1.605080008506775,
      2.772387742996216,
      3.695936918258667,
      4.558689117431641,
      3.601813316345215,
      4.485656261444092,
      3.5440032482147217,
      5.344654083251953,
      5.259968280792236,
      7.143434047698975,
      7.947386264801025,
      8.599225044250488,
      9.749275207519531,
      9.52309799194336
    ],
    [
      1.7533855438232422,
      1.671632170677185,
      1.0991042852401733,
      0.43684619665145874,
      -0.49110785126686096,
      2.0697970390319824,
      3.5898187160491943,
      5.360842227935791,
      2.124485969543457,
      4.824528694152832,
      1.8825981616973877,
      5.943331241607666,
      2.821075677871704,
      9.3928804397583,
      4.984326362609863,
      14.662636756896973,
      9.52309799194336,
      23.08094596862793
    ]
  ],
  "covariance_short": [
    [
      33.64506149291992,
      6.11411714553833,
      9.843040466308594,
      2.946472644805908,
      1.3166930675506592,
      -0.3341100215911865,
      5.410186290740967,
      3.6141769886016846,
      5.9504714012146,
      4.462909698486328,
      7.114280700683594,
      6.312837600708008,
      4.369649887084961,
      3.7621231079101562,
      0.608181893825531,
      1.084238886833191,
      -3.3350939750671387,
      -1.1422680616378784
    ],
    [
      6.11411714553833,
      29.109556198120117,
      4.479650974273682,
      7.0822577476501465,
      0.9717415571212769,
      1.8884731531143188,
      2.4011311531066895,
      2.6093034744262695,
      2.2557835578918457,
      2.281468152999878,
      1.566947340965271,
      3.624779224395752,
      0.7006718516349792,
      1.396224021911621,
      -0.24240423738956451,
      0.5508177280426025,
      -1.6493421792984009,
      -1.0187019109725952
    ],
    [
      9.843040466308594,
      4.479650974273682,
      23.217937469482422,
      8.076629638671875,
      6.775526523590088,
      2.9250073432922363,
      7.656439304351807,
      5.85428524017334,
      7.505346298217773,
      4.933326244354248,
      6.278756618499756,
      5.911033630371094,
      5.412843227386475,
      2.9053432941436768,
      3.555196523666382,
      1.9002041816711426,
      2.6767406463623047,
      1.5743337869644165
    ],
    [
      2.946472644805908,
      7.0822577476501465,
      8.076629638671875,
      17.590057373046875,
      2.4828977584838867,
      1.8676775693893433,
      2.2421669960021973,
      1.9571772813796997,
      1.4268798828125,
      0.5503242015838623,
      0.624367892742157,
      1.3687317371368408,
      0.7451415061950684,
      -0.50883549451828,
      0.00123474164865911,
      -1.898026704788208,
      -0.13532255589962006,
      -2.0360183715820312
    ],
    [
      1.3166930675506592,
      0.9717415571212769,
      6.775526523590088,
      2.4828977584838867,
      23.406248092651367,
      8.773574829101562,
      15.872591972351074,
      9.039359092712402,
      14.744884490966797,
      8.963197708129883,
      10.38157844543457,
      7.977256774902344,
      7.600330829620361,
      5.276165962219238,
      6.23556661605835,
      5.048688888549805,
      4.9542365074157715,
      3.168107271194458
    ],
    [
      -0.3341100215911865,
      1.8884731531143188,
      2.9250073432922363,
      1.8676775693893433,
      8.773574829101562,
      15.104201316833496,
      8.718938827514648,
      9.933791160583496,
      9.1422119140625,
      11.12937068939209,
      7.397549629211426,
      10.41451644897461,
      6.015021800994873,
      8.257463455200195,
      5.843867778778076,
      7.782705307006836,
      5.450617790222168,
      5.80792760848999
    ],
    [
      5.410186290740967,
      2.4011311531066895,
      7.656439304351807,
      2.2421669960021973,
      15.872591972351074,
      8.718938827514648,
      35.53357696533203,
      16.326251983642578,
      23.301044464111328,
      15.190114974975586,
      15.253935813903809,
      14.20018196105957,
      11.761836051940918,
      10.264966011047363,
      9.15800666809082,
      9.40973949432373,
      7.414266109466553,
      6.854433536529541
    ],
    [
      3.6141769886016846,
      2.6093034744262695,
      5.85428524017334,
      1.9571772813796997,
      9.039359092712402,
      9.933791160583496,
      16.326251983642578,
      20.825910568237305,
      14.169474601745605,
      17.209638595581055,
      11.276408195495605,
      16.3719425201416,
      9.787748336791992,
      13.093957901000977,
      8.575861930847168,
      11.778438568115234,
      7.924990177154541,
      9.035242080688477
    ],
    [
      5.9504714012146,
      2.2557835578918457,
      7.505346298217773,
      1.4268798828125,
      14.744884490966797,
      9.1422119140625,
      23.301044464111328,
      14.169474601745605,
      30.151975631713867,
      17.139558792114258,
      18.90842056274414,
      16.548683166503906,
      13.74402904510498,
      12.106582641601562,
      10.646551132202148,
      10.5391845703125,
      7.663125038146973,
      6.452301025390625
    ],
    [
      4.462909698486328,
      2.281468152999878,
      4.933326244354248,
      0.5503242015838623,
      8.963197708129883,
      11.12937068939209,
      15.190114974975586,
      17.209638595581055,
      17.139558792114258,
      23.92403793334961,
      14.383870124816895,
      20.655349731445312,
      12.12489128112793,
      16.601015090942383,
      10.59748649597168,
      14.135324478149414,
      9.026473045349121,
      10.211925506591797
    ],
    [
      7.114280700683594,
      1.566947340965271,
      6.278756618499756,
      0.624367892742157,
      10.38157844543457,
      7.397549629211426,
      15.253935813903809,
      11.276408195495605,
      18.90842056274414,
      14.383870124816895,
      22.491750717163086,
      16.986906051635742,
      16.567535400390625,
      13.883848190307617,
      13.263614654541016,
      11.579431533813477,
      8.53799057006836,
      6.178257465362549
    ],
    [
      6.312837600708008,
      3.624779224395752,
      5.911033630371094,
      1.3687317371368408,
      7.977256774902344,
      10.41451644897461,
      14.20018196105957,
      16.3719425201416,
      16.548683166503906,
      20.655349731445312,
      16.986906051635742,
      27.375165939331055,
      14.414151191711426,
      20.438125610351562,
      12.020864486694336,
      15.219157218933105,
      9.289719581604004,
      9.818075180053711
    ],
    [
      4.369649887084961,
      0.7006718516349792,
      5.412843227386475,
      0.7451415061950684,
      7.600330829620361,
      6.015021800994873,
      11.761836051940918,
      9.787748336791992,
      13.74402904510498,
      12.12489128112793,
      16.567535400390625,
      14.414151191711426,
      22.22710418701172,
      15.787690162658691,
      19.658178329467773,
      15.609994888305664,
      15.44739818572998,
      11.153617858886719
    ],
    [
      3.7621231079101562,
      1.396224021911621,
      2.9053432941436768,
      -0.50883549451828,
      5.276165962219238,
      8.257463455200195,
      10.264966011047363,
      13.093957901000977,
      12.106582641601562,
      16.601015090942383,
      13.883848190307617,
      20.438125610351562,
      15.787690162658691,
      25.740230560302734,
      15.295185089111328,
      21.97389030456543,
      14.336015701293945,
      18.74525260925293
    ],
    [
      0.608181893825531,
      -0.24240423738956451,
      3.555196523666382,
      0.00123474164865911,
      6.23556661605835,
      5.843867778778076,
      9.15800666809082,
      8.575861930847168,
      10.646551132202148,
      10.59748649597168,
      13.263614654541016,
      12.020864486694336,
      19.658178329467773,
      15.295185089111328,
      24.782611846923828,
      19.945592880249023,
      22.085521697998047,
      17.73576545715332
    ],
    [
      1.084238886833191,
      0.5508177280426025,
      1.9002041816711426,
      -1.898026704788208,
      5.048688888549805,
      7.782705307006836,
      9.40973949432373,
      11.778438568115234,
      10.5391845703125,
      14.135324478149414,
      11.579431533813477,
      15.219157218933105,
      15.609994888305664,
      21.97389030456543,
      19.945592880249023,
      35.652008056640625,
      24.130460739135742,
      36.36102294921875
    ],
    [
      -3.3350939750671387,
      -1.6493421792984009,
      2.6767406463623047,
      -0.13532255589962006,
      4.9542365074157715,
      5.450617790222168,
      7.414266109466553,
      7.924990177154541,
      7.663125038146973,
      9.026473045349121,
      8.53799057006836,
      9.289719581604004,
      15.44739818572998,
      14.336015701293945,
      22.085521697998047,
      24.130460739135742,
      32.964439392089844,
      31.35720443725586
    ],
    [
      -1.1422680616378784,
      -1.0187019109725952,
      1.5743337869644165,
      -2.0360183715820312,
      3.168107271194458,
      5.80792760848999,
      6.854433536529541,
      9.035242080688477,
      6.452301025390625,
      10.211925506591797,
      6.178257465362549,
      9.818075180053711,
      11.153617858886719,
      18.74525260925293,
      17.73576545715332,
      36.36102294921875,
      31.35720443725586,
      55.22785949707031
    ]
  ],
  "damage": -5.044171333312988,
  "diff_bandwidth": 753.1918334960938,
  "dissonance": 10.74956084583198,
  "drr": 5.856650352478027,
  "dynamics": 2.2878692150115967,
  "format": 1245190,
  "frames": 13584320,
  "loudness": -7.039459228515625,
  "loudness_range": 5.357713222503662,
  "loudness_range_short": 6.932805061340332,
  "lowpass_true_peak_15khz": 0.9382416605949402,
  "mastering3_acoustic_entropies": [
    {
      "acoustic_entropy": 5.285998344421387,
      "acoustic_entropy_mono": 5.11764669418335,
      "band_eliminated_acoustic_entropies": [
        {
          "acoustic_entropy": 5.019394874572754,
          "acoustic_entropy_side": 5.285730361938477,
          "hz": 129.47220167065723
        },
        {
          "acoustic_entropy": 4.995709419250488,
          "acoustic_entropy_side": 5.259217739105225,
          "hz": 202.92927478742237
        },
        {
          "acoustic_entropy": 4.929457187652588,
          "acoustic_entropy_side": 5.227776050567627,
          "hz": 282.89161906338205
        },
        {
          "acoustic_entropy": 5.035150051116943,
          "acoustic_entropy_side": 5.280472278594971,
          "hz": 369.9353335868758
        },
        {
          "acoustic_entropy": 5.448031425476074,
          "acoustic_entropy_side": 5.282466888427734,
          "hz": 464.6875360973435
        },
        {
          "acoustic_entropy": 5.162364482879639,
          "acoustic_entropy_side": 5.215586185455322,
          "hz": 567.8308811364784
        },
        {
          "acoustic_entropy": 5.122690200805664,
          "acoustic_entropy_side": 5.199685096740723,
          "hz": 680.1084783214808
        },
        {
          "acoustic_entropy": 5.315234184265137,
          "acoustic_entropy_side": 5.343960285186768,
          "hz": 802.3292461747484
        },
        {
          "acoustic_entropy": 5.42079496383667,
          "acoustic_entropy_side": 5.397380828857422,
          "hz": 935.3737400823702
        },
        {
          "acoustic_entropy": 5.339503765106201,
          "acoustic_entropy_side": 5.152108669281006,
          "hz": 1080.2004963696966
        },
        {
          "acoustic_entropy": 5.251670837402344,
          "acoustic_entropy_side": 5.230694770812988,
          "hz": 1237.8529382007157
        },
        {
          "acoustic_entropy": 5.470578670501709,
          "acoustic_entropy_side": 5.2952165603637695,
          "hz": 1409.4668930556702
        },
        {
          "acoustic_entropy": 5.516469478607178,
          "acoustic_entropy_side": 5.154703617095947,
          "hz": 1596.2787759475705
        },
        {
          "acoustic_entropy": 5.255061149597168,
          "acoustic_entropy_side": 5.321263790130615,
          "hz": 1799.6344973346393
        },
        {
          "acoustic_entropy": 5.467744827270508,
          "acoustic_entropy_side": 5.289669036865234,
          "hz": 2020.9991599069049
        },
        {
          "acoustic_entropy": 4.966123580932617,
          "acoustic_entropy_side": 5.300751209259033,
          "hz": 2261.9676141086993
        },
        {
          "acoustic_entropy": 5.189566135406494,
          "acoustic_entropy_side": 5.2968339920043945,
          "hz": 2524.2759484456974
        },
        {
          "acoustic_entropy": 5.251359462738037,
          "acoustic_entropy_side": 5.299847602844238,
          "hz": 2809.813997359896
        },
        {
          "acoustic_entropy": 5.270525932312012,
          "acoustic_entropy_side": 5.270069122314453,
          "hz": 3120.6389567871424
        },
        {
          "acoustic_entropy": 5.2956390380859375,
          "acoustic_entropy_side": 5.282713890075684,
          "hz": 3458.990205492291
        },
        {
          "acoustic_entropy": 5.318079948425293,
          "acoustic_entropy_side": 5.28427791595459,
          "hz": 3827.305438964164
        },
        {
          "acoustic_entropy": 5.313750267028809,
          "acoustic_entropy_side": 5.245880603790283,
          "hz": 4228.238232109126
        },
        {
          "acoustic_entropy": 5.283527374267578,
          "acoustic_entropy_side": 5.258221626281738,
          "hz": 4664.6771572759235
        },
        {
          "acoustic_entropy": 5.294178485870361,
          "acoustic_entropy_side": 5.263359069824219,
          "hz": 5139.766595350093
        },
        {
          "acoustic_entropy": 5.296494483947754,
          "acoustic_entropy_side": 5.281035900115967,
          "hz": 5656.929389854203
        },
        {
          "acoustic_entropy": 5.340213775634766,
          "acoustic_entropy_side": 5.283943176269531,
          "hz": 6219.891507268283
        },
        {
          "acoustic_entropy": 5.353776454925537,
          "acoustic_entropy_side": 5.287570953369141,
          "hz": 6832.70888123896
        },
        {
          "acoustic_entropy": 5.234766960144043,
          "acoustic_entropy_side": 5.262063503265381,
          "hz": 7499.796634079867
        },
        {
          "acoustic_entropy": 5.207408428192139,
          "acoustic_entropy_side": 5.253997325897217,
          "hz": 8225.96088609342
        },
        {
          "acoustic_entropy": 5.179873943328857,
          "acoustic_entropy_side": 5.2539591789245605,
          "hz": 9016.43338188839
        },
        {
          "acoustic_entropy": 5.163698673248291,
          "acoustic_entropy_side": 5.256616592407227,
          "hz": 9876.909183162974
        },
        {
          "acoustic_entropy": 5.2095441818237305,
          "acoustic_entropy_side": 5.271650314331055,
          "hz": 10813.587699516042
        },
        {
          "acoustic_entropy": 5.26150369644165,
          "acoustic_entropy_side": 5.267298221588135,
          "hz": 11833.21735289826
        },
        {
          "acoustic_entropy": 5.250442981719971,
          "acoustic_entropy_side": 5.264493465423584,
          "hz": 12943.144197493959
        },
        {
          "acoustic_entropy": 5.2094197273254395,
          "acoustic_entropy_side": 5.237447738647461,
          "hz": 14151.364845322005
        },
        {
          "acoustic_entropy": 5.1987762451171875,
          "acoustic_entropy_side": 5.24579381942749,
          "hz": 15466.58407886509
        },
        {
          "acoustic_entropy": 5.2592034339904785,
          "acoustic_entropy_side": 5.269890785217285,
          "hz": 16898.27756580493
        },
        {
          "acoustic_entropy": 5.272897243499756,
          "acoustic_entropy_side": 5.275925636291504,
          "hz": 18456.760127700032
        },
        {
          "acoustic_entropy": 5.292505264282227,
          "acoustic_entropy_side": 5.285348892211914,
          "hz": 20153.260054456492
        },
        {
          "acoustic_entropy": 5.287948131561279,
          "acoustic_entropy_side": 5.286431312561035,
          "hz": 22000.00000000001
        }
      ],
      "diff_acoustic_entropy": 4.85794734954834,
      "sn": 6
    },
    {
      "acoustic_entropy": 9.151153564453125,
      "acoustic_entropy_mono": 8.697306632995605,
      "band_eliminated_acoustic_entropies": [
        {
          "acoustic_entropy": 9.422802925109863,
          "acoustic_entropy_side": 9.150298118591309,
          "hz": 129.47220167065723
        },
        {
          "acoustic_entropy": 9.297900199890137,
          "acoustic_entropy_side": 9.125838279724121,
          "hz": 202.92927478742237
        },
        {
          "acoustic_entropy": 9.512475967407227,
          "acoustic_entropy_side": 9.162035942077637,
          "hz": 282.89161906338205
        },
        {
          "acoustic_entropy": 9.18217658996582,
          "acoustic_entropy_side": 9.12571907043457,
          "hz": 369.9353335868758
        },
        {
          "acoustic_entropy": 9.975686073303223,
          "acoustic_entropy_side": 9.054803848266602,
          "hz": 464.6875360973435
        },
        {
          "acoustic_entropy": 9.79703426361084,
          "acoustic_entropy_side": 9.364810943603516,
          "hz": 567.8308811364784
        },
        {
          "acoustic_entropy": 9.36649227142334,
          "acoustic_entropy_side": 9.401869773864746,
          "hz": 680.1084783214808
        },
        {
          "acoustic_entropy": 9.18212890625,
          "acoustic_entropy_side": 9.213675498962402,
          "hz": 802.3292461747484
        },
        {
          "acoustic_entropy": 9.079981803894043,
          "acoustic_entropy_side": 8.808574676513672,
          "hz": 935.3737400823702
        },
        {
          "acoustic_entropy": 9.161364555358887,
          "acoustic_entropy_side": 8.77298355102539,
          "hz": 1080.2004963696966
        },
        {
          "acoustic_entropy": 8.897485733032227,
          "acoustic_entropy_side": 9.311342239379883,
          "hz": 1237.8529382007157
        },
        {
          "acoustic_entropy": 9.180606842041016,
          "acoustic_entropy_side": 9.242569923400879,
          "hz": 1409.4668930556702
        },
        {
          "acoustic_entropy": 9.668290138244629,
          "acoustic_entropy_side": 9.04274845123291,
          "hz": 1596.2787759475705
        },
        {
          "acoustic_entropy": 9.31078052520752,
          "acoustic_entropy_side": 9.050172805786133,
          "hz": 1799.6344973346393
        },
        {
          "acoustic_entropy": 9.590901374816895,
          "acoustic_entropy_side": 9.217976570129395,
          "hz": 2020.9991599069049
        },
        {
          "acoustic_entropy": 9.3067626953125,
          "acoustic_entropy_side": 9.007369995117188,
          "hz": 2261.9676141086993
        },
        {
          "acoustic_entropy": 9.036787986755371,
          "acoustic_entropy_side": 8.918527603149414,
          "hz": 2524.2759484456974
        },
        {
          "acoustic_entropy": 8.800436019897461,
          "acoustic_entropy_side": 8.895896911621094,
          "hz": 2809.813997359896
        },
        {
          "acoustic_entropy": 9.420551300048828,
          "acoustic_entropy_side": 8.993440628051758,
          "hz": 3120.6389567871424
        },
        {
          "acoustic_entropy": 9.136255264282227,
          "acoustic_entropy_side": 9.010405540466309,
          "hz": 3458.990205492291
        },
        {
          "acoustic_entropy": 9.009455680847168,
          "acoustic_entropy_side": 9.014361381530762,
          "hz": 3827.305438964164
        },
        {
          "acoustic_entropy": 9.245206832885742,
          "acoustic_entropy_side": 9.166028022766113,
          "hz": 4228.238232109126
        },
        {
          "acoustic_entropy": 9.201852798461914,
          "acoustic_entropy_side": 9.165196418762207,
          "hz": 4664.6771572759235
        },
        {
          "acoustic_entropy": 9.114729881286621,
          "acoustic_entropy_side": 9.106833457946777,
          "hz": 5139.766595350093
        },
        {
          "acoustic_entropy": 9.349804878234863,
          "acoustic_entropy_side": 9.136248588562012,
          "hz": 5656.929389854203
        },
        {
          "acoustic_entropy": 9.535918235778809,
          "acoustic_entropy_side": 9.2505464553833,
          "hz": 6219.891507268283
        },
        {
          "acoustic_entropy": 9.421675682067871,
          "acoustic_entropy_side": 9.208173751831055,
          "hz": 6832.70888123896
        },
        {
          "acoustic_entropy": 9.110623359680176,
          "acoustic_entropy_side": 9.199565887451172,
          "hz": 7499.796634079867
        },
        {
          "acoustic_entropy": 9.138261795043945,
          "acoustic_entropy_side": 9.214126586914062,
          "hz": 8225.96088609342
        },
        {
          "acoustic_entropy": 9.097291946411133,
          "acoustic_entropy_side": 9.174651145935059,
          "hz": 9016.43338188839
        },
        {
          "acoustic_entropy": 9.006439208984375,
          "acoustic_entropy_side": 9.153276443481445,
          "hz": 9876.909183162974
        },
        {
          "acoustic_entropy": 8.948718070983887,
          "acoustic_entropy_side": 9.145771026611328,
          "hz": 10813.587699516042
        },
        {
          "acoustic_entropy": 8.881869316101074,
          "acoustic_entropy_side": 9.145291328430176,
          "hz": 11833.21735289826
        },
        {
          "acoustic_entropy": 8.930229187011719,
          "acoustic_entropy_side": 9.140246391296387,
          "hz": 12943.144197493959
        },
        {
          "acoustic_entropy": 9.039840698242188,
          "acoustic_entropy_side": 9.107780456542969,
          "hz": 14151.364845322005
        },
        {
          "acoustic_entropy": 9.130358695983887,
          "acoustic_entropy_side": 9.094963073730469,
          "hz": 15466.58407886509
        },
        {
          "acoustic_entropy": 9.139915466308594,
          "acoustic_entropy_side": 9.124844551086426,
          "hz": 16898.27756580493
        },
        {
          "acoustic_entropy": 9.119144439697266,
          "acoustic_entropy_side": 9.117960929870605,
          "hz": 18456.760127700032
        },
        {
          "acoustic_entropy": 9.169926643371582,
          "acoustic_entropy_side": 9.139339447021484,
          "hz": 20153.260054456492
        },
        {
          "acoustic_entropy": 9.149811744689941,
          "acoustic_entropy_side": 9.148337364196777,
          "hz": 22000.00000000001
        }
      ],
      "diff_acoustic_entropy": 7.979156494140625,
      "sn": 12
    },
    {
      "acoustic_entropy": 14.621045112609863,
      "acoustic_entropy_mono": 12.584328651428223,
      "band_eliminated_acoustic_entropies": [
        {
          "acoustic_entropy": 14.06529712677002,
          "acoustic_entropy_side": 14.640460014343262,
          "hz": 129.47220167065723
        },
        {
          "acoustic_entropy": 15.039999008178711,
          "acoustic_entropy_side": 14.592283248901367,
          "hz": 202.92927478742237
        },
        {
          "acoustic_entropy": 14.991880416870117,
          "acoustic_entropy_side": 15.191583633422852,
          "hz": 282.89161906338205
        },
        {
          "acoustic_entropy": 14.928299903869629,
          "acoustic_entropy_side": 14.777864456176758,
          "hz": 369.9353335868758
        },
        {
          "acoustic_entropy": 14.204367637634277,
          "acoustic_entropy_side": 14.591919898986816,
          "hz": 464.6875360973435
        },
        {
          "acoustic_entropy": 14.866650581359863,
          "acoustic_entropy_side": 14.25306510925293,
          "hz": 567.8308811364784
        },
        {
          "acoustic_entropy": 14.616037368774414,
          "acoustic_entropy_side": 14.510307312011719,
          "hz": 680.1084783214808
        },
        {
          "acoustic_entropy": 14.75680923461914,
          "acoustic_entropy_side": 14.434429168701172,
          "hz": 802.3292461747484
        },
        {
          "acoustic_entropy": 14.99138069152832,
          "acoustic_entropy_side": 14.96290397644043,
          "hz": 935.3737400823702
        },
        {
          "acoustic_entropy": 14.881343841552734,
          "acoustic_entropy_side": 14.317046165466309,
          "hz": 1080.2004963696966
        },
        {
          "acoustic_entropy": 14.501707077026367,
          "acoustic_entropy_side": 14.333738327026367,
          "hz": 1237.8529382007157
        },
        {
          "acoustic_entropy": 14.838143348693848,
          "acoustic_entropy_side": 14.719547271728516,
          "hz": 1409.4668930556702
        },
        {
          "acoustic_entropy": 14.316762924194336,
          "acoustic_entropy_side": 14.020060539245605,
          "hz": 1596.2787759475705
        },
        {
          "acoustic_entropy": 14.669617652893066,
          "acoustic_entropy_side": 14.650075912475586,
          "hz": 1799.6344973346393
        },
        {
          "acoustic_entropy": 14.680388450622559,
          "acoustic_entropy_side": 14.407940864562988,
          "hz": 2020.9991599069049
        },
        {
          "acoustic_entropy": 14.381265640258789,
          "acoustic_entropy_side": 14.60213565826416,
          "hz": 2261.9676141086993
        },
        {
          "acoustic_entropy": 14.460200309753418,
          "acoustic_entropy_side": 14.406815528869629,
          "hz": 2524.2759484456974
        },
        {
          "acoustic_entropy": 14.683063507080078,
          "acoustic_entropy_side": 14.62813949584961,
          "hz": 2809.813997359896
        },
        {
          "acoustic_entropy": 14.374530792236328,
          "acoustic_entropy_side": 14.392553329467773,
          "hz": 3120.6389567871424
        },
