{
  "acoustic_entropy": 41.85505676269531,
  "bands": [
    {
      "high_freq": 148.1999969482422,
      "loudness": -17.93149757385254,
      "loudness_range": 7.363482475280762,
      "mid_mean": -51.6777229309082,
      "mid_to_side_loudness": -32.701622009277344,
      "mid_to_side_loudness_range": 57.986541748046875,
      "side_mean": -70
    },
    {
      "high_freq": 392.3793640136719,
      "loudness": -21.282011032104492,
      "loudness_range": 9.600969314575195,
      "low_freq": 148.1999969482422,
      "mid_mean": -52.85737991333008,
      "mid_to_side_loudness": -27.86655616760254,
      "mid_to_side_loudness_range": 49.32423400878906,
      "side_mean": -70
    },
    {
      "high_freq": 794.6976318359375,
      "loudness": -38.91374969482422,
      "loudness_range": 18.274232864379883,
      "low_freq": 392.3793640136719,
      "mid_mean": -51.205955505371094,
      "mid_to_side_loudness": -34.17387390136719,
      "mid_to_side_loudness_range": 61.819679260253906,
      "side_mean": -69.99998474121094
    },
    {
      "high_freq": 1457.5709228515625,
      "loudness": -47.37757110595703,
      "loudness_range": 13.997749328613281,
      "low_freq": 794.6976318359375,
      "mid_mean": -56.53169250488281,
      "mid_to_side_loudness": -38.050445556640625,
      "mid_to_side_loudness_range": 59.54355239868164,
      "side_mean": -69.9999771118164
    },
    {
      "high_freq": 2549.74365234375,
      "loudness": -46.71230697631836,
      "loudness_range": 21.607975006103516,
      "low_freq": 1457.5709228515625,
      "mid_mean": -54.76390075683594,
      "mid_to_side_loudness": -40.02316665649414,
      "mid_to_side_loudness_range": 66.59896087646484,
      "side_mean": -69.9998779296875
    },
    {
      "high_freq": 4349.24462890625,
      "loudness": -47.13036346435547,
      "loudness_range": 15.818614959716797,
      "low_freq": 2549.74365234375,
      "mid_mean": -56.122459411621094,
      "mid_to_side_loudness": -37.575958251953125,
      "mid_to_side_loudness_range": 57.18190383911133,
      "side_mean": -69.99986267089844
    },
    {
      "high_freq": 7314.1640625,
      "loudness": -48.59838104248047,
      "loudness_range": 21.601253509521484,
      "low_freq": 4349.24462890625,
      "mid_mean": -56.82831573486328,
      "mid_to_side_loudness": -36.52696990966797,
      "mid_to_side_loudness_range": 58.09063720703125,
      "side_mean": -69.9997329711914
    },
    {
      "high_freq": 12199.2666015625,
      "loudness": -48.6325798034668,
      "loudness_range": 29.423320770263672,
      "low_freq": 7314.1640625,
      "mid_mean": -60.14665985107422,
      "mid_to_side_loudness": -23.838783264160156,
      "mid_to_side_loudness_range": 38.75697326660156,
      "side_mean": -69.99494934082031
    },
    {
      "loudness": -46.86183547973633,
      "loudness_range": 13.157001495361328,
      "low_freq": 12199.2666015625,
      "mid_mean": -62.840972900390625,
      "mid_to_side_loudness": -8.443025588989258,
      "mid_to_side_loudness_range": 25.948373794555664,
      "side_mean": -69.98218536376953
    }
  ],
  "bands_short": [
    {
      "high_freq": 148.1999969482422,
      "loudness": -22.688880920410156,
      "loudness_range": 19.739463806152344,
      "mid_mean": -54.49570846557617,
      "mid_to_side_loudness": -26.892202377319336,
      "mid_to_side_loudness_range": 67.00244140625,
      "side_mean": -70
    },
    {
      "high_freq": 392.3793640136719,
      "loudness": -19.892065048217773,
      "loudness_range": 16.289264678955078,
      "low_freq": 148.1999969482422,
      "mid_mean": -53.759464263916016,
      "mid_to_side_loudness": -17.27277946472168,
      "mid_to_side_loudness_range": 53.42258834838867,
      "side_mean": -69.99999237060547
    },
    {
      "high_freq": 794.6976318359375,
      "loudness": -38.59700012207031,
      "loudness_range": 24.804880142211914,
      "low_freq": 392.3793640136719,
      "mid_mean": -55.86162567138672,
      "mid_to_side_loudness": -22.775726318359375,
      "mid_to_side_loudness_range": 56.88884735107422,
      "side_mean": -69.99998474121094
    },
    {
      "high_freq": 1457.5709228515625,
      "loudness": -48.14812469482422,
      "loudness_range": 28.312225341796875,
      "low_freq": 794.6976318359375,
      "mid_mean": -60.49359893798828,
      "mid_to_side_loudness": -24.96063995361328,
      "mid_to_side_loudness_range": 54.36007308959961,
      "side_mean": -69.9999771118164
    },
    {
      "high_freq": 2549.74365234375,
      "loudness": -50.77592468261719,
      "loudness_range": 33.74128723144531,
      "low_freq": 1457.5709228515625,
      "mid_mean": -60.712608337402344,
      "mid_to_side_loudness": -25.669055938720703,
      "mid_to_side_loudness_range": 60.64945602416992,
      "side_mean": -69.9998779296875
    },
    {
      "high_freq": 4349.24462890625,
      "loudness": -53.02672576904297,
      "loudness_range": 34.722904205322266,
      "low_freq": 2549.74365234375,
      "mid_mean": -63.06037521362305,
      "mid_to_side_loudness": -28.929473876953125,
      "mid_to_side_loudness_range": 57.11145782470703,
      "side_mean": -69.99987030029297
    },
    {
      "high_freq": 7314.1640625,
      "loudness": -56.16032791137695,
      "loudness_range": 38.990699768066406,
      "low_freq": 4349.24462890625,
      "mid_mean": -64.34048461914062,
      "mid_to_side_loudness": -25.669382095336914,
      "mid_to_side_loudness_range": 44.70655059814453,
      "side_mean": -69.99972534179688
    },
    {
      "high_freq": 12199.2666015625,
      "loudness": -56.66646957397461,
      "loudness_range": 43.54486083984375,
      "low_freq": 7314.1640625,
      "mid_mean": -66.9264144897461,
      "mid_to_side_loudness": -16.635759353637695,
      "mid_to_side_loudness_range": 30.884777069091797,
      "side_mean": -69.99504089355469
    },
    {
      "loudness": -54.37849807739258,
      "loudness_range": 37.17430877685547,
      "low_freq": 12199.2666015625,
      "mid_mean": -68.19536590576172,
      "mid_to_side_loudness": -6.0051751136779785,
      "mid_to_side_loudness_range": 14.293058395385742,
      "side_mean": -69.98213958740234
    }
  ],
  "bandwidth": 207.05795288085938,
  "channels": 2,
  "covariance": [
    [
      669.499267578125,
      -5.2286588470451534e-05,
      627.953369140625,
      -6.017201303620823e-05,
      341.27911376953125,
      -0.00025426349020563066,
      262.5911865234375,
      -0.0003440408909227699,
      184.8291015625,
      0.0013901232741773129,
      231.06427001953125,
      0.0006593026919290423,
      187.9789581298828,
      -0.0003013643727172166,
      51.51891326904297,
      0.10212747752666473,
      5.017848968505859,
      0.2420789748430252
    ],
    [
      -5.2286588470451534e-05,
      2.6080967940877997e-10,
      -4.894993980997242e-05,
      7.522004547011463e-11,
      -1.3764052710030228e-05,
      6.699504839779991e-10,
      -2.14577103179181e-05,
      1.3075633908954387e-09,
      3.863577603624435e-06,
      3.523953573392191e-09,
      -1.6989888536045328e-05,
      4.920515550566051e-09,
      -1.5003410226199776e-05,
      7.789844325145623e-09,
      -6.817684152338188e-06,
      1.5447946921653966e-08,
      -4.4135945245216135e-06,
      6.202630942198084e-08
    ],
    [
      627.953369140625,
      -4.894993980997242e-05,
      590.7245483398438,
      -5.6243676226586103e-05,
      319.02081298828125,
      -0.00023841521760914475,
      245.6417999267578,
      -0.0003243045066483319,
      172.71998596191406,
      0.0016174563206732273,
      215.31491088867188,
      0.0008815323235467076,
      174.97959899902344,
      -3.299416130175814e-05,
      48.65135955810547,
      0.0962083637714386,
      5.3918375968933105,
      0.23038074374198914
    ],
    [
      -6.017201303620823e-05,
      7.522004547011463e-11,
      -5.6243676226586103e-05,
      1.927601550599789e-10,
      2.1357553123380058e-05,
      2.634810425394818e-10,
      4.98498684464721e-06,
      5.747655129617613e-10,
      4.243043076712638e-05,
      1.1828528156954121e-09,
      1.4769245353818405e-05,
      1.8678472102351407e-09,
      1.9116092516924255e-05,
      4.023780419970535e-09,
      3.017216113221366e-05,
      1.8168805127061205e-08,
      2.6488754883757792e-05,
      9.246399201856548e-08
    ],
    [
      341.27911376953125,
      -1.3764052710030228e-05,
      319.02081298828125,
      2.1357553123380058e-05,
      313.1779479980469,
      -5.062242053099908e-05,
      235.73757934570312,
      4.2433905036887154e-05,
      235.60826110839844,
      0.0017934114439412951,
      238.4341583251953,
      0.0016623204573988914,
      223.78273010253906,
      0.002367703476920724,
      160.2183837890625,
      0.0698772519826889,
      114.33460235595703,
      0.22549207508563995
    ],
    [
      -0.00025426349020563066,
      6.699504839779991e-10,
      -0.00023841521760914475,
      2.634810425394818e-10,
      -5.062242053099908e-05,
      5.3580575531952945e-09,
      -8.511523628840223e-05,
      6.02800787063984e-09,
      3.2374035072280094e-05,
      1.580942488033088e-08,
      -6.494856643257663e-05,
      1.762342449751486e-08,
      -5.292906644172035e-05,
      2.937813725623073e-08,
      -1.0436210686748382e-05,
      6.270427377330634e-08,
      -1.6150967212524847e-06,
      2.6628316618371173e-07
    ],
    [
      262.5911865234375,
      -2.14577103179181e-05,
      245.6417999267578,
      4.98498684464721e-06,
      235.73757934570312,
      -8.511523628840223e-05,
      186.2603759765625,
      -5.500186307472177e-05,
      177.56849670410156,
      0.0008076793164946139,
      184.8992462158203,
      0.000636307115200907,
      173.8949432373047,
      0.0007293037488125265,
      126.75662994384766,
      0.04715839400887489,
      92.58348846435547,
      0.14909595251083374
    ],
    [
      -0.0003440408909227699,
      1.3075633908954387e-09,
      -0.0003243045066483319,
      5.747655129617613e-10,
      4.2433905036887154e-05,
      6.02800787063984e-09,
      -5.500186307472177e-05,
      1.2680834160505583e-08,
      0.00017742454656399786,
      3.2583354681037235e-08,
      -5.672915449395077e-06,
      3.800749226456901e-08,
      1.2592340681294445e-05,
      6.849776212902725e-08,
      7.201500557130203e-05,
      1.522047341495636e-07,
      6.479030707851052e-05,
      6.41069789253379e-07
    ],
    [
      184.8291015625,
      3.863577603624435e-06,
      172.71998596191406,
      4.243043076712638e-05,
      235.60826110839844,
      3.2374035072280094e-05,
      177.56849670410156,
      0.00017742454656399786,
      211.7165985107422,
      0.0010666276793926954,
      191.7810516357422,
      0.0012561263283714652,
      191.423828125,
      0.0024553551338613033,
      170.77110290527344,
      0.04487929493188858,
      135.89781188964844,
      0.18689215183258057
    ],
    [
      0.0013901232741773129,
      3.523953573392191e-09,
      0.0016174563206732273,
      1.1828528156954121e-09,
      0.0017934114439412951,
      1.580942488033088e-08,
      0.0008076793164946139,
      3.2583354681037235e-08,
      0.0010666276793926954,
      7.288608685485087e-07,
      0.0013807960785925388,
      6.301489747784217e-07,
      0.001268458436243236,
      7.104615065145481e-07,
      0.0005696535808965564,
      7.83911389135028e-07,
      -0.00027883899747394025,
      9.744350109031075e-07
    ],
    [
      231.06427001953125,
      -1.6989888536045328e-05,
      215.31491088867188,
      1.4769245353818405e-05,
      238.4341583251953,
      -6.494856643257663e-05,
      184.8992462158203,
      -5.672915449395077e-06,
      191.7810516357422,
      0.0013807960785925388,
      194.8168182373047,
      0.001207307679578662,
      188.27410888671875,
      0.0015364772407338023,
      150.14364624023438,
      0.04256593808531761,
      112.7840805053711,
      0.14855381846427917
    ],
    [
      0.0006593026919290423,
      4.920515550566051e-09,
      0.0008815323235467076,
      1.8678472102351407e-09,
      0.0016623204573988914,
      1.762342449751486e-08,
      0.000636307115200907,
      3.800749226456901e-08,
      0.0012561263283714652,
      6.301489747784217e-07,
      0.001207307679578662,
      5.963424314359145e-07,
      0.0011535555822774768,
      6.87610167915409e-07,
      0.000688416650518775,
      9.251296546608501e-07,
      -1.9767447156482376e-05,
      1.923694526340114e-06
    ],
    [
      187.9789581298828,
      -1.5003410226199776e-05,
      174.97959899902344,
      1.9116092516924255e-05,
      223.78273010253906,
      -5.292906644172035e-05,
      173.8949432373047,
      1.2592340681294445e-05,
      191.423828125,
      0.001268458436243236,
      188.27410888671875,
      0.0011535555822774768,
      188.02926635742188,
      0.00152895029168576,
      164.13404846191406,
      0.034419335424900055,
      128.38868713378906,
      0.1365029215812683
    ],
    [
      -0.0003013643727172166,
      7.789844325145623e-09,
      -3.299416130175814e-05,
      4.023780419970535e-09,
      0.002367703476920724,
      2.937813725623073e-08,
      0.0007293037488125265,
      6.849776212902725e-08,
      0.0024553551338613033,
      7.104615065145481e-07,
      0.0015364772407338023,
      6.87610167915409e-07,
      0.00152895029168576,
      8.992342941382958e-07,
      0.001220576697960496,
      1.78479911028262e-06,
      0.00040926074143499136,
      5.5846012401161715e-06
    ],
    [
      51.51891326904297,
      -6.817684152338188e-06,
      48.65135955810547,
      3.017216113221366e-05,
      160.2183837890625,
      -1.0436210686748382e-05,
      126.75662994384766,
      7.201500557130203e-05,
      170.77110290527344,
      0.0005696535808965564,
      150.14364624023438,
      0.000688416650518775,
      164.13404846191406,
      0.001220576697960496,
      188.71478271484375,
      0.00944678857922554,
      161.9476318359375,
      0.09727780520915985
    ],
    [
      0.10212747752666473,
      1.5447946921653966e-08,
      0.0962083637714386,
      1.8168805127061205e-08,
      0.0698772519826889,
      6.270427377330634e-08,
      0.04715839400887489,
      1.522047341495636e-07,
      0.04487929493188858,
      7.83911389135028e-07,
      0.04256593808531761,
      9.251296546608501e-07,
      0.034419335424900055,
      1.78479911028262e-06,
      0.00944678857922554,
      3.528761226334609e-05,
      0.0002930993214249611,
      0.00010752817615866661
    ],
    [
      5.017848968505859,
      -4.4135945245216135e-06,
      5.3918375968933105,
      2.6488754883757792e-05,
      114.33460235595703,
      -1.6150967212524847e-06,
      92.58348846435547,
      6.479030707851052e-05,
      135.89781188964844,
      -0.00027883899747394025,
      112.7840805053711,
      -1.9767447156482376e-05,
      128.38868713378906,
      0.00040926074143499136,
      161.9476318359375,
      0.0002930993214249611,
      145.736328125,
      0.06689886003732681
    ],
    [
      0.2420789748430252,
      6.202630942198084e-08,
      0.23038074374198914,
      9.246399201856548e-08,
      0.22549207508563995,
      2.6628316618371173e-07,
      0.14909595251083374,
      6.41069789253379e-07,
      0.18689215183258057,
      9.744350109031075e-07,
      0.14855381846427917,
      1.923694526340114e-06,
      0.1365029215812683,
      5.5846012401161715e-06,
      0.09727780520915985,
      0.00010752817615866661,
      0.06689886003732681,
      0.0004482829535845667
    ]
  ],
  "covariance_short": [
    [
      552.069091796875,
      -3.5811797715723515e-05,
      567.7205810546875,
      -5.9517944464460015e-05,
      353.1394348144531,
      -0.000206534139579162,
      255.98809814453125,
      -0.0003291741304565221,
      150.36129760742188,
      -0.0003512278781272471,
      153.9668426513672,
      -0.0007707001059316099,
      109.66712188720703,
      -0.0019013654673472047,
      27.548885345458984,
      0.08504841476678848,
      6.18386697769165,
      0.20333360135555267
    ],
    [
      -3.5811797715723515e-05,
      5.786021661791096e-10,
      -3.747515074792318e-05,
      2.089173972708025e-10,
      -2.3559730834676884e-05,
      1.373380076330477e-09,
      -2.0532324924715795e-05,
      2.4474224868953343e-09,
      -8.962629181041848e-06,
      8.712989441050922e-09,
      -1.4756649761693552e-05,
      1.046684339200965e-08,
      -1.1893705959664658e-05,
      1.6933801916252378e-08,
      -6.175312137202127e-06,
      3.113914459618172e-08,
      -3.5162743188266177e-06,
      8.579245047712902e-08
    ],
    [
      567.7205810546875,
      -3.747515074792318e-05,
      601.9961547851562,
      -6.1020691646263e-05,
      377.2442321777344,
      -0.00021477900736499578,
      270.3277282714844,
      -0.0003455622063484043,
      159.14878845214844,
      0.0018043556483462453,
      161.59722900390625,
      0.0008753561996854842,
      113.27755737304688,
      1.055012944561895e-05,
      28.032529830932617,
      0.09140031039714813,
      5.776241779327393,
      0.219346284866333
    ],
    [
      -5.9517944464460015e-05,
      2.089173972708025e-10,
      -6.1020691646263e-05,
      9.851414128903002e-10,
      -2.3222949039336527e-06,
      7.552366509955277e-10,
      -1.6934116501943208e-05,
      2.35741026699543e-09,
      2.945870983239729e-05,
      5.900833155436658e-09,
      -8.54938116390258e-06,
      7.768500509541809e-09,
      -3.215537162759574e-06,
      1.8047455085934416e-08,
      6.1734594964946155e-06,
      7.0520016492992e-08,
      7.414855190290837e-06,
      2.4249126795439224e-07
    ],
    [
      353.1394348144531,
      -2.3559730834676884e-05,
      377.2442321777344,
      -2.3222949039336527e-06,
      316.8083190917969,
      -0.0001065712422132492,
      226.61373901367188,
      -0.00011789176642196253,
      187.39830017089844,
      0.001858398551121354,
      160.2269287109375,
      0.0013530567521229386,
      126.54234313964844,
      0.00151770596858114,
      67.6400146484375,
      0.06499004364013672,
      40.44472885131836,
      0.20506523549556732
    ],
    [
      -0.000206534139579162,
      1.373380076330477e-09,
      -0.00021477900736499578,
      7.552366509955277e-10,
      -0.0001065712422132492,
      1.956854944751285e-08,
      -9.755139763001353e-05,
      1.7701571763950597e-08,
      -1.7701249817037024e-05,
      4.568925859871342e-08,
      -6.57549244351685e-05,
      5.708420403038872e-08,
      -4.7908131818985566e-05,
      8.358984615597365e-08,
      -1.3739834685111418e-05,
      1.5977977341208316e-07,
      -1.5422716614921228e-06,
      5.058672059021774e-07
    ],
    [
      255.98809814453125,
      -2.0532324924715795e-05,
      270.3277282714844,
      -1.6934116501943208e-05,
      226.61373901367188,
      -9.755139763001353e-05,
      179.7257537841797,
      -0.00017438280337955803,
      140.97402954101562,
      0.0007206502486951649,
      128.11199951171875,
      0.0003172249416820705,
      105.00801849365234,
      -0.00013004860375076532,
      61.767398834228516,
      0.034362614154815674,
      40.75592041015625,
      0.1150684729218483
    ],
    [
      -0.0003291741304565221,
      2.4474224868953343e-09,
      -0.0003455622063484043,
      2.35741026699543e-09,
      -0.00011789176642196253,
      1.7701571763950597e-08,
      -0.00017438280337955803,
      4.152212085273277e-08,
      4.962145249010064e-05,
      1.1331938765124505e-07,
      -0.00012914399849250913,
      1.239104534533908e-07,
      -0.00010395028220955282,
      2.171024959807255e-07,
      -5.475915895658545e-05,
      4.44196672333419e-07,
      -3.441949229454622e-05,
      1.2440386853995733e-06
    ],
    [
      150.36129760742188,
      -8.962629181041848e-06,
      159.14878845214844,
      2.945870983239729e-05,
      187.39830017089844,
      -1.7701249817037024e-05,
      140.97402954101562,
      4.962145249010064e-05,
      167.48617553710938,
      0.0006779046962037683,
      130.39056396484375,
      0.0006580561166629195,
      114.69678497314453,
      0.0012621065834537148,
      79.39691925048828,
      0.0269756056368351,
      52.957157135009766,
      0.14514365792274475
    ],
    [
      -0.0003512278781272471,
      8.712989441050922e-09,
      0.0018043556483462453,
      5.900833155436658e-09,
      0.001858398551121354,
      4.568925859871342e-08,
      0.0007206502486951649,
      1.1331938765124505e-07,
      0.0006779046962037683,
      3.7656684526155004e-06,
      0.0005379174253903329,
      2.408382442808943e-06,
      -0.0003987931995652616,
      2.97438873531064e-06,
      -0.00033613969571888447,
      3.3885560242197243e-06,
      -0.00021129382366780192,
      2.7894730010302737e-06
    ],
    [
      153.9668426513672,
      -1.4756649761693552e-05,
      161.59722900390625,
      -8.54938116390258e-06,
      160.2269287109375,
      -6.57549244351685e-05,
      128.11199951171875,
      -0.00012914399849250913,
      130.39056396484375,
      0.0005379174253903329,
      129.12159729003906,
      0.0001356122811557725,
      111.96553802490234,
      -0.0002799653448164463,
      70.39995574951172,
      0.010506991297006607,
      45.683048248291016,
      0.07119482010602951
    ],
    [
      -0.0007707001059316099,
      1.046684339200965e-08,
      0.0008753561996854842,
      7.768500509541809e-09,
      0.0013530567521229386,
      5.708420403038872e-08,
      0.0003172249416820705,
      1.239104534533908e-07,
      0.0006580561166629195,
      2.408382442808943e-06,
      0.0001356122811557725,
      2.1412140540633118e-06,
      -0.0004575489729177207,
      2.7289004265185213e-06,
      -0.0003047166974283755,
      3.5234381812188076e-06,
      -0.00018294286564923823,
      4.619634182745358e-06
    ],
    [
      109.66712188720703,
      -1.1893705959664658e-05,
      113.27755737304688,
      -3.215537162759574e-06,
      126.54234313964844,
      -4.7908131818985566e-05,
      105.00801849365234,
      -0.00010395028220955282,
      114.69678497314453,
      -0.0003987931995652616,
      111.96553802490234,
      -0.0004575489729177207,
      105.76371002197266,
      -0.0008406396373175085,
      73.06010437011719,
      0.004685005638748407,
      49.18915939331055,
      0.06516549736261368
    ],
    [
      -0.0019013654673472047,
      1.6933801916252378e-08,
      1.055012944561895e-05,
      1.8047455085934416e-08,
      0.00151770596858114,
      8.358984615597365e-08,
      -0.00013004860375076532,
      2.171024959807255e-07,
      0.0012621065834537148,
      2.97438873531064e-06,
      -0.0002799653448164463,
      2.7289004265185213e-06,
      -0.0008406396373175085,
      3.868548901664326e-06,
      -0.00042294178274460137,
      6.347785529214889e-06,
      -0.00020693076658062637,
      1.2489239452406764e-05
    ],
    [
      27.548885345458984,
      -6.175312137202127e-06,
      28.032529830932617,
      6.1734594964946155e-06,
      67.6400146484375,
      -1.3739834685111418e-05,
      61.767398834228516,
      -5.475915895658545e-05,
      79.39691925048828,
      -0.00033613969571888447,
      70.39995574951172,
      -0.0003047166974283755,
      73.06010437011719,
      -0.00042294178274460137,
      68.54357147216797,
      -0.002852275036275387,
      52.16801834106445,
      0.04799199476838112
    ],
    [
      0.08504841476678848,
      3.113914459618172e-08,
      0.09140031039714813,
      7.0520016492992e-08,
      0.06499004364013672,
      1.5977977341208316e-07,
      0.034362614154815674,
      4.44196672333419e-07,
      0.0269756056368351,
      3.3885560242197243e-06,
      0.010506991297006607,
      3.5234381812188076e-06,
      0.004685005638748407,
      6.347785529214889e-06,
      -0.002852275036275387,
      6.601292261620983e-05,
      -0.0031464912462979555,
      0.00018712575547397137
    ],
    [
      6.18386697769165,
      -3.5162743188266177e-06,
      5.776241779327393,
      7.414855190290837e-06,
      40.44472885131836,
      -1.5422716614921228e-06,
      40.75592041015625,
      -3.441949229454622e-05,
      52.957157135009766,
      -0.00021129382366780192,
      45.683048248291016,
      -0.00018294286564923823,
      49.18915939331055,
      -0.00020693076658062637,
      52.16801834106445,
      -0.0031464912462979555,
      44.1367073059082,
      0.036379240453243256
    ],
    [
      0.20333360135555267,
      8.579245047712902e-08,
      0.219346284866333,
      2.4249126795439224e-07,
      0.20506523549556732,
      5.058672059021774e-07,
      0.1150684729218483,
      1.2440386853995733e-06,
      0.14514365792274475,
      2.7894730010302737e-06,
      0.07119482010602951,
      4.619634182745358e-06,
      0.06516549736261368,
      1.2489239452406764e-05,
      0.04799199476838112,
      0.00018712575547397137,
      0.036379240453243256,
      0.0009257127530872822
    ]
  ],
  "damage": -8.376690864562988,
  "diff_bandwidth": 214.3569793701172,
  "dissonance": 4.703470765550685,
  "drr": 8.305893898010254,
  "dynamics": 8.430313110351562,
  "format": 1245190,
  "frames": 1824768,
  "loudness": -19.26752471923828,
  "loudness_range": 19.501392364501953,
  "loudness_range_short": 27.452651977539062,
  "lowpass_true_peak_15khz": 0.005651656538248062,
  "mastering3_acoustic_entropies": [
    {
      "acoustic_entropy": 5.763872146606445,
      "acoustic_entropy_mono": 5.763872146606445,
      "band_eliminated_acoustic_entropies": [
        {
          "acoustic_entropy": 5.689637184143066,
          "acoustic_entropy_side": 5.763872146606445,
          "hz": 129.47220167065723
        },
        {
          "acoustic_entropy": 5.60186243057251,
          "acoustic_entropy_side": 5.763872146606445,
          "hz": 202.92927478742237
        },
        {
          "acoustic_entropy": 5.6323981285095215,
          "acoustic_entropy_side": 5.763872146606445,
          "hz": 282.89161906338205
        },
        {
          "acoustic_entropy": 5.810094833374023,
          "acoustic_entropy_side": 5.763872146606445,
          "hz": 369.9353335868758
        },
        {
          "acoustic_entropy": 5.800649642944336,
          "acoustic_entropy_side": 5.763872146606445,
          "hz": 464.6875360973435
        },
        {
          "acoustic_entropy": 5.665714263916016,
          "acoustic_entropy_side": 5.763872146606445,
          "hz": 567.8308811364784
        },
        {
          "acoustic_entropy": 5.766351699829102,
          "acoustic_entropy_side": 5.763872146606445,
          "hz": 680.1084783214808
        },
        {
          "acoustic_entropy": 5.811493873596191,
          "acoustic_entropy_side": 5.763872146606445,
          "hz": 802.3292461747484
        },
        {
          "acoustic_entropy": 5.74772834777832,
          "acoustic_entropy_side": 5.763872146606445,
          "hz": 935.3737400823702
        },
        {
          "acoustic_entropy": 5.7254252433776855,
          "acoustic_entropy_side": 5.763872146606445,
          "hz": 1080.2004963696966
        },
        {
          "acoustic_entropy": 5.764603614807129,
          "acoustic_entropy_side": 5.763872146606445,
          "hz": 1237.8529382007157
        },
        {
          "acoustic_entropy": 5.766529560089111,
          "acoustic_entropy_side": 5.763872146606445,
          "hz": 1409.4668930556702
        },
        {
          "acoustic_entropy": 5.755714416503906,
          "acoustic_entropy_side": 5.763872146606445,
          "hz": 1596.2787759475705
        },
        {
          "acoustic_entropy": 5.763124942779541,
          "acoustic_entropy_side": 5.763872146606445,
          "hz": 1799.6344973346393
        },
        {
          "acoustic_entropy": 5.7234883308410645,
          "acoustic_entropy_side": 5.763872146606445,
          "hz": 2020.9991599069049
        },
        {
          "acoustic_entropy": 5.780945777893066,
          "acoustic_entropy_side": 5.763872146606445,
          "hz": 2261.9676141086993
        },
        {
          "acoustic_entropy": 5.767240524291992,
          "acoustic_entropy_side": 5.763872146606445,
          "hz": 2524.2759484456974
        },
        {
          "acoustic_entropy": 5.767816543579102,
          "acoustic_entropy_side": 5.763872146606445,
          "hz": 2809.813997359896
        },
        {
          "acoustic_entropy": 5.7680792808532715,
          "acoustic_entropy_side": 5.763872146606445,
          "hz": 3120.6389567871424
        },
        {
          "acoustic_entropy": 5.7632036209106445,
          "acoustic_entropy_side": 5.763872146606445,
          "hz": 3458.990205492291
        },
        {
          "acoustic_entropy": 5.761244773864746,
          "acoustic_entropy_side": 5.763872146606445,
          "hz": 3827.305438964164
        },
        {
          "acoustic_entropy": 5.752597808837891,
          "acoustic_entropy_side": 5.763872146606445,
          "hz": 4228.238232109126
        },
        {
          "acoustic_entropy": 5.760076522827148,
          "acoustic_entropy_side": 5.763872146606445,
          "hz": 4664.6771572759235
        },
        {
          "acoustic_entropy": 5.760673522949219,
          "acoustic_entropy_side": 5.763872146606445,
          "hz": 5139.766595350093
        },
        {
          "acoustic_entropy": 5.757053852081299,
          "acoustic_entropy_side": 5.763872146606445,
          "hz": 5656.929389854203
        },
        {
          "acoustic_entropy": 5.767750263214111,
          "acoustic_entropy_side": 5.763872146606445,
          "hz": 6219.891507268283
        },
        {
          "acoustic_entropy": 5.770622253417969,
          "acoustic_entropy_side": 5.763872146606445,
          "hz": 6832.70888123896
        },
        {
          "acoustic_entropy": 5.780090808868408,
          "acoustic_entropy_side": 5.763872146606445,
          "hz": 7499.796634079867
        },
        {
          "acoustic_entropy": 5.7728142738342285,
          "acoustic_entropy_side": 5.763872146606445,
          "hz": 8225.96088609342
        },
        {
          "acoustic_entropy": 5.779176712036133,
          "acoustic_entropy_side": 5.763872146606445,
          "hz": 9016.43338188839
        },
        {
          "acoustic_entropy": 5.779521942138672,
          "acoustic_entropy_side": 5.763872146606445,
          "hz": 9876.909183162974
        },
        {
          "acoustic_entropy": 5.76951789855957,
          "acoustic_entropy_side": 5.763872146606445,
          "hz": 10813.587699516042
        },
        {
          "acoustic_entropy": 5.773513317108154,
          "acoustic_entropy_side": 5.763872146606445,
          "hz": 11833.21735289826
        },
        {
          "acoustic_entropy": 5.772665023803711,
          "acoustic_entropy_side": 5.763872146606445,
          "hz": 12943.144197493959
        },
        {
          "acoustic_entropy": 5.7760090827941895,
          "acoustic_entropy_side": 5.763872146606445,
          "hz": 14151.364845322005
        },
        {
          "acoustic_entropy": 5.771339416503906,
          "acoustic_entropy_side": 5.763872146606445,
          "hz": 15466.58407886509
        },
        {
          "acoustic_entropy": 5.764267444610596,
          "acoustic_entropy_side": 5.763872146606445,
          "hz": 16898.27756580493
        },
        {
          "acoustic_entropy": 5.7638750076293945,
          "acoustic_entropy_side": 5.763872146606445,
          "hz": 18456.760127700032
        },
        {
          "acoustic_entropy": 5.763872146606445,
          "acoustic_entropy_side": 5.763872146606445,
          "hz": 20153.260054456492
        },
        {
          "acoustic_entropy": 5.763872146606445,
          "acoustic_entropy_side": 5.763872146606445,
          "hz": 22000.00000000001
        }
      ],
      "diff_acoustic_entropy": 4.5737996101379395,
      "sn": 6
    },
    {
      "acoustic_entropy": 7.353175163269043,
      "acoustic_entropy_mono": 7.353175163269043,
      "band_eliminated_acoustic_entropies": [
        {
          "acoustic_entropy": 7.165707588195801,
          "acoustic_entropy_side": 7.353175163269043,
          "hz": 129.47220167065723
        },
        {
          "acoustic_entropy": 7.254077911376953,
          "acoustic_entropy_side": 7.353175163269043,
          "hz": 202.92927478742237
        },
        {
          "acoustic_entropy": 7.059079170227051,
          "acoustic_entropy_side": 7.353175163269043,
          "hz": 282.89161906338205
        },
        {
          "acoustic_entropy": 7.3526105880737305,
          "acoustic_entropy_side": 7.353175163269043,
          "hz": 369.9353335868758
        },
        {
          "acoustic_entropy": 7.386430263519287,
          "acoustic_entropy_side": 7.353175163269043,
          "hz": 464.6875360973435
        },
        {
          "acoustic_entropy": 7.373208999633789,
          "acoustic_entropy_side": 7.353175163269043,
          "hz": 567.8308811364784
        },
        {
          "acoustic_entropy": 7.121823310852051,
          "acoustic_entropy_side": 7.353175163269043,
          "hz": 680.1084783214808
        },
        {
          "acoustic_entropy": 7.591950416564941,
          "acoustic_entropy_side": 7.353175163269043,
          "hz": 802.3292461747484
        },
        {
          "acoustic_entropy": 7.570657253265381,
          "acoustic_entropy_side": 7.353175163269043,
          "hz": 935.3737400823702
        },
        {
          "acoustic_entropy": 7.191368579864502,
          "acoustic_entropy_side": 7.353175163269043,
          "hz": 1080.2004963696966
        },
        {
          "acoustic_entropy": 7.396851539611816,
          "acoustic_entropy_side": 7.353175163269043,
          "hz": 1237.8529382007157
        },
        {
          "acoustic_entropy": 7.3338751792907715,
          "acoustic_entropy_side": 7.353175163269043,
          "hz": 1409.4668930556702
        },
        {
          "acoustic_entropy": 7.412028789520264,
          "acoustic_entropy_side": 7.353175163269043,
          "hz": 1596.2787759475705
        },
        {
          "acoustic_entropy": 7.38629674911499,
          "acoustic_entropy_side": 7.353175163269043,
          "hz": 1799.6344973346393
        },
        {
          "acoustic_entropy": 7.456772327423096,
          "acoustic_entropy_side": 7.353175163269043,
          "hz": 2020.9991599069049
        },
        {
          "acoustic_entropy": 7.4395647048950195,
          "acoustic_entropy_side": 7.353175163269043,
          "hz": 2261.9676141086993
        },
        {
          "acoustic_entropy": 7.38253927230835,
          "acoustic_entropy_side": 7.353175163269043,
          "hz": 2524.2759484456974
        },
        {
          "acoustic_entropy": 7.412431716918945,
          "acoustic_entropy_side": 7.353175163269043,
          "hz": 2809.813997359896
        },
        {
          "acoustic_entropy": 7.414618015289307,
          "acoustic_entropy_side": 7.353175163269043,
          "hz": 3120.6389567871424
        },
        {
          "acoustic_entropy": 7.347665309906006,
          "acoustic_entropy_side": 7.353175163269043,
          "hz": 3458.990205492291
        },
        {
          "acoustic_entropy": 7.4114909172058105,
          "acoustic_entropy_side": 7.353175163269043,
          "hz": 3827.305438964164
        },
        {
          "acoustic_entropy": 7.535435676574707,
          "acoustic_entropy_side": 7.353175163269043,
          "hz": 4228.238232109126
        },
        {
          "acoustic_entropy": 7.361824035644531,
          "acoustic_entropy_side": 7.353175163269043,
          "hz": 4664.6771572759235
        },
        {
          "acoustic_entropy": 7.394644737243652,
          "acoustic_entropy_side": 7.353175163269043,
          "hz": 5139.766595350093
        },
        {
          "acoustic_entropy": 7.401033878326416,
          "acoustic_entropy_side": 7.353175163269043,
          "hz": 5656.929389854203
        },
        {
          "acoustic_entropy": 7.4222517013549805,
          "acoustic_entropy_side": 7.353175163269043,
          "hz": 6219.891507268283
        },
        {
          "acoustic_entropy": 7.351043224334717,
          "acoustic_entropy_side": 7.353175163269043,
          "hz": 6832.70888123896
        },
        {
          "acoustic_entropy": 7.359166622161865,
          "acoustic_entropy_side": 7.353175163269043,
          "hz": 7499.796634079867
        },
        {
          "acoustic_entropy": 7.341355800628662,
          "acoustic_entropy_side": 7.353175163269043,
          "hz": 8225.96088609342
        },
        {
          "acoustic_entropy": 7.392041206359863,
          "acoustic_entropy_side": 7.353175163269043,
          "hz": 9016.43338188839
        },
        {
          "acoustic_entropy": 7.417924404144287,
          "acoustic_entropy_side": 7.353175163269043,
          "hz": 9876.909183162974
        },
        {
          "acoustic_entropy": 7.359442234039307,
          "acoustic_entropy_side": 7.353175163269043,
          "hz": 10813.587699516042
        },
        {
          "acoustic_entropy": 7.3766560554504395,
          "acoustic_entropy_side": 7.353175163269043,
          "hz": 11833.21735289826
        },
        {
          "acoustic_entropy": 7.374283313751221,
          "acoustic_entropy_side": 7.353175163269043,
          "hz": 12943.144197493959
        },
        {
          "acoustic_entropy": 7.407878875732422,
          "acoustic_entropy_side": 7.353175163269043,
          "hz": 14151.364845322005
        },
        {
          "acoustic_entropy": 7.372440338134766,
          "acoustic_entropy_side": 7.353175163269043,
          "hz": 15466.58407886509
        },
        {
          "acoustic_entropy": 7.353368282318115,
          "acoustic_entropy_side": 7.353175163269043,
          "hz": 16898.27756580493
        },
        {
          "acoustic_entropy": 7.353178024291992,
          "acoustic_entropy_side": 7.353175163269043,
          "hz": 18456.760127700032
        },
        {
          "acoustic_entropy": 7.353175163269043,
          "acoustic_entropy_side": 7.353175163269043,
          "hz": 20153.260054456492
        },
        {
          "acoustic_entropy": 7.353175163269043,
          "acoustic_entropy_side": 7.353175163269043,
          "hz": 22000.00000000001
        }
      ],
      "diff_acoustic_entropy": 6.664892196655273,
      "sn": 12
    },
    {
      "acoustic_entropy": 11.421079635620117,
      "acoustic_entropy_mono": 11.421077728271484,
      "band_eliminated_acoustic_entropies": [
        {
          "acoustic_entropy": 11.53132438659668,
          "acoustic_entropy_side": 11.421079635620117,
          "hz": 129.47220167065723
        },
        {
          "acoustic_entropy": 11.141451835632324,
          "acoustic_entropy_side": 11.421079635620117,
          "hz": 202.92927478742237
        },
        {
          "acoustic_entropy": 11.49035358428955,
          "acoustic_entropy_side": 11.421079635620117,
          "hz": 282.89161906338205
        },
        {
          "acoustic_entropy": 11.55233383178711,
          "acoustic_entropy_side": 11.421079635620117,
          "hz": 369.9353335868758
        },
        {
          "acoustic_entropy": 11.606241226196289,
          "acoustic_entropy_side": 11.421079635620117,
          "hz": 464.6875360973435
        },
        {
          "acoustic_entropy": 11.582392692565918,
          "acoustic_entropy_side": 11.421079635620117,
          "hz": 567.8308811364784
        },
        {
          "acoustic_entropy": 11.229143142700195,
          "acoustic_entropy_side": 11.421079635620117,
          "hz": 680.1084783214808
        },
        {
          "acoustic_entropy": 12.048179626464844,
          "acoustic_entropy_side": 11.421079635620117,
          "hz": 802.3292461747484
        },
