{
  "acoustic_entropy": 238.4036407470703,
  "bands": [
    {
      "high_freq": 148.1999969482422,
      "loudness": -21.50562858581543,
      "loudness_range": 13.77405834197998,
      "mid_mean": -20.41638946533203,
      "mid_to_side_loudness": -2.4861512184143066,
      "mid_to_side_loudness_range": 9.976860046386719,
      "side_mean": -22.60093879699707
    },
    {
      "high_freq": 392.3793640136719,
      "loudness": -22.927553176879883,
      "loudness_range": 13.339624404907227,
      "low_freq": 148.1999969482422,
      "mid_mean": -20.76163101196289,
      "mid_to_side_loudness": -4.363651275634766,
      "mid_to_side_loudness_range": 10.465801239013672,
      "side_mean": -25.3165283203125
    },
    {
      "high_freq": 794.6976318359375,
      "loudness": -25.697288513183594,
      "loudness_range": 14.911081314086914,
      "low_freq": 392.3793640136719,
      "mid_mean": -23.170581817626953,
      "mid_to_side_loudness": -5.684597969055176,
      "mid_to_side_loudness_range": 9.669180870056152,
      "side_mean": -29.01922035217285
    },
    {
      "high_freq": 1457.5709228515625,
      "loudness": -29.926305770874023,
      "loudness_range": 16.043048858642578,
      "low_freq": 794.6976318359375,
      "mid_mean": -27.618289947509766,
      "mid_to_side_loudness": -5.005390644073486,
      "mid_to_side_loudness_range": 9.88697338104248,
      "side_mean": -32.763153076171875
    },
    {
      "high_freq": 2549.74365234375,
      "loudness": -27.902158737182617,
      "loudness_range": 16.053325653076172,
      "low_freq": 1457.5709228515625,
      "mid_mean": -25.394651412963867,
      "mid_to_side_loudness": -5.699394702911377,
      "mid_to_side_loudness_range": 9.261551856994629,
      "side_mean": -31.370798110961914
    },
    {
      "high_freq": 4349.24462890625,
      "loudness": -29.31432342529297,
      "loudness_range": 19.47795867919922,
      "low_freq": 2549.74365234375,
      "mid_mean": -26.795440673828125,
      "mid_to_side_loudness": -5.620950222015381,
      "mid_to_side_loudness_range": 8.336297988891602,
      "side_mean": -32.543251037597656
    },
    {
      "high_freq": 7314.1640625,
      "loudness": -36.65248489379883,
      "loudness_range": 23.427995681762695,
      "low_freq": 4349.24462890625,
      "mid_mean": -34.69976043701172,
      "mid_to_side_loudness": -3.740389108657837,
      "mid_to_side_loudness_range": 6.987493515014648,
      "side_mean": -38.52080535888672
    },
    {
      "high_freq": 12199.2666015625,
      "loudness": -46.46393585205078,
      "loudness_range": 24.574737548828125,
      "low_freq": 7314.1640625,
      "mid_mean": -45.32921600341797,
      "mid_to_side_loudness": -1.5376948118209839,
      "mid_to_side_loudness_range": 3.1607165336608887,
      "side_mean": -46.95742416381836
    },
    {
      "loudness": -53.73871612548828,
      "loudness_range": 25.930233001708984,
      "low_freq": 12199.2666015625,
      "mid_mean": -55.584442138671875,
      "mid_to_side_loudness": 3.078770399093628,
      "mid_to_side_loudness_range": 3.527974843978882,
      "side_mean": -52.841609954833984
    }
  ],
  "bands_short": [
    {
      "high_freq": 148.1999969482422,
      "loudness": -23.38861656188965,
      "loudness_range": 15.881301879882812,
      "mid_mean": -22.410541534423828,
      "mid_to_side_loudness": -2.560054302215576,
      "mid_to_side_loudness_range": 13.937125205993652,
      "side_mean": -24.705419540405273
    },
    {
      "high_freq": 392.3793640136719,
      "loudness": -21.6210880279541,
      "loudness_range": 13.364134788513184,
      "low_freq": 148.1999969482422,
      "mid_mean": -19.84320068359375,
      "mid_to_side_loudness": -3.4109740257263184,
      "mid_to_side_loudness_range": 10.952543258666992,
      "side_mean": -23.35821533203125
    },
    {
      "high_freq": 794.6976318359375,
      "loudness": -25.909181594848633,
      "loudness_range": 16.58106803894043,
      "low_freq": 392.3793640136719,
      "mid_mean": -23.58074951171875,
      "mid_to_side_loudness": -5.399236679077148,
      "mid_to_side_loudness_range": 11.910982131958008,
      "side_mean": -29.138736724853516
    },
    {
      "high_freq": 1457.5709228515625,
      "loudness": -30.037506103515625,
      "loudness_range": 17.322975158691406,
      "low_freq": 794.6976318359375,
      "mid_mean": -27.933626174926758,
      "mid_to_side_loudness": -4.651768684387207,
      "mid_to_side_loudness_range": 11.976614952087402,
      "side_mean": -32.73318862915039
    },
    {
      "high_freq": 2549.74365234375,
      "loudness": -28.785673141479492,
      "loudness_range": 18.330528259277344,
      "low_freq": 1457.5709228515625,
      "mid_mean": -26.51106071472168,
      "mid_to_side_loudness": -5.126184463500977,
      "mid_to_side_loudness_range": 11.714302062988281,
      "side_mean": -31.944568634033203
    },
    {
      "high_freq": 4349.24462890625,
      "loudness": -29.796175003051758,
      "loudness_range": 21.188188552856445,
      "low_freq": 2549.74365234375,
      "mid_mean": -27.480684280395508,
      "mid_to_side_loudness": -5.192753791809082,
      "mid_to_side_loudness_range": 10.453468322753906,
      "side_mean": -32.874568939208984
    },
    {
      "high_freq": 7314.1640625,
      "loudness": -37.37360763549805,
      "loudness_range": 25.01943588256836,
      "low_freq": 4349.24462890625,
      "mid_mean": -35.568721771240234,
      "mid_to_side_loudness": -3.3378467559814453,
      "mid_to_side_loudness_range": 8.51559066772461,
      "side_mean": -39.07332992553711
    },
    {
      "high_freq": 12199.2666015625,
      "loudness": -47.432186126708984,
      "loudness_range": 26.088966369628906,
      "low_freq": 7314.1640625,
      "mid_mean": -46.54893493652344,
      "mid_to_side_loudness": -1.3680689334869385,
      "mid_to_side_loudness_range": 4.717978477478027,
      "side_mean": -48.09980392456055
    },
    {
      "loudness": -54.953765869140625,
      "loudness_range": 27.514568328857422,
      "low_freq": 12199.2666015625,
      "mid_mean": -56.60057830810547,
      "mid_to_side_loudness": 2.751485586166382,
      "mid_to_side_loudness_range": 4.742040157318115,
      "side_mean": -54.19370651245117
    }
  ],
  "bandwidth": 405.19873046875,
  "channels": 2,
  "covariance": [
    [
      45.56233596801758,
      38.59566116333008,
      15.104540824890137,
      15.028599739074707,
      10.237422943115234,
      10.22132682800293,
      6.632816791534424,
      11.190003395080566,
      3.7989583015441895,
      6.281117916107178,
      8.335579872131348,
      8.873506546020508,
      10.138619422912598,
      9.39016342163086,
      13.206827163696289,
      12.856698036193848,
      14.4638090133667,
      15.576467514038086
    ],
    [
      38.59566116333008,
      49.26799392700195,
      15.501816749572754,
      14.761628150939941,
      11.908500671386719,
      12.024581909179688,
      7.649372577667236,
      13.647409439086914,
      5.414580821990967,
      8.652262687683105,
      10.491097450256348,
      12.021265029907227,
      12.593347549438477,
      12.178771018981934,
      15.384734153747559,
      15.517712593078613,
      16.98233985900879,
      18.257848739624023
    ],
    [
      15.104540824890137,
      15.501816749572754,
      26.988603591918945,
      19.111703872680664,
      13.424071311950684,
      13.074470520019531,
      6.499656677246094,
      8.871058464050293,
      5.075184345245361,
      6.994447708129883,
      4.395744800567627,
      5.452345371246338,
      5.527322292327881,
      5.369694232940674,
      4.63582706451416,
      5.112500190734863,
      6.822883605957031,
      7.794531345367432
    ],
    [
      15.028599739074707,
      14.761628150939941,
      19.111703872680664,
      23.73965835571289,
      11.211291313171387,
      12.263351440429688,
      6.739688396453857,
      11.038043975830078,
      4.913531303405762,
      7.766687870025635,
      4.434357166290283,
      6.659823894500732,
      5.5416178703308105,
      6.066855430603027,
      5.6964335441589355,
      6.155956745147705,
      7.307646751403809,
      7.838738441467285
    ],
    [
      10.237422943115234,
      11.908500671386719,
      13.424071311950684,
      11.211291313171387,
      33.31453323364258,
      25.395395278930664,
      13.3684663772583,
      17.38397216796875,
      16.78384017944336,
      17.145307540893555,
      13.05747127532959,
      15.140856742858887,
      15.869288444519043,
      15.638014793395996,
      15.182549476623535,
      15.592257499694824,
      14.373488426208496,
      16.40399932861328
    ],
    [
      10.22132682800293,
      12.024581909179688,
      13.074470520019531,
      12.263351440429688,
      25.395395278930664,
      28.003957748413086,
      16.43752098083496,
      23.322446823120117,
      17.521163940429688,
      20.960081100463867,
      15.63874626159668,
      19.946413040161133,
      18.117877960205078,
      20.480880737304688,
      17.431360244750977,
      18.288822174072266,
      17.152069091796875,
      18.901145935058594
    ],
    [
      6.632816791534424,
      7.649372577667236,
      6.499656677246094,
      6.739688396453857,
      13.3684663772583,
      16.43752098083496,
      34.21344757080078,
      33.23589324951172,
      23.37140655517578,
      27.29836654663086,
      31.804962158203125,
      33.40726089477539,
      35.1931037902832,
      35.923744201660156,
      33.33986282348633,
      34.59284210205078,
      34.31092834472656,
      37.93510437011719
    ],
    [
      11.190003395080566,
      13.647409439086914,
      8.871058464050293,
      11.038043975830078,
      17.38397216796875,
      23.322446823120117,
      33.23589324951172,
      45.69153594970703,
      27.59104347229004,
      34.536964416503906,
      33.41585159301758,
      39.08449935913086,
      37.6200065612793,
      41.754600524902344,
      35.41415786743164,
      37.333839416503906,
      35.31698226928711,
      38.475215911865234
    ],
    [
      3.7989583015441895,
      5.414580821990967,
      5.075184345245361,
      4.913531303405762,
      16.78384017944336,
      17.521163940429688,
      23.37140655517578,
      27.59104347229004,
      36.915924072265625,
      31.02010154724121,
      30.564746856689453,
      31.674102783203125,
      37.041358947753906,
      37.05695343017578,
      36.31780242919922,
      36.38557434082031,
      34.61420822143555,
      38.81372833251953
    ],
    [
      6.281117916107178,
      8.652262687683105,
      6.994447708129883,
      7.766687870025635,
      17.145307540893555,
      20.960081100463867,
      27.29836654663086,
      34.536964416503906,
      31.02010154724121,
      37.820926666259766,
      31.815107345581055,
      36.38408279418945,
      37.544837951660156,
      40.82058334350586,
      35.823368072509766,
      36.585330963134766,
      34.37266540527344,
      37.820648193359375
    ],
    [
      8.335579872131348,
      10.491097450256348,
      4.395744800567627,
      4.434357166290283,
      13.05747127532959,
      15.63874626159668,
      31.804962158203125,
      33.41585159301758,
      30.564746856689453,
      31.815107345581055,
      50.51342010498047,
      46.40218734741211,
      52.8362922668457,
      51.431373596191406,
      53.692317962646484,
      53.41160202026367,
      50.94613265991211,
      56.7019157409668
    ],
    [
      8.873506546020508,
      12.021265029907227,
      5.452345371246338,
      6.659823894500732,
      15.140856742858887,
      19.946413040161133,
      33.40726089477539,
      39.08449935913086,
      31.674102783203125,
      36.38408279418945,
      46.40218734741211,
      51.508338928222656,
      51.85017776489258,
      53.90270233154297,
      51.40169906616211,
      51.911231994628906,
      48.083885192871094,
      52.701332092285156
    ],
    [
      10.138619422912598,
      12.593347549438477,
      5.527322292327881,
      5.5416178703308105,
      15.869288444519043,
      18.117877960205078,
      35.1931037902832,
      37.6200065612793,
      37.041358947753906,
      37.544837951660156,
      52.8362922668457,
      51.85017776489258,
      67.840576171875,
      63.3570556640625,
      66.38911437988281,
      65.33666229248047,
      62.431949615478516,
      69.19474792480469
    ],
    [
      9.39016342163086,
      12.178771018981934,
      5.369694232940674,
      6.066855430603027,
      15.638014793395996,
      20.480880737304688,
      35.923744201660156,
      41.754600524902344,
      37.05695343017578,
      40.82058334350586,
      51.431373596191406,
      53.90270233154297,
      63.3570556640625,
      66.07766723632812,
      62.35604476928711,
      62.08405303955078,
      57.82745361328125,
      63.422325134277344
    ],
    [
      13.206827163696289,
      15.384734153747559,
      4.63582706451416,
      5.6964335441589355,
      15.182549476623535,
      17.431360244750977,
      33.33986282348633,
      35.41415786743164,
      36.31780242919922,
      35.823368072509766,
      53.692317962646484,
      51.40169906616211,
      66.38911437988281,
      62.35604476928711,
      77.19627380371094,
      73.78903198242188,
      71.43685150146484,
      78.85411071777344
    ],
    [
      12.856698036193848,
      15.517712593078613,
      5.112500190734863,
      6.155956745147705,
      15.592257499694824,
      18.288822174072266,
      34.59284210205078,
      37.333839416503906,
      36.38557434082031,
      36.585330963134766,
      53.41160202026367,
      51.911231994628906,
      65.33666229248047,
      62.08405303955078,
      73.78903198242188,
      73.45952606201172,
      69.80416870117188,
      76.98262786865234
    ],
    [
      14.4638090133667,
      16.98233985900879,
      6.822883605957031,
      7.307646751403809,
      14.373488426208496,
      17.152069091796875,
      34.31092834472656,
      35.31698226928711,
      34.61420822143555,
      34.37266540527344,
      50.94613265991211,
      48.083885192871094,
      62.431949615478516,
      57.82745361328125,
      71.43685150146484,
      69.80416870117188,
      77.86226654052734,
      85.99397277832031
    ],
    [
      15.576467514038086,
      18.257848739624023,
      7.794531345367432,
      7.838738441467285,
      16.40399932861328,
      18.901145935058594,
      37.93510437011719,
      38.475215911865234,
      38.81372833251953,
      37.820648193359375,
      56.7019157409668,
      52.701332092285156,
      69.19474792480469,
      63.422325134277344,
      78.85411071777344,
      76.98262786865234,
      85.99397277832031,
      96.05583953857422
    ]
  ],
  "covariance_short": [
    [
      50.037635803222656,
      37.06147384643555,
      19.07323455810547,
      19.022340774536133,
      10.0175142288208,
      10.029932022094727,
      6.474624156951904,
      9.625865936279297,
      3.341156482696533,
      5.6683197021484375,
      5.704052448272705,
      6.6694536209106445,
      6.795164108276367,
      6.805258750915527,
      8.460199356079102,
      8.743070602416992,
      9.226387023925781,
      9.3677339553833
    ],
    [
      37.06147384643555,
      53.53239059448242,
      18.66413688659668,
      20.423751831054688,
      10.833744049072266,
      10.50448989868164,
      4.9187469482421875,
      10.38027572631836,
      3.498913049697876,
      6.09846305847168,
      5.9527812004089355,
      7.921634197235107,
      6.766580104827881,
      7.274415493011475,
      8.350918769836426,
      8.673260688781738,
      8.615397453308105,
      8.509190559387207
    ],
    [
      19.07323455810547,
      18.66413688659668,
      28.714427947998047,
      21.091087341308594,
      12.861860275268555,
      12.274643898010254,
      7.10830020904541,
      9.65206527709961,
      4.490371227264404,
      5.772261619567871,
      3.8923330307006836,
      5.342977523803711,
      4.472919464111328,
      4.748180389404297,
      5.69183349609375,
      6.561341762542725,
      6.233141899108887,
      6.5140509605407715
    ],
    [
      19.022340774536133,
      20.423751831054688,
      21.091087341308594,
      28.594491958618164,
      12.845948219299316,
      14.008366584777832,
      10.900883674621582,
      15.508376121520996,
      7.937991142272949,
      10.916375160217285,
      8.591967582702637,
      11.277020454406738,
      9.503222465515137,
      10.880495071411133,
      11.162821769714355,
      12.524057388305664,
      11.401843070983887,
      11.60649585723877
    ],
    [
      10.0175142288208,
      10.833744049072266,
      12.861860275268555,
      12.845948219299316,
      39.679656982421875,
      26.266925811767578,
      14.556187629699707,
      17.75843620300293,
      18.53070068359375,
      18.20138168334961,
      14.148975372314453,
      15.257901191711426,
      15.637290954589844,
      16.068002700805664,
      15.33018684387207,
      16.290874481201172,
      12.147472381591797,
      14.076120376586914
    ],
    [
      10.029932022094727,
      10.50448989868164,
      12.274643898010254,
      14.008366584777832,
      26.266925811767578,
      30.26803207397461,
      16.3985652923584,
      22.63859748840332,
      17.683778762817383,
      20.684003829956055,
      14.973100662231445,
      18.434267044067383,
      16.34947395324707,
      19.01482582092285,
      16.373498916625977,
      18.052644729614258,
      14.386434555053711,
      15.703901290893555
    ],
    [
      6.474624156951904,
      4.9187469482421875,
      7.10830020904541,
      10.900883674621582,
      14.556187629699707,
      16.3985652923584,
      40.490631103515625,
      34.98579025268555,
      26.042505264282227,
      29.130489349365234,
      34.36919403076172,
      35.32162857055664,
      37.19345474243164,
      38.13164138793945,
      37.402320861816406,
      39.70406723022461,
      35.32600021362305,
      39.357975006103516
    ],
    [
      9.625865936279297,
      10.38027572631836,
      9.65206527709961,
      15.508376121520996,
      17.75843620300293,
      22.63859748840332,
      34.98579025268555,
      48.64818572998047,
      29.330636978149414,
      35.73509979248047,
      33.30740737915039,
      38.67854690551758,
      37.04914474487305,
      41.67508316040039,
      37.058074951171875,
      39.91265869140625,
      34.2559814453125,
      37.208778381347656
    ],
    [
      3.341156482696533,
      3.498913049697876,
      4.490371227264404,
      7.937991142272949,
      18.53070068359375,
      17.683778762817383,
      26.042505264282227,
      29.330636978149414,
      47.18925476074219,
      35.42304992675781,
      34.28807067871094,
      34.48052978515625,
      40.31583023071289,
      40.51325225830078,
      41.61873245239258,
      42.266502380371094,
      35.86940383911133,
      40.87216567993164
    ],
    [
      5.6683197021484375,
      6.09846305847168,
      5.772261619567871,
      10.916375160217285,
      18.20138168334961,
      20.684003829956055,
      29.130489349365234,
      35.73509979248047,
      35.42304992675781,
      43.076324462890625,
      33.616859436035156,
      37.602210998535156,
      39.207096099853516,
      42.68144607543945,
      38.81755828857422,
      40.78867721557617,
      34.5357780456543,
      38.161617279052734
    ],
    [
      5.704052448272705,
      5.9527812004089355,
      3.8923330307006836,
      8.591967582702637,
      14.148975372314453,
      14.973100662231445,
      34.36919403076172,
      33.30740737915039,
      34.28807067871094,
      33.616859436035156,
      58.42303466796875,
      48.86817932128906,
      56.886962890625,
      54.367454528808594,
      59.33744430541992,
      58.519561767578125,
      52.479373931884766,
      59.31598663330078
    ],
    [
      6.6694536209106445,
      7.921634197235107,
      5.342977523803711,
      11.277020454406738,
      15.257901191711426,
      18.434267044067383,
      35.32162857055664,
      38.67854690551758,
      34.48052978515625,
      37.602210998535156,
      48.86817932128906,
      55.24498748779297,
      53.24729919433594,
      55.27958297729492,
      55.18955993652344,
      55.667152404785156,
      48.44491958618164,
      53.46363830566406
    ],
    [
      6.795164108276367,
      6.766580104827881,
      4.472919464111328,
      9.503222465515137,
      15.637290954589844,
      16.34947395324707,
      37.19345474243164,
      37.04914474487305,
      40.31583023071289,
      39.207096099853516,
      56.886962890625,
      53.24729919433594,
      74.84620666503906,
      67.19880676269531,
      71.26436614990234,
      69.2376937866211,
      63.85496520996094,
      71.6142349243164
    ],
    [
      6.805258750915527,
      7.274415493011475,
      4.748180389404297,
      10.880495071411133,
      16.068002700805664,
      19.01482582092285,
      38.13164138793945,
      41.67508316040039,
      40.51325225830078,
      42.68144607543945,
      54.367454528808594,
      55.27958297729492,
      67.19880676269531,
      71.18143463134766,
      66.78507995605469,
      66.1204833984375,
      59.04232406616211,
      65.2661361694336
    ],
    [
      8.460199356079102,
      8.350918769836426,
      5.69183349609375,
      11.162821769714355,
      15.33018684387207,
      16.373498916625977,
      37.402320861816406,
      37.058074951171875,
      41.61873245239258,
      38.81755828857422,
      59.33744430541992,
      55.18955993652344,
      71.26436614990234,
      66.78507995605469,
      85.42436218261719,
      80.69253540039062,
      74.40819549560547,
      83.17477416992188
    ],
    [
      8.743070602416992,
      8.673260688781738,
      6.561341762542725,
      12.524057388305664,
      16.290874481201172,
      18.052644729614258,
      39.70406723022461,
      39.91265869140625,
      42.266502380371094,
      40.78867721557617,
      58.519561767578125,
      55.667152404785156,
      69.2376937866211,
      66.1204833984375,
      80.69253540039062,
      81.9830093383789,
      73.39140319824219,
      81.82315826416016
    ],
    [
      9.226387023925781,
      8.615397453308105,
      6.233141899108887,
      11.401843070983887,
      12.147472381591797,
      14.386434555053711,
      35.32600021362305,
      34.2559814453125,
      35.86940383911133,
      34.5357780456543,
      52.479373931884766,
      48.44491958618164,
      63.85496520996094,
      59.04232406616211,
      74.40819549560547,
      73.39140319824219,
      77.90179443359375,
      86.30757141113281
    ],
    [
      9.3677339553833,
      8.509190559387207,
      6.5140509605407715,
      11.60649585723877,
      14.076120376586914,
      15.703901290893555,
      39.357975006103516,
      37.208778381347656,
      40.87216567993164,
      38.161617279052734,
      59.31598663330078,
      53.46363830566406,
      71.6142349243164,
      65.2661361694336,
      83.17477416992188,
      81.82315826416016,
      86.30757141113281,
      97.5357437133789
    ]
  ],
  "damage": -6.2018303871154785,
  "diff_bandwidth": 595.9762573242188,
  "dissonance": 4.611551371832706,
  "drr": 6.79625129699707,
  "dynamics": 3.616159439086914,
  "format": 1245190,
  "frames": 11316160,
  "loudness": -12.63350772857666,
  "loudness_range": 10.375810623168945,
  "loudness_range_short": 11.151081085205078,
  "lowpass_true_peak_15khz": 0.2078922539949417,
  "mastering3_acoustic_entropies": [
    {
      "acoustic_entropy": 9.127202987670898,
      "acoustic_entropy_mono": 7.857905387878418,
      "band_eliminated_acoustic_entropies": [
        {
          "acoustic_entropy": 8.401537895202637,
          "acoustic_entropy_side": 8.901921272277832,
          "hz": 129.47220167065723
        },
        {
          "acoustic_entropy": 8.401780128479004,
          "acoustic_entropy_side": 8.822603225708008,
          "hz": 202.92927478742237
        },
        {
          "acoustic_entropy": 9.229291915893555,
          "acoustic_entropy_side": 9.21297550201416,
          "hz": 282.89161906338205
        },
        {
          "acoustic_entropy": 9.836873054504395,
          "acoustic_entropy_side": 9.2398099899292,
          "hz": 369.9353335868758
        },
        {
          "acoustic_entropy": 9.760126113891602,
          "acoustic_entropy_side": 9.053468704223633,
          "hz": 464.6875360973435
        },
        {
          "acoustic_entropy": 8.821099281311035,
          "acoustic_entropy_side": 9.093927383422852,
          "hz": 567.8308811364784
        },
        {
          "acoustic_entropy": 8.771718978881836,
          "acoustic_entropy_side": 9.170251846313477,
          "hz": 680.1084783214808
        },
        {
          "acoustic_entropy": 9.027064323425293,
          "acoustic_entropy_side": 9.154544830322266,
          "hz": 802.3292461747484
        },
        {
          "acoustic_entropy": 8.969348907470703,
          "acoustic_entropy_side": 9.07393741607666,
          "hz": 935.3737400823702
        },
        {
          "acoustic_entropy": 8.98522663116455,
          "acoustic_entropy_side": 9.051895141601562,
          "hz": 1080.2004963696966
        },
        {
          "acoustic_entropy": 8.946343421936035,
          "acoustic_entropy_side": 9.06037712097168,
          "hz": 1237.8529382007157
        },
        {
          "acoustic_entropy": 8.653288841247559,
          "acoustic_entropy_side": 9.01773452758789,
          "hz": 1409.4668930556702
        },
        {
          "acoustic_entropy": 8.966462135314941,
          "acoustic_entropy_side": 9.024182319641113,
          "hz": 1596.2787759475705
        },
        {
          "acoustic_entropy": 9.015975952148438,
          "acoustic_entropy_side": 8.951752662658691,
          "hz": 1799.6344973346393
        },
        {
          "acoustic_entropy": 8.850427627563477,
          "acoustic_entropy_side": 8.977106094360352,
          "hz": 2020.9991599069049
        },
        {
          "acoustic_entropy": 8.387616157531738,
          "acoustic_entropy_side": 9.033634185791016,
          "hz": 2261.9676141086993
        },
        {
          "acoustic_entropy": 7.73921012878418,
          "acoustic_entropy_side": 9.074543952941895,
          "hz": 2524.2759484456974
        },
        {
          "acoustic_entropy": 7.945989608764648,
          "acoustic_entropy_side": 9.064362525939941,
          "hz": 2809.813997359896
        },
        {
          "acoustic_entropy": 8.749443054199219,
          "acoustic_entropy_side": 9.095480918884277,
          "hz": 3120.6389567871424
        },
        {
          "acoustic_entropy": 8.60754680633545,
          "acoustic_entropy_side": 9.373235702514648,
          "hz": 3458.990205492291
        },
        {
          "acoustic_entropy": 8.635446548461914,
          "acoustic_entropy_side": 8.962424278259277,
          "hz": 3827.305438964164
        },
        {
          "acoustic_entropy": 8.862886428833008,
          "acoustic_entropy_side": 9.079051971435547,
          "hz": 4228.238232109126
        },
        {
          "acoustic_entropy": 9.089520454406738,
          "acoustic_entropy_side": 9.104657173156738,
          "hz": 4664.6771572759235
        },
        {
          "acoustic_entropy": 8.783084869384766,
          "acoustic_entropy_side": 9.000844955444336,
          "hz": 5139.766595350093
        },
        {
          "acoustic_entropy": 9.133713722229004,
          "acoustic_entropy_side": 9.146867752075195,
          "hz": 5656.929389854203
        },
        {
          "acoustic_entropy": 9.041412353515625,
          "acoustic_entropy_side": 9.130996704101562,
          "hz": 6219.891507268283
        },
        {
          "acoustic_entropy": 8.88455581665039,
          "acoustic_entropy_side": 9.0838623046875,
          "hz": 6832.70888123896
        },
        {
          "acoustic_entropy": 9.04836654663086,
          "acoustic_entropy_side": 9.116864204406738,
          "hz": 7499.796634079867
        },
        {
          "acoustic_entropy": 9.01865291595459,
          "acoustic_entropy_side": 9.115976333618164,
          "hz": 8225.96088609342
        },
        {
          "acoustic_entropy": 9.089378356933594,
          "acoustic_entropy_side": 9.120468139648438,
          "hz": 9016.43338188839
        },
        {
          "acoustic_entropy": 9.083674430847168,
          "acoustic_entropy_side": 9.114694595336914,
          "hz": 9876.909183162974
        },
        {
          "acoustic_entropy": 9.135354995727539,
          "acoustic_entropy_side": 9.131413459777832,
          "hz": 10813.587699516042
        },
        {
          "acoustic_entropy": 9.137950897216797,
          "acoustic_entropy_side": 9.133212089538574,
          "hz": 11833.21735289826
        },
        {
          "acoustic_entropy": 9.13901138305664,
          "acoustic_entropy_side": 9.13418960571289,
          "hz": 12943.144197493959
        },
        {
          "acoustic_entropy": 9.139497756958008,
          "acoustic_entropy_side": 9.136591911315918,
          "hz": 14151.364845322005
        },
        {
          "acoustic_entropy": 9.138882637023926,
          "acoustic_entropy_side": 9.136466026306152,
          "hz": 15466.58407886509
        },
        {
          "acoustic_entropy": 9.12801456451416,
          "acoustic_entropy_side": 9.127857208251953,
          "hz": 16898.27756580493
        },
        {
          "acoustic_entropy": 9.129827499389648,
          "acoustic_entropy_side": 9.1296968460083,
          "hz": 18456.760127700032
        },
        {
          "acoustic_entropy": 9.129570007324219,
          "acoustic_entropy_side": 9.129486083984375,
          "hz": 20153.260054456492
        },
        {
          "acoustic_entropy": 9.127496719360352,
          "acoustic_entropy_side": 9.127490997314453,
          "hz": 22000.00000000001
        }
      ],
      "diff_acoustic_entropy": 5.486719131469727,
      "sn": 6
    },
    {
      "acoustic_entropy": 14.78155517578125,
      "acoustic_entropy_mono": 14.367215156555176,
      "band_eliminated_acoustic_entropies": [
        {
          "acoustic_entropy": 14.159953117370605,
          "acoustic_entropy_side": 14.529391288757324,
          "hz": 129.47220167065723
        },
        {
          "acoustic_entropy": 13.884925842285156,
          "acoustic_entropy_side": 15.049352645874023,
          "hz": 202.92927478742237
        },
        {
          "acoustic_entropy": 15.283208847045898,
          "acoustic_entropy_side": 15.037100791931152,
          "hz": 282.89161906338205
        },
        {
          "acoustic_entropy": 15.263127326965332,
          "acoustic_entropy_side": 14.718320846557617,
          "hz": 369.9353335868758
        },
        {
          "acoustic_entropy": 14.814396858215332,
          "acoustic_entropy_side": 14.943414688110352,
          "hz": 464.6875360973435
        },
        {
          "acoustic_entropy": 14.572640419006348,
          "acoustic_entropy_side": 14.757546424865723,
          "hz": 567.8308811364784
        },
        {
          "acoustic_entropy": 14.508407592773438,
          "acoustic_entropy_side": 14.382155418395996,
          "hz": 680.1084783214808
        },
        {
          "acoustic_entropy": 14.927845001220703,
          "acoustic_entropy_side": 14.78299331665039,
          "hz": 802.3292461747484
        },
        {
          "acoustic_entropy": 14.009973526000977,
          "acoustic_entropy_side": 14.74504280090332,
          "hz": 935.3737400823702
        },
        {
          "acoustic_entropy": 15.029868125915527,
          "acoustic_entropy_side": 14.939085006713867,
          "hz": 1080.2004963696966
        },
        {
          "acoustic_entropy": 13.471412658691406,
          "acoustic_entropy_side": 14.486021995544434,
          "hz": 1237.8529382007157
        },
        {
          "acoustic_entropy": 14.463640213012695,
          "acoustic_entropy_side": 14.68775749206543,
          "hz": 1409.4668930556702
        },
        {
          "acoustic_entropy": 14.360082626342773,
          "acoustic_entropy_side": 14.917268753051758,
          "hz": 1596.2787759475705
        },
        {
          "acoustic_entropy": 14.06576156616211,
          "acoustic_entropy_side": 14.750896453857422,
          "hz": 1799.6344973346393
        },
        {
          "acoustic_entropy": 14.445725440979004,
          "acoustic_entropy_side": 14.629812240600586,
          "hz": 2020.9991599069049
        },
        {
          "acoustic_entropy": 14.351580619812012,
          "acoustic_entropy_side": 14.420902252197266,
          "hz": 2261.9676141086993
        },
        {
          "acoustic_entropy": 14.054789543151855,
          "acoustic_entropy_side": 14.878533363342285,
          "hz": 2524.2759484456974
        },
        {
          "acoustic_entropy": 13.40450382232666,
          "acoustic_entropy_side": 14.645487785339355,
          "hz": 2809.813997359896
        },
        {
          "acoustic_entropy": 14.917591094970703,
          "acoustic_entropy_side": 14.82608699798584,
          "hz": 3120.6389567871424
        },
        {
          "acoustic_entropy": 14.672592163085938,
          "acoustic_entropy_side": 15.01690673828125,
          "hz": 3458.990205492291
        },
        {
          "acoustic_entropy": 14.386112213134766,
          "acoustic_entropy_side": 14.709233283996582,
          "hz": 3827.305438964164
        },
        {
          "acoustic_entropy": 14.560422897338867,
          "acoustic_entropy_side": 14.727364540100098,
          "hz": 4228.238232109126
        },
        {
          "acoustic_entropy": 14.808490753173828,
          "acoustic_entropy_side": 14.829169273376465,
          "hz": 4664.6771572759235
        },
        {
          "acoustic_entropy": 14.201563835144043,
          "acoustic_entropy_side": 14.65278148651123,
          "hz": 5139.766595350093
        },
        {
          "acoustic_entropy": 14.926679611206055,
          "acoustic_entropy_side": 14.89389705657959,
          "hz": 5656.929389854203
        },
        {
          "acoustic_entropy": 14.932611465454102,
          "acoustic_entropy_side": 14.735478401184082,
          "hz": 6219.891507268283
        },
        {
          "acoustic_entropy": 14.84226131439209,
          "acoustic_entropy_side": 14.741073608398438,
          "hz": 6832.70888123896
        },
        {
          "acoustic_entropy": 14.917037963867188,
          "acoustic_entropy_side": 14.849553108215332,
          "hz": 7499.796634079867
        },
        {
          "acoustic_entropy": 14.638656616210938,
          "acoustic_entropy_side": 14.732918739318848,
          "hz": 8225.96088609342
        },
        {
          "acoustic_entropy": 14.625592231750488,
          "acoustic_entropy_side": 14.745077133178711,
          "hz": 9016.43338188839
        },
        {
          "acoustic_entropy": 14.616114616394043,
          "acoustic_entropy_side": 14.713937759399414,
          "hz": 9876.909183162974
        },
        {
          "acoustic_entropy": 14.783828735351562,
          "acoustic_entropy_side": 14.79150390625,
          "hz": 10813.587699516042
        },
        {
          "acoustic_entropy": 14.833925247192383,
          "acoustic_entropy_side": 14.810851097106934,
          "hz": 11833.21735289826
        },
        {
          "acoustic_entropy": 14.840676307678223,
          "acoustic_entropy_side": 14.819395065307617,
          "hz": 12943.144197493959
        },
        {
          "acoustic_entropy": 14.819201469421387,
          "acoustic_entropy_side": 14.813687324523926,
          "hz": 14151.364845322005
        },
        {
          "acoustic_entropy": 14.82115364074707,
          "acoustic_entropy_side": 14.820283889770508,
          "hz": 15466.58407886509
        },
        {
          "acoustic_entropy": 14.798754692077637,
          "acoustic_entropy_side": 14.797258377075195,
          "hz": 16898.27756580493
        },
        {
          "acoustic_entropy": 14.800058364868164,
          "acoustic_entropy_side": 14.798413276672363,
          "hz": 18456.760127700032
        },
        {
          "acoustic_entropy": 14.79346752166748,
          "acoustic_entropy_side": 14.79277515411377,
          "hz": 20153.260054456492
        },
        {
          "acoustic_entropy": 14.783685684204102,
          "acoustic_entropy_side": 14.783632278442383,
          "hz": 22000.00000000001
        }
      ],
      "diff_acoustic_entropy": 8.578125953674316,
      "sn": 12
    },
    {
      "acoustic_entropy": 20.436796188354492,
      "acoustic_entropy_mono": 19.588863372802734,
      "band_eliminated_acoustic_entropies": [
        {
          "acoustic_entropy": 21.038583755493164,
          "acoustic_entropy_side": 21.2502498626709,
          "hz": 129.47220167065723
        },
        {
          "acoustic_entropy": 20.678417205810547,
          "acoustic_entropy_side": 20.28792381286621,
          "hz": 202.92927478742237
        },
        {
          "acoustic_entropy": 20.603137969970703,
          "acoustic_entropy_side": 21.192520141601562,
          "hz": 282.89161906338205
        },
        {
          "acoustic_entropy": 20.213024139404297,
          "acoustic_entropy_side": 20.09975814819336,
          "hz": 369.9353335868758
        },
        {
          "acoustic_entropy": 20.482629776000977,
          "acoustic_entropy_side": 20.615774154663086,
          "hz": 464.6875360973435
        },
        {
          "acoustic_entropy": 20.403366088867188,
          "acoustic_entropy_side": 20.03841781616211,
          "hz": 567.8308811364784
        },
        {
          "acoustic_entropy": 21.336355209350586,
          "acoustic_entropy_side": 20.072940826416016,
          "hz": 680.1084783214808
        },
        {
          "acoustic_entropy": 20.48848533630371,
          "acoustic_entropy_side": 21.08207130432129,
          "hz": 802.3292461747484
        },
        {
          "acoustic_entropy": 20.07020378112793,
          "acoustic_entropy_side": 20.21261978149414,
          "hz": 935.3737400823702
        },
        {
          "acoustic_entropy": 20.522907257080078,
          "acoustic_entropy_side": 20.29557228088379,
          "hz": 1080.2004963696966
        },
        {
          "acoustic_entropy": 20.40275001525879,
          "acoustic_entropy_side": 20.581083297729492,
          "hz": 1237.8529382007157
        },
        {
          "acoustic_entropy": 20.211650848388672,
          "acoustic_entropy_side": 20.815988540649414,
          "hz": 1409.4668930556702
        },
        {
          "acoustic_entropy": 19.834095001220703,
          "acoustic_entropy_side": 20.336841583251953,
          "hz": 1596.2787759475705
        },
        {
          "acoustic_entropy": 20.805259704589844,
          "acoustic_entropy_side": 21.133602142333984,
          "hz": 1799.6344973346393
        },
        {
          "acoustic_entropy": 20.339460372924805,
          "acoustic_entropy_side": 20.36704444885254,
          "hz": 2020.9991599069049
        },
        {
          "acoustic_entropy": 20.66364288330078,
          "acoustic_entropy_side": 20.700607299804688,
          "hz": 2261.9676141086993
        },
        {
          "acoustic_entropy": 19.71814727783203,
          "acoustic_entropy_side": 20.51418113708496,
          "hz": 2524.2759484456974
        },
        {
          "acoustic_entropy": 20.972366333007812,
          "acoustic_entropy_side": 20.850292205810547,
          "hz": 2809.813997359896
        },
        {
          "acoustic_entropy": 21.07522964477539,
          "acoustic_entropy_side": 20.279644012451172,
          "hz": 3120.6389567871424
        },
        {
