{
  "acoustic_entropy": 209.860107421875,
  "bands": [
    {
      "high_freq": 148.1999969482422,
      "loudness": -20.419343948364258,
      "loudness_range": 11.468622207641602,
      "mid_mean": -16.899078369140625,
      "mid_to_side_loudness": -25.37137794494629,
      "mid_to_side_loudness_range": 22.035720825195312,
      "side_mean": -44.20623779296875
    },
    {
      "high_freq": 392.3793640136719,
      "loudness": -21.81453514099121,
      "loudness_range": 9.230113983154297,
      "low_freq": 148.1999969482422,
      "mid_mean": -18.55075454711914,
      "mid_to_side_loudness": -11.86760425567627,
      "mid_to_side_loudness_range": 11.943382263183594,
      "side_mean": -30.395736694335938
    },
    {
      "high_freq": 794.6976318359375,
      "loudness": -25.346935272216797,
      "loudness_range": 11.46881103515625,
      "low_freq": 392.3793640136719,
      "mid_mean": -22.93251609802246,
      "mid_to_side_loudness": -5.059085369110107,
      "mid_to_side_loudness_range": 6.740312576293945,
      "side_mean": -28.094959259033203
    },
    {
      "high_freq": 1457.5709228515625,
      "loudness": -26.939882278442383,
      "loudness_range": 11.167104721069336,
      "low_freq": 794.6976318359375,
      "mid_mean": -24.702741622924805,
      "mid_to_side_loudness": -4.427670955657959,
      "mid_to_side_loudness_range": 6.939035892486572,
      "side_mean": -29.185514450073242
    },
    {
      "high_freq": 2549.74365234375,
      "loudness": -25.545188903808594,
      "loudness_range": 13.268945693969727,
      "low_freq": 1457.5709228515625,
      "mid_mean": -23.00481605529785,
      "mid_to_side_loudness": -5.777939319610596,
      "mid_to_side_loudness_range": 8.149394035339355,
      "side_mean": -28.84734344482422
    },
    {
      "high_freq": 4349.24462890625,
      "loudness": -26.40274429321289,
      "loudness_range": 12.326177597045898,
      "low_freq": 2549.74365234375,
      "mid_mean": -23.698774337768555,
      "mid_to_side_loudness": -6.418025016784668,
      "mid_to_side_loudness_range": 8.298616409301758,
      "side_mean": -30.310592651367188
    },
    {
      "high_freq": 7314.1640625,
      "loudness": -30.338899612426758,
      "loudness_range": 13.838321685791016,
      "low_freq": 4349.24462890625,
      "mid_mean": -27.460620880126953,
      "mid_to_side_loudness": -7.920560359954834,
      "mid_to_side_loudness_range": 12.171513557434082,
      "side_mean": -35.69774627685547
    },
    {
      "high_freq": 12199.2666015625,
      "loudness": -37.401885986328125,
      "loudness_range": 15.409591674804688,
      "low_freq": 7314.1640625,
      "mid_mean": -34.607078552246094,
      "mid_to_side_loudness": -7.382904529571533,
      "mid_to_side_loudness_range": 11.294914245605469,
      "side_mean": -42.145355224609375
    },
    {
      "loudness": -44.90584945678711,
      "loudness_range": 13.465930938720703,
      "low_freq": 12199.2666015625,
      "mid_mean": -42.141273498535156,
      "mid_to_side_loudness": -6.897525787353516,
      "mid_to_side_loudness_range": 7.753114700317383,
      "side_mean": -50.451786041259766
    }
  ],
  "bands_short": [
    {
      "high_freq": 148.1999969482422,
      "loudness": -24.329652786254883,
      "loudness_range": 21.18579864501953,
      "mid_mean": -20.966352462768555,
      "mid_to_side_loudness": -25.399782180786133,
      "mid_to_side_loudness_range": 28.0919132232666,
      "side_mean": -48.52885818481445
    },
    {
      "high_freq": 392.3793640136719,
      "loudness": -22.420291900634766,
      "loudness_range": 17.55738067626953,
      "low_freq": 148.1999969482422,
      "mid_mean": -19.282140731811523,
      "mid_to_side_loudness": -12.171159744262695,
      "mid_to_side_loudness_range": 18.40308380126953,
      "side_mean": -31.601118087768555
    },
    {
      "high_freq": 794.6976318359375,
      "loudness": -26.358016967773438,
      "loudness_range": 14.673046112060547,
      "low_freq": 392.3793640136719,
      "mid_mean": -24.065065383911133,
      "mid_to_side_loudness": -5.200196266174316,
      "mid_to_side_loudness_range": 10.526394844055176,
      "side_mean": -29.371856689453125
    },
    {
      "high_freq": 1457.5709228515625,
      "loudness": -27.690492630004883,
      "loudness_range": 16.055644989013672,
      "low_freq": 794.6976318359375,
      "mid_mean": -25.62061309814453,
      "mid_to_side_loudness": -4.471864700317383,
      "mid_to_side_loudness_range": 9.78555679321289,
      "side_mean": -30.10511016845703
    },
    {
      "high_freq": 2549.74365234375,
      "loudness": -27.35553741455078,
      "loudness_range": 18.791044235229492,
      "low_freq": 1457.5709228515625,
      "mid_mean": -24.995376586914062,
      "mid_to_side_loudness": -5.500056743621826,
      "mid_to_side_loudness_range": 10.623120307922363,
      "side_mean": -30.556194305419922
    },
    {
      "high_freq": 4349.24462890625,
      "loudness": -27.995508193969727,
      "loudness_range": 17.003650665283203,
      "low_freq": 2549.74365234375,
      "mid_mean": -25.540843963623047,
      "mid_to_side_loudness": -5.910489559173584,
      "mid_to_side_loudness_range": 10.18862247467041,
      "side_mean": -31.64154052734375
    },
    {
      "high_freq": 7314.1640625,
      "loudness": -32.628814697265625,
      "loudness_range": 19.10302734375,
      "low_freq": 4349.24462890625,
      "mid_mean": -30.093116760253906,
      "mid_to_side_loudness": -6.385054588317871,
      "mid_to_side_loudness_range": 12.11498737335205,
      "side_mean": -36.74825668334961
    },
    {
      "high_freq": 12199.2666015625,
      "loudness": -39.5643310546875,
      "loudness_range": 21.812891006469727,
      "low_freq": 7314.1640625,
      "mid_mean": -37.111881256103516,
      "mid_to_side_loudness": -6.670374393463135,
      "mid_to_side_loudness_range": 11.476740837097168,
      "side_mean": -44.082252502441406
    },
    {
      "loudness": -48.26677322387695,
      "loudness_range": 23.329776763916016,
      "low_freq": 12199.2666015625,
      "mid_mean": -46.01789474487305,
      "mid_to_side_loudness": -6.681166172027588,
      "mid_to_side_loudness_range": 10.869524002075195,
      "side_mean": -53.9256706237793
    }
  ],
  "bandwidth": 485.5555419921875,
  "channels": 2,
  "covariance": [
    [
      33.561058044433594,
      24.503337860107422,
      12.123035430908203,
      5.121878147125244,
      -1.0723962783813477,
      -1.7408348321914673,
      2.0914151668548584,
      2.6012139320373535,
      5.905623912811279,
      8.08557415008545,
      5.082302570343018,
      7.948374271392822,
      7.806670665740967,
      11.003693580627441,
      11.298446655273438,
      14.845531463623047,
      7.098108291625977,
      14.871891021728516
    ],
    [
      24.503337860107422,
      70.61906433105469,
      15.95375919342041,
      23.727275848388672,
      7.323517799377441,
      9.657902717590332,
      11.977694511413574,
      18.213537216186523,
      14.342330932617188,
      18.378406524658203,
      11.794966697692871,
      16.68174171447754,
      11.54287338256836,
      23.171751022338867,
      18.3640193939209,
      32.08196258544922,
      8.726736068725586,
      20.32710838317871
    ],
    [
      12.123035430908203,
      15.95375919342041,
      13.977743148803711,
      8.5416259765625,
      4.939168930053711,
      4.159435749053955,
      4.844438076019287,
      6.084399700164795,
      7.706117630004883,
      8.957854270935059,
      6.4737772941589355,
      7.375473499298096,
      7.833171844482422,
      8.955216407775879,
      9.404723167419434,
      14.03200912475586,
      7.187071323394775,
      12.376700401306152
    ],
    [
      5.121878147125244,
      23.727275848388672,
      8.5416259765625,
      22.587575912475586,
      11.55344009399414,
      13.45823860168457,
      10.870095252990723,
      13.5736722946167,
      11.579878807067871,
      11.886381149291992,
      9.239678382873535,
      9.331719398498535,
      8.469684600830078,
      11.839437484741211,
      8.226642608642578,
      14.202193260192871,
      3.301600456237793,
      7.196420669555664
    ],
    [
      -1.0723962783813477,
      7.323517799377441,
      4.939168930053711,
      11.55344009399414,
      18.371999740600586,
      17.64883804321289,
      12.36395263671875,
      12.00940227508545,
      13.039661407470703,
      10.731311798095703,
      9.85643482208252,
      8.143171310424805,
      9.015568733215332,
      8.18282699584961,
      8.132990837097168,
      8.814940452575684,
      4.940026760101318,
      6.2921223640441895
    ],
    [
      -1.7408348321914673,
      9.657902717590332,
      4.159435749053955,
      13.45823860168457,
      17.64883804321289,
      23.160560607910156,
      13.621757507324219,
      15.680150032043457,
      13.373271942138672,
      12.731523513793945,
      10.007621765136719,
      9.578022003173828,
      7.613373279571533,
      9.246607780456543,
      5.021069526672363,
      7.643408298492432,
      1.5318464040756226,
      3.5503013134002686
    ],
    [
      2.0914151668548584,
      11.977694511413574,
      4.844438076019287,
      10.870095252990723,
      12.36395263671875,
      13.621757507324219,
      18.392234802246094,
      16.241558074951172,
      11.625377655029297,
      11.526802062988281,
      10.058686256408691,
      9.31667709350586,
      9.245238304138184,
      8.986504554748535,
      8.34063720703125,
      8.559661865234375,
      6.193281650543213,
      8.05591106414795
    ],
    [
      2.6012139320373535,
      18.213537216186523,
      6.084399700164795,
      13.5736722946167,
      12.00940227508545,
      15.680150032043457,
      16.241558074951172,
      21.81622314453125,
      11.14434814453125,
      13.811853408813477,
      9.368555068969727,
      11.035967826843262,
      8.789566040039062,
      12.542522430419922,
      10.399924278259277,
      14.784128189086914,
      7.062328338623047,
      12.275650024414062
    ],
    [
      5.905623912811279,
      14.342330932617188,
      7.706117630004883,
      11.579878807067871,
      13.039661407470703,
      13.373271942138672,
      11.625377655029297,
      11.14434814453125,
      23.89915657043457,
      18.145999908447266,
      17.789918899536133,
      14.678813934326172,
      12.65620231628418,
      11.931208610534668,
      11.199212074279785,
      12.587769508361816,
      5.882780075073242,
      8.546878814697266
    ],
    [
      8.08557415008545,
      18.378406524658203,
      8.957854270935059,
      11.886381149291992,
      10.731311798095703,
      12.731523513793945,
      11.526802062988281,
      13.811853408813477,
      18.145999908447266,
      20.42107391357422,
      14.48141860961914,
      16.049076080322266,
      12.120176315307617,
      14.354409217834473,
      12.457219123840332,
      16.602279663085938,
      7.8954973220825195,
      12.558205604553223
    ],
    [
      5.082302570343018,
      11.794966697692871,
      6.4737772941589355,
      9.239678382873535,
      9.85643482208252,
      10.007621765136719,
      10.058686256408691,
      9.368555068969727,
      17.789918899536133,
      14.48141860961914,
      20.69804573059082,
      14.85416316986084,
      13.552840232849121,
      11.931037902832031,
      11.260300636291504,
      11.234739303588867,
      6.42048454284668,
      8.046637535095215
    ],
    [
      7.948374271392822,
      16.68174171447754,
      7.375473499298096,
      9.331719398498535,
      8.143171310424805,
      9.578022003173828,
      9.31667709350586,
      11.035967826843262,
      14.678813934326172,
      16.049076080322266,
      14.85416316986084,
      18.955324172973633,
      10.90848159790039,
      15.97464370727539,
      11.487235069274902,
      15.961956024169922,
      6.48993444442749,
      12.12515640258789
    ],
    [
      7.806670665740967,
      11.54287338256836,
      7.833171844482422,
      8.469684600830078,
      9.015568733215332,
      7.613373279571533,
      9.245238304138184,
      8.789566040039062,
      12.65620231628418,
      12.120176315307617,
      13.552840232849121,
      10.90848159790039,
      26.819347381591797,
      18.183578491210938,
      21.085844039916992,
      18.546268463134766,
      15.272741317749023,
      15.155479431152344
    ],
    [
      11.003693580627441,
      23.171751022338867,
      8.955216407775879,
      11.839437484741211,
      8.18282699584961,
      9.246607780456543,
      8.986504554748535,
      12.542522430419922,
      11.931208610534668,
      14.354409217834473,
      11.931037902832031,
      15.97464370727539,
      18.183578491210938,
      27.770782470703125,
      20.213085174560547,
      29.659870147705078,
      12.043956756591797,
      20.60993766784668
    ],
    [
      11.298446655273438,
      18.3640193939209,
      9.404723167419434,
      8.226642608642578,
      8.132990837097168,
      5.021069526672363,
      8.34063720703125,
      10.399924278259277,
      11.199212074279785,
      12.457219123840332,
      11.260300636291504,
      11.487235069274902,
      21.085844039916992,
      20.213085174560547,
      30.954538345336914,
      29.188743591308594,
      24.12001609802246,
      26.450199127197266
    ],
    [
      14.845531463623047,
      32.08196258544922,
      14.03200912475586,
      14.202193260192871,
      8.814940452575684,
      7.643408298492432,
      8.559661865234375,
      14.784128189086914,
      12.587769508361816,
      16.602279663085938,
      11.234739303588867,
      15.961956024169922,
      18.546268463134766,
      29.659870147705078,
      29.188743591308594,
      46.471641540527344,
      22.77854347229004,
      36.612186431884766
    ],
    [
      7.098108291625977,
      8.726736068725586,
      7.187071323394775,
      3.301600456237793,
      4.940026760101318,
      1.5318464040756226,
      6.193281650543213,
      7.062328338623047,
      5.882780075073242,
      7.8954973220825195,
      6.42048454284668,
      6.48993444442749,
      15.272741317749023,
      12.043956756591797,
      24.12001609802246,
      22.77854347229004,
      29.841033935546875,
      31.510786056518555
    ],
    [
      14.871891021728516,
      20.32710838317871,
      12.376700401306152,
      7.196420669555664,
      6.2921223640441895,
      3.5503013134002686,
      8.05591106414795,
      12.275650024414062,
      8.546878814697266,
      12.558205604553223,
      8.046637535095215,
      12.12515640258789,
      15.155479431152344,
      20.60993766784668,
      26.450199127197266,
      36.612186431884766,
      31.510786056518555,
      65.41537475585938
    ]
  ],
  "covariance_short": [
    [
      62.222618103027344,
      33.71537780761719,
      25.5279541015625,
      7.710585117340088,
      -1.231181025505066,
      -1.1503576040267944,
      3.8207695484161377,
      3.230073928833008,
      6.354351997375488,
      6.6812896728515625,
      3.5970606803894043,
      5.935089111328125,
      7.172948360443115,
      11.816957473754883,
      11.448370933532715,
      18.8178653717041,
      9.750970840454102,
      17.79558563232422
    ],
    [
      33.71537780761719,
      85.89976501464844,
      24.520248413085938,
      23.54176139831543,
      7.514998912811279,
      9.734318733215332,
      15.991504669189453,
      19.653684616088867,
      19.25595474243164,
      17.97099494934082,
      13.819816589355469,
      14.41835880279541,
      17.593082427978516,
      23.568801879882812,
      24.643035888671875,
      36.55731964111328,
      15.088723182678223,
      28.356353759765625
    ],
    [
      25.5279541015625,
      24.520248413085938,
      42.58443832397461,
      16.828697204589844,
      12.731141090393066,
      9.738557815551758,
      13.330316543579102,
      12.017463684082031,
      17.065677642822266,
      12.840160369873047,
      14.343783378601074,
      11.082030296325684,
      14.094183921813965,
      13.525796890258789,
      17.011764526367188,
      20.920368194580078,
      15.349095344543457,
      19.521808624267578
    ],
    [
      7.710585117340088,
      23.54176139831543,
      16.828697204589844,
      33.990272521972656,
      14.612285614013672,
      18.071420669555664,
      17.02194595336914,
      19.234403610229492,
      17.487783432006836,
      16.59052276611328,
      15.293353080749512,
      14.211913108825684,
      13.653392791748047,
      15.147382736206055,
      12.093301773071289,
      18.061037063598633,
      7.681343078613281,
      12.629755973815918
    ],
    [
      -1.231181025505066,
      7.514998912811279,
      12.731141090393066,
      14.612285614013672,
      29.236194610595703,
      24.848756790161133,
      20.085866928100586,
      18.571239471435547,
      20.17898941040039,
      15.643478393554688,
      16.75277328491211,
      12.416638374328613,
      14.919419288635254,
      11.491032600402832,
      12.966761589050293,
      11.948115348815918,
      9.694220542907715,
      8.11347770690918
    ],
    [
      -1.1503576040267944,
      9.734318733215332,
      9.738557815551758,
      18.071420669555664,
      24.848756790161133,
      35.549407958984375,
      19.840848922729492,
      22.833728790283203,
      20.169870376586914,
      18.461671829223633,
      16.390825271606445,
      14.041163444519043,
      12.019428253173828,
      11.843218803405762,
      7.49203634262085,
      8.99853229522705,
      3.168977737426758,
      3.4344894886016846
    ],
    [
      3.8207695484161377,
      15.991504669189453,
      13.330316543579102,
      17.02194595336914,
      20.085866928100586,
      19.840848922729492,
      37.126121520996094,
      31.23850440979004,
      24.731164932250977,
      22.601200103759766,
      19.293703079223633,
      16.495624542236328,
      16.008569717407227,
      14.54503345489502,
      15.630270004272461,
      17.031705856323242,
      13.272597312927246,
      15.412158012390137
    ],
    [
      3.230073928833008,
      19.653684616088867,
      12.017463684082031,
      19.234403610229492,
      18.571239471435547,
      22.833728790283203,
      31.23850440979004,
      42.02632522583008,
      23.1958065032959,
      25.413097381591797,
      18.329200744628906,
      17.837047576904297,
      15.93956470489502,
      17.328258514404297,
      15.833514213562012,
      20.1182861328125,
      12.595842361450195,
      17.246047973632812
    ],
    [
      6.354351997375488,
      19.25595474243164,
      17.065677642822266,
      17.487783432006836,
      20.17898941040039,
      20.169870376586914,
      24.731164932250977,
      23.1958065032959,
      49.53715133666992,
      37.13296890258789,
      33.940452575683594,
      26.929943084716797,
      23.528594970703125,
      19.94657325744629,
      21.974313735961914,
      21.837923049926758,
      17.733245849609375,
      16.05989646911621
    ],
    [
      6.6812896728515625,
      17.97099494934082,
      12.840160369873047,
      16.59052276611328,
      15.643478393554688,
      18.461671829223633,
      22.601200103759766,
      25.413097381591797,
      37.13296890258789,
      41.070438385009766,
      28.724807739257812,
      28.511934280395508,
      20.360605239868164,
      20.28912925720215,
      18.624818801879883,
      21.64592933654785,
      14.054283142089844,
      15.541067123413086
    ],
    [
      3.5970606803894043,
      13.819816589355469,
      14.343783378601074,
      15.293353080749512,
      16.75277328491211,
      16.390825271606445,
      19.293703079223633,
      18.329200744628906,
      33.940452575683594,
      28.724807739257812,
      44.48980712890625,
      31.213552474975586,
      28.282855987548828,
      22.714427947998047,
      23.24692726135254,
      21.91988754272461,
      17.902170181274414,
      15.478004455566406
    ],
    [
      5.935089111328125,
      14.41835880279541,
      11.082030296325684,
      14.211913108825684,
      12.416638374328613,
      14.041163444519043,
      16.495624542236328,
      17.837047576904297,
      26.929943084716797,
      28.511934280395508,
      31.213552474975586,
      34.23832321166992,
      20.87479019165039,
      23.96354103088379,
      18.40762710571289,
      22.8150577545166,
      12.217529296875,
      15.689372062683105
    ],
    [
      7.172948360443115,
      17.593082427978516,
      14.094183921813965,
      13.653392791748047,
      14.919419288635254,
      12.019428253173828,
      16.008569717407227,
      15.93956470489502,
      23.528594970703125,
      20.360605239868164,
      28.282855987548828,
      20.87479019165039,
      51.60300827026367,
      34.03432083129883,
      43.29416275024414,
      38.272743225097656,
      40.70708465576172,
      33.107730865478516
    ],
    [
      11.816957473754883,
      23.568801879882812,
      13.525796890258789,
      15.147382736206055,
      11.491032600402832,
      11.843218803405762,
      14.54503345489502,
      17.328258514404297,
      19.94657325744629,
      20.28912925720215,
      22.714427947998047,
      23.96354103088379,
      34.03432083129883,
      39.414024353027344,
      34.68439483642578,
      43.697837829589844,
      27.43404769897461,
      34.3521728515625
    ],
    [
      11.448370933532715,
      24.643035888671875,
      17.011764526367188,
      12.093301773071289,
      12.966761589050293,
      7.49203634262085,
      15.630270004272461,
      15.833514213562012,
      21.974313735961914,
      18.624818801879883,
      23.24692726135254,
      18.40762710571289,
      43.29416275024414,
      34.68439483642578,
      63.5484619140625,
      57.141685485839844,
      56.85357666015625,
      52.54073715209961
    ],
    [
      18.8178653717041,
      36.55731964111328,
      20.920368194580078,
      18.061037063598633,
      11.948115348815918,
      8.99853229522705,
      17.031705856323242,
      20.1182861328125,
      21.837923049926758,
      21.64592933654785,
      21.91988754272461,
      22.8150577545166,
      38.272743225097656,
      43.697837829589844,
      57.141685485839844,
      76.06671142578125,
      51.97364044189453,
      63.60832595825195
    ],
    [
      9.750970840454102,
      15.088723182678223,
      15.349095344543457,
      7.681343078613281,
      9.694220542907715,
      3.168977737426758,
      13.272597312927246,
      12.595842361450195,
      17.733245849609375,
      14.054283142089844,
      17.902170181274414,
      12.217529296875,
      40.70708465576172,
      27.43404769897461,
      56.85357666015625,
      51.97364044189453,
      72.25316619873047,
      64.16449737548828
    ],
    [
      17.79558563232422,
      28.356353759765625,
      19.521808624267578,
      12.629755973815918,
      8.11347770690918,
      3.4344894886016846,
      15.412158012390137,
      17.246047973632812,
      16.05989646911621,
      15.541067123413086,
      15.478004455566406,
      15.689372062683105,
      33.107730865478516,
      34.3521728515625,
      52.54073715209961,
      63.60832595825195,
      64.16449737548828,
      88.06493377685547
    ]
  ],
  "damage": -5.494540214538574,
  "diff_bandwidth": 487.58514404296875,
  "dissonance": 8.85807837129011,
  "drr": -0.07644360512495041,
  "dynamics": 2.8918933868408203,
  "format": 1245190,
  "frames": 4712448,
  "loudness": -11.703502655029297,
  "loudness_range": 7.478916168212891,
  "loudness_range_short": 10.79539966583252,
  "lowpass_true_peak_15khz": 0.9357513785362244,
  "mastering3_acoustic_entropies": [
    {
      "acoustic_entropy": 6.529059410095215,
      "acoustic_entropy_mono": 6.551815509796143,
      "band_eliminated_acoustic_entropies": [
        {
          "acoustic_entropy": 6.88046407699585,
          "acoustic_entropy_side": 6.528924465179443,
          "hz": 129.47220167065723
        },
        {
          "acoustic_entropy": 6.497255325317383,
          "acoustic_entropy_side": 6.522579669952393,
          "hz": 202.92927478742237
        },
        {
          "acoustic_entropy": 6.952599048614502,
          "acoustic_entropy_side": 6.515023231506348,
          "hz": 282.89161906338205
        },
        {
          "acoustic_entropy": 6.700979709625244,
          "acoustic_entropy_side": 6.55558443069458,
          "hz": 369.9353335868758
        },
        {
          "acoustic_entropy": 6.767230987548828,
          "acoustic_entropy_side": 6.704662322998047,
          "hz": 464.6875360973435
        },
        {
          "acoustic_entropy": 6.894811153411865,
          "acoustic_entropy_side": 6.6768951416015625,
          "hz": 567.8308811364784
        },
        {
          "acoustic_entropy": 6.933685779571533,
          "acoustic_entropy_side": 6.6090006828308105,
          "hz": 680.1084783214808
        },
        {
          "acoustic_entropy": 6.899953842163086,
          "acoustic_entropy_side": 6.7104010581970215,
          "hz": 802.3292461747484
        },
        {
          "acoustic_entropy": 7.077833652496338,
          "acoustic_entropy_side": 6.647055625915527,
          "hz": 935.3737400823702
        },
        {
          "acoustic_entropy": 6.901463985443115,
          "acoustic_entropy_side": 6.733767986297607,
          "hz": 1080.2004963696966
        },
        {
          "acoustic_entropy": 6.473446846008301,
          "acoustic_entropy_side": 6.443868637084961,
          "hz": 1237.8529382007157
        },
        {
          "acoustic_entropy": 6.766183853149414,
          "acoustic_entropy_side": 6.52079963684082,
          "hz": 1409.4668930556702
        },
        {
          "acoustic_entropy": 6.855832099914551,
          "acoustic_entropy_side": 6.539266109466553,
          "hz": 1596.2787759475705
        },
        {
          "acoustic_entropy": 6.725001811981201,
          "acoustic_entropy_side": 6.531686782836914,
          "hz": 1799.6344973346393
        },
        {
          "acoustic_entropy": 7.043801784515381,
          "acoustic_entropy_side": 6.552942752838135,
          "hz": 2020.9991599069049
        },
        {
          "acoustic_entropy": 6.747848987579346,
          "acoustic_entropy_side": 6.482482433319092,
          "hz": 2261.9676141086993
        },
        {
          "acoustic_entropy": 6.767007827758789,
          "acoustic_entropy_side": 6.644161224365234,
          "hz": 2524.2759484456974
        },
        {
          "acoustic_entropy": 6.324102401733398,
          "acoustic_entropy_side": 6.723975658416748,
          "hz": 2809.813997359896
        },
        {
          "acoustic_entropy": 6.693844318389893,
          "acoustic_entropy_side": 6.65144681930542,
          "hz": 3120.6389567871424
        },
        {
          "acoustic_entropy": 6.358359336853027,
          "acoustic_entropy_side": 6.552371025085449,
          "hz": 3458.990205492291
        },
        {
          "acoustic_entropy": 6.452334403991699,
          "acoustic_entropy_side": 6.558156490325928,
          "hz": 3827.305438964164
        },
        {
          "acoustic_entropy": 6.7254414558410645,
          "acoustic_entropy_side": 6.539504051208496,
          "hz": 4228.238232109126
        },
        {
          "acoustic_entropy": 6.599949836730957,
          "acoustic_entropy_side": 6.553060054779053,
          "hz": 4664.6771572759235
        },
        {
          "acoustic_entropy": 6.320527076721191,
          "acoustic_entropy_side": 6.558640003204346,
          "hz": 5139.766595350093
        },
        {
          "acoustic_entropy": 6.470096111297607,
          "acoustic_entropy_side": 6.545814037322998,
          "hz": 5656.929389854203
        },
        {
          "acoustic_entropy": 6.518380165100098,
          "acoustic_entropy_side": 6.555396556854248,
          "hz": 6219.891507268283
        },
        {
          "acoustic_entropy": 6.503333568572998,
          "acoustic_entropy_side": 6.571903705596924,
          "hz": 6832.70888123896
        },
        {
          "acoustic_entropy": 6.585731029510498,
          "acoustic_entropy_side": 6.585973739624023,
          "hz": 7499.796634079867
        },
        {
          "acoustic_entropy": 6.544973373413086,
          "acoustic_entropy_side": 6.548055171966553,
          "hz": 8225.96088609342
        },
        {
          "acoustic_entropy": 6.542419910430908,
          "acoustic_entropy_side": 6.538999080657959,
          "hz": 9016.43338188839
        },
        {
          "acoustic_entropy": 6.530942440032959,
          "acoustic_entropy_side": 6.532111167907715,
          "hz": 9876.909183162974
        },
        {
          "acoustic_entropy": 6.53663969039917,
          "acoustic_entropy_side": 6.532297134399414,
          "hz": 10813.587699516042
        },
        {
          "acoustic_entropy": 6.548896312713623,
          "acoustic_entropy_side": 6.532649040222168,
          "hz": 11833.21735289826
        },
        {
          "acoustic_entropy": 6.561155319213867,
          "acoustic_entropy_side": 6.533005714416504,
          "hz": 12943.144197493959
        },
        {
          "acoustic_entropy": 6.5537543296813965,
          "acoustic_entropy_side": 6.532964706420898,
          "hz": 14151.364845322005
        },
        {
          "acoustic_entropy": 6.550367832183838,
          "acoustic_entropy_side": 6.532044887542725,
          "hz": 15466.58407886509
        },
        {
          "acoustic_entropy": 6.54497766494751,
          "acoustic_entropy_side": 6.531649589538574,
          "hz": 16898.27756580493
        },
        {
          "acoustic_entropy": 6.542965888977051,
          "acoustic_entropy_side": 6.531369686126709,
          "hz": 18456.760127700032
        },
        {
          "acoustic_entropy": 6.545413494110107,
          "acoustic_entropy_side": 6.531580448150635,
          "hz": 20153.260054456492
        },
        {
          "acoustic_entropy": 6.533111095428467,
          "acoustic_entropy_side": 6.529499530792236,
          "hz": 22000.00000000001
        }
      ],
      "diff_acoustic_entropy": 7.002843379974365,
      "sn": 6
    },
    {
      "acoustic_entropy": 10.036957740783691,
      "acoustic_entropy_mono": 10.682479858398438,
      "band_eliminated_acoustic_entropies": [
        {
          "acoustic_entropy": 10.805837631225586,
          "acoustic_entropy_side": 10.033092498779297,
          "hz": 129.47220167065723
        },
        {
          "acoustic_entropy": 10.345239639282227,
          "acoustic_entropy_side": 10.000772476196289,
          "hz": 202.92927478742237
        },
        {
          "acoustic_entropy": 10.787609100341797,
          "acoustic_entropy_side": 10.030385971069336,
          "hz": 282.89161906338205
        },
        {
          "acoustic_entropy": 10.263049125671387,
          "acoustic_entropy_side": 10.177408218383789,
          "hz": 369.9353335868758
        },
        {
          "acoustic_entropy": 10.530198097229004,
          "acoustic_entropy_side": 10.315214157104492,
          "hz": 464.6875360973435
        },
        {
          "acoustic_entropy": 10.285913467407227,
          "acoustic_entropy_side": 9.992701530456543,
          "hz": 567.8308811364784
        },
        {
          "acoustic_entropy": 10.54089641571045,
          "acoustic_entropy_side": 10.189495086669922,
          "hz": 680.1084783214808
        },
        {
          "acoustic_entropy": 10.580523490905762,
          "acoustic_entropy_side": 10.367895126342773,
          "hz": 802.3292461747484
        },
        {
          "acoustic_entropy": 10.704824447631836,
          "acoustic_entropy_side": 10.294238090515137,
          "hz": 935.3737400823702
        },
        {
          "acoustic_entropy": 10.088024139404297,
          "acoustic_entropy_side": 10.485184669494629,
          "hz": 1080.2004963696966
        },
        {
          "acoustic_entropy": 10.796616554260254,
          "acoustic_entropy_side": 10.524543762207031,
          "hz": 1237.8529382007157
        },
        {
          "acoustic_entropy": 10.288030624389648,
          "acoustic_entropy_side": 10.013721466064453,
          "hz": 1409.4668930556702
        },
        {
          "acoustic_entropy": 10.325851440429688,
          "acoustic_entropy_side": 10.102093696594238,
          "hz": 1596.2787759475705
        },
        {
          "acoustic_entropy": 10.524977684020996,
          "acoustic_entropy_side": 10.098033905029297,
          "hz": 1799.6344973346393
        },
        {
          "acoustic_entropy": 11.06937026977539,
          "acoustic_entropy_side": 10.089627265930176,
          "hz": 2020.9991599069049
        },
        {
          "acoustic_entropy": 10.345369338989258,
          "acoustic_entropy_side": 10.031490325927734,
          "hz": 2261.9676141086993
        },
        {
          "acoustic_entropy": 10.380568504333496,
          "acoustic_entropy_side": 10.378752708435059,
          "hz": 2524.2759484456974
        },
        {
          "acoustic_entropy": 10.161835670471191,
          "acoustic_entropy_side": 10.44393253326416,
          "hz": 2809.813997359896
        },
        {
          "acoustic_entropy": 10.259509086608887,
          "acoustic_entropy_side": 10.268166542053223,
          "hz": 3120.6389567871424
        },
        {
          "acoustic_entropy": 9.814059257507324,
          "acoustic_entropy_side": 10.164737701416016,
          "hz": 3458.990205492291
        },
        {
          "acoustic_entropy": 10.1242094039917,
          "acoustic_entropy_side": 10.046473503112793,
          "hz": 3827.305438964164
        },
        {
          "acoustic_entropy": 10.248712539672852,
          "acoustic_entropy_side": 10.041438102722168,
          "hz": 4228.238232109126
        },
        {
          "acoustic_entropy": 10.411375045776367,
          "acoustic_entropy_side": 10.037616729736328,
          "hz": 4664.6771572759235
        },
        {
          "acoustic_entropy": 10.50240421295166,
          "acoustic_entropy_side": 10.06851577758789,
          "hz": 5139.766595350093
        },
        {
          "acoustic_entropy": 10.038761138916016,
          "acoustic_entropy_side": 10.052492141723633,
          "hz": 5656.929389854203
        },
        {
          "acoustic_entropy": 9.8764066696167,
          "acoustic_entropy_side": 10.06732177734375,
          "hz": 6219.891507268283
        },
        {
          "acoustic_entropy": 10.01828670501709,
          "acoustic_entropy_side": 10.095348358154297,
          "hz": 6832.70888123896
        },
        {
          "acoustic_entropy": 10.111352920532227,
          "acoustic_entropy_side": 10.146466255187988,
          "hz": 7499.796634079867
        },
        {
          "acoustic_entropy": 10.112289428710938,
          "acoustic_entropy_side": 10.082027435302734,
          "hz": 8225.96088609342
        },
        {
          "acoustic_entropy": 10.082378387451172,
          "acoustic_entropy_side": 10.068327903747559,
          "hz": 9016.43338188839
        },
        {
          "acoustic_entropy": 10.095429420471191,
          "acoustic_entropy_side": 10.049792289733887,
          "hz": 9876.909183162974
        },
        {
          "acoustic_entropy": 10.04033374786377,
          "acoustic_entropy_side": 10.023842811584473,
          "hz": 10813.587699516042
        },
        {
          "acoustic_entropy": 10.015585899353027,
          "acoustic_entropy_side": 10.0191650390625,
          "hz": 11833.21735289826
        },
        {
          "acoustic_entropy": 9.987814903259277,
          "acoustic_entropy_side": 10.012423515319824,
          "hz": 12943.144197493959
        },
        {
          "acoustic_entropy": 10.016172409057617,
          "acoustic_entropy_side": 10.022613525390625,
          "hz": 14151.364845322005
        },
        {
          "acoustic_entropy": 10.013188362121582,
          "acoustic_entropy_side": 10.02564811706543,
          "hz": 15466.58407886509
        },
        {
          "acoustic_entropy": 10.040061950683594,
          "acoustic_entropy_side": 10.033485412597656,
          "hz": 16898.27756580493
        },
        {
          "acoustic_entropy": 10.042977333068848,
          "acoustic_entropy_side": 10.035639762878418,
          "hz": 18456.760127700032
        },
        {
          "acoustic_entropy": 10.040719032287598,
          "acoustic_entropy_side": 10.036441802978516,
          "hz": 20153.260054456492
        },
        {
          "acoustic_entropy": 10.036287307739258,
          "acoustic_entropy_side": 10.036739349365234,
          "hz": 22000.00000000001
        }
      ],
      "diff_acoustic_entropy": 12.157794952392578,
      "sn": 12
    },
    {
      "acoustic_entropy": 17.420814514160156,
      "acoustic_entropy_mono": 13.849386215209961,
      "band_eliminated_acoustic_entropies": [
        {
          "acoustic_entropy": 16.990407943725586,
          "acoustic_entropy_side": 17.206037521362305,
          "hz": 129.47220167065723
        },
        {
          "acoustic_entropy": 17.10988426208496,
          "acoustic_entropy_side": 17.129106521606445,
          "hz": 202.92927478742237
        },
        {
          "acoustic_entropy": 17.992168426513672,
          "acoustic_entropy_side": 17.766212463378906,
          "hz": 282.89161906338205
        },
        {
          "acoustic_entropy": 18.172618865966797,
          "acoustic_entropy_side": 18.173931121826172,
          "hz": 369.9353335868758
        },
        {
          "acoustic_entropy": 17.68124771118164,
          "acoustic_entropy_side": 17.60845184326172,
          "hz": 464.6875360973435
        },
        {
          "acoustic_entropy": 16.76650619506836,
          "acoustic_entropy_side": 16.247821807861328,
          "hz": 567.8308811364784
        },
        {
          "acoustic_entropy": 17.88982391357422,
          "acoustic_entropy_side": 17.478761672973633,
          "hz": 680.1084783214808
        },
        {
          "acoustic_entropy": 16.851280212402344,
          "acoustic_entropy_side": 17.224136352539062,
          "hz": 802.3292461747484
        },
        {
          "acoustic_entropy": 17.3507080078125,
          "acoustic_entropy_side": 16.844459533691406,
          "hz": 935.3737400823702
        },
        {
          "acoustic_entropy": 16.743553161621094,
          "acoustic_entropy_side": 17.08895492553711,
          "hz": 1080.2004963696966
        },
        {
          "acoustic_entropy": 17.558197021484375,
          "acoustic_entropy_side": 17.51896858215332,
          "hz": 1237.8529382007157
        },
        {
          "acoustic_entropy": 16.849241256713867,
          "acoustic_entropy_side": 17.07565689086914,
          "hz": 1409.4668930556702
        },
        {
          "acoustic_entropy": 17.56981658935547,
          "acoustic_entropy_side": 16.819358825683594,
          "hz": 1596.2787759475705
        },
        {
          "acoustic_entropy": 17.31328010559082,
          "acoustic_entropy_side": 17.344953536987305,
          "hz": 1799.6344973346393
        },
        {
          "acoustic_entropy": 17.01040267944336,
          "acoustic_entropy_side": 16.99125862121582,
          "hz": 2020.9991599069049
        },
        {
          "acoustic_entropy": 17.897104263305664,
          "acoustic_entropy_side": 17.53265380859375,
          "hz": 2261.9676141086993
        },
        {
          "acoustic_entropy": 16.417247772216797,
          "acoustic_entropy_side": 16.789897918701172,
          "hz": 2524.2759484456974
        },
        {
          "acoustic_entropy": 16.83025360107422,
          "acoustic_entropy_side": 17.211074829101562,
          "hz": 2809.813997359896
        },
        {
          "acoustic_entropy": 17.302900314331055,
