{
  "acoustic_entropy": 165.88230895996094,
  "bands": [
    {
      "high_freq": 148.1999969482422,
      "loudness": -18.3673038482666,
      "loudness_range": 18.490211486816406,
      "mid_mean": -15.027761459350586,
      "mid_to_side_loudness": -19.52804183959961,
      "mid_to_side_loudness_range": 24.011577606201172,
      "side_mean": -35.3574333190918
    },
    {
      "high_freq": 392.3793640136719,
      "loudness": -21.573165893554688,
      "loudness_range": 9.246454238891602,
      "low_freq": 148.1999969482422,
      "mid_mean": -18.944316864013672,
      "mid_to_side_loudness": -7.939590930938721,
      "mid_to_side_loudness_range": 15.722246170043945,
      "side_mean": -26.109970092773438
    },
    {
      "high_freq": 794.6976318359375,
      "loudness": -24.708486557006836,
      "loudness_range": 9.694782257080078,
      "low_freq": 392.3793640136719,
      "mid_mean": -22.495189666748047,
      "mid_to_side_loudness": -4.568543910980225,
      "mid_to_side_loudness_range": 6.684487342834473,
      "side_mean": -26.61750602722168
    },
    {
      "high_freq": 1457.5709228515625,
      "loudness": -23.853229522705078,
      "loudness_range": 11.158287048339844,
      "low_freq": 794.6976318359375,
      "mid_mean": -21.69566535949707,
      "mid_to_side_loudness": -4.154557704925537,
      "mid_to_side_loudness_range": 5.942363739013672,
      "side_mean": -25.87446403503418
    },
    {
      "high_freq": 2549.74365234375,
      "loudness": -23.033533096313477,
      "loudness_range": 11.632831573486328,
      "low_freq": 1457.5709228515625,
      "mid_mean": -20.99930191040039,
      "mid_to_side_loudness": -3.558450937271118,
      "mid_to_side_loudness_range": 5.855801105499268,
      "side_mean": -24.703542709350586
    },
    {
      "high_freq": 4349.24462890625,
      "loudness": -23.107378005981445,
      "loudness_range": 10.877840042114258,
      "low_freq": 2549.74365234375,
      "mid_mean": -21.138431549072266,
      "mid_to_side_loudness": -3.6116504669189453,
      "mid_to_side_loudness_range": 7.315511703491211,
      "side_mean": -24.695341110229492
    },
    {
      "high_freq": 7314.1640625,
      "loudness": -23.866405487060547,
      "loudness_range": 9.109424591064453,
      "low_freq": 4349.24462890625,
      "mid_mean": -21.65996551513672,
      "mid_to_side_loudness": -4.096151828765869,
      "mid_to_side_loudness_range": 6.824248313903809,
      "side_mean": -25.91511344909668
    },
    {
      "high_freq": 12199.2666015625,
      "loudness": -23.808040618896484,
      "loudness_range": 10.804637908935547,
      "low_freq": 7314.1640625,
      "mid_mean": -22.029037475585938,
      "mid_to_side_loudness": -2.9153308868408203,
      "mid_to_side_loudness_range": 5.702791213989258,
      "side_mean": -25.0463809967041
    },
    {
      "loudness": -29.93498420715332,
      "loudness_range": 13.744766235351562,
      "low_freq": 12199.2666015625,
      "mid_mean": -28.900470733642578,
      "mid_to_side_loudness": -1.5141396522521973,
      "mid_to_side_loudness_range": 5.800065994262695,
      "side_mean": -30.469751358032227
    }
  ],
  "bands_short": [
    {
      "high_freq": 148.1999969482422,
      "loudness": -21.37174415588379,
      "loudness_range": 26.520530700683594,
      "mid_mean": -18.257596969604492,
      "mid_to_side_loudness": -21.18483543395996,
      "mid_to_side_loudness_range": 32.33330535888672,
      "side_mean": -41.24763870239258
    },
    {
      "high_freq": 392.3793640136719,
      "loudness": -22.40963363647461,
      "loudness_range": 18.415203094482422,
      "low_freq": 148.1999969482422,
      "mid_mean": -20.0600528717041,
      "mid_to_side_loudness": -7.763565540313721,
      "mid_to_side_loudness_range": 18.576128005981445,
      "side_mean": -27.34064292907715
    },
    {
      "high_freq": 794.6976318359375,
      "loudness": -25.696285247802734,
      "loudness_range": 15.02297592163086,
      "low_freq": 392.3793640136719,
      "mid_mean": -23.829334259033203,
      "mid_to_side_loudness": -4.103374004364014,
      "mid_to_side_loudness_range": 10.932862281799316,
      "side_mean": -27.529720306396484
    },
    {
      "high_freq": 1457.5709228515625,
      "loudness": -24.538076400756836,
      "loudness_range": 14.569049835205078,
      "low_freq": 794.6976318359375,
      "mid_mean": -22.604202270507812,
      "mid_to_side_loudness": -3.9780595302581787,
      "mid_to_side_loudness_range": 10.314599990844727,
      "side_mean": -26.53399085998535
    },
    {
      "high_freq": 2549.74365234375,
      "loudness": -23.9770565032959,
      "loudness_range": 15.897417068481445,
      "low_freq": 1457.5709228515625,
      "mid_mean": -22.235511779785156,
      "mid_to_side_loudness": -3.094088554382324,
      "mid_to_side_loudness_range": 8.680107116699219,
      "side_mean": -25.31662368774414
    },
    {
      "high_freq": 4349.24462890625,
      "loudness": -24.407394409179688,
      "loudness_range": 16.66501808166504,
      "low_freq": 2549.74365234375,
      "mid_mean": -22.754959106445312,
      "mid_to_side_loudness": -3.102714776992798,
      "mid_to_side_loudness_range": 9.622437477111816,
      "side_mean": -25.687013626098633
    },
    {
      "high_freq": 7314.1640625,
      "loudness": -25.31841278076172,
      "loudness_range": 16.546340942382812,
      "low_freq": 4349.24462890625,
      "mid_mean": -23.341594696044922,
      "mid_to_side_loudness": -3.7892792224884033,
      "mid_to_side_loudness_range": 8.776000022888184,
      "side_mean": -27.090919494628906
    },
    {
      "high_freq": 12199.2666015625,
      "loudness": -25.403766632080078,
      "loudness_range": 17.847793579101562,
      "low_freq": 7314.1640625,
      "mid_mean": -23.853586196899414,
      "mid_to_side_loudness": -3.189844846725464,
      "mid_to_side_loudness_range": 8.376704216003418,
      "side_mean": -26.845849990844727
    },
    {
      "loudness": -31.524248123168945,
      "loudness_range": 18.878816604614258,
      "low_freq": 12199.2666015625,
      "mid_mean": -30.424179077148438,
      "mid_to_side_loudness": -2.1529035568237305,
      "mid_to_side_loudness_range": 6.88719367980957,
      "side_mean": -32.51642990112305
    }
  ],
  "bandwidth": 532.9669189453125,
  "channels": 2,
  "covariance": [
    [
      55.55646514892578,
      8.834577560424805,
      11.137879371643066,
      -6.18091344833374,
      3.6863932609558105,
      0.6998586058616638,
      5.748774528503418,
      7.306224346160889,
      11.231630325317383,
      14.01411247253418,
      10.03253173828125,
      12.550419807434082,
      6.6908416748046875,
      10.211400985717773,
      9.454126358032227,
      10.079730033874512,
      11.58723258972168,
      8.628063201904297
    ],
    [
      8.834577560424805,
      27.14406967163086,
      8.450587272644043,
      12.146478652954102,
      6.888072967529297,
      10.668111801147461,
      5.506484031677246,
      11.215422630310059,
      3.8996477127075195,
      10.411478042602539,
      3.197767734527588,
      11.450977325439453,
      6.539170742034912,
      10.790329933166504,
      6.170787811279297,
      10.22186279296875,
      10.61601734161377,
      11.757107734680176
    ],
    [
      11.137879371643066,
      8.450587272644043,
      17.773834228515625,
      6.297807216644287,
      11.161733627319336,
      9.263799667358398,
      9.528024673461914,
      13.416182518005371,
      9.240903854370117,
      12.726431846618652,
      8.239133834838867,
      12.609188079833984,
      6.606302261352539,
      11.034648895263672,
      8.409391403198242,
      10.898059844970703,
      10.589914321899414,
      11.096471786499023
    ],
    [
      -6.18091344833374,
      12.146478652954102,
      6.297807216644287,
      27.028005599975586,
      11.685396194458008,
      17.401901245117188,
      10.02253532409668,
      14.812582969665527,
      7.743825912475586,
      12.045714378356934,
      7.341186046600342,
      12.336644172668457,
      7.395722389221191,
      10.246918678283691,
      5.964456558227539,
      9.578084945678711,
      10.100956916809082,
      10.5580415725708
    ],
    [
      3.6863932609558105,
      6.888072967529297,
      11.161733627319336,
      11.685396194458008,
      16.104951858520508,
      15.447714805603027,
      12.844635009765625,
      18.324081420898438,
      12.219613075256348,
      15.840991973876953,
      11.109565734863281,
      14.593844413757324,
      8.928282737731934,
      12.291074752807617,
      8.73873519897461,
      12.179265022277832,
      10.770689964294434,
      11.978379249572754
    ],
    [
      0.6998586058616638,
      10.668111801147461,
      9.263799667358398,
      17.401901245117188,
      15.447714805603027,
      24.72817039489746,
      14.330686569213867,
      21.99159812927246,
      12.241118431091309,
      17.93850326538086,
      11.152236938476562,
      17.006059646606445,
      10.424457550048828,
      14.352802276611328,
      9.836581230163574,
      14.025805473327637,
      13.969002723693848,
      15.01745319366455
    ],
    [
      5.748774528503418,
      5.506484031677246,
      9.528024673461914,
      10.02253532409668,
      12.844635009765625,
      14.330686569213867,
      15.45376205444336,
      19.068273544311523,
      15.034052848815918,
      18.731264114379883,
      12.391325950622559,
      16.192615509033203,
      9.583767890930176,
      13.564414024353027,
      8.872711181640625,
      11.764594078063965,
      11.742030143737793,
      12.053248405456543
    ],
    [
      7.306224346160889,
      11.215422630310059,
      13.416182518005371,
      14.812582969665527,
      18.324081420898438,
      21.99159812927246,
      19.068273544311523,
      29.77975845336914,
      18.415668487548828,
      26.628854751586914,
      15.745966911315918,
      23.98778533935547,
      13.734482765197754,
      20.40930938720703,
      13.87386703491211,
      19.124080657958984,
      19.827857971191406,
      20.37091636657715
    ],
    [
      11.231630325317383,
      3.8996477127075195,
      9.240903854370117,
      7.743825912475586,
      12.219613075256348,
      12.241118431091309,
      15.034052848815918,
      18.415668487548828,
      21.019832611083984,
      23.307804107666016,
      14.68959903717041,
      18.466190338134766,
      10.695005416870117,
      14.987312316894531,
      10.630826950073242,
      13.077339172363281,
      13.635027885437012,
      12.635649681091309
    ],
    [
      14.01411247253418,
      10.411478042602539,
      12.726431846618652,
      12.045714378356934,
      15.840991973876953,
      17.93850326538086,
      18.731264114379883,
      26.628854751586914,
      23.307804107666016,
      32.93007278442383,
      17.756811141967773,
      26.934064865112305,
      14.074240684509277,
      22.304691314697266,
      15.227555274963379,
      19.98734474182129,
      21.584957122802734,
      20.72216033935547
    ],
    [
      10.03253173828125,
      3.197767734527588,
      8.239133834838867,
      7.341186046600342,
      11.109565734863281,
      11.152236938476562,
      12.391325950622559,
      15.745966911315918,
      14.68959903717041,
      17.756811141967773,
      18.79062271118164,
      18.872426986694336,
      11.979959487915039,
      15.632683753967285,
      11.065508842468262,
      12.93626594543457,
      13.279024124145508,
      11.88310432434082
    ],
    [
      12.550419807434082,
      11.450977325439453,
      12.609188079833984,
      12.336644172668457,
      14.593844413757324,
      17.006059646606445,
      16.192615509033203,
      23.98778533935547,
      18.466190338134766,
      26.934064865112305,
      18.872426986694336,
      30.70429801940918,
      16.109832763671875,
      25.054723739624023,
      16.99767303466797,
      21.743995666503906,
      23.052101135253906,
      21.93082046508789
    ],
    [
      6.6908416748046875,
      6.539170742034912,
      6.606302261352539,
      7.395722389221191,
      8.928282737731934,
      10.424457550048828,
      9.583767890930176,
      13.734482765197754,
      10.695005416870117,
      14.074240684509277,
      11.979959487915039,
      16.109832763671875,
      15.521064758300781,
      17.439008712768555,
      14.015284538269043,
      15.739974975585938,
      15.466692924499512,
      13.978500366210938
    ],
    [
      10.211400985717773,
      10.790329933166504,
      11.034648895263672,
      10.246918678283691,
      12.291074752807617,
      14.352802276611328,
      13.564414024353027,
      20.40930938720703,
      14.987312316894531,
      22.304691314697266,
      15.632683753967285,
      25.054723739624023,
      17.439008712768555,
      27.002798080444336,
      17.87557601928711,
      22.335092544555664,
      21.931474685668945,
      20.956348419189453
    ],
    [
      9.454126358032227,
      6.170787811279297,
      8.409391403198242,
      5.964456558227539,
      8.73873519897461,
      9.836581230163574,
      8.872711181640625,
      13.87386703491211,
      10.630826950073242,
      15.227555274963379,
      11.065508842468262,
      16.99767303466797,
      14.015284538269043,
      17.87557601928711,
      23.370206832885742,
      22.578603744506836,
      25.582029342651367,
      20.55200958251953
    ],
    [
      10.079730033874512,
      10.22186279296875,
      10.898059844970703,
      9.578084945678711,
      12.179265022277832,
      14.025805473327637,
      11.764594078063965,
      19.124080657958984,
      13.077339172363281,
      19.98734474182129,
      12.93626594543457,
      21.743995666503906,
      15.739974975585938,
      22.335092544555664,
      22.578603744506836,
      28.082176208496094,
      26.869993209838867,
      25.20109748840332
    ],
    [
      11.58723258972168,
      10.61601734161377,
      10.589914321899414,
      10.100956916809082,
      10.770689964294434,
      13.969002723693848,
      11.742030143737793,
      19.827857971191406,
      13.635027885437012,
      21.584957122802734,
      13.279024124145508,
      23.052101135253906,
      15.466692924499512,
      21.931474685668945,
      25.582029342651367,
      26.869993209838867,
      44.124366760253906,
      34.86123275756836
    ],
    [
      8.628063201904297,
      11.757107734680176,
      11.096471786499023,
      10.5580415725708,
      11.978379249572754,
      15.01745319366455,
      12.053248405456543,
      20.37091636657715,
      12.635649681091309,
      20.72216033935547,
      11.88310432434082,
      21.93082046508789,
      13.978500366210938,
      20.956348419189453,
      20.55200958251953,
      25.20109748840332,
      34.86123275756836,
      34.030029296875
    ]
  ],
  "covariance_short": [
    [
      91.83687591552734,
      25.1066951751709,
      2.9457898139953613,
      -7.01132869720459,
      -4.128957271575928,
      -0.0039030862972140312,
      -1.331208348274231,
      6.621368408203125,
      4.441583156585693,
      10.191544532775879,
      3.1838932037353516,
      8.474896430969238,
      -1.8809823989868164,
      2.9235358238220215,
      -1.5103060007095337,
      2.1909213066101074,
      -2.0812478065490723,
      -5.2565016746521
    ],
    [
      25.1066951751709,
      62.65460205078125,
      3.7579104900360107,
      7.305614948272705,
      -0.487659752368927,
      4.065138816833496,
      -0.9688891768455505,
      2.5641536712646484,
      -2.044720411300659,
      4.059757232666016,
      -3.1903085708618164,
      1.8333784341812134,
      -3.1995317935943604,
      0.4362770617008209,
      -6.142403602600098,
      -1.431839942932129,
      -8.511093139648438,
      -5.905915260314941
    ],
    [
      2.9457898139953613,
      3.7579104900360107,
      40.37013626098633,
      13.928315162658691,
      17.387611389160156,
      11.835453987121582,
      14.680902481079102,
      15.642745018005371,
      15.29440975189209,
      15.101911544799805,
      14.901673316955566,
      15.12903881072998,
      12.544772148132324,
      13.981972694396973,
      13.041247367858887,
      15.205470085144043,
      12.796160697937012,
      12.935834884643555
    ],
    [
      -7.01132869720459,
      7.305614948272705,
      13.928315162658691,
      37.395751953125,
      19.995241165161133,
      25.48232078552246,
      16.686561584472656,
      20.05682373046875,
      14.958524703979492,
      16.405624389648438,
      14.82526683807373,
      15.903210639953613,
      13.910543441772461,
      14.751195907592773,
      11.99404525756836,
      15.035157203674316,
      14.079212188720703,
      14.107638359069824
    ],
    [
      -4.128957271575928,
      -0.487659752368927,
      17.387611389160156,
      19.995241165161133,
      33.675357818603516,
      25.648761749267578,
      24.07535171508789,
      27.495622634887695,
      23.032594680786133,
      22.36454200744629,
      23.494373321533203,
      22.84149742126465,
      20.022336959838867,
      21.11834716796875,
      18.962812423706055,
      21.984752655029297,
      19.143260955810547,
      21.52320098876953
    ],
    [
      -0.0039030862972140312,
      4.065138816833496,
      11.835453987121582,
      25.48232078552246,
      25.648761749267578,
      38.71392822265625,
      22.42069435119629,
      29.912752151489258,
      20.385698318481445,
      23.221050262451172,
      19.862058639526367,
      22.427871704101562,
      17.29470443725586,
      19.399457931518555,
      15.374032974243164,
      18.9169864654541,
      17.746417999267578,
      19.234939575195312
    ],
    [
      -1.331208348274231,
      -0.9688891768455505,
      14.680902481079102,
      16.686561584472656,
      24.07535171508789,
      22.42069435119629,
      28.836748123168945,
      27.414249420166016,
      25.48851203918457,
      24.906444549560547,
      24.614900588989258,
      23.96105194091797,
      20.603046417236328,
      22.305253982543945,
      19.051530838012695,
      21.832822799682617,
      19.517086029052734,
      21.465776443481445
    ],
    [
      6.621368408203125,
      2.5641536712646484,
      15.642745018005371,
      20.05682373046875,
      27.495622634887695,
      29.912752151489258,
      27.414249420166016,
      41.71574020385742,
      27.57008171081543,
      32.5518684387207,
      26.64958381652832,
      31.159687042236328,
      22.13796615600586,
      26.863964080810547,
      20.289012908935547,
      24.551006317138672,
      20.88214683532715,
      22.77225685119629
    ],
    [
      4.441583156585693,
      -2.044720411300659,
      15.29440975189209,
      14.958524703979492,
      23.032594680786133,
      20.385698318481445,
      25.48851203918457,
      27.57008171081543,
      36.26472854614258,
      32.14430618286133,
      31.90732765197754,
      30.93408203125,
      25.540748596191406,
      28.43985939025879,
      24.4133358001709,
      26.937854766845703,
      23.52790069580078,
      24.658458709716797
    ],
    [
      10.191544532775879,
      4.059757232666016,
      15.101911544799805,
      16.405624389648438,
      22.36454200744629,
      23.221050262451172,
      24.906444549560547,
      32.5518684387207,
      32.14430618286133,
      41.58116149902344,
      29.42694854736328,
      36.69332504272461,
      23.983745574951172,
      31.607202529907227,
      23.140932083129883,
      27.44613265991211,
      22.892276763916016,
      24.279693603515625
    ],
    [
      3.1838932037353516,
      -3.1903085708618164,
      14.901673316955566,
      14.82526683807373,
      23.494373321533203,
      19.862058639526367,
      24.614900588989258,
      26.64958381652832,
      31.90732765197754,
      29.42694854736328,
      39.463321685791016,
      33.83185958862305,
      30.82122039794922,
      32.419898986816406,
      28.61208724975586,
      30.553136825561523,
      26.677091598510742,
      27.47226333618164
    ],
    [
      8.474896430969238,
      1.8333784341812134,
      15.12903881072998,
      15.903210639953613,
      22.84149742126465,
      22.427871704101562,
      23.96105194091797,
      31.159687042236328,
      30.93408203125,
      36.69332504272461,
      33.83185958862305,
      45.363380432128906,
      28.348922729492188,
      37.54716873168945,
      27.166589736938477,
      32.06420135498047,
      26.34846305847168,
      28.375268936157227
    ],
    [
      -1.8809823989868164,
      -3.1995317935943604,
      12.544772148132324,
      13.910543441772461,
      20.022336959838867,
      17.29470443725586,
      20.603046417236328,
      22.13796615600586,
      25.540748596191406,
      23.983745574951172,
      30.82122039794922,
      28.348922729492188,
      37.097232818603516,
      33.441253662109375,
      33.49432373046875,
      32.52265930175781,
      27.914121627807617,
      28.040239334106445
    ],
    [
      2.9235358238220215,
      0.4362770617008209,
      13.981972694396973,
      14.751195907592773,
      21.11834716796875,
      19.399457931518555,
      22.305253982543945,
      26.863964080810547,
      28.43985939025879,
      31.607202529907227,
      32.419898986816406,
      37.54716873168945,
      33.441253662109375,
      44.41666030883789,
      33.91059112548828,
      37.77885055541992,
      28.863813400268555,
      31.082887649536133
    ],
    [
      -1.5103060007095337,
      -6.142403602600098,
      13.041247367858887,
      11.99404525756836,
      18.962812423706055,
      15.374032974243164,
      19.051530838012695,
      20.289012908935547,
      24.4133358001709,
      23.140932083129883,
      28.61208724975586,
      27.166589736938477,
      33.49432373046875,
      33.91059112548828,
      50.03672409057617,
      43.484188079833984,
      39.4077262878418,
      36.67240905761719
    ],
    [
      2.1909213066101074,
      -1.431839942932129,
      15.205470085144043,
      15.035157203674316,
      21.984752655029297,
      18.9169864654541,
      21.832822799682617,
      24.551006317138672,
      26.937854766845703,
      27.44613265991211,
      30.553136825561523,
      32.06420135498047,
      32.52265930175781,
      37.77885055541992,
      43.484188079833984,
      53.10605239868164,
      39.164344787597656,
      41.30485916137695
    ],
    [
      -2.0812478065490723,
      -8.511093139648438,
      12.796160697937012,
      14.079212188720703,
      19.143260955810547,
      17.746417999267578,
      19.517086029052734,
      20.88214683532715,
      23.52790069580078,
      22.892276763916016,
      26.677091598510742,
      26.34846305847168,
      27.914121627807617,
      28.863813400268555,
      39.4077262878418,
      39.164344787597656,
      56.49662399291992,
      48.79914855957031
    ],
    [
      -5.2565016746521,
      -5.905915260314941,
      12.935834884643555,
      14.107638359069824,
      21.52320098876953,
      19.234939575195312,
      21.465776443481445,
      22.77225685119629,
      24.658458709716797,
      24.279693603515625,
      27.47226333618164,
      28.375268936157227,
      28.040239334106445,
      31.082887649536133,
      36.67240905761719,
      41.30485916137695,
      48.79914855957031,
      54.88800811767578
    ]
  ],
  "damage": -2.969045639038086,
  "diff_bandwidth": 418.0206298828125,
  "dissonance": 10.660211986261825,
  "drr": 12.470742225646973,
  "dynamics": 3.4380149841308594,
  "format": 1245190,
  "frames": 23929792,
  "loudness": -9.09177303314209,
  "loudness_range": 10.24601936340332,
  "loudness_range_short": 11.66183090209961,
  "lowpass_true_peak_15khz": 1.5613425970077515,
  "mastering3_acoustic_entropies": [
    {
      "acoustic_entropy": 5.021069526672363,
      "acoustic_entropy_mono": 5.3227434158325195,
      "band_eliminated_acoustic_entropies": [
        {
          "acoustic_entropy": 4.437668800354004,
          "acoustic_entropy_side": 5.0209879875183105,
          "hz": 129.47220167065723
        },
        {
          "acoustic_entropy": 4.708404064178467,
          "acoustic_entropy_side": 5.020977020263672,
          "hz": 202.92927478742237
        },
        {
          "acoustic_entropy": 4.6466827392578125,
          "acoustic_entropy_side": 5.002872467041016,
          "hz": 282.89161906338205
        },
        {
          "acoustic_entropy": 4.984058380126953,
          "acoustic_entropy_side": 4.9722676277160645,
          "hz": 369.9353335868758
        },
        {
          "acoustic_entropy": 4.963526725769043,
          "acoustic_entropy_side": 4.9653191566467285,
          "hz": 464.6875360973435
        },
        {
          "acoustic_entropy": 4.906503200531006,
          "acoustic_entropy_side": 4.9477362632751465,
          "hz": 567.8308811364784
        },
        {
          "acoustic_entropy": 4.954916000366211,
          "acoustic_entropy_side": 4.983486652374268,
          "hz": 680.1084783214808
        },
        {
          "acoustic_entropy": 5.011329174041748,
          "acoustic_entropy_side": 5.01151180267334,
          "hz": 802.3292461747484
        },
        {
          "acoustic_entropy": 4.906917572021484,
          "acoustic_entropy_side": 4.963540554046631,
          "hz": 935.3737400823702
        },
        {
          "acoustic_entropy": 5.018782138824463,
          "acoustic_entropy_side": 4.981115818023682,
          "hz": 1080.2004963696966
        },
        {
          "acoustic_entropy": 4.966650009155273,
          "acoustic_entropy_side": 5.003098487854004,
          "hz": 1237.8529382007157
        },
        {
          "acoustic_entropy": 4.9777703285217285,
          "acoustic_entropy_side": 4.996266841888428,
          "hz": 1409.4668930556702
        },
        {
          "acoustic_entropy": 4.985302925109863,
          "acoustic_entropy_side": 5.01639986038208,
          "hz": 1596.2787759475705
        },
        {
          "acoustic_entropy": 5.003712177276611,
          "acoustic_entropy_side": 5.069340229034424,
          "hz": 1799.6344973346393
        },
        {
          "acoustic_entropy": 4.924684047698975,
          "acoustic_entropy_side": 4.973704814910889,
          "hz": 2020.9991599069049
        },
        {
          "acoustic_entropy": 5.010379314422607,
          "acoustic_entropy_side": 5.025988578796387,
          "hz": 2261.9676141086993
        },
        {
          "acoustic_entropy": 4.995664596557617,
          "acoustic_entropy_side": 5.023153305053711,
          "hz": 2524.2759484456974
        },
        {
          "acoustic_entropy": 4.966172218322754,
          "acoustic_entropy_side": 4.988742828369141,
          "hz": 2809.813997359896
        },
        {
          "acoustic_entropy": 5.024758338928223,
          "acoustic_entropy_side": 5.001091003417969,
          "hz": 3120.6389567871424
        },
        {
          "acoustic_entropy": 5.0452446937561035,
          "acoustic_entropy_side": 5.012495517730713,
          "hz": 3458.990205492291
        },
        {
          "acoustic_entropy": 4.98630952835083,
          "acoustic_entropy_side": 4.991739749908447,
          "hz": 3827.305438964164
        },
        {
          "acoustic_entropy": 5.020944595336914,
          "acoustic_entropy_side": 5.014310359954834,
          "hz": 4228.238232109126
        },
        {
          "acoustic_entropy": 5.0246171951293945,
          "acoustic_entropy_side": 5.017171382904053,
          "hz": 4664.6771572759235
        },
        {
          "acoustic_entropy": 4.972501277923584,
          "acoustic_entropy_side": 5.012450695037842,
          "hz": 5139.766595350093
        },
        {
          "acoustic_entropy": 5.015443325042725,
          "acoustic_entropy_side": 5.012740135192871,
          "hz": 5656.929389854203
        },
        {
          "acoustic_entropy": 5.009296894073486,
          "acoustic_entropy_side": 5.003662586212158,
          "hz": 6219.891507268283
        },
        {
          "acoustic_entropy": 4.996251583099365,
          "acoustic_entropy_side": 5.009857177734375,
          "hz": 6832.70888123896
        },
        {
          "acoustic_entropy": 5.025758743286133,
          "acoustic_entropy_side": 5.019650459289551,
          "hz": 7499.796634079867
        },
        {
          "acoustic_entropy": 5.04295015335083,
          "acoustic_entropy_side": 5.018126487731934,
          "hz": 8225.96088609342
        },
        {
          "acoustic_entropy": 5.051375389099121,
          "acoustic_entropy_side": 5.035176753997803,
          "hz": 9016.43338188839
        },
        {
          "acoustic_entropy": 4.9504241943359375,
          "acoustic_entropy_side": 5.023914813995361,
          "hz": 9876.909183162974
        },
        {
          "acoustic_entropy": 4.868508815765381,
          "acoustic_entropy_side": 5.04105281829834,
          "hz": 10813.587699516042
        },
        {
          "acoustic_entropy": 4.954026699066162,
          "acoustic_entropy_side": 5.033627986907959,
          "hz": 11833.21735289826
        },
        {
          "acoustic_entropy": 5.040444374084473,
          "acoustic_entropy_side": 5.0417609214782715,
          "hz": 12943.144197493959
        },
        {
          "acoustic_entropy": 5.042670249938965,
          "acoustic_entropy_side": 5.030635833740234,
          "hz": 14151.364845322005
        },
        {
          "acoustic_entropy": 5.082051753997803,
          "acoustic_entropy_side": 5.040775299072266,
          "hz": 15466.58407886509
        },
        {
          "acoustic_entropy": 5.076290130615234,
          "acoustic_entropy_side": 5.039535045623779,
          "hz": 16898.27756580493
        },
        {
          "acoustic_entropy": 5.067857265472412,
          "acoustic_entropy_side": 5.039615154266357,
          "hz": 18456.760127700032
        },
        {
          "acoustic_entropy": 5.0633931159973145,
          "acoustic_entropy_side": 5.037082195281982,
          "hz": 20153.260054456492
        },
        {
          "acoustic_entropy": 5.032691478729248,
          "acoustic_entropy_side": 5.02588415145874,
          "hz": 22000.00000000001
        }
      ],
      "diff_acoustic_entropy": 5.337370872497559,
      "sn": 6
    },
    {
      "acoustic_entropy": 8.30578327178955,
      "acoustic_entropy_mono": 7.627007961273193,
      "band_eliminated_acoustic_entropies": [
        {
          "acoustic_entropy": 7.132676124572754,
          "acoustic_entropy_side": 8.304738998413086,
          "hz": 129.47220167065723
        },
        {
          "acoustic_entropy": 8.534306526184082,
          "acoustic_entropy_side": 8.296052932739258,
          "hz": 202.92927478742237
        },
        {
          "acoustic_entropy": 7.958348274230957,
          "acoustic_entropy_side": 8.236703872680664,
          "hz": 282.89161906338205
        },
        {
          "acoustic_entropy": 7.926408290863037,
          "acoustic_entropy_side": 8.003963470458984,
          "hz": 369.9353335868758
        },
        {
          "acoustic_entropy": 8.136700630187988,
          "acoustic_entropy_side": 8.187956809997559,
          "hz": 464.6875360973435
        },
        {
          "acoustic_entropy": 8.164094924926758,
          "acoustic_entropy_side": 8.282655715942383,
          "hz": 567.8308811364784
        },
        {
          "acoustic_entropy": 8.25650691986084,
          "acoustic_entropy_side": 8.301522254943848,
          "hz": 680.1084783214808
        },
        {
          "acoustic_entropy": 8.374443054199219,
          "acoustic_entropy_side": 8.311565399169922,
          "hz": 802.3292461747484
        },
        {
          "acoustic_entropy": 8.284774780273438,
          "acoustic_entropy_side": 8.231344223022461,
          "hz": 935.3737400823702
        },
        {
          "acoustic_entropy": 8.306395530700684,
          "acoustic_entropy_side": 8.297338485717773,
          "hz": 1080.2004963696966
        },
        {
          "acoustic_entropy": 8.070549964904785,
          "acoustic_entropy_side": 8.347753524780273,
          "hz": 1237.8529382007157
        },
        {
          "acoustic_entropy": 8.289684295654297,
          "acoustic_entropy_side": 8.287728309631348,
          "hz": 1409.4668930556702
        },
        {
          "acoustic_entropy": 8.296308517456055,
          "acoustic_entropy_side": 8.368599891662598,
          "hz": 1596.2787759475705
        },
        {
          "acoustic_entropy": 8.418746948242188,
          "acoustic_entropy_side": 8.365466117858887,
          "hz": 1799.6344973346393
        },
        {
          "acoustic_entropy": 8.336462020874023,
          "acoustic_entropy_side": 8.26772403717041,
          "hz": 2020.9991599069049
        },
        {
          "acoustic_entropy": 8.363202095031738,
          "acoustic_entropy_side": 8.298894882202148,
          "hz": 2261.9676141086993
        },
        {
          "acoustic_entropy": 8.29802417755127,
          "acoustic_entropy_side": 8.259464263916016,
          "hz": 2524.2759484456974
        },
        {
          "acoustic_entropy": 8.285059928894043,
          "acoustic_entropy_side": 8.303637504577637,
          "hz": 2809.813997359896
        },
        {
          "acoustic_entropy": 8.302916526794434,
          "acoustic_entropy_side": 8.324005126953125,
          "hz": 3120.6389567871424
        },
        {
          "acoustic_entropy": 8.26243782043457,
          "acoustic_entropy_side": 8.235469818115234,
          "hz": 3458.990205492291
        },
        {
          "acoustic_entropy": 8.326862335205078,
          "acoustic_entropy_side": 8.371699333190918,
          "hz": 3827.305438964164
        },
        {
          "acoustic_entropy": 8.252610206604004,
          "acoustic_entropy_side": 8.285689353942871,
          "hz": 4228.238232109126
        },
        {
          "acoustic_entropy": 8.268113136291504,
          "acoustic_entropy_side": 8.28597640991211,
          "hz": 4664.6771572759235
        },
        {
          "acoustic_entropy": 8.175556182861328,
          "acoustic_entropy_side": 8.271429061889648,
          "hz": 5139.766595350093
        },
        {
          "acoustic_entropy": 8.275394439697266,
          "acoustic_entropy_side": 8.320594787597656,
          "hz": 5656.929389854203
        },
        {
          "acoustic_entropy": 8.229429244995117,
          "acoustic_entropy_side": 8.265484809875488,
          "hz": 6219.891507268283
        },
        {
          "acoustic_entropy": 8.230203628540039,
          "acoustic_entropy_side": 8.254202842712402,
          "hz": 6832.70888123896
        },
        {
          "acoustic_entropy": 8.262864112854004,
          "acoustic_entropy_side": 8.276227951049805,
          "hz": 7499.796634079867
        },
        {
          "acoustic_entropy": 8.281180381774902,
          "acoustic_entropy_side": 8.287014961242676,
          "hz": 8225.96088609342
        },
        {
          "acoustic_entropy": 8.237068176269531,
          "acoustic_entropy_side": 8.264080047607422,
          "hz": 9016.43338188839
        },
        {
          "acoustic_entropy": 8.08370304107666,
          "acoustic_entropy_side": 8.198116302490234,
          "hz": 9876.909183162974
        },
        {
          "acoustic_entropy": 8.030144691467285,
          "acoustic_entropy_side": 8.24996280670166,
          "hz": 10813.587699516042
        },
        {
          "acoustic_entropy": 8.16020393371582,
          "acoustic_entropy_side": 8.281803131103516,
          "hz": 11833.21735289826
        },
        {
          "acoustic_entropy": 8.330327987670898,
          "acoustic_entropy_side": 8.322794914245605,
          "hz": 12943.144197493959
        },
        {
          "acoustic_entropy": 8.361191749572754,
          "acoustic_entropy_side": 8.332718849182129,
          "hz": 14151.364845322005
        },
        {
          "acoustic_entropy": 8.354914665222168,
          "acoustic_entropy_side": 8.361679077148438,
          "hz": 15466.58407886509
        },
        {
          "acoustic_entropy": 8.307304382324219,
          "acoustic_entropy_side": 8.347014427185059,
          "hz": 16898.27756580493
        },
        {
          "acoustic_entropy": 8.290748596191406,
          "acoustic_entropy_side": 8.339203834533691,
          "hz": 18456.760127700032
        },
        {
          "acoustic_entropy": 8.205439567565918,
          "acoustic_entropy_side": 8.294063568115234,
          "hz": 20153.260054456492
        },
        {
          "acoustic_entropy": 8.291193962097168,
          "acoustic_entropy_side": 8.314874649047852,
          "hz": 22000.00000000001
        }
      ],
      "diff_acoustic_entropy": 7.629298686981201,
      "sn": 12
    },
    {
      "acoustic_entropy": 13.975786209106445,
      "acoustic_entropy_mono": 12.449166297912598,
      "band_eliminated_acoustic_entropies": [
        {
          "acoustic_entropy": 12.535683631896973,
          "acoustic_entropy_side": 14.04232406616211,
          "hz": 129.47220167065723
        },
        {
          "acoustic_entropy": 14.239533424377441,
          "acoustic_entropy_side": 13.946802139282227,
          "hz": 202.92927478742237
        },
        {
          "acoustic_entropy": 13.69014835357666,
          "acoustic_entropy_side": 14.498490333557129,
          "hz": 282.89161906338205
        },
        {
          "acoustic_entropy": 14.30311107635498,
          "acoustic_entropy_side": 14.279200553894043,
          "hz": 369.9353335868758
        },
        {
          "acoustic_entropy": 14.054418563842773,
          "acoustic_entropy_side": 14.151383399963379,
          "hz": 464.6875360973435
        },
        {
          "acoustic_entropy": 14.072711944580078,
          "acoustic_entropy_side": 13.892531394958496,
          "hz": 567.8308811364784
        },
        {
          "acoustic_entropy": 13.8967924118042,
          "acoustic_entropy_side": 13.970147132873535,
          "hz": 680.1084783214808
        },
        {
          "acoustic_entropy": 14.28531551361084,
          "acoustic_entropy_side": 14.25522232055664,
          "hz": 802.3292461747484
        },
        {
          "acoustic_entropy": 14.166372299194336,
          "acoustic_entropy_side": 14.143996238708496,
          "hz": 935.3737400823702
        },
        {
          "acoustic_entropy": 14.041873931884766,
          "acoustic_entropy_side": 14.373506546020508,
          "hz": 1080.2004963696966
        },
        {
          "acoustic_entropy": 14.081337928771973,
          "acoustic_entropy_side": 14.037579536437988,
          "hz": 1237.8529382007157
        },
        {
          "acoustic_entropy": 14.235906600952148,
          "acoustic_entropy_side": 13.921425819396973,
          "hz": 1409.4668930556702
        },
        {
          "acoustic_entropy": 14.187296867370605,
          "acoustic_entropy_side": 13.899749755859375,
          "hz": 1596.2787759475705
        },
        {
          "acoustic_entropy": 14.023274421691895,
          "acoustic_entropy_side": 13.87093734741211,
          "hz": 1799.6344973346393
        },
        {
          "acoustic_entropy": 14.160164833068848,
          "acoustic_entropy_side": 13.96521282196045,
          "hz": 2020.9991599069049
        },
        {
          "acoustic_entropy": 13.992410659790039,
          "acoustic_entropy_side": 13.9158935546875,
          "hz": 2261.9676141086993
        },
        {
          "acoustic_entropy": 14.211179733276367,
          "acoustic_entropy_side": 14.075335502624512,
          "hz": 2524.2759484456974
        },
        {
          "acoustic_entropy": 13.886507987976074,
          "acoustic_entropy_side": 13.93094253540039,
          "hz": 2809.813997359896
        },
        {
