{
  "acoustic_entropy": 163.45809936523438,
  "bands": [
    {
      "high_freq": 148.1999969482422,
      "loudness": -30.968149185180664,
      "loudness_range": 17.143903732299805,
      "mid_mean": -27.319747924804688,
      "mid_to_side_loudness": -31.536664962768555,
      "mid_to_side_loudness_range": 27.261184692382812,
      "side_mean": -60.43827819824219
    },
    {
      "high_freq": 392.3793640136719,
      "loudness": -32.48590850830078,
      "loudness_range": 15.601308822631836,
      "low_freq": 148.1999969482422,
      "mid_mean": -28.942983627319336,
      "mid_to_side_loudness": -16.707469940185547,
      "mid_to_side_loudness_range": 20.800443649291992,
      "side_mean": -46.574562072753906
    },
    {
      "high_freq": 794.6976318359375,
      "loudness": -32.86064147949219,
      "loudness_range": 20.0616455078125,
      "low_freq": 392.3793640136719,
      "mid_mean": -29.504714965820312,
      "mid_to_side_loudness": -15.12940788269043,
      "mid_to_side_loudness_range": 20.544710159301758,
      "side_mean": -45.29555130004883
    },
    {
      "high_freq": 1457.5709228515625,
      "loudness": -34.33163070678711,
      "loudness_range": 24.421653747558594,
      "low_freq": 794.6976318359375,
      "mid_mean": -31.259729385375977,
      "mid_to_side_loudness": -14.179351806640625,
      "mid_to_side_loudness_range": 21.951786041259766,
      "side_mean": -46.57173156738281
    },
    {
      "high_freq": 2549.74365234375,
      "loudness": -33.494842529296875,
      "loudness_range": 26.418018341064453,
      "low_freq": 1457.5709228515625,
      "mid_mean": -30.24839210510254,
      "mid_to_side_loudness": -13.746870040893555,
      "mid_to_side_loudness_range": 22.926429748535156,
      "side_mean": -45.459590911865234
    },
    {
      "high_freq": 4349.24462890625,
      "loudness": -35.94962692260742,
      "loudness_range": 26.23773765563965,
      "low_freq": 2549.74365234375,
      "mid_mean": -33.1046028137207,
      "mid_to_side_loudness": -11.754215240478516,
      "mid_to_side_loudness_range": 22.536998748779297,
      "side_mean": -45.717857360839844
    },
    {
      "high_freq": 7314.1640625,
      "loudness": -39.75,
      "loudness_range": 24.366168975830078,
      "low_freq": 4349.24462890625,
      "mid_mean": -37.19211959838867,
      "mid_to_side_loudness": -9.754355430603027,
      "mid_to_side_loudness_range": 21.44506072998047,
      "side_mean": -47.31858444213867
    },
    {
      "high_freq": 12199.2666015625,
      "loudness": -45.10710906982422,
      "loudness_range": 15.113410949707031,
      "low_freq": 7314.1640625,
      "mid_mean": -43.61565399169922,
      "mid_to_side_loudness": -2.862076997756958,
      "mid_to_side_loudness_range": 9.981996536254883,
      "side_mean": -46.328086853027344
    },
    {
      "loudness": -49.12625503540039,
      "loudness_range": 16.89584732055664,
      "low_freq": 12199.2666015625,
      "mid_mean": -48.44866943359375,
      "mid_to_side_loudness": -1.0299510955810547,
      "mid_to_side_loudness_range": 2.684202194213867,
      "side_mean": -50.09001159667969
    }
  ],
  "bands_short": [
    {
      "high_freq": 148.1999969482422,
      "loudness": -34.74980545043945,
      "loudness_range": 23.51731300354004,
      "mid_mean": -31.281356811523438,
      "mid_to_side_loudness": -30.88970375061035,
      "mid_to_side_loudness_range": 31.42048454284668,
      "side_mean": -63.12791061401367
    },
    {
      "high_freq": 392.3793640136719,
      "loudness": -32.15939712524414,
      "loudness_range": 16.437881469726562,
      "low_freq": 148.1999969482422,
      "mid_mean": -28.60696029663086,
      "mid_to_side_loudness": -18.658241271972656,
      "mid_to_side_loudness_range": 25.133872985839844,
      "side_mean": -49.062042236328125
    },
    {
      "high_freq": 794.6976318359375,
      "loudness": -33.970855712890625,
      "loudness_range": 23.003890991210938,
      "low_freq": 392.3793640136719,
      "mid_mean": -30.856992721557617,
      "mid_to_side_loudness": -14.08557415008545,
      "mid_to_side_loudness_range": 22.423795700073242,
      "side_mean": -46.219871520996094
    },
    {
      "high_freq": 1457.5709228515625,
      "loudness": -35.868743896484375,
      "loudness_range": 27.709436416625977,
      "low_freq": 794.6976318359375,
      "mid_mean": -33.008995056152344,
      "mid_to_side_loudness": -12.481327056884766,
      "mid_to_side_loudness_range": 23.8365421295166,
      "side_mean": -47.605445861816406
    },
    {
      "high_freq": 2549.74365234375,
      "loudness": -36.13557052612305,
      "loudness_range": 30.302297592163086,
      "low_freq": 1457.5709228515625,
      "mid_mean": -33.27113342285156,
      "mid_to_side_loudness": -11.203045845031738,
      "mid_to_side_loudness_range": 24.252437591552734,
      "side_mean": -46.48579025268555
    },
    {
      "high_freq": 4349.24462890625,
      "loudness": -38.94157028198242,
      "loudness_range": 29.6357421875,
      "low_freq": 2549.74365234375,
      "mid_mean": -36.56252670288086,
      "mid_to_side_loudness": -8.678679466247559,
      "mid_to_side_loudness_range": 23.137060165405273,
      "side_mean": -46.33488845825195
    },
    {
      "high_freq": 7314.1640625,
      "loudness": -42.71651077270508,
      "loudness_range": 28.754985809326172,
      "low_freq": 4349.24462890625,
      "mid_mean": -40.63894271850586,
      "mid_to_side_loudness": -7.209695816040039,
      "mid_to_side_loudness_range": 22.733980178833008,
      "side_mean": -48.79002380371094
    },
    {
      "high_freq": 12199.2666015625,
      "loudness": -46.9672966003418,
      "loudness_range": 19.47488784790039,
      "low_freq": 7314.1640625,
      "mid_mean": -45.701942443847656,
      "mid_to_side_loudness": -2.5997965335845947,
      "mid_to_side_loudness_range": 10.994860649108887,
      "side_mean": -48.37803268432617
    },
    {
      "loudness": -52.14468765258789,
      "loudness_range": 21.31243896484375,
      "low_freq": 12199.2666015625,
      "mid_mean": -52.11442947387695,
      "mid_to_side_loudness": -1.2403250932693481,
      "mid_to_side_loudness_range": 4.055889129638672,
      "side_mean": -53.050106048583984
    }
  ],
  "bandwidth": 754.880859375,
  "channels": 2,
  "covariance": [
    [
      37.46543502807617,
      9.130234718322754,
      5.266399383544922,
      1.0716006755828857,
      6.336591720581055,
      4.278608798980713,
      6.527850151062012,
      0.27339228987693787,
      6.902070045471191,
      -0.590969443321228,
      5.677620887756348,
      -1.2283117771148682,
      7.184140205383301,
      3.3170700073242188,
      7.792930603027344,
      8.046504020690918,
      14.588312149047852,
      17.532915115356445
    ],
    [
      9.130234718322754,
      24.849464416503906,
      9.257195472717285,
      19.34507942199707,
      6.944596767425537,
      12.029990196228027,
      4.995260238647461,
      11.591813087463379,
      5.13784646987915,
      12.085691452026367,
      7.424014568328857,
      15.077788352966309,
      11.555910110473633,
      17.626258850097656,
      13.29281234741211,
      16.57637596130371,
      17.43557357788086,
      25.2420597076416
    ],
    [
      5.266399383544922,
      9.257195472717285,
      30.897001266479492,
      24.03153419494629,
      26.812664031982422,
      15.856486320495605,
      21.496906280517578,
      13.613139152526855,
      18.99195671081543,
      10.447893142700195,
      17.932037353515625,
      8.925395011901855,
      14.557778358459473,
      9.741323471069336,
      8.955829620361328,
      8.972668647766113,
      11.106328964233398,
      13.987523078918457
    ],
    [
      1.0716006755828857,
      19.34507942199707,
      24.03153419494629,
      51.48933792114258,
      20.78296661376953,
      27.594900131225586,
      16.613506317138672,
      27.449914932250977,
      15.02193546295166,
      24.522445678710938,
      19.427217483520508,
      21.59675407409668,
      22.95461654663086,
      21.627689361572266,
      16.822589874267578,
      17.60222053527832,
      17.18410301208496,
      22.029220581054688
    ],
    [
      6.336591720581055,
      6.944596767425537,
      26.812664031982422,
      20.78296661376953,
      56.484535217285156,
      28.101133346557617,
      53.62478256225586,
      29.3673038482666,
      50.42153549194336,
      22.29703140258789,
      49.11270523071289,
      13.888705253601074,
      42.50397872924805,
      11.296564102172852,
      19.911224365234375,
      10.148594856262207,
      15.583338737487793,
      15.773754119873047
    ],
    [
      4.278608798980713,
      12.029990196228027,
      15.856486320495605,
      27.594900131225586,
      28.101133346557617,
      35.229217529296875,
      28.833280563354492,
      32.32962417602539,
      27.017925262451172,
      24.945980072021484,
      31.67744255065918,
      18.50501251220703,
      29.773967742919922,
      16.05780029296875,
      17.453449249267578,
      12.523860931396484,
      13.514213562011719,
      15.632000923156738
    ],
    [
      6.527850151062012,
      4.995260238647461,
      21.496906280517578,
      16.613506317138672,
      53.62478256225586,
      28.833280563354492,
      76.61833190917969,
      36.54329299926758,
      71.57841491699219,
      28.98310661315918,
      71.28101348876953,
      16.549884796142578,
      63.43867492675781,
      10.860295295715332,
      28.347774505615234,
      9.43394947052002,
      15.42833423614502,
      13.126867294311523
    ],
    [
      0.27339228987693787,
      11.591813087463379,
      13.613139152526855,
      27.449914932250977,
      29.3673038482666,
      32.32962417602539,
      36.54329299926758,
      45.42720031738281,
      34.379730224609375,
      34.908485412597656,
      40.810394287109375,
      24.17588233947754,
      41.38864517211914,
      18.65334701538086,
      22.13032341003418,
      13.59031867980957,
      13.543563842773438,
      12.46210765838623
    ],
    [
      6.902070045471191,
      5.13784646987915,
      18.99195671081543,
      15.02193546295166,
      50.42153549194336,
      27.017925262451172,
      71.57841491699219,
      34.379730224609375,
      88.4416732788086,
      32.649349212646484,
      83.28218841552734,
      18.20322036743164,
      76.10418701171875,
      11.966612815856934,
      34.963321685791016,
      9.928711891174316,
      19.042930603027344,
      13.91373062133789
    ],
    [
      -0.590969443321228,
      12.085691452026367,
      10.447893142700195,
      24.522445678710938,
      22.29703140258789,
      24.945980072021484,
      28.98310661315918,
      34.908485412597656,
      32.649349212646484,
      38.04124069213867,
      38.2568473815918,
      27.829044342041016,
      42.24928283691406,
      21.887584686279297,
      24.833377838134766,
      15.806256294250488,
      15.80233097076416,
      14.193624496459961
    ],
    [
      5.677620887756348,
      7.424014568328857,
      17.932037353515625,
      19.427217483520508,
      49.11270523071289,
      31.67744255065918,
      71.28101348876953,
      40.810394287109375,
      83.28218841552734,
      38.2568473815918,
      97.60034942626953,
      24.83772087097168,
      88.2476806640625,
      17.156953811645508,
      40.28141784667969,
      13.22182846069336,
      21.868112564086914,
      17.37476921081543
    ],
    [
      -1.2283117771148682,
      15.077788352966309,
      8.925395011901855,
      21.59675407409668,
      13.888705253601074,
      18.50501251220703,
      16.549884796142578,
      24.17588233947754,
      18.20322036743164,
      27.829044342041016,
      24.83772087097168,
      31.1000919342041,
      29.141311645507812,
      27.021305084228516,
      23.85977554321289,
      21.23957061767578,
      19.74528694152832,
      19.35672950744629
    ],
    [
      7.184140205383301,
      11.555910110473633,
      14.557778358459473,
      22.95461654663086,
      42.50397872924805,
      29.773967742919922,
      63.43867492675781,
      41.38864517211914,
      76.10418701171875,
      42.24928283691406,
      88.2476806640625,
      29.141311645507812,
      92.88226318359375,
      23.327125549316406,
      46.30392074584961,
      19.53278350830078,
      28.25052833557129,
      23.277921676635742
    ],
    [
      3.3170700073242188,
      17.626258850097656,
      9.741323471069336,
      21.627689361572266,
      11.296564102172852,
      16.05780029296875,
      10.860295295715332,
      18.65334701538086,
      11.966612815856934,
      21.887584686279297,
      17.156953811645508,
      27.021305084228516,
      23.327125549316406,
      29.52182388305664,
      23.537109375,
      25.406789779663086,
      25.955793380737305,
      26.64600944519043
    ],
    [
      7.792930603027344,
      13.29281234741211,
      8.955829620361328,
      16.822589874267578,
      19.911224365234375,
      17.453449249267578,
      28.347774505615234,
      22.13032341003418,
      34.963321685791016,
      24.833377838134766,
      40.28141784667969,
      23.85977554321289,
      46.30392074584961,
      23.537109375,
      36.43207931518555,
      23.037946701049805,
      29.485580444335938,
      26.658090591430664
    ],
    [
      8.046504020690918,
      16.57637596130371,
      8.972668647766113,
      17.60222053527832,
      10.148594856262207,
      12.523860931396484,
      9.43394947052002,
      13.59031867980957,
      9.928711891174316,
      15.806256294250488,
      13.22182846069336,
      21.23957061767578,
      19.53278350830078,
      25.406789779663086,
      23.037946701049805,
      26.576366424560547,
      28.091861724853516,
      29.370744705200195
    ],
    [
      14.588312149047852,
      17.43557357788086,
      11.106328964233398,
      17.18410301208496,
      15.583338737487793,
      13.514213562011719,
      15.42833423614502,
      13.543563842773438,
      19.042930603027344,
      15.80233097076416,
      21.868112564086914,
      19.74528694152832,
      28.25052833557129,
      25.955793380737305,
      29.485580444335938,
      28.091861724853516,
      41.6333122253418,
      41.70203399658203
    ],
    [
      17.532915115356445,
      25.2420597076416,
      13.987523078918457,
      22.029220581054688,
      15.773754119873047,
      15.632000923156738,
      13.126867294311523,
      12.46210765838623,
      13.91373062133789,
      14.193624496459961,
      17.37476921081543,
      19.35672950744629,
      23.277921676635742,
      26.64600944519043,
      26.658090591430664,
      29.370744705200195,
      41.70203399658203,
      59.316219329833984
    ]
  ],
  "covariance_short": [
    [
      68.88923645019531,
      15.825798988342285,
      17.30705451965332,
      1.0726957321166992,
      5.298433303833008,
      3.245478868484497,
      4.553049087524414,
      0.9917690753936768,
      3.264600992202759,
      0.7159467339515686,
      2.7746992111206055,
      1.3129639625549316,
      7.15086030960083,
      8.63973617553711,
      13.415093421936035,
      16.227737426757812,
      20.493417739868164,
      22.548091888427734
    ],
    [
      15.825798988342285,
      25.082918167114258,
      11.346065521240234,
      18.383840560913086,
      6.7506513595581055,
      10.706546783447266,
      4.877699851989746,
      9.075587272644043,
      5.603126049041748,
      9.651266098022461,
      8.047954559326172,
      12.899148941040039,
      12.018863677978516,
      17.426664352416992,
      14.346441268920898,
      18.567970275878906,
      23.36314582824707,
      25.125423431396484
    ],
    [
      17.30705451965332,
      11.346065521240234,
      35.72651290893555,
      23.090335845947266,
      26.297821044921875,
      14.825145721435547,
      21.831632614135742,
      11.46850872039795,
      22.236713409423828,
      9.699711799621582,
      19.390838623046875,
      9.263775825500488,
      18.400279998779297,
      13.884243965148926,
      15.356439590454102,
      16.042987823486328,
      18.380258560180664,
      18.722902297973633
    ],
    [
      1.0726957321166992,
      18.383840560913086,
      23.090335845947266,
      65.83740234375,
      28.29467010498047,
      34.31523513793945,
      19.876245498657227,
      30.996278762817383,
      21.80032730102539,
      27.36859130859375,
      24.72494125366211,
      24.427038192749023,
      28.08368492126465,
      27.451147079467773,
      22.837038040161133,
      25.30150032043457,
      29.23627281188965,
      29.417259216308594
    ],
    [
      5.298433303833008,
      6.7506513595581055,
      26.297821044921875,
      28.29467010498047,
      74.93339538574219,
      32.83544158935547,
      69.0402603149414,
      33.7453727722168,
      69.52760314941406,
      26.060474395751953,
      62.3681640625,
      17.447690963745117,
      54.52999496459961,
      17.55023956298828,
      29.176136016845703,
      16.77953338623047,
      22.313764572143555,
      17.86210060119629
    ],
    [
      3.245478868484497,
      10.706546783447266,
      14.825145721435547,
      34.31523513793945,
      32.83544158935547,
      47.50736999511719,
      30.612276077270508,
      40.16914367675781,
      33.07489013671875,
      30.66848373413086,
      36.78793716430664,
      23.34992027282715,
      34.467037200927734,
      21.805877685546875,
      23.253177642822266,
      18.648685455322266,
      22.006216049194336,
      20.98164939880371
    ],
    [
      4.553049087524414,
      4.877699851989746,
      21.831632614135742,
      19.876245498657227,
      69.0402603149414,
      30.612276077270508,
      97.7730484008789,
      37.132503509521484,
      93.18876647949219,
      30.0815486907959,
      89.00717163085938,
      18.918588638305664,
      79.63504791259766,
      15.226207733154297,
      39.292179107666016,
      13.508764266967773,
      23.5125732421875,
      15.246600151062012
    ],
    [
      0.9917690753936768,
      9.075587272644043,
      11.46850872039795,
      30.996278762817383,
      33.7453727722168,
      40.16914367675781,
      37.132503509521484,
      56.621009826660156,
      38.28255081176758,
      40.0723876953125,
      43.60587692260742,
      28.2086181640625,
      41.996761322021484,
      23.496707916259766,
      25.783586502075195,
      18.464824676513672,
      19.99091339111328,
      18.084678649902344
    ],
    [
      3.264600992202759,
      5.603126049041748,
      22.236713409423828,
      21.80032730102539,
      69.52760314941406,
      33.07489013671875,
      93.18876647949219,
      38.28255081176758,
      117.4805908203125,
      36.884124755859375,
      108.03733825683594,
      23.905460357666016,
      99.75347137451172,
      18.919593811035156,
      50.09720993041992,
      15.56735610961914,
      28.3049259185791,
      17.100238800048828
    ],
    [
      0.7159467339515686,
      9.651266098022461,
      9.699711799621582,
      27.36859130859375,
      26.060474395751953,
      30.66848373413086,
      30.0815486907959,
      40.0723876953125,
      36.884124755859375,
      44.74668502807617,
      43.273441314697266,
      31.96085548400879,
      45.61508560180664,
      26.733768463134766,
      28.683900833129883,
      20.563913345336914,
      20.383317947387695,
      18.543046951293945
    ],
    [
      2.7746992111206055,
      8.047954559326172,
      19.390838623046875,
      24.72494125366211,
      62.3681640625,
      36.78793716430664,
      89.00717163085938,
      43.60587692260742,
      108.03733825683594,
      43.273441314697266,
      124.51033020019531,
      32.816993713378906,
      115.26260375976562,
      26.740381240844727,
      58.268898010253906,
      21.27858543395996,
      34.39535903930664,
      22.730321884155273
    ],
    [
      1.3129639625549316,
      12.899148941040039,
      9.263775825500488,
      24.427038192749023,
      17.447690963745117,
      23.34992027282715,
      18.918588638305664,
      28.2086181640625,
      23.905460357666016,
      31.96085548400879,
      32.816993713378906,
      35.85015869140625,
      36.887142181396484,
      32.337432861328125,
      29.432649612426758,
      27.137361526489258,
      25.38019561767578,
      25.173789978027344
    ],
    [
      7.15086030960083,
      12.018863677978516,
      18.400279998779297,
      28.08368492126465,
      54.52999496459961,
      34.467037200927734,
      79.63504791259766,
      41.996761322021484,
      99.75347137451172,
      45.61508560180664,
      115.26260375976562,
      36.887142181396484,
      121.48470306396484,
      34.29726791381836,
      66.74948120117188,
      29.805667877197266,
      42.78476333618164,
      31.227828979492188
    ],
    [
      8.63973617553711,
      17.426664352416992,
      13.884243965148926,
      27.451147079467773,
      17.55023956298828,
      21.805877685546875,
      15.226207733154297,
      23.496707916259766,
      18.919593811035156,
      26.733768463134766,
      26.740381240844727,
      32.337432861328125,
      34.29726791381836,
      41.005950927734375,
      32.89229965209961,
      38.031131744384766,
      37.07965087890625,
      38.22431945800781
    ],
    [
      13.415093421936035,
      14.346441268920898,
      15.356439590454102,
      22.837038040161133,
      29.176136016845703,
      23.253177642822266,
      39.292179107666016,
      25.783586502075195,
      50.09720993041992,
      28.683900833129883,
      58.268898010253906,
      29.432649612426758,
      66.74948120117188,
      32.89229965209961,
      54.08584213256836,
      34.14592361450195,
      43.73163604736328,
      36.81682205200195
    ],
    [
      16.227737426757812,
      18.567970275878906,
      16.042987823486328,
      25.30150032043457,
      16.77953338623047,
      18.648685455322266,
      13.508764266967773,
      18.464824676513672,
      15.56735610961914,
      20.563913345336914,
      21.27858543395996,
      27.137361526489258,
      29.805667877197266,
      38.031131744384766,
      34.14592361450195,
      41.89634704589844,
      41.65269088745117,
      43.667724609375
    ],
    [
      20.493417739868164,
      23.36314582824707,
      18.380258560180664,
      29.23627281188965,
      22.313764572143555,
      22.006216049194336,
      23.5125732421875,
      19.99091339111328,
      28.3049259185791,
      20.383317947387695,
      34.39535903930664,
      25.38019561767578,
      42.78476333618164,
      37.07965087890625,
      43.73163604736328,
      41.65269088745117,
      63.5720329284668,
      60.66331481933594
    ],
    [
      22.548091888427734,
      25.125423431396484,
      18.722902297973633,
      29.417259216308594,
      17.86210060119629,
      20.98164939880371,
      15.246600151062012,
      18.084678649902344,
      17.100238800048828,
      18.543046951293945,
      22.730321884155273,
      25.173789978027344,
      31.227828979492188,
      38.22431945800781,
      36.81682205200195,
      43.667724609375,
      60.66331481933594,
      62.81326675415039
    ]
  ],
  "damage": -14.395133018493652,
  "diff_bandwidth": 791.744873046875,
  "dissonance": 6.443600524395023,
  "drr": 6.610169410705566,
  "dynamics": 4.754347324371338,
  "format": 1245190,
  "frames": 6965248,
  "loudness": -19.143659591674805,
  "loudness_range": 12.288752555847168,
  "loudness_range_short": 17.71816635131836,
  "lowpass_true_peak_15khz": -0.36814120411872864,
  "mastering3_acoustic_entropies": [
    {
      "acoustic_entropy": 8.567200660705566,
      "acoustic_entropy_mono": 7.352397918701172,
      "band_eliminated_acoustic_entropies": [
        {
          "acoustic_entropy": 8.424999237060547,
          "acoustic_entropy_side": 8.567201614379883,
          "hz": 129.47220167065723
        },
        {
          "acoustic_entropy": 7.1322922706604,
          "acoustic_entropy_side": 8.567476272583008,
          "hz": 202.92927478742237
        },
        {
          "acoustic_entropy": 8.515506744384766,
          "acoustic_entropy_side": 8.57372760772705,
          "hz": 282.89161906338205
        },
        {
          "acoustic_entropy": 8.637090682983398,
          "acoustic_entropy_side": 8.577296257019043,
          "hz": 369.9353335868758
        },
        {
          "acoustic_entropy": 8.563962936401367,
          "acoustic_entropy_side": 8.569904327392578,
          "hz": 464.6875360973435
        },
        {
          "acoustic_entropy": 8.12216567993164,
          "acoustic_entropy_side": 8.578861236572266,
          "hz": 567.8308811364784
        },
        {
          "acoustic_entropy": 7.880445957183838,
          "acoustic_entropy_side": 8.58330249786377,
          "hz": 680.1084783214808
        },
        {
          "acoustic_entropy": 8.791173934936523,
          "acoustic_entropy_side": 8.572077751159668,
          "hz": 802.3292461747484
        },
        {
          "acoustic_entropy": 8.035919189453125,
          "acoustic_entropy_side": 8.582186698913574,
          "hz": 935.3737400823702
        },
        {
          "acoustic_entropy": 9.170105934143066,
          "acoustic_entropy_side": 8.576040267944336,
          "hz": 1080.2004963696966
        },
        {
          "acoustic_entropy": 8.557229995727539,
          "acoustic_entropy_side": 8.584697723388672,
          "hz": 1237.8529382007157
        },
        {
          "acoustic_entropy": 8.38025951385498,
          "acoustic_entropy_side": 8.615894317626953,
          "hz": 1409.4668930556702
        },
        {
          "acoustic_entropy": 9.243260383605957,
          "acoustic_entropy_side": 8.590781211853027,
          "hz": 1596.2787759475705
        },
        {
          "acoustic_entropy": 8.63586139678955,
          "acoustic_entropy_side": 8.59772777557373,
          "hz": 1799.6344973346393
        },
        {
          "acoustic_entropy": 8.681255340576172,
          "acoustic_entropy_side": 8.585552215576172,
          "hz": 2020.9991599069049
        },
        {
          "acoustic_entropy": 8.015108108520508,
          "acoustic_entropy_side": 8.579904556274414,
          "hz": 2261.9676141086993
        },
        {
          "acoustic_entropy": 8.741110801696777,
          "acoustic_entropy_side": 8.56574821472168,
          "hz": 2524.2759484456974
        },
        {
          "acoustic_entropy": 8.635339736938477,
          "acoustic_entropy_side": 8.581103324890137,
          "hz": 2809.813997359896
        },
        {
          "acoustic_entropy": 8.42428970336914,
          "acoustic_entropy_side": 8.57419490814209,
          "hz": 3120.6389567871424
        },
        {
          "acoustic_entropy": 8.732601165771484,
          "acoustic_entropy_side": 8.608233451843262,
          "hz": 3458.990205492291
        },
        {
          "acoustic_entropy": 8.6865234375,
          "acoustic_entropy_side": 8.596353530883789,
          "hz": 3827.305438964164
        },
        {
          "acoustic_entropy": 8.58541202545166,
          "acoustic_entropy_side": 8.59078311920166,
          "hz": 4228.238232109126
        },
        {
          "acoustic_entropy": 8.612872123718262,
          "acoustic_entropy_side": 8.615103721618652,
          "hz": 4664.6771572759235
        },
        {
          "acoustic_entropy": 8.568625450134277,
          "acoustic_entropy_side": 8.595065116882324,
          "hz": 5139.766595350093
        },
        {
          "acoustic_entropy": 8.604846954345703,
          "acoustic_entropy_side": 8.590999603271484,
          "hz": 5656.929389854203
        },
        {
          "acoustic_entropy": 8.547119140625,
          "acoustic_entropy_side": 8.57762336730957,
          "hz": 6219.891507268283
        },
        {
          "acoustic_entropy": 8.567500114440918,
          "acoustic_entropy_side": 8.569587707519531,
          "hz": 6832.70888123896
        },
        {
          "acoustic_entropy": 8.594118118286133,
          "acoustic_entropy_side": 8.56906509399414,
          "hz": 7499.796634079867
        },
        {
          "acoustic_entropy": 8.590232849121094,
          "acoustic_entropy_side": 8.568763732910156,
          "hz": 8225.96088609342
        },
        {
          "acoustic_entropy": 8.590349197387695,
          "acoustic_entropy_side": 8.566245079040527,
          "hz": 9016.43338188839
        },
        {
          "acoustic_entropy": 8.57152271270752,
          "acoustic_entropy_side": 8.564007759094238,
          "hz": 9876.909183162974
        },
        {
          "acoustic_entropy": 8.569222450256348,
          "acoustic_entropy_side": 8.560565948486328,
          "hz": 10813.587699516042
        },
        {
          "acoustic_entropy": 8.557246208190918,
          "acoustic_entropy_side": 8.554886817932129,
          "hz": 11833.21735289826
        },
        {
          "acoustic_entropy": 8.545035362243652,
          "acoustic_entropy_side": 8.552108764648438,
          "hz": 12943.144197493959
        },
        {
          "acoustic_entropy": 8.536443710327148,
          "acoustic_entropy_side": 8.55744743347168,
          "hz": 14151.364845322005
        },
        {
          "acoustic_entropy": 8.570938110351562,
          "acoustic_entropy_side": 8.555532455444336,
          "hz": 15466.58407886509
        },
        {
          "acoustic_entropy": 8.546228408813477,
          "acoustic_entropy_side": 8.560516357421875,
          "hz": 16898.27756580493
        },
        {
          "acoustic_entropy": 8.557073593139648,
          "acoustic_entropy_side": 8.565160751342773,
          "hz": 18456.760127700032
        },
        {
          "acoustic_entropy": 8.56657886505127,
          "acoustic_entropy_side": 8.568337440490723,
          "hz": 20153.260054456492
        },
        {
          "acoustic_entropy": 8.568058013916016,
          "acoustic_entropy_side": 8.56771183013916,
          "hz": 22000.00000000001
        }
      ],
      "diff_acoustic_entropy": 8.205475807189941,
      "sn": 6
    },
    {
      "acoustic_entropy": 13.022128105163574,
      "acoustic_entropy_mono": 12.780942916870117,
      "band_eliminated_acoustic_entropies": [
        {
          "acoustic_entropy": 13.162205696105957,
          "acoustic_entropy_side": 13.022147178649902,
          "hz": 129.47220167065723
        },
        {
          "acoustic_entropy": 11.917041778564453,
          "acoustic_entropy_side": 13.022047996520996,
          "hz": 202.92927478742237
        },
        {
          "acoustic_entropy": 13.37371826171875,
          "acoustic_entropy_side": 13.03961181640625,
          "hz": 282.89161906338205
        },
        {
          "acoustic_entropy": 12.890203475952148,
          "acoustic_entropy_side": 13.009530067443848,
          "hz": 369.9353335868758
        },
        {
          "acoustic_entropy": 14.131526947021484,
          "acoustic_entropy_side": 13.092830657958984,
          "hz": 464.6875360973435
        },
        {
          "acoustic_entropy": 12.975973129272461,
          "acoustic_entropy_side": 13.023443222045898,
          "hz": 567.8308811364784
        },
        {
          "acoustic_entropy": 11.681962966918945,
          "acoustic_entropy_side": 13.043639183044434,
          "hz": 680.1084783214808
        },
        {
          "acoustic_entropy": 12.955952644348145,
          "acoustic_entropy_side": 13.015739440917969,
          "hz": 802.3292461747484
        },
        {
          "acoustic_entropy": 13.133748054504395,
          "acoustic_entropy_side": 12.979780197143555,
          "hz": 935.3737400823702
        },
        {
          "acoustic_entropy": 13.297972679138184,
          "acoustic_entropy_side": 13.055987358093262,
          "hz": 1080.2004963696966
        },
        {
          "acoustic_entropy": 13.28950023651123,
          "acoustic_entropy_side": 13.048172950744629,
          "hz": 1237.8529382007157
        },
        {
          "acoustic_entropy": 12.540765762329102,
          "acoustic_entropy_side": 13.133728981018066,
          "hz": 1409.4668930556702
        },
        {
          "acoustic_entropy": 13.489137649536133,
          "acoustic_entropy_side": 13.060541152954102,
          "hz": 1596.2787759475705
        },
        {
          "acoustic_entropy": 12.48000717163086,
          "acoustic_entropy_side": 13.074557304382324,
          "hz": 1799.6344973346393
        },
        {
          "acoustic_entropy": 12.787883758544922,
          "acoustic_entropy_side": 13.018799781799316,
          "hz": 2020.9991599069049
        },
        {
          "acoustic_entropy": 12.79444408416748,
          "acoustic_entropy_side": 13.051918029785156,
          "hz": 2261.9676141086993
        },
        {
          "acoustic_entropy": 13.278964042663574,
          "acoustic_entropy_side": 13.164402961730957,
          "hz": 2524.2759484456974
        },
        {
          "acoustic_entropy": 13.1422700881958,
          "acoustic_entropy_side": 13.03127670288086,
          "hz": 2809.813997359896
        },
        {
          "acoustic_entropy": 13.042613983154297,
          "acoustic_entropy_side": 13.024811744689941,
          "hz": 3120.6389567871424
        },
        {
          "acoustic_entropy": 12.971553802490234,
          "acoustic_entropy_side": 12.956364631652832,
          "hz": 3458.990205492291
        },
        {
          "acoustic_entropy": 12.98575496673584,
          "acoustic_entropy_side": 12.993501663208008,
          "hz": 3827.305438964164
        },
        {
          "acoustic_entropy": 12.71837043762207,
          "acoustic_entropy_side": 13.019607543945312,
          "hz": 4228.238232109126
        },
        {
          "acoustic_entropy": 12.736968994140625,
          "acoustic_entropy_side": 12.970357894897461,
          "hz": 4664.6771572759235
        },
        {
          "acoustic_entropy": 12.841520309448242,
          "acoustic_entropy_side": 13.006380081176758,
          "hz": 5139.766595350093
        },
        {
          "acoustic_entropy": 13.034700393676758,
          "acoustic_entropy_side": 13.037489891052246,
          "hz": 5656.929389854203
        },
        {
          "acoustic_entropy": 13.13393783569336,
          "acoustic_entropy_side": 13.030804634094238,
          "hz": 6219.891507268283
        },
        {
          "acoustic_entropy": 13.028240203857422,
          "acoustic_entropy_side": 13.050430297851562,
          "hz": 6832.70888123896
        },
        {
          "acoustic_entropy": 12.966960906982422,
          "acoustic_entropy_side": 13.045615196228027,
          "hz": 7499.796634079867
        },
        {
          "acoustic_entropy": 12.705439567565918,
          "acoustic_entropy_side": 13.050777435302734,
          "hz": 8225.96088609342
        },
        {
          "acoustic_entropy": 13.079248428344727,
          "acoustic_entropy_side": 13.050453186035156,
          "hz": 9016.43338188839
        },
        {
          "acoustic_entropy": 13.074150085449219,
          "acoustic_entropy_side": 13.052739143371582,
          "hz": 9876.909183162974
        },
        {
          "acoustic_entropy": 13.043710708618164,
          "acoustic_entropy_side": 13.052392959594727,
          "hz": 10813.587699516042
        },
        {
          "acoustic_entropy": 12.887995719909668,
          "acoustic_entropy_side": 13.038750648498535,
          "hz": 11833.21735289826
        },
        {
          "acoustic_entropy": 12.972037315368652,
          "acoustic_entropy_side": 13.01570987701416,
          "hz": 12943.144197493959
        },
        {
          "acoustic_entropy": 12.896925926208496,
          "acoustic_entropy_side": 12.956812858581543,
          "hz": 14151.364845322005
        },
        {
          "acoustic_entropy": 12.799110412597656,
          "acoustic_entropy_side": 12.92243766784668,
          "hz": 15466.58407886509
        },
        {
          "acoustic_entropy": 12.81387710571289,
          "acoustic_entropy_side": 12.931778907775879,
          "hz": 16898.27756580493
        },
        {
          "acoustic_entropy": 12.863298416137695,
          "acoustic_entropy_side": 12.947265625,
          "hz": 18456.760127700032
        },
        {
          "acoustic_entropy": 12.907876014709473,
          "acoustic_entropy_side": 12.966262817382812,
          "hz": 20153.260054456492
        },
        {
          "acoustic_entropy": 12.996722221374512,
          "acoustic_entropy_side": 13.009344100952148,
          "hz": 22000.00000000001
        }
      ],
      "diff_acoustic_entropy": 12.456605911254883,
      "sn": 12
    },
    {
      "acoustic_entropy": 19.00444793701172,
      "acoustic_entropy_mono": 18.654943466186523,
      "band_eliminated_acoustic_entropies": [
        {
          "acoustic_entropy": 18.65315818786621,
          "acoustic_entropy_side": 19.007877349853516,
          "hz": 129.47220167065723
        },
        {
          "acoustic_entropy": 19.758283615112305,
          "acoustic_entropy_side": 19.023725509643555,
          "hz": 202.92927478742237
        },
        {
          "acoustic_entropy": 19.33925437927246,
          "acoustic_entropy_side": 19.205364227294922,
          "hz": 282.89161906338205
        },
        {
          "acoustic_entropy": 18.66797637939453,
          "acoustic_entropy_side": 19.09699058532715,
          "hz": 369.9353335868758
        },
        {
          "acoustic_entropy": 19.152587890625,
          "acoustic_entropy_side": 18.658540725708008,
          "hz": 464.6875360973435
        },
        {
          "acoustic_entropy": 18.89449691772461,
          "acoustic_entropy_side": 19.79620361328125,
          "hz": 567.8308811364784
        },
        {
          "acoustic_entropy": 19.626970291137695,
          "acoustic_entropy_side": 19.001028060913086,
          "hz": 680.1084783214808
        },
        {
          "acoustic_entropy": 18.97496795654297,
          "acoustic_entropy_side": 19.426015853881836,
          "hz": 802.3292461747484
        },
        {
          "acoustic_entropy": 19.718658447265625,
          "acoustic_entropy_side": 19.805566787719727,
          "hz": 935.3737400823702
        },
        {
          "acoustic_entropy": 19.122547149658203,
          "acoustic_entropy_side": 19.214181900024414,
          "hz": 1080.2004963696966
        },
        {
          "acoustic_entropy": 17.86834144592285,
          "acoustic_entropy_side": 18.906343460083008,
          "hz": 1237.8529382007157
        },
        {
          "acoustic_entropy": 19.216970443725586,
          "acoustic_entropy_side": 19.196290969848633,
          "hz": 1409.4668930556702
        },
        {
          "acoustic_entropy": 18.541746139526367,
          "acoustic_entropy_side": 19.1578426361084,
          "hz": 1596.2787759475705
        },
        {
          "acoustic_entropy": 19.072898864746094,
          "acoustic_entropy_side": 18.994823455810547,
          "hz": 1799.6344973346393
        },
        {
          "acoustic_entropy": 19.415172576904297,
          "acoustic_entropy_side": 19.202838897705078,
          "hz": 2020.9991599069049
        },
        {
          "acoustic_entropy": 19.126733779907227,
          "acoustic_entropy_side": 18.983285903930664,
          "hz": 2261.9676141086993
        },
        {
          "acoustic_entropy": 19.459922790527344,
          "acoustic_entropy_side": 18.722885131835938,
          "hz": 2524.2759484456974
        },
        {
          "acoustic_entropy": 19.422821044921875,
          "acoustic_entropy_side": 18.876407623291016,
          "hz": 2809.813997359896
        },
        {
          "acoustic_entropy": 19.136642456054688,
          "acoustic_entropy_side": 18.86935043334961,
          "hz": 3120.6389567871424
