{
  "acoustic_entropy": 96.35444641113281,
  "bands": [
    {
      "high_freq": 148.1999969482422,
      "loudness": -51.19679641723633,
      "loudness_range": 23.514320373535156,
      "mid_mean": -50.86422348022461,
      "mid_to_side_loudness": -4.329771995544434,
      "mid_to_side_loudness_range": 18.727235794067383,
      "side_mean": -54.5579833984375
    },
    {
      "high_freq": 392.3793640136719,
      "loudness": -39.50217819213867,
      "loudness_range": 22.00727081298828,
      "low_freq": 148.1999969482422,
      "mid_mean": -37.35221862792969,
      "mid_to_side_loudness": -4.521124362945557,
      "mid_to_side_loudness_range": 9.024189949035645,
      "side_mean": -41.96726608276367
    },
    {
      "high_freq": 794.6976318359375,
      "loudness": -41.884483337402344,
      "loudness_range": 29.23329734802246,
      "low_freq": 392.3793640136719,
      "mid_mean": -40.115116119384766,
      "mid_to_side_loudness": -3.5693867206573486,
      "mid_to_side_loudness_range": 9.030981063842773,
      "side_mean": -43.923152923583984
    },
    {
      "high_freq": 1457.5709228515625,
      "loudness": -51.051578521728516,
      "loudness_range": 29.87430191040039,
      "low_freq": 794.6976318359375,
      "mid_mean": -50.67568588256836,
      "mid_to_side_loudness": -1.6939302682876587,
      "mid_to_side_loudness_range": 8.051218032836914,
      "side_mean": -52.21611022949219
    },
    {
      "high_freq": 2549.74365234375,
      "loudness": -56.33951950073242,
      "loudness_range": 31.83523941040039,
      "low_freq": 1457.5709228515625,
      "mid_mean": -56.80569076538086,
      "mid_to_side_loudness": -1.263853669166565,
      "mid_to_side_loudness_range": 7.066620826721191,
      "side_mean": -57.85783386230469
    },
    {
      "high_freq": 4349.24462890625,
      "loudness": -63.18330383300781,
      "loudness_range": 31.266738891601562,
      "low_freq": 2549.74365234375,
      "mid_mean": -64.81819152832031,
      "mid_to_side_loudness": -1.9766682386398315,
      "mid_to_side_loudness_range": 5.962623119354248,
      "side_mean": -65.58505249023438
    },
    {
      "high_freq": 7314.1640625,
      "loudness": -69.00839233398438,
      "loudness_range": 25.262054443359375,
      "low_freq": 4349.24462890625,
      "mid_mean": -68.53713989257812,
      "mid_to_side_loudness": -1.2487648725509644,
      "mid_to_side_loudness_range": 3.3225595951080322,
      "side_mean": -68.79215240478516
    },
    {
      "high_freq": 12199.2666015625,
      "loudness": -82.04917907714844,
      "loudness_range": 16.190399169921875,
      "low_freq": 7314.1640625,
      "mid_mean": -69.89788055419922,
      "mid_to_side_loudness": -0.8098096251487732,
      "mid_to_side_loudness_range": 1.2990409135818481,
      "side_mean": -69.91777038574219
    },
    {
      "loudness": 0,
      "loudness_range": 0,
      "low_freq": 12199.2666015625,
      "mid_mean": -69.97441864013672,
      "mid_to_side_loudness": -2.4982998371124268,
      "mid_to_side_loudness_range": 1.2998850345611572,
      "side_mean": -69.98560333251953
    }
  ],
  "bands_short": [
    {
      "high_freq": 148.1999969482422,
      "loudness": -57.821617126464844,
      "loudness_range": 26.284774780273438,
      "mid_mean": -54.806739807128906,
      "mid_to_side_loudness": -7.66652774810791,
      "mid_to_side_loudness_range": 16.37857437133789,
      "side_mean": -61.2171630859375
    },
    {
      "high_freq": 392.3793640136719,
      "loudness": -39.907310485839844,
      "loudness_range": 21.397050857543945,
      "low_freq": 148.1999969482422,
      "mid_mean": -37.96889114379883,
      "mid_to_side_loudness": -3.911099433898926,
      "mid_to_side_loudness_range": 9.925491333007812,
      "side_mean": -41.95589065551758
    },
    {
      "high_freq": 794.6976318359375,
      "loudness": -41.76981735229492,
      "loudness_range": 29.24273681640625,
      "low_freq": 392.3793640136719,
      "mid_mean": -39.84182357788086,
      "mid_to_side_loudness": -3.79738187789917,
      "mid_to_side_loudness_range": 9.710447311401367,
      "side_mean": -43.89883804321289
    },
    {
      "high_freq": 1457.5709228515625,
      "loudness": -51.3597297668457,
      "loudness_range": 29.897911071777344,
      "low_freq": 794.6976318359375,
      "mid_mean": -51.175079345703125,
      "mid_to_side_loudness": -1.5392967462539673,
      "mid_to_side_loudness_range": 9.206060409545898,
      "side_mean": -52.588523864746094
    },
    {
      "high_freq": 2549.74365234375,
      "loudness": -57.08964157104492,
      "loudness_range": 31.541370391845703,
      "low_freq": 1457.5709228515625,
      "mid_mean": -57.57261276245117,
      "mid_to_side_loudness": -1.3089221715927124,
      "mid_to_side_loudness_range": 8.624568939208984,
      "side_mean": -58.62957763671875
    },
    {
      "high_freq": 4349.24462890625,
      "loudness": -63.400211334228516,
      "loudness_range": 31.29071807861328,
      "low_freq": 2549.74365234375,
      "mid_mean": -64.6916732788086,
      "mid_to_side_loudness": -2.051891803741455,
      "mid_to_side_loudness_range": 7.8062591552734375,
      "side_mean": -65.43240356445312
    },
    {
      "high_freq": 7314.1640625,
      "loudness": -69.65662384033203,
      "loudness_range": 26.401615142822266,
      "low_freq": 4349.24462890625,
      "mid_mean": -68.74910736083984,
      "mid_to_side_loudness": -1.1657954454421997,
      "mid_to_side_loudness_range": 4.117753028869629,
      "side_mean": -68.96781158447266
    },
    {
      "high_freq": 12199.2666015625,
      "loudness": -81.25586700439453,
      "loudness_range": 16.73224639892578,
      "low_freq": 7314.1640625,
      "mid_mean": -69.90491485595703,
      "mid_to_side_loudness": -0.7373006343841553,
      "mid_to_side_loudness_range": 2.1778266429901123,
      "side_mean": -69.92337799072266
    },
    {
      "loudness": 0,
      "loudness_range": 0,
      "low_freq": 12199.2666015625,
      "mid_mean": -69.97417449951172,
      "mid_to_side_loudness": -2.492058753967285,
      "mid_to_side_loudness_range": 3.32260799407959,
      "side_mean": -69.98541259765625
    }
  ],
  "bandwidth": 540.7915649414062,
  "channels": 2,
  "covariance": [
    [
      73.99308776855469,
      63.82814407348633,
      39.12279510498047,
      42.42558670043945,
      42.71876525878906,
      42.27765655517578,
      47.682491302490234,
      47.69977951049805,
      46.43830490112305,
      43.427242279052734,
      27.886280059814453,
      24.29408073425293,
      10.513884544372559,
      9.162590026855469,
      0.7026576995849609,
      0.5534269213676453,
      0.020068679004907608,
      0.009129485115408897
    ],
    [
      63.82814407348633,
      87.8543701171875,
      44.005836486816406,
      43.310325622558594,
      54.96198272705078,
      53.06156539916992,
      57.178462982177734,
      55.059913635253906,
      56.8176383972168,
      51.19036102294922,
      35.19470977783203,
      31.59632682800293,
      13.363478660583496,
      11.775731086730957,
      0.8739792108535767,
      0.6938738226890564,
      0.024577155709266663,
      0.01148733776062727
    ],
    [
      39.12279510498047,
      44.005836486816406,
      60.68468475341797,
      54.24049758911133,
      64.99040222167969,
      66.63285827636719,
      68.7279281616211,
      65.8050537109375,
      70.12201690673828,
      65.66825103759766,
      43.638668060302734,
      38.96244812011719,
      16.42558479309082,
      13.940512657165527,
      0.9807786345481873,
      0.7886781692504883,
      0.0261001605540514,
      0.014571684412658215
    ],
    [
      42.42558670043945,
      43.310325622558594,
      54.24049758911133,
      59.24384689331055,
      62.477996826171875,
      63.84019088745117,
      65.247314453125,
      63.451236724853516,
      65.49958038330078,
      60.916099548339844,
      40.38243103027344,
      36.10207748413086,
      15.111891746520996,
      12.814179420471191,
      0.8897870779037476,
      0.727451503276825,
      0.023915458470582962,
      0.01341952383518219
    ],
    [
      42.71876525878906,
      54.96198272705078,
      64.99040222167969,
      62.477996826171875,
      101.70960235595703,
      90.60415649414062,
      93.53126525878906,
      86.55843353271484,
      95.08146667480469,
      89.63353729248047,
      62.33632278442383,
      55.80885314941406,
      22.820388793945312,
      19.380125045776367,
      1.363221526145935,
      1.1170217990875244,
      0.03654051572084427,
      0.020284079015254974
    ],
    [
      42.27765655517578,
      53.06156539916992,
      66.63285827636719,
      63.84019088745117,
      90.60415649414062,
      93.66966247558594,
      90.75433349609375,
      86.12919616699219,
      92.19648742675781,
      87.412353515625,
      59.6561164855957,
      54.065338134765625,
      21.374469757080078,
      18.037017822265625,
      1.2145169973373413,
      0.9716256260871887,
      0.032970089465379715,
      0.018670445308089256
    ],
    [
      47.682491302490234,
      57.178462982177734,
      68.7279281616211,
      65.247314453125,
      93.53126525878906,
      90.75433349609375,
      111.73262023925781,
      101.16045379638672,
      104.5364761352539,
      98.22042846679688,
      65.354736328125,
      58.04244613647461,
      24.304729461669922,
      20.647811889648438,
      1.4543359279632568,
      1.209832787513733,
      0.0375780314207077,
      0.019718574360013008
    ],
    [
      47.69977951049805,
      55.059913635253906,
      65.8050537109375,
      63.451236724853516,
      86.55843353271484,
      86.12919616699219,
      101.16045379638672,
      96.939453125,
      98.34741973876953,
      92.35153198242188,
      61.849754333496094,
      55.159454345703125,
      22.551759719848633,
      19.173145294189453,
      1.338248610496521,
      1.0943411588668823,
      0.03449629247188568,
      0.01810600981116295
    ],
    [
      46.43830490112305,
      56.8176383972168,
      70.12201690673828,
      65.49958038330078,
      95.08146667480469,
      92.19648742675781,
      104.5364761352539,
      98.34741973876953,
      109.6303939819336,
      102.60798645019531,
      72.711669921875,
      64.921142578125,
      27.18564224243164,
      23.018037796020508,
      1.6154710054397583,
      1.2973140478134155,
      0.040505990386009216,
      0.021628711372613907
    ],
    [
      43.427242279052734,
      51.19036102294922,
      65.66825103759766,
      60.916099548339844,
      89.63353729248047,
      87.412353515625,
      98.22042846679688,
      92.35153198242188,
      102.60798645019531,
      99.80146789550781,
      70.05699920654297,
      62.090660095214844,
      26.034221649169922,
      21.90949058532715,
      1.5280226469039917,
      1.2187732458114624,
      0.038199227303266525,
      0.0204541627317667
    ],
    [
      27.886280059814453,
      35.19470977783203,
      43.638668060302734,
      40.38243103027344,
      62.33632278442383,
      59.6561164855957,
      65.354736328125,
      61.849754333496094,
      72.711669921875,
      70.05699920654297,
      59.73815155029297,
      53.91298294067383,
      24.628368377685547,
      20.95762062072754,
      1.5224316120147705,
      1.2123953104019165,
      0.03225051984190941,
      0.01743105985224247
    ],
    [
      24.29408073425293,
      31.59632682800293,
      38.96244812011719,
      36.10207748413086,
      55.80885314941406,
      54.065338134765625,
      58.04244613647461,
      55.159454345703125,
      64.921142578125,
      62.090660095214844,
      53.91298294067383,
      50.540122985839844,
      22.84899139404297,
      19.641326904296875,
      1.4444634914398193,
      1.1601191759109497,
      0.02998163551092148,
      0.01632077433168888
    ],
    [
      10.513884544372559,
      13.363478660583496,
      16.42558479309082,
      15.111891746520996,
      22.820388793945312,
      21.374469757080078,
      24.304729461669922,
      22.551759719848633,
      27.18564224243164,
      26.034221649169922,
      24.628368377685547,
      22.84899139404297,
      13.927865028381348,
      11.781557083129883,
      0.9870748519897461,
      0.7877478003501892,
      0.017167052254080772,
      0.009150897152721882
    ],
    [
      9.162590026855469,
      11.775731086730957,
      13.940512657165527,
      12.814179420471191,
      19.380125045776367,
      18.037017822265625,
      20.647811889648438,
      19.173145294189453,
      23.018037796020508,
      21.90949058532715,
      20.95762062072754,
      19.641326904296875,
      11.781557083129883,
      10.31184196472168,
      0.8827974200248718,
      0.7136678695678711,
      0.01530484389513731,
      0.008161903358995914
    ],
    [
      0.7026576995849609,
      0.8739792108535767,
      0.9807786345481873,
      0.8897870779037476,
      1.363221526145935,
      1.2145169973373413,
      1.4543359279632568,
      1.338248610496521,
      1.6154710054397583,
      1.5280226469039917,
      1.5224316120147705,
      1.4444634914398193,
      0.9870748519897461,
      0.8827974200248718,
      0.12337193638086319,
      0.096953846514225,
      0.001772047602571547,
      0.0009107619407586753
    ],
    [
      0.5534269213676453,
      0.6938738226890564,
      0.7886781692504883,
      0.727451503276825,
      1.1170217990875244,
      0.9716256260871887,
      1.209832787513733,
      1.0943411588668823,
      1.2973140478134155,
      1.2187732458114624,
      1.2123953104019165,
      1.1601191759109497,
      0.7877478003501892,
      0.7136678695678711,
      0.096953846514225,
      0.08748974651098251,
      0.0013734421227127314,
      0.000709611747879535
    ],
    [
      0.020068679004907608,
      0.024577155709266663,
      0.0261001605540514,
      0.023915458470582962,
      0.03654051572084427,
      0.032970089465379715,
      0.0375780314207077,
      0.03449629247188568,
      0.040505990386009216,
      0.038199227303266525,
      0.03225051984190941,
      0.02998163551092148,
      0.017167052254080772,
      0.01530484389513731,
      0.001772047602571547,
      0.0013734421227127314,
      4.354982957011089e-05,
      2.13974344660528e-05
    ],
    [
      0.009129485115408897,
      0.01148733776062727,
      0.014571684412658215,
      0.01341952383518219,
      0.020284079015254974,
      0.018670445308089256,
      0.019718574360013008,
      0.01810600981116295,
      0.021628711372613907,
      0.0204541627317667,
      0.01743105985224247,
      0.01632077433168888,
      0.009150897152721882,
      0.008161903358995914,
      0.0009107619407586753,
      0.000709611747879535,
      2.13974344660528e-05,
      1.2598998182511423e-05
    ]
  ],
  "covariance_short": [
    [
      69.97610473632812,
      42.63201904296875,
      29.76123809814453,
      32.706932067871094,
      30.644859313964844,
      29.73549461364746,
      35.78013229370117,
      36.199066162109375,
      32.52518844604492,
      31.023700714111328,
      17.072011947631836,
      15.348708152770996,
      6.136580944061279,
      5.496419906616211,
      0.4803096055984497,
      0.3744904398918152,
      0.014944970607757568,
      0.00659022806212306
    ],
    [
      42.63201904296875,
      41.25461959838867,
      26.267410278320312,
      27.728370666503906,
      29.91855239868164,
      29.61948585510254,
      31.400184631347656,
      31.78495979309082,
      30.558927536010742,
      29.429672241210938,
      17.84528350830078,
      15.825495719909668,
      6.775193691253662,
      5.833170413970947,
      0.45926859974861145,
      0.3442782461643219,
      0.012874346226453781,
      0.0059057739563286304
    ],
    [
      29.76123809814453,
      26.267410278320312,
      59.483245849609375,
      51.61647415161133,
      64.6229248046875,
      64.70292663574219,
      66.45006561279297,
      63.55905532836914,
      66.7114486694336,
      62.06779098510742,
      42.9254150390625,
      39.130653381347656,
      14.650440216064453,
      12.480732917785645,
      0.9231793284416199,
      0.7515836358070374,
      0.025302104651927948,
      0.014202258549630642
    ],
    [
      32.706932067871094,
      27.728370666503906,
      51.61647415161133,
      58.049015045166016,
      62.196067810058594,
      62.31911087036133,
      63.68471908569336,
      61.42289733886719,
      62.70600891113281,
      57.80290603637695,
      39.80979537963867,
      35.895057678222656,
      13.213255882263184,
      11.306696891784668,
      0.8127269148826599,
      0.6707399487495422,
      0.02288852073252201,
      0.01289336383342743
    ],
    [
      30.644859313964844,
      29.91855239868164,
      64.6229248046875,
      62.196067810058594,
      99.76335906982422,
      88.63915252685547,
      91.23564910888672,
      84.33838653564453,
      92.30818939208984,
      86.6171875,
      63.19705581665039,
      57.63335418701172,
      20.270170211791992,
      17.306442260742188,
      1.2983479499816895,
      1.0605792999267578,
      0.03856956213712692,
      0.021462906152009964
    ],
    [
      29.73549461364746,
      29.61948585510254,
      64.70292663574219,
      62.31911087036133,
      88.63915252685547,
      92.6748046875,
      88.57878112792969,
      83.66657257080078,
      89.3745346069336,
      84.43598175048828,
      60.206443786621094,
      54.69124984741211,
      19.159564971923828,
      16.211706161499023,
      1.1592527627944946,
      0.9261550307273865,
      0.03397888317704201,
      0.01922837644815445
    ],
    [
      35.78013229370117,
      31.400184631347656,
      66.45006561279297,
      63.68471908569336,
      91.23564910888672,
      88.57878112792969,
      112.45562744140625,
      100.47882843017578,
      102.2144546508789,
      95.91603088378906,
      66.81542205810547,
      60.34005355834961,
      21.68309211730957,
      18.408737182617188,
      1.4163628816604614,
      1.1712632179260254,
      0.04024053364992142,
      0.02101813815534115
    ],
    [
      36.199066162109375,
      31.78495979309082,
      63.55905532836914,
      61.42289733886719,
      84.33838653564453,
      83.66657257080078,
      100.47882843017578,
      97.22998809814453,
      95.73419189453125,
      89.87887573242188,
      62.3392448425293,
      56.22663879394531,
      20.180631637573242,
      17.16526985168457,
      1.2910981178283691,
      1.0527681112289429,
      0.03623603284358978,
      0.018965383991599083
    ],
    [
      32.52518844604492,
      30.558927536010742,
      66.7114486694336,
      62.70600891113281,
      92.30818939208984,
      89.3745346069336,
      102.2144546508789,
      95.73419189453125,
      106.31025695800781,
      98.37554931640625,
      72.10013580322266,
      65.1884765625,
      24.120805740356445,
      20.54880142211914,
      1.5761538743972778,
      1.262466311454773,
      0.043431587517261505,
      0.023224281147122383
    ],
    [
      31.023700714111328,
      29.429672241210938,
      62.06779098510742,
      57.80290603637695,
      86.6171875,
      84.43598175048828,
      95.91603088378906,
      89.87887573242188,
      98.37554931640625,
      96.62478637695312,
      68.84169006347656,
      62.06861877441406,
      23.09585952758789,
      19.5433292388916,
      1.492936372756958,
      1.181907057762146,
      0.040875621140003204,
      0.021919304504990578
    ],
    [
      17.072011947631836,
      17.84528350830078,
      42.9254150390625,
      39.80979537963867,
      63.19705581665039,
      60.206443786621094,
      66.81542205810547,
      62.3392448425293,
      72.10013580322266,
      68.84169006347656,
      59.83850860595703,
      54.24457550048828,
      21.991086959838867,
      18.796159744262695,
      1.5045976638793945,
      1.2007421255111694,
      0.035792168229818344,
      0.019403574988245964
    ],
    [
      15.348708152770996,
      15.825495719909668,
      39.130653381347656,
      35.895057678222656,
      57.63335418701172,
      54.69124984741211,
      60.34005355834961,
      56.22663879394531,
      65.1884765625,
      62.06861877441406,
      54.24457550048828,
      52.13398361206055,
      20.868144989013672,
      18.07420539855957,
      1.4647198915481567,
      1.1779875755310059,
      0.03441344574093819,
      0.01877119392156601
    ],
    [
      6.136580944061279,
      6.775193691253662,
      14.650440216064453,
      13.213255882263184,
      20.270170211791992,
      19.159564971923828,
      21.68309211730957,
      20.180631637573242,
      24.120805740356445,
      23.09585952758789,
      21.991086959838867,
      20.868144989013672,
      12.164484977722168,
      10.319223403930664,
      1.0028728246688843,
      0.7931968569755554,
      0.020881544798612595,
      0.011046968400478363
    ],
    [
      5.496419906616211,
      5.833170413970947,
      12.480732917785645,
      11.306696891784668,
      17.306442260742188,
      16.211706161499023,
      18.408737182617188,
      17.16526985168457,
      20.54880142211914,
      19.5433292388916,
      18.796159744262695,
      18.07420539855957,
      10.319223403930664,
      9.22789192199707,
      0.9137442111968994,
      0.7303096652030945,
      0.018476780503988266,
      0.009746283292770386
    ],
    [
      0.4803096055984497,
      0.45926859974861145,
      0.9231793284416199,
      0.8127269148826599,
      1.2983479499816895,
      1.1592527627944946,
      1.4163628816604614,
      1.2910981178283691,
      1.5761538743972778,
      1.492936372756958,
      1.5045976638793945,
      1.4647198915481567,
      1.0028728246688843,
      0.9137442111968994,
      0.175977885723114,
      0.13365031778812408,
      0.0032526664435863495,
      0.001686464762315154
    ],
    [
      0.3744904398918152,
      0.3442782461643219,
      0.7515836358070374,
      0.6707399487495422,
      1.0605792999267578,
      0.9261550307273865,
      1.1712632179260254,
      1.0527681112289429,
      1.262466311454773,
      1.181907057762146,
      1.2007421255111694,
      1.1779875755310059,
      0.7931968569755554,
      0.7303096652030945,
      0.13365031778812408,
      0.11951661109924316,
      0.0025118147023022175,
      0.0013061943463981152
    ],
    [
      0.014944970607757568,
      0.012874346226453781,
      0.025302104651927948,
      0.02288852073252201,
      0.03856956213712692,
      0.03397888317704201,
      0.04024053364992142,
      0.03623603284358978,
      0.043431587517261505,
      0.040875621140003204,
      0.035792168229818344,
      0.03441344574093819,
      0.020881544798612595,
      0.018476780503988266,
      0.0032526664435863495,
      0.0025118147023022175,
      0.0001351751561742276,
      5.992796286591329e-05
    ],
    [
      0.00659022806212306,
      0.0059057739563286304,
      0.014202258549630642,
      0.01289336383342743,
      0.021462906152009964,
      0.01922837644815445,
      0.02101813815534115,
      0.018965383991599083,
      0.023224281147122383,
      0.021919304504990578,
      0.019403574988245964,
      0.01877119392156601,
      0.011046968400478363,
      0.009746283292770386,
      0.001686464762315154,
      0.0013061943463981152,
      5.992796286591329e-05,
      4.015340891783126e-05
    ]
  ],
  "damage": -18.320327758789062,
  "diff_bandwidth": 562.5430908203125,
  "dissonance": 4.3943867217250165,
  "drr": 7.626640796661377,
  "dynamics": 7.129194259643555,
  "format": 1245190,
  "frames": 11656128,
  "loudness": -31.60195541381836,
  "loudness_range": 24.251176834106445,
  "loudness_range_short": 24.679349899291992,
  "lowpass_true_peak_15khz": -2.9738175868988037,
  "mastering3_acoustic_entropies": [
    {
      "acoustic_entropy": 4.669727802276611,
      "acoustic_entropy_mono": 4.3309431076049805,
      "band_eliminated_acoustic_entropies": [
        {
          "acoustic_entropy": 4.669600963592529,
          "acoustic_entropy_side": 4.669787883758545,
          "hz": 129.47220167065723
        },
        {
          "acoustic_entropy": 4.680884838104248,
          "acoustic_entropy_side": 4.67288875579834,
          "hz": 202.92927478742237
        },
        {
          "acoustic_entropy": 4.689945220947266,
          "acoustic_entropy_side": 4.759985446929932,
          "hz": 282.89161906338205
        },
        {
          "acoustic_entropy": 4.342338562011719,
          "acoustic_entropy_side": 4.509708404541016,
          "hz": 369.9353335868758
        },
        {
          "acoustic_entropy": 4.318517208099365,
          "acoustic_entropy_side": 4.700961112976074,
          "hz": 464.6875360973435
        },
        {
          "acoustic_entropy": 4.494958877563477,
          "acoustic_entropy_side": 4.912326335906982,
          "hz": 567.8308811364784
        },
        {
          "acoustic_entropy": 4.475021839141846,
          "acoustic_entropy_side": 4.83582878112793,
          "hz": 680.1084783214808
        },
        {
          "acoustic_entropy": 4.507411479949951,
          "acoustic_entropy_side": 4.641927719116211,
          "hz": 802.3292461747484
        },
        {
          "acoustic_entropy": 4.436339378356934,
          "acoustic_entropy_side": 4.705445766448975,
          "hz": 935.3737400823702
        },
        {
          "acoustic_entropy": 4.527480602264404,
          "acoustic_entropy_side": 4.579263210296631,
          "hz": 1080.2004963696966
        },
        {
          "acoustic_entropy": 4.6385273933410645,
          "acoustic_entropy_side": 4.6348676681518555,
          "hz": 1237.8529382007157
        },
        {
          "acoustic_entropy": 4.576542377471924,
          "acoustic_entropy_side": 4.644840717315674,
          "hz": 1409.4668930556702
        },
        {
          "acoustic_entropy": 4.5730366706848145,
          "acoustic_entropy_side": 4.619348526000977,
          "hz": 1596.2787759475705
        },
        {
          "acoustic_entropy": 4.589122772216797,
          "acoustic_entropy_side": 4.648508548736572,
          "hz": 1799.6344973346393
        },
        {
          "acoustic_entropy": 4.633772850036621,
          "acoustic_entropy_side": 4.679230690002441,
          "hz": 2020.9991599069049
        },
        {
          "acoustic_entropy": 4.645874500274658,
          "acoustic_entropy_side": 4.662355899810791,
          "hz": 2261.9676141086993
        },
        {
          "acoustic_entropy": 4.683823585510254,
          "acoustic_entropy_side": 4.662622928619385,
          "hz": 2524.2759484456974
        },
        {
          "acoustic_entropy": 4.643194198608398,
          "acoustic_entropy_side": 4.658863067626953,
          "hz": 2809.813997359896
        },
        {
          "acoustic_entropy": 4.65512228012085,
          "acoustic_entropy_side": 4.657822132110596,
          "hz": 3120.6389567871424
        },
        {
          "acoustic_entropy": 4.669571399688721,
          "acoustic_entropy_side": 4.6660284996032715,
          "hz": 3458.990205492291
        },
        {
          "acoustic_entropy": 4.665578842163086,
          "acoustic_entropy_side": 4.667527198791504,
          "hz": 3827.305438964164
        },
        {
          "acoustic_entropy": 4.668124675750732,
          "acoustic_entropy_side": 4.669527053833008,
          "hz": 4228.238232109126
        },
        {
          "acoustic_entropy": 4.669366836547852,
          "acoustic_entropy_side": 4.6696343421936035,
          "hz": 4664.6771572759235
        },
        {
          "acoustic_entropy": 4.6701788902282715,
          "acoustic_entropy_side": 4.669726848602295,
          "hz": 5139.766595350093
        },
        {
          "acoustic_entropy": 4.669809818267822,
          "acoustic_entropy_side": 4.669747352600098,
          "hz": 5656.929389854203
        },
        {
          "acoustic_entropy": 4.669715881347656,
          "acoustic_entropy_side": 4.669722557067871,
          "hz": 6219.891507268283
        },
        {
          "acoustic_entropy": 4.6697235107421875,
          "acoustic_entropy_side": 4.6697258949279785,
          "hz": 6832.70888123896
        },
        {
          "acoustic_entropy": 4.669728755950928,
          "acoustic_entropy_side": 4.669726848602295,
          "hz": 7499.796634079867
        },
        {
          "acoustic_entropy": 4.669727802276611,
          "acoustic_entropy_side": 4.669727325439453,
          "hz": 8225.96088609342
        },
        {
          "acoustic_entropy": 4.669726848602295,
          "acoustic_entropy_side": 4.669726848602295,
          "hz": 9016.43338188839
        },
        {
          "acoustic_entropy": 4.669727802276611,
          "acoustic_entropy_side": 4.669727802276611,
          "hz": 9876.909183162974
        },
        {
          "acoustic_entropy": 4.669727802276611,
          "acoustic_entropy_side": 4.669727802276611,
          "hz": 10813.587699516042
        },
        {
          "acoustic_entropy": 4.669727802276611,
          "acoustic_entropy_side": 4.669727802276611,
          "hz": 11833.21735289826
        },
        {
          "acoustic_entropy": 4.669727802276611,
          "acoustic_entropy_side": 4.669727802276611,
          "hz": 12943.144197493959
        },
        {
          "acoustic_entropy": 4.669727802276611,
          "acoustic_entropy_side": 4.669727802276611,
          "hz": 14151.364845322005
        },
        {
          "acoustic_entropy": 4.669727802276611,
          "acoustic_entropy_side": 4.669727802276611,
          "hz": 15466.58407886509
        },
        {
          "acoustic_entropy": 4.669727802276611,
          "acoustic_entropy_side": 4.669727802276611,
          "hz": 16898.27756580493
        },
        {
          "acoustic_entropy": 4.669727802276611,
          "acoustic_entropy_side": 4.669727802276611,
          "hz": 18456.760127700032
        },
        {
          "acoustic_entropy": 4.669727802276611,
          "acoustic_entropy_side": 4.669727802276611,
          "hz": 20153.260054456492
        },
        {
          "acoustic_entropy": 4.669727802276611,
          "acoustic_entropy_side": 4.669727802276611,
          "hz": 22000.00000000001
        }
      ],
      "diff_acoustic_entropy": 2.630889654159546,
      "sn": 6
    },
    {
      "acoustic_entropy": 7.0305962562561035,
      "acoustic_entropy_mono": 6.611302375793457,
      "band_eliminated_acoustic_entropies": [
        {
          "acoustic_entropy": 7.0116167068481445,
          "acoustic_entropy_side": 7.030765533447266,
          "hz": 129.47220167065723
        },
        {
          "acoustic_entropy": 6.686654090881348,
          "acoustic_entropy_side": 6.664956569671631,
          "hz": 202.92927478742237
        },
        {
          "acoustic_entropy": 6.914713382720947,
          "acoustic_entropy_side": 6.8674821853637695,
          "hz": 282.89161906338205
        },
        {
          "acoustic_entropy": 6.677798748016357,
          "acoustic_entropy_side": 6.782949447631836,
          "hz": 369.9353335868758
        },
        {
          "acoustic_entropy": 6.5294694900512695,
          "acoustic_entropy_side": 6.985900402069092,
          "hz": 464.6875360973435
        },
        {
          "acoustic_entropy": 6.356688976287842,
          "acoustic_entropy_side": 7.004817962646484,
          "hz": 567.8308811364784
        },
        {
          "acoustic_entropy": 7.007316589355469,
          "acoustic_entropy_side": 7.4579668045043945,
          "hz": 680.1084783214808
        },
        {
          "acoustic_entropy": 6.605316638946533,
          "acoustic_entropy_side": 6.457539081573486,
          "hz": 802.3292461747484
        },
        {
          "acoustic_entropy": 6.570868492126465,
          "acoustic_entropy_side": 6.981476783752441,
          "hz": 935.3737400823702
        },
        {
          "acoustic_entropy": 6.634517192840576,
          "acoustic_entropy_side": 6.70830774307251,
          "hz": 1080.2004963696966
        },
        {
          "acoustic_entropy": 7.04788875579834,
          "acoustic_entropy_side": 6.996173858642578,
          "hz": 1237.8529382007157
        },
        {
          "acoustic_entropy": 6.852774143218994,
          "acoustic_entropy_side": 7.014072895050049,
          "hz": 1409.4668930556702
        },
        {
          "acoustic_entropy": 6.936814308166504,
          "acoustic_entropy_side": 7.035650253295898,
          "hz": 1596.2787759475705
        },
        {
          "acoustic_entropy": 6.954611778259277,
          "acoustic_entropy_side": 7.002229690551758,
          "hz": 1799.6344973346393
        },
        {
          "acoustic_entropy": 7.014495372772217,
          "acoustic_entropy_side": 7.0570244789123535,
          "hz": 2020.9991599069049
        },
        {
          "acoustic_entropy": 7.013958930969238,
          "acoustic_entropy_side": 7.047857761383057,
          "hz": 2261.9676141086993
        },
        {
          "acoustic_entropy": 7.03386926651001,
          "acoustic_entropy_side": 7.041382789611816,
          "hz": 2524.2759484456974
        },
        {
          "acoustic_entropy": 7.073252201080322,
          "acoustic_entropy_side": 7.066196918487549,
          "hz": 2809.813997359896
        },
        {
          "acoustic_entropy": 6.9638590812683105,
          "acoustic_entropy_side": 6.97012996673584,
          "hz": 3120.6389567871424
        },
        {
          "acoustic_entropy": 7.0240960121154785,
          "acoustic_entropy_side": 7.015519618988037,
          "hz": 3458.990205492291
        },
        {
          "acoustic_entropy": 7.012954235076904,
          "acoustic_entropy_side": 7.020490646362305,
          "hz": 3827.305438964164
        },
        {
          "acoustic_entropy": 7.033626556396484,
          "acoustic_entropy_side": 7.028568744659424,
          "hz": 4228.238232109126
        },
        {
          "acoustic_entropy": 7.030848503112793,
          "acoustic_entropy_side": 7.030114650726318,
          "hz": 4664.6771572759235
        },
        {
          "acoustic_entropy": 7.031154632568359,
          "acoustic_entropy_side": 7.031289577484131,
          "hz": 5139.766595350093
        },
        {
          "acoustic_entropy": 7.037876605987549,
          "acoustic_entropy_side": 7.032885551452637,
          "hz": 5656.929389854203
        },
        {
          "acoustic_entropy": 7.032583236694336,
          "acoustic_entropy_side": 7.031306266784668,
          "hz": 6219.891507268283
        },
        {
          "acoustic_entropy": 7.030849933624268,
          "acoustic_entropy_side": 7.030697345733643,
          "hz": 6832.70888123896
        },
        {
          "acoustic_entropy": 7.030661582946777,
          "acoustic_entropy_side": 7.030627727508545,
          "hz": 7499.796634079867
        },
        {
          "acoustic_entropy": 7.030609130859375,
          "acoustic_entropy_side": 7.03060245513916,
          "hz": 8225.96088609342
        },
        {
          "acoustic_entropy": 7.030601501464844,
          "acoustic_entropy_side": 7.0305986404418945,
          "hz": 9016.43338188839
        },
        {
          "acoustic_entropy": 7.03059720993042,
          "acoustic_entropy_side": 7.0305962562561035,
          "hz": 9876.909183162974
        },
        {
          "acoustic_entropy": 7.0305962562561035,
          "acoustic_entropy_side": 7.0305962562561035,
          "hz": 10813.587699516042
        },
        {
          "acoustic_entropy": 7.0305962562561035,
          "acoustic_entropy_side": 7.0305962562561035,
          "hz": 11833.21735289826
        },
        {
          "acoustic_entropy": 7.0305962562561035,
          "acoustic_entropy_side": 7.0305962562561035,
          "hz": 12943.144197493959
        },
        {
          "acoustic_entropy": 7.0305962562561035,
          "acoustic_entropy_side": 7.0305962562561035,
          "hz": 14151.364845322005
        },
        {
          "acoustic_entropy": 7.0305962562561035,
          "acoustic_entropy_side": 7.0305962562561035,
          "hz": 15466.58407886509
        },
        {
          "acoustic_entropy": 7.0305962562561035,
          "acoustic_entropy_side": 7.0305962562561035,
          "hz": 16898.27756580493
        },
        {
          "acoustic_entropy": 7.0305962562561035,
          "acoustic_entropy_side": 7.0305962562561035,
          "hz": 18456.760127700032
        },
        {
          "acoustic_entropy": 7.0305962562561035,
          "acoustic_entropy_side": 7.0305962562561035,
          "hz": 20153.260054456492
        },
        {
          "acoustic_entropy": 7.0305962562561035,
          "acoustic_entropy_side": 7.0305962562561035,
          "hz": 22000.00000000001
        }
      ],
      "diff_acoustic_entropy": 3.61673903465271,
      "sn": 12
    },
    {
      "acoustic_entropy": 10.679715156555176,
      "acoustic_entropy_mono": 10.497430801391602,
      "band_eliminated_acoustic_entropies": [
        {
          "acoustic_entropy": 10.72970199584961,
          "acoustic_entropy_side": 10.636329650878906,
          "hz": 129.47220167065723
        },
        {
          "acoustic_entropy": 10.38919448852539,
          "acoustic_entropy_side": 10.779691696166992,
          "hz": 202.92927478742237
        },
        {
          "acoustic_entropy": 10.995433807373047,
          "acoustic_entropy_side": 11.465011596679688,
          "hz": 282.89161906338205
        },
        {
          "acoustic_entropy": 11.361705780029297,
          "acoustic_entropy_side": 10.740226745605469,
          "hz": 369.9353335868758
        },
        {
          "acoustic_entropy": 10.452320098876953,
          "acoustic_entropy_side": 11.524641990661621,
          "hz": 464.6875360973435
        },
        {
          "acoustic_entropy": 11.331289291381836,
          "acoustic_entropy_side": 11.601668357849121,
          "hz": 567.8308811364784
        },
        {
          "acoustic_entropy": 10.829102516174316,
          "acoustic_entropy_side": 11.265013694763184,
          "hz": 680.1084783214808
        },
        {
          "acoustic_entropy": 12.314425468444824,
          "acoustic_entropy_side": 12.022112846374512,
          "hz": 802.3292461747484
        },
        {
          "acoustic_entropy": 10.994489669799805,
          "acoustic_entropy_side": 11.219803810119629,
          "hz": 935.3737400823702
        },
        {
          "acoustic_entropy": 11.253205299377441,
          "acoustic_entropy_side": 11.14124870300293,
          "hz": 1080.2004963696966
        },
        {
          "acoustic_entropy": 10.921037673950195,
          "acoustic_entropy_side": 10.870922088623047,
          "hz": 1237.8529382007157
        },
        {
          "acoustic_entropy": 10.527942657470703,
          "acoustic_entropy_side": 10.480623245239258,
          "hz": 1409.4668930556702
        },
        {
          "acoustic_entropy": 11.052490234375,
          "acoustic_entropy_side": 10.771869659423828,
          "hz": 1596.2787759475705
        },
        {
          "acoustic_entropy": 10.506961822509766,
          "acoustic_entropy_side": 10.53860855102539,
          "hz": 1799.6344973346393
        },
        {
          "acoustic_entropy": 10.773985862731934,
          "acoustic_entropy_side": 10.641303062438965,
          "hz": 2020.9991599069049
        },
        {
          "acoustic_entropy": 10.542033195495605,
          "acoustic_entropy_side": 10.703679084777832,
          "hz": 2261.9676141086993
        },
        {
          "acoustic_entropy": 10.510381698608398,
          "acoustic_entropy_side": 10.730358123779297,
          "hz": 2524.2759484456974
        },
        {
          "acoustic_entropy": 10.75390911102295,
